axis_00,axis_01,axis_02,axis_10,axis_11,axis_12,axis_20,axis_21,axis_22,location_x,location_y,location_z,dbh,dbh_approximation,score,reconstructed,number_clusters
-0.96763210093680263,-0.15939358457023958,-0.19565735977590967,0.16353718501030387,-0.98652397795616631,-0.0051019639794229465,-0.19220745655550273,-0.036934077968613359,0.98065904754357569,14.181378998349702,-1.9953422028542893,1.9771288378092118,,0.3582501968778716,0.3015873015873016,False,2
0.92248554907242131,-0.33127174138277976,-0.19819042639283552,0.37490344296828526,0.89119099642781385,0.25539384553376693,0.092020759631068788,-0.30989940504496061,0.94630573207061364,-8.461229779368054,19.178239694766088,-6.2540602120130302,,0.2661339294997,0.1,False,1
-0.84944614584033173,0.51410589781791216,-0.11889647238604398,-0.5247923589454212,-0.84660180343438729,0.088647427566419953,-0.05508380260572901,0.13769717589871652,0.98894148585242969,-18.076362776512461,-3.398499053947821,-3.411025906447652,,0.1010699333646094,0.5,False,1
0.34277133932038717,-0.8203536403091346,-0.45774197291930652,0.93438802114638697,0.24736439144546052,0.2563783996029223,-0.097091888840658502,-0.5155877836764251,0.85131803836462006,11.90809667888813,-0.014299469002843262,1.1196613377889433,,0.4897556834801541,0.4,False,1
-0.89029537417709737,0.44887207400954615,-0.076733355805866862,-0.45021426998831326,-0.89292052520543863,0.00021625386093396259,-0.068419718047880496,0.034738981579929301,0.99705162621653476,-5.0444725643454706,-8.0463662651106329,-0.14904017411323914,0.4553099832265742,0.2070381156735552,0.5454545454545454,True,4
-0.9757054229821458,-0.13807517595107741,-0.17010048015602705,0.11851857507822761,-0.9856441681228133,0.1202452544049602,-0.18426143091992536,0.097163880282572751,0.97806283307555208,-13.16552227707837,-4.1567957728413676,-2.4105291209240498,,0.06953448213616496,0.3018867924528302,False,3
-0.2929376914815579,0.95491966868551381,-0.048124165104499753,-0.9487959961248168,-0.28409904307668893,0.13810825992831549,0.11821026455842676,0.086117130005934781,0.98924727610065644,-17.751317766570335,7.2089830344511494,-5.6902335645272117,0.1003602135132604,0.1028970110662944,0.1111111111111111,True,6
0.63457736669581555,0.76923190907353522,-0.07479194970376328,-0.73841244421724805,0.63201748464037255,0.23516156432114213,0.22816359898659269,-0.094000899846449576,0.96907440525768918,0.71490584947285274,1.7387807306353795,-1.4221178508076338,,0.09377361683236665,0.2444444444444444,False,5
-0.47256593987843826,0.87866682920189032,-0.068014966934534252,-0.87986949784582025,-0.46600596030954528,0.093102694464356664,0.050110869353398979,0.10384145711745255,0.99333068640628019,-0.97288295175087225,14.834146846776942,-4.2140176948752162,,0.1336055000206707,0.2727272727272727,False,4
0.64516811725921608,-0.72233176316811532,-0.24898779968231904,0.76380045224801629,0.60158601050294824,0.23388702638854109,-0.019156451078588738,-0.34107344646804505,0.93984144114658241,7.2997526438975724,-4.464144289938929,1.2104851956439213,,0.09601624527187828,0.2352941176470588,False,5
-0.75675046169156113,-0.59047130412838167,-0.28048596708309081,0.60932535660057663,-0.79254233073153302,0.024479865240815829,-0.23675166004315251,-0.15238206259122744,0.9595459126416277,-31.253310396021391,24.806750755429462,-10.930978104629784,,0.4447886123550212,0.9230769230769231,False,3
0.89420890567186095,-0.41038385731279692,-0.17881700890632349,0.44064089474266777,0.87734278780879771,0.19001377465928468,0.07890522731426261,-0.24870609630034834,0.96535964425986209,-8.9459576635702973,9.7491092192769919,-4.6269654142530134,,0.1060241709918369,0.6351351351351351,True,5
0.98117340361531757,0.14582040823250164,-0.12663001453383954,-0.078131986415013843,0.89933205916863512,0.43022928776449743,0.17661864209866951,-0.41223568003559474,0.89379393562991527,-23.352999858486559,20.191279804431403,-8.8426569020445704,,0.3251281464887371,0.1176470588235294,False,1
0.87879651718671914,-0.37714778025323847,-0.29236318720137788,0.47223138278700177,0.77547338285154777,0.41909253584364015,0.068660050186183152,-0.50636013304646277,0.85958432580497834,-18.130584329592903,16.300863872770183,-7.3528776671494604,,0.09833821423577987,0.6666666666666666,False,1
0.82619379446787788,0.55813212762256692,-0.076761592598621572,-0.51725764199899238,0.80546905184793927,0.28924753812059267,0.22326743106958544,-0.19926900067669429,0.95417164053062242,0.50353771556484284,14.424135742439585,-3.8322222510538166,,0.1326083601767937,0.3333333333333333,False,1
-0.79022316078844035,-0.57663196874071465,-0.20746789819086281,0.56965658378819717,-0.81599529718697739,0.09819904029824629,-0.22591753517663726,-0.040586298118252845,0.973300580347494,-6.3617484616245568,17.982383470356179,-5.7206006778799825,,0.1515222841298896,0.3636363636363636,False,1
-0.14636748177381539,0.98908200163000404,0.017127589753837547,-0.97970073777856159,-0.14733321958563733,0.13593890834735842,0.13697819050977786,0.0031171233716812408,0.99056915905279008,-16.944487432457464,17.043119873542608,-7.2843404331945987,0.2519633730210446,0.1525136381184655,0.3529411764705883,True,3
0.15213885123616072,-0.95518974633092546,-0.25390218283583654,0.97650268992836653,0.10559761274629224,0.18786069505073949,-0.15263114527253036,-0.27651707485532473,0.9488108561806452,-3.718803752555274,-11.149475190803564,0.71231651205132607,0.2628181655099944,0.1443913247432108,0.2222222222222222,True,5
-0.98857324983789319,-0.046910410983914783,-0.14325621468636915,0.048156668392636139,-0.99882603541379555,-0.005242734866498705,-0.14284209811630655,-0.012081569470848864,0.9896717489576291,-7.7500613605653266,-4.8008868831467382,-1.4217498078811275,0.6603819916062659,0.2958304554188323,0.2686567164179104,True,3
-0.046837586915890073,0.99633765301324995,-0.071536855116415873,-0.98678426108101147,-0.035029178131089356,0.15820802369748482,0.15512273377780564,0.078001524776833947,0.98481099689117524,-7.8147113031980258,17.578889342486725,-5.868972538839289,,0.1057436669325163,0.3043478260869565,False,1
-0.95297930124282759,-0.2451462089273867,-0.17813979805552205,0.22895763759766732,-0.96757257740967628,0.10668508626087879,-0.19851662798976641,0.060882211633005182,0.97820473558363352,-5.2321251960307542,-12.958098617517143,0.79387575847979364,,0.1115954139944155,0.3548387096774194,True,5
-0.90512762841097827,0.4025861507576145,-0.13663223450301321,-0.4169985942440757,-0.90329036336629942,0.10088950316085415,-0.082801864022399793,0.14829332644372914,0.98547092328828778,-2.2755641234527824,10.497404966266098,-3.5690674825177529,,0.0699029570901873,0.2040816326530612,False,5
-0.74591123551855631,0.66527234846473249,-0.032080073182585087,-0.66592652954915454,-0.74582240100220154,0.017052958861425827,-0.012581175215348808,0.034082965415734995,0.99933981482710366,7.3776802730774458,-10.314458620098574,2.3977747013720476,,0.2401162077887791,0.2272727272727273,False,5
-0.83724482379992671,-0.46855690558061935,-0.2819140494068102,0.48421181677590852,-0.87480568147599724,0.015935374231269589,-0.25408664174805534,-0.12316430444747967,0.95930731916063505,-3.5793472085641924,13.948685321534688,-4.4880337289186798,,0.3749399548484634,0.2333333333333333,False,3
-0.67413612967734804,-0.65443600303613736,-0.34242370915830567,0.70323477113729582,-0.71045792122975082,-0.026653307963123485,-0.2258347522573127,-0.25877221661528332,0.93916750613556255,6.0265015028333204,2.4611398883614144,-0.48494164159177305,,0.1021506909751593,0.3,False,4
-0.86531825479991198,0.48086445270385297,-0.14139906660179666,-0.49733288321779767,-0.85880701333351872,0.12292484337770751,-0.062324322541908173,0.17669151642052727,0.98229109068784026,-10.985509896262855,10.039006178436624,-5.0279194198105852,,0.08138654567764908,0.3592233009708738,False,4
0.15236766022700207,-0.96271567114808121,-0.22352322618208789,0.97908252934607931,0.11617594915539121,0.167034575962966,-0.13483878094314267,-0.24429835317444096,0.9602795518962296,-6.0297122109308061,-3.4100441782139299,-1.4310517304208925,1.094172171301292,0.8575986353036897,0.8724173553719008,True,4
0.94357446002404943,0.29123642427726759,-0.15763433497976947,-0.21444743881121292,0.90008256592707503,0.37929364679815386,0.25234804215137829,-0.32408751856300028,0.91174982639649682,6.6798133824228829,17.430929421299528,-3.4230341709412908,,0.3463734374354339,0.4137931034482759,False,3
0.3477544283014356,-0.9168687501905769,-0.19600651142426825,0.93235666183594246,0.31612571648647825,0.17542971956327422,-0.098883328862250708,-0.24375443852344683,0.96478280507751568,-28.069107105167124,13.917527370560503,-8.4358060860948445,0.1925210054175148,0.1543094035478584,0.5555555555555556,True,5
-0.96489978159639089,0.23390785728110675,-0.11939650655441827,-0.23221370372086284,-0.97225858139402488,-0.0281077695649814,-0.12265890623789703,0.00060432428392152848,0.99244870271096775,-21.396264891331683,16.248048536851631,-7.8241968886178475,,0.2990479999922181,0.2142857142857143,False,1
0.29454162944475892,0.95558678843483369,0.0099558170346901176,-0.93816666393251469,0.2871577936403702,0.19334868046441836,0.18190255415953749,-0.06628945104914144,0.98107959385048948,-19.547594964766965,13.00513907614536,-6.9905573767089191,,0.217249658093562,0.5178571428571429,False,5
-0.93211854427874641,-0.29486956500901718,-0.21025451016105287,0.29941609473226211,-0.95406352399005634,0.01062047112684511,-0.20372781260042086,-0.053054046245957893,0.97758899674146271,6.9334582021989268,0.76166903726935087,-0.0094937178603997086,,0.07875335524433633,0.28,False,4
0.98581413802055462,0.089056679094402874,-0.14226522128569571,-0.015779189689270643,0.89304247163711858,0.4496956315387286,0.1670972843930788,-0.44107148146410752,0.88177913662521845,-11.144042964134387,-12.505568174801594,-0.32350269666223097,,0.4435037291564745,0.1,False,1
-0.054697795860018751,0.99170408033675661,-0.11632354951377866,-0.98650349104276946,-0.035665939544395231,0.15980864468746533,0.15433409632509834,0.12349476830961031,0.9802703856139241,-13.391955635544518,-2.8190019810531095,-2.7250001197043576,0.177934259351867,0.1731377734040741,0.496,True,4
0.60394919338857378,-0.71895534808072481,-0.3440182833388592,0.79614741181949722,0.52397028510642041,0.30266225231867372,-0.037345286963784793,-0.45668188905585122,0.88884587063785825,8.7612689560144208,11.112517438275974,-1.7949587199135384,,0.1315975003393802,0.5,False,5
0.26830215989284467,-0.91806874524120818,-0.29182825430048365,0.9585930749220517,0.22441640279015601,0.17531855255565915,-0.095463436499633361,-0.32678288995900584,0.94026574707458099,7.1162640939818642,-8.6868339452179661,2.0198216116268699,,0.192212528303782,0.2413793103448276,False,4
-0.34057193419010545,0.93966278288016247,-0.03232045964893783,-0.93422297587834358,-0.33432435172517,0.12431676952268322,0.10601032488876563,0.072533318643592457,0.99171605245832573,1.135727849743245,5.5594082924966264,-1.9929786009218267,,0.1291330400144647,0.1739130434782609,False,4
-0.96321362691088419,0.23553265740297336,-0.12939813070471323,-0.24644294199708075,-0.96618859854609362,0.075798867929267988,-0.1071698897685537,0.10489975851368163,0.98869138531230627,14.397585514397454,10.059981080444821,-0.54205553611146451,0.286127050199889,0.2618405122658473,0.6666666666666666,True,5
-0.73561793977821843,-0.64998874285379871,-0.19073772788776988,0.65756738253149849,-0.75282193184889823,0.029398577482039723,-0.16270028920418131,-0.10379678747741768,0.98120071483985605,-5.9182544307671856,11.683957690276332,-4.5132964396369974,,0.2380747424600478,0.4347826086956522,False,5
-0.3899798819693393,0.91476918507359795,-0.10541835560737922,-0.91542097338875805,-0.37276001899848243,0.15183678643934687,0.099599865156319883,0.15571546575736972,0.98276780603803193,-10.408140278554644,-1.0622409662446879,-2.6069936756282317,0.1863598664446609,0.1278643404684519,0.5261324041811847,True,4
0.26599823686547253,-0.93788413678010829,-0.22275161943449837,0.95559769697382069,0.22615518652722857,0.18890969574154781,-0.12679897287750325,-0.26311058052284025,0.956396802009576,4.9320269506545218,-5.0723643143263191,0.83157312012573048,,0.106375102531076,0.4838709677419355,False,8
0.42205097531638897,0.90600926394528258,-0.031940380082466774,-0.88353726868027771,0.41896348128489952,0.2093597291807387,0.2030637069677379,-0.060139961714033158,0.97731689636348518,-12.39914590724935,-7.6421108341676707,-1.5795220830605501,,0.2718088421234602,0.1538461538461539,False,2
-0.63612840422899797,0.77156158151467891,-0.00577747900357653,-0.77155120261992127,-0.63601597675161914,0.013871519471116645,0.0070281625495246802,0.013281688418713702,0.99988709446813351,-0.6891738672969181,25.043393900959824,-6.1245617604687128,,0.4105441663035487,0.125,False,3
-0.98222224766932364,-0.066727300927895986,-0.17546202863953045,0.058695812918486523,-0.99699385641449123,0.05057718673075845,-0.17830944374670515,0.03937915162415262,0.98318615973176815,10.514517717920906,1.3946472375537946,0.58077460005918791,,0.1807950453475088,0.2916666666666667,False,5
-0.89826931942461008,0.41766939699832406,-0.13661809759876081,-0.43206630259978768,-0.89615401034693065,0.10112714718047594,-0.080193141466067791,0.14986748997087204,0.98544852504412106,-9.341707407870711,14.056147070618451,-5.4689759378600673,0.1957136452655439,0.1689840202772961,0.4444444444444444,True,6
0.34064995318032076,0.93661264591595694,-0.081941203973064675,-0.91676749482625552,0.35023211262798837,0.19202819510198749,0.20855447688370546,0.0097066366186401853,0.97796258178793183,1.6490943293576663,-6.0959727171363252,0.48381389993811952,,0.07711120725709547,0.2857142857142857,False,4
0.85636467883185308,-0.47819863069212837,-0.19484764934017651,0.51326268759976679,0.82962688286454733,0.21972857972125689,0.056576942008943767,-0.28817582277600901,0.95590467349013863,5.7033423023207028,-3.4708965213091201,0.69090243364710424,,0.09896082299056498,0.2954545454545455,False,5
-0.84373483304452346,0.53673702265118195,-0.0049899922719691125,-0.53534967132097311,-0.84215474951108205,-0.064622807834787549,-0.038887799164465747,-0.051853123256659847,0.99789728563849345,-16.168284517262965,-10.580601265761311,-1.5826160196713925,,0.3816652629156044,0.1111111111111111,False,2
-0.42280911568828483,-0.8847272314046829,-0.19618913757365997,0.88002938990359791,-0.45252315760576406,0.14412170112932615,-0.21628852164826601,-0.11171623803867931,0.9699168817799253,-16.906301449087351,1.1698059952492454,-4.2053878440966583,,0.1020141377376875,0.4897959183673469,False,2
-0.79048400764059401,-0.58913965965294279,-0.1674798348711849,0.57126248115976574,-0.80780345937093967,0.14530226649137265,-0.22089411781134544,0.019184171922620868,0.97510909967243642,-5.3396075698931913,5.8335987388458959,-3.2729265358644839,0.1676279679891657,0.1073110775939439,0.6636851520572451,True,4
0.88185901789588539,-0.43715993244914181,-0.17668012343432166,0.46732420286455556,0.86018196277755177,0.20419373234545379,0.06271173712083819,-0.26263698211261277,0.96285463786288472,-7.8652110447878414,-10.781270089948425,-0.041929439851168697,0.1782051800602939,0.1481997940815452,0.711864406779661,True,5
-0.92647958721374413,0.3689856866277757,-0.074061714401428391,-0.36942930315868433,-0.92922335803889322,-0.0081203967028098678,-0.071816185111289038,0.019837185756826047,0.99722059827167109,5.8046024802753751,13.611302706554364,-2.8303721931313954,,0.248608000437575,0.3333333333333333,False,3
0.65239710282940089,-0.6644743565035498,-0.36448847686723584,0.75769342040910925,0.5612611565050406,0.33299638867016113,-0.016694337020345756,-0.49341639995830872,0.86963300038788405,-20.017531249928403,-6.5452243716462482,-3.0457460812971262,,0.2633604999587439,0.1111111111111111,False,3
0.82284540123487226,0.55036143523203207,-0.14151938480632717,-0.51456649158641776,0.82729089609687811,0.22541317390887031,0.24113641658419871,-0.11265906019741034,0.96393006216860422,4.208246340009417,11.676353941559867,-2.6774851360730687,0.1248434964951957,0.1411266123539445,0.4375,True,5
-0.93355942025316885,-0.28575653517939831,-0.21635621428291069,0.28914083514501571,-0.95714356290795233,0.016546221185316956,-0.21181214863224967,-0.047110535829429666,0.97617427291731762,-21.159522681981858,12.935041205806584,-7.273196285176069,,0.2139567990689122,0.3773584905660378,False,5
0.058034333724344404,-0.97668947560944486,-0.20666321477930721,0.98644973072662478,0.024281406879980011,0.16225702459153246,-0.15345665465707164,-0.2132793508844105,0.96486422548863515,6.0471407857813873,-6.852549534619067,1.4590913722519268,,0.07775981064153915,0.2222222222222222,False,5
-0.98514907390385331,-0.051397870410415755,-0.16382783983088908,0.037726400285778658,-0.99562389952955055,0.085497189468714166,-0.16750528620870012,0.078046842363071453,0.98277701921101934,12.143707444460523,3.1707722022538665,0.49197849147602535,0.283687158504463,0.2635900257916424,0.55,True,5
-0.88899798292341681,0.44358867507571792,-0.11362954590538911,-0.45193914728043727,-0.88990657981849119,0.061784191757968107,-0.073712912800451988,0.10627966193173215,0.99160024200589458,-16.28846113216532,-6.3140105962396476,-2.5549744599895714,,0.2148637330830673,0.3958333333333333,False,1
0.75821477588119124,-0.56446132716003805,-0.32633382260526367,0.6517308557954784,0.67064395133802046,0.35423661885499547,0.018900932239659468,-0.48126926005558979,0.87636901707329684,-19.605406251208912,14.944492302235581,-7.3919546503494766,,0.5613265312071443,0.3703703703703703,False,1
0.59615486862436162,0.80099229984082854,0.054869920823435614,-0.77021326909593824,0.55127635761209981,0.320727138930405,0.22665147853922624,-0.23346458646577656,0.94558098232903642,-16.063737829626369,3.0786570640574284,-4.5383631017093409,,0.4491663431102247,0.1764705882352941,False,1
0.2318885026407726,0.96945518531613439,0.079902227795480257,-0.96450870252804388,0.21848391634523537,0.14828263905838035,0.12629602167404186,-0.11145143319898879,0.98571187116073722,-25.402011683995926,15.321010070385231,-8.2953167011095506,,0.373524602351647,0.3,False,2
0.97909897644191346,-0.11368366862284944,-0.16864524250285973,0.14684545650277822,0.96884499777897137,0.19943866772307661,0.14071818018610444,-0.22003498305295724,0.96528907587209156,-1.5104659426877567,-7.3838860224865996,0.30753751617147451,,0.0760456830006717,0.2444444444444444,False,5
0.49591883917468321,0.86432700561475728,-0.083685914684993937,-0.83790216951112595,0.50159574231758874,0.215224686356879,0.22800100719116223,-0.036613367147759202,0.97297225143676136,-7.9191297612813072,1.6453165459867849,-2.9205490858187284,,0.1149853603498864,0.2811244979919679,False,4
-0.95346427443716064,0.26066733240030482,-0.15152035899947588,-0.27828015937786071,-0.95423779680728149,0.10950059379299931,-0.11604322586283765,0.14657001386264501,0.98237019537832704,-2.6554551291570894,14.519625281153026,-4.407967671912898,,0.08644810401756627,0.2222222222222222,False,2
-0.57755214720988313,0.81518944825587725,0.043585326722807516,-0.81564081617141826,-0.57845560583110922,0.010916550636015515,0.034111233464619223,-0.029245094201332478,0.99899006412310176,-11.841528218681942,0.43860534787704247,-3.3162057627369657,,0.3053180718926602,0.231023102310231,False,3
-0.43296761983448123,0.89564972085102224,-0.10173798560199038,-0.89819434133982146,-0.41914248120770742,0.13253869484860295,0.076065533324817705,0.14876544621158821,0.98594263355099832,11.689454543513266,-12.115258314903611,3.5681784651562531,,0.718268878845033,0.7288135593220338,False,1
0.25337928328577347,-0.92418502082244602,-0.28579885599666516,0.96085836165895722,0.20622619245696175,0.18499180083119365,-0.11202744142241075,-0.32148531044531237,0.94026434981670393,17.121305952237702,-7.9815404066410798,3.6123769063241435,0.5960008587270776,0.5065154553639875,0.625,True,5
0.35773666542166954,0.93223688019053208,-0.054395564392781245,-0.91053252043698429,0.36115056084887898,0.2012481096189814,0.20725589844358558,-0.022464897310357584,0.97802879351743943,9.434685032139809,0.098695964585556378,0.63473417470265303,0.3406971006566134,0.2568425874367916,0.1666666666666667,True,2
-0.9869189180818031,-0.016723707036661345,-0.16034764343511654,-0.0026205360120289201,-0.99280958123155838,0.11967567925784856,-0.161196097729607,0.11853038866792645,0.97977873269375337,-10.185525701641049,11.472372289918852,-5.1662805479479461,0.2056649134381478,0.09795989214930356,0.3203883495145631,True,3
0.94281297456140378,0.31370780839793921,-0.11265480881365768,-0.26749571314186671,0.91374466886429184,0.30580504177140555,0.19887116042655353,-0.25818228264590298,0.94540582316714594,-4.4528790395291189,12.228251793919938,-4.3117585303535879,,0.1167279240184414,0.2272727272727273,False,4
-0.56741968191072123,-0.77124810544930567,-0.28846362755327398,0.78950638684459773,-0.60908339548665913,0.075479020091883911,-0.23391145699158253,-0.18491559475420136,0.95451121161816421,-9.3806072250554564,-16.983503008856264,0.91259172779933218,,0.1236375802808542,0.2307692307692308,False,2
0.13561508441752737,-0.89644376296502515,-0.42189705938715882,0.98091430058235407,0.061596666229144385,0.18442609799723345,-0.13934017292746817,-0.43885581977519705,0.88768794385075533,-32.149423352294875,28.930800968938563,-11.726311574172586,,0.5001705021255727,0.4166666666666667,False,1
-0.42003490911850344,0.90478298878909202,-0.070273880778622413,-0.90439232201489506,-0.41092485333281437,0.11495778700858147,0.07513456596212105,0.11184144183299005,0.990881571574727,-21.106170468743528,14.414183910352378,-7.5287270645604396,,0.08666676687930334,0.375,False,4
-0.97296667855025198,0.16777181090757493,-0.15870873289041879,-0.19024130959476104,-0.97185863517606841,0.13892097522468799,-0.13093542895091351,0.16535843703452502,0.97750319730778257,-20.255824190287996,18.671237090366123,-8.0797812812524299,0.6401233316538141,0.540247833678975,0.8285714285714286,True,1
-0.73462991222572249,0.67560199700337342,-0.062296337840033592,-0.67769038689542727,-0.73508309168304964,0.019712631260522667,-0.032475091574183462,0.056699117865636542,0.9978630058582717,9.6582235389664639,-6.5662577832553106,2.0538418618820558,0.6196912381388581,0.6129230204547103,0.8354430379746836,True,5
0.97626484841312122,-0.11659460998534835,-0.18251751333849839,0.15290573199278462,0.96787752874123456,0.19958187914114239,0.15338442840345687,-0.22275274696425929,0.96273279306525128,-3.8512796402933414,15.069948308240905,-4.7523016822088708,,0.06535641259330686,0.3846153846153846,False,2
0.78066752356685165,-0.59254818127115594,-0.19860732745859866,0.62415843402561322,0.75521827349391035,0.20017894148879206,0.031376215238553759,-0.28023563701485976,0.95941832422785311,0.94234666068565498,11.191021493228201,-3.1633310186979502,,0.08228378161775075,0.2222222222222222,False,5
0.98795129559345729,0.1039865685569215,-0.11462561273540486,-0.064194452620295772,0.94926131035541361,0.30786691429106883,0.14082368333483866,-0.2967991883784058,0.94449930227074785,-3.6142267369700178,16.644142359854264,-4.9719957836918773,,0.3093466629610391,0.4736842105263158,False,4
0.98260210120474589,-0.061165965258961091,-0.17536201242560637,0.11487267446251706,0.94209316550396494,0.31506306697635666,0.14593621678612748,-0.32972593498943809,0.93272902197020424,-12.15600664006446,-1.2859844778117406,-2.9091452850862844,,0.4648790082686046,0.2847222222222222,False,3
-0.68592712352083429,0.72584315102111019,-0.051533497205025078,-0.7275861880539225,-0.68304942159507909,0.063732461209261654,0.011059845007797095,0.081210884580663723,0.99663557635377931,3.526118806563121,9.1908816280717165,-2.2923500630758524,,0.09078443497354358,0.1764705882352941,False,4
-0.54276752362212421,0.83714926432711423,-0.067709117094218133,-0.83768826353118797,-0.53376294809227243,0.11565244651951324,0.060677742568506651,0.11949152472212182,0.99097930708787896,-4.7177396559359055,11.289967621677931,-4.1804019417760996,,0.167795268752133,0.4769230769230769,False,5
0.53750655337259956,0.83983126168327304,-0.075961549358801075,-0.81042465884905646,0.53936923619661914,0.22867597025937078,0.23302055147754253,-0.061353719888497221,0.97053446288369616,-10.850964235798807,-2.3468288209592254,-2.4634175610414681,0.250360435355816,0.1752496257781997,0.1188118811881188,True,4
-0.94794363804382242,0.28606865603134446,-0.13988417754936469,-0.30260543145247898,-0.94603458583144395,0.1159677337287697,-0.099160536241495498,0.15226058730724804,0.98335339609173567,-23.271833248673907,13.338837083355516,-7.6194864797962216,,0.2662247739943259,0.2432432432432433,False,5
0.27823493796051996,0.95361748305926397,-0.11488696750205508,-0.93916353324948132,0.29517579028067348,0.17562206765246782,0.20138812554977947,0.059033455225765863,0.97773098245460732,-15.845397177308394,-3.2641557551788085,-3.1505182327186518,,0.08986773847539532,0.3709677419354839,True,3
-0.68152246442564113,-0.70769875900744517,-0.18625143484687876,0.69474348138888031,-0.70566847016616052,0.13915281269527868,-0.22991003795149367,-0.034561202419348833,0.97259801446253702,-4.9438195083920098,4.3620416045516475,-2.9750376434107917,0.4384030240665177,0.2164479439627131,0.4257206208425721,True,5
-0.034362347854469927,0.9992899899829133,0.015451374368501164,-0.98256637915389389,-0.036605641823839456,0.18227270103630117,0.18270889306854349,-0.0089186830088262004,0.98312660298002985,3.362773725647549,5.0054100730402329,-1.484731351498211,0.4965742020853446,0.5605200469609881,0.6111111111111112,True,2
0.4144541554573703,0.90941965072701447,-0.034404242408076213,-0.88426882468708845,0.41135402507290308,0.22103509165478008,0.21516597944524968,-0.06118631323978499,0.97465883075129933,-20.570160725460546,-3.207198076082693,-3.8220662416372289,,0.2145646574481858,0.5555555555555556,False,1
0.66243204650456178,-0.64250406157138695,-0.38519127018670807,0.74900669754627847,0.55904314219092011,0.35561177174008202,-0.013143469655910733,-0.52407947492109808,0.85156793808352726,7.0974607491811685,1.5401383193617988,-0.15044525638109232,,0.4726111808234371,0.2564102564102564,False,1
-0.45374781126409386,0.88878699075547052,-0.064580251136705083,-0.89105737829852749,-0.45344383511792014,0.020135465559737081,-0.011387376906006885,0.066681132694247136,0.99770935356435997,-1.46386056071352,-3.2729702298450611,-0.65946242733452209,,0.2265420343102312,0.3769230769230769,False,2
-0.87328253607554185,-0.43663859212327516,-0.21615816444001279,0.43169601200160207,-0.89912706297386413,0.072173941626508101,-0.22586758379055608,-0.030286374768174903,0.97368710071358089,1.338950263848296,-9.4579661436971172,1.1492071369688042,,0.1388406443889229,0.103448275862069,False,2
-0.2224465569429748,0.96773738883207905,-0.11832952108703214,-0.96790600798517801,-0.20464984106136253,0.14586432826347948,0.11694224647411648,0.14697887198515805,0.98220248532548426,2.0328524816278426,16.050210620888556,-3.8834606396851004,,0.116458284481872,0.2631578947368421,False,2
0.60501458936401309,0.788376320623703,-0.11144560887055283,-0.76317934389263675,0.61410327280256394,0.20108321508466376,0.22696835839451274,-0.036605292144899382,0.9732139625358277,3.1453595739497517,-8.3930989195870218,1.2861329853958663,,0.126682798380579,0.4444444444444444,False,1
-0.58131612735975802,-0.77528574417111518,-0.24698901788641242,0.78829613783506258,-0.61183454255472847,0.06517431711318733,-0.20164513171851645,-0.15681360725997923,0.96682404471151617,-8.5152246131969349,-14.26866968399999,0.5105608748282886,0.6612093928020525,0.3629911366937059,0.8043478260869565,True,5
0.36199908415348447,0.93212029089776249,-0.010412798313118227,-0.90813426106945794,0.35516053526232871,0.22170511510564123,0.21035405140825797,-0.070800829718636021,0.9750581600947118,0.16314249011068369,13.572601450670016,-3.751753593851928,,0.1118002268087442,0.1764705882352941,False,1
-0.79960576765682534,-0.56990804251964489,-0.18930250764679835,0.55690216928203917,-0.82166562744521376,0.12134896177562426,-0.22470111298989615,-0.0083916474240750827,0.97439159996102798,-4.7460430830251932,13.208459207357015,-4.5388795554998627,,0.07050191884696518,0.2702702702702703,False,5
-0.55828230674526236,0.8296464397669947,-0.0027660363594490534,-0.82748417715784195,-0.55658029298015488,0.074083156112142903,0.059923305387805798,0.043648166606143818,0.99724823139643837,-7.3872791035805827,-7.3994865108200552,-0.73901931600227866,,0.2459115862101244,0.2903225806451613,False,5
0.39654614349941786,0.90866135342238985,-0.13071228279060371,-0.89264343075682828,0.41490159687945577,0.17619412712561633,0.21433352888061957,0.046810358933351906,0.9756382160894026,8.1101498960366012,-3.9531995455869415,1.2304144266494532,,0.07223120237025035,0.2580645161290323,False,4
-0.09899660137174654,0.99479146066011059,-0.02428214806327933,-0.98438683288990469,-0.094333823533746419,0.1486058308764717,0.14554118368979291,0.03861449902857049,0.98859834326937157,-12.112542615485358,-4.4722791588869457,-2.1711450626011217,,0.09429820350871412,0.3950617283950617,False,4
-0.75592722644815391,0.65444115667107605,-0.016757111010763548,-0.6544060145561178,-0.75609820454286092,-0.008262759819914367,-0.018077511642403746,0.0047199091185530645,0.99982544778112781,-15.383213075306484,-15.690571492724514,-0.43012680196213093,,0.4042187114792125,0.1111111111111111,False,1
0.85210734886088446,-0.49103220059953423,-0.18110892852549998,0.52011054555986147,0.83303062345849488,0.1885338186580201,0.05829310778041609,-0.25484771600846401,0.96522254181643041,1.0286438521790602,-6.9033433139416855,0.55117139141875315,,0.09017184459530307,0.48,False,5
0.33622859578395969,-0.92038455566411403,-0.19960611481645529,0.93442620544519028,0.299588881586696,0.19259846470555494,-0.11746487966388514,-0.2512742957896924,0.96076179686795649,-10.587153367237674,-14.604877838244157,0.21827068944561251,0.1964881583532648,0.4389990524500505,0.8157894736842105,True,3
-0.93310511090544868,0.32394094707778009,-0.15613172262061581,-0.3438844409409435,-0.93078929690415668,0.12399506460903742,-0.1051586576600558,0.16939169866028111,0.9799225016010803,10.950470319917249,-5.4246456681850059,2.0268369004417557,,0.115357688309403,0.3571428571428572,False,5
-0.7156023786471748,0.69826293406024964,-0.018496231834563587,-0.69805997456913838,-0.71394465933194984,0.054729291206084482,0.025010149520546074,0.052075890092808316,0.99832990243305975,5.864123472454529,8.5536363006944374,-1.7848015002847555,0.417877153826675,0.4382253285955903,0.5555555555555556,True,5
-0.96319108732808878,0.23811073717626929,-0.12476460288522545,-0.23814894584676452,-0.97111543877019224,-0.014828491974967772,-0.1246916552292465,0.015429887347301531,0.99207555644347967,-23.02133630722723,14.895009402257283,-7.7854555624310411,,0.5329071892212625,0.6187050359712231,False,5
-0.34361639849010989,0.93874202687340258,-0.026290258087441398,-0.9334431608371363,-0.33833821894645244,0.11921038162224107,0.10301279617146678,0.065503103604031415,0.99252088504130598,8.2158096401804297,-4.7670511303754024,1.4608176407872819,0.5961013961725463,0.2489933955630991,0.1515151515151515,True,4
0.81247085090258209,-0.54192171489005292,-0.21496969871183835,0.58156954357086188,0.77919681085207948,0.23372889412464104,0.040840940542715823,-0.31491774305137621,0.94823986031331398,2.2382223406135942,-3.7394245865153843,0.041916017290875553,,0.1053338851854811,0.2876712328767123,True,5
-0.98456913376406918,0.072634724887372784,-0.15920997952266269,-0.081580464213014098,-0.99539245253437991,0.05038346252870432,-0.15481682304536593,0.06259442609472414,0.98595825932136305,-5.4878562545886567,-4.8449312262775903,-0.99581152384348726,0.1853758280824126,0.1918759457091988,0.3928571428571428,True,5
0.98838444186229657,-0.0055968085677008152,-0.15187123104266517,0.049020546987110669,0.9576485463597938,0.28373622896637574,0.14385124628463447,-0.28788528512036116,0.94679928261143453,-1.8957716988237319,20.770696822536259,-5.5303029674839008,,0.7263132687940468,0.7435897435897436,False,4
-0.52752546701869296,-0.82042368218181005,-0.22050365838677605,0.81999363288053473,-0.55958503186671027,0.1203122360614946,-0.22209755442618867,-0.11734382738761773,0.96793755092564338,-9.0647764381503002,12.275382226989132,-5.1076088138018472,,0.0673535809323062,0.2307692307692308,False,3
-0.92394088442471123,-0.32997366649137971,-0.19352163060164268,0.32319372493259779,-0.94398955088257797,0.066554819425050593,-0.20464373494606447,-0.0010522579268669383,0.97883595893315067,1.9360933680008681,11.299228524523384,-3.011657105293136,,0.1113177565145579,0.3703703703703703,False,5
-0.87781197511099773,-0.40763252752088691,-0.25155885764302199,0.42704116656375884,-0.90387264164001258,-0.025496857739116002,-0.21698382062170593,-0.12980743507842024,0.96750609888866779,-16.072871234242239,-8.6272765501313362,-1.9671523992743021,,0.5191322883636779,0.2307692307692308,False,1
-0.020044263620530751,0.99671016654014899,-0.078530703622338202,-0.98894319083840199,-0.0082218997940866033,0.14806676081462655,0.14693397425466481,0.080630293806266476,0.98585453436622406,10.807521787101464,5.321672353886866,-0.21293387482719084,0.1963400957849726,0.1834875679808365,0.5517241379310345,True,6
0.91096696741157746,0.41121988606844623,-0.032208532826089986,-0.37419096457840123,0.85673788536774287,0.35493847044733673,0.17355202768288419,-0.3112850800752644,0.93433467912183199,-1.0093332856624695,11.570903663015317,-3.5644637811273374,0.4133270897877702,0.2045268144250253,0.1111111111111111,True,4
0.41744740474640268,0.90847132798705499,0.020433073580141625,-0.8789376673928172,0.39796446765458415,0.26285520600223616,0.23066478081529423,-0.12768762159990982,0.9646189041178862,-2.3819739707394181,-2.2088950355400971,-1.1290239005200517,0.6597011988726618,0.3058753435615782,0.3079710144927536,True,4
0.95815840257689777,-0.19322132162838557,-0.21118237719910832,0.2683457819168038,0.86311840715909582,0.42780504502705746,0.099614340828746872,-0.46657489869400737,0.87885428087364359,-6.421981727007295,-6.5881266601353996,-0.70190507019179182,0.8002303079340716,0.6274502038220754,0.2758620689655172,True,3
0.5035372018256653,0.86377108243218481,0.018703035355566638,-0.83499305702279847,0.48097311757448846,0.26730404952861964,0.22189385097676936,-0.15021443780346019,0.96343071446476614,-18.622619346154448,-10.519199875428619,-1.9857377846657374,,0.266456159267299,0.2,False,1
-0.82430976521944743,0.54794702285090635,-0.14236386870511816,-0.56456728624871577,-0.81433180566029373,0.13463836595787398,-0.042156734475296026,0.19135770284698211,0.98061462323356441,-21.696137249667895,17.004989662242942,-8.0126327197607807,,0.1213326762683018,0.3666666666666666,False,2
0.95087578951022222,0.29218177676599277,-0.1022987890895108,-0.24885054263352563,0.91798594743157269,0.30882876768390322,0.184142988881772,-0.26820068911922301,0.94560020621913055,2.2946384348023416,8.8858828458117252,-2.5141461041554543,,0.8659549729128658,0.5098039215686274,False,2
0.9782304751954658,-0.093939655334138991,-0.18504182920236162,0.14303263897714708,0.951256786766141,0.27322552922190202,0.15035558382077449,-0.29374456043824615,0.94398481535819989,3.8416233448590682,-12.069920380066693,2.1442839464171519,0.7352770749531137,0.8042493168580349,0.7846153846153846,True,2
-0.81085823020585579,0.58441140301331529,0.03118080395750189,-0.5839499229876115,-0.80437883869907101,-0.10944026359570164,-0.038876959117072327,-0.10694856652214796,0.99350419534527767,6.4952134727301996,7.0366822723726461,-1.3501551979140416,,0.4915662452000066,0.2142857142857143,False,1
0.50588805536874437,0.86157699285449885,0.041980481405416409,-0.83353071281782831,0.47573340175193046,0.28089905882174182,0.22204464916911279,-0.17709549921253367,0.95881873048769239,-12.980097931061769,-7.3465570355836789,-1.7807803166630267,,0.263893856198032,0.1818181818181818,False,1
0.30500625017831456,0.9451157019740718,-0.11716440258977967,-0.92887524784431219,0.32237533224341053,0.18238672951483409,0.21014747510814866,0.05320202104250632,0.9762210731502684,6.7164256179504465,-6.0697837211582906,1.3884061995700543,,0.1057663464972977,0.3333333333333333,False,3
-0.4968229543951912,0.86781932920010341,-0.007520894409313944,-0.86442049110659602,-0.49407008658188967,0.093123381059724647,0.07709842113211289,0.05276704854022167,0.99562617083285243,-6.9251611949245753,14.529348544713358,-5.1613886985585982,,0.4997908628954788,0.1785714285714286,False,2
-0.4591990855605827,0.88177224165489321,-0.10776786936387163,-0.88608900675785385,-0.44603774532707136,0.12608172685374153,0.063106829449779966,0.15338853800218058,0.98614881457432624,14.512293457047029,-10.567582637605526,3.7026665264879388,,0.1097480975889216,0.25,False,4
-0.9847013163852244,-0.031188613927657455,-0.17143683347075311,0.049987288311863366,-0.99306017795978763,-0.10645540830649222,-0.16692689572514624,-0.11339644311770491,0.97942669872319688,-11.173632149061687,14.445354493987898,-5.8773755108475685,,0.4334096006364057,0.1666666666666667,False,2
-0.46774048992222605,0.88350748255007094,-0.025166691585316758,-0.88239077956217138,-0.46512623856968333,0.071021787767412595,0.051042592322270458,0.05542662241245043,0.99715723098063536,15.083603875672484,-9.3918607443899873,3.56631390922808,,0.5901749105386479,0.5636363636363636,False,5
-0.45833292519601593,0.88641198231651253,-0.064843868538014493,-0.88603351168942146,-0.44996680502264452,0.11168925884356953,0.069825108983631701,0.10864470527101237,0.99162532348261445,-26.691768436415966,19.806824951312478,-9.3274494533377563,,0.2941028586505797,0.5625,False,1
-0.42162478293800959,0.90379506480936112,-0.073396343496933455,-0.90292244181233494,-0.4110090257743505,0.12570857092366389,0.083448226368970688,0.11927305461948526,0.98934843809327888,11.291405326877005,-13.378153667829544,3.6743455387553197,,0.1214954853701972,0.4285714285714285,False,4
-0.98874136514583921,0.022331604594467903,-0.1479588195606496,-0.030992126521322154,-0.99792210075948684,0.05648866177792683,-0.14638989358296189,0.060438235017337937,0.98737896412915349,1.8201956404406356,12.980000539384744,-3.3272780116342782,,0.4294569814006245,0.2380952380952381,False,2
-0.23279887599626539,0.97078625218082248,-0.058126894907502197,-0.96487586058061114,-0.22307346076943463,0.1387544765734488,0.12173437067525236,0.08838712393250403,0.98861947144451867,12.709280081483374,1.6046915201460321,0.89768701409481488,,0.08244257130225677,0.25,False,3
0.4875509758616775,0.86823040124446915,-0.092032691426439328,-0.84470590786557487,0.49573149323769328,0.20179746239564439,0.22083019529339865,-0.020645991552723841,0.97509372261310556,-17.378202257749546,-8.1793394857660751,-2.2519311531221557,,0.2238592060163519,0.1818181818181818,False,1
-0.89115511420929772,-0.34776471586932506,-0.29137993207313262,0.36604186034716113,-0.93055608151066127,-0.0088733103808325275,-0.26805954355740608,-0.11456474832972427,0.95656625465669864,2.1800230360001995,13.875673386945691,-3.4421415547727023,,0.4210581780016571,0.2857142857142857,False,2
0.20639763649351159,-0.92541690857397063,-0.31781057404574714,0.96467499345022878,0.13811020021197531,0.22433842651050284,-0.16371369112475745,-0.35288683444243585,0.92123216911672368,1.4437985425038047,7.0365332003281349,-2.260538183812637,0.711921646210524,0.3072851892848676,0.275,True,2
-0.88184723392612041,0.4572267123101969,-0.11527874724708978,-0.46425577809317786,-0.88467907130234402,0.042538374519006411,-0.082535013927107964,0.091031172406103603,0.99242193502885745,5.8856487899451153,-8.3145484454683469,1.6932926968757309,,0.08844814490030617,0.2380952380952381,False,7
-0.088620119892018637,-0.93463910757038449,-0.34437800880770569,0.98647710116119847,-0.13021135321067762,0.099538597436586065,-0.1378745924197885,-0.33089989739357745,0.93353942320075423,12.349210234828622,-9.5142665492292355,3.1160261466474393,,0.3286681461797,0.2941176470588235,False,2
