axis_00,axis_01,axis_02,axis_10,axis_11,axis_12,axis_20,axis_21,axis_22,location_x,location_y,location_z,dbh,dbh_approximation,score,reconstructed,number_clusters
0.25729720190414712,-0.93303581118486678,-0.2514802674940787,0.96593383922755538,0.25580204366710002,0.039206283818404811,0.027748299540884869,-0.25300096739406364,0.96706801331150272,-7.7537905109819096,17.716919492144431,-1.8465168979093598,,0.1054335538420444,0.3055555555555556,False,5
-0.7321358068090239,-0.66246345521529348,-0.15849079119089318,0.67505197988598686,-0.73674456566940949,-0.038887908256981817,-0.091005411048520141,-0.13546075247394956,0.98659434404373214,-22.790731747327253,17.615434182199724,-3.9428790636167461,,0.08064474577455778,0.3076923076923077,False,3
-0.73921430552211354,0.66386844427108871,-0.11331769152495919,-0.66794486296750011,-0.74420603832297327,-0.0026518972368243226,-0.086092221174671898,0.073729649563197136,0.99355526682137896,8.9938452423933342,-2.0586476066361805,0.19114056741694807,0.4517781326136581,0.4229758652281966,0.9841897233201581,True,5
-0.30632387431646019,0.95192579018912116,0.0017245279268038038,-0.9517916800110876,-0.30624912820644418,-0.017437583962927668,-0.016071150718747748,-0.0069829396109211961,0.99984646654822251,-3.5846046400512086,20.527923036897452,-1.1567275880014718,0.5915184060231662,0.5637250004157253,0.7205882352941176,True,4
0.48693593019744946,-0.85717248609672236,-0.16777582949134889,0.87173272727857987,0.4889315301061139,0.032062611552161911,0.054547704573107515,-0.16186811899463088,0.98530363846833868,1.0463205969348885,-11.501932271447306,-1.013363058909988,,0.08358060419073961,0.2916666666666667,False,5
-0.45845313408773891,-0.86738903405652601,-0.193538077503152,0.88753392881094129,-0.45809417486039261,-0.049328005923523481,-0.045872094507933475,-0.19438618921482681,0.97985190737579975,-16.844997091781369,-19.018255340393246,-3.2990860886802515,,0.2647102856187832,0.5454545454545454,False,4
0.74257766812154014,-0.64411317600711326,-0.18356640025125953,0.66419967315657202,0.74345692153651588,0.078170326839217943,0.086123173338418541,-0.17997228206998012,0.97989426812317104,-5.5046387832966275,20.61911457520646,-1.4515079671067599,,0.07191508882139971,0.3043478260869565,False,2
0.15070403321810552,0.97804250298481332,0.14394845163112299,-0.98835515059627566,0.14596601502096207,0.042988588587139567,0.021033084928517624,-0.14875074727241505,0.98865101250354692,4.5630312883979318,-22.265418790471351,-0.50896019900825673,,0.4783159007312193,0.15,False,1
-0.015974620611675795,0.9995692384963063,-0.024620092368384985,-0.99984960713072735,-0.015803162991825666,0.0071430497677643003,0.0067508974843339805,0.024730497192102241,0.999671359943751,13.80972050088876,2.3481976323780764,0.93565710872981556,0.1737293396397478,0.1350391462757786,0.4571428571428571,True,5
0.43080895393428009,0.90205487546236163,-0.026469734880329054,-0.90079971301150052,0.43160873922998333,0.047684098593794057,0.054438242518010584,0.0033011929491994357,0.99851168239368282,12.57522774092963,4.0821372545709362,0.80322873190029365,,0.3277204060786318,0.9,False,4
-0.61633249226120967,-0.74616668838821776,-0.25173305727069129,0.78662583325628455,-0.5982929729221983,-0.15252972499082584,-0.036797519440105612,-0.29202875148122165,0.95570139210496974,-2.1268760044929875,8.9663027674924862,-1.1589174797085477,,0.2574585474897887,0.1788617886178862,False,5
0.54620914761258155,0.83718282114226439,0.02793726988481085,-0.83150403075757806,0.53786825107583924,0.1389200896865507,0.10127494210434601,-0.099109376291536766,0.9899094492087972,1.3082965122123598,21.152018246706632,-0.49574673757187188,,0.2568284306279147,0.4,False,2
-0.52181374813914139,-0.82614606088577247,-0.2125866842864409,0.85279423808747545,-0.51140734515690978,-0.10585138073905473,-0.02126969058974866,-0.23652740518274745,0.97139198414426575,-11.777403022975635,7.4987251084027031,-2.6147694531069301,,0.7248285786389099,0.4612676056338028,False,2
0.95918769065462617,-0.2569230293657816,-0.11810813298904294,0.26437652339952378,0.9630042145151323,0.05222965346694234,0.10031962904551012,-0.081323058277499471,0.99162620589643968,-13.837470592123168,-17.646328939861064,-2.9613597118717698,,0.08370069573380887,0.5294117647058824,False,2
0.988765251985389,-0.059220384628814737,-0.13724511834920433,0.07869884611496647,0.98685453408963297,0.14115459669067798,0.12708173781643325,-0.15036979281474844,0.98042804800883121,6.0998809095197597,15.416399003157418,0.095013679943841814,,0.2585677791227681,0.2307692307692308,False,4
-0.96717398722524772,-0.23463032399303935,-0.097586318189267884,0.24056839106038819,-0.96911913774591774,-0.05417514261379347,-0.081861637275538579,-0.075872972246578338,0.99375146008699666,3.8980065698621238,2.8414138535750366,-0.49415472279014777,,0.122772616640534,0.3057851239669421,True,5
0.92475839189394926,0.36775030069792236,-0.097885815919906971,-0.36339346525900962,0.92971556971964486,0.059784185433326226,0.11299161928553458,-0.01971486133517189,0.99340033129336591,-2.251553795512748,15.794893107003343,-1.0471661379799224,,0.06873461204772693,0.2758620689655172,False,5
0.91149817979802261,-0.3731194919060935,-0.17306909887276409,0.39768244210885018,0.90688569418108056,0.1393090554416361,0.10497496588821964,-0.19580649235773198,0.97500773027054988,13.203433036833506,-8.1703295274261141,0.72091655166940205,0.4504466091866883,0.4249482766745494,0.3809523809523809,True,5
0.69567751103720998,0.71695673117806313,-0.044786674977487742,-0.71310837980835018,0.69677465294584484,0.077340297771002875,0.086655866992273622,-0.021866152626008523,0.99599830927826061,-13.696017978134007,13.518391764142194,-2.6985189245363985,,0.6381127584792265,0.6666666666666666,False,2
-0.59658267599681791,0.79766304622471795,-0.088446454920368581,-0.79925601778135413,-0.60049099355961988,-0.024502748704450704,-0.07265623676442913,0.056073445955153012,0.99577951370669782,4.8423603049963315,-6.4577561977600046,-0.44847791015918337,0.3290524001085169,0.2780995537396292,0.6932515337423313,True,5
-0.40965467647536363,-0.90008638645865224,-0.14841678797788044,0.91071307120755829,-0.41293123150836009,-0.0094604427320266783,-0.05277071132325243,-0.13904062340479864,0.98887964741400314,7.4922296345344437,4.8784904885702582,0.075719851280122485,0.5629752223983484,0.5814007649341576,0.9824561403508771,True,5
-0.27039502330755849,-0.94619652190764758,-0.17776015667290243,0.96228339751427583,-0.27136184909848177,-0.019323812311093633,-0.029953200812041648,-0.17628071018611963,0.98388409732924853,2.4166981678973261,-7.010656957310605,-0.78537143357080863,0.6027916010332187,0.3180866723315415,0.7443609022556391,True,5
-0.99290153205463394,-0.0049321245523951743,-0.11883695465199688,0.010423323632592239,-0.99890399552241316,-0.045630713930527228,-0.11848165245307539,-0.046545481808216653,0.99186471666010489,-2.618587104192839,-13.142569573884952,-1.5154459344289219,0.4945924767408572,0.4480895616441722,0.9347826086956522,True,5
0.98363634791223342,-0.10666112962416803,-0.14519965045819194,0.13162948703806424,0.97573954099574212,0.17494578097089364,0.12301712566948053,-0.19119558458478125,0.97381262839793992,-13.648558128910985,-4.1481326059817318,-2.8764587316862107,0.3934296283449863,0.4559653207978551,0.2533333333333334,True,4
0.70821369166042702,-0.6825165456366119,-0.18056725028912654,0.70129146354771643,0.70957760993457808,0.068482834598414338,0.081385810187103974,-0.17513075233036185,0.98117560583638141,-2.2910088110549589,22.801295292594208,-0.95166598603434871,,0.1226840665375865,0.4761904761904762,False,4
-0.12335653177932891,-0.94744997671262121,-0.29516386583494497,0.99223698057753618,-0.12248777320415243,-0.02150627326765258,-0.015777846549838895,-0.29552544229345484,0.95520457102942535,12.606890069363146,1.6190465712692577,0.75847865971702255,,0.103927329268129,0.1363636363636364,False,2
0.83240705718522179,-0.50589429666745356,-0.22620665716901789,0.54523304402062167,0.82064411571036633,0.1710677148323381,0.099092980862652419,-0.26573331734898009,0.95894024067950179,-7.3222654754998793,19.639118810489542,-1.7284266615840325,,0.2126207521218609,0.2941176470588235,False,2
-0.90772661054722381,0.41459902896616146,-0.064343186778142339,-0.4055271803645133,-0.90631707445786158,-0.11889939668372282,-0.10761090321179546,-0.081835235238018111,0.99081930127722218,-0.49415229048078257,-13.788820283363235,-1.2597201097411832,0.2623606776090824,0.3691829329072993,0.5396825396825397,True,5
-0.92169643596419859,-0.35197495872189227,-0.16306228369435397,0.37398435584539497,-0.91790969429146296,-0.13258014447367331,-0.10301156009788842,-0.18318138977111501,0.97766722197674427,4.6257015778076616,10.255097477293825,-0.24223047548651586,0.956929133811455,0.922271275002805,0.7727272727272727,True,5
0.98930275558855674,0.10440765379794043,-0.10187786615991801,-0.083004986662538499,0.97719874354549352,0.1954297515790803,0.11995928465125391,-0.18488282083935931,0.97541176565819698,-20.371086169653527,-6.350039628697802,-3.6982617177418491,,0.502595015363933,0.3888888888888889,False,1
0.59985205205654424,-0.78573556114997367,-0.15098722988348728,0.79736891956417366,0.60266552018031505,0.031576524489770538,0.066183999249180905,-0.13933376737218631,0.98803126444119083,0.78007499525754143,-4.7531454206118529,-0.99073330760262035,0.226075240346139,0.1133696070508712,0.4272727272727272,True,5
-0.71668285565237433,0.69430079374262454,-0.065666522843227243,-0.69248537858093739,-0.71962933284260011,-0.050966888899859661,-0.082641907441529661,0.0089460114507172173,0.99653915327675435,-5.1812341131568722,-7.5335145403976203,-1.787762835357201,,0.07566987120558996,0.2307692307692308,False,5
0.0053998147643043474,-0.98957531614034122,-0.14391502939670822,0.99997486725380214,0.0046823482664123455,0.0053235773173095193,-0.004594220418367748,-0.14394015874819718,0.98957572920837755,0.99431976895836194,12.131705777930208,-0.65862419015877549,,0.07572614082144201,0.4722222222222222,False,6
0.54419471610455428,0.83826695868955026,0.03406782842002623,-0.83532652041926114,0.53761696546586146,0.11488081966773231,0.077985352779446432,-0.09097529561728096,0.9927949336792643,-0.47602739157168661,-7.6524339124695215,-1.1767930839648342,,0.5087570131839042,0.2666666666666667,False,4
0.091500236121600811,0.99351500665217696,0.067495469082122228,-0.99544974124158403,0.089446754395281519,0.032849517351303564,0.026599237804018263,-0.07019408582690273,0.99717865543901951,9.0910082967873649,8.3684943421263664,0.40266449428081069,,0.4210162065368518,0.3181818181818182,False,3
0.64555943019697082,-0.74511973853755176,-0.16748014009276635,0.75970301259652007,0.64897550550720229,0.041013728231449081,0.078130370122852538,-0.1537119660059095,0.98502196765913019,7.5573502190356452,-2.1217296035269193,-0.0088186443034794018,,0.07595200135536008,0.1132075471698113,False,5
0.8043843177362463,-0.5487418050554842,-0.2277022194982764,0.58456399886458588,0.79944972790119895,0.13843794201786788,0.10606979122934489,-0.24446382951910692,0.96383952784963922,17.268592485279875,-0.33309710872569365,1.4035772806429354,,0.6467225002928331,0.6808510638297872,False,2
0.96473443496106748,0.25324307098057314,-0.07180123258468761,-0.23810340881548012,0.95586429924068905,0.17213427359929559,0.11222404693647578,-0.14896774294268278,0.98245324308679693,-11.457830179932913,-10.062950592920812,-2.6390039223862991,,0.369512255912726,0.2666666666666667,False,4
0.99236343331628674,0.036886080091169414,-0.1177040072054516,-0.031933697856406977,0.9985347453996587,0.043687540224376063,0.11914300297511758,-0.039595193207617937,0.9920872771671474,-0.18592262615535715,7.0998397142918552,-0.9570271794838866,0.3060683100467174,0.292630911707725,0.6829268292682927,True,5
0.11848562152426727,-0.96295370723366225,-0.2422422655461956,0.9926372710707011,0.12104730320530896,0.0043357200132156009,0.025147675306458159,-0.24097242189028084,0.97020610506995508,13.106494264636311,7.1790965418451274,0.90672742158781883,,0.3677881847128587,0.6666666666666666,False,5
-0.66271364329652305,-0.69349065303638124,-0.28263287342385196,0.74765894706446101,-0.63418921881341284,-0.19700287717517206,-0.042623067265406732,-0.34186949102253583,0.93878033918743864,11.149484379786584,-14.594234211777975,0.40530711803195946,,0.2177364985625324,0.2777777777777778,False,4
0.78098279244231961,0.62245507021541213,-0.051142579834464533,-0.61722683690745239,0.78173540597899049,0.088998802464334739,0.095377721246733049,-0.037939960490105104,0.99471787441856685,2.483631610043886,8.4056410156526251,-0.53023369618278582,0.6267991412846793,0.6029046667102651,0.8508771929824561,True,5
-0.97799290310923981,-0.16601158031638591,-0.126372610437615,0.17834736674604323,-0.97951883136100204,-0.093461627334051223,-0.10826863923922483,-0.11394303054611482,0.98757019373169308,8.2625618389740989,-31.991321781273747,0.11985128646827051,,0.3709740717077846,0.4074074074074074,False,2
-0.72698436874857941,-0.65010602269522466,-0.22103367809142971,0.67758143181924746,-0.73135014976111634,-0.077526522546621596,-0.11125255434824161,-0.20612888613629382,0.97217989665041049,-4.3366040544392321,-16.717073370960804,-1.6879819132602814,,0.3883256307338013,0.6666666666666666,False,5
-0.016105299313953141,-0.98755424392559821,-0.15645202024438662,0.99986171556768011,-0.016555219476836823,0.0015730385028294783,-0.0041435583820679488,-0.15640505110966121,0.9876843073124737,-1.9426094745532341,-2.1992424877289944,-1.3659738374957473,0.2274745174232591,0.1716713294133977,0.4325068870523416,True,5
0.06646861867790281,-0.97280486555137013,-0.22188424074420499,0.99777799764495267,0.065824700139389458,0.010304186876622828,0.0045815004835141381,-0.22207611850701159,0.97501856774226603,6.2916294812968498,5.0366988942785742,-0.077588049410467833,,0.08342765477627875,0.3103448275862069,False,5
-0.49575421520553437,-0.85655623333186304,-0.14331495820840395,0.86616919316475782,-0.49965161939131714,-0.0099593198536711905,-0.063076833451420108,-0.12907237651785186,0.98962701797282038,11.447763965905526,0.37958350258467721,0.56997366251782455,,0.08410688463896254,0.2807017543859649,False,5
-0.19130458726234958,-0.9725037857073342,-0.13281167748841061,0.98121201914258682,-0.19293153235919036,-0.00063032663153309368,-0.02501056541763555,-0.1304369986102033,0.99114109036557074,-8.8577958583196761,-8.714341134572253,-2.278938617695013,0.3682728484439513,0.3447096664906554,0.9429429429429429,True,5
0.81725475781325163,0.57321165308602662,-0.059355383900611874,-0.56906600716707301,0.81897927299360052,0.073734862133180867,0.090876511368609983,-0.026483035574856234,0.99550997408776032,0.30372720838992306,8.2445134211942666,-0.86891504813314424,0.1515907322918138,0.1341151244969823,0.2763157894736842,True,5
0.12381413648059331,0.9917252298975564,-0.033928277177064564,-0.99212517256586774,0.12306758933446889,-0.023281117167134102,-0.01891299999239502,0.036543629267509953,0.99915307215223359,-10.981925150792172,-6.967616970503471,-2.5374347130568013,,0.1450658251345662,0.293103448275862,False,4
-0.90003818983469785,0.43218409081678327,-0.056108541987391056,-0.42559481036667685,-0.89933771103759741,-0.10030323471657063,-0.093809990022560685,-0.066397237521792607,0.99337359166702344,7.8816883228509376,-3.8985107144326232,0.025264158798924755,,0.2003488527328004,0.4090909090909091,False,3
-0.031057439309358916,-0.97510391882481384,-0.21956270848219286,0.99914561487001952,-0.036280112752854636,0.019793779443331286,-0.027266751723602482,-0.21876037326520331,0.9753975719363428,5.5158579700171106,-20.614773981765286,-0.37375381734639046,0.2129467386966934,0.1566699562741183,0.2777777777777778,True,5
0.99628707003254757,0.062574687258027339,-0.059131062907102988,-0.044292154960190941,0.96149703890926008,0.27122250861185832,0.073826005546461251,-0.26759643623054336,0.96069863548449419,7.8173103461053195,10.883876236487751,0.26014296945328524,,0.712680257072952,0.282051282051282,False,3
0.99578544316592021,0.04882032344340987,-0.077639726929793818,-0.03939962494005346,0.99216594502733646,0.11855128460964084,0.082819205100237617,-0.11499266736141826,0.98990790769630244,5.381866307664926,-8.7241448413942138,-0.38807743433392666,,0.1867399486817781,0.1333333333333333,False,5
-0.69117380674630124,-0.70399006269325348,-0.16333021917874119,0.71757178782153674,-0.69536988215863038,-0.039388530174357027,-0.085845781436423796,-0.14442547772412465,0.98578485644370117,5.4911283635964523,-14.633259358574563,-0.40308662764677716,,0.08841833796272915,0.3684210526315789,False,2
0.81231309453092537,-0.56364526676834448,-0.14983807828197085,0.5751526958173635,0.81677388636445758,0.045604770004026823,0.096678916768918419,-0.12322512650731079,0.98765821783127306,-29.266297469721067,19.19034695130027,-4.8709640494883173,,0.2673390147015223,0.7368421052631579,False,1
-0.27236059554064829,-0.90483431100160372,-0.32725307581594631,0.95821909924511894,-0.28595326987060177,-0.006847283562470767,-0.087383430000300882,-0.31544507776246078,0.94491192133278701,-20.9415613801707,-14.310191331246514,-3.8064562359690242,,0.531746007847536,0.375,False,2
0.12644891806158517,0.9887121347925788,0.080367814670776944,-0.99167819839426286,0.12402030175042111,0.034544400172016529,0.024187227012711893,-0.084067111688438029,0.99616650153566189,-5.5436244503052681,-3.7190859279645245,-1.8403351203476279,,0.1499280155625055,0.3018867924528302,False,5
0.98683156603156708,0.11166611500927377,-0.11702195965894438,-0.10880693807429453,0.99359295109890688,0.030563012833508589,0.1196850471470043,-0.017427744699190832,0.9926589359916721,-3.4527702134876708,3.5114012161789558,-1.5083579223878401,0.3576456265918806,0.3148896032244443,0.9326370757180157,True,5
-0.17313869589252012,-0.96671022962429098,-0.18839937347132638,0.98445391883667221,-0.17560510544516772,-0.0036508394528764199,-0.029554587998424198,-0.18610260310200497,0.98208571288197744,21.092405140866557,-6.6452276498351717,1.8268896613593946,,0.4600745166158217,0.525,True,2
0.59495032139991955,0.80321304308054398,0.029714011701963888,-0.80355724370123072,0.59355645123720502,0.044570116557805919,0.018162355613011341,-0.050393914513434696,0.99856426043525082,-17.185362847127859,-11.731905719125374,-3.3496219461559362,,0.1980722368510919,0.2173913043478261,False,2
-0.8545229926852872,-0.47929359801659666,-0.20017018227619776,0.51047095576198975,-0.84614630047891637,-0.15315300032739912,-0.095968006625238994,-0.23305382444008221,0.96771693000496295,-23.425471765997443,-13.014114882960509,-4.0937944880364547,,0.08763381260502504,0.3333333333333333,False,2
0.38087637739224445,-0.90227602369599147,-0.20206722200275729,0.92255321719188266,0.38546156953113525,0.017746545114513151,0.061876866383714681,-0.19317700556211387,0.97921085468278379,-8.306668346837295,12.365741104252729,-2.0123872972606431,0.3335210729245611,0.2447249301598558,0.5163934426229508,True,5
0.53393462161921446,-0.83295569278035309,-0.14525368739260341,0.84378448900201053,0.53593310764800839,0.028345021544602521,0.054236113024091884,-0.13769719674543149,0.98898833463923519,2.0279817167574272,13.582722860731318,-0.51256241142714332,,0.08088385448662053,0.12,False,5
0.66647654920527444,-0.72753150369477504,-0.1628094606927025,0.74132210891716976,0.66988124218770739,0.041238964531784481,0.079060357892113631,-0.14817905552632368,0.98579532729329644,-5.6684684429482202,19.414850457632831,-1.4531357816315993,,0.07872501886945393,0.25,False,4
0.43215871010851481,-0.86142036989191639,-0.26682165506686173,0.89771678762581286,0.43905706200508438,0.036516647138746555,0.08569374826751866,-0.25531126618059413,0.96305386083496192,8.0671363119598265,2.6740260009419754,0.13033471491261783,0.5667873454693809,0.4289708486334168,0.7563025210084033,True,5
-0.80836142801359734,-0.57317592301132614,-0.13424292525095169,0.58025979538741812,-0.81424240213077514,-0.017546521856414001,-0.099249038064708417,-0.092079703802848287,0.99079309474320165,-7.8794186908569701,10.746611557177383,-2.0182257007136455,,0.08012943812317778,0.2222222222222222,False,5
0.56174275013260189,-0.78060137139137964,-0.27405580025855897,0.8271389071311307,0.53669066395036302,0.16674639287984017,0.016920726443645055,-0.3203507924298245,0.94714785477569641,1.4577524849546371,-19.640687218550756,-0.95355083580243338,,0.2518244762813371,0.1,False,3
0.94522327307461829,-0.29723066383405961,-0.13493293339607618,0.30392878002763818,0.95216990425069692,0.031619141514761202,0.11908089984971196,-0.070897150267012113,0.99035010646488031,3.0305823014429421,14.561259537257621,-0.35432296638042765,,0.08189264744924066,0.1428571428571428,False,4
-0.65267984065902318,-0.73336107992161503,-0.19023814563203253,0.74774091024571887,-0.66396500490099741,-0.0058312444403159913,-0.12203506357689205,-0.14605477987050286,0.98172065504132244,-3.3341007704057368,11.671093264766068,-1.337181011110997,0.4576329866420383,0.5023304780400956,0.2222222222222222,True,3
-0.80137781750828718,-0.55408386318274938,-0.22535453438112568,0.58904058463596154,-0.79654411413442627,-0.13619347961457676,-0.10404221862964418,-0.24188540013461213,0.96471066644063774,-1.3422390333121132,16.961762631285243,-0.91426577839352563,,0.3585723671523451,0.6623376623376623,False,4
-0.98515573445777083,-0.090136553990203469,-0.14609442323285374,0.1154657541729112,-0.97770261030478267,-0.17540030050286151,-0.12702692028955875,-0.18966551462504838,0.97359701832111478,-5.6001135157451403,12.867729965625497,-1.6436432059880322,,0.1443777235771903,0.6,False,4
0.39919525717420884,-0.88633459842145768,-0.2346361572535034,0.91572526989471847,0.39818340421416448,0.05382570654124974,0.045720637854940203,-0.23634922519334164,0.97059191580429127,-15.422043955384144,-21.279443237384459,-3.0998932397430101,,0.2453599704303229,0.2666666666666667,False,1
0.93889703273524683,0.32972507931922895,-0.098760994268374147,-0.32592090370538096,0.94391485491162685,0.052917966750727505,0.11067035036005629,-0.017496249457850055,0.99370315225729866,-1.6083954376986074,-9.3202013756772377,-1.345998260486249,,0.0719020246660694,0.28,False,5
-0.97557309240122791,0.20439512307094146,-0.080497049930548625,-0.19226279393022852,-0.9717037193121254,-0.13721115095037387,-0.10626457289637506,-0.11838291912179943,0.98726557977443641,-0.47423992685703231,12.291710040860909,-0.88027231289328334,,0.257141224088535,0.1764705882352941,False,5
-0.7454103766499921,-0.60175935945336989,-0.28679094074392719,0.65516607081668421,-0.74071244781766588,-0.14866905965462029,-0.12296662162206624,-0.29871515354636996,0.94638705982733307,-17.223882099981136,5.7886204956020233,-3.3226314962242194,,0.6422121008035615,0.5769230769230769,False,2
0.50942765843515658,-0.83519159002797538,-0.20721599544392461,0.85784585458940188,0.5118506609256771,0.045928103310799571,0.067704878591229048,-0.2011564288221756,0.97721652695728456,-5.7515505537095155,10.785613454292152,-1.6852996399924378,0.09924689779683628,0.1097335445672953,0.3142857142857143,True,5
0.89590017322470916,0.43148013066983715,-0.10577228584594819,-0.41388961590109169,0.8971739334207316,0.15418923126995621,0.16142572739555366,-0.094360108242378504,0.98236342791621878,10.977184798584577,8.9625491038209901,0.66907249035224758,,0.5415128150417604,0.3333333333333333,False,5
0.89459168430058678,-0.40316802432284549,-0.19277256688609565,0.437108130723737,0.87915821423175811,0.1897822868553028,0.092963436013527939,-0.2540401120147,0.96271564911562502,-18.823405361270137,-8.7962392238457294,-3.500340184186284,0.5616982608457326,0.457117912694998,0.5223880597014925,True,3
0.94793280011193737,-0.27379354769268627,-0.16266683655187295,0.30114068183561549,0.93679970803032797,0.17810277027006652,0.10362285566187465,-0.21781505980107105,0.97047354601160241,4.5660995515805762,6.4012676809525795,-0.28490568483174211,0.3976657158915634,0.4665917586021349,0.2405063291139241,True,3
0.92987873411789446,0.36335931253731313,-0.057406879620073528,-0.35066914659535642,0.922704697909289,0.16014740110976855,0.11116064708963766,-0.12878684113114874,0.9854223764914587,-16.624358168935498,9.0487450975864334,-3.1971030655836024,,0.3829053280938752,0.15,False,2
0.46315828288540328,-0.85081488329229993,-0.24819032890697984,0.88465639322947787,0.46073444293443178,0.071462150905989549,0.053548771347774533,-0.25266144831020221,0.96607179941499965,-10.458710286138338,-1.8190644235178746,-2.4754520730684839,,0.07113936079743055,0.2777777777777778,False,2
0.10047170789700818,0.9875115491994223,0.12135228102518714,-0.99453525876872562,0.096202713470610476,0.040554370747383106,0.028373490763084937,-0.12476368910323776,0.99178070504687088,3.2878905955067648,-9.0487894376711431,-0.69552635685903619,0.4683770399448041,0.3557942120434866,0.6190476190476191,True,5
0.40296342321764816,0.91383559538481662,-0.050249220455572924,-0.91310466613815111,0.40515467119612625,0.045711717148837254,0.0621317006483093,0.027462647644335883,0.99769005946682299,17.016120258198193,6.5678876325032389,1.4560559624796254,,0.4803928708809703,0.96875,False,4
-0.33325933630441607,-0.870289392022912,-0.36267697596942916,0.94207781821108705,-0.32278510058626764,-0.091099743546021988,-0.037783583744504863,-0.37202977430832451,0.92745148003953237,-6.30476749155895,-11.532137024947332,-1.9424652910117124,,0.237900554983749,0.4565217391304348,False,3
-0.59748442106923327,0.80173382465030163,-0.015337567967683444,-0.79752706282700792,-0.59612230433803559,-0.092675683591959823,-0.083444296618099809,-0.043140151625961368,0.99557821223628651,1.2685310483280119,6.4408342330704409,-0.77097261316541232,,0.1649295712539651,0.1785714285714286,False,5
0.53510215399641015,0.84343744514567454,-0.047738463680151805,-0.84181604317628411,0.53710339950550801,0.053532118309041393,0.07079148422959354,0.011541852787381388,0.99742435873343682,-3.4943537815767831,7.9161774329373795,-1.4230528263989339,,0.08047657292215675,0.3088235294117647,False,5
-0.59670305267194346,-0.77110166984921225,-0.22214338092263761,0.79906116336325539,-0.59641325051305305,-0.076108421459224085,-0.073801925019234355,-0.22292027581225143,0.97203900461619597,5.1870807506459737,4.6996078309429006,-0.24653860526611851,0.3751141602598012,0.2614069622358415,0.1929824561403509,True,4
-0.54778780029705554,0.83427166079498349,-0.062604487379840354,-0.83461997697420698,-0.55011551928841296,-0.027971583323321204,-0.057775599358958228,0.036928463715936444,0.99764636454321509,15.85850366846427,-4.7188218115130525,1.1380537735344041,0.2472985251176665,0.2237980698914682,0.3846153846153846,True,5
0.73647856462416117,-0.65041023645070528,-0.18591892902357829,0.66901357061189626,0.74099095366254375,0.057907244170282278,0.10010078014809796,-0.16702973061827403,0.98085722860329205,-11.833866319561709,1.4716981989938023,-2.6329075402777264,,0.1275327771870099,0.3207547169811321,True,3
-0.91301435577689072,0.40330449210636626,-0.061239470867533272,-0.39428275277035713,-0.91097698794067472,-0.12108690395895703,-0.10462264101588561,-0.086408414459254373,0.99075107312457633,-11.91767377641608,-5.4646239978272044,-2.6769698526564611,,0.1092899271115619,0.3333333333333333,False,4
0.86729267269721655,0.4969640899939114,-0.028811684127131532,-0.4844430555890385,0.85592589119203322,0.18084743481365417,0.11453534728315926,-0.14289003479475604,0.9830890560773623,0.87355796670066466,17.47140798889188,-0.61754378571172464,,0.2906841800907344,0.25,False,5
-0.61000285438579693,-0.74878682710605848,-0.25925818250080457,0.78700145777308128,-0.61062657728652492,-0.088112930801258274,-0.092332134732301716,-0.25778570686479879,0.96178027960235868,-4.9859865736279021,12.014296600401822,-1.5575325014530808,0.2294608737196699,0.1633072597000568,0.2545454545454545,True,5
-0.98022192841047406,0.17666045482457382,-0.089196719471221819,-0.17409523738726695,-0.98407692261773549,-0.035825391697515335,-0.094105363196388903,-0.01958811048529125,0.99536952261222744,6.4808801064220027,-6.400981797241144,-0.20081022342536861,,0.1585095855413447,0.26,False,4
0.95251395365849401,-0.21100322038519528,-0.2195331616702626,0.25303352907856064,0.94956677141419987,0.18519443778921255,0.16938477277463321,-0.23194953678136548,0.95786648920347806,-15.288135687202828,3.1601836605691616,-3.0919948777238617,,0.4213502257876949,0.4390243902439024,False,4
-0.48690325062435513,0.87011836976420387,-0.076283990000001412,-0.87121274276660376,-0.49005225768679767,-0.028933398990853045,-0.062558623486516071,0.052371818136823581,0.99666624869738429,0.67316137945528032,-13.638844441052992,-1.0703194949596087,0.3591187950550571,0.3597294646573532,0.8861788617886179,True,5
-0.9872978529844223,-0.10440702324902189,-0.11975860298378793,0.11562335971696235,-0.98912755769201721,-0.090873061475816877,-0.10896874863974663,-0.10356567052119081,0.9886354048431526,3.8518618743834985,-25.686395704244998,-0.58798691471123954,,0.1544165784815733,0.1538461538461539,False,3
0.82131652319050696,-0.54372872090814728,-0.17262168691635621,0.55856415700531403,0.82797655372810952,0.049607549682152891,0.11595365989567288,-0.13716378726221581,0.98373819902486537,8.5839655130563859,-3.8742076874530791,0.11370641097234403,0.6316522585407193,0.3991159023241677,0.2777777777777778,True,5
0.96080242735972676,-0.23888965544731322,-0.14067845641718421,0.25150855286960755,0.96455931745254275,0.079804579749045854,0.1166282273426692,-0.11205826893072229,0.98683372507791689,-0.80457947459231072,7.9701536655713792,-1.0306517446363759,0.2175441252746294,0.1498234718694434,0.4354838709677419,True,5
-0.7358588437628063,-0.65143974646144565,-0.18476476608464687,0.67401181876956551,-0.73084680052212947,-0.107568686547296,-0.06496022025062255,-0.20368900534102308,0.97687816993122378,-1.2431695429960721,-12.766547484159648,-1.3266982620093584,,0.09497955615649403,0.2424242424242424,False,5
-0.10595622904149392,-0.9810137785100691,-0.1624353529891284,0.99423326691540403,-0.10723527354438321,-0.00089836884606512776,-0.016537487294893547,-0.16159381944015544,0.98671877910208694,-1.6578232006060833,12.429739667864117,-1.0445946527639409,,0.1001042537066157,0.2954545454545455,False,4
-0.33248843717971988,-0.91533740704283506,-0.227175857894025,0.94268595754418727,-0.32975389842361591,-0.051044607192393586,-0.028189086377278523,-0.23112723280160291,0.97251507837497719,-7.7276963711904756,-8.8894763004940405,-2.1374801464501565,,0.07271634615972086,0.3617021276595745,False,4
-0.43912034748461254,-0.87320851568696978,-0.21137693477943981,0.89670134660784229,-0.44055397576075012,-0.042882274112717091,-0.055677782073955497,-0.20837246116786851,0.97646346680772977,-4.7163516852929916,25.412116692882055,-1.2597195069618896,,0.3417893249029696,0.3333333333333333,False,1
0.64916929831475334,-0.70843111842766027,-0.27695590365411316,0.75680020423623351,0.63811108638803671,0.14166048248074237,0.076371938521472199,-0.30156192046081615,0.95038294131074286,-7.7429031384906812,15.074330420614778,-1.8934652339914229,0.8588116133100289,0.4113300863346745,0.3488372093023256,True,6
-0.8351597835834158,-0.5190184874977245,-0.18201083901920961,0.54035331538518871,-0.83600193711565496,-0.095493746869140264,-0.10259839393059313,-0.17810269726887043,0.97864855734242839,3.9593559688619999,3.8509347250235031,-0.43771351879162751,,0.1574591776498277,0.375,False,1
0.98664095369232574,-0.067325138225031597,-0.14834741069556234,0.08882813302131945,0.98566186250280474,0.14345820154821667,0.13656204187490834,-0.1547191603211521,0.97847472637185351,-15.167176226172574,-11.348275818225398,-3.1012543758101412,,0.3652347762098939,0.7889908256880734,False,4
-0.066858421807652529,-0.97730646046394865,-0.20100257154777973,0.99764260543513805,-0.068602404166200961,0.001715215207768208,-0.015465550555404373,-0.20041405259623762,0.97958921200060844,3.2236736560841677,5.7688065152476247,-0.52756438537371142,0.7031247125451076,0.7610752043755199,0.825065274151436,True,5
-0.51268100973243658,-0.839318594312366,-0.18083826890689519,0.85624053654911458,-0.51535016071067652,-0.035585888011456401,-0.063327133440676114,-0.17308526539539193,0.98286884428859245,-4.8748397237221948,-13.805594770457073,-1.7875664628342109,,0.118828631484974,0.1724137931034483,False,4
0.17050132242553737,-0.96683758008025122,-0.19014308505887734,0.98530964288826728,0.16918940933350821,0.023234702511003603,0.0097060127003391963,-0.19131136274132582,0.98148140879158741,-10.663845777406689,3.8986027174456259,-2.4758276592503274,,0.1135191294465702,0.34375,False,5
-0.52570271420632408,0.85066629244181757,0.0018748811687944178,-0.84977076891471015,-0.52504551772976304,-0.0470833793390876,-0.039067845784061882,-0.026345079524994444,0.99888920317050944,-7.066235010857941,-14.246435923367676,-2.0677641706327443,,0.4164400319325762,0.1304347826086956,False,2
-0.045562877895044922,0.99663684497670091,-0.068110376542854664,-0.99895816092451417,-0.045632267163707357,0.00053750889584552528,-0.0025723297289218655,0.068063906943315128,0.99767764718438912,-12.94812399729078,11.630709533213935,-2.6556814604014134,,0.1063674005615653,0.4117647058823529,False,4
0.0038908728011694776,-0.92235588932148238,-0.38632172414041477,0.99999159322656406,0.0030888634759026518,0.0026967385163043228,-0.0012940575888282849,-0.38632896908775161,0.92236015365937862,-6.4549729538588902,14.601798617528313,-1.7360567621673448,,0.2490526715822792,0.6086956521739131,False,4
0.056479125520039683,0.99211701705260147,-0.11186569114406797,-0.99837075777983519,0.057032914454512404,0.0017540464483436109,0.0081202457235168973,0.11158436782754408,0.99372178725532501,3.1012557039541448,-2.1601138940435369,-0.67012144052720002,0.700177741776373,0.598847901364639,1.0,True,5
-0.32551818460542437,-0.91375863344223884,-0.24307009544771491,0.9446888609235532,-0.32517465148225821,-0.042713020033144922,-0.040010842757292442,-0.24352947633328553,0.9690678648158173,-3.76382984129663,-10.197763975664136,-1.6273771139555337,,0.1329455103508663,0.2173913043478261,False,5
0.63878610671775204,0.76715143531647156,-0.058574611874539065,-0.76731595584180323,0.64079860820717505,0.024563542707159984,0.056378486809735347,0.029254384485472615,0.99798078499208565,-0.73683064501091167,18.038304700169373,-0.79719809878803538,,0.6026345035859026,0.8205128205128205,False,4
-0.18770750654985047,0.98222439425667862,-0.0010636314864410357,-0.98202256829732382,-0.18769069900794466,-0.020096687802665183,-0.019939090740715384,-0.0027277890333123334,0.99979747540560648,-13.958212226346983,-2.5090093166348515,-2.907073045694724,,0.314605248691407,0.25,False,1
0.95335382515767109,-0.28591696702842484,-0.096788284531266172,0.29290986527920165,0.95373689502085401,0.067747663414337092,0.072940351516554855,-0.0929377374442108,0.99299661735546429,-1.1900915173793192,-7.0616016598611875,-1.284028264908708,0.1682687695963708,0.1519814701774111,0.2033898305084746,True,4
0.97678946378235842,0.19198503870686257,-0.094995201755117969,-0.17646057047396341,0.97262364887184449,0.15121145698398852,0.1214249171783721,-0.13093885049114209,0.98392632189624973,3.3067227590210035,-12.092981780113861,-0.72126157042435812,,0.1965486383259504,0.5,False,5
-0.54345714965740255,-0.75870596734477913,-0.35919295873064805,0.83666679381466869,-0.52430418129631995,-0.15841023200248378,-0.068139581845919853,-0.38661399430261312,0.91972094506716828,-0.67547859659810128,0.063745821503434108,-1.1835966247081819,,0.09993897699420942,0.2102803738317757,False,5
-0.94560715781781857,0.31802753374337311,-0.068451375916153218,-0.2971136457306412,-0.92999868503672622,-0.21639299284081823,-0.13247861942348996,-0.18428492507817085,0.97390373332510582,28.786201088598983,-3.7912151080236804,2.7327038123991172,,0.4496648051935113,0.3793103448275862,False,4
-0.65680341461566538,0.74981563885293467,0.079911089848448275,-0.75064019458006992,-0.64005724023382859,-0.16390859497003113,-0.07175355621846552,-0.16764020089411721,0.98323353798280455,-10.427266673091932,-13.697179934146655,-2.5043959225820549,,0.3412848035783078,0.2058823529411765,False,4
-0.91001551875794084,0.41074550578482583,-0.056212855267134418,-0.39280654359207556,-0.89762998329177712,-0.19990856011399596,-0.13256988696896038,-0.15983911465336642,0.97820073732126467,-9.8893306063646538,-12.610118875599287,-2.4393878950952104,,0.3084567388424477,0.1739130434782609,False,2
-0.92233235957016413,-0.3034787914143669,-0.23917282799558831,0.35489590797208581,-0.91014308189094939,-0.21374860231288556,-0.15281332728005412,-0.28202871067981439,0.9471577974962142,-9.2890826160042348,-6.9384866222389379,-2.3207632147233834,0.3148235763393873,0.2642356720370602,0.1956521739130435,True,4
-0.64119186031479813,-0.68627586602777002,-0.3433634138545944,0.76327855329362215,-0.61656203275292676,-0.19302100882953854,-0.079239184423127787,-0.38584542951214518,0.9191542069623273,-2.9535455049667223,-5.5677212072338023,-1.4978877572682918,,0.3864162718480653,0.2951807228915663,False,4
0.32337007359395403,-0.9104930320338317,-0.25774839305354147,0.9459134448631592,0.31852870813032347,0.061540368246710352,0.026068186184585521,-0.26370798379015647,0.96425025224491334,14.93182251487687,5.1634076852464519,1.1617768685673033,,0.2411753435785465,0.3125,False,5
0.9779106957256487,0.19020088432996671,-0.086685032072876922,-0.18067209409995069,0.97770167526603857,0.10703751022664823,0.10511073017972838,-0.089011559822754827,0.99046891754310207,6.9322216002630128,9.3001034035786478,0.0918173319325961,1.030289460753854,0.7403898469670912,0.3181818181818182,True,3
-0.17564196995846507,-0.93996388372716344,-0.29260518737311625,0.9828119951723755,-0.18458477088404773,0.0030074080164913253,-0.05683731638988395,-0.28704766093147388,0.95622861273827475,-12.75762860029991,-13.386230493481484,-2.7970227736580666,,0.3359157720933154,0.2786885245901639,False,4
-0.80503654913642464,-0.54091134081587589,-0.24357971165778436,0.58506753019136859,-0.79180954435152828,-0.17531009836743267,-0.098041520134535737,-0.28364161692283052,0.95390528538168462,-18.405305314018797,-20.262336667680124,-3.5229855171197086,0.3297090994127986,0.2085625345035101,0.6451612903225806,True,4
0.32695824625019176,-0.91785119529562686,-0.22504996890332291,0.94502415875627288,0.31887205444153444,0.072456554315207339,0.0052578109509904408,-0.23636792546922014,0.97164940139608991,-7.3626295804333797,25.032798903615241,-1.6350243112491472,,0.3618972367746418,0.1111111111111111,False,3
0.92112619010652474,-0.36373876276950617,-0.13863857456981199,0.37219412100273708,0.92729260065321595,0.039999613308106856,0.11400911450774615,-0.088445153811314209,0.98953492943728605,-12.132049786609951,-4.2899068109924103,-2.6635946779267252,0.3089450781140939,0.2830178678769271,0.9194915254237288,True,4
-0.97058308639043656,0.21004048088910415,-0.11769226313011988,-0.20983825740103729,-0.97763229125622286,-0.0142481165072863,-0.1180524381099837,0.010867358509916214,0.99294789509586379,-3.331992540709507,-11.29415532381705,-1.5885799176359638,,0.08089103312016371,0.3939393939393939,False,5
0.50547749563339806,-0.84314662376396354,-0.18329285922702587,0.86064993432253323,0.50781210827332546,0.037530697323935339,0.061434452539338519,-0.17672191014820696,0.98234167910903691,-5.5400428549295055,-6.2402274379119689,-1.8530065469802179,,0.09888290128274888,0.1975308641975309,False,5
0.4844954615166352,0.87121901170589955,-0.079003679736952423,-0.87310443886937528,0.4871936780782215,0.018192274932195704,0.054339549099869232,0.060164388826035947,0.99670831225630585,-11.789105081639837,-0.75639087200450339,-2.636216552426546,,0.09863291920750769,0.4339622641509434,False,4
-0.69667409345592923,-0.66682431613121329,-0.26455725074829717,0.70841092680367668,-0.69762447594521926,-0.10711698906948752,-0.11313340042849319,-0.26204087844894797,0.9584025311575447,-16.736543785593771,-14.812899777333232,-3.2960049092888331,,0.191494463069279,0.2222222222222222,False,4
