axis_00,axis_01,axis_02,axis_10,axis_11,axis_12,axis_20,axis_21,axis_22,location_x,location_y,location_z,dbh,dbh_approximation,score,reconstructed,number_clusters
-0.90827713117893472,-0.25021767628294067,-0.33529653659548797,0.34811530498368248,-0.89652720991206203,-0.27396112191953625,-0.23205255312855672,-0.36555447796854967,0.90139976493432672,-12.627075678668708,-2.2826798268785424,-4.9848506468446887,,0.3598134552577709,0.5,False,4
0.27744891748836648,0.95318061498195072,-0.12028638080499736,-0.95784037057439142,0.28415549990733791,0.042396655178500026,0.074591706525908755,0.10345224548090862,0.99183350932629399,-12.189460732908035,-13.823181352767808,-4.0165098842979976,,0.1604606105022973,0.2142857142857143,False,1
0.28115938487273029,0.94759821161867752,-0.15168068313094757,-0.95649007821261489,0.2895461893815845,0.035912873672655929,0.077949538669657745,0.134983827000447,0.98777691604405304,-3.6601165808513474,-12.826560290441485,-1.6939760009647333,,0.08924693248675063,0.375,False,5
-0.62488410387246007,-0.64932913932222303,-0.43346456089809016,0.7682051717049293,-0.6103951811620324,-0.19307650551004482,-0.13921447803053069,-0.45364015655718948,0.88024424875454654,15.006430618867881,23.053055647295462,2.0827061302441354,,0.4113768412998032,0.2564102564102564,False,5
-0.39467049872467741,-0.86149783225475374,-0.31946311595671761,0.91440643178750436,-0.40231681233181726,-0.044744385355148394,-0.089978191480264688,-0.30977841683294549,0.94654173575305967,-5.4438829463602154,-12.245706430521611,-2.1877348962556478,0.5265700761158078,0.3411707137441953,0.5454545454545454,True,3
0.85030126925696548,-0.44544624908941977,-0.28029518488935928,0.48343758009511256,0.87158331481304263,0.081428689608088176,0.20802850201781298,-0.20474414402291288,0.9564538555709573,14.381370829151312,25.211700242154862,1.7384712606808785,0.2652225755062577,0.2207258912145915,0.1111111111111111,True,5
0.94174616858829119,-0.22254678004771267,-0.25216479659078056,0.26189565873549314,0.95565246966377249,0.13468118339632712,0.21100904692637423,-0.1928763539574721,0.95826608736785412,15.45416608875367,28.024503464559455,1.8913925483516107,0.1926583634766511,0.2612864587244696,0.15,True,5
0.60321738988301232,-0.68219637030613867,-0.41320321015676376,0.78453116114637911,0.60083336275365784,0.15333012552151831,0.14366501916973032,-0.41666219236122237,0.89763744336101547,23.197001932038784,16.90410837181313,4.7744410489869873,,0.3855139291962668,0.62,False,4
0.97201464988960795,0.11109311764013478,-0.20699236607415478,-0.053709438025043639,0.96287214708365854,0.26456100362211032,0.22869809065013141,-0.2460397276528721,0.94189258185287972,23.141276108488917,15.320889867887455,4.8395309512386708,,0.3463749897338745,0.1071428571428571,False,3
-0.96854190361703596,-0.020805803649240673,-0.24797923193766799,0.079114510402517407,-0.97054236161876872,-0.22757068912149278,-0.23593955832300881,-0.24003050397391235,0.9416569874324574,25.917744064501132,1.995879998149851,5.9840064066200291,,0.4714742866310392,0.6896551724137931,False,5
-0.3826826576245656,0.89891882103781728,-0.21330479773642963,-0.91960394029464587,-0.39280746176722386,-0.0055579649649418368,-0.088783875495273085,0.19402899567840509,0.97696989323523598,2.2774901717876128,-18.965476735045279,0.41668578690410096,0.3696491264112143,0.3554479771905185,0.8363636363636363,True,5
-0.15863692931303708,-0.9042538891178612,-0.39643313266344671,0.98629079644325701,-0.16361283276648375,-0.021478030762916551,-0.045439954989597381,-0.39440555899904628,0.91781232587125006,-28.519011182339565,1.0001221443878494,-9.9371505984689321,,0.2640121776041937,0.1,False,2
0.4686908172479316,-0.8328197242577593,-0.29451693451259586,0.87728566788681939,0.47787359838374316,0.044795991875959777,0.1034348816784937,-0.27937095563963654,0.9545957753924712,-4.0759637134297266,-4.6122031907419823,-2.1844563641789638,0.1481442670395585,0.1059160813691372,0.5407725321888412,True,5
0.96700127469393782,0.049231097873300309,-0.24996966564462786,-0.009614178187200631,0.98750483177663728,0.15729518363757486,0.25459006720232091,-0.14970139017384962,0.95539174764173718,25.40355053585014,0.85193360071543101,5.9771088710016675,,0.2355275430123472,0.25,False,5
0.68481076265888097,0.72820253322446904,-0.027482539038971132,-0.72405569222357891,0.68420316884019239,0.087231750570955432,0.082326022041613073,-0.039838352808641508,0.99580888313988158,-1.7829197923612075,-5.8053034510655719,-1.3773264852438363,,0.339078147936786,0.3008130081300813,False,2
0.035724890089594036,0.99274771190651356,-0.11478550750189656,-0.99754955749769669,0.042337841675896624,0.05569907987010124,0.060154904739643925,0.11251438870921456,0.9918275554596957,27.268006035082863,9.4683070916632577,6.1516279296838965,,0.2547173469967098,0.4,False,7
0.96541268527994017,0.15707307399641612,-0.20810188977011093,-0.092490066870588042,0.95257206753004919,0.28991730491952589,0.24377024968369124,-0.26064248615074953,0.93415285675434667,-6.7484845407578238,-14.82340915396175,-2.356434595456959,,0.4723330661849791,0.2826086956521739,False,3
0.85825091944845056,0.46331427165923905,-0.22078325331138426,-0.46672091771466456,0.88351026968631441,0.03976415881667919,0.21348757395565496,0.068916536736009393,0.97451196335952883,-22.258195033152592,2.1331603304344675,-8.0761102122968467,,0.09012945678496226,0.25,False,2
0.60518612604173638,-0.69220888536028091,-0.393187756517001,0.78130835501287332,0.61116944850014554,0.12660631740598605,0.15266632645633754,-0.38382126601883948,0.91069985643900353,-20.875651155598298,0.30005873214092282,-7.57440264497487,,0.6196056152606649,0.3076923076923077,False,3
-0.93281418895731294,0.28652065227459178,-0.21854886112733105,-0.27856165592295978,-0.95807256065519864,-0.067084814742604276,-0.22860685188631061,-0.0016983343997676731,0.97351734598357187,0.66883277087270099,-18.791970656758124,-0.10740123067026509,0.274712914141646,0.2981198337447005,0.4666666666666667,True,5
0.15404923815055238,-0.91571827756008817,-0.37111840208701452,0.98762137191755794,0.15393699275787273,0.030123545480945819,0.0295441695925674,-0.3711649746447625,0.92809681803141519,-19.436016513048163,7.1814968249933768,-7.5920508309499928,,0.2285464579495258,0.303030303030303,False,1
-0.15819372219800953,-0.95425206482174929,-0.25372769466608547,0.98633744178839367,-0.16467910951880443,0.0043865492610982047,-0.045969524507715381,-0.24956720071259547,0.9672657417406102,-9.1979641650935928,-5.5873400333752752,-3.7312398824648572,,0.0937723931317137,0.45,False,1
0.96743288281494266,-0.082346039781143285,-0.23935903363092739,0.098375892055621347,0.99358412832213794,0.055792148270139556,0.23322907432528606,-0.077522317294433818,0.96932682270257586,-6.7967632570574619,-2.2167712880362402,-3.1736591401670249,,0.08657414672040481,0.288,False,1
0.15406803832827065,0.97126719167482478,-0.1813920669207352,-0.98681188154703448,0.16048367087614976,0.021149511098739478,0.04965229101742006,0.17574138316917168,0.98318340925714698,-6.8795533418684114,-11.889852715200135,-2.5268852722608055,0.3423324674108159,0.3005561490633191,0.9285714285714286,True,5
-0.79300988802231931,-0.53865985613048506,-0.28457139155634664,0.57179773174178983,-0.81928764819149191,-0.042604031450082722,-0.21019674467929905,-0.19650269442005308,0.95770769006617384,13.565041642062679,29.672474733968674,1.0341997149414692,,0.09147800371505671,0.1,False,4
-0.73313522589312941,-0.62904617477402525,-0.25848336611240025,0.66071899390422961,-0.74886008034889384,-0.051565406563228132,-0.16113085256651855,-0.20858928558776707,0.96463845988493135,-31.253383853420466,3.5542601243332244,-10.975949999040331,,0.115734124296323,0.4285714285714285,False,2
0.77452044182088153,0.61045166097163206,-0.16573127290454692,-0.60269099132942472,0.79172806483078728,0.099650591215763654,0.19204596890312822,0.022703325224983556,0.98112328728442011,-7.7336861598457176,-3.6466205586116933,-3.4405294032186142,,0.07472120853138106,0.3157894736842105,False,1
0.90561807582678866,-0.3241856728926194,-0.27342192711438773,0.36787351959186099,0.9212819868072849,0.12612919712548468,0.21100941760708861,-0.21480956746751817,0.95358894467455757,-2.8365151916326687,-8.6263475610358959,-1.6208339409210044,0.2343119469432326,0.1243280558411798,0.2432432432432433,True,5
0.48239101946415569,0.86560232511391044,-0.13428149201480935,-0.87091306379027789,0.4903705774344162,0.03235942066952055,0.0938580825489332,0.10133761169490799,0.99041473575275951,-0.31203101525370502,-9.1834334028684808,-0.902127836581606,,0.5660163996527822,0.2738589211618258,False,3
-0.48998797970717944,-0.81597968174426405,-0.30673920310747133,0.86419395960924661,-0.50085301581996755,-0.048115036308155709,-0.11437036293274795,-0.28865795593500143,0.95057666947914243,-3.1451748816550231,-20.510341248045325,-1.1101648933965922,,0.163438129006929,0.2666666666666667,False,4
0.14572461382176355,0.96910724588001873,-0.19898613748033753,-0.98815604139053215,0.15235331634408655,0.018333162911851681,0.048082998969404045,0.19395776081870142,0.97983080796038702,-1.3298380068582296,-12.806179424326146,-1.0333883059353042,0.3471123606342569,0.2972073391508466,0.5230769230769231,True,5
0.059724717348284162,0.98908664379247235,-0.13468693035706703,-0.99820568714069313,0.059757263377618101,-0.0038046857418008407,0.0042853585198273109,0.13467249364647488,0.99088089857328265,17.571085332796056,17.108506993172117,3.128316186834609,,0.2381010361735063,0.2352941176470588,False,3
-0.16264899491127777,-0.88837254379150499,-0.42934779362628728,0.9856653839233962,-0.16605913097137537,-0.029801274405217276,-0.044822487542467183,-0.42804040517040154,0.90264741519159264,20.423820243295069,19.291733766465445,3.9132802420051531,0.7076401821812873,0.2447852930018532,0.2222222222222222,True,5
0.40307279897017484,-0.83960984874763822,-0.36412583074579852,0.90857922275326009,0.41478957730097021,0.049329530137282938,0.10961804008205821,-0.35072055606772079,0.93004245969746879,-21.098720381910148,2.3122476390942168,-7.786627892599264,,0.1302235179407243,0.2692307692307692,False,5
-0.9753048548448725,0.07975649683938392,-0.20595956236099486,-0.019823268783820121,-0.96036920672302128,-0.27802522330342699,-0.21997153936531791,-0.2670765582938821,0.93823378423458426,-15.562286931522369,0.5216879201632626,-5.997258355315954,,0.4952681371020632,0.2385321100917431,False,3
-0.92174625448357961,-0.29842975216555168,-0.24763587253849015,0.31620975278896374,-0.94806302993841396,-0.034465685908395667,-0.22448882953642568,-0.11007349493134655,0.96823994501722765,-5.1703768110807928,-13.858139246426123,-1.9435028424155529,0.2435560310884137,0.2283083882210103,0.6818181818181818,True,5
-0.39850215967855529,-0.83262538799999342,-0.38461798188512392,0.9107611790123733,-0.40872049857213338,-0.058835608698616169,-0.10821323179499465,-0.37374124378345641,0.92119888143640072,22.682270659786322,9.4769249173652899,4.9753487614257139,,0.1670842105826227,0.1666666666666667,False,5
-0.6497121072744374,-0.67840668410754834,-0.34298476441266301,0.74827243240628105,-0.65028628518491627,-0.13121019091971536,-0.13402441778197197,-0.3418948935836883,0.9301318923569929,31.338884574622821,-11.569262933370737,8.09845811247067,,0.3124775063829489,0.4565217391304348,False,4
0.94955768331045209,0.22205731152068095,-0.22142889708955085,-0.2112414149278781,0.97480081831872067,0.071696786709173232,0.23176986578361672,-0.021305281161249912,0.9725373074125665,-8.1057956909785496,-8.1541112841306038,-3.2572401648717371,0.1104105502489944,0.109819950084316,0.5178571428571429,True,2
-0.12449868151291865,-0.91782737242387291,-0.37695224197639937,0.99078417069943792,-0.13542678644458933,0.0025124897449344233,-0.053355462634782073,-0.37316551279932175,0.92622928838611396,-27.299781924057896,15.745577294225216,-10.36001921676621,,0.4058502052525991,0.6274509803921569,False,5
-0.39615853962528536,0.91818099813768517,-0.0014374076820656556,-0.91134127845539026,-0.39339725119264263,-0.12122572720906548,-0.11187263143975434,-0.046714638101521266,0.99262392522132359,-8.2608155967408869,6.9505457344624428,-4.0329883491208944,,0.4277348588294948,0.2898550724637681,False,4
-0.67230493575189221,0.72471321602280625,-0.15098618441938985,-0.71794764730234251,-0.6880357620098676,-0.10563127343988632,-0.18043627433716178,0.037383749375665243,0.98287598718553615,-2.225592084377217,-11.050391036587799,-1.2651873543753267,1.007763308718114,0.3609175792593481,0.7239263803680982,True,5
0.88927166588238304,0.41288138526240259,-0.19678634597595979,-0.4014519074026745,0.91075775975815454,0.096729876889518535,0.21916265717846445,-0.0070188848192883069,0.97566308988009165,-25.929260579170879,1.2855672323334939,-9.2014512054884126,,0.1315552114668409,0.4,False,5
-0.36281890372717818,0.93091169829745934,-0.04202205458031158,-0.92811493875495954,-0.36503197252439185,-0.073173215692841423,-0.083457195963488051,0.01245267071329445,0.99643355394829036,33.517571863430938,3.4630774751222742,8.0174392428975843,,0.2258518344822145,0.2,False,2
0.22077294226423266,-0.93329193756440409,-0.28324100557877252,0.9742498751015769,0.22465881081378056,0.019120658678504786,0.045787430901457052,-0.28016883838324785,0.95885814027437144,-18.080171383531287,8.9328109151742225,-7.3262609599177244,,0.1764475368706542,0.1818181818181818,False,1
-0.47164954731652009,-0.78694463402170489,-0.39782514689316462,0.87316472468007067,-0.47973948562086233,-0.08621710683274085,-0.12300434175466925,-0.38803114426638075,0.91340120592696028,23.147770860851658,7.8862771306673913,5.1383784214062915,,0.141442586621042,0.4,False,5
-0.53482189957865234,0.83587018321762951,-0.12363887955981791,-0.83741691162546528,-0.5438537124709838,-0.054369619781594367,-0.11268740770267403,0.074459225346854216,0.99083670294655346,-19.973077391512383,1.7323575136770939,-7.4698585010745768,0.3002051390664924,0.2499399674054841,0.5487804878048781,True,5
0.88239234779103526,0.44104558640230929,-0.16389794164316882,-0.42622326367717073,0.89681004100612149,0.11859797574570614,0.19929243352472109,-0.034792830664396035,0.97932220687277005,-2.165140868120166,-16.766751334396314,-0.90944448760361163,0.7645437639680406,0.3704091312015588,0.4166666666666667,True,8
0.66467861139750728,-0.69705546595162238,-0.26891638279890773,0.73086191948457535,0.68132856670923003,0.040400975647494446,0.15505869275214595,-0.22339440810573954,0.96231582145836225,-10.05542860720406,-8.353073415907911,-3.7816119396799741,,0.08404047519261748,0.2173913043478261,False,1
0.40482932164338542,-0.86789861519387468,-0.2878631863964396,0.9095523336720911,0.41455926969333901,0.029243191053282824,0.093956227305111426,-0.27366513416195415,0.95722495877129643,-13.055200424886245,8.4935077786519102,-5.749174493986855,,0.1431487416786896,0.358974358974359,False,5
0.92884634228096075,0.31145620716408862,-0.20059786501915033,-0.29280897977817494,0.94892215583849437,0.11751443962377081,0.22695236018280443,-0.050416001207798891,0.97260004782524567,-5.4378509093993905,-2.3010764575138909,-2.7554598135230974,,0.07384104389084517,0.2061855670103093,False,1
-0.75953613874605641,0.61541905888032844,-0.21062819352019971,-0.62374662512674639,-0.78094915902386652,-0.032535498504105149,-0.18451287646591477,0.10666673795878166,0.97702466981725056,-3.5611498420346108,-14.308245394973261,-1.4886713666611346,,0.07711505436714083,0.3529411764705883,False,5
0.54796435115046982,-0.76403196918293081,-0.34057336938565635,0.81760550192377579,0.57523499751260188,0.025018810136548605,0.17679455051617529,-0.29216407668146149,0.93988501382065548,-4.6850397617420096,-9.441804033730854,-2.0978521519466726,0.1282948088155582,0.2340202621818569,0.2777777777777778,True,5
0.12082419135420859,0.99142235696126135,-0.049831966657771454,-0.99153028706330926,0.12294180436298682,0.041868873595152706,0.047636169238881976,0.044351131410063444,0.99787963829456638,-2.0150972332707102,-8.4245608335090711,-1.4147172101630967,,0.2419980321572367,0.2941176470588235,False,5
0.65208090392690043,0.74447736060554226,-0.14333162344605693,-0.73999353257876987,0.66611357987201725,0.093285960635449222,0.16492442655795272,0.045234480829244819,0.98526837728034256,4.059695750976557,-19.913486177150673,0.9148151239048129,,0.1282108284287505,0.1538461538461539,True,5
0.44117635541831363,0.8869218383820292,-0.13686882779089576,-0.8937382007449246,0.44802794713656818,0.022427374206889585,0.081212387903799782,0.11243047267370399,0.99033526488019652,13.772577832846965,23.837296103575394,1.6085792143713997,,0.3441216771327878,0.3333333333333333,False,3
-0.96489005621272628,0.17521998761931262,-0.19566587684235964,-0.12233124617709032,-0.95902322876356938,-0.25555725953425396,-0.23242686081983222,-0.22264860796911773,0.94678685655159578,20.715393249848265,21.97843267461861,3.8528241452201626,,0.6511332291420736,0.4722222222222222,False,1
-0.642763390330505,0.7422902123393148,-0.18936859485164878,-0.7516626281841573,-0.65881399952436814,-0.031103173825015224,-0.14784626286152175,0.12234931424392556,0.98141333181382917,8.0911243137557616,-28.905901137602282,2.337262624311979,,0.6095752373305848,0.9056603773584906,False,6
0.69185120017972945,-0.67239281809329043,-0.26311559244262306,0.70353343359086151,0.70974138833629619,0.036164478460515952,0.16242729028621383,-0.21013105400923415,0.96408625937270154,19.700345584088694,17.973995362605454,3.6465102750239802,,0.09377013745897282,0.1176470588235294,False,5
-0.68425509184770095,0.72180694823522151,-0.1038734747654604,-0.69780498027892268,-0.68945237227247558,-0.19422573430363946,-0.21180929813968685,-0.060416519654908712,0.97544177959238643,-0.95799817316121094,-10.362367190925299,-0.95570926086049945,,0.341392319793573,0.3793103448275862,False,3
-0.19966448907555087,0.97820895231928939,-0.056932744572854854,-0.9781737087648974,-0.20239490707726177,-0.047037188163331078,-0.0575350961007738,0.046298457766811879,0.997269354550259,-0.3840559660158826,-15.005259848632894,-0.498793377734571,,0.2621923512804271,0.25,False,5
0.61554709735549307,0.77079963010262509,-0.16422454497084618,-0.76944158566796728,0.63285596280344736,0.086330623702622331,0.1704740953399933,0.073220629454929895,0.98263794056622544,31.168827840504502,2.2730758958009241,7.3981848731134372,,0.1377703722671966,0.4,False,9
-0.85533117850344187,-0.3935097158676143,-0.33698468599878917,0.47335398802693679,-0.85796352620794247,-0.19958604589456566,-0.21058152126648633,-0.33022521286937284,0.9201123473176902,34.224665063451191,-8.1546679299982578,8.6731438335625146,,0.5870831112500521,0.2962962962962963,False,1
0.71680351391899388,0.66951611319088422,-0.19478423090988228,-0.66734257981108425,0.73969089572528279,0.086667525361092984,0.20210542695452249,0.067864224440423851,0.9770096434716653,-22.516652282077803,0.72706557643268976,-8.0144282007168819,0.1958291271023928,0.1484079490180469,0.2142857142857143,True,5
-0.91122017520922416,-0.32217081403437886,-0.25667831789244749,0.34840374773837962,-0.93522513371720528,-0.062998236685536307,-0.21975582097756186,-0.14683295218737843,0.96444152922736426,24.36221607964568,4.0220360324459552,5.4970138026480484,0.3307055699678568,0.2903222548339385,0.65,True,5
-0.56049269239415411,-0.77850603743569369,-0.28244697103867811,0.81644488922807279,-0.57659591512881414,-0.030901351266937709,-0.13880088121517634,-0.24792236755270197,0.95878507239159239,-35.669821436215557,2.2851699823715883,-12.072578115117999,,0.2201118860936853,0.5882352941176471,False,5
0.71474469426813281,0.6967084606813273,-0.061133810862800342,-0.67750936594167199,0.71142916010911073,0.18668050034151612,0.17355425974854893,-0.092010167707165025,0.98051672497802544,-18.429094720465354,10.888030257794144,-7.5081961340302206,,0.319647155566573,0.3488372093023256,False,3
0.96027399077648645,-0.14813912231902754,-0.2364924165311616,0.20128696741581373,0.95466331196852117,0.21932058163756338,0.19328067515079053,-0.25821069152891829,0.94655682311914702,-11.25747185004532,8.5596129629799407,-5.1953170446711221,,0.5124717182770979,0.24,False,2
-0.48715399100354428,-0.81681091507248094,-0.30903222820245541,0.86446182590231224,-0.50127605124983055,-0.037789839917854028,-0.12404330133851851,-0.28555603558992237,0.95030048402134781,24.489322808477066,7.8543693076953991,5.465486717254092,,0.1492216747021399,0.5625,False,5
-0.25961600999996109,0.94524952210562807,-0.19774445203540517,-0.96419264619954692,-0.26519667850936918,-0.0018063007263868884,-0.054148576771840956,0.19019480189185206,0.98025194157772721,-29.575020177827724,8.7435800253857217,-10.704108502633687,0.3724832717437125,0.4488944035313404,0.7857142857142857,True,5
-0.91019400354124524,0.34954390883845404,-0.2221844542525345,-0.35200250249772058,-0.93552520648405357,-0.029779628411266704,-0.21826844516077976,0.051104244705360943,0.97454976374744084,-11.944559513313708,5.8258944428491608,-5.1141603215690017,0.3437067245401029,0.2501162604443533,0.6579804560260586,True,5
0.94495099119423287,-0.21043582958949969,-0.25056812619727764,0.22924610072739679,0.97218082745664747,0.048069366825362891,0.23348201117499406,-0.10286496172500215,0.96690482991191673,-23.867165133658393,3.4822490195494811,-8.8110335496109968,0.2212959276625203,0.1978549059836062,0.7450980392156863,True,5
0.93729372599757566,-0.22891767539175623,-0.26282535855357875,0.26609264911502706,0.9570152734730244,0.11539700354125347,0.22511146859396078,-0.17809678333026546,0.95791772218436577,-31.34754748644383,1.3676273722317636,-10.903123646153089,,0.1589334428602018,0.2068965517241379,False,2
-0.95189456164748443,-0.096785791845660246,-0.29073915113508936,0.13942530343029391,-0.98170443549217667,-0.12968032271072291,-0.27286870152018955,-0.16397838830710376,0.94797350168603889,22.142575811480995,22.205114379717372,4.1875276483208905,,0.3302521322561981,0.6785714285714286,False,5
0.85177777300545243,-0.44693222441425018,-0.27336095586970788,0.48249828555105945,0.87251277379072667,0.076921154517457041,0.20413238315896412,-0.19741592223562099,0.95883101941567328,-19.361887308813149,8.6848259290761902,-7.6385815030910589,0.1587322115479722,0.110471532850918,0.1538461538461539,True,3
-0.86316468178056471,-0.42418824731022575,-0.27388147613618752,0.45861703634880208,-0.88556293886689708,-0.073815278066724707,-0.21122771148052508,-0.18932145189942165,0.95892660915911432,32.865677614004923,-3.515092449223995,8.1144821517799599,,0.1357217446896419,0.3448275862068966,False,4
0.41875505690092518,0.89456193406852291,-0.15621507108946536,-0.90425013083537642,0.42658589419362053,0.018872619299772846,0.083521872608963321,0.1333544937023608,0.98754274631799066,19.905595840619839,22.333164541491822,3.5985132440810221,0.6912614740888883,0.5394251129789568,0.4807692307692308,True,2
-0.15930688917023406,-0.94267836406218641,-0.2932214470190454,0.98617045447622986,-0.16570604152046273,-0.0030565539034919419,-0.04570721804101642,-0.28965325776289619,0.9560396647034537,35.782870034931122,-0.15923540263808117,8.7253541474606457,,0.1949211456591204,0.7241379310344828,False,2
0.97156922211406072,0.01711090174956445,-0.23613653610145696,0.013348943284599525,0.99183924985026117,0.12679395951564426,0.23637904381281877,-0.12634128184321639,0.96341207598220913,26.438102376175728,-1.4479438347647295,6.3708221985912337,,0.5579368963301137,0.6176470588235294,False,2
0.97147599235798876,0.032426659317203461,-0.23491042556171612,-0.017736551779086587,0.99776779394981041,0.064380463554683132,0.23647370044689606,-0.058377573793830503,0.96988259489223594,13.144650888204634,28.40699631022672,1.138867653690101,,0.1145188428210719,0.5769230769230769,False,3
-0.32644240778371836,0.92612121440808426,-0.18903663831031059,-0.94294927639653625,-0.33292546238212289,-0.0027015996923625179,-0.065437119004557578,0.17737004459869865,0.98196631853411276,4.2494417626630767,-21.791265478591217,1.0563519929064997,,0.1461964239791557,0.6216216216216216,False,4
-0.12786768794656489,-0.94476684194142113,-0.301770556461746,0.99079507874862427,-0.13531645606155648,0.0038168896298751359,-0.044440593005783416,-0.29850472540141265,0.95337293993815464,16.265711659655096,35.677638908735013,1.8464613033687807,,0.1016223580319525,0.125,False,4
-0.13088213518049666,0.99023205362326239,0.048066065656041546,-0.99090556100474148,-0.12913546086939137,-0.037818010470265007,-0.031241572631245235,-0.052578633712817208,0.99812797346653925,12.738919683325504,37.2040567895625,0.61942096699073246,,0.1864298884870513,0.1176470588235294,False,3
-0.65530951096560897,-0.67421537188088354,-0.34059224471137922,0.73248736241472878,-0.67732117201253883,-0.06854410146959726,-0.18447685150372733,-0.29439711660116885,0.93770924544668399,0.091274661651931349,-21.762477919203551,-0.14043138775350761,,0.2436204852814377,0.8260869565217391,False,4
-0.93693590957491735,0.26734136704146078,-0.22512151122765639,-0.26638075091962199,-0.96322431782986506,-0.035216602344464346,-0.2262573686944124,0.026972337859234356,0.97369404645498714,-24.678115969718991,13.23181250415824,-9.5088692176045946,,0.1215689775509486,0.5,False,3
-0.95902837393817686,0.16236618815198905,-0.23216760955501409,-0.12657333108349658,-0.97870368079420034,-0.16161156226678652,-0.2534635473592291,-0.12560384605925398,0.95915582884909745,26.344544542484176,20.698946317030693,5.5175460699042258,,0.2992558804831211,0.4615384615384616,False,2
-0.8595648930273716,-0.3576975593429963,-0.36496664329073342,0.46518629510122705,-0.84332897307159305,-0.26906867901709586,-0.2115417347117014,-0.40105947092429395,0.89129198092268747,-29.575532504571633,3.8729704091359265,-10.576293178942176,,0.353065733375998,0.1428571428571428,False,1
0.36355928044638347,-0.85760490840063308,-0.36378354922735345,0.92784048475309067,0.36826557699987927,0.059097374307966466,0.083286760379173833,-0.35901850353998221,0.9296069221243215,32.902541534496244,-10.242426896400584,8.411948914315504,,0.1769380717776751,0.5333333333333333,False,3
-0.33239290612965533,0.94271917593514576,-0.028204809498413586,-0.94008074679651177,-0.33357332079543572,-0.070548062737526493,-0.075915383534530423,0.0030651227813783544,0.99710955243901866,9.6348582561178748,36.127038659553492,-0.48819150303777953,,0.4001917563372938,0.2222222222222222,False,3
-0.80678282284225822,-0.46721975847092528,-0.36167274442657044,0.55322610708097686,-0.8122873883013394,-0.18474326307234143,-0.2074665062382467,-0.34913449571899835,0.9138176802231045,34.703948849401378,-19.518454594159554,9.2027879163323902,,0.1972143466073403,0.25,False,4
0.78863163130631708,0.59689267752695985,-0.14757805262922491,-0.56952748959927157,0.79958437078821765,0.19053417693936617,0.23172955938742315,-0.066211520945427232,0.97052431489386415,-4.1297334437629223,-16.075052280886485,-1.5216069016163671,,0.2881950920544843,0.2272727272727273,False,3
0.72623418288157493,-0.6413483833379654,-0.2474998238466245,0.66992487545098545,0.74103317265194779,0.045502728284914896,0.15422247847286544,-0.19885192535946822,0.9678188564574054,4.8043143182310084,-26.357315446081593,1.3533541628581633,,0.7088386937909588,0.12,False,4
0.48827224706150346,0.86751707442341153,-0.094891192074699704,-0.86692436954734775,0.49464946459628051,0.061351810564551738,0.10016162056619224,0.052307100459309891,0.99359529840227001,12.241995823270639,32.953009506662831,0.4293756918331601,,0.2260443640654581,0.40625,False,4
0.15546833036970248,-0.8873779920253636,-0.43403905068679233,0.98759747832221301,0.14937604106088573,0.048353067830111937,0.021927586818067217,-0.43617324267544366,0.8995955109438496,16.448463303186887,21.473757362239727,2.5518076559871377,,0.3703994896146008,0.4285714285714285,False,3
-0.41774614129654486,0.90272700617782908,-0.10282078461605151,-0.90397902938743135,-0.42432260756569534,-0.052652057285598963,-0.09115961748276602,0.070952639315688737,0.99330541482191292,4.7791696191162067,-22.769564857540438,1.2672064806833727,0.709665635653569,0.2860394929117969,0.1764705882352941,True,3
0.93412689583218611,0.27556696455439289,-0.2268695451778443,-0.21942780121862746,0.94464379865980308,0.24392526254149202,0.281528653133713,-0.17807566285109061,0.94288423242986852,-16.823035006666927,-1.1896560958541889,-6.2630536737381064,,0.5025475569349789,0.2857142857142857,False,3
0.584705693104001,-0.75471861340283763,-0.2975215404555922,0.79959389688373961,0.5980856764942627,0.054250563487174074,0.13699946174363539,-0.26961702126479087,0.95317249715162045,12.100823359611731,31.195645351582318,0.36322560693564127,,0.1098928394394581,0.2608695652173913,False,3
0.90115731816639189,-0.34857066168671585,-0.25770910291730054,0.40469349500356666,0.88955093200833046,0.21194884869917771,0.15536622225230562,-0.29529245363604184,0.94268961159474529,18.948814842184511,37.713553008021933,2.6428492233275027,,0.2282212252147554,0.4285714285714285,False,4
0.82752680231025177,0.5234659574486874,-0.20293541546634866,-0.52372624630241527,0.84998612942204821,0.05687177440618324,0.20226272615623533,0.05921968576795307,0.97753916465039592,-34.597165501070585,1.875418940750686,-11.794584235001462,,0.190841395886851,0.4736842105263158,False,2
0.74514944347900969,0.65258030026235259,-0.1374454749797952,-0.63459650445644,0.75719979652219949,0.15471181169648421,0.20503556621862207,-0.028061002409731389,0.97835218440455862,3.8992946437886911,-22.979347953735331,1.0033972502897028,,0.1617889730479636,0.1363636363636364,False,4
-0.35485316723523119,-0.88161903971246358,-0.31117052964507885,0.93110410110253294,-0.36330371063117567,-0.032489486786702035,-0.084406057917482388,-0.30126115358288869,0.94979857587213623,12.783784392268567,30.827977881150389,0.62672656179877817,,0.1155990225331889,0.4736842105263158,False,4
0.96299352515892411,0.14741537934255697,-0.2256372673901153,-0.13836258576052513,0.98882463527358477,0.055512480918467388,0.23129908206400146,-0.022238403929957039,0.97262849435280185,8.4041826976184613,37.823163671945345,-0.97400747186210135,0.1826455007664285,0.1357390447454095,0.4166666666666667,True,4
-0.97562758567462948,-0.036066880647506634,-0.21644859480036352,0.076758593982842502,-0.98017570858225533,-0.18265732548970065,-0.20556977482225008,-0.19481981527973946,0.95905490314887476,3.309490668203714,-33.057877868056643,0.93824658933805605,,0.4192114259039681,0.3157894736842105,False,2
-0.87873642748978953,-0.40003490982684814,-0.26037350464728154,0.42570210603202396,-0.90356372424668085,-0.048480028314433064,-0.21587034979909084,-0.15344271616891547,0.96429006265351735,0.69445643264525181,21.286018609779788,-2.3977220350581163,,0.09578258413421935,0.2222222222222222,False,1
-0.58308439544623036,-0.746491645260562,-0.32056639147497057,0.79686995538558647,-0.6023350323026323,-0.046805801614343737,-0.15814822790938365,-0.28274145861045391,0.94606892222076289,34.373167708135007,-3.3734650500185777,8.489148575947592,,0.1507301282483456,0.45,False,4
0.40689984700836246,0.91055143245727355,0.072997283199979113,-0.90735909723285901,0.3936539688846456,0.14743141269803034,0.10550821377192282,-0.12622456825583964,0.98637486545191588,-5.2608920972694593,-3.5596127180937005,-2.6474280806065305,,0.3771266757550433,0.3,False,1
-0.96916079189308324,-0.050243268168210356,-0.2412529242536757,0.074192706776418593,-0.99306201650470449,-0.091231977051901753,-0.2349953227584772,-0.10631766259369917,0.96616445437733434,-32.896967793212092,12.154768433867826,-11.825999394831042,,0.6936544922316219,0.1935483870967742,False,1
-0.74213333226798317,0.66215064710965843,-0.10389724572421627,-0.65814965442085438,-0.74924884489055887,-0.073926996529487227,-0.1267956999370532,0.013516248089679606,0.9918367615263356,24.626106719342996,-0.50173190354727015,5.8247068166547056,,0.2718245424332947,0.3023255813953488,False,3
-0.52946955249177774,-0.75056599842102822,-0.39536397787153366,0.83553054392069315,-0.5420342295863495,-0.089931107700972998,-0.1468015775111014,-0.37795446282717532,0.91411143788340943,36.172723657401775,-4.2714048801971938,8.9992029426695979,0.2040501219068516,0.2040593271634501,0.2105263157894737,True,4
0.71327589694806048,-0.65312376119387971,-0.25429677032337583,0.68793609608960626,0.72180977901185872,0.075726947778473677,0.13409482663373615,-0.22895413402428821,0.9641569280896426,3.2744875189559588,-22.332796967636774,0.82150537402658708,,0.1298062520122503,0.1739130434782609,False,4
0.9172092016218677,0.35233147882883648,-0.18598335809007713,-0.32945088673848838,0.93324683619658222,0.14322170211352131,0.22402989462882048,-0.070091880809090124,0.97205850367004398,19.309015512302878,26.28797531345948,3.2106883776091579,,0.3225824958208653,0.2325581395348837,False,3
-0.56362166176257567,0.82323456221602065,-0.067937309079715374,-0.81761549184481097,-0.56769960019064092,-0.096031616870473707,-0.1176245292758433,0.0014210968955410963,0.9930571235312966,-28.38867893790945,4.6409770947437519,-10.280993383685409,,0.5723165989994791,0.6153846153846154,False,3
-0.036304300126213586,-0.9391485055433304,-0.34158759100423364,0.9991631518620594,-0.040555996389700234,0.0053110373670787834,-0.018841277913710909,-0.34110892057020215,0.93983493793006578,-20.815568545767725,11.387474839611881,-8.2451357809881891,,0.0940510578612214,0.2307692307692308,False,2
-0.74816161491525879,-0.51722326524576068,-0.4156131516878474,0.62194838405493624,-0.76488969246506022,-0.16770201528950002,-0.23115883184262226,-0.38395813866777162,0.89394728156191339,33.665574108005458,7.2832256975630338,7.973516576207345,,0.3969688544428136,0.3333333333333333,False,2
0.53974184371773937,-0.73539507007529115,-0.40972287347563741,0.83154752907931817,0.54158112971200845,0.12336363654637225,0.13117716654302378,-0.40728855968320843,0.90382995089171592,-8.4308923020924453,17.33019453633128,-5.104403071954664,,0.5825727816052632,0.391304347826087,False,3
-0.62349887635431467,0.77411578775261602,-0.1095166578062597,-0.7669868586808819,-0.63279603310630417,-0.10630305308765882,-0.15159257830032299,0.017718003190863918,0.98828425190690383,-1.0922327481868981,-7.0671175151970518,-1.1241997167652378,,0.3648307013633342,0.2,False,4
0.10752491459742677,-0.90803890013219912,-0.4048502792237183,0.99387933755318481,0.10855428587725055,0.020489738956940257,0.025342752921880343,-0.40457548475455951,0.91415339085404834,29.661816695383298,13.425285309377525,6.6435049777453541,,0.2964652938007579,0.2727272727272727,False,4
0.63331137622675671,0.76553204326043756,-0.11347859482418314,-0.74737765415173107,0.64305547548570197,0.16705178096181325,0.20085652296210638,-0.020984427305923814,0.97939589083996847,9.6159868519719272,-30.959721679663971,2.825863557750329,,0.2270527371191278,0.5833333333333334,False,3
-0.93194350627489431,0.25385669906509584,-0.25891712467859163,-0.22027928623502868,-0.96354592855379517,-0.15184294393613015,-0.28802488984086483,-0.084474966156713266,0.95388974358936252,-0.53881543517621067,-2.3109116094348923,-1.2585540950898797,,0.4016726642622213,0.2144212523719165,False,2
-0.49343691820615232,0.85100322661659733,-0.1797596062505547,-0.86235388067342722,-0.50561283212507691,-0.026484872624546706,-0.11342747567805053,0.14194778011155434,0.98335397262771385,35.409810266165742,8.5431290265079429,8.4314535058292659,,0.1117585341669799,0.2105263157894737,True,3
-0.97141671930286433,-0.029352929440895972,-0.23555883127596339,0.035896268596917275,-0.99907830778967854,-0.023537051746772564,-0.23465083711693421,-0.031319968667769461,0.97157503271902357,1.3766089334100466,-21.165488954414414,0.24082497333528521,,0.07640885375772444,0.3333333333333333,False,2
0.84381554356599486,0.51013500167699677,-0.16654611523669915,-0.48979736022313691,0.8589436813922694,0.1493797111884432,0.21925755256061721,-0.044475074595853842,0.97465280658541276,-21.53925017234889,10.905681533018285,-8.5358619412298964,,0.2279129324737977,0.1666666666666667,False,3
-0.26619464390897762,-0.88986943512221062,-0.37050344126533064,0.96071316536316731,-0.27625162704843886,-0.026744204063230789,-0.078553328714052906,-0.3630666977132026,0.92844598526762645,36.174844346137348,-22.532194984309058,9.7207611873775264,,0.1911481398563861,0.1666666666666667,False,3
-0.96030477405183989,-0.12462723025105157,-0.24956521074299884,0.15267011979354914,-0.98357557442963239,-0.096285637078658809,-0.23346643325212604,-0.13056470757969482,0.96355917393752244,-13.27325669596531,25.662036547645879,-7.2305983615723424,,0.8038762975872465,0.3170731707317073,False,1
-0.2348927295312935,-0.90227930353634445,-0.36154870214579282,0.9698860784606862,-0.24220091867576765,-0.025684816541406873,-0.064392549425303119,-0.35669422956165531,0.93199937026584223,19.523419506153104,10.891799547137522,3.998127794661849,,0.3240856688244421,0.3943661971830986,False,1
0.60965585562589342,-0.7018577232103812,-0.36839581169036062,0.7804538295758856,0.61276361802208201,0.12414736537205431,0.13860576323296969,-0.36320309029305908,0.92134247573862449,35.573338766382555,-10.360250959852205,9.1470332274603638,,0.1049944862563072,0.2142857142857143,False,3
-0.71886504146213048,-0.63622222036835629,-0.28009701618048066,0.67153220061128349,-0.73971072415582528,-0.043272948952344514,-0.17965955500840203,-0.21920157590314812,0.95899588811201908,34.993087097096264,0.84452477254266689,8.4479333706975979,,0.09351303598983536,0.2105263157894737,False,3
0.1502564979289501,-0.94784886047937555,-0.28107921039820183,0.98858512258864706,0.14722894620091909,0.031985821811490997,0.011065271190395576,-0.28267680323740058,0.95915138778243281,31.506892700776596,12.514960069679267,7.1613183773508942,,0.1793958254789744,0.1,False,3
-0.44330904402965632,-0.82995006705779262,-0.33861479245933312,0.8890679940288676,-0.45523392889268421,-0.04816816353584015,-0.11417177179582193,-0.32240495681005815,0.93969135909047652,31.871945737765778,-12.890264689443205,8.2716603803586288,1.021187148467565,0.6389849265816263,0.8245614035087719,True,1
-0.90880095534979277,-0.3122108972090798,-0.27677640654363167,0.35290493580804583,-0.92908257005099404,-0.11074152026118886,-0.22257342572199276,-0.19831775939471877,0.9545318938993268,34.282928684008347,-17.616448432100029,9.1035503214719284,,0.1103884224454052,0.25,False,1
0.31656407370663192,-0.90949583231493736,-0.26945225595645167,0.94604529124727066,0.32343134032483345,0.019760440393579513,0.069177266114876956,-0.26116948347278413,0.96281099222818922,15.542852273070686,25.352501417261493,2.0538150642850628,,0.08436926740415038,0.3333333333333333,False,1
0.10129902419073383,-0.9172455344852537,-0.38522608577933348,0.99463663865917917,0.10150739506310399,0.019854616195552642,0.020891738433526739,-0.38517123232967981,0.92260861531359051,32.333611647077753,-13.977877379599967,8.449684026734035,,0.1399539330240182,0.1428571428571428,False,2
-0.17966018642665513,0.97240944902291104,-0.14880215342560543,-0.98307803148481265,-0.18297630385157984,-0.0087895529328267906,-0.035774312363540825,0.14470499535182674,0.98882792380431028,33.480328906852627,-9.427106236778295,8.5270030526394365,,0.1743618640702241,0.1052631578947368,False,1
0.89072829449211077,0.43963046281469698,-0.11544765721534074,-0.39854135740042779,0.87751542343010613,0.26670483325899019,0.21855866908589994,-0.19155087524628195,0.95683873790716867,-0.081899725354973113,-20.733958305934042,-0.25483503001870905,,0.1999572569049303,0.24,False,1
0.91573549603469862,0.34570390910914883,-0.20473716938733383,-0.33339958728757274,0.93819215657452903,0.092952635995491181,0.2242168961041085,-0.016860740454900908,0.97439340049733092,8.8097721387441652,-28.204795462554056,2.5588885518209041,,0.151745455513725,0.2857142857142857,False,2
-0.54161405958972209,0.83995503826709461,-0.033611666790912875,-0.83656226260715072,-0.54249135833951867,-0.076594431315517048,-0.082569917260129133,-0.013366368866159578,0.99649563418360654,13.859995086025682,36.796256625718442,0.99406976548006531,,0.3801001948449481,0.1666666666666667,False,2
