axis_00,axis_01,axis_02,axis_10,axis_11,axis_12,axis_20,axis_21,axis_22,location_x,location_y,location_z,dbh,dbh_approximation,score,reconstructed,number_clusters
-0.88420501990058709,-0.32197996094918752,-0.33839383494644637,0.36701516256938876,-0.92702854301520921,-0.076928219004888526,-0.28893139882464886,-0.19221598576148308,0.93785481903702639,12.060205721308636,21.485250913405494,-0.27463303074105511,,0.3809390098978029,0.5555555555555556,False,4
0.70457444332892538,-0.61782091038361964,-0.34910195717081233,0.69738371090833651,0.69383327313594345,0.17958660542808258,0.13126619354370683,-0.36999015092596677,0.91971543134293843,13.887170311257652,10.346243543343675,1.7512801004203857,0.4081408113304001,0.4200195373858587,0.8461538461538461,True,5
0.25751805891393525,-0.84721406711901259,-0.46466415162874447,0.96568863660494064,0.2089226753018516,0.15426202668449654,-0.033614081354251438,-0.48844614874147485,0.87194635919552477,-10.413192492498219,10.752335100121382,-5.5582503883242049,,0.1919733425256425,0.2142857142857143,False,2
0.69779483090478156,-0.60259705677699238,-0.38724560827241905,0.70651268447486093,0.66806605995205359,0.23351138348326103,0.11799237534135462,-0.43653697060369046,0.89191550757762905,9.42484610691222,16.909665807108102,-0.48624386754285315,,0.3266896736500735,0.4782608695652174,False,4
-0.95542046797472846,0.0023532556873581967,-0.29523921074718718,-0.021221180245847463,-0.99792925998932869,0.060719466121873858,-0.29448495867178914,0.064277945244244225,0.95349197944778419,17.780815007396878,-2.2736772221365036,4.8384850392548788,0.6497234948217547,0.5401256672698599,0.98989898989899,True,5
0.73060239216464518,0.62720341025168957,-0.26988150498311186,-0.61018705055410782,0.77711437903691594,0.15415902578229998,0.30641786485023603,0.052049246514429187,0.95047302330886974,7.8520340939210405,-9.9943421088923099,2.5399631990577434,,0.07543295749683149,0.2777777777777778,False,5
0.7038379918522718,0.70386852012212575,-0.095818513902334868,-0.64454890744091764,0.68949616500385413,0.33038121066685866,0.29861143170026622,-0.17077512941312159,0.93897128179292588,-25.942160454862691,4.3106136949045624,-8.6777747203470277,,0.4254033495150727,0.3055555555555556,False,3
0.38714008582371301,-0.81284545542171127,-0.43520664005582244,0.92177858031384352,0.35203067844023261,0.16247661466039914,0.021137710921535255,-0.46406536935778747,0.88554871697711635,-1.6780101868015933,12.439218750307692,-3.5067779102085277,,0.185676994439928,0.1463414634146341,False,4
-0.379634879246674,0.90153820050074174,-0.20762040241086258,-0.92501621228412523,-0.37352052854268203,0.069479650033129892,-0.014911923782460479,0.21842913678143044,0.9757388722060969,3.9494200586079868,2.7993257086190764,-0.87695350782619552,0.3499928305414048,0.3672153843533951,0.3214953271028038,True,5
-0.70338730275539119,-0.5401331493374536,-0.46206328928978901,0.63216985145130944,-0.77256166691673234,-0.059243140757969312,-0.32497320080050385,-0.33377335393593532,0.88486595988535544,13.075983572879199,-5.1246556412114277,3.627143496873114,,0.3049351860840167,0.2413793103448276,False,5
-0.8864502983752498,-0.32730549737346976,-0.32722619072980197,0.33713833969891621,-0.94103967249601472,0.027965598396097677,-0.31708612144887283,-0.08553038160618312,0.94453213042585893,-6.2120702946575479,-22.4779981969285,0.19741083634366571,,0.1743740706012525,0.2631578947368421,False,4
0.30687583658927731,-0.83591284163114221,-0.45505707566609788,0.95165387477921004,0.26271952322288977,0.15916455238291499,-0.013495315311151584,-0.4819005844712031,0.87612196819333665,0.84785746627138314,-10.896461511576724,0.4918398532081224,,0.09845451733527387,0.3181818181818182,False,4
-0.74893325280267276,0.64504343846895862,-0.15171666136107409,-0.64420087445151286,-0.76239007513093016,-0.061372686903549412,-0.1552553258420275,0.051771959881752844,0.98651682599319523,-19.629678626401233,18.84792416580915,-8.9083441391457363,,0.2511487628324673,0.45,False,1
0.44843017418204423,-0.83198670632995264,-0.32666266908433195,0.89310958609001634,0.43162506479639512,0.12670860536533687,0.035575920468519776,-0.34856552315130951,0.93660900591072294,1.0128055605538688,-6.9171230867936586,-0.072817327702180606,,0.06876489418146836,0.2631578947368421,False,5
-0.42295782996038328,0.87211645392457238,-0.24600724556247228,-0.90585311341324759,-0.41388099863667099,0.090181239107919572,-0.023169182003929964,0.26098929051120684,0.96506361409169672,-14.544468654330696,-4.3924392401261132,-4.5876736194378109,,0.08276805687945685,0.3636363636363636,False,1
0.94811183758103756,-0.091311048701348763,-0.30454266667212537,0.15644035017962368,0.96787477685914081,0.19683707261475408,0.27678576602561428,-0.23426632003967029,0.93193826567036375,11.117060613056482,-24.824049960407123,5.6820969890491622,,0.4724467248336117,0.6666666666666666,False,3
0.94958738919994112,0.0021373833284758018,-0.31349517040131003,0.073849932044917507,0.97031116570725362,0.23030942065141677,0.30468012375178061,-0.24185051849507658,0.92123740094194062,7.6998677129126101,-12.259971449363812,2.827054207649907,0.385508035943143,0.2398532655262144,0.5217391304347826,True,5
-0.19545523117357194,0.95701774709075405,-0.21427618710492372,-0.98014441644696015,-0.1831858777826951,0.075893722328213467,0.033379267738133649,0.22485543341071906,0.97382023934140127,2.5731345831239372,-21.930208021920826,2.487001014562519,0.4127142126518563,0.2590606868309493,0.4857142857142857,True,4
0.36275394435306479,-0.79886637067834876,-0.47981464927146467,0.93188336884761802,0.3119244288066565,0.18519324388016192,0.0017212557943724893,-0.51431087147059817,0.85760210165649986,13.347783472169462,13.517703059549952,1.2151520291160611,0.1029727333317676,0.1230811954122842,0.1818181818181818,True,5
0.73103968131497832,-0.58606890199060779,-0.34943415182608872,0.66538849923418164,0.72573293613935297,0.17484235896783307,0.15112620365038631,-0.36032616824493419,0.9205030814984515,-8.4881856201454617,18.744472217693293,-5.9834218822075753,0.2619350197181151,0.248628386868083,0.7391304347826086,True,5
0.29144930893837273,-0.87697703825013584,-0.3820583393951319,0.95493415893223299,0.24326937342218163,0.17006105979667624,-0.056196551706795425,-0.41440473734840449,0.90835602119403935,-21.103733687273163,11.76947452422654,-8.4421916784937938,0.6398726661307803,0.6075750794946322,0.7647058823529411,True,2
0.73262115685052454,-0.56202911823060719,-0.38391341575402871,0.6636371603019724,0.71512054780629697,0.21951838549778982,0.15116864754747827,-0.41560302256618431,0.89689585105101155,-11.588904918398645,11.91051576316568,-5.9802263409488585,,0.2642503718584597,0.3333333333333333,False,2
0.85681800018174681,-0.41432460807471444,-0.30691698178544524,0.47125184861107178,0.87081139134931884,0.14003290997801854,0.20924772339311279,-0.26461791292351811,0.94137811235167401,-36.175383521962438,14.299605955369131,-12.886650459355119,,0.2061499830622313,0.5882352941176471,False,1
0.13044337962458094,-0.91976266938125661,-0.37016368909549119,0.98598971795167978,0.081193374369628729,0.14571174301353151,-0.10396538272754832,-0.38398472361688996,0.91746767312160704,-5.1055177588528302,-7.2714319967838321,-1.7219493166051401,0.09512760235831778,0.1277957958951192,0.2446808510638298,True,5
0.73204586661568238,-0.59017964899307107,-0.34028933436902065,0.66778404539891112,0.72048258443546287,0.1870008402009527,0.13480844885080764,-0.36413298043381437,0.92153885142126679,-21.654684808117203,7.2804480663357802,-8.0098219555312831,0.1629752528059464,0.299250828968294,0.6880733944954128,True,5
0.64852737597740451,-0.66555396497765373,-0.36939161104495571,0.75038642497973407,0.64047138261086933,0.16345219870854225,0.12779849691603351,-0.38318967595571679,0.91478588556391527,24.903449633311268,-9.2039723723223457,8.1161710793125348,,0.2327717504665024,0.5238095238095238,False,3
0.23749267448296685,-0.90969021462169763,-0.34067718295838023,0.9707085696753065,0.20912442975208845,0.11828713218175695,-0.03636072504568845,-0.35879058836930772,0.93270960720459917,-1.9543272557164828,-20.202888477270964,0.98685870167143497,0.2324725026737249,0.1949063178892373,0.5957446808510638,True,5
-0.95265780520305754,-0.046672194973570641,-0.30044102982456294,0.046285631317834197,-0.99889285876264788,0.0084081535723228989,-0.30050082615394669,-0.0058960096111907341,0.95376333047117179,13.655006774104681,-2.1082339407337698,3.2842504125959753,,0.07533585920506176,0.2162162162162162,False,5
0.62911400702585274,0.73093272650605523,-0.26448613477137284,-0.72622716463141335,0.67401354231020971,0.13527693866236873,0.2771455781990661,0.10697239879926262,0.9548545618992651,18.639975712589006,-4.7216570443843535,5.5466090596201836,,0.1506560547201044,0.6521739130434783,False,2
0.88987587809006741,0.36820571050642081,-0.26934267456883521,-0.33723390375053919,0.92854218623302343,0.15518602561689948,0.30723641671293422,-0.047264819221686724,0.95045874245510364,-15.846207311808625,1.6409158018169894,-5.7463234234120408,0.7083924947194522,0.6714937150801318,0.9718670076726342,True,6
0.78875024905136759,-0.478243648374441,-0.3862072726023052,0.57969251281133982,0.78771652697936401,0.20846885550135519,0.20452294544104793,-0.38831132601699159,0.8985458690990934,24.582412903644109,-10.515128151023998,8.1802350518517386,,0.5023181212212448,0.7428571428571429,True,4
-0.37725595315142446,0.89333759533902213,-0.24418412431136,-0.92607936971275273,-0.36600505577354731,0.091745845358986444,-0.0074126111622513507,0.26074554627471219,0.96537910340635658,-5.3633960349469714,-28.121853242495366,1.199565852672283,,0.2185497470659236,0.6956521739130435,False,2
-0.9493839657895754,0.11013432806555891,-0.29417769338141259,-0.12748565732625639,-0.99101685137145046,0.040410487177349103,-0.28708446958648409,0.075868505187371788,0.95489605572694813,8.7010602404633133,11.837953933992516,-0.3509344812777293,0.5229062615406926,0.4852539405851417,0.675,True,5
0.74439132799047703,0.60761373313414713,-0.2769243617296242,-0.59465353557186684,0.79187200374410904,0.13901763311957432,0.30375767223965389,0.061190530256530776,0.95078230713579825,4.2308842689837558,-17.213907018000924,2.3486186988562756,0.3199059336894767,0.3180946420566372,0.8428571428571429,True,5
0.88496249561726503,-0.2790962312382938,-0.37275551647084271,0.38021520902307543,0.89522946937236481,0.23238027453898724,0.26884526437786266,-0.34737514429771293,0.89836113726370725,11.012553473066353,2.9553528974278565,1.7328250641677159,,0.4690206526754587,0.25,False,3
0.95435364416648427,0.00049803333939306416,-0.29867854598036508,0.082164422820651048,0.96097858361291555,0.26413854217032562,0.28715523587199571,-0.27662233062446079,0.9170724926150553,-6.4299545953964969,-13.276963274610326,-1.2823201930377541,,0.2713363972634025,0.4848484848484849,False,2
-0.93300367364379511,-0.088079133461662712,-0.34892149721079946,0.14817457224938843,-0.9776061532469309,-0.14943394953105282,-0.3279457898889605,-0.19112371747739998,0.92516122028094383,14.549893070008904,-4.4865382815325203,4.0001000695788145,,0.5434134933386142,0.4259259259259259,False,3
-0.75276786012809238,-0.58058191941777471,-0.310266310777285,0.58373501387709015,-0.80659260205467131,0.093068834120720118,-0.30429259329153552,-0.11105408212150096,0.94608298183196615,3.6824854009595658,-14.01389501191704,1.6882740578646718,0.1864455650374347,0.08823398661989097,0.2972972972972973,True,5
0.95901865614195125,-0.064169290814427654,-0.27598101254988538,0.14129649647956244,0.95257499972763171,0.26951098303502141,0.24559828430648206,-0.29746121093392325,0.92260409208686955,17.225479516948383,37.713822282490121,-0.97416972731494755,,0.3936565636222308,0.1538461538461539,False,2
0.3612163276650448,-0.8329625445366059,-0.41916126255569319,0.93248162965569115,0.32308960553965094,0.16152745013433387,0.00088033110021652761,-0.44920652955109253,0.89342751179142565,-12.506425978511771,-8.4238614156251792,-3.3914036245934502,,0.2747722800181887,0.6491228070175439,True,1
0.33092187068582868,0.90287709086396939,-0.27441514953589502,-0.91637698656181776,0.37688504890310942,0.13494768769113083,0.22526414273397755,0.20681058654313816,0.95209529317816166,13.697557107431773,-19.475235324560913,5.7411865957457859,,0.320497608906067,0.4418604651162791,False,2
0.80199350149841619,0.54107639511528705,-0.25306670702278944,-0.50409945932725542,0.84035704963538294,0.19920784179867423,0.32045305219373593,-0.032192604386144102,0.94671721097831441,18.48184458472441,-16.061780626755404,6.8470032125936164,,0.1302011235405499,0.1428571428571428,False,2
-0.72420119153123208,0.64680827905016003,-0.23910601066663556,-0.67267408346690394,-0.73893776846815595,0.038477938656610228,-0.15179661266544719,0.18870618559938976,0.97023077868094032,-6.7052385011652005,-10.851135025667793,-1.6410678020886458,,0.08390246859360664,0.2777777777777778,False,5
0.81906463102161819,-0.47815474183242762,-0.31701919984850457,0.54194836010324876,0.82615934792090429,0.15411913192172666,0.18821558168977628,-0.29804156539998222,0.93581307968157201,-14.523983008545532,-16.140424505450138,-2.7589425081495378,,0.134831950948425,0.6097560975609756,False,2
0.60353432367985704,0.76160337824917679,-0.23602248702134299,-0.74487955981149578,0.64415429211159747,0.17383811241853742,0.2844305917360701,0.070891058629767439,0.95607201417624443,-2.0878581472409845,20.071492388461845,-4.4999218395456966,0.2978697256802565,0.2744478836997716,0.7241379310344828,True,5
0.091906845776103835,0.96979637757825665,-0.22593830515336938,-0.98564807045281277,0.12086588892523048,0.1178529512017385,0.14160159925697524,0.21186416150544074,0.9669863309051796,2.6004871450796458,4.3318806830883414,-1.4498330875525389,0.3584959929270001,0.3464065558885155,0.8682352941176471,True,5
0.92372101550296415,0.28338664400907959,-0.25774308044144634,-0.21257408153587096,0.93894988296030824,0.27052796001154183,0.31867184591261849,-0.19510286334674004,0.92756839496424703,-4.6493111774858509,19.92539584516431,-5.1015626401313385,0.1730011658573627,0.1393543547272056,0.3333333333333333,True,5
-0.82381944270948815,-0.406403034508793,-0.39516844428151499,0.47360478962259378,-0.87654068658803985,-0.085877400998784506,-0.31148038310681236,-0.25790114055159252,0.91458568359767178,-34.074919538291034,9.5108102186200547,-11.593209388231841,,0.1813659246355919,0.2666666666666667,False,1
0.69927374432226919,-0.63950372581349357,-0.31945455885332802,0.70242489958952758,0.69765922042555195,0.14096408263048249,0.13272336244292671,-0.32296531830193698,0.93705811571960274,-11.244788496470129,-21.563708457642168,-1.2540298210855478,0.3192858319010389,0.2606619053136651,0.5263157894736842,True,3
-0.92387592616958125,-0.1574794127603264,-0.34878862882978523,0.15414818696332891,-0.98733674146915495,0.037476598044509216,-0.35027362090259889,-0.019141408039480785,0.93645181242712572,19.615528477618732,-0.84744436287257763,5.2693400400107766,,0.1362863630703692,0.16,False,2
-0.9523038993304771,-0.076159480587576586,-0.29549452928371017,0.049347118341137211,-0.99404394765430959,0.097167340414690301,-0.30113476257549004,0.077951033658759522,0.95039017835841288,0.4625089174105777,-1.0244086760160767,-1.095798185746059,0.1707511925702407,0.147319470479877,0.7882797731568998,True,5
0.18977861569539711,-0.91450340076361258,-0.35730604111395342,0.97968179984725223,0.15233628107753905,0.13045009971446397,-0.064866386308991802,-0.37480286479595171,0.9248325061696091,15.942606440993416,0.856263499151247,3.7555428149981687,0.6745975909607796,0.6637853773670217,0.3513513513513514,True,5
-0.31739983348767647,-0.85112749543162869,-0.41813793444541481,0.93022677282860744,-0.36510827859498324,0.037068801090435935,-0.18421589729138343,-0.377197470062686,0.90762689017207898,9.4710906147081388,-0.19360137224299528,1.6348056223018748,0.6142137039032193,0.6018447911715801,0.6228571428571429,True,3
-0.61298542931531919,0.77890747511672442,-0.13248399395551039,-0.78774680517244522,-0.61542700827662744,0.026543707809682737,-0.060859135614302506,0.1206347491022777,0.99082966392882632,-9.9223854325482979,16.160117563642931,-6.1244602710891636,,0.1234918360161222,0.375,False,5
0.32574288421754583,-0.83945264694592581,-0.43498370879507142,0.94536215572297422,0.29575508138482376,0.13718354989527465,0.013489548118731959,-0.45590370186097118,0.88992687717644359,7.7391110383262065,0.82034944999859838,0.80422323466390966,,0.7153022443575042,0.6083086053412463,False,5
0.94700761158381452,-0.1061535457660998,-0.30316333604775536,0.16676986910591007,0.96912710173875305,0.18160526268212174,0.2745257626539217,-0.22254007593404251,0.93547395487130125,10.097782919118268,5.8030084320923327,0.76417809089689637,0.1697312364406576,0.1004576612638423,0.3478260869565217,True,5
-0.84121736775871991,0.47777174659481791,-0.25315508751914939,-0.50331038873990286,-0.86299697800000197,0.043759211022968661,-0.19756516081429698,0.16422659382268734,0.96643552972447122,19.278087515962053,-5.2343061553309447,5.8131110454953561,,0.09332913758477102,0.25,False,3
0.30361019845148596,-0.87643490420333869,-0.37374149634517961,0.95200050957669335,0.26301535218727828,0.15658210076352311,-0.038934267194408026,-0.4033420176573308,0.91422061868574567,-9.9109718488225589,-19.461084773211379,-1.2253522897699161,0.2211937968380581,0.1570164940030767,0.3846153846153846,True,5
0.86760039716556048,0.44354820448318527,-0.22479889042854528,-0.38069252716174812,0.88330576941828409,0.27357652946767186,0.31991053530848967,-0.15177584792092794,0.93521192324869329,-8.5196166331136336,11.475867279637855,-5.1645922735222598,,0.1866377281249206,0.3442622950819672,False,5
0.90007525440211467,-0.30340001477896389,-0.3127506473935639,0.36598134943558913,0.91592725276089459,0.16472680266181902,0.23647872690429089,-0.26272742278263433,0.93544220187017479,3.7011820536105953,-12.564852309888201,1.5264650060567129,0.1577601410841153,0.1082682553326724,0.3469387755102041,True,5
-0.074041888616653895,-0.90025786877506486,-0.42901464827982105,0.98665707904397337,-0.12868087309161635,0.099744880935290506,-0.14500209344176729,-0.41590504037455339,0.89777357406450053,-7.3237159322504288,-4.7063891815256094,-2.5968486802740993,,0.08731191393600674,0.1951219512195122,False,4
0.471593021984546,-0.7577504121504246,-0.45101478301863251,0.88087862538988193,0.42839252155165447,0.20132733249572959,0.040655490978639644,-0.49223384723571784,0.86951306527780725,2.0380988460222538,-14.118202482388085,1.0731330554754492,,0.102021212649318,0.2678571428571428,False,5
0.78504280275907257,0.60846215852356555,-0.1161102901599349,-0.53782691623171819,0.76252557271464794,0.35957886357915897,0.30732719699509409,-0.21983755957761733,0.92586253914179784,-5.1099215094369912,15.137123694056317,-4.7414652915841939,0.5069557604101539,0.4427372305727384,0.2222222222222222,True,4
-0.89246235549168251,0.35771612620441817,-0.27486381552242012,-0.3890099067018728,-0.91876646657787431,0.067375606711987779,-0.22843431554396196,0.16705493990095935,0.95911960178939537,15.919634479478676,-1.1204514596549138,4.0782720056133517,,0.08413097235251855,0.25,False,5
-0.82049846844060947,-0.41612611217120055,-0.39194556006656889,0.4881861897483713,-0.86679383808967414,-0.10169899895642692,-0.29741638728486725,-0.27478628244338099,0.91435003776199675,26.041331228153364,-9.9270102316486302,8.6040578413347379,,0.3474716013150969,0.3043478260869565,False,2
-0.84379376216598212,0.45936894666912298,-0.27747478762201094,-0.49620493386552195,-0.8647562247151751,0.077313229294033003,-0.20443275309326681,0.20292077925254287,0.95761704601069497,2.5494507807467928,-16.024647047931285,1.616002830483164,0.1413295051068373,0.112034793564379,0.7045454545454546,True,5
-0.62622237126505331,-0.701395162095654,-0.34042674441939014,0.72816922765210379,-0.6822036461140405,0.066089039403272459,-0.2785948987826451,-0.20650184458624074,0.93794555841731408,17.614992126962861,9.1741179860679996,3.2775415779656853,0.4176863545306907,0.2823728246041199,0.4782608695652174,True,5
0.83404237217694988,-0.41496903091970855,-0.36355745734478428,0.52411757919321322,0.80172936738065181,0.28728171654330159,0.17226167476862797,-0.43015197879002959,0.88616882733987501,-3.5211567894267892,-17.172505971774665,0.16552049747644801,,0.5513864639964143,0.3464566929133858,False,4
0.67719098087282881,-0.64225214178162715,-0.35906066590676616,0.73162695405917699,0.6396732593733534,0.23566951719890117,0.078322254299711458,-0.42229173283357668,0.90306994018283426,6.6930717202127017,-26.36915443516304,4.493649931570209,,0.3284545274581927,0.2631578947368421,False,3
-0.57077519287725065,0.80557166963794324,-0.15896529266690765,-0.8172570983984101,-0.57607541939375462,0.015097890174546658,-0.079413565046219853,0.13853301500742743,0.9871687238965805,-27.472756162154877,11.417650841961878,-10.13102699249399,0.7438336397225723,0.725894408290521,0.8,True,2
-0.48506546828977787,0.86392077599945494,-0.13547097205423569,-0.87054890245953864,-0.49172506684777056,-0.018736783610035779,-0.082801569425417457,0.10884553932089558,0.99060413317865392,-5.5251942113770829,11.684037403908269,-4.3784129615469238,,0.349679284558215,0.3260869565217391,False,4
-0.8287409295163134,-0.37640581925695471,-0.41413419440314081,0.46463316425419643,-0.87526423368162187,-0.13427041339348361,-0.31193668335027669,-0.30369586837364887,0.90025792143874261,-22.216615260036164,14.636236718454565,-9.076493066312846,,0.4933954075958429,0.3333333333333333,False,1
-0.3415332089889721,0.90584355340344469,-0.25060431743111827,-0.93986949628776217,-0.32898981490801121,0.091711676653419782,0.00063016306150942558,0.26685793682072506,0.96373567146303252,7.5364533907537661,-8.5678099492446425,2.3187937887528176,,0.08199126983756516,0.3571428571428572,False,5
0.54739509733084912,-0.76413350323545248,-0.34126030629310877,0.83547101719490124,0.52258251336736905,0.16998734114622224,0.048443646079428138,-0.37816333237869548,0.92447050098895678,8.7646916863867563,-11.931282404344303,3.13378435747329,0.5193790985895936,0.4813255623577676,0.9402173913043478,True,5
-0.58360096927564664,-0.7343835684353015,-0.34654102653619701,0.76035908633498539,-0.64401196706718133,0.084277197996183995,-0.2850683575712224,-0.21431136387624194,0.9342412273204137,-16.483103618152516,6.2330231354970644,-6.4697852139195691,0.4109515102078865,0.3241210034829993,0.8806584362139918,True,4
0.92256180435162483,-0.22379061765714714,-0.31432065888214816,0.29023969466330102,0.93926569946210214,0.18314165407061894,0.25424522963711438,-0.26018782689165354,0.9314835789986694,15.25300030553985,9.5542488353569173,2.3703896393027968,0.8022066129166572,0.7968300517269595,0.9712230215827338,True,5
-0.86430471471411818,-0.37737880025019727,-0.3325095506066984,0.39457339956384324,-0.91870626347703255,0.017047985356071702,-0.31191215506866454,-0.11646476965070071,0.94294579109863486,1.4150861007359905,-11.435067234874609,0.67319462207731662,,0.09164791289094243,0.3389830508474576,False,4
0.71275513889782716,0.68417111221939109,-0.15456390645691312,-0.64085447966332965,0.72478048577643694,0.25297980815297411,0.28510637991841381,-0.081259686451241875,0.95504513793205792,8.0757262314936735,-20.503502646536774,4.0498295881005166,0.4561622174997256,0.4933947459972116,0.5070422535211268,True,5
0.47271072267877295,-0.73310822250487051,-0.48897536416496645,0.88020676865594294,0.41938026367864417,0.22216264053412341,0.042197358646905034,-0.53541808760311804,0.84353236712686019,-4.5157297331409429,-4.7073731658745741,-1.9637099144646712,,0.155976049061542,0.1666666666666667,False,5
-0.59020033930388127,0.77229923139963963,-0.23498394980319531,-0.80454456267566576,-0.58658669750878223,0.092865994716921862,-0.06611812273958409,0.24386460072193203,0.96755281528200154,-10.67392054211105,-22.845847546093054,-0.94961963949160122,0.3040732633181167,0.250335584786688,0.3793103448275862,True,5
-0.94337289501668931,-0.14626864132149919,-0.29774664651981575,0.14159856123850356,-0.98922046046185985,0.037319271949145486,-0.29999571397441555,-0.0069545071422146137,0.95391519876108055,-7.4893453584953997,-12.103981875873815,-1.6868209641230549,,0.1208963379687652,0.2,False,3
-0.54455907624487498,-0.72328208606834377,-0.42463918383959076,0.79628721355092091,-0.60485070522442941,0.0090718203697249394,-0.2634047949727546,-0.33319461034376807,0.9053172182297351,17.63021171649892,33.26598741849206,-0.15379927624522097,,0.2268179770437803,0.3076923076923077,False,1
0.66133424394203078,-0.62309683474763866,-0.41759711722795428,0.7410862214958791,0.62877939236405478,0.23543085619190224,0.11588024032847322,-0.46517395699433273,0.87760182294458067,16.824674109730559,-1.7854110634380609,4.468858057985118,,0.1053261313777865,0.1578947368421053,False,4
-0.95467567352253391,0.13706261362604386,-0.26421241138579132,-0.083478201618728085,-0.97533545727598558,-0.20433339334222245,-0.28570220201951513,-0.17301614296429763,0.9425707750800244,-16.433139153193203,-5.3182160879954292,-4.9014072513946569,,0.5042667221378753,0.25,False,1
-0.79855815798017349,0.5362047139353967,-0.27347645799368597,-0.5690948743956854,-0.82056961166346643,0.05288228768716146,-0.19605073899343542,0.19786363275733093,0.96042391191192256,0.49810699020632132,24.566531221737602,-4.21307284659387,0.3876968404662184,0.3636414575994873,0.6923076923076923,True,5
0.20993174338434045,-0.89804511561126632,-0.38657940121837608,0.97463440604638751,0.16084960312753827,0.15561227369432704,-0.077565699057096843,-0.40944154100489161,0.90903310546388938,-4.633623755536135,-26.353551809914222,1.1452447113597466,,0.2493738963019393,0.4090909090909091,False,3
0.62262214471158861,0.76618385607780082,-0.15907219618932295,-0.7318571534785101,0.64210838374427437,0.22821465866076407,0.27699597797996151,-0.025673375529295023,0.96052803497443906,14.967886233776545,30.082529013407598,-0.61157114183481376,,0.3114678712253069,0.375,False,3
-0.59738350531362883,-0.71369123534034584,-0.36575643285877424,0.75345334677720244,-0.65568626112060391,0.04882193367655932,-0.2746652540993067,-0.24641499056684182,0.92942920688695196,4.1970668346501308,-30.690795690062476,4.3790411028115299,,0.1859991953121424,0.4285714285714285,False,1
-0.94365707400011811,0.040290344093915673,-0.32846311035233577,-0.026063720026927719,-0.99852624366515119,-0.047602764734015077,-0.32989696753364495,-0.036359715135819447,0.94331646965763727,-28.57761453092315,5.3799356957701789,-9.5223097908624066,,0.4227241996356897,0.2,False,4
0.30654882153978219,0.92815211445863999,-0.21109588446610322,-0.93556327888667834,0.33465500304595214,0.11281569099695685,0.17535441600192989,0.16291004070427775,0.97093313231465761,-6.5025053197640368,-5.1435525201682886,-2.3914752607076206,0.4210783111744099,0.3420212190453836,0.9810055865921787,True,5
-0.73472135141075579,-0.598437345196417,-0.31946405064641642,0.6087918172106489,-0.78942141906536212,0.078653330623595891,-0.29926085457090384,-0.13669881855778138,0.94432853071714284,2.912105849735521,-6.3408440937620316,0.39249470485389526,0.492197674191008,0.4002700819806437,0.9313725490196079,True,5
-0.34358498825126649,-0.88351795170759728,-0.31834789909592387,0.91415651469114512,-0.39229078610540535,0.10210683515093849,-0.21509816943924681,-0.25593743014106896,0.94245891653518243,1.4036239742856145,1.98389736687051,-1.3553801540910142,,0.0892474889013769,0.3655172413793104,False,5
-0.87645756053608226,-0.36706631464399897,-0.31158380130041086,0.36580718171820414,-0.92843390334454878,0.064773396728834781,-0.31306109688449973,-0.057208458938157722,0.94800840810796405,-21.124115411166411,4.243315763473249,-7.4048006088361964,0.2235718850715847,0.0916310996408816,0.28,True,4
-0.51566146085436826,-0.77895123846266878,-0.3568308084891379,0.81674688926866112,-0.5727372214766886,0.069975667236019584,-0.25887791844709862,-0.25535669803753996,0.93154451321869736,-2.3590247645416911,-23.044568210576539,1.2743764037381915,0.1895048432865295,0.1154759881790024,0.3043478260869565,True,6
-0.177512656989152,0.98366995299314741,-0.029709934148566708,-0.98235420570678267,-0.17530673101386404,0.065174876995893721,0.058902216756662545,0.040755044346598462,0.99743147896056428,-4.4859736297244561,12.700135475622035,-4.3129958610838743,0.2169600388662717,0.1672750043974783,0.1363636363636364,True,2
0.8347416350654705,0.50039771733111849,-0.22980106000197706,-0.45635395113688365,0.8622185572577783,0.21981863160813067,0.30813547989477136,-0.078621142259078958,0.94808820371308167,9.2990880751645566,3.4224720346486701,0.92342899853223837,,0.3078885927465486,0.3157894736842105,False,5
-0.19723353408633248,0.96704801141888819,-0.16098781519913669,-0.97696488940802806,-0.18023521325390185,0.11425792212044403,0.081477223171733448,0.17981493684924063,0.98032038160497748,3.9280860966979425,-8.3443413802028168,0.95463958306039531,,0.08345435661861642,0.3333333333333333,False,5
-0.94023858161423701,-0.16047021179322574,-0.30033434830382882,0.14551516448605439,-0.98675642073830472,0.071673586741049455,-0.30785832220137377,0.023687069442365788,0.95113730669792784,15.683717847189932,-2.7468634146994173,4.176791382334585,,0.07617565302264273,0.12,False,4
-0.5396816677737396,0.82235371838674354,-0.18021670101422863,-0.83992446571004553,-0.54049532089128394,0.048905009930712201,-0.05718906688039227,0.17776155363330109,0.98241042374316523,3.6243569137708724,1.4420481292714356,-0.7298799150069788,0.4363389754549359,0.4002146712930855,0.7838479809976246,True,2
-0.24912346325938045,0.94218877419644975,-0.22409331500927016,-0.96774139953391047,-0.23319536289944764,0.09537560668401257,0.037604304032925542,0.24062467974085033,0.96988951938755019,17.93326169447306,-14.61042420062593,6.5772935212601809,,0.3585154397925135,0.5303030303030303,True,5
0.18972824537360516,0.98112791813346567,-0.037298809184005965,-0.96589768625895189,0.19333078499704756,0.17223491879415459,0.17619549536539436,0.0033490045561653248,0.98434949666336802,-0.2595872556094313,-15.315044660468347,0.71189772340412505,,0.1486828572786273,0.2325581395348837,False,5
-0.65799875085371895,0.74597494667589714,-0.10275710587029849,-0.74376137315636093,-0.66516163735052924,-0.066174133902371216,-0.11771433079923437,0.03288426871707989,0.99250287717236996,-2.9428012017300622,-18.502109375202615,0.4609660567873553,,0.2105770142517835,0.2545454545454545,False,5
-0.66605195256396221,0.71051428797469096,-0.22703357256042997,-0.73489651185260729,-0.67718634136389455,0.036684818890844767,-0.12767894639526273,0.19128017579979845,0.97319575676910652,-18.935088352996353,13.311052124413331,-8.0382424377430812,0.2126545022540562,0.176024736275205,0.4166666666666667,True,4
-0.73044929630230515,0.6719836479371909,-0.12199099325972018,-0.66274572003594767,-0.74056593812689231,-0.11104144208478725,-0.16496040769075782,-0.00026113456541221325,0.98630015497476098,-2.9689359254776888,2.9690788419526553,-2.7225642038451068,0.5815961649544212,0.4905568002617959,0.1395348837209302,True,4
0.83786233074194971,0.51913794699197702,-0.16876761157468684,-0.4461048784923084,0.829351987341024,0.33640112734480843,0.31460634467383491,-0.20656977776637769,0.9264727598826199,1.7886208170188342,26.003874941310961,-4.1275753296709592,,0.3057424674898718,0.3461538461538461,False,5
-0.8056461517958976,0.54104731200002043,-0.24125108139450011,-0.56416871146571634,-0.82496372528350204,0.033889776769426103,-0.18068741821050127,0.16340947996955585,0.96987081549890142,-1.0914490038476261,21.237687493406071,-4.3175122429405093,0.2421554871959591,0.191748492995164,0.4210526315789473,True,5
0.35108086233683355,0.89491685372053498,-0.27543792953724699,-0.91146439706442905,0.39399272968256932,0.11833166035028912,0.21441753889270276,0.20950788501681258,0.95400815779058168,8.2598080171258186,-2.184913809709379,1.3785887650514419,0.2386816412178007,0.2031544036726935,0.689119170984456,True,5
0.5392289114344645,-0.65684754640306653,-0.52705168803208902,0.83948391814769774,0.46908378088730662,0.27427569648049321,0.067074080273925321,-0.59034880138164192,0.80435648841957263,16.378716504130558,7.2899832920711063,3.0285042443901653,,0.6872288315472284,0.3235294117647059,False,1
0.95460635366593249,-0.02082256412672305,-0.29714159985404542,0.065674883373206608,0.98771810407371929,0.14177361030506774,0.2905400475572153,-0.15485272909511807,0.94424949725019447,-6.6124276407641007,2.4841885573326072,-3.508537222825014,0.795271555490767,0.6894283891913218,0.9700582201275298,True,5
0.88644541183097203,0.42343463211907678,-0.18686263448319732,-0.36114328718661609,0.8853085551877804,0.2929236901163354,0.2894651239162746,-0.19217667505060992,0.93769828175305314,8.4926148669093475,14.121745383973643,-0.60972951260205566,,0.3351160288297953,0.2127659574468085,False,4
-0.58024373927668538,-0.73516103535074806,-0.35050742521696482,0.77013251838133401,-0.63528282070821895,0.057546866505770213,-0.26497755973258197,-0.23654595708873394,0.93479029895647736,-11.897215772931945,-9.3010395993411148,-3.1279411381262037,0.1747950650077341,0.1592430270681688,0.5833333333333334,True,3
0.57250476319892996,-0.74827139083482264,-0.33515402693785279,0.81685153451669934,0.55576995085247216,0.15450997471734881,0.07065314339965463,-0.36222877769106443,0.92940757794424433,-1.8562988471702919,-5.2426014563357981,-1.122406845617256,,0.1086044366883588,0.3484848484848485,False,5
0.8562020795753208,-0.41960426602231166,-0.30141376688329191,0.47306622041157148,0.87124465377165505,0.13092404049608736,0.20766884705320776,-0.25468610721864682,0.94446208857391689,5.0223624357110541,12.372057782826463,-1.6005215877296035,,0.07736408111750179,0.2580645161290323,False,5
0.21190897061622305,0.94833318923885368,-0.23613290825388661,-0.96314513844281868,0.24361326915116868,0.11403515855842403,0.16566843533497089,0.20326518954692155,0.96500633793365198,-9.9823236383575473,-31.640424982137866,0.39668293302953528,0.4226420511612725,0.4058688249726724,0.375,True,5
0.2554110963244704,0.95173443299093108,-0.17019618366392322,-0.94763701330708427,0.2813345392871322,0.15111243500958776,0.19170097257124691,0.12268841046948517,0.97375473865430306,1.8008780889152975,-8.4533050007044821,0.35999674255342184,0.2826343014827467,0.206383584021846,0.2307692307692308,True,5
0.66107644980983171,-0.68522098321319591,-0.30569614271556045,0.74121786006651624,0.65966234286792169,0.12426454570963043,0.11650755951973896,-0.3087358054491699,0.94398527054631975,-13.787517279507341,-3.3944741112749548,-4.4898221316277871,,0.135201665579348,0.4666666666666667,False,2
-0.95092707880726957,0.10362035008770798,-0.29154847596716255,-0.13500403502495939,-0.98678389623674834,0.089618372306145555,-0.27840905394410914,0.12458075764548959,0.95234869323500571,-20.639445378052621,5.0964757972195676,-7.3580863444680018,,0.1065744495174709,0.4,False,1
0.76040142555913615,0.61310020609680671,-0.2142377401199122,-0.57980097102677575,0.78947546053935813,0.20139347358486293,0.29260981870751024,-0.028924634660128901,0.9557943604697281,15.870093834435052,5.8765381051991374,3.0697084849798104,,0.2242601063641876,0.5185185185185185,False,4
-0.94143162357242505,0.17504716978599294,-0.28820996944537303,-0.1837809544340949,-0.98296166635212812,0.0033050369955954506,-0.28272081445320263,0.056078969606822418,0.95756153339759653,4.0092955419578216,7.2555843657187689,-1.4148372328820118,0.3242715480558787,0.1669937460098539,0.4,True,6
-0.44744634257101662,-0.78768854868465554,-0.42348379047005358,0.8546782437860756,-0.51604078040148649,0.056806800309269337,-0.26328097181257315,-0.3365243872792707,0.90412082524834103,2.6835225738268189,-19.055432272476413,2.1464021968450164,,0.2058705233339634,0.3529411764705883,False,5
0.94251516936653867,0.16996275226977289,-0.28771134554419153,-0.12690583645294579,0.97854129924813249,0.16233248085320209,0.30912790910583204,-0.11648857672175801,0.94385928363564642,-13.095798946632112,15.964573877031894,-6.7976352932167536,,0.3420127100428965,0.3043478260869565,False,5
-0.73352817537045634,0.64973337128913966,-0.19945666740157172,-0.66325886327775252,-0.74838887210275395,0.0013328151687131279,-0.14840517585716298,0.13326905997274727,0.97990574109594197,-6.670942776194158,19.290562703155874,-5.6057570094908931,,0.1542469481964567,0.1764705882352941,False,4
0.12590074587063932,-0.80974685885953279,-0.57311345016177861,0.98891567305091177,0.056606940613826082,0.13726414633328698,-0.078707012289121595,-0.58404253170592269,0.80789821597467171,-12.157941766124063,-17.728745762268055,-2.0308125491211935,,0.07850746183749131,0.1428571428571428,False,1
-0.34123170421584093,0.90351885669076093,-0.25925778607821059,-0.93995230639579264,-0.32589952116009879,0.10138621113766053,0.0071123652313910407,0.27828614358577192,0.96047188222715618,-17.937993136213979,5.0588148914871462,-6.7545498054510036,,0.08361227463621854,0.2941176470588235,False,4
-0.54219699365676466,-0.73794891553011521,-0.40181316322078597,0.79749032579514123,-0.60255955506946668,0.03051496120998165,-0.26463484338372117,-0.30389699021611594,0.91521310032410474,16.259207349132847,-5.6977425488388569,4.7965007378559594,,0.2303183820001172,0.3571428571428572,False,4
0.69059353496345466,0.7091100813001554,-0.14227952089168264,-0.6656363967700244,0.70010557521229333,0.25841898314884437,0.28285819196498163,-0.083756051453916736,0.95549786346341492,8.2005569824327562,8.9468281152445819,-0.23995261864513689,,0.1057167487048871,0.3243243243243243,False,5
0.53318701787156675,0.80527749261798598,-0.25930631279649924,-0.80589815568931977,0.57671434508907282,0.13389819574973805,0.25737087370131667,0.13758169955111055,0.95646824794075069,-9.7235459892337275,-24.102986548061537,-0.51720934729826329,0.1200183792852972,0.09620087704195335,0.1666666666666667,True,4
-0.95560312146108461,0.10826365062147476,-0.27404681389854424,-0.056356175634630523,-0.98003810805949543,-0.19065489298469041,-0.28921731573623116,-0.16674618048182174,0.94262880052173925,-18.061341961955655,8.5683627246600373,-7.1856502272132348,,0.7864875229105628,0.2989690721649484,False,1
0.93999266009026217,-0.120110270974463,-0.31935453931778601,0.19991703162132035,0.95237570278952988,0.23024704385479106,0.27649046899333485,-0.28027494276619014,0.91923825911090951,0.7805321823777216,5.4975200524381336,-2.0909483159007953,0.3558626393060064,0.2948717831704687,0.7012048192771084,True,5
0.89141111928762962,0.36366075942517456,-0.27043865933827144,-0.32852772935152708,0.92958780238609207,0.16714080501818346,0.31217903109835227,-0.060144573398620865,0.94811754694931827,-6.6449826082659271,-11.761854824551962,-1.5598378688107084,0.5037926075806065,0.3913194641837391,0.9266409266409267,True,5
0.55700952282943961,-0.7059459410700557,-0.43747082161446393,0.82729337434924843,0.5179249014871331,0.2175763525233812,0.072979889251457847,-0.48310881249078641,0.87251350193483401,-3.3021692950909838,-9.8777702314334057,-0.93062292205231989,,0.342144032926133,0.33,False,4
0.36883685604423033,-0.85753273513733819,-0.35860421329271308,0.92948564033373826,0.34192921545036364,0.138350482597211,0.0039771895592151385,-0.38434622385211098,0.92318046024265221,9.1802615560227938,-20.217644296599342,4.398195524701511,,0.1160678176164191,0.1739130434782609,False,3
-0.94237099959063164,0.23680436451115677,-0.23634845478450164,-0.18789153379835186,-0.95908728840876944,-0.21177427780449992,-0.27682787189417407,-0.15516206418188003,0.94830958193058523,4.8259555086250234,-24.489412344096049,3.5095156332336397,,0.5029527188712463,0.2727272727272727,False,2
-0.48543171714406769,0.85362526802603322,-0.18889137031120906,-0.87287523912743459,-0.4854270127973378,0.049491738349733472,-0.049445575219500451,0.18890345956106147,0.98075002832377034,-22.012539608906543,10.733178214591556,-8.5694917632241516,,0.1415067496279356,0.4,False,2
0.58226775814052689,-0.73950205001191827,-0.33778835956583292,0.80871902374225446,0.56941116265440739,0.1474600572423998,0.08329344792587641,-0.3590371093253838,0.92959913708000652,-22.373296958984923,3.3135903317708562,-7.6422955853276413,,0.1085285187682326,0.2272727272727273,False,4
