axis_00,axis_01,axis_02,axis_10,axis_11,axis_12,axis_20,axis_21,axis_22,location_x,location_y,location_z,dbh,dbh_approximation,score,reconstructed,number_clusters
0.6823397004811893,0.70371730349321837,-0.19797598316834991,-0.69171351459344543,0.70913317231875816,0.13661097190898949,0.23652684176647887,0.043727573467648023,0.9706404856807731,17.785148598367748,9.0173300722622738,2.6435057570495673,,0.4188407250786622,0.8157894736842105,False,5
0.97725746751443743,-0.089242158317943812,-0.19236340443552066,0.13272966586105184,0.96488579621142356,0.22666767760283224,0.16538040388051478,-0.24704501097614376,0.95478693150048677,-5.1655377807005296,12.564340213944519,-3.5100819423938265,0.5154077583722387,0.188530788837218,0.3103448275862069,True,5
-0.81056317456762506,-0.49331301116810417,-0.31564158953964272,0.51289871119765373,-0.8581130351344276,0.024019387672611095,-0.28270523887370774,-0.14242293335217943,0.94857443354157567,1.0727764297224969,15.660856712353135,-2.2088628354407107,,0.5431970456004421,0.6065573770491803,False,3
0.095961309043814835,-0.93261933173137845,-0.34786866666533545,0.99010873628364149,0.053497415263825517,0.1297024166887594,-0.10235290665834665,-0.35687421963628951,0.92852822997342466,0.87851351608119255,-9.6843305954354708,0.28290939597967546,,0.8002723168176367,0.7840909090909091,False,3
0.2454857417002396,0.96180874708427289,-0.12108131422340318,-0.95476257549626242,0.26150915307813738,0.1415676067753531,0.16782483443647123,0.08085107846243314,0.98249576490580048,-2.2392776346122671,-8.571130473501972,-0.60407032093150781,0.4905925322859934,0.412681008962359,0.4523809523809524,True,5
-0.05768322706889803,-0.91762689791846097,-0.39323469014248852,0.99799334930852512,-0.063304876096753421,0.0013294353409490228,-0.0261135989643137,-0.39236891935895712,0.91943717081169496,-5.5937816139657102,21.483889303138564,-4.4076547873972078,,0.2437747911130585,0.5625,False,2
0.41745634629174017,-0.8730014514363672,-0.25218775690097811,0.90869065353980383,0.40001951038579614,0.11943905341266101,-0.0033904439466173886,-0.27902124847528043,0.96027894269797509,0.85405369834530298,3.8789213966037761,-1.2073811431546708,0.609688460438053,0.5697487246432482,0.8708487084870848,True,1
-0.6989074553932112,-0.67219055462095112,-0.24431174158063662,0.67286975964024764,-0.73376812758460441,0.093971386616665112,-0.24243484765491347,-0.09871268013462825,0.96513271181904159,-11.111254755820696,10.390315209858345,-4.9049255928005495,0.3885826351966086,0.334498834786802,0.6813725490196079,True,5
-0.52767674753283256,-0.77395108313910665,-0.35008137771234793,0.82044362864477827,-0.57113591593814939,0.02600034118393986,-0.22006704053392756,-0.2735022603805965,0.93635837756563267,0.90555868814751217,-11.289066234425585,0.43524430961600313,,0.1402746904246323,0.1111111111111111,False,2
-0.58025025889908011,-0.75229248661420289,-0.31203469619798668,0.78427308449617905,-0.61942854580669116,0.034985791039469957,-0.21960274584439929,-0.22441989934858164,0.94942632299403462,-9.8175340950030918,15.936687196337845,-4.9970937364366499,0.57555803511488,0.3551220517230549,0.3829787234042553,True,5
0.56795094688677439,-0.77661904483159738,-0.27257032328423675,0.82215573407966602,0.55085249713457618,0.14360179428031788,0.038622154915816553,-0.30565402926422996,0.9513589982462981,1.5382531790147096,-8.7320945976694926,0.31269377963856693,,0.1075670555719191,0.4130434782608696,False,5
0.64181067737164743,-0.66210768587175151,-0.38690110715956882,0.76373618422957867,0.59739321963705017,0.24459840970480981,0.069181611069631943,-0.45247624627292016,0.8890889445092528,-10.199449515871001,-3.7509884092388823,-3.1330893383994645,0.2195262893324482,0.2096040685182626,0.2833333333333333,True,2
-0.53391009177743498,-0.77523125841031215,-0.33757445087235582,0.81192108623662407,-0.5815102233297158,0.051283622018753951,-0.23605966115062743,-0.24670297149930318,0.93990078212057204,-3.8149562064884659,-14.9030662284533,-0.2335209126887601,,0.4768257286938007,0.5,False,4
-0.78630894294624276,-0.57192144780934273,-0.23371800054430547,0.57137527798724119,-0.81706040977064709,0.07708812159098026,-0.23505007540472259,-0.072925608129709607,0.96924368335890998,-7.0888169027152843,12.009671118928333,-3.9142942852595723,,0.119082307476774,0.2142857142857143,False,5
-0.54636497992365318,0.81889780165345216,-0.17576034581261513,-0.8366694459311188,-0.54324432946501333,0.069784215618026696,-0.038334670447800465,0.18518096271283352,0.98195644714539532,1.7337746034284385,19.409568766129425,-2.3548542313500551,0.6765449650342912,0.4115851006615928,0.4,True,5
0.97118219439855513,-0.0018252019308096015,-0.23833131124785034,0.06894622626893615,0.95936827336333896,0.27360360733572131,0.22814811672788499,-0.2821509962799329,0.93184722574666801,13.854387024096686,7.1822905944884052,1.875936356914909,,0.2319180137973013,0.5416666666666666,False,5
0.76038627452958596,-0.57611899740905925,-0.29983264387220776,0.63966305117460986,0.74424926356273891,0.1921567449982178,0.11244507312019809,-0.33790521527597284,0.93443896056419473,-8.0632779746679262,11.604675845577276,-4.1472415473710784,0.6666134912434243,0.3994545959088399,0.4285714285714285,True,5
0.39312590448136991,-0.80797641572094603,-0.43889193984902247,0.91946323121592688,0.34218441642622899,0.19364191590925944,-0.0062761188382869371,-0.47967065450554136,0.877426164152035,9.7627759760632884,-5.8047027264038347,2.035320718695905,,0.5705514711520002,0.2291666666666667,False,4
-0.067023320322873448,0.9786661659487077,-0.19421743011417281,-0.99303335607207299,-0.046522782356238516,0.1082607244113461,0.096915572851492118,0.20012037964457829,0.9749662585904072,-1.4802366401839031,-11.810652444265568,-0.078667837077065789,,0.07564025737785349,0.2380952380952381,False,5
0.4665262114531919,-0.84553768811927865,-0.25965229056766831,0.88445038146603894,0.44927562073160271,0.12609099627178508,0.01004075453886992,-0.28847432223013952,0.95743498403920424,7.2159919565349675,-5.6384643450074705,1.3320922593181781,0.2222332089621163,0.198283218234655,0.2857142857142857,True,5
-0.65351152577837146,0.75159452923098491,-0.089601056382607375,-0.75511546157295184,-0.65553387996775803,0.0087161865448997511,-0.052185490016797148,0.07335527141570293,0.99593959595310577,-0.47139596880120094,25.470252385687289,-3.5069481221400016,,0.4222167638979449,0.7297297297297297,False,5
0.11732218477628703,-0.94700233512850274,-0.29903525247114793,0.98910458408119628,0.084464808716946477,0.12057287355775789,-0.08892483741275102,-0.30992301197164118,0.94659394670658181,26.514405624289175,1.8531555138777116,5.5117266839967645,,0.1061298756024337,0.35,False,5
0.37846162008180295,-0.87766851556963144,-0.29404893963906303,0.92549718091659094,0.35369921161116591,0.13546894781123653,-0.014891952205831935,-0.32341126214688332,0.94614131358696107,-4.4247320535913834,3.1613768577502293,-2.5275584418315455,0.303356076592236,0.2816933603357258,0.8462897526501767,True,5
-0.94428461707220646,-0.18268273766516949,-0.27377651345569293,0.21513864026301199,-0.97210905172970719,-0.093377497347872193,-0.24908217002944771,-0.14707484116710254,0.95724973944582148,-6.4319955820650687,20.015339414540598,-4.5555664379910805,,0.3061353109965496,0.2142857142857143,False,1
0.96978148997762259,0.10040582411384832,-0.22235676778726932,-0.056077376703743784,0.97872368619403394,0.19737090440282534,0.23744302373160828,-0.17893746552016926,0.95477860989572338,-0.26172134196800473,4.3377673124002918,-1.5279677948955082,,0.07177600507971205,0.2361111111111111,False,5
0.97109984949060235,0.05668949012121615,-0.23184344724215059,-0.022786661625702656,0.98896681417545784,0.14637420712543353,0.23758335457536389,-0.13686103232637156,0.96167728862611435,8.0698350064839364,2.9586036446757444,0.62288965265007334,0.4296964097216304,0.3311893550598738,0.28125,True,5
0.43199940867240094,0.90184871930010746,0.0067378337357553997,-0.87891332582129911,0.41931446074258721,0.22734719858818425,0.20220750876373986,-0.10413582721094627,0.97379045635632155,-11.227520028674961,-1.1155337732328185,-3.6764077370468105,,0.5543462376293986,0.45,False,1
-0.9309740668516604,-0.26843987314118134,-0.24744155139673996,0.27325448257966628,-0.96181932593003949,0.015348355534147456,-0.24211417678400807,-0.053325592124515681,0.96878124807655674,8.4717400145056381,12.895431835037922,-0.095338729567421024,0.6772854976042473,0.3483745322385565,0.7625,True,6
0.69944756764171312,0.69749713430650806,-0.15579103874837974,-0.67367340141233512,0.71623628601094136,0.1821255908179496,0.23861527266632582,-0.022435022519742942,0.97085499505070927,-1.1266543819717336,13.940235052246804,-2.6422186192484984,,0.07828210377213467,0.2608695652173913,False,5
0.041396933118159375,0.99131465279433006,-0.12482609135780667,-0.99166793130327835,0.056018712055645181,0.11600266343624868,0.121987736896327,0.11898387728967144,0.98537395388351401,-16.604847652265711,16.73059477586839,-6.8590604184378225,,0.5341051734602025,0.75,False,1
0.35217409492847568,-0.88886115549667399,-0.29308574361511841,0.9355864240589189,0.32579717635145683,0.13614052665559603,-0.025523518134346251,-0.32215220956953827,0.94634375566783902,-12.856489098225556,7.1634982255693256,-5.0123406787148435,0.2188347198824848,0.1866582017342652,0.6966292134831461,True,5
0.28364480766288419,0.94272191195320143,-0.17555916327320037,-0.93315202003099629,0.3135186218863748,0.17587888230978918,0.22084594313221534,0.1139362560986151,0.96863078567030592,-4.0844306641261143,7.2836513970868628,-2.7901640406897128,0.2451281873689867,0.230412101343202,0.5573770491803278,True,3
0.45654463334338069,-0.83617970653565643,-0.30392514891548711,0.88944961020113866,0.43707188389370744,0.13359475746693,0.021127912305767743,-0.3313180747975405,0.94328253701319587,5.9288318488115905,14.092037808039477,-0.89388214397498145,0.3665304727014483,0.2937110802988142,0.125,True,5
0.27689827539920814,0.94554211179989467,-0.17110657466602397,-0.94496165792542042,0.30025102895112626,0.12998763273723812,0.17428370587001368,0.12569580115017884,0.97664003370813635,1.2148377678129136,-4.4999809279572469,-0.25974084117184737,0.2531572688341996,0.2144144913514543,0.7035573122529645,True,4
0.81721713264070028,-0.42248752055918726,-0.39199547585432831,0.54975348820740733,0.77560915391346252,0.31016373509717382,0.17299497195669933,-0.468971998457682,0.86610507696255168,-7.477388015595456,-9.0923121551918946,-1.878154416560486,,0.1852610213556419,0.1666666666666667,False,3
0.94167586533105452,0.27434266984114358,-0.19489141632571436,-0.22955679008327612,0.947145571700304,0.22409584140533995,0.24606959336673914,-0.16628699742594985,0.95488134849696904,8.4260545160941813,-5.0636812504859003,1.5633801253804003,0.1485909876627483,0.135368609237739,0.2368421052631579,True,5
0.7625768316894278,0.60967587569782067,-0.21626812609030052,-0.59637470534942261,0.79209192206166057,0.13010610217839266,0.25062678745478129,0.029760940790915097,0.96762621906050894,1.6291391451418262,-10.301207376530902,0.54199126729954661,,0.06379676661002999,0.3333333333333333,False,4
0.31998256629847877,-0.90984243107881124,-0.26419293683525602,0.94694332191566732,0.2982578891669897,0.11975214665705275,-0.030157956568047872,-0.28849433644050898,0.95700653890001708,-13.133932415529131,8.8886278556129046,-5.2489503198398104,0.1711005987765848,0.1355684226886122,0.5116279069767442,True,5
-0.19067929962429905,-0.89112134446890401,-0.41175739717304427,0.96933901150898183,-0.23715112903852842,0.064352332999990186,-0.15499446913221504,-0.38686185057160205,0.9090184943722206,-13.923443356731191,-5.6739243035157143,-3.7896522123287131,,0.1854056469064068,0.2,False,1
0.96134842995711889,0.16180921969229645,-0.22277112165078763,-0.1251742978540879,0.97749280991703169,0.16982108737503515,0.24523578730624937,-0.13537201698679596,0.95996553356941328,1.1616714423283487,11.298452923990762,-1.8096209420325045,0.7799894802923729,0.6498992106997264,0.1904761904761905,True,3
0.39462839649088766,0.90701983567329336,-0.14691305720807496,-0.89520301765621402,0.41556355541092854,0.16099220041181206,0.20707483155188039,0.067984918249715698,0.97596007348064229,27.704459628853538,0.87731340924781587,5.9819455310397478,,0.3827130065442368,0.3333333333333333,False,5
-0.96875899447580494,0.1447833934884713,-0.20135485986732227,-0.12006389941984247,-0.98421223218291831,-0.13004207810404472,-0.21700384945509246,-0.10180398318081185,0.97084771119377522,-15.685834901049581,-7.3351056498204024,-3.9504923690151208,,0.4081261253682276,0.1379310344827586,False,1
-0.37328094367321313,0.91380503009664227,-0.16006781081938606,-0.9266661854722883,-0.35905060152450657,0.11123149844863772,0.0441714590281405,0.18985002637599338,0.98081896886854747,7.670862704891297,8.6997137003341027,0.16278046978726712,,0.09842745809307687,0.2692307692307692,False,5
0.28871910831355713,-0.91007425374525908,-0.2973316820734615,0.95338436883972011,0.24482571877758064,0.17640468439678514,-0.087746918730589915,-0.33440278123103379,0.93833643122189192,-5.5932773459158458,-15.402392810653815,-0.6272193159322107,0.07788438684680145,0.1783954000003666,0.3157894736842105,True,4
-0.41866920456040968,-0.85039412691730787,-0.3186627151979084,0.89666045717858645,-0.44270615238608035,0.0033596386413903834,-0.1439309615233702,-0.28432567865752506,0.94786221929713799,-14.353817067894248,18.031207282762654,-6.3349748241225257,0.313473094235611,0.3180360681725103,0.475,True,4
-0.52275693187242267,0.83606946986462571,-0.16647231523473888,-0.85204383892086699,-0.51868790760349182,0.070598520260005668,-0.027321909456005669,0.17874757639250533,0.9835155398861184,2.4655171641658162,8.1660767939538594,-1.0930786291988916,0.3399692943278497,0.2695075705013659,0.6883116883116883,True,4
0.27853960780046094,0.93550191465407384,-0.2173749170555922,-0.94471690519729867,0.30764084389084678,0.11343315302222978,0.17299033476122988,0.17376213295389714,0.96947463361890429,1.9208042252340354,4.121581264281315,-0.97763642314211707,0.1439313814369704,0.1158821214937633,0.4827586206896552,True,5
-0.3917757499712865,-0.86152035395015658,-0.32294649938346193,0.89925509792572622,-0.43277633382744896,0.063599636268336979,-0.19455598317458209,-0.2654944907309168,0.9442778430115274,-16.532214870671798,2.8830500185158958,-5.5022520581006606,,0.1485892406516477,0.2747252747252747,False,4
0.26212336379976781,-0.90603040220324926,-0.33226533438460548,0.96069918213978123,0.21239232195564953,0.17873607081460757,-0.091369708253070642,-0.36605793511096968,0.92609565626669621,1.4120502038234544,-7.6317933057111587,0.17829302446199541,0.1310874222742498,0.1647561460381684,0.3055555555555556,True,2
-0.95001951146102326,-0.13964194622855919,-0.27921865033850896,0.19012589081538817,-0.96818740309465157,-0.16268158509951267,-0.24761880680799161,-0.20763737462782328,0.94634647311259723,-6.0104392665004589,15.884400111559216,-3.9945475554668723,,0.5851001933268918,0.4166666666666667,False,1
0.17524909864251395,0.96814612205747175,-0.17883187571030662,-0.97279137529121418,0.19823907655043002,0.11990916848791121,0.1515410623692996,0.15295213262165674,0.97654541704033049,19.002757788998718,1.2495462733933604,3.7062378568186429,,0.0799755002231783,0.2666666666666667,False,5
0.90275076626872286,-0.3495602978784273,-0.25069633453319318,0.40350272178375574,0.89011036593644488,0.21187045562227158,0.14908590649130668,-0.29242286948806351,0.9445963465343451,-16.481231700989881,13.551541350624598,-6.5316924398836109,,0.2356165498226021,0.4090909090909091,False,4
-0.97292283827864645,-0.025898438234099347,-0.22967459949427771,0.0059058854649804539,-0.99616359909134611,0.087310963585625137,-0.23105469324966521,0.08359039862574151,0.96934326942775673,-2.919812384170791,6.3575142173661758,-2.3723284410422987,,0.08467708004329617,0.2845528455284553,False,4
-0.87129528172212001,0.44182799610716106,-0.2136177752545444,-0.46595094152499472,-0.8814130037604615,0.077465068862882333,-0.15405924879974467,0.16703035250483816,0.97384116220324524,-12.90239717200074,6.2522553871073976,-4.946965869976153,,0.07279447999346836,0.2419354838709677,False,5
0.10139369153625837,-0.93791121800263688,-0.33172558909656008,0.99230024420313745,0.071505371901724041,0.10112965511455968,-0.071130476387015251,-0.3394252921248001,0.93793972428666772,14.866474235790289,17.110112384013679,1.087897365753288,0.5255393104742205,0.432840462916067,0.2631578947368421,True,5
-0.61566633890347733,-0.71020332558653287,-0.34141791907721958,0.75880778407872918,-0.65116849012683164,-0.013796531718971952,-0.21252224815938378,-0.2675646347927409,0.93981033205935227,-0.56026032785586966,11.637961563323103,-2.2227581244046988,,0.273567300058897,0.6363636363636364,False,5
-0.13479331851595153,-0.9313784093501517,-0.33817897610560982,0.98243980396421282,-0.17005624704364708,0.076765255345040043,-0.12900694892220482,-0.32189304347533121,0.93794566777184507,-8.5075625777036379,-5.3992381339491446,-2.5536308900935358,,0.3590460737750866,0.5338441890166028,False,4
-0.76103327289798595,-0.59024531027849125,-0.26914462884558416,0.59566590777881634,-0.80013840896179234,0.070431901963032353,-0.25692505493279216,-0.10671925879774095,0.96052096070280668,7.1396056353650552,1.6388259757544923,0.49571068771612353,0.3509930519270615,0.232210937686112,0.658008658008658,True,5
0.12851796012384564,0.97958813023056379,-0.1545646435540563,-0.98491634682678553,0.14428632338456546,0.095505217855063634,0.11585734192956515,0.13995910829792924,0.98335574657672253,8.4575377793720694,7.4764921980639016,0.53151899234295519,0.532863244808236,0.6153555654328493,0.5984848484848485,True,5
0.1542326249746005,0.97570421845701483,-0.15560711898441379,-0.9785559933917779,0.17260944843384302,0.11240171755091362,0.13653008895651936,0.13493426694709459,0.98140321907612205,-18.134250295409274,7.6909893474947806,-6.4252826912917307,,0.1330978254864734,0.1333333333333333,False,4
0.85729601437324021,-0.45456975631884172,-0.241681361258962,0.49248434257575269,0.86089987754799013,0.12771285430834134,0.15000905325174554,-0.22851200729520427,0.96191452139180789,-2.1092489438389044,2.1250488875440054,-1.8654009674077152,,0.0873205995970802,0.5206896551724138,False,5
0.92793082325542975,-0.2685329964853499,-0.25852353287679652,0.32380863957332207,0.9242599482557049,0.2022165002862944,0.18464114435893067,-0.27135507706501738,0.94460259895940579,-4.014153537473244,14.282469178190116,-3.3962876409908662,0.263810132497594,0.2050673500234135,0.2307692307692308,True,4
-0.53857381768082258,0.84215605714830211,0.026672426157551388,-0.8419323894056181,-0.53665192823255581,-0.056165466205017903,-0.032986278639023647,-0.052705629041931851,0.9980651392012666,-11.672567935025915,18.100970787107052,-5.6084248030352146,,0.5252993794764894,0.2380952380952381,False,1
0.97321805615402723,-0.062141667580176155,-0.22132561606404919,0.10351247904624408,0.97810469506527287,0.18054465423537153,0.20526027832358826,-0.19861928063917622,0.9583415881098446,14.534543842084011,1.8660081351959108,2.433865723985789,,0.1134919522514254,0.1923076923076923,False,6
-0.59929560510645163,-0.74643920652094609,-0.28926335521194979,0.76479871817135558,-0.64060961598747124,0.068572885223228269,-0.23649037693645283,-0.18013281453629476,0.95479027579028564,-6.9855642211575217,10.020698225538512,-3.7360987148890588,0.3092656725927209,0.2397759997899127,0.7752293577981652,True,4
0.88661980267605989,0.41806059213403757,-0.19781472848906745,-0.38518504944449344,0.90420500363412026,0.18451501046653368,0.25600352182559682,-0.087399386196698681,0.96271675175273286,-10.404263623863999,11.784214440297234,-4.8057339059773687,,0.1069547937154145,0.2857142857142857,False,4
0.91233299052366645,0.34680073381364673,-0.21766434119639361,-0.32223297839813364,0.93611985618324989,0.1408741370590072,0.25261516588441774,-0.058385493795703389,0.96580366124767858,1.4332109349892148,5.2473314861267681,-1.1944972520861357,,0.0935632175668831,0.4150943396226415,False,5
-0.17290828189693411,-0.95331561640510998,-0.24757233603453135,0.97386187342173036,-0.20306487710291482,0.10177282143428917,-0.14729486598985025,-0.22350389527997644,0.96350933116794935,-8.8168101870065243,-3.5259088260171159,-2.8725130407596349,0.1797669740099155,0.1458167735039509,0.6572237960339944,True,3
0.40848231094722587,0.8996592533997142,-0.15412796441750343,-0.88888863226392945,0.4304545132618634,0.15679895230662083,0.20741070626941005,0.072952997092385841,0.97552993759292894,-2.716844783716923,-21.179878261355309,0.69148434234444034,0.5860505984187809,0.2407218585623332,0.375,True,5
0.76351815762826303,-0.59330025139411258,-0.25501928293293075,0.63591229639326941,0.75952979114146313,0.13685776435571767,0.11249699670561097,-0.26666328593244532,0.95720171211084315,-12.762367409299047,18.415846151542958,-5.9990539209781817,,0.12682128736808,0.25,False,3
0.00022183175667028006,-0.92304756651191677,-0.38468576883880046,0.99285611166142829,-0.045696490753015739,0.11022056191749506,-0.11931761113607896,-0.38196206708165004,0.91644328083274829,6.9505756103614011,6.6935104018582905,0.13759898382404914,,0.07132710492291641,0.25,False,4
-0.94823186509022739,-0.18243584675617874,-0.25994901778207508,0.20322414580158249,-0.97757281854179812,-0.05523885418310602,-0.24404154685365903,-0.10520715881821641,0.9640410661080121,-1.569240522846775,-10.321581248998477,-0.26674389617092237,0.2193784979173954,0.1777626642879885,0.4545454545454545,True,5
-0.18589199882195179,0.958206734758697,-0.21744888649302624,-0.98031405907974212,-0.16587791420257067,0.10709277823647236,0.066547053613072615,0.23307589116612232,0.97017891062037542,-7.0207114879651096,-4.2546218140222178,-2.2866712723668812,,0.07468456674473223,0.3014354066985646,False,4
0.42286391158555608,-0.86087479378900877,-0.2829853383080041,0.90619282734023554,0.4019989543983275,0.13119222667430713,0.00081972902490957955,-0.31191574195827954,0.95010941367978419,-6.432046861881803,12.802786983612934,-3.8728412974748405,0.1509709535488221,0.2382518023083659,0.3428571428571429,True,5
0.68138916378213454,0.7017754458526968,-0.20789427860942261,-0.69324182536479584,0.70991292501917791,0.12425542425021824,0.23478624117517996,0.059454709560842978,0.97022706541606363,-3.8998333028040086,-12.464581924457198,-0.57129949099120503,0.6185416839293184,0.2810367260598793,0.7545454545454545,True,5
0.52862557384403386,-0.81519439850657938,-0.2366708586234495,0.84834923238727789,0.51698506679391432,0.11414911572152939,0.029301579922947046,-0.26112168304372407,0.96486106982219522,-4.2859364033962368,-2.4155600810118871,-1.8651412525225202,0.2476658897905463,0.2400978779975626,0.8279800142755175,True,5
-0.83908905982577042,-0.45250232379527855,-0.3019456849179612,0.46480128315772012,-0.88475219801636551,0.034253690022338884,-0.28264698274639466,-0.11160284523739737,0.95270955074423203,3.014374863884183,-3.5972343760518335,0.014812272369758184,0.194284662513926,0.2169856350002116,0.1574803149606299,True,4
0.38704120971809541,-0.8473435033368385,-0.36360430323747184,0.92180970404022144,0.34634818139165685,0.17409711882731541,-0.021586373415508384,-0.40255673463444375,0.9151404831408243,3.2653706550658046,10.748745910520597,-1.0861912967731246,0.5137337851747182,0.1812300406105795,0.2941176470588235,True,5
-0.55177300383735617,-0.76684851868010473,-0.32785652599030612,0.8038336208664193,-0.59376540425695046,0.035974361319750153,-0.22225674838142651,-0.24369241700494393,0.94404234210823734,-17.246281809935461,10.198936286659245,-6.4994282518703086,,0.07722275918730036,0.3125,False,2
0.84108950621174061,0.49480230314208451,-0.21849284506770394,-0.47783345336388178,0.86899770942556365,0.12852304018918853,0.25346327818214232,-0.0036961897155557144,0.96733794756266533,-12.259071910740651,-8.8942677652076778,-2.9241741875438199,,0.1612178184203527,0.462962962962963,False,2
0.37495299883280303,-0.85873349791594356,-0.34926641439356243,0.92666255303446121,0.3363770936475573,0.16777056855383324,-0.026584985799169875,-0.38655818504627487,0.92188177555681594,0.12840115477309327,-9.4552183963990473,0.073221817512154855,,0.3162924683903554,0.5277777777777778,False,5
0.30145682997751039,-0.91859997039252239,-0.25553448701646336,0.95280465130086678,0.28013948480566503,0.11698361215251582,-0.03587584311683939,-0.27873995667588325,0.95969628551588271,-10.602593312268814,6.5930583134214693,-4.3627789707514673,0.2104235394639488,0.09071766025150002,0.1868131868131868,True,5
-0.33632259251151625,-0.88101850175331764,-0.33270634700088397,0.92352013663956489,-0.37771534198151563,0.066645912500520835,-0.18438457361605121,-0.28484648497063592,0.94067253016780572,5.8090364400354426,6.7944923833763005,-0.13707196361959148,,0.1093167021436956,0.2413793103448276,False,2
-0.7747573322708754,-0.53426696055249456,-0.33809745777588485,0.58070358377002373,-0.81279749465946882,-0.046298817176495199,-0.25006883830091298,-0.23220475347694891,0.93997155732157245,-10.726964894192525,17.391600220386962,-5.3287762354254911,,0.2749119045600113,0.3846153846153846,False,1
0.62675246335951407,-0.71868210816600853,-0.3011268454901399,0.77672915635368789,0.60707919743855343,0.16776968053689253,0.06223477599276564,-0.33904406120653968,0.93870973001120384,-19.332089851422751,14.130203142382321,-7.3182034380837173,,0.1236656063585318,0.2631578947368421,False,3
0.33364715779376947,0.9256217265943314,-0.17861688988633778,-0.92558712791777542,0.35759351681233792,0.12415854930977424,0.17879609260009832,0.12390034701449723,0.97605361598665474,-3.1760082946346113,-9.4451427986096341,-0.72848487840114184,,0.07291497854081587,0.2444444444444444,False,5
-0.73469436447811176,0.64282558202427464,-0.21679359284641306,-0.67102258196052544,-0.73559583138783713,0.092884160887997308,-0.099764148385750234,0.21371486597798878,0.97178859365444148,-1.8013410283058748,-7.8775222080809009,-0.56413384436028413,0.2728126027636048,0.2656262831826378,0.8875502008032129,True,5
-0.97209206203550547,0.0074267314429604728,-0.23448212423899656,0.0093327514280730928,-0.99748336491044765,-0.070283970275675234,-0.23441399846924649,-0.070510852973172458,0.96957634920343183,5.2871887098812378,23.56273738038362,-1.9035715005228111,,0.3123288792423715,0.1463414634146341,False,4
-0.22936993752795373,-0.93707770870876361,-0.26320106306691832,0.95969683359153135,-0.26284518592054312,0.099470577724188505,-0.16239279341402829,-0.22977766662477986,0.95959929375112629,-1.4115066450387024,4.0822728748353674,-1.8059950028469942,0.5161211659703805,0.4934375639967631,0.910483870967742,True,5
-0.45933195764544238,0.87702424827650938,-0.14086383716422285,-0.88740769408350495,-0.44611743096668932,0.11613277861602105,0.039009449714164993,0.17834714946615909,0.98319405872406174,-13.614034023438666,11.305171944797905,-5.5796265170344146,0.2776736813331409,0.3184092879820051,0.2234042553191489,True,3
0.11456832181737529,-0.8999682983768672,-0.42063185988771318,0.99059353370002556,0.071604721040148853,0.11660709633834179,-0.07482346308242617,-0.43003467981246479,0.89970640963091075,-17.532466450765991,5.4111906507625704,-6.0879549680925464,0.4544277621751855,0.2919809228365721,0.4210526315789473,True,5
0.39162651229044176,0.91049903985470293,-0.13274100080565424,-0.89927232003355884,0.40928614958754139,0.15425349972452462,0.19477671650555045,0.058960547652366996,0.97907389125021993,-0.34186484093323116,-8.482320461788321,-0.14780126707861074,,0.06710745895604711,0.1621621621621622,False,4
-0.8160335083340986,0.57477251883270486,-0.061039862963895408,-0.56306619751275666,-0.81435204788217386,-0.14066698023571694,-0.1305594519537687,-0.080419485852734951,0.98817353526630847,-1.80966813785157,-19.203042366907209,0.68290596988638885,,0.4887617471228295,0.1818181818181818,False,1
-0.68633341376002877,-0.64067500185239878,-0.34421212523374889,0.68621280971785747,-0.72725359637592701,-0.014635106333881764,-0.24095315921487509,-0.24624733208647992,0.93877783660707614,11.64371767147043,0.65200318295602899,1.7450029298502758,,0.1680093397598962,0.2592592592592592,False,1
-0.56008228627785228,0.80303081127105036,-0.2035911313076563,-0.82796551263830587,-0.55088684030859392,0.1048656238068541,-0.027945348080863991,0.22729981373545236,0.97342377831881,-2.7529546310935604,9.2733320668749819,-2.5420705656921228,,0.09723129902354266,0.2413793103448276,False,5
-0.31832805882803172,-0.90553303305730015,-0.28049451510648626,0.9306893832065265,-0.35478332579904226,0.089140696214608822,-0.18023462194992312,-0.23267728246869385,0.95570746741539658,6.9207091231092956,9.084761878589692,-0.076122501595375008,,0.09788186813006744,0.3928571428571428,False,5
-0.31526015724110978,-0.90282441535276703,-0.29243650302116247,0.93219115028066901,-0.35235454665492838,0.082860924385409762,-0.17785019706122152,-0.24648397208446562,0.95268828003222061,18.194442261838937,-1.7986617375920988,3.8101592311012942,0.9072979645815948,0.8400462835912432,0.6867469879518072,True,5
-0.40803024823742406,-0.8027897827731395,-0.43478716770204051,0.88716317350735785,-0.46107438070975421,0.018759504936734464,-0.21552916298185895,-0.37807271804267084,0.9003378253612182,-5.7252984658886872,1.0264046240334137,-2.6341346372891414,0.7011458456493406,0.2204868678908133,0.2517985611510791,True,5
0.87422112752180903,-0.34945990224307799,-0.33706853445368273,0.45083250228336541,0.84197863483958402,0.29634782496011103,0.18024282254618207,-0.41103498050400483,0.89362339367468224,-19.343926364857442,8.277414651539317,-6.8321673462255763,,0.4189468609181047,0.2352941176470588,False,5
-0.1055265013524421,-0.96090242964642059,-0.25598960567163692,0.98476649407696226,-0.13675652572515873,0.10738996608135314,-0.13819952842062525,-0.24075749909647909,0.96069595448983114,2.6698116301562518,12.242567980473767,-1.4759740602077196,,0.07616761758763586,0.1538461538461539,True,3
0.83729462130531795,0.5119382653674831,-0.1919815865798486,-0.48484097156027084,0.85750698409451709,0.17207848362191497,0.25271911172223649,-0.050999849819948678,0.96619463147373463,4.2028734351354995,-4.0610819893062011,0.46533233688257164,,0.07363569880640021,0.4054054054054054,False,5
-0.67933444659087272,-0.66725417113749574,-0.30541214902928848,0.68544537474205947,-0.72559704865477681,0.060609910313393835,-0.26204836942784587,-0.16816894506148633,0.95028935487940536,11.468299777119608,2.5484513170105911,1.5364998385417732,0.391766195538533,0.2771224469757988,0.3333333333333333,True,5
-0.59931011385146182,-0.7016021401219632,-0.38546312976941066,0.76821448803840298,-0.63946672774099256,-0.030476293739939056,-0.22510861334751955,-0.31438311196454155,0.92221980628711742,-16.660117063143552,8.0376475543195234,-6.1308832878833464,,0.3154999229990436,0.1851851851851852,False,5
-0.96473856572198669,0.15194416315477041,-0.21492433806314168,-0.15636275353178436,-0.98769311402365478,0.0036058034074899492,-0.21173140795980555,0.037084818908166298,0.97662404593062635,-7.5619893937053835,-10.312706134147808,-1.6661430170880518,0.2958504732239845,0.2499568646837402,0.6509433962264151,True,5
0.13997237126997877,-0.95728273186745683,-0.25301681080402288,0.98694875561399253,0.11433844195031362,0.11339697740401782,-0.079623420380261156,-0.26558707039453988,0.96079322383444954,-15.131564986254235,11.334617497559307,-6.0562820224502874,,0.09210718993051835,0.3666666666666666,True,5
0.96696121693298598,0.12891314351043787,-0.21992591111039206,-0.095224080552158349,0.98292073617734121,0.15747762023725731,0.23647067351042686,-0.13133250862924614,0.96272186676457838,4.9692147545729455,10.31852498440586,-0.72531223175204906,,0.1213951638364625,0.5151515151515151,False,5
-0.043151079163649408,-0.90765153115954356,-0.41750051778500585,0.9915434356552526,-0.09010108037805159,0.093399199802169458,-0.12239117442034024,-0.40993962152790681,0.90386387643580846,-10.679234898230286,-10.984706413249295,-2.3428284696318995,,0.0710076138592567,0.3,False,1
-0.98022273958887773,0.031529789924248403,-0.19536952971282284,-0.0096784127132461643,-0.99368284826787057,-0.11180664285097638,-0.1976605907110188,-0.10770454681946574,0.97433568213125921,22.883387378280755,-7.6925203339601307,5.5500192019701613,,0.364876877783876,0.3809523809523809,False,5
0.18531857615309694,-0.9391510983114626,-0.28922696947719434,0.98055098902682114,0.15736956424077897,0.1172799137499253,-0.06462803765480879,-0.30533593760158728,0.95004904186986494,-3.5930021215682753,11.331987716893543,-2.9740381215111782,,0.09228209684292106,0.12,False,5
0.70880674213854367,0.69849864832414477,-0.098451209176353083,-0.66201845371770762,0.70689318768504827,0.24906542943910509,0.24356635489360734,-0.11136273835450156,0.96346965249042871,-12.32432029948551,-13.098696025758823,-2.449927823492227,,0.257160576748417,0.2105263157894737,False,1
-0.93637408416804346,-0.23509432983075232,-0.26064195859432726,0.23940200980617066,-0.97079564829387799,0.015571992628919187,-0.25669096633739125,-0.047816998390722981,0.9653099411410192,9.9862808856365604,1.6597511125859719,1.2633208366880999,0.2439845284103191,0.1950489162908216,0.3095238095238095,True,5
0.9287122632088548,-0.28508910181946517,-0.23710279667110071,0.32196143897355128,0.93718832049283629,0.13423443576779132,0.18394119707006099,-0.20100312424335001,0.96216598363527983,-6.0568241006179013,-5.0195913787173723,-1.9395970174127279,,0.09903526439596497,0.3879598662207358,False,4
0.75640702707522489,-0.59724861139219754,-0.26672552480276723,0.64317768086709493,0.75333999090176329,0.1371179380772512,0.11904150631458509,-0.27526887637040098,0.95396863967120615,-13.332212848282433,12.102581954320669,-5.5668762506320775,0.4770159456002757,0.3307923385776244,0.6216216216216216,True,3
0.84612533828482162,0.48473600451348725,-0.22159178197915308,-0.4676687719818523,0.87464990703068779,0.12756747173239535,0.25565177806027928,-0.0043065136142515364,0.96675934043334066,-17.284495589594808,3.8349394569646447,-5.8015530292651949,,0.1048723778554016,0.4545454545454545,True,5
0.82159030289083068,-0.4196105028143316,-0.38589687757697311,0.54464971531983963,0.77767948459951208,0.31396067721142346,0.168362887234008,-0.46812567240105701,0.86747466420713837,-3.587916424845774,-19.026235304330136,0.25282267313130646,,0.2905694437323855,0.1764705882352941,False,4
0.55138963943336805,0.82615727552244644,-0.11590350135724448,-0.8035676694232432,0.5632919135919271,0.19230502005835087,0.22416169651222334,-0.012898689207566039,0.97446660159981302,-16.016409447681514,6.5090353789642608,-5.7795856198972961,0.2353417962184162,0.1180674504610281,0.1846153846153846,True,4
-0.43157148810007079,-0.84198813242130988,-0.32373142498182589,0.88607531960568442,-0.46297509854889113,0.022903844859046188,-0.16916435394246965,-0.27696577944814355,0.94587175577342819,-12.76642149287089,3.5359394637257577,-4.6156261726525774,0.7060710652876498,0.3657703134466162,0.211864406779661,True,5
0.047622629921997853,0.99660203120339652,-0.067204735849326652,-0.9922306235001721,0.054940969558871081,0.11162383102363248,0.11493683007536661,0.061366776558627656,0.99147548826334131,9.8504544360551929,9.2833310094315831,0.64529541576474025,,0.191252051433442,0.4,False,6
-0.68914368605253862,0.71186832320541771,-0.13536790753582173,-0.72061014436809234,-0.69289826034988045,0.024759253581368476,-0.076170859307987851,0.11461017066916888,0.99048599635303614,-2.8894553576263915,-23.541143118499466,0.92066022599167274,,0.2154446492434198,0.4285714285714285,False,5
0.23503019978771661,-0.92994057372540873,-0.2827920340586037,0.97032201532403894,0.20745010827296448,0.1242563445262676,-0.05688577823359018,-0.30360332988422867,0.95109885202221045,-5.9796015518024204,-13.881710376265604,-0.90742780623772434,,0.07695572656886969,0.2142857142857143,False,4
-0.11495759741578232,-0.90910483490263183,-0.40039124609942434,0.98238343766443792,-0.16382395040467282,0.089913818050449484,-0.1473347623576764,-0.38300145225634091,0.91192234064669198,-12.192679654661108,1.2934589475498097,-4.1905413178455602,0.3642813726802644,0.3310844389116435,0.3686131386861314,True,5
-0.96908878389801512,0.055117256187909143,-0.24047664542192654,-0.034528492721476019,-0.99543225688391179,-0.089007893725137649,-0.24428408076141508,-0.077953255386281436,0.96656535105559849,-15.599077130087402,-0.54132052751932835,-4.86200849166298,,0.2182063113502994,0.2941176470588235,False,3
-0.94953872428398722,-0.18985195996079565,-0.24966466386772201,0.20574769527739442,-0.97782994260345668,-0.038942126754470396,-0.23673634485050798,-0.088344986542334358,0.96754899947220052,2.7081104551296136,-15.750905605436239,1.4195293822559552,0.6020590099142261,0.3858788389923219,0.3466666666666667,True,5
0.64710261498946853,-0.7225276894481657,-0.24333504403288717,0.75932416634836208,0.63943574652785351,0.12061814316980803,0.068447177247547897,-0.26282249531397084,0.96241327914975339,4.3202833182460489,-2.8727753028522387,0.24388838414695974,0.1723325122750152,0.1456855356546249,0.7388535031847133,True,5
-0.84916534354076767,-0.46732017497838718,-0.24602860278321395,0.46324540245144569,-0.88279583554086305,0.077943632577069016,-0.25361765797532532,-0.047784587576754578,0.96612355149495843,-4.8083687771454278,5.5646985803330384,-2.8223560789629243,0.1149085698395927,0.08680638742416111,0.4189189189189189,True,5
0.39910336084139203,0.91518692466781859,-0.056119517836197147,-0.89114036235672711,0.40156862999736598,0.21121432238548712,0.2158364240433655,-0.034285978462051669,0.97582739751304037,5.6331554091489426,11.915685811835614,-0.68615125526325604,,0.2404505051050629,0.1481481481481481,False,2
-0.33397688216888805,-0.81018083550115128,-0.48173276405430998,0.92480444906222448,-0.38044050605747293,-0.0013237618554878677,-0.18219817005520311,-0.44595070931369862,0.87631717528024355,-20.0945660495087,0.94432978428436209,-6.2020123890603998,,0.6236001329043055,0.21875,False,2
-0.53834709167385553,-0.79386753521505593,-0.28276623811529172,0.81536305463759762,-0.57547709880573983,0.063318227092804658,-0.21299177922715301,-0.19646996025271035,0.95709668095754619,2.0159075282178192,-12.938688830653406,0.94201595547952721,,0.1202779401278595,0.3095238095238095,True,5
0.16812551371002088,0.98568500182776075,-0.012605110532996261,-0.97425818644437312,0.16809743632438487,0.1502139742077655,0.15018254820671867,-0.012974169452296597,0.98857315012150737,-7.1475438893121721,-19.078337799099828,-0.57402090257574934,,0.3070467989463035,0.1538461538461539,False,1
-0.24767298082796393,0.96882871503454548,0.0053866030392968334,-0.96830858898695482,-0.24771712269512061,0.031854412845697455,0.032195823671472334,0.0026735833936040732,0.99947800420517197,11.387322932897156,-5.1744164901165881,2.3286806012894532,,0.2281260574404297,0.2727272727272727,False,3
-0.84804375496907047,-0.37399510236513311,-0.37543235484552151,0.43612107616601264,-0.89501283811285737,-0.09354371457756043,-0.30103188632063399,-0.24306312558687837,0.92211719450305185,-14.690402685716657,9.9940390828160179,-5.7838931034909997,,0.5831292950152822,0.4848484848484849,False,2
0.64665192274276584,0.7491549161267772,-0.14355557271024524,-0.72407122300550042,0.66205831844359986,0.19338988338316232,0.23992114293743294,-0.021111480827158857,0.97056280092989422,13.160396855305908,3.503052818388829,1.9831155488724559,,0.1516501724573311,0.12,False,3
-0.69096846374960486,-0.67495713306292093,-0.25883479408880372,0.68177288823041737,-0.72749465782147371,0.077053563935563008,-0.24030878256415392,-0.12322496244146117,0.96284334014097794,-1.9281713062338126,13.702613912809365,-2.786925034392512,0.6168376602505992,0.5500280613020196,0.9238095238095239,True,5
-0.50111052064026851,0.8473229231963354,-0.17587526810116294,-0.85993442648938656,-0.51033371485289225,-0.0085018599622006807,-0.096958899756592637,0.14698082633617163,0.98437574556036644,-8.8762663443249217,11.387887561677042,-4.3704687224074696,,0.2911174538006086,0.1851851851851852,False,4
