axis_00,axis_01,axis_02,axis_10,axis_11,axis_12,axis_20,axis_21,axis_22,location_x,location_y,location_z,dbh,dbh_approximation,score,reconstructed,number_clusters
0.79175332185082792,-0.58681613808054922,-0.1696275255564603,0.60507171587628927,0.79150522205916352,0.086068008572270358,0.083754975880249286,-0.1707814496404772,0.98174273639991605,8.2379688739804244,-14.665771676473931,-3.4964516180705547,,0.1732410094065147,0.4705882352941176,False,4
-0.81657751660416511,0.56270434298040051,0.12870501842419335,-0.57438017312045231,-0.76993189155506658,-0.27801492602476902,-0.05734610799954333,-0.30094634863615544,0.95191528989709584,6.9272349988531099,9.829317063366565,-2.6921619146117379,,0.4289333861182308,0.28,False,2
-0.91332953344206202,0.40684781552561855,-0.017436121831871414,-0.40369900357301808,-0.9102187118402113,-0.092352645495932542,-0.05344415643132705,-0.077309453613236059,0.99557368914880706,2.372162111505109,-13.596256760677853,-3.507963882028744,,0.5691390905873686,0.6652719665271967,True,5
0.0082253352956602223,-0.99628319402926646,-0.08574462755249361,0.99980609973355228,0.0097279349623274735,-0.017121046023823382,0.017891528577936494,-0.085587175302206414,0.99617002997928672,-1.3566377482957723,-5.3678098846481124,-3.3042551827721471,,0.1233316353242905,0.4975609756097561,False,5
-0.28714920824435414,0.95225544578726051,0.10370582516496007,-0.95784726204159421,-0.28447786731966401,-0.040012068237923394,-0.0085996979052202736,-0.11082377440676008,0.99380286587541,-23.9857543849831,14.168931437729315,-3.2823425676134055,,0.2121138668845926,0.5238095238095238,False,3
0.84677589199310466,0.53025774384515578,0.042394738252838175,-0.53051957384056325,0.83597273560063234,0.14035158390421359,0.038981668913844476,-0.14133757612411343,0.98919367116053214,4.5985216887490132,-21.510148159762956,-3.7424189675892179,,0.2802342364358286,0.5306122448979592,False,5
-0.91332853234482914,0.40712956261628785,0.0087470708646412085,-0.40376134408422559,-0.90255960617135134,-0.14954241649483671,-0.052988385785382147,-0.14011308486963586,0.98871661987658244,-13.181148044442882,-20.639801349402561,-3.9745535818886553,,0.4444952205826118,0.3,False,1
0.75705294104667309,0.65335233928109959,-0.0012510829290559404,-0.65292774218431016,0.75662729818858787,0.034648161883924083,0.02358406111507351,-0.02541362610393217,0.99939878910751545,-29.816287758362254,4.5098343661305131,-3.7453700730920776,0.182710652964746,0.1510394050235014,0.4411764705882353,True,5
0.59870090284202471,0.7913802553311079,0.12359013070717056,-0.80061087727002411,0.58662647230115283,0.12203116484090228,0.02407181200215993,-0.17200777153249691,0.9848014390725458,20.382572163454707,-14.334637765513152,-3.4294949573212699,,0.3994119860779863,0.1875,False,2
-0.86447274109452399,0.50249683623288843,0.013557635503943549,-0.49991692148236577,-0.85658494455033019,-0.12784875590048556,-0.052630328899925777,-0.11729945586252896,0.991701006419899,17.468788342798707,11.305904123906616,-2.6803460012552347,,0.461311833640505,0.2142857142857143,False,1
0.82621715344449809,0.56335005407544325,-0.0013899378636624618,-0.56263776903530871,0.82529166315675884,0.048295047146885088,0.028354121552960354,-0.039120164840458493,0.99883214630578154,-0.50589812841365911,4.7046822228078486,-2.9933301279927571,,0.07410282495741126,0.4065934065934066,False,5
0.99856037204874448,-0.037194872782205957,-0.038648736235317657,0.043390597926640288,0.98372663584689302,0.17435355441436132,0.031534733000935365,-0.17577954193838513,0.98392434325535927,9.8587776466435031,-5.1584250104793776,-3.183279517146747,0.2977594252012131,0.2932916807975439,0.396551724137931,True,5
-0.77271493765534705,0.63443658015650684,0.020046218686064637,-0.63270488307321604,-0.7673021732689288,-0.1045557546579186,-0.050952488257211034,-0.093475133891827988,0.99431697324560653,12.886118349249431,1.4004991338157882,-2.9954534484412374,,0.1714610877122376,0.25,False,1
0.57036278653954831,-0.80181261155579342,-0.17827738970750259,0.82005879893316325,0.56822747248298522,0.067978715844716708,0.04679591887269683,-0.18497047187504675,0.98162929179562664,9.0506775267068829,-3.1548724642011758,-3.1458501529555907,,0.5114594617958259,0.3454545454545455,False,2
0.67081199115832757,-0.73773401099778046,-0.075893356331936154,0.73991947582002537,0.67269468333292259,0.0010160304314554211,0.050303497099291022,-0.056836537832150688,0.99711542268026121,-19.232714103027558,-0.25240782953198054,-3.5168808707620713,,0.3724007290196068,0.9431818181818182,True,5
0.88816857887962886,0.4509189749183255,0.088479678737805323,-0.45920010681283746,0.86378782327837045,0.20737853856918692,0.017083248930379824,-0.22481697981829499,0.97425124490110937,-9.7487568077192126,4.1697202669886417,-3.1511367765542584,,0.3346748243239472,0.208955223880597,False,5
-0.68994712424768256,-0.68604265653269692,-0.23090785859280258,0.72362597714934385,-0.66179738423633327,-0.19593281351678976,-0.018395948929345856,-0.30227420603734589,0.95304348978810094,-12.390541412487073,-27.388400771518793,-4.164833344399864,,0.3218735503730871,0.5,False,1
0.31638516679004119,0.94859487671406073,0.0082574879396109628,-0.94862219182240681,0.31640742229020841,-0.0015100667925514594,-0.0040451720964751331,-0.0073554735741953731,0.99996476617489327,11.757799956179623,-12.538070266708871,-3.4048706243842028,,0.09504519425970756,0.391304347826087,False,5
0.28700086292589327,0.95321484636963483,0.094931350671445938,-0.95792992236437324,0.28567865409630566,0.027531262824442071,-0.00087665202780049922,-0.098839077566697742,0.99510304402458016,6.0060933124415579,-13.833966583471286,-3.4853948449261258,,0.2635971901843767,0.2413793103448276,False,3
0.6853201296538316,0.72522171588532169,0.066255435245767574,-0.72805299572540128,0.68022851707737075,0.08501764505084114,0.016587805958755999,-0.10650177164287729,0.99417413833312129,4.3244861260589635,6.14019613655684,-2.8609853081855676,,0.1242102336529908,0.3333333333333333,False,5
-0.076807091112005052,0.99664028573387009,0.028439613345163844,-0.99673926534478718,-0.076044774148343278,-0.026982017060656761,-0.024728681219309902,-0.030419289555111945,0.99923128411199991,-30.466317146007803,4.9833845718336045,-3.760611630601252,,0.1256210687687983,0.3055555555555556,False,2
0.46938982331034784,0.87984368271378455,0.074486829448741729,-0.88297345207236388,0.4671748115393965,0.045886581900843534,0.0055746486969027991,-0.087308587503033663,0.99616571605337412,2.6999655936561466,-25.108618813506908,-3.9037346204160097,,0.1030685602550496,0.2,False,3
-0.99812615952122896,-0.027169835186261801,-0.054826724645494387,0.038168921611199676,-0.97677990552139449,-0.21081781137430691,-0.047825757729905195,-0.21251544938090064,0.97598661910499229,22.581150760731795,-7.6144054274919748,-3.2502959333794261,,0.4753741644828606,0.2142857142857143,False,1
0.98886604173069637,-0.13715520375925569,-0.057726957252400124,0.13938911687509509,0.98956043398866778,0.03661723065633439,0.052102069139761169,-0.044256045529567738,0.99766065213851118,-4.51914576987076,-7.6287295825677433,-3.4357337020670795,,0.1440377338716338,0.6598360655737705,True,5
-0.97229753819483589,0.23360858895436426,0.0080327073277328201,-0.22666326360702294,-0.93388060320871658,-0.27656967274366423,-0.057107461432595458,-0.27072873160652,0.96096029664677096,9.3385855956630337,29.779142527484471,-2.4582778889364398,,0.6280975044482904,0.3333333333333333,False,4
-0.93811785549303783,-0.3382516792455505,-0.074301350544313693,0.34541699901329093,-0.929343843027433,-0.13041134237348245,-0.024939647106484074,-0.1480061583670311,0.98867193299275824,-1.3690124273177537,-19.181759069825738,-3.7220364767620557,,0.5999059294861316,0.943089430894309,True,5
0.9962543938264955,0.074124119134408389,-0.044528617134946172,-0.069618564807670591,0.99300242412519535,0.095390990746540116,0.051287797920390038,-0.091933675244897914,0.99444344290685704,4.9351825438029255,-19.983600522811692,-3.7026014242085838,,0.1869966562343127,0.3939393939393939,False,4
0.99086324977826024,0.12574892457473075,-0.048756827287713564,-0.11855846608469937,0.98445342268251157,0.12959686990175009,0.064295492520926076,-0.12263224101755058,0.99036731726390526,8.5457033573778816,-23.516674790356877,-3.8004525874911068,0.85885088862242,0.4464629170128348,0.6216216216216216,True,5
-0.85233338381426282,0.5217485421734247,0.036142240877316004,-0.5203602832239036,-0.83907302995330169,-0.15868719560230407,-0.052468833404859666,-0.15406138109497441,0.98666717406440652,-42.664663896516906,8.8440178002552194,-3.9409272366807717,,0.2684412670088916,0.25,False,1
0.82516951553647344,-0.56013662523375518,-0.073090571902555704,0.56240835210277107,0.82674867898847793,0.01354500925999714,0.052840477991295501,-0.052283676826974317,0.99723332326146474,-1.1705662832233223,3.1134153591814901,-3.0314608750492997,,0.1000946133561134,0.3678756476683938,False,5
0.40614136153329961,0.91243233632711562,0.050163991831967847,-0.9134206873960744,0.4037532878312084,0.051438608091306071,0.026680372725270393,-0.066712174227268037,0.99741548189363405,0.50013486030345489,-6.3075071584339319,-3.3147438981990285,,0.5762343846056089,0.8208333333333333,True,3
-0.68241997823568279,0.73064631946495162,-0.021422631890813146,-0.72925495185643541,-0.68253620198264475,-0.048286107484179011,-0.049901788521832371,-0.017328844030266206,0.99860378662755744,21.492445008358956,-17.739226826986709,-3.5544224296613787,0.4387992551380416,0.4034933109614324,0.7931034482758621,True,5
0.99344100797553103,0.11086503873395427,-0.027998336719858352,-0.10704454861212595,0.98779070216017151,0.11318565871319848,0.040204829125192687,-0.10944620556434681,0.99317928885100071,1.6028281259708006,-31.660006965921426,-4.1239096676518017,,0.4432119512485168,0.4324324324324325,False,5
0.82813138821599741,0.55880434484606245,0.044001227626131248,-0.5575939301570787,0.81321616182090606,0.16663878061620435,0.057335965182654366,-0.1625336221661092,0.98503573984000026,1.5336713140850939,-9.8170980563043706,-3.4091680507618611,,0.7280884804575706,0.2773109243697479,False,2
-0.98500093346429818,-0.16523444848462093,-0.049706519778057692,0.16709172534028285,-0.98528954664483059,-0.035845007954155961,-0.043052484217182933,-0.043612914445255321,0.99812043226071767,-2.7396687855857187,18.437104621021479,-2.5992905322397708,0.4276601301631808,0.4168401214836382,0.9,True,5
0.58940941578012351,0.80774190771885834,0.01222910889769668,-0.80781553285893193,0.58922438766125451,0.015769776696529014,0.0055322203112666175,-0.019173718990266923,0.99980086169122129,9.0408680114071469,-9.1749248538736925,-3.3408456781705365,,0.4171799548688128,0.9140625,True,5
-0.78877764372828285,0.61436872134782117,-0.019516735995047583,-0.61282002664268187,-0.7884633770431515,-0.052698368166108345,-0.047764460638843577,-0.029607047997925261,0.99841974089494445,9.0651605698830142,5.6324477654440432,-2.8290673333938559,0.3198739496135916,0.2197341851822925,0.5,True,5
0.52738447499940955,0.83879880197746426,0.13521163164006256,-0.84820421926653045,0.52899680606505972,0.026682983180696652,-0.049144866955285263,-0.12875926752718275,0.99045738579598208,-36.588440481713896,12.965603404538051,-3.7468333394649589,,0.794592857314385,0.2941176470588235,False,2
-0.012218908629446627,-0.94946816487412045,-0.31362541695863005,0.99965530713628903,-0.0043103481851593239,-0.025897641065804874,0.023237150990510956,-0.31383375342542758,0.94919355772400349,11.719357202216381,2.0633422162087807,-2.9742115699229603,,0.3990394926962608,0.2857142857142857,False,4
-0.95753616839096956,-0.28130066770366857,-0.063201428564635231,0.28550371557387388,-0.95567055704397363,-0.071982044933259798,-0.040151147139938399,-0.086969654183120318,0.99540150925875914,-30.887352089096691,14.286354745343022,-3.5148716562521192,,0.1140464534213134,0.46875,False,2
0.11221401296219745,0.9843760697905638,0.13568997206353509,-0.99356428740457625,0.11326960436382241,-5.9342224599506083e-05,-0.01542796451759864,-0.13481005137209265,0.99075134517188379,-5.9377394602194435,-22.895835217718378,-3.922578952293835,,0.19014900261692,0.3333333333333333,False,1
-0.90805607934371668,0.41603587693425204,-0.048459321811879001,-0.41071046771067199,-0.90712927762924689,-0.091833465472690917,-0.082164885929455242,-0.063487185883379441,0.99459454490199706,7.1504055057074369,-12.026004633866682,-3.4177435297949539,,0.1504806819751439,0.3,False,5
0.24241573691961871,-0.91805991678877619,-0.31368869867992499,0.9695498022082204,0.24082957327512228,0.044433069600517933,0.03475329526419331,-0.3149080910708853,0.94848568921537879,-10.665381585104589,-23.222937067930332,-3.9873062688262482,,0.23598202585471,0.3125,False,2
-0.011223418429293332,0.99955483160732128,-0.027643688053901865,-0.99971312273077917,-0.011801605700954784,-0.020842129036019647,-0.021159090685469017,0.027401837773033188,0.99940053640571225,-2.6966250317378626,4.7706497429644266,-3.0153839936541207,0.9467457761828169,0.7362299554468124,0.9935418082936778,True,5
0.96622079084111012,-0.25084644596522276,-0.059105362641611106,0.25315865689665507,0.96677520303237474,0.035445750661995228,0.048250158390014758,-0.049211455458329854,0.99762225058737097,-24.849722569938457,15.630364143280429,-3.2798215668678545,,0.1681426199517275,0.5128205128205128,True,5
-0.82586408445769477,0.56382910443728751,-0.0067271830879682207,-0.56174978073484494,-0.82373473408130005,-0.07680020646041695,-0.0488436060012594,-0.059647538569964902,0.99702380778762623,-14.193009889575213,-8.4686879251145353,-3.6424045385495507,,0.1470412793649451,0.2777777777777778,False,2
0.040066816033992321,-0.96598256520735915,-0.25548450827459135,0.99786335622842148,0.051889462177589656,-0.03970146107477595,0.051607872940566638,-0.25334791775408766,0.96599765011112737,-31.134468140354574,3.0643275793946372,-3.8208566252783158,,0.3076631852197498,0.1538461538461539,False,2
-0.6510729744531093,-0.74590650120639268,-0.14045452429459107,0.7588514784506224,-0.64353319131367326,-0.10004731546096149,-0.015761205223164008,-0.17172222667924589,0.98501932025429662,-15.429483764320395,-23.864784443483643,-4.0912618039157227,,0.1039200405970029,0.1875,False,1
0.96155431752679754,-0.2681111468864168,-0.059411340338564225,0.26978238902574303,0.96266961246145044,0.022015444916779342,0.051290905793688515,-0.037197179443761927,0.99799078794560603,3.1338367639136702,-12.449859038400874,-3.4633977749613325,,0.1887857679509671,0.46,True,5
0.60204774197304722,0.79615321613583823,0.06065123924304229,-0.79834163305581274,0.59891087368337892,0.062899938899729155,0.013753301964736977,-0.08628917556897378,0.99617519787670572,14.133704073142898,-8.6676676020061976,-3.2749281936783836,,0.0783132562007162,0.3043478260869565,False,5
0.007334095502258435,-0.99450972347759103,-0.10438688112827234,0.99981413441972233,0.0091541804658768367,-0.016967545330381063,0.017829965162729007,-0.10424303760214622,0.99439201598452698,7.8042807490828121,-7.972387374718231,-3.2979289909005645,,0.2159178941289841,0.4893617021276596,True,3
-0.96456159410630515,-0.25678336298058235,-0.060689666925151382,0.26074613361263743,-0.96284998581815406,-0.070223632888374313,-0.040402784324399907,-0.083559615283718247,0.99568338627922948,9.7929625038409114,12.565052521201705,-2.5999959655647724,,0.1378856955749084,0.2413793103448276,False,2
0.99493839828187147,-0.058540888901820388,-0.081673422549129598,0.064110971436936476,0.99566879879808501,0.067330724349219773,0.077378078069413533,-0.072226085499375023,0.99438223315167917,9.0004459569213484,-25.661793452623083,-3.9060863118106446,,0.2187612330910951,0.7037037037037037,False,2
-0.26754126127667843,-0.92951298821057837,-0.25382529082486199,0.96352283707756015,-0.25624268360546326,-0.077223244743278574,0.0067391352927418848,-0.26522686863610223,0.96416248226582346,-21.125190261315257,10.040476886781853,-3.3217131017040309,,0.4589169699261088,0.2068965517241379,True,2
0.98780975143023508,0.15524425965920169,0.011450538074792148,-0.15495260379871215,0.97358501590924851,0.16769587762669186,0.014885750076339901,-0.16742591388388309,0.98577227482051355,14.853718835459189,-10.342504392232634,-3.3371218612596607,0.6864196378750046,0.4176768235499697,0.2631578947368421,True,5
0.87104435989651963,0.49077325117756027,0.02057520403469178,-0.48976941027505966,0.86453815716703131,0.11269294370568661,0.037518633387721559,-0.10823765856133445,0.99341681152368089,-4.0655315971408328,-15.831891212065226,-3.6743885582738116,,0.1399547053282008,0.4,False,5
-0.69084804767084385,0.7140310873547433,0.11352788785310551,-0.72134928035173707,-0.6701156182476502,-0.17492933978210004,-0.048828175937826582,-0.2027428530715038,0.97801387759224157,11.258930115366297,29.400398409807135,-2.4673827132135995,,0.6342341369296238,0.2285714285714286,False,1
-0.44692912859088663,0.89397373171576744,0.032639255799960867,-0.89349142287795691,-0.44430274907009099,-0.065331037128481123,-0.043902519979085106,-0.058361238600155588,0.99732970203866944,-30.238460875475333,21.324542819233695,-3.3069186303778095,,0.6105296388496284,0.5909090909090909,True,4
0.7412996518584789,0.65475433026924479,0.14755200150513045,-0.67081327657816858,0.71556645900744309,0.19486967621980134,0.022008501106593505,-0.24343666473483674,0.96966706458547891,0.7807727708258061,5.2697847677064322,-2.9531011682579345,,0.5405624735339187,0.2660944206008584,False,1
-0.80931772834208415,0.58680166622843877,0.025857670094890834,-0.58508232750850342,-0.80150003141875337,-0.1235976119225983,-0.051802361224565871,-0.11515860431276957,0.99199546935673755,10.473552164838472,1.3445699701713167,-2.9911269544221111,,0.09595851497982064,0.3846153846153846,False,5
-0.83345246760148362,0.55248574219741975,0.010793003176313983,-0.5516801304784551,-0.8307985946350388,-0.073639179705636423,-0.031717784983704561,-0.067329041438375065,0.99722654512137643,19.00974027173719,-7.4623924852451937,-3.2239200193080557,0.4789677111143117,0.4049441711699745,0.7647058823529411,True,5
-0.98879459801787628,-0.13662171437578494,-0.060164358981774718,0.14230728519095523,-0.98440625006259019,-0.10340682481968712,-0.045098553327646243,-0.11080993637183789,0.99281784758787595,0.59673288099187805,2.8285313646935539,-3.0184448366710299,0.7348780765727444,0.5639350984573895,0.9682631275245239,True,5
0.33493612934467154,0.9372296764296304,0.097048044180288701,-0.94140232938529278,0.33720260070652103,-0.0074873429667997931,-0.039742212917166168,-0.088853473181234724,0.99525153444547765,15.721288159459887,27.497996053682598,-2.4736286796801861,,0.4808710913826327,0.9473684210526315,False,2
-0.34008410854643056,0.9403352097182508,-0.010606247136192,-0.93977919836612822,-0.34024788725456984,-0.032348624964898813,-0.034027304220254309,-0.0010337228525668408,0.9994203690062391,-17.727200894424172,10.008242031042506,-3.2013028930658209,,0.4599828363533188,0.9302325581395349,True,5
0.41751637800927405,0.90852511396716729,0.016192324878242251,-0.90863048641887001,0.41759711662311572,-0.0018131018359668193,-0.0084091167327345444,-0.013955840318854794,0.99986725182734626,-11.302819334060016,5.1418265607104248,-3.1668928761024655,,0.3949547434918956,0.8287937743190662,True,4
0.99655127380324982,-0.067062123423286366,-0.048869523049447125,0.067208935578492973,0.99773798910283606,0.0013653129441085939,0.048667418870600838,-0.0046450729799734592,0.99880423789523676,-9.378716175122225,-5.4246238286200397,-3.4808101939829053,,0.1156064205187531,0.5572916666666666,True,5
-0.98872126151663509,-0.12568994349763404,-0.081438965664570165,0.13721521862861535,-0.97813898918004172,-0.15625652505590706,-0.06001875374959717,-0.16566881405203449,0.98435338839714348,26.849037386439736,12.25663853392243,-2.7387521749957013,,0.5030559456273681,0.5,True,5
0.46653001013436257,-0.87460511604830871,-0.13196833190639445,0.88398439449956157,0.46615653927421918,0.035632445511457542,0.030353581753643007,-0.13328155113896364,0.99061328892798373,3.1554179925411669,-22.026109558124649,-3.7630819771857831,,0.1013563562124701,0.5333333333333333,False,3
-0.97960708673791874,0.19766206963491212,-0.03605082302100418,-0.19412376740829337,-0.97737971129164747,-0.083933681455464218,-0.051825848184659837,-0.075223707586768745,0.99581899724640799,-16.387391875698928,30.385252255257239,-2.5855130168696947,,0.3391837883310254,0.8478260869565217,True,5
0.99926025645374461,-0.012067825824583258,-0.036514482768677803,0.017476192360979269,0.98828215921564122,0.15163428529403236,0.034256715729307691,-0.15216024893492211,0.98776198351197109,-0.54775359432516568,-6.7945717223669302,-3.3567360200201044,,0.3400237790145973,0.3090909090909091,False,5
0.41952337660348193,-0.888441973920294,-0.18620149156176541,0.90689106603641567,0.41910936069502064,0.043542371560876349,0.03935391755019492,-0.18713151192256233,0.98154626300497427,-27.523432252785323,0.61340615303601287,-3.7495722123175366,,0.3655502129554526,0.2077922077922078,False,4
0.99746621188592666,-0.034544450275513214,-0.06219193758921749,0.038035455410389087,0.99771427521241318,0.055852745403356038,0.060120381549544688,-0.058076725049975089,0.99650019253876987,6.4296939149810726,-15.385449139829726,-3.5233923736784427,,0.1566294973136879,0.3181818181818182,False,4
-0.62725131493130559,0.77764772567961704,-0.042659145118806509,-0.77740296652649588,-0.62847167730199571,-0.025845279356590409,-0.046908587196292456,0.016951860503656206,0.99875533484067691,-14.828085334765102,-23.097136501644243,-4.0606408619126677,,0.2158907168951422,0.7857142857142857,True,1
0.92779299593625375,0.3714726751309409,-0.034759291170738393,-0.37101598224259807,0.92843175155777868,0.019016403969064538,0.039335704038314538,-0.0047470338546244913,0.99921477574012696,-4.1528169550960339,-13.955162111217554,-3.6035691833826484,,0.07434799948745816,0.1836734693877551,False,5
-0.90701987774614612,-0.38915194046547219,-0.16085928199927813,0.41971405809820861,-0.86632761541879277,-0.27077033108802995,-0.033986038429028573,-0.31310897463142967,0.94910890797481995,-45.530347904418335,8.7350400719849866,-3.9823094749810681,,0.412711329399472,0.1666666666666667,False,2
0.72513118886020955,-0.68436616654935145,-0.076339432960459377,0.68768562906202602,0.725437867271161,0.028781527246398313,0.035682411966472108,-0.073367914047045207,0.99666640089080993,18.692159346511339,-10.40406312029401,-3.3270288232396963,,0.2719327574726618,0.4444444444444444,False,2
-0.43796738260578388,0.8986209089444982,0.025788248897555276,-0.89814433693974383,-0.43613033436728882,-0.055920313551909961,-0.039004125378041023,-0.047652843067756634,0.99810214144197362,13.336195941765389,-14.547077290349288,-3.5346141688745583,,0.1045069696895954,0.1176470588235294,False,2
0.46140763789532602,0.87776385026255921,0.12897137226571659,-0.88714833112133384,0.4551066461232206,0.076457695774228757,0.0084160727472307947,-0.14969490247406525,0.98869641745724579,16.083260895610614,-6.1101031468875009,-3.1911687959773163,,0.212219346755772,0.15625,False,4
-0.025414034945984498,0.99406217880888526,0.10580411849023277,-0.99942922437660953,-0.022908676925594777,-0.024827766381346202,-0.022256511176108894,-0.10637470180099055,0.99407699426504048,29.033665668381257,-6.4623083370061476,-3.2874827314721724,,0.1783490872034337,0.25,False,1
0.15799468113781337,0.98292977934980086,0.09426945210147035,-0.98735350111490061,0.15852260915250671,0.0019095087402281434,-0.013066926505803361,-0.093378965805112374,0.99554488807730745,9.0929927455797479,3.3195217610746264,-2.9351642938373703,,0.2373341895754111,0.2972972972972973,False,1
0.030830681458771721,0.99912747140738345,0.02817383466757024,-0.99928224716719682,0.031431666644536428,-0.021143340048900963,-0.022010442459534225,-0.027501749235904507,0.99937940453648577,2.0927728626983919,-11.920647887630047,-3.4626597272829516,,0.6403010868607582,0.8620689655172413,True,4
-0.93514133283069878,0.34686933753292776,0.072057964938599436,-0.35029907885711425,-0.87493239511870968,-0.33434093276728105,-0.052926770008019063,-0.33789786423016382,0.93969345552962769,-32.293028398570549,13.431199864901695,-3.5961446211406032,,0.3087635236928334,0.2777777777777778,False,1
0.40651159050750196,0.91360691605233768,-0.0084100965748095009,-0.91296306336713884,0.40654643160122783,0.034906215486608862,0.035309654633689604,-0.0065116736439074022,0.99935520531791133,8.4925176440605643,1.6929836105376257,-2.9849485443120858,,0.1727861489569682,0.3333333333333333,False,4
0.35044803121535312,0.9111952179018038,0.21658590048792864,-0.9361967494370097,0.34744216239877085,0.053099812911563488,-0.026866778014113794,-0.22137574090344742,0.97481842287607079,-3.187136346791446,-22.812929192366393,-3.8806322162238733,,0.4367313218262396,0.2777777777777778,False,3
0.01759108412841319,0.99895952642361197,0.042076339273979531,-0.99964188332281778,0.018420690569590344,-0.01941090584565025,-0.02016578453709118,-0.041719812157431244,0.99892582227488325,2.8138518286587293,4.5880578308321223,-2.9456923100167756,0.9036489721056664,0.8715171515769418,0.9169811320754717,True,1
0.70100840361336225,0.71248133109619671,0.030944642554675685,-0.71311437137164257,0.69985852456625397,0.040815915219091822,0.0074237057236626264,-0.050679368892451643,0.99868738360008857,33.3759394766941,14.353914262986047,-2.7731412376153806,,0.5667486653591128,0.92,True,4
0.37630646479295016,0.92646721890199202,-0.0072067229058091712,-0.92649470773185494,0.37628646082534362,-0.0040069869481270219,-0.0010005497976319465,0.0081848457252432956,0.99996600302238126,6.581866805845813,7.354451710308024,-2.781535683842205,,0.08652708762522451,0.2758620689655172,False,4
0.80233800825885726,-0.58542802722935861,-0.11630883645515287,0.59549491966992818,0.79836378608733072,0.089448676410602349,0.040491000858411827,-0.14102939409443779,0.98917702604278079,9.5659125473048885,13.473917603073422,-2.5607951380633458,,0.1008414988954083,0.3478260869565217,False,3
0.16326699377555545,0.98503268498912933,0.055267515292425226,-0.98651241127121148,0.16366410131098943,-0.0027063536216597904,-0.011711154996499749,-0.054080231556197005,0.9984679150596053,14.19906958863778,11.587969000808831,-2.6499047156837374,,0.2365919789705264,0.5,False,4
-0.1188629237689988,-0.95895727555809518,-0.25743455286204536,0.99280424929811617,-0.11099001486234851,-0.044954857095316339,0.014537122434987613,-0.26092558374956593,0.96524945574512477,22.435097290350601,12.587063999035591,-2.656691322377331,0.3728321311972742,0.2520456847283168,0.4285714285714285,True,4
-0.095182073910398388,0.99545320632033374,0.0036451107914728387,-0.99513154546232763,-0.095056001907603771,-0.026030054304600071,-0.025565211359858883,-0.0061049592880119095,0.99965451504017977,-2.4075172120338828,-25.319781890281405,-3.933803663972653,,0.6287046603294186,0.2121212121212121,False,1
-0.1237067427753705,0.98290938368528258,0.13632969322685073,-0.99187158071176063,-0.11835419839103577,-0.046723132381821623,-0.029789413694502435,-0.14100151483808332,0.9895610964690883,19.77447082464116,-3.7234116774867951,-3.1197845819100971,,0.5218918709935721,0.52,False,4
-0.058461775568244882,0.98365014523028649,0.1703367622853155,-0.99819087989299804,-0.059998893336973821,0.0038858842983567378,0.014042367886148792,-0.16980142692796893,0.98537824581090427,17.662999422216036,-4.8865329855018658,-3.1650596612846114,,0.1828926983772929,0.125,False,4
0.51745303704893353,-0.82910546385483286,-0.21172265881312452,0.85472963509646149,0.51263876931860464,0.081478482308994918,0.040982988381835908,-0.22312691903392168,0.9739274986700629,6.2161145968774063,-8.5067519933470024,-3.3389421543980444,,0.690921208440708,0.5984251968503937,True,3
-0.97698250565680744,-0.1872930623878902,-0.10211019744331574,0.20889829829294926,-0.93695531895421724,-0.28013609416444707,-0.043205145652538308,-0.29501870968595839,0.95451415721526955,-25.015619502207919,-32.296832159254762,-4.435688005399248,,0.3463298819057912,0.28,False,1
0.16019623828015028,0.97385667854267188,0.16106003507613126,-0.98622849868456652,0.16470872370461251,-0.014979476559088413,-0.04111585610535138,-0.15644234079504496,0.98683092796248117,16.286278692876596,13.950422215630695,-2.5374301387907781,,0.3710871788298866,0.3333333333333333,False,3
0.79986469436254148,0.60016318239642263,0.0045414984436895275,-0.5995914662550329,0.79872186362851127,0.050333469540014567,0.026580901159578882,-0.042983008940676852,0.99872214185725761,10.748687412675219,13.148475536033862,-2.5879142775146931,,0.1201298821245136,0.35,False,4
0.83384396706040209,-0.5410689113355418,-0.10930998025405927,0.55017798089693581,0.83071031917960803,0.084997381987240106,0.044815487648159014,-0.13101449841405088,0.99036698918742883,-33.194318043827252,27.366451395167502,-3.1248894769861018,,0.2802223430323791,0.375,False,3
0.93442208589596509,0.35520576406900506,0.026157801168837695,-0.35408989172317196,0.91854113190995879,0.17579117602725214,0.038415022703449236,-0.1735253703690797,0.98407989099918491,0.42472004381321393,-19.251336213403697,-3.711561845047096,,0.5002197871065007,0.2962962962962963,False,2
-0.99874904136886244,0.001808797611809292,-0.049970797631995426,0.012584007715463698,-0.9580895730680935,-0.28619226531829151,-0.048394164055136621,-0.28646308353677569,0.9568682807241583,2.2607271140889864,-27.793137314665021,-3.9704873389299995,,0.3601070008629907,0.1176470588235294,False,1
-0.55305745416430896,-0.78337943263338772,-0.28362672109708631,0.83308980804742061,-0.52384102757430517,-0.17762868450058258,-0.0094246549435471807,-0.3345253986723386,0.94233960625790714,21.124023010779041,6.4390913245004322,-2.831755396763683,,0.6657503792638475,0.3518518518518519,False,1
-0.99428037248166734,0.099980267146101157,-0.037556451897248121,-0.090237547142290833,-0.97452290554276655,-0.20533458466178106,-0.057129029253602012,-0.20077114522230907,0.97797097158487423,12.549494874077492,-10.95793799271055,-3.3612028142133896,,0.4879479838270149,0.1666666666666667,False,2
-0.99713826120508242,0.066266416348313609,-0.036387499299295439,-0.05689941563219434,-0.97475205774121554,-0.21591869402620195,-0.049776947893769727,-0.21323036367651257,0.97573309232841055,12.03610372296234,-6.7112472317059861,-3.2056964113025423,,0.2829550252386722,0.1428571428571428,False,1
-0.64315245270481458,0.76571752323619435,0.0056211376792506783,-0.76428062768799165,-0.64145825158373426,-0.066380973297982426,-0.047223349316095453,-0.046989212423348553,0.99777851710447396,0.13754815249463118,4.185589851786732,-2.9956303524935186,,0.1195666815696084,0.1403508771929824,False,2
0.97378626166097693,-0.21726361578639206,-0.067356052851707912,0.21913404750902338,0.97545428934677358,0.021660992989560861,0.060996605009230792,-0.03585318187279557,0.99749384134787711,17.948756292834588,6.7084827550750319,-2.8386695100245545,,0.1423329945689487,0.3888888888888889,False,3
0.9125323061298487,-0.3953946556259737,-0.10463200548472996,0.4055577991788909,0.90787480113033692,0.10623660855714695,0.052987373915993077,-0.13937866327012807,0.98882047229541004,-6.8824723535995087,-20.930540631759843,-3.8582060389634929,,0.5817436069797591,0.4666666666666667,False,1
-0.99477033893778666,0.10031067489135249,-0.019228657582937635,-0.088873284611310235,-0.94288708490140494,-0.32103813544270277,-0.050334004927062345,-0.31765030084823076,0.94687104418660439,20.878809967732138,-4.3755992776586492,-3.1319614445101629,,0.562426837508222,0.4761904761904762,False,1
-0.15425496205470363,0.98416588718752374,0.087309296056588562,-0.98796682956929049,-0.15263381227270012,-0.024989258130393634,-0.011267224694093943,-0.090113405481633449,0.99586777425529571,16.580396652047611,-10.298235759739759,-3.3377265305220605,,0.2579832011934933,0.1052631578947368,False,3
-0.92582411724561042,-0.35826764325863908,-0.12039102840447467,0.37611987718566831,-0.90468740754144716,-0.20018624483658568,-0.037195993228092472,-0.23061871222829283,0.97233300245231813,6.3670227799437704,-10.339929829124733,-3.3759177746730886,,0.3899628514098016,0.472972972972973,False,1
-0.94377203762183248,0.33052146174030023,-0.0070642998370926413,-0.32790430260409131,-0.93859316779272417,-0.10733887323119383,-0.0421083048442654,-0.098987012793967363,0.99419739587330824,15.210522704486101,1.1955479848024835,-3.0320096545382138,0.8299815612674961,0.7221852857269969,0.8837209302325582,True,3
-0.7406206408804854,0.67111384259434725,-0.032973877236822768,-0.6700474736871127,-0.74132753492276293,-0.038338870234501179,-0.050174189652621749,-0.0063004955035079468,0.99872060880364,19.97310995102201,-12.884032934034641,-3.4000867463076685,,0.07646721522427505,0.1818181818181818,False,1
0.67195013641567192,0.73884299667977749,0.050931723200827526,-0.74039741208357746,0.66858509534263166,0.069322741330853588,0.017166430930755153,-0.084291141544825268,0.99629328869874911,16.368278813812907,-13.145123834037028,-3.4150120939198936,,0.3298293860129327,0.2380952380952381,False,1
0.82232771622567225,-0.55753913452338866,-0.11369802373823609,0.56663497283173991,0.82062861395304743,0.074118051279516456,0.051980137466567641,-0.12537460443171999,0.99074682632474076,-21.33301052234896,1.3279826784260171,-3.5369801299610919,,0.4580865471393174,0.2407407407407407,False,1
-0.1869745657414742,0.97098688696915314,0.14908043835372256,-0.98226765693411944,-0.18265709786008941,-0.042268602324690305,-0.013811658370387222,-0.15434004644058064,0.98792124592893416,9.2834075509122727,-12.087898407737077,-3.4002303901773048,,0.6061578884776176,0.4819277108433735,False,3
-0.92722653530459809,0.37340141168459895,-0.028676435953221651,-0.37076318715121359,-0.92606854297076646,-0.070226154483040829,-0.052778890481942675,-0.054483387118921318,0.99711882403630525,7.302148831814022,-15.46051287215564,-3.519585466332444,,0.0878345408419817,0.4,False,2
-0.12408468850815221,0.99175834848976274,-0.031911883032693843,-0.99192508365417897,-0.12482708275396029,-0.022423822795970716,-0.026222480727115794,0.028871744179967206,0.99923911247134523,-12.588376088838054,-3.9532593589559282,-3.4655578509887519,0.5875268843726489,0.4430190016523304,0.8888888888888888,True,2
-0.50383956361846161,-0.8528068302760996,-0.13735430232501269,0.8637736803478796,-0.49859018082322615,-0.072820743781855948,-0.006381478750123573,-0.15533300300031352,0.98784155354381986,5.5264430385051853,10.895784382581502,-2.6659023781216358,,0.606003950605682,0.3493975903614458,False,1
0.7828833811288739,0.60098978357477828,0.16094996611047474,-0.62166325474160955,0.74519676597068252,0.24128111755979556,0.025068092394325475,-0.28895165690055574,0.95701542867298262,9.656770541823839,9.4758959944580923,-2.6838427903588054,,0.4329704504322139,0.2181818181818182,False,1
0.93794572641538609,0.34302946548026969,0.050878287229764521,-0.34464405834393841,0.90580913384436268,0.24643515595861273,0.038448502536952159,-0.24867770076234472,0.96782287315201432,-11.312414587139756,-21.48939487302188,-3.9636630481829158,,0.746214977709883,0.3636363636363636,False,1
-0.716697023584554,0.67119552062772225,0.18931970175953949,-0.69562239905363987,-0.66875260696264149,-0.26244890667619097,-0.049546486453620704,-0.31979137538393709,0.94619164121764965,-10.362178122135555,-11.474637456476284,-3.6646169066820788,,0.3143311117981975,0.2542372881355932,False,1
0.93720370445833856,-0.33271592340663714,-0.10463904940907236,0.3447458475103366,0.92919666018253455,0.13320610845603656,0.052910461857230418,-0.16091513607268343,0.98554898508839373,2.2501221174357471,-11.097236348524861,-3.4332803719608553,,0.8301692282707245,0.5046728971962616,False,1
0.93087189824744032,0.3624105061454409,0.046218330655836297,-0.36339441325214072,0.90540385833520365,0.2195184587429011,0.037709540839675426,-0.22113904754052785,0.97451296152618161,6.6216481941803309,-24.885551830208957,-3.8823490751546492,,0.2847533314278216,0.2727272727272727,False,1
-0.41982204687771152,0.86963314904697431,0.25978382365738401,-0.90674549739709753,-0.38941135440873348,-0.1617757707682016,-0.039522802348751093,-0.30347484761706056,0.95201941417089964,-4.5433970594287851,-11.849844273279356,-3.5480128377883804,,0.465893694468469,0.1511627906976744,False,1
0.99703172724077527,-0.025646634992380374,-0.072594662261384793,0.03586137689339635,0.98905702009714913,0.1431089537515299,0.068129997230197276,-0.14528751188631234,0.98704095273058368,6.3420668909742348,-19.992477765914824,-3.6910782384816256,,0.4986470478046776,0.1333333333333333,False,2
-0.12605153814618603,0.96642421240767962,0.22390902483637418,-0.99165630208926769,-0.11661100081571403,-0.054951369549774851,-0.026996078560024343,-0.22896750022864149,0.97305965674331996,-0.73557501701933603,-20.454664342909027,-3.7581328366821829,,0.1121991115223159,0.4,False,1
0.98995775636159866,-0.11819413675736767,-0.077548608341413083,0.13184201076097016,0.96987787073708687,0.20482822084126598,0.051003184390913128,-0.21299545039900464,0.97572107350989989,-13.315814922077916,-14.870567322407176,-3.8035252232682093,,0.5451879496677315,0.3888888888888889,False,1
0.5166794674235542,0.85617734778658561,0.0016361784867620736,-0.85609423954026487,0.51660055161175256,0.015050684383396431,0.012040804328952765,-0.0091771025689499804,0.99988539334243254,13.470638446628472,-18.082610181441687,-3.6104549887452015,,0.1065413541878105,0.3333333333333333,False,2
-0.07557392204791237,-0.9760077928900126,-0.20419934016607785,0.99469667080645241,-0.059463270289940758,-0.083920513421835943,0.069764714525719765,-0.20945860618363454,0.97532557482245519,-3.952512046179518,-20.655027632207815,-3.7967106167619638,,0.5119732429077958,0.2244897959183673,False,2
0.09128461770751467,0.95689952567659031,0.27569986639443483,-0.99568826565408508,0.092289541293067143,0.0093551166040660924,-0.016492307563022286,-0.27536510005414921,0.9611982446214804,5.1691959656760682,13.15035520278974,-2.6113365957800529,,0.3541199126679422,0.2,False,1
0.48419499007477995,-0.8526695157577634,-0.1962394162341119,0.87395296281705359,0.48207469015388743,0.061726913873345876,0.041969398015432202,-0.2013918816895425,0.97861119941464381,-26.084193660801549,20.398682921026207,-3.186169668897,,0.1917549345292019,0.2105263157894737,False,1
0.9214538524651753,0.38135864106992279,0.074083632864417437,-0.38765572376071478,0.89013199144692345,0.23955808823392244,0.025413335330970677,-0.24946066760921892,0.96805141273762907,9.3651135667723349,-21.166690506075465,-3.7236494001102596,,0.2211151237581834,0.1428571428571428,False,2
0.81804756534747602,0.57299425005823834,0.049757112348522925,-0.57511368903942373,0.81394859607802861,0.082048324919347507,0.0065134866647192265,-0.095735428879819007,0.9953855042889993,21.748048274021073,-7.3386889703551192,-3.2406964289736711,,0.3094341312910628,0.3529411764705883,False,2
-0.013791914497820284,0.99722497474138716,0.073158272577504846,-0.99951200238025695,-0.011698712386598531,-0.028963722590582983,-0.02802748993922605,-0.073522036700130453,0.99689967896833598,8.4510120479269872,-10.281748815023578,-3.3693413539213966,,0.1763836968866571,0.2765957446808511,False,2
0.99267437189959984,0.11312421127048156,-0.042432348487514954,-0.11077803256403651,0.99237256368827742,0.054082551160207312,0.048226744395363549,-0.048985790421168296,0.99763448890955886,8.0949711908418944,-17.591561283027286,-3.603880143143114,,0.09752020521057675,0.3571428571428572,False,2
0.9140251259691754,-0.36208140704114666,-0.18290741858146853,0.40218182921672335,0.86774706637549281,0.29200137849780117,0.05298910590794538,-0.34045863694702944,0.93876518426241573,-9.850258094618086,-13.456221471357566,-3.6953121153486523,,0.3258639994969433,0.3461538461538461,False,1
0.050537857270558019,-0.99386278085860857,-0.098400700233758076,0.9984465731222758,0.052592463260376907,-0.018397647365622358,0.023459872183892772,-0.097318064264550197,0.99497679810381312,19.6475042057493,-5.1418744952010726,-3.1704632283808496,,0.0714376131744171,0.1904761904761905,False,1
