axis_00,axis_01,axis_02,axis_10,axis_11,axis_12,axis_20,axis_21,axis_22,location_x,location_y,location_z,dbh,dbh_approximation,score,reconstructed,number_clusters
0.021733545110140331,0.99188501553132558,-0.12526679121525397,-0.99932768628256685,0.025253333004039542,0.02657902559006162,0.029526741203112095,0.12460491618153618,0.99176700208129287,-27.028524438202187,16.90608674759719,-12.211016540390876,,0.2118615662132617,0.1666666666666667,False,2
-0.81800939566166087,0.53899784142326079,-0.20085306955660134,-0.53362795941021746,-0.84145772966188859,-0.084794399154347125,-0.21471336601369473,0.037818198441026615,0.97594464716076157,11.201954831982111,0.86816315233067554,2.6121858675437393,,0.0974702174733357,0.2666666666666667,False,5
-0.91352611545212248,-0.20597108648839829,-0.35077905855074087,0.29623835296877993,-0.92782344061012434,-0.22668590887996434,-0.27877029005491255,-0.31099770832785828,0.90860747894650307,3.6915099956790685,-17.751382050519151,1.5824586455730967,,0.09926378303471212,0.5,False,1
-0.94625062293489426,-0.14828301978074376,-0.28744026273301765,0.16192432185250655,-0.98650788419099911,-0.024139354208480839,-0.27998262908246396,-0.06938544857317136,0.95749432736615703,17.153369142950453,-0.5078342600421617,4.6205189186925502,0.07298201708610579,0.09886930264234686,0.3333333333333333,True,5
0.73508202260152999,-0.55595250837445931,-0.38803508666123127,0.63907335037109203,0.75928102172874179,0.12279080946074275,0.2263618185417105,-0.33824419946941214,0.91342826134939858,20.310302835725807,-11.9013010956172,6.4506320783229061,,0.3707641630901518,0.1875,False,4
-0.25367721791533943,0.95524646159774484,-0.1521580320447164,-0.96648099100579954,-0.25673772624881569,-0.0004836786493045836,-0.039526739495953499,0.14693514734594909,0.98835605898848156,5.5210377584908947,-8.4159974327696272,1.5133060382606378,0.3864254898979844,0.3443270164159641,0.9018691588785047,True,5
0.071421036345375888,0.97998864841375288,-0.18579904345162032,-0.99576955871838813,0.080849201069310511,0.043662256197313939,0.057810219660006351,0.18189462792132932,0.98161719770805855,-3.9842491580699533,3.2839568305730933,-2.699865677305489,,0.06996007664039203,0.2009132420091324,False,5
0.94023569812110874,0.2103393602918277,-0.26779504381286934,-0.17463170752324433,0.97297342391882768,0.1510843574801522,0.2923364477895769,-0.095289400563226656,0.95155626813871275,13.09385986718604,4.4742389398059297,3.0695769641638422,0.5694607425178168,0.5489299053508998,0.3584905660377358,True,5
0.7841957655173285,-0.52358215796366225,-0.3330146020924698,0.58323606902562386,0.80515507065953174,0.10752209065481538,0.21183174722460568,-0.27854449564362094,0.93677119661868957,-22.355200167089652,10.805593104567185,-10.12535207103377,,0.5389029686701536,0.5774647887323944,False,3
-0.87626732228003656,-0.31621636695552902,-0.36354200468944475,0.39795419988608033,-0.90035111982730331,-0.17606906547928941,-0.27163953080728837,-0.29895663614505508,0.91478789618557443,-11.819032571472794,-2.745534092161781,-5.0024687862323152,,0.5314990591684982,0.3449367088607595,False,1
0.81612302629647648,-0.45639946886513849,-0.35446118372580859,0.53776817393599952,0.82435907861909452,0.17674133811822162,0.21153864197877095,-0.33486061924015265,0.91821553495455521,-1.5425461253406383,4.5746053440765504,-1.9402882744613619,,0.2292579489776317,0.2132352941176471,False,5
-0.53691841359533499,0.82823189113658213,-0.16046978421680955,-0.83521043082733537,-0.54866540851104784,-0.037280098452420411,-0.11892078615400166,0.11400966629073959,0.98633647535351177,9.4817328867833766,17.08412272014009,0.6838251909484715,,0.3062860481251194,0.4074074074074074,False,2
0.94177267956267874,0.19341698419705305,-0.27505288628452851,-0.18228187377598618,0.9810459463560699,0.065743209771347871,0.28255537248838203,-0.011778003329976444,0.95917867997339867,-9.6655979786407986,13.21025163883704,-5.4708614753757985,0.2393725533260284,0.182155690876663,0.5664335664335665,True,5
0.86393841171826113,0.42206731500553735,-0.27471731354566198,-0.42167511510127614,0.90451552589662421,0.063574843423165953,0.27531893880017527,0.060916705557433247,0.95942099045308327,15.044194657955337,0.53659059564594258,3.8835289011381433,0.4000820147230469,0.4146298294279828,0.4588235294117647,True,5
-0.95802127750790234,0.068870981358327421,-0.27830202976059643,-0.069305910616726224,-0.99756102850999717,-0.0082876505514727361,-0.27819403767103523,0.011348230030180408,0.96045785700335073,-28.023609066921193,18.182236919082079,-12.553643123882077,,0.1390884759419046,0.4285714285714285,False,1
0.67477394856565776,-0.64487557544099749,-0.35890891676963477,0.72039118472045616,0.68119048819112615,0.13044561999159793,0.16036414597461648,-0.34657612583323871,0.92421227523132055,9.459347231257702,8.9324313383571603,1.5379071787867207,0.1597496756028025,0.1231562416681864,0.3448275862068966,True,5
0.69063476013177172,-0.5453042612006358,-0.47504409354728167,0.70138999205242825,0.66515149211281566,0.25617488477364336,0.17628303136270482,-0.5101144530951105,0.84184769263629389,-9.8960018427169221,-17.134018544355694,-3.0090509904312976,,0.6135721203711347,0.2777777777777778,False,1
-0.4112109783434722,0.87154358697976719,-0.26705300463436932,-0.90717457242211974,-0.41992341787385956,0.026431388005155876,-0.08910570374868057,0.25313257221380264,0.96331930035885582,-4.2810782079808982,-2.5718206079032577,-2.3772355951395689,0.2592089088877333,0.2171605402939275,0.818976279650437,True,5
0.6601259653968895,-0.66037860386977976,-0.3579578318179743,0.73373187203346624,0.66893178241983442,0.11902861181618615,0.16084542197740603,-0.34121894733385449,0.92612006792277546,-13.782198188032689,22.76480838782874,-8.0013813552012749,,0.2472628195198395,0.3529411764705883,False,5
0.95784628572131769,-0.023163804028225137,-0.28634582433277828,0.048176710693066907,0.99558015101644082,0.080617414054766481,0.28321281305172774,-0.091014290553863619,0.954728705674185,0.18325574991746713,-3.9764736820953459,-0.66663327891804702,0.3330936488881068,0.2963464012639813,0.8666666666666667,True,5
0.88232773605112247,-0.37450866600084232,-0.28502811314880716,0.40213163412791003,0.91456439502192388,0.043152244342535201,0.24451567440251426,-0.15269324296919873,0.9575473139866415,-4.4584511349442684,6.5969379153592262,-3.2019209940512319,,0.07939908946912401,0.3734177215189873,False,5
-0.62070402243331202,-0.71920715282672032,-0.31219799464120318,0.75189877333670363,-0.65887910501976221,0.022946887002746219,-0.22220430056564222,-0.22049806414397238,0.94973988676842125,-10.970892860755548,8.7452037858424951,-5.5674019621049879,0.1213787320089548,0.1630651562963476,0.4754098360655737,True,5
-0.12954705074108025,0.99156691254817908,-0.0035524053763952845,-0.99157274045466337,-0.12954987282209446,-0.00057518606257889876,-0.0010305491329366326,0.0034479546762436475,0.99999352476755243,14.161855717899154,14.663400214985229,2.5211954827974705,,0.3085657599212621,0.3888888888888889,False,1
0.89467155526649667,0.38945106045349875,-0.21883939249749709,-0.3312436487888249,0.90702815137089809,0.2599568767271932,0.29973397093772008,-0.16008686433413799,0.9404954771467906,8.501409850561032,13.714062771949148,0.66574536291513919,,0.2609475407321658,0.2325581395348837,False,4
-0.085026354260419143,-0.91019239258452,-0.4053644379597795,0.99446932355427187,-0.10269733046211216,0.02200051875441731,-0.061654550445927561,-0.40125187450929384,0.9138903925592432,6.2320906660965107,-12.520266299720854,2.1297488832282196,,0.1544511094623864,0.5925925925925926,False,5
0.40833369693524535,-0.8569988436290098,-0.31435103620910138,0.90852947796047057,0.41494919823520815,0.04890143720621884,0.088531235301847352,-0.30556528746324996,0.9480464521706895,-10.466357498897425,16.54660435775024,-6.2842809770526165,,0.07730044216043726,0.2777777777777778,False,3
-0.72086822394460714,0.64752032141946414,-0.24711624199105703,-0.66816120744215213,-0.74401640057273943,-0.00044333760428542923,-0.18414560699727248,0.16479389863590266,0.9689857410694892,17.747888648609973,12.573711139062821,3.9281344116353822,0.2275120294504981,0.1763052386898438,0.3333333333333333,True,5
-0.95593270009380527,-0.032455279712717909,-0.29178644195736175,0.077889844165237879,-0.98629140831452589,-0.14547312487489036,-0.28306508980671324,-0.16178971754632526,0.94535614570858872,8.9176885882170751,26.441664980188037,-0.038774601821528337,,0.1928956827330111,0.3076923076923077,False,1
0.90477320184742938,0.3692577684027854,-0.21221252011355318,-0.32402188215511674,0.92018863450723209,0.21968772566616235,0.27639694843359952,-0.13000606677347928,0.95220961426499129,7.3511334195102762,8.1822224428682802,0.88643246897171502,,0.08726927556919255,0.1875,False,7
-0.66078297906964578,-0.67762433723702165,-0.32278648075148836,0.71685670445871963,-0.69720994039981532,-0.0038424315569406953,-0.22244621786946081,-0.23393066620640643,0.94646401070711572,25.575302902914544,-6.11079621359226,7.6629302769750405,0.5696171380038668,0.2173429898058685,0.75,True,5
-0.82648703510993649,0.519665930684168,-0.21648672310639216,-0.52061857806758882,-0.85186557231524285,-0.057283006859848419,-0.21418561334988909,0.065363347452383438,0.97460358907801614,11.963108621587402,7.9958337054534194,2.4978226402795003,0.1353315433839246,0.1149385388348166,0.5,True,5
0.77023963497914194,0.59742001514582654,-0.22320445831201385,-0.59137744028709216,0.80007996237448442,0.10072128338306402,0.23875432525231038,0.054418556669623794,0.96955401750666281,-20.41769240808728,5.3869400860690959,-8.8807996689362607,0.7369806446563764,0.6363399491847401,0.9906542056074766,True,5
-0.82682247192978875,0.49414457882991691,-0.26867403135568807,-0.51718797347777157,-0.85568613123659631,0.017828205162109187,-0.22109093152336501,0.15369573846515816,0.96306615555515196,-11.081258687097915,6.9510075060105221,-5.5461113515094356,,0.08042453940602243,0.1594202898550725,False,5
-0.34467119546622083,-0.87702097374892563,-0.33471775964291517,0.92771140385511186,-0.37269417242223746,0.021227458625121327,-0.14336428485876063,-0.30320498915253652,0.94207930471905943,-0.60756823370171786,17.251043197114537,-2.7757916840134231,,0.1845837724284107,0.3529411764705883,False,5
-0.94966278535328719,0.15515528583106131,-0.27215332331925962,-0.16261849496185471,-0.98667665135165306,0.004940726042712968,-0.26776074994550092,0.048949187492435403,0.96224121603288904,-7.3737039133406679,3.0519122723515508,-3.9822937814864257,,0.08504838468970735,0.3720930232558139,False,5
-0.89246486424952409,-0.34997763906459778,-0.28464384454058822,0.35807367286542269,-0.93336127761803034,0.024899201671990792,-0.27438970622226838,-0.079701804233068135,0.95830992456576869,-3.9943411060011527,4.6366449731194654,-2.8359694225814964,0.341648857336856,0.3056699418851051,0.9522673031026253,True,5
-0.29456823162434065,-0.90812033011782611,-0.29756851806667722,0.94762477979789939,-0.31779959681571418,0.031791397842046737,-0.12343756976986631,-0.27261856556452491,0.95417099310283449,-6.1140525611972523,-6.2202532483322859,-2.7335745410090855,0.5876652785944805,0.6417165265918363,0.8166189111747851,True,5
-0.21185969097529458,-0.90513318483913907,-0.36857752107637998,0.97319228815497028,-0.22993276964207537,0.0052622923158733362,-0.089511125652323442,-0.35758193347494655,0.92958212076006097,10.896184869297787,15.287402288327762,1.4001808235109341,0.6035838817809931,0.1453756234832523,0.3529411764705883,True,5
-0.86621637228431669,0.47790157247175202,-0.1458742040788053,-0.43908893414114636,-0.86736869843077258,-0.23424869027872841,-0.23847453596011089,-0.13885830191794177,0.96117025946867274,-4.4397919535804684,-7.3627515758253059,-1.9450422244672849,,0.0893274833265187,0.3666666666666666,False,3
0.78228001827992122,0.58834127451634566,-0.20467661737591306,-0.56916131494311673,0.80861272586561184,0.14899952060461469,0.25316668535213377,-6.5335018493539732e-05,0.96742267141056126,-27.272863455486558,14.125461975663381,-12.182080618504273,0.6924973002225295,0.5668326380319544,0.7768595041322314,True,5
0.5655022325723863,-0.66677693879433719,-0.4854026564077496,0.81385795176469888,0.54647228296142014,0.19749247657645891,0.13357566883611713,-0.50673124814539217,0.85169300974470685,10.080692197920111,11.910175505461929,1.3450545640054081,,0.1327416008858747,0.2592592592592592,False,5
0.40286346337235063,0.89375404518169366,-0.19724283662783243,-0.89893282256610518,0.4269033595100426,0.098352946841336358,0.17210697369069666,0.13768525106342516,0.97540861245256161,-2.1922232964404857,19.570757623339478,-3.4716525286823599,0.5905553664135542,0.2418978747491794,0.2413793103448276,True,5
-0.9469319522218077,0.15831591918703397,-0.27974264528913279,-0.14826390297189673,-0.98731084779451905,-0.056877982583852835,-0.28519763837896189,-0.012383842668315978,0.95838872463308444,11.460169063684733,9.8126905536631703,2.0620847926294803,,0.2401833491405871,0.3,False,5
-0.094925798351021815,0.97774890445269913,-0.18707264003313767,-0.99541974709199432,-0.091087663868551633,0.029026963159795811,0.011341071674738173,0.18897120768126702,0.98191713640243206,4.23932171146431,17.355791152979506,-1.1128788333739985,0.6262081268586313,0.1883532675177929,0.2222222222222222,True,5
0.94367118822333496,0.21167598162290588,-0.25431863345248523,-0.16741796300654788,0.96840870982572169,0.18481286858988016,0.28540482508166987,-0.13182507173395119,0.9492977595477835,14.482869245740574,13.141661639523262,2.8491740811409034,,0.1940753491620126,0.3888888888888889,False,5
0.94858271993452048,-0.00082545171945413998,-0.31652826425310937,0.10181158106399152,0.94765117985532477,0.30264111300360624,0.29970856744991081,-0.31930637317202126,0.89900957428097084,14.595020455319522,-10.16446646251481,4.6004275801433128,,0.5543287314762322,0.26,False,3
0.27898189182120559,-0.89882671517938328,-0.33805271795343184,0.95936259335615448,0.27639053656052859,0.056847917892729874,0.042338144796584355,-0.34017467186671119,0.93940868322342019,-14.211129258231217,26.915185373657803,-8.6104352996095539,,0.1515285911478484,0.5,False,2
-0.32075488139893832,0.92178640814119339,-0.21777539765756282,-0.94473078716226433,-0.32782427238596229,0.003871204254793377,-0.067823637815447271,0.20698083051522193,0.97599123456755876,-3.1757547006513884,7.0564390989145904,-2.7632160741346543,,0.0687218191190134,0.2647058823529412,False,5
-0.52184579249796226,-0.78308436893355526,-0.338313227622139,0.83401826069257157,-0.55165384956236518,-0.0095692786750619235,-0.17913824182321159,-0.28715309748452811,0.94098490366292797,6.2502151960933725,-5.2310116220058855,1.4156193527422971,,0.07722814110274492,0.2619047619047619,False,5
-0.84592880559423789,-0.3691068863533209,-0.38492150149408677,0.44771357979390392,-0.8836906377171011,-0.13654086303839624,-0.28975335431023613,-0.28783843255843922,0.91279353109466499,-42.968112503797499,20.424781336979052,-18.067154492112142,,0.3082491399515169,0.5,False,2
-0.69246159326752998,0.67794762130927977,-0.24674676210739266,-0.69756498674729028,-0.71643970852763028,-0.010827433172095093,-0.18411961088826415,0.16462432021403361,0.96901950552113281,8.535834529255057,5.7770962749938608,1.5316152000169532,0.1260708169885221,0.1086193423884783,0.3214285714285715,True,5
0.85703078806141941,0.44366515730662148,-0.26202949549032351,-0.4344255587605268,0.89562364242840986,0.0955652919153821,0.27707880144541341,0.031929912548563255,0.96031651994236489,-6.2105440767283664,-12.383547280483043,-2.0592736201977648,0.1886073855771613,0.1494690011375719,0.3863636363636364,True,5
0.087932179006972824,0.98750510237644118,-0.13077310379271492,-0.99410812381516289,0.095347439499974568,0.051554863451429761,0.063379571312707383,0.12546927337517033,0.99007095269931267,0.75695593763506719,14.598049214652383,-2.0398628532897516,,0.1374691891653875,0.3555555555555556,False,5
0.41557430809731988,-0.85575506082921149,-0.30819031508894945,0.90572135937329379,0.42043541829613484,0.053878365019239503,0.083467440504822354,-0.30152501539233262,0.94979779504283279,-5.8757138897245804,-10.837209645151248,-2.0832547908476653,0.2165820569135899,0.07526368302893152,0.2686567164179104,True,5
0.53879124330408579,0.79864893335012876,-0.26807438780596043,-0.82094794339003974,0.56917191785041077,0.045692473933362746,0.18907265900310194,0.19545641250465101,0.96231404459683023,-8.3396806571122575,18.799557496019915,-5.730437721539948,0.2455938818606501,0.1443500026750865,0.6862745098039216,True,4
-0.25230088565446662,-0.78275346024335302,-0.56889479130594012,0.96140398610429834,-0.2694600544206307,-0.055620630834219677,-0.10975718017850844,-0.56097085445563777,0.82052730719371791,-8.4015902980235424,-13.048211513215922,-2.7928758957342326,,0.3322454229387143,0.119047619047619,False,1
-0.17823040311858501,-0.9336123951123565,-0.31080833176855938,0.97991305285596819,-0.19712462790300569,0.030204137408597318,-0.089466933817374472,-0.29918184565021638,0.9499925741744758,-7.6903526952405548,-9.948583029874321,-2.7573228181118354,,0.07506132186019862,0.4489795918367347,False,5
-0.53700474085651684,0.82294036368400081,-0.18545906857651587,-0.83585236908134242,-0.54875592447369059,-0.014756437785989694,-0.11391543090701833,0.14709212478806932,0.98254118561340675,-9.1722521340684526,-19.945118049040389,-2.4856324839617296,,0.2265204792592803,0.2142857142857143,False,4
-0.34488224849595611,-0.8208272135490815,-0.45530091167229725,0.93076539115097023,-0.36178347977568104,-0.052806253388982552,-0.12137553834259837,-0.44199027054749862,0.88877026246009949,-13.688017643521961,12.786028663086183,-6.8450595495107702,,0.3933956834464147,0.2631578947368421,False,4
-0.016579942665330451,0.97654118679896407,-0.21469144367320522,-0.99933545721139438,-0.0092135621518141895,0.035266899956865889,0.032461507378852353,0.2151334952018058,0.97604499372772113,-1.1452612728887686,2.7104133480671231,-1.6594313986213096,,0.09842832537794306,0.494949494949495,False,5
-0.23972375104930188,0.97056130280882646,-0.023308382030656605,-0.97032872188479935,-0.24030809889490495,-0.026724316472638468,-0.0315387803864626,0.016210339155960068,0.99937106733994696,6.6182380831106675,18.447620122079034,-0.38048442077464356,,0.5709150335976351,0.3877551020408163,False,4
-0.67563993074901441,0.73218618338145602,-0.086105033782955614,-0.72063859865820246,-0.68055327342762173,-0.13239052893198577,-0.15553357869414935,-0.027397716916665815,0.98745059167856342,12.790062150936402,-10.331120380896818,4.0392472847171481,,0.3917040963826836,0.1818181818181818,False,5
-0.92604779559077799,0.28145286533521863,-0.25143540895437672,-0.28043439186170815,-0.95901202810391029,-0.040650729552830035,-0.25257084578908423,0.032866617511065441,0.96702003769868528,-2.8033063378902412,8.8356356779171499,-2.7514865269135544,0.2238751493397865,0.1855754794588671,0.5314685314685315,True,5
0.92872804764211914,0.28986144181721191,-0.23118079087697635,-0.24538498093962391,0.94797426118619732,0.20280781853208543,0.27793960612355639,-0.13162501538890681,0.95153792918188618,18.209838689260213,-7.3228734229547721,5.437870019800398,,0.09906806259835432,0.125,False,3
0.81071788334433115,-0.49591651422127769,-0.31113232642768557,0.54371942172174448,0.83483724024451988,0.086116042312016444,0.21703848522383898,-0.23898450414939121,0.94645692068271658,3.0890083586001547,9.9996176358024016,-0.70992215891033772,0.5862552824795937,0.4719715464505298,0.9679144385026738,True,5
0.15576734152972377,-0.90027696570521942,-0.40649467442189824,0.98645255498590856,0.1203364498888517,0.11149213241265393,-0.051457672649812776,-0.41835454323904575,0.90682500190318627,-20.781294836380628,13.434665625570426,-9.663519734059971,,0.2377081956080527,0.2608695652173913,False,2
-0.95789157661966162,-0.022544174517669397,-0.28624375562868903,0.038296448838394816,-0.99803706871922471,-0.049551906812017883,-0.28456477197198538,-0.058427473483418396,0.95687466310634306,-5.6734897031217058,-14.361310606768484,-1.7985543459391613,0.1667938900208078,0.2116229301968859,0.4571428571428571,True,4
-0.95448865585145948,0.13544149988394844,-0.26571978842392968,-0.1225838224832934,-0.99036189876561787,-0.064471047290563827,-0.27189080954724454,-0.02896393589524885,0.96189213433793985,-2.7209154677930547,23.59971012953897,-4.0380810113788801,0.1966889513103756,0.1854159399373849,0.1875,True,5
-0.5520876446198294,-0.77044896548612385,-0.31875950846914214,0.81171162316555523,-0.58403022089275303,0.0057395036283951727,-0.19058718077579964,-0.25557208897945455,0.94781824938044368,-4.9224675906365851,10.671385780459195,-3.5997769466218523,0.5530724398105706,0.5351261058324577,0.9701492537313433,True,5
0.82654021168956415,-0.44779267161660424,-0.34104692009551046,0.5059611700590908,0.85655604668691832,0.10156295228336415,0.24664665587152257,-0.25650236281668282,0.93454372022760535,-12.976659695031261,-16.175663402575051,-4.1083943085485384,0.6162196196071204,0.282954648111703,0.3478260869565217,True,4
-0.15795434976380726,-0.91565628139809907,-0.36962683577751598,0.9837043139054773,-0.17847327803780227,0.021751133997939705,-0.085885075504698899,-0.36016782666230385,0.92892566464863335,9.2151453562339452,-16.588768348374028,3.4145275205133032,0.1308388531854248,0.124035775230208,0.2631578947368421,True,5
-0.70249461604996988,0.68132829086155056,-0.20565280083792625,-0.69063783156717662,-0.72239502298033964,-0.034129406403024053,-0.17181588991997665,0.11805588017931623,0.97802970769097464,-0.13728960183937555,20.323834853125462,-2.8482848551956148,0.2340423318614874,0.2480280390385418,0.391304347826087,True,5
-0.82744721110810093,0.53747471841069161,-0.16264083097049409,-0.51545914816895133,-0.84189291126817545,-0.15974414707692444,-0.22278460314475079,-0.048345144800102186,0.97366820199485404,7.3697025558834603,14.669110656550744,0.19677294765472639,,0.5014547599850765,0.1333333333333333,False,4
-0.32565972552229677,0.91745284334232757,-0.22853013677810924,-0.9436919538262114,-0.33029093017335598,0.018798875734659333,-0.058234349454683698,0.22178408799618227,0.97335531993989322,3.6741034540674447,22.101085154699138,-1.7384567718010755,0.1590091869080918,0.1260832019122189,0.2727272727272727,True,5
-0.79423021083786649,-0.50198020777543939,-0.3423656571476818,0.54665829365130725,-0.83630398636318504,-0.041956553424778852,-0.26526040446074617,-0.22048018821375265,0.93862953524303117,19.872537174365423,19.786463155572793,4.1172872959858946,,0.2176415430819875,0.1538461538461539,False,5
-0.88672485267983858,0.4009765157546139,-0.23008013702449093,-0.38413168798909653,-0.91597534928021884,-0.11589653055043982,-0.25721952088161221,-0.014387262570462828,0.96624589248967196,13.616823214547676,23.459775778445163,1.7268790833356447,,0.2009550827308705,0.2413793103448276,False,4
0.57093197583187072,-0.71936911838491624,-0.39565736501020982,0.8086568534641132,0.57598241083469448,0.11965933208308951,0.14181245473594356,-0.38826837873197917,0.91056954361465681,-21.312044544005484,10.132160488072369,-9.5746541596749726,0.3352032133802708,0.5051497911885559,0.5454545454545454,True,3
0.61305197078274021,-0.65893191388523653,-0.43586237963712521,0.77587907834577952,0.60614351156441659,0.17493341354258668,0.14892594436397583,-0.44541977532648602,0.88284896037963412,-7.6592717325418125,6.1700685451721586,-4.2985035555338449,0.3586427601484475,0.2404468387976021,0.5773195876288659,True,5
-0.43435245108146547,0.87577783619293126,-0.21059707944971909,-0.89586852723145316,-0.44431923411251112,-1.0668620082823765e-05,-0.093581676388442142,0.18866266146458249,0.97757294869151845,12.385750565761366,22.840325616327458,1.3233907718624938,0.2250380170852167,0.1765091843054629,0.2941176470588235,True,5
-0.87365172330465102,-0.35012179338118177,-0.3378570646980143,0.40104218424886262,-0.91136864952974483,-0.092586992105967075,-0.27549561306800247,-0.21638372039937331,0.93663239999821213,-9.2927460396742028,6.6993683899711245,-4.839949095773636,,0.1143231923495948,0.336,False,5
0.28832786549974665,-0.84202006690520204,-0.4559268021352979,0.9562862079510196,0.27749392391989602,0.092270313049204231,0.048823462177718976,-0.46260061512766937,0.88522140757241197,1.4272168800559482,9.4556970478250992,-1.2762350707040924,,0.08272990645205416,0.3714285714285714,False,5
-0.058193826256102352,0.985938412158335,-0.15664905367212931,-0.99773093682765701,-0.052117801251991461,0.042622910384696379,0.033859360340658,0.1587739973149162,0.98673418988801764,-8.3815887856777742,11.24049138264771,-4.8430987851739715,0.4000179955387519,0.1953631601053156,0.211864406779661,True,4
0.66936031047265021,-0.61827279995565687,-0.4119411603602483,0.7255134562875355,0.66335921612816262,0.18326149383747356,0.15995936830854915,-0.42153682545279497,0.89259156688684216,9.1100754494756018,4.3019098736186363,1.7815409527077253,,0.1202087329097606,0.3518518518518519,False,4
0.94155174952072929,0.25763692997282184,-0.21703344278850981,-0.19620370193393996,0.94312119210820644,0.26837757794535161,0.27383281454542979,-0.2101086131280081,0.93854672785512039,8.6153847354354323,-8.3715916149158538,2.5230026568798474,0.6998290513599391,0.4567521732568641,0.1875,True,2
0.838866719882298,0.48022045123361468,-0.2563024472979098,-0.47603393728645776,0.87555415246789514,0.08244159537380874,0.26399681215019832,0.052851152430288317,0.96307447212628561,11.829129704773582,10.887970628376824,2.0251164819255978,,0.1149502877296647,0.4,False,2
0.46524147670461757,-0.81005860206020519,-0.35686892493179223,0.87950297585650294,0.46862599155688228,0.082850440535248315,0.10012434176194437,-0.35241274276846934,0.93047319946419837,-30.409153424521222,10.367562507054814,-13.018941929933272,0.4384574798174193,0.6006553960533008,0.7053571428571429,True,5
0.0064123947835143507,-0.95324439467222666,-0.30213242993614614,0.99935450981713547,-0.0045711766008020432,0.035632401724235922,-0.035347487906404469,-0.30216589544563804,0.9525997725846056,-13.835595225347936,-3.2960546036995502,-5.6324437512617083,0.3539613988494343,0.3289783258028846,0.9278688524590164,True,1
0.77097773986836227,0.6086686392370505,-0.18739213493845136,-0.59199650947671911,0.79342238567016476,0.14149576207380293,0.23480514771796251,0.0018454069423414488,0.9720407075212254,7.5985966203323247,-19.366998692456747,2.9691108203710361,0.2077890799264796,0.1787460474534504,0.2105263157894737,True,5
0.95570367505234022,0.099656883693591172,-0.27694582687582298,-0.080322800842144576,0.99352673972684258,0.080329727452694566,0.28315849476278215,-0.054526351246283258,0.95752187644118225,9.9218229256732968,1.1786637131677076,2.2287631867735973,0.3711644243904461,0.3162699539980741,0.9140271493212669,True,5
0.23643028468168237,-0.9191433714607401,-0.315081232676787,0.97099746690798594,0.23537270400511781,0.041995350547349763,0.035561773628634344,-0.31587205148462283,0.94813512082787155,0.27611907622815213,-11.311274138470552,0.0082872355284784975,0.4896078011008987,0.4476024813495634,0.7978723404255319,True,5
0.94933413895626206,-0.12428479238946499,-0.28864854580073712,0.15949997217010775,0.98193706317524221,0.10178095519553478,0.27078488046770183,-0.14266357048485859,0.95200979730599622,-6.9310396725274863,14.38869691048955,-4.6597632268386731,0.3581913647296482,0.3258782188970056,0.871900826446281,True,5
-0.28883041236403084,0.92301092024142195,-0.2542200503672114,-0.95626277471399956,-0.29096266737325233,0.030037175155549364,-0.046243903272829984,0.25177682043851035,0.96667985088133879,3.465673292169793,-6.6822358850842463,0.66695902687871944,0.1971422821719743,0.1707223974006697,0.7415730337078652,True,5
0.28416768414865029,-0.89524348826391265,-0.3432023076942442,0.95787804263276366,0.28056646882953812,0.06125448563614945,0.04145338017120459,-0.34615250004815151,0.93726200391501846,8.5327441565272064,-10.132570784915114,2.6410702335068339,0.8287765066907178,0.8290448255146649,0.8823529411764706,True,2
-0.86472284102024499,-0.36671493417825685,-0.34318299093706928,0.42172153358798797,-0.9012408080459513,-0.09957888340846166,-0.27277345238507256,-0.23083579220588224,0.93397509640814891,-3.8671488741980773,22.450727191618199,-4.4089272337150405,,0.1084979332512111,0.2857142857142857,False,5
-0.61004708478349412,-0.67676076605326474,-0.41211335804382743,0.76109295918096986,-0.64515406365434103,-0.067184385354381995,-0.22040885152896236,-0.35464221361999471,0.90865220986161443,-16.413004592368047,15.225629765336107,-8.2267418838249551,0.3018763145314371,0.1810288822230219,0.2222222222222222,True,5
0.36346141103368973,-0.84835272136720763,-0.38495904046827167,0.92951936420969372,0.35789976102514487,0.088890452903284567,0.062366290963998469,-0.39013513198249328,0.91864303434162964,12.953504629696225,17.03800916457908,1.8865609333304221,,0.5296476566571039,0.6,False,5
-0.67661182585287638,-0.61349802216382099,-0.40720586184031837,0.70130587110959697,-0.70546238653268378,-0.10243483945816317,-0.22442484769571772,-0.35488448541559275,0.90757395828002008,17.061613487803243,-6.8455193227812776,5.0727190268194748,,0.1834920789988181,0.3636363636363636,False,1
0.25080014928738631,-0.86939376612400876,-0.42573908035572494,0.96781963160054918,0.23455194394355469,0.091162197652745178,0.020602082564715102,-0.43490213268850875,0.90024201700264173,3.1232389839155923,8.4609720249789095,-0.54484085180427533,,0.2291513516312982,0.1714285714285714,False,4
-0.74974478096293062,-0.55986790390136654,-0.35274735094673226,0.62515857700866395,-0.77403719628729784,-0.10021562930102998,-0.21693205620965625,-0.29565917700079802,0.93033657030338279,8.3364197462154284,21.742663332672521,-0.021814784801140585,0.9956624175360993,0.3325305706997768,0.3157894736842105,True,4
-0.80042256354742702,0.5500767427283495,-0.23820011938186625,-0.56415059053420469,-0.82560060327868812,-0.010851500623197369,-0.20262732037924741,0.12569495206744186,0.97115547059195939,9.9281064313913756,5.1353235860429676,2.0209234124990827,0.2346953965710732,0.2006620149144238,0.3882352941176471,True,4
-0.38546943426058478,-0.79136893411218467,-0.47449818268668598,0.90508678097997419,-0.42433249627362774,-0.027565404069203187,-0.17953059390012444,-0.44008765346046097,0.87982476842012824,10.642497314532651,19.222374403506389,1.0638875315578653,,0.54471286396381,0.3,False,5
-0.80000957448893684,-0.47976493118119057,-0.36029195319176577,0.55481927122171215,-0.82013079597614602,-0.1398608371651659,-0.22838620143747385,-0.31178692772507366,0.92229531858983271,-12.095632222221177,6.5895902711690617,-5.9221157873550521,,0.4055872258093702,0.8387096774193549,False,5
0.25716238161462557,0.96230750361878203,-0.088497333074402273,-0.95978321277681722,0.26500933550684541,0.092661947778100398,0.1126219070789731,0.061109087484663593,0.99175701937152283,3.6256530701543999,6.1592966369455047,-0.29519555311947293,,0.7110518321863019,0.3133047210300429,False,3
0.75788570953965595,0.63223481920968938,-0.16089867822472242,-0.61305902349526076,0.77453404670864179,0.15574223640416954,0.22308716903176892,-0.019394428788340301,0.9746055464367952,12.053048516998395,-17.577052793314497,4.3405148519696706,,0.1936633638029142,0.3428571428571429,False,7
0.87905311343360859,-0.32078330802304011,-0.35265236856779381,0.41241909030554069,0.88275911433158494,0.22504852813574833,0.23911528122273978,-0.34327017837020446,0.90828930794513851,-9.799728221366184,-3.3013482176870519,-4.261091669168156,,0.3036222022093804,0.3464052287581699,False,3
0.94376461970159875,-0.113956707743087,-0.31035819847371915,0.19919294098137544,0.94520623688774874,0.25866453566674014,0.26387594597212938,-0.30593959944547339,0.91475157645584626,-10.75104849170339,14.397820232355265,-6.054148529967426,,0.1169617256844479,0.4117647058823529,False,5
0.028029544841306802,0.98974945256691871,-0.14003701567611659,-0.99738628392198503,0.037024623881584014,0.062046578235386035,0.066595384677031549,0.13793186132982846,0.98820031186486001,13.755974742229929,7.4110494570412992,3.2087539102885128,0.2498954125305148,0.3170840533480874,0.3902439024390244,True,6
-0.35131626394187326,-0.83391430231651165,-0.42563343275862375,0.9261107600414511,-0.37626914228941533,-0.027210157960474511,-0.13746178678225579,-0.40374307294708317,0.9044864776335112,5.7862731404919394,-17.356797099250475,2.3102116610881325,,0.5043787374098467,0.2142857142857143,False,1
0.60352233956197965,-0.65967371641381045,-0.44787428316708011,0.78843437958064533,0.57748156117530991,0.21186381379983132,0.11887815083065996,-0.48098402715196098,0.86863246018080875,10.945676936787759,24.027985847915321,0.72210130158332808,0.3125189520753068,0.4998789775508961,0.2380952380952381,True,4
-0.8928107221173619,-0.25861242075849034,-0.36879347920171868,0.35160583463613598,-0.91188517809750269,-0.21175164465928578,-0.28153570203812733,-0.31872407784088064,0.90507050039341097,15.192787309189397,2.4879444422695314,3.8138242705648646,,0.1231919848069363,0.2777777777777778,False,3
-0.88051315619494208,-0.34309424501255581,-0.32708243732564685,0.38662650186432784,-0.91903447164500485,-0.076782732331815012,-0.27425632139255118,-0.19406694455123097,0.9418712710390813,-14.141092254662391,18.383551971208743,-7.7702519469401397,,0.2207083906722764,0.3333333333333333,False,5
-0.50884428970350926,-0.79337227374168773,-0.33412261835152057,0.84113631581949866,-0.5408138740865811,0.0031704581789427783,-0.18321350126486891,-0.27942939869206368,0.94252428302981139,-19.022166143051379,8.1776502686395833,-8.5644360342929087,,0.07541232686853902,0.125,False,4
-0.60187400769053145,-0.71110261946116837,-0.36342914503655632,0.77337668287385264,-0.6324683836506374,-0.043269505074430996,-0.19908838553158772,-0.30711041707798586,0.93061646582714785,-5.5693132522459976,22.51142785916678,-4.9579911831822496,0.2577912699795178,0.2170365114782922,0.4166666666666667,True,5
0.39405986193103315,0.89893344160699551,-0.19140400407383681,-0.90613166876530937,0.41482849062863014,0.082720748445406223,0.15376028120256149,0.14084030290855939,0.97801931729446645,-7.3789502140744903,-11.01953696709143,-2.4712499459360284,0.7228125039348825,0.5472506289424269,0.2436974789915966,True,2
-0.91578747680358907,0.30027878857032619,-0.26676946314084271,-0.30910409803942801,-0.95098254393454829,-0.0093197482265934481,-0.25649162540899428,0.073924625575735925,0.9637153084954807,16.236338616875955,3.711942147406341,4.167638694632898,,0.07673853381611488,0.3333333333333333,False,5
-0.37601316558878517,-0.81837331117195344,-0.43460237328545848,0.91376094989787493,-0.40533274024666416,-0.027318420998711894,-0.15380190423279336,-0.40739476339980446,0.90020802096447872,-9.2102753994269388,3.9890016091003191,-4.6807979452045654,0.6693947564277978,0.3454069779408051,0.3798319327731092,True,4
-0.60021724805842436,0.7820458199761563,-0.16776051558991312,-0.78592742639112356,-0.61560641846814357,-0.057851689578185254,-0.14851712217585356,0.09712400835347984,0.98412884899384812,4.0245525403799416,-12.900885780159603,1.4942139944844133,,0.5534109611132463,0.4380952380952381,False,2
-0.28479872773768022,-0.81572488934153919,-0.50347054490578835,0.95118465789744322,-0.30562958504302024,-0.042875439670683059,-0.11890093044010175,-0.49110432868705611,0.86294791678600924,-9.3824254347533262,-6.4681688670221131,-3.7200920901840031,,0.1922811526343082,0.2653061224489796,False,1
-0.4800878518262699,-0.77691383866530883,-0.40733345286039291,0.86258755665294884,-0.502558539758173,-0.058117305715482917,-0.15955676618787271,-0.37926218030073255,0.91142845959362129,12.792743016324295,14.566756738812675,2.1410402427311173,,0.3638264640532106,0.4444444444444444,False,5
0.92981479926983612,0.29163494224739495,-0.22448496501804385,-0.23412474386377877,0.93935384469102101,0.25059919946982334,0.28395429802965449,-0.18045335941609658,0.94170406270013007,-4.5710488998513483,11.565995860308121,-3.5399855909055442,,0.08633618738658012,0.1666666666666667,False,5
-0.42499420120288656,0.88891445928434065,-0.17091229627838006,-0.9026298028625005,-0.43037418696684637,0.0061235755102760532,-0.068112905739840704,0.1568730163790267,0.98526721695376718,15.744754576814117,-1.6701575500253492,4.3597808952575567,0.2411620626085123,0.2283348329332746,0.25,True,4
-0.93006764681229614,0.30899478344669185,-0.19873700248260168,-0.28359977128008829,-0.94771860620478554,-0.14628948418509155,-0.23354944248042903,-0.079697347860456499,0.96907326382533632,-9.4709884237082669,-9.6436440456551509,-3.3161564135828629,,0.2373416502050483,0.2592592592592592,False,3
-0.76125774124278922,-0.57916982928491745,-0.29163154878031516,0.60019410287731156,-0.79957305852195026,0.021212330309341047,-0.24546627114376646,-0.15888748513313738,0.95629549659027524,-14.310223132831277,-17.466367921690811,-4.5154677958820528,,0.09257638321091806,0.7142857142857143,False,1
-0.77644790561486166,0.61898673397783033,-0.11825427275897263,-0.5957793125042149,-0.78217374831087816,-0.18234922057775807,-0.20536713626649222,-0.071131221083075874,0.97609665952144831,-21.110634075918703,13.201968170568692,-9.7140102567341629,,0.1452998864054136,0.2352941176470588,False,1
-0.9058667736172118,0.35086681124945057,-0.23727172022806611,-0.35349921872925133,-0.93485882215428384,-0.032822020018792641,-0.23333171840569017,0.05414299034914364,0.97088868866719247,15.46969956927172,17.388095102742795,2.8024602068687199,,0.1465337933050693,0.3157894736842105,False,3
0.83372958655164142,0.50225447817538116,-0.22942409564211852,-0.48581612502906685,0.86470471831661033,0.12754780587188871,0.26244555467786168,0.0051175456780133133,0.96493323165702105,15.574844332332448,-14.32441160156417,5.3607719151366524,,0.4353482010806963,0.5769230769230769,False,1
0.96086397334778761,0.050272389549991733,-0.27242083542055823,0.012255347494908782,0.97471847108687459,0.22310022093185711,0.27674940140871135,-0.21770757674228589,0.93595575742068104,17.891342068661771,3.7378343733275599,4.6907993446379699,,0.2031276394062711,0.4444444444444444,False,2
-0.63137715225008728,0.75685412852301936,-0.16892222989953271,-0.7586425332619956,-0.64797975946673203,-0.067703308983075125,-0.16069971481739326,0.085405265991605112,0.9833013486203056,-19.002589890430162,6.7493441810774488,-8.4989756150849107,0.2473206673250472,0.1208657180030154,0.3411764705882353,True,4
-0.95958191858921538,0.078602964453770949,-0.2702297457640796,-0.025285938268721542,-0.98040085462012982,-0.19538368812669282,-0.28029121078355335,-0.18065364164388609,0.94276248276980745,-11.652189473131228,-19.760985804698898,-3.3942095868784548,,0.6864206726117407,0.1379310344827586,False,1
0.95950932601178829,0.018913796645916633,-0.28104113861290902,0.029717323362295652,0.98537754430200553,0.16777358516026772,0.28010486248650568,-0.16933211001397747,0.94491687598943297,-34.72081831518603,14.775451112412444,-14.821358250539843,,0.4448728831222924,0.6333333333333333,False,1
-0.95877258761251571,-0.0021547462664806977,-0.28416629341167193,0.065751949252677383,-0.97451786127768492,-0.21445656721173365,-0.27646302901522796,-0.2242995655798169,0.93448269029898612,15.220851839032594,-6.082353978075723,4.4839081750089456,,0.7150005552962249,0.4457831325301205,False,4
0.43488874260402288,-0.79615113727410936,-0.42073168192261601,0.89640511574806969,0.42718101061450631,0.11821274309928678,0.085613375222454921,-0.42855542323894419,0.89945016493161389,-3.049728736892475,-12.303088943697505,-1.0222399843098,,0.4447963558360108,0.4248366013071895,False,3
0.5990731631510835,-0.70523000789599644,-0.37915957215289603,0.78564654088776176,0.60910524819103695,0.10839884416924786,0.1545019675708017,-0.36282424476479935,0.91896012395946935,6.4104615185960006,26.117242801570736,-0.97929217567454852,,0.09325992171924664,0.1428571428571428,False,3
0.2963775141441326,-0.88126851933484762,-0.36813878624658614,0.95454161335113685,0.28615421792731877,0.083462997450448606,0.031791154284699266,-0.37614034666832774,0.9260171500126102,-19.893878201525936,7.7076357339453327,-8.8860255131647214,,0.1615836944556053,0.1714285714285714,False,3
