axis_00,axis_01,axis_02,axis_10,axis_11,axis_12,axis_20,axis_21,axis_22,location_x,location_y,location_z,dbh,dbh_approximation,score,reconstructed,number_clusters
0.1244496099104309,0.9919021959823735,0.025344194571673473,-0.98082772130061324,0.12684036933125525,-0.14794763207350589,-0.14996424814397696,-0.0064462635112140926,0.98867040512263549,-19.794121451578306,-7.2712768404553598,-3.3557680362404563,0.5734901999345098,0.5183749806239,0.5877192982456141,True,2
0.99934572467664806,-0.0077430335629855036,-0.035329421191777254,0.0096525897087809814,0.99848324348054907,0.054203689915680253,0.034856134071601409,-0.054509246186346817,0.997904700859645,5.2495819677205047,19.498598613916478,2.1006962033732943,,0.4888392998642019,0.3076923076923077,False,4
0.62592971627360883,-0.76824543947524004,-0.13420482484298224,0.76012100132797999,0.63946092935906806,-0.11535069641483414,0.17443638847955356,-0.029810477163793425,0.98421709080135278,-18.680848213816127,15.291987551098748,-0.026000383260508148,,0.09608541052407232,0.4347826086956522,False,2
-0.86615733922192351,-0.48782962339421831,-0.10859890538607025,0.49950598706413074,-0.83793090113896884,-0.21992174472644654,0.016285963253246431,-0.24473263667825523,0.96945381733501002,3.29096390010915,12.609641525612723,0.87998325660156729,0.3168694844735351,0.3298575913546296,0.7928571428571428,True,5
-0.88713004567369158,0.45778894543903176,0.058562475159543881,-0.43937685075132948,-0.79890845374817054,-0.4107228573546286,-0.14123832725870444,-0.3900955831120444,0.90987755821848715,-27.480998879227268,-8.078858874781826,-3.8862102533916345,,0.215349037656085,0.1538461538461539,False,1
0.72590547517530535,-0.66644112532498889,-0.17005136749251948,0.66833054825099969,0.74186627602010435,-0.054485840165858002,0.16246697936821367,-0.074098953971184961,0.98392775427637158,-16.391216263163702,12.580658958200173,-0.26702186194571487,,0.3596590954639204,0.1764705882352941,False,5
-0.97278383801597024,-0.21462937295634646,-0.087326037121148281,0.22913022763707525,-0.94713623500977362,-0.22457134971873288,-0.034510046043156044,-0.23846841425202803,0.97053689889989392,-11.669045251432703,3.9494620431670495,-1.3197403110107753,0.1858506758191505,0.1336541425308231,0.563573883161512,True,3
0.16079990918726303,-0.97413365275694752,-0.15876717473008697,0.97212501911049953,0.18412638568430528,-0.14515654072154272,0.17063509728299855,-0.13100038420264454,0.97658720189954373,11.851591206261197,-3.7010838475000263,-1.4986581642870589,,0.2154208524957269,0.2307692307692308,False,5
-0.78750303575110803,-0.56998360251936631,-0.23443050471692925,0.61630523151987615,-0.72991404628527168,-0.29562365709918148,-0.0026134812072909977,-0.37728527389033845,0.92609340340025725,-20.936450197107082,24.406534022574789,1.158289989055258,,0.6291461097780446,0.1818181818181818,False,2
-0.5625901511291227,0.82474592437731709,-0.057327847295306295,-0.80765483840760033,-0.56309453036826218,-0.17498060425698045,-0.17659553745579892,-0.052141251350053715,0.98290147322015275,1.0626274266755928,-7.3392834741429089,-2.4171492037084752,,0.06953345380901263,0.1754385964912281,False,5
-0.33776398872055918,-0.90736092954885317,-0.25022316329992356,0.9333801271427441,-0.28862921015526266,-0.2132949068781187,0.12131375098715758,-0.30559666649587575,0.94440121306997238,-8.979854404662591,-18.643984382076216,-4.5672584087717096,,0.5204776091152008,0.2121212121212121,False,5
-0.065652489484960552,-0.98767549410820188,-0.14208050169726119,0.98553682243184115,-0.041889235298143992,-0.16420250788914842,0.15622714954634576,-0.15080586959483711,0.97614070063714087,-4.2452038442370963,-11.599577976874718,-3.2916745313793396,,0.07598836191245352,0.3783783783783784,False,5
0.65200930885561048,0.75800487577592779,-0.017676805863898887,-0.75428349889452817,0.6460857793585999,-0.11674574513025796,-0.077073111141681527,0.089452635570513639,0.99300451234041798,25.244255708300798,-5.6948573084851981,-1.2851006889655885,0.4684590985233275,0.2247053695680666,0.2903225806451613,True,4
-0.29525087398842209,0.95382020554205582,0.055262436688800889,-0.94213662358282702,-0.28104712781584884,-0.18273230270100815,-0.158762413413956,-0.10601663759133621,0.98160835807403557,0.77975617493174687,-13.809095714266531,-3.3696849962510829,0.3194582939201561,0.2239089323622552,0.3571428571428572,True,4
-0.85088037747479928,0.51612441823141075,0.098072259755908248,-0.50376249405179419,-0.74858515841564777,-0.43109582483078568,-0.14908364368722224,-0.41621610433176065,0.89696054633402589,-20.141689692177319,13.716706252014223,-0.34407057236465327,,0.5235285100877418,0.3148148148148148,False,1
0.66512533669768314,-0.74174921994953491,-0.086118413751363948,0.72594072504498464,0.66931652999950497,-0.15819433109496944,0.17498099955125651,0.04270219401481716,0.98364534890496225,-7.2411104077885069,5.4776846900275062,-0.82265441274773865,0.3243927413909852,0.2909361766368156,0.9167591564927858,True,5
0.60580143777507778,0.79455041234873269,-0.041161392421877885,-0.79107423804012,0.59601673521221021,-0.13771565363538887,-0.084889150654797185,0.11599005812326055,0.98961615716280149,1.5229985497746119,15.615265718939883,1.2617580894054909,0.3018482588583467,0.2382929561046871,0.48,True,9
0.74270966512009473,0.66786411613805574,-0.048372261807052792,-0.66747191843587228,0.73262694859860999,-0.13318780832578486,-0.05351253532335095,0.13120699890715887,0.98990965850477697,-14.359474433194496,-8.4925355436765848,-3.2934716935207549,,0.07971939763539933,0.3,False,4
-0.32024888239346111,0.935875491491022,0.14689355926035724,-0.93031362478377055,-0.28143099580800252,-0.23518748721009167,-0.17876580452485891,-0.21197560950485095,0.9607856827136978,24.912609896412107,3.7235393621818464,0.19201396234121879,,0.07543447315424671,0.5,False,2
0.7179066328065612,-0.68030277908320136,-0.14764211913955066,0.66872466563020694,0.7328784943835126,-0.12528541035540836,0.19343574682594877,-0.0087886996664916645,0.98107358062892458,-14.0030760231688,27.417096616841242,2.1167415160514005,,0.06493671292794943,0.125,False,2
-0.29192822317606126,-0.94940349557002057,-0.11580550553706473,0.94733277131663252,-0.27035169475843607,-0.17166997853670335,0.13167586302287357,-0.15982166230104339,0.97832433443951228,15.734936740368916,6.1612023589127194,0.28445613401601416,,0.07698718389329098,0.5454545454545454,False,5
-0.99473884251167888,0.077862046241638491,-0.066574296493392651,-0.055539713202951556,-0.95596276326195606,-0.28818489813642101,-0.086081214302884262,-0.28297119466763837,0.95525772832911993,-20.105227474633384,-4.5212193054955501,-3.0201954861144444,,0.2335111155966851,0.3235294117647059,False,1
0.4004288619098853,-0.90911305849951807,-0.11476137597294575,0.89627804085768958,0.41463899051208775,-0.15735368131511027,0.19063682756973896,-0.039849145696824136,0.98085149006431016,10.711104169996622,6.4260156469138456,0.15514043509106257,0.2791267519231844,0.2000591442391514,0.3225806451612903,True,5
-0.23753354093203907,0.97132849222117146,0.0099386685040026568,-0.95558598159602504,-0.23182183702266965,-0.18197271129649042,-0.17445127889886139,-0.052721874765413956,0.98325335250472012,-5.8763896603118111,4.1310760444545025,-0.99597666278902997,0.3159084190565264,0.1855067458789951,0.3306666666666667,True,5
-0.98848104819437821,0.1257212421415618,-0.084257858001044933,-0.096764591439262096,-0.953069609790409,-0.28687093393641128,-0.1163693739956272,-0.27541330426894572,0.95425661151889618,-22.477112808754914,10.787547384575722,-0.89859960888577084,,0.2008112125328974,0.2962962962962963,False,2
0.43156222023447738,0.89829362209204211,0.082599143912319012,-0.90037871479718545,0.43456339213738582,-0.021744612073275382,-0.055427610506470423,-0.064986357974641501,0.99634559931317745,25.148164055062679,6.2147040894270758,0.64400329924346023,,0.5858187029055715,0.1333333333333333,False,2
-0.13927555857938817,-0.93895438529604891,-0.31459017962377211,0.98000157297755253,-0.085098018987989452,-0.17987563516452637,0.14212401536658553,-0.3333511504369493,0.93202884867285085,-12.386802467422365,25.167841469039264,1.8378485731874616,,0.3670546012703423,0.25,False,5
-0.81063657593367944,-0.5572752032524414,-0.1797573074967268,0.58277573921749426,-0.73799284174896818,-0.34020435521431619,0.056927845014771231,-0.38054029138480933,0.92301045882196908,-17.018692534975131,-7.9550361398294402,-3.3807165450938821,,0.2607089758203758,0.2666666666666667,False,4
-0.98021204269060824,0.18766253750189976,-0.062985104450601737,-0.15918694602476596,-0.93642273281739863,-0.3126851158563565,-0.11765996591710115,-0.2964713097099666,0.94776626598504954,27.959583145042796,-2.7272299958660633,-0.81779863221939708,,0.2256199225700311,0.28125,False,5
-0.38795330820388602,-0.84509259969183925,-0.36784606644593576,0.91368768025360692,-0.30019045444233894,-0.27397173944493558,0.12110761167838374,-0.44238466181343727,0.88861057690406065,-17.524736618833884,12.474252321486084,-0.34263507037016039,,0.1550348438108003,0.32,False,1
0.76352673201207022,-0.62997189719689017,-0.14199414862986529,0.62490496184586619,0.77621733863322406,-0.083548978842190438,0.16285182886104191,-0.024940969253558924,0.98633525227952201,-11.421542918660931,4.8505170608715105,-1.1608840364015527,0.1997652765415379,0.1657583772728649,0.5490196078431373,True,3
0.92366545542238188,-0.34473211418881122,-0.16733767031447586,0.36013147818728675,0.93014597395640852,0.071650439993934223,0.13094825267258695,-0.1264445988549803,0.98329259050518614,-14.347595507247716,12.523100181526083,-0.13563068699462583,,0.210424878790115,0.3333333333333333,False,2
0.81605992550024953,0.57708849651433114,0.031860087623160865,-0.57678095724713929,0.81667671260229979,-0.019049263769868735,-0.037012502611962712,-0.0028309510643908936,0.99931079267987011,-14.08215357102792,13.955651327448013,0.11689099531022029,0.3634665997001317,0.4291193823220995,0.2456140350877193,True,5
0.53692630221478577,-0.81180982281941871,-0.22951025590125679,0.8175452010774007,0.56782638840314226,-0.095880325554081672,0.20815856980981884,-0.13615433965521578,0.96857214785878654,-15.618839350860052,-11.591543813704352,-3.7494135033292935,,0.1584309377689166,0.1764705882352941,False,4
0.11603138694870298,-0.98697292614507759,-0.11145025930603615,0.97826414805354889,0.13297480731698791,-0.15911303294222429,0.1718603324674538,-0.090565687076465631,0.98094948006945981,18.287105734249337,3.4345107325967752,-0.035865277218473296,0.1648394659034843,0.1875679190884999,0.4772727272727273,True,5
0.32635998592885096,-0.91941563563031981,-0.21946309152797408,0.92819521806715033,0.3556152189387573,-0.10950549400106123,0.17872547871469482,-0.16796638061718061,0.96945577425717,-19.827443114377111,-8.5043995751507211,-3.5562806029951721,,0.1841690498954297,0.1,False,1
-0.99408924439506785,-0.072749639504784525,-0.080585756371494149,0.088703488416677773,-0.97223786944583657,-0.2165299433291652,-0.062596048763114587,-0.22239832545984489,0.97294435581481309,-11.344797007209314,12.23560819952025,0.014426761055649552,,0.07950551923737026,0.3207547169811321,False,5
0.26053835138376208,0.96365961098695585,-0.058990860399724065,-0.9558244785361395,0.24884281787513712,-0.1564506894298584,-0.13608575858387226,0.097146313076872742,0.98592254268082447,-10.053507764632132,4.4391555516118038,-1.128822229783401,0.2084531031608493,0.1348844485279733,0.7189873417721518,True,4
0.58625974661709335,-0.80105765705189369,-0.12085586280769692,0.79062401310983577,0.59828015527966072,-0.13028632197066692,0.17667252019077731,-0.019169921154676806,0.98408299179101943,-4.6879681588297428,10.375442922357607,0.10439102552255541,0.2146209625346574,0.1513255659581327,0.7021276595744681,True,5
0.10879941705221441,-0.96503238817866577,-0.23848517064018809,0.98079438250755424,0.14328045290078067,-0.13233703585230119,0.16187978901247804,-0.21950672332010357,0.96208717501406693,-9.6768686864780769,-12.8364081526927,-3.6907402047885274,,0.584009993329125,0.4947368421052631,False,5
0.99072691385605283,-0.10565650465437085,-0.085421807435108923,0.099078498731057993,0.99202582936498662,-0.077898683954922388,0.092971142030522771,0.068712858308544178,0.99329497625459129,-21.567649893578785,-13.009877294364156,-4.2168900246861947,,0.07647920809164857,0.2142857142857143,False,1
0.99672267605616993,0.031075118900540467,-0.074687643025773368,-0.04152690491491072,0.98888854905635049,-0.14274086210127179,0.069422065682432976,0.14537460070639438,0.98693809444455072,-7.7479232250680266,17.60608372809871,1.0547544656345189,,0.1044535613012114,0.5714285714285714,True,4
-0.73806953907655615,0.67274015929566189,0.051711058374076871,-0.65994549181698969,-0.7038266305094979,-0.26286883043844911,-0.14044679888752021,-0.22814195637035678,0.96344483206136644,8.6983668403354901,11.925544148478558,0.98617799314374177,,0.5849641091137943,0.6,False,4
-0.040081801592769223,0.99872163558174532,0.03079843830456562,-0.98650083075424067,-0.034655831650714307,-0.16004713135132689,-0.15877518730037579,-0.036797662337702985,0.98662879136188286,2.2217105821071725,-14.628194961889049,-3.4277466902481804,0.6542341569147367,0.5953544318653625,0.7777777777777778,True,5
0.6899824678975659,0.72379227395174217,0.0069955815877940641,-0.71682898053947997,0.68462120006257932,-0.13209854307903857,-0.10040122834266071,0.086131043141488728,0.99121190305335061,-12.848323467634092,-18.975238588558568,-4.7230784026693122,0.3187609253940323,0.2899001078199483,0.9117647058823529,True,6
-0.21638386402444693,-0.94338270316598138,-0.25141022007288183,0.96601775094352349,-0.16959270408323593,-0.19505901564334843,0.14137796239819606,-0.28507435887673443,0.94802156181130848,-7.0085935219133075,14.940114400601226,0.67464732089202117,0.1662390696069695,0.1223695410740185,0.3191489361702128,True,5
0.78787863698348393,0.61347365029390721,-0.053826887148677387,-0.61456957379098387,0.77766570270474211,-0.13243977426403428,-0.039388987742973128,0.13742683592300564,0.98972843366894114,0.39681962025891804,-12.497727255881898,-3.2029877402814142,0.3198708588897227,0.3023602088039333,0.7283950617283951,True,5
0.92008362834604596,-0.35665053359599852,-0.1620077582564047,0.36783540215584742,0.92883743950064601,0.044250739007736267,0.13469682167899213,-0.10030656941384368,0.98579681393378671,-6.3761171389994455,20.225349940587456,1.5091854630441759,,0.3203549721830605,0.375,False,4
0.95635298543856007,-0.24713494273221751,-0.15592718596670879,0.26727261297437638,0.95549627231289203,0.1248688269746161,0.11812839454001842,-0.16109374189244893,0.97984411450316267,-4.1795953181685048,-14.93738398408882,-3.7424650942976978,,0.3759104332098027,0.2978723404255319,False,1
-0.77993671845853207,0.62460467547920884,-0.039594375479984595,-0.60488698323850831,-0.76853216956362858,-0.20849470461966166,-0.16065631860824667,-0.13866255339973912,0.97722169622655819,-0.66335416696860749,10.223496009602876,0.30039588214189888,,0.0852040891986967,0.4393939393939394,False,5
0.99555498049239055,0.065005149437669371,-0.068151385630683042,-0.062308747392189917,0.99721554311069338,0.040972924924407683,0.07062507214305741,-0.036544372002144936,0.99683329000377829,-18.045413104502998,-11.756613916852485,-3.8626990231641409,,0.3920739043418291,0.4571428571428571,False,2
-0.34785003140116449,0.937452103785262,0.013561296501293715,-0.92029897428434704,-0.33865173873506044,-0.19586933854715463,-0.17902556684839296,-0.080613602824259528,0.98053622750732927,2.9544670336501735,8.2102055168593928,0.085672321512932859,0.2314046911224103,0.2190197337961419,0.2926829268292683,True,5
-0.95439995873376171,-0.28461956365626712,-0.090068988853598458,0.29649789456264003,-0.93887980996055698,-0.17491055133510319,-0.034780990338331839,-0.19363988853679989,0.98045595325773838,-8.1064293993111107,-3.3074956562767217,-2.2550142283402814,,0.2126405165874732,0.6814921090387375,False,7
-0.92650029936595368,0.37624391598597362,0.0061409248764920793,-0.35412609693968805,-0.86628435554608985,-0.35234375658206235,-0.12724740760055486,-0.32862125771111739,0.93585050421491089,-14.786672502585851,15.065869596201749,0.21658762776444659,,0.1208675053226165,0.1,False,2
-0.17595778654431193,-0.94237554244601529,-0.2845473499331948,0.97330643970117381,-0.12327949465361629,-0.19358910257081566,0.14735478204201977,-0.31101527807734242,0.93891217108514546,-21.748039440533912,16.236716705880138,-0.11836500170236484,,0.4695852273689644,0.5,False,1
-0.95176842552371654,-0.25597100050941368,-0.1691617896403162,0.30598579082198191,-0.83245163583034421,-0.4619490987310505,-0.022573435519460887,-0.49142967035130586,0.87062467177725633,-13.669315599042092,16.262324461950797,0.50862915567295108,,0.2971892498655931,0.3,False,2
0.065849770844919484,-0.99333759146679002,-0.094573976645954738,0.98472887707910983,0.080000681195928319,-0.15462512620756155,0.16116093300235174,-0.082947696695842218,0.9834362375297484,-4.4284122031083957,8.1295111897670065,-0.26017430010722858,0.1257074520939032,0.1047538020690206,0.59375,True,5
0.87575540605919533,-0.44336554652575849,-0.19099597093135323,0.46080835711685797,0.88566962873643151,0.056964609584677861,0.14390318540378866,-0.13789960437864895,0.97993651444512275,1.4310801131972777,-12.081813228543764,-3.119178709908387,0.5591754299546104,0.7259375256678062,0.4230769230769231,True,1
0.78984015889304393,0.61197336686939119,-0.040510759587432374,-0.61219925959896726,0.78270603709448228,-0.11217542530485683,-0.036940356607452714,0.11340131277190087,0.99286230279697996,5.091292436711881,-15.588770820217659,-3.4686104706823748,0.7857162894106595,0.4639921073933457,0.6086956521739131,True,6
0.14333071430989341,-0.94968129828186831,-0.2784990808406419,0.97522474862229125,0.18344242544202055,-0.12363480991427701,0.16850221366500318,-0.25387853048577258,0.95244563926156955,-0.90105341884112156,-12.797790933465453,-3.312494280742607,,0.3564763399050934,0.1666666666666667,False,4
0.54632544426830043,0.83748565034881928,-0.012095222398085262,-0.83220187441863125,0.54113262807928342,-0.12089466093308079,-0.094702424251761869,0.076113496095127658,0.99259165146248152,21.072179382001952,-13.054656329603468,-2.5819053333880047,,0.310908043883052,0.85,False,5
0.99284124259435458,-0.082998149831211815,-0.085892806033406946,0.076048112187717801,0.99378818454448981,-0.081251023947087872,0.092102940432871316,0.074137381828344021,0.99298574862847677,-16.180561058888458,15.815456663154238,0.24139918348016395,0.15717748843615,0.1940991235443048,0.282051282051282,True,5
0.40617804337650121,0.91274275716434639,-0.043818447289496819,-0.90585197495199887,0.39587628052366763,-0.15071220917466618,-0.12021479340912625,0.10090901725203671,0.98760608224272695,-3.7195766241384081,-9.6205311038977737,-2.9620712204731148,,0.09191210608658681,0.3272727272727273,False,2
0.98663925996270352,-0.14609726467512993,-0.072101039900237945,0.14679117292659272,0.98915775228210145,0.0043923400435573745,0.070677593699034591,-0.014917451346262931,0.99738766154101199,-12.608253885612029,6.8758297886416031,-0.91054931301127107,0.5778974976707686,0.4472713708583283,0.4747191011235955,True,3
0.82112362508455916,-0.5427289255371025,-0.17663891336093623,0.54455742185211919,0.83765634157289781,-0.042297372595463262,0.17091871352711235,-0.061458659341452317,0.98336647622246409,-16.659981644082375,19.179230079450477,0.67318289110169494,0.2501022189113921,0.3904824358385331,0.2916666666666667,True,5
0.63474295541990189,-0.7541001035351893,-0.16862507047596659,0.75258561541264513,0.65279660567396147,-0.086437741146587463,0.17526058318623305,-0.072039055162950602,0.98188293727534059,-0.27711797577301123,15.125068225948606,1.0857185519407644,,0.08195996052124259,0.32,False,4
-0.73260272518826675,-0.6347751008917325,-0.24567014131680084,0.67871833713063845,-0.654056144726057,-0.33399397956955734,0.051328996574524693,-0.41142572942631966,0.90999681498161011,-4.2301404202199908,-4.1615621577155997,-2.1884283587411471,,0.4566873813880655,0.3012048192771085,False,3
-0.037576905176288686,0.99688610132429367,0.069325876725954846,-0.98970632639530653,-0.027539841747640844,-0.14043840147773592,-0.13809186685130678,-0.073889499274017112,0.9876593431981272,25.649391733247096,-2.0624878799781112,-0.80413466864481109,0.804972407171685,0.5165740559682006,0.6666666666666666,True,4
-0.59047444365231117,-0.77603290903842626,-0.2216142041540925,0.80328972327993664,-0.53862787268819701,-0.25417638607123039,0.077881652950724439,-0.32810507288480906,0.94142525421879253,-3.4028594008025483,17.704634529751321,1.35942618572005,,0.4777635814542924,0.2307692307692308,False,7
0.73081491501833051,-0.66982997113884546,-0.1312911640244103,0.66518712493202892,0.74203786061676602,-0.083101758320477961,0.15308706284795137,-0.026601187481522938,0.98785460874217779,17.033909414502133,5.7012804782267619,0.32285160603843305,0.1859230188526111,0.1193041896805901,0.2777777777777778,True,5
0.48963531820548989,0.87081429428866364,-0.044042252761919365,-0.86554726424641304,0.47933280336594986,-0.14514818969897361,-0.10528622189706628,0.1091903314395361,0.98842919979064026,-2.2548527840948043,2.6003738380804182,-1.031126814150819,,0.07576387475875154,0.3649289099526066,False,1
0.014939524519632414,0.99850972949780237,0.052489338968521662,-0.98621239720446097,0.023367504111306843,-0.16382633290114923,-0.16480873219389025,-0.049318149294485178,0.98509177336063924,-0.72292961507195297,3.6730121980208259,-0.78619246390503794,,0.08655118271786345,0.313953488372093,False,5
0.99683971915490288,0.051200026623228541,-0.060738221812589324,-0.058310959399339092,0.99084550933248028,-0.12175799213845032,0.053948181888764685,0.1249149066742596,0.99069968192255842,19.404242180157301,4.3689334366822017,0.20882868440304761,0.746426068660024,0.5967483929527693,0.9259259259259259,True,5
-0.95727831491625137,-0.27243980036488347,-0.096926688627252511,0.28786535081998216,-0.92961862055523414,-0.23009293799304761,-0.02741838048445773,-0.24816481518161743,0.96832972530924766,-13.525724185228519,2.2190425025026004,-1.6846138147986052,,0.07048016853938369,0.3310344827586207,False,5
-0.52083772860464972,0.85362036004854247,0.0077679709414648773,-0.83010188013609609,-0.50432313697646869,-0.23788451421800039,-0.19914549720360028,-0.13034743733887627,0.97126238294434142,-0.2909964032817513,19.151577913374986,1.7302293592675313,,0.1314544563060965,0.2272727272727273,False,6
0.220891128958074,-0.96149185358672873,-0.16352530273319982,0.9593701548896526,0.24438619377097404,-0.14101168108047163,0.17554490893965619,-0.12573306558138592,0.97640933074447611,-1.5406345573182483,14.064212065063677,0.88857376236282315,,0.07558701254594773,0.3703703703703703,False,5
0.93410284408734146,-0.3350820096077905,-0.12317436220717265,0.32351608375222662,0.94039729529548799,-0.10483449124478245,0.15096098907188399,0.05807730915025805,0.98683220759169765,2.5127192030523,-18.797033485892872,-4.1195073192647556,,0.133891686220398,0.1538461538461539,False,5
-0.97861591806600357,-0.15392439890460705,-0.13644839438296219,0.19917148848353222,-0.87482798144362661,-0.44159565335103085,-0.051396527928326011,-0.45932916552851843,0.88677793985404718,5.4251745986729354,18.269760556839007,1.8975283152491613,,0.2628933415481558,0.6666666666666666,False,2
0.72355271397335186,-0.66297438218687499,-0.19218854977789168,0.6704290129251006,0.74124150409439138,-0.032954077686400476,0.16430583900176382,-0.10500476737661464,0.98080456264136062,9.9845928869787564,-11.488437202232221,-2.7137640693784184,0.1488376584146871,0.2167671811718058,0.1724137931034483,True,5
-0.83512233776421141,0.54582738050124047,-0.068140675535190168,-0.52865142773079765,-0.83065778225696751,-0.17474357422842601,-0.15198140980207853,-0.10990959681069787,0.98225329299701636,-15.689054077381433,6.1057335900258076,-1.2095803740388735,,0.2627130031282775,0.3703703703703703,False,1
-0.83279606153438779,-0.48867637196305463,-0.26008868367893151,0.55252851449259699,-0.7627030183322191,-0.33614929198129789,-0.034102207632604631,-0.42365022047905254,0.90518369965584022,-4.1932055369993719,18.788427618022283,1.4827351265330255,,0.3824210651153777,0.48,False,3
0.99692757706132762,0.0066583996249264706,-0.078045318943959996,0.0061674138032436314,0.98661451454084115,0.16295325312591682,0.078085652341574358,-0.162933929590415,0.9835421523689849,-15.433406440942617,9.9007745303485528,-0.56792147557186812,,0.7244034380855047,0.2553191489361702,False,1
0.84187635431173335,0.5396586755578815,-0.0035662229177874788,-0.53951171515077112,0.84145007298179531,-0.029814155933145736,-0.01308866936931595,0.027023851946863665,0.9995490974234813,12.985072386407804,5.7811043343061597,0.14404529298305718,,0.2134259405608645,0.4655172413793103,False,3
-0.513211084860556,0.84169409219685631,0.16782561645100813,-0.8394949108972044,-0.45162952704853132,-0.30212425403402265,-0.17850119594542208,-0.2959422671042945,0.93837918646313989,-17.842343275838509,14.687244021719586,-0.058815728837799897,,0.3790002236188062,0.1379310344827586,False,1
0.065809070996507013,-0.9838097684292989,-0.16669584793169095,0.98347312050609448,0.092189551385853288,-0.15582588956036719,0.16867064776238141,-0.15368612871161746,0.97361737167382878,-4.5105674484553031,-7.614269079443063,-2.6948566847764477,,0.09172346317152186,0.2987012987012987,False,5
0.95638621145410563,-0.28122677215710135,-0.078974155029106957,0.26783868168994868,0.95216701827224337,-0.14710679761702747,0.11656695557083918,0.11953857928152109,0.98596281518742013,-2.1240946758996135,11.670540949390746,0.46808170518078235,,0.08315285127372839,0.5581395348837209,False,5
0.84519889660926784,-0.52341861298364123,-0.10803601599816573,0.51303308863658503,0.85123041388612397,-0.11047095744702624,0.14978609793462397,0.037943880370065505,0.98799007424567797,-2.1867203377073623,-5.4037066434319705,-2.3074559374346273,0.1772785712233348,0.1564872362778784,0.4873949579831933,True,5
-0.87451344632060013,-0.46856076997403534,-0.12520797516854443,0.48488136805078014,-0.83892035080911942,-0.24718961126129316,0.010783836129679231,-0.27688165312935464,0.96084351433450665,-10.422179372139974,17.860648626304101,0.93591192766286113,0.2081035253652766,0.1813189774652785,0.5588235294117647,True,4
0.79185612577280895,0.61063553231213463,0.0093873720472529704,-0.60895785358158239,0.79065674778916439,-0.063499919187147189,-0.046197496007789114,0.044566286061753925,0.99793769219790107,2.2712166523377912,-12.653391036483505,-3.176634823769457,0.3954696367892546,0.3173295136035155,0.1929824561403509,True,4
0.52636033894770817,-0.83905978785630431,-0.13756258933804144,0.83241031395753462,0.54149881557650159,-0.11777988769889261,0.17331434678055835,-0.052513856569278372,0.98346552154523903,-4.6735132187462076,-15.730840267961391,-3.9002232430985182,,0.1755337808224679,0.4090909090909091,False,5
0.82728266573990505,0.56041924484553785,-0.039161983772959173,-0.56155285058626203,0.82292011010241517,-0.086376434213692038,-0.016179832036215043,0.093449250375728807,0.99549256684291432,-19.9267795401861,-16.481704926494739,-4.6834768576987864,0.1973933776807969,0.2539356029756492,0.4473684210526316,True,5
-0.55421158674971771,0.83157193825302878,0.03657360554363695,-0.81692379439535023,-0.53497105295131098,-0.21550286924973799,-0.15964031841318821,-0.14931203573144097,0.97581805923167342,22.469788866962872,2.6591461709624378,-0.023718157143936151,0.2169279356035567,0.1661274897560228,0.2352941176470588,True,5
-0.91369795929399522,-0.38415847998253838,-0.13258318686581319,0.40639336477725513,-0.86425626158619384,-0.29648869687405977,-0.00068720230668907478,-0.32478204471085365,0.94578863980618189,5.27776874756794,-11.23412290913223,-2.8663543253061303,0.2364891740655028,0.1187431831883521,0.2,True,7
0.70606998742761651,0.70790104448175373,-0.018473875489658273,-0.70553603734141501,0.70099612112482756,-0.10403527373213264,-0.060696563877528385,0.086490169323387739,0.99440202018292034,-5.8040039427020949,15.386837746882234,0.83946772072273013,,0.08562449077951013,0.2222222222222222,False,5
-0.8146799592096976,-0.53562190654485198,-0.22227401398126237,0.57898419324271133,-0.72959975368049967,-0.36395261148182512,0.032769925803567933,-0.42519803934003664,0.90450691501182923,-24.425759871433179,-8.8166791448478978,-3.7838319384880004,,0.712819170758833,0.2653061224489796,False,1
-0.22172798977758923,0.97161108814261732,0.082514192400516245,-0.9590374288008795,-0.20199146445447241,-0.1986118285665201,-0.17630629231025308,-0.1231720004134778,0.97659856113244148,-20.71805316237705,-14.722784553354776,-4.4970115240518975,,0.128838226555158,0.3846153846153846,False,3
-0.59009919704515157,-0.78056047892813496,-0.20617535347890231,0.80544571004807286,-0.5517585837622484,-0.21637854193481448,0.055137517280210192,-0.29374785783076124,0.95429138642660716,-4.135240155517776,20.130041056362906,1.6715843036162532,,0.3438401005935045,0.4,False,5
-0.44382641735480782,-0.88915073359715679,-0.11148580269089256,0.8889944099946806,-0.4212299850221573,-0.17959465113538917,0.11272555280948894,-0.17881910597547981,0.97740302694534598,-14.914981117703496,1.8547699009468321,-1.7999849697227721,,0.08324925310099494,0.3333333333333333,False,3
-0.99365088209825625,0.096249938713288727,-0.058256963558414969,-0.069801221673593844,-0.93349501492540954,-0.35173121351720293,-0.088236692811053036,-0.34543162334548722,0.93428650832315363,-6.782701542659761,-8.3824928932777425,-2.9202982637251056,,0.09552645348090144,0.3170731707317073,False,5
0.61534655239569391,0.78825310347552779,-0.002380192414857471,-0.78404073062099144,0.6117407165130323,-0.10513528659504986,-0.081417155330033325,0.066560803941360575,0.99445508002958316,-11.482986509024705,-6.5027399151860292,-2.8956145351853348,0.2898108899680454,0.2633517766087872,0.744,True,5
-0.039296729925824413,0.99922113002215229,0.0035917035498847227,-0.98539556343945545,-0.038156496227397099,-0.1659507919519746,-0.16568449103937199,-0.010060572195559586,0.98612749394595178,5.8912625429783132,9.7332582097482696,0.4996326089936885,,0.07212929384409905,0.2222222222222222,False,5
0.17049722553533592,0.98521805809583807,-0.01661547732136931,-0.97326234393033551,0.16574632576106807,-0.15902378873594331,-0.15391915401268569,0.043284333176912951,0.98713492518978785,4.9227980381283283,-13.282506792429098,-3.1481896998266161,0.206962526520218,0.3084012429651334,0.5,True,5
0.79869393381158904,0.6009992577456843,0.029797521402063001,-0.60087662837307931,0.79922070889455332,-0.013911719846550374,-0.032175729480000116,-0.0067934279436201797,0.99945913961962718,-18.958735292870493,9.1141270642591135,-0.91102993778182007,,0.280656453284352,0.3055555555555556,False,3
0.25391388414491145,0.96680558999817034,0.028542785195822387,-0.95723464910950951,0.25541214133336965,-0.13589137060055637,-0.13867071061561431,0.0071825627594317501,0.99031249856273551,-16.728198619910682,4.1570001210890153,-1.5505900338020522,,0.1306411057537413,0.2753623188405797,False,1
0.012499544794843834,0.9998614478723391,-0.010993017718163751,-0.98671615584996064,0.010552879609280915,-0.16211065516069237,-0.16197218639198085,0.012873297579959572,0.98671135041856106,-13.582440617122943,-11.859892724028962,-3.6879940514278009,,0.1755635140641887,0.525,True,5
-0.93377723679019176,-0.32241793415517989,-0.15526347860195638,0.35761699403530534,-0.85656544832701276,-0.37202919013095725,-0.013044448230048473,-0.40291724766687487,0.91514344990439811,7.8972303740122163,-12.735267041671039,-3.0005864126759265,,0.1423329912376335,0.3846153846153846,False,1
0.89961100121775539,0.43651870141211246,-0.012307306995071043,-0.43668792276086288,0.89936914031751658,-0.020947733990438644,0.0019247344727481436,0.024219264274839489,0.9997048177513177,16.093539351877965,-10.087213792274312,-2.2996593210744782,,0.2101034460527346,0.3333333333333333,False,5
-0.9915692401217524,-0.12162333162266631,-0.044701311495008791,0.12956416434182785,-0.93562910730772819,-0.3283463124156385,-0.0018892757275529165,-0.33136979156758861,0.94349906829507713,-25.01967874023061,-5.073731132233914,-3.3289382350535859,,0.4656091464192874,0.4285714285714285,False,2
-0.25978974973178809,0.96011365201738974,0.10339758770941118,-0.94929243063600954,-0.23428333266076848,-0.20965495742896512,-0.17706825540302917,-0.15262075627906646,0.97229303076867379,-21.588732635881492,2.5404331852261004,-2.0775011741766574,,0.540339251497137,0.6078431372549019,False,1
-0.81991505093400185,-0.55376248828736074,-0.14521162425123985,0.57163709810047902,-0.7781236321935554,-0.26029721684484408,0.031150237995175099,-0.29642995730475524,0.95454645936441695,-18.645581897453983,10.794312215142167,-0.67422019365617392,,0.3150170992089729,0.4,False,1
-0.7580202941397397,0.65036388502473297,-0.049315826342438016,-0.62949925798958961,-0.7492951172455744,-0.20563927509718671,-0.17069246574719571,-0.12483446770614426,0.97738448821825752,-5.2839677348777059,6.2728993779708135,-0.56564601646509338,0.436625174871306,0.2678250830126306,0.4925124792013311,True,5
-0.027834137120282255,-0.98290761777636315,-0.18198317429906299,0.9894946601255441,-0.0012549695561416795,-0.1445639741929037,0.14186464814675537,-0.18409519268195731,0.97261677018113857,12.824848151215717,-11.08371181642071,-2.5527262384889147,,0.2360629787553382,0.2432432432432433,False,4
0.88714603346665333,-0.42120664539493058,-0.18856531276863495,0.43235815203064065,0.90146959364890478,0.020469491911827342,0.16136400985670046,-0.099687178722382058,0.98184730112239915,5.3019583983735918,11.181291658727631,0.70549355029092298,,0.6276965384947221,0.2954545454545455,False,3
-0.90604947030636551,-0.37598076448158357,-0.19419789416313982,0.41964101378647606,-0.85745022937394155,-0.29779275292530805,-0.054550681992187947,-0.35130836723086861,0.93466927530959742,6.6545500572843546,7.0238495062777258,0.043675417959471712,,0.8285340919231368,0.3875,False,2
0.078926728039586447,0.98695337569397634,0.14033390825894815,-0.97582020179348972,0.10527311824853455,-0.19155287610982047,-0.20382714581890052,-0.12182202091779548,0.97139790500434287,-4.8290876615769927,16.346673705321969,1.0419836272643668,,0.5821618446538221,0.1666666666666667,False,3
0.98683054875593235,0.14907228029247527,-0.062792700933036752,-0.15357792197750539,0.98533462093114721,-0.07436065273747082,0.050786710103484997,0.083024936271418451,0.99525251571346962,22.992217679945171,-5.1476409736258661,-1.272390788099472,0.1327781478276421,0.1020418166078289,0.1875,True,5
-0.22883291570953207,-0.96169920107454088,-0.15089779103904238,0.96304027345218823,-0.20102036738690526,-0.1792881580159911,0.14208774893356405,-0.18634768189656117,0.97215513836772438,-12.822190698408484,11.439106499874525,-0.17809636616157068,,0.07781360946737499,0.1428571428571428,False,5
0.36105807049568278,0.93229813797488503,0.021383443560275078,-0.92401663249807553,0.36075641918523876,-0.12668097285527766,-0.12581864963847691,0.025980530117864484,0.99171300256573414,-2.7451018856169513,7.0966106712792945,-0.29885349660539873,,0.08219240395075407,0.2564102564102564,False,5
-0.1696192169193568,0.9783795534844868,0.11833330289973562,-0.97232032203509933,-0.14655966380189936,-0.18197103149632327,-0.16069384745293067,-0.14592365904736193,0.97615765792263509,-10.418569723292061,3.0228403847178753,-1.3864756963734139,,0.2649807565769031,0.2988235294117647,False,2
-0.24526330160629906,-0.95901119125350676,-0.14192761512724686,0.95883596120866188,-0.21835202902259401,-0.18153784981314128,0.14310664686952862,-0.18060987368426612,0.97308815692593587,-6.9491004805223442,-17.459823766329151,-4.286799588233654,0.2663791597926433,0.2587354427687403,0.5454545454545454,True,5
0.72280045718218866,0.69100950771331193,0.0080845127883043127,-0.69104751866268221,0.72268066019675714,0.013637827089694299,0.0035813471443080086,-0.015444210157357044,0.99987431726454845,1.4955565892937643,17.688204446248918,1.6429740190462081,,0.1813269135938202,0.3157894736842105,False,3
0.45357795749175783,0.8912126538685351,-0.0026536884158834401,-0.88542833659766762,0.45029125308344875,-0.11512796422427446,-0.10140856584871616,0.054569157782954701,0.9933471245196045,-5.3617893849659204,-9.949613906874502,-3.0927259820257103,,0.09197417041622638,0.2777777777777778,False,5
0.73577903125150956,0.66432773013597135,0.13152142085218169,-0.67498181419629411,0.73516515957512529,0.062703577658368231,-0.055034240931153028,-0.13491054487795798,0.98932824543013187,4.5612008548463123,-9.2580857131236218,-2.5733850828736764,0.06909695454669113,0.1323372071537385,0.1714285714285714,True,5
0.93741264571038208,0.34708362053970238,0.028115689842404049,-0.34790021051499603,0.93003030467571857,0.1183599421612406,0.014932353661894084,-0.12073356094244309,0.99257263314896704,-31.020746432019457,-9.2520825149627637,-4.2195205979823358,,0.4582918441487617,0.5757575757575758,False,1
-0.93118621026291892,-0.33462194797353367,-0.14463883901145286,0.36454218891029483,-0.85595924025441184,-0.36666438540930202,-0.0011109998533442161,-0.39415977846234901,0.91904125844373186,-11.009106923553462,7.9626291391900086,-0.65748048280487614,,0.2928677327311423,0.3333333333333333,False,4
-0.99041584986187448,0.11784098443142496,-0.072041284903946581,-0.10060185758960884,-0.97287527180097877,-0.20830979757968709,-0.094634616245320019,-0.19906583811996179,0.97540611106435893,-16.391555169070891,30.26228076621878,2.3575049170825855,0.2448716000677502,0.2066746081347502,0.4090909090909091,True,2
-0.64808718145469058,0.76151694307040607,0.008657404392622331,-0.73812459617505743,-0.62529923578937585,-0.25332379722921783,-0.18749689532235519,-0.17056614886291199,0.96734280537281692,-0.56563901475016265,-15.580798751069009,-3.6803362175972274,,0.09365364141493086,0.375,False,5
0.8951065433047507,0.44574659889134383,-0.0097080229614271568,-0.44583755532149938,0.89504182734674065,-0.0113578855759561,0.0036263477452403298,0.014494718921272735,0.99988837013209841,-12.220719059836544,-10.82699738720326,-3.4669643116538134,0.6132667209265948,0.3106414556792648,0.3013698630136986,True,4
-0.77422748958115351,0.63090264707134502,-0.050335318566942157,-0.61249371562445931,-0.76691822694892209,-0.1915408089522101,-0.15944667665840448,-0.11746609337120573,0.98019308006672778,6.7215314726329147,12.927267894848756,1.109172259301997,,0.08464820671155249,0.3333333333333333,False,4
0.48745998535175095,-0.84064530017967165,-0.23600474988165179,0.85459862008516441,0.51476115708687287,-0.06842623548842465,0.17900827139940867,-0.16833428183354102,0.96933977960784334,6.0362012383915982,14.106444996006461,1.2528834417472896,,0.1263806105317745,0.1666666666666667,False,1
0.76488384803616072,-0.58809012374082004,-0.26287393437140366,0.62159483733148047,0.78091037554155418,0.061634759465729105,0.16903418948912244,-0.21054451246720912,0.9628595178185132,-8.2704197944676245,21.015335807006839,1.5419243946201773,,0.4474330713606827,0.2280701754385965,False,3
-0.75136362073238727,0.65937583390182664,0.026004213239152224,-0.63923715536339698,-0.71750287391307455,-0.27670468938814563,-0.16379428757691433,-0.22452869659076669,0.96060308960799301,-19.983121480283629,-21.493513186130901,-5.4301407267915458,,0.22337269946723,0.375,False,1
0.055467891359360408,-0.96882590136218294,-0.24145327887170767,0.98247065627276509,0.096064676989033426,-0.15975915434789281,0.17797393795471106,-0.22835925793526551,0.95717152419205753,20.111303310888125,-14.592260819181369,-2.8336421723532141,,0.2751084821539724,0.2592592592592592,False,4
0.9859242390071169,-0.14932177831614793,-0.075209051707493438,0.1424119666765738,0.98569561493698876,-0.090127611980471256,0.087591247767957209,0.078148328289830551,0.99308640716704899,6.3672909239386319,20.619220050218523,2.3196020010079805,,0.1042909107174821,0.4285714285714285,False,2
0.88760571962043899,-0.43140588814377628,-0.16138477676647467,0.42606673660420535,0.90212015277905688,-0.068164256831104164,0.17499492123066884,-0.0082577009375253314,0.98453470630481132,21.78012275392846,-15.057229709040016,-2.8292543344596202,,0.197759874793929,0.391304347826087,False,4
