axis_00,axis_01,axis_02,axis_10,axis_11,axis_12,axis_20,axis_21,axis_22,location_x,location_y,location_z,dbh,dbh_approximation,score,reconstructed,number_clusters
-0.18967822374921509,0.92153918657629419,-0.33880333386737277,-0.97992672542806558,-0.15611278812284382,0.1239855240596337,0.061365985913799964,0.35551979549501272,0.93265207381102921,-12.81689244384193,-16.532766995375265,-5.4527945917269713,,0.07602641507763318,0.2727272727272727,False,2
-0.91204751864786515,-0.070056167358048732,-0.4040562549242051,0.070358467829274657,-0.99742183196135192,0.014120025905725933,-0.404003724899895,-0.015550644422741046,0.91462515148286216,-10.011911620538417,9.3549694806999888,-7.661181268923098,,0.07457031134363411,0.3396226415094339,False,3
-0.84925362691131434,0.39690417316362731,-0.34818867658681357,-0.43058491067736754,-0.90228932772966264,0.021693403654522686,-0.30555672447999366,0.16834799194065836,0.93717343204692172,-8.4721963841398384,15.980153009046784,-7.8911008720004991,,0.2503970655716132,0.1666666666666667,False,1
0.90057216901894732,-0.16044689362526857,-0.40401307245497631,0.25452489215865637,0.94804662825284303,0.19085248211652672,0.35240154321474321,-0.27470781747962064,0.89462213663392565,-19.922212191525407,-20.310658491284535,-7.6409014767912415,,0.1153381415204721,0.4074074074074074,False,3
0.39622177765951438,-0.6483186838409376,-0.65014705035944731,0.91724963332284215,0.31093585918366695,0.248941763556916,0.040760435196979944,-0.69498329163834582,0.71786963389328817,-12.826976423579611,13.734543651563396,-9.3266767269314439,,0.4114364631851942,0.2307692307692308,False,1
-0.28755720553074254,-0.81101101515949026,-0.50948207705210224,0.92300589833019853,-0.37666532746478754,0.07863423385211149,-0.25567746321295975,-0.44764312166704678,0.85688077958906739,3.8173804312005113,3.8385368613399953,-1.6163627068940469,,0.1024741582739779,0.3478260869565217,False,5
0.64004951089317585,0.69084616049159919,-0.33625616148915705,-0.67446370663094413,0.71481070477870889,0.1847819384339639,0.36801539647554665,0.10852298773891875,0.92346490409173887,3.4045297623197697,15.136058007986838,-3.0976282832728139,,0.08495937009627658,0.2272727272727273,False,3
0.57237570845184349,0.74594136633231523,-0.34052536817178658,-0.74173344473877423,0.64804431477449109,0.17282957803690221,0.34959626046370074,0.1536556021846934,0.92421448300005404,14.01969272314993,-9.9898282437982964,3.8250266497841912,0.2819616836528174,0.2889950604361328,0.7560975609756098,True,5
0.89930191996927322,0.24176835601061347,-0.36442299429578295,-0.13911413191077993,0.94815723039409239,0.28573611034329277,0.41461224661397672,-0.2062666441364904,0.88631301269606855,-1.9267632434778714,-2.0610497559847127,-3.1184024670958519,,0.149591577700446,0.184549356223176,False,5
-0.93384412975982989,0.14346764772472739,-0.32764641821549173,-0.15467477313268257,-0.98793092111655156,0.0082589138605949214,-0.32250714080382858,0.058391173632125849,0.94476431715661446,9.5350479874232761,14.005306828257917,-0.59585640606750967,,0.3024982348411348,0.391304347826087,True,4
0.91490313068010809,0.044180758843987825,-0.40124845422718758,0.085914692201868717,0.94990750340236485,0.30049026713646665,0.39442480542632741,-0.30939262358345954,0.86527757242202252,-15.978553732105617,-11.306053264472226,-7.3167267812403676,,0.2888389103297989,0.25,False,2
0.40228746552643485,0.89334176591413106,-0.20026303791199504,-0.86575059339214755,0.44234392827259233,0.23411057037544858,0.29772588923616244,0.079198095897536513,0.95136058173793525,-10.913107111849742,-21.595815923103,-4.227854022585908,,0.1360857941157914,0.2857142857142857,False,3
-0.75114196753109508,0.62396492259830616,-0.2155307866185375,-0.61586973687598101,-0.77991609529722872,-0.11151390718934683,-0.23767669598390534,0.048976113190145831,0.97010882303118995,-12.577388542181904,-1.8853875077238611,-7.1997860985424298,,0.4644901610358459,0.2636363636363636,False,2
0.31357455175045795,0.94084750484909385,-0.12836266245966915,-0.91183899761556775,0.33607725146251777,0.23580017700764597,0.26499177897047466,0.043105146660638916,0.96328671921158993,-9.143785133819021,-30.129725097640382,-2.4886889590811654,,0.294157951689126,0.1111111111111111,False,1
-0.028363629325641487,-0.90597130838777573,-0.4223878465458244,0.98794784541531144,-0.089732286819060564,0.12612363553856584,-0.15216622250263268,-0.4137198388769423,0.89759753545167209,-16.623857617515608,8.7457445460826442,-10.109287023385773,,0.1154420451194609,0.6125,False,4
-0.9121564166294599,0.25427782715849578,-0.32142410957683254,-0.24493621620604636,-0.96701549775756712,-0.06990906298436339,-0.32859841994807348,0.014960404815406864,0.94435124010899196,-5.9740971725365508,-11.694022756980626,-3.377892194958239,0.5860061518940672,0.3685138139285308,0.6,True,3
-0.25640404438580083,0.90901437888088243,-0.32855718681898705,-0.96623858890779335,-0.23215711422698537,0.11174105610416207,0.025297338359586113,0.34611549127654029,0.93785079376749403,17.821579248895642,-0.12049863982672698,4.1008445366399826,0.1727338995238976,0.1426085565589724,0.4666666666666667,True,5
-0.80312487772148344,-0.42491767582045542,-0.41765464149246057,0.43376005180804594,-0.89755262135997893,0.079066486865881691,-0.40846376612905888,-0.117661636335612,0.90515915235636457,-21.617531338204188,-15.07396972800602,-9.1105594321263226,,0.136338741823725,0.2857142857142857,False,1
0.5787554418717924,-0.59938413596509998,-0.55297449855952407,0.80373138992724547,0.53402688175654156,0.26235689891253638,0.13805068398745618,-0.59628344527980603,0.79081480862199338,25.423665839494983,5.3594495950781997,6.3637361638901204,,0.4972711623698295,0.4090909090909091,False,2
0.73748420593212549,0.61482968768218182,-0.27946645799683023,-0.54693894337444604,0.78646860310512856,0.28692321019797801,0.39620050255029665,-0.058750246590966698,0.91628247298766652,-18.589189908381446,-9.1821789825834692,-8.5805788724715697,,0.2573817591403287,0.2592592592592592,False,1
-0.71996011311315156,0.60412307543685972,-0.34160319853714505,-0.65961108048948247,-0.74869185582250608,0.066134163036582122,-0.21580235870257641,0.2729392143862106,0.93751454774240306,14.593330213423819,2.4491675543929352,2.6179835948443926,,0.1307410938940588,0.5,False,5
-0.90094910217499424,0.153517892070405,-0.40586077921416913,-0.18584645191991772,-0.98171402418840625,0.041214936862555146,-0.39211198859362961,0.1125603461529245,0.91300512423265423,-13.985402460496239,-18.569478251947857,-5.6851613244353274,0.8282072286600654,0.5909366003113063,0.9583333333333334,True,5
0.87419405950102391,-0.19983239376688527,-0.44255142157100447,0.3594822281246855,0.8790277241810619,0.31318171687308805,0.32643111676988146,-0.43287096752087673,0.84027700877859812,-11.391171890712172,-20.283595785790624,-4.5433953855551019,,0.2101058484441014,0.3,False,1
-0.64306431628113125,0.68616836623127264,-0.34006066857163608,-0.74609520476149527,-0.66146535084329761,0.076194061879231972,-0.17265639448854653,0.30271531645633609,0.9373116912878855,13.751057929631097,-13.610827528318948,4.0725811591040362,0.2068937052358419,0.1687462780804726,0.5,True,10
0.52937711746096283,-0.7444912008688318,-0.40680796370967021,0.84120572182860331,0.52287248739605574,0.13775810497782509,0.11014899487304393,-0.41513517527806276,0.90306698819927633,-3.8036222369145238,-1.858640021841397,-3.8203072840908732,0.1130479505718842,0.09258490451992007,0.5135802469135803,True,5
0.8196713035181733,0.49126195506206061,-0.29461949307101354,-0.39931515177531468,0.8587765692617767,0.32101435115837235,0.41071445525020933,-0.14548022407040556,0.90008285210470973,18.129881708109476,-1.8819719684061234,4.4612221283826763,,0.6271492059325285,0.163265306122449,False,1
-0.88783395400271292,0.27026186935834817,-0.37243709816671189,-0.30872294360325092,-0.95001145696208555,0.046565821518796666,-0.34123454428421179,0.15632259469349796,0.92688846803455249,0.44391344495981089,-4.7647509427435928,-1.8605048222227554,,0.06998805753738295,0.2769230769230769,True,5
0.90181312767205235,0.29122279289819475,-0.31925282716825931,-0.1779021891199471,0.92349016722100319,0.3398775105129121,0.39380692460224942,-0.24971022394507458,0.88462472845417317,-4.946733967821622,-16.177940445153315,-2.4834930709789442,,0.2485664780415826,0.4,False,4
-0.57535751578195815,0.78725931380843839,-0.22178030087246636,-0.80705631073260198,-0.59047005219180604,-0.0022866506704933287,-0.13275481286905172,0.17767354976606273,0.97509397976483836,6.4409653538187372,-5.3235161472342183,0.45044758783529981,,0.3870874653914425,0.2985074626865671,False,4
0.87289757156869341,-0.26686834585018759,-0.40844964871164041,0.36365329890114223,0.9139786709220864,0.17999796470464136,0.32527850797092994,-0.30565384846698951,0.89485731665418278,-5.7999626423807715,-18.62682810657228,-2.54652455838839,,0.09480085030325373,0.375,False,1
0.89439258310434966,-0.10975245210987525,-0.43360847148527798,0.22459904565551128,0.94854861121836509,0.22318333460710049,0.38680379519669034,-0.29700156802882532,0.87302513858986697,3.6688751474448762,5.0858677800025864,-1.7575107380451689,0.5327551717348995,0.2281236056981673,0.2874251497005988,True,3
-0.86423665131218697,-0.28444817932325112,-0.4149508932492928,0.28610129649539762,-0.95633825383265092,0.059692481938425808,-0.41381283048299844,-0.067129557841567711,0.90788356290421168,-6.6488147394716952,3.6697791442482783,-5.575954744017543,,0.1262064946685013,0.6778309409888357,True,3
-0.76395722152154799,-0.37082487734113478,-0.5280703305716099,0.50500282332178614,-0.85303164394764985,-0.13156429173979861,-0.4016733898605952,-0.36718649862011871,0.83894729459543305,-10.415374010157748,17.932172274599001,-8.90021367207037,,0.302282533432104,0.2424242424242424,False,1
-0.75246129356778946,0.56106356137573909,-0.34497779896489239,-0.61459802343957981,-0.78643879041812736,0.061508523879500912,-0.23679373147626021,0.25830545681817396,0.93659330539541219,-11.852150869211604,6.2448326540806676,-7.995067704628128,,0.1134523846596664,0.3365384615384616,False,5
0.85557842916219806,-0.28688442271266046,-0.4309093635060271,0.41412074657815129,0.87877571562562085,0.2371861060016634,0.31062768518903866,-0.3813798233146336,0.870666337676264,-14.173736385753809,18.771050070984998,-10.546210600406436,,0.4955656627512373,0.8260869565217391,False,1
-0.91117948215725808,0.059114892049432585,-0.40774671161594306,-0.087746978128474373,-0.99479187991211004,0.051861194454533174,-0.40255734886467065,0.083033398093259866,0.91162110313229028,9.2229165341749741,4.9982211129503336,0.27901199128809601,0.1158788184774264,0.1374109926992951,0.15,True,5
0.86608493788109986,-0.22342076035660005,-0.44719128369990652,0.33756523837842617,0.92119173971497814,0.19353420503727109,0.36870935737245392,-0.31857329223048625,0.87324937289609394,16.143318774812471,1.5285830340461826,3.2400604463290326,,0.2229849705264551,0.6153846153846154,False,3
0.28096081996887817,0.92444579862162768,-0.25780027744988432,-0.93156928960807417,0.32727848920558655,0.15832703231734452,0.23073724515457883,0.19567512850163291,0.95313774858849554,-2.2519234333552482,-20.800356310421222,-1.0626585168742477,,0.1453513556141789,0.1578947368421053,False,4
0.23105679961597536,0.94298601158704065,-0.23956238707775093,-0.94272120737251175,0.27787762475645061,0.1845555494419725,0.24060232858669114,0.18319772818154806,0.95317842603983793,0.78183242544282694,-7.148198355399793,-1.498000658055048,0.8317082808043571,0.5329395142204784,0.3066666666666666,True,5
-0.14657064596297384,-0.72672463490630546,-0.67110979039371332,0.96857739948282673,-0.24324451822068405,0.051864492349503223,-0.20093498190479658,-0.64241996340079943,0.73954156318021413,-31.384484420826169,6.3978718481873926,-15.858762889335164,,0.3929826875393441,0.3207547169811321,False,1
-0.095192360389512343,-0.88568132462679738,-0.454430419020112,0.97833522431546616,-0.16754605941900222,0.12160800482193064,-0.18384396478285525,-0.43300913290655363,0.88244234227083351,4.6594332289423956,-13.786222109212867,0.71073194448187205,0.1940601936660474,0.1599362964723194,0.2702702702702703,True,5
0.84127866258379103,0.45878759390523027,-0.28594432248232826,-0.37231185861413479,0.87520829113313559,0.30885972069388684,0.39196184995037037,-0.15337663058780124,0.90710612244269251,4.2637312894782369,-10.313228958495516,0.25054550344028498,,0.2680190322777095,0.4545454545454545,False,2
-0.033824510581137765,-0.83302146388005116,-0.55220570732208552,0.97659741508264331,-0.14497101335108609,0.15887383089061496,-0.21239913214946754,-0.5339088367906053,0.81843018190866912,-14.098776751713871,6.1324431349993009,-8.8267724606688471,,0.3215711942706526,0.1917808219178082,False,2
0.071961169529280791,0.98745854393829435,-0.14052478102897645,-0.98268819137797458,0.094307348567106861,0.15946799845902523,0.17072055706991923,0.12661653924154581,0.97715031770154526,-12.710538523654813,16.166220743338197,-9.6825314197732606,,0.3297092930122356,0.15,False,1
0.1273293073222074,0.97367735098916208,-0.18904936833424354,-0.97407790041926579,0.1586840314215768,0.16121917406621566,0.18697457423843367,0.16362088602169858,0.96864271754131936,4.8504333004003577,-33.854217121636935,3.0854809888697425,,0.3819697726848035,0.2631578947368421,False,4
-0.47937607236545304,0.83262366266551335,-0.27737414734062377,-0.87503357404961246,-0.47766671757877915,0.078426725058978186,-0.067192451431940831,0.2803075869236879,0.95755565435309609,-4.5312465081209483,-10.570157144163698,-3.016504695168515,,0.08666627366618251,0.25,False,2
0.81685183121403349,0.523925530595864,-0.24136098324319846,-0.41569596903376216,0.82473915615914595,0.38340864052207024,0.39993742907030144,-0.21285526229751303,0.89148342112509038,-17.075327433002219,-19.410392193598355,-6.7970566226713283,,0.4556935072138292,0.3333333333333333,False,2
0.75032397840122911,0.56755438942575753,-0.33896303999065763,-0.53424094812046197,0.82259320333853103,0.19474863586840507,0.38935913600107325,0.034963364609408992,0.92042220005152398,-5.2722017760137394,-9.8614206329725551,-3.3687898163497318,0.5011604310253839,0.4790691625823105,0.6,True,4
0.55749406626071851,-0.64037722225618099,-0.52831560576945635,0.81928369877008655,0.52716241567954392,0.22555267328168316,0.13406933659004799,-0.55858464059654001,0.81854053795516979,0.14407784419018443,-12.770628321780961,-1.1675607725678387,,0.1816831414680933,0.2857142857142857,False,7
0.56621504340095397,0.80660158338736132,-0.16968915788422534,-0.74403957441875501,0.58875061660095629,0.31587627823366476,0.35469090251261526,-0.052598451773750388,0.93350295476007494,-2.8165967405978822,15.717051635578235,-5.5967492230730196,,0.1570060715020467,0.4230769230769231,False,3
-0.91883474509157481,0.044306666142625101,-0.39214746020830893,-0.092505457499448898,-0.99017385489533649,0.10487362592437975,-0.38364756163087876,0.13263731155687311,0.91390474998089721,-18.13763388274463,-6.2773558110692509,-8.9402627011163034,,0.1420674982965697,0.6842105263157895,True,1
-0.91439672987264775,-0.030419603059842835,-0.40367470585595416,0.049011975632382375,-0.99815627656745642,-0.035803265124897343,-0.40184132022829638,-0.052523283395790696,0.91420176003905529,11.681031518483856,-1.939796047211058,2.0633954297492512,,0.3751511747849459,0.1428571428571428,False,1
-0.7636465626157386,-0.43559105335147186,-0.47655467854730282,0.50689123760495014,-0.8616569852703162,-0.024668055744080125,-0.39988148324783668,-0.26039906677065161,0.87879868307848796,-9.4916710665214232,-12.091817871470601,-4.7223566092243638,0.2593174095870561,0.112294056515532,0.4375,True,4
0.91140941357197125,0.14926160148279458,-0.38347601642761125,-0.074362973690316289,0.97629524301486448,0.2032676723202268,0.40472586894876317,-0.15674365310704352,0.90090421145332111,-6.9274194951927592,16.247387196872793,-7.3157690395661685,,0.09152309709952303,0.2857142857142857,False,4
-0.92328500559445226,-0.014998638197074962,-0.38382266647071017,0.0026449377489914916,-0.99946192235724274,0.032693578303229776,-0.3841064992274365,0.029170303567133175,0.92282787703939961,-6.3206042607080875,-10.053341478210495,-3.7538223001870974,,0.0761389659815859,0.4,False,5
-0.48002244106376107,-0.67672831944842049,-0.55822686941037181,0.77469286528807368,-0.62557778989474755,0.092213845284518134,-0.41161805177487282,-0.38818965783096182,0.82454797859562934,-8.8998322089920379,13.082188682178121,-7.7723124271456809,,0.3469178173125274,0.2894736842105263,False,2
-0.74368000088502673,0.55345024670099219,-0.37501050746647008,-0.62713101341613153,-0.77187049195033897,0.10451141405606945,-0.23161767699228919,0.31290376808685794,0.92111046222575443,-4.0524550413689386,5.1563713139034073,-4.7467573149448654,,0.0683437124617699,0.2513089005235602,False,4
-0.91946018517570394,0.0160618111012239,-0.39285491736875183,-0.047994552318296968,-0.99627830493274583,0.07159652273749606,-0.39024286133691988,0.084685047939309407,0.91680911417322308,-8.424666308119809,17.484330199253609,-8.0705894185036442,,0.07088632086588517,0.3,False,1
0.70968436583054539,-0.57289393655202148,-0.41004955597784337,0.67166756758876089,0.72584262495330787,0.14837507354771809,0.21262826610094804,-0.38071645783026198,0.89991343983301231,3.2595641323394124,-5.7906581901369769,-0.74972239990838385,0.4894014304879862,0.3621337724113929,0.8150470219435737,True,5
0.30597101090661638,-0.85274080187830847,-0.42333776738760565,0.95203613549540544,0.27265989347509806,0.1388660476902901,-0.0029895143011989533,-0.44552183706535337,0.89526608083974413,-0.25008536334809217,-14.865615501910469,-1.0948605941987795,,0.1014672628054653,0.3333333333333333,False,5
0.91298784533629007,-0.072293109611918205,-0.40153069692221471,0.14979023289233412,0.97484015675766444,0.16507439202600252,0.37949450641380911,-0.2108562901014176,0.90084601599075076,4.1888155024675173,-12.7389110301842,0.50414860877667989,0.08242717203260894,0.09443949114618817,0.4705882352941176,True,5
-0.80491872850147683,0.54756813648653435,-0.22863721572008014,-0.52700627512162723,-0.83676067240549878,-0.14864710928210453,-0.27270905098656739,0.00084440521204756647,0.9620961804777336,-13.159042586597666,-14.336904660719114,-5.8671242857915651,,0.09943814613829405,0.4444444444444444,False,1
0.55461394903130923,-0.70664509517130336,-0.43938147094550628,0.82118986155237395,0.55006778205945861,0.15189682822159778,0.13435244256614687,-0.4450597090397293,0.88536505271327604,-7.9384781268195663,-7.6150609652579533,-4.7643458978825635,,0.07675522656470381,0.2843137254901961,False,4
-0.3223840317002814,0.9022804021505062,-0.28628414556135284,-0.94621729285944423,-0.31585911831640562,0.070041788027781021,-0.02722812513592765,0.29346736321353473,0.95558125553512119,5.1128309780656993,3.8996445530323411,-1.0657778285420061,,0.1344450215473552,0.2,False,4
0.57863686950846915,-0.69281133011480167,-0.43033920819511812,0.8041088886422384,0.57282003428182249,0.1590160480326403,0.13633880024404693,-0.43805213067617194,0.88855054012593049,11.036637739404894,8.4162738416845517,0.61873373190173908,0.1659322972211459,0.1500678650705845,0.4347826086956522,True,5
-0.90881576810700093,-0.028421075034797488,-0.41622847347814707,0.095719467754978457,-0.98526771982262284,-0.14172262969700128,-0.40606856949631759,-0.16864092851201964,0.89814728975698555,-9.8105224610987136,19.720875484125607,-8.8805132826092752,,0.4103971375092306,0.1875,False,1
0.38363543470821948,-0.82748886115686449,-0.40998297269222311,0.9228319894672431,0.36020143165717361,0.13651391082250086,0.034712713120221672,-0.43071697585936763,0.90181922481969479,-4.888141805204909,5.038930661527929,-5.0774723802716366,,0.352648095391901,0.9589153656532456,True,4
0.72100853835109324,0.6390350673643278,-0.2679195220649101,-0.57111875898014797,0.76699853968090514,0.29246641391506079,0.39239017669380616,-0.057856916665417923,0.91797741063066207,-0.84243712664364256,-7.3856159056602566,-2.0396895210963737,,0.0854695160513616,0.3023255813953488,False,5
-0.54748716478863813,0.75036609584192104,-0.37041669320192905,-0.82825728452685599,-0.54904845207552633,0.11196279695357422,-0.11936362519585904,0.3680985187207656,0.92209316530146823,6.1383043956599233,-11.732864078395245,1.0444788023610376,0.1478285860376381,0.1410775881805846,0.6388888888888888,True,5
-0.55566430859063809,0.78495210001988214,-0.27402075985747015,-0.8166150250723988,-0.57717695147943759,0.0025821516044653714,-0.15613160149211897,0.22520427916733715,0.96172031051664186,10.991504180223087,-5.7122128087078581,2.1209499873821671,,0.2858717463576159,0.4583333333333333,True,5
-0.78394755270699046,0.50827954711469137,-0.35648020504595251,-0.56741001920356482,-0.81962039548121091,0.079172453660558334,-0.2519367077504393,0.26433749127981693,0.9309423107753575,-4.4760901121751449,-6.3661914991997985,-3.5473005744161421,0.3919904051817667,0.1900181328554982,0.4157303370786517,True,5
0.88539059890431271,-0.10392209089773355,-0.45308242781563063,0.29340239239710186,0.88094052508755105,0.37129345186001728,0.36055308001391412,-0.46167519998578349,0.81046744919865055,7.0928901184146973,9.2686538037600865,-0.94200872347413689,,0.5261020215379292,0.1720430107526882,False,2
0.73043225561947822,0.62239774742676768,-0.28122902401553318,-0.54628910506275741,0.77955042404993524,0.30638105367874852,0.40992308259035037,-0.070158252270522331,0.90941788304275883,-2.1046729084807145,13.6092522572617,-5.1184098588775049,,0.3081258578343614,0.1717171717171717,False,4
0.52124879079874609,-0.60972252969238683,-0.59710814336798634,0.84683016333711014,0.45622437876539501,0.27338249885933619,0.10572782298567736,-0.64814948353419832,0.75413783517409039,-9.0553876851338551,-8.383867190666157,-5.033247255021096,0.4871128126128029,0.3536670854452195,0.2,True,2
-0.32440775004393757,-0.83745887239608718,-0.4397979635656642,0.90624969507490394,-0.40839786000367351,0.10919101666833293,-0.27105553284903511,-0.36314435833356273,0.89143427863327718,13.77447050368021,4.9301553509588336,1.9661543089400075,0.1965797950570806,0.1324238759582271,0.4137931034482759,True,5
-0.092936345151386435,0.93411302430913068,-0.34466751161946474,-0.99055314381935833,-0.051685477774142473,0.12701606456211129,0.10083305519268063,0.35321589602297071,0.93009205231374914,-0.36273044488330031,-5.987048969903789,-1.94127081010647,,0.102644497563466,0.4958677685950413,False,5
-0.83305831114354467,0.47075011983150461,-0.29053085019200697,-0.47962555612431451,-0.87633534679415559,-0.044673100089541742,-0.27563232057780973,0.10213072328047092,0.95582223201550431,6.3961896162879386,0.81098595725953726,-0.23598615788527269,,0.1730360617998651,0.1454545454545454,False,3
-0.75071991674330318,-0.40077895364789473,-0.52516267662299387,0.52648735580137851,-0.84314527244266257,-0.10916553365811542,-0.39903717970409847,-0.35844424931987318,0.84397100029758854,-8.6822504323009131,10.860046977253299,-7.3484029188205628,,0.1280410539119025,0.1956521739130435,True,3
0.50803381344858456,-0.75177573083807059,-0.42039849537762858,0.85722442717312186,0.48893391961311811,0.16158559251822652,0.084070957236148922,-0.44246680414991346,0.89283548393573586,-4.7993846521099002,21.970194662819896,-7.2055699628540104,,0.1177946690830805,0.45,False,2
0.42692688162554299,-0.76651787392495851,-0.47977472494812751,0.90254368469008406,0.39410759996087241,0.17347650238325402,0.056110025588444301,-0.50707943027364322,0.86007099498926365,-2.5889140500786674,18.694273161877014,-5.9146889388846793,,0.08420039088574408,0.3571428571428572,False,1
-0.86982884033681518,-0.24540613796901317,-0.42798786894659141,0.25169533905683145,-0.96685729025003653,0.042853664807378261,-0.4243197436077864,-0.070447198223138691,0.90276793665212318,8.6712325158241725,-13.740572785063291,2.2086107873558212,0.2902537851238737,0.260770432688482,0.6666666666666666,True,6
0.64118882818459033,0.68280931936450873,-0.35021182161693293,-0.66972630673054889,0.72071198150536353,0.17899975918328193,0.37462455963848995,0.11977342402883384,0.91940783453920949,-16.579643643508746,15.759940873949803,-11.105852252842116,,0.1592823493796162,0.1764705882352941,False,2
-0.91878171390870789,0.079201440240417559,-0.38673931019592495,-0.12718592011648264,-0.9868186044111994,0.10006389814541222,-0.37371634150930555,0.14112467485091076,0.91674419672944962,5.1986195343254193,-8.5693203598382084,0.30112506761009999,,0.08075724578725282,0.4,False,5
-0.19496595070240599,-0.88539234499929997,-0.42198184022934837,0.95638600989602385,-0.26703162985594497,0.11840569552027386,-0.21751799498402219,-0.38049244942983812,0.89883892760884176,2.3496456287393066,3.6746385330307443,-2.0829953102194616,,0.07160119445968442,0.2608695652173913,False,5
-0.71198099226502443,-0.56729697487220243,-0.41383234401646329,0.58278233618818398,-0.80614536613002763,0.10244216560639251,-0.39172415713146252,-0.16823730551792934,0.90457083401561955,9.1996216233977943,-7.2980976291594173,1.7349803105043686,0.3436930260127385,0.2693510163377782,0.8111111111111111,True,5
-0.21094459743757152,-0.8772137441859108,-0.43127534571690562,0.95058774511378885,-0.28690403191909553,0.11861288002594395,-0.2277834841497145,-0.38494431218021924,0.89438949058489903,-5.288049400190431,15.073764041244436,-6.4244162058335421,,0.1091131105284407,0.3409090909090909,True,4
-0.8786045765394741,0.34152257134091768,-0.33379084970768746,-0.36952739492832498,-0.92895465701952473,0.02219796385310227,-0.30249545861281607,0.14284809577458715,0.94238575915184386,-6.9149762462626283,-14.575922478592615,-3.5021106725136728,,0.1767484359978579,0.3846153846153846,False,5
0.72242045580934122,-0.53576394128769422,-0.43711060870688012,0.65473765248075866,0.73329279531200597,0.18330379910817263,0.22232249425599826,-0.41861518792248825,0.8805305406335493,7.162235175090963,3.8104983857088865,-0.32767141522347443,0.2814399718732977,0.1726692612368922,0.6288659793814433,True,5
0.10465314411235946,-0.75616076274040434,-0.64596332737954054,0.98994112956697733,0.017025147207341905,0.14045178658253188,-0.095206509331318689,-0.65416438702700552,0.75033637478568727,-13.486950659242398,15.279052562002143,-9.7862184040824509,,0.113330431608052,0.5,False,2
0.53806923057265166,0.77626599266697016,-0.32847010783284297,-0.77210544767148559,0.61023924250111983,0.17737317888473353,0.33813411656762865,0.15817450976824438,0.92771016145809593,15.004666632335672,0.15998954999425574,3.0455804980155521,0.2278163997936311,0.1242283387847489,0.3214285714285715,True,5
0.51101294996089131,0.81885238445446429,-0.26143170703934582,-0.77836783946026944,0.56985827513652654,0.26344838726470754,0.36470436173182808,0.068864495436048084,0.92857331956185274,-3.4990018471540592,-21.465023038928042,-1.4260411869220797,,0.3245110400500038,0.3529411764705883,False,2
-0.74820926153281764,0.5723819587825496,-0.33550230135837983,-0.61932114756566481,-0.78391731024964206,0.043760334424182465,-0.23795843572873271,0.24052555779213972,0.94102244336376828,3.9902374458950813,-15.784013716798462,0.52553708152802203,,0.1141938715480587,0.2608695652173913,True,5
-0.32167572265540756,-0.84288831192952152,-0.43135139163647801,0.90994127567141203,-0.401148984310643,0.10529181932147551,-0.2617854164838217,-0.35863461349839681,0.89601875522627916,-5.7851943011963387,6.3622210850439549,-5.6096677293393773,0.1457885014292895,0.1069857894619683,0.5145631067961165,True,5
-0.23774712865000042,0.92055391866687319,-0.30993029159109942,-0.97074057602300579,-0.21409687859080981,0.10874401427294718,0.033749620460133981,0.32671548693738983,0.9445199594048086,22.61197715657822,-1.0987400414412871,5.9839547028668614,0.7073537945220992,0.6259289582260998,0.8405797101449275,True,5
0.17859528740667363,0.93222718597019016,-0.31473194476288729,-0.96119283823155521,0.23366085746802343,0.14666605408094988,0.21026661895911031,0.27632422518738653,0.93778082275449404,-0.69753216945456464,-29.280181097321435,0.37416665025740287,0.2169172615359198,0.2100003352258525,0.1538461538461539,True,5
0.42802045500299712,0.84441165649199967,-0.32212954611377315,-0.8370270740159832,0.50480422058134922,0.21108855072575416,0.34085798723701638,0.17928093391014757,0.92286195027914997,-10.256026672544312,-18.942755614274734,-4.2215383419440933,0.9735086906494533,0.3164356386000247,0.2105263157894737,True,5
0.77357726171897923,0.55450777481251767,-0.30675616998495125,-0.50937671648748073,0.83206776361984747,0.21954178974650485,0.37697954964666003,-0.01357808591577514,0.92612205174645612,-2.4709606192506772,-15.51921663000585,-1.694736487970006,,0.1100066668902234,0.3333333333333333,False,5
-0.85897337700478726,0.36862693131555552,-0.35535745821055964,-0.40290022634797196,-0.91490721586856005,0.024823254427934552,-0.31596858262451633,0.16449611503168632,0.93440081492565996,-6.6384821531518075,-6.9010564016063345,-4.3116377207496157,,0.08064677336231799,0.4833333333333333,False,5
0.39613472345421419,0.8798536741760955,-0.26255436182375819,-0.87899827438414224,0.44604401124931597,0.16854309139897261,0.26540405894325658,0.16401906007366268,0.95008338235599044,-14.044422632992834,7.6066980021278239,-9.053426579904631,,0.3278548679983819,0.1678321678321678,False,3
0.91721047059369021,0.042784583454878136,-0.39609901798905756,0.039027357952349094,0.97978621118336151,0.19620358229709839,0.3964868446298847,-0.19541867821052214,0.89700040258736335,-7.6861291142615329,13.168630366537531,-7.2345645021446607,,0.1655449794911203,0.5245901639344263,True,5
-0.59883363943621948,0.76487844728624033,-0.23740099653658603,-0.78611247734714929,-0.61802800334540431,-0.0082800990345868741,-0.15305373317466647,0.18166548367228347,0.97137644958245473,-14.450260628512671,16.078078622621398,-10.244214733823167,,0.2168652770248171,0.1666666666666667,False,2
-0.85506860137238205,0.39507023629716082,-0.33582316081411584,-0.4150466702511536,-0.90970132518598745,-0.013407478073385576,-0.31079566995134955,0.12791797116497572,0.9418296258838581,2.444420091004369,-6.1967068554788094,-0.87067598799047596,,0.1167276696029446,0.2533333333333334,False,5
0.072706451828678395,0.94977530004756561,-0.30436926796580982,-0.97672881166081793,0.1295478268429775,0.17093328824986259,0.20177859235838855,0.2848582805182619,0.93709186299212344,5.6303497093432382,-3.5457364000215068,-0.12744081494175555,0.8503903333143471,0.4797899926579213,0.9409448818897638,True,6
0.88290471894542188,0.2703610525514385,-0.38390644501907589,-0.22887991925901471,0.96169052225711693,0.15088181454642463,0.40999175579991032,-0.045345789927104807,0.91096131614465081,-14.457056241089809,-12.271022488338019,-6.6046158890662738,0.2556624981594857,0.2723718096031494,0.8860759493670886,True,4
-0.9145766053309865,-0.056004028531897794,-0.40051614420575782,0.028562731709447238,-0.99683689673665454,0.07416449057150129,-0.40340278052901801,0.056389272850734196,0.9132833331276895,-22.553581671432124,-20.260909968396891,-8.7431899429265911,0.1632600168904086,0.288727334075174,0.8,True,3
-0.5582610623633123,-0.62496110145761397,-0.54568141613387444,0.75310683790624589,-0.6576721627151384,-0.017245784657330204,-0.34810153252727882,-0.42058405587287473,0.83781523917727896,17.541414789225698,-0.94351075607075585,4.1074725645584405,,0.3060141499550449,0.2692307692307692,False,1
-0.72137379900379539,-0.51196413427286569,-0.46638242605083996,0.58201150329754336,-0.81314499074481783,-0.0076048705409071382,-0.3753431125519231,-0.27692589125043093,0.88455050653707101,-0.063767315977048433,-18.691330082093046,-0.68272356940352774,,0.1833214227720368,0.2857142857142857,True,7
-0.73300018679516343,0.56968199461135394,-0.37171649300762194,-0.64198353993159407,-0.76001385872856719,0.10117345994584481,-0.22487298774009234,0.31279603507100778,0.92281676395084056,1.8423393285272689,2.7137780677831698,-2.2188523547089716,,0.4342341281214859,0.9485368314833501,True,5
-0.014151547882896142,0.9749696644838004,-0.22188710424192032,-0.98747416649542419,0.021248164392671583,0.15634348727756567,0.15714485100278158,0.2213202856637608,0.96245666237863703,13.188011057014679,7.0577735885703854,1.6239781963180844,,0.3008477253760433,0.4666666666666667,False,5
0.16007369627374002,-0.8986251642735924,-0.40847181774942803,0.9845822019538355,0.11578632876338893,0.1311160313128526,-0.070528712996899209,-0.42316230952880934,0.90330468859474289,9.1734115097161215,3.1142890163854089,0.48817491968213472,,0.0706773047391562,0.2727272727272727,False,5
-0.85714331611893357,-0.31287651794296228,-0.40916209520497476,0.29659994658472677,-0.94926290454236428,0.1045390345551885,-0.42111020804366012,-0.031752520839784387,0.90645351237763094,-1.2251800764557179,-16.628529051555155,-1.1569263206282872,,0.08457255743739711,0.391304347826087,False,5
-0.48764904447827218,-0.74106910434205286,-0.46153547210273554,0.80867407805388913,-0.58264053884668665,0.081094007029707288,-0.32900553931981119,-0.33368635735089519,0.88340747677092368,3.3119598828880958,-14.042546755021474,0.25320608123085425,,0.1074991066656898,0.2903225806451613,True,5
-0.88918780173242762,0.25805031871069423,-0.37782944070514418,-0.2915206998936426,-0.95599011560181912,0.033144839796581407,-0.35264817422435868,0.13961709023228286,0.92528175888823005,8.8849000309663744,-5.4147530753198172,1.33698739164959,0.6515754107761655,0.4257629831159275,0.3684210526315789,True,8
-0.91243280604438848,-0.087266301213122122,-0.39981366550750302,0.072072701206110312,-0.99599485616207517,0.052912874043503144,-0.40282986507310942,0.019463791287144844,0.9150678994664343,11.199393351594122,-8.5701285492526615,2.6276836508163335,0.1883295503254357,0.1420914573337846,0.3076923076923077,True,5
-0.48355989375339664,-0.75788169183972354,-0.43793283769016822,0.81411306405101747,-0.57320354119325967,0.09304632880974989,-0.32154276246662572,-0.31153337146711324,0.8941796298102892,-1.6848873112970986,-11.908414922091039,-1.8063902777649883,,0.0913182036003957,0.2222222222222222,False,5
-0.91024626807945008,-0.084911312691454036,-0.40526756646004647,0.085715021002777614,-0.99618796118371933,0.016201270540237248,-0.40509834191456212,-0.019990371923471008,0.91405454892387772,5.4540634499798353,1.1555239538922595,-0.61536769432783178,,0.160863075132138,0.5760869565217391,True,5
-0.29538249139445244,-0.80816395186612977,-0.50952940119460011,0.91738876009815784,-0.38883142817476996,0.084899842809836298,-0.26673403724154193,-0.44235861850730379,0.85625452174522199,-8.6186022850983992,-9.0029666072594914,-4.812589195997087,,0.07562848008995723,0.3055555555555556,True,4
-0.073457591913082265,0.96983040452074065,-0.23244992720469643,-0.99121084086202382,-0.045284783090028584,0.12429946652375341,0.1100229573676863,0.23953762728979891,0.96463292187465943,-1.9439128492405091,14.981857275680646,-5.2016719663711646,,0.1773939074664674,0.1590909090909091,False,2
-0.6603459998828074,0.66846918071072414,-0.34218725119254623,-0.7271805468812379,-0.68295642611684482,0.069130111118182236,-0.18748763339559568,0.29448170480632857,0.93708532848299309,-8.9824969769288074,-10.525698201677402,-4.7639057241448537,,0.07648295811979319,0.3617021276595745,False,5
-0.58227194997308862,0.74592764804705936,-0.32334396569832613,-0.79988039849608572,-0.59676753276528782,0.06371703021150954,-0.14543288615811917,0.29573713956183156,0.94413389935300274,20.349222422731994,-6.3353025315423519,5.6874740666468524,0.1597967843808903,0.1591862470126274,0.5,True,5
0.62627146213028606,0.70051473888436766,-0.34214493467967944,-0.68722595523348851,0.70327826011575234,0.18198949228453182,0.36810941603633962,0.12115605413815994,0.92185501483208221,-16.230973446993076,-0.26358441330834703,-8.8712789091523678,,0.2577409760479135,0.7297297297297297,False,1
0.61331589912914353,-0.63735262206132393,-0.46650320794927652,0.77114054217751415,0.61094557969918017,0.17913057487822312,0.17083873122211005,-0.46960316629851234,0.86619108406680789,-22.987143482322381,12.037275942914198,-13.210393143707545,,0.2574603538139357,0.1739130434782609,False,2
0.9153269691910173,0.10496027972369093,-0.3887928486378181,-0.038413760618780254,0.98379170025348484,0.17515214388490644,0.40087519562415902,-0.14538648559161366,0.90452299436808681,7.5556732758694292,4.7947644272953358,-0.29378856497020533,,0.07733019977264818,0.1153846153846154,False,5
-0.87844450480592051,0.29786631984097683,-0.37364543016163487,-0.33610801007123792,-0.94097104784543995,0.040061111849347839,-0.33965667598655103,0.16077668556431382,0.92670610219028982,4.1264376349656517,-20.429829022101991,1.0368676751021511,0.2395138225913785,0.1902404766422461,0.4230769230769231,True,5
-0.5793211352708677,-0.6399322441360068,-0.5048502205045845,0.73398357094566546,-0.67892000138082031,0.018323463289359118,-0.35447868738518307,-0.35993659808377593,0.86301245967225548,-19.807906166585202,-21.093473111810237,-7.5971100053039091,,0.0949070317942032,0.4285714285714285,False,1
0.80697663146688814,-0.31984969002507752,-0.49647244843718902,0.523240041950083,0.77705059706782253,0.34987458909817548,0.27387693361513837,-0.542114882093642,0.7944198385275677,-5.7354592364270465,12.28260614437605,-6.3151202849565289,,0.1916784265277078,0.3333333333333333,False,2
-0.14810940534957392,0.93506735466126134,-0.32204447875066611,-0.98581374189440873,-0.11359032825908252,0.12356578660025325,0.078961195147623384,0.33577712782854413,0.93862604379383907,8.0732524126855321,-7.992553549535125,1.3844847195718335,,0.08899381168982493,0.2272727272727273,False,2
-0.64219606519099093,-0.61702508707594805,-0.45482332368967993,0.66993738644051071,-0.74013619570092259,0.058157631164134693,-0.37251592194490996,-0.26735454687041432,0.88868072678845089,17.469633643937936,-6.6333024070775748,4.5972378351032539,0.5357759174184404,0.2978631415731892,0.4347826086956522,True,4
0.26137148313568248,-0.85422222150114735,-0.4494322463921564,0.96491626863777369,0.21920663747168598,0.14451658938168413,-0.0249307505224204,-0.47143700149861278,0.88154728250751668,6.4981087734126728,10.951383597312574,-1.3763475772616656,,0.2824878067573276,0.6081081081081081,True,5
-0.82747563399460089,0.4247031201230162,-0.36730278368535252,-0.47734068957015313,-0.87653862686582162,0.061853873709505694,-0.29568554449943052,0.22651113740819806,0.92804243620866833,1.0757569624659129,14.454244468542642,-4.000763756516843,,0.3478501136444179,0.7222222222222222,True,5
-0.11017345200009124,-0.86943696224790334,-0.48160271921109765,0.97313221755070334,-0.19292595194553258,0.12567125459213815,-0.20217689689782919,-0.45481748618874557,0.8673324371990917,-9.5206200596971637,7.2280007277939919,-7.1674523410123427,,0.1099625792350924,0.2530120481927711,True,4
0.27383252599609381,-0.69383552677817628,-0.66603904501691957,0.96160145822272247,0.18426420905549218,0.20339453484567488,-0.018395196398332953,-0.69616015617213056,0.71765078813296257,4.1177700017249421,9.992581553866648,-2.1388335323392207,,0.3544785635787674,0.3170731707317073,False,1
-0.21417229408857572,0.91120274005271618,-0.35190878784886931,-0.97597107762314839,-0.18481938351732594,0.1154220564683698,0.040133328891940337,0.36817300552416843,0.92889071150235614,8.6085800992272379,-4.0010522705460776,1.0415058878500001,0.3664499914798672,0.3547926809449551,0.9339622641509434,True,5
0.58843296494490271,0.74016523414801405,-0.32542598532503048,-0.72537041078725206,0.6610586627243904,0.19193543599704144,0.35718960360078289,0.1231132429743319,0.92588266885381298,-16.799038151903222,14.342868240912296,-10.979681776235969,,0.06972632341716611,0.1176470588235294,False,1
0.89943109716725478,0.24491004705922664,-0.36199830151253032,-0.13994647974225469,0.94602568152902522,0.29231899133531292,0.41405154782497811,-0.21226040313019157,0.88515921562549948,9.5957257626528616,0.46402671508952548,0.97516995833075215,,0.2294895507495446,0.3571428571428572,False,4
0.70884103198949178,-0.50133111945235864,-0.49619703751304084,0.67742594767643716,0.67987635340068131,0.28082419678737414,0.19656672348786339,-0.53519646182989444,0.82153896466449428,-4.8110594620004878,-19.233854276103685,-2.1317508754722962,,0.2680654832455767,0.5909090909090909,False,3
