axis_00,axis_01,axis_02,axis_10,axis_11,axis_12,axis_20,axis_21,axis_22,location_x,location_y,location_z,dbh,dbh_approximation,score,reconstructed,number_clusters
-0.48757088563410478,-0.76637582530035553,-0.41826155199488801,0.84986469923103647,-0.52634540276965358,-0.026277556663232442,-0.20001156087314831,-0.36827789966063501,0.90794645444466437,-13.067611620867112,-15.723905882933177,-7.9677307554611838,,0.169764043103344,0.5161290322580645,False,2
-0.62214578445637292,0.75724953082383362,-0.19876561812911481,-0.75319597729746934,-0.64820008882942215,-0.11194849094311035,-0.21361283357063382,0.080061182283385712,0.97363225317637869,13.823832982747085,9.6428914006638191,1.854676304573708,,0.3330018837166491,0.125,False,4
-0.93289596142803644,-0.037669251475714136,-0.3581705636209091,0.048761973880022867,-0.99856843134832707,-0.021985400107021928,-0.35682964430465175,-0.037975194638096121,0.93339728387092225,12.85827057116617,-5.6271922066297861,2.0653592514587422,,0.196935690256176,0.75,True,5
0.0045606613516854296,-0.93041510892800283,-0.36647909278228735,0.99921656606848541,-0.010167352131611882,0.038247601819409671,-0.039312268598232107,-0.36636641498522354,0.92963982031135906,11.789905640526255,3.5392203754776892,1.2435764543605201,,0.3370791539543091,0.9079754601226994,True,5
0.60347973686951972,-0.6260434746901653,-0.49384387713705746,0.76540926747766247,0.62842254256786456,0.13868583652215519,0.22351926191539945,-0.461686772379723,0.85841974800349885,-8.7581026919801666,-25.104116797629992,-5.8772484745745972,,0.418681216368526,0.7777777777777778,False,2
-0.84984218639759956,0.42245334274612184,-0.31512129636312264,-0.43550808724470352,-0.899632055129574,-0.031541580933720455,-0.29681806576319925,0.11043250692602513,0.94852711993417771,-26.240884727357138,12.999262368050363,-15.43899279448047,,0.4191906238409071,0.65,False,1
0.44488727871588279,-0.81068225016464224,-0.38061739122742194,0.8857470246459388,0.46111132388895959,0.053184164111480303,0.13239153132901829,-0.36079167985052391,0.92320195308664399,3.4530005426459365,14.633326741698044,-2.4750154711449035,,0.091464986681916,0.2727272727272727,False,5
0.91899258814314355,0.24639226596158603,-0.30780427906752922,-0.19217058251281163,0.96159225706477891,0.19598673008586626,0.34427182596700101,-0.12095942471497878,0.93104550233485805,-20.178142257112,7.5555078946733571,-12.161224731161196,,0.344499698314229,0.3888888888888889,False,2
-0.00046916323474064086,0.94607303046764391,-0.32395308442369813,-0.99931987358248864,0.011501353043274374,0.03503582653874307,0.036872349381861999,0.32374919289465809,0.94542418519473015,-0.71754405077067007,-9.9022182112887656,-3.2174068457309142,,0.1030763141313719,0.4,False,5
-0.35001333520013489,-0.84136141984427282,-0.41182718023426718,0.92392267443239551,-0.38256162953054562,-0.0036730478655929988,-0.15445891638803974,-0.38178208549978249,0.91125456505834257,2.3511759931294138,5.5792593799795842,-2.6292389851282567,,0.1662701983981123,0.2162162162162162,False,3
0.85775647644861297,0.4548617194339416,-0.23948829471199343,-0.38851307563888682,0.87869481296291396,0.27740406581317878,0.33661761268251117,-0.14490080008636255,0.93042589224841499,-19.236532059595405,7.4880273496801424,-11.750980403065801,,0.3431568563103524,0.3333333333333333,False,2
-0.4888939784673289,0.82810196658029145,-0.27428053296623156,-0.8530865671839486,-0.51955375965086881,-0.048033318883384614,-0.1822799679303588,0.2105018379456588,0.96044936853162965,11.152374024834888,6.6528002723901949,0.89022560126790617,,0.3736314410150873,0.4444444444444444,False,2
0.022691885531620375,-0.8793687964189566,-0.47560025043695736,0.99913465451607386,0.0033609327822449716,0.041456558900613082,-0.034857143831166199,-0.47612941939719505,0.87868410450424328,5.5066107091190766,5.7030666660132745,-1.3252534504810913,,0.15935978049448,0.25,False,5
0.78959487517061755,-0.48075272654536033,-0.38133548093968284,0.55104795767830628,0.82893862405198859,0.095952623170831114,0.26997422366378754,-0.28589783747695274,0.91944349749353116,-25.96523520226318,2.1947737703767838,-14.343864641891464,,0.1285877802960872,0.2307692307692308,False,1
0.87953173848123711,0.37958446962251713,-0.28694869127696843,-0.33578807764477403,0.9223843610741872,0.19092788522735588,0.33715024531475557,-0.071573185391985455,0.93872626000184123,-16.032348128532519,6.942652922164128,-10.347990965528545,0.3985317556181761,0.3267643362503468,0.1978021978021978,True,5
0.47959632542925079,-0.6970213853680356,-0.53305586290217499,0.8666499480572758,0.47144236188373656,0.16327880129950328,0.13749629873956301,-0.54028074901953149,0.83017557183514645,-17.236426984389372,2.7163656554241529,-10.651144880986751,,0.3365245284701853,0.3888888888888889,False,4
0.65026905155145798,0.70922235889152752,-0.27231196492755355,-0.71068173043132998,0.69456167873561869,0.1118729299834834,0.2684802387988694,0.12077963437722716,0.95568333735301969,-8.7494095093252007,-12.937160339292735,-6.3164156633209148,,0.3626516212387321,0.5675675675675675,False,1
0.35407719100866503,0.89872578125761049,-0.25869154008260681,-0.92012748913675368,0.38425959676419719,0.075564317170935633,0.1673163068630987,0.21127359607275614,0.96299985517142173,3.3566366984911049,-6.1551947203439061,-1.6381340212545201,,0.0748813344040863,0.3225806451612903,False,1
-0.72083253568979555,0.60948669746795425,-0.33004002954282102,-0.64929440557646612,-0.76041098097118609,0.013853335538481178,-0.24252263889815154,0.22427907978241035,0.94386527851904356,-6.2563244959280935,-10.800839784067078,-5.3947907170300242,0.1841177186170549,0.1676197684953623,0.7681159420289855,True,5
-0.14780782381206214,-0.83560950197887396,-0.52906484236108531,0.98630026368167889,-0.16415453963155538,-0.016281184840246744,-0.073243682877040778,-0.52422328002576335,0.84842519740849121,8.1334881245753472,15.70491188347261,-0.62959742454999457,,0.3385745907547973,0.1818181818181818,False,5
-0.47032243254630307,-0.77179490735681089,-0.42793624574440914,0.87390962180791565,-0.47479820862341593,-0.1041567760615707,-0.1227956935534513,-0.42296487095985458,0.89778724404985843,-15.08936862359888,11.831623716687446,-10.066540481703646,,0.3015221255406323,0.28,False,4
-0.78473276011774085,0.52031394930330799,-0.33684995080656777,-0.55886544807000271,-0.82898054323222536,0.021463221937063549,-0.26807444143653014,0.20509669208156245,0.94131367818899414,5.2654749198048956,3.4284570119476134,-1.3555932460878302,,0.259980432658337,0.8426229508196721,True,5
0.66028885246567204,0.73661738162204704,-0.14633340152488844,-0.70551760636005512,0.6751878719814407,0.21532822537965171,0.25741705154387651,-0.03893803566503562,0.96551555707456327,-0.8676680715580154,13.81197798614336,-4.2610071576963877,,0.4937094370056445,0.3714285714285714,False,3
0.92136994788875981,0.25925661892667817,-0.2895918242460761,-0.17429679226657768,0.9415265295338332,0.28835468158078587,0.34741624506209351,-0.21520641190885101,0.91268184650527162,7.1084611560312094,-7.2426810424056827,-0.1632157277565352,,0.1820754312786389,0.4545454545454545,False,1
-0.23135391081172138,0.96579004312638261,-0.11715357677024821,-0.97090357844323261,-0.2368580983357117,-0.035277225215651985,-0.061819166269431514,0.1055833028974312,0.99248705625364275,-18.483923112151714,6.2597062740936567,-11.360978789048755,,0.3927261609039925,0.34375,False,4
-0.92017709733459729,-0.16912980574536746,-0.35308528481007123,0.18594655348069616,-0.98246022646417952,-0.013992235868624532,-0.34452574474126829,-0.07853032678199473,0.93548650390371058,-6.7056148755882461,-18.461016820185606,-5.2289267903587877,,0.0682350845443409,0.4545454545454545,False,2
-0.22574531949416995,-0.856922881719695,-0.46338129603134476,0.96897729141419042,-0.24663386888266764,-0.015960684308195937,-0.10060844621647773,-0.45260900289894912,0.88601525440859374,1.0342600065184735,22.349153520812447,-3.7746242316882737,,0.1984893086453044,0.2916666666666667,False,5
0.27968977164094794,0.90764654599810946,-0.31297185045485548,-0.94968085856938744,0.30941791345474651,0.048649991780290773,0.14099609394002968,0.28361647055665368,0.94851557663680008,-7.0190517529744785,10.397504416162827,-6.699043019361369,,0.4802881761741524,0.9193548387096774,False,1
0.90745370881214671,-0.1770491470253262,-0.38102672596641352,0.24789475758236285,0.95782582506280722,0.14531991606773684,0.33922847098417552,-0.22632562466578313,0.91307215273130604,-16.433568287258751,12.987370969980494,-10.761187036264758,0.2242461062731791,0.1755843088002455,0.4736842105263158,True,5
0.15344647600116185,-0.91440794337449571,-0.37458282408093785,0.98800712862078821,0.14857379330319614,0.042044520903501609,0.017207347190391832,-0.37654208401867284,0.92623969152997565,-2.2268467521925248,-9.946687330801284,-3.8683635131950203,,0.08715526114256328,0.4457831325301205,True,5
-0.083030369097660789,-0.89434488194018047,-0.43960572102159029,0.99497135188562835,-0.099193854694035577,0.013877612108161685,-0.056017557376167815,-0.43624283528597319,0.89808363860347884,-12.312310751948813,8.5257359343632775,-8.7469412844466863,0.468319508880661,0.4494807564603018,0.7904761904761904,True,4
-0.92585156773647215,-0.096461830493144218,-0.36536829333951237,0.141186094108184,-0.98515271700732887,-0.097676051330670907,-0.35052155618505282,-0.14201844750238879,0.92572425657893354,-15.506508311673853,2.9262204917340755,-9.8790750760193013,0.6167458929742609,0.1956965331678087,0.1463414634146341,True,2
0.23907450431898525,-0.89437911029533002,-0.37806003286775047,0.96949959273620423,0.24151361090118822,0.04173386435261741,0.05398074720643245,-0.37650655082853807,0.9248399299955814,-24.432675863913953,1.6003650021087041,-13.711632141032343,0.4033350357644446,0.3572390026672833,0.9226519337016574,True,5
0.39360575601209602,-0.70045144630377298,-0.59535055236818213,0.9128990308979269,0.37399891985207057,0.16352421024151476,0.10811969394968243,-0.6078590126998511,0.78664957411784675,0.29358635657733423,18.151804573378982,-3.978809358924857,,0.1377261433542674,0.4117647058823529,False,2
-0.60614027436282747,-0.66028666076423337,-0.4434134565077783,0.75906196682951754,-0.64673252416204485,-0.074578634365984123,-0.23752662652482021,-0.38178340431167168,0.89320912102593875,-8.552977859847287,-11.517029660556251,-6.2471189525572912,,0.1518975243500921,0.2976190476190476,False,5
0.92001576697605481,-0.054216634458539401,-0.38811279940688748,0.1001914642877058,0.99001012567438551,0.09920494718547429,0.37885704295861683,-0.13015570525403986,0.91625696908153231,-9.8205971277382567,11.116120551498506,-7.9097266525031369,,0.1539163376831032,0.1702127659574468,False,4
0.730983152031495,-0.56958262901224554,-0.3758181211352099,0.63315339094161371,0.77152254559269562,0.062207275951474322,0.25451996971797036,-0.28342298842836611,0.9246031552212538,8.828928716679787,18.089854174555846,-0.59319212704122204,,0.2898929227687937,0.2222222222222222,True,5
-0.60976743163812319,-0.66472673595744458,-0.4316503745125313,0.75135237958907486,-0.65816476725663631,-0.047840786237816242,-0.25229601859577866,-0.35349328939228758,0.90077145456288676,-9.0575729503049942,-9.2718595821890233,-6.6252768724485716,0.9331767542231719,0.6242412219223439,0.8408104196816208,True,5
0.85754610940103937,-0.36801385798633535,-0.35941684793725776,0.41688147290625938,0.90652939592454562,0.066440137508779362,0.3013710467159183,-0.20680970638413299,0.930808915700027,-14.308680247527882,2.6558069196133425,-9.4601868625151297,0.3001407521386381,0.255204830118163,0.7785467128027682,True,5
-0.52867859736317713,-0.75493896365488344,-0.38802848071474588,0.81793621691136698,-0.57528846107826537,0.0048509395916675607,-0.22689047083300962,-0.31481795963046832,0.92163461661294144,-9.25329889747902,-17.407280572613235,-6.3140380236720928,,0.2107981563326665,0.7894736842105263,True,3
0.59228889058708567,-0.63783345200778496,-0.4923031155568196,0.78645424208484516,0.59049143478934563,0.18113417829656236,0.17516733483692165,-0.49445763513192104,0.85136834088770119,-25.163026873593331,2.638854565992899,-13.956699464606372,,0.2418091941794978,0.2972972972972973,False,3
0.085282309918274568,-0.88481386050460431,-0.45807353107764665,0.99632815800212204,0.072245043682969592,0.0459440446123945,-0.0075583852179717803,-0.46030977169965259,0.88772618801672842,-12.275423106061263,10.069044998994027,-8.8698685579146606,,0.1045333167804074,0.2352941176470588,False,4
-0.096013357538686783,-0.87760111498243676,-0.46967831348246453,0.99271851365440356,-0.11890936002345212,0.019248811563434234,-0.072741926163250897,-0.46441021422918444,0.88262776134543985,1.6247028416645142,14.831663215731268,-3.2064532129611183,,0.09827516597747857,0.25,False,5
-0.7239294964532994,-0.58183683088018612,-0.37066425022677219,0.62772307047968046,-0.77842606896614586,-0.004074548008788155,-0.28616399310960772,-0.23562418675767483,0.92875799413105953,-3.5514133280055713,-14.445923789023512,-4.1534912347038295,,0.1735620575715521,0.7735849056603774,True,5
0.79800354773260873,0.56372505906027781,-0.21308307204857166,-0.5335361808185346,0.8252593220165626,0.18516531851925142,0.28023112169019082,-0.034075052637525499,0.95932758181134759,-13.029411566930401,-13.025493350799621,-8.0630012457732434,,0.437800695954223,0.1666666666666667,False,2
-0.67804751326513835,0.6585112718642393,-0.32651872011066169,-0.69911692346639953,-0.7149385287609118,0.009921059220653991,-0.22690768404317918,0.23500171259147284,0.94513866601744534,-8.9976358140747195,3.2503749948346479,-7.1911470548363141,0.4910782234519781,0.4278534156845447,0.9190166305133767,True,5
0.86142095443782074,0.39542802062161719,-0.31873283445968525,-0.39532685148264218,0.91601931430970018,0.068009531011532384,0.31885830670104276,0.067418812796262745,0.94540154639649665,-17.669231465539468,4.9508352726454854,-10.873124920673117,0.4407401545142505,0.320293371252189,0.9613095238095238,True,5
-0.0095062827940791666,-0.86627444215550597,-0.49947794891827541,0.99438186800456019,-0.060851510513025522,0.086612898877971078,-0.10542452831861041,-0.49584844916209175,0.86198606966258362,0.39637421926690253,-24.950080710323721,-2.1936502446655921,,0.4301647550962775,0.6538461538461539,False,2
-0.91385672754995884,-0.23125075529230593,-0.33374986095640158,0.26856238581859271,-0.96073868161052733,-0.069680919774998809,-0.30453263607551939,-0.15331103624332659,0.94008276217091191,-2.6707169925038379,-10.941421972241972,-3.9236688385047196,,0.1314236988237615,0.3846153846153846,True,5
-0.89420242729906851,-0.19881620516280107,-0.40109118112608488,0.26253005643910737,-0.95862029550562722,-0.11011402504124307,-0.36260169398188696,-0.20376271888980924,0.90939582466168112,9.6827271995923532,-8.0556843622964855,0.87153424467518981,,0.2421945625122458,0.4814814814814815,False,4
0.70644809860852065,-0.58160541470524374,-0.40331901214540844,0.67003716248814371,0.73314517803749524,0.11639737456320354,0.22799404566181863,-0.3524674304186296,0.90762625878543512,4.5273154918434528,12.081126597928467,-1.9568341479856612,,0.0825879761778077,0.2258064516129032,False,5
0.21749697285122116,-0.7748736722792986,-0.59351988914353093,0.97538091595813803,0.19524128765078044,0.10253247476350488,0.036429872154849885,-0.6012084759921964,0.79826138125924762,1.6570681993047023,-11.62742176985271,-2.1246763222354077,,0.3371397792726388,0.4705882352941176,False,4
0.81211121940651332,0.50430133358012896,-0.29352262649303307,-0.4878341079393077,0.86279914982139805,0.1326480689589252,0.3201456706643479,0.035465363621079465,0.94670426086402415,-11.262833766402087,8.4517922785509878,-8.3297372986946918,,0.06904086567326854,0.2619047619047619,False,3
-0.84918199239762493,-0.38036752656283013,-0.36634749695347452,0.41216408707637758,-0.91106055477722647,-0.0094567887524913338,-0.3301676984686685,-0.15902581634906882,0.93043005143987878,14.047863034755018,3.222460208426575,2.1546708488485278,,0.07507411410127988,0.2058823529411765,False,3
-0.33297985751182152,-0.80594176649706362,-0.48947143277927962,0.93184418711225714,-0.36063448167176082,-0.04011460550021665,-0.14419024043431225,-0.46946846501648465,0.87109616858218475,-4.4243657445622642,14.651958507010102,-5.7943833328559977,,0.2216569294938935,0.2333333333333333,False,4
0.21269546677469464,0.92747255424627639,-0.3074984545219408,-0.96919274276924694,0.24025259369900592,0.054259732623039264,0.12420171406594241,0.28648447137809718,0.95000030625378917,15.001335944121491,-3.1620567650445217,2.7986705055977286,,0.07372007305750787,0.28125,False,5
0.0050212460307576361,0.96163358688726752,-0.2742911439668243,-0.99876813985773572,0.018363736777539278,0.046097461716300192,0.049365877824861071,0.27372178894252436,0.96054119764052137,-16.106345077943573,4.6272604805929696,-10.322849981608567,0.2093624930726661,0.2520328368865327,0.4395604395604396,True,5
0.89233979926650298,0.3247510998692234,-0.31347472909111174,-0.29401391914744213,0.94516124556455339,0.14221826616304323,0.34246970375870867,-0.034741085426199594,0.93888633976154467,-8.7615655211816073,24.156198555240696,-7.9634375498914043,,0.2662104337414483,0.3529411764705883,False,2
0.83814237065842123,0.43533145766085862,-0.32863945058065419,-0.43465110312279542,0.89705844905985788,0.079778176993832994,0.32953874591801696,0.075978029332132518,0.94107999341054227,-7.0658680220126238,10.331868662380556,-6.7121513353792803,0.6640709789222442,0.46963238218089,0.9446902654867256,True,5
0.31867664875867074,-0.85454517891866077,-0.41011916649044466,0.94448159708261614,0.322794763016929,0.061302966821480509,0.079998164405276767,-0.40688582938671991,0.90996934867943091,1.6206208982039303,-2.3909543276657184,-2.4975785779496444,,0.4615782905599263,0.8365968939905469,True,5
0.89831233556196532,-0.15212516355542294,-0.41218064291090067,0.29819581194652778,0.90008285878854066,0.31769498745274416,0.32266732948155546,-0.40829986765646159,0.85391862174153188,-16.995555371260274,8.1541296281359834,-10.78490486448305,,0.3036579629657307,0.16,False,2
0.40149736480822401,0.89299525310529348,-0.20336996824375358,-0.90881871777096346,0.41594628350806434,0.03220601597483054,0.1133508018550993,0.17189580322754375,0.97857213763297179,15.097067633522984,3.9923010358155904,2.5055139428443178,,0.1568495455136709,0.2413793103448276,False,4
-0.75145357169019844,0.63218366394551428,-0.1888421156269674,-0.60829105759770563,-0.77467361992766948,-0.17280848311013397,-0.25553770532097342,-0.014986581617759204,0.96668292812623191,5.6586089085550952,20.755961162211509,-1.8232150629931991,,0.5414142635203221,0.4375,False,5
0.8617920140703561,-0.25998339140623022,-0.43557222211416946,0.3952091082217612,0.88241967543855948,0.25523572864602695,0.31800044852660325,-0.39210222212048595,0.86321003362163085,-12.475619475068305,16.117164650598426,-9.2788838746132924,,0.3499505953377005,0.2222222222222222,False,4
0.93974875940301905,0.14331863035086947,-0.31037403144405967,-0.062877241695757036,0.96485416499837662,0.25515268519460876,0.3360338103185761,-0.22026395637878785,0.91573198472213646,6.4712281609163549,22.992324307300542,-1.601984319031414,,0.3155725262738438,0.1578947368421053,False,5
-0.35722561521744034,-0.83280496897073975,-0.42287792977426208,0.91922284269609589,-0.39373615381619964,-0.0010984733649417738,-0.16558751552646947,-0.38911145554412874,0.90618599076905837,-4.808842684936792,-16.707574507607678,-4.5135678749548456,0.1440701200668961,0.1110927739739056,0.3103448275862069,True,3
-0.92126117744063263,0.24171160115966522,-0.30471846810708586,-0.22031973602326629,-0.96994343187497922,-0.10329062339450065,-0.32052621867693831,-0.028022148872227287,0.94682506426121016,9.2121058157441027,3.018321877431803,0.29420921841532199,,0.1431853124672253,0.4347826086956522,False,5
-0.37829500016755468,-0.84190602139291804,-0.38482092457476752,0.90879412949222904,-0.41683195003470846,0.018556821676286195,-0.1760287563118397,-0.34270304430018045,0.92280469243426422,-3.9850025225755923,-12.19585605204365,-4.3173496143322492,,0.0801531434838788,0.2702702702702703,False,5
0.87651801037547483,-0.32190920148853813,-0.35789753210162012,0.3688335204809674,0.92688456446999212,0.069619238123436358,0.30931862481433975,-0.1930271228203016,0.93116191835721085,-5.6166071490777023,-18.991944516534982,-4.7798996562343099,,0.1101918271628335,0.2777777777777778,False,1
-0.66649108343190855,-0.60515885797580971,-0.43539911841800155,0.6916629421409114,-0.71986945994991247,-0.058226584138158274,-0.27819419507735477,-0.33995693439733465,0.89835253246174296,-14.100001468013595,4.7220785075801084,-9.3012282887244666,0.8014445513243814,0.5083737418603937,0.9411764705882353,True,4
-0.54058284013031643,-0.70156977821209265,-0.46429520701389559,0.81311498936964932,-0.57733718382550592,-0.074335659241233282,-0.21590323531396113,-0.41770997411106842,0.88255547729822348,11.551971775346232,11.084762315797969,0.78024393373232248,,0.6317657670731495,0.5833333333333334,True,5
0.92825066419892766,-0.011141700546763542,-0.37178833618495394,0.15785480348343561,0.91687258260296023,0.36664223473051205,0.33679751399239272,-0.39902447265788632,0.85284635473726467,-1.3149991123547471,-7.615826214902838,-3.5254153917965412,,0.4801063932648524,0.2587412587412588,False,1
0.85060595303847419,-0.28877260228090751,-0.43940857618783735,0.43362166764068522,0.85791608987011081,0.27559432522185862,0.29739159707029528,-0.42495925323952322,0.854966590620994,-14.480994729151064,15.32465714822562,-10.112932011825089,,0.2990381415299823,0.35,False,2
0.65995274864169762,-0.63845989600716824,-0.39601935653549158,0.71679539691836425,0.69298724398039269,0.077285436125474921,0.22509271093687952,-0.33486958785619242,0.91498395101341046,-9.5904657281682155,6.5400835729688991,-7.5180040160340873,0.6337584197695707,0.6830649534557203,0.8290598290598291,True,5
0.26075733993103367,-0.85479976570217975,-0.44869028318829307,0.96520229129555268,0.2403436764357616,0.10305073544209943,0.019752127731133495,-0.45994812506720939,0.88772607019127925,16.616490607118255,9.6478384319780837,2.9422284531763032,,0.6423014563053802,0.3333333333333333,True,4
0.77595641527993564,-0.50203077630413018,-0.3819119548133903,0.57538776425189853,0.81144604680652765,0.10239254792835401,0.25849673563724951,-0.29919962026301339,0.91850913163634618,-13.524631932454282,15.081908263885001,-9.6950909910066247,,0.1140855975678515,0.3461538461538461,False,2
0.42918329661015492,-0.79631621539450181,-0.42624193014134415,0.89482639228462546,0.43904856846592366,0.080759409352135145,0.1228308820359218,-0.41607311812685249,0.90099707812538266,8.7313727682255138,8.4378725787522608,-0.19304726131434449,,0.2905889169804791,0.24,True,7
-0.49658353210455264,0.85978643693334478,-0.11904653925264261,-0.85499236058543726,-0.50817084197658913,-0.10368441881665093,-0.14964243710628755,0.050295906694963644,0.98746010693426134,-15.750485519369679,8.3678096263710842,-10.254718933006643,,0.1776569096327372,0.1666666666666667,False,1
0.7439334553092376,-0.54869600053179624,-0.38143900308184248,0.63004166381951854,0.76615905667534356,0.12667991840019774,0.22273418220648508,-0.33456389356109384,0.91567269545512253,15.074118060132539,5.5043254285814731,2.470993156052308,,0.4533387372440701,0.8846153846153846,True,5
-0.21776236847949704,-0.90023370895809385,-0.37703954716946114,0.96891082667709805,-0.2458804067290197,0.027470630401809401,-0.1174366247049905,-0.35933562979799882,0.92578968688119079,11.224304972619246,7.7449526430049955,0.85349811079576376,,0.08459423487626774,0.4615384615384616,False,4
0.66453989332446239,-0.58414638596165958,-0.46600400207320569,0.71412784317601385,0.68007666816711654,0.16588293768645557,0.22001853054024167,-0.44302226262643474,0.86909327522209445,8.2079221195133734,-4.3622171714990383,0.18759612927917979,,0.121240493389309,0.2463768115942029,False,5
-0.42059088170986897,-0.79555597100304432,-0.43611237912253553,0.88742209581570441,-0.46069938005732303,-0.0154306536757398,-0.18864075402886155,-0.39350575372693269,0.89975990558771879,-11.590101796228202,6.2242787010713769,-8.3981754018254584,0.5646223033527461,0.2029360081045327,0.1938775510204082,True,5
-0.88864364051886557,-0.27879860003032397,-0.36412061296568898,0.30710719238408712,-0.95144312566056743,-0.021003595387777692,-0.34058428112780109,-0.13048877060644559,0.93111493822958169,-19.518706731027855,1.7060245041259803,-11.464429636253238,,0.4498653192985119,0.2043010752688172,False,1
-0.43976816523151113,-0.78544049195620724,-0.43553093396968023,0.87620645930967189,-0.48166734151387514,-0.016087659337658808,-0.1971451280476364,-0.38868985800319983,0.90002999548489149,-11.687708576486076,-13.370035400248042,-7.5753454265427154,,0.089733144310633,0.3255813953488372,False,2
0.90979568433782076,0.24373862027819784,-0.33595133240568548,-0.23202343363635083,0.96979461864680305,0.075256387684355608,0.34414668239556351,0.0094806449453935793,0.93886803032563892,5.7562159443606058,11.352836244796247,-1.4777493533683497,,0.4913929459147653,0.9019607843137255,True,5
0.79777957064286742,-0.48250934376156657,-0.36156948135547029,0.53752518465731447,0.8408190340584939,0.063953325355766547,0.27315642500955645,-0.24537335867555579,0.93014917208385173,2.8159848018215157,3.6658656356104218,-2.3513828429148051,,0.08128686993472928,0.375,False,3
0.30969586358157591,-0.8289650200972043,-0.46573111076639728,0.94886895888929179,0.30093047181805793,0.095333886880326194,0.061124225449586102,-0.47144230462125619,0.87977609792298017,15.568139381242881,7.9340531203225488,2.6168375512286284,,0.113497527524949,0.25,False,3
-0.93601314974245087,0.054660543161478503,-0.34769470592821566,-0.055557909710904678,-0.99842807054074123,-0.0073963926915362535,-0.3475524452190939,0.012394070258982461,0.93757862861983143,15.986090604882964,2.9484422452243093,2.9351170315828936,,0.2055002899527355,0.4868421052631579,True,5
-0.36197522203299759,-0.8473550044441569,-0.38854013316207792,0.9160001439826333,-0.40065836443245373,0.020411056663149997,-0.17296726527859932,-0.34851452115192311,0.92120570650006761,-5.6826919881169387,7.6378616109425446,-5.9575712339209197,,0.1080899885147261,0.3555555555555556,False,5
0.9091148087820764,-0.16242954862360742,-0.38357125307700007,0.27123806974682574,0.92970023211648323,0.24917340934091081,0.31613315861064795,-0.33056636268151696,0.88926132598374419,14.204495981101525,12.595638184812726,1.8268728093282884,,0.2783117540476404,0.25,False,8
0.85936880210174982,-0.31252576905010254,-0.40473807042807886,0.4165530859642273,0.88692999605181067,0.19959636438876527,0.29659532792659044,-0.34012178081266087,0.89238354179631818,-10.378631946950499,7.6668138176225478,-7.8923514510502493,,0.2229202677213559,0.3461538461538461,False,5
-0.40878287387277074,0.86363536104951311,-0.29500936455169768,-0.90324381804057108,-0.42910303749407536,-0.0046030842758621043,-0.13056480076885599,0.2645837227764325,0.95548327376357234,11.012478642955722,-4.9238550318856857,1.3393200330462818,,0.09785921488178503,0.4545454545454545,False,5
-0.92312812055085247,0.21826162943810559,-0.31653804536464886,-0.18259600715437518,-0.97336257705593709,-0.13865061037839926,-0.33836839571616151,-0.070193694175804899,0.93839206842258804,19.214641371191913,-5.1779583765230344,4.5019262919846135,,0.443902395666538,0.4137931034482759,False,3
-0.87482531803366947,-0.31183855740265648,-0.37072547396196004,0.34791932485058447,-0.93694746168073406,-0.032887648829662566,-0.33709465484163853,-0.15775350445254727,0.92816002149959964,-9.2875114305778688,-22.009979090202886,-6.1294944860078902,,0.1217472005499277,0.5238095238095238,False,1
-0.77143475798324457,0.56295737815463298,-0.2965929947867853,-0.5798102257476897,-0.81391978937260723,-0.036805958567370657,-0.26212309378180632,0.14357425552274852,0.95429446024659637,-7.9940181553933591,-22.37028765429784,-5.6834278138658583,,0.08438119670421337,0.4705882352941176,False,1
0.63235300802191108,-0.6429217330425665,-0.43218204315679493,0.7476936510089387,0.65248752760859918,0.12334597908378953,0.20269158217982816,-0.40113797064944923,0.89331094867166916,5.7614795116193118,14.977867607315572,-1.6262539872513864,,0.1902983850775273,0.2631578947368421,False,5
0.93798178334114568,0.11606559784015082,-0.32667866645707405,-0.00087218323650335521,0.94308074500951133,0.33256269738006811,0.34668344843180193,-0.31165282830469088,0.88469378950748867,-22.753054100406743,8.5364835944024851,-13.385104294053807,,0.4875234058968618,0.1290322580645161,False,1
0.42022377370433717,0.85552863141072444,-0.30246113940501163,-0.88720791913115316,0.45732782883680634,0.060937387557894102,0.19045757597075078,0.24273857915029629,0.95121180288484641,-28.10330491513281,4.0088881018911184,-15.453143075452742,,0.7042617072124778,0.1081081081081081,False,1
0.021611974519702381,0.95546628637112296,-0.294307828923281,-0.99783257713386653,0.038915225669465564,0.053063671390893942,0.062153604623915004,0.29252312869116898,0.95423642175981926,7.4849190788852491,3.0359859695093228,-0.42712114844466081,,0.1158258733840515,0.5795454545454546,False,5
0.6550529595444432,-0.64863550436910944,-0.38752755084496537,0.72342909778719022,0.68643156279334627,0.073905683650825532,0.21807329196139069,-0.32876084327808158,0.91889082445098269,-11.691212785308871,7.2872521452405117,-8.5422647170269492,0.2781049371668849,0.1873268862475518,0.7734375,True,5
0.56507816342878381,-0.66984148474472149,-0.48166280168904341,0.80650914136947605,0.57150996411333554,0.15139143240832131,0.17386682864601399,-0.47401344520399386,0.86318108161753448,13.284148610299656,13.331316273299073,1.4172766474589678,,0.2292656397900423,0.4482758620689655,False,5
-0.73761244526624004,0.60427072601419718,-0.30130511159061679,-0.62939705196613149,-0.77689205883452528,-0.01726499047772604,-0.24451427681160448,0.17690567713368655,0.95337146476762691,-12.414264969935564,-14.920136566043345,-7.7770986928553727,,0.09608593632670558,0.4736842105263158,False,2
0.15005720931607172,-0.88530781137241255,-0.44012829158696598,0.9886650777901963,0.1321516411049915,0.071255229361515404,-0.004919135124928635,-0.44583183250665975,0.89510322266952891,4.0367517798951624,7.5080524228568999,-2.0460143523933709,,0.1777461029175952,0.396551724137931,True,5
0.93460069102423815,0.04183049452892898,-0.35323046027272526,0.0015886152087878317,0.99256015357448346,0.12174488834409172,0.35569512878128456,-0.11434400405645323,0.92758095285403674,-9.386820408430621,-16.610422905353914,-6.3965289150622926,0.1717729079846408,0.14185253370326,0.5952380952380952,True,4
-0.91280125438824977,-0.19137700826695847,-0.36078901132660041,0.2148280359222986,-0.9763152417762232,-0.025641054135925156,-0.34733670259419025,-0.10091278106475107,0.93229492417838034,10.612369351930855,-7.2070409822555419,1.1951949004910021,,0.1731715168198526,0.4761904761904762,True,5
0.93377618764510584,-0.0090998175661697184,-0.35774184086745558,0.081853183584357309,0.97860597124269733,0.18876019014941664,0.34837061834213157,-0.20554207931321711,0.91454380207156927,1.8858709757700536,10.561347084147849,-3.0290229231494559,,0.2440800640966929,0.4078947368421053,False,5
0.15032526101839788,-0.86277437343536367,-0.48272424472256015,0.98858359501497906,0.13623627580044426,0.064359558911513015,0.010236775225126865,-0.48688813674112152,0.87340434549740398,2.6988756362362958,11.757691836617225,-2.7282403076892932,,0.1065116284425887,0.4210526315789473,False,4
-0.85438163004294509,-0.39953309929751235,-0.33227297935716205,0.42556027003031843,-0.90490905692627965,-0.0061688949183865416,-0.29821215068619106,-0.14667276931494699,0.94316308872039822,-11.203129804645352,4.6334778130361762,-8.1103561240179634,0.2447143558643824,0.2224703899646884,0.3900709219858156,True,5
0.59817963312714351,-0.69421008680951768,-0.40031672695978843,0.77968567575531988,0.61958040907141587,0.090611057365349162,0.18512529144837486,-0.36632290682786778,0.91188604244134319,-9.7384990263165108,13.429570735282722,-7.9646515580929487,0.4298026375697265,0.3072097596853318,0.7946428571428571,True,5
0.8266292025723404,-0.39697996450567852,-0.39886221836078395,0.47330179018672924,0.87385744216528161,0.111169178185266,0.30441678150301266,-0.28067789110191815,0.91024740844779417,-11.600662754693403,-27.983007927317686,-6.9156329741753195,0.2932819537509089,0.2180993068246207,0.896551724137931,True,3
0.20794621944323813,0.96661762810675689,-0.14969546036046893,-0.97131623811502921,0.22210903075281405,0.084925520499515156,0.11533921879973316,0.12774169049810497,0.98507813147757672,-21.290272950261222,5.7621758010199891,-12.554645238419543,,0.7612503625798197,0.46875,False,1
-0.61261097940509512,-0.69108489450430155,-0.3835485060592852,0.74782607300439541,-0.66389233007867055,0.0017716087431171104,-0.25585924342723193,-0.28574226612577419,0.92351903331883345,11.668514177828079,15.253368988581155,0.75224536692668398,,0.145452885365451,0.5172413793103449,False,5
-0.87461373910005602,-0.33652386099545673,-0.34900214663828355,0.34787225722263171,-0.93700515659081762,0.031721115633727481,-0.33769172336948189,-0.093664440973764029,0.93658489869569284,-4.4067168352892132,-9.5557824312826085,-4.7055889834065798,0.2952520271044392,0.2440406912668822,0.8735632183908046,True,5
0.85595600811157868,-0.32390474445000389,-0.40301988623450152,0.41634225721117452,0.89396757449816222,0.16577424590743323,0.30659164541454331,-0.30968967091049671,0.9000521488743598,8.1478240443282779,11.599122424747693,-0.47636567891610171,,0.1555179644117967,0.2142857142857143,False,5
-0.61460966025293207,-0.67589192571091394,-0.4067248090325547,0.74943655141948728,-0.66121897410641062,-0.033679722061377787,-0.24617030877065871,-0.32551432079166415,0.91292968296539656,-12.671873315178813,-20.199905649721188,-7.6903661558482455,0.2526017280770321,0.1661326234472564,0.7428571428571429,True,4
0.36092828239501468,-0.81578317392865218,-0.45191657205979879,0.92701537527130606,0.36675377629654671,0.078320888547196515,0.10184924632997758,-0.44720183441832767,0.88861535566008443,15.293264076546565,11.512306859860413,2.2675354550260867,,0.1186046797272742,0.3448275862068966,True,5
-0.22493650371206775,-0.90130142138635005,-0.37021523078438645,0.96565754008122429,-0.25691294340697535,0.038746029399707199,-0.13003493600594279,-0.34878573267395835,0.92813761269599504,12.426635872301928,9.2202398688335236,1.2249415186019399,,0.2557711886992378,0.7362637362637363,True,5
0.83834029373587682,-0.35774168592064898,-0.41134710167144339,0.45669746542224116,0.87291366266852544,0.17160758317604002,0.29767931902593736,-0.33172673042923839,0.89517841760343109,11.274573091934696,13.251678754177075,0.6606211288298266,,0.2403458245746637,0.4117647058823529,False,5
0.68333095473821237,-0.61391020099538807,-0.39518738771672196,0.69464093529589999,0.71331844402604971,0.093009507167243266,0.224794967265287,-0.33806961195301011,0.91387972959582642,7.4766780405881468,10.356477588137871,-0.76659848407625408,,0.2538825641484945,0.5064935064935064,True,5
0.92870200157719318,-0.099372244988113589,-0.35726425680794816,0.14093332628680405,0.9857185012597125,0.092178271930217909,0.3430020259535656,-0.13595658571884742,0.92944360613832899,-3.4979584728175848,-16.422171764933463,-4.0502700442445887,,0.1568997355215683,0.5,False,4
0.61499951893485738,0.73699810935878185,-0.28037364089991712,-0.74553047128129812,0.65927595106370263,0.09767055206220647,0.25682661096736054,0.14895975010260976,0.95490894055317554,-11.089473397164152,16.461614171675532,-8.6823108025131237,,0.09501429128973213,0.1538461538461539,False,1
0.58827742989130527,-0.70696637995958833,-0.39259164928372509,0.79000189769797524,0.60611702085024566,0.092299288562917595,0.17270398696636469,-0.36444573621110998,0.91506974501589977,6.1238691119195954,24.043912269313672,-1.6994105880142722,,0.3252689484432975,0.5517241379310345,False,3
0.92336707381241756,0.22961130094564125,-0.30768798721617907,-0.13935624427236074,0.94723411685537939,0.2886647970354389,0.35773325842224346,-0.22366532664509969,0.9066425632383166,-11.624979935474123,14.072959383086081,-8.8223437761105998,,0.3298067075692326,0.2608695652173913,False,4
0.27425245021137606,-0.86926027838915643,-0.41130543634610972,0.95960289317839054,0.27531725688794301,0.057988752904000559,0.062832164985137856,-0.41059344426635136,0.90965111035428059,1.7902065816976265,-9.2731177950227828,-2.2065850227350832,,0.1462496425012592,0.4339622641509434,True,5
-0.44323358525510786,-0.68002339853725968,-0.58404808564341615,0.87403497912994987,-0.47250224221182902,-0.1131569103594792,-0.19901468327541133,-0.5606333994212529,0.80379309980501712,8.5257359288925691,-3.0760830136782924,0.21067624219736958,,0.5449066384152841,0.4632352941176471,False,2
0.79322609391363053,-0.42885468191173076,-0.43229159804108197,0.54502318938234451,0.81661933431523115,0.18995416778277213,0.27155494282008769,-0.38628554804048382,0.88149951129030224,-15.955070500320739,-24.4478172521179,-8.6736263128549549,,0.3303018573383691,0.2666666666666667,False,1
0.13920510300470637,-0.75362706490766906,-0.64239254847491922,0.9901883014543964,0.11393031094106719,0.080913607704323182,0.012209298108672495,-0.64735317353630406,0.76209238400089629,7.5585723289596958,5.4411067258810242,-0.48504237683931578,,0.49382748568753,0.1386138613861386,False,1
-0.89047969265957383,-0.29027808285636264,-0.35040626645958489,0.31197515195746928,-0.95007273323182218,-0.0057711463790460008,-0.3312362020100233,-0.11445713687948483,0.93658002450155087,-8.8303507461657418,13.758868607898354,-7.6330865139361208,,0.2167958280802005,0.3684210526315789,False,3
0.2223460496843073,-0.84730813462765942,-0.48231852461167019,0.97405378142733801,0.21446767918704643,0.072269256750183697,0.042207405474459794,-0.48587296650247669,0.87300973382041736,3.8483324626546067,-11.294564126892817,-1.298848214515095,,0.3938950034075203,0.2352941176470588,True,4
-0.60617157805665645,0.72518911835992728,-0.32658346646554937,-0.77062948046488988,-0.63709038964192921,0.015685638791855749,-0.1966881333347707,0.26118303551005517,0.94503820037448039,13.171731708216916,5.6932050929067133,1.7107482934112348,,0.07773896074916373,0.2592592592592592,False,4
-0.088215075484276012,0.98827763496985166,-0.12460102999453929,-0.996077722901337,-0.086656716723654797,0.01788248825983995,0.0068753470450983595,0.12568981527981055,0.99204576504208553,13.586215402981397,28.951580833533153,1.0498751055599982,,0.2944892861971152,0.3571428571428572,False,2
0.95872541386406684,0.032220859086624309,-0.28250203017127862,0.05363615953015919,0.95522649704193363,0.29097336946850028,0.27922883662334996,-0.29411588802497052,0.91407171557228151,-1.8660384966709331,17.605474896722438,-4.8321562389352941,,0.3005384475393786,0.2,False,3
-0.91336673158671178,-0.22404608825746766,-0.3399478841927609,0.26635773162217624,-0.96031646978350427,-0.082739571352748759,-0.30792007475268079,-0.16611931916268774,0.93679752314212961,-1.1355927428243127,22.835380742930827,-4.6154182428018222,,0.2160723684590108,0.25,False,2
0.86480016884269617,0.4512154772860526,-0.22028450019727808,-0.37452364506246388,0.87186874840864659,0.31555811641830145,0.33444387759199679,-0.19039295839358247,0.92298310609423917,-6.3984728258563388,-31.418091121517573,-4.6742196758914325,,0.7991231200074376,0.3714285714285714,False,1
-0.8849476068309341,0.37682050603748035,-0.27363121056242706,-0.34002279030792004,-0.92432402784706125,-0.17323277292648945,-0.31820156384816578,-0.060261080095212957,0.94610589628769337,6.7068219550483725,18.845921194545316,-1.4097759148791547,,0.56198710553868,0.4482758620689655,False,2
-0.91382689214873447,-0.1408479182566274,-0.38089667248291814,0.21238860153197145,-0.96518961372825707,-0.15264367491118358,-0.34613796833788479,-0.22038800664707689,0.91193071743474508,-8.0609984099161434,-24.398747119828958,-5.6004985040153086,,0.3430753403093763,0.2608695652173913,False,1
0.089955187930893618,0.94677886192036376,-0.30905962334976489,-0.99280669265241606,0.10986353724049515,0.04759069456918022,0.079012247081628406,0.30255543261654927,0.94985118571559646,16.728565822077641,13.991861192532996,2.8088354599518466,,0.1355495600933328,0.4736842105263158,False,3
