axis_00,axis_01,axis_02,axis_10,axis_11,axis_12,axis_20,axis_21,axis_22,location_x,location_y,location_z,dbh,dbh_approximation,score,reconstructed,number_clusters
-0.84217056606381546,-0.3975122615622515,-0.36432504657711567,0.38150231796911011,-0.91675537380772465,0.11838735565446068,-0.38105736974889964,-0.039288503437058156,0.92371624130883789,-7.8421293833536536,18.727994867650313,-5.9608131014138133,0.09796696731750816,0.1122418970443251,0.4893617021276596,True,3
-0.26391186451433196,-0.78520937479687425,-0.56017565593273533,0.93860730021491512,-0.34284647564243481,0.038374863163649978,-0.22218655168987284,-0.51565737837314285,0.82748450401049833,2.4134360826096923,13.603467915766016,-2.1212102655280223,,0.4248170129264204,0.1764705882352941,False,2
0.89356815391091771,-0.26222352072136879,-0.36438273764919804,0.3679646995014732,0.89278802176690875,0.25986828992841737,0.25717296560296704,-0.36629001265393435,0.8942559434484938,-6.5558804508764927,16.111030095613611,-5.185980255282896,0.6156419669420112,0.624064821297835,0.660377358490566,True,5
-0.934124915663891,0.076535277243002076,-0.34864450845132466,-0.10385976145964848,-0.9927599736992424,0.060338914228090346,-0.34150225751153379,0.092574218646536685,0.93531076234399735,-5.8992771907216293,-26.076976823978519,-0.032730963824487286,0.578339761655804,0.4813048965038812,0.8064516129032258,True,5
-0.044560198710973394,-0.92071092688928702,-0.3876928910845665,0.98297687086843055,-0.10965023825070118,0.14742217129480281,-0.17824382185239498,-0.37452398368894285,0.90992358229315984,-18.939973753435996,-17.13376659430903,-5.1745852912487731,,0.766370299598833,0.1666666666666667,False,1
-0.87786507197372055,-0.24030966043704594,-0.41425135184958278,0.29820139602538243,-0.95112930624934711,-0.080180859325337944,-0.37473836581952519,-0.19391830726949996,0.9066238731076105,-12.041061253547586,21.604563551239163,-7.9146960456994009,,0.3458863403171584,0.35,False,2
0.71270606070915765,0.68898923320231642,-0.13169627010556406,-0.64670683424155861,0.71810794761757935,0.25708217774425379,0.27169899074839221,-0.09805514825724812,0.95737393234125268,-12.580677924874751,20.1973355596276,-7.9513264695791204,,0.5557478593942786,0.1071428571428571,False,2
0.93781012772154981,0.047512101435826737,-0.34388190496163556,0.036273080914575845,0.97175610164891224,0.23318306651443343,0.34524835690247146,-0.23115509755413524,0.90959930350175788,-10.094885983983096,23.956014375178537,-7.5914394499486191,,0.1607096109553902,0.3636363636363636,False,2
-0.57623715061895309,-0.71764079464335706,-0.39107855490962484,0.746596789663447,-0.65688606073959221,0.10532775925773236,-0.33248154822603909,-0.23128422572599128,0.91431046533414695,-4.5179864403336687,16.216052679503463,-4.5555185952298114,,0.1102489905550341,0.1578947368421053,False,3
-0.66882059965042195,0.66123218924488847,-0.33978080785951115,-0.73084245541179804,-0.66853892868643183,0.13756818745063029,-0.13619218351617648,0.34033467754140179,0.93038916395876292,-3.3555437612982337,17.948230071598765,-4.4046017931234411,,0.06788181416312275,0.1818181818181818,False,2
0.91513946760212095,0.23567635448615948,-0.32707248550286455,-0.10559435508121769,0.92312388127414047,0.36971899058115598,0.38906244615985386,-0.30380743203134664,0.86967318989987852,-22.953039523340312,-22.511276192310632,-5.874038992267514,,0.3222877370970765,0.2222222222222222,False,4
-0.74972113046613165,0.61232524058987892,-0.25095024660105969,-0.64768782272376035,-0.75674848391915339,0.088499810064302131,-0.13571555116470727,0.22888759648047768,0.96394593071886037,18.871064585419617,7.7700475754395271,3.994356481786403,,0.3543997450186154,0.2333333333333333,False,4
-0.70603259212784719,0.67264778475489728,-0.22150154969562091,-0.69085324794969027,-0.72296479211341103,0.0066105341520356353,-0.15569126067507971,0.15769231759582103,0.97513761301708712,12.307543650277823,7.7396762605407972,1.77496048819343,,0.3432638566971479,0.4642857142857143,False,5
-0.62577789924736171,0.74213875162383713,-0.24006685350495943,-0.77261878980109511,-0.63201136491974863,0.060181726949031525,-0.10706178804713784,0.22314055648960179,0.96888908838404242,-20.417128465887938,19.150519872271467,-10.420305484296854,,0.137353079790254,0.1538461538461539,False,1
0.69216303965926962,0.70212563889370483,-0.16712245132760528,-0.63441066214678932,0.70228616784546183,0.32298181095443895,0.34414159627123486,-0.11753180701853946,0.9315325201273672,6.6296625292856035,-25.648966558941709,3.9672194014389421,,0.4183047642070843,0.125,False,4
-0.93640601653965294,0.060015531303236419,-0.34574833071286082,-0.09031564813004013,-0.99329345730984475,0.072188581980160538,-0.33909711867131864,0.098824307069899836,0.93554631122193177,-10.973040079866433,19.72651654530803,-7.2180957323712818,0.6830232817172591,0.4730886553828004,0.4489795918367347,True,3
-0.81600476039009873,0.50164432419317528,-0.28720933659174236,-0.53556536599851756,-0.84306451249286241,0.049111775757400111,-0.21749935577736804,0.19389481627919763,0.95660798159773108,8.8881836945922323,15.516191589872903,-0.19891705000447066,0.2775076642124534,0.2622569007879542,0.4444444444444444,True,7
0.5743811186134925,-0.62515906651494191,-0.52845290436753201,0.814576512800956,0.50034038488077437,0.29346993721741355,0.080940937561577234,-0.59902891483761067,0.79662596230296678,-3.3901399661304752,20.651345296714364,-4.8054832103693954,,0.1934708660260768,0.2,False,1
-0.69445780356395859,0.67543159555188992,-0.24803330179504363,-0.70396622711336154,-0.70910594840478436,0.04000381257743911,-0.14886205074800607,0.20238802747983931,0.96792519141714584,-2.0942789136486519,28.887875214505041,-5.5016690209668866,,0.3444607058994538,0.32,False,3
0.59723653615610206,0.74527515148124557,-0.29643459390710108,-0.72235847719703361,0.66042402132273836,0.20503254005519866,0.3485781839155232,0.091679117821400369,0.93278517840585695,-17.619238665082793,-21.521313601173691,-4.2046579861301021,,0.1642326650256494,0.6363636363636364,False,5
-0.81656982597166072,-0.44627439757366083,-0.36613232769434262,0.4490165040060049,-0.88966238199507597,0.082976051925073291,-0.36276424636785354,-0.096643717504622154,0.9268560262651635,-9.2245754149156873,22.384725259865419,-7.0506486416247149,,0.1458133048649774,0.2916666666666667,False,4
-0.91106041073684452,0.18806336045592931,-0.36688022628923217,-0.22139181137639141,-0.97387309229103236,0.050565462194915908,-0.34778526973334467,0.12729246861275181,0.92889290749309694,11.015438942065311,9.5131938209955234,1.1882615314045402,0.2816243248749374,0.1525562273350415,0.5952380952380952,True,8
-0.44981824021082162,-0.7597315363652799,-0.46954397389987873,0.83873775522701788,-0.53998997875841115,0.070212540170775051,-0.30689172150838756,-0.36224137738880829,0.88011286536277611,-7.9088417253634802,15.269377228000621,-5.5636275756053077,,0.1130526087115864,0.2702702702702703,True,5
0.43406778728888151,-0.7358347199654478,-0.51974264875176912,0.89951663446985808,0.38573848553419487,0.20512348741625158,0.04954775827576495,-0.55655465649939218,0.82933222171738241,-20.061649430143568,-20.845232417010848,-5.0824458483319939,,0.2874804900056425,0.3023255813953488,False,4
-0.88691995120902045,-0.25972520400971549,-0.3819892911450532,0.26844302087994232,-0.96278556304483331,0.031341731498021094,-0.37591401235952804,-0.074744752287734695,0.92363514296350036,-20.147179788189852,18.000546666453271,-10.174687095664805,,0.1141450251748366,0.2666666666666667,False,3
0.89140723868620431,-0.21730536947071699,-0.39770782141797445,0.36092834042239186,0.87111593424615508,0.33299814140980777,0.27408733625940157,-0.44038097767914947,0.85495071588985871,-0.80800985299403782,-22.731227409865486,1.2249537199094633,,0.1875896291164185,0.5,False,1
0.43664361792203538,0.87377905967745173,-0.21413198219122667,-0.83758405946042436,0.48170927258388896,0.25769967024522233,0.32832193692434186,0.066830618550845822,0.94219869144377388,-13.874564870758149,-20.801069950209836,-3.1113500120418625,,0.7143538158828412,0.7204301075268817,False,3
0.3456241644528103,-0.82357223978026439,-0.44974737665673553,0.93725129374325034,0.27954980391009598,0.20835527233653212,-0.045868827354754255,-0.49353892753980999,0.86851331462445303,1.0470674502185653,-23.971076189111638,2.0246603284026454,,0.3381614999346206,0.4565217391304348,False,3
-0.92411537435280511,-0.10101509661562791,-0.3685196401014611,0.086058648728100443,-0.99466709252187691,0.056844384359136552,-0.37229649993502284,0.020816467275000583,0.92788037527815004,16.633977916149949,3.5437124580834811,3.7818778512417293,,0.09233718792552072,0.4666666666666667,False,6
-0.58544787931273035,0.76411323109209894,-0.27089066185127203,-0.80547626722386689,-0.58614279072363162,0.087433470832511448,-0.091971536615049046,0.26938373921361053,0.95863112692002717,26.698466080101142,3.0308221833812099,6.9931707818232853,0.8304537113601029,0.6500266501815055,0.2745098039215687,True,5
-0.78507511945587383,-0.4190792499330957,-0.45610266288069445,0.47314112353832688,-0.88097279023484798,-0.004941668009601663,-0.39974308502866729,-0.21968050696714372,0.88991344569594155,-22.877261351039504,16.812946696192078,-10.973171127383555,,0.2034123200971712,0.2916666666666667,False,3
-0.34272988458604781,-0.81508098840953214,-0.46709657303921065,0.89333542382668552,-0.43661181177056607,0.10640463504387458,-0.29066827612938917,-0.38080586675596795,0.87778063609093426,-5.3481002940321023,15.068189601482372,-4.6293950857043891,,0.174629755367097,0.3478260869565217,False,2
-0.39995627531424205,-0.75195312879437537,-0.52402430280771084,0.87146237512188496,-0.48908835747842627,0.036686609627735858,-0.28388079643343467,-0.4419944238057808,0.85091281735611124,-15.423778334921312,-16.801549008564507,-4.0883998641836898,,0.5784766211626035,0.5967741935483871,False,3
-0.74499803329641878,-0.48616118374227069,-0.45675511360770038,0.55139399130287936,-0.83416583027678892,-0.011490602843907571,-0.37542322349522994,-0.26041250166025137,0.88951825851946464,20.706192339799841,4.2084599231746562,4.9756411157785037,,0.2717088881936564,0.3529411764705883,False,5
0.60351894627806191,0.76940220978658969,-0.20924894517996859,-0.71448775587188518,0.6383377107575785,0.28641266336167853,0.35393802874595748,-0.023349659532538591,0.93497736079925442,-8.9462609104247885,-22.867762891252696,-1.3240471355780483,,0.1422767055688731,0.1904761904761905,False,3
0.17777021074891372,-0.87785828903381902,-0.44470504443383851,0.98135770163378133,0.1246043987440862,0.14632431533305182,-0.073039808422177332,-0.46242682468498764,0.88364394311137051,-11.453309871312092,12.380396835451601,-6.3565074263481929,,0.7226595962644795,0.6737400530503979,False,2
0.59171810172278017,-0.58504882337638175,-0.55460577202144434,0.80114642601207831,0.50326257238818761,0.32386908978983958,0.089633097579323431,-0.63595963511777787,0.76649934789222063,-14.737703513815994,20.244184267819712,-8.6126125575305466,,0.3574922370568825,0.3125,False,1
-0.93606435171513858,0.020572697012475025,-0.35122684063970688,-0.01564457797290331,-0.99973539938789902,-0.016863522489916738,-0.35148083394143553,-0.010290546552593156,0.93613851967723327,-5.5334877379381986,13.808944306991547,-4.5399980198648642,0.8146007008716095,0.5681848418722449,0.8680555555555556,True,2
0.93718640744627102,0.134312131084212,-0.32193460382750105,0.011562307473409925,0.91043311375262415,0.41349468972236214,0.34863727675600464,-0.39124390963479505,0.85169258094093903,-2.2315127338163343,16.805016005357427,-3.8938241090130137,,0.2957162121774021,0.1818181818181818,False,1
-0.89631989094317466,-0.15112129178471753,-0.41686089798508807,0.16644358004493254,-0.98605089200312834,-0.00041598276527704536,-0.41098319644657233,-0.06975667386819083,0.90897019681032731,13.739549498597981,9.3886751381094804,2.0316742077238512,0.5975051551043485,0.3881040931439436,0.680672268907563,True,5
-0.28472834687268483,0.93996556595069547,-0.1881342693773165,-0.95641540342819842,-0.26528528151397235,0.12203809035431723,0.064802350053250982,0.21468221686725969,0.97453178562247755,-18.260019394746397,16.407970038970504,-9.3522798594536418,,0.1852727670181169,0.2424242424242424,False,3
0.90161120517766846,0.29824580508918463,-0.31328369642350862,-0.20138552194728074,0.93042569787500617,0.30618930791885912,0.38280687852766476,-0.21297291020341685,0.89894462191582969,-10.577050251471812,-22.384198842554884,-1.8138102426032721,0.4434617483382276,0.3229455136890747,0.3846153846153846,True,6
-0.81496172655144361,0.54817820685766494,-0.18798414237006189,-0.53368664308518787,-0.83635977232435943,-0.12522339330177629,-0.22586710971001442,-0.0017276469151197016,0.97415659110195607,-27.929210904535307,-20.427102760236014,-7.7516323088106187,,0.2934052613686962,0.3333333333333333,False,3
-0.65116788033988537,0.73885506667501832,-0.17341736378551084,-0.75488240065443835,-0.65413493085539209,0.047540019110268478,-0.078313171279510457,0.1618662493649215,0.98370034284871566,13.92180995736153,11.718923146664952,1.8574402468010722,,0.2951983933525617,0.1764705882352941,False,5
-0.92587417205111233,-0.088751810704612258,-0.36726030771827178,0.11080326032631387,-0.99306282456704986,-0.039355609053496943,-0.36121967696919022,-0.077131981431603561,0.92928521047669121,-16.275305058127717,16.958245712741817,-8.7330279719994444,,0.3008821469218285,0.28125,False,4
0.61440940543018563,0.78243950692200659,-0.10143717526909243,-0.70890940155583204,0.60390442401590594,0.36434448951475701,0.34633588163035856,-0.15194691395900004,0.9257232807019915,9.9100771624089177,-28.474240625263615,5.3624132731904917,,0.1511305871747718,0.4,False,1
-0.51171447401744496,0.84196587898786923,-0.17100220963845192,-0.85867396905241344,-0.50785851187744735,0.068983670425676907,-0.028763031008974982,0.18213508869465056,0.98285273439786847,-5.9971883080637181,19.012884382494299,-5.4320539151652358,,0.2294479284280949,0.4545454545454545,False,5
0.21463918737924567,-0.84776162824912815,-0.48500540296945555,0.9744408444635797,0.15216891538418997,0.16525635186553123,-0.066295247810699565,-0.50807956351263162,0.85875496927734363,-0.38152543231139346,16.158380288685191,-3.2190976958766395,,0.4038453973356327,0.3076923076923077,False,5
-0.90915118283293883,-0.15991811310031395,-0.38453910575636541,0.18013693530371647,-0.98349661677434941,-0.016884588617864321,-0.37549275797657505,-0.084620339728962268,0.92295427124603613,11.353299144435965,11.522708973607873,1.0772282376546727,0.3664681721464722,0.2936400272127685,0.6857142857142857,True,5
-0.73769941711560638,0.6612277079281409,-0.13629925992239289,-0.65377451223538563,-0.75003086729919644,-0.10016279373998463,-0.1684590666562002,0.015218947615149109,0.9855911558525724,4.0834351430772742,27.422357398812728,-3.2470748827334805,,0.3568615013745102,0.1052631578947368,False,1
-0.94054572521211988,0.033758517711810723,-0.33798535658680329,0.0040714416453314058,-0.99385688140641293,-0.11059802278543399,-0.33964269776948813,-0.10539858520407237,0.93463039544455417,15.439329671260023,3.9868197488600683,3.3260763424906443,,0.2518390057718803,0.1818181818181818,False,3
-0.78864451339276687,-0.48175887406006268,-0.38203169863228276,0.53928276474317849,-0.84042684297002079,-0.053449240091864664,-0.29532004866998113,-0.24817556060141199,0.92260227615898249,-24.261306826416121,-18.214670646478506,-6.8205131547533551,,0.26138034929372,0.5,False,2
-0.92265449049331427,0.19321470879477229,-0.33373157998288577,-0.2125256232144408,-0.97690830598889333,0.021977742541571338,-0.32177872933094182,0.091204374869089624,0.94241191172167504,9.98736754219631,13.179229458377796,0.46895806424901748,0.4182035607931684,0.3196707306387631,0.4444444444444444,True,5
0.41806002575615236,-0.72327795980540688,-0.54963151995177006,0.90837327437043647,0.33893732879963057,0.24490708759793478,0.0091547405368153922,-0.60165644682484631,0.79870251703610151,-14.436565059028657,15.370797815100397,-7.7625264302776227,,0.1545063101051278,0.2272727272727273,False,2
-0.83905443543258973,0.47558273349163066,-0.2642133947882393,-0.50006411195825307,-0.86546119148209455,0.03021274515491984,-0.21429777953189599,0.15747377446108629,0.96399090869399651,11.405167865759422,-28.859101636637309,5.8786563239237148,,0.5885225509731165,0.3478260869565217,False,2
-0.87962795816980843,0.35011545928884374,-0.32198419273774181,-0.39461015728416116,-0.915093031285512,0.08299137220736634,-0.26558892856100541,0.20005976421973024,0.94310053110268277,-8.7342399026440543,16.999063295623841,-6.0102513768334385,,0.0814899453723961,0.3181818181818182,False,5
0.94470465471191545,0.025136284456301061,-0.32695761586079247,0.052229836254309867,0.97279580679345445,0.22569971752290968,0.32373625000992645,-0.23029651644956586,0.91769186274081471,7.4241465063134013,18.50586407977967,-1.1151951311553605,0.3154143650138574,0.2429274882161221,0.4444444444444444,True,5
-0.93566637870182867,0.040403601999862468,-0.3505652246193891,-0.03278512024109824,-0.99908009089389727,-0.027642501157073063,-0.35135959309200987,-0.014370835914405321,0.93613028762952577,6.9503921840247935,-32.439083323930319,4.8401836071603324,,0.2008370286189977,0.1304347826086956,False,4
-0.047353981281035469,0.94951801650769696,-0.31011794011976346,-0.98844028207752443,0.000221764705605987,0.15161055236005255,0.14402572417224718,0.31371242746774508,0.93853135463284088,-18.823457542880522,-20.132094773548875,-4.7876578452874234,0.1994104362392005,0.1584942409914545,0.6666666666666666,True,4
-0.58847914372430987,-0.69151372980689962,-0.41892846512269027,0.72445902533117845,-0.68103974177481208,0.10650817217235566,-0.35895879710309653,-0.24081866956664158,0.90175104678090079,-21.059846287161903,17.914778288435027,-10.536731471182692,,0.1556202815304512,0.1904761904761905,False,4
-0.86935586034533696,0.36682356720930615,-0.33115080948573716,-0.42209187989858538,-0.89966807038979435,0.11151595421634711,-0.25701912965166146,0.23672311602575674,0.93696495843342986,3.8134097059092857,15.97433071380317,-1.9657328419071392,0.4668347015065002,0.3588081322305915,0.8306451612903226,True,7
-0.0082563441806563238,-0.92517314193152433,-0.37945551811684392,0.98654990147582466,-0.069487312110222799,0.14795541677727486,-0.16325172182495096,-0.37313023316832483,0.913303183185595,-6.9480397923075436,15.200559614101241,-5.2234693270989343,,0.07181665728618916,0.2127659574468085,False,4
-0.75853989175724434,-0.53116019674839965,-0.37747328117776718,0.5350196262639787,-0.83834634771031014,0.10454377453075021,-0.37198283848218172,-0.12265499040391774,0.92010027779788972,0.7372152185892229,13.381706019596004,-2.5904669170793877,,0.08690360935365063,0.2272727272727273,False,2
0.43919727250730467,0.8705750094353345,-0.22182179507165678,-0.8426283632539775,0.48481638510448766,0.23437259689251261,0.31158176657511205,0.083977530809643874,0.94650122929505387,8.3455749104902832,-28.395364117153232,4.8876332207277251,0.712641137535407,0.3223537937609082,0.5517241379310345,True,5
-0.9087043015575712,-0.15425370099366109,-0.38789468681657091,0.14728699878646595,-0.9879367081272894,0.047828869138740487,-0.39059318007262123,-0.01366954514142122,0.92046190101295577,2.5141219834043955,14.520541442572467,-2.192750552756543,,0.1440891258215592,0.4137931034482759,False,5
0.47388099957567725,0.87711077207859223,-0.078188821099011402,-0.82324838701511327,0.47279075095959061,0.31421489316084472,0.31256821898294762,-0.084531646800251159,0.94612658200214739,23.151979286270464,1.6244559754137187,6.0456286308889888,,0.143015473498167,0.25,False,1
-0.88257669128110972,-0.261279310333489,-0.39088554079032484,0.27987809742111625,-0.95998604903495866,0.0097486533524357294,-0.37779178735280183,-0.10079636724558101,0.92038766710493747,17.902009257435893,6.1961978517008554,3.7821206498577591,0.2283595247739451,0.119541604065458,0.25,True,5
-0.93454170832286687,0.19987992771720611,-0.29441435070448185,-0.19888306468944342,-0.97944536617635836,-0.0336496843282863,-0.29508866800457079,0.027106994879978072,0.95508527830967249,21.547430343435323,2.3802777637346675,5.4273190928589008,,0.2636373550296981,0.3076923076923077,False,5
-0.48908134332752529,0.84071437008916716,-0.2323763919474538,-0.87222236937220043,-0.46979277634999372,0.1360988084301539,0.0052514736680543961,0.26924727522286668,0.96305676198725387,2.5817826010189604,18.269127082438377,-2.5360621335445015,,0.253513147130448,0.3571428571428572,False,4
0.18773795034081228,0.95165628259615775,-0.24311475026639889,-0.95460238654682528,0.23506277521217345,0.18297479418941204,0.23127634033972705,0.19772660798388755,0.9525835621583284,-4.1977548327089913,23.741123023859561,-5.5845217833268874,,0.3005279812406495,0.3823529411764706,False,2
0.92328346816914142,-0.074090950676462958,-0.37690604722320192,0.21858708030772081,0.90819679854072277,0.35692893332276432,0.31585966144493127,-0.41193337586099821,0.85471841452238151,-14.168786498465568,-25.666474964095404,-2.5655647630590033,,0.3248080461023325,0.2352941176470588,False,6
-0.46201465014797377,0.85696876987601078,-0.22835715558274583,-0.88587019249598442,-0.4581689020910153,0.072905824210698675,-0.042148132767334659,0.23597835624037822,0.97084383414137032,-16.728688342682062,-22.10948840816005,-3.8630712213745606,0.5331850390581003,0.3055876154582335,0.6285714285714286,True,5
0.0052906042662724372,-0.88317825288452345,-0.46900765786748111,0.98221521738015127,-0.083438112827506294,0.16820032126796888,-0.18768397974617149,-0.46155633996255202,0.8670296816066988,7.3497883220624107,20.466262527515422,-1.3384861247808892,,0.2856786318403995,0.5238095238095238,False,4
-0.84960141438146175,-0.37052749033067267,-0.37534892512204315,0.36660698593065399,-0.9265042543071389,0.084789059539625677,-0.37917905341390024,-0.065568633202362975,0.92299729132436392,14.778081364031506,4.4409688284840207,3.0936996071499427,,0.08337127214177738,0.1764705882352941,False,4
-0.71602561947462506,-0.58721748371777704,-0.37746912333612315,0.59974102273111352,-0.79418994815480404,0.097841871932763211,-0.35723664133094934,-0.15632643111780958,0.92083876385855468,-7.52471661381104,17.690515320138456,-5.7637557527405399,,0.08891121363803421,0.3783783783783784,False,4
-0.78994216654300409,0.54655116292562755,-0.27798057454071862,-0.5795802329983617,-0.81353079438223874,0.04748052347402279,-0.20019522230789738,0.19861891374299384,0.95941252861771809,-4.2125855042840428,21.304332742734879,-5.2074863327017873,,0.1910071632156807,0.2380952380952381,False,1
-0.53039253502368633,0.79276756121820291,-0.3003387298889213,-0.84567024254613221,-0.51958718347517374,0.12194670819789395,-0.059376760294863343,0.31866715025003611,0.94600509918731801,4.1396113449294853,14.736725093495943,-1.7273118070007381,,0.07773516316427209,0.3571428571428572,False,1
-0.48100114447264203,0.85035629592563822,-0.21338244772154286,-0.87613792370219024,-0.47509454983673438,0.081654806142965913,-0.031941159447068351,0.2262285099077021,0.97355042172355799,-16.815179037534673,-17.500283483068451,-4.4771964796299155,0.5034208495042173,0.2339034490055101,0.4666666666666667,True,4
-0.91298224148436402,-0.18126418378774301,-0.36552253338193652,0.19437716923931467,-0.98092641455668128,0.0009409056721539355,-0.35872126060870224,-0.070190205162375341,0.93080201562231601,8.5624659668419483,10.028446571774573,0.34318618820472085,0.6154850638614051,0.3599863869457725,0.3076923076923077,True,3
0.94474723178205733,0.1730868542579494,-0.27837673919209988,-0.060282938965216755,0.9264837941367261,0.37147509535866818,0.32220899321691043,-0.33416870003802418,0.88572718407252315,-28.753661214019345,-22.691156095235979,-7.7937137583276863,,0.2831922941224424,0.2,False,2
-0.9267999791649002,-0.077877831427623126,-0.36739194600871505,0.096374741190331889,-0.99482277809646291,-0.03224204461462285,-0.36297893586327629,-0.065289229989068637,0.92950718586087189,-13.502396449213814,15.888776164094475,-7.5238377621718495,,0.1087356603213412,0.2,False,4
-0.81517554028223493,-0.40089318415233294,-0.41805919847046658,0.43630565641492985,-0.89971822594262429,0.01202031975418022,-0.38095434464762645,-0.1726029223589774,0.90834025479840819,-19.744651653440968,15.264744443127512,-9.6193777218231276,,0.1952028349678241,0.2682926829268293,False,4
0.70490650409404998,0.66874455751235351,-0.23640545104441196,-0.62626055743111653,0.74328002803653814,0.23522864223574161,0.33302332454645378,-0.017762790310358628,0.94275126549287536,-3.6882246315418419,14.159425563639688,-3.9956493519489715,,0.1771027846642249,0.4,False,2
-0.73330852885881148,0.59934453969598844,-0.32100580094373588,-0.65639058204338974,-0.74715326786344471,0.1044672107683354,-0.17722868082696289,0.28731188116327483,0.94129797494457335,3.2951696245468161,22.052258319932204,-2.7264897331531595,,0.21459669364817,0.3571428571428572,False,5
-0.91600513420324614,0.0011216114340776226,-0.40116497367178472,-0.00063477028336409239,-0.99999889203947978,-0.001346471871238708,-0.40116603941507833,-0.00097872754310140541,0.91600483127132892,-5.3775194504890491,-24.839246608271392,-0.071243445218894738,,0.3915025296090494,0.5,False,3
-0.88963311103109577,-0.18295260431852522,-0.41842714100570066,0.22674455324436557,-0.97228674992514197,-0.056968267430378333,-0.39640867211899955,-0.14555693213679352,0.90646199268131367,35.354014175508965,-5.6015717155757603,10.808616507022936,,0.2567717722508092,0.4444444444444444,False,4
-0.17218434227911608,-0.8641833412460691,-0.47279985721940393,0.95983082128303809,-0.25512685249745154,0.1167693609208886,-0.22153407590941271,-0.43370201964888766,0.87339865546234874,9.2592964446408068,6.2561611648051478,1.0235973647513523,,0.09745719452635174,0.2413793103448276,False,5
-0.93132172491411347,-0.10797537876818709,-0.34782346424999511,0.14767316231702463,-0.98496555935779051,-0.089640861275898848,-0.33291512707338922,-0.13484867244011606,0.93326488935716834,-12.881836767870247,17.692571504966796,-7.627221428486191,,0.5873448149581612,0.5081967213114754,False,2
-0.45702595972279353,-0.76452897423784827,-0.45455771876658624,0.83438880728212128,-0.54553858828340185,0.07863184454196534,-0.30809509963934578,-0.34334107858596863,0.88723971582298167,-7.3526612290628659,21.907745151746166,-6.2772678886843485,,0.7615165594013606,0.6153846153846154,False,1
-0.91700327943579163,0.28460467877189782,-0.27947300822288496,-0.27642085255606286,-0.95854513630264604,-0.069157313009699933,-0.28756998761376906,0.013834684372515088,0.95765970142432644,-4.4938020000792447,-21.156167130264983,-0.11179382438614574,,0.5814874354971299,0.45,False,2
-0.49592259048710791,0.84543794205518252,-0.19823085122668208,-0.86538029495053415,-0.50008371485773251,0.032143790153270096,-0.071956440683815334,0.18748590418372518,0.97962814699074896,-0.61167723116542128,18.512607679808973,-3.5308667070000523,,0.2604307904916872,0.2352941176470588,False,4
0.9344121158621399,0.099778180515532583,-0.34193319877287109,-0.031973572544759223,0.97958458827623252,0.1984734870717208,0.3547558151584877,-0.17452320506079788,0.91852597269023517,-5.113109726597215,20.828292594180898,-5.3868591071470631,,0.05562798547075216,0.3,False,1
-0.76674405866767847,-0.51674359502728495,-0.38089316808797274,0.52112628166216779,-0.84751187478604928,0.10075227370932413,-0.37487457510316491,-0.12124223313232427,0.91911336289181877,10.86041455705686,6.7303055229355122,1.4071800443060565,,0.1693432402113032,0.4067796610169492,False,4
-0.70814851580377869,-0.54087767821360089,-0.45384690896289104,0.60942196078288891,-0.79282305678382314,-0.0060393995972137793,-0.35655371724390345,-0.28086106501653102,0.89105920615710799,17.322341469292745,14.533042655148945,2.5882072122735384,,0.3399732693001073,0.6,False,2
0.22424339660238093,-0.79509146999797187,-0.56351082812727871,0.97353377770306926,0.15658507222280213,0.1664725167352577,-0.04412349432465712,-0.58592718787699549,0.80916157085908236,-24.089577134438535,19.281760374667538,-11.805147006996203,,0.4637487088134208,0.1111111111111111,False,2
0.78786774893163147,0.58265697940104433,-0.19943734491978826,-0.51033596945521464,0.79896815868640481,0.31813060161742002,0.34470510363731166,-0.14886479019736806,0.92683205909478739,18.152067383360695,19.27180076572315,2.3468369254659054,,0.2404389645842524,0.2380952380952381,False,3
-0.94039135188672218,0.062397952931481142,-0.33432110427943984,-0.01992039504943657,-0.99144307820247712,-0.12901085437075144,-0.33951035795353551,-0.11466088327916156,0.93358748850223172,23.496270552066562,3.4257174336409459,5.9331056611848165,,0.5979654089262907,0.5384615384615384,False,3
-0.86409638993749016,-0.24390717181015245,-0.44028027486655597,0.3033469645908578,-0.95038939685418256,-0.068852112681140332,-0.40164418080000897,-0.19305254695734089,0.89521654706711806,6.4522395973933273,14.028098335081893,-0.90240542741091812,,0.2852282127161954,0.1428571428571428,False,4
0.223721664898447,0.94171320267260428,-0.25124661304617368,-0.94437073852665798,0.27320261410185748,0.18309625846129865,0.24106539542141298,0.19630734973509834,0.95044773636970692,14.517788860441142,15.211430165889421,1.6012042897754823,0.185484482776221,0.1836894344238402,0.4375,True,4
-0.92230593521540305,0.18419620051408175,-0.33974037378948296,-0.21059703795966164,-0.97666162247846044,0.042201454718516523,-0.32403803707135709,0.11047096855698525,0.93957198534067854,27.811747581226836,0.10660694166441903,7.7097480488341859,,0.2797899853839149,0.4285714285714285,False,4
0.91809452639665978,0.28566852329918807,-0.27476523687787385,-0.14794538291296574,0.89010167224844006,0.43108140383837745,0.36771538487698457,-0.35512322911433364,0.85946081229348636,-15.807704056770476,19.803864930020726,-8.9813707346262905,,0.3954394187661149,0.2352941176470588,False,1
0.26257563334342765,0.95832301072626669,-0.11256573140544029,-0.92854998288743062,0.28267893229239749,0.24059831777837154,0.2623908650354469,0.041347652298213577,0.96407541489002591,4.3651539940483399,-29.777891915820483,3.809668565599126,,0.4080533417371991,0.15,False,4
0.14639611584060319,0.98062163217022624,-0.13018982981242286,-0.96679672275146544,0.16969869801317405,0.19106660820159296,0.20945709380160005,0.097895691490669901,0.97290501049370315,15.250809921882878,9.2624504692826299,2.48645678179181,,0.3440473362057228,0.2173913043478261,False,3
0.90673497718419438,0.2769065333803683,-0.31804787834859949,-0.19944819114729936,0.94611636093504115,0.25511615123136566,0.37155363031310701,-0.16788866353122739,0.9131053041456112,-1.0870438001225984,-25.553731195101911,1.5208590490835983,,0.1728806882117499,0.1052631578947368,False,2
0.039686984727228564,-0.87806635446693582,-0.47689036517464445,0.98585814685838447,-0.043358105141745665,0.16187584437299057,-0.16281479513917665,-0.47657061582903149,0.86392811657690882,4.5942435149913186,11.369340389001065,-1.0952582919804017,,0.2347436930518031,0.16,False,3
0.89199553558075673,-0.26594353615971528,-0.36553795983298915,0.35911020771570368,0.90803173860074771,0.21568082995038323,0.27456114659285247,-0.32365475010969375,0.90546329550846416,-8.3709531181105206,-30.836845827531604,-0.19153799943201555,,0.3756781080419597,0.6176470588235294,False,2
0.94046037367220492,0.014011951389880095,-0.33961441484510829,0.066401802230169005,0.97232523982499075,0.22399649251687156,0.33335429532694377,-0.23321083426273967,0.91350293955167683,-1.9546153865643157,15.044214592829169,-3.5306937367502287,,0.09670426851986379,0.1153846153846154,False,3
0.83316869726715559,0.50742825296162553,-0.21987835270999773,-0.40367824847265371,0.82979273969187028,0.3853412524824058,0.37798649923535643,-0.23229416103503611,0.89619508431190753,-6.7585221505482806,-19.187766443914288,-0.98475736244570045,,0.4823545127404505,0.1521739130434783,False,1
-0.51541875990379171,0.83635871396434314,-0.18667512827141117,-0.85230005631029426,-0.5229524993457112,0.010261454163195724,-0.089039968287881327,0.16439216831705908,0.98236810770876981,6.9703032324587584,12.482505930958979,-0.42283976695611297,,0.1124385989313428,0.1666666666666667,False,3
0.1991077047984528,-0.82302365572989022,-0.53196633727981246,0.97611281473989553,0.11839641696339259,0.18217041842952691,-0.086947655462643603,-0.55553069272474742,0.82693757602996354,-5.0201229975945338,-21.742645186060788,-0.24337987022347116,,0.3158987335590911,0.2666666666666667,False,2
-0.098609408508873425,0.99492202267101892,-0.020158208197633587,-0.98719513931404868,-0.095251027094170937,0.12795701915964686,0.12538716628206742,0.032517851123875785,0.99157483221895026,-5.4263964101541911,22.925855726009409,-5.8443487911528562,,0.749105507634368,0.6595744680851063,False,1
0.86045577764849646,-0.33038425865886528,-0.38789443968914283,0.45769205123974066,0.83571559407179352,0.30347558725075191,0.22390587518705399,-0.43866352419099336,0.87031056043291688,-10.254945523184116,20.68744225174126,-7.0888350746336126,,0.4185381556056242,0.3666666666666666,False,4
0.59476503651305579,0.76493487115329284,-0.24724318845080423,-0.7270899656790587,0.64305801803899687,0.24045075846123529,0.34292088468107279,0.036756337269287759,0.93864489479253965,-6.611421199821474,-23.07473630607139,-0.58480221040384373,,0.09428860169840352,0.2631578947368421,False,3
0.85995025855763796,-0.3570027941852722,-0.36473902690905063,0.44367093310934902,0.87614393887463049,0.18848846513017342,0.25227297897423012,-0.32391480873395923,0.9118319695877698,11.098362257786674,-32.27199409405727,6.1560298764900416,,0.3838353742528074,0.2222222222222222,False,2
-0.00073554116891747911,-0.85695316425954515,-0.51539376523658242,0.9861088639689144,-0.086227832761380727,0.14196502829644869,-0.16609866760791603,-0.50812993921124927,0.84511253540344922,17.093693747862364,12.193088342504696,2.763759913796533,0.8105613113666393,0.4308152065195647,0.2352941176470588,True,3
-0.73056745836039305,0.60374213774904328,-0.3190088084850477,-0.66037374904376045,-0.74353999426591311,0.10514175431736583,-0.17371730011349712,0.28747818705644496,0.94190158276117975,14.424474989933412,7.9137773390739596,2.469795968844763,,0.09822448460652067,0.52,False,4
0.87818488520869697,0.40464254950185408,-0.25506021744605151,-0.29453389721114942,0.87761579934416845,0.37820667912545886,0.37688339149476935,-0.2570115092250449,0.88988987708663414,-17.584809868946071,-19.529633157434141,-4.4903192869660344,,0.1125043724112529,0.5,False,1
-0.8095190823141919,0.51776834711425657,-0.27675764505386169,-0.54819420813310671,-0.83536277155659311,0.040646648897582668,-0.21014748520623491,0.18462117598980343,0.96007971327262065,22.753469944772181,12.4654255718018,4.6676044800065251,,0.2158855463705226,0.2727272727272727,False,4
0.69879107732831491,0.68070512808603689,-0.21984439688949137,-0.60480413990487913,0.72634085786124558,0.32655919915890963,0.38197248932384076,-0.095233853218070513,0.91925379009334873,-7.6569566648097398,-22.891750830457394,-0.89192582904301831,0.4103093197003242,0.2578987950356559,0.2692307692307692,True,4
0.053347749937479233,-0.89604734557819832,-0.44074161598250816,0.98835506352460734,-0.015607791072949333,0.15136269442333578,-0.14250714361700306,-0.44368406703428931,0.88478029062476005,-8.6015176989807554,21.001216421740573,-6.6394200715980825,,0.2308203517060083,0.2173913043478261,False,1
-0.91908821356664994,-0.091972673399759439,-0.38316821766760351,0.085366881192554311,-0.99576076906750277,0.034248888763790286,-0.38469384096749348,-0.0012321257238381636,0.92304340666508211,-26.836454288821496,18.355861787484294,-12.711390189479912,,0.1790469725452437,0.2424242424242424,False,3
-0.57496941067812335,-0.63187024576378104,-0.51975972266314685,0.74164552730561417,-0.67077361424356496,-0.0049669167703223771,-0.34550266078864011,-0.38833329879504874,0.8542980512882643,-10.471146095695056,17.319830645082849,-6.7165340030172223,0.4835546062766964,0.3532557084207553,0.1153846153846154,True,3
0.54010937796345915,-0.69864020948803307,-0.46923737865012594,0.83727758036426625,0.50246808340307514,0.21562021839474821,0.085135851762249568,-0.50934043904618143,0.85634350811865123,2.7820095390805424,-26.4933375127796,2.7591662852374648,,0.4276934630937307,0.4545454545454545,False,2
-0.93830161204395557,0.071923679326537732,-0.33825592262050336,-0.054261019029627759,-0.99663729043683602,-0.061399129672894681,-0.34153451750823216,-0.039256791295977429,0.93904902837262105,-14.746706810604111,14.556269611087563,-7.7805274462376461,,0.2190424124634553,0.5185185185185185,False,2
-0.90931598033585792,-0.20549363474270899,-0.36182428606447797,0.18829631200931227,-0.97863364673031239,0.082587434704216645,-0.37106461268831731,0.0069678954901448292,0.9285809074296697,4.7602447136650632,7.8405465838250556,-0.61679783902362362,,0.08395737598744954,0.2142857142857143,False,1
0.18753661212550155,-0.8865392193185504,-0.42293998595846177,0.98034629821561059,0.14208440523321961,0.13686912494960563,-0.061246670827382201,-0.44029562159937152,0.89576146987520322,14.547782424459022,5.9474982966006822,2.764753691421904,,0.3699468955165552,0.1395348837209302,False,2
-0.92905907786393926,-0.043618068959320272,-0.36735091383970458,0.081365466758614738,-0.99280092235197992,-0.087897607454412219,-0.36087240218359573,-0.11155174869681397,0.92591971396278383,26.790008694522456,-0.93509326216514754,7.5227606433168024,,0.07085052405667609,0.5,False,1
-0.36146273078856095,0.8842566538189478,-0.29569386944573844,-0.93221022574854162,-0.33657165132335376,0.13305494555003677,0.018132547000593413,0.3237432527519114,0.94597120306956617,15.693834136117129,7.37192228757434,2.9566997587547843,,0.0749214573529532,0.1666666666666667,False,3
0.16472134406927147,-0.80497590843785793,-0.56998303978509679,0.98098800984176004,0.073584768761757402,0.17957674223847242,-0.10261288103701549,-0.58872665018744086,0.80179269640247974,15.815358775116723,11.526301278947841,2.4295076076709075,,0.3103925604050196,0.2727272727272727,False,2
0.33902775699628818,0.93878018648325778,-0.061253093411894777,-0.89977538761711373,0.3425761485738506,0.27026992852846343,0.27470790273404877,-0.036514981785117084,0.96083412943165891,16.448555963420581,-31.193166930825136,7.8444991532736186,,0.2465016209501002,0.2352941176470588,False,1
0.64832240054975088,-0.59461267713816146,-0.47551427857846318,0.75515884681619405,0.58178742690024321,0.30209022820347886,0.097021549259140777,-0.55494067618744825,0.82621284478757251,5.0282000246702969,-26.678151218154142,3.6321145496492946,,0.4217442364426428,0.3125,False,2
0.85718829194546842,-0.2858232926051163,-0.42840784021301631,0.45165854422417673,0.8169151367376839,0.35868400967725012,0.24745260471635483,-0.50095379504822846,0.82934462296796141,5.3318659372932347,-25.16557036092,3.4889652504619839,0.4152929098757271,0.4424397015658538,0.4893617021276596,True,2
0.52009424565641149,0.82610876473606898,-0.21690155476928838,-0.79550828676882668,0.56097412887373566,0.22907333414537734,0.3109156498428709,0.053407261309672327,0.94893578450924987,12.405254472404906,-29.880579881339138,6.3273629731377063,,0.2010297532261019,0.2692307692307692,False,2
0.93804852406860784,0.099213901712754335,-0.33199633762985792,0.070133124233326891,0.88393745871865792,0.46231581625472618,0.33933215494258639,-0.4569586094833239,0.82221804762549933,9.9493927992270415,-26.474798393273517,5.1193553791399804,,0.6756174744603295,0.1515151515151515,False,1
0.92449881404531509,-0.10406074209445662,-0.36670601956275084,0.2230217443046498,0.92783716371528757,0.29896404331638593,0.30913305290136317,-0.35817531961809079,0.88099216569749417,14.526539491862694,17.499949163901331,1.4117204063086213,,0.1770380229956425,0.4117647058823529,False,1
-0.43653149109094491,-0.66268626995183277,-0.60851225534350817,0.84729185252926975,-0.53025920255732284,-0.030359425896914372,-0.30255044855930147,-0.52884032157221017,0.79296351767024353,-1.9244165891347209,-20.944031402725948,0.71644168733712688,,0.4783017728565448,0.1891891891891892,False,1
