axis_00,axis_01,axis_02,axis_10,axis_11,axis_12,axis_20,axis_21,axis_22,location_x,location_y,location_z,dbh,dbh_approximation,score,reconstructed,number_clusters
-0.29853541568941355,-0.85980110708687651,-0.41426882797445685,0.92299458727353845,-0.37052728031460985,0.10387745860583973,-0.24281185605916866,-0.35135678561092221,0.90420728362597313,-20.397512537416599,4.1448321075957404,-7.2904855907763721,0.3842524421160112,0.2073196256881799,0.1777777777777778,True,3
0.30552690140539657,-0.87267452013454394,-0.38091008706197543,0.95213038750868684,0.27577626845255299,0.13189076897548166,-0.010051751099965756,-0.40297224676933996,0.9151569978061117,-0.43936638840122655,14.51336529308324,-2.2063851739656779,,0.6451633695499805,0.5967741935483871,False,2
0.52213520000314029,-0.74614422115855383,-0.41309034623115493,0.85111037112305532,0.48689537635593422,0.19632633203416,0.054644021488677516,-0.45409436653068885,0.88927629969579014,7.8005937191793207,-9.2894045074804232,1.777178758473714,,0.09228519548438137,0.1578947368421053,False,5
-0.22222264095803718,-0.91542496898425241,-0.3355804285202228,0.95722899980406606,-0.27025037961487602,0.10333138077139241,-0.18528286423666479,-0.29826474561737343,0.93632708053439395,9.8180919219088043,4.7064610471834332,1.6989334821366102,,0.1490063140778525,0.3103448275862069,False,8
-0.77764306046206755,0.62244796781065448,-0.088486145150385859,-0.60840581692322093,-0.78051922378239269,-0.14363879434233001,-0.15847281296543131,-0.057864226206843838,0.98566632227965767,5.8081206845520565,-0.8523977388584939,0.61759105935829506,,0.1422097193521705,0.3422818791946309,True,5
-0.33100837235698266,0.92676281544838801,-0.17760670407323348,-0.94361783136574295,-0.32422308626456353,0.06681899925688882,0.004341170140857234,0.18971050112014717,0.98183047416880964,11.177564982976723,1.3954030141209537,2.2154346678151837,,0.2250605854826395,0.3333333333333333,False,6
-0.85885070294122723,0.46499819079354709,-0.2148305206810448,-0.47191101546299158,-0.88139234169684,-0.021154987186235194,-0.19918700645887744,0.08321191355142428,0.97642220063918173,18.328210024466514,-11.539901454415791,5.3492831128945699,,0.367984645564802,0.2,False,2
-0.96051022255977936,0.011220338630119517,-0.27801837413953162,-0.032263567509231005,-0.99693792075983145,0.071230922797902468,-0.27636782477296529,0.077387894092609155,0.95793107230017893,-0.91928092959319163,2.370075388793309,-1.5647037844113254,0.2386086105583114,0.2013010734325344,0.8424317617866005,True,4
-0.073506331449891188,0.96470280810662701,-0.25287410161573609,-0.99300847821662463,-0.047315347015043835,0.10814536572016097,0.092363312124891489,0.25905549592323435,0.96143604498962143,-3.8892852172618855,7.2682978999414809,-2.6890757309733289,0.2310260883027113,0.1910601787864196,0.7724550898203593,True,4
0.88756001246844463,-0.27681615728020675,-0.3682526840847653,0.40095891958930391,0.85779859716461215,0.32157971251961892,0.22686817553106042,-0.43307549200000062,0.87233964094277228,11.851831805910628,6.0486413636554506,2.2274140398645996,,0.266136450175311,0.1627906976744186,False,4
-0.92016697934509617,0.29565168432761901,-0.25667647277684758,-0.27488198320672869,-0.95467157982973949,-0.1142018825314418,-0.27880571269480386,-0.034529063405072558,0.9597265852049276,9.9886034249200186,10.557600766256627,1.3766429815497785,0.726385403864078,0.4977994313947523,0.5,True,4
0.95901252284162675,0.11886604010120823,-0.2572272255100439,-0.048075051563338154,0.96285530714929857,0.26570368253302457,0.27925574380864471,-0.24244694678441692,0.92910478824769427,-1.1392269812124254,-6.0693777337556973,-1.2720706024662205,1.175251149762899,0.8133308204451997,0.3423423423423423,True,5
0.26815408900255933,-0.88806668337658945,-0.37340453991309874,0.96162168791186264,0.22336083647909305,0.15935390194438509,-0.058112940802787685,-0.40180530435008616,0.91387930467178602,7.5007406040313791,5.4810461084939579,0.89817801048556889,0.1494885092167874,0.1360584768802427,0.25,True,4
0.93010289313922934,-0.19198911827098786,-0.31312742875635313,0.28521251255485736,0.91468680894918708,0.28635967631022935,0.2314355868404461,-0.35565182411999896,0.90551054612518811,5.5262414267985145,-6.5947471224626693,0.86192670375141489,0.2316784118894605,0.3538419765517301,0.4642857142857143,True,5
0.88378306780027749,0.40161328523756529,-0.24007136062058837,-0.35422216941123519,0.90951453964550033,0.21750852137567339,0.30570270487375267,-0.10719175012156298,0.94607387921808095,-22.804188467014182,0.7175865939481989,-7.7325402833727539,,0.08311947314393824,0.3,False,2
-0.71821458087759049,0.64643216520026126,-0.25747479800813539,-0.68305733683093794,-0.72554633334748098,0.083756747593569811,-0.13266683992714284,0.23602536719710651,0.96264818891598058,-7.8471681625439054,-21.745824495662429,-1.6596676152425269,,0.1708901442310857,0.631578947368421,False,1
-0.95912617742368156,0.016939025475623502,-0.28247131747590543,-0.01650677412455322,-0.99985610816386294,-0.0039101630931458881,-0.28249690651162634,0.00091235045360754468,0.95926777566434063,3.9328036667931814,-17.075566062062737,1.2267427072195458,,0.1968235876776908,0.2758620689655172,False,6
0.7710540555091312,-0.44318726618684073,-0.45723155028142365,0.61732835677177367,0.6963397634852031,0.36608282357252298,0.15614526380387347,-0.56453164736727013,0.81050766542483299,-6.8662915313206314,-12.441166149187834,-2.5619235615063123,,0.1466723874171928,0.1111111111111111,False,1
-0.70117848625059331,-0.63253031093667345,-0.32901996317196569,0.65246316014462569,-0.75531324781071074,0.061593200401698626,-0.28747270317964918,-0.17148557790085672,0.94231212530593822,7.9340779144170916,8.1493796129198941,0.83836492291719844,,0.1202090070713342,0.4090909090909091,False,5
-0.86055043277097887,0.45441636998116236,-0.23012760666818438,-0.46576411364635767,-0.88489101120013081,-0.0056292749475594372,-0.20619588525697125,0.10234090575305527,0.9731441804340919,-6.8435984129008371,14.080264026724301,-4.0586636600498869,0.1503157984552067,0.1218214815064061,0.3684210526315789,True,4
-0.27875587805800361,0.95718862527702309,-0.078007025891224158,-0.9544072211433603,-0.26708065269145481,0.13332209564552661,0.10678022606044603,0.11161478664670335,0.98799803781398821,13.61957535809594,-0.27407134223807733,3.0763745731793071,0.8740004348595153,0.6644153649565736,0.1304347826086956,True,2
0.95765179106899689,0.15495256617094935,-0.24267828353476859,-0.083508586912811739,0.95608762910219791,0.28093195152841755,0.27555283154808868,-0.24876926601728236,0.92853890026807984,-6.4378325660891225,10.916282215850504,-3.6972654197304888,0.2670850808390578,0.1862656882608972,0.2682926829268293,True,5
-0.88912250213050992,-0.30069431330689911,-0.34502768896144281,0.34154132513223701,-0.93776151329750979,-0.062871833159846582,-0.30464848503167918,-0.17374197570781927,0.9364843973313417,5.2258320817578046,8.3960067736355324,0.042379128561783254,,0.3894265407373139,0.5151515151515151,False,1
0.96065391643992037,0.091697665468560507,-0.26217473367252275,-0.049713799952513751,0.98545370219107331,0.16251011947626026,0.27326286048953613,-0.14308228047358945,0.95123859787729026,6.5061818944175931,8.6964551661718339,0.41035964214211307,0.1515189932005647,0.2009576596458676,0.24,True,5
0.93116235195321095,-0.15484385287152794,-0.33009098068997017,0.24674920098360398,0.93414293867959064,0.25786004329676987,0.26842411612766587,-0.32155925012812131,0.90804633281464353,6.0611387556349543,-14.69226302096345,1.7407737746516638,,0.2276524919916391,0.3333333333333333,False,5
-0.023082374774240074,-0.93860049147108504,-0.34423294639679336,0.99198998436792873,-0.064276013356272671,0.10874035598957166,-0.1241896730348222,-0.33896564946504587,0.93256592989141618,0.91156320248199785,-13.040819758922657,-0.041310084263185616,,0.06633389162300769,0.2,False,2
-0.96675895876373386,-0.005510802403379457,-0.25563009741994863,-0.0049542361246852585,-0.99917630138238345,0.040276224999884369,-0.25564148957961097,0.040203853207016756,0.96593533892948891,13.242357584025259,-5.354485810783272,3.1169473518036663,0.2415855519713995,0.1561029220143428,0.3076923076923077,True,4
0.90156970644384815,-0.28414420558745246,-0.32624244796444002,0.36946150989952975,0.89802105601452664,0.23886476436953763,0.22510054892317444,-0.3358872629106836,0.91460892707695329,2.0062085646067214,-7.85263387006031,-0.14827780500364598,0.1215078623963533,0.1876280072910438,0.125,True,4
0.60291877919779135,-0.66772124621325568,-0.43662029619116716,0.79552595268439041,0.54448850225897405,0.26583966881068055,0.060227936177811664,-0.5076225056704996,0.85947192359062285,-4.5974161732583658,-11.832660218368559,-1.9168610975428917,0.7451446578488748,0.5314375254911967,0.7339449541284404,True,4
0.78806263509522378,0.5806326429115316,-0.20450676554173516,-0.53869641391289358,0.8112340603674647,0.22738837467448708,0.29793196673764394,-0.069029220517738743,0.95208797382938981,17.310344223387386,-4.8007894973047813,4.5266851611998771,,0.6995698453439951,0.3636363636363636,False,1
-0.77452398866506267,0.5783283086296338,-0.25622052692934405,-0.61389044751682964,-0.78490091067457257,0.084077814373439419,-0.15248314474049346,0.22241161808640975,0.96295480823880641,-3.0046473283876578,-11.298295344563387,-1.4575104163403816,,0.1363382764889627,0.3387096774193548,True,5
-0.66231688206721084,0.7239830210060374,-0.1928339519476282,-0.72686712627457684,-0.68331150481290759,-0.068917110586979788,-0.1816604758061226,0.094519694695292672,0.97880820329858387,-17.574408629120477,4.8667611784116787,-6.5592264558512818,0.6695385012593916,0.5615868800621587,0.5462962962962963,True,4
0.85276726484055654,0.49721645330938546,-0.15988680550562204,-0.44822341921635489,0.85384498792869667,0.26465922061217512,0.26811146652531753,-0.15402770902496782,0.95099511374673429,-9.3040543972326599,9.9495372150027066,-4.3811567381435665,,0.6440282762777656,0.925,False,2
0.45049113436834221,-0.79024121723974616,-0.41542334603506648,0.89234028084724815,0.41317081898921626,0.18171047716968902,0.02804569544475885,-0.45255794425822038,0.89129386066313454,5.421494141743012,11.263269878437475,-0.1193838777173867,0.4268449910640086,0.2992610966006828,0.4117647058823529,True,4
-0.19250683234046925,0.97696465976624169,-0.092093284608976422,-0.9810284121888696,-0.18941498390449235,0.041294289564607026,0.022899213532853825,0.09829556165103448,0.99489376748439029,7.2054284752242861,10.222716068835455,0.54019547951665947,,0.4899860891744099,0.2941176470588235,False,3
0.79756798174028865,0.58290836000523405,-0.15525191895345963,-0.52792970839373132,0.79901364994837465,0.28786700087277484,0.29184848380286743,-0.14763140259506172,0.94500234469009792,6.7902218158253023,13.157821634787066,0.10639974973537768,,0.616659325049932,0.125,False,4
0.0780959154542894,0.98080559976157045,-0.17866561914846241,-0.98633326256606146,0.10209325569229025,0.12931999960538765,0.14507833451327354,0.16612447928735724,0.97537425342089057,-1.6210551778260345,-21.593782427148543,0.12240161422828201,,0.1558701224304491,0.3333333333333333,False,5
-0.17705487862988048,-0.91203453480985319,-0.36992509683384961,0.96746265728453695,-0.23030668731989501,0.10476085402323899,-0.18074174037366303,-0.33934029688486855,0.92313627715348101,-15.404031569292194,11.745122934678648,-6.3864894986066956,,0.4626282940618425,0.3043478260869565,False,2
-0.12250401834752656,0.97646515165007919,-0.17750654382781655,-0.9875449460927439,-0.10213849664196589,0.11967751230033989,0.098730668666771187,0.18995666641817766,0.9768156018143368,14.123145285508608,7.515668110222693,2.8064949114133428,0.7202298209472722,0.5004056660441621,0.7191011235955056,True,6
0.89733314490049543,0.3643825001286794,-0.249035380343757,-0.31773702306024332,0.92496851189990825,0.20851003853647809,0.30632729431084171,-0.10797520823616057,0.94578271456321128,-10.242084611731926,-15.454825773438092,-3.266564715285408,,0.2069361267469692,0.2083333333333333,False,3
0.93462904259635704,-0.08571686992253863,-0.34513935004009672,0.17654424274305244,0.95431535284403113,0.24106915539001444,0.30870808717897225,-0.28624259909533967,0.90706366445440056,-9.6013295671603327,15.983501593652843,-5.0386883644165783,,0.2073871600584685,0.3703703703703703,False,3
-0.66538850771163871,0.71073025496887821,-0.22829944913895958,-0.7381175613622033,-0.67209139765719483,0.058954379005401236,-0.11153743503413033,0.20773939892825349,0.97180437471691561,13.13833640514448,-2.1600874260153269,3.117949027063212,0.7658898043574571,0.4061677676751196,0.7121212121212122,True,6
-0.33689570335211305,0.91160133674194455,-0.23555103038021979,-0.94149905850224136,-0.32377915599012536,0.093523157483661093,0.0089893215693209183,0.25327862325237843,0.96735160675997289,-5.8614209585557404,3.2548971750743583,-3.008504239365076,0.7019681676079476,0.6258701172641463,0.997003745318352,True,4
0.1498172526960746,-0.88577447198502424,-0.43927027622438952,0.98736536632645699,0.11084120196660865,0.11324248904725434,-0.051618060537186074,-0.45068593579814342,0.8911889603782861,-18.043267145470892,8.363146768576506,-6.9064640890877964,,0.6647029062261651,0.5405405405405406,False,3
0.087420369231553427,0.97920310370802333,-0.18308184162279451,-0.98358723383315549,0.11396614289803421,0.13988520905866722,0.15784116219751121,0.16784814554090249,0.97309463442905708,18.588852346101451,11.721004027278765,3.820203074736086,,0.2158702808731715,0.3333333333333333,True,5
0.28794548334060005,0.93541400315781087,-0.20515370169711011,-0.93732106161165352,0.31919371045201395,0.13980201238565046,0.1962565313128454,0.15203952743992122,0.96869363372167083,-24.706616960506793,-2.6562380833872878,-8.1393431776011216,,0.08416840123588817,0.1428571428571428,False,2
0.73308262996198481,0.63904800220815861,-0.23282505990932345,-0.60393429434609491,0.76905984510606662,0.20930915593474586,0.31281500245465055,-0.012829868245342102,0.94972741811537842,-8.4725626789357769,8.6894402547672236,-4.123590309909611,,0.1487283483507543,0.1607142857142857,False,4
-0.64071224820142736,0.75555574571084849,-0.13646732256476052,-0.7650230568985642,-0.64329739128096786,0.030136170703581891,-0.065019515672194605,0.12370926195892955,0.99018608407073083,15.661236489210376,-2.505861570454111,3.7885738443656862,0.9044274517952148,0.3866493253737647,0.2105263157894737,True,5
0.27356412969552524,-0.9051762257841558,-0.32529781311758299,0.96141458663949453,0.24710783394486877,0.12091199692290935,-0.029063027040215877,-0.34582324774113621,0.93784946648224587,-9.122799594805107,14.783714859609386,-4.8153153021196324,,0.09090096557006642,0.5882352941176471,False,3
0.15387287059411583,0.98498866546982689,-0.078233423746486924,-0.97467936576769809,0.16430861517481868,0.15166678253992208,0.16224448724627025,0.052915100635870127,0.98533076602879488,-16.366324103217536,5.5221895054164811,-6.2160201438905203,0.5047733855196902,0.2946220455083138,0.28,True,5
-0.64713217398006073,-0.6915615763873092,-0.32087775782147976,0.70598031365896252,-0.70246675469613984,0.0901790179180601,-0.28777030097950185,-0.16817563620029183,0.94281769672763027,-15.842106169564149,12.700910475007207,-6.5544644675306989,,0.08087076808889615,0.32,False,2
-0.96381206877642189,0.1119623841031975,-0.24193123119358026,-0.11530778431257953,-0.9933297559568528,-0.00033287778864507511,-0.24035476063069178,0.027575722594822358,0.97029334150324664,-11.701601710500842,2.0881171582023703,-4.583179966803324,0.2956996973400654,0.1516523662550505,0.2571428571428571,True,4
-0.91477463959470129,0.30188103731889809,-0.26843099310931251,-0.33281550252460085,-0.93982236923359697,0.077251249617378906,-0.22895676455104588,0.16000547989183156,0.9601963582366384,6.7640427587892971,-6.9474482493946494,1.232030411787812,0.2104661127251252,0.1397799041333963,0.5,True,5
0.2262205854750598,0.95999607814542731,-0.16502053403355338,-0.95835814035692768,0.24966419872397055,0.13862706332865884,0.17428115652281914,0.12678847668820603,0.97649923740889422,-10.398761465886295,-12.01684724687234,-3.5851316316887321,,0.3459142752077314,0.5641025641025641,False,5
0.53291234210608562,-0.75014828173446457,-0.39151244046880274,0.84198113279251341,0.51608329950205367,0.15724439575549176,0.084096418784884816,-0.41344356735339921,0.90663785987661738,-8.1391255887880192,12.766736788795395,-4.3751252242585066,0.6524999291367657,0.6635716356341729,0.5824175824175825,True,5
0.45088754402224029,0.88563772320245326,-0.11111366201493053,-0.85056572337352554,0.46406490427316116,0.24734937809506102,0.27062589097805168,-0.017017281296299702,0.96253417563721821,8.4546190409760733,9.3525115038414999,1.0060949452938084,,0.3030741563015807,0.3529411764705883,False,2
-0.96503526161898034,-0.090487540119824461,-0.24600599365675824,0.10338121933724796,-0.99383776900778398,-0.0399851520188821,-0.24087188985086996,-0.064019481227923669,0.96844320365366665,1.5926635430916956,-10.413799142026981,-0.11447214300347613,,0.2125650327560483,0.3,False,3
-0.95482836641608637,0.031484101180217106,-0.29548526538570902,-0.046626967581721482,-0.9979277868276244,0.044340254526253384,-0.29347694386667267,0.056114914685791807,0.95431776666291024,-6.0220656639104888,12.703832457497084,-3.7491283831343178,,0.08389277042782659,0.4,False,2
-0.9600972446028555,0.063531707860892822,-0.27235455384899143,-0.056101444740164909,-0.99781174960855246,-0.034990573604688546,-0.27398158479005713,-0.018314869352443364,0.96156053202933167,-19.234951382997096,-2.9131778510278097,-6.4855246960523196,,0.3959174771303971,0.4,False,3
-0.62984409339309033,0.74643372783351047,-0.21478619129358992,-0.76702840260692884,-0.64128085837620086,0.0206467981669676,-0.12232680659651241,0.17775137308289229,0.97644283076637284,-18.459347129798857,3.2784105104074484,-6.6531429586148345,,0.2931855551202846,0.3243243243243243,False,6
0.22641497226929752,-0.91011896208639909,-0.34701546821873763,0.97312654668116561,0.19601306940373467,0.12084535889853643,-0.041964085557565395,-0.36505116281653333,0.93004121631765047,-21.038039431027805,6.1200626053445779,-7.5897921656997323,,0.1015596962225299,0.5,False,2
0.53168160365576045,-0.75771513996247253,-0.37839455467235728,0.84488214328094891,0.5056669436623682,0.17457120625163533,0.059066371981278246,-0.41251510124941104,0.90903380297003222,7.1323570703848977,-12.383344324220849,1.8584635674755696,,0.5824697651311774,0.6774193548387096,False,5
0.096282937887249259,0.99414688824411657,-0.049005718710587981,-0.9879204733907031,0.10145391481018615,0.11713343427551845,0.12141966120562933,0.03713580165054578,0.99190634543210887,-9.386142809858784,-18.138828798702779,-2.6364208204047301,,0.3269886286851612,0.3809523809523809,False,2
0.81375797703556474,0.51652938883225274,-0.26644951732657685,-0.49763530630398767,0.8560607623763794,0.13971067618227639,0.30026164711917969,0.018904009949000614,0.95366953483747507,-16.32447940348753,9.8405201755716423,-6.5646047037971886,,0.06510768559893702,0.3571428571428572,False,3
-0.84061877625133874,0.48615409284309929,-0.2387766132300351,-0.51260488305377394,-0.85646521448973789,0.060856965406389137,-0.17491800045486816,0.17355556568704716,0.9691657024141539,-10.053785301163844,13.742290240893453,-5.0102155460911968,,0.8595360643585519,0.8048780487804879,False,2
0.18433860638861915,0.95205655810675682,-0.24414665338811872,-0.96813783927096542,0.2187228318624499,0.12194034194562944,0.16949454966590624,0.21388930077960164,0.96204104104012389,-1.1290237888672214,5.8086436766284608,-1.7541652462377715,,0.0731894902107169,0.2777777777777778,False,5
0.94637236016266324,0.16904096170260982,-0.27532618688894733,-0.12327287084252668,0.97665704662176123,0.17591137711444596,0.2986354889064467,-0.13253741566333599,0.94511939891999464,-6.94185528715128,-13.789739615369731,-2.6182109564149161,,0.123631501032233,0.53125,False,5
-0.95403289559444338,0.18155819878480473,-0.23844885107229835,-0.13499644594617372,-0.97066562890649721,-0.19895777552399335,-0.26757651934649196,-0.15762251524947604,0.95055665216800456,15.289071416723882,-6.3127568856697911,3.9728192080195628,,0.11314276869251,0.25,False,1
0.89309372686663402,0.39301225624436886,-0.21891770479606731,-0.33517318960041004,0.90588141282244217,0.25891658671453349,0.30007087163627721,-0.15786143399997182,0.94076417855428507,-19.108653630720362,6.1553674050890788,-7.0544610286261555,,0.1705278549099142,0.3793103448275862,False,4
-0.22247892570810002,-0.90616118578115146,-0.3596874101208809,0.95581079047148021,-0.27544765156126966,0.10273423999653,-0.19216883314953304,-0.32093690444241268,0.92739993688422695,-21.519061217652137,-2.4916290279728268,-7.1316999648866597,,0.08809679796671248,0.4285714285714285,False,3
-0.94371743253579665,-0.16240060027104219,-0.28813790545440127,0.16355254080235854,-0.98632692243518905,0.020242738861650844,-0.28748560646602322,-0.02802226099252738,0.95737494168362769,6.8091455485257466,15.187540431338199,0.013511590296506512,,0.3721245278985106,0.1428571428571428,False,2
-0.89973286021952703,0.365204331563518,-0.23896982330083844,-0.36323026769740702,-0.93013897699400772,-0.053900427688575933,-0.24195981664247473,0.038305086917867368,0.96952986929055218,-10.62017781973295,21.19764445183116,-5.9018479808333675,,0.2730171693527585,0.3125,False,3
0.35908546707600925,-0.86760062458448228,-0.34398660374413076,0.93329748096414611,0.33235578540919397,0.13599795561337627,-0.0036659733747561735,-0.36987672017262058,0.92907360984669096,-24.871109723873612,-6.149940580608436,-7.8640780197098232,,0.2469515790266243,0.2941176470588235,False,1
-0.90409061692692871,0.38770829416773578,-0.17972878183037055,-0.35472145604738797,-0.91539619395474259,-0.1903220867707974,-0.23831249443599331,-0.10831475765893835,0.96512956035393438,0.31379736673698644,-13.6488469460456,-0.20091900092138124,,0.4004355376653731,0.2,False,2
-0.34074970034528179,0.93405941199978704,-0.10687682896312545,-0.93959104691232909,-0.33440441519150083,0.073091392534438027,0.032531619646026758,0.12532638172006205,0.99158206506983748,15.78269083274672,2.5494984365493578,3.5654180351875482,,0.4065128543206383,0.8387096774193549,False,5
0.87226609490319074,0.40551146698724749,-0.27333552609236228,-0.38371853577261489,0.91403707301517456,0.13151545330634049,0.30316982862227276,-0.0098325630281458354,0.95288581462704069,-19.855052560601436,2.8167472273732481,-6.9984531504575589,,0.09847071261190993,0.3442622950819672,False,4
-0.87160823260967657,0.41438280195178862,-0.26188925578118077,-0.4460568862966301,-0.89201173697278069,0.07313217684547263,-0.20330357358981929,0.18056011339547601,0.96232307590342125,11.654404026095785,-0.7746023765999881,2.544401740152531,,0.0732782763747,0.4210526315789473,False,5
0.95585902137079748,-0.060569013364180704,-0.28751508809826082,0.12241735961998255,0.97164376792267582,0.20229280343278752,0.26710956801981622,-0.22856023905551523,0.93616915981843396,-7.5316738616829513,-17.999309716368085,-2.1115372053909973,,0.11256231460091,0.2916666666666667,False,5
-0.95682834600421862,-0.033608324156325489,-0.28870399517539741,0.023964984979132548,-0.99903255624165788,0.03687317540176499,-0.28966393592883205,0.02836251252380026,0.95670809137665158,14.738149513081201,-4.7988320773800011,3.622411404502595,,0.09897510652452238,0.3333333333333333,False,4
-0.25935278967982628,0.96325876393307275,-0.069775957115756959,-0.96527955087405115,-0.25620857036582889,0.050917159538677717,0.03116920194167426,0.080558811915433848,0.99626239448906828,-23.872507639991952,-4.3871257951020555,-7.7002213766465433,0.5256368209066854,0.3346305340837856,0.485981308411215,True,4
-0.43940860873141191,0.89282015849737117,-0.098955743408119468,-0.89752711613945702,-0.44089576574571454,0.0074832841646424453,-0.036947941310902357,0.092103682490052963,0.99506369710921372,-5.0553689931890977,16.311545250870726,-3.7599261061333458,,0.2482917579174986,0.3157894736842105,False,3
0.38016798345991026,0.8990309499423802,-0.21729163674133151,-0.89859072955634534,0.4146627832252609,0.1434903375258238,0.21910500931612706,0.14070581812271116,0.96550239131707927,-13.290770419063886,5.4547714189570895,-5.3303395127283428,,0.07425695674274536,0.1774193548387097,False,5
-0.84146727818963285,-0.37768054504942661,-0.38638093331232026,0.44735193234373305,-0.88802798679346417,-0.10621931698083786,-0.30300011281261874,-0.26222833668906892,0.91620261463981068,-14.628906910223989,21.232122576308196,-7.0946449782305052,,0.5667574113343962,0.5483870967741935,False,1
0.75040756982105172,0.61569942511394316,-0.24042191470334795,-0.59176223357887126,0.78785226248393336,0.17060560192646929,0.29445872047709726,0.014248874106662535,0.95555796868723952,-8.5363839464333982,-9.9940786582314889,-3.1045221742609561,,0.07231669065245923,0.3103448275862069,False,5
0.93109974011039931,-0.20093155675248722,-0.30443354523995614,0.27786346383650212,0.93141034219986385,0.23508864266040674,0.23631582560448067,-0.30348193347241204,0.9230674659117386,-3.0068008054521109,-23.697683496756234,-0.022600238982159442,,0.3239998566838177,0.75,False,3
0.083732388878739877,0.98561560698306183,-0.1468017790221533,-0.98288761640304612,0.10594509041117921,0.15069031601036537,0.16407565503204974,0.13167199052637099,0.97762041014732581,-11.286854859228535,15.550471200074831,-5.5404379848481691,,0.4835218071938566,0.7346938775510204,False,3
-0.72218264093751594,0.65841301347322478,-0.21200126607551947,-0.67852309148077672,-0.73387308553110986,0.032197960500914086,-0.13438246707024454,0.16710056260275208,0.97673883639484682,-16.298522459415356,11.637163661751901,-6.641364685662789,,0.1218564356005931,0.15,False,1
-0.91844271993846671,0.3226734190003987,-0.22878993610433274,-0.32582090058827196,-0.94510187783964594,-0.024963598374878007,-0.22428488788119222,0.051616907836172371,0.97315568327660362,-2.7737885654090522,-16.93857066968194,-0.93300150450466612,,0.2310660453482377,0.3,False,2
-0.20474732098042586,-0.92821758448688008,-0.31062944226309708,0.96347323027318232,-0.24708745552683989,0.10328176929271457,-0.17262059291492465,-0.27813648658638107,0.94490328908893417,-16.04163844850283,1.2888067620354917,-5.7553401412532423,,0.09054836338850729,0.3961038961038961,False,3
0.95626679661743941,-0.064358451664325841,-0.28532753702787467,0.10939459656139425,0.98339224649699264,0.14481889301043993,0.27126856789940174,-0.16969878970979757,0.94742582023124078,-25.549334297295641,-3.316561630920638,-8.2594537626439006,,0.07605092877573251,0.1666666666666667,False,1
-0.67069812864024214,0.71937823643333187,-0.18071793819249798,-0.73188958818932248,-0.68141274349625769,0.0037820233959933447,-0.12042280074197788,0.13480217337629696,0.98352769311010546,3.9871786837564116,-22.97606432296433,1.9811835059982275,,0.2365281700856398,0.5,False,3
-0.27534176048616171,0.94185082956124522,-0.19262380379167771,-0.96024728677371951,-0.25987092833186914,0.10194238005678224,0.045957188513768982,0.2130354793519757,0.97596302253783318,-0.47645749959102973,-2.7154945260466974,-1.130508094126726,0.4596225174225256,0.3833659039769585,0.7907834101382488,True,5
0.32614598243154685,0.92117417043007588,-0.21228976865648044,-0.92113211081443414,0.36015857584138888,0.14765308894312584,0.21247219246363816,0.14739046095444347,0.96598738058492795,-2.2322128424069803,-16.037809430539813,-0.88035015565985608,0.1868596986444049,0.1663989498543627,0.5609756097560976,True,5
0.49476093935155463,0.83442179964103436,-0.24280006831915352,-0.83687769113755517,0.53277596615655654,0.12564035960718625,0.23419509595259003,0.1410320182432552,0.96190572659798212,-12.34274895553078,14.600695734876826,-5.7126647598248539,0.2415485769233995,0.2063362370072042,0.6346153846153846,True,5
0.88555264355138141,0.37905646248700109,-0.26853810483058504,-0.35574456949568456,0.92511209668255168,0.13271552224945091,0.29873452557997293,-0.021995609072159902,0.95408274086058942,11.328287605347658,-3.3471650315025827,2.5421730161611991,,0.08593249312186362,0.2926829268292683,False,4
-0.23098680230372143,0.94298412488623695,-0.23963730380314191,-0.972141035246743,-0.21359910916935204,0.096525790084565286,0.039835973075749896,0.25525744019439867,0.96605213859010264,-13.092658576318277,6.7675247005659536,-5.385318191208734,0.1803256395168934,0.1445010261267676,0.196078431372549,True,4
-0.78328745444308068,0.5845777266311617,-0.21149384208251076,-0.60023374841258714,-0.7997262297585771,0.012546103088474453,-0.16180300052426166,0.13677294675071672,0.97729880285328874,-23.183933523772325,-3.0937430884719714,-7.6285036118543168,,0.3279277951157105,0.1666666666666667,False,1
-0.14386359087171871,0.98943542737012891,-0.017910954368343751,-0.98721229744115013,-0.14223744435451116,0.071974920663123776,0.068666928010945538,0.028036484950640345,0.99724561092498765,-17.42659767828334,7.155429564460932,-6.6145407251048827,0.6716898194611387,0.36065922662814,0.3076923076923077,True,4
0.3707304080433777,-0.86241857923912246,-0.3446638343881821,0.92873855110826786,0.34502089067656999,0.13566609260261503,0.0019152642913419365,-0.37039813603731842,0.92887111731540795,-9.9986566712861702,-13.603358917919689,-3.3754263513020142,0.1103643434955451,0.1228634875582927,0.4814814814814815,True,5
0.66220322224145711,-0.62439975895790722,-0.41426058642639563,0.74260492613213991,0.6207257387338484,0.25147063637251832,0.10012400380184966,-0.47415661788762131,0.87472892119562484,-10.890692603649589,4.3030611851503986,-4.5138296440374441,,0.5091869831145495,0.6411764705882353,False,5
-0.88258340265655821,-0.34865864535300389,-0.31541034601892987,0.35840790692612168,-0.93312716775192217,0.028591275874183669,-0.30428655837550445,-0.08781137639215901,0.94852456613843528,-2.671683207822269,-13.933400801075372,-1.1714353464431375,,0.1608502694749015,0.4516129032258064,False,5
-0.77262804447002598,-0.49019148728271922,-0.40343303123812091,0.55012994819783967,-0.8341167628343874,-0.040078249144935657,-0.31686423748076242,-0.25290617183895914,0.91413102083426589,3.5675172114103626,-17.824947772735666,1.2370442749383739,,0.405105790254904,0.4210526315789473,False,4
0.79380650569345068,-0.45686854376770575,-0.40142541677667887,0.58804689934206189,0.74497826552315827,0.31497337676745613,0.15515178275785646,-0.48608488725086185,0.86002872434202815,5.9352715847816473,3.636678975592075,0.51797463532579768,,0.2113318573880821,0.2241379310344828,False,2
0.73464980640884092,-0.59843786642169183,-0.31962756760971978,0.66347557969329252,0.73213778529997653,0.15418955375347049,0.14173855189785917,-0.32534041152106846,0.93491379256977458,-13.813495068309955,7.7963851022908832,-5.6566529311200844,,0.1480615540733812,0.2285714285714286,False,5
0.24428183456771824,0.95821145201315139,-0.14885294263492979,-0.95282638468930403,0.26570032936344817,0.14671474232695467,0.18013402216166594,0.105991264767446,0.97791491749173021,-2.0349242322044581,13.575121351184675,-2.5717948879542973,0.7519229442288439,0.7540375325679802,0.6530612244897959,True,2
-0.91251976064115548,0.32275381176493778,-0.25127209043308096,-0.33481690008538073,-0.94226657213166631,0.0055991481900097284,-0.23495814490377509,0.08923947576291974,0.96790029760762775,-10.394853756221199,-10.146265621811803,-3.6040330167061776,0.4615226051839892,0.3373241601482073,0.8086124401913876,True,4
-0.41135974657519048,-0.78301797765504222,-0.46654689535630051,0.88330365862429205,-0.46873519503411831,0.0078716959587205176,-0.22485062943771059,-0.40886448073332882,0.88446143547140066,9.2002354207417056,-9.2560622516749653,2.276027595003097,,0.4618653967902968,0.5373134328358209,False,4
0.27709713686262338,0.95504978104876714,-0.10534273805649227,-0.93989180268190975,0.29219091839710859,0.17671408109600067,0.19955093583816205,0.050043810056353527,0.97860872726598824,1.6134670809175951,7.8948534071103982,-1.0710167330660103,,0.1797686339524804,0.3333333333333333,False,3
-0.43446057949730799,0.87391737618690524,-0.21797344898280163,-0.90045691040653431,-0.42695194374156215,0.0830023507885157,-0.020526991108814688,0.23233694784492734,0.97241872940730711,-26.64270676694748,7.5746710738414738,-9.3663916426841531,,0.4676363560076398,0.103448275862069,False,2
-0.87172576897014709,-0.35373451059205829,-0.33906648275759155,0.38345844964333953,-0.92328074289664785,-0.022633762244526054,-0.30504721128135792,-0.14974834160154299,0.94049010259388455,-25.957458722892284,12.314249677958136,-9.52741129873605,,0.6423471262293337,0.918918918918919,True,5
-0.80617038675118768,0.57309695177272146,-0.14713664191579306,-0.56571114043956872,-0.81943869475564746,-0.092147333763510086,-0.17337881389605772,0.0089503858004120751,0.98481453963983512,-29.043780248459651,-2.5267579854222948,-9.3096739927517191,,0.4061969019437747,0.2653061224489796,False,2
-0.93355840776748589,0.23676572486129061,-0.26909234626340672,-0.26146585501395925,-0.96337997328807079,0.059452785715186994,-0.24516179545038569,0.12586110836308545,0.9612776266267512,-11.163580088849798,5.3481327161447556,-4.7159564963127165,,0.06896370954683219,0.2376237623762376,False,3
-0.83431083692790853,0.48547721683558676,-0.2612227006181258,-0.5172970569770986,-0.85321930757006981,0.066487352424982937,-0.19060215693293336,0.19060085289217443,0.96298605008031668,16.120716424329959,-6.2421068905206978,4.1902171975115454,,0.2250152668105893,0.4736842105263158,False,4
-0.79767741763790057,-0.48062693934601625,-0.36429175473157638,0.52940248155293412,-0.84736768030218945,-0.041243507426997769,-0.28886631841757748,-0.22575597346286658,0.93037115740424126,0.78214852573495852,8.9778978830042,-1.3380822212606871,0.4181483155852455,0.3750480796486559,0.2580645161290323,True,2
-0.90287590530735495,0.38420206584628425,-0.19288305320808324,-0.35853468798091159,-0.92051184637797967,-0.15527658610438616,-0.23720872060245843,-0.071040222953267493,0.96885773444448242,-3.1403918243579549,-18.314230204561611,-0.85569978610564623,,0.4920886520778763,0.3333333333333333,False,3
-0.052700633756883337,-0.87708375023489815,-0.47743767999133763,0.98653519527114708,-0.11985291445766777,0.11128156804845743,-0.15482555245483012,-0.46514446569844403,0.87159031335666337,5.7589648745597808,5.8351088531312056,0.38487160895215788,0.4485066891446109,0.2399953215232111,0.1052631578947368,True,5
-0.64514728754867534,0.74360309117631118,-0.17561156044413345,-0.75547664830766625,-0.65517454608589498,0.0011610439086796598,-0.11419286856193515,0.13341947741682258,0.98445885227134833,-19.992980851961178,-0.29793952847057958,-6.9071678468726505,0.4450013836453561,0.3041078534125035,0.1702127659574468,True,4
-0.84550809633467461,-0.42344346165008251,-0.3252870944539758,0.44027359098488306,-0.89754309682268318,0.023990715437917975,-0.30211789770516817,-0.12293097303666986,0.94531092861262689,21.087907035989733,0.85005453654311225,5.2968728624413464,,0.1762245280429952,0.2352941176470588,False,4
0.70220697448076286,-0.6314575775008161,-0.3288870517478254,0.70040826912206333,0.69560033862909809,0.15990129907077461,0.12780305761604821,-0.34263901808738484,0.93073351811788962,4.1835071526957348,15.7654014823478,-0.92706005262998215,,0.1144645102313479,0.3684210526315789,False,5
0.51631040636277292,0.83483609954373339,-0.19097709595685769,-0.82568551296768355,0.54444502117727545,0.14772627589758691,0.22730375702306876,0.081414407901074404,0.9704147032219349,5.7008781150324941,-10.808998488457719,1.2806875763970722,,0.1446421900182425,0.2307692307692308,False,5
-0.65774841952840746,0.7331233729475195,-0.17290788485760858,-0.7445182915718499,-0.66760020319505609,0.0015755027296167484,-0.1142783011897424,0.12976936746385714,0.9849367396666725,-12.434177420287396,4.0976581897642994,-4.9484051447957302,,0.08287145913462943,0.3478260869565217,False,5
0.4632389926857311,-0.82545388748873882,-0.32254536934396921,0.88609669423142345,0.43779495727778933,0.15221111606673632,0.015565478715804673,-0.35631650959767047,0.93423565595650515,-17.779108484108384,0.64737106168772607,-6.2116323892287264,0.1277299122194769,0.09618229077735815,0.3947368421052632,True,2
0.96062644080251269,-0.02140310765253986,-0.27701759549514166,0.090813218037374452,0.96645470071000106,0.24024627136594073,0.26258294053649495,-0.25594377987822781,0.93034562442183399,-3.4810928672107959,8.8917560687535531,-2.635757129739877,0.7727506544513594,0.6341460560517582,0.2191780821917808,True,5
0.42761998799403078,-0.84064888485881817,-0.33234108721855504,0.90373288045768918,0.40578731182159544,0.13639478855239004,0.020199669493162917,-0.35867270588968631,0.93324480357628448,-26.187964205364267,-1.5052005240836874,-8.6042472221782944,,0.07920987414431627,0.2307692307692308,False,1
-0.94322041891751973,-0.12088946024724753,-0.30938807303803356,0.11659762520459703,-0.992650655756247,0.03239860218189107,-0.31103092311489988,-0.0055148914605157723,0.95038379133825257,-5.0369469945454313,-14.344400653797615,-1.9100088647144566,0.1955919273312732,0.2040215126417602,0.2857142857142857,True,5
-0.95584930347323116,-0.0089892817033211808,-0.29371976757480511,0.048526025052032989,-0.99063799537653086,-0.12759932213385064,-0.28982293550095145,-0.13621877598490992,0.94733685198391004,-4.2211655236392378,-24.952340637551739,-0.23483999812229783,,0.21749079365017,0.2608695652173913,False,1
-0.71730958589952765,0.66299318098450111,-0.21425918870541505,-0.68554141000308177,-0.72651465575366703,0.04700457579979192,-0.12449872749404341,0.18060037913355823,0.97564520698314328,10.555920112738029,3.3557395171491029,1.9178427565671801,,0.1349668993424339,0.40625,False,3
0.94105730423175837,0.19905282990840892,-0.27347599722372501,-0.15288769050993706,0.9715208592713942,0.18103196980398234,0.30172256170627093,-0.12855034385806335,0.94468952828502351,-15.028279389699994,8.333339556986429,-6.0898889811197217,,0.1074494849040518,0.3225806451612903,False,4
-0.96150578528480757,0.0049491223450183405,-0.27474011547617028,0.034601848977042209,-0.98969834478866447,-0.13892407411945296,-0.27259738977329789,-0.14308281696483099,0.95142943541714797,-23.311566468786221,18.023728968982514,-9.3061341910548609,,0.4590753091540155,0.2758620689655172,False,4
0.36864508736580565,-0.87299564932310236,-0.31934212973547865,0.9295700634756765,0.34600763263555312,0.12719361323496373,-0.00054465666524004808,-0.34374018447204246,0.93906463511743543,-8.9571035374329302,1.8401505933806188,-3.7623460252014636,0.236498692373088,0.2151785894458299,0.7962128043282236,True,5
-0.6994221638783108,0.69325683205571342,-0.17379183376630786,-0.70417253024114412,-0.71002704187329047,0.0016271024698415459,-0.12226890172715398,0.12351746684877771,0.98478106757476547,18.842960145286231,3.5737527951067576,4.4131614037018005,,0.4432349861847121,0.25,False,2
0.73948418491349455,-0.52112420180214902,-0.42613695751354219,0.65514500567427014,0.70264813053782316,0.27761596890626306,0.15475193634615966,-0.48447411793384354,0.86100909823842131,5.7282659279139692,14.683494992069621,-0.27545691895580643,0.4905855509825055,0.3371006002815163,0.3333333333333333,True,5
0.19334822549309311,0.95255919375612863,-0.23504775278514364,-0.96589642076982818,0.22685574868044231,0.12482216804186021,0.17222243768657569,0.20289763843206737,0.96393567227070875,0.74699527989868564,-8.2331560949179625,-0.48604467063305262,0.2386440416188468,0.199236483269398,0.6533333333333333,True,5
-0.094850448869341589,-0.94955047055540054,-0.29892690781745185,0.98503886937181173,-0.13292365315495672,0.10968011788215737,-0.14388126415898489,-0.28405141488814956,0.94795199009446351,-10.821068262959775,7.975316098770012,-4.746784824226145,,0.07212046784760977,0.3461538461538461,False,4
0.16888176439108049,0.96471537969860366,-0.20199798471553007,-0.9717063253559648,0.19729481736952537,0.12985211704987418,0.16512348990789952,0.17435306481993817,0.97073953348389552,-10.382090949732461,11.629517902509308,-4.8600753646613954,,0.153841899621655,0.2105263157894737,False,1
-0.67308045165062669,-0.60807956855688305,-0.42095361253879593,0.6830152298204859,-0.72938995714357791,-0.038477087355429915,-0.2836422067306914,-0.31341590374734296,0.90626572805065253,-21.576687164023785,2.6929173816594751,-7.5444047325804782,,0.3565265750951176,0.3582089552238806,False,2
