axis_00,axis_01,axis_02,axis_10,axis_11,axis_12,axis_20,axis_21,axis_22,location_x,location_y,location_z,dbh,dbh_approximation,score,reconstructed,number_clusters
-0.49918003064677979,0.86614992353402587,-0.024568413979783821,-0.86467095665456228,-0.49976748795264586,-0.050760168474765978,-0.056244410580650009,-0.0040948684354843723,0.99840863294090754,-27.651051978893047,-17.727764308232203,-5.6501328951947949,,0.1289147096310514,0.1,False,1
-0.5900628145632496,-0.7499841072237986,-0.29891422478935092,0.80387480225956176,-0.58011802174794636,-0.13133309992305786,-0.074907791062390844,-0.31778439193102559,0.94519939858380253,7.186751544195765,2.8270579876706994,-1.2307967416718999,0.324693424528466,0.2087983238954866,0.6129032258064516,True,6
-0.59230674946871165,-0.79240421589462706,-0.14583646034593062,0.80296654506790288,-0.59546908237478136,-0.025715742988508622,-0.06646384006002054,-0.13233340684860048,0.98897443212467251,16.293963766623484,-10.046165362563807,0.37454570989789454,,0.3500684796166774,0.7142857142857143,True,5
0.7234370507315464,-0.66094549385859747,-0.19947402782531926,0.68439024200250498,0.72457319139357101,0.08126307258212434,0.09082307130126234,-0.19530679573878038,0.97652773911326007,-20.310924073696565,-29.671767261569236,-4.2419733227098524,,0.1909644463954565,0.3571428571428572,False,4
0.94286418992166232,0.32881428490089137,-0.053742770755538238,-0.32315595140682862,0.9417929702115363,0.092715868816934527,0.081100865801261218,-0.070051176330217069,0.99424115900572041,10.210377056316617,7.3847391443551365,-0.93666099643570822,0.7453574593269753,0.7066108816135248,0.1538461538461539,True,6
-0.52531422887179113,-0.76036466085051757,-0.38195620622593862,0.84825219241982774,-0.50339081815108289,-0.16451717921280379,-0.067180197973731662,-0.41041840447384881,0.90941935006318697,-24.489316482704332,-20.673262497133972,-5.0510004518969831,,0.5450644760690062,0.8181818181818182,False,1
0.38529180922347328,0.92279385579687867,-0.0013120399510579278,-0.92148390039172379,0.38481984780628115,0.05273619301017754,0.049169533902191975,-0.019109799524878957,0.998607616883609,1.3586170989358433,14.683959264456751,-2.5859186019667662,,0.4835400945914441,0.6571428571428571,False,3
0.14763948333333296,0.97871709715007926,0.14253219533560954,-0.98893014939793489,0.14392199403806016,0.036105667752947344,0.014823716566506617,-0.14628500735971006,0.98913141394302351,-28.302404336879736,-15.972096329568421,-5.7408544936650969,,0.6591555341018601,0.3818181818181818,False,2
0.31264270526614879,0.94985064989518508,0.0061872237359234389,-0.9491333925150186,0.3121367493388898,0.041430096850989653,0.037421144514769425,-0.018825318213658404,0.99912224744390465,-22.104574842756552,-17.129077993175684,-4.8356549926308841,,0.1126908515445453,0.4583333333333333,False,4
0.76549528051054061,-0.61594867746751536,-0.18607579703472182,0.6326420169151229,0.77324928519033709,0.043007224813945227,0.11739273380262327,-0.1506411951580664,0.98159369210060388,7.4770698489839091,3.5680957085285714,-1.2058451409196758,0.3119683952164152,0.1659742293972579,0.5421052631578948,True,4
0.29889447453607504,-0.92183904737312528,-0.24672831987838967,0.95302255183844709,0.30165017297413049,0.027480699263517688,0.049092858738704351,-0.24335148218756847,0.96869497125667747,8.5271867883760102,-3.525563126748724,-0.80601110078636229,,0.1627505801435228,0.4464285714285715,False,6
-0.95091085736952075,0.3073588890610251,-0.036042400751538001,-0.29875949604313162,-0.94213678120089372,-0.1520560720013249,-0.080692656796117188,-0.13382376031030746,0.98771448117135152,-6.4771782835244887,-35.023201587999388,-2.2951469172628114,,0.2784715447096552,0.1388888888888889,False,6
-0.38143432383429871,-0.90506995159732806,-0.18803254855657622,0.92303317362223569,-0.38395034571419656,-0.024328839240950806,-0.050175860669592356,-0.18284013438399915,0.98186143027644479,-22.92545723818267,-29.090429753903706,-4.6279319345028211,,0.4085243779650611,0.6451612903225806,False,1
0.91538841910422286,-0.36998553987554172,-0.15866550492427248,0.38845615978355141,0.915246088143994,0.10689438742670711,0.10566860506359649,-0.15948447705064889,0.98152883171295258,-25.219355038782904,-19.22503933651468,-5.1903491469154774,,0.2774720711745688,0.5625,False,2
-0.98872488556196592,-0.062514519109615141,-0.13606996571974039,0.070271888654305031,-0.99612051703258386,-0.052969587611148866,-0.1322307163084081,-0.061934242929350389,0.98928215753511584,1.0405732508602901,9.7716071539247285,-2.3704347125445642,0.6629564992886711,0.2575065999719464,0.282051282051282,True,4
-0.15493971052898137,0.98637832048591934,-0.055240338309722567,-0.98780632901895415,-0.15554162029820204,-0.0067424554212264579,-0.015242783580855644,0.053522081708272759,0.99845032140728962,11.758456586806016,-1.370396644570218,-0.5002528937900137,0.1571164626234515,0.1887011340413584,0.5,True,5
-0.71361384234235614,0.69971162852334334,-0.034042927702946341,-0.69355553304019379,-0.71250972593470696,-0.10635136594223688,-0.098671204546766034,-0.052283146019132046,0.99374567472549569,0.18738540760266087,-36.125102525328913,-1.3657700321283626,,0.201746051525249,0.2380952380952381,False,5
0.98814891367300361,-0.08495818393428177,-0.12784299507385161,0.094454364663051071,0.99305532081255177,0.070139167388700116,0.12099627020269456,-0.081383270937395155,0.98931120776455772,9.764373504879968,-3.8276307613514153,-0.63041818673090788,,0.6755968284583522,0.7718120805369127,True,3
-0.16913599982870722,0.98504403912239724,-0.032882435301765114,-0.98558365038834439,-0.16889714147187043,0.0099309460684573574,0.0042286699004780888,0.034088071110905754,0.9994098867625878,1.9827815657393553,19.312518997463773,-2.9374636852736065,,0.4203901137511127,0.65,False,4
0.35960626768562948,-0.8781121442676777,-0.31559847010217473,0.93055806889657178,0.36245822156830504,0.051823913679158937,0.068884052237762797,-0.31231890706001664,0.94747658949450686,0.0010224721395561409,8.5867394801115964,-2.4679436650477529,,0.14917071461892,0.2375,False,5
0.014506164387221385,-0.97007265832844258,-0.24238112294145464,0.99905611327196431,0.023987977572555726,-0.036214078283113009,0.040944520130144234,-0.24162701524367713,0.96950499316700001,-17.059648467619706,-25.825238358381242,-3.8976650819821068,,0.2061594882202165,0.2307692307692308,True,4
-0.79342493425901095,0.60164679496561202,-0.092184639738354085,-0.60179937627539914,-0.79811078648476619,-0.029269151187002289,-0.091183246326416514,0.032253784340349548,0.99531166424648154,8.7310933088284806,-0.022817171388393676,-0.92387432835259786,0.4271109890079042,0.2460844128437847,0.4951456310679612,True,3
-0.14755211675893579,0.98806477091178035,-0.044230999570520291,-0.98893741723127915,-0.14807452866650106,-0.0087589245983135163,-0.015203869240519233,0.042449292611815112,0.99898293274553618,-12.856656090094351,-25.908848615166441,-3.3155159738329463,,0.1418698018776272,0.3125,False,3
0.23447914567865547,0.97207762596900404,-0.0091988766853817183,-0.97150582609615488,0.2346568654669754,0.033355439592984579,0.034582656101509887,0.0011156073138893774,0.99940121838893414,10.593571066409003,-5.3051865418182196,-0.4995231053558758,,0.16928353085041,0.3666666666666666,False,6
-0.11247012795081696,0.99326936429670487,-0.027684657634656648,-0.99339782004671051,-0.11303134369987157,-0.01961342570399105,-0.022610648932999994,0.025295954044525698,0.99942427089990526,2.8682542758014526,8.7245402119184057,-2.0155238082503493,0.6398350251733451,0.3652432438858716,0.7946428571428571,True,5
0.028267902119146843,-0.95200890664538729,-0.30476214885979158,0.99774154509952129,0.045456672849791581,-0.04945199769319468,0.060932215553047467,-0.30267595306083112,0.95114380224365414,7.2527007192977271,16.146015770645395,-1.8740489841739882,,0.2333385505026987,0.3076923076923077,False,2
-0.9849784586272875,0.14163811022079881,-0.098772879745869485,-0.12928120353316966,-0.98408189189216777,-0.12193933107469931,-0.11447185878296164,-0.10733813759801691,0.98761061039448195,-5.0148824020283582,12.334630914373983,-3.3741068884388636,0.6666399502246712,0.5173016396584421,0.7679738562091504,True,3
0.6285987268139297,0.77095675833540978,-0.10241736876556812,-0.77374713317376365,0.63324340818334213,0.017837037246309018,0.078606708068000922,0.068032806566396015,0.9945815817103244,12.695964067843139,-2.7379347644095349,-0.29700716775770808,,0.07701491314691654,0.2173913043478261,False,5
-0.87680058070559364,-0.44976032627325324,-0.1701069974601597,0.46495211000975933,-0.88320639396092948,-0.061367752639346684,-0.12263880736457976,-0.13289888854730242,0.98351289180726309,12.566078345537585,-6.7863715111861644,-0.20143201074193884,,0.1739991305130424,0.3157894736842105,False,4
-0.98420746804221826,-0.094826278046355614,-0.14947788077772661,0.13083610844755419,-0.95846493711441827,-0.25343022126130288,-0.11923746297294657,-0.26898502061291146,0.95573505016277693,-24.503234367143062,-34.223481997046939,-4.6675417598102396,,0.2497527245888209,0.3157894736842105,False,1
0.86090797704571753,0.50405833211242934,-0.069011976403286449,-0.49575195144865303,0.8616197093050082,0.10881856078815946,0.11431298130091834,-0.059469945057903109,0.9916631827091833,-13.67908456822275,-34.049972812665246,-3.2613432941989315,,0.2760975506044298,0.5,False,4
-0.97057572653755975,0.21244353501426744,-0.11336006125056361,-0.20729272862928633,-0.9766990451081603,-0.055576073469022907,-0.1225254410867998,-0.030442071471089332,0.99199838536715157,-10.742318814963207,-29.182741061488688,-2.9742440204097758,,0.217410851915159,0.5128205128205128,False,3
-0.24766819873839011,0.96872187843053992,0.015439740402238888,-0.96851049509500664,-0.24713259242584351,-0.030214278937410143,-0.025453569975684917,-0.022436666661718369,0.99942419010378403,-24.663031943277957,-15.825235005851372,-5.2330920220075026,,0.1254494536555346,0.2,False,1
-0.20680064254379824,-0.95877473565914828,-0.19489612747615848,0.97786722459120523,-0.20901718200334768,-0.0093546083655519953,-0.031767677185554885,-0.19251707427942655,0.98077927730816394,10.30510977086252,-2.357227620969248,-0.62096793788848692,,0.08510879836990459,0.3142857142857143,False,5
0.77206354502138919,-0.59611789795451819,-0.22036636355690309,0.63013181256258444,0.76315849690858606,0.14325853340314612,0.082775486984966493,-0.24946454724973471,0.96483970607551561,-3.0045261210006653,15.409137911801094,-3.321669311685866,,0.3906213288702531,0.5909090909090909,False,4
0.95798566574368571,-0.25106063333680195,-0.13867956813515037,0.26471664659501309,0.96006333251598852,0.090573144881831574,0.11040181721837199,-0.12347856472610232,0.98618683970536902,19.133164574290245,-29.52480533986947,1.0331565217872352,,0.284799128000212,0.7272727272727273,True,5
0.60737313252581826,0.79437521304528258,-0.0081178066642158403,-0.79135195989148432,0.60589511894030534,0.081567030228031301,0.069713366449212805,-0.043117580446680126,0.99663479810547584,-15.111740867262782,-25.485055604548503,-3.6262272376329463,,0.2114390742737676,0.4,False,5
-0.029721878802751022,0.98446761966845375,0.17303212344753388,-0.99949651142494167,-0.031194671611913624,0.0057979403580478714,0.01110556481252498,-0.17277267806963242,0.98489911571837707,-16.66767128514234,-29.267477433050537,-3.7928694848468782,,0.4689956695399789,0.4285714285714285,False,2
-0.12196642676579224,0.99236504303036277,-0.018325177034093365,-0.99246253788378591,-0.12171492650689823,0.014268411358485803,0.011929025075808104,0.019927318855444909,0.99973026378317376,-9.4774135267576423,-28.557729161761738,-2.8424044689102357,,0.1876858700814647,0.48,False,3
0.44592366826622676,-0.85209697745471602,-0.27401245061589791,0.89129518632575411,0.45081285124848169,0.048586664649406343,0.082127784047371616,-0.26589192195655742,0.96049805461839244,14.617381122370972,-8.013875735678285,0.10511582376635206,,0.3441364351856744,0.4411764705882353,False,5
0.9094804973521281,-0.36757171028483848,-0.19425823723694297,0.39926709956752698,0.90247059076624425,0.16165585669860685,0.11589222639616545,-0.22458377189882814,0.96753869238425538,-22.517822873547825,-27.21626290521781,-4.657373885821543,,0.2500854643792565,0.2727272727272727,False,2
0.39093642249903993,-0.89780871064370327,-0.20275165265896927,0.9182142124043644,0.39565397966134158,0.01845504041651571,0.06365040221620584,-0.19338419653744654,0.97905626948979874,15.075969102961874,-4.8434823817691894,0.071489837087040528,,0.2174166709643185,0.28,False,3
-0.87980667925278033,-0.44274026859833165,-0.17297763353587653,0.4678720543607397,-0.87083976925635653,-0.15077744204554053,-0.083880557285081286,-0.21358640135320534,0.97331644456801991,6.9916503060249138,15.511548981373625,-1.829316227239342,,0.6187525109935497,0.5,False,4
0.75330928294355015,-0.64005953740092647,-0.15115856844117864,0.65341970686292361,0.75448515237044378,0.061602285150137333,0.074617765406403955,-0.14517556073478816,0.98658818442706597,-2.5925513881003619,-34.610546732281009,-1.7929366100074242,,0.1184462734492798,0.1666666666666667,False,3
0.45309194532567193,0.89085275143083009,-0.033000974972240901,-0.88975323980353815,0.45420474345142681,0.045135609947480476,0.055198381680135342,0.0089121430836621301,0.99843563256003165,-3.7371519510676414,13.992453340038995,-3.341035630436386,0.3653014593418688,0.3120644549311073,0.3125,True,4
0.98999989869490002,-0.072102654416488332,-0.12124936210216718,0.08108782859027025,0.99418377390185475,0.07087586165105117,0.1154338106388286,-0.079998943345274617,0.99008848312917808,-0.66594000626280558,11.487068005960456,-2.7424443269294119,,0.1471688100044935,0.323943661971831,False,5
0.25105430429476194,0.96351613616675724,-0.092781418621167039,-0.96735997137696572,0.25315088599879693,0.011371661953294483,0.034444478115206519,0.086898125781326857,0.99562156146954928,9.4582952953077299,4.705057909560435,-0.94455053936850508,0.3606666989088506,0.3208086038697748,0.8529411764705882,True,5
-0.098843495217604979,-0.92674927269968077,-0.36244413225182698,0.99496722221311484,-0.098057809295869186,-0.020612926954033495,-0.016437462537894278,-0.36265748522084501,0.93177752615021092,-15.58865028203633,16.624077332587959,-5.1738889605350513,,0.2007509809968657,0.6666666666666666,False,1
0.95311642206549085,-0.26799564242297397,-0.14052551950223782,0.27912236692883619,0.95797017758494862,0.066210596870176178,0.11687510542934457,-0.10233022280909192,0.98786068614492395,18.297907128576682,1.8156550606035862,0.28103649075351667,0.2931583862064628,0.2618198252426871,0.8461538461538461,True,6
-0.7139347864804908,-0.67509375922281234,-0.18586429703271948,0.69450493046260364,-0.71653528511288389,-0.065115948517483369,-0.089218956596618437,-0.17557221148749375,0.9804154100875816,2.76764514404588,16.060672998100149,-2.4627692175707758,,0.5469471030322302,0.2727272727272727,False,1
-0.66465369058058377,0.74706384347949761,0.011449251645871475,-0.74056151028328054,-0.65668314175801512,-0.1426040000062033,-0.099015761798595503,-0.10326114998615663,0.98971360191672653,14.989557779134367,-2.942789971390487,0.011772729843446916,0.6997304526412522,0.3465963971090721,0.68,True,4
-0.54828257503085465,-0.81842881676575074,-0.17193164282628728,0.83339211902597921,-0.55181849705673947,-0.030885631795814193,-0.069597369655187216,-0.1602205298750814,0.98462459239226019,1.577501576875826,6.6254855618923809,-2.1088741581979331,0.3041017659500651,0.2372205188802012,0.6764705882352942,True,5
-0.012659686497957829,0.99989764232295897,-0.00666612441848774,-0.99911410135897571,-0.012381622198319528,0.040220739642447628,0.040134085306892192,0.0071694008625139138,0.99916858181582791,-2.3271794804261789,19.494038831898521,-3.5186768735822262,,0.2468968719606683,0.25,False,4
-0.98633412836682599,0.13575167125821477,-0.093362042444753809,-0.11567143381622043,-0.97409082530109969,-0.194337807600896,-0.11732479114728551,-0.18088269075515412,0.97648161558086766,10.113939539293598,2.1037840504037968,-0.80587395619402991,,0.257986289148481,0.1111111111111111,False,5
-0.83664832134256439,-0.49619999481708965,-0.23195937475814368,0.53791143679608955,-0.82418808891795614,-0.17710245692743262,-0.10329991557903258,-0.27294607384845604,0.95646723321401739,-16.396343119070618,18.120228092798513,-5.3645973526917716,,0.1580175674448069,0.5384615384615384,False,1
0.047261998916129949,0.9926793021053768,0.11114902892078604,-0.99883006877478098,0.045825642133401734,0.015443582305510628,0.010237048882242143,-0.111748886771383,0.99368374704205509,-32.689174790458758,-11.903828791381008,-6.5160395368488473,,0.14364840374504,0.1764705882352941,False,1
0.43110867166874262,-0.85260407164677632,-0.29531611913905392,0.9020271880430123,0.39919340215353916,0.16429114312189769,-0.022187051251334459,-0.33721050500899641,0.94116779060290279,9.4976642318800177,-1.6183012816509916,-0.79810851129170979,,0.1877535307948532,0.1666666666666667,False,2
-0.027299824065433728,0.99148693092621953,0.12731215734760992,-0.99962638789282876,-0.027248621894655524,-0.0021441159432471057,0.0013432179020378392,-0.12732312597226131,0.99186038198847304,1.306854525966527,7.8662173936597899,-2.2376510099179887,,0.07779173914445804,0.3125,False,2
0.99215611653303271,0.051989510757474655,-0.11368083038617374,-0.015577646779436297,0.95374301129390859,0.30021926208829863,0.12403055005484208,-0.2960934973605901,0.94707183649070015,23.379273564620924,-18.212206756871666,1.4411962168734238,,0.7678690484221163,0.4583333333333333,False,2
-0.81935022220751874,-0.53243576228167278,-0.21254969398242629,0.56799531340055165,-0.80421192070448777,-0.17499860157100336,-0.07775948381707426,-0.26411237312994634,0.96135223359399813,-3.123046042229622,11.730711497271495,-3.1035980073552474,,0.2600539943812036,0.2777777777777778,False,3
0.86136089788276671,0.50494411080756607,-0.055577410513177279,-0.4959325247446067,0.85956097153099742,0.12331207208188105,0.11003787756510769,-0.078653551613666092,0.99081041795064007,-18.163410185787143,-29.479008046394178,-3.974050444665826,,0.2447501023400326,0.7575757575757576,True,4
0.28438398063988141,-0.89641860439644161,-0.33994034365951825,0.9582632852101437,0.27661089734474159,0.072234947832743285,0.029278452378461686,-0.34629481249662497,0.93766874484769358,6.5862402610097561,0.17159480027933466,-1.2113459001992248,,0.186421402067312,0.1571428571428571,False,2
-0.59470042619504593,0.80127619381164394,0.065481786125269698,-0.80106232563630986,-0.58370324615678071,-0.13262605653559612,-0.068048170655626433,-0.1313277642266153,0.98900074055263543,-27.19129240843111,-18.995733312776345,-5.4843850581638875,,0.3150689203969685,0.1,False,1
0.13007141948519413,0.9915042183976075,-0.00090040705006717847,-0.99129913909873668,0.13006289640710797,0.020240054355090031,0.020185208822545743,-0.001740079866853983,0.99979474366834264,4.0064218329685417,12.546664002350511,-2.0826694689203396,,0.1000792743350314,0.25,False,1
-0.95270695600711608,-0.26064483319878978,-0.1562489260840807,0.28099453711157085,-0.95135853723309027,-0.12632895055040691,-0.11572176151920333,-0.16425956459362814,0.97960567033393731,-1.6749338404744631,14.540347278175711,-3.0564910027480967,,0.1099352721630368,0.40625,False,5
0.91309009709727362,0.40001878547554021,-0.079066085330970273,-0.39102762992496626,0.91398042307969229,0.10833826130379351,0.11560219382933049,-0.068005569578816205,0.99096487086480811,-0.059510263293008403,13.668086470706012,-2.7066965828417029,,0.1328999181214188,0.3111111111111111,False,5
-0.82579430091891548,0.56245813569247449,-0.041287021728209444,-0.55494398799746092,-0.82344160401004096,-0.11824168034514904,-0.10050344648475225,-0.074731321269709827,0.99212614463382109,-15.628004868201815,-28.388153497566613,-3.6571771518549832,,0.1679083980019274,0.4545454545454545,False,4
0.45051744719375303,0.89273885611192971,-0.0071669074215488376,-0.88801292093296369,0.44893105329699889,0.099468395190406678,0.092016748639210902,-0.038447941084175652,0.99501491134367315,14.571058629600689,1.0489142081449572,-0.20516464307439203,,0.1108702024791629,0.2941176470588235,False,5
0.92188231753909322,-0.32250600455243367,-0.21476235619022163,0.37190730095560953,0.89200661752343635,0.25692246649584932,0.1087104047672702,-0.31672396707862621,0.9422674655177864,8.1329708849025319,0.99749784195119495,-1.0443739282242945,0.7137685013505176,0.7022150187605946,0.7698412698412699,True,2
-0.93236272420416633,-0.31635563145603773,-0.17498247043814796,0.34082447694215101,-0.9305875037209802,-0.13358732662742992,-0.12057539729022179,-0.18419015273462944,0.9754668426983556,15.768672923558743,-4.4333900967837545,0.16757768994763983,,0.2793782278251213,0.1764705882352941,False,3
0.37441274685511783,-0.89255377163384164,-0.25132222292230399,0.92580567442308048,0.37501729504373865,0.047390733525670817,0.051951402275870161,-0.2504192348049169,0.96674260206183571,16.296727221708952,-7.010857364438758,0.29024907493005259,,0.2962050472730334,0.1538461538461539,False,5
0.95086813289915395,0.29229150532474019,-0.10205620878650637,-0.27655475458363848,0.95008901600993834,0.14438950576288859,0.13916630897620652,-0.10907124998030054,0.98424397426332977,13.593434303479345,-4.5961987290836817,-0.11650594201805087,,0.1761349145342051,0.34375,False,5
-0.98038640197995175,0.13404788914613239,-0.14447721698687008,-0.12183356118336126,-0.98843011963253036,-0.090346455229866743,-0.15491638448590614,-0.070972262319080243,0.98537498029893511,-34.032568505588081,-14.889563879616887,-6.625931351784387,,0.3531714261891159,0.9130434782608695,False,2
0.7878783386798337,0.61259310229226405,-0.063066746095265858,-0.61031395418860068,0.79039204121007367,0.052889493422107456,0.082247193032829721,-0.0031799710238178264,0.99660688690300936,11.811225136781911,-3.6641896266599918,-0.37307919221505936,,0.2207162145107984,0.25,False,5
0.99305459505573346,-0.022017460508259666,-0.11557596061232393,0.031103682755700628,0.99651390638827186,0.077411854995344462,0.11346863953413278,-0.080469036327985966,0.99027753788254691,-22.359879421714055,-21.897295148658024,-4.7103383089409983,,0.1161212700119705,0.4166666666666667,False,3
0.34625172511592334,0.93572193366790957,-0.067336510950861822,-0.93709509080793529,0.3483627806665392,0.022274735238480531,0.044300492524516816,0.05538804834136303,0.99748164417347551,10.227920524991962,0.38521465538026872,-0.73191464078894775,0.6171867592671652,0.2333118824404068,0.7837837837837838,True,5
0.15736682177858555,0.9843584343346744,-0.079209571123041458,-0.98706319694402445,0.15927676804086063,0.018361819111965189,0.030690855998971277,0.075295311385551095,0.99668886190295303,2.5994745647501389,5.0023050607802952,-1.8586802353490683,0.3846287104037002,0.2789091323750511,0.6528662420382165,True,5
0.59742951694011737,-0.76770237199134295,-0.2317564245658898,0.79900015980813088,0.59449849665199772,0.090389612816391615,0.068386525831340569,-0.23917484298600786,0.96856526758259232,-13.877639537531504,-31.444984895535178,-3.3438942004091072,,0.06570364133560087,0.2222222222222222,False,1
0.89809776384046891,0.43870333050433552,-0.030980548561209867,-0.42439670301440269,0.88297591603045922,0.20060152088325819,0.11535963356068078,-0.16701173466129624,0.97918294277942264,-12.188976414062529,-30.962252870639986,-3.1160653746324369,,0.2167082722460092,0.4285714285714285,False,3
-0.14065850549506023,0.98933339244526453,-0.037876423070836537,-0.99001070566598615,-0.14092340936778242,-0.0044040162235323196,-0.0096947149846100117,0.036878601992284224,0.99927272614460072,3.4628198464231765,14.87748241087936,-2.2887088092480155,,0.216760966444667,0.1739130434782609,False,2
-0.55952243737229734,0.82630543611427221,-0.064451286449274572,-0.82637941174015006,-0.56214618879493106,-0.032995913009606984,-0.063495747329781971,0.034799262511387818,0.99737520592788753,-3.7494928346056295,13.016546673183788,-3.2202102548669127,,0.07401101285287445,0.1212121212121212,False,4
0.31555834957450368,0.94836576314278487,-0.032020420241121172,-0.94796074373161265,0.31657037364455143,0.033965083164276343,0.042348038415284381,0.019636135799892207,0.99890993878989165,-38.090181728044946,-9.824645276045894,-7.39658090348627,,0.3076157240174455,0.2142857142857143,False,1
0.4672673860693824,0.87658788904664053,0.11512976458171885,-0.88205481580689415,0.45332166049085432,0.12836967726718387,0.060336488361133339,-0.16153372683922634,0.98502099635778184,-1.3521215395433464,15.85245998054541,-3.1434138935675175,,0.5933876841597432,0.3448275862068966,False,1
0.60856944802130819,-0.77673666684643272,-0.16224480673147199,0.79014290701084744,0.61198168291239086,0.033950055672468615,0.072920596785037761,-0.14885754987910538,0.98616632289310213,22.021828587798222,3.273747063270886,0.71187835924650433,,0.1089547911828015,0.2173913043478261,False,4
-0.31784068410257194,-0.90268705243951342,-0.29005755443923664,0.94646151189620764,-0.32028284195019407,-0.04036716055718801,-0.056461544686201265,-0.28735863743825174,0.9561574700127996,15.257659806277298,12.367621377399075,-0.49791929961393894,,0.3914234014482642,0.5185185185185185,False,6
0.40158316747082473,0.90301299192714168,0.15263844867821386,-0.91454185325410453,0.3866013215803632,0.11896477125125893,0.048416508038553352,-0.1873684993885279,0.98109575841823105,-8.7766424754719576,13.359527217612102,-4.0453432877226847,,0.4333147188813332,0.28,False,2
-0.3869690113364273,0.91977541894557169,0.065331179147522178,-0.91883327442369089,-0.37868011144236169,-0.11111609698796131,-0.07746223645845432,-0.10302694745307259,0.99165772826180087,-20.190743355338039,-22.523541284876462,-4.3796981155957084,,0.6745855195352763,0.25,False,2
0.12593884446488265,-0.94617965837958107,-0.29813329489265378,0.99199556761063046,0.1228918041131306,0.02902409899864275,0.0091761264002392859,-0.29940216858018892,0.95408287908009715,19.195709623276933,-3.8171494176851155,0.59371389011866116,,0.1878268751854829,0.4210526315789473,False,2
-0.010891154844195136,-0.98575325684172643,-0.16784486698165496,0.99992410778199614,-0.011703115473281959,0.00384912517316186,-0.005758595535319733,-0.16779020744414347,0.98580590628343878,-7.2424588939034535,11.765243094578736,-3.6843915288556115,,0.07105571098113939,0.2790697674418605,False,2
-0.42825327050468781,0.89901584333722551,0.091485789774674295,-0.90291193538672654,-0.42158576123356162,-0.083758479339789735,-0.036731093616095029,-0.11847345421559861,0.9922776160974256,14.802367098217537,17.416116661562718,-0.92441797373999546,,0.4172259038666996,0.1666666666666667,False,4
-0.95148822912432485,0.306928563310085,0.02156401776719942,-0.3064077833668451,-0.93882858061145669,-0.15721058017606254,-0.028007501317923775,-0.15619139941586013,0.98732964435311155,-7.4518120595632151,13.125932408509353,-3.8142234970417817,0.6966038478541117,0.711426837915913,0.4090909090909091,True,2
-0.64679263286113509,-0.73770263371770783,-0.19353065463258884,0.75830601905901396,-0.64914001259184884,-0.059910145310491728,-0.081432619603147113,-0.1855049009007895,0.97926332526361748,-5.378172460940954,7.46424742077863,-3.2158005055417553,0.1706105807724361,0.08275769638355773,0.3659793814432989,True,4
0.35236022309920884,-0.89201115380570495,-0.28312254354552807,0.93411650932257306,0.35370306635038984,0.048171442425375112,0.05717184786663114,-0.281443142287293,0.95787323663988444,-1.0037909700659084,9.317891453117273,-2.6859726587425561,0.1860335978433397,0.1080426959564005,0.3389830508474576,True,4
0.25588829722835665,0.96563232866544246,-0.045556395574349179,-0.96615496101234022,0.25704965469445895,0.021681013184398995,0.032646143000587984,0.038466620044056654,0.99872646329691839,14.628528118676178,-1.2186066935875826,-0.12527610381278831,,0.09911937908351758,0.3125,False,4
-0.94547512244708343,0.30994416830857346,-0.10005701057486245,-0.30561655649078423,-0.95048253553621875,-0.056404521444248505,-0.11258469359725026,-0.022749992794418548,0.99338166109278769,19.019733689597917,0.30144610519495879,0.42381440376877594,,0.1018991970021325,0.3125,False,1
0.94812683527403407,0.31765082256268595,-0.012387863354659467,-0.29611326189837689,0.89667478536991307,0.32907638233352904,0.11563926824892953,-0.3083379383194173,0.94422204773653895,-8.1911862720251474,11.299995612364873,-3.7899164203051674,,0.4245440842922489,0.2,False,1
0.89175230855771181,-0.42820107764775833,-0.14636139273486837,0.44419764041876775,0.89005389830037407,0.10243297499685722,0.086407617884021445,-0.15635822722711484,0.98391352686605726,14.715334164071871,9.1416248435279286,-0.39229437727061184,,0.1692782780989389,0.1578947368421053,False,4
0.31786080525886895,-0.88066274147597801,-0.35128000833551148,0.94799153660085644,0.30169300159502832,0.10145629266697923,0.016629943274975949,-0.36525945376484897,0.93075720594689682,18.243685152069961,-10.436911772840991,0.62570993537680564,,0.4738642545697714,0.5263157894736842,False,4
0.80345063376344161,-0.55676463763382922,-0.21090333659189597,0.58787496354748225,0.79792727645639261,0.13309804176218915,0.094181241970839852,-0.23092249731750708,0.96840316701954021,-26.006833123207365,-30.939317555523697,-5.0555905773949794,,0.1324600068893864,0.3636363636363636,False,1
-0.028074508941833224,0.99946633469753055,0.016699333937594693,-0.99951648271087878,-0.028291444272929685,0.012899417437443068,0.013364981741425129,-0.01632911471072708,0.99977734385002726,19.698930728417384,10.676513505773636,0.17921278307886923,,0.2831330406419798,0.3478260869565217,False,3
0.32379291632956486,-0.92631407386056808,-0.19261459940159145,0.94547485313661317,0.3243563132802133,0.029500578326022053,0.035148960455425066,-0.19166433837077845,0.98083093954860368,10.812272657617234,3.2434201941552554,-0.75775029651996506,,0.07859318540177326,0.3333333333333333,False,4
-0.98635803388208099,-0.099793441143680814,-0.13091637827628133,0.11330227682890941,-0.9885005795248254,-0.10014588530972773,-0.11941701328395728,-0.11361282226838079,0.98632231220557509,22.553119574625249,0.62610756390405886,0.8703961064577197,,0.291547197560939,0.1578947368421053,False,1
0.92145921955297461,0.38838607176044571,-0.0083166076806453215,-0.37174750461295114,0.88779393464143452,0.27134060224729478,0.11276834447160961,-0.24693762142770159,0.96244745914193253,-18.689485849259505,-24.794647727526517,-4.1400457864659144,,0.5286600115529779,0.2333333333333333,False,1
0.88315796076379172,-0.41512635005174919,-0.21840817253998057,0.45731409956442509,0.86559946385620101,0.20396416967555062,0.10438309575367277,-0.28001371692217203,0.95430419031685576,-10.869127597892284,11.651299958501459,-4.2422991504813314,,0.5123899196243085,0.6875,False,1
-0.99174288850090608,0.052415770502587541,-0.11704114708298156,-0.04695253856797936,-0.9976965965597735,-0.048958761576123604,-0.11933776531300749,-0.043059124650477745,0.99191955800580567,8.1869664949694876,-2.1258642038808895,-0.9096839440934229,,0.07526381387517976,0.2051282051282051,False,1
-0.24094271938519218,-0.89263713646888843,-0.38097972199566205,0.96996261635085435,-0.23500186266118492,-0.062822348153973806,-0.033453383342706228,-0.38467267532591509,0.9224466401914686,-11.483661302317726,-26.704736873339066,-3.123190542413067,,0.3102050962163054,0.3333333333333333,False,1
0.94294074012574036,0.32397189435383555,-0.076843817447527191,-0.3124379041119727,0.94070653063344845,0.13211275221453311,0.11508829951493452,-0.10056557508595193,0.98825161189971877,14.272517512016561,7.7685946833812558,-0.39851993197066143,,0.7470784586229191,0.5862068965517241,False,1
-0.92028777187950495,-0.34116823197678692,-0.19150627775321138,0.3717253648416553,-0.91513901467842784,-0.15601550226414976,-0.12202733325937679,-0.21476689992461606,0.96901213028236932,2.6012701780799596,12.711584501907353,-2.2739057591469254,,0.66303958258803,0.2,False,2
-0.60136355476762904,-0.74904518694251732,-0.27801651554447343,0.79534242247846276,-0.59436482026806525,-0.11899954383862743,-0.07610720073246563,-0.29268031766068592,0.95317675467392127,-4.6789554485148264,16.1198326961539,-3.6472356753830297,,0.6704080949356739,0.4166666666666667,False,1
-0.25837835252295982,0.96595187693618267,0.013326604630836361,-0.96567316474878739,-0.25787254943695331,-0.031258392968076767,-0.026757537846030438,-0.020945636546822521,0.99942249048041043,-5.6003686757395199,13.25057112947739,-3.535872904541522,,0.7100593495753256,0.2972972972972973,False,1
0.22089633116434257,-0.93127986914797023,-0.28969400442168719,0.97497904457802764,0.21844541249082694,0.041200296059966113,0.024913319968432011,-0.29154657789357069,0.95623214723554351,20.867212199320345,17.830518164473705,-0.17730061809207026,,0.2541801410032326,0.2727272727272727,False,2
0.34401465057449349,-0.91038283970361333,-0.22990651439942283,0.93826198679864437,0.34276187898483657,0.046676958378220973,0.036309286949308427,-0.23177010050471769,0.97209271995693058,9.2417686469259888,7.4774213601820323,-1.0607223267935615,,0.0791244376890616,0.3,False,3
0.89896982820027727,0.43799529009213051,-0.0036570264797129853,-0.4291516732515186,0.8824279175499532,0.19274286413217409,0.08764752894967788,-0.17170060042283614,0.98124248505833234,16.322943493964601,9.1679327377496698,-0.22557614426857028,,0.634539861874597,0.3571428571428572,False,2
-0.95204400885356266,0.303839648074888,-0.035967672481904592,-0.28414049345710207,-0.9216144106446269,-0.26436917004467675,-0.11347416086489429,-0.24147121225911156,0.96375062566315517,-4.5107454943111254,18.493187939317988,-3.7653663498169121,,0.1372632415345794,0.2,False,1
-0.25423914635171496,-0.94235202929995665,-0.21756633318738627,0.96650639880538969,-0.25571041446683496,-0.021853260659141067,-0.035040512704413572,-0.21583520752521576,0.9758008637329435,0.081335657633360758,19.032542724941834,-3.1655916211826756,,0.1325974269779616,0.1666666666666667,False,1
0.91740445524994529,-0.35626123042585561,-0.17733302338539819,0.38278023605857558,0.91185074674962374,0.14834927210840615,0.108850155583223,-0.20397585971778198,0.97290569547202221,-21.933516014130991,-19.104270247773108,-4.7261576219358874,,0.2790164991799572,0.125,False,1
-0.93721896780938918,0.33446935722465704,-0.09874641996562622,-0.3313447112056947,-0.94233854448562449,-0.046997339634590025,-0.10877172764242465,-0.011327694136011104,0.99400221056657756,16.816051053740608,20.581813889302079,-1.0434157272155953,0.237261269703169,0.1701094479201833,0.2307692307692308,True,3
0.91486550169686431,-0.32441932558316,-0.24036059367773316,0.38890273047921353,0.8680432880823562,0.30863492388416347,0.10851626620353652,-0.37583633566133401,0.92031041978557659,-9.6782167788373901,13.720959643190728,-4.1568269066107382,,0.5603032162415046,0.25,False,1
-0.97454573136685296,-0.1838331182451732,-0.12831992094332764,0.19040857334426967,-0.9808524354303767,-0.040903240792127066,-0.11834353667034639,-0.064295291791506434,0.99088895582794712,-6.2502156737278165,17.644090196239485,-3.9329301695181864,,0.08909098950656316,0.1578947368421053,False,1
-0.62522983179704517,0.78016354219079087,-0.020796751365440055,-0.77700775280353873,-0.62475521776556453,-0.077070551820365485,-0.073120513634907083,-0.032027571107078018,0.99680872045480595,19.83486936202662,-8.4386217686323093,0.79079182358833067,,0.2107357500523702,0.5454545454545454,False,2
-0.67927372302556022,0.73358136314876854,-0.02110907027301244,-0.73183910407865149,-0.6792460505474277,-0.055102890641776543,-0.054760706244103723,-0.021981502599175085,0.99825752118134881,8.7124597005407285,3.3488658282505899,-1.0099733062730314,,0.09911179057659969,0.2307692307692308,False,2
-0.69261300399555448,0.71752469996505686,-0.073793845517824336,-0.71255463345426584,-0.69650760315946914,-0.084516584667787387,-0.11204071152536549,-0.0059551390500667961,0.99368577290800708,16.165864073294507,-33.313977746114411,0.77204442493116832,,0.3444532860442662,0.2941176470588235,True,3
-0.58187810979578758,-0.79427686767482397,-0.17476304763064771,0.8097701842556535,-0.58576621646041194,-0.033914426785939339,-0.075432844511172201,-0.16125196783395912,0.98402626430326001,24.841208564354268,1.1836782638182959,1.1851925341465261,,0.196558862750405,0.5925925925925926,False,3
0.95609709227850159,0.2818548892445582,-0.080225753630189772,-0.26789511327955629,0.95160646399329174,0.15058999291824562,0.11878787150853277,-0.12248656699867733,0.98533572069998077,13.513815674951388,4.6838963931984301,-0.43503187840918311,0.7673469468761887,0.6244419363420807,0.8076923076923077,True,3
0.19833215244180044,0.97874227352798282,-0.052229487045902856,-0.97972445100217975,0.19950937214752831,0.018330590109898882,0.028361195607387521,0.04753496013014797,0.99846685981515937,-21.268013927403459,-21.530745619014812,-4.5643108794433571,,0.1246552246598027,0.1538461538461539,False,1
-0.88542044787818219,-0.43446644601414941,-0.16513490777855738,0.44969014739920254,-0.89059053314405012,-0.068024066375652739,-0.11751341119753853,-0.13448944033651888,0.98392234888058494,13.589947096500202,13.692039569545003,-0.74881008187879594,,0.1013270249956222,0.1578947368421053,False,3
0.82833248095019618,0.55247885718961076,-0.092910781728250985,-0.55013432606158885,0.83348434622800116,0.051537053482352435,0.10591281457715371,0.0084235949180267861,0.99433974010747572,12.994463235280579,5.5414028654898857,-0.52111111150859579,,0.08142105331147355,0.25,False,3
-0.078153502471797726,0.99649724235696902,0.029753588461676278,-0.99692320187117411,-0.077937250941095812,-0.0083614883047353258,-0.0060132871473330459,-0.030315522273263534,0.99952229064037523,15.762903254479003,4.9341251353909641,-0.11583851856460564,,0.21979837414098,0.3636363636363636,True,4
-0.97649966031852309,0.20832188736017176,-0.055230468443646451,-0.18106623266402985,-0.93199206109588473,-0.31401563248204667,-0.1168906873393433,-0.29663578560406434,0.94780999040545844,19.387576963934407,-10.633518999111402,0.77759567255251349,,0.2644246763287407,0.4,False,1
0.63281634805586839,0.77430155609547335,0.00075489162356526252,-0.77215960269563233,0.63099271298622761,0.074951611878625965,0.057558818595919978,-0.048013502126063395,0.99718688620309948,20.870520107000473,-2.5336383988400151,0.80900411862810795,,0.1776064960225137,0.2592592592592592,False,2
-0.12107913290479985,-0.96947724788173273,-0.21319875565932184,0.99228159525255777,-0.12400448458585484,0.00035146213909326846,-0.026778336357222571,-0.21151064664044189,0.97700878555910708,-1.0982456652753219,8.1207285925373984,-2.6356938004760226,,0.07644966312846618,0.2040816326530612,False,2
0.28701176661047084,-0.88161123937723118,-0.37468102224542893,0.95743007740573882,0.27660685388361461,0.082560857937949941,0.030852758482481098,-0.38242681782054944,0.92347053894841213,21.874117452985949,9.1401135470488093,0.50824070626188977,,0.3245156672745574,0.125,False,2
0.84212690873225471,0.53325914435255717,-0.080355177514796733,-0.52917178193706893,0.84583180040499362,0.067422478634305144,0.10392061773586156,-0.014256591037999415,0.99448341103377447,21.428057382226836,-9.6926966851138374,1.0124353913608903,,0.4437014125178821,0.15,False,1
-0.37907653185614154,0.92003274451105876,0.099200463826383381,-0.92443451434200108,-0.37170586152398677,-0.085179699471059647,-0.041494718810821223,-0.12399395765988172,0.99141499220793061,-8.7956211036779344,14.474759019389955,-4.1110488909280942,,0.5107732670876921,0.3076923076923077,False,1
0.14943324061744903,0.98690301173656847,0.060763081092537211,-0.98861552116774964,0.14803461533478063,0.026927754620504958,0.017580042798189793,-0.064095226717550399,0.99778892758300297,20.716177855083043,6.2837658659491105,0.47327362272890133,,0.2741074725499713,0.1428571428571428,False,2
0.92477293849909459,0.37840069274895177,-0.040098976880500181,-0.36434919727200921,0.91093763779802739,0.19350008395396501,0.10974823309280127,-0.16433361120009063,0.9802804647461586,21.938438966909093,1.2945344269592234,0.76249412407853823,,0.1423311846048679,0.2916666666666667,False,2
