axis_00,axis_01,axis_02,axis_10,axis_11,axis_12,axis_20,axis_21,axis_22,location_x,location_y,location_z,dbh,dbh_approximation,score,reconstructed,number_clusters
-0.77701943303377863,0.62215085066696452,-0.095755520479169284,-0.61830991281545422,-0.78287870872448473,-0.069237122557395905,-0.1180408929227898,0.0054079978046356614,0.99299400862126785,6.2526066049056706,5.9016582222552909,-0.40714814341229316,,0.1734610652084687,0.1428571428571428,False,3
0.2158119539306409,-0.90574086957994593,-0.36477209009627171,0.97535954363484378,0.18243845641600126,0.12405631890789311,-0.045814421103719888,-0.38255677590798265,0.92279540095614976,-11.278167927444279,-12.302242629012433,-2.2470144562544103,,0.3167315800105453,0.2380952380952381,False,4
-0.61630931421920809,0.77381872691729203,-0.14617594562290548,-0.78384764434285592,-0.62065360901621958,0.019286473843009511,-0.075800393566293728,0.12646610410399581,0.98907058638297007,-17.773082947988911,18.01927416569799,-6.1826765657345906,0.5186160366679615,0.3635000230489508,0.4081632653061225,True,5
-0.30306466845923963,0.94490891697830515,-0.12368890551127779,-0.95292049640535692,-0.30180830688474314,0.029227956239415404,-0.0097125826771104276,0.12672365410708175,0.99189050868908368,6.9320855771236376,-3.5653695146186304,0.5878092617440327,,0.0685661919272461,0.2765957446808511,False,5
0.093744081055050887,0.99545729442537845,-0.016637975912037473,-0.99182929100976791,0.094828716762720117,0.085335643035002379,0.086525746238940909,0.0085023204151155607,0.99621333347097552,-4.0717858351327267,-14.498312118032633,-0.60562128668407389,,0.2397996523780523,0.2142857142857143,False,5
-0.51635327536089493,0.84146304815592488,-0.15912018606140688,-0.85422871178354831,-0.51923843230394851,0.026167888397023817,-0.060602004824073741,0.1494369064410756,0.98691236085309308,6.6409697487644159,-4.9028086028435407,0.64907482853895859,,0.08232616168131023,0.3673469387755102,False,5
0.070625856457092878,0.99746347131572999,-0.0088663290304773212,-0.99466337314675934,0.071092222442645153,0.074770783254405657,0.075211452053619898,0.0035382621355735944,0.99716133006702934,10.342206330161984,15.279500296379142,-0.43020670835851998,,0.4185188045995606,0.375,False,5
-0.58543332997329656,0.79647624406782291,-0.15130567997266786,-0.80752949620676506,-0.58942604994185532,0.021749584041771734,-0.071860482272428292,0.13491673093265896,0.98824771530321232,-10.985974214141832,-2.3924749086329027,-3.2345789946892292,,0.08722289173998665,0.3267326732673267,False,5
0.96031301843227701,0.25143966307232674,-0.12073525774836397,-0.197998264250793,0.91939822045135777,0.33985820511582482,0.19645761370627057,-0.30246488732570553,0.93269469707503216,-14.475696447844779,-23.317628940135823,-1.9304499031031075,,0.3819037000440059,0.5263157894736842,False,1
-0.74453309445562255,-0.60773442525140542,-0.27627764952069228,0.64331421487333218,-0.76371794746009614,-0.053681632512861045,-0.17837402333928221,-0.21770109115868383,0.95957748134586585,-18.670586808321431,5.1003349839097387,-5.4511404272469903,,0.1907214753073872,0.3571428571428572,False,1
0.47968068530076441,-0.84153790351465041,-0.24843590138616298,0.87659080373875953,0.4720817675400954,0.093420380843017153,0.038665268006623815,-0.26258857877749681,0.96413289299016747,5.8451038637473829,28.340496311637338,-2.3506299983605263,,0.156232704421837,0.4545454545454545,False,3
-0.76417686262703199,0.62459798681374612,-0.16096918181354503,-0.63479692140852728,-0.77251175552753371,0.016076571214817998,-0.11430919121296926,0.1144680848096275,0.98682848882886098,-11.462056095294782,-8.3678007493612654,-2.6675989560456328,,0.07320812698935766,0.2641509433962264,False,5
-0.51551388091600814,0.85320559453212674,-0.079282104172359605,-0.85506198651538912,-0.51823869384808985,-0.017252692977712938,-0.055807148281141646,0.058897110775544687,0.9967029108731551,14.197082893765755,11.883972514784622,0.70524123398111394,,0.1893187289097076,0.2380952380952381,True,5
0.10061279385107617,-0.96411079431911517,-0.24569786728998483,0.99419948097622479,0.087991957495704709,0.061845027631013225,-0.038006022418658129,-0.25049509315242136,0.96737156799570734,1.1894014229213736,13.144883634785449,-2.1924232742503285,0.5006510085194206,0.5118353744902782,0.7988826815642458,True,5
-0.72414965184438196,-0.65311821750844157,-0.22145851912323286,0.66659245572285475,-0.74520418713192926,0.018033786469120079,-0.17681001020030918,-0.13456341791005338,0.97500302915084847,-15.413544806473544,-2.0150936223423717,-4.1900933075962232,0.1938667831808698,0.1969909853333919,0.6216216216216216,True,3
-0.49165155221820855,0.85293676471958668,-0.17543553400354645,-0.86936070402280519,-0.4923253806523023,0.04275144285912582,-0.049907088698878929,0.1735355725931973,0.98356224385767888,-3.6804789507262399,3.8066366208179585,-2.3703069817606788,0.1688939519806117,0.1516657753196918,0.7802340702210663,True,5
-0.87283390243058967,-0.38609582947291166,-0.29848113714506763,0.42584352224227318,-0.90130601093488705,-0.079402576891034193,-0.23836583927249927,-0.1964115198155808,0.95110685075424173,3.1014108375956364,10.541968130974247,-1.5430329884286575,0.4301103290550874,0.2195820689965256,0.3275862068965517,True,5
-0.95345828937882038,0.22125428737413577,-0.20485075233783376,-0.19667231368927834,-0.97131105699976361,-0.13369678970756183,-0.22855478871141441,-0.087185840986740593,0.96961917147327248,1.5069157514521943,-8.1791411352934063,-0.076497979962280846,,0.2263905785184167,0.2558139534883721,False,2
-0.058343751282809025,-0.97396847386119179,-0.21904661287212301,0.99619838410106354,-0.071020810661418646,0.050446248298798041,-0.064689923486419221,-0.21527065842212437,0.97440944033903187,8.3918799280623659,-0.17599528453156713,0.63358776223284419,,0.1358025037077632,0.2830188679245283,True,6
0.46905009678542942,0.86379455569675823,-0.18398633714006857,-0.87244488998697378,0.48555710679894276,0.055445558637795371,0.13722944524115965,0.13451119501989328,0.98136375405510234,-12.827942066851046,4.9584131290629934,-4.4239316034215141,,0.08238918103867696,0.4318181818181818,False,1
-0.4800446417849491,0.87719654741041397,-0.0091301207444830501,-0.8761122108609235,-0.47887078097284724,0.055768890170414018,0.044548129859110761,0.034770567175476746,0.9984019590246962,-2.1531449014962929,-16.011709208872727,-0.16586275249830729,,0.3560173511654156,0.5,False,2
0.51083832476824187,0.85527691685276708,-0.086865421467928555,-0.84658975141763659,0.51805091000725434,0.12210261027217978,0.14943225469288909,0.011164682686052058,0.98870893144439576,12.129525089942502,16.476851174625768,-0.1500348182562119,0.4447324079055939,0.4438015133655606,0.5,True,5
0.81101085700841413,-0.52523700061481926,-0.25765768569873032,0.56965749690688949,0.80928742518847174,0.14333247939525298,0.13323560347089797,-0.26302082924544579,0.95554608332135582,-9.8251649649890105,11.22725606071508,-4.3534718605882263,,0.08909189644472315,0.2105263157894737,False,3
-0.98137810150287941,0.063861444082562988,-0.18115942661173698,-0.044092287192747687,-0.99282731355363907,-0.11112963453541949,-0.18695692578964787,-0.10107245629524059,0.97715478122850641,0.87340756494422611,-4.3217966165963464,-0.61360408563656765,,0.1009814435913546,0.2156862745098039,False,2
-0.81962367305314121,0.56755246806459925,-0.078110374244778763,-0.55566861361827891,-0.82073430647926016,-0.13276893464793602,-0.13946120037636761,-0.06541707851769267,0.9880643599623421,-7.2536093097226608,-13.253722619881787,-1.3518560947421692,,0.1445605805903782,0.25,False,6
-0.17791202024108921,-0.92459605751424911,-0.33685225764842575,0.97683902402280132,-0.20729378698817372,0.053054754945077463,-0.11888159739806142,-0.31961135196549084,0.94006156686404097,-8.1042161351572268,19.476155308710741,-4.4139495501794253,,0.4727406976675045,0.796875,False,3
-0.42931868497627013,-0.80150462981740955,-0.41626409298845479,0.89385529095761473,-0.44304182780006035,-0.06882338008741766,-0.12926014682539083,-0.40162702498815556,0.90663528898992207,-2.334050450907168,25.652559049053842,-3.6920049982820871,,0.5042317531190311,0.2368421052631579,False,4
-0.85659686235119559,0.50847343212356688,-0.087730178585056273,-0.50154062473110017,-0.86044220111806624,-0.089978999102201779,-0.12123867845874682,-0.033075479733127008,0.99207217251871294,-2.3625186038751429,-15.060731473199793,-0.29487540176670146,,0.5851077965152335,0.2666666666666667,False,3
0.28132786156117856,0.95891293909377606,0.036614335279369303,-0.95382620972508914,0.27524463260308779,0.12023291506347747,0.10521499869735529,-0.068748581525199332,0.99207027804858072,1.1580793903391426,14.205030848307807,-2.327116959305644,,0.1309316489546374,0.2142857142857143,False,1
-0.20790548972616593,-0.89953580687056456,-0.38420130075189274,0.97770469129036164,-0.20294584950565744,-0.05391213960924298,-0.029476159358752606,-0.38684404393262961,0.92167393459037761,-15.047060239268836,-8.7459861099070988,-3.4203916290383547,,0.3746155721849717,0.3333333333333333,False,2
0.85695119652912888,-0.45265110646243134,-0.24645815585131542,0.5011473139146666,0.84348249620690485,0.19336144483501394,0.12035786855627444,-0.28921316431121524,0.94966822052003241,8.2592526604705476,13.636492905884676,-0.75431297740537295,,0.1914807424745489,0.2380952380952381,False,4
-0.98160553135564921,0.021175200152055488,-0.18974243518652892,-0.021943897852030578,-0.9997572999896176,0.0019510162812759746,-0.18965507153528319,0.0060788169893941611,0.98183196211213086,-15.399148467945306,-6.2928774032066883,-3.7058187568790744,0.1890061229175945,0.1170539115577207,0.3333333333333333,True,4
0.53928800212525208,-0.78372381120047518,-0.30813217702985241,0.84161294067772763,0.5143007273536726,0.16487091898594994,0.029259337783730216,-0.34824093613601143,0.93694831316971394,-19.102909725127358,0.70702054109049706,-5.1102907061804261,,0.274715940764106,0.5,False,2
0.96509422136431433,-0.089540052156981353,-0.24612135817302516,0.14288293638700375,0.96757962066318703,0.20826460132896396,0.21949398711271551,-0.236161505620645,0.94659924618835145,-1.7908189842273328,-11.394116152913959,-0.47802643357682495,0.6186041492199807,0.2923639711980191,0.2758620689655172,True,5
-0.32969495263448989,-0.9078076059125656,-0.25920375933739115,0.9368729826733585,-0.34848006260536785,0.028821178034264587,-0.11649142691230641,-0.23333880220369216,0.96539253717960749,-10.708496271644545,11.232172828806288,-4.4952049336079156,,0.1343683699781632,0.2372881355932203,False,5
0.47905939336038766,-0.85256929150980032,-0.20887245105005126,0.87643944624878545,0.47774522862289071,0.060111509606612407,0.048538589723036159,-0.21186103866105421,0.97609369714446959,7.8643808470731189,14.634459093842411,-0.87417416273557491,0.3890032253324863,0.3018444567884576,0.8712121212121212,True,5
-0.32187552766546645,-0.91358829216273241,-0.24850065817469749,0.93987857433121547,-0.33996389743113792,0.032447094732058875,-0.11412453812917731,-0.22311651858751069,0.96808812043645576,4.7766569977501989,-12.647922088363455,0.95469402980768048,0.5152903225786505,0.3375650648781704,0.8208955223880597,True,5
-0.7588717611017135,-0.60039165739293376,-0.25227664960386126,0.62694602940436606,-0.77834014828056464,-0.033545339299045927,-0.17621670300083098,-0.18362045449119896,0.96707352475184738,-11.517345869288796,-0.50567919189766808,-3.5464891698213079,,0.07042349849108787,0.2117647058823529,False,3
0.31603424460341889,0.9429935351883304,-0.10433383358700707,-0.94295526767278204,0.32433307623833468,0.075122691817655213,0.10467912593300668,0.074640794816195677,0.99170108013610037,-23.249576730824561,-14.400013064883209,-4.4354986513412724,0.2446785189374078,0.1814884189795564,0.4090909090909091,True,3
-0.27925247281983701,0.96010418683439636,-0.014765054929440857,-0.95991471695178388,-0.27951760938108094,-0.020824078017115347,-0.024120377347456222,0.0083580182428991678,0.99967412236571773,-17.071845731244675,7.2375448550768757,-5.3640327430684023,,0.4053774475764746,0.1153846153846154,False,5
-0.95431827202259811,0.26942777790159034,-0.1291716229626842,-0.24449350307676956,-0.95265601010407586,-0.18074693182965168,-0.17175436715569203,-0.14090847706080117,0.97501037863981399,8.3790544308402524,15.839268254176407,-0.90571519175972637,,0.3909591006027341,0.375,False,1
0.81627730812568267,0.55214465598593709,-0.16978702867198064,-0.54829185196182129,0.83308029741850498,0.073165997057181117,0.18184444261886326,0.033369101265487686,0.9827609586106727,5.1592838611014722,3.9692940094582658,-0.48888682799287575,0.2581854493881073,0.198871486390778,0.7669902912621359,True,5
-0.42091878679158828,0.90046215327230306,-0.10952299050931565,-0.9062951694165482,-0.42254921469924217,0.0090126050220137137,-0.038163343906508655,0.10305373201034514,0.99394340256405567,6.5685463076671295,0.30685452477070835,0.18034804638336419,0.524872427016411,0.4073611151543221,0.7278481012658228,True,5
-0.43069624071255691,0.89158625098605049,-0.13990963258014572,-0.90178609475573468,-0.43130597999764514,0.027513468037895502,-0.035813231371558465,0.13801850843604602,0.98978194759644766,12.703215119938957,5.9064309260002066,0.95728826663692523,,0.07823363332804492,0.1,False,4
-0.61993497784193874,0.76516851930605323,-0.17377502786964483,-0.7805261182931007,-0.62404569243927099,0.036687224074523253,-0.080371648673013829,0.15837964140309121,0.9841017667287304,-10.126967735426243,3.6634462690230514,-3.7726090652096507,0.1540383072327751,0.1516637200538516,0.691717791411043,True,5
0.93695271275929981,-0.25995344659900105,-0.23354618312935355,0.30629220176148869,0.93263963941074635,0.19070498194827759,0.16824001067846142,-0.25021492481683349,0.95346095368704942,-5.3022232347763607,-10.07346339322598,-1.225385950059213,,0.1385997119330565,0.1707317073170732,False,3
-0.94703758907662638,0.26542321947103942,-0.18074932763791549,-0.27268583023982262,-0.96196794632241345,0.016127871361604536,-0.1695943479669908,0.064561480883466651,0.98339695562055918,-7.7988117826330257,5.7599386975255511,-3.5250159484472356,0.2283903751653848,0.2046747499516023,0.78,True,5
0.0063590172010396075,-0.97478775013852603,-0.22304350490455302,0.9985484294910778,-0.0057399188895285169,0.053554526345061762,-0.053484547872625444,-0.2230602956848487,0.97333627674501522,4.0190138047307258,-9.3311622465621795,0.51488869633995016,0.3657852142600817,0.3167481324070227,0.8533333333333334,True,5
-0.87497422020150761,-0.43982215910659811,-0.2024267332680473,0.44435964469707506,-0.89550001898854614,0.024984438280701668,-0.1922618530740095,-0.068089531870349468,0.9789786491554473,-4.8180885617475244,4.2464755952168121,-2.6466272302160494,0.1624909343003018,0.1323206427310565,0.5690747782002535,True,5
0.51234796112319514,-0.83261731699642438,-0.21035201489546387,0.85690588496110265,0.51182220568585124,0.061239971308781935,0.056673371630203306,-0.21162805391664591,0.97570574239548202,3.7160281310528305,2.1115963694675788,-0.60285660556416221,,0.08764882953433066,0.2876712328767123,False,5
0.47895600160319673,0.87725062066604065,-0.032132492423162212,-0.86678880650397949,0.47839965251881311,0.14075133174959803,0.13884636634671088,-0.03956161031764166,0.98952340323076238,-26.768975408192677,-17.329088879204242,-4.965445831128684,,0.4497857204488213,0.4782608695652174,False,1
-0.5515936169616108,0.82561447255326881,-0.11876541768459516,-0.83169167835782865,-0.55522992483623534,0.0029466449883338158,-0.063509321186316872,0.10040156013198634,0.99291796884008343,-15.816891326309682,-3.2024235302603481,-4.1320706422035691,,0.09412901712768858,0.3409090909090909,False,3
0.74624290611468447,-0.62698223449830748,-0.22363989513729554,0.65847535456515582,0.74454120041259331,0.10985721787150823,0.097630592048822823,-0.22924152876755316,0.96846093828533586,-20.935264709975812,-4.6464082816848613,-5.0375534466092091,,0.2276790747460468,0.8378378378378378,False,2
0.97817969628687595,-0.080577884416850251,-0.19149852823199748,0.09629700442340447,0.99258056412805884,0.074234160965857679,0.18409608554012019,-0.091055083647925777,0.97868156365115799,-8.5806066984305733,9.991328719856547,-4.0303713697332881,0.5110657247569931,0.4462564401995748,0.9902439024390244,True,5
-0.68964332250881166,-0.65445336875127869,-0.30997237917129145,0.70848402078552686,-0.69833840968250827,-0.10185213720722575,-0.14980814400619669,-0.28985212383594694,0.94527417519850321,-16.969722147612362,-20.909408680695808,-2.5344648160947738,,0.276621526821919,0.2941176470588235,False,3
0.96307144702982561,0.23159073449031203,-0.13732850983723949,-0.18390488506836294,0.9383464295776659,0.29271995379003557,0.19665294598319941,-0.25665484565284602,0.94628532115797082,-19.938590253008442,-5.5621997023673941,-4.6988849818645049,,0.2648892226774426,0.4074074074074074,False,3
-0.34859561857508536,0.93172746989009525,-0.10180872537487537,-0.9371713514272425,-0.34809680627782852,0.023204989187965434,-0.013818566289280541,0.10350137830666382,0.99453331362721642,-16.410366908108511,12.089669769611017,-5.5768316937502176,,0.1039583093332044,0.3191489361702128,True,5
0.96556559688658972,-0.17370828872549665,-0.19367113501269179,0.19741772259619986,0.97406224335459968,0.11058475878680385,0.16943825103551652,-0.14501095303136646,0.97481408616564491,-13.87846498237157,5.1564760926579165,-4.6488503594193391,0.2540912375095286,0.1616972150349922,0.6145833333333334,True,5
-0.59435363310216083,-0.772987585089566,-0.22188725090834785,0.7894733836140837,-0.61338531301406829,0.022141236270013541,-0.15321728160750328,-0.16201435453698459,0.974820913573756,-10.820289298049781,14.105267716310768,-4.6734253396286007,0.3908002081981643,0.3539430114891308,0.8142076502732241,True,5
-0.8063046223813688,0.56938805884530219,-0.16021889517412219,-0.57810124296216148,-0.81590710242673481,0.0097238415872164218,-0.12518709522966642,0.10046312086526112,0.98703361266674694,-7.416946283567877,0.52376392246416703,-2.865812908682527,0.2884739099635932,0.2647716752669945,0.7908256880733945,True,5
-0.88077272731038503,-0.4257571998166822,-0.20729257012851579,0.43239617957895554,-0.90156711771468012,0.014500901391631963,-0.19306202814575302,-0.076860516911506235,0.97817151575188821,8.9878478662070425,-0.71215210900370973,0.74287425283395614,,0.06721919957280192,0.1428571428571428,False,4
0.74029970642064735,0.66383557560328921,-0.10620109809673546,-0.64693094694259867,0.74641192168392867,0.15604356140532344,0.18285703312001789,-0.046814225739128273,0.98202430403070473,1.7261793088550117,-9.9466353696987913,0.13531159634896003,,0.1753982960637532,0.1428571428571428,False,3
0.97916136547386934,-0.05696272851765747,-0.19493144416222491,0.083373814685138825,0.98799118560650689,0.13008544956564755,0.18518052648211986,-0.14362682452686951,0.97215199834600552,0.25705252311915505,-5.3413455485350383,-0.63501144884162297,,0.1217617496027087,0.1948051948051948,False,2
0.9756255064991064,-0.09525123724923093,-0.1976918634411983,0.11454677366383502,0.98946273810533458,0.088558040540095667,0.18717346957186223,-0.10904444829327994,0.97625580694039715,4.5976978362261951,-3.758438174036292,0.087973238914836063,,0.06787246240396731,0.2166666666666667,False,5
-0.96011939482244002,0.18498036370947754,-0.20964973820088606,-0.18602001598491685,-0.9824325713170754,-0.014926368221706315,-0.20872781639916113,0.024667952027440931,0.97766261604093718,-6.3701420830179032,-9.604150871927116,-1.4530393120012886,0.3138124843176385,0.1422796283954809,0.2127659574468085,True,3
0.25154395593229084,0.96622720316949462,-0.055952033825322184,-0.95198241566707231,0.25743121175819733,0.16570652212086298,0.17451394928377373,0.01158287822445242,0.9845865723426348,-18.037376508536852,-8.0958008078875441,-4.0788552037144008,,0.2319759758651703,0.2352941176470588,False,2
-0.80959837666005396,-0.51970395155257543,-0.27287042941668044,0.55669829062003562,-0.82721102361671683,-0.076216373750749355,-0.18611147662123295,-0.21361115408054365,0.95902700333319202,6.141092855922837,14.265943583248582,-1.2852496546884791,0.8504472483202086,0.5428657346011305,0.4074074074074074,True,4
0.51065862227043179,0.84352099693678162,-0.16643346787123173,-0.84919060803104296,0.52511984500568798,0.05589686586090363,0.1345476968689312,0.11278952126852206,0.98446708485316337,1.7284590463364269,-5.9189952827135039,-0.26185357226936062,,0.07463929514725384,0.2045454545454546,False,5
-0.97620130832552021,0.12952659948064635,-0.17393638391815208,-0.11669919729048367,-0.98976845267941216,-0.08209572115743502,-0.18279032516875549,-0.059843714018957342,0.98132890863212519,-15.835742598607899,-13.531827222535547,-3.0567207869978761,,0.1130909229956713,0.2631578947368421,False,1
-0.14718384758447545,0.98478484359420948,-0.09238899738257976,-0.98868571688447837,-0.14374478640314825,0.042871781051630198,0.028939043502774917,0.097653715797412208,0.9947996197989335,10.148249395809007,20.126786708984856,-0.94291357771836548,,0.2855278122271974,0.2325581395348837,False,5
0.97765065206624169,-0.081134990022425732,-0.19394926117032213,0.10142719308361119,0.9900947205757501,0.097082278461148197,0.18415136985000363,-0.11458428200276395,0.97619604347706657,0.086624462608260178,22.6709151810036,-3.0968584291461965,0.3133390610063829,0.1654481146638302,0.6136363636363636,True,5
-0.80808238518503617,-0.53949825486972036,-0.23652587965419278,0.55912367535970342,-0.82885069191498806,-0.01967857119568385,-0.18542808418877782,-0.14814912589878082,0.97142589119783473,-7.9621439233027029,-1.3499218275262077,-2.774275279624534,0.2334415241678529,0.1850467288284962,0.5825471698113207,True,5
0.68770774633908005,-0.63360266951404043,-0.35440896265459337,0.72090008009430739,0.65368040831750729,0.23022814402648162,0.085797028766996991,-0.4138231276361175,0.90630529563068141,14.501159712102561,15.473063734266113,0.44075948734327502,,0.1970620354417184,0.2857142857142857,False,2
0.015241798543064188,0.99363770087696168,-0.1115876649684857,-0.99966443477253553,0.017481041329935394,0.019116250807339225,0.020945296084816978,0.11125885398460418,0.99357071312612288,-2.5229947874820704,-13.335537193718327,-0.43668559051403022,0.7305726927186189,0.4452262926767961,0.7579617834394905,True,7
0.90977966991026538,0.39022985319327502,-0.14149775226032341,-0.37531967640643854,0.91894477320460499,0.12114307368605168,0.17730226371971428,-0.057106614999428068,0.98249821465648102,3.0182569489145523,-18.102962314650426,1.0087682890116427,,0.51468294457509,0.8108108108108109,True,5
0.96981923357915034,0.16737575084037373,-0.17730203667914118,-0.10167295448757321,0.93853965811028273,0.32985742447306388,0.22161512697854879,-0.30187525268702681,0.92723139900966822,-8.5592994843497348,13.523196230191568,-4.2252716424361019,0.7252095737504385,0.5300605227633644,0.3116883116883117,True,4
0.7296638676114795,0.66501940158219919,-0.15918491078462751,-0.66065675632195686,0.74565345025387975,0.086796212190593636,0.17641794304550379,0.04183452693335693,0.98342594115055482,-16.927012085354527,2.4754893989493776,-4.8929035451131933,0.314164606367638,0.2852591809508729,0.5882352941176471,True,1
-0.83511630865492237,0.54364314615493214,-0.083862271954346035,-0.53124388160901304,-0.83664904778250548,-0.13341030356616726,-0.14269088713567679,-0.06686180137713274,0.98750635959726329,-9.6119068855716119,-0.79273670800346396,-3.1808125227376469,,0.186017407524081,0.2025316455696203,False,3
0.8746433403771795,0.45615688307829805,-0.16407292632894172,-0.44438166439185772,0.88970463468861061,0.10464511152428158,0.19371103088407951,-0.01861614981404236,0.98088198855924014,7.3183343034873811,21.697419505612935,-1.6507719185698249,0.9098595632070537,0.4724138836442044,0.7627118644067796,True,5
-0.73056811763255691,-0.58448224660747761,-0.35305910114242689,0.65962453501555185,-0.73774978340142683,-0.14359919880231073,-0.17653809306871943,-0.33779544178662946,0.92451530068670928,-11.096350446862113,-14.824010819770233,-1.9642122324182478,,0.2505686670724029,0.1818181818181818,False,1
-0.57504806255532037,0.80227333053500705,-0.16024115845699913,-0.8151556479314942,-0.57852428225620456,0.028825760793612376,-0.069577262067141293,0.14719768324335819,0.98665690422305852,-1.6320822828527448,-6.1548273518416154,-0.96876699619941831,0.3308215148816173,0.2314804485292884,0.8408488063660478,True,5
-0.91710921157806236,-0.28585478970830958,-0.27784480063424477,0.34741696826100432,-0.91492742286569329,-0.20544892565470724,-0.19547926796209747,-0.28494710051018096,0.93839917183885213,7.1663403202718179,12.777324949584342,-0.88085741123519112,,0.1195594317437951,0.4074074074074074,False,6
-0.952679210867445,-0.22871904180228292,-0.20022467654619455,0.2304511998811769,-0.97296925160428149,0.014935859731904824,-0.19822856921823476,-0.031912933892873127,0.97963615643566437,-6.7396227592970677,-1.5339233037295279,-2.5056076787792492,0.1591209343609424,0.1376182491498605,0.6413612565445026,True,5
0.11452373931472003,0.98664368906297328,-0.11583843906743874,-0.99028411819889639,0.12264187953889631,0.065546431071427408,0.078877616447307661,0.10720634410040072,0.99110298224161253,-11.952563879265718,5.3417492557989901,-4.2951161847673802,,0.2094827126116261,0.3277777777777778,False,5
-0.8391324107334398,-0.49573428936936997,-0.22383992405317868,0.50982088544904514,-0.86025952337012823,-0.0060180736912271646,-0.18957706089250009,-0.11916822896412943,0.97460734205572019,2.9410395565184904,-12.18887803376421,0.5338618211217776,,0.08987358005302937,0.4137931034482759,False,5
-0.50838370192323334,0.86112196905543392,0.0038685952131772838,-0.86023752518615015,-0.50764674472788418,-0.047814044263082403,-0.039209844177689815,-0.027635791598517673,0.9988487628977103,-18.698960716828694,16.393311377675445,-6.2955014958378852,,0.2465775367115821,0.5833333333333334,False,3
-0.50602381640399141,-0.83333770768003956,-0.22245934952372162,0.85034209983857434,-0.52518770090678601,0.033108791255036282,-0.14442371853011127,-0.17241271349532816,0.97437962096459818,-12.035101158610898,3.5657896483635807,-4.1392198901017503,0.422469754593176,0.3036744801424087,0.8870967741935484,True,5
-0.46032741280092188,-0.85824961094619712,-0.22694994676075791,0.87749682991606803,-0.47863178736856943,0.030181544155655528,-0.13452875719065011,-0.18525446669667583,0.97343864524564117,-3.1583780648526023,-4.1766565594906977,-1.5342533688529492,0.3490198044356158,0.2954355542909925,0.893687707641196,True,5
0.84786900776225904,-0.4904684385780213,-0.20139229487514865,0.51192562247007734,0.85616150692469117,0.070140082114757113,0.13802283410676999,-0.16256747774164046,0.97699616808145939,0.23261893458679053,2.3081730054499139,-1.4042322958444486,,0.0827584521938867,0.3398058252427185,False,5
-0.71761958848905261,-0.62012395501063022,-0.31696751669339696,0.67273624439126734,-0.7349621457809925,-0.085185619392796841,-0.18013348300395993,-0.27436640590818584,0.9446030931612962,4.3367105873517158,4.9440206477769939,-0.72058202834051321,,0.208283413358714,0.3875,False,4
-0.97271965917758774,-0.11299314365610917,-0.20260556294472132,0.13455421727935565,-0.98624778608329222,-0.095971178267983043,-0.18897520276951019,-0.1206144847541742,0.974546314346172,-9.1994578215785356,0.90195600705507806,-3.301100116577742,0.6353414811528459,0.6734823258094307,0.7295918367346939,True,4
-0.90706408496464996,0.38179296917085476,-0.17739468554313048,-0.38473138603526774,-0.9228347122994992,-0.018917039263161156,-0.17092836618485871,0.051090336334819422,0.98395796209318376,-12.99347522115589,-11.654581783050237,-2.7247569971905015,,0.2275969681796539,0.1875,False,5
-0.80000240685645208,-0.55624532797528015,-0.224916171338467,0.58484826131745327,-0.8066438506584932,-0.085312422476380628,-0.13397261010308664,-0.19979197506533994,0.97063613493505119,-20.506675508664753,25.05268105046601,-7.1560515216941827,0.6895324323378815,0.5720987253070207,0.7176470588235294,True,4
-0.46110618862203395,0.88713167464464326,-0.019454425117474056,-0.88443138469299531,-0.46125690182523194,-0.070874510852767122,-0.071848511358912293,-0.015474571424716643,0.99729550738721817,-5.4798406952998331,28.698854526575296,-4.4270646492342021,,0.4788088815691835,0.5,False,3
-0.80109919339001501,0.57849370926701382,-0.15357444672977949,-0.58590740675571829,-0.81036931329728246,0.0037532352550010487,-0.12228079595200426,0.09298711956277364,0.98812995225160638,-11.471294850399179,-10.394460020762123,-2.4856972349258126,0.332134755009443,0.1067605928226772,0.2619047619047619,True,4
-0.97699517104994882,0.10634364031017024,-0.18485525664871538,-0.10878491169801013,-0.99406052351982932,0.0030852173893136173,-0.18342921995128655,0.023123705262442246,0.98276091473104388,-2.7461976659772604,10.694832002053525,-2.8032062383578316,,0.08363083322704068,0.2131147540983606,False,4
0.41056367807553529,-0.86138661043277231,-0.29908288752823536,0.91149543201324168,0.3966170595145867,0.10895405233857149,0.024769813565743676,-0.31734526224467519,0.94798651934865408,-3.8309677377428955,8.081880910959363,-2.8030486465864333,,0.1413237698983789,0.2595419847328244,False,5
-0.19894378186910763,-0.84210188284900911,-0.50128414153828016,0.97582928036623418,-0.21742070638379338,-0.022032975638569763,-0.090435541882240483,-0.49355106659567238,0.86500217192024398,-16.384919889854835,-17.579680339357804,-2.7555354941449046,,0.445061362214195,0.1578947368421053,False,1
0.049444528222135888,-0.9737368349166694,-0.22224269381772255,0.99778775492939709,0.038256708150046385,0.054369296431681591,-0.044439112748167059,-0.22443930272568069,0.97347427528937125,5.5298859629588781,-3.5550985655762535,0.29897490300281748,,0.07101872192420991,0.1587301587301587,False,5
-0.96373463258682057,-0.17029639119590262,-0.2054621549054701,0.18069938801124266,-0.98299008951054956,-0.032836185777368708,-0.19637537810303421,-0.068772255086594569,0.97811404642055733,-5.6075440976093871,4.5270503150586077,-2.8810733638757418,,0.07406337136691266,0.2747875354107649,False,5
-0.83554407166774769,0.53901767402858469,-0.10642392299524102,-0.53612692254996785,-0.84223783108311556,-0.056598222670958202,-0.12014169641712004,0.0097664209014831221,0.99270871347278533,-10.159749730539126,1.3720490887537855,-3.527843138752079,,0.147056304181683,0.2341772151898734,False,3
-0.11509595124881314,-0.93879354143343186,-0.32468385942175271,0.9916720479843566,-0.12760476187376302,0.017423374921366874,-0.05778815841191963,-0.31997454790969532,0.94566210531951811,-15.720535829492729,-0.099571946971817135,-4.4131063975499867,,0.3387722099619848,0.1794871794871795,False,2
-0.48875136457904877,-0.84318519360454691,-0.22396614232552955,0.86131906995144736,-0.50718761980829374,0.029835851775515572,-0.13875000309942567,-0.1783239961397772,0.9741401280312032,-3.6817680470642342,14.213127706782711,-3.2946841953588994,0.2071559121835825,0.1896547297862601,0.7083333333333334,True,5
0.40775801120022176,-0.86578344488071413,-0.29009038397114123,0.91223822422367973,0.39999143624529154,0.088477529326135312,0.039431289191049018,-0.30070895813213339,0.95290046486074276,-10.819383627798514,9.6944271172850023,-4.4079966176928203,,0.2556394492452571,0.287037037037037,False,5
-0.2267319717023443,-0.89229346511078533,-0.39039081076346344,0.96622979684803201,-0.25646464217275028,0.025017333954944321,-0.12244424319247256,-0.37153500432097941,0.92030926751458475,2.1089760842991372,27.249241030337817,-2.9853686829022541,,0.2405876533057712,0.25,False,3
0.25535930410716107,0.96635556838323322,0.030798397046374743,-0.95971446205326449,0.24948513936596403,0.12924904858976757,0.11721679543359381,-0.062562614157860075,0.99113376603666126,-18.236507529033723,-13.224967350938284,-3.5723749547863819,,0.3059451086788572,0.2857142857142857,False,4
-0.4652088172312463,-0.83332062798811668,-0.29859251052194252,0.87781277372551436,-0.47777865411311471,-0.034238749366478034,-0.11412927168182851,-0.27803648797118741,0.95376633443523462,13.878799917276671,6.8820081066451806,1.1632874484025977,,0.2527590498686446,0.3666666666666666,False,4
-0.91248728748134844,-0.31818204131046507,-0.25715197602281209,0.35691113729327623,-0.92636546749885629,-0.12025581358772928,-0.19995347023983245,-0.20151230536404485,0.9588594268848365,2.2510896094609962,11.114128420286846,-1.7576302756493702,0.2870624855438584,0.249786990202027,0.2582781456953642,True,5
-0.90391905056791055,-0.36286669600859561,-0.2264025418324917,0.38116835394368925,-0.92357041609302648,-0.041573699253413726,-0.19401297887581187,-0.12387674295669962,0.97314619486599974,-5.6145412074904719,6.9203811733981224,-3.1765982965724393,,0.1510004298556014,0.3626373626373626,False,5
0.70704063362829339,-0.59833098211075952,-0.37695301861753971,0.67367530970400902,0.73199467408916841,0.101712212640861,0.21507003392780941,-0.32585860883436224,0.92063078785951147,8.3076086365918602,-3.5603463080887581,0.87301636758985091,,0.2079759946775591,0.1764705882352941,False,4
-0.77247608148242097,-0.59589038879994982,-0.21953438927286267,0.60608544558931188,-0.79499835307223821,0.025259676506921819,-0.18958147636931608,-0.11354410221703987,0.97527770438442662,-16.709460852692953,10.179801670020673,-5.5363876474086853,0.2588976175651057,0.2818701230614322,0.75,True,5
-0.84906012938170616,-0.42118672842029109,-0.31890223658189232,0.49271599559658835,-0.84910980082950682,-0.1903772408102892,-0.19059864736556709,-0.31876995770914213,0.92847071557724903,6.7531459382761252,-9.9722363409130708,1.0537817709909705,,0.3057422696622657,0.2083333333333333,False,1
0.69367968497126509,0.70905239522337971,-0.12670120554341394,-0.70025918527968001,0.70506814081338465,0.11187488655366708,0.16865813970753091,0.011118346907040527,0.98561189840243391,-9.934365516243794,-18.772494243141164,-1.3771138899328899,,0.3252018406648142,0.7540983606557377,False,5
-0.9425757812695611,0.29037402873774443,-0.16502672510441274,-0.27747569810016792,-0.95582499598717741,-0.096983575980351261,-0.18589818053951007,-0.045623464146463913,0.98150922868375301,-2.5896423541214686,-8.0839343850263123,-0.97083623931548457,,0.2571631769338302,0.1052631578947368,False,3
0.88082698926605474,0.46545467707681365,-0.086578048995212153,-0.43269521044629367,0.86566685269628141,0.25178513657432816,0.19214231662321499,-0.18431723666069486,0.96390273701884988,-27.137394240336931,25.495301155334246,-8.5910513666461821,,0.2701084591390222,0.24,False,4
0.75063196221953477,-0.59668482550137891,-0.28375848235927642,0.65132527552138486,0.74041054131340245,0.16603498359980226,0.11102721630952911,-0.30945023724079357,0.94441172584322242,-10.805708136325192,4.4977594721171226,-4.0244277259352721,0.4490782157792215,0.1644120673066739,0.2214285714285714,True,5
-0.42298013899380071,-0.85175574643253038,-0.30919241652399676,0.8960822205474378,-0.44387748069033728,-0.0030718324780316039,-0.13462709992998756,-0.2783611513037747,0.95099453910591858,-15.996991896740049,-10.443945877137891,-3.4766637050989484,0.5470050677392894,0.6059389030574615,0.4142857142857143,True,5
-0.61408086877260049,-0.69601315111706274,-0.37211608414523745,0.77285289800366819,-0.62588379702815145,-0.10472760221143301,-0.16000963925595457,-0.35190221097589169,0.92225904671922776,-11.096699328273694,-17.516026726305814,-1.7335629578566289,,0.3621147134674526,0.4347826086956522,False,1
0.29428426269754326,0.95263654380823704,-0.076683688810986722,-0.94914083997503429,0.30071381483361431,0.09328916046198088,0.11193050799513908,0.045330089006217267,0.99268159266233935,-12.318292788969039,-2.7031561801375452,-3.4758253830561276,0.4054836629002082,0.24377982381679,0.532608695652174,True,4
-0.6255850996657778,-0.75053719043876155,-0.21292535979645508,0.76295754917091463,-0.64555847205162853,0.033912200245323577,-0.16290813742496457,-0.14123804349628191,0.97647977645728656,-20.53928351664468,-10.848638529649458,-4.3479686937927804,0.3918386786084848,0.425984627237026,0.9523809523809523,True,4
-0.21961466048734002,-0.9344890092935183,-0.28017796560159569,0.97111790749586269,-0.23685617833029543,0.028795147640264127,-0.093270631175561974,-0.26576200310876996,0.95951610047133984,10.427700013510959,6.9587648376072497,0.3579422873762298,,0.2841916973865893,0.5357142857142857,True,5
0.9809856232004075,0.042599484828363406,-0.18934754016480979,-0.017464709628071708,0.99103176611266908,0.13248027201515639,0.19329301847638819,-0.12665434239677978,0.97293190232427096,-22.60461559287096,15.487075559684833,-6.9531852369042051,0.2300322263071954,0.2449578708344506,0.5,True,5
-0.59025647302029027,0.8029866695824931,-0.082520933892333656,-0.80404303878228611,-0.59391113259870987,-0.028006398573616621,-0.071498866028727459,0.049819424405880761,0.99619573232797587,-25.948338826630593,-24.226981860101709,-4.1780006086833135,,0.1357678413656635,0.2857142857142857,False,1
0.88325893490707963,-0.38795271614444277,-0.26333693995138574,0.44147513848883241,0.87729008009931531,0.18831308360175836,0.15796631287422214,-0.2825859256854204,0.94614578084005463,14.079999332665219,23.587117911615298,-0.50384394553849732,,0.3438628509804676,0.3461538461538461,False,4
-0.59243437855233072,-0.75805652914069144,-0.27271194644987873,0.79022348867383407,-0.61266698292912614,-0.013638400810830321,-0.15674292665848893,-0.22358324323546686,0.96199905836068345,-17.860868340707579,3.5992072758831304,-5.1267708610980804,,0.084297967570926,0.1935483870967742,False,1
0.24178808225544762,-0.87015253243431867,-0.42938688100287226,0.96982041419261489,0.23103891772175172,0.077906243095317101,0.03141476554898838,-0.43526496389682406,0.89975414625852035,7.9783554381354271,2.9469287572832465,0.21350046896001582,,0.4581863729123243,0.7659574468085106,False,3
0.96352863963851876,-0.1704781026040571,-0.20627597322244348,0.19195606497179668,0.97737004737426536,0.08888565472656472,0.18645489995408818,-0.12523979810007393,0.97444833790969343,11.10218243281081,3.0626144509629571,0.84661920941565405,,0.07701642822679258,0.16,False,2
-0.020542887241057677,0.99711760552524853,-0.073037459809307329,-0.99847114693538097,-0.016711401126027439,0.052688687684839849,0.051316259814475733,0.074008174035034777,0.99593645964722755,-2.195375101677695,12.284750991691865,-2.8351210755570815,,0.1292147455493081,0.2307692307692308,False,5
-0.42742897719297013,-0.86063698907800079,-0.27678230161360473,0.8941760452037576,-0.44758343024524011,0.010875346140346156,-0.13324289714479837,-0.24284366576185895,0.96087110704808032,-19.456075133814394,18.582532656716499,-6.5806584464843478,0.2447756794206857,0.1943891931625047,0.7058823529411765,True,5
0.49652255130673095,0.85981458719157444,-0.1190975721685275,-0.85482150932541556,0.50818523431387286,0.10501406962866106,0.15081625654575098,0.049665312622967805,0.98731343224104351,-3.9501626450749887,11.878270708603631,-3.2013283898015938,,0.1236278472819303,0.2903225806451613,False,5
-0.36548765244237091,0.91980556033714767,-0.14274630322719406,-0.93052545433113121,-0.3648841283428883,0.031336108968610693,-0.023262733158565418,0.14428202956819003,0.98926313041054814,-0.85819330465104737,-10.421063273197207,-0.3753529710724795,,0.08934222015689527,0.3666666666666666,False,5
-0.85682179777799428,0.51398635524358738,-0.040919842080569591,-0.50157092816140814,-0.84925385624203964,-0.16490752463525951,-0.11951155122325813,-0.12077215855253234,0.9854598291370239,-13.749793644576732,34.849858098225305,-6.359790834696847,,0.4634071539797613,0.5,False,3
-0.80648084857924018,-0.52902656227419076,-0.26404457442496337,0.56263044439842858,-0.82393444671733584,-0.067668386626431556,-0.18175704638592474,-0.2031327741181837,0.96213380159316464,-15.912458288120932,17.67868159087455,-5.8348293037242636,0.6656238464725519,0.504485787843774,0.6097560975609756,True,5
0.65379383194080243,-0.72139397945175521,-0.22835137776445052,0.75149454812966998,0.65429139244052692,0.084609207002667441,0.088371768385303529,-0.22692179311162977,0.96989531928113615,-0.32746653435209483,-13.051379834451403,-0.046019880551226369,0.2979009273431106,0.3063970607470603,0.794392523364486,True,5
