axis_00,axis_01,axis_02,axis_10,axis_11,axis_12,axis_20,axis_21,axis_22,location_x,location_y,location_z,dbh,dbh_approximation,score,reconstructed,number_clusters
0.52169387968055736,0.84980220123365724,-0.075310787290261333,-0.84465105238115079,0.52690760284547655,0.094514431570255172,0.12000039839626786,0.014303735248683266,0.99267079514946588,20.690110191069071,7.1004237187148158,3.1096040358494306,,0.1160709946103448,0.2941176470588235,False,2
0.25340143440036539,-0.85053956508132333,-0.46083637147594048,0.96734132135360562,0.2258501532625348,0.11507595871054326,0.0062033092538097759,-0.47494647751358604,0.87999281954555664,-3.4610982441529226,-12.814335927194067,-1.0168100479458786,,0.09515890900232389,0.2115384615384615,False,1
0.93282523034462161,0.32980541607392549,-0.14513950930332808,-0.32225415712788291,0.94379812375531724,0.07346672586786035,0.16121212065568702,-0.021759805243853445,0.98667986856398771,-8.8168561383415742,5.0244456074503772,-2.0990291907422711,,0.08083203194143429,0.3255813953488372,False,5
0.41506378103232167,-0.84969625439210306,-0.32517431163482613,0.90909589856391049,0.40133213892072245,0.11170121522881542,0.035590797819507733,-0.34197776176434058,0.93903381492320204,-14.055801085311211,1.0198307501065602,-2.8481786667536468,,0.195530710248981,0.2142857142857143,False,2
0.90232255975700126,0.40731737795234568,-0.1410905800243176,-0.39699299366695251,0.91276797725964154,0.096183068513609249,0.1679599986095601,-0.030776180844422373,0.98531328295101539,-12.192984630691251,3.5662625293396784,-2.5814736620909975,,0.06852216456384609,0.2916666666666667,False,3
0.57579355293843304,0.81755181749257588,-0.0084148742783879404,-0.80945634045099302,0.57148020952028256,0.13487328508766994,0.1150748334703189,-0.070847694678368489,0.99082712259028216,-2.9077130757232386,7.4456200480630308,-1.1556205742626968,0.3277874576673283,0.3376254243793197,0.3235294117647059,True,4
0.0043018135275075062,0.9989264987850095,-0.046123144141509267,-0.99851131427197637,0.0067988739684344251,0.05411959519077511,0.05437508318362904,0.045821668868399335,0.99746865865093171,-16.044093689904955,-13.823699005708157,-2.6384336257206069,,0.2827966395735933,0.1428571428571428,False,3
-0.89073930161388692,0.43961902341061704,-0.11540628585957748,-0.43654779218300943,-0.8981752814297288,-0.052030654125907697,-0.12652873863493272,0.0040346107774150777,0.9919547369791275,-9.1244728010433622,9.2090950291804319,-2.1304983782805773,,0.07846974746395764,0.2941176470588235,False,1
-0.94787473456129978,0.30514256539355256,-0.0917687439457891,-0.28654880031484026,-0.94225135414806593,-0.17335561901554566,-0.13936740156317776,-0.13802318787500434,0.98057448824163784,10.293477432515251,8.2692110554765126,1.1804727659393957,0.7541427844804331,0.5195679393133594,0.6363636363636364,True,4
-0.016227539214767168,0.9998112741499795,-0.01068096688635084,-0.99826542114541716,-0.015595968444298988,0.056770720566567789,0.056593426441558445,0.011583689001287784,0.99833010684478751,16.684443237322647,-6.3845293868501818,2.5319715105611809,,0.3329589913665317,0.5833333333333334,False,4
0.57979525465809401,0.80499997595584138,-0.12574776891480394,-0.80711283832344916,0.58856906774388729,0.046425410160360531,0.11138370118389018,0.074575406175135903,0.99097536796047148,-8.7752288950252577,6.8869589419042549,-2.0948852447961941,0.1446259690893779,0.09204885224253789,0.5842696629213483,True,6
-0.98197401478981183,0.11313424476342136,-0.15141887907188994,-0.11492969217629413,-0.99336869712394416,0.0031300847495145737,-0.1500606548494296,0.020476187049525002,0.98846473160658199,13.119242315473171,5.7109161349942754,1.6599509117974138,0.1361824441930146,0.07797337095932313,0.3333333333333333,True,5
0.34414492605228514,0.93856149941740596,0.025818243236469834,-0.93409729684628717,0.33946655851214497,0.1105653457299331,0.095007946493575982,-0.062167253946679546,0.99353345320618303,-19.701583317552206,-2.8768347993730976,-3.5802164525743616,0.3827268399788508,0.3148290918585943,0.3684210526315789,True,3
-0.4989942688948637,0.86490862390943124,-0.054201401247334358,-0.8642118155996894,-0.50128708775496578,-0.043002249104372739,-0.064363478681388198,0.025383615527334868,0.99760363605732272,-22.535323193776932,-13.972001100226558,-3.674930231307127,,0.1844115621229016,0.2666666666666667,False,2
0.36295091046871281,0.93136585764302215,0.028710203879654783,-0.92732262861374914,0.35801260402882845,0.10908582775679632,0.091320200672253798,-0.06621642223328042,0.99361763590216334,10.673609174027019,-8.9236186569454201,1.3668558911199862,0.6064407221378881,0.4634376091175055,0.15,True,2
0.95986515379307868,-0.23236586183848912,-0.15705092418017388,0.24435232758217723,0.96772615299774001,0.061628181941125737,0.13766200107133045,-0.09753050320926393,0.98566575186763272,20.559117475444534,-8.4387454755215821,3.378318073962769,0.1540264838910723,0.1688204903029734,0.5161290322580645,True,5
0.081031020848357144,-0.95190298208695157,-0.29549058589783078,0.99663798866669495,0.073779894370098922,0.035626489205981014,-0.012111697101561271,-0.29738399398876059,0.95468113363186047,11.919591848037783,-11.508429029721443,1.6609629774891452,0.4139824395183305,0.2032497839863549,0.42,True,4
-0.83019846246376117,0.54941897923696681,-0.09438907869566962,-0.54585544534751418,-0.8355469267687361,-0.062475322742570623,-0.11319163267342232,-0.0003441242954431295,0.99357311551349625,-10.906715760208778,4.0570507327957452,-2.3852424890904276,,0.08450598015379907,0.3235294117647059,False,5
-0.60862961525389125,-0.7671198284633467,-0.2027243453911414,0.78406456447623696,-0.62065609755877638,-0.0053635152466041947,-0.12170764219468773,-0.16221336979878453,0.97922115606737858,1.1736371934718179,13.564116513818007,-0.43463633152332271,,0.2294855563226839,0.119047619047619,False,5
0.8261344989271816,0.54765119558574438,-0.13258943267033421,-0.54466070723878102,0.83642507912174413,0.061137558066519465,0.1443831834823136,0.021708408271697427,0.98928370113826469,-0.081315023701182293,1.1131331256654944,-0.84085524318533089,,0.08472720446411094,0.2734375,False,5
0.36171081357832829,0.93212586692168153,-0.017511583480895515,-0.92607830866143082,0.36140201438717845,0.10847833988255298,0.10744418815035434,-0.02302069096257342,0.99394456295123323,2.551131493588497,16.845013665318834,-0.067320637559432808,,0.2155424273661509,0.6,False,4
-0.51741829289878283,0.85571542663115763,0.0054239099518824108,-0.85374599318801447,-0.51577506880504731,-0.071371265328284778,-0.058275975230974206,-0.041559439657019331,0.99743507241638252,7.6284497482367932,8.1681847678894108,0.75339566771114153,,0.5650421677276826,0.4881889763779528,False,3
-0.32559696709271529,-0.90001074080778254,-0.28977108456616779,0.94143396835950066,-0.33701530833409216,-0.011079944375368512,-0.087685222465986784,-0.27640793834313959,0.95703184554224063,-5.3861815396107602,2.4113692559540199,-1.6260716097077506,0.08633332843288868,0.1555661021611094,0.2090592334494774,True,3
-0.48299233730639257,0.86906035027842721,0.10701639910428204,-0.87441146255002888,-0.47227623397804303,-0.11117442592898001,-0.046075983596980938,-0.14727276188574723,0.98802213403451444,-10.056670245018292,21.519048418098492,-2.2863416158517085,,0.4327471070370255,0.2105263157894737,False,1
0.86417902742581154,0.48604504901183754,-0.13021067117737042,-0.47722722379052451,0.87372242301381775,0.09414512412257188,0.15952675459172838,-0.019218164687249059,0.98700652313725179,10.308983652032714,6.6868404712715686,1.190339747785597,0.2709361530803281,0.2013581459570925,0.1363636363636364,True,4
-0.4770733440840304,-0.85189764468704676,-0.21603570848622067,0.87245411594607303,-0.4886958412994748,0.0004361941725663232,-0.10594734509763709,-0.18827314644755283,0.97638536572067769,3.8407407904007083,14.562184262925191,0.11330399925577408,,0.0932435601841002,0.3157894736842105,False,3
-0.98170817665679688,-0.097413619361943912,-0.16358374811696136,0.10028591046403243,-0.99491451015856724,-0.0093730271704879492,-0.16183878412663394,-0.025606722530322763,0.98648492320646652,-9.2135145252187343,-10.883132000565517,-1.8648744063665743,,0.08765098018868475,0.3958333333333333,False,5
0.83466389148186504,-0.48058394809691268,-0.26902649885826224,0.53362796220714348,0.82654199566520259,0.17907966761315197,0.13629888556771894,-0.29303139462072902,0.94633779146752317,8.4915550884355362,10.666898671973424,0.95213898392380081,,0.2412643785212729,0.2857142857142857,False,3
0.1179910890631017,0.98793730740058716,0.10028947874917848,-0.99196368430795401,0.11261821948196056,0.057664422783065043,0.045674412047603946,-0.10628740888172819,0.99328587767938936,-9.1217889587065404,-1.4269884485572646,-2.1884451248552876,,0.2498325744445382,0.3272727272727273,False,4
-0.4747166029495411,0.87286120306384196,-0.11294895780834477,-0.87848451064948418,-0.47777082744094768,3.1548855955541855e-05,-0.053936179258320879,0.099238886694359055,0.99360079102961651,16.121140857395332,-13.251905987287019,2.6795449237254667,0.3296979115936156,0.3048256333600572,0.5882352941176471,True,5
-0.37013620330612346,0.92746195509524743,-0.053042556999352619,-0.92872969546295747,-0.37075251587952562,-0.0019299570681830941,-0.021455623211900136,0.048547850826824196,0.99859038770292863,-10.558328134257845,-3.2111319137247887,-2.3492271310201458,0.2131333498138243,0.1841387675037193,0.5185185185185185,True,5
0.91515582745108948,0.39665762529560539,-0.071781193756887282,-0.37063639648557373,0.89801807004931411,0.23704895584054972,0.15848808498591099,-0.19033201033918934,0.96884222284009791,0.98508678899590418,-7.5170661933968344,-0.53444548441232231,,0.1186831362578098,0.2831858407079646,False,5
0.87102775498840423,0.48480918223764141,-0.079187794879849838,-0.47098146459164436,0.8700048365396279,0.14583567604934006,0.1395962393869313,-0.089730937896178337,0.98613449829792565,-9.7707212681302238,6.4624060814019639,-2.2494610483351609,,0.5166690184837851,0.4791666666666667,False,2
-0.26043820236404486,-0.91668687203795984,-0.30307939781952475,0.96365057911564123,-0.26617298453101085,-0.02301094687195071,-0.059577714956804279,-0.29805556686483015,0.95268744871621469,1.1924560893649396,2.6186326996147673,-0.58113237266044826,,0.5717992632684894,0.1323529411764706,False,2
0.12848645161742644,0.98951460373785094,-0.065970301956923147,-0.99008270615727689,0.13180205835709802,0.048625635020193125,0.056810797556869491,0.059068319786134513,0.99663607544509247,4.5676615288458891,8.8124056123639001,0.20416757696598509,,0.1006328033673488,0.3333333333333333,False,5
0.86796645234367698,0.49587634698497518,-0.027219223111007745,-0.48657500639282547,0.86009652257540681,0.15322772271202806,0.099393162540249144,-0.11975232922381336,0.98781596407717487,-1.3442477260429559,7.2907057623408953,-0.93985925284544003,,0.2081199930108756,0.186046511627907,False,2
0.98138199639678914,0.11933043352913407,-0.15049792284945546,-0.10274560392074661,0.98820444187015133,0.11355757105126621,0.16227359003612629,-0.095980355812276652,0.98206672546977947,-8.145921731858051,16.900385117343937,-1.9458328462984615,,0.07733363809335107,0.4285714285714285,False,3
0.68630297470742596,0.72110820870450432,-0.094821823683794937,-0.71926947172339228,0.69225660961199598,0.058585096187156585,0.10788722794887184,0.027995317242125603,0.99376889076787978,-7.5581465093425653,6.6819429014463196,-1.8943540867687094,0.6338923990600533,0.4099393157546404,0.2181818181818182,True,5
-0.88676877626790218,0.45618226584368987,-0.074423637146035934,-0.4440764472570326,-0.88551828640011854,-0.13657771942220362,-0.12820782514300655,-0.088063072741730281,0.98782976711141146,-3.5107649927137108,14.987151915960274,-1.1633995688888112,,0.4642866744285803,0.3636363636363636,False,2
0.47525044344129735,-0.79315360264159163,-0.38084692282532062,0.8763585437407716,0.46524727350332823,0.1246622529488163,0.078311677426841836,-0.39300424566966785,0.91619590921604244,5.1233771598975872,10.188910228414665,0.32515373581925755,,0.4035904954586817,0.1304347826086956,False,2
0.82659842656654692,-0.45690641932951359,-0.32859026944386516,0.55148523566409768,0.77404357913663735,0.31099931260673097,0.11224560589271988,-0.43828422464518069,0.89180034894865845,-16.793494910490146,-11.540933257523003,-2.8783487573752251,,0.4645223377034798,0.1428571428571428,False,1
0.7319744259085128,-0.59392045049735831,-0.33387413541171296,0.67508079231062856,0.69844003456761905,0.23758670410281427,0.092083460345264656,-0.39929940720491819,0.91218453162539648,-18.670508880006519,-11.968472682704594,-3.1571097472150087,,0.1685427246658831,0.417910447761194,False,4
-0.64709931441623969,-0.73144562838721838,-0.21505759692524254,0.75129215275167693,-0.65975951124484233,-0.016657987144851227,-0.12970188316205641,-0.17235045702055563,0.9764592881779669,-8.3001634735636767,-9.7476399496411013,-1.8228030551371028,0.3235504380294159,0.2896530495269481,0.7986111111111112,True,5
-0.03585179006135758,0.99750442436526698,-0.060824111346691689,-0.99920356429038293,-0.034712928025513602,0.019678661979189459,0.017518169390436506,0.061481184110375772,0.99795449682918658,-5.8010266619301571,-19.101981782496853,-0.85683320142634867,,0.135823267949732,0.2352941176470588,False,3
0.95881700161277716,-0.19398434460382311,-0.20746091551641599,0.24286640242935034,0.93867662330708657,0.24474907033088375,0.14726122364461453,-0.28505485595834384,0.94713138534485253,8.1623002210198248,-15.810308373928114,1.144969921447287,0.9532814315594388,0.65286850687031,0.5116279069767442,True,3
-0.72285914345795454,-0.65322241471987197,-0.22533338773198314,0.673165870295233,-0.7393122644534853,-0.016281483296128794,-0.1559563073071891,-0.16345596512883817,0.97414566553206305,-1.3889457940389995,6.5662021637113046,-0.94261114215493991,0.7809090905633537,0.5232538579102215,0.282051282051282,True,2
0.9579604618395593,-0.2117354922000958,-0.19359709423160926,0.23765351557083281,0.96365559129175105,0.12201929318337704,0.16072510721403602,-0.16289868849972405,0.97346363938059233,7.8244011458897447,4.2191537786504547,0.83070533481607789,,0.2079159684217482,0.2325581395348837,False,5
-0.19135458673060232,-0.91426362844160725,-0.35707903865383639,0.97932495430210398,-0.20216581129515804,-0.0071846102576179904,-0.065620545702879243,-0.35107122133857427,0.93404654141509402,26.180137097329318,-6.5716258275588375,4.309923885717259,,0.2163222450298097,0.2,False,2
-0.44483842855490469,-0.85108990354785208,-0.27886331519171298,0.88972127475987717,-0.45559512093625976,-0.028794774156711073,-0.10254182424973728,-0.26091964636260079,0.95989901157442237,11.470382996700806,-28.060087971438108,2.6001035183670771,,0.1632055934964761,0.25,False,2
0.60620993447945337,-0.76860728943499457,-0.20433391780565494,0.7920324489035907,0.60673222923971915,0.067532228495608471,0.072070210365996187,-0.20277780112525204,0.97656901863033219,-7.3303203696850652,9.0475666425317183,-1.8443581914786664,,0.07561730953178092,0.3972602739726027,False,5
-0.64798379096720449,0.76159599743816675,0.0094097465394632207,-0.75777523120768731,-0.64338933750770166,-0.10875136481690464,-0.076770473568351733,-0.077599594506462699,0.99402444503167331,-2.0822091832371652,9.022583535305392,-1.035852398410722,,0.07577585730300569,0.4102564102564102,False,3
-0.66601913494581277,0.73677309960171933,-0.116550038993156,-0.74263365460934661,-0.66961106101462353,0.01078341357996537,-0.070098266223904582,0.09373594118664072,0.99312627918218799,-21.306680855585348,-6.502261956346902,-3.6925755762577004,,0.1170087821846007,0.4,False,3
0.59723784410857295,0.80194514965379793,0.013817905459683394,-0.79254824373736532,0.58741851662929678,0.16372772419433379,0.12318376075344964,-0.10873574972282789,0.98640878839295243,-2.6259179679653402,0.22027125435359202,-1.214909192224658,,0.3124894572456682,0.3958904109589041,False,1
-0.86151716629551522,0.48624631025563209,-0.14612562383418426,-0.49301713857577428,-0.86993825147124659,0.011897045755420294,-0.12133537509193981,0.082291946081827258,0.98919450178484314,2.1763707909929328,5.8465584011142635,-0.32173653004207431,0.08395603164977472,0.08356394096449704,0.4051724137931034,True,4
0.86992044182205519,0.47409301314364916,-0.13591997567869235,-0.46835279649310463,0.88047470632716207,0.073552359140866941,0.15454476023860905,-0.00032620005248705508,0.98798573404493883,10.293243442288919,-3.8748526347429295,1.1107006379530842,,0.0911957985396424,0.2280701754385965,False,5
0.90454045163408248,0.4045112745183429,-0.13482284726691018,-0.3957353644823593,0.91416283494143569,0.087748689505043762,0.15874537050139434,-0.026018070631470935,0.98697668024375895,-7.4931514542745248,-21.645263454385105,-0.96433269600358373,,0.2457928134791217,0.44,False,2
0.98649744153360219,-0.043061287554299964,-0.15801431378778294,0.050631216766220087,0.99773903014117571,0.04419623990476549,0.15575390119168792,-0.051599934565011156,0.98644724593688093,0.069430280114752635,2.8492370450885938,-0.74654260426751584,,0.1175223874059079,0.5697115384615384,False,5
0.75916592797420812,-0.61076255873353047,-0.22502486674217004,0.63864732659137868,0.76570475016295392,0.076327110619850563,0.12568486798634806,-0.20165647132477688,0.97135883252899635,-12.749737145904314,-20.501237685933866,-1.8269195630945101,,0.1379466255179034,0.3181818181818182,False,4
0.72716905915216201,0.67669955969247986,-0.11533804803171255,-0.6705228008721017,0.73618353251632596,0.091831258090140977,0.14705214354912854,0.010559941467177744,0.98907237081712995,-1.4639935792354357,-12.653521329726347,-0.73479502570875865,0.454015169176776,0.2059084135110797,0.627906976744186,True,5
-0.66736868860952336,0.74096265602331668,0.074788875125104293,-0.74454329453125312,-0.66159729458957872,-0.089130815997045754,-0.016562488706529696,-0.11516667126657662,0.99320809591808279,-8.5560600350737648,3.3861650706381017,-2.0799157101000629,,0.2444135073010791,0.1793478260869565,False,5
-0.65251144492586888,0.75442435968107591,-0.071222887898156229,-0.75286960186319596,-0.65609566339125824,-0.052209607061710107,-0.086117227260913226,0.019554181112583682,0.99609309663801415,17.40461073612294,-3.0354469368218893,2.5473309395051329,0.2481517995327365,0.1226043243532273,0.2727272727272727,True,4
-0.81638048384622663,0.57732551766611984,0.014769977879086599,-0.56692211179468577,-0.79626915383597807,-0.21107997017147528,-0.11010097526023974,-0.18069499522920851,0.97735719874867732,-1.0489292317580352,9.242972160038331,-0.83695727811898257,0.6017965976775974,0.3616457965119919,0.2272727272727273,True,2
-0.16726382097042283,0.98270620910125506,0.079443821586174662,-0.98556078036591943,-0.16881167067611938,0.013136515826488646,0.026320379915504986,-0.076099450966344101,0.99675278337395479,-15.784633376778215,0.46802500166774347,-3.1238352841475194,,0.5446548117750563,0.2105263157894737,False,4
-0.018592171414951703,-0.94472940413958562,-0.32732351598401987,0.99976997837363524,-0.021067596659095095,0.004018297374696108,-0.010692123496240548,-0.32717351562293906,0.94490378831395749,25.803893155333228,-24.71813823381828,4.932451222677301,,0.2364605942953942,0.4,False,5
0.39365342730527575,-0.891213127311551,-0.22533561830828011,0.91923048463230472,0.37970324132342287,0.10411899274937586,-0.0072315484834283156,-0.2481221679658053,0.96870175723515661,-2.6431481056046273,9.9906592533641945,-1.0845149394436557,0.6126958845871407,0.6478154934960089,0.59,True,2
-0.98346411777439735,-0.037666341065485005,-0.17714281188059716,0.085320588265078878,-0.95914630461887385,-0.26973832422193822,-0.15974581768649523,-0.28039189197745551,0.94649968866607426,-0.48627423219126065,-0.44540611856959017,-0.91917290472833746,,0.5995227871219985,0.2675438596491228,False,1
-0.60852725559292198,0.78094488821488706,-0.14078231697051477,-0.79071456881341728,-0.61168628568881267,0.024705435969409092,-0.066821028626928985,0.12635256020858543,0.98973227726591673,10.844006745133738,-2.4434614847892409,1.2405049510317805,0.5779706124918057,0.5786304437269202,0.9676674364896074,True,5
0.19597434982514292,-0.91480976825692006,-0.35315314257745656,0.9806030678886124,0.18156827819708302,0.073828067833238184,-0.0034172295877030121,-0.36077146263842375,0.93264799055574987,-15.508652839005663,11.100285196458017,-3.1045121186592004,,0.5225154828067815,0.4242424242424243,False,1
-0.44669572465334212,-0.86622592936336806,-0.22386506845641538,0.88989850855433694,-0.45602235006836733,-0.011147228843588604,-0.09243145595084673,-0.20419661000294195,0.9745563967334645,-3.5776447017926598,4.5886620763152477,-1.2855792152317498,,0.1317300109453453,0.4709677419354839,False,5
-0.75101555720179669,0.64474807061672235,-0.14239226902079483,-0.65327519585667349,-0.7568984620780137,0.018336754957302914,-0.095953902053545675,0.10679252567456743,0.98964044235305326,-2.6111983156447454,-5.7000127756178598,-1.1526523499712564,0.2771659924859719,0.2347458019814686,0.6689342403628118,True,5
-0.41282511492154272,0.90409448278023707,-0.11040195060029925,-0.91038967016123318,-0.41327537230918271,0.019852332518571481,-0.027678022937639525,0.10870433684560322,0.99368873104067201,-22.261774519201847,-7.1153913972011553,-3.8460962106515293,,0.09716208568995308,0.4285714285714285,False,2
0.22355898025451199,-0.92100148451703245,-0.31902609276513072,0.97468676009514454,0.21034895996910369,0.075756417121902897,-0.0026649658148120009,-0.32788653610256624,0.94471335197501427,9.9211185518441329,3.0116997095137563,1.1472814854822546,0.4209202290703348,0.2970809215300574,0.2553191489361702,True,4
0.98603917982421563,-0.045162878620405425,-0.16027180115762327,0.0593301584972563,0.99463522742444588,0.0847389913735907,0.15558492261231696,-0.093064916918469048,0.98342882462061276,-1.6049835210305057,-2.3663266435297761,-1.084748876616676,0.1220824804231815,0.08718306794603349,0.4771689497716895,True,5
-0.87215250469231875,0.46818075616301452,-0.14197460377667384,-0.46734288443826838,-0.88311159088364821,-0.041286152786036263,-0.14470880043672224,0.030342999284519695,0.98900893093570463,-14.738666255707395,-3.5186618918464916,-2.9129374212879089,,0.1691626324817488,0.5,True,2
-0.98499021350645222,-0.053910498673343264,-0.16397541714935818,0.053775566897899363,-0.99853916685680133,0.0052650410953742205,-0.16401971741630375,-0.0036318570618733576,0.9864503747847424,12.58015645282565,-3.2665615653620508,1.5751282509943376,,0.07430409377152472,0.2222222222222222,False,4
0.092948631035229934,-0.97197252043403559,-0.21593974045966172,0.99550655485094497,0.086780932270027353,0.037891543161357157,-0.018090086718442162,-0.21849139414506538,0.97567118408153564,0.049172287790114677,-17.481648573521216,-0.23593199247962901,,0.1434557402795661,0.3870967741935484,False,9
0.8717318200822074,-0.41591840269518848,-0.25902802195060814,0.47482137134074176,0.84755651647240482,0.2370498190323283,0.12094750586208564,-0.32963591079347704,0.93632893106060511,11.253289470907472,11.350020834890433,1.3384681992350067,,0.2506182064011625,0.1714285714285714,False,5
0.95669009219998868,0.25708618751018242,-0.13656778418740564,-0.21571975285294881,0.94108953342507906,0.26041405166931997,0.19547136801956747,-0.21967517444911222,0.95578960133248581,-14.837100968642133,5.5836730266320691,-2.9631278043941935,,0.4735580787399233,0.28,False,4
-0.93564192182292649,-0.29909022857929934,-0.18740125211930547,0.31265301303114379,-0.94871096889985707,-0.046857133199145279,-0.16377511279204962,-0.10243306427847096,0.98116521532944401,-0.48164489049940079,6.0151925736349812,-0.84014652192129935,,0.2429270045901566,0.5330739299610895,False,5
-0.69610242588884685,-0.6370948474811664,-0.33098575193595969,0.7083633807537254,-0.68453069721324467,-0.1721599412752654,-0.11688769601124076,-0.35429913898526377,0.92779813894806096,-11.847860941206541,10.549172739569856,-2.569952914209555,,0.3745202318158434,0.2272727272727273,False,3
0.93674247092942853,-0.29376946576713409,-0.19029725205562767,0.32326857906919332,0.93457364844365087,0.14855814155174984,0.13420495126341311,-0.20067784286666465,0.97042126648109317,12.470209895968241,-10.505352074135722,1.7576788065130535,,0.09068564422773899,0.4615384615384616,False,4
0.75595403846167253,-0.61970402420944926,-0.21095121263482469,0.64905485420335529,0.75148641996614307,0.11830450896534658,0.085213191282512868,-0.22635167988129584,0.97031109910500668,0.89163068478064778,6.9685764123816201,-0.50873859832628465,0.5400680109628648,0.5725603737223036,0.75,True,5
0.97481846784212467,0.1722931015612168,-0.1415769822688295,-0.14839495503772021,0.97508710387589925,0.16487594480173376,0.1664568775187292,-0.13971480597748978,0.97610034367240495,6.5056069255303237,-11.98679910331512,0.62116845470231452,0.2966977187883852,0.2879394051626243,0.4855491329479769,True,5
0.86061707582683467,-0.4767125200232285,-0.17911845814536242,0.49505288741178272,0.86564157581374845,0.074748250066129285,0.11941895770992945,-0.15300273028869329,0.98098383119380739,15.825347669543076,-2.1738425910795138,2.2510038068702154,0.4056684151771453,0.402226932070968,0.7211538461538461,True,5
0.96320295447234083,-0.16782142716304185,-0.20994293767763245,0.22921508835393112,0.92080480341366733,0.31556133679717202,0.14035851155756135,-0.35207170092933981,0.92538911039522609,12.061509579291394,-2.2230171104397742,1.4802506977973007,,0.1601041224116715,0.2631578947368421,False,5
0.55746519403252781,0.82755120713272523,-0.066268823857423054,-0.82082028373687455,0.56137318748239184,0.10542393552688592,0.12444524598550766,-0.0043753798726092197,0.99221682953000656,-12.808172069399211,7.5123877229843554,-2.6963365702131981,,0.3522464328329972,0.1764705882352941,False,6
-0.67772907563464624,0.7345306059668415,0.033883461118836139,-0.73279939301158636,-0.67089010688816697,-0.11362884352766377,-0.060731784439929375,-0.10183935083045229,0.99294531419468091,4.5624186167689791,-19.663654632572822,0.75567864708458055,,0.4259848763041716,0.1702127659574468,False,4
-0.96738416704814678,0.20054946147880459,-0.15475072486138899,-0.20360473103623825,-0.97904505262361685,0.0039872838977112156,-0.15070828392701235,0.035365215025237845,0.98794550189876063,-6.31062134981853,5.6183409184077364,-1.755399151884911,,0.08389721813892229,0.4113475177304964,True,5
0.40597922618793203,-0.82318596493853269,-0.39692031320161397,0.91207470652065414,0.39226890559341365,0.11935172989869364,0.057450827923652803,-0.4104753011239104,0.91006012413363335,-11.704959138610123,-2.8462148296017888,-2.5272748861945402,,0.2825411152011197,0.2456140350877193,False,4
-0.48389393214687981,0.87435435109939141,-0.03675773585239657,-0.87375923838747993,-0.48505859402809043,-0.035538059767309726,-0.048902512859396847,0.014920759801563863,0.99869210228327232,44.705975056446306,-2.7086201787702446,7.3656234643583209,,0.2760720873588197,0.6666666666666666,False,5
-0.6152236084881324,-0.7630333849586175,-0.1981917379646187,0.77836412171607605,-0.62781249117706694,0.00087746635689913213,-0.12509678486677173,-0.15372550003379465,0.98016287679923741,3.7423529838801062,7.7452272536848419,0.056332062728485462,,0.07042041133706227,0.2,False,4
0.95973979580397262,0.25050304668422135,-0.12707378939841732,-0.22069786378894471,0.95234818768367102,0.21053594071945309,0.17375838762243073,-0.17401480689168802,0.96929194245763906,31.645976982307836,-3.1644685307265905,5.1712609926232114,,0.3708460518287169,0.4444444444444444,False,5
0.32460291692700122,-0.90515118251963322,-0.27447091486311259,0.94583460095477545,0.30895402243342629,0.099721209674416278,-0.0054638776711450621,-0.2919738837730485,0.95641068440041954,-1.4740018275416422,4.9618488471342772,-0.97536850475897174,0.5715204144883983,0.5113276242968384,0.9103585657370518,True,5
0.23238456175152869,-0.92048060220297934,-0.31418605384006404,0.97244014035495319,0.22616503767539148,0.056652883066343543,0.018910020782377784,-0.31869238569713354,0.94766954916399027,10.970705527439183,-11.325083499877023,1.4843461718490607,0.2283815522568676,0.2622194065765593,0.3061224489795918,True,3
-0.67478764729472684,0.73795666838328999,0.0090325327058232152,-0.73316532840062643,-0.66890567962349523,-0.12261236886477506,-0.084440702801722417,-0.089359651723048911,0.99241353293588574,-6.7126961031672039,-6.5636512468784378,-1.7775900106518567,,0.2103384942958053,0.2262443438914027,False,5
0.98507560417822049,-0.012168738061340483,-0.17169151367178401,0.047005206722006448,0.97859975178267034,0.20033231479698346,0.16557948119841226,-0.20541287112761633,0.9645667357840898,-2.2033786015729633,2.154616556131109,-1.1246416498946195,0.6261003904060874,0.6442775661148206,0.7657784011220197,True,5
-0.602921593376187,0.79072845125809899,-0.10599088928624793,-0.79520117075776786,-0.60634568324719229,-0.00010214192254286852,-0.064347884706468364,0.084222495679391204,0.99436709567208592,3.8846874132006199,3.2134083958128183,-0.16026973151729121,0.1738821000145677,0.11866834489753,0.1614906832298137,True,5
-0.70016976401969133,0.71345967069924421,-0.02715878933859936,-0.7114079874008381,-0.70036970234310403,-0.058145984402398807,-0.060506008089292677,-0.02139108051410385,0.99793859763992498,-21.750514893460497,11.884257712551863,-4.0655453570594062,,0.2367916955708504,1.0,False,4
-0.28590916630562913,0.95746139779788342,0.039033579765937687,-0.95825422416486661,-0.28576416355426459,-0.0093640108031869812,0.0021887193997279508,-0.040081349217002099,0.99919402267644408,-10.179706592595341,11.259220854381136,-2.2634852551116711,0.7566150225983871,0.5395996900978425,0.4833333333333333,True,5
-0.50605501021357513,-0.75460701945486353,-0.41770392962861369,0.85603281360423011,-0.49863048576078944,-0.13629182184850649,-0.10543314787373151,-0.42653942943109813,0.89830282559392494,-5.1883268205179496,12.193800839001913,-1.4798100244911518,0.9064887473287314,0.5851716966414763,0.109375,True,3
-0.50939989605654357,-0.84249636194269117,-0.17524732811347621,0.85332190792361851,-0.52085081558718305,0.023582819164846149,-0.11114615312811402,-0.13752929875301501,0.98424195431272166,-5.8603042985090159,8.4089026081701537,-1.5882453381495381,,0.07369067130735238,0.3763440860215054,False,5
-0.96122892770829915,0.23063830314737799,-0.15114536598272885,-0.23529987129134733,-0.97182947433071198,0.01347009251525005,-0.14378080228956289,0.048512327746585024,0.98841976657166208,-13.315816007007989,4.4513616185614442,-2.7348415973144298,0.4820522665563809,0.3665077483819364,0.9315068493150684,True,4
0.8209203510824975,0.55269175372002477,-0.14360223726834209,-0.54978213203380222,0.83293762798749826,0.062884936025476693,0.15436769245848295,0.027326420410378305,0.9876355007150156,-11.049025228433401,-7.5274689927986342,-2.2692946496528656,0.1799778280567224,0.1538386916708244,0.7283950617283951,True,5
0.56036635541020074,-0.76578759027621468,-0.31552957754105904,0.82594609348387904,0.54503528446252036,0.14404717751341437,0.061665212097342201,-0.3413296138189742,0.937918704551296,19.620936588281499,-0.83240367166658724,2.901056550991775,,0.4452204940632056,0.4242424242424243,False,5
-0.88293355597949164,-0.43434181110895648,-0.17825691248308345,0.44138734278098418,-0.89731666184195424,0.00014836965566163152,-0.16001734080452748,-0.078549344385577841,0.98398396894382567,-5.2660725619961175,14.935605046856148,-1.46493253612985,0.3509915993766955,0.2927681713896187,0.64,True,5
0.79417199773166847,0.59130817759107013,-0.14016232422737315,-0.59034792869824326,0.80541526141624931,0.052873242377311072,0.14415325560175751,0.040754089263821486,0.98871580502573742,12.041613113464374,6.1830814056412073,1.5084562475240506,,0.08020100977838936,0.3142857142857143,False,5
0.057538820921266144,0.99803571922005307,-0.024778766069025709,-0.9973549927594777,0.058568249883944136,0.043043913893556426,0.044410612523748075,0.022236530000090293,0.99876585555815944,-11.195552620667925,-23.878305234590353,-1.3789187646787324,,0.2182744089296859,0.2142857142857143,False,1
-0.40417278255217726,-0.88542364845427701,-0.22949798387338716,0.91052510327675218,-0.4133610313403962,-0.0087575151764558989,-0.087111412265513569,-0.21250322474523314,0.9732697371879937,15.146558288986249,4.996375617384726,2.0191983222112855,,0.3812976546520837,0.2631578947368421,False,5
-0.68783676909500346,0.72576865509320954,-0.0118506693963841,-0.7213685900165413,-0.68529892236696199,-0.099963715118186039,-0.080671782046115706,-0.060210018160404527,0.99492050802796772,10.173409729071686,-24.974768240791061,2.1866203127800246,,0.4470705228750723,0.3333333333333333,False,3
0.79786484602849872,0.60283571158765126,0.0008901160211110537,-0.58326219817144054,0.77158402844437923,0.25389622926259442,0.15237091473158573,-0.20309404689491689,0.96723105432968093,14.521911784618919,-6.4363207855864095,2.0551903236526834,,0.1842116242083817,0.325,False,3
-0.61397945432184342,0.78650343518803356,-0.066645150671860512,-0.78555043180923156,-0.61710785848236938,-0.045699125633153696,-0.077069765504911528,0.024294802669042284,0.99672965934012958,3.8095967300572147,-9.9840244635410951,0.019276698159883379,0.4868235041929374,0.5480419990203824,0.5527272727272727,True,5
0.68216803565093276,-0.71159194012215887,-0.16817753086940904,0.72646823540121142,0.68569847319644539,0.045403819323000777,0.08301008426209168,-0.1531486683234535,0.98471052157553129,-4.0110873080795963,2.8191434217593128,-1.4128141467005493,,0.0932342681006661,0.5379464285714286,False,5
0.98430931888151874,0.084257329540457476,-0.15503505146163515,-0.075800633851507648,0.99533519896266631,0.059683378034927806,0.15934060584393037,-0.046995150012114913,0.98610447073554452,-0.79821794542667279,10.838915388587496,-0.72755692771837432,,0.08680711708134743,0.2280701754385965,True,5
-0.59224697445181174,0.80408070953493127,-0.05193971319210991,-0.80296484809416557,-0.59432880022864687,-0.044952529894243733,-0.067014729558440359,0.01508276408953664,0.99763797855215519,-3.8112786936670173,1.7068709854471522,-1.3753367223219832,,0.1016744148193096,0.25,False,5
0.55078599042354481,-0.79730168519107059,-0.24687003776204891,0.83281076035824753,0.54459116810022334,0.099230524833610306,0.055326577561548559,-0.26025080675900925,0.96395460857688331,-13.627523307686049,5.835948838190812,-2.7774521913154007,,0.1027941972250488,0.5,False,3
-0.11517811852952933,0.98316461105898123,-0.14184973941901483,-0.99323769150661034,-0.11188790740024797,0.030983614189051857,0.014590722484516632,0.14445914210889615,0.98940318731978205,-12.658590378972244,-0.85046952545457444,-2.7213980918375973,0.186836410729529,0.1262369756426039,0.425531914893617,True,4
0.97390108015785892,-0.15523422217180202,-0.16558690266465004,0.18235834393600112,0.96951939830142664,0.16363853676368662,0.13513741326618561,-0.18956390105702312,0.97252424491719913,-23.07330131050249,-6.6403962574619797,-3.9656218590905783,0.4998302607688137,0.453731083789107,0.2380952380952381,True,4
0.34557292167026399,-0.91529981142589178,-0.20689516913646283,0.93813805161317998,0.34210580423385439,0.053484715806810697,0.021825487937387669,-0.21257910036792377,0.97690008402244521,-6.8980067435025312,16.047834431118115,-1.7030654831688568,,0.06959879767550606,0.3076923076923077,False,2
0.79372809077186934,0.59652824752807898,-0.11895279660740257,-0.59203350130581589,0.80250717084025203,0.07401739039949444,0.13961393645055467,0.011674358699892376,0.99013719155363844,15.284081368605673,-18.663840794937435,2.7335823005376114,0.261019374065445,0.1862220496694661,0.2727272727272727,True,5
-0.76067541469244226,0.64341859844608029,-0.085938470175837528,-0.64158753630196919,-0.76534249627170459,-0.051149747434038682,-0.098683062095027071,0.016228696012874785,0.99498657412111413,-5.0561731257647686,-10.927385316973043,-1.2849977760643889,,0.07517568607653156,0.2083333333333333,False,2
0.41786843181000161,-0.87425650304669511,-0.24710633455501335,0.90715797553802102,0.41633715370800456,0.061055563711076434,0.0495013243702618,-0.24967767485877002,0.96706291292899271,13.336487147517675,9.6902135285103306,1.7321303246065916,0.6447270748132278,0.5820551374067868,0.6756756756756757,True,4
0.94401338888876218,0.30364552086844032,-0.12898883383956039,-0.29142459724351527,0.95077439604464409,0.10535536031640136,0.1546299638498668,-0.061866351779278003,0.98603353330265242,15.020322717920548,6.0959786938839811,1.9992980154225442,,0.1056945453649764,0.44,False,4
-0.29979931255764636,-0.93548793868703539,-0.18703659738416611,0.95065500588919993,-0.30935863014563258,0.023501015557330057,-0.079846302154644361,-0.17076168927924601,0.98207179651323362,-12.904402091377024,-6.8436195797998467,-2.5502280537409874,0.2133558450318737,0.1588166530013168,0.5752212389380531,True,5
-0.98466369830722311,-0.054158288646096092,-0.16584414673683309,0.059278607110302424,-0.99790078741397892,-0.026078060081681807,-0.16408366151145121,-0.035509129100662833,0.9858071077931565,13.151565295144072,3.2748154010414319,1.6694655147840307,,0.1067355118153384,0.24,False,5
-0.37547293105372281,0.91913430629529957,-0.11921495307630835,-0.92636604559411229,-0.37625026639876741,0.016783521835003118,-0.029428347154669944,0.11673844279378007,0.99272660302715243,1.8476905284527876,-5.5374127435917648,-0.46204118164433133,,0.06887274676825121,0.2317073170731707,False,5
0.91348873487045068,0.38567389902922788,-0.12959156944947184,-0.37538252351900098,0.92176267280342139,0.097167566928481081,0.15692766582502604,-0.040115067417207363,0.98679505930300571,10.938831242870538,-14.906577702796726,1.6241366533873658,0.1441520088262365,0.1326988986436624,0.717391304347826,True,3
0.2575923135946292,-0.91884441788127535,-0.29895005553668486,0.96503126156109564,0.26020156948087969,0.031777467638059401,0.048588724893407813,-0.29668178064739259,0.95373951204987073,-3.0588937090074539,-19.685915785118059,-0.4541826178306862,,0.4781380328299608,0.3846153846153846,False,2
0.97561714379099629,0.15763700435632139,-0.15271464762315468,-0.14885455617228696,0.98655935065772238,0.06740154847305696,0.16128704178529238,-0.043025835115422295,0.98596920218877548,-15.168430926196848,7.3377538784759304,-2.9940988790201857,,0.082991283549062,0.2608695652173913,False,4
-0.52008531074394693,-0.83095345131320397,-0.19755412245521356,0.84616854335184644,-0.5327513640394469,0.013220452183121491,-0.1162328085791168,-0.1602883210492459,0.98020283020659904,-10.352363859826928,-9.844767983005184,-2.0885724577095126,0.3222008775058533,0.1048802158681393,0.4833333333333333,True,5
-0.59961024051926637,-0.7802021370906721,-0.17819142724491033,0.79084907495900569,-0.61176415234508208,0.017388575041991615,-0.12257773085236616,-0.13049615773904627,0.98384218892789566,-4.3429309624589738,7.7168133594018284,-1.3623648420981824,,0.0941532707327046,0.4307692307692308,True,5
-0.98863545757118954,0.06171475906535033,-0.13708107289670307,-0.049964795643967407,-0.99490505949312857,-0.087563929738402838,-0.14178663981229703,-0.079719577949717804,0.98668198405679719,9.5743712481201211,-18.624040883249148,1.5899184071404624,,0.370358637358409,0.3571428571428572,True,5
0.65081869093127143,0.75501466895869163,0.07992422155832718,-0.74919035698454217,0.62157617170926094,0.22881624016803309,0.12308062615977212,-0.2087963419709693,0.97018309975161987,-12.486841955191526,2.096817082154756,-2.6195732553604039,,0.3535925544633216,0.2051282051282051,True,3
0.46151305482617705,0.88565123005041668,-0.051260110565574626,-0.88000397908435835,0.46435002193195474,0.099860171877934278,0.11224391752209746,-0.0009776717128426593,0.99368020365574117,6.0742075312595212,-2.3897546107554239,0.23608961974289733,,0.09723199033225761,0.3025210084033613,False,8
0.58567592094073784,0.80095867662579845,-0.12429366020867053,-0.8018309648143177,0.59495229650671855,0.055667483743409824,0.11853615269258395,0.067059400677546163,0.99068270262764191,2.8510753578642518,8.1121239522059998,-0.10578173863469904,,0.09392425699096131,0.25,False,5
