axis_00,axis_01,axis_02,axis_10,axis_11,axis_12,axis_20,axis_21,axis_22,location_x,location_y,location_z,dbh,dbh_approximation,score,reconstructed,number_clusters
-0.62037009083785066,-0.72811687191097973,-0.29152490671022635,0.77319821462989613,-0.63010811301740499,-0.071612057663398981,-0.13155026144777301,-0.26983251610622239,0.95387889271374871,-21.703889562664557,6.4668320949310223,-5.2744554234641434,,0.6878416051171343,0.3333333333333333,False,1
0.70806716179263163,-0.66315294423063009,-0.24262948491305353,0.69755111369737133,0.7103080966787243,0.094259490621394687,0.109833228899473,-0.23598851741323018,0.96552891281339748,-39.738038405332354,21.812282473525254,-9.085847980062983,,0.2250066821648879,0.3043478260869565,False,1
0.10601777226350195,-0.97412511987635642,-0.19960080859094076,0.99430353211902078,0.10163558653170181,0.032104416611982121,-0.010987173427365365,-0.20186742772480676,0.97935122588571166,-6.1789119321989157,-12.066129746036388,-2.0786423726452328,,0.1102920402900173,0.3928571428571428,False,5
0.64423533088249851,-0.71740598139728828,-0.26512166320033537,0.75874218469405541,0.64312315066784098,0.10345487055118607,0.096286736409594717,-0.26780827270729324,0.95864883740665252,7.1547272994351117,-3.0156940838607453,0.51297391453029395,,0.4040376472006493,0.2941176470588235,False,3
-0.4921067014694217,-0.83126559943961187,-0.25851208396744002,0.8640919011459357,-0.50249264371735203,-0.029091740820190268,-0.10571745713404376,-0.23769443871965013,0.9655698695893854,9.3242242579183738,13.69439037853652,1.0900537899337213,0.6147114709185331,0.8293192611167364,0.8717948717948718,True,5
0.9836179632855695,-0.030738382958797023,-0.17762560095613464,0.040100270183860448,0.99797584673789741,0.049357650460283176,0.17574888515473161,-0.055671906208216326,0.98285958723818412,6.0279740422157433,8.2025313225129608,0.27068182506679267,,0.07539383331752043,0.3142857142857143,False,4
0.92353101244710323,0.35850401422596467,-0.1362546910469446,-0.34130201200987609,0.93029617658321451,0.13439479317542119,0.17493829096695637,-0.07761375920880953,0.98151551120450375,-0.22974650495765889,6.3403174354135459,-1.0324565112459461,0.2946875477135518,0.5261949511665408,0.6836734693877551,True,5
0.66594807149548896,-0.70605004958827466,-0.24084537269342321,0.73710328623093735,0.67247844550092151,0.066719455664872737,0.11485604685427722,-0.2219596085170879,0.96826753569865676,-2.614736862881561,10.004146340549237,-1.5454563281560998,0.2744875023929305,0.2674736335102285,0.34375,True,8
0.81355876587770737,-0.5169899839712786,-0.26616440584142648,0.56988574534464465,0.79986152161355961,0.18828644001898084,0.11555246304827026,-0.30486538458050461,0.94535957474818022,-29.934701331874042,13.239663160723294,-7.1550895614468608,,0.2255701561301832,0.3,False,4
-0.64959691993479729,0.75529757078394877,-0.086887405181020005,-0.75334108278065803,-0.65485578039004333,-0.060341692755619694,-0.10247465348119368,0.026258074141368937,0.99438898773885054,-11.037860188546892,16.490263858589419,-3.3292813414758848,0.7622500701814336,0.820717469408689,0.7526881720430108,True,3
0.85942021456986617,0.49105617203614227,-0.14234019352908017,-0.48327673844654145,0.87110567595661992,0.087283992762901358,0.16685469386612609,-0.0062239233102239916,0.98596185215933696,-17.382929571499854,15.288393327453779,-4.6193830855815934,0.3796171397703685,0.3309135902940224,0.6857142857142857,True,4
-0.71418962517931084,-0.57613064590245289,-0.39750051338112558,0.68451377709959238,-0.69349983360699774,-0.22471953575049206,-0.14619872860967636,-0.43258693882165372,0.88965975075521175,-11.753353175240743,-13.783320058115049,-3.2038153877828282,,0.6685038349234748,0.35,False,1
0.98201701016063925,0.07950327910596805,-0.17123615379515136,-0.057478571962048329,0.9898534904618943,0.12994722461679581,0.17982993499515534,-0.11776797540843996,0.97662270014977381,5.1433934180790004,-7.8161941760588185,0.15077837866732582,0.2886778828712692,0.3795550379585081,0.3835616438356164,True,8
0.14300852177777212,-0.93436980859467111,-0.32634586482088901,0.98972137675464311,0.13514343182681407,0.046774450600357828,0.00039886567980726775,-0.32968062366603956,0.94409243577381818,-14.164223514390665,-3.695264245244418,-3.7662567159174847,,0.1463943368600584,0.28,False,2
-0.90428678297704623,0.41369423643070447,-0.10546322997633018,-0.39648010854693333,-0.90538670578825464,-0.15191588629404107,-0.15833173295216571,-0.095561455231219686,0.98275076729273292,7.1810674990885452,0.41904617893110713,0.52795553681053131,0.6683084598101378,0.7467006171152295,0.5950413223140496,True,2
-0.42516602974019096,0.8987340322759283,-0.10728926499894385,-0.9038179796212451,-0.42790782176689263,-0.0028205999510408607,-0.048444884852105234,0.095770743443724396,0.99422384694388743,-4.5239505574879617,2.3643267476327887,-1.9290462675895481,,0.07102343567618778,0.1853281853281853,False,5
-0.5459373230769976,0.83754821026993997,0.021573936709394975,-0.83377411588935235,-0.54058750653875653,-0.11218677037484255,-0.082299228091457441,-0.079234735109224103,0.99345291474116681,7.5563719987607936,-6.1291386725744843,0.63784104877055281,,0.4663867967576253,0.3970588235294117,False,3
0.1326105963327073,0.99116423429128531,-0.0028089859478835077,-0.9904104292671323,0.13261947683793177,0.038720226783036202,0.038750630177846357,-0.0023526633853874768,0.99924614266746947,3.794917285872855,9.9701019288422703,-0.14858886024420145,0.8072564803752662,0.516285921356444,0.303030303030303,True,3
0.79369411133061618,0.5889013846303307,-0.15246250955425711,-0.58570595172883533,0.80749892321386829,0.06995732354701685,0.16431127699741704,0.03377348351772487,0.98583018621999785,5.6301230875891832,9.7555950004227672,0.2121077926614395,0.5773100121494875,0.2594387438085753,0.6078431372549019,True,5
0.61888825050448482,-0.72471561677813823,-0.30292673732336539,0.78058442800032246,0.61044037395980699,0.13435215146479382,0.087551608499821534,-0.31960886195112315,0.94349610026295305,3.9803878692470502,1.7610016919624272,-0.18135257284861989,0.3746506627828484,0.2458874414057071,0.5066666666666667,True,6
-0.9539286191384736,-0.18542176873672747,-0.23587911579261778,0.24111594230463904,-0.94164100036795229,-0.23489429280548096,-0.17855893132271375,-0.28094660365376301,0.94296644369792115,5.0646101254939806,-0.097837712602560731,0.027181780194764964,,0.0827064701022771,0.4333333333333333,False,5
-0.92258480450991054,0.36682310272568064,-0.1194909611398107,-0.35595473872333555,-0.92880762960582441,-0.10301752844255418,-0.14877332579401795,-0.052509032486946397,0.98747622707560556,-3.9887784539525635,7.8640882083120829,-1.8164315446123194,0.4179234202647839,0.305355181586302,0.4736842105263158,True,5
-0.013000328700746664,-0.97069793140736882,-0.23995107296098334,0.99951555650600699,-0.01940188783884475,0.024335551170575648,-0.028277972985335412,-0.23951846006047944,0.97047991402918632,9.2786306398785054,10.230464313741805,1.0090735100161159,0.2301035761697643,0.1960755099436267,0.8125,True,5
-0.84285637456801754,-0.46234961536570757,-0.27536514852326582,0.5122203521694032,-0.84616410119288743,-0.14709393147198876,-0.16499528076133141,-0.26502669115320399,0.95001968942905268,-1.1348487469704533,-6.077163805530077,-1.1589488384472411,,0.09188630175974685,0.1818181818181818,False,1
0.90714805245943675,-0.37511993369067964,-0.19070250723823792,0.39102002221440935,0.91888036607043411,0.052556779559889348,0.1555176939981204,-0.12224527883793294,0.98023993932880638,-3.8296136103669256,10.976292135804831,-1.7769813030539579,0.2162112870339352,0.1732001171648574,0.6710526315789473,True,5
0.88334355805790943,-0.41075321883632326,-0.22580069010787773,0.44524500040233261,0.88587255049979086,0.13033308823059564,0.14649589773888272,-0.21566552224821861,0.96541562783035761,5.7462266000134354,-20.051261468719431,0.48861048226763837,0.5242382312528833,0.5592207352668993,0.4117647058823529,True,5
-0.63253117986717988,-0.68397816252952437,-0.36342561780723182,0.76185760153019788,-0.63398154479478697,-0.13281715194307281,-0.13956110305700109,-0.36088955934239852,0.9221070569468397,2.9598550666327812,-29.049621898880208,0.4355598285431953,,0.2773977845658475,0.125,False,3
-0.92428706405351946,-0.32830876760474681,-0.19469662641447544,0.33908519619838212,-0.94045200705525278,-0.023900881675203593,-0.17525596407092714,-0.088110019518780003,0.98057226736124392,-7.6954267186989993,18.43994669040725,-2.6277582119552663,,0.2429949363392261,0.6666666666666666,False,1
-0.79790937581438726,-0.5646041094062908,-0.21109909433492507,0.58250226874770161,-0.81230639077959255,-0.029145057941515912,-0.15502172393337921,-0.14622081637086792,0.97703005991042158,-8.2928867604615366,12.794358826498963,-2.7277277717595751,,0.1111664295900863,0.2051282051282051,False,3
0.98339347109392761,-0.0093087985829427115,-0.18124742006102665,0.043712804382321675,0.98143134180041547,0.1867664639727078,0.17614332727318655,-0.1915877543079883,0.96554008754497223,-3.275809292955874,18.805242319805355,-1.6804437678527269,,0.2288721088987468,0.1739130434782609,False,1
-0.96534041294674655,0.20499171965926544,-0.16154343689219294,-0.19805281923886478,-0.97846663554067881,-0.058121630442049016,-0.16997931616329789,-0.024113025626031348,0.98515257400659328,-6.2172809661914625,-16.927370165273231,-1.9986891210319511,0.6454536370309145,0.5504010393236666,0.9166666666666666,True,5
-0.8675708305101324,-0.46206832368524969,-0.18388506816667066,0.46912418362557623,-0.88311338717870747,0.0057659104559709441,-0.1650556099791658,-0.081262596761689065,0.9829308398773291,4.6979047023229699,-11.985026962588032,0.084957255698119696,,0.07620811364905591,0.25,False,5
0.94236404902326343,0.32699709745307459,-0.070872402003494581,-0.30552299664295351,0.92732643005884474,0.21615131421443778,0.13640270389838449,-0.18204007902542554,0.97378422250395236,-21.165720124716984,12.520072140181544,-5.3173394562166694,,0.5524315426723264,0.58,False,3
0.9823680663046479,0.01946602042915065,-0.18594100234622257,0.017094100837001497,0.98104650175442976,0.19301697622740321,0.18617404228688939,-0.19279220794432386,0.9634160007673277,0.79552409718248129,-9.5178359119324085,-0.72766636519680372,0.8264343490830156,0.7754929516725165,0.25,True,5
0.83614165394203299,-0.46685624670563852,-0.28794509798745421,0.53108624567410356,0.82032901950567849,0.21215018126939478,0.13716608253816434,-0.33031128450111286,0.93385219447852552,-13.341315262505491,-10.315066640005325,-3.4977679977949396,,0.2741375652085775,0.3,False,1
0.78006827652252542,0.61164224368327746,-0.13186072085826991,-0.60024809932404455,0.79102630378670735,0.11823538377072774,0.17662305404744932,-0.013082524971336051,0.98419161971606206,18.085159816207778,-9.0093269701777317,2.9293664641638326,,0.4096598599796731,0.5454545454545454,False,5
0.93737515037173524,-0.24719425042692006,-0.24540340262808222,0.30883610806710593,0.91563625161178963,0.25735289601688111,0.16108409548906585,-0.31702564137650713,0.9346371792788285,-7.4884770887832453,-16.549785336769212,-2.2591465362453094,,0.2609261430203519,0.2777777777777778,False,1
-0.073053259806643636,0.99648512992911165,-0.040995207790477967,-0.9973078567616912,-0.072728526597206494,0.0093595010765514276,0.0063450825861912225,0.041568584882827497,0.99911550517335768,-2.7192568304077409,8.7524909365234826,-1.5502382052583727,,0.09202876770395141,0.2432432432432433,False,5
0.89191094194591958,0.4457517136720166,-0.076159578488878776,-0.42464296793491324,0.88347814907939481,0.19785022083049417,0.15547739842360109,-0.14412414737894463,0.97726915878979903,-5.9195830232050861,14.749656535537186,-2.2414953454801303,,0.6602431071103192,0.3766233766233766,False,3
0.62233885354159446,0.78267283570439183,0.010843598248742203,-0.77276617014383642,0.61213837505318636,0.16768737599614575,0.12460657147101734,-0.11273793522009856,0.98578058426231319,-1.1984109896261554,16.27040989308048,-1.2403597476212489,,0.6059832188386423,0.64,False,5
0.94941929794238578,-0.24996592265438961,-0.19005271428244969,0.27072420707344858,0.95824149170313477,0.09209585920660604,0.15909557001701624,-0.1388894563676096,0.97744479051804778,-2.3445615076144142,19.815333998610669,-1.4932736495997252,,0.1252730947018278,0.2105263157894737,False,2
-0.22083567288849387,0.97463593946861005,-0.03628210407383628,-0.97531057858294001,-0.22071851125168393,0.0072535574065979783,-0.00093855425878669463,0.036988164147181091,0.99931526298207007,4.766610778558638,3.9695206865191972,-0.022885706577480399,0.4015125242087562,0.327024983922133,0.2857142857142857,True,4
-0.16966181437948519,0.98536823534732554,-0.016257598529897166,-0.98520605400914318,-0.16999221741408002,-0.021718129808485542,-0.024164020468356643,0.012332347187067966,0.99963193892935576,3.8888652229309137,7.251187463204702,-0.18486966923663245,0.6897121176534408,0.3722122269330407,0.4838709677419355,True,5
0.49265536034318569,-0.83991433218703115,-0.22767215576775851,0.86830527339288277,0.49181345471972809,0.064540514057112003,0.057763726708342483,-0.22948516366741162,0.97159657859283588,-7.1609451146352736,11.773432797120231,-2.4852847959866948,0.4178085581748289,0.3054436974507597,0.7121212121212122,True,5
-0.67430003026427954,0.73040201523182247,-0.10877667641036398,-0.73240080758545312,-0.6803015518744594,-0.027907983900290124,-0.094384989451545637,0.060849771260831395,0.99367438283561316,14.009525321914987,-10.645619776521675,2.1287756731992458,,0.1294690942565389,0.2727272727272727,False,5
0.82141896677720883,-0.52184380530825558,-0.23010850458003856,0.55804350358656851,0.8186880495598573,0.13541538174337447,0.11772140469553466,-0.23964331905829456,0.96369743722147261,4.8617712963126225,12.071152305961801,0.07471333226708915,,0.2902133245843979,0.2692307692307692,False,7
0.66705427836703035,0.72633534064044036,-0.16575754175595195,-0.72769858281722433,0.68290672150620213,0.06397798283358308,0.15966640936040327,0.077944741056639066,0.98408904834042843,8.1016307886731678,7.4943307621907964,0.77798254090549013,0.6070144929937087,0.5448213232159397,0.75,True,5
-0.64104758090991454,0.76739221906733313,0.012929853999991053,-0.76185668001283013,-0.63420340285231602,-0.13175903358165475,-0.092910699757215331,-0.094314505382031788,0.99119744548962996,1.6795413577249454,11.038586566464851,-0.63865665743816624,,0.2435230106043057,0.1764705882352941,False,5
0.35471733700238223,-0.91216563194736688,-0.20525464848328936,0.9343246353401311,0.35400195405770285,0.041473995706454707,0.034829393139550704,-0.20648601990785795,0.977829451876012,-9.6903222779807461,-14.599783182365931,-2.8091413344916814,,0.07721952841288876,0.2631578947368421,False,2
0.84774395946155512,0.52299109245359332,-0.088377012908569599,-0.50251735415348942,0.84525995982445201,0.18169179698638568,0.16972474177626895,-0.10961714068412053,0.97937612514151895,0.326418860579411,8.5876489025602858,-0.95056691508339575,0.8715854639094398,0.7167317352084474,0.6918918918918919,True,5
-0.18963209135839929,0.97952711383529711,-0.067574427030737599,-0.98179376821124298,-0.18994059208272004,0.0018889628990746005,-0.010984836303196341,0.066702359334273417,0.99771244786793822,-2.7498481629398279,7.4742083707582996,-1.5570934167712691,,0.06803175723253968,0.1836734693877551,False,5
0.4971711732984882,0.86659563554892338,-0.042811550877808663,-0.85905668409444313,0.49857436535581506,0.1159535067288083,0.12182954466657953,-0.020871192050404996,0.99233157532587379,-10.875305621452338,13.439360000301408,-3.2340826580009616,,0.4158218269174738,0.21875,False,5
-0.61246021185698329,0.79037712821424466,0.01401727819159615,-0.78907455972944662,-0.61019367446229045,-0.0708873672383631,-0.047474499258835887,-0.054476369574430611,0.99738583160084593,-12.770361518217086,12.065864117643125,-3.6296708436492633,0.584989891595435,0.3950883243714761,0.4632352941176471,True,5
-0.39893396000240117,0.91639582560220534,-0.032716759858760436,-0.91569477420032175,-0.40000942883312662,-0.038672177942528363,-0.048526034857851973,0.014530920942903314,0.99871621408562627,3.0208743135654248,-3.8111815729711411,-0.35447949310683702,,0.1414407221394089,0.1388888888888889,False,3
-0.5517396957837678,-0.80416103628360192,-0.22115229101168721,0.82546239790060727,-0.56441294939261633,-0.0070606097546035522,-0.11914334957778448,-0.18644851911777319,0.97521372630320091,3.4799970280114563,-6.7001027998018063,-0.22171928422021192,,0.8240750376759383,0.6973684210526315,False,4
0.53385973922757002,0.84385347883884543,-0.053898841206927728,-0.83805457822458784,0.53651822690550965,0.099059154624783027,0.11250912295756069,-0.0077135238216244073,0.99362075199825328,-20.760489929355188,10.207173783226594,-5.1794273308853604,,0.1906431443110339,0.2962962962962963,False,2
-0.75748488054061902,0.64826460794756557,-0.077263534962839761,-0.63658879226122123,-0.75967525598187602,-0.13284658451112785,-0.14481493472623919,-0.051444178790814143,0.98812050436613019,-14.092102709008346,-8.8705973389552817,-3.6750407786353483,,0.5223738421635457,0.3653846153846154,False,2
0.28585784871984249,-0.93283224124770592,-0.21933832317688104,0.95788913193606373,0.28462771294207945,0.037887675359359815,0.027086920165249224,-0.22093228535943671,0.9749129315184093,-3.8635954467262028,16.017355830565901,-1.8136718216831103,,0.1841788080153894,0.6521739130434783,False,1
0.27952201505573365,-0.93611684885517965,-0.21343075783174076,0.95992042070453532,0.27721236633857427,0.04130484067753476,0.02049948813045295,-0.21642215514687288,0.9760846386189943,-10.918530408137899,-17.908786920932886,-2.8873657626322129,0.7825761023083629,0.4499922621448514,0.9223300970873787,True,5
-0.96943961713769755,0.21635648226211954,-0.1156576902202102,-0.17638282474010489,-0.94234732817882028,-0.28437758739207819,-0.17051664980468739,-0.25528686933996203,0.95171040053263334,-3.6533655704257804,9.4592942933750432,-1.7386615058420321,,0.108342895594029,0.3488372093023256,True,4
-0.014801089471334038,-0.96601177972062469,-0.25807396070013339,0.99948648319004163,-0.021629890747009946,0.023641441298629152,-0.028420022358641418,-0.25759151629520882,0.96583586238132157,5.9651745041958684,-6.2207363217090412,0.30379744318293073,,0.06762755945698531,0.2608695652173913,False,5
0.27726686035935066,0.95517119724439981,0.10378377571262076,-0.95790660790669724,0.26644989598353658,0.10686151533198139,0.074417865295593008,-0.12904432139796715,0.98884252762499281,-0.41472177699050589,11.242843596367546,-1.075445243340478,,0.574108442033191,0.6545454545454545,False,1
-0.56391984178091203,0.81425380733088337,-0.1377866078142278,-0.82192817443121946,-0.56958733823831442,-0.0020833134078698488,-0.080177853064014037,0.11207587325447256,0.99045974704290374,-23.730956899985124,12.602650915225851,-5.8620772175095546,,0.07241152125500465,0.2758620689655172,False,3
-0.95794733979889768,-0.13270560430777609,-0.25441327944414271,0.17789051630095359,-0.97034390098587586,-0.16366941690399325,-0.22514852516149339,-0.20204439216375444,0.95314542710584493,5.6697336735212085,0.96474775514604716,0.18810479603494459,,0.290212956336072,0.1666666666666667,False,2
0.069731216173733096,-0.9598815186307903,-0.27159717907588793,0.99748265636056244,0.063576032917418618,0.031407615292467349,-0.012880518266298466,-0.27310356685611248,0.96189840109008418,-17.174248192032412,-25.530583319293765,-3.3966685436540258,,0.3311364370801285,0.2352941176470588,False,1
-0.4111974339423824,-0.8809524001894794,-0.23417843393360596,0.90575601370254122,-0.42378257780959266,0.0037908292944297851,-0.10258028056543336,-0.21054974553642358,0.97218624280210097,-12.076906220289274,-9.6323253654675405,-3.2454637289798272,,0.1336532317027648,0.5,False,3
0.9195534854983346,0.37328832647806298,-0.12278930174519745,-0.34697006642036959,0.91796040843490834,0.19225103784963787,0.18448078576402049,-0.13418089976306471,0.97363356855783589,-4.276041833808252,-15.427695022744945,-1.6539864417194658,,0.1580742215050615,0.2272727272727273,False,4
0.93984990602300111,0.31704673660931237,-0.12713583662344177,-0.28808882570297489,0.93568879856462206,0.20369413527585087,0.18354013908036046,-0.15481550001883218,0.97074465144047151,-32.296508253820292,13.725393873218797,-7.6321217239018466,,0.3104373200517344,0.5128205128205128,False,3
0.53262017074425538,-0.76055157686082575,-0.37131799397668686,0.84370567848216305,0.51180809496124946,0.16190491663037582,0.066906515477287931,-0.3995169243807416,0.9142809991025953,-35.472700788095345,17.12170371503797,-8.2415199413357243,,0.5542707109627744,0.7567567567567568,False,4
0.1350008693675564,-0.90457034195607744,-0.40438504141902976,0.99051734204467268,0.13370774434603469,0.031585348037561141,0.025498242660277868,-0.40481444583334952,0.91404327253466355,1.9053289862004572,-12.268230670827064,-0.48593251160848677,,0.2648146900644941,0.3333333333333333,False,5
0.98268085162291752,0.024327284293002217,-0.18370227840880721,-0.0095003623582598107,0.99665544378018545,0.081164459576746242,0.18506238669357214,-0.078013522047469197,0.97962533828450449,-15.430440171805635,16.322443927071877,-4.2216533990060645,0.4483494409127109,0.420971895194292,0.8602941176470589,True,5
0.97490344087755865,0.097666394614155175,-0.20006138140123103,-0.041847201749611304,0.96300865648450806,0.26620131337322683,0.21865976463635006,-0.25114856738388092,0.94292751812119724,11.642593122043474,-3.9930689088970168,1.4921267495120514,,0.2324743940986503,0.5,False,2
-0.32268435872697254,-0.92413518597856448,-0.2045701900799019,0.94292857434013011,-0.33264165516328581,0.015337305601719317,-0.082222310389901479,-0.18794596906184083,0.97873173259456203,-10.810600799501776,14.71741440357872,-3.2653564836016069,,0.06875505677137446,0.15625,False,1
0.77022626181910159,-0.59250707840325134,-0.23598065099964388,0.62501383326201987,0.77488413263935396,0.094404921560647476,0.12692207780874182,-0.22020432108793736,0.96716122913344293,-7.6398484593796985,14.842451519569916,-2.6035065903925121,,0.0805708712128936,0.2727272727272727,False,5
-0.11682383358760701,0.98224177297701554,-0.14681039242800409,-0.9931500461076016,-0.11587877822412236,0.0150031554599004,-0.0022754828859786989,0.14755747414568368,0.98905086522452523,-6.1780847630230591,-6.6398260533783588,-2.1572295481062409,0.1279052858745691,0.1199480655395225,0.4830508474576271,True,5
0.61367332466602231,-0.76684699946105317,-0.18801789811326347,0.784344276648831,0.61940876367260511,0.033717045745387877,0.090604118458116625,-0.16816201385316981,0.98158669042284463,-22.436436947261964,16.888017850621996,-5.6591897887029718,,0.0977316310297842,0.4166666666666667,False,1
-0.82436043463919373,0.56594812405240713,-0.011514976467203702,-0.54983851278517659,-0.80539944843535272,-0.22138052831767863,-0.13456405039855299,-0.17616597100913242,0.97511951421287069,-8.8238037033810865,21.073749931196375,-2.9236778886817794,,0.09728918314920901,1.0,False,1
0.82040294213639797,-0.5148303133308999,-0.24877451840883963,0.55405467362363792,0.82328536189991364,0.12338813361556682,0.14128846792908106,-0.23906267244581719,0.96066987434462514,-3.5158468350232766,-2.6209014315669212,-1.6637165273452201,0.3848883858844274,0.4787075801215649,0.5204778156996587,True,5
0.66708442700582582,-0.70123163701295366,-0.25154037150811859,0.74123693778351973,0.65856581207387721,0.12984172377469894,0.074606764516492979,-0.27306640661130055,0.95909778868933526,10.67049001730839,-5.6575834260448712,1.2990223513027843,,0.3520081014226796,0.3571428571428572,False,4
-0.97879411288455354,-0.073211664645427443,-0.19131684908126786,0.097864248843438778,-0.98760001323173352,-0.12275505147646204,-0.1799574210218868,-0.13887500143843318,0.97382188340303066,-1.4628685328456841,5.256756436424519,-1.3172327475127241,0.171660184540893,0.315368201120002,0.5741935483870968,True,5
-0.87135650452857938,-0.41876192739680779,-0.25568787647959779,0.46348852419073366,-0.8735008870096852,-0.14891134388215238,-0.16098518552721253,-0.24826326461279702,0.95522202732378658,-27.538131137287188,7.7014877726269289,-6.5332511946568435,,0.4684156324890985,0.392156862745098,False,5
0.59413797264571189,0.80389039582930732,-0.027573555335557776,-0.79329161371963985,0.5912837168755104,0.14516191566651238,0.13299806413077431,-0.064372336071336994,0.98902361816398787,16.209260986373941,-2.8365266512171829,2.5394438457646777,,0.4212664909104968,0.3770491803278688,False,5
-0.17946951517914358,-0.95849518643180853,-0.22153480699072153,0.98221571281589115,-0.18721195364181545,0.014282083573001064,-0.055163272373333815,-0.21503176974732782,0.97504787132755599,3.0527975095218172,2.3703355800035717,-0.37546109795948407,0.4151444771083859,0.3704449731565169,0.7816901408450704,True,5
-0.98466188773257635,-0.031159599351268028,-0.17166841938804439,0.057019018280580237,-0.98736712257504389,-0.14783435599412953,-0.16489329398504926,-0.15535522078819436,0.97399946456484965,9.4002918393416355,3.0760595575898386,1.0309394337045708,,0.3258129374285424,0.3809523809523809,False,4
-0.12130340032064028,-0.92209799298526574,-0.36745173343337911,0.98715280207040279,-0.15084920328511675,0.052667477942251545,-0.10399437694030624,-0.35634226412367953,0.92855013885304405,-23.844251859522569,13.689390429042209,-5.8340433205098421,,0.3181392738651603,0.34375,False,2
-0.78542068082400063,-0.58573789098327,-0.20006368286231924,0.60063477601515358,-0.79932598811784528,-0.017771622341745112,-0.14950658840061354,-0.13412340506377618,0.97962170874215959,15.41811968465,-2.0952513411425979,2.3583830354573112,,0.1242535195027047,0.1875,False,4
-0.97615486114044203,0.13464651803756841,-0.17027037984406393,-0.13232887941827901,-0.9908920340153301,-0.024940821896309417,-0.17207775784158064,-0.0018144159720307647,0.98508169871889006,4.0292054041069214,5.5958627750758003,-0.16439760491189276,,0.07373630910092846,0.32,False,5
-0.025339778594823149,0.99967554436667427,0.0025887479520366186,-0.99782092458691263,-0.025450407028995866,0.060874290456465495,0.06092042413907698,-0.0010405658327399536,0.99814208364614276,-4.8123734436044172,3.5868205566748332,-2.0130852136530102,0.627668343978982,0.2822125803921453,0.2266009852216749,True,5
0.93373773001105187,-0.2694008299978658,-0.23570541858487368,0.31371210861045418,0.93299015912216943,0.17639182490232733,0.17239073195793353,-0.23864734605197624,0.95568241574142077,-2.558147385278172,-12.600882473369591,-1.3431155517058446,0.5326382325361829,0.5442095941582316,0.717391304347826,True,5
0.77477490804072935,0.62231824107883515,-0.11155199994183856,-0.60796491866682267,0.78176128629280339,0.13866487992374008,0.17350071913661622,-0.03961436701963314,0.98403668751968343,-8.3801466522644965,7.9878962844143535,-2.7065092448974113,0.4113212693558824,0.3115376175471173,0.8496503496503497,True,6
-0.72158971919435533,0.68788778762472724,-0.078221920136041886,-0.67216417262134831,-0.72315978370797274,-0.15885607407869545,-0.16584210019554599,-0.062050937657667851,0.98419819088359151,-1.1739820296037629,-21.761105672877409,-0.84434587814384288,,0.2894272423082789,0.3571428571428572,False,5
0.64564456742317688,-0.73653948487214738,-0.20162509710155146,0.75726034689396027,0.65158495939574146,0.044652073986419606,0.098487865135646294,-0.18151205996715891,0.97844443506389311,-4.2228112390339181,-11.481123279486138,-1.7120658626519689,,0.1045402612781485,0.1923076923076923,True,5
0.25913850440021607,0.96500996062894018,-0.040037625106260605,-0.96310244977974213,0.2613008225801815,0.0644635660445433,0.07266984770506868,0.021855342730114996,0.99711656150555972,-0.39634503423702916,7.7079135768404443,-1.0867395737629459,,0.2097533828502013,0.3043478260869565,False,5
0.02930747647323716,-0.95772043829011955,-0.28620383279081391,0.99943130626783472,0.023299281767558223,0.02437637218467837,-0.016677406109484948,-0.28675548041928944,0.9578586318319432,-4.6435480144918309,13.712230499989106,-1.9792175071997826,,0.1157974996501397,0.1785714285714286,False,4
0.97271324043176954,0.019309565886975057,-0.23120573642101061,0.034869030484606704,0.97304493736243436,0.22796425286960914,0.22937546207427859,-0.22980576698288516,0.94582038826598491,-1.4160213951717131,6.9083064551172697,-1.2753840498290363,,0.3254679567180865,0.3660714285714285,False,3
-0.56799250310148819,-0.78724593748731608,-0.24005905592212878,0.81101723991968089,-0.5850221179895827,-0.00039751232274420553,-0.14012691737696187,-0.19491781697089827,0.97075820452558148,3.8142821320473508,16.355006432497408,-0.11605748369191377,,0.2152262908015049,0.525,False,5
0.85335292166701171,-0.46370726666638407,-0.23825272700048139,0.50190048738795245,0.85434635523052382,0.13486365731380592,0.14101309103097739,-0.2346654557984853,0.96179386149672352,-12.557257890103124,17.660817121752391,-3.6534623985542019,,0.9408605257254484,0.6804123711340206,False,1
0.67990902214077364,0.73075038844259155,-0.061054003984824828,-0.72213855756904899,0.68170780168196421,0.11743243503409756,0.12743478835730299,-0.035753921700226843,0.99120231628027577,-19.417343630466249,8.4307377293300654,-4.9029573239834354,,0.3093647822059288,0.6229508196721312,False,4
-0.98045383024938493,-0.058784418630863644,-0.18776229354037571,0.067689136732733246,-0.99684856597407356,-0.041365653431457095,-0.18473891717147251,-0.053266580908346815,0.98134306123834547,3.3168599168712602,-11.717623300719051,-0.20125112926422828,0.7860691768259533,0.7537938344938371,0.640625,True,4
-0.69742933111635419,0.70046503226973178,-0.15146308680982185,-0.70609984973541928,-0.70777375453636737,-0.021893254511693279,-0.12253705685307795,0.091679064986827527,0.98822043023858208,6.0012224593664714,3.4170969598505185,0.24598977141463227,,0.08850903352392242,0.15,False,3
0.022139651967455529,-0.94555419201550261,-0.32471080328912533,0.99886365634943042,0.034631730786898393,-0.032742010429265389,0.042204642339513716,-0.32361692351391769,0.94524645197978929,-19.20692429230488,5.6627407805532863,-4.7993784463323452,,0.1799690725550133,0.1111111111111111,False,4
-0.62145288022172573,0.77854073058777118,-0.087582238381888819,-0.77587192980444775,-0.62709541415276226,-0.06909479061477368,-0.1087155288155514,0.025013443674081023,0.99375815037156801,-10.134302317234702,18.041644959304644,-3.1565927919268066,0.3190901057492275,0.3454201974135345,0.9224137931034483,True,5
0.52671305968578241,-0.80592489502346554,-0.27029320438712462,0.84608669406452286,0.52769503737240919,0.075334279445024604,0.081918611337171959,-0.26837103255372097,0.95982619781012513,4.8452667316241698,-3.77241259115659,0.071486711600316333,0.6181182383069345,0.5719057369101177,0.7338935574229691,True,5
0.96247091208913527,0.2291226996045273,-0.14543910034183352,-0.20424647142553071,0.96444289231489777,0.16772980168561297,0.1786984115556941,-0.13172963216075842,0.97504573314191978,-2.1098936752100323,-8.4077149613389199,-1.3524920775793894,,0.1090261891770773,0.4318181818181818,False,1
-0.11837896014769074,-0.97398548373240157,-0.19323224180480686,0.99184100059722857,-0.1252549628860562,0.02371969238210422,-0.047305933334418043,-0.18884774754010858,0.9808662890121097,-4.4001877800364149,-4.2948499656378765,-1.864431962000753,0.2179298410243746,0.1726587173931167,0.7275280898876404,True,5
0.62663812882434766,0.76453981058479181,-0.15100838895402691,-0.7682500004456726,0.63856657214691515,0.04499633042552479,0.13083039524034243,0.087815778579418552,0.98750787172242138,-8.9240653154154437,11.113906862505898,-2.8222973033263274,,0.07458954168675722,0.3529411764705883,False,5
-0.6848744454062996,0.72682249675549859,0.051730573547157266,-0.72104841852940849,-0.6657737543028901,-0.19192312580216894,-0.10505318731791934,-0.16874349259020077,0.98004564258140958,-9.640489207250182,16.216058545321268,-3.0159230762100151,,0.2024678928605612,0.6,False,1
-0.39758009513751091,0.91559637815627459,-0.06011106601584558,-0.91649450634456375,-0.39942933058378882,-0.022226779110394407,-0.044360881310943762,0.046254536820726791,0.9979442018634197,-1.9168099142683501,14.344105553092129,-1.4257919187253325,0.3321565534034331,0.3005448049636493,0.1333333333333333,True,7
-0.98000279064968088,0.13198619934778733,-0.14890995097898233,-0.1098699286491775,-0.98285374898394906,-0.14807804322998275,-0.16590096171349161,-0.12875616991011399,0.97770073110978906,2.7637830473359348,12.587187618386658,-0.37294611493799573,,0.1218174613643917,0.2631578947368421,False,5
-0.23994978864027453,0.96826096524400673,-0.069962862407354651,-0.97069338699498142,-0.23831149681148886,0.031015785201688864,0.013358419655675122,0.075354718977716409,0.99706730913819985,-13.480195912247787,-6.7239024537313608,-3.5561927306829957,,0.2726758799259205,0.3571428571428572,False,2
0.2333381309624499,0.97133976091520158,-0.045303261517794333,-0.96905858268137479,0.2361413241959224,0.071852197868694095,0.080490868864215193,0.027135656841052208,0.99638590724542497,-2.1734400386633346,-2.6914586003604617,-1.4210278518561381,,0.2349651753602824,0.2796052631578947,False,6
-0.94142815207730335,0.29837116131465019,-0.15712315097419979,-0.28969792453178089,-0.95409438935420576,-0.076019791665094552,-0.17259243030414978,-0.026048921255452204,0.98464882405004406,-2.6489180749453731,1.9295614799786547,-1.5431148432527488,0.2682228330425142,0.3644627382033496,0.4655581947743468,True,3
0.82377070116090079,-0.51486156272064587,-0.23731709407822388,0.54766080112040005,0.83089451165083983,0.098396938085869218,0.14652466968070496,-0.21102578454152765,0.96643605035904645,10.326002604263117,4.2441494070939854,1.2494190133842342,0.1645255728636546,0.1710066840229896,0.4814814814814815,True,4
0.60988072647744795,0.79203907065379742,-0.026825548069126237,-0.77987762827479712,0.60584392101194628,0.15730234673820909,0.14084169974768643,-0.075015024699984667,0.98718608260116947,21.255243812397147,-4.7155320484730021,3.5423516604560437,,0.7603614582274911,0.6615384615384615,False,5
0.92919179054862566,-0.32021230015368018,-0.18457166415061912,0.33507086578466683,0.94058401589292995,0.055038386141342557,0.15598118886376461,-0.11298580387384541,0.98127675853636154,-4.8709365937417743,11.381937985377849,-1.9913219380340956,0.5345181049585814,0.5593671337235849,0.8642857142857143,True,5
0.7364787562495092,-0.63619386847503945,-0.22990520504751585,0.6666678408385377,0.74023273734690109,0.087232359543901059,0.11468666698818325,-0.2175151863081709,0.96929567838738628,10.520815147116169,-12.254349294680541,1.356809391732543,0.4180936415960345,0.2673283558801205,0.75,True,5
-0.9254763590568631,0.35576255292329029,-0.13010193989466867,-0.35661080458096006,-0.93408880792160331,-0.01751664841571306,-0.12775853350353283,0.030184513464728169,0.99134587922880157,-19.738909603573521,-12.339584207705229,-4.475641895892279,0.5663777989636458,0.497455685232527,0.4081632653061225,True,2
-0.92791449623747135,0.33414900576016165,-0.16528499515035747,-0.33753294679208401,-0.94127953253675289,-0.0080219360034087389,-0.15825990491027869,0.048345460768163248,0.98621322183435678,-6.1495836795681473,17.023233510733967,-2.3175604752698207,,0.08979667107536532,0.28125,False,5
0.31455968637684745,-0.9083129139734949,-0.27571698173213488,0.94868132268182193,0.31076496872715126,0.058556658090111319,0.032495410463152782,-0.27998711491958306,0.95945362773707832,-14.079475527457801,8.33232417187679,-3.8412127772583364,,0.06610132292618194,0.2758620689655172,False,1
0.26050409335563296,0.95808022479772115,-0.11924722301382193,-0.96090529930693414,0.26928633370146493,0.064388479136220297,0.093800976054686333,0.097811826141688055,0.99077455738327136,-5.4083128833759924,18.022612182543579,-2.1922166838550208,,0.3795810115312985,0.5384615384615384,False,3
0.77526245577035091,0.62561697517581261,-0.0870145105415841,-0.61433979749842371,0.77886053057747284,0.12634431969096893,0.14681531896406713,-0.044493530770713705,0.98816273347917516,-0.093085126181383093,-14.352392832817086,-0.88276888429421385,,0.1611813792162186,0.2195121951219512,False,5
-0.81593883417569568,-0.50592189196659376,-0.27979788797084953,0.56151203876169897,-0.80871390701676282,-0.17517433294681745,-0.13765191320750436,-0.30004142351786067,0.94394231548526786,-3.2648612091225444,17.504844265232631,-1.6986807973076141,,0.5427744526392273,0.2307692307692308,False,4
0.79036868003743388,-0.56572609680245411,-0.23509856020942377,0.59911400584394314,0.7939198022186944,0.10370031652146762,0.1279834271204966,-0.22281232246374785,0.96642377420094705,5.0375016888200186,0.90221501236447088,0.050787562387192522,0.7809677243842942,0.5488908242480779,0.2352941176470588,True,2
0.060893023428819262,-0.93517532208825394,-0.34891138796953569,0.99808521701893127,0.05324487179458539,0.031478297219698845,-0.010859984621112902,-0.35016010707204892,0.93662690552285588,2.7722734375180815,10.278097759484444,-0.41686815836020003,0.3557135664275213,0.1671216130721504,0.3421052631578947,True,6
-0.37989360109815473,0.92394839283236585,-0.044723810517052986,-0.92319253083865993,-0.38174156154884181,-0.044597434791291073,-0.058278665465053905,0.024346407717383028,0.99800343164884608,-12.832861638474498,14.720786097563824,-3.6711521484552492,0.5702854479742329,0.5243057776400241,0.5583333333333333,True,4
-0.13997725214988629,0.98574053985367049,-0.093391418072346674,-0.98994191235680518,-0.14127868105347541,-0.0074393843256569843,-0.020527519088326871,0.091410734428660184,0.99560167667159627,-2.8630156477271145,-15.742027239661864,-1.3696207465095562,0.552808904839111,0.322855126119405,0.7777777777777778,True,5
-0.83172135180486173,0.54314877340111467,-0.11501740261698856,-0.53561639883468337,-0.83951458086702169,-0.091270706204317598,-0.14613235867274313,-0.014306588151409144,0.98916159209919163,-2.3950496476333911,16.285930264994505,-1.5448523585219449,0.4869272306939666,0.507338360141978,0.1904761904761905,True,5
0.98378681447320282,0.023832087576696411,-0.17775132986958642,0.038938116716014916,0.93910441780689125,0.34141868068720543,0.17506377905003609,-0.34280449830379794,0.92295056704430456,-2.741699884114797,-5.1162028436189964,-1.5141913898529307,,0.2775641450035223,0.3218390804597701,False,4
0.0082363535602452513,0.9947022142580012,-0.10246788487256896,-0.99980895271381176,0.010008205978565405,0.016789695840010926,0.017726267326769827,0.10231002279013532,0.99459461022234597,-22.179379914437636,9.7376843413209571,-5.4354326035810248,,0.1188244034015079,0.24,False,2
-0.68626700185539891,-0.66078262802169241,-0.30398013203028085,0.71313128781105373,-0.69350374134222437,-0.10245158412286637,-0.14311313185501001,-0.28708688449506403,0.94715349983071273,12.861006243132907,-13.162648073721721,1.9122061389035385,,0.2689679397072368,0.1333333333333333,False,5
-0.81817486357015823,-0.52343126881548463,-0.23792771895717532,0.55180561196981381,-0.83110246500960261,-0.069132186813245733,-0.16155636545977403,-0.18785206807797999,0.9688194575349186,-21.897803982926753,12.583371986555925,-5.4579361943807667,,0.1548932015175991,0.1818181818181818,False,1
0.6779365376925115,0.73351124925059652,-0.048613764350430494,-0.72773549044263386,0.67900706647302478,0.096697774689580282,0.10393799503410342,-0.030176992933801564,0.9941258684320432,-11.272601689902077,1.4990807751704625,-3.2392004553842972,,0.2223605082236928,0.6605922551252847,False,6
0.71971085133865897,-0.60413953943054133,-0.34209897305025294,0.68460121386200556,0.69951344970241236,0.20494416718731243,0.11548795800451611,-0.38170191325442149,0.91704208244434615,-8.5663562504809025,-1.4266697071425258,-2.7074577955281804,,0.1466958544064488,0.2270531400966184,False,3
-0.51502197910586822,0.85161975283154079,-0.097448230486860091,-0.85421886889768528,-0.51935378259910436,-0.024119961010785281,-0.071151142345251495,0.070819807166835502,0.99494827496499449,-10.954676236855159,17.63248272053756,-3.322726799262107,,0.1145583145073688,0.2380952380952381,False,2
-0.39286131384941875,0.91548048977833629,-0.086922154343569091,-0.91684185266846607,-0.39724260406415768,-0.03999163302221153,-0.071140742728515657,0.063982703534202309,0.99541207967981338,2.4147740652848686,6.2381214810005234,-0.49918796899070311,0.4326102956502133,0.293178532808312,0.5348837209302325,True,5
