axis_00,axis_01,axis_02,axis_10,axis_11,axis_12,axis_20,axis_21,axis_22,location_x,location_y,location_z,dbh,dbh_approximation,score,reconstructed,number_clusters
0.8253595752964461,-0.54584304197101952,-0.14435007792964338,0.56293393175039075,0.81523416437594665,0.1360097265576922,0.043439152276678349,-0.19351648706525204,0.98013489341182414,-1.1123501612903044,-6.7587397655031207,-0.60363352295993089,,0.6858369343233572,0.6363636363636364,False,1
-0.96710501273976668,-0.1898722397606514,-0.16928209267931982,0.22620652109759939,-0.94631914185922772,-0.2308910816028549,-0.11635507787173474,-0.26158863568413793,0.95814032455291975,-1.3081142447320058,-8.7906747598980548,-0.4292096123617905,,0.3715562497802207,0.175,False,2
-0.76526044798812742,-0.59006567586166359,-0.25729155624491362,0.62456197145140613,-0.77738538799917112,-0.074795068969229259,-0.1558806933579146,-0.21793222959281885,0.96343487208163658,8.8420858868349743,-0.37666363356736904,0.16310364777466396,,0.4566655239670789,0.3703703703703703,False,3
-0.78497105492640651,-0.60085246037327278,-0.15098597216665466,0.60526337745835679,-0.79577265590172808,0.020053030364826842,-0.13219942070760932,-0.075645231062473506,0.98833249070445828,-13.566009323480651,-7.1660512348121799,-1.8649816315842436,,0.06576164599935794,0.2285714285714286,False,2
0.9072498025919542,0.4129495861793378,-0.079815004674386236,-0.4004827799340181,0.90615142716177166,0.1360262255192119,0.12849645393231451,-0.091445231297188886,0.98748490165663949,-0.47310693652597546,12.044850625854082,-1.7274040550085386,,0.07789496905198617,0.2631578947368421,False,1
-0.66531601267301943,-0.72761415627023018,-0.16712941954077282,0.73538949181669744,-0.67731082877902382,0.021268205007733278,-0.1286736127046022,-0.10875514155125113,0.98570554456171811,11.271215521932884,-4.5648917976308399,0.6992342685081363,,0.1236917169684594,0.3448275862068966,False,4
-0.61877601535861149,-0.76929013634320309,-0.15908780261847508,0.7751664327318617,-0.63077700150151872,0.035176354878131491,-0.12740974995140186,-0.10155323974058325,0.98663757029393129,1.3636847957060567,-7.2013747137548023,-0.29206551714858858,,0.08881252414694904,0.3684210526315789,False,1
0.7034123822994367,0.70902473431066937,-0.049949440072096347,-0.69942634294630091,0.7029746230222591,0.1289553030296775,0.12654568827342383,-0.055772802712409461,0.99039163125351992,-11.34412285710375,4.4353425420664765,-2.5703171583889737,,0.1119457599952677,0.1793103448275862,False,3
-0.99416065986964308,-0.023499539716081198,-0.10532024497069981,0.017645091318558622,-0.99826482146017781,0.056178260808241107,-0.10645765881286147,0.053991831495248922,0.99285026515173647,-13.078819141172938,7.1967047560353308,-2.8954213372404296,,0.07339100749122596,0.3809523809523809,False,5
0.096410815557766094,0.99109699597423639,-0.091824284447693055,-0.99137069121789623,0.10384909224099481,0.07999699141137398,0.088820646460361391,0.08331932915936005,0.99255668964084731,11.468472185732512,-5.5080238111028015,0.78016042272122799,,0.1482717811986202,0.1904761904761905,False,1
-0.64480793824454952,-0.75496665727026657,-0.11936527630334449,0.75347115400703357,-0.65408400231296993,0.066748318312570346,-0.128467672416538,-0.046898446972230001,0.99060415546042946,-20.800595504524605,8.4569158605210468,-3.8240667737739256,,0.09180947959768052,0.25,False,1
0.82875346900770364,-0.54436717113953037,-0.12973846998189192,0.55819362980679355,0.82063462698286627,0.12238742026780274,0.039844187164669059,-0.17384818659461726,0.98396608110592398,4.8727106250374064,8.5726801660717449,-0.85183692932032173,0.2509412782491512,0.2111954672844706,0.2258064516129032,True,5
0.91133036037963566,-0.35746547111359561,-0.20419454256139807,0.4051143102722905,0.86691632341193869,0.29041088790631264,0.073207717236162193,-0.34738239040495655,0.93486154321033454,-16.782775981765059,12.031496052380026,-3.5578215477960247,,0.6059162681124012,0.4133333333333333,False,3
-0.81101991031443155,-0.51079670133646116,-0.28519017335342967,0.56690657736820294,-0.80656399803996182,-0.16754536580418969,-0.14444250624466137,-0.29755881262295025,0.94371347103884184,0.67806917480844031,-13.962919720452602,0.22525289982833607,,0.4708969706694615,0.4117647058823529,False,2
-0.96303927097473696,-0.2112624923173792,-0.16710332701742925,0.2380749549409702,-0.95778070158216289,-0.16117209282823219,-0.12599872376456681,-0.19499817182893425,0.9726767369445366,-3.6995133264088027,-13.638325299213761,-0.26203827809297847,,0.4404068166728355,0.48,False,5
-0.83420097231069001,-0.52975806210681209,-0.15318333273804041,0.53561429683291029,-0.84445519404358216,0.0035707535621713332,-0.13124809645890148,-0.079068456957562094,0.9881913358708746,-15.360916280906796,6.5071340063559795,-3.136682939759746,,0.131935038956996,0.1891891891891892,False,2
-0.40968222170898527,0.91114364340933685,-0.044471769588674617,-0.91165761294024006,-0.40721495244390005,0.055284530152784596,0.032262578689433295,0.063192116445569671,0.9974797654265658,-5.6535078953827904,-18.368795359144958,0.021939450034863646,,0.1547973150636266,0.4642857142857143,False,5
-0.96106360450391193,0.27144501460302045,-0.051714138735120686,-0.2666655954907039,-0.96012896653575874,-0.08391559926834341,-0.072430713647854944,-0.066857846705850169,0.99513005182956893,4.9277581866059421,7.1126852002137353,-0.756573048824429,,0.1099995004529181,0.1666666666666667,False,5
-0.58582880248749269,-0.78799410839083728,-0.18939350389440235,0.80059434483294456,-0.59899793099839804,0.015816879627330208,-0.12590992493674735,-0.14236138451478719,0.98177386754866047,4.9183108486610791,3.596453901938149,-0.60376866937495799,,0.8661244885514651,0.5596330275229358,False,1
0.25458353205152678,-0.95557754043017673,-0.14852201666279158,0.96577108481165264,0.2433317523942137,0.089865844560010788,-0.049733660129656056,-0.16631663326971965,0.98481741482770968,-9.1898178806290236,10.183525513507572,-2.5955275883637241,0.8301204645831994,0.7961272756256086,0.9804878048780488,True,4
-0.99176084508397711,-0.060685984451174124,-0.11281683141050797,0.055712013168789355,-0.99735256972969255,0.046733534450741888,-0.11535422726105779,0.040063236823425642,0.99251616576670121,0.81009793429969124,9.3131755252580781,-1.3897073929739976,,0.267060702111116,0.6935483870967742,False,4
0.99172648332690072,0.054055339292933269,-0.11643282424636224,-0.033901706328129215,0.98510383076443919,0.1685856367584973,0.12381137498670991,-0.1632435692673759,0.97878612603405235,-1.5098262655885746,-5.363776288443046,-0.77720439547915088,,0.1198609290278619,0.1777777777777778,False,5
-0.9620343073722798,-0.24211390368819943,-0.12597955818147036,0.24936986902205777,-0.96735350588042179,-0.045186979150829081,-0.11092637135802748,-0.074886930112783551,0.99100317246496417,-1.4908174032378507,-3.7650329787518997,-0.88701767282784882,0.8535381335693942,0.7014207913721503,0.9927302100161551,True,3
0.99369124318585555,0.050211906636071016,-0.10028199064497442,-0.029699470835825737,0.98006689223896415,0.19643530275673315,0.10814645000100645,-0.19221771814540922,0.97537515561098376,-16.622328426107309,-11.862007995311728,-1.7294614320191311,,0.4809253748317994,0.55,False,2
-0.45382723811310982,-0.84056028079113765,-0.29580272531359419,0.88473342025459367,-0.4646178264511977,-0.037108630106378486,-0.10624317875155087,-0.27854746399866509,0.95452799711096892,12.620789572994243,-6.4465476708099301,0.98056412995899278,,0.239705853377378,0.3529411764705883,False,2
0.52453914404236801,-0.84171566650643381,-0.12795867741161132,0.85125471318349977,0.51585824364677613,0.096206474545843135,-0.014969958255670414,-0.15938948904897166,0.98710226984367255,0.11542385638054709,14.140063235165815,-1.7623709724394472,,0.1223254818025701,0.2631578947368421,False,4
0.0072094055334812664,-0.96929522514823063,-0.24579420452218459,0.99698591834747452,-0.01202051635055636,0.076645846616156921,-0.07724702640681555,-0.24560593171075024,0.96628702941713862,-15.572998732819801,-7.7256148930962718,-2.0041205735664631,,0.5711260225510711,0.7297297297297297,False,2
0.34905867680477748,-0.91551938625863105,-0.19995572892997174,0.93332787726715472,0.32051858175393483,0.16176189992217516,-0.08400662868657123,-0.24308865077387853,0.96635955741206947,-11.698670365342194,-5.5216819013844107,-1.8005347991250973,,0.3196011074680485,0.2307692307692308,False,2
-0.84746523601116241,-0.5126158863737974,-0.13794066401808613,0.5142530068931398,-0.85723657976530276,0.026254356089034758,-0.13170618305117282,-0.048686747164822158,0.99009246133712159,-13.931130436594053,-6.3510155015020286,-1.9696530603785949,0.2711070044193205,0.2281048686425825,0.6432748538011696,True,3
0.04924369696476557,0.97809581794886735,0.20224645663194674,-0.99524011511195942,0.031002814626247637,0.092390144264329191,0.084096204320857293,-0.20583341904604835,0.97496688765446693,-12.973556652094898,-5.8446108565776349,-1.8864784078807726,,0.135743463703503,0.35,False,1
0.80057347221350139,-0.5821727988176415,-0.14197516650757311,0.59876189061305651,0.76775636056256347,0.22811043195173172,-0.023797351480722526,-0.26762847967389736,0.96322826107311754,9.4527487835260686,6.8570821183071491,-0.20245882518692995,0.8224502187258388,0.8010665457588044,0.3880597014925373,True,3
-0.79797055944270734,-0.5868837755993267,-0.13715108530730755,0.59168333203848567,-0.80613980236269245,0.0070323278133411632,-0.11469010790180753,-0.075538420587926008,0.99052517694632747,-17.742196000700318,8.5139793107376303,-3.4725562960934111,,0.3683714015105386,0.3076923076923077,False,4
-0.66358748765660347,-0.71606014904871462,-0.21658603179783048,0.72754639029912171,-0.68511443558776997,0.035978606309448311,-0.17414906312787398,-0.1337014326534495,0.97560034374640303,-13.320404900868843,10.354567916617494,-3.0751763208526119,,0.5376967524517587,0.1538461538461539,False,3
0.52785097763629341,-0.83713792173641588,-0.14343446377786895,0.84919880536109282,0.5171384018763161,0.10690772786895913,-0.015321043753709254,-0.17823572396028003,0.98386853406471597,-15.287783114161416,12.985478533385042,-3.465236590475131,,0.1300456862543149,0.3571428571428572,False,3
-0.033622690381594288,-0.98315334315854708,-0.1796636260562377,0.99435809914597295,-0.051002583632173928,0.093009177642050245,-0.10060559305680181,-0.17552276290844807,0.9793213335502674,14.908848191322765,-1.244462044317046,0.95851758173629886,,0.1357209494416051,0.1428571428571428,False,4
-0.19089688870816585,0.97748148413518576,0.089935121362106143,-0.98011541874328156,-0.19485863371876222,0.037468370753724209,0.054149273524428804,-0.080994203731698605,0.99524258105179786,-14.507126076804626,-10.783372249106799,-1.625837623498962,,0.1868655358516634,0.5555555555555556,False,2
-0.99031426052139626,0.1316770981942593,-0.044031888661507951,-0.12677551820435359,-0.98688067168528615,-0.099972535418561992,-0.056618313220879748,-0.093422061982903259,0.99401543496209599,9.2577100962506229,9.3572590394051343,-0.36987108780236616,,0.4273053282058376,0.4166666666666667,False,5
0.59496097475794429,0.80316576076849744,-0.030760351822384249,-0.79376252361749555,0.59314994812659172,0.1345889859453781,0.12634276637568317,-0.05565877977984765,0.99042395246578996,-13.775625419468996,0.22377098040888491,-2.5407565378543957,,0.1009464244623481,0.2748538011695906,False,1
-0.44583783859666071,-0.85181415147722561,-0.27502958571505165,0.88717993937475481,-0.46132884591580231,-0.0093515291263422048,-0.11891331652285625,-0.24816999671420542,0.96139028281151628,-10.40039531646155,-6.151651266647578,-1.6346418086580063,0.1705958187721113,0.2857057172261722,0.2,True,5
-0.43850611528604166,0.89702814948358822,0.055252926536014657,-0.89640576788235737,-0.44096252437804118,0.044819096391899023,0.064568461062547239,-0.029875594189821414,0.99746597070166709,0.0088780588660728882,11.044720633212377,-1.5882319130044085,,0.542388511614797,0.3939393939393939,False,5
0.44041081722365288,-0.86401304686259106,-0.24396673323142781,0.8977621738201228,0.42145086075044602,0.12807127402533922,-0.00783526197134745,-0.27542807922201501,0.96128974916302423,16.761923995990571,-5.383232815614643,1.4571727974057396,0.6047844346116396,0.3339928089031841,0.4230769230769231,True,6
-0.43743005818009334,-0.88555893331462554,-0.15633400086744501,0.8915707206471406,-0.44976416682682863,0.053045681476499684,-0.11728850875212762,-0.11617904228057074,0.98627878201321506,-15.503606193176006,4.8683196035369134,-3.0605286303002948,,0.06733174215307344,0.1724137931034483,False,1
-0.9835751561867333,-0.11341838712374512,-0.14041432118730623,0.13386604166423588,-0.98019076376600611,-0.14596557647939698,-0.12107764046839009,-0.16236482405392477,0.97927415410014063,-3.2422390124090597,-22.574450773676617,0.69860867451166542,,0.6190424075745831,0.76,False,5
-0.76563707864953268,-0.62570548393767045,-0.14930676865880993,0.62969392691055048,-0.77644594425956304,0.02484459810192375,-0.1314740362542349,-0.074995619960112503,0.98847874776234779,-15.361531001173308,10.253059571650157,-3.3061774922319094,,0.08538150453391817,0.3508771929824561,False,3
0.58391302871643658,0.81082194936710927,0.04016642030002128,-0.80200718774153301,0.5684830875121607,0.18333425763767414,0.1258175095370837,-0.13926501943115835,0.98222971277432036,-15.986068611122851,15.008256612763738,-3.6431095988662183,,0.6772416347381116,0.56,False,1
-0.50636205053264516,0.8578907000917011,0.087298456323952681,-0.86220249682589134,-0.50536949369717188,-0.034763908115483702,0.014294343201864734,-0.092872070809442889,0.9955754367279217,-12.356161950746895,-7.3023295173722449,-1.7295266213598688,,0.3464803345129686,0.1818181818181818,False,1
-0.019915945042976009,0.98787192243664568,0.15398837616641636,-0.99645487802129273,-0.032204064813359259,0.077721131470573038,0.081737575206353552,-0.15189457880655763,0.98501117035725161,12.418715645115878,12.830657275446205,-0.23631710732302905,,0.4300206304210688,0.4791666666666667,False,4
0.072255492972528812,0.99013919769759906,0.12001463626596075,-0.99715081313901954,0.069099723307847624,0.03025696770944087,0.021665631573718088,-0.12185892425888611,0.99231094067685177,5.0786394359945088,-0.94091416205466649,-0.31592364161498065,,0.3889525645623606,0.1515151515151515,False,4
0.98498996257430838,0.16410654040711334,-0.053514643075236533,-0.12850676909765227,0.90416552943322825,0.4073950241237756,0.11524228357657683,-0.3944030156836249,0.91168277229292738,-4.4199757981589487,11.821183028914213,-2.1427745601671639,,0.4327570429846313,0.1875,False,1
0.97181666560572322,0.22698921697641414,-0.063625968184443327,-0.21631431016393857,0.96593344981403917,0.14205875456531281,0.093704256409582631,-0.12429185776543361,0.98781124028021872,-8.3895454956989948,-7.3202072870031882,-1.3519114111270143,,0.1425997148413875,0.3378378378378378,False,5
-0.67390082388530514,-0.71822750297204041,-0.17322509501008354,0.72536836458925247,-0.68772659482373,0.029544312909051122,-0.14035104281699443,-0.10574206706274752,0.98443902809339978,-19.549268127018554,6.3143340371409211,-3.5445789017356191,,0.4350625410350146,0.4090909090909091,False,2
-0.17641811138349831,-0.95945646276838115,-0.21981798385907039,0.98013323969035637,-0.19179622907882515,0.050527605971684937,-0.090639298485627087,-0.20653692784373878,0.97423149969958589,13.259769035635287,-7.611513923874913,1.1308651042788009,,0.3065544662293316,0.1818181818181818,False,2
-0.8356920248855747,-0.52220316058526917,-0.17006674753579121,0.53188351371319609,-0.84670590068674134,-0.013749384799222865,-0.13681654645089961,-0.10194595046890523,0.98533662055169713,7.3247358924392341,11.667940007490577,-0.73742049752197447,0.4868988881437794,0.4683411851146616,0.6363636363636364,True,5
0.23202225081167874,0.9589883498305386,0.16280976634582706,-0.96806939200478959,0.21132671760855617,0.13484313363412503,0.094906940693288783,-0.18889775889113641,0.97739976943630735,3.8434892939723642,10.191386839002027,-1.0745640247045383,,0.4505511851248778,0.3636363636363636,False,2
-0.70892256997081926,0.70467028629898409,-0.029471637098668083,-0.70500933439263791,-0.70919618980136501,0.0016133166070787588,-0.019764316462182865,0.021921495809660234,0.99956431499741349,-12.946775849230347,15.630484654311244,-3.3763154861365554,,0.6936195018299929,0.4545454545454545,False,1
0.8856203007781791,-0.43795823484677904,-0.15449681996553138,0.45828307490125875,0.87801892233427326,0.13805576873861097,0.075188470583030895,-0.19306826915072128,0.97830022863052102,10.002390656692416,4.3602727303401032,0.027302040075327334,0.1921746786008569,0.1155202378935284,0.2857142857142857,True,4
-0.75384993792083599,-0.59804680167984725,-0.27212183686219849,0.64701543404417428,-0.7477755336605616,-0.14900597091153994,-0.11437350744547609,-0.28839517031179163,0.95065605059635105,9.996108671735108,-4.9535021613354075,0.52379737830562989,,0.565209533071037,0.4716981132075472,False,3
-0.80879671130337016,-0.55417258577555217,-0.19682638278363795,0.57315763808115927,-0.81774021790603257,-0.052832356830081251,-0.13167460535000552,-0.15554318112290394,0.97901384929534452,12.146019120178314,11.776628355655753,-0.16679045428743672,,0.5887490340600188,0.4,False,1
-0.82162761528472983,-0.50600083616539571,-0.26247136148815919,0.55463135901565108,-0.81593325137602291,-0.16320840938935316,-0.13157551975188836,-0.27967138412585413,0.95103722298506754,17.088180711814022,-8.6664845090865779,1.6845044329831729,,0.3727963902712486,0.1785714285714286,False,1
0.62692045544401898,0.77883623695374438,0.019617812151052502,-0.76853746495254804,0.61410916135829829,0.17949959025055465,0.12775330723771361,-0.12760898849037774,0.98356242229270208,-0.089925902731319909,-12.509838501542259,0.018617545023530361,,0.1674271839235335,0.1666666666666667,False,1
0.95616814107414172,0.28891889353381733,-0.047627292112982327,-0.26489135284109439,0.92278011361072765,0.27983822668568298,0.12480006884948222,-0.25495633917156796,0.95886506242087954,12.60595720930227,-4.734213790059445,0.88749840852458828,,0.2119712808090746,0.15,False,4
0.86803120469487449,-0.45894566533852127,-0.18944842027038994,0.49491657873759853,0.8303259250723467,0.25615705776617054,0.039741763506853087,-0.31611348345132789,0.94788863154572756,5.2722851116907554,-7.2371101003156113,0.12252972453453581,,0.2448093603587172,0.3673469387755102,False,5
-0.95703185384990153,-0.25759963247301138,-0.1331632834770522,0.26013840351802453,-0.96556979012139432,-0.0017295722070004155,-0.1281329065139542,-0.036296139666571366,0.99109260339969785,-0.85718063940462319,15.114485977252158,-1.9278979913740912,,0.4500447578807507,0.3571428571428572,False,2
-0.46355232450857231,0.88464547340238719,0.050215822520066303,-0.88598198260476213,-0.46196485291923095,-0.040303860448466601,-0.012456682641676819,-0.063173262192013066,0.99792483183934499,12.410142008322074,-0.65718782177798996,0.6080604667661943,,0.3847434495190176,0.2307692307692308,False,3
0.72822016636874864,-0.6215684111807992,-0.28870070924063906,0.68485684228929689,0.67585491513964735,0.2723806881023545,0.025816561804474794,-0.39607176610275557,0.91785655809218847,1.7910956576752106,2.9128075249737475,-0.91507597429940968,0.584689031501212,0.4731140346707446,0.5614035087719298,True,4
-0.62410264738674603,0.78065504246443473,0.032765686315168255,-0.78126491351465577,-0.62290141262511067,-0.040236364902611919,-0.011000928860313459,-0.050710302942207519,0.99865281491603364,-11.410796442267173,-3.7389986770497012,-1.93065731755909,,0.2432628824003875,0.1702127659574468,False,3
0.99292880866362099,0.071609635509391631,-0.094680732084485325,-0.048036782089722743,0.97172559107371048,0.23117491909571738,0.1085580420434456,-0.22499207931538195,0.96829422994926195,-0.10182306037388138,15.875998281042545,-1.8822460378944588,,0.2140295307568951,0.12,False,4
0.015106850266336295,0.98817945836513621,0.15255537073540124,-0.99593009891560391,0.0013126776032718421,0.090119448242118511,0.088853931533638408,-0.15329590647729349,0.98417749613995942,3.3967626437580414,8.8682741339945412,-1.0479764925280601,,0.4521962383686487,0.2631578947368421,False,3
-0.22021594693726559,-0.92376005605507006,-0.31332458497803434,0.96880983266132037,-0.24454500163388646,0.040065575181531352,-0.11363293912096022,-0.29472886016305999,0.94880053442950563,-7.028780657750394,-8.9762676345836585,-1.0778219664840303,,0.1529451728761154,0.1818181818181818,False,4
-0.98060746885428873,-0.15762235458681054,-0.11646538267525956,0.15679655781611657,-0.98749678616165126,0.016276878614362361,-0.11757479102342525,-0.0023001423693390852,0.99306136661380517,6.682951412323737,-1.7047134077557258,-0.045326646202290655,,0.06828760449532455,0.1777777777777778,False,3
-0.99120561130083096,0.095592693275111398,-0.091506683461682586,-0.086462890934324674,-0.99132230498580509,-0.099016443729863235,-0.10017786490550278,-0.090233722244184134,0.99086945192236831,-13.485378846281728,-11.150135196083427,-1.4995509181013653,,0.1000384550403964,0.2758620689655172,False,4
-0.99006559927884485,-0.018857541073668729,-0.13933593315894979,0.018405457589506954,-0.99982033156715355,0.0045325176079291166,-0.13939637102715874,0.0019229481532848534,0.99023479741668174,-7.6496719402675666,-8.1771188211051751,-1.1779380765785148,,0.4308760620457648,0.7021276595744681,False,3
-0.38394340930957677,0.92321922631615616,-0.015928546949919312,-0.92072470570321896,-0.3840936121412778,-0.068833955428880877,-0.069666884209488633,-0.011762536820883601,0.99750096138904965,8.3546366134190659,11.91713107147339,-0.61067520015953192,,0.4489023519121628,0.1333333333333333,False,2
0.98777491526376027,0.13281027292964515,-0.081621983435975765,-0.10653873599000895,0.957377577887769,0.26847284982172442,0.11379900926335301,-0.25649484353900814,0.95982299447792851,4.0720110856481302,4.6633322760482159,-0.73341324970678823,,0.7402137168000624,0.4182692307692308,False,1
-0.55986111562489005,-0.80789539047065695,-0.18401241606890795,0.81838713430625043,-0.573898775013026,0.029710174024229596,-0.12960721281338974,-0.13395982268878831,0.98247480186106151,-2.473590019648511,10.750601283201849,-1.8483218017065388,0.1174154907653013,0.1143657516578013,0.3478260869565217,True,4
-0.98460320397208156,0.15173119828487916,-0.086799620937802802,-0.14688849989788422,-0.98734796863423235,-0.059730707610103934,-0.094764441251245821,-0.046061179977169145,0.99443354145636598,-9.132368776151818,-9.264057043308501,-1.2594614928971766,,0.2897177829546094,0.1555555555555556,False,3
-0.69828434548956053,-0.69580371872665225,-0.16809568064164296,0.70287632420457236,-0.71093995424238876,0.023005528346420431,-0.13551326767842364,-0.10208607382004203,0.98550220081698647,-5.3699262385337807,-10.405631725376752,-0.77304542579837165,0.2780606192329646,0.3663202417288854,0.4895833333333333,True,5
0.71607058355946807,0.69501551224137292,-0.064779295339364537,-0.68552065033826382,0.71769434579948133,0.1223775468264417,0.13154602738435864,-0.043223416701090603,0.99036729496085307,13.534889185737072,-6.5056615157571231,1.1135036835896082,,0.08236037348507863,0.2631578947368421,False,4
0.99441107437006004,0.025675722403822224,-0.10240787298456874,0.010121902250197946,0.94232485714694503,0.33454657478118882,0.1050912092661377,-0.3337133813349864,0.93679838644873303,-16.383628620584098,6.1592939955919981,-3.2433483148609552,,0.1035995337693958,0.3888888888888889,False,3
0.60916181058428864,-0.73125344445668938,-0.30690436376157504,0.79304304323037533,0.56274400677638159,0.23324217976422423,0.0021494440151695465,-0.385470599147963,0.9227176150279861,-4.3638540786869227,-7.1913829896365762,-0.94588717996121163,,0.6699354731582372,0.4086021505376344,False,1
0.92992337747314524,-0.34707885580759285,-0.12156800516678301,0.36134834466153248,0.9237861095566835,0.12667516568174311,0.068336562975532672,-0.16172659534355846,0.98446666907482039,-4.1056807092785146,-1.6958125567434994,-1.3909012793928917,0.4081645157116733,0.31975270926879,0.9105935386927122,True,7
0.95608587801287614,-0.24469174681500835,-0.16132496057636894,0.28206072336924837,0.9177436342709272,0.27962183406809571,0.079633800592232226,-0.31284592181425225,0.94645965947177413,0.3914579954857676,-16.249160618771722,0.4555208865685117,,0.3795358988854483,0.1818181818181818,False,1
-0.6016378272631504,-0.76561078221651124,-0.22775437418389577,0.78915759397345719,-0.61382343286658858,-0.021238764980590984,-0.1235403443418375,-0.19251213836456915,0.9734869592871811,18.519878228067039,2.8346779037608001,1.1516523953173132,1.066372877762344,0.6655247608994743,0.2777777777777778,True,5
-0.34988588146499089,-0.92435868787463926,-0.15212128747200893,0.93036495046878831,-0.36186265289833991,0.058961677185985426,-0.10954875120545773,-0.12089845568927117,0.98660155813847872,-14.33650630476655,-5.1318387977846998,-2.1023770611580885,,0.08180681486866932,0.2692307692307692,False,2
0.93711945842634004,0.34471692639404433,-0.054565202246178751,-0.32024141799564138,0.91145907437344775,0.25823979155513321,0.13875357594982629,-0.22452749586574217,0.96453867147014638,12.664229523660685,1.9484176611841806,0.47273270779372212,0.2013142585615858,0.2593016258384735,0.6538461538461539,True,4
0.23796751019627824,-0.95836598603900713,-0.15781666862047583,0.97000775130653538,0.22620799919569837,0.088965743435980293,-0.049562349583348222,-0.17425434830545761,0.98345258940145042,6.644095287071857,-0.80390177532829954,-0.10378817175121793,0.1843473262736835,0.1777001299289497,0.5476190476190477,True,5
-0.1123061288469856,0.9934365384977657,-0.021706621132308965,-0.99257999081020409,-0.11113112889880677,0.049344037460383849,0.046607888459135646,0.027087195632884184,0.99854593713365358,-8.2054500657668221,-12.170144513798354,-0.90479573165097493,,0.3426200467597265,0.5636363636363636,False,4
0.84289873256760306,-0.48920220604514802,-0.22406009960831566,0.53597635044323066,0.80007599445353494,0.26945826182312771,0.047445530890516029,-0.34721694183859564,0.93658385470750538,-16.75771852295679,13.187317541990494,-3.6263128231339214,,0.5701681158434584,0.4468085106382979,False,1
0.46869589788623051,0.88240251962622274,0.041108985172507564,-0.87924549987109413,0.46152142452448575,0.11800561707528454,0.085155776439706621,-0.091453638867914119,0.9921616429175073,13.117386122686531,-2.6274086173971223,0.81196927669726948,,0.2341371300557314,0.375,False,2
-0.62908276933848306,-0.75210316205905547,-0.19645789101533434,0.76675363154879828,-0.64193736752386588,0.0022988438956293294,-0.12784262915065742,-0.14918863829828646,0.98050956771188547,3.2356953698190027,-5.3891982688932947,-0.22701604362716249,,0.2581505663513877,0.1304347826086956,False,1
-0.90593211398092965,0.42340087371722496,0.0043249269975154242,-0.41875047200839738,-0.89437514756685887,-0.15729315817130429,-0.06272995337785317,-0.1443079885184779,0.98754248384510646,-0.88561018050247853,-14.809432688216789,0.16170228833831984,0.6189597271190097,0.3115966034008389,0.2608695652173913,True,5
-0.89112360524116863,0.45113211686567917,-0.048770209290828724,-0.44985434936828289,-0.89240718273161335,-0.035220513390090961,-0.059411989837227397,-0.0094463401015419321,0.99818885093065701,-3.4535993773150402,12.759331574355562,-2.0916378805034381,,0.20698622288126,0.2631578947368421,False,1
0.84673974067406022,-0.51452627210249002,-0.13525726183661882,0.52902389740210976,0.841211942802639,0.11178632860815929,0.056263021076967235,-0.1662082507053238,0.98448427608406675,-14.069208187240088,4.5837947189901795,-2.8997839446983518,0.6074557893375712,0.5698571099131416,0.9482641252552757,True,5
0.38009579406640215,-0.90714512207843934,-0.18059599891006584,0.92436937194886304,0.36564738270903674,0.10882672337663914,-0.032687176933708248,-0.20830198992646348,0.97751819904121473,-22.817103476974154,6.1873192553058356,-3.9132317080008208,,0.1401137659398436,0.1944444444444444,False,1
-0.55205367659197169,-0.81963646098708298,-0.15307779062247126,0.82418075828927573,-0.56422293563513959,0.04877044770124099,-0.12634403756015275,-0.099239864589968779,0.98700994597276659,-14.535048489622458,7.1118176799968227,-3.0396598973786939,,0.06483816352202959,0.1538461538461539,False,2
0.074559977957459597,0.99721652693075036,9.0017535513936542e-05,-0.99408179628137916,0.074318447696586104,0.07923478171836966,0.079007543873803779,-0.0059972283717863728,0.99685597819488814,-7.2313252182530787,13.642262986478855,-2.5808038468971466,,0.1469121214797682,0.2777777777777778,False,2
0.99763209094027794,0.067439722548734857,-0.013494256136451305,-0.061729827515530002,0.96452472669698985,0.25667387865732938,0.03032555887414784,-0.2552331001509095,0.96640386229894792,13.853620030733754,3.7637812290681927,0.53659944461247056,0.6310579798766756,0.390469392937214,0.1764705882352941,True,3
0.63374846068840185,-0.73616924794346983,-0.23752416078670277,0.77351338564532612,0.60562012861512826,0.18681890173025922,0.0063190824164534171,-0.30212430918173694,0.95324759165647643,1.0442842480933101,10.289632086170464,-1.4352781569165856,,0.4290872599057354,0.1666666666666667,False,1
0.95888179023933384,0.27599432885308184,-0.066127473778655077,-0.2603949755758469,0.94823714013892946,0.18177123742770132,0.1128723572991366,-0.15707786763920806,0.98111486302861362,-3.9344987049716069,-4.0818504126444104,-1.1743396857429804,,0.3643011517984913,0.16,False,3
-0.054346542980140633,-0.93347265265162604,-0.35450706624500949,0.99493044640726991,-0.080709160795891396,0.059995317946087763,-0.084615956402660467,-0.34944933554831492,0.93312662688774628,-14.673942807454617,-4.2397027172151329,-2.2425623275501443,,0.4788354894839544,0.1764705882352941,False,1
-0.57540840800976345,-0.78614487872894911,-0.2255690440639318,0.81569926260842995,-0.57168908270244401,-0.08835330044147785,-0.059496865226108336,-0.23483573485967663,0.97021250283697247,-11.840284154468847,7.2238264801417822,-2.7697063313806507,0.4956281838111683,0.2904536528469278,0.3258426966292135,True,4
0.30717736208491964,0.94138743538707337,0.13939786482546629,-0.94521264969145991,0.28479613328978942,0.1595750899308333,0.11052201177050322,-0.18077848035242819,0.97729423714440677,6.7517446683931075,7.4157138235994138,-0.54698497884200814,,0.4928792218360609,0.1,False,3
-0.97908673549127334,0.16328868895929849,-0.1213506013293475,-0.16579431697733202,-0.98610146522341846,0.010777047009571508,-0.11790423589956686,0.030670903837025091,0.99255120110488926,-12.512460409480893,5.8645402057355831,-2.7874716982792922,0.648414766230339,0.5818803468163936,0.8740157480314961,True,3
-0.95464255665083797,-0.28179908013754051,-0.096160633654250954,0.281235931973769,-0.9594376053527659,0.01964260679734639,-0.097795396609434773,-0.008292157052635564,0.99517199545275437,2.1441082916817917,4.8548388599728121,-0.98843156484179384,,0.1944430422353426,0.1538461538461539,False,3
-0.045774586563511251,0.98881162149367641,0.14197275944344301,-0.99730078237266195,-0.053402733246958448,0.050391443327509416,0.057409378186974093,-0.13928289658389625,0.98858709177056536,-12.868441037890523,3.3530522053722578,-2.6790091933019835,,0.5890906656960629,0.3185378590078329,False,2
0.12114634340883633,0.99033287338261633,0.067560072353414283,-0.98764152334086208,0.11343938757590642,0.10814678321310982,0.099437341334170787,-0.079826720113841371,0.99183663468549954,-10.004528582570172,-9.6496462993050152,-1.3071333534198388,,0.366691485312219,0.1538461538461539,False,2
-0.9841998861873883,-0.13138110126197444,-0.11869957986413687,0.1425049366093967,-0.98563469657079816,-0.090645396781867921,-0.10508533232893934,-0.10612846530022593,0.98878401169433106,1.8095243834262367,-23.840916387266248,1.3587563100111806,,0.3403759793903979,0.875,False,2
-0.99348713645808551,0.067202564700303863,-0.092016982074041631,-0.046098805238950082,-0.97557578183667693,-0.21477149263646994,-0.10420273435881787,-0.20913084227692805,0.97231994783645559,11.008363351375525,-1.9178040541683383,0.50396852964487793,0.7458041250330877,0.742589052808668,0.4411764705882353,True,2
-0.79407266261344545,0.60643470454230242,0.041055518711650793,-0.60671789207917026,-0.78674799846264842,-0.11367051660841349,-0.036633398982357193,-0.11517176755483854,0.9926698635685951,-1.1228556918849124,9.1431236831868983,-1.586533904739913,,0.7947815561931921,0.3035714285714285,False,1
0.72260008402365716,-0.67746346443659844,-0.13744952863711479,0.6909052169988964,0.71422772739807061,0.11193182987646833,0.022340539221582321,-0.17584654608307956,0.98416405773526394,-13.509514256713205,-3.5375249214040942,-2.1762311747116825,,0.1024713762046176,0.3818181818181818,False,1
0.81125886194989882,-0.56892224996367446,-0.13485745216347769,0.58343090960684474,0.80280035713904552,0.12296324773179078,0.038307083197290551,-0.17843503039955549,0.98320572989747423,-8.4841063264178054,-19.068197737634613,-0.23152137304279941,,0.1913067234751152,0.5151515151515151,False,3
0.52249293949676567,0.83628303582975672,0.16622819303414135,-0.84378684034221707,0.47911718098531486,0.24180673057213192,0.12257608348012997,-0.26660347122280992,0.95597996469100832,0.98545353513694878,-9.1223217733598574,-0.16202590095285418,,0.3916209556118722,0.2307692307692308,False,1
0.66176593795427707,0.7496794000209539,0.0068293885316782904,-0.73729123375861605,0.64912530653788925,0.18718432903100291,0.13589510655719522,-0.12890746136788181,0.98230106709577314,-7.0393748627268602,8.073471022743103,-2.2482267439513852,,0.1662509177941406,0.1746031746031746,False,2
-0.77236974645160272,-0.61418801589164251,-0.16191990582190097,0.62202227696153845,-0.78299406359835699,0.0029297326352160022,-0.12858173171126991,-0.098454951652103981,0.98679955450198276,-7.9656489733564628,5.8961318793762505,-2.2765235475603349,,0.07816009783307235,0.2291666666666667,False,4
-0.92683139481702814,-0.31656423220943758,-0.20191743973013229,0.35339969355472062,-0.91714463987056205,-0.18426710545326996,-0.1268551227856082,-0.24214209969013312,0.96191214847339468,9.4368884680068632,17.518176286576566,-0.85559144091229378,,0.3103173827065985,0.2777777777777778,False,1
0.81265934027563347,0.5729138392849612,0.10655763425741759,-0.58247367530201632,0.79307595093360339,0.17819919649347904,0.017584488702637652,-0.20688225831744472,0.97820780867387314,-7.9695210626103865,-4.1250107079832983,-1.5572882262167713,,0.3814517387915245,0.2840909090909091,False,2
0.27394763701698621,0.96043219081252251,0.050226477318911958,-0.95600057576626962,0.26624063668361209,0.12320236407173671,0.10495518713893802,-0.081767537747949995,0.99110972069860537,5.9496640130966476,2.3925359691638417,-0.37793744670108992,,0.4254881650167458,0.2058823529411765,False,1
-0.91183116457627422,-0.38208766592096249,-0.15024294611910208,0.39005036535306442,-0.92041200723602434,-0.026503762444119512,-0.12815865088013928,-0.082769272600550933,0.98829378613738061,-17.80689585712144,10.926292544615389,-3.6158955529883925,,0.07287575556124445,0.125,False,1
0.86804197613992851,-0.46413947859032334,-0.17628860448988659,0.49309926343521343,0.84736841701735044,0.1970276179655033,0.057933099854390824,-0.25795602387890304,0.96441819025039588,1.7457300819739792,-10.163628511233272,0.014349789372666092,,0.7451386356870052,0.3571428571428572,False,2
-0.13615871653677802,-0.95455814806039685,-0.26510289678266696,0.98606159205456823,-0.15640886790508249,0.056734493171785812,-0.095620816697340058,-0.25368288868615974,0.96254955789402241,15.654227352016193,-8.603991788331097,1.5245394181176104,,0.08985301086583784,0.25,False,3
-0.56229047125149489,0.82368267967358111,-0.073323046482804313,-0.82692127947408955,-0.55946984149851886,0.056521624238474955,0.0055338497183272245,0.092413958141450786,0.99570529618352632,-7.5121195160132066,-10.507517676107703,-0.98741628795897651,,0.09166606189513751,0.3125,False,1
0.13879639430346202,-0.91391714269397695,-0.38143284758713958,0.9879588394955785,0.10119629265378607,0.11703265277553018,-0.068358557554313748,-0.39308366366869713,0.91695820022828045,2.6749311150832495,13.642908033514667,-1.4143729780418581,,0.5500542437582109,0.5,False,2
0.92203639144612759,-0.35257869711117729,-0.15980348929978835,0.38192061251136294,0.89588445912164538,0.22699709611195851,0.063131122181917521,-0.27033182988264837,0.96069514580034709,1.7238149080465526,23.795070328106792,-2.2358428956540077,,0.1979994725093485,0.2307692307692308,False,2
-0.95057911355527136,-0.23835015673867008,-0.19896872029323026,0.27539703093367957,-0.94319765730655403,-0.18583501985455264,-0.1433730247479913,-0.2314462832582963,0.96222491847828007,16.453284027116332,-11.021627880042303,1.7377312245808281,,0.2185879001033698,0.1923076923076923,False,3
-0.90716008382034252,-0.38479557145476978,-0.17027316439141454,0.40068392505061523,-0.91351666867751258,-0.070282915807268309,-0.12850281914845824,-0.13198357563400032,0.98288725764136464,-9.4664073024796203,-1.4229167765080617,-1.9506708579843373,0.6914608313962103,0.6042264416882566,0.2307692307692308,True,1
0.23195773080335672,0.97150211552802501,0.048777562927327975,-0.96553967731586388,0.22387035630052027,0.13272224794153772,0.11802009426082702,-0.077882623828746042,0.98995229898021631,-6.2219327153920458,-3.6996721354779085,-1.4436995121642655,0.8816949202010756,0.3765230999228624,0.2142857142857143,True,2
0.57843646886853128,-0.74596014138632905,-0.33008289708161459,0.81572455825084589,0.52788722411373123,0.23649212182218832,-0.0021671523634006207,-0.40605239327011289,0.91384722868225998,-10.069335088987232,-11.030708729661745,-1.1673924419854098,,0.1204790495344916,0.6875,False,2
-0.99430371250682503,0.016958981679165701,-0.10522604352322053,-0.021818274499562165,-0.9987395951135114,0.04520159344935161,-0.10432684310860137,0.04723996288000698,0.99342050296643714,14.746649931238974,-7.7944126322659715,1.3416654564449157,,0.07705048240051232,0.4090909090909091,False,1
-0.71037850865255603,0.70347037125776291,-0.022176816882386291,-0.70276451986391497,-0.71068600117261527,-0.032364136906729943,-0.038527964714094851,-0.0074057072411697622,0.99923007932870345,13.635090400423799,-1.0856038847853613,0.78211030156848782,,0.1449231660835605,0.1666666666666667,False,2
-0.9618935730806446,0.25799856510141062,-0.090540015859090758,-0.23969262242616488,-0.95498421185483462,-0.17479302578326486,-0.13156063552833416,-0.14643051428446976,0.98043352842799436,22.991338422843036,-15.57096278910524,2.8044616848021597,,0.3939648180699885,0.5,False,3
-0.5927910674463841,0.7885890791672453,0.16348093030666078,-0.80535608459455543,-0.58059345186584199,-0.11963620128135166,0.00057215583745501286,-0.20257963340045071,0.97926562523609262,-1.8667912401597591,-10.737646768907497,-0.30655195192432677,,0.3654672852540121,0.3529411764705883,False,1
0.7485675149728559,0.66291881082888626,0.013613441026352341,-0.6468764063615392,0.72563628800636004,0.2345269545726702,0.14559392301927909,-0.18436547338795717,0.97201429094550362,-7.2797285420621982,9.6384865837691329,-2.3680063537835672,0.8643662094383457,0.507606196795195,0.5245901639344263,True,3
-0.51784205244449044,0.84716829484379963,0.11893480958712627,-0.85538448356496966,-0.51479429199065063,-0.057482364340153337,0.01252972451280978,-0.13150177620584907,0.99123674712872667,2.5708363960770808,0.80443735620749923,-0.72416317100116467,0.7413141662141667,0.3216301269562788,0.2941176470588235,True,1
0.2220400669678351,-0.91759435036310177,-0.32972536578588663,0.97401849735818613,0.19328368626876141,0.11802280892463207,-0.044566528527814342,-0.34736439772100486,0.93667059296793531,5.9485071108940977,-8.8547323663946287,0.35263542198395659,,0.4345325901440661,0.2142857142857143,False,2
0.34723501977353216,-0.86465733822944391,-0.36303653877929065,0.9370401800863698,0.30455345836612796,0.17088853648192542,-0.037195993689884951,-0.39951830802005023,0.91597029406537978,8.0367213061053757,7.0372999851348359,-0.39715832755522101,,0.3441656475596537,0.28,False,1
0.27538757645225354,0.9378716915349774,0.21108854292233209,-0.95557361692539777,0.24305674127106427,0.16674076633745699,0.10507495121039009,-0.24762897798926892,0.96314025141104109,3.5244398464027293,-9.4651769665389232,0.11770296289587578,,0.4635978278254836,0.2941176470588235,False,1
