axis_00,axis_01,axis_02,axis_10,axis_11,axis_12,axis_20,axis_21,axis_22,location_x,location_y,location_z,dbh,dbh_approximation,score,reconstructed,number_clusters
0.25930636501798066,0.96569208179275901,0.014107169238699646,-0.9599759516610531,0.25611543817652449,0.11336249185732579,0.10586019692791562,-0.042938158908067875,0.99345353852908913,2.9016552356568464,-8.9030235972309288,0.67012080100063853,0.444559748172796,0.2763357086513839,0.4666666666666667,True,5
0.29454025939470124,0.95113111393602801,0.092712672804275087,-0.93936290028140423,0.27032877039922754,0.2109969134119036,0.17562282645092192,-0.14923793082608805,0.97307998789006911,-21.924087944327628,12.907836138090884,-5.5896774466715105,,0.4743012023662927,0.103448275862069,False,5
0.0031921067019391133,0.99207332292445571,-0.12561979301222345,-0.99271200200500642,0.018277155216668992,0.11911686141096578,0.12046863297147876,0.12432404248099491,0.9849014371657544,0.99411551922825103,4.6035477194532426,-1.5805576812140578,0.1637844093104346,0.1166552769293855,0.5378787878787878,True,5
-0.98224889649676406,-0.094774285290815205,-0.16187940010546287,0.080682382530000069,-0.99252884419654375,0.091525114515938033,-0.16934420120031296,0.076839627051984147,0.98255697709310486,-8.1180508500717927,10.479657455651513,-3.4920052308626555,0.2207275605974053,0.196353368651821,0.7760910815939279,True,4
-0.94921989848462363,-0.26230283088867939,-0.17372049167736209,0.25734018209883686,-0.96497881752822523,0.050910827916703247,-0.18099064892468053,0.0036203079443093283,0.98347815347988821,-21.280633643960247,4.6983017148463082,-4.3097381212217636,,0.08344517459437856,0.2941176470588235,False,1
0.28234536860784343,0.95708234064355491,-0.065379553791350811,-0.94789284759308479,0.28882019739076881,0.13446948747217885,0.14758130744635037,0.024005974410808706,0.9887585503473606,-8.4567742309572473,11.962881285988626,-3.7756889972089196,,0.1211270874648396,0.1785714285714286,False,5
-0.98727431174506597,-0.0010156088059442708,-0.15902327473379865,0.017554799202154879,-0.99456419450370603,-0.10263475062651743,-0.15805461838642976,-0.10412027444234243,0.98192550942358814,-19.618261881800617,-0.6990815876230827,-3.3380538052355933,,0.4174609325708581,0.6363636363636364,False,1
0.52230218825314167,0.84300865322747909,-0.12859562484614651,-0.83288464369151793,0.53666308052083511,0.13526236841316963,0.18303987119977994,0.036457490169769763,0.98242926308293999,-1.8529319538426778,-6.2493113096483492,-0.32789561073418866,,0.07678698453478154,0.2307692307692308,False,1
-0.66704816235567221,0.74193583607999103,-0.067660655023474722,-0.74499328097746997,-0.66358560214468665,0.068111378819536286,0.0056356362857772208,0.095840303456105891,0.99538076927229013,-15.443201954024698,16.158697096456521,-5.2281563482038713,0.2914760600303684,0.1949709328465901,0.5147058823529411,True,5
-0.98680193851423337,0.09311207481460626,-0.1324842468683386,-0.074312335750267786,-0.98730467220709106,-0.14038219614106412,-0.14387359347667383,-0.12868420944998613,0.98119354020414407,8.6319347626311345,-11.229361633866137,1.7355256736216924,,0.352450210744261,0.2758620689655172,False,2
-0.35804720604577289,0.92998049865602028,-0.083297481128274661,-0.93202499138745631,-0.35063161725936398,0.091579934523310799,0.055960822653235959,0.11042527381710335,0.99230773716140619,3.3390500566513368,2.7287085406825531,-1.0766640601843931,,0.1462230796121168,0.2083333333333333,False,1
0.68741129197345052,0.72206943046896066,-0.077983672968272855,-0.70012939422608689,0.68738748317448861,0.19317680843117463,0.19309206873407322,-0.078193257748179312,0.97805995083876274,-18.747844761570072,-2.2455801216850126,-2.9568196801624445,,0.941616650808597,0.4761904761904762,False,1
-0.56791185357192242,-0.79026639389316766,-0.23011986714665303,0.80168711861984199,-0.59442788521524059,0.062874900537122802,-0.18647758688786054,-0.14877673192279339,0.97112903036973153,-20.311816264941417,7.0874032057191743,-4.4930575139432527,,0.2003340210534731,0.2083333333333333,False,1
-0.36132580674656217,-0.85339496335617815,-0.37571358492507689,0.91718259841513472,-0.39787707302775882,0.021677544218037803,-0.16798732852036014,-0.33676530592858067,0.92648226436312409,12.443449852508834,11.880988910514507,-0.97430905412688118,0.3917295008539148,0.4173686962286631,0.8095238095238095,True,4
-0.92789826395542507,-0.32471194604572645,-0.18321289213291403,0.31949067905809725,-0.94580199186615188,0.058174721116797008,-0.19217314521937093,-0.0045545885893756646,0.98135046643861013,-4.3118751201672776,-9.5627165684520339,-0.11612523769964504,,0.1282569094991522,0.5,False,5
0.82322446745946665,-0.54420947670508046,-0.16167102906971978,0.5644367583000397,0.8151442430386302,0.13019604034195034,0.06093128962874677,-0.19843363753497723,0.97821851824570216,1.9038482352165622,11.767536671422608,-2.4559968932390825,,0.1043686766478853,0.4615384615384616,True,5
-0.22881622358221604,0.96483582069337881,-0.12936373113244587,-0.96986624690734435,-0.21452390095125726,0.11549441125231084,0.083681532821980015,0.15189251142696117,0.98484824518144665,-4.5293227707963588,17.310458379824883,-3.9323358953355387,,0.1576601279326092,0.4545454545454545,False,3
-0.92585235830961843,-0.31012297844549824,-0.21591931097660444,0.32896985616505342,-0.942636212181587,-0.056708070137279423,-0.18594688582297517,-0.12353424514701844,0.97476307168906162,-5.9634841866980679,18.310321979427229,-4.2587491180218917,0.8069583684056372,0.63458407732644,0.3770491803278688,True,1
0.94207235775724218,-0.28296212024366496,-0.18008917584607881,0.31666092230569531,0.9273347571283399,0.19943948582522206,0.11056913237525517,-0.24491363116195092,0.96321948705206895,-5.3843003491261223,15.924201578778664,-3.8494837340063341,,0.1083847078683801,0.2307692307692308,False,1
0.98503492892001276,-0.060809071093370345,-0.16127134178243283,0.096800246134866194,0.9693664326588135,0.2257397430284579,0.14260400119132058,-0.23797263730749865,0.96074612814059213,7.6026197322432134,6.8182110590247742,-1.0546252878456164,,0.09380835558609853,0.3461538461538461,False,3
-0.8919174019843269,0.43918079866845466,-0.10771988729323484,-0.44368889011096679,-0.89593615580511987,0.020942146815511029,-0.087312752960993445,0.066472782415678708,0.99396068954878225,-17.529154339473088,3.4101758583314563,-3.6236097647192662,,0.1148655881568053,0.1666666666666667,False,1
0.75169873271389576,-0.6329465848307585,-0.18527718690492218,0.65845085951677151,0.73616088307463268,0.15655548483652915,0.037302558061706598,-0.23967848251742413,0.97013542569076228,2.6673905398104973,12.677082734057114,-2.4732082084850058,,0.1002939846165065,0.3461538461538461,False,5
-0.7920578970923331,0.59469938611845574,-0.13775677044705487,-0.60825493174541156,-0.78795962862430535,0.095632429989158052,-0.051674226274376567,0.15953765639678402,0.98583848095434268,-16.368153403751098,10.463128352429308,-4.4944182340453587,,0.3221960089730392,0.25,False,1
-0.9827490065146639,0.074126432457026908,-0.16943925815948041,-0.073849125743669905,-0.99723776145209475,-0.0079469340572778796,-0.16956030437970107,0.0047030995321062606,0.98550859155740211,-17.40376086542507,15.154174983307851,-5.3354024352413187,,0.1685521836868565,0.2608695652173913,False,5
-0.9397095885596185,0.31580188918970664,-0.13120615821418766,-0.32734173501326563,-0.9416910752094364,0.077880083393650185,-0.09896099073685112,0.11613391259709291,0.98829127116314919,-10.247785730267116,-7.4184707594030845,-1.1160820442106703,0.4745559986298021,0.4182804328071164,0.697841726618705,True,4
-0.57493730851732427,0.81045207597746993,-0.11231439720118322,-0.81805432291421432,-0.56682748646618331,0.097435749844682784,0.015304118276533343,0.14789872592500122,0.98888409373067565,6.0976864130530277,2.9864381769269639,-0.71744553810688716,,0.1053188483619654,0.2,True,5
-0.50942530214853876,-0.81419912565661134,-0.27850609564402529,0.84303582123373033,-0.53711714330695015,0.02820954594725518,-0.17255858613131625,-0.22041995859220723,0.96002009156401003,14.854944025339014,-8.0114988134386547,2.2844517999417682,0.2366980901912755,0.2053319071557563,0.6774193548387096,True,5
0.30488522987144884,0.9508642712719324,-0.05387146020604637,-0.93749297831632061,0.30960123017832947,0.15891505240115117,0.16778531584685633,0.0020532633934572664,0.98582141988070449,-16.994049340934577,16.859125318217345,-5.5314773585550796,0.6469249739050311,0.5171241855997855,0.7924528301886793,True,5
0.30489918364386182,-0.90406313744355904,-0.29951015229707256,0.94993985423553162,0.26616744776146239,0.16361284511653318,-0.068196489266561314,-0.33440205332482353,0.93995984253789167,-0.052110119380671199,13.964524389739637,-2.9498359492983131,,0.1226741399388915,0.3684210526315789,False,3
-0.89314515195743394,0.42941793766722419,-0.13376087748127782,-0.4414858599274199,-0.89384134658026504,0.078344640070175969,-0.085918409081407299,0.1290266714799958,0.98791201279654162,-12.028761313085884,6.0165721520471305,-3.3283437332240386,0.2060616217516583,0.1466476274244281,0.6135181975736569,True,5
0.98853034484242897,-0.016950105388102918,-0.15006815535963222,0.045022796538489923,0.98157325096187431,0.18570649096892877,0.14415514252902759,-0.19033298958265563,0.97107808540763918,-1.0362347571187329,18.454062655600083,-3.6607492720483568,0.3069174000260154,0.2986599795218859,0.8070175438596491,True,5
0.97662028297841164,-0.13301839188285092,-0.16887548755242204,0.16802569759325073,0.96234136981593199,0.21369710547664789,0.1340902226990075,-0.23707634922466725,0.96219260900031589,-10.644192901247198,5.406922297330861,-3.012516322608374,,0.07681833488606776,0.1827242524916944,False,4
0.17376496597020447,-0.96462913051939814,-0.19823313838701118,0.98042663768787208,0.1505325125664583,0.12689984543916316,-0.092570755173694716,-0.21640379667145238,0.97190537197442883,-9.5937726790754816,9.8842677279353772,-3.5686609025792171,0.2349281642255916,0.1861126553224056,0.7325102880658436,True,5
0.53812742004995617,0.84131538715008136,-0.051061718879098925,-0.82256511218608463,0.53741852299945703,0.1859246281464004,0.18386276405154248,-0.058049551949969552,0.98123632908374103,-4.8528450692255571,-7.0792653229177338,-0.52949136497708071,,0.08258339543517015,0.24,False,4
0.84618567216215101,0.52509284788890187,-0.09081469772791409,-0.50360507213470396,0.84370363645986979,0.18586582565009654,0.17421750643287626,-0.11154225620954246,0.97836935026195304,1.7563224580316472,6.6612523642779768,-1.7702006880770746,,0.1344801311905465,0.303030303030303,False,5
-0.74908729301389976,0.66150685497387063,-0.035733853244327332,-0.66135295025528373,-0.74986694069167681,-0.017659174565582192,-0.038477300239762036,0.010404425994933297,0.99920530687440601,-20.881116148935448,6.0412053811675941,-4.4323780282761414,,0.6548111314285974,0.5555555555555556,False,1
-0.38173877533521439,-0.86748291849877335,-0.31898102375912696,0.90951474616990713,-0.41398602759834124,0.037396463105942496,-0.1644944798619678,-0.27584226482936858,0.9470230256064236,5.2704025244741981,-3.3339037371856501,0.1100249246646995,,0.8188934226543463,0.32,False,2
0.21099229487764701,0.96984438104290593,-0.12200052484217649,-0.9659209533045332,0.22600904235301522,0.126161106296412,0.14992986183387752,0.091223841917425788,0.98447917560317078,-23.584078420627282,7.7620949958060521,-5.0488515362088187,,0.1057390810446332,0.3846153846153846,False,1
0.65208949555815088,0.75749641728735062,-0.031280466421467076,-0.73354549887306886,0.64082073064040035,0.22640625491484073,0.19154709829641542,-0.12469149521251131,0.97353055430011637,3.7714129193336356,4.6604075740417326,-1.2396120696084856,,0.1100779760999574,0.2432432432432433,False,1
-0.082890559154507049,-0.98017861622709235,-0.17994175583836997,0.98579327107413051,-0.10711603272883161,0.12937458111005398,-0.14608484489507867,-0.16666144072213671,0.97513239217472547,0.4742718461126173,-7.9461117960696139,0.21207371340243839,,0.1208941646910009,0.3076923076923077,False,5
0.35608175275385723,0.92655188060894433,-0.12127406110034779,-0.91927641713647013,0.37063167353986892,0.13252558796614322,0.16773984098143419,0.064294440732197311,0.98373246903742007,-10.626035737901223,18.250949161062366,-4.8233236099278072,0.2822980291235805,0.3377981310341194,0.5192307692307693,True,3
-0.46218329019157467,-0.85671333783687253,-0.22897349855408289,0.86831806189921124,-0.48963169477160984,0.079275133898843206,-0.18002874672476318,-0.16218218227501807,0.97019925278533636,-8.3198772513727892,-11.303115697662458,-0.35456893431825559,0.5188833678840672,0.610948924159146,0.8757062146892656,True,4
0.47355805705754217,-0.80915856721047164,-0.34785798784242838,0.87960754291041787,0.41426792849937655,0.23382184216179067,-0.045092538750703348,-0.41670672723959329,0.90792189445033455,-18.329589324714522,6.0594142974206395,-4.1050477505147906,,0.4357942675443143,0.4347826086956522,False,2
-0.64757839919954774,0.7608539914207616,-0.041754288752747157,-0.76184327285770592,-0.64758061973419168,0.015302566652031627,-0.015396249270883886,0.041719835615405487,0.99901071607096059,-17.537800967255777,12.290022192371227,-4.9477199379254584,0.4806188330757295,0.4953008225770496,0.5496688741721855,True,5
0.092253879680196813,-0.97455767002452875,-0.2042708238596822,0.98989191211633987,0.067569310200289084,0.12469318604363677,-0.10771826219637823,-0.21370946660225099,0.97094028646151731,8.5356345529940132,4.9127581425226055,-0.64880281659967842,0.2410295311546298,0.1682433874229309,0.5882352941176471,True,5
-0.61724965659752884,0.77754663730866547,-0.12010032572903327,-0.78674756326633466,-0.61108289527140858,0.087212194108381449,-0.0055797065082543312,0.14832033547932541,0.98892362948742552,2.392487803024526,-6.0125499467868151,0.11282148108258568,,0.09135526351980428,0.3125,False,5
0.87796747561043009,0.47252845831115758,-0.076746126002093532,-0.43111641453209198,0.85013004260618563,0.30235334921147822,0.2081147493361343,-0.2323698920783096,0.95010130215902378,16.42178521445166,-16.751912670852324,3.8878379388278779,,0.3446044115210447,0.1428571428571428,False,3
-0.7627248970595526,0.6332089498571879,-0.13151865733138959,-0.64532070209635517,-0.75855248158996635,0.090328977186560383,-0.042566687108130274,0.15376787211397627,0.98718970753051183,-22.896725134166783,11.717022946436275,-5.5563824154502726,,0.08983288929704344,0.3333333333333333,False,1
-0.71346178949336281,-0.67906677916488045,-0.17274427448562787,0.6733122144638668,-0.73266539394627228,0.099257656466990626,-0.19396632900246885,-0.045494284786015575,0.97995271991311739,-11.280013396251674,-3.3876152839653209,-1.8632177872088278,,0.07856638700498224,0.2678571428571428,False,5
-0.42690996118866548,0.9005712660541797,-0.081971213212106667,-0.90410556830440492,-0.42321269770178199,0.059026552202798961,0.018466358570704153,0.099309653415730836,0.99488521264494945,2.5018732088221123,15.68098766783363,-2.8095985265247974,,0.1896335667293176,0.4,False,5
0.82650208236605205,-0.5294351329278042,-0.19129231000303693,0.55892550383512807,0.81226328350497834,0.16682517625454207,0.067056610466291189,-0.24479950631369563,0.96725209366604259,-16.696606266136673,-3.7169916600797368,-2.4916318636731316,,0.1207104075448391,0.4666666666666667,False,3
0.65133230154447386,-0.68891487508450577,-0.31806057261483789,0.758790568437825,0.5923226586501279,0.27090725590032877,0.0017624456249416415,-0.41779200918273174,0.90854099018617507,-0.43698858269715024,16.954079368840176,-3.3889810019422741,,0.4748971910641832,0.2941176470588235,False,2
0.33182712635005668,0.92912983294847817,0.16312115663946694,-0.92887899647333616,0.29165670143195377,0.22829844156393325,0.1645435143934631,-0.22727543209719425,0.9598287919395222,-19.056454961323862,4.1439967633465038,-3.9283886132333379,,0.1612044738623524,0.5,False,1
-0.33323352178231641,0.94232235965935152,-0.031368622006512081,-0.94080714439935476,-0.33014353019061343,0.076727873164920982,0.061946242885966847,0.055080123087302799,0.99655849955384046,-18.237490473687199,-0.84284557290958595,-3.1127800309090055,,0.1715889451410746,0.4285714285714285,False,3
-0.72953643468501117,0.67226811738250158,-0.12582594652164908,-0.68315705232497204,-0.72507270540228796,0.086982835888821608,-0.032757172126686537,0.14941603070485171,0.98823166182968913,-18.457016647617333,17.568225394024406,-5.80190868979453,,0.5898615463767197,0.3,False,1
0.93343277638826661,-0.28667503962122076,-0.21568651701547054,0.33857102479055706,0.90274019715558473,0.2653861292753803,0.11862930976940511,-0.32074531656388727,0.93970715053465848,-19.775737478565848,17.815918386569592,-5.9867999080846666,0.8031119379412124,0.7486660313387696,0.5569620253164557,True,5
-0.27134788437780111,-0.91371254893924658,-0.30248917923561469,0.94933638549080945,-0.30584462405325341,0.072246059553229908,-0.1585268205286921,-0.26756016865121857,0.95041086027275312,2.3315340045028452,-7.3445914284148035,0.33289524221125971,0.3746025041191243,0.3240578771932174,0.3333333333333333,True,4
0.91416384702138498,0.39276606473768638,-0.10019620346866025,-0.35464774990943115,0.89470853154769125,0.27151725002281424,0.19628915987195791,-0.21267689570389525,0.95720379426249413,-16.971931625058335,0.41231949057842693,-3.1435997368005877,,0.4436290875880122,0.2608695652173913,False,2
-0.3276545431392846,-0.91032758347776344,-0.25287584131293217,0.93054299876296165,-0.35725501004045834,0.080365323705111708,-0.16349993215112335,-0.20897978026720354,0.96415518648506504,14.675672943855322,8.6989804142295313,-0.19089504171260957,,0.1451649983443774,0.2307692307692308,False,5
-0.16239712640425441,0.98209023655776317,-0.095529789037539878,-0.98247904108318462,-0.15196634116299859,0.10789423054916529,0.091444557891139491,0.11137772852526374,0.98956197098546883,-13.923813829454293,1.2378524304418066,-2.8304496366860832,,0.06827799646756282,0.2857142857142857,False,2
-0.95635780456659758,0.27090079835683373,-0.10951030588117555,-0.26694547453692996,-0.96243558054818379,-0.049576878876494757,-0.1188270308844408,-0.018179954469453974,0.99274852101963762,15.193498264225047,-5.7097875683553276,1.9779554943875366,,0.2400469192534944,0.2553191489361702,False,1
0.98709848745486894,0.076818063173338336,-0.14048331301121345,-0.034108934593928893,0.95814063040946862,0.28425888365961921,0.15643898697312197,-0.27579977797098171,0.948399349338653,-18.28338459623518,-14.9390304792412,-1.0492964220177332,,0.3632352407202258,0.2272727272727273,False,3
-0.89039429899518174,-0.4229718049193476,-0.16820476973066872,0.41382944491992701,-0.90610154294833378,0.087893028073408069,-0.18958687410826452,0.0086513646274591904,0.98182583539848811,-18.552533506914276,11.366633175422356,-4.9220161362974437,0.4428587917898521,0.3726280924967152,0.7863247863247863,True,5
-0.25109800457621617,-0.92966611010641398,-0.2695750652739477,0.95129769480517279,-0.28846607297064192,0.10871991815330882,-0.1788364838510543,-0.22914678366607483,0.95682248279358828,-18.794896757833804,15.836874898639392,-5.6037732381631891,,0.193259966788037,0.2857142857142857,False,5
-0.78395923706139337,0.61316666158716127,-0.097131661903698291,-0.61432740772291483,-0.78877146445782576,-0.021009830496718784,-0.089497210831187723,0.043199791378120717,0.99504976120710942,19.544948757663235,-7.438537159390318,2.950674875690666,,0.231323020682072,0.4,False,3
0.92820511286532115,-0.32736776697066627,-0.17682085170962336,0.3581162982997107,0.91498588541423242,0.18588584234644207,0.10093555044081237,-0.23586261815169685,0.96653030993127043,9.388433617539377,16.061143958006056,-2.036281211322196,,0.2680980268802843,0.5909090909090909,False,5
-0.14788279266006413,-0.92093712418575879,-0.36056274479142258,0.97882723672323158,-0.18845546435681979,0.079886035092612245,-0.14152003492022996,-0.34111486518549661,0.92930766082372152,3.1571114062802992,9.7530446443669518,-1.9992759526166732,,0.1560690614384872,0.1666666666666667,False,1
-0.97534404634908034,0.16192448237987911,-0.14994816856971854,-0.17505932123452922,-0.9813908627937411,0.078906327210581106,-0.13438089633690664,0.1032106410742883,0.98554012514393607,0.64936389323980515,8.0876038576461369,-2.1239794103256568,0.1500037297830525,0.1428526676919641,0.5126050420168067,True,5
0.99088992858931413,0.024862534147829705,-0.13235937373685236,0.033102019798082534,0.90769788479627866,0.41831663392895124,0.13054273516956474,-0.41888710213147995,0.89860569214886432,-12.602277935045519,5.0535499677401621,-3.228693843981195,,0.5224990845282462,0.379862700228833,False,2
0.88294859742263354,0.45066860147795823,-0.13152789039327317,-0.42729344464219277,0.88750115589481682,0.17251669615191478,0.19447901294281811,-0.096122369546657288,0.97618563992589136,-14.480138942389424,-4.7472829737960716,-2.0820137389188056,,0.09875408741552895,0.3888888888888889,False,2
-0.82043767345210661,-0.52006654729453683,-0.23751381089451012,0.54675739686718505,-0.8351378276473268,-0.060009647587056389,-0.16714775784171684,-0.17909660861569277,0.96952876792328524,-13.731567689771483,-0.84442431432346399,-2.5455836771022389,,0.1999138945139093,0.1052631578947368,False,3
-0.67708965616516004,0.7357897847836673,0.012766758482502971,-0.73553456697344466,-0.67610402679632675,-0.043269455011352861,-0.023205566171353609,-0.038687692588173075,0.99898186376974352,-6.9785916622689674,-12.103546581407929,0.038880179749421664,,0.5354472498073412,0.1666666666666667,False,5
-0.1395416284842449,0.98305210966191225,0.11889778639331489,-0.9863405043634722,-0.14860297801042718,0.071060286929093011,0.087524530115719826,-0.10735783444023919,0.99036041520868856,-14.667568815140347,-9.2962878695155986,-1.389091011341719,,0.3542011549567707,0.3076923076923077,False,3
-0.90696450245178006,0.39332889471989324,-0.15069098138515857,-0.41065806590175696,-0.90529066151202919,0.10866816962174516,-0.093676807173512205,0.16044063935779856,0.98259017756144773,-22.554974030284825,10.585783934871381,-5.3273273944749153,,0.2130085947355575,0.5588235294117647,False,1
0.72635365292995424,0.68706477259008758,-0.018771498103309303,-0.65846093205436973,0.70342590211667355,0.2676213765554496,0.19707757821071792,-0.18202746632603181,0.96334128410938746,11.742998675225145,2.27260852282126,0.15084257722044744,0.2189951908920582,0.1626634117628098,0.2307692307692308,True,5
-0.67099421332481923,-0.71049087757076679,-0.21206008246090777,0.72713599714224708,-0.68649303966127995,-0.00074037596153005147,-0.14505174023277054,-0.15469330750015101,0.97725634982337528,-9.8077393333567802,-11.06944913719907,-0.51434333884039596,,0.287146908935711,0.8813559322033898,False,5
0.53293171337483636,0.83459244439950675,-0.13942467726560398,-0.82593155120243411,0.54889413842792956,0.12865573258818236,0.18390449045007617,0.046590519966164284,0.98183932587851686,-0.10843505690152272,9.3817508685475381,-2.3690346970271214,0.3533774321367201,0.3351610417968979,0.8508771929824561,True,5
-0.32768907667933045,0.9431319639763095,-0.055874569808074578,-0.94316818675319036,-0.32309646671311454,0.077733163413054057,0.055259754991740864,0.078171425237683417,0.99540724718808549,-7.1828938969589142,10.533594146900064,-3.4074661770004653,,0.07502422688313458,0.2477064220183486,False,3
0.65126262601464058,-0.67697688151754332,-0.34286920807692323,0.75075230048377994,0.64063392512840756,0.16111845733149788,0.11058017577679333,-0.36234027634994104,0.92546288356682438,-9.5630955705911536,-8.643453525488713,-0.85861536890547374,,0.2309906330540906,0.3333333333333333,False,4
-0.65284431164940382,-0.70608850734965944,-0.27428693832508333,0.73930406282179761,-0.6728025838121926,-0.02768006341796958,-0.16499638614891338,-0.22085221983120196,0.96124944190019224,-7.654064537768269,14.462518068421543,-4.0124214852265752,,0.3235850481971984,0.3142857142857143,False,2
0.98778430347536128,0.031954093676804199,-0.15251591951330315,0.035493726550264407,0.9068840453271807,0.41988274995120001,0.1517312267902339,-0.42016694804363292,0.89467165518330172,-19.98822059076079,18.824976572505527,-6.1750462324178805,,0.5492643800054402,0.3928571428571428,False,1
0.98835456179257253,-0.01038194570036214,-0.15181394991003508,0.042119526582775353,0.97735469345235071,0.20737345217530678,0.14622313655593219,-0.21135282915101014,0.96641025240091971,4.1645127800982165,10.892430341173645,-2.0440053730740941,,0.1374431291921476,0.4,False,6
0.88231038617016311,0.46629749448179281,-0.063992414364994921,-0.44181881784576776,0.86740745981234368,0.22891140395197931,0.16224831171271661,-0.17369785635378632,0.97134161861029789,-15.375890829219754,12.295941751330647,-4.6604915192243288,,0.4431558118367105,0.25,False,4
-0.9434952430408281,0.31989153100855161,-0.086522452278793516,-0.31186310799569589,-0.9454050627926649,-0.094607975970656899,-0.11206305470848177,-0.062279014402961873,0.99174754657342201,-8.5025963346211935,-7.4768606024486646,-0.86931521061395833,,0.501036079418597,0.3636363636363636,False,2
-0.48756178088427349,-0.85063831925548816,-0.19671796978200617,0.85430303367390448,-0.51129141605257211,0.093527613711245905,-0.18013838146413971,-0.12245626846002784,0.97598905006066861,-22.497342844614906,9.4303457963166188,-5.1557747189353229,,0.06793923562608858,0.4210526315789473,False,1
-0.97190782719971058,-0.14710523731130384,-0.18372594967375416,0.16107575493758453,-0.98489688165789846,-0.063503808325446026,-0.17160937211943014,-0.09131364441381587,0.98092407542308924,-12.872529072607753,-4.1410019019303004,-1.9696393811304658,,0.2412063340059349,0.2142857142857143,False,3
0.97345081916066456,0.17449946762153687,-0.14813317817164376,-0.14746636406023853,0.97306543785656296,0.17719290369501001,0.17506334323976824,-0.1506439160697044,0.97296414959899702,-13.324113591148683,9.6652151390249514,-3.9759958682838614,0.4087330494458546,0.5366465207771973,0.6220657276995305,True,5
0.97923780717077469,0.1739862070540483,-0.10402940335462002,-0.13407815199515505,0.94078836108857511,0.31135238685103528,0.15204067273245167,-0.29093995840244852,0.94458328083861665,31.914384836640668,-13.194435848263597,5.875959246429157,,0.5006900221468458,0.8846153846153846,False,3
-0.59341072781661985,-0.7544253314985051,-0.28054612331222883,0.7825884451034586,-0.62227751549061838,0.018056004690244848,-0.18819945191923496,-0.2088375275380219,0.95967070049528236,15.761419546053245,-14.442715232109011,3.3861886131519299,,0.3543175086165957,0.2380952380952381,False,1
0.60686349356837321,0.79286951008077189,0.055449437853475475,-0.77274936516364301,0.5722634111177739,0.27454144848280509,0.18594385930483415,-0.20945770045555065,0.95997518348481159,-6.9187088312197469,-8.8743083932205398,-0.48272798157484392,,0.4623122195059405,0.1111111111111111,False,3
0.33040398800703541,-0.90135478673329694,-0.2799870588831227,0.94237667243775036,0.29853242090398729,0.15101192308675174,-0.052530105217878223,-0.31374821450038387,0.94805202702363411,14.282450670768458,10.252555561349606,-0.48727269181683691,,0.177318325957472,0.5333333333333333,False,4
0.21372584009013851,0.9739634072923784,-0.07560784703445543,-0.96325032931647292,0.22299870538409827,0.14973436635830378,0.16269624565266128,0.040827180314555664,0.9858311584638072,6.1329088612149523,0.11042160904788342,-0.30814857582288285,,0.2672909287253953,0.2063492063492063,False,3
-0.76749517750303242,0.63703523572560905,-0.071674688374677858,-0.63954170231693697,-0.76856002866173689,0.017375078158809981,-0.044017763540915092,0.059174240911802303,0.99727671471130253,-7.8605804944777038,-15.423292994306868,0.41840669352658766,,0.4757603654271534,0.3529411764705883,False,1
0.48289075730611586,0.87079708573538583,-0.092352325271676361,-0.85435296227542856,0.49163653321439632,0.16844742521074749,0.19208730400400348,-0.0024402220574025191,0.98137480758209017,4.110934698511274,-12.244040907525926,1.340052428029634,,0.2155370466417408,0.4090909090909091,False,5
-0.91898951757327008,0.37522710096286743,-0.1210904178432405,-0.38162986199333387,-0.9236885382333041,0.03403134983174784,-0.09908034631246293,0.077486173214476095,0.992057950895601,0.31707321396081722,-9.498662327393296,0.47013950882187783,,0.3055323068611211,0.25,False,1
0.51791146136062605,0.85376843545070558,-0.053358943199386361,-0.8356993967984051,0.51829908696131877,0.18158351975288131,0.18268616910451257,-0.049452149428693248,0.98192680406168742,-2.0258611242797935,2.264303207664577,-1.6096765272856746,,0.6370256206977449,0.3180674383492703,False,1
-0.81341329090366365,0.58077347573875771,-0.032572811662410966,-0.57943339628478097,-0.81391522016191953,-0.042414073827657273,-0.051144476252632798,-0.015626396484690414,0.99856900526791192,-12.130866491337715,0.48842970462211699,-2.5282010519361684,,0.3998624330674583,0.3571428571428572,False,3
-0.81179788621212423,0.58225995618757842,-0.044244043237105568,-0.58104324397439733,-0.8129865831645019,-0.03796793681803412,-0.058077022764918232,-0.0051145884436843564,0.99829900351138057,-6.0968012594632359,10.890371824031607,-3.3350851645919972,,0.1538887624758071,0.2432432432432433,False,1
-0.44377482252417888,-0.85664843696022863,-0.26309192755999311,0.87950466474210631,-0.47264767356423254,0.055459186535645792,-0.1718588129556069,-0.20677918688281455,0.96317543380298776,-19.322186363262233,25.838934014616871,-6.9898847117165666,,0.3260971958385868,0.5666666666666667,False,2
0.82096476696802556,0.55550519494814432,-0.13202586785459486,-0.53487414895778029,0.82913002521452206,0.16264392415474777,0.19981615593796376,-0.06290770758332892,0.97781190632594839,-1.8557111888819504,6.0529273704864544,-2.1528169967336592,0.2520868879672677,0.1520748611291503,0.5,True,4
0.61966511133343216,-0.74961245994327996,-0.23258613392442562,0.78476239759644062,0.59657556959756497,0.16806418142491911,0.012772200860172458,-0.28666836180005356,0.95794473808673442,3.5002578704079941,25.506290370283075,-3.9182564769943902,,0.4806162378782788,0.4864864864864865,False,2
0.977168352811425,-0.12872624787738152,-0.16903124968838534,0.16448857439353384,0.9619042149842062,0.21836618348453257,0.13448241207603798,-0.24118423311449794,0.96111635431886289,5.9160107723593578,-9.3608357234503305,1.1232198607143902,,0.3294009834977716,0.2380952380952381,False,1
-0.41214894588990281,-0.88421924016766829,-0.21974890607044184,0.89400346168408273,-0.43899512538138796,0.089672127153641396,-0.17575851870882753,-0.15949801004618652,0.97142643977430843,12.750075160020259,-3.707016665931147,1.2719907939685067,,0.0937803770201358,0.3,False,4
-0.0056302516320043032,0.9945734804170363,0.10388403302578747,-0.9875180648170353,-0.021882376272828873,0.15597831025072517,0.15740512039504129,-0.10170916212316822,0.98228248198449797,3.0373658754711501,-14.762341007119208,1.6388366031437065,,0.3638429114295167,0.2,False,3
0.88641742508915611,0.44426671445073429,-0.12996628381799943,-0.42136950168752951,0.89067503145792248,0.17072120953482148,0.19160347477515635,-0.096566426715392201,0.97671031206059644,-0.89098691401655716,-12.968167834695011,0.87673080910023349,,0.1170770043200557,0.35,False,3
0.63240086859661837,0.773544899737589,0.041199872429481865,-0.75084556160504201,0.59902572338483306,0.27820698291251722,0.19052580931792712,-0.20687307899589086,0.95963714245047227,-4.9571426901747362,-13.140900856198314,0.42256581411447486,,0.1745259087322448,0.2857142857142857,False,1
-0.95445042201424901,-0.21479204122608592,-0.20709604279839555,0.23832055571306152,-0.96642889526187414,-0.096013036237440674,-0.17952076381700507,-0.14099492696138416,0.97359782555720331,2.6751086860424826,5.10350201629615,-1.4331494505517099,,0.2876614318158685,0.1724137931034483,False,1
-0.46479728713377577,-0.81880423967482785,-0.33693189068951412,0.86737120362008679,-0.49750503186808492,0.012487529642752682,-0.17785015322941178,-0.2864408496644012,0.9414462080436734,-14.262878637110985,-2.1233015069659222,-2.4236196182682308,,0.545394781596321,0.225,False,2
0.91014460534928543,-0.37101221416363223,-0.18435491394316897,0.40323377481439832,0.89543430470232688,0.18867943399107456,0.095075339612989335,-0.24606369684222062,0.96457935748896007,-17.673350488548067,-8.6496816139109036,-1.8366633837401616,,0.06809157861791278,0.3333333333333333,False,1
0.98697485027865239,-0.005611315393470484,-0.16077673356859634,0.062147453405235649,0.93510681053065714,0.34887382666864886,0.14838577746090256,-0.35432155740053028,0.92327563328000095,-2.3801003652025838,11.115104372759937,-2.9081013379283629,,0.1342691405717119,0.2857142857142857,False,1
-0.59597266144254757,0.79743295108391976,-0.094431326045321007,-0.8029965479303196,-0.59130071492654723,0.074565464789970018,0.003623648034349683,0.1202670073334542,0.99273496771393033,9.3938990930757367,1.4866215819160875,-0.06502144844469257,,0.0752120456683915,0.25,False,3
0.59147190185806897,-0.78403227807656695,-0.18829332501835339,0.80565222890713262,0.56509689986398504,0.17773570215654849,-0.032946553224383585,-0.25682461077198471,0.96589629046417336,1.5381625870189173,-12.865673781002014,1.1135049516039874,0.1797097915630891,0.1835803568122121,0.25,True,4
-0.20676201913678532,0.97513339458822923,0.079776752261022071,-0.9746914405438778,-0.21237864703475473,0.069799040209641033,0.0850062537286502,-0.063325927095652601,0.99436601097608746,-13.402021918700562,-2.1372078099055352,-2.2989344885572764,,0.2341401276453966,0.2777777777777778,False,1
-0.4493582152403432,-0.86738593115806761,-0.2138196455545327,0.87570462464131105,-0.47501682840221326,0.086604983208376424,-0.17668787388452584,-0.14832619176583434,0.97302658548387622,-5.3909930627245473,11.615213354492605,-3.3244725333122993,,0.06588099041294596,0.1724137931034483,False,1
0.10486775371281506,-0.94502587814388839,-0.30972381869917659,0.98915392155785264,0.06690987257043618,0.1307577470719383,-0.10284587350958417,-0.32007680108214648,0.94179274137735336,10.676206889534033,-2.3092947122521457,0.76291034559413362,,0.5939091870617808,0.5666666666666667,False,1
-0.86738495706571261,0.49738180005433014,-0.015958735251447281,-0.4915404812334962,-0.86132139969867216,-0.12850448136101139,-0.077661390438585109,-0.10361848964269828,0.99158051465290065,-14.90566690949507,-1.0893525865177343,-2.6338131836293535,,0.3144452990348421,0.15,False,1
-0.18679625692050514,-0.92291225906003604,-0.33666024487187463,0.97137364968285012,-0.22471276756279351,0.077054557270095053,-0.14676645087454093,-0.31262938788759415,0.93846815328316813,-18.731215872258563,8.8427045733070422,-4.5558194365868063,,0.772955382067117,0.5121951219512195,False,1
0.97266299459039385,-0.16300339832040775,-0.16539828019192243,0.19212926138137359,0.96492389052693339,0.17890844700967506,0.13043406715845007,-0.20579547523297087,0.96986348343369444,-11.881750941582419,1.3916782052018879,-2.6233595105134113,,0.2809941888259653,0.3157894736842105,False,1
-0.78993807698908014,-0.56215043573444168,-0.24491778646389081,0.58137128331759824,-0.81360216179681277,-0.0076781021875382549,-0.19494939203917344,-0.14845339310076733,0.96951344736441192,-11.416730755621703,-10.137779075256205,-0.86263609456107559,,0.2634731960798102,0.25,False,1
-0.51744966655232649,0.85159790955030934,0.083826266971809144,-0.85539984273587777,-0.51742475569806912,-0.023721956880245754,0.023172216819309518,-0.083979894262473015,0.99619798520542191,-17.275035193713318,10.217270714367107,-4.5576354698751684,,0.4586534228547383,0.1754385964912281,False,2
-0.98752192928772875,0.085207703101842017,-0.13243899164501763,-0.088611985249574601,-0.99586508871307178,0.02001602239790487,-0.13018584886987486,0.031501943029162226,0.99098903744663902,19.499689230176532,2.8105678918139536,1.3643114050443603,0.3608503489972151,0.2966593009871512,0.7083333333333334,True,4
-0.89249505986578959,-0.37382131272581642,-0.25240878405298744,0.41964476940425544,-0.89333457518303394,-0.16078434094835486,-0.1653808804753725,-0.24942125597970805,0.95416885373538318,9.4816655201937827,-1.2777848008363484,0.38208389105230456,,0.3472923416054809,0.1323529411764706,False,2
-0.50155722321910867,0.86126108451299022,-0.081668207646827251,-0.86482645010612591,-0.49666778004075363,0.073459699606151813,0.022706013158935778,0.1074730690587069,0.99394867895356076,3.1576829279043555,-9.7683317472502171,0.85085000961553658,,0.1085964335453203,0.3333333333333333,False,2
0.6269293402757653,-0.76074628297949032,-0.16800206913691104,0.77906024544092078,0.61354333045107745,0.12895625472435307,0.0049735575724246806,-0.21173019291515666,0.97731550132655953,3.4586560089090366,8.6893681916222203,-1.8208523106533059,,0.09941219213030877,0.3968253968253968,False,1
-0.89914761989339687,0.43649725813119244,0.031681244988006563,-0.43718153725496028,-0.89917026532847588,-0.019108569609129822,0.020145995220608143,-0.031031880269624175,0.99931534626638374,5.4084529160461869,10.171340404384811,-1.7762115531271987,,0.3677928888386859,0.4375,False,2
-0.14911059708096211,-0.97207162311302797,-0.18122579666416705,0.97831097884028195,-0.17167675155613854,0.1159082467113573,-0.14378337358237184,-0.16001203865189326,0.97658716404002399,19.125281439790772,-6.4323906626272924,2.7369318176463335,,0.0730330989064239,0.7,False,3
0.55932413296574257,-0.7910173001468539,-0.24788736383790005,0.82890614086836123,0.53066015857983029,0.17695876843703146,-0.008433499442216788,-0.30445266785563307,0.95249013072196531,1.2991559630506997,-11.733634307816482,0.89347976706758436,,0.1119584970890696,0.2222222222222222,False,3
-0.72511928719201701,-0.60120790932551837,-0.33578425976597204,0.65850308244564248,-0.74801695620163222,-0.082730427561048897,-0.20143413253897602,-0.28110439875477927,0.93829878357002339,-12.002937022581586,8.1950575960940562,-3.6234858758773587,,0.3155688944682021,0.3333333333333333,False,2
-0.98453915189385188,0.099687856070318645,-0.14403121099344571,-0.097582921399174308,-0.99499246117258577,-0.021623497888240029,-0.14546556925725629,-0.0072341939304651163,0.98933686608699611,14.280395826352045,-11.41933080236854,2.6904310825963642,,0.09891111364873821,0.4210526315789473,False,3
0.85655288220903103,0.50347450276790395,-0.11327217240793491,-0.48361207978375576,0.85972459883998276,0.164295375579046,0.18010140550987153,-0.08594788660602154,0.97988593444406913,22.883265718716331,0.20184470668161347,2.3502630665209114,,0.1979386104345781,0.3,False,2
-0.57229524830407785,0.81194610175142601,0.11498554961053595,-0.82000524007430031,-0.56803806301762982,-0.070172396381116317,0.0083399651835830979,-0.13444808222448595,0.990885542414912,4.8911559661948658,-10.771305671375657,1.1992629634421057,0.5666130293149055,0.270961389326055,0.2608695652173913,True,2
0.98728718172191665,0.01125938713532418,-0.15854730211811568,0.032157042264473079,0.96271142432539136,0.26861243103433979,0.15565971039545543,-0.2702960223064963,0.95011058034572471,-13.527277049297906,5.8864817268693477,-3.519157387581751,,0.2302203631134487,0.2258064516129032,False,3
-0.0021233438690595866,0.99843497985077978,-0.055884545459235879,-0.99269351508729331,0.0046376486912495362,0.12057394958385134,0.1206444218123917,0.055732245827601667,0.99113008241126666,-25.182186690759053,14.409810661249956,-6.2172378422226648,,0.1497753954977097,0.1875,False,2
-0.35540167934945921,0.93342089860977817,0.049143385659706801,-0.93258906241496065,-0.35764628821677813,0.048649493201327859,0.062986403132493443,-0.028540472373030756,0.99760621211836664,14.818112251372142,-3.5430515143934072,1.5595953663251529,,0.4621599876586002,0.4,False,3
-0.41487633472485269,-0.88267596240528812,-0.22081841471482994,0.89688459298510592,-0.43759323320448046,0.064110756660565038,-0.15321766788204569,-0.17145059826535439,0.97320554797187586,19.071895828590371,-9.7731925544120486,3.2141374085805223,,0.1459283090189918,0.3076923076923077,False,3
-0.38730938731170073,0.92187617478845196,0.011651474483806906,-0.92136797362181988,-0.38748296566343104,0.030626924505957984,0.032748979896424529,0.0011267999307927601,0.99946297311989496,8.0983348846204848,-9.2088539615428129,1.3408303587656083,,0.1984089035934614,0.3225806451612903,False,3
