axis_00,axis_01,axis_02,axis_10,axis_11,axis_12,axis_20,axis_21,axis_22,location_x,location_y,location_z,dbh,dbh_approximation,score,reconstructed,number_clusters
-0.33042075480725208,0.94382109261154989,0.0048856866605015703,-0.9438335128141998,-0.3304198240406212,-0.0010197890817488786,0.00065182928131101575,-0.0049482342814262947,0.99998754497047748,2.5060167960146815,-18.952824392635904,-1.4267926802373749,,0.0996884101892627,0.1818181818181818,False,1
-0.85895614843153323,-0.48343822966347122,-0.16876555682814362,0.4884819699071889,-0.87247627223085766,0.013058310370685874,-0.15355683035038437,-0.071222415670867387,0.98556971714777664,-13.541479049205853,1.1277802878675087,-5.5400877361438754,,0.2094372326256008,0.78839590443686,True,3
0.95079107370947413,-0.21689989290150882,-0.22124821041920228,0.28292013497500468,0.8988885962892339,0.33459750251144443,0.12630333083537718,-0.38072789222814352,0.91602060058680135,-14.798768825735138,-5.7223247109262161,-5.1069740652554945,,0.3398439514875879,0.21875,False,1
0.95360910464660009,0.28166438956719847,-0.10627721855998236,-0.25667404367934199,0.9451771618848499,0.20188751311706821,0.15731532295489897,-0.16524316718411239,0.97362548490811285,-21.719600862688988,14.444739378632654,-7.8829960376367607,,0.3727641331880862,0.7380952380952381,False,3
-0.32179636048646704,0.94067408321680956,-0.10760748831693526,-0.9468056627695709,-0.31941276978257754,0.039172942795969237,0.0024777661588442496,0.11448908971617221,0.99342141561918473,10.505526384288009,-7.872339283440013,-1.0833534985551734,,0.2355553965584894,0.5535714285714286,True,5
-0.93117349894332468,0.33917104953023047,-0.13371205639810144,-0.34100785889177715,-0.94001116129342899,-0.0096258411490066087,-0.12895563205883162,0.036633533877340058,0.99097347550576043,4.9099556772284139,0.15052171772393508,-2.7016562243309394,,0.1378052262936892,0.3283582089552239,True,5
0.04115413565425996,0.991178199176869,-0.12598458078292188,-0.99754163443784205,0.047917655945375545,0.051133020757412578,0.056718821229184126,0.1235705293554997,0.99071353053906153,9.2857658606962428,3.0280310987583641,-2.3850045856774162,,0.07778204708875003,0.2666666666666667,False,4
-0.09892964219331607,0.99340148204300882,-0.058020870126666332,-0.99435634876011691,-0.096442779711825882,0.044206808546924194,0.03831941513059154,0.062066784323092511,0.99733612022619511,-7.0524176873754936,0.29729612876835498,-4.4592546771246235,,0.2320733150910018,0.7497089639115251,True,5
0.46339933019141732,0.88393535003637591,-0.062604774052906001,-0.8778285411875788,0.46755986258333704,0.10394627062833268,0.12115326266606877,0.0067876252931753367,0.99261060597207296,8.8592655317167868,-7.9524445293117827,-1.3554715383110914,,0.5642873156448325,0.8505747126436781,True,5
0.86273650523320933,0.49572642242902792,-0.099704747347883566,-0.48155017601195699,0.8656335056789235,0.13706955106393939,0.15425676815245948,-0.070242066824187002,0.98553077147668222,-9.6244087769147111,-5.7732455067417137,-4.3225923756093998,,0.08455063798634979,0.2075471698113208,True,4
0.94615930796538783,-0.27170555246146988,-0.17595072239711199,0.29868255049881576,0.94233567145300712,0.15097091221401623,0.12478500702400286,-0.1953959443509955,0.97275337416695795,7.6471424010665769,-5.286971377702864,-1.7775605828984065,,0.09240344520346687,0.2352941176470588,False,1
0.96658504751234531,0.22113525694063849,-0.12966319471366483,-0.20447648124517084,0.97016241628376321,0.13028528177826573,0.15460502754810154,-0.099418731475746702,0.98296144445680211,-3.7058137029531135,3.8615803601155863,-4.3153302918170331,,0.1581418925787598,0.6220302375809935,False,5
-0.62263670045909314,0.78238943810742012,-0.013795157823269094,-0.78101386454791788,-0.622438850621856,-0.05086472864834328,-0.048382668646326385,-0.020896037291751712,0.9986102708264929,-8.7026239014025819,-7.2433371733136092,-4.0582015085126528,,0.1170200911620583,0.2419354838709677,False,5
-0.62279381599353667,-0.73876977987683989,-0.25757925984235386,0.77097897617800526,-0.63551386249079045,-0.041395034406940326,-0.13311378986312372,-0.22436876547942836,0.96537007205812719,-22.030447168976416,-12.061950189204406,-5.6531438107059291,,0.2013566671161473,0.3548387096774194,False,1
0.25017997454078678,0.96691346431570635,0.049883192197066661,-0.96473067467810192,0.24459532955791777,0.097302878136193469,0.081882267151713428,-0.072467077238231786,0.99400393210622784,-8.4930498250011048,-13.353421021208058,-3.5021687914820832,,0.1997899361536689,0.3653846153846154,False,4
0.83311814980758014,-0.51853125660447497,-0.19245644802234382,0.54328733136817964,0.83244285848999511,0.10898515001524903,0.10369678893791687,-0.19535665658786394,0.97523471671735251,-1.2268034582745173,-9.6297933579074009,-2.720276252985145,,0.248251881572837,0.6146788990825688,True,5
-0.765900863181318,0.63942583024022825,-0.067308806256721421,-0.63968388616259864,-0.76836532427720072,-0.020475698579177387,-0.064810443309896257,0.027374003543232578,0.99752206510331765,-14.969560531867138,15.18187507812145,-7.0144102829740635,,0.1880698437087215,0.1785714285714286,False,2
-0.93846567311382934,-0.2691531522906831,-0.21642264437668401,0.30920490456142025,-0.93393910740460528,-0.17930440779705659,-0.15386522473311262,-0.2351899748549639,0.95969326784423759,-10.866849351438431,14.597787640749713,-6.5189717528026287,,0.6813851260700995,0.6209677419354839,False,3
0.9880138085437794,-0.061024839668155695,-0.14179098374117435,0.085285372253134928,0.98141768827110454,0.17188870360859332,0.12866669890246774,-0.18192110952848356,0.97485875412875322,-13.052566745652909,-8.930654989274414,-4.5686481656287388,,0.1447405244294012,0.2857142857142857,False,5
0.6380642650899524,-0.7074558255445238,-0.3039411925329214,0.76806512449801845,0.61263349135561929,0.18643006677911866,0.054313517148692064,-0.35240099343296377,0.93427168515501835,-10.145978629783944,-12.116998326639482,-3.8566173232627894,,0.514733804130275,0.2272727272727273,False,3
0.70638249721612512,0.70174713620326745,-0.09259980808415226,-0.69183275862904536,0.7121401824760536,0.11926355097302926,0.14963689957505158,-0.020182104287811822,0.98853501756492168,4.5111382275473551,3.8497691356196602,-3.0819759260631026,0.3901252242784329,0.1690125356747706,0.5775862068965517,True,6
0.15883165488202869,-0.96102492267813,-0.22628213230153665,0.98689700067147201,0.14794599821706803,0.064391705034171465,-0.028404497409540094,-0.23354459874518468,0.97193112149157057,-20.197309021612284,-5.6134201096712157,-5.8680092655840239,,0.06750562939242116,0.375,False,1
0.91218858050968721,-0.37138601103705043,-0.173160112016915,0.39337540304561586,0.91199965933489924,0.11624290796314085,0.11475097327004161,-0.17415238206529357,0.97800979645122299,12.234734781721031,-3.9947069098761121,-1.1380924158561887,,0.07870988296868953,0.2105263157894737,False,1
0.65160438350293703,-0.65098013969187452,-0.38940542513748388,0.75642017875309964,0.59613943810625558,0.26915847285472255,0.056923111078768129,-0.46993896205901586,0.88086158467945941,-17.686642433051006,-9.5433735489296652,-5.1569882682485861,,0.4212966585384781,0.2608695652173913,False,1
0.905665794825675,-0.37882958771865965,-0.19041431551143509,0.40880050993251915,0.89934224812191776,0.15513111816114467,0.11247938105132911,-0.21833841671113513,0.96936924060256013,6.5243974729565002,-9.6498007000322339,-1.5692280318687564,,0.09043567307270253,0.1666666666666667,False,2
0.50384123219426014,0.85672656904217159,-0.11028870585059197,-0.85725701703887924,0.51161537327409456,0.05796651246375812,0.10608684875408324,0.065339847924813066,0.9922077830749918,-9.5409408040999146,-9.1806295047839992,-4.0858370023948121,,0.0904206035962631,0.3636363636363636,False,5
-0.91838737961537953,-0.3639314192577886,-0.15530145859008648,0.36381401635536703,-0.93098166724658438,0.030207561208178114,-0.15557629146683397,-0.028758604412956232,0.98740516517063315,2.2697640474956766,1.5074589282938355,-3.2248828943221888,,0.16758870780864,0.4961832061068702,True,5
-0.84509126978754245,-0.51267867998790706,-0.15159589972930093,0.51198052946802275,-0.85773019801399741,0.046635231965883775,-0.15393727025812254,-0.038203121609703461,0.98734180420194484,-3.7894737279565205,2.8601430151986076,-4.2042013780225815,,0.1885940874580549,0.8257645968489342,True,5
-0.92850645882934091,0.3501856253267262,-0.12347381798068202,-0.35183225059772755,-0.93602048808827132,-0.0089282315343795077,-0.11870056171532892,0.035152150624442394,0.99230766547222693,-6.0913721975126567,-13.976672232778851,-3.1499624046768129,,0.1299037681325175,0.3461538461538461,True,5
0.099824151454742188,-0.96084754784110749,-0.25847074997777209,0.99429382549656409,0.086508007449896993,0.062419173548332797,-0.037615520277526522,-0.26322681180833357,0.96400037249965387,-0.51882608454423518,6.6444845635491925,-4.1555389873982893,,0.08817446386973797,0.2892561983471074,False,5
-0.570906338138784,0.81935711456682137,-0.052152390948997485,-0.82059686385450337,-0.57149059012880099,0.0043923144682782717,-0.026205726571071938,0.045303688624300134,0.99862947868161522,-9.6963207877632041,18.282814710358604,-6.7844551888791864,,0.2687842460392516,0.6333333333333333,False,2
0.86910577824161539,0.48122276728625318,-0.11436692910276006,-0.47031260359712634,0.87559212696833622,0.11020200582909766,0.15317049691349688,-0.041988991848157922,0.9873073095236593,-7.9871979362919916,-4.1224310548256442,-4.1935747635020117,,0.07863441969691008,0.4077669902912621,False,5
0.97980061131213281,-0.13373000206868429,-0.14868439265464486,0.16314275093097116,0.96452076103418571,0.20756720442476057,0.11565122088004955,-0.22763125462191033,0.96685511170402838,17.517284410434868,-14.977537251913697,0.55844522935327923,,0.2383426373284754,0.2857142857142857,True,4
0.94628229873509284,0.31048209844758173,-0.090281103472515778,-0.29421442435885864,0.94260932575390743,0.15787821730989174,0.13411817028208545,-0.12283535950755403,0.98332283145202903,6.9302986911165947,8.6200399045788654,-3.3188761536401303,0.1600629654406356,0.1863436793441087,0.3684210526315789,True,3
0.86605549739985033,-0.47240457334233976,-0.16365144212239172,0.48898403476112967,0.86857278083043898,0.08047321386152928,0.10412727391141485,-0.149717211721696,0.98323052604262495,7.6403445232184914,-4.0637823349813811,-1.8924940308704139,,0.1397670943845183,0.5303030303030303,True,5
-0.90073326116260699,0.42813288651458148,-0.0733609141168899,-0.42288903182831278,-0.90290106760489419,-0.077035893434508618,-0.099219247097956792,-0.038365265574908408,0.99432572500296901,-14.082514020567693,13.712153358012404,-6.7861281199792494,0.1427890478538174,0.4154974139469851,0.3111111111111111,True,5
0.15915615646047929,0.98378392080316868,-0.082695314437236697,-0.9846740227419809,0.16423348443769153,0.058689279485955925,0.071318909118504581,0.07208716778040726,0.99484524095134852,11.178102794023381,-3.0143854220889743,-1.3937909717088168,,0.1450027691067255,0.4864864864864865,True,4
-0.74262809771041549,-0.59753700750308125,-0.30241202548058754,0.65117616152553959,-0.74975324557003398,-0.11764215833647289,-0.15643885435489868,-0.28428787420757518,0.94588968142519858,-21.973871356932285,-1.0386904318124848,-6.4817225951343493,,0.2488203471486667,0.2173913043478261,False,2
0.90269379240162972,0.42089114451366871,-0.089412312516441148,-0.39062867693731818,0.88874665945773157,0.23987207435823682,0.18042492597688392,-0.18160401915347901,0.96667824342618736,-13.551137722167113,-4.9183365659335783,-4.9775420265815029,0.5562795081078187,0.4982319624716277,0.3181818181818182,True,5
0.67880874185015394,0.72856473009521161,-0.091717643063378179,-0.72090848400351626,0.68495499104850743,0.10548752499461456,0.13967694755957977,-0.0054858271052853347,0.99018193076899141,-1.6604502037340039,20.927041435776594,-6.2399553649652963,,0.1210572838125902,0.2857142857142857,False,2
-0.1331584725022131,0.99010291000564676,-0.044328870944654958,-0.9907901991089576,-0.13409307996910969,-0.018810296489712261,-0.024568324129055082,0.041415860521646169,0.99883988904465659,9.0035278660826101,16.573815877367188,-3.914703421387689,0.8656324564761151,0.578674251971448,0.9276315789473685,True,3
0.14341857869434041,-0.9509789314985363,-0.27398938507029369,0.98911960565893065,0.14690286378089065,0.0078711062814743118,0.032764569071123448,-0.27213713539110296,0.96170050564336707,5.7133656416695597,4.2488429790656266,-3.0478566108804173,,0.176277031653445,0.2857142857142857,False,3
0.83581071284913289,0.5483897894604578,0.026250544796986242,-0.53753710258377085,0.80767007843219873,0.24232809938422353,0.11168847582659752,-0.21665106328112091,0.96983916251443003,-6.2382380367797605,17.905803885558274,-6.2805028426912859,,0.4773675245758439,0.3888888888888889,False,2
0.95306929780278793,0.28390425808140396,-0.10515362965179886,-0.26089410337302149,0.94638381294131402,0.19050444988988144,0.15360071748168105,-0.15412998036043096,0.97603830290783422,3.1625547744446663,9.7562528977751821,-4.0272214258534085,,0.08067932817015941,0.3043478260869565,False,5
0.97312152205297264,0.1992746465428562,-0.1154301458134934,-0.17560968102578231,0.96637111472152148,0.18785129374562487,0.14898235884603123,-0.16253148580229551,0.97539108714175182,-11.631465514327502,-4.3874622227366249,-4.772215967251876,,0.2128183798578338,0.4380165289256198,True,5
0.41847326897152842,-0.86730549262977541,-0.26955761093039982,0.90814978726912232,0.4035050977574971,0.11156881269763608,0.012003626090905925,-0.29148725278806742,0.95649939593432798,-17.906825656613108,-0.7684920368385435,-5.9840650054467304,,0.324251693136849,0.5423728813559322,False,2
0.52707507358130112,-0.7831743637963936,-0.32989359299837862,0.84977551687796737,0.4896307118222008,0.19530319238370844,0.00856958132286402,-0.3832749430012331,0.92359454326200507,15.699985200513112,-6.3186688788500476,-0.41804411850483925,,0.4978526140850323,0.7333333333333333,False,4
-0.65450212707540134,-0.7332885027153565,-0.1841600864444996,0.74446941611182027,-0.66754513066716681,0.012197827539368718,-0.13187969566199406,-0.12911804795622328,0.98282057139849999,8.9234855013396963,1.0003881119645328,-2.1868451448762616,0.4819856674871901,0.4493410046751006,0.875,True,5
0.057728716353858012,0.99101527917748866,-0.12064871215599274,-0.99641658702506697,0.064678760916526065,0.054503605271754178,0.061817314802991352,0.11706995482644836,0.99119788401079656,3.061856323434986,3.8229279345312035,-3.2658868019616532,0.1908492645132353,0.1191527227027308,0.3595505617977528,True,4
-0.31743129218210653,-0.89028148005568786,-0.32655208009359216,0.93743200477474453,-0.34654832391246881,0.033548407077857889,-0.14303360153335073,-0.2954710568961233,0.94458363492550856,-22.544671463929483,14.400698476203893,-7.9873376083514183,,0.5261335682349504,0.3125,False,5
-0.62483257570249562,0.77999242227694676,-0.034584296024725708,-0.7789608301948362,-0.62578620754933234,-0.040145329282438164,-0.052955428080191103,0.0018557024451536785,0.99859515270467769,0.92132760081705023,12.819745732873967,-4.6573688562187163,,0.1745797112461724,0.4833333333333333,False,5
-0.3515867953352706,0.92757985190332803,0.12642129444391015,-0.93615080833871056,-0.34794667674090851,-0.050544774128841924,-0.0028964448298759368,-0.13612027214179737,0.99068808518089579,-18.548237032302907,3.093402917326816,-6.3856235124287757,,0.2402909358084549,0.1666666666666667,False,1
0.73018738043630893,0.6716596161947116,-0.12529864095326415,-0.66869546006542036,0.74016293567594316,0.070747511189204915,0.1402596561362463,0.032127692490180867,0.98959337115595092,-5.1917627877936869,-12.219808442105405,-3.1261896150144248,,0.07236967873049031,0.36,False,5
0.04911614355328181,0.99666856587226316,-0.06511047722586713,-0.99690627923332231,0.052924149429697719,0.058111142066874184,0.06136346525113158,0.062054848394543463,0.99618458175335334,-1.938521797608681,13.719546362091547,-5.1764094781799042,0.4593359817385135,0.3773756191918497,0.8438818565400844,True,5
-0.61939531436859052,0.78298247396474518,0.057340125586563928,-0.7837948936642426,-0.61255433734471332,-0.10218976693406454,-0.044888853895974253,-0.10823876045219297,0.993110951269635,2.1007432280042955,13.15443107004714,-4.482183526241462,,0.4813517494359871,0.1836734693877551,False,3
0.98284937243315762,0.11950823989241519,-0.14044533351295019,-0.10533225306440377,0.98894280149087488,0.10438990297799428,0.15136785514805745,-0.087806127218979263,0.98456988398522516,-13.317538270619442,19.518827126149816,-7.290065047784843,,0.086833352799115,0.1428571428571428,False,2
-0.35136404793411163,0.93536284427805927,0.04049265814211811,-0.93622516120734445,-0.35079567426132646,-0.020611706426769072,-0.0050747750331693597,-0.045152458001757545,0.99896721777782194,-15.375766543810842,0.91420946599934794,-5.7509310635937609,,0.3838000293899053,0.2290076335877863,False,3
-0.12017192740924329,-0.91789599869525651,-0.37818731264015948,0.99207351208273531,-0.12512759412699828,-0.011542608536043497,-0.036726754370278045,-0.37657671299116113,0.92565713131061556,6.5304327179363586,6.4857160438423174,-3.1687819286653012,,0.620247634134516,0.2916666666666667,True,2
0.82144929334213546,-0.5482499418735588,-0.15698108071785755,0.56289873656654743,0.8236406261458078,0.06900095168855809,0.091466227863029603,-0.14504523500543406,0.98518820991865663,-14.35341969437996,-12.809146813034689,-4.4597725929602978,,0.1002705632066823,0.3333333333333333,False,4
0.90005186418605065,0.42870561226799214,-0.07821853862826264,-0.40796398183339622,0.89201415194917832,0.19461793917578327,0.15320584617388269,-0.1432558924872358,0.9777554489573711,4.918585991275747,-5.4760463972084663,-2.1811504598888711,,0.09783932040439744,0.1612903225806452,False,5
-0.27144840936487968,-0.93168776316141322,-0.24139940560937215,0.95816080131852177,-0.28526077140908007,0.023540839231930545,-0.090794492508762772,-0.22490932455186913,0.9701402763825947,-18.272875054332282,-2.9342406960387497,-5.822932782837376,,0.07095867466779357,0.2777777777777778,False,1
0.95994325998877628,-0.23111153711289137,-0.1584184175386105,0.25395039014408582,0.95653259620072684,0.14336872654510169,0.11839821344846162,-0.17785626168008314,0.97690788369907144,-1.4669602675208135,-3.7097126995334779,-3.2891781266996829,,0.12216579969976,0.3682170542635659,False,5
-0.34983917657559421,0.93044197407234619,-0.10904257616759153,-0.93680615829433034,-0.3477832077854639,0.037961324585293124,-0.0026023671392145092,0.11543211540471622,0.99331196228499341,-16.75062416017655,-12.330617090356425,-4.8505576996428168,,0.2124838130432229,0.6176470588235294,False,1
0.85324441514286919,-0.49650665458031751,-0.15954657622450438,0.51221801527489219,0.85535599411239782,0.077452102384886035,0.098013636068408572,-0.1478082044185979,0.98414737811528841,-2.4835004711257063,-6.9572106989612736,-3.1189505496378831,,0.1730651184428669,0.7349397590361446,False,5
-0.97022211791745672,0.20937876596037941,-0.1217767394401509,-0.19633958767769116,-0.97425366391181933,-0.11081770916668077,-0.14184430977067777,-0.083608197680044904,0.98635179376649162,6.734652755962685,9.3834209787611194,-3.4281139913539835,,0.606653868562799,0.8421052631578947,True,4
0.016480629213588883,0.99531950276247183,-0.095223296946657099,-0.99745608418250054,0.022971961799878579,0.067480731311827483,0.069352353875253181,0.093868931983547926,0.99316608612066037,-15.901317140047771,8.1641131956127726,-6.4921258356956448,,0.2555276299999735,0.4444444444444444,True,5
-0.82097675254855929,-0.5310380050986504,-0.209751779290824,0.55064911418440554,-0.8335233010811457,-0.04499399518511478,-0.15093947403761002,-0.15243865551635638,0.97671886000098007,11.177451602635472,3.6758164224742935,-2.1303859885995329,,0.08751117439849279,0.2608695652173913,False,1
0.86181703284092148,0.48978103120473226,-0.13185576732664783,-0.48359412909171146,0.87183971567617025,0.077667422242039819,0.15299712485304759,-0.0031704324189881228,0.98822154810800256,-4.4117547023227948,14.052081134264183,-5.5510900585117167,,0.07943113869085541,0.2903225806451613,False,4
-0.59808896247929266,-0.77655972010569541,-0.19810248375476841,0.79235304104466076,-0.61006237563199039,-0.0007457784734410805,-0.12027573033543554,-0.15741314731501097,0.98018102906792726,-10.259855814768187,11.749966089316743,-6.0747778632873501,0.3530869414133435,0.2344785084278446,0.1621621621621622,True,5
0.9348672023907808,-0.30876346532665866,-0.17518115302026016,0.33657621253523773,0.92781623299223526,0.16085238870322208,0.1128705765444166,-0.20933743161597079,0.97130740379910585,3.9372289749121911,20.075291111407939,-5.1180627208002178,,0.473065847543289,0.9107142857142857,True,5
-0.09191117649321201,-0.97555355407657551,-0.19961863330911078,0.99356647059728354,-0.10316700125335158,0.046714434142453451,-0.066166488047139926,-0.19404080236113885,0.97875950206297091,-3.3918266209668433,-2.8961532817643509,-3.6460041769998446,,0.1223935576987475,0.5331491712707183,True,5
-0.62612024202909888,-0.70767895719720153,-0.32735903235087793,0.7682326414184224,-0.63171051938929235,-0.10373248455610698,-0.13338684785500876,-0.31643690245164335,0.93918881785619268,7.7102927409188577,1.3865103841869946,-2.3418790169243033,,0.3395000683777661,0.2777777777777778,False,2
-0.95678764989208176,-0.10783237954195968,-0.27005475544101243,0.14441445227551611,-0.98228383957941012,-0.11942748626297559,-0.25239227204482512,-0.1532665535054836,0.95540960042727241,-11.216577863952331,11.297264625436704,-6.1501572220765164,,0.3002975262889154,0.2452830188679245,False,2
0.9906769006820263,0.10918530774605098,-0.081472983420607159,-0.08359071242190301,0.95941500186533235,0.2693240557257055,0.10757263244828177,-0.26000273607818891,0.9595971581762851,-10.468554466158905,9.8931878944813914,-5.8757071866563475,,0.2585348042695121,0.2541436464088398,False,3
-0.7926550925003355,-0.58873951032100125,-0.15837832339140304,0.59148501407197029,-0.80558509551658519,0.034323927657177761,-0.14779506913820037,-0.066471368787784035,0.98678172595053304,3.5831038586966706,-5.754675730974526,-2.3168114700841933,,0.1652079072745549,0.5354330708661418,True,5
-0.98237608968822254,-0.10862067191310232,-0.15211432556476934,0.12924367390390809,-0.98265480013809448,-0.1329872795472673,-0.13503070452566965,-0.15030333794932488,0.979375114772983,6.1787329804292455,14.520029629413671,-3.9655733261359556,,0.4181430402130636,0.7213114754098361,False,2
0.64462256926188366,0.75828547727340223,-0.09728760534855363,-0.75241913886722334,0.65181176068226998,0.094904520980742993,0.13537792532208892,0.012023460089638116,0.99072107767169215,-17.056773164146943,-2.1710945561065511,-5.7155438739328428,,0.1263936596722733,0.375,False,1
-0.96788745036930923,-0.19543996895668345,-0.15810471830975581,0.19732239420907086,-0.98033105983537927,0.0038582205277308823,-0.15574901656574489,-0.027463278323083762,0.98741481262058794,-13.189793947109543,-7.0675278744434529,-4.7855605877907541,,0.1226841967035581,0.4487179487179487,True,4
-0.29032525831640466,-0.93901297764762182,-0.18429832390138298,0.95269125695514145,-0.30173174297669531,0.036569443548918154,-0.089947836576234119,-0.16496236870750758,0.98218980019427138,2.1170072979187848,-8.695101273746662,-2.2778455334265537,,0.1338027011584343,0.2105263157894737,True,5
-0.62117266765572499,-0.69073215300259294,-0.37018050970556537,0.76333570585139776,-0.64021066361107115,-0.086307047053062011,-0.177378457344227,-0.3361835793239667,0.92494188134342126,-15.737677152563219,-3.4372113013268026,-5.4028847170130661,,0.525161509230372,0.3644859813084112,False,3
-0.90980662873622486,-0.36840153727732616,-0.19113399917159613,0.38318636677620582,-0.92253247521709292,-0.045848015078892579,-0.1594368421177364,-0.11495277074314508,0.9804926077610161,7.8137389416009642,-11.467023670330661,-1.1960700492116778,,0.2839818133735181,0.5555555555555556,False,7
-0.53386606071174236,0.84478617210531937,0.036377914175603154,-0.84485355211015523,-0.53115097201084205,-0.064039990777564629,-0.034777934196540211,-0.064922787614051458,0.99728407534736141,-19.527020119470837,-10.675758998228595,-5.379400177635417,,0.2989465597424835,0.1538461538461539,False,1
0.9028941890848291,0.41625207160176314,-0.10731400749244624,-0.40508029680820457,0.90744075606125685,0.11162986776284517,0.14384726780382409,-0.057319168924662822,0.98793849829792524,-3.3614757716706238,8.765853507472313,-4.8179540939981713,,0.1483287043631781,0.2093023255813954,True,5
0.41732834243892075,-0.83379267466447615,-0.3614233394138251,0.90861824503575894,0.38976399020366415,0.1499897220767285,0.015809471380128864,-0.39099080247030893,0.92025879675138333,8.4767559483154784,4.5102218361726774,-2.6769818141004986,,0.1377717820089864,0.1470588235294118,False,4
-0.6134460676408019,0.78323491226222586,-0.10112860282640108,-0.78767247462644518,-0.61605788543827489,0.006689880804087403,-0.057061325009925667,0.083760097916039417,0.99485086881663154,-10.211629165367215,-7.0046232374677029,-4.3614541736254751,,0.1150080046593655,0.3272727272727273,False,5
-0.26103305885719141,0.96270257689647665,0.071172260189923287,-0.96467943124323163,-0.2628532892614856,0.017370758781745453,0.035430736936929073,-0.064124073180840957,0.99731277246348582,7.9063275518441012,9.5861862820069135,-3.2360973303108533,,0.5437182958639967,0.5357142857142857,False,2
-0.98889851709266807,0.068162469840920725,-0.13203636089012349,-0.031539554772900887,-0.96461850047055664,-0.26175638489760139,-0.14520667814067145,-0.25468613282846708,0.9560596186264908,4.4818452477384421,16.98092976061319,-4.5111306850181663,,0.7502853013497492,0.3793103448275862,False,1
-0.86091007395499164,-0.46862692158020131,-0.19804709776483753,0.47999439703530128,-0.87720435372913486,-0.010858204887009476,-0.16863932927264882,-0.10440943524851833,0.98013236170098816,-16.253767031801939,-5.8655635331311551,-5.269469309327909,,0.4244035438865777,0.7945205479452054,True,4
0.4549462634224381,-0.83429438376748011,-0.31141094812482578,0.88995066630141673,0.4384408215694538,0.12552871197924109,0.031807372535724701,-0.3342491992444318,0.94194785623028521,-14.493438385870457,5.0508337008069288,-6.0257102186391602,,0.444973773720761,0.2592592592592592,False,5
0.62716236140013748,0.77514594734858244,-0.076263574215160709,-0.76732763871924059,0.63169196517064319,0.1103338388546542,0.13369991511050891,-0.010678082595618338,0.99096433399569084,-6.199361563969898,-8.5098807798998326,-3.5778475267731156,,0.07469081909365011,0.3225806451612903,False,4
-0.53857315041481812,0.83533761728034028,-0.11022716003173576,-0.84182480096566292,-0.53899989554222139,0.028462555833876621,-0.035636584171042145,0.10812112541903479,0.99349879522158546,-21.710037063376838,-8.3647058800412299,-5.877337897556159,,0.105851117806525,0.4705882352941176,False,1
0.25736901043850446,0.95729068870051459,-0.13174114692531785,-0.96221357478993574,0.26642923205514857,0.056218331498504956,0.088916977883174639,0.11229426358366225,0.9896887234935664,-23.798508419547012,-9.0609810874041905,-6.1321121277602249,,0.09730979201127121,0.375,False,1
0.58569192583463126,-0.78749513152277395,-0.19187596472734703,0.80982777439486597,0.57842683427779984,0.097986597073379866,0.033822238701467763,-0.21277644422090514,0.97651535623047392,-17.294843750946189,-13.898396022114841,-4.7893674355859259,,0.1531191083719693,0.3333333333333333,False,5
-0.46437816823805622,0.88069189798266201,-0.093459604597726606,-0.88534791800882717,-0.46433061149058613,0.023582775710514967,-0.022626995852337968,0.093695592534943417,0.99534373710704749,-6.6285179964737804,-2.430917616283284,-4.1072273947997697,,0.08553542046694614,0.2615384615384616,False,4
0.8198157470616978,-0.52054604244492764,-0.23860837907457166,0.56522498658546971,0.80240206437469719,0.19149841155132308,0.091776115679005399,-0.29186083118868178,0.95204747770724418,4.515110563239781,-18.911729613584857,-1.1146723316695326,,0.291283973719335,0.1428571428571428,False,3
0.90897636307813179,0.41385466961429579,-0.049862649385021482,-0.3822861014576599,0.8753161526936577,0.29610634823636567,0.16619057734286663,-0.25009187366248853,0.95385258123592098,-14.754624588931581,-10.325618049643197,-4.6649723331798647,,0.6572308339045843,0.5056179775280899,False,3
0.77874301689552416,0.61738140043856948,-0.11135313210219133,-0.60570959617426667,0.78616038022947665,0.12275072977319118,0.16332543812543115,-0.02814361295134403,0.98617074500878421,11.028820136109704,-15.003867462684202,-0.41574517642553288,,0.2425710519970079,0.4666666666666667,True,5
-0.14784276937718155,-0.97358639139874825,-0.17398866062490412,0.9862469568701222,-0.15827327916188544,0.047607868758917274,-0.073888129001267511,-0.16455730790975648,0.9835961756768804,-12.800065909853965,4.1775625091174504,-5.6775461639878424,,0.191262656563658,0.8850267379679144,True,4
0.96330750899241557,0.23292352564150251,-0.13336144240956521,-0.22062135173206834,0.97013776655952144,0.10079153265437765,0.15285569102504012,-0.067670858555479607,0.9859288983611455,-8.763067956015087,16.265208349797831,-6.4369408996866406,0.7400210644939725,0.3841734376348098,0.9078014184397163,True,3
0.83079560334659441,0.55645958026844355,-0.011463026975215368,-0.54213877133311006,0.8137320275787433,0.20958468434027333,0.1259532376614147,-0.16790748291858143,0.97772330395800244,2.4350053213889749,-20.25643154539236,-1.3327383885222013,,0.4838615295966636,0.2857142857142857,False,2
0.75552363705932923,0.65488124833313277,-0.017736528022124443,-0.63867830180260221,0.74231821262714626,0.2026171217063894,0.1458563013763414,-0.14175408912505938,0.97909739942721608,6.9278442406203773,3.379457852419812,-2.7441940470224369,,0.5262191666463916,0.1428571428571428,False,1
0.95931352956476512,-0.23397608536044004,-0.15802766679729408,0.25103537775163631,0.96299293353281323,0.098111411583770666,0.12922380241691461,-0.13379013956667687,0.98254842498659756,-10.901662721360395,-1.7178265418460117,-4.8633376029859061,,0.0745099406886345,0.4519230769230769,False,4
0.55182396755130747,0.82387959027530588,0.12927772261193174,-0.82481277511504836,0.51627621446742644,0.23052712721542515,0.12318358187252973,-0.2338403111163217,0.96444000023540888,-16.757878554341225,0.42919640208498377,-5.9083826878238854,,0.4402664377445111,0.375,False,2
0.4934969828773173,-0.83719747225569741,-0.2357140647896403,0.86974705895762672,0.47475233065828099,0.13472296748917095,-0.0008839262089016392,-0.27149699258592197,0.96243888205498851,-19.012528654697348,14.710750417394092,-7.520543803512715,,0.2338222656763626,0.4074074074074074,False,2
-0.97911146861235554,-0.13027153776678574,-0.15610912362713975,0.13015603552602228,-0.99143243392832459,0.011006151512119922,-0.15620543667845094,-0.0095422954699483503,0.98767849331108704,3.8076104795749011,-14.8526098700959,-1.5564703161369653,,0.1267315976171653,0.3846153846153846,True,5
-0.78225364083699145,0.62260436686862541,0.021048604547317273,-0.6191156402783804,-0.77323434784975231,-0.13712938149083659,-0.069101847731896371,-0.12030147821821036,0.99032948505967011,-3.5386136005953581,-6.5206078871818036,-3.3258528532277269,,0.2925874378798528,0.1911764705882353,False,3
0.90001880465464978,-0.37152270561205586,-0.22789697339524234,0.42108160145037721,0.8761496565333875,0.23463176314474488,0.11250082749917752,-0.30713622152250902,0.94499254242606345,-11.105570812033557,17.129030922252714,-6.7972830285793888,,0.2298532954095393,0.2592592592592592,False,3
0.70967518787765183,-0.67912526025985576,-0.18748335549536232,0.70260279121205393,0.7018801577783178,0.11710491833442488,0.052061938994317949,-0.21483278379722365,0.97526223628011199,-13.029469903188847,-3.3266233415287272,-5.0131435699068092,,0.1156668098148029,0.2156862745098039,True,4
0.48456173986742845,-0.81404724785391314,-0.32019837369686921,0.87408862885498384,0.46489468145103957,0.14086164866616477,0.034190483516090664,-0.34813792298456347,0.93681961839882999,11.043056654229735,-16.382233504747976,-0.31694841611981317,,0.2478752163881594,0.1,False,3
0.98875738429745408,0.039702340832205092,-0.14416157299953478,-0.021474189151260703,0.9918151752124138,0.12586308997742265,0.14797869507990896,-0.12135230673873623,0.98151715392632599,-9.6093023225049397,-8.075418830233728,-4.1629373228814499,,0.08011835635642653,0.2857142857142857,False,1
-0.94484816596107324,-0.25322243952399293,-0.20770252622804944,0.27643717983630384,-0.95669896333082072,-0.091156893134218708,-0.17562582066469276,-0.14354612388793414,0.97393535793326791,8.4680240971043048,6.7424385619984442,-2.8714593168014155,0.7573919607886233,0.3310301028784549,0.4375,True,3
-0.66779526333085615,0.74005572365081707,-0.079793559668298902,-0.74191539233734027,-0.67043427888705676,-0.0089122559502421012,-0.060091903662665015,0.053248507818135074,0.99677156837930492,-28.844554101319417,-14.753523389380314,-6.486211448058774,,0.1179748631682062,0.4444444444444444,False,1
0.043427811462629119,0.99097156480018345,-0.12684393146320394,-0.99738235322135482,0.050351399336814616,0.051895838633331005,0.057814069863645165,0.12425817615875534,0.99056420235313425,-6.8435039032987159,-9.1784112487853715,-3.6539011973251401,0.1743916989638287,0.1802204033443779,0.7678571428571429,True,5
-0.95450815897903762,0.26280544152345547,-0.14088106454775348,-0.26916329893798047,-0.96269301491270287,0.027807868366930062,-0.12831715764959076,0.064462849331617819,0.98963591694560982,-8.530047777432463,-9.2881891247458448,-3.90574623732418,,0.2222770007956641,0.7931034482758621,True,5
0.48209633870875024,0.87168840954290527,-0.0879911181436943,-0.8683311365823323,0.48875621368691025,0.084370615880586655,0.11655109371109364,0.035730662616231229,0.99254176854364795,-6.8668801418599887,9.067003926292367,-5.3091700751673159,,0.0697666487980263,0.1666666666666667,False,5
0.8274383824191357,0.55305952841993156,-0.097318453150094075,-0.54077014848598215,0.83146819124443538,0.12739031931491393,0.1513716281409859,-0.052780725389387051,0.98706677850149382,-2.9139224176608014,13.565242418445923,-5.254103878493094,,0.07262146080507918,0.2,False,2
0.58781703335095092,0.80813164936751236,-0.037341298759290542,-0.79960577090971663,0.58738787263128056,0.12492436997469918,0.1228891631933598,-0.043574354570571738,0.99146332720549646,-17.963812049267869,12.771218863391237,-7.2152920855965847,,0.6412023313575961,0.6,False,4
-0.099011485782360853,0.99373839173691647,-0.05177580971164443,-0.99356152653300578,-0.095846568428601633,0.060406359879279052,0.055065585228642785,0.057423375976935351,0.9968301446158413,-5.1318638479739285,-5.2267425754898067,-3.6625111926546463,,0.2760123556850683,0.2330097087378641,True,5
-0.21041461662261479,0.97623583196068486,-0.051858360054932329,-0.97732920938488488,-0.20878119177159987,0.03518565681560322,0.023522448738874081,0.058086266521953811,0.99803440824796541,9.7498770295905981,-10.979870080620817,-0.93382927829961537,,0.09249296343923834,0.25,False,3
0.94541844151505594,-0.23163903064827421,-0.22918841577089161,0.29124229493607773,0.91613032613729339,0.27546896589623987,0.14615709385318895,-0.3271828006052655,0.93358958804417136,1.2417361905213984,-14.26498234103541,-1.9675327405222707,,0.2350915202230263,0.2666666666666667,True,5
0.90047580133910587,0.42762515072770668,-0.079246840112420003,-0.40576525552266002,0.89165185737771768,0.20077729614052089,0.15651801370234583,-0.14863948230525492,0.97642634934064543,11.641646857203993,-13.030406430275471,-0.46271882933618458,,0.1944286556380256,0.1052631578947368,False,5
-0.25809449119441036,0.96326887793940685,0.074164023680311553,-0.9660844770922361,-0.25666823776105541,-0.028323115048565967,-0.008247225989286136,-0.078958752003750299,0.99684376847402278,-8.6713146427115628,-17.813517146797274,-3.1928739368231298,,0.4680646889816097,0.2857142857142857,False,5
0.9854594764417407,-0.046456688375612162,-0.16343621506979714,0.094220252344044769,0.94986901284594261,0.29811306996389619,0.14139365027961559,-0.30917735127309326,0.94043458098921462,-15.336063661190058,-8.7445600302877722,-4.8713423063829211,,0.2387305070345411,0.3333333333333333,False,1
-0.91625854287845443,-0.35357198997374534,-0.18830063862944255,0.36916258114292155,-0.92778150138841986,-0.054226140977799403,-0.15552900464590519,-0.11919871470554579,0.98061327501028595,-21.007970703781115,-1.7635035668100552,-6.3045402350503261,,0.1620283570977964,0.4666666666666667,False,1
0.83715943917064395,-0.48608254964838221,-0.25077445710203572,0.53843020195768398,0.81303369815995419,0.22151551475270542,0.096213258064054036,-0.32046834568124904,0.94236036015370639,0.40779463527161186,1.7613699199555701,-3.5463313541960986,,0.2697498305129784,0.2787610619469026,False,5
0.89695074737037306,-0.38733085436088238,-0.21319982657544015,0.42125307329713707,0.8951028542756756,0.14607097078220319,0.13425797938836131,-0.22082954858353393,0.96602748689824891,6.0779095701223289,2.0984535387178842,-2.6999361719701653,0.1320272384066706,0.1515563668760525,0.4,True,4
-0.84980751300253454,-0.49264493645203472,-0.18742507151557147,0.50497615884774816,-0.86286311032494389,-0.021594717773947308,-0.15108365179535527,-0.11299654609116769,0.98204150153221392,-24.474445760695492,-5.9584553645731537,-6.4923503725495424,,0.2510795650725213,0.5666666666666667,False,2
-0.31334722598481818,-0.91901569940524352,-0.2392146739109301,0.94453717008202509,-0.32768895630740097,0.021667539029806705,-0.098300815363156074,-0.21915768788901635,0.97072491342196499,0.10206381622250738,-18.758715569373305,-1.8329445463270366,,0.4237737493783488,0.3333333333333333,True,5
0.35785192834724661,0.92549995906855798,-0.12406378658679591,-0.92834764031606054,0.36692501024357288,0.059470123401214402,0.10056170293784258,0.093892825188354026,0.99049052558840256,-7.8113876570664109,-6.3078794428744738,-3.9817257059092657,,0.1974459809245525,0.5483870967741935,True,5
0.79883186815728102,0.58845015052181138,-0.1248762057687724,-0.5826354247311214,0.80850635233746493,0.08278550645101912,0.14967834935197957,0.0066256004122853679,0.98871254323713442,-15.868112127613449,-5.0505328649619603,-5.2927381897992651,,0.07630406577835032,0.25,False,2
0.064206276193900333,-0.94232751020893624,-0.3284759010958635,0.99755722280923742,0.051529563118122346,0.047162393344449556,-0.027516201017468267,-0.33070162930999047,0.9433341354224829,-1.2379038267124503,7.8622411677554025,-4.3634577997789101,,0.1291751590373221,0.2444444444444444,False,5
-0.83606338412169268,-0.51598901739392034,-0.18642250845818201,0.52700662686717537,-0.84978425082390396,-0.011434259474905603,-0.15251895937576537,-0.10780566302617899,0.98240312807442798,-5.5069924090405831,10.858291779097472,-5.3495056946619712,,0.1264384442188582,0.4213483146067415,True,5
0.52595384214291419,-0.75201314127900187,-0.39730188934712374,0.84985943545991738,0.48299546415838118,0.2108419350181083,0.033339104589905001,-0.44854388519532606,0.89313878381751255,5.4304120960809374,15.741981746226719,-4.2596315746482949,,0.6327052635795063,0.4666666666666667,False,1
-0.2771678148138968,0.95529567579859875,-0.10289885437548336,-0.96082120158787432,-0.27566151901726621,0.028867724405042948,-0.00078804220799900959,0.10686860499506326,0.99427283994680593,12.07820883385148,-5.4172194536677525,-1.0114927835912237,,0.2488224252793325,0.8518518518518519,True,6
-0.87570543883525265,0.4650481581777805,-0.12988531468111189,-0.47142811402361445,-0.88163544451538811,0.021782476495831288,-0.10438159656996604,0.080306622078180873,0.99128972997196763,5.0696005053748214,-3.2142520037143045,-2.3679332082520546,,0.3868665034142321,0.90744920993228,True,5
-0.95710515673134189,0.25399422444653968,-0.13941539694765828,-0.24661894035567264,-0.96671414997873595,-0.068138465558991862,-0.15208161366883705,-0.030833199293775045,0.98788688451927098,8.9931280015076638,-5.7523415048447237,-1.4988132478374203,,0.1985848453551914,0.3947368421052632,False,4
