axis_00,axis_01,axis_02,axis_10,axis_11,axis_12,axis_20,axis_21,axis_22,location_x,location_y,location_z,dbh,dbh_approximation,score,reconstructed,number_clusters
-0.93700143392961388,-0.22692414297956734,-0.26558190101518186,0.27633292116603697,-0.94659586625420278,-0.16612159001858198,-0.21370173020753414,-0.22904519057043304,0.94966829534467534,-16.694836210859552,6.5577904075507183,-7.7778976911120203,,0.4867482821388907,0.2272727272727273,False,1
-0.83938636558874447,-0.4589517414571847,-0.29119379848674154,0.50215191786369895,-0.85984076838571843,-0.092289243185041128,-0.20802399056245552,-0.22368985680016007,0.95220211473993077,-12.64515272899861,17.724496576949171,-7.8525930194193325,,0.7086902756179057,0.7954545454545454,False,1
0.87652346228189237,-0.40299214517256654,-0.26325643581606634,0.46169763765192573,0.85855853281029715,0.22296308466932901,0.13616868750192457,-0.31697724944835448,0.93860721916899836,-7.7937696589007581,18.738866308665575,-6.7474211792978371,,0.2861811839601804,0.2916666666666667,False,5
0.36476738656620844,-0.89947345940509671,-0.24060808283074286,0.93099949160113959,0.35611218002251116,0.080150245651737659,0.013590450179355965,-0.25324219842957052,0.96730744264607016,-6.4622807087464809,-3.2176702249455049,-4.3919256400422846,0.9028206621993957,0.7380299755040485,0.9938852304797742,True,5
-0.81222576663934043,0.55644229677580193,-0.17510361037399802,-0.56828459027042755,-0.82253318517892926,0.022176197613219435,-0.1316887560436007,0.11752076258380256,0.98430022955062513,9.3558983653363139,3.9054800329845532,-1.2269476649527333,,0.5962908353527242,0.9633251833740831,True,5
0.14188441468171811,-0.94072868577215862,-0.30805576221816278,0.98923500427147504,0.1234899853735109,0.078513246248418656,-0.035817861388434055,-0.3158793492424552,0.94812304978189499,-9.8609537258736957,15.021961474258264,-6.8863584920107899,,0.1332779434557442,0.2711864406779661,False,5
-0.71190622802160397,-0.65420004024441758,-0.25536607027609481,0.67387932267276895,-0.73871234312657252,0.013810596892979324,-0.1976769611718654,-0.16225406453045357,0.96674579780064485,17.101169613912763,-9.702650863653572,1.5606770764656746,,0.3218787840554948,0.5,True,5
-0.49245465484871204,0.85489555747018631,-0.16322376890506315,-0.86917189200365663,-0.49277410679697348,0.041399297351853243,-0.045040371541741543,0.16225678872756766,0.98572009183296938,10.137732047607683,-5.4658586006230694,-0.28363188431450748,,0.365061455565842,0.8879668049792531,True,5
-0.97260577124555092,0.086552234511800649,-0.21574689902954039,-0.085530197941204325,-0.99623598302350269,-0.014087276860181755,-0.21615410932940152,0.0047515082038509758,0.97634769636119034,2.7309765332136129,28.34177032460526,-5.0224291222003314,,0.239483760846722,0.3333333333333333,False,3
0.93724493316657986,-0.25583497223814849,-0.23689745088007774,0.30090328609656758,0.93673185175905016,0.17885930313055548,0.17615092298895366,-0.23891819704653419,0.95492876564180051,-38.377744676795253,20.834137081814678,-15.151197150589287,,0.2204124738202511,0.4827586206896552,False,1
0.85638834633854222,0.47903573632743018,-0.19267528013934496,-0.46848523749660231,0.87778359859134203,0.10008764305241255,0.21707275854719849,0.0045516332532275494,0.97614481514344931,-6.7284543772167407,19.251580134772446,-6.4853795089812829,,0.1029520673244212,0.4482758620689655,False,4
-0.94818395924333299,-0.23223921562634109,-0.21682279898317852,0.25789995051925996,-0.96115571772971009,-0.098322437915510846,-0.18556614711687375,-0.14914634759439502,0.9712469161049887,30.393478297623727,-6.7176024237441281,4.3342990245438768,,0.2247503536139848,0.1333333333333333,False,4
0.36193205425101993,-0.85801018509698124,-0.36444987361155889,0.93208577718267049,0.33932217178592544,0.12679340561819649,0.014875889197434745,-0.38558914145023249,0.9225506608941636,-10.080234161037765,20.669143681632303,-7.4980427322529426,,0.7366234594213037,0.4166666666666667,False,1
-0.7949110105373397,-0.5577280262284805,-0.23886384005493394,0.57079402765099019,-0.82091249848672554,0.017229272365455503,-0.20569555980736781,-0.12264631501829032,0.9709002101596067,-10.94782806784176,14.255139273521817,-7.1357368761302036,0.4412813932997837,0.3807445486057639,0.8414239482200647,True,5
-0.55718288106918912,-0.79709547966741423,-0.23277893662703761,0.8129422653822711,-0.58076728045975579,0.042828017728144693,-0.16932840930741833,-0.16537279776660999,0.97158619152407932,-6.6968392870941109,27.35760999267556,-7.2795643912412507,,0.1109130686197718,0.5833333333333334,False,1
-0.068072983867567383,-0.95853124058657524,-0.27673801633842943,0.99624728595689171,-0.080169688894450267,0.032621560448513838,-0.053454785481703106,-0.27347885074010747,0.9603915368780469,3.2612608385686759,14.777661203342577,-3.6431412659737887,,0.1751891804726821,0.6507936507936508,False,5
0.17216441949605676,-0.95557650691757579,-0.23923409474151391,0.98466987355750191,0.16003645098809474,0.069379928389918966,-0.028011654143248771,-0.24751136091569817,0.96847998092362209,5.9262024702338172,0.61813349916176286,-1.7757841372291232,,0.5012906053951176,0.9883870967741936,True,5
0.97788290415648604,0.067574127094667286,-0.19793626020987046,-0.038870283548507426,0.98859927260962221,0.14546676339488501,0.20550943242424283,-0.13455562248794584,0.96936095322720006,-6.3209928665884059,17.230597209133791,-6.2375143517988878,,0.1440660471913847,0.1724137931034483,False,2
0.95155410829914633,0.28406087574397848,-0.11770385656630562,-0.22158785753683696,0.89890279816053986,0.37798489500426746,0.21317504631464687,-0.3335913343159812,0.91829909141740529,-13.645235155493108,8.1554531455603403,-7.1769994468112861,,0.7828535409286239,0.1982758620689655,True,1
0.93313557381894863,0.33339156499770906,-0.13456621144240466,-0.30912090317809687,0.93511636112322771,0.17320986801569138,0.18358177494495809,-0.12003106076359556,0.97564864390826023,-18.424176851725413,14.36406297186263,-8.9982672278806959,0.4996169001192132,0.193131755186702,0.25,True,5
-0.37030704072552678,-0.88530276377922856,-0.28126804303717512,0.91828739337888399,-0.39454749728895577,0.032871500489573463,-0.14007483268066945,-0.24611235001088569,0.95906608344868571,8.3065528945034508,-20.49866203108359,0.50107563349284523,,0.1576940784863457,0.4333333333333333,False,5
0.36863337365529897,-0.89816713081363042,-0.23959390842323738,0.92936714665268005,0.36154723969705022,0.074567420433448897,0.019650510175764843,-0.25015874678582312,0.96800540228677323,-4.7051455236779525,8.1285679439162752,-5.0127523480030884,0.4109202169299551,0.4378628545218552,0.7763157894736842,True,5
-0.82143828291046073,-0.51408975622502373,-0.24688229971711165,0.53347683980030636,-0.84569901881670906,-0.013986814116668911,-0.20159764077437098,-0.14319529362710109,0.96894452840049416,21.351045778093596,3.8123706776941924,1.487963496549477,0.5870549258702299,0.2617259619057065,0.2,True,5
0.95768659685825008,0.21534662394597681,-0.19095081501039179,-0.19237167601112876,0.97242438061863201,0.13184825462302469,0.2140783045213413,-0.089535777952384488,0.9727043867484757,-3.2355446822719851,15.534959147329069,-5.2947146287041793,0.6044316489063818,0.5444029555831081,0.8025210084033614,True,5
-0.20496222699740094,-0.90655462288379263,-0.36898401216352461,0.97535483350571606,-0.22064191552750514,0.0003063811212884876,-0.081691090464652685,-0.35982754319309629,0.92943569164214779,-20.340933810514393,13.83855736291784,-9.3932654501912509,,0.3798433457126903,0.4242424242424243,False,4
-0.82485998821924811,0.55138372721253082,-0.12482782221988828,-0.54754184245023108,-0.83414102284207381,-0.06638286509473823,-0.14072643888462946,0.01359188644732183,0.98995521616972892,-1.9683515744961939,23.618498113294734,-5.7592206106695114,,0.602243028497746,0.6888888888888889,False,3
-0.55684536413401697,0.81297397734046872,-0.17028374147191389,-0.82807385377976628,-0.55937753228751053,0.037288993795252467,-0.064937917496493067,0.16177171736479351,0.98468928009401246,-7.0899531183609916,-1.1007357011712073,-4.7299618198450863,,0.09033764364466715,0.4119718309859155,False,4
0.91559919654765054,-0.32724266076177455,-0.23364578373865821,0.36555505953073564,0.91947133380708013,0.14471338831811775,0.16747420617151185,-0.21790986045744731,0.96149242481812558,-8.0008177675751284,15.942011203120968,-6.4938233538478354,,0.08065560169999852,0.2068965517241379,False,3
-0.66905863989681891,0.72243537140214575,-0.17449260880181272,-0.73737721612873186,-0.67460920988618422,0.03431115082563857,-0.092926731964814699,0.1516230460180169,0.98406050342575857,-3.3956389362825989,6.519583856874072,-4.5162118839853997,,0.1126122262344437,0.4904632152588556,False,5
0.2737595482513227,-0.90862953039827554,-0.3153539063170806,0.96174265929103808,0.26213355538008004,0.079605630727992718,0.010332813800458522,-0.32508210598556275,0.94562934457796799,19.599010594298772,-12.555857729568958,2.3768092953375461,,0.1434040007486674,0.28,False,2
-0.90536467905527696,0.38066950681744827,-0.18816355783864253,-0.38974676528620178,-0.92083898457275026,0.012370264345136786,-0.16855935710626688,0.084535738421017748,0.98205980065448939,-10.272003977894585,12.628733024112028,-6.7617611105659519,0.2287273455728276,0.1874881779998087,0.7626459143968871,True,3
0.14355666352323609,-0.95868406642682269,-0.24559386217372778,0.98889796391740703,0.12933947886823499,0.073158158575107338,-0.038370578808295128,-0.25336961140875791,0.96660826537770295,-11.811269909845198,18.383318843249135,-7.7109814546824218,,0.09139081319843423,0.25,False,3
-0.61501574085692912,0.77820550071730588,-0.12708987824186035,-0.78357073920140008,-0.62118972747050494,-0.011841416827911344,-0.088161982541087924,0.092301252095776859,0.99182051990064091,7.5983808257731464,-26.981591677680509,0.82443432771801428,,0.1497966072887743,0.2857142857142857,False,4
-0.017607223637489688,0.99370367121887737,-0.11064808846927467,-0.99936415514036669,-0.014059021774725112,0.032766283391904433,0.031004372213612366,0.11115465673044393,0.99331937018804606,8.4923096156284501,-22.22041602803456,0.6414765109338002,,0.245042314826766,0.5185185185185185,True,5
-0.97573532286598419,-0.055922176927695286,-0.21169149685162583,0.048820652972945161,-0.99806024783678182,0.038630111717121482,-0.21344114775485448,0.027357847423538008,0.97657279535600483,-13.370181637831577,10.98653866478109,-7.4348983774199793,0.3442743582975613,0.330245160088639,0.3671641791044776,True,5
-0.98038919341797137,-0.055611584846145166,-0.18906184453813105,0.082820057673252373,-0.98679393738497545,-0.13920690782880588,-0.17882356521515719,-0.15213506095295229,0.97204786700685841,10.793620980759687,-29.399197111595473,1.6949434288746665,,0.3157281440588947,0.5609756097560976,False,4
0.82591349570247918,0.5576788440660807,-0.082832387974933835,-0.53656628355021607,0.82260133816322789,0.18821174726667506,0.17309974284677301,-0.11100155554399128,0.97862921154704674,5.0081966563970344,31.594434780052342,-4.7759174944716261,,0.5160602140375462,0.475,False,4
0.73194137310689289,-0.64684033356413573,-0.21414810111003715,0.67258290539617316,0.73619839240093299,0.075127640686533534,0.10905989961135792,-0.19902138051204482,0.97390781308902175,-1.8539875548897551,22.495576703648947,-5.5962428303741518,,0.1385555141386177,0.3636363636363636,False,1
-0.95668023829289928,0.22345934393852446,-0.18662487311825685,-0.22080112863513898,-0.97468403072145138,-0.0351838293827305,-0.18976243899489212,0.0075473083379733602,0.98180102611657571,-10.075013092606691,17.115758405089728,-7.1827283532264836,,0.3150677507347047,0.2413793103448276,False,3
-0.55959836502885218,-0.78242619602299757,-0.2732378407798175,0.81115150221461074,-0.58469105193901239,0.013023603089442969,-0.16994972877888215,-0.21434929801478861,0.96185834098818901,12.605655824718708,18.807960667017841,-1.8093186432406725,,0.2918788755807504,0.4642857142857143,False,2
0.50372623088925861,0.86233981433194695,-0.051282832722507027,-0.84882235355560698,0.50511235949617828,0.15608368392796204,0.16050076765679847,-0.035093431039825734,0.98641165579053813,-21.678566594477271,15.003179852609177,-9.8948212497054921,,0.5398675761408722,0.1219512195121951,False,1
-0.92725241751400023,0.33255009902174154,-0.17208540279486723,-0.33173356121942538,-0.94274775492062401,-0.034344067214013216,-0.17365425009230187,0.025240884151563558,0.98448316348839982,-3.5104499080936575,14.209587262919463,-5.2543966432498088,,0.08946688040761039,0.3333333333333333,False,4
0.92703942686672569,0.33490843998805669,-0.16862454702498297,-0.30940673996550344,0.93728041932365802,0.16053935597350866,0.21181447140961285,-0.096652741178074958,0.97251883134684425,-8.5871146030081462,-0.20298419558088671,-5.1985768266290098,0.6976141547704393,0.6073020936896039,0.975704989154013,True,4
0.48977390207522448,-0.80352678227595931,-0.33832859029537043,0.86900467548613303,0.48124278069452697,0.1150489461604977,0.07037328206961857,-0.35035709810797844,0.93396868522242593,5.7022397245870433,38.644747379512097,-5.2881977174986341,,0.2820090066402335,0.3571428571428572,False,2
-0.8709825146638025,0.48189326422457107,-0.095751454531546792,-0.46738343943865635,-0.87275403142494645,-0.14090110421851171,-0.15146676100191503,-0.07796975392093744,0.98538243224907229,-21.091854689243675,24.543279325779448,-10.621341638678471,,0.4205464855989444,0.2666666666666667,False,1
-0.83825307087259848,-0.47750323646570492,-0.26329156526071212,0.49446431087699438,-0.86919535428423522,0.0021169222097245227,-0.22986264255332511,-0.12841376583326319,0.96471398367750538,-6.067618011091886,18.755292908797898,-6.3125720705393,,0.1526347209056866,0.24,False,5
-0.97317947155153595,-0.069462244994904582,-0.21930962740140195,0.095134455362609796,-0.98950656400070436,-0.10874831126220008,-0.20945441402255882,-0.12669552604487899,0.96957572789683555,-14.447230890382352,18.787441727883174,-8.3814115942893093,,0.7051833480438814,0.5277777777777778,False,1
-0.70746569693579509,-0.66765789577700529,-0.23178701832883458,0.68067385952585602,-0.73194008117441378,0.030770351453436207,-0.19019827711450271,-0.13600239621791355,0.97227977640474494,2.6854605348330995,13.162632451597275,-3.6376584545831867,,0.07223063587802679,0.1538461538461539,False,5
-0.89962625328382873,-0.37605251103727433,-0.22193943620966,0.3792798647510956,-0.92480883601049657,0.029587176805195139,-0.2163778837979789,-0.057559758334030306,0.97461145366942881,-4.3516984635407194,14.793419163995964,-5.5117571905884546,,0.2353897986491899,0.7966101694915254,True,5
0.83569612569352825,0.51598257354878174,-0.18807968868222918,-0.50841785991080157,0.85636197045980011,0.090307559339905905,0.20766141968249335,0.020153395351310999,0.97799313669946908,-15.699892672461605,-1.7276197150398847,-6.7445369721811836,,0.08387529994324745,0.4615384615384616,False,1
-0.89546501292121006,-0.39264358789908915,-0.20969841085651647,0.39080411244512248,-0.91900748281451006,0.051936424856925567,-0.21310691290992476,-0.035443749980345204,0.97638577634935553,3.6740242213676879,3.2587591064492827,-2.6233320013456121,,0.1057677661056401,0.5343915343915344,True,5
-0.51547606327025519,-0.82739939695561893,-0.22292300489827949,0.840086065570808,-0.5392468720779382,0.058891539187902832,-0.16893735711547109,-0.15691733132971145,0.97305555879363914,4.5500194157959326,-14.152821239542938,-0.8620386505447255,0.3945066425553552,0.4340741920645443,0.8456375838926175,True,5
-0.89961759419124021,0.41891417926778868,-0.12328460824434652,-0.38611064580947102,-0.89495799326850944,-0.22353693090269738,-0.20397733554039843,-0.15349625628398555,0.96686718110226622,20.022038395762838,-24.443156413692346,3.396537776248624,,0.4745502854197952,0.3157894736842105,False,3
0.89941662779573017,-0.38451806336521299,-0.2078354844352254,0.40629973779844641,0.91080357964371805,0.073194005035281187,0.16115288613447948,-0.15027540801494133,0.97542147251148426,-7.8773323130622162,14.331655559619064,-6.3323418294576888,0.5095291100868451,0.4038827367707623,0.6950354609929078,True,3
-0.1928124792004775,-0.92913040984114104,-0.31549965035321254,0.97485385825175808,-0.21799785532542354,0.04622650890104088,-0.1117287022936706,-0.29865300363791714,0.9477990717983551,17.662504570672866,-14.439787771104069,2.0477535047279591,,0.121488024635688,0.5,False,5
0.85584721467385272,-0.44584010030758559,-0.26220631207644518,0.49822454337764127,0.8467710128327598,0.18641661997344378,0.13891669990015287,-0.29018176507820825,0.94683509319466319,-4.4114847452459554,26.945923597957613,-6.6855373714272917,,0.4295619477847149,0.8805970149253731,True,5
0.96442558487858265,-0.13804288257615979,-0.22544944843948725,0.1836660669446647,0.96327655539672774,0.19586999177029041,0.19013170983474181,-0.23030944486294996,0.95436234865078262,-8.0113667322853637,24.677934803616463,-7.4304194343442216,,0.1557621352191633,0.2857142857142857,False,2
0.24396618286314767,0.95734857417375618,-0.15480377626744637,-0.96283871706926949,0.25818278060314054,0.07926699636314144,0.11585381535188549,0.12971260280908364,0.98476014041029525,2.4747638756270409,19.124408093591487,-4.1870223754633216,,0.5998472872365147,0.9162790697674419,True,5
-0.95734251949507287,0.25541306755889526,-0.13512758891870252,-0.23114780209872068,-0.95754207727148988,-0.17229005728576291,-0.17339548423115683,-0.13370615234444511,0.97573391397116416,-8.5011550211835516,20.322472069677783,-7.0225237062811416,,0.7001011397124449,0.5245901639344263,False,3
0.53684074209044208,-0.77683336447044093,-0.32913817991433397,0.83846137836896117,0.53458287168989505,0.10584739146246848,0.093725848171180653,-0.33279284418587241,0.93833063908372549,20.122277591289894,-8.6698001164204914,2.1743076883935784,,0.1814749349475047,0.125,False,5
-0.93415591063466308,0.32601632920000506,-0.14514161264529463,-0.31109993987547424,-0.94322508595733667,-0.11637553278181346,-0.17484153406956621,-0.06355934483400856,0.98254294951847865,-18.751101076742835,19.35611977500605,-9.5232276236580731,,0.4562897979499604,0.24,False,1
-0.9785998211496344,-0.022323647630193805,-0.20455816972779467,0.024241460997745785,-0.99968249955478206,-0.0068739837501419071,-0.20433977002677939,-0.011685668161700975,0.97883027310408433,-17.038562084531542,18.416767725403652,-8.9865310787604997,,0.1024335504140636,0.3076923076923077,False,3
-0.64997832159119107,-0.67558863441844075,-0.34800600354896705,0.73923469834044153,-0.6682678637547127,-0.083367397957643544,-0.17623916202426021,-0.31144511445411749,0.93377818482316621,5.4777340489748614,21.515861363661589,-3.7480415079343095,,0.2397337990482772,0.25,False,3
0.2011712014124433,-0.89614493783825055,-0.39554316845213278,0.97949055014822684,0.17935749141848953,0.091810415761994391,-0.011331808884640832,-0.4059004073155687,0.91384706020671613,-15.582168585541094,17.678441568850594,-8.5832199441664958,,0.3144981836792513,0.1764705882352941,False,5
-0.69346292940173282,-0.68417806637873146,-0.22585291459671122,0.69531067215945253,-0.71764620171813054,0.039076826134073851,-0.18881799365192747,-0.12993961153475356,0.97337734852803104,0.35326109608644379,7.2358911035435103,-3.7228427746712178,,0.1311461449504386,0.6996047430830039,True,5
-0.94952615738879953,-0.20883910519394841,-0.23406474441114158,0.23573694877181806,-0.96733495435573147,-0.093226482639588257,-0.20694967363640671,-0.14369869249017972,0.96774093555992502,0.95851518560259807,-6.992126838004622,-2.3341516810060954,,0.342762263350709,0.6858974358974359,True,5
0.91657344581802824,-0.34498760791698402,-0.20217979326575936,0.38285500800660532,0.9030471934253016,0.19475063360859785,0.1153913396470044,-0.25590880569141261,0.95978931120536359,-17.782310683736757,15.424945968367338,-8.910805420564829,,0.1988566618059878,0.25,False,3
-0.55269437373395358,0.83333051002620351,-0.0094440617481528211,-0.83070945305804034,-0.5517924036529942,-0.073803440779312765,-0.066713820478573868,-0.032945475111478773,0.99722808916858852,-0.049288053591019843,-5.5690122488208962,-2.6442291974724541,,0.3159457968749215,0.1666666666666667,False,3
0.67095975533999885,-0.69200528464115674,-0.26634881779876712,0.73579577387864226,0.66581264640059368,0.12368548433574697,0.091747402450528731,-0.27896631682292733,0.95590805427186931,-3.8402329323789868,8.5701988562513023,-4.8211489039928335,,0.06998408128577735,0.25,False,3
-0.24985719114439442,-0.88757334833409807,-0.38702058777335524,0.96317733750119738,-0.26881398209546564,-0.0053347496740925177,-0.099301563721524683,-0.37410238485871572,0.92205564099217108,1.3654608063745415,26.195738570817017,-5.2224908232172851,,0.2265548518871178,0.3888888888888889,False,5
0.84275981777077724,0.51107957111372204,-0.16897799129230059,-0.48958861019457645,0.85824369940090339,0.1540154057436964,0.22373842387643189,-0.04706829536818119,0.97351204063043006,-5.1578045275752462,-32.122185219770145,-1.6444461482013348,0.4339256846571115,0.3360153121753618,0.7666666666666667,True,5
-0.85160579703758787,0.5045774735788443,-0.14201809606091431,-0.50371334726317785,-0.86271593933221191,-0.044655031195441716,-0.14505319796854441,0.033507927105854179,0.98885630330203633,-22.848601584363173,17.83722857312658,-10.425075109339346,,0.1993563070041269,0.2,False,1
0.68128372833718009,0.73169785300344803,-0.021696391707774099,-0.70389439248726948,0.66295697399317344,0.25499163684088466,0.20096060740346658,-0.15844968458144851,0.96669981469330513,17.911935716603924,-5.9745017390008055,1.4739553577052305,,0.3402397762105324,0.5,False,3
0.40315334891908317,0.89618723390455857,-0.18524529425014979,-0.90368904453957488,0.42178212308801472,0.073796689780218611,0.14426880478633905,0.13765276034233243,0.97991746057290874,-20.345360855939852,16.859301886318317,-9.718667255213786,0.4992480763002026,0.4045503103046701,0.5544554455445545,True,4
-0.355953577984433,-0.87555663626674107,-0.32664602708337254,0.92188564223461678,-0.38624354591268206,0.030704818554543892,-0.15304872740976877,-0.29020079243528807,0.94464786407855827,-18.091852946501586,27.049864183914341,-10.154505688825834,0.4422832644571332,0.299400921798652,0.7586206896551724,True,4
-0.94404733118084661,-0.25567478750245648,-0.20833876145810576,0.25140020340153757,-0.96673129702636817,0.047207383737973896,-0.21347733889101483,-0.0078104023771278508,0.9769167945095022,9.928476162143161,1.6029822796984998,-0.93920404873946206,,0.2631628431001974,0.9278350515463918,True,5
-0.96176080645276407,-0.19135117979717592,-0.19596141753303989,0.21387716776248103,-0.97163409947200796,-0.10091448782568335,-0.17109268915190118,-0.13896727216668431,0.97540524346823243,22.248036583499307,0.51405910586017323,1.9375913141858221,,0.3272825461572402,0.6363636363636364,False,5
-0.36151428539400371,-0.87590339212747992,-0.31953195319973687,0.92247594282722956,-0.38580451042664532,0.013892970865607104,-0.13544576907780762,-0.28973803235687356,0.94747364936703671,-8.3839411835287727,-2.3012733724824126,-4.9019017720093503,,0.07330019134171165,0.4390243902439024,False,4
-0.073224750372644309,0.98552843778632637,-0.15287849504527193,-0.99469425039762061,-0.061062618233784532,0.082793145128996132,0.072259837799291224,0.15812986741560994,0.98477076564667687,-2.7988210581008621,22.332900323908902,-5.8393423410994618,,0.1957057624716634,0.7272727272727273,False,5
-0.30980058154523166,-0.88754785104090894,-0.34100207006248506,0.94440578231579009,-0.3287743293150307,-0.0022712798048349636,-0.11009685736993677,-0.32274797055305493,0.94005980102392805,-15.524228160921087,15.809772877553851,-8.3449111357163961,0.661445355415344,0.2727561895864187,0.3095238095238095,True,5
0.30479250147209408,0.94719608470765726,-0.099604759729983131,-0.94415889069818915,0.31423578451401951,0.099095211016593812,0.1251619757032785,0.063839242205267904,0.9900803154253236,-18.748366985385083,7.6044028947503621,-8.4434860088736965,,0.369504904692111,0.3,False,1
0.95627726400329593,-0.12910293355210309,-0.26242375444805305,0.22653881225241795,0.89448432641208186,0.38545811231103733,0.18497016217118539,-0.42805399466815608,0.88462184958037271,-22.814265319234213,14.695475818464203,-10.202849435166533,,0.4475088452282975,0.3846153846153846,False,1
-0.95862044904807719,0.20806433060212373,-0.19430920976102511,-0.21536252173524636,-0.97638650335669208,0.016981763593027811,-0.18618759061414231,0.058125987251693913,0.98079332721390278,5.5152568680231138,18.243046261978446,-3.3872257222512987,,0.644789869161356,0.1333333333333333,False,1
-0.44499582425401418,-0.86983530578364987,-0.21299121392385262,0.88233570440566189,-0.46653758802595574,0.061857769842516716,-0.15317447936081463,-0.16040330349213355,0.97509402577462001,-12.114658356281934,-15.6660256832443,-4.5921142824799741,0.4305289045946166,0.4133995111023852,0.963855421686747,True,5
-0.8665707776470829,0.49602373124538329,-0.054913981548768448,-0.47598270681320215,-0.85456006866721823,-0.20776802413811646,-0.14998516640957529,-0.15390759266809226,0.97663550149285749,8.129684920981628,-9.8682636988039363,-0.40953892480934684,,0.336343983211984,0.2622950819672131,False,1
0.93851269597106945,-0.23790437135170628,-0.25019078638684256,0.2966015324146461,0.92648834765171195,0.23161794540770447,0.17669592658123423,-0.2915833530182273,0.94008387805144766,-3.8672186730359037,29.087276643327503,-6.7801039385623358,,0.2136738973850031,0.1764705882352941,False,1
0.88322684501159532,-0.36499326618687383,-0.294432090453982,0.44235971880805791,0.85686695148469672,0.26475820408323325,0.15565416610845975,-0.36408645002466222,0.91826621275179221,-9.0912735044739001,16.94139066284561,-6.8948019159642477,,0.344201928726656,0.1428571428571428,False,1
-0.93385552454158027,0.34229876602328613,-0.10366008905122102,-0.3120710504006115,-0.92145534340389668,-0.23136920627920016,-0.17471553675912871,-0.18371609861779609,0.96732769851980704,10.875113882716869,-36.058645545630029,2.2962635157298936,,0.4560316963258907,0.1428571428571428,False,1
0.45131551153258526,0.88726605970755279,0.095253600147793827,-0.87940208410308629,0.42409101586974157,0.2163302677244231,0.15154630818740064,-0.18139941992632089,0.97166247582438059,-30.138171068691879,20.130756629956196,-12.652605033202914,,0.4255338373241827,0.1875,False,1
0.95396599095595425,-0.16353031035530724,-0.25140947813183384,0.2427819407276923,0.91322878646770567,0.32721569770293268,0.17608468802232488,-0.37319032833370508,0.91089141036803178,14.411412543961887,-23.553411486048873,2.082517301086483,,0.2632974025224259,0.1,False,4
0.69390408048198604,-0.64937435652863729,-0.31114316989686408,0.71400389014330601,0.67646812527132427,0.18052512388065745,0.093250050673854279,-0.34742455378818454,0.93305980916252385,-22.740425026916746,13.7034893361815,-10.068925409931056,,0.5733170781537773,0.6721311475409836,False,2
0.84056767886527162,0.53581949065209333,-0.079645782590045205,-0.50404286050496605,0.8274904009493711,0.24738720886622309,0.19846100881790571,-0.16780080385379617,0.96563767439190085,-14.334767900165376,13.077470497674424,-7.8647626781645288,,0.5866045451755459,0.7246376811594203,False,3
0.45754744016000315,-0.84126612552001612,-0.28796118845353202,0.88854537912783582,0.44486156581020592,0.11218420787020006,0.033726091288510729,-0.30719618050593323,0.95104839910961769,6.6590211142269053,-41.178673718822594,1.8136635214035699,,0.1578561870218291,0.5384615384615384,False,3
-0.97879995782283835,0.027138672319255163,-0.20301264746502673,-0.031528412592038854,-0.99933311429189087,0.018419714414119923,-0.20237737463816777,0.0244298822023288,0.97900284937794946,7.8696815050748476,20.695110830616009,-3.1022531818556454,,0.1574279598137397,0.2222222222222222,False,1
0.66531139462249556,-0.68053252060902103,-0.30697921196557176,0.7410112935340547,0.65201846427308285,0.16054340566326231,0.090901105826376755,-0.33428642006594311,0.93807759717362327,19.827589669534536,-9.9240458941953911,2.2030341822518786,,0.1186867141768344,0.5,False,6
0.84388292236367213,-0.43337133261239102,-0.31630823797793856,0.51597159032253825,0.81714118455295004,0.25700895409971947,0.14708817533363697,-0.38009153184089917,0.91317878649246942,7.4555307632001622,-15.603911031586938,-0.1098725659860575,,0.4734235281039442,0.3666666666666666,False,4
0.014680278141374351,-0.86495433304143288,-0.50163581529486712,0.99819012316909206,-0.016583089264516689,0.057805528785073765,-0.058317814099714045,-0.50157651749588439,0.86314542787141935,20.442806926697457,3.1762552882655699,1.3296539762680797,,0.3656456400499522,0.16,False,3
0.69034870732316511,0.72290851603652584,-0.02866949143433295,-0.7010216670903554,0.67819263025699328,0.22050709406946634,0.17884989395326512,-0.13212885266651475,0.97496393867975251,15.797993163367513,21.764895008898982,-1.3188809104582828,,0.5377850202082725,0.3333333333333333,False,4
-0.83844231224319044,0.51589977820283894,-0.17567557568015579,-0.51937211042444065,-0.85404730445847576,-0.029254275934881779,-0.16512752633511821,0.06671297173318852,0.9840133532879376,14.554140901010738,-0.62608103635273715,0.27946482035503606,,0.1800547127095605,0.3333333333333333,False,3
-0.68157561940698796,-0.66616025288472425,-0.30279562828175244,0.70707519952558684,-0.7061101104142653,-0.038120521856423784,-0.18841267803901204,-0.24008129757920516,0.95229282959962114,5.433087710907726,27.743538564073592,-4.2837428887379705,,0.4498581429835867,0.45,False,1
-0.20542207327610698,-0.93080458035619262,-0.3023319450519224,0.97262858088370618,-0.22844962207710601,0.042478392401031496,-0.10860670080199586,-0.28533069123520594,0.95225573307811895,19.108459790709457,-7.0562661817181169,1.8118331034368074,,0.1661780097362044,0.45,False,4
-0.94961162192529891,-0.23084902142761571,-0.21200588862179587,0.22990975198077016,-0.9727671486631061,0.029420748222869345,-0.21302411471132984,-0.020803936833325015,0.97682543105904607,19.845163688682778,-11.795825662685949,2.3841474984570321,,0.1029654784186712,0.2631578947368421,True,4
-0.051397812334946343,0.98740874555898428,-0.14960693192768559,-0.99720511075352281,-0.042609096701513929,0.06137126335131049,0.054223905929363998,0.15234314579893168,0.98683906183016967,28.835316843013601,21.439123055080298,1.8660947246929591,,0.3196396186234801,0.9615384615384616,False,1
-0.44190226507862751,-0.86581620773151646,-0.23470126234810457,0.88266572763135143,-0.46635068648211919,0.058465806097865371,-0.16007373733187846,-0.1813265883621919,0.97030771766977753,18.286585791415341,-17.821284923499519,2.4620450749043243,,0.1415754901820626,0.64,False,3
-0.77880946274966323,-0.57015521423891757,-0.26149350356702467,0.59308670484988113,-0.80506269612341752,-0.011055127353690866,-0.20421552649564503,-0.16369815816517416,0.96514192311361047,22.710851283938347,4.66223508077187,1.7166621471912829,,0.1172005230130597,0.2941176470588235,False,3
0.21419845272529167,-0.92695287940307169,-0.30802172361125024,0.97306100000854845,0.17496502300625594,0.1501317121289984,-0.085271994889619063,-0.33188190684455021,0.93945893300174121,1.0789292953762533,27.697726761929552,-5.4089454142719422,,0.5261970886537642,0.1666666666666667,False,2
-0.97317968360760088,0.12736244849512546,-0.19157272803491004,-0.12150129511299453,-0.99169863581042095,-0.042086233112700294,-0.19534261874787115,-0.017681132460282259,0.98057566707299382,-18.940877186039863,22.116696182751159,-9.8827620459682919,,0.1098051520531247,0.3333333333333333,False,1
0.96869420006090889,-0.13444364856293861,-0.20870182588909533,0.16472019910060789,0.97703649393934067,0.13515526448858056,0.18573853336508656,-0.16530152713089818,0.96859516948598345,20.609678395051251,-13.145682129927398,2.6054006365594975,,0.1073353354709991,0.375,False,3
-0.93689568011267443,0.32186019161264168,-0.13650092175983164,-0.30207602799143546,-0.94181904146370277,-0.14740070030128952,-0.17600158493356705,-0.096865423095481545,0.97961243964611155,1.0972578030672264,-8.0940479274122215,-2.2044614729289727,,0.2430997545853359,0.1428571428571428,False,1
-0.22208024239576843,0.96327502986185398,-0.15093569088218428,-0.97482452913199691,-0.21619193474591333,0.054572747350674265,0.019937485799833635,0.15925534275327857,0.98703608468207393,-14.895115998830086,4.112218425441144,-7.0921551887425878,,0.07666362139256422,0.4444444444444444,False,3
0.27777067867822081,-0.92560563274528784,-0.2570946570756304,0.96063658066014812,0.26636448089232878,0.078913390603493686,-0.0045617939694812606,-0.26889435834385889,0.96315887271344003,-11.2447992154517,-1.1755353146004672,-5.717554318479408,,0.6898330563618531,0.5901639344262295,False,1
-0.11932638860978394,-0.89708243604968929,-0.42544601997492426,0.98874129315852799,-0.14633660931529799,0.031245031241866443,-0.090287696750721111,-0.41692769121906353,0.90444426700056668,19.439291084948096,-13.333454705385167,2.3838127970342518,,0.2874711933344523,0.1351351351351351,False,2
0.06562506582946763,0.99350426357054877,0.092965741012590503,-0.99475135660625746,0.057807225369637019,0.08442785811019296,0.078505345454235861,-0.098018380736502653,0.99208331695120533,0.74041398058222518,19.987432781317022,-4.7571523699697114,,0.4512368376332624,0.4393939393939394,False,1
0.96411871592999332,-0.14640694211438407,-0.22145001443715323,0.19012405989432626,0.96298589583113059,0.1910785343245352,0.18527801662042537,-0.22632536696320485,0.95626820757890485,1.7538258660954176,21.05537974608556,-4.5622867542848864,,0.1245414983321493,0.25,False,2
-0.97890927682356488,-0.047391125050779817,-0.19872269375989171,0.054995905803124516,-0.99794368524971255,-0.032921898716777712,-0.19675385153450037,-0.043156486611461632,0.9795026490876354,-0.36235731146833117,23.486316052847837,-5.3455229482312889,,0.1459026705270121,0.4782608695652174,False,3
0.61326719723364731,0.78800360104112954,-0.054347672842543021,-0.77102774518435235,0.61215596499209091,0.17544597652991806,0.17152131340775423,-0.065691698644620239,0.98298781262844981,25.136193306847687,25.577085740900962,0.58858107073754318,,0.2323119096402627,0.1176470588235294,False,2
0.87812918041171839,0.47028234363287391,-0.087884354561066039,-0.4292021679917094,0.85553471625113908,0.28956147582214575,0.21136376581774863,-0.2165522259323468,0.95311620065083646,12.379763385615364,15.985691900441317,-1.6106072244312004,,0.4422023516611657,0.2571428571428571,False,1
-0.79416691429817732,0.60763850991621637,-0.0086228476104539542,-0.59424697489266465,-0.77947724168221599,-0.1982063634962371,-0.12715913284160812,-0.15228483498459666,0.98012238213841729,12.033390354680629,17.140000684301462,-1.7540920470303238,0.7441077557526335,0.6757318248262776,0.3650793650793651,True,1
0.47109879745418581,0.88208029025145662,-0.00053346708188475866,-0.86836259667635851,0.46387856811402001,0.17539405559476531,0.15495910341349128,-0.082164685810839688,0.98449816692307468,41.350187704727439,-3.5569523215734886,6.7169763388212163,,0.3108890090199864,0.3571428571428572,False,1
0.029495611981777959,0.99768358589434836,-0.061298216212354734,-0.99937467522367784,0.030630877466487814,0.017663744427601262,0.019500446030565444,0.060738881967230957,0.99796318610557044,3.4927962382215809,8.8141267975067148,-3.0947758328158446,,0.7287402787123035,0.3786666666666667,False,2
0.94376085966284851,0.28071661942259368,-0.17468147969487732,-0.25964544926657307,0.95635139187895557,0.13407556051101932,0.20469411433551418,-0.081180014973731701,0.9754538045060176,15.821521032300883,17.058239108489076,-0.8611422877537307,,0.1945678810260873,0.3888888888888889,True,2
0.94625266303604738,-0.22385091161057633,-0.23344521213403197,0.26865463706043591,0.9458956382595779,0.18195089312073132,0.18008493463672845,-0.23488765589664407,0.95519485207169408,21.839412113826594,7.966543033272635,1.2199708307906045,,0.1623923415527517,0.4,False,2
0.84001050571734037,-0.45348326784499865,-0.2978846690736523,0.53216235651684962,0.7956381492481116,0.2894186617470848,0.10576188628675252,-0.40163772388268132,0.90967112857527088,37.578699023708815,3.780730559572993,5.3006548939197193,,0.2679512992540795,0.3333333333333333,False,2
-0.25797961363255478,0.96193323432717714,-0.090171900539213493,-0.96610795713892372,-0.25596788367434009,0.033404455992206136,0.0090517458456071745,0.095733459271748783,0.99536584765251568,16.732386870935258,17.573303081538715,-0.73935384856070085,,0.1004718547391941,0.3333333333333333,False,1
0.97561760088009897,-0.03380078477664962,-0.21685894909236036,0.095655990322450951,0.95477363098233059,0.2815266330140867,0.19753538510452132,-0.29540619582077104,0.93472720678404841,-8.7160209102194575,-1.4979204442364245,-5.0702416330557831,,0.2347679680497065,0.1,False,1
0.51288060178533201,0.85149467465282047,-0.10913435458279841,-0.84302908014074363,0.52357056546395808,0.12319023101205707,0.16203536141647715,0.028821554740152439,0.98636395900954987,22.677737708010827,6.0180973527358042,1.5796529403534931,,0.07651049421527603,0.4,False,1
-0.10092080812228249,-0.96698399911831934,-0.23400199985702741,0.99120117408558317,-0.11797301165181265,0.0600216711960192,-0.085645916302572012,-0.22588562143470789,0.97038160692057063,20.870520043193242,5.5754892727006338,1.2277121844462906,,0.07054952044892888,0.4117647058823529,False,1
-0.009443123616466681,0.98979567822851033,-0.14218066948966324,-0.99796656997560929,-0.00036527155598738929,0.063738463958657399,0.063036121608826906,0.1424934452417202,0.98778644728284426,7.1320988964924892,18.703808429798755,-3.086792210980764,,0.2268005205726857,0.25,False,1
0.12932320149791748,0.97277249109245867,-0.19232573964007452,-0.9873876717729011,0.14419196542844429,0.065377845917192159,0.091329596436307545,0.1814451919441655,0.97915093174399126,-9.8735441071941175,1.6877436995672479,-5.6322498848842244,,0.2402774816236767,0.3333333333333333,False,1
-0.88196327039728784,-0.39971616161942425,-0.24973541961515122,0.42112926897923703,-0.9062562034130659,-0.036740067832683826,-0.2116386743464781,-0.1375742850810836,0.96761685992199142,28.353386489153429,-6.5345518454592515,3.853100079286115,,0.8552146108512656,0.6190476190476191,False,1
0.8848277889240993,-0.38911457212533718,-0.25626087041803064,0.43895106627591585,0.88060361305905499,0.17849156305712641,0.15621058018881959,-0.2704202773962322,0.94998480419952958,-15.596421112857215,5.3261220951877775,-7.4099223415860767,,0.7981638752555061,0.3333333333333333,False,1
0.32659368760815766,-0.85670255428145881,-0.39924591006312138,0.94514147684407224,0.29898859871351996,0.13158041871164883,0.0066446943881832907,-0.42031720322507682,0.90735290637631061,-6.0804732931280583,16.499051152294999,-6.0782045136789744,,0.5989352629500906,0.1627906976744186,False,1
-0.73254158245049239,-0.61743620588927162,-0.28662756608182244,0.6520529621207064,-0.75736525277429978,-0.03499726388925492,-0.19547318120535456,-0.21253330455997299,0.9574026477309725,-17.700590276076781,5.4659396591531557,-7.9785451274155035,,0.1453879117342233,0.2142857142857143,False,1
0.5818587806483918,-0.75489280193869512,-0.30261727803202554,0.810379851094988,0.5695951835541424,0.13728009255237139,0.068737590310043478,-0.32511257197018467,0.9431738753937684,36.470227998432357,-2.8045948657080459,5.4795530325209683,,0.175970089068485,0.2666666666666667,False,1
-0.33869004317983087,0.94086467593089329,-0.0079193583263419964,-0.94085054074137719,-0.33874550225965411,-0.0071933778931909942,-0.0094506421741565039,0.0050146070944099563,0.99994276790133652,9.920328850666726,-37.20396319766202,2.1881218149899868,,0.5826542041678637,0.5,False,1
-0.93055235432214001,-0.2523474602211761,-0.26531693346909768,0.29731370837367438,-0.9436689769648765,-0.14523574190659355,-0.21372148857477435,-0.21403182294693207,0.95315974741246656,23.793512863717552,9.7557006000036157,1.5652058538108975,,0.3398265318078176,0.2727272727272727,False,1
0.64603077147378418,-0.70701198043235292,-0.28771218575880664,0.75850552801582938,0.63684414146545909,0.13819878237723671,0.085519625106847935,-0.30751194937147575,0.94769340755084919,-8.9097070383175492,12.686772189134691,-6.4451545331679583,,0.1606444108918152,0.296875,False,1
