axis_00,axis_01,axis_02,axis_10,axis_11,axis_12,axis_20,axis_21,axis_22,location_x,location_y,location_z,dbh,dbh_approximation,score,reconstructed,number_clusters
0.18229553507768936,0.98257569164784431,0.036240144501648697,-0.9804377629222415,0.17886919541644805,0.082143800539690129,0.074230256141082834,-0.050505654275873002,0.99596136870834318,-27.002447970702026,5.4206471721872997,-5.1487308224093873,0.2656763006020484,0.2182683854267228,0.5714285714285714,True,4
0.86981734257784038,-0.42712309576081287,-0.24694868215587257,0.48778021455513693,0.81963725825696276,0.30044172008153675,0.074082743195480083,-0.38178609972693778,0.9212768971465225,-0.8333394778346237,1.7275142275518363,-1.8681470814054701,,0.1565507861419352,0.1935483870967742,False,4
0.06076897241419843,0.99249498312928897,-0.10611710726794268,-0.9952493808350823,0.068350526469983394,0.069331634040043472,0.076064459106134519,0.10139977314801923,0.99193360869890013,13.459842933902738,-6.1456324353668927,0.88337155038175863,,0.08442899922816713,0.2592592592592592,False,5
0.28260750727352002,-0.91088239594532694,-0.3007095901190191,0.95866762566553532,0.25741624752317449,0.12121575397568604,-0.033005762125022479,-0.3225370308476051,0.94598122782566807,-17.408309564654186,-5.6672235547998389,-2.762255627707292,,0.07341528032943838,0.3333333333333333,False,1
0.76404646621379224,-0.58926124273646319,-0.26268647714508575,0.64283059022686106,0.72990228413558345,0.23240371744497529,0.054788956321527797,-0.3464301421965722,0.93647441334126169,-37.491320414378976,10.405052677295423,-6.7843286228204791,,0.3744437408297172,0.7777777777777778,False,3
-0.9240975016803461,0.37772950364221097,-0.05800197812449101,-0.36840530486897377,-0.92087300234688774,-0.12755565410059166,-0.10159398964773245,-0.09650562484560235,0.99013399378095202,-17.599262794231294,22.806222662101213,-5.6254618847800488,,0.5440560683832446,0.1785714285714286,False,4
0.029029297230880984,-0.97437289656819726,-0.22305774663880623,0.99681476923821066,0.011636195292331683,0.078898129177387644,-0.074280655159026432,-0.22463761348540767,0.97160708461637213,1.8727658150065829,-15.500866702513884,0.56429402334838308,0.6297453464369996,0.2375778825266262,0.3076923076923077,True,4
0.98876678153111497,-0.073156928977587424,-0.13033923232537387,0.10335833610034607,0.96458345006076673,0.24268461473162145,0.10796900527080661,-0.25343013161705119,0.96130945188809813,-8.9807612726486248,-14.133860453876782,-0.78356168768731349,0.2716367117019216,0.3429118423090156,0.1142857142857143,True,5
-0.89345941745842516,-0.42554928159095651,-0.143659591716922,0.42446279201027914,-0.90457529417917526,0.039684699312171931,-0.1468387127214428,-0.025521483069755588,0.98883115158667512,-6.6868681659826255,3.1811778657308287,-2.6844051539317997,,0.0803118958464994,0.2746113989637305,True,5
-0.35857448657676377,-0.89997068711004513,-0.24794576003409713,0.92591879396165688,-0.37667141057534714,0.028160884996247609,-0.11873805019791961,-0.21947986421960047,0.96836453086497576,-29.585579306968679,10.913717736367975,-6.044677521949601,0.7430768099531073,0.3940601558844643,0.7014925373134329,True,5
0.24662041524535702,-0.92274143464418534,-0.29618679169570816,0.96873879864687062,0.22624667477421956,0.10177220715806971,-0.026898155706744059,-0.3120267407521311,0.94969247773959786,21.268052375606334,8.6268753430266383,0.61299303833268626,0.5013300761621675,0.4353252949690056,0.5,True,5
-0.16575832107642757,-0.96515778055237378,-0.20247132545903906,0.9816142538639353,-0.18118252157655274,0.060052897401473952,-0.094644786465361619,-0.18879447162027335,0.97744514520281278,-0.81933363992710895,14.798660783601537,-3.3610901542850007,,0.07380244213528293,0.2857142857142857,False,3
0.96970720160610502,-0.23380288089275075,-0.07074005965157304,0.24393218986570189,0.94209956395502359,0.23009888818305674,0.01284639640448175,-0.24038432661470643,0.97059278053023545,7.7464547786267772,-9.1465590801399728,0.56214311018610585,,0.3090036143427022,0.1666666666666667,False,2
0.30753189080844501,0.94923000720099715,-0.066230880750425616,-0.94511904974690764,0.31278756440166267,0.094413565556958581,0.11033638539160623,0.033560884745044497,0.99332751349886839,22.009253459557737,-5.7324186080881248,1.9537776816418604,,0.363989711484084,0.8867924528301887,True,3
-0.91333351828191423,-0.37106349231608277,-0.16773124053966176,0.37795325203699554,-0.92577064927209674,-0.010002210804683928,-0.15156920418554912,-0.072529922215004039,0.98578201785488351,-26.893467870958833,12.753559156653219,-5.8761841078997703,,0.288376407710396,0.35,False,2
-0.9653038104645687,-0.22632580305585387,-0.1302504678444823,0.22017334239141947,-0.97361171638632948,0.060032699551628613,-0.140400330493822,0.029272112776295944,0.98966200826890227,-1.6603999484705712,-5.5283894712714616,-0.90144661231131029,0.2106147226949011,0.1424336857566244,0.7593220338983051,True,5
0.97313117338534116,0.21054033928093308,-0.093212042790286512,-0.181602092337634,0.95068806839959408,0.25142171079929038,0.141549989206153,-0.22773880244288228,0.96337876166003333,-7.604131549701453,-4.8384151012314458,-1.7144192843296584,,0.08441083735958889,0.2361111111111111,False,4
-0.55550287690543398,0.82806155386117186,-0.075700837292646261,-0.83130332494987325,-0.55510766332539097,0.028111635397283445,-0.018743950412643262,0.078546452080573786,0.9967342269574585,-7.1532901220812457,-8.4798091643255482,-1.2214101585768566,,0.07323217343115049,0.3333333333333333,False,5
0.96421290118868419,0.25446161724233568,-0.074449758439610464,-0.23524342988924762,0.95062015163912872,0.20243975891989038,0.12228658910626282,-0.1776812107343253,0.97646063795564253,8.5278987496940992,-10.32946608981986,0.73633250070757628,,0.5032389540731398,0.4328358208955224,False,6
0.92896343677795623,0.35653449663844633,-0.099549414043773765,-0.34018663726017911,0.92829285559254548,0.15015134393487717,0.14594514366466704,-0.10561972809379969,0.98363839294635713,-19.456509225907386,1.994022770537355,-3.9265755183573292,0.4437182653910736,0.4091837640198969,0.7223719676549866,True,5
0.56120080946641859,-0.79153011558387931,-0.24193744558874808,0.82757445306080157,0.5412826215226324,0.14877381583700636,0.013197579147446341,-0.28371323508317126,0.95881834783408748,-35.026631968653682,-3.4365199909522368,-5.1220099760413982,,0.1187542608346477,0.25,False,1
0.61410447740719032,-0.76855161986386145,-0.17945500392320451,0.78907026414464498,0.60240006117803702,0.12034236384332223,0.015614386672011787,-0.21550539180571052,0.97637780445456912,2.097065801697815,-11.505160208894569,0.1978750942271118,0.5933287737301745,0.4683411265975806,0.9407407407407408,True,4
0.74293774166046977,0.66067415816062081,-0.10748566767339177,-0.65160476635159048,0.75058535349541267,0.1096943735387324,0.15314940575898198,-0.011457916779260752,0.98813661791209262,-1.4802658098257238,17.664267853449076,-3.4720887276300352,,0.1725777339388487,0.4090909090909091,False,5
-0.97201858406350095,-0.19464828138794152,-0.13149874063239586,0.19063693184407129,-0.9807376889855195,0.042557556560734157,-0.13724952623693928,0.01629821941384791,0.99040241093793391,-12.029854526084293,20.18687191373861,-5.0050578385183817,0.4304600881721428,0.3230677357480377,0.6363636363636364,True,5
0.80527648047526801,0.58732249133016601,-0.081130026322514315,-0.57434977708875401,0.80670474340013498,0.13910352451976438,0.14714660564030493,-0.065419784113440155,0.98694889852265766,-1.7583976327172206,2.1896779333597465,-2.0770234669066032,0.1967244852892267,0.1593279965644613,0.5343347639484979,True,5
0.32014939723536873,0.94561648224926131,0.057565892231093957,-0.94088106076757194,0.31027182675339487,0.13591991396406761,0.11066703636909332,-0.097677336274302778,0.98904597721220089,0.50796040537191145,-18.584460783966968,0.70523948782312473,,0.1596663468378151,0.2380952380952381,False,3
-0.63472333097902323,-0.74887721876626889,-0.19054974238710665,0.76013791003831843,-0.64944329319054894,0.020341254936550292,-0.13898435463559258,-0.13193301384685441,0.98146677428419093,-5.5453085103025845,-5.7414772537585348,-1.3261414860173915,,0.08305655204678583,0.2384105960264901,False,5
0.082703392611943122,-0.94841586887615625,-0.30605144749594115,0.99492887394505691,0.060937147251931674,0.080019996720931394,-0.057242332594822309,-0.3111173472320089,0.94864604126640495,-2.17067793279397,-9.9350704679794895,-0.42906255911570396,,0.2590471851229229,0.3125,False,5
-0.37664104938706455,-0.87258991002449082,-0.3110118467841092,0.91390365599679002,-0.40487983181963155,0.029196392609509209,-0.15139890182003446,-0.27323830388354853,0.94995747368949601,19.226133799045218,-15.740998744263017,2.4449830172890747,,0.2495739301354929,0.1428571428571428,False,4
-0.53550584590462258,0.84401973089669191,0.029396987244482947,-0.84445164376020421,-0.53465197576891221,-0.032383424110029271,-0.011615091590944024,-0.042165847121530736,0.99904310767046456,-21.639076694675001,7.7404302713242075,-4.8119033139297951,,0.07908041485828628,0.3125,False,2
-0.56704870884907532,-0.78104297880685603,-0.26158674861145037,0.80495979893870773,-0.59280055464855341,0.025044450501535351,-0.1746295618878794,-0.19636539324657307,0.96485498830133354,11.080114932810242,0.66954640130609067,-0.10049884096305495,,0.1545131722692995,0.2258064516129032,False,3
0.31872372694395351,-0.92882730420030535,-0.1889312701882612,0.94744411284055008,0.30637912825077535,0.092094966290665589,-0.027655721410585754,-0.20835467056029405,0.97766225882406421,-0.82549131517772112,-11.122749022441271,-0.14746132702154827,,0.08774436816492788,0.3137254901960784,False,5
-0.61651662485156933,0.78149923594125115,-0.095740250181777398,-0.78721581085332848,-0.61401967502342392,0.05719358204086368,-0.014089656637598036,0.11062903284115307,0.9937618923406476,14.395690094500292,-8.1819923115918076,1.1856873653841307,0.374478878066001,0.3130154975349935,0.8448275862068966,True,6
0.37565601726993264,0.92675666043025873,0.0021561625744417334,-0.91345155385761723,0.36986800257955088,0.1697171748024332,0.15648902659291578,-0.065724828002580366,0.98549045228253429,-17.797435331161861,30.807295440299722,-5.9207429796346727,,0.4743316077184321,0.4,False,3
0.092826723709168446,-0.94332990927733917,-0.31860929306633512,0.99424481272495657,0.070630633195712611,0.080551635761727469,-0.053483191143938041,-0.32425298135434444,0.94445727926035961,28.573094464471836,-2.6480774322854734,2.6162166105876317,0.3711659404884222,0.2569370776448621,0.25,True,5
0.59476715183877271,0.80388213259409946,0.0050548975812046981,-0.79283974941798352,0.58553467404832671,0.16898010897720622,0.13288027256302154,-0.10451154186539431,0.9856064989540676,-6.0860561898633732,5.8547295741695287,-3.0314749980710394,,0.09198131617457378,0.1724137931034483,False,4
0.76494902099656281,-0.62199029092698088,-0.16727544132050387,0.64185990436425677,0.75773983410808721,0.11766990683839051,0.05356172556879444,-0.1973788788052511,0.97886297292096736,-21.657610645313099,9.8102693266021639,-4.987236937296287,,0.1664959105920306,0.1904761904761905,False,1
0.63196108451363631,0.77499955325771142,-0.0009381421514813304,-0.76556089756483003,0.62445192086098777,0.15484285793266261,0.12058897039149401,-0.097136455480784853,0.98793866673824882,-1.290119502620328,-17.604601951937067,0.37802124583197644,,0.493129686501134,0.4102564102564102,False,2
0.029202491050657347,-0.98632050928448955,-0.16223152431392843,0.99694409403465045,0.016975031321279352,0.076251699529065811,-0.072454729906788223,-0.16396249960410475,0.98380211975666509,-7.2521821741959069,18.312706057257486,-4.3971045272445917,0.4539424404848779,0.3769837018607767,0.8571428571428571,True,5
0.97149629891609612,0.2114595357763065,-0.1071438562008926,-0.19525300004243853,0.97009633786850991,0.14418516299722156,0.1344291901588196,-0.11915519285107477,0.98373311057922053,11.379474820194623,4.7250209352884358,-0.58582256750698702,0.2275744054597248,0.1411681148435477,0.2857142857142857,True,5
-0.096952803197292006,-0.97955860762542257,-0.17625290970401331,0.99192193155528363,-0.10965174846143842,0.063775981050748998,-0.081798750918478089,-0.16864586649631633,0.98227671053623378,-22.740669367747291,-5.2549753490919642,-3.4514607743372179,,0.07482626672154169,0.4,False,2
-0.49427306456376624,-0.85608152707657093,-0.15105812339954389,0.85919856974763731,-0.50751576942061349,0.064850300947797951,-0.13218152439111938,-0.097735166586299466,0.98639539831752587,1.8547668492261817,-7.9073653237772143,-0.22603258031258316,0.2222424211569086,0.1947525760146575,0.5083333333333333,True,5
0.98090928692779666,-0.10911881245863791,-0.16096600754947513,0.15451933339538559,0.93990832793456802,0.30446035979465363,0.11807093810860803,-0.32352035460981565,0.93882577389379951,7.9797768993910205,-13.574366843306109,1.0171684195963704,0.2714377538532208,0.6061440519784933,0.2608695652173913,True,5
0.94797317239545875,-0.26667278188923838,-0.17387493153972625,0.29226958983507356,0.94554106436484764,0.14328496940513089,0.12619568644025705,-0.18664866192728546,0.97428790699906886,-8.0145377892695269,-21.445795175277553,0.084965293682862389,,0.3139479285037342,0.5882352941176471,False,5
0.81351441613862341,-0.50476757341220457,-0.28879749231285001,0.57769998677443091,0.7584534290741447,0.30168049523708895,0.066760916826077543,-0.41225973943283306,0.90861701900598102,16.536439230621248,2.1023068452811504,0.47011328643061739,,0.5091947748955232,0.2033898305084746,False,3
0.4133684013038067,0.90846445875747595,-0.061797184224050075,-0.90264655324966192,0.41775959221596098,0.1034703968198593,0.11981554452590848,0.013009622824677436,0.99271092721089738,-26.360123739578139,-2.1672818692713252,-4.1789541390704708,,0.1308112674100265,0.2692307692307692,False,2
0.30709196036829006,-0.90539304420757682,-0.2931858853657448,0.9512928957293203,0.28325290430128663,0.12169477696191175,-0.027135851047716084,-0.31627713750035941,0.94827866045930465,17.256393400191147,-0.63965341949522347,0.89348732239323447,,0.6519188220780809,0.5210084033613446,False,6
0.91026180911939913,-0.37605752161014799,-0.17321714493407653,0.40190523358061975,0.90307124962388652,0.15144141218061988,0.099476741398113577,-0.20746821092202566,0.97317075550883025,8.0982587279449199,3.4253481826516698,-0.95397979319992532,0.4617062079781822,0.3328563736561629,0.2407407407407407,True,5
-0.97293316634204963,0.194119316825585,-0.12537441791211623,-0.20151002992675149,-0.97825428461147634,0.049114788793280989,-0.11311393225661293,0.073049609680387456,0.99089302795760426,-18.605987366804474,11.576191402927597,-4.8428099801240378,,0.0735484376567922,0.2580645161290323,False,1
-0.98517336555612389,-0.10865763791904509,-0.13276655271819557,0.10461071710357282,-0.99382075523499191,0.037106661547853761,-0.13597807788719474,0.022667690354431384,0.99045249161587723,0.91630585077640547,-12.340823889452473,0.1760012683302522,0.1751890548868994,0.1287888079372288,0.4473684210526316,True,5
-0.75741741226623938,0.65291425538053927,-0.0046731912852843727,-0.64951159715129647,-0.7541630690463127,-0.096812966345517018,-0.06673491411461499,-0.07029253450774138,0.99529162099888713,-1.7524058259009121,-14.72077466360758,0.074880791573485803,,0.2278852809553154,0.1111111111111111,False,4
0.69425224148910203,-0.64920236193424663,-0.310725149362508,0.71243950574611414,0.68117533524465923,0.16861231659211307,0.10219479360314841,-0.33843235057145726,0.93542491320633958,5.2474146877535937,5.8344043418252642,-1.6421277122299158,,0.4066227434842868,0.2941176470588235,True,2
-0.44588433720832493,-0.86942446576681998,-0.21281037605899827,0.88663907726933333,-0.46160424314120907,0.028154384614425008,-0.12271228337569998,-0.17613239633897887,0.97668780808844469,-1.0634993148787646,-6.7396415397630358,-0.69493640367148557,,0.07622433635235035,0.3544303797468354,False,5
-0.99410955129248824,0.064403256456362079,-0.087168919844541615,-0.060245168893323917,-0.99695438943181902,-0.04952236886139666,-0.090092839083153214,-0.043979153589461063,0.99496186579963541,18.492302633377935,-13.344543093950421,2.1257728656552026,0.3108104009909873,0.2600534610808798,0.775,True,5
-0.95895701767723007,-0.23144650097745176,-0.16381073051814538,0.24317168864547314,-0.9684062345792267,-0.055289191252854517,-0.14583884286740312,-0.092854089911969279,0.98494119108590339,5.5276139881074782,14.453765919053765,-2.3393688641360657,0.5131588393194375,0.5303068039019334,0.774869109947644,True,4
0.64423410724130703,-0.75037963145657849,-0.14796223762192393,0.76428749678157681,0.6388908145688843,0.087653575642183582,0.028758256733472737,-0.16955511126061154,0.98510102371028663,-10.927070824118681,2.9659163846776821,-3.1260409245791601,0.4551763901465436,0.3994614017620584,0.9274047186932849,True,5
-0.91828308933684599,-0.33599084850675942,-0.20944287421081365,0.37337074406010295,-0.9108789101292325,-0.17576660252103526,-0.13172112707528688,-0.23960334054743548,0.96189385270960448,4.0542723787680428,-8.9667395702495103,0.14315795005902868,,0.2409194043950055,0.1904761904761905,False,2
-0.47589503704910791,0.87607572275545997,-0.077557989340420103,-0.87950207555002846,-0.47402969295101238,0.042094528195042565,0.0001132043395847826,0.088244989655330869,0.99609879479171648,-30.005134241876387,21.658223860433367,-6.7201179558590605,0.555094749559263,0.4777853391687497,0.8823529411764706,True,4
-0.9943665145499726,-0.011923724477533225,-0.10532359439518851,0.011680451151912706,-0.99992749922907886,0.0029263195942710596,-0.10535085098197401,0.0016796071159377573,0.99443369669239856,7.8660858109852887,-5.0119018231733952,0.1161912213184515,,0.3270710405053974,0.3529411764705883,False,5
0.93497071352047545,-0.29009259241794505,-0.20414713488865971,0.34335374181467959,0.8846533749031793,0.31543083909832381,0.089095302013466965,-0.36501327934288963,0.92672937423094448,-16.859415914856456,-0.56789198194137891,-3.3165662933850739,,0.1682326869656975,0.3888888888888889,False,4
0.30296661168829409,-0.85967346919132492,-0.41130616160065797,0.95252607055820726,0.25953442590118408,0.15917275733957872,-0.030088487982218116,-0.44000387287010878,0.89749165720370305,-7.1625510612081182,-3.1553757974559651,-1.9287749552831392,0.1498758639535051,0.3418218470672626,0.2584097859327217,True,2
0.93849769555229534,-0.25719188388412584,-0.23037884084083587,0.32283991088567643,0.89024926660426451,0.32129524622984923,0.12246006443882566,-0.37591033262562129,0.91852869004889282,-12.771120799028401,-10.777835206729632,-1.6291439712408724,0.6186666571255238,0.4585947679773552,0.2307692307692308,True,4
-0.17005166328892501,0.98542779285152526,0.0038074779634439948,-0.98381185759857115,-0.16999195435579692,0.056718288961729563,0.05653901892604464,0.0058991974088625776,0.99838296199845689,7.5173735914030155,15.969746252973092,-2.0178405463057825,0.6384501725033879,0.4100229887579586,0.1428571428571428,True,5
0.88580058144560503,0.46041921499069716,-0.058064415763680988,-0.43319337931856788,0.8652475729179433,0.25236904262244098,0.16643565130460147,-0.19839552421100168,0.96588735883013532,10.533832568270274,-20.61610501788293,2.0071809881513301,,0.5024793029130633,0.5555555555555556,False,5
0.35654227983921655,-0.90114479377215495,-0.24660831969825281,0.93341369686731224,0.33221989867717355,0.13553158090802195,-0.040205387543871957,-0.27851032221494126,0.95959133344991088,-23.803022364072167,-0.89671616919816188,-4.0715600749013126,0.4679307589535882,0.3715774535487926,0.2121212121212121,True,5
-0.95797342358913806,-0.21285757763215588,-0.19229813140401644,0.24095808883783126,-0.96084445086460157,-0.13681060143980855,-0.15564741925430517,-0.17739671047478034,0.9717532032322822,-22.429467219299291,10.686605680706334,-5.2014807516735875,,0.3061068899103859,0.6507936507936508,False,5
-0.6208798213923995,0.77970962497989793,-0.081000914201312862,-0.78235318434142909,-0.62283333815395048,0.0014587099892880984,-0.049312699566823145,0.064277006757576527,0.99671295971494145,-5.5590693815866574,17.183998334147002,-4.0406388623080352,0.4654980073077141,0.2889918823651734,0.7674418604651163,True,5
-0.89901069641059561,-0.41261368933573422,-0.14673006205986,0.41165091260792291,-0.9105360780092363,0.03830896491191936,-0.14940981858097699,-0.025961394729724821,0.98843447536763251,13.29600325108591,3.0435972435488954,-0.10170734174492084,,0.08236958108234198,0.4761904761904762,False,5
0.55245617619871301,-0.78382550887345781,-0.28356612107083828,0.83352794431157562,0.51752460002469447,0.19338938549206613,-0.0048310901063043643,-0.34319944639894889,0.93925012672867902,6.3822688004750274,-5.9373760464525454,0.040448463855280177,0.4569834974474981,0.2422388149627336,0.3428571428571429,True,5
-0.89080314559605922,-0.42917062446371979,-0.14927267296322652,0.42821856996360774,-0.90278385151459373,0.040126970765290731,-0.15198227572479733,-0.02817609876999605,0.98798152580076826,3.7492284661788271,2.2561834797839904,-1.3506155634654411,0.497332164383038,0.4896713865321601,0.9739837398373984,True,5
-0.88437245447611834,0.45529283708050333,-0.10292615929428435,-0.4577398652222433,-0.8890861517865416,0.0001746073340782861,-0.091430725416616287,0.047267824199817204,0.99468898417807272,-15.235707819717915,1.9395397735947253,-3.4441734983087087,0.8642744755100331,0.610059843830708,0.5973451327433629,True,5
-0.99037173996731132,0.070040616746364692,-0.11940740630257507,-0.058622075701132675,-0.99359571833554672,-0.096597105265940189,-0.1254084084685316,-0.088667133206489265,0.98813504672910557,1.3842951231013798,-8.9289361136766612,-0.16271330636491296,,0.141993244499051,0.1923076923076923,False,5
0.70697639122412514,-0.66170270571672374,-0.24966760202092644,0.70668853207248739,0.67484769578384451,0.21253683476628027,0.027851407306384218,-0.32669575562348946,0.94471910236252288,-28.999575972758958,6.9807817577897904,-5.6100429635354718,,0.3596592093349194,0.4558823529411765,False,5
-0.97622211519459756,0.19806288333838748,-0.088099239773510044,-0.18385490331930474,-0.9718180512863005,-0.14753660467676222,-0.11483795683673241,-0.12783101907511502,0.9851251058783258,-11.563136735059256,11.963399438658872,-4.2862392268179494,,0.6686931685822962,0.4791666666666667,False,1
-0.76982799351543763,-0.60540036075686432,-0.20212685025857985,0.61841495966695448,-0.78585014089399063,-0.0015791507257893467,-0.1578853953350812,-0.126213942384961,0.97935807684806031,-3.8430347628534594,-6.8733465807020702,-1.0253109939102034,,0.1369742308484662,0.3710691823899371,False,5
0.79850349067112247,-0.53853643340377522,-0.26901800178198765,0.59887978546885201,0.7560139682403032,0.2641701769358753,0.061116102156586902,-0.37205025160896044,0.92619837634002289,-26.44609491062846,22.176545009007107,-6.3999473350843852,,0.3400828837624062,0.2272727272727273,False,1
-0.26521303153985704,0.96332906321117484,0.040732835331214912,-0.96371644647066101,-0.26616981844052678,0.020105684601613272,0.030210241697168815,-0.033922613755694969,0.99896776603280901,-26.156520943288083,14.800859891839842,-5.9310935171124299,0.3651815356640598,0.3365759682804059,0.7368421052631579,True,4
-0.82027278521919733,0.57114246948601832,-0.030803204024170999,-0.56821427062209762,-0.81986396555380947,-0.070396169269223596,-0.06546067896179994,-0.040241241727810073,0.99704340024597993,4.0474537243550905,-19.277972996650124,1.1913949219808138,,0.1523053474779377,0.1764705882352941,False,5
0.28329185304168614,0.95882507800183803,0.020004894275657714,-0.95217996744172029,0.27871673377677841,0.12518103656501772,0.11445101835674273,-0.054511027394253619,0.991932211539443,11.249666287794184,5.9615595233900462,-0.82828981182962302,0.9267395259652171,0.5597756695751462,0.7222222222222222,True,5
-0.95843356218754538,0.27347139096392981,-0.081354195938172919,-0.26965002058070775,-0.96138903905289863,-0.054954362791035716,-0.093241478287922203,-0.030732945078503708,0.99516908754918887,-10.767618692158377,19.326268310296694,-4.9773936606966593,0.2743759157572732,0.1787587341866529,0.25,True,5
0.57082898354275513,-0.7594994737720987,-0.31195323509694661,0.82093288654583785,0.53485401366562046,0.20000094963098403,0.014948823868924405,-0.37025900854088889,0.92880826829828234,-19.225912867326265,17.641515913394716,-5.4268079467018442,,0.4114278965249807,0.2631578947368421,False,1
-0.16591371633928992,-0.96352225743473252,-0.20999404314971049,0.98139494522338888,-0.18219353488345214,0.060576210979671904,-0.096626084575890031,-0.19603666818875781,0.97582427952218098,-9.0163427610891986,-8.0283041756590663,-1.5034328543934237,,0.0847450315793708,0.1428571428571428,False,3
0.68123782101178354,-0.64635762860390655,-0.34371041178389117,0.73117520499780553,0.62385982717505983,0.27601039044485659,0.036025696655791167,-0.43934124775923222,0.89759758087788211,1.9213664020191636,7.283880627482711,-2.5045803403453881,,0.1510753780759051,0.4705882352941176,False,1
-0.39706299793683558,-0.85093293960903593,-0.34388095026874432,0.89762342791428007,-0.4381642802304419,0.047793777728426044,-0.19134564883693542,-0.289698456707075,0.93779616487417394,-16.423731518352007,8.2012766330482432,-4.2621381978717379,,0.2388501944641765,0.3888888888888889,False,5
0.95769885810107624,0.2833025729096536,-0.050522760956471638,-0.26397425475680658,0.93476299758966452,0.23777243566648609,0.11458835026948815,-0.21437768195396448,0.97000604094127252,-13.757473910850342,4.3304621311508766,-3.5772039376223144,,0.5663792722107566,0.2893081761006289,False,3
-0.99146728615052526,-0.0094282609624129175,-0.13001433916510099,0.0056648296137011885,-0.99955502715729194,0.029285788192131616,-0.13023260036857517,0.028299391862923538,0.99107951962565966,-3.2438332912399281,-13.406019238883763,-0.19825256517289538,,0.08682065720467964,0.3636363636363636,False,5
-0.23203637344605949,0.96726268209568944,-0.10277171411947447,-0.97184668609531777,-0.22609052636979482,0.066310576919365927,0.040904035541140325,0.11526481558083226,0.99249225798772178,-21.947486923466002,-2.9837753763789041,-3.6388390354360478,,0.07657597964155714,0.2307692307692308,False,3
-0.96148190940424927,-0.22899238393528201,-0.15203626537111128,0.23848564890375495,-0.96999787983778341,-0.047209198014372608,-0.1366643082714486,-0.081649257252235138,0.98724681090132904,-17.035662112020276,0.76541505258664677,-3.4914041533689533,,0.0808735518187863,0.2054794520547945,False,4
0.24542615714660193,-0.91567344519323146,-0.31828940157694396,0.96864562133475507,0.21855542082004054,0.11814900887938451,-0.03862203590254383,-0.33730649237471344,0.94060229031435449,-26.506192512072438,3.3346743025185064,-4.8495013117320527,,0.2256530824939039,0.125,False,1
0.87267725323443035,-0.43573691741345849,-0.22038092133900111,0.48347546043594181,0.83432220850662286,0.2648734255241284,0.068453567061652759,-0.33769778085686142,0.93876212000745274,-1.9119117010794078,-17.141408887078306,0.27128501207882932,,0.08998278820928939,0.3333333333333333,False,4
0.97436311329625735,-0.18970908163027078,-0.12094208446453089,0.2057866187697216,0.96877622463720736,0.13829133780901204,0.090930693294133197,-0.15963424107841115,0.9829794087835052,11.622164081473922,11.969694732027444,-1.2116323545899232,,0.1649606023778123,0.5757575757575758,False,8
-0.90311900451653393,0.42934774501862699,0.0060479358864259369,-0.42738368604809351,-0.89744922077738931,-0.10921575447710423,-0.041463822556668084,-0.10121961259300762,0.99399966873511181,-0.65843958944243153,-13.220624134473994,0.044594411214641222,,0.2174390107880068,0.4090909090909091,False,5
0.85211911836950593,-0.49031756638493723,-0.18298003225360018,0.51806210855881651,0.83984220157341172,0.16210098127993511,0.074193394482049424,-0.23292436658855042,0.96966054867904838,-10.290339419696155,-21.411956447668153,-0.1430187176160238,0.2711654611685751,0.2160993193837935,0.5416666666666666,True,5
-0.96813515398208294,0.22593562134506967,-0.10801582583818395,-0.21991501103651653,-0.97335858911948503,-0.064887941161156801,-0.11979862914447906,-0.039065995376314187,0.99202930221861907,3.1835371449770005,4.5586217492775694,-1.8876411356281553,,0.1671685186844437,0.2608695652173913,False,5
0.92694695204266897,-0.34334138130265951,-0.15128134050168957,0.36286193535921402,0.92289930533295006,0.12879475176933436,0.095396876081830353,-0.17428014258985589,0.98006421622906292,-3.084454384956278,-20.753088335394803,0.48449374201175593,0.3408439151970356,0.3589594739991533,0.7692307692307693,True,5
-0.81322397682040726,0.57904279634676292,-0.058105107549358256,-0.57961964907281005,-0.8148468930249827,-0.0080995886466356665,-0.052036774814683454,0.027092082357270439,0.99827761326217901,7.5224076306026157,2.5128280229896851,-0.88469322951849949,0.3543008375583148,0.3218178023878952,0.4653465346534654,True,5
-0.43353106765874183,0.89329839598451366,-0.11861192649210209,-0.90113720526672036,-0.42952524250543417,0.058820092950743988,0.0015970781940026976,0.13238595764711691,0.99119695699648869,-1.9759553484167842,20.661624737240167,-3.6237252654685119,,0.09493288079903714,0.4545454545454545,False,2
0.91125587404455166,0.40746726572536279,-0.059859497004206799,-0.38434084294528115,0.89359905315895061,0.23186817081595718,0.14796907941664966,-0.1882847831231291,0.97090369861323789,1.2923229535503902,-4.9773910218073869,-0.66912342386751589,,0.2089675310657269,0.1724137931034483,False,5
0.13890018142531366,0.9868726843715151,-0.082395657903647168,-0.98641563501897234,0.14524283374250599,0.07673795825121224,0.087697973694566889,0.070617448890530579,0.99364090159476659,-20.151712189337047,0.51154150460145287,-3.8145724139567543,0.866438842660129,0.7698593893179035,0.9987437185929648,True,5
-0.99146440900181998,0.048397337181396848,-0.12106206439848548,-0.020053180668982779,-0.97410800009983856,-0.22519208264624069,-0.12882622259357759,-0.22084225568320093,0.96676393316932663,-27.459243177263204,6.9540217485124938,-5.3987512664755473,,0.414034977718173,0.3529411764705883,False,1
-0.72232676090326575,0.68392611140965154,-0.10241642746683352,-0.68733341762327871,-0.72633685211020793,-0.0027477781819573444,-0.076268102777635668,0.068409439397691396,0.99473781726643584,-24.324058966501664,5.1760971877463087,-4.8147426519834982,0.1821087889584049,0.08484881346037343,0.3461538461538461,True,4
-0.77273444566573546,0.62985895202001163,-0.078480424577870911,-0.63228590719366662,-0.77469188207441209,0.0081865384802711078,-0.055641783274374676,0.055948086725636698,0.99688204093854038,-8.0076536092310917,-11.961221406395076,-0.9246022163106371,0.1898635201528895,0.2640695377410147,0.4468085106382979,True,5
-0.79534594915824208,0.60189813766668876,-0.071717871070932915,-0.60170874753844272,-0.79827091275511797,-0.026648320487976968,-0.073289864874305888,0.021958636626231431,0.99706891135177977,-22.30303050767381,-0.99777496063637872,-3.8676923305525639,0.2441575401786207,0.1998946914983804,0.2295081967213115,True,5
-0.83839444601489588,-0.49179942589206305,-0.23500654795901599,0.52368183184591965,-0.84636707235661246,-0.097057291457153097,-0.15116908376343968,-0.20444095363388959,0.96713587700559855,1.4575555926096548,13.636732614013127,-3.0573473925422139,,0.1423776457282387,0.3611111111111111,False,2
0.844543595345145,-0.48553519722096161,-0.22583553268053136,0.52984959301647094,0.8187347562499071,0.2212076121852205,0.077495318192633708,-0.30647833719205791,0.94871782132002513,-13.580584698509268,7.5558463636028961,-3.9186830662086694,0.2797608295622444,0.2760636337654945,0.4545454545454545,True,6
-0.062709627180876887,0.99792490533319445,0.01460773680523611,-0.99608919178775379,-0.063493637277568585,0.061440052318378353,0.062240056735642035,-0.010697725973316752,0.9980038747402461,-13.408126113271736,24.806697171130743,-5.2963617048274134,,0.2879569178447854,0.25,False,4
0.032848964052797761,-0.98806566557511266,-0.15048982049384124,0.99842958716943886,0.02560442855146125,0.049827429225457145,-0.045379566164991302,-0.1518902687803392,0.98735507352953544,-8.5973218512116922,5.6582114495888192,-3.239382466116262,0.6993816555626613,0.4038355867845472,0.9097472924187726,True,4
0.96372605798332134,0.25128721012780542,-0.089926765704721828,-0.23209137947598216,0.9554190445362496,0.18250490653781309,0.13177889336636339,-0.15501350703607877,0.97908382475634448,15.547478497745459,3.778075245322738,0.14451319275819854,,0.1530471472326181,0.25,False,5
0.50598480974501125,0.86191955340225279,-0.032772790088219289,-0.84519582454519693,0.50303270224572061,0.18056056779577817,0.17211446911480302,-0.063661479202338847,0.98301771377076408,1.5222604055508937,25.601511527915743,-3.2498966481397784,,0.1897356582903679,0.3333333333333333,False,2
0.57480195600868711,0.81722738043906795,0.041738711399455952,-0.80718510675021871,0.55788589236352426,0.19291328244160227,0.13436857820646358,-0.14457779830407561,0.98032767247911579,6.4605417506715455,-8.8021524003470333,0.39165023264474769,,0.08441457566966781,0.25,False,4
-0.62696906528669416,-0.76340565679110695,-0.15531128211713768,0.768997358452994,-0.6383742369524501,0.033487255601134372,-0.12471108156795012,-0.09843849234276672,0.9872978321456175,26.312129211499379,3.6918626430499959,1.8159264230914136,0.241844766247755,0.2593186307982293,0.7368421052631579,True,5
0.79800460597391742,0.60224615215849475,0.022095724805934858,-0.58291192421598703,0.76204063884081719,0.28197119243265656,0.15297822541534445,-0.23789417177679217,0.95916840314066099,-5.4828422699905941,-14.135301104355023,-0.37877891509731521,,0.239782896186444,0.375,False,5
0.91064949500629677,0.41283458323225813,-0.016885026864750838,-0.38580116914450213,0.86422513461203665,0.32291233267179775,0.14790184289423516,-0.28754568957342075,0.94627824728048882,8.3135603381839314,-0.41298716553081377,-0.35620601389513457,,0.5012088194280897,0.2285714285714286,False,1
-0.89792555219372006,0.4399845682045917,0.011970065138650898,-0.4331140283469202,-0.87840802433705878,-0.20201876454767773,-0.078370537619106784,-0.18658221384174248,0.9793084990498182,-16.861325104955156,22.257488822320738,-5.5343882769135115,,0.3558376186907263,0.2631578947368421,False,3
-0.97695896637482127,-0.13516354036715744,-0.16517262295930724,0.15380751658176156,-0.98241959017696379,-0.10580641133446889,-0.14796765140662613,-0.12877331319781848,0.98057279584193258,-18.045845767876425,-1.9868154929145048,-3.2967754710998398,,0.2785951425255543,0.4102564102564102,False,3
0.18542678749884461,0.98203114571767869,-0.035096086936899709,-0.97810238360373858,0.18788451023609268,0.089527303109327633,0.094512611150809556,0.017726806079147728,0.99536582555344377,24.782645762102653,11.945087203572209,1.0035586324009533,,0.1971017507411133,0.2142857142857143,False,2
0.2535330929296909,0.96141012324664599,-0.10682483657077817,-0.96204750027365749,0.26212893044067642,0.075848737914574305,0.10092362462135157,0.083540401871763634,0.9913805642882012,-20.203926627605657,-2.1955221365895881,-3.5075768243846026,0.3854876104324471,0.3447634967430754,0.913946587537092,True,5
-0.35517607016896208,-0.91749976613443207,-0.17900876604958074,0.92775339665692824,-0.36944283543098938,0.052779033149937732,-0.11455825666822914,-0.14733014115235177,0.98243077890361463,-15.414781174938891,-5.1498956956249344,-2.5880557314009875,,0.1063885684964058,0.3666666666666666,False,1
-0.98055843383326213,-0.11196842271731755,-0.16114661073896722,0.14882693279312159,-0.9595828657843597,-0.23885407212033805,-0.12788941282941216,-0.25819333067930328,0.95759098892944694,-10.019033878109548,-4.3750259770349045,-2.1218161502368149,0.5972124291890919,0.4659859595649811,0.4878706199460917,True,3
0.26649802852390975,0.96364569362000807,-0.019125322493583605,-0.9587315536541523,0.26707398366371965,0.097495103866233002,0.099058613056945466,-0.007646202822674808,0.99505222313285135,12.612915332503022,-2.9826011433159585,0.44977311778509377,0.9980652043611402,0.7728951411419457,0.93646408839779,True,5
0.9380753511780886,-0.31555666500476537,-0.14296372506050695,0.33623462243137336,0.92870812468974762,0.156356956396842,0.083432093288721088,-0.19474396089820678,0.97729927632385949,-23.8752872118013,-6.0528209287227615,-3.4606752226608042,,0.1952464649675659,0.8392857142857143,True,2
-0.96570061625508552,-0.20974422965996387,-0.15306755988418269,0.21899025424191315,-0.97463804648725982,-0.046086298251887245,-0.13951913242136996,-0.07802587047798959,0.98714050429740829,-2.7470061271000437,8.7676617939045229,-3.1553715247435825,,0.1185519840280864,0.3181818181818182,False,4
0.96977128833650617,0.23326867106748109,-0.071619658031614852,-0.19968133149560877,0.92732415971025828,0.3165395214974035,0.14025339272293894,-0.29266983089494497,0.94587174390275031,-13.168863581544491,10.30197528833464,-4.2321825237797288,,0.2108617606307801,0.3235294117647059,False,4
-0.34626885114585226,-0.91701134889872415,-0.19795976539962407,0.93122642310364057,-0.36154137658683411,0.045882261597449445,-0.11364520068938802,-0.16845776624020545,0.97913571549281619,-7.3559524130139167,-19.779216051204056,-0.067160835283854678,,0.09393638971143213,0.3043478260869565,False,3
-0.84856593122477753,0.51747354642005028,-0.11025873715984279,-0.52400425899600755,-0.85078249331817168,0.039858319299254839,-0.073180577468835828,0.091598459696505638,0.99310338095414641,-24.025761360076434,-5.0955428062703811,-3.5938713018780581,,0.1449532540089372,0.5517241379310345,True,2
-0.40408454845148095,-0.90067209932265402,-0.15970424917479364,0.90724950755620537,-0.41689848417509523,0.055623600490522479,-0.11667908442297675,-0.12241496393100679,0.98559655430809245,-4.8930838543546162,-3.3481026521645867,-1.5685642492635452,0.3014600785749766,0.2488358821004643,0.8348813209494325,True,5
-0.3414493770656486,0.93791307978356098,0.061085003662077531,-0.93972946362578991,-0.34190421102389029,-0.0031694917126905559,0.017912512248876002,-0.058485598697856522,0.9981275352628477,16.93476466469717,-13.489489505073836,1.9741925433856089,,0.4643119319075844,0.3448275862068966,False,2
-0.4198250117236087,0.90753298873542543,-0.011438264213520954,-0.90701509385788548,-0.4190644571431944,0.04133521831624757,0.032719704235275857,0.02772823680341456,0.99907985959007828,7.7259323961439792,-6.7433150135947368,0.29749554683377993,0.3386648785519654,0.2569724332227569,0.4659090909090909,True,5
0.98555815050307194,-0.091491518285093623,-0.14249362813422031,0.11863184167692756,0.97351192540165954,0.19545080516870528,0.120837155367484,-0.20953241558919522,0.97030642000352241,-0.91341056206112092,14.826048311793222,-3.37169734976924,,0.08535339306763713,0.3888888888888889,False,1
0.55276921013778801,-0.82114374955537639,-0.14201810761231315,0.83324428248118199,0.54713005288178851,0.079703644496290471,0.012254225233183744,-0.16239349679007475,0.98664998158628969,3.6663293093654903,-3.5641045869384866,-0.55351601444926679,0.2224426765631551,0.149399781507236,0.4722222222222222,True,5
0.043961531266870427,0.99866210044372883,0.027228531102356873,-0.99593262390403525,0.041663181096774568,0.079889849070589991,0.078648537254651221,-0.030629862523645274,0.99643174332690065,20.283645993164246,-5.5715180204099095,1.691451344608456,,0.2511567474575386,0.3181818181818182,False,1
-0.95139029518114082,-0.21917696601004363,-0.21637459140521595,0.27176647428998479,-0.92797844167029719,-0.25494900518958391,-0.14491200670452764,-0.30135936913558792,0.94243463484056433,10.565644027207959,14.271345651208083,-1.4503934343179092,,0.4343200914972187,0.125,False,1
0.31508302204797439,0.94841293724010289,-0.035150955786673099,-0.94083713413926506,0.31700356082941206,0.11972564239162906,0.12469232631453564,-0.0046521927168000077,0.99218454979968085,-1.6327349267466911,6.2069428339500252,-2.7389131467257877,0.2491884572396448,0.1208123298735079,0.2173913043478261,True,5
0.50386147606605602,0.86344868781974615,0.024082699991749029,-0.85340374266095786,0.49330328546623858,0.16838622437860892,0.1335127894578037,-0.10539559787093568,0.98542686334431906,4.2579291579090253,-16.814131522468955,0.97066152749811396,,0.2563475479757197,0.125,False,4
