axis_00,axis_01,axis_02,axis_10,axis_11,axis_12,axis_20,axis_21,axis_22,location_x,location_y,location_z,dbh,dbh_approximation,score,reconstructed,number_clusters
-0.007177121136684575,0.96248905677120422,-0.27122556024067479,-0.99392862473891208,0.022913733763005349,0.10761435652204375,0.10979243078101872,0.27035120935685986,0.95648096987994435,-10.872374783094154,-1.3368822512311869,-4.3307624484080032,0.4874668606120983,0.3830897377166725,0.7820823244552058,True,2
0.84861675548110072,0.42240733963802057,-0.31846764629497254,-0.39500043192449091,0.90640528239932083,0.14968006820573382,0.35188671628266305,-0.0012261560004495353,0.93604179150573585,6.4493682709354063,0.19421156855293498,1.2116302850554193,0.3870191755886577,0.450466758554369,0.9352331606217616,True,5
-0.062255582960366943,-0.91917316757483791,-0.38890221187427598,0.9889567478733835,-0.10932066782700972,0.10006768919865135,-0.13449458437411579,-0.37837769436939062,0.91582832844247519,-13.073452703467717,-10.934818448678119,-3.8716776243207622,0.2085200738779353,0.1596654359490902,0.7631578947368421,True,3
-0.88505691798646779,-0.30110443612832261,-0.35497939442753562,0.29444573411818947,-0.95279431089741751,0.074058833241655991,-0.36052179071991669,-0.038975885690512246,0.93193611301995627,-4.1907302232856454,-1.9351625918688355,-2.1582530639675781,,0.08806339345181442,0.3888888888888889,False,5
-0.42993357500574686,-0.80054735460110282,-0.41746982420763623,0.85703420001756603,-0.50730411014244525,0.090193790433895069,-0.28398855801427869,-0.31900857805670157,0.90420353131538522,4.0411271068968881,-8.5006141451566499,1.4801766995961598,0.8113072728467956,0.5499136075049863,0.8421052631578947,True,2
-0.58242447787580143,-0.64098948212356766,-0.49991420401711156,0.76079619627252182,-0.64643844561849062,-0.057502032691143387,-0.28630556283167802,-0.41382341624576019,0.86416393401849756,4.6108707686859463,0.64143494056071615,0.49360814178223106,,0.1029074494968656,0.3428571428571429,False,8
-0.20754154572023886,-0.78786419833432653,-0.57982455258730037,0.96026526670465817,-0.27714649116794515,0.032870047063060265,-0.18659347352114353,-0.5499634782567886,0.81407803570849968,-8.8415727448364763,-16.553757916457641,-1.5919770829908142,0.2745304214106251,0.1627358038040814,0.5,True,8
-0.56109821229150714,-0.72816195677212714,-0.39363556860764359,0.77524175609068313,-0.62895736102363775,0.058419668157365011,-0.29011896831594758,-0.27238355810138337,0.91740840496439857,4.6311647718051594,16.924359762179581,-0.78606114923285975,0.06282833960146605,0.1306406137575975,0.4324324324324325,True,5
0.7325808472021359,-0.56959760016270078,-0.37267127096342584,0.65022537169989969,0.74753558417244814,0.13563744465923125,0.20132627327383384,-0.34168570980485968,0.91799706285195737,5.7851314552754802,21.07378479457272,-0.80011142881461284,0.1875177146518373,0.1919575656017771,0.5416666666666666,True,5
0.56797267096485982,-0.73725796940791888,-0.3658657288973034,0.81425554186358795,0.56813625530996337,0.11920196284796086,0.11997898808323849,-0.36561165455560063,0.92300225377386713,-18.8543824029314,-12.578389989184206,-5.4985119098485349,,0.14159532117661,0.6842105263157895,False,1
0.89317343947645833,0.3039261456005703,-0.33146659716202864,-0.26120797257406703,0.95059332986100931,0.16775790976137084,0.3660759512417322,-0.063255191440226427,0.92843264627991273,30.435702192780447,-11.696340539962442,12.586358419941334,0.3733159840207764,0.4095225120707965,0.7575757575757576,True,5
-0.82309617319091388,-0.36160708014136705,-0.43789611698450631,0.44219367339855259,-0.89191162772868537,-0.094648843250519352,-0.35633894662914356,-0.27153999321279026,0.89402941070259567,-21.090322683431321,14.823101435175083,-9.2130330548194479,,0.1379292307141699,0.3870967741935484,False,2
0.90809754740517123,-0.27026968636132431,-0.31986425406860486,0.34283141197630757,0.91845416132948443,0.19725257032263266,0.24046926489479853,-0.28878408919243692,0.9267029094970245,20.185988065008758,-2.7544737019398782,7.0320176073811478,0.5649402644594177,0.5133874040536056,0.3243243243243243,True,5
-0.87895811204309837,-0.2420247959544215,-0.41092169012702817,0.29662569789785181,-0.95214696945578348,-0.073684081746197422,-0.373424467088386,-0.18665515449456158,0.90868807666897811,-1.8535135991974352,17.84645771613275,-3.0188334835718034,0.4363866934902516,0.3678700239559521,0.2452830188679245,True,5
0.93057921974570412,0.21350356671048812,-0.29738618458055111,-0.10204087668511526,0.93140715544049091,0.34938284199368902,0.35158210316057131,-0.29478286550638272,0.88853423509791452,-19.590725599138956,14.085451918046708,-8.5946032747322487,,0.5466192118208377,0.7058823529411765,False,2
0.59348732904183399,-0.70472511613460587,-0.38876123900905663,0.7944331860356082,0.59037653114384903,0.14258844413159566,0.12902985387926008,-0.39346926457300679,0.91023800988767467,-2.8354705305056083,-12.157631293205426,-0.31809184679312896,0.4644677025537843,0.2267248937961472,0.4274809160305343,True,5
0.24897038133482774,-0.88626010054716176,-0.39058518071750287,0.96822970980292677,0.21803966074927245,0.12243339166780171,-0.023344769712498423,-0.40865846439108067,0.91238877744555447,0.46060645040047776,-13.839770751860522,1.1450282533396998,0.6071060269536501,0.5937066863452422,0.8996138996138996,True,5
0.57843706050163113,0.77887511527574738,-0.24241312225707315,-0.75759452405580374,0.623120724926431,0.19434788212846149,0.30242536956891003,0.07123283632812405,0.95050764272032962,-10.738641169533613,-5.5425187030787253,-3.7256462262165249,,0.0773007645982623,0.2545454545454545,False,3
-0.82321950333868477,-0.39527374503528867,-0.4075148044041933,0.44170988388774191,-0.89687930267204508,-0.022358329865730497,-0.35665393282380586,-0.19840913014346118,0.91292485412383662,-20.642937865989214,4.2234381142350497,-8.0340623711998198,,0.08301297964185583,0.2,False,1
0.38118435261925981,0.87827450105956939,-0.28867350087391264,-0.89047942935547453,0.43272545101160104,0.14069495350422384,0.24848516095128306,0.2034270995599442,0.94703354742672352,8.1049858835135584,7.3002701772676524,1.1277489432991687,0.3721597460379706,0.3469267697024883,0.7751937984496124,True,5
0.89458567390135357,-0.24609080339145539,-0.37303590783811907,0.3503882905894406,0.90435055875899861,0.24367624564182999,0.2773887486331616,-0.34869669249712693,0.89524638998059825,1.3759089006615324,28.871036920697719,-2.8396074099638362,0.4197653763446013,0.2896891974936269,0.5161290322580645,True,5
-0.32538755741736214,0.91780824115992676,-0.22748839516969879,-0.94523962081446988,-0.30925510502563147,0.10432324409307624,0.025396785632846447,0.24897652996719954,0.96817647709754451,-20.886331171202741,-15.472912655887074,-5.842287022658307,0.5235594098316664,0.5620436216676746,0.6623376623376623,True,3
0.88942545570330356,0.30204624362666632,-0.34306038165021524,-0.27693148383886335,0.95320659066047264,0.12126891102109888,0.36363623582610166,-0.012855435910863397,0.93145232071307082,-10.928343338374336,-3.6695494325572624,-4.0330636965167566,0.4191543806644146,0.3447559626042835,0.92894280762565,True,3
-0.4929305478880916,-0.68829268770678009,-0.53223364325089784,0.82435218080206518,-0.56513575744062206,-0.032635221293788569,-0.27832167893577064,-0.45483486202290202,0.84596825668755593,-20.750908513955881,8.5773852920828144,-8.4483486801523746,,0.3268840852004773,0.4285714285714285,False,3
-0.70072895791747958,0.66227269400509381,-0.26528061804647229,-0.69037079186738604,-0.72323064072586962,0.018044668233199099,-0.17990858031867607,0.19578641191482898,0.96400237740227335,7.5607510337190336,17.654711783820584,0.087691593279975749,0.4137698081060904,0.1771073802182798,0.2142857142857143,True,5
-0.93651560389021393,0.0078651206038510488,-0.35053767778661649,0.015991141794167253,-0.99774997857815895,-0.065109627793446187,-0.35026105557750165,-0.066581680101730323,0.93428265146076872,-3.2457077799501248,-21.571919764186202,0.99603543313325094,,0.1244797263417182,0.4210526315789473,False,4
-0.85145902346927138,-0.36673955713167594,-0.3748594784550846,0.36787212660919649,-0.9271268040149836,0.071456194559957026,-0.37374808336201948,-0.07705833187803493,0.92432374397252859,-19.905723541802161,10.87194723333516,-8.4265640857292432,,0.185030291489428,0.3684210526315789,False,2
-0.93810843161653301,-0.032783470032166862,-0.34478662187303527,0.070435998873180986,-0.99276447215946606,-0.097249539231168622,-0.33910373131640215,-0.11551600283331907,0.93362985840037627,3.9070810556549413,28.426754939910111,-2.1094506472472787,0.4554290386385829,0.3642617771572534,0.5,True,5
-0.43342357606222742,-0.75430989652887581,-0.4931131550790635,0.84582759431104326,-0.52932531278812367,0.066260047870112471,-0.31099788490506652,-0.38837004678573395,0.86743819511491582,-11.581010738664471,-12.775866460977422,-3.1063185690226001,,0.2863676821879149,0.1666666666666667,False,2
-0.64334292665280646,0.73222925730274746,-0.22349539922707415,-0.7496496073774761,-0.66175658743011501,-0.010182590615607209,-0.15535554346272376,0.16099234063369627,0.97465179493636933,4.6845566104864513,9.4864743157196223,-0.14508521464263135,,0.4573131331891447,0.125,False,1
-0.92740033208178507,-0.11853644913743577,-0.35479252286439655,0.1082782827821961,-0.99292673076658755,0.048706476026454046,-0.35805647254634848,0.0067540769217470584,0.93367550300551505,-14.197285701672145,10.084416263994678,-6.423469627285689,0.08942538982988711,0.1231739250844667,0.3809523809523809,True,3
0.80939843289074276,0.5194061054496798,-0.27402823660273801,-0.45525122087843595,0.84972286171668376,0.26592740393705844,0.37097237460854632,-0.090489534740797128,0.92422461630260144,-10.785078469610877,-14.366464804481303,-2.6244191417715084,,0.1896568637647037,0.375,False,3
0.82679436794173111,-0.42209267016250029,-0.37181830365774543,0.5041114801803066,0.84927367825271427,0.1568624715396415,0.24956499892864167,-0.31713088342543261,0.91495645474937826,-9.5808002328785093,-21.404050902740654,-1.1902894309664196,0.3010827175966248,0.2957509352497133,0.8064516129032258,True,5
-0.74740689069932531,-0.54179363023849059,-0.38450305846399263,0.56811766250937956,-0.82124684247014501,0.052876698816162811,-0.34442018129030377,-0.1789225697496378,0.92160807980081205,-13.757612028494178,4.0500416791347185,-5.7315156825221454,,0.1759710745233158,0.1318681318681319,False,3
0.15986028985428119,0.9385582782674694,-0.30586442425249233,-0.97041015042535839,0.20621977655730839,0.1256086928046263,0.18096637168031626,0.27673409990866171,0.94375283325063686,4.5216019836744756,-9.9876450437497954,2.0123862594576165,0.1150643803904759,0.1317343247559311,0.3043478260869565,True,5
0.63052051558670252,0.7549083833095116,-0.18043617218645169,-0.70938749954908875,0.6548194959776189,0.26073128537079937,0.31498135644474412,-0.036397259466024234,0.94839969664461221,-15.440972312253702,7.384294658806259,-6.5557767772801174,,0.5602122879444904,0.25,False,1
0.23241540681534792,0.93873038305148548,-0.25449626050468632,-0.96281983527200121,0.25910348631051544,0.076441796083910468,0.13769910486874604,0.22726779648192433,0.9640478749525867,-12.435214335998902,10.009118287183242,-5.8234231137409571,,0.2081080365393373,0.7723577235772358,False,3
-0.90780241174745557,0.24796973146678997,-0.33823925482089151,-0.28815793852328442,-0.95476306310437908,0.073433614901861427,-0.30472903322708672,0.16412953910808364,0.93819065796918566,3.6984316621914934,-5.3641613577851635,0.83325058033976118,0.2464071725219793,0.2301265845053536,0.8119266055045872,True,5
-0.060633853238724736,-0.85185589433213849,-0.52025481365674919,0.98472912254285494,-0.13626568069675696,0.10835229337780607,-0.16319341609699051,-0.50574024909615767,0.84710962064348694,11.921331115039877,-27.175659733888594,7.7769183760298102,,0.2989462132575829,0.5,False,4
-0.91046958517877496,-0.11190505290332339,-0.3981487078958002,0.20008787814443224,-0.96171869179559966,-0.18724849497558138,-0.36195300176134698,-0.25014878969458543,0.89800646296687958,-17.808972688644111,-8.7625019845852137,-5.6203882112048253,,0.3346389181285059,0.4166666666666667,False,1
-0.0045240000774790495,-0.92868662222309462,-0.37083782321542968,0.99386298212580992,-0.045163588198351014,0.10097832966058332,-0.1105255906262918,-0.36810515889472278,0.92319157589949885,-3.0185439337783899,0.1019290702602559,-1.982795469944002,,0.07158382780728234,0.3061224489795918,False,2
-0.63602391827619809,0.73027254953683607,-0.24935031336166591,-0.75636096044742718,-0.65400729570763183,0.013876407036228361,-0.15294336498075636,0.19742456927687402,0.96831392975326114,-12.687131674666073,19.147513369814384,-6.8061146274356403,,0.2241518930615304,0.1666666666666667,False,2
-0.021028688056120279,-0.91836816594593129,-0.39516794664515159,0.99154972543245601,-0.069765765616204511,0.10937037964095447,-0.12801146930435603,-0.38952875339965826,0.91207478531173558,11.271756217046095,-8.3844128092648322,4.3269135910611158,0.4074597065755439,0.3797515760467702,0.8794326241134752,True,5
0.55014565536625182,0.76498245375283658,-0.33487550422795548,-0.78190728810430288,0.61268474511168203,0.11505822837506598,0.29319063881886304,0.19854281290876108,0.93521120649362655,-16.56422945065076,-8.7925166634868521,-5.2219213709955961,,0.111886788482622,0.4482758620689655,False,1
-0.51167219874450542,0.8384731674310002,-0.18749482267569839,-0.85109219222455745,-0.52451284911543095,-0.022985896702371236,-0.11761650125030193,0.14781413535599838,0.98199660896695473,7.5679308548439961,-1.2830538683543142,1.842437564718705,0.5010257504244674,0.2823078635370911,0.2631578947368421,True,3
0.82855208261737889,0.46082779494268067,-0.31802388243443308,-0.43026164857184296,0.88748956894088871,0.16503690129590695,0.35829646964300865,9.1811664014673777e-05,0.93360785740693841,3.7804472690851885,-10.375396795375558,1.717492236457135,0.2858521615662112,0.2321174720048058,0.4482758620689655,True,5
-0.0092305750832591647,0.97826249197717219,-0.20716489392328383,-0.99496700576363917,0.011686813914119212,0.09951922338058547,0.099777021028744042,0.20704085386983379,0.97323102648008497,-15.21387569628074,-8.5050147932089732,-4.7814320241262482,,0.660909701907221,0.5454545454545454,False,2
-0.78671556220729799,-0.48700755675143181,-0.37934451867380026,0.51125827609250607,-0.85841233261244043,0.041752153786230525,-0.34596762754306232,-0.16109595552300859,0.92431298476563384,-21.028120880626698,11.249640126150052,-8.783090009225452,,0.09744449006707184,0.3125,False,3
0.88082173865443802,0.34580284486433649,-0.32337819530312395,-0.30582573202215246,0.93697886085972537,0.16894151631593352,0.36141899001973921,-0.049909986833737235,0.93106675747089618,10.371499811273265,12.989339292160324,1.3707711820152808,0.2673032495108674,0.2222667125634135,0.3548387096774194,True,5
0.89826339807187994,0.29556049139008322,-0.32521817847963685,-0.24705369698782315,0.95165990920663612,0.1825044876529531,0.3634382182558808,-0.083590747921469075,0.92786057593418703,-3.3792297320571931,2.2183383904389924,-2.3222168504262304,0.3689521857880952,0.3833374679643622,0.9182068423122296,True,5
-0.57265390510630265,-0.70519809051030757,-0.41804683721697788,0.75935918938047309,-0.64845404289782194,0.053674721731006549,-0.30893547298737478,-0.28671066842739984,0.90683839030997215,12.08368724693924,-21.485420360064523,6.9769134763417515,,0.3519766792271273,0.6451612903225806,False,4
-0.095022082043148978,0.95555866241962639,-0.27906710053139672,-0.99220396581880677,-0.068204398070656064,0.10430460343269937,0.080635563727292553,0.28680272446166738,0.95459001833444057,-4.3258053726824368,12.925316743024002,-3.4578574216264393,,0.08597936010564373,0.2391304347826087,False,5
-0.026959317675753783,-0.92718902135603654,-0.37362242152645941,0.99237923709681808,-0.0697793945213845,0.1015592727394623,-0.12023578905466259,-0.36803716493999156,0.9220043385219715,4.0480698677128713,7.7511447165129912,-0.29646336952772828,,0.07733118158318937,0.25,False,5
0.23041645258309951,0.93140164631662647,-0.28177869262543231,-0.95368813300922195,0.27368579928503034,0.12479995283291714,0.19335770824149873,0.2399730328774291,0.95132840815104613,-19.512888465188869,0.68702406514782211,-7.2636250829962679,,0.1290366785314767,0.4782608695652174,True,1
-0.66454875587094209,0.69392872202341838,-0.27719646430163891,-0.72531273671804253,-0.68823484962653025,0.015944457160161407,-0.17971195014513616,0.21164999530000947,0.96068095352439442,0.74625276318152622,14.422899615373289,-1.8569862037254159,,0.155471302784118,0.3157894736842105,False,5
-0.8359693806114139,0.46644164220250928,-0.28911483721800996,-0.49368963767198754,-0.86927731287307652,0.025049849889099696,-0.23963667568941049,0.16367390672795451,0.95696662215614314,-4.0810414411609104,6.9755536114613923,-2.7709577334831459,,0.08487271882379402,0.3295454545454545,False,5
-0.71216502486142608,-0.56294765928539525,-0.41941734617111454,0.60499887455989687,-0.79521734890243501,0.040071558315622424,-0.35608614006358619,-0.22520946008034154,0.90690868335513175,-9.6396603331968418,15.336116129503491,-5.3955367224548754,,0.1604773983946063,0.4285714285714285,False,4
0.49338281772632475,-0.73706399849502857,-0.46185501761370285,0.86107155288445436,0.4889693820466201,0.13951603575969779,0.12300071538648492,-0.46652503206523432,0.87591393325540035,-19.047162670192822,4.5210963925933481,-7.477066755951765,,0.1957775768319569,0.12,False,2
0.64608861756251312,-0.65575819188612494,-0.39057738289665356,0.7461802997614867,0.65032107768341041,0.14246914110972708,0.16057539819043412,-0.38348883907478448,0.9094788902448786,19.838743121077027,-12.11012747330313,8.4651524055631118,0.1634248642858811,0.1545860148045061,0.3333333333333333,True,5
0.38609854500278507,-0.84387184482043287,-0.37256975597341774,0.9215519487745325,0.37075156955802224,0.11526178629591362,0.04086464555816284,-0.38784479265502919,0.92081838467408095,2.2645134164419547,6.9900481811544779,-0.89816807472255311,,0.07053844406687966,0.1515151515151515,False,5
-0.93041756465221281,-0.11213344855684959,-0.34892584470255888,0.098245400789201867,-0.99351071353267628,0.057308841547898157,-0.35308780297599496,0.019040793327521233,0.93539641413629748,-0.71366944813697497,-7.02224437117059,-0.35855698226792343,0.1856003922200042,0.1488054110891796,0.6612021857923497,True,5
0.6361219364665005,0.70383349231618286,-0.31617605386891035,-0.70355374796700654,0.69734203816514106,0.13684372667121258,0.31679805186851795,0.13539755131350581,0.93877925916086324,0.94220339144207688,4.6421656133833462,-1.0084967916820924,0.2650498397029714,0.2373025998538735,0.7841726618705036,True,4
-0.72008089277828102,-0.56199377045158627,-0.40699694081066984,0.60622529790418,-0.79489824588350788,0.025053280669612446,-0.33760094199605267,-0.22869145297743887,0.91308587947599207,-8.3521045114205847,-12.545567211155408,-1.959810071613288,,0.07800119162321065,0.3103448275862069,False,5
0.38682439375056238,-0.79224034677182298,-0.47193444602653539,0.92215339280153008,0.33227723885170196,0.19805291385313384,-9.2434505471972184e-05,-0.51180764891505093,0.85910006516581727,-12.103022653427304,-1.7791318254547031,-4.6336914186713276,,0.3943423668943781,0.2956521739130435,False,2
-0.17642007675939134,-0.813185492834541,-0.55462177270609825,0.96395689675198715,-0.25673833531122925,0.069803498378644899,-0.19915586288254006,-0.52231674434682196,0.82916956097920491,7.2222611018345546,-13.922816410629888,3.7469961241957499,,0.2083922598824799,0.2941176470588235,False,4
0.065791808595406426,-0.82138979931598566,-0.56656000167801301,0.99646038995681296,0.024308194614024007,0.080472373655326904,-0.052327136065919058,-0.56984902321075492,0.82008167982030133,-3.0272402471870237,-23.963700872460642,1.4617460675268843,,0.2774021100331669,0.375,False,4
-0.9444196036693342,0.081293142220735928,-0.3185326313471471,-0.028014406049305926,-0.98531977367801937,-0.16840468120809915,-0.3275466459281226,-0.15012117980810064,0.93283268923974882,0.28098648526860637,21.744992217955083,-2.5301514420087572,,0.2737074010900029,0.1111111111111111,False,3
0.57104344337545665,-0.68230970237541455,-0.45646780370829676,0.81436680924217542,0.54095311137937507,0.21018190049024899,0.10351852869231205,-0.49175522501885838,0.8645581026651894,-13.446498693853126,20.746348986903588,-7.2147374619737654,,0.1733820396962545,0.3103448275862069,False,2
-0.9373503690768018,-0.0042259325133722561,-0.34836249379916906,-0.0019956880148806373,-0.99984489206589933,0.017498829648794748,-0.34838240888559652,0.017097757283418752,0.93719654495465687,-18.806233336834012,10.470738827445802,-8.0172732248413414,,0.1446482460536979,0.6060606060606061,False,5
-0.92489531662804358,0.18816211662298526,-0.33039926021023314,-0.19660731858052238,-0.98044969553968686,-0.007997299338699318,-0.32544464285049807,0.057562247906886715,0.94380738080172799,8.337902702802694,3.1522057021542809,1.5931316607679271,,0.1104928707194576,0.25,False,5
0.88721420094552184,0.3619605675271797,-0.2860690636821851,-0.28464007419247145,0.91742985279733191,0.27803325944924517,0.3630853753654979,-0.16524833660787297,0.91698527656883755,18.389159659750547,24.336868745655952,3.1650749726402685,,0.2907098897480661,0.2916666666666667,False,2
-0.9003983652190064,0.2756712921605296,-0.33658300995369139,-0.30549112348333546,-0.95143761733636012,0.037968852895520003,-0.30977081428667913,0.13701021493252291,0.94088800801174721,-15.733171232471232,9.7624437628448195,-6.8719047634923971,,0.06771795690346176,0.2941176470588235,False,3
-0.37393055484617699,-0.81772402568031488,-0.43761096647320347,0.89559081975647659,-0.44098158990302883,0.058756454407325638,-0.24102494418701431,-0.3699495306008348,0.89724262108298769,-3.9691416426757438,-15.888829741334268,0.037942306620289419,0.5833971160673205,0.4968578790616315,0.6823529411764706,True,5
-0.53830484862217054,0.80078114530596101,-0.26263557883945787,-0.83599769859024742,-0.54677025193261708,0.046369597295575653,-0.10646942237879177,0.24452371853056992,0.96378027224793872,-18.764898081423784,1.9623166852726599,-7.1449772411735495,,0.0887544144156017,0.3333333333333333,False,1
0.93307897682700425,0.085751080176952404,-0.34929983574567908,-0.039902367827437377,0.98984832821693602,0.13641146640917695,0.35745128905241963,-0.11334478097655845,0.92702833644939941,0.23693006998539989,-3.2097177407114188,-0.69388609907665044,0.5825562869319664,0.2814806713380805,0.820919175911252,True,5
-0.92507426553395222,0.18816236697774924,-0.32989775219020728,-0.19905024136438434,-0.97998896754229914,-0.00079051132841777283,-0.323444902046084,0.064934945512496178,0.94401633894318271,7.4262004475508068,5.6911356787071972,0.92082416181889237,0.4035797083920735,0.300900126665831,0.8353658536585366,True,5
0.7181190738950689,-0.5908034361929565,-0.36777207002528756,0.66880127631573705,0.73198138254624001,0.13003118242997455,0.19237943888714032,-0.33934430213028677,0.92077988472010996,-6.6825176708405394,4.6354541992926226,-3.4445389027613156,0.1067089623024184,0.08565128541881592,0.5891238670694864,True,5
-0.47437611846895322,-0.7787021388853046,-0.41059746360855892,0.83710019014508019,-0.54336659662303155,0.063372023270323638,-0.27245287644912203,-0.31364904044131198,0.90961184553898811,-16.660485928527496,2.9016640350798406,-6.4990871618766528,0.2736792385143266,0.1854217289037648,0.7529411764705882,True,4
0.21805606306541792,0.97002056636010725,-0.10729237717018195,-0.96000204092332053,0.23298070448161573,0.15529350521612456,0.17563494750040751,0.069138210691832291,0.98202457863276615,-4.2721841599415242,4.9937426104484217,-2.7233066679520834,,0.3462177820661089,0.1986531986531987,False,4
0.92352545895657356,0.2036732988330166,-0.32498909828104611,-0.14060841507811433,0.96814626300215034,0.20717646353819275,0.35683329478661524,-0.14563653654714587,0.92274590161879388,-1.7513363065180287,-9.840703034542738,-0.19313823372349001,,0.0751551185962243,0.2702702702702703,False,5
-0.85540132055125584,0.39680582474802251,-0.33291698401434722,-0.4414646802481812,-0.89470585180207729,0.067899741122407653,-0.27091976098568099,0.20505261811827866,0.94050832367943471,-2.1652036544117577,23.379573729038182,-3.5565972050711587,,0.09443688473530676,0.5,False,2
-0.91123596502259741,-0.12495598725594612,-0.39247295104023167,0.20663370314562096,-0.96297255044009966,-0.17316575822955774,-0.35630258036346524,-0.23889300606711389,0.90331533966746891,-4.881500607547494,-5.1097363602352015,-1.913755320466092,,0.5626246551757991,0.3453038674033149,False,3
-0.69600657618616324,-0.62402134363967332,-0.35520727552761683,0.63740662299354489,-0.76471374784074764,0.094475821390046164,-0.33058681593430306,-0.16065567697873417,0.93000113472238577,-3.61476822786776,9.3171987358962376,-2.9568271372699599,,0.07667196558015563,0.2990654205607476,False,5
-0.50186318582727618,-0.70125297792171093,-0.50633744051494878,0.8136079207498047,-0.58141270671024903,-0.0011898609336608995,-0.29355662827549367,-0.41255729957400389,0.86233461055655714,-7.4113455399248114,-2.6129507766449063,-3.071151464679621,,0.2988046876134501,0.2366863905325444,False,3
0.93718753047541303,-0.0063175299168723026,-0.34876872213136872,0.10820714617702047,0.95577931007261441,0.27345406187025917,0.33161837439687114,-0.29401700504030037,0.89642805316963958,12.46233450289964,1.2901407417740931,3.4067298475000558,0.2272226903572835,0.1283474721027892,0.2105263157894737,True,5
0.92604503274001626,-0.11497209276016498,-0.35947463780340716,0.18516790128818769,0.96836168878602003,0.16729760316279429,0.3288669117896641,-0.22148827864660436,0.91803567291913779,-12.088223294668712,-16.500834197419184,-2.7900538265304298,0.2032333447349359,0.1688800200098531,0.5675675675675675,True,5
-0.93720282803450894,-0.0019048163749204143,-0.34877963071070828,-0.0056174777522506759,-0.99977294603655364,0.02055481250448786,-0.3487395920566278,0.021223290224880696,0.93697933215424167,-23.508177787482637,13.17059119008116,-9.8499622374655917,,0.08412871709472594,0.1333333333333333,False,1
0.44151200985631045,0.86528575255167373,-0.23737672923798731,-0.84506762983574779,0.48992655121695572,0.21408567307610959,0.30154244503292138,0.10607799415403391,0.94753343634925313,-9.7859987171872707,-9.9131888852687045,-2.8193886798547187,0.5460285374421782,0.1865172319073901,0.1836734693877551,True,5
0.55388781442835955,-0.74198092164482843,-0.37772026811235138,0.82453868225323512,0.55177838446318184,0.12520613366484956,0.11551731686580245,-0.3807951238583453,0.91741529480919048,-6.4855992193612089,-6.2514802301882364,-2.3066240305639263,,0.09923925561890022,0.4037267080745341,False,5
-0.83841843751504941,-0.37545330480061961,-0.39508143407292184,0.40962447977066951,-0.91225120256096803,-0.0023513822905007337,-0.35953067909071662,-0.16380646916517283,0.91864309252952403,-9.8593458687573197,-13.829518433483356,-2.3418611915425549,,0.1058142375251175,0.25,False,5
-0.17753849606528327,0.93799316974188562,-0.29773964454275859,-0.98310298125166018,-0.15533482433602186,0.096848441405091759,0.044593841155204331,0.30990305882012231,0.94972179266612411,-22.265052591461483,5.2450719285349114,-8.6734051473117582,,0.09850858496720727,0.5,False,1
-0.69572143695532596,0.64871213185823806,-0.30845461925663836,-0.69472690079945121,-0.71681457661351677,0.059425550565182776,-0.18255469171294145,0.25563535110450925,0.94938103614895775,-7.6176985974160649,15.597990557586986,-4.7800300439539312,,0.09243973114312162,0.4,False,5
-0.93008408249462282,0.13387405447960898,-0.34208381579274755,-0.16477274466868386,-0.98433155158724805,0.062780085729386259,-0.32831926855499122,0.11475684766945744,0.9375699034250643,-16.430340227700295,6.0820937344264898,-6.8210778861446526,,0.09879527839344053,0.5510204081632653,False,5
0.73483664666977822,-0.50964621358980977,-0.44752188738059062,0.65023629538419059,0.71702401539516358,0.25113606175067715,0.19289339769976399,-0.47553895562841819,0.85828598893589914,-13.834154334293263,15.860077846610585,-6.8813679249298403,,0.2293967457583053,0.3043478260869565,False,3
0.62388220929009885,-0.64313249268920392,-0.44401755120566538,0.76343010890036422,0.62305483936794348,0.17022671930270966,0.16716894973553637,-0.44517778918939438,0.87969953862484218,-0.68040621918027011,18.280568658861601,-2.6595637487279324,,0.09453721254795086,0.3636363636363636,False,4
0.067427646465512081,0.9705188981605255,-0.23140134140795682,-0.9884906543005969,0.096462564476077151,0.11653840575139535,0.13542429195864419,0.2208801529517275,0.96585310434844163,-3.347004525578003,-2.0060418536373428,-1.8823730950946336,,0.07384307743555178,0.1824817518248175,False,4
-0.53857372103751067,0.78511224885139841,-0.30583836206615922,-0.83565190846414994,-0.54416265179205325,0.074651833700627002,-0.10781574508407936,0.29577992680055548,0.94915225333653608,8.9509965012201764,16.30418724988662,0.64136723253808359,0.3877488902068524,0.3561757883498838,0.5714285714285714,True,5
0.62762792263303191,0.7080216489261657,-0.32371057348072185,-0.7147811774202264,0.6888400411852641,0.12077775484598954,0.3084980699082237,0.15557873348165716,0.93841579193401448,14.923841627765384,-10.698081677130602,6.2746432812370374,0.6801866138465485,0.4766479275372015,0.9302325581395349,True,5
-0.91592926622550985,0.23558663389543361,-0.32491924720062393,-0.24665521221985892,-0.9690755586791735,-0.0073326567781300395,-0.316598776934431,0.07342683093031048,0.94571333655773093,-5.065415836664326,21.428190052317738,-4.3817034562539323,,0.1005570679612352,0.2333333333333333,False,5
-0.19106354137650033,-0.85954846717550981,-0.4739948899860672,0.96476372704833291,-0.25344029409281765,0.070703382535476547,-0.18090238839905404,-0.44378423801029676,0.87768438288780104,-14.041216204187661,6.4853145963019729,-5.9875079198624288,,0.08645403105783837,0.2413793103448276,False,5
0.93750814656052162,0.070929801868197084,-0.34065736208042946,0.060409590639119277,0.93095969645688914,0.36008988451734331,0.34267937856175784,-0.35816617202052725,0.86849745925287114,12.121109931640696,5.105801125182623,2.7899077386687829,,0.3118123960763601,0.2714285714285714,False,1
0.92850450169079501,-0.035287085655055492,-0.3696406524259781,0.17754596567543818,0.9164953382476817,0.35848811004361769,0.32612393412981222,-0.39848603056599319,0.85723512704009841,-15.89576310241717,-10.983703641498787,-4.7539810335472534,,0.06914970946161625,0.3636363636363636,False,1
-0.099317328562939539,-0.8760895564539809,-0.47180839047158618,0.98489825944124165,-0.154126647953782,0.078869480410004911,-0.14181497381001176,-0.45685015646577015,0.87816652620130542,2.3468676524249674,17.450776946026558,-1.6598620754921205,,0.2494821290934101,0.2666666666666667,False,2
-0.1917108449314468,-0.8922860717759985,-0.40874505263088995,0.96477194028387525,-0.24778620422232334,0.088414366694448757,-0.1801722930324143,-0.37739576456506674,0.90835586732942464,-6.5337106518405434,1.0828721108352992,-3.1386257645928897,,0.1124732785496032,0.2376237623762376,False,2
0.89335822135187315,-0.26382934915471262,-0.36373776662263002,0.35712436361195149,0.90816571348238573,0.21839694542229382,0.27271464437718923,-0.32500632513788175,0.90553719490841089,-7.6583046563364281,14.415174432716427,-4.6937798364906786,,0.1646466533137424,0.34375,False,3
-0.65672408676291349,0.71735544214231817,-0.23262554351192161,-0.73596391471965905,-0.67694931449369478,-0.0098357428307072337,-0.16453142586123853,0.16474463643869108,0.97251663979016423,0.63491472673700389,-4.4806236452396702,-0.3254407009840577,0.3182401984969218,0.2234294213502256,0.3464566929133858,True,5
-0.56663547733085762,0.79197343770137119,-0.22738141921780869,-0.81622359209171236,-0.57726116843113717,0.023422022423808378,-0.11270884412030023,0.19886582762503996,0.97352406188038065,1.1587033684004773,-8.364187995291493,0.52515973599252419,0.4828725355998511,0.2736736557636666,0.3380281690140845,True,5
-0.40567962004954705,-0.77016255324755867,-0.49221305087498257,0.87547253321189811,-0.48214967811121229,0.032856224506144269,-0.26262499779723747,-0.41758990585556227,0.86985445969975106,-3.459421873777361,12.949152209516868,-3.1608089610722132,,0.2028788621368934,0.1571428571428571,False,5
-0.45921662611793879,-0.79996701082312482,-0.38622904071492675,0.84777080205191091,-0.5245299511143855,0.07844104520084183,-0.26533894830031557,-0.29141227149633825,0.91906154882914537,3.914692457065426,18.655251587483729,-1.1878532843568046,,0.08126567624602031,0.6153846153846154,False,3
0.88265325205994016,-0.21091546884402315,-0.4200451185650414,0.3546811750119328,0.88528808240135914,0.30077612147622518,0.30842260085825185,-0.41446311797364088,0.85621015125925792,6.2940649121013559,3.6308534744744096,0.81649441012763024,,0.4104409346616402,0.5384615384615384,False,5
0.93100486969362373,0.20202195340722215,-0.30400174826518717,-0.14462682815402164,0.96886952277098237,0.20093513486604866,0.33513133721701882,-0.1431047804479649,0.9312400381362872,-12.41247646439342,8.7003579338854546,-5.698660796849726,,0.5076893199642112,0.2638888888888889,False,4
0.57944398751979798,0.74696000552832054,-0.32602977696567481,-0.75673207455459013,0.64163869356086245,0.12512535420855225,0.30265695542554821,0.17421405530737483,0.93704227773665383,10.571054389764823,11.493674608040484,1.6021099569457731,0.3173617477640769,0.2937756010841099,0.6666666666666666,True,5
0.93549164038690646,0.075536378100149598,-0.34518059961377784,-0.03347728941740806,0.99143609768153473,0.12622890044389343,0.35175938062755208,-0.10653037030594842,0.93000893455009315,-6.5591856608001908,6.1720889004287303,-3.5157739357820845,0.3412674213958047,0.269443608664892,0.928654970760234,True,5
-0.53284041591103326,-0.74387341338948432,-0.40340232525858766,0.79786363563817364,-0.60046883347986757,0.053392873546602944,-0.28194806276687479,-0.29341016490845262,0.91346360903453727,6.2681102721306363,-17.141498896924027,4.084030999735548,0.1889719781357881,0.1769442281334493,0.6842105263157895,True,4
0.23569792454680957,-0.8821755232012144,-0.40769208310806399,0.9711366755587697,0.19800088631303356,0.13300077595230914,-0.036606635313692112,-0.42727274109626895,0.90338140282335522,1.5679696768293643,7.3555185352388266,-1.1158864601925602,,0.1480088069456965,0.1428571428571428,False,3
0.62846618607693427,-0.67825592168686599,-0.38078754923790925,0.76232369582658122,0.6343621576739682,0.12824677653855537,0.15457307572541509,-0.37088213438763595,0.915725726761489,-7.5872762219061523,-18.943266698922162,-0.82691211931467679,0.2857684843597392,0.2410586234977942,0.7222222222222222,True,5
-0.6389760698345196,0.71593508078754642,-0.28132995268289812,-0.75393408095214876,-0.65544896188133051,0.044385357354947537,-0.15262039102843084,0.24046542052115727,0.95858405879500885,-1.9933788519575024,22.143507867165312,-3.4333648067164648,,0.1304093054029571,0.2727272727272727,False,4
-0.93600042210343581,0.05056753468073702,-0.34834772032913303,-0.03220390927033228,-0.99777892729810558,-0.05831055194003236,-0.35052263557422314,-0.043360542848948053,0.93554996941582258,14.361839841501684,3.8230571410662937,3.9007791692480289,0.303125289978061,0.1652115751009158,0.1,True,6
0.41347037031614436,0.8714201690006379,-0.2639491275407676,-0.87644161628687012,0.45947069055620299,0.14400270053115893,0.24676374553627431,0.17179515004419643,0.95372641795758317,-6.1204896177248607,23.898261074074615,-4.9622155844921183,,0.1716017273140387,0.5,False,5
-0.010946610296032423,0.98679943755321209,-0.16157673646813106,-0.9924812085594813,0.0089774584134988157,0.122067423568888,0.12190661335357983,0.16169809920063682,0.9792816256499266,-13.967648553447155,17.592858398718246,-7.0990654295528683,,0.7503507098153389,0.6285714285714286,False,3
0.049024122143280356,-0.91791839932533847,-0.39372890118467152,0.99444802368764407,0.0081090786903028796,0.10491601892243578,-0.093111565510516206,-0.39668634337824454,0.91321967857979169,0.2769332896720319,12.100410282067422,-1.842187628818305,,0.07924208500937249,0.2790697674418605,False,5
-0.92761488281735149,-0.12784879006745822,-0.35097765748554338,0.12217591254606072,-0.99176683212071837,0.038361401157586003,-0.35299245823287745,-0.0072964089470714394,0.93559771635419708,1.0905752752368789,-23.476086230715993,2.8340833623500625,0.2238755502660706,0.1710966005262151,0.7575757575757576,True,5
-0.079052674508005988,-0.88185490674580014,-0.46484685446014085,0.98872873504517023,-0.12883589664828152,0.076267950220331324,-0.12714622742774911,-0.45357825695594078,0.88210010864283528,-10.775341782106736,-12.224720626627736,-2.8851178209541279,,0.3487505087420547,0.2916666666666667,False,4
0.68874392513575533,-0.60579167616718732,-0.39830672938721928,0.69893501276802295,0.70079866021703141,0.14272731261036772,0.19266980436891826,-0.37669308850118821,0.9060798328844315,25.592186512108498,-7.5477501126777984,10.032776117220765,0.3550078211205036,0.3406099601045362,0.9523809523809523,True,7
-0.56734864834420839,-0.65119695729353044,-0.50404169870522553,0.75719996297858683,-0.65312790732927817,-0.0084942764792421549,-0.32367225288434576,-0.38647957187842058,0.86363754737357634,4.5837960734157361,-17.46095393953005,3.3766432107582713,0.4508125145934154,0.2385789053160054,0.1818181818181818,True,6
-0.8386441024360326,0.44241088272782514,-0.31772422050144206,-0.48094495768070805,-0.87528403580284941,0.050693237716474715,-0.25567169794633948,0.19532144662751127,0.94682707785348685,-2.542876749050726,-20.514647215591395,1.1045975963724821,0.3587535332234374,0.3042187706666035,0.9833333333333333,True,5
-0.56027257116103657,0.7947175550754686,-0.2334922989296879,-0.82073067279916123,-0.57067654371159582,0.027008242890332768,-0.11178465337977933,0.20676626928069408,0.97198348810898327,-15.652993222498681,26.552859407871644,-8.4833948992514649,,0.2387275741888394,0.4,False,4
0.92815253100935191,0.019901079944054448,-0.3716676286657139,0.099294440977839654,0.94914023681579007,0.29878658746363568,0.35871087685186376,-0.31422405680394183,0.87897084647549084,9.4552686408810978,-26.935921959947393,6.7925191859243661,,0.2845435387921758,0.4782608695652174,False,5
0.35095230833848223,0.88576353749777104,-0.30373579458359284,-0.90501244745668896,0.40412096159966887,0.13281083669721144,0.24038499791032175,0.22827440512504787,0.94345421126012308,6.1107843080649609,-20.754952165720475,4.4209050027352168,0.1584498404859665,0.1079077917069095,0.3333333333333333,True,5
-0.92551445560817869,-0.026655090653337751,-0.37777307818657313,0.06180643496675358,-0.99477710743927694,-0.081230973842775223,-0.373634791015233,-0.098529247723747077,0.92232804917013955,-8.7016099907469648,-4.8364466789428233,-3.1929383890757013,,0.2338904959497531,0.4,False,2
-0.032906334428274966,-0.86931727097711387,-0.49315784038723265,0.9915028885977295,-0.090526820686888276,0.093417967429633139,-0.12585386389322556,-0.48589338040070973,0.86490949111795412,0.36578325532830053,10.223400201214849,-1.6945040558177791,,0.08745124848057577,0.3137254901960784,False,5
0.43092764647304677,0.88818716431825839,-0.15945195089898404,-0.86885794873685307,0.45610651022152143,0.19249082121060573,0.24369494952088977,0.055591478428230312,0.96825738267475903,6.6221696418735538,6.480645731476506,0.65505709265995149,,0.1367914796392517,0.2702702702702703,False,3
0.76372885923369016,-0.52856215801842499,-0.37059448820039514,0.60865827745123013,0.78087366243133383,0.14061089791043013,0.21506587563746282,-0.33295400347793025,0.91808948403971524,12.985554156511638,-17.748213045501071,6.794920466066932,0.205557972163621,0.1260609496499031,0.5714285714285714,True,4
-0.2954500868404939,0.90365491315796953,-0.31002748928346002,-0.9553572085651576,-0.27899822686803771,0.097224448813454753,0.0013602310589190814,0.32491196858526517,0.94574328569729349,0.7365958165788149,1.3371501388885496,-0.96139705045015089,0.5416824842172887,0.5035725730049143,0.985820895522388,True,5
0.84424464950439793,-0.27419423806646503,-0.46050894844112217,0.46753334978234012,0.79685862924484618,0.38266028254749673,0.26203728479836885,-0.53836218738798569,0.80093858476560054,-4.3907324567434118,-0.3880679435400986,-2.3278756219303243,,0.1690232820636912,0.3333333333333333,False,1
