axis_00,axis_01,axis_02,axis_10,axis_11,axis_12,axis_20,axis_21,axis_22,location_x,location_y,location_z,dbh,dbh_approximation,score,reconstructed,number_clusters
0.68020907232641947,0.68752332286061568,-0.25421899702329248,-0.66701010996929799,0.72436952301274848,0.17431668689206806,0.30399528141663001,0.050994849278922422,0.95130772845774936,4.4152170893309313,-10.556221302311291,1.1271970393087696,0.4582469380193164,0.2517716191674313,0.3015873015873016,True,4
0.29351308788523844,-0.8563219596176348,-0.42492678041832893,0.95589615148195783,0.26784032036448824,0.12051601706424817,0.010612013100926507,-0.44155890237165718,0.89716950511833793,5.4554413564099731,9.7915608287043092,-1.2168415619398025,,0.07791793310773272,0.25,False,5
-0.94039421034604698,0.10006493057943239,-0.32503190430443629,-0.12711393887075667,-0.98988389392610587,0.063023194860712201,-0.31543743546446157,0.10058273317932422,0.94360073023169111,15.110234311012887,-7.7707598567445562,3.9319649799566623,,0.0991382031302249,0.4516129032258064,False,5
0.92045532461575674,-0.18573060891160154,-0.34389843893194316,0.25839689803879906,0.94932921666100778,0.17889964079819493,0.29324569642268955,-0.25353141680494429,0.92180734550254539,-0.40396624751301247,20.201342943161386,-4.3922872960959856,,0.703910060564835,0.4848484848484849,False,1
0.70384861995927095,-0.60297700255730013,-0.37552077781188614,0.68717525975353089,0.71189618910191177,0.14489298921908619,0.17996467032197572,-0.3600313185393581,0.9154180286113629,-13.781215645369457,10.739163334642978,-6.9888747828763691,0.6089949023869787,0.4319749919508888,0.8938053097345132,True,5
-0.18186893564881901,0.96591967559122138,-0.1841816238165904,-0.98286094419851844,-0.17282628898991623,0.064151681218584999,0.030133944566928993,0.19269212267169658,0.98079645760224565,12.596045783649911,4.1711769453648033,1.5725003815525616,,0.7551625418552319,0.4054054054054054,False,1
0.35217588543616285,-0.82987749143710865,-0.43275338811302988,0.93556971431037927,0.32504362265590669,0.13804330130766959,0.026104700389970953,-0.45348648555031551,0.89088077319065195,13.689441818922583,6.4938932328028933,1.6185488863677751,,0.1431058224871405,0.35,False,4
0.79132392280452013,-0.44253853748065525,-0.42186027549622229,0.55288482244611137,0.81251699556409407,0.18475525710579777,0.2610073223225694,-0.37944139832651408,0.8876369769956759,7.368727959518024,-15.529601365227894,2.7238418844628938,,0.1523103224846945,0.2608695652173913,False,7
0.9454652128014277,-0.034308788309270442,-0.32391115823185435,0.10167713906879737,0.97583218557367624,0.19342519223019294,0.30944674949518558,-0.21581115041455184,0.9261038044321015,-15.548268968998872,5.2335390405781803,-6.744611406278139,0.3486769163395946,0.2662081965975175,0.6568627450980392,True,6
-0.65530030816625129,0.69913998549062417,-0.28598039584101986,-0.73863168579843064,-0.67233757671069727,0.048840717412376743,-0.15812886786347646,0.24323951905674618,0.95698996730230057,-1.5725115723184184,15.313175360837064,-3.9841793064417845,,0.0673451758908851,0.1724137931034483,False,5
-0.57035312320685261,-0.72398385475358695,-0.38800089291691819,0.77600108851006311,-0.62979049168073464,0.034441939836991203,-0.26929468149108615,-0.28144504729107461,0.92101523324858137,5.0953723608489216,21.972037846791146,-3.0731816804813659,,0.2089816940004964,0.5217391304347826,False,4
0.73546968560536752,0.64051145948017918,-0.22097378086576822,-0.60210143184049625,0.76739925126047548,0.22039114079401045,0.31073816523106024,-0.029042373171492053,0.95005175292159838,9.3586673589523262,4.3562157289575483,0.59795407230649833,,0.9255549456516352,0.451219512195122,False,1
0.94285122889897433,0.014920379109891385,-0.33287977176588945,0.10939959793966145,0.92975949558849291,0.35153806100288948,0.31474320983038534,-0.36786500601477168,0.87499259952037167,6.6885769771648249,-6.59924226717692,1.2477596090352434,,0.6175649572001115,0.3043478260869565,False,3
0.91451991077607919,-0.22875336143873823,-0.3336543607156805,0.32866267435808866,0.90101913653133991,0.28309956214750037,0.23586898752888313,-0.36855992081993327,0.89918263188703951,-11.959130581302801,21.699415029846641,-7.7918419460177866,,0.2113355541182093,0.3636363636363636,False,2
0.75056661776252143,0.61306626963507926,-0.24657554894242387,-0.59685124277849344,0.78910743479568823,0.14518281697203766,0.28358128692545437,0.038199546933137429,0.95818706332313097,11.431047457020467,-7.2201609135889413,2.8172471144609346,0.2837563781244353,0.1472515863401341,0.5161290322580645,True,5
0.91615944116370163,-0.21368902695769121,-0.33910010044895444,0.27133176676394166,0.95334984449513815,0.1322994570882868,0.29501008577906934,-0.21321602603691062,0.93140108198866478,3.6408146312850533,1.3151160516761906,-0.64446122414367668,0.283676211550139,0.2299637879708965,0.8894117647058823,True,5
0.54256910780442913,0.78912372778662354,-0.28792795192625864,-0.79787963283877383,0.59132742155449758,0.11713228427198977,0.26269155821489676,0.16617948959439491,0.95046174172387254,-4.7113126437611914,14.30766707448735,-4.7519199012407425,,0.07757226241530817,0.3823529411764706,False,4
0.64562218492903256,-0.64495510790640154,-0.40890696143854455,0.745585746887092,0.64816231673193192,0.15487900182888178,0.16514808011683962,-0.40486852181187905,0.89933730695417324,31.650979224507719,1.4147158865105758,7.9546710958472433,0.8541845566522187,0.5672301322926214,0.881578947368421,True,5
0.94446132759339929,-0.045438043667702932,-0.32546610402339171,0.10444199102519898,0.98054820324696501,0.16618390902804042,0.31158413180264094,-0.19094660326070137,0.9308354975568961,-0.99417312247870349,17.388515928883255,-4.0974930109209096,0.6802572948516671,0.3246261600019825,0.8153846153846154,True,7
0.55659061760783213,-0.75847055456198942,-0.33901224499029659,0.82282611804213146,0.55962754065937759,0.098864529550559535,0.11473475436261095,-0.33397519907616746,0.93557282054545921,-10.612700614601504,12.269051306637802,-6.2015934227270595,,0.07229062652259031,0.1794871794871795,False,2
0.790632505345085,0.53819283036349708,-0.29197383245263725,-0.52321890173020535,0.84153681556852178,0.13437919822289368,0.31802865022508631,0.046521665792597672,0.94693902245492556,1.7719026465922187,13.663068685001509,-2.8108050463838246,0.8002772160093302,0.5455472281744573,0.7454545454545455,True,4
0.75583668780523416,0.5932018406550893,-0.277168680790285,-0.57695194384146231,0.80354642750798289,0.1464226530859071,0.30957609059029567,0.04924139602582181,0.94959882532164974,-13.42158192497415,7.4371766128228254,-6.4262145340132992,,0.102783459262044,0.1538461538461539,False,4
0.94315210770465874,0.085550473716874631,-0.32116229258597428,0.02270400073020289,0.94746334419008416,0.31905758064491369,0.33158502692839359,-0.30821149858978492,0.89165971202804506,-14.986789226876294,6.4804924085464775,-6.8463918865210758,,0.1508974603873165,0.15,False,5
0.57583337137479462,0.76524957847384245,-0.28776554876625704,-0.77109444988357978,0.62532610038522529,0.11991921253805507,0.27171543528087955,0.15284093307296459,0.95016333933040609,-8.3706250861079692,6.0030870236423848,-4.7313742121783964,,0.07059129276694376,0.3370786516853932,False,5
0.9429582195973859,0.08297866816056837,-0.32240399613532567,-0.01063425765259521,0.97545226552349606,0.21995406395258288,0.33274120372732174,-0.20397896537480761,0.92069314813716097,7.6472716515771459,10.9971074354659,-0.79250075537759834,,0.3010425649951884,0.1875,False,3
-0.29964922859269411,0.93208862661702896,-0.20352182176608086,-0.95342948810988037,-0.30025067394520932,0.028666077478075425,-0.034388239360785861,0.20263347434870846,0.97865066498063369,-3.204564609311146,-7.4678119917957106,-1.5289115529533404,0.8005536177661963,0.3745211953601802,0.2696629213483146,True,5
0.57316343404879611,-0.71367428365553665,-0.40268187781193854,0.81043978355026836,0.5663376322434801,0.14983004886818785,0.12112404843129354,-0.41222651922651243,0.90299405409892286,7.7062110822510679,-2.7198405179184197,0.9559920461161715,0.6453164906395458,0.5143218072219824,0.9642857142857143,True,5
0.12015312794400551,-0.91205536526112119,-0.39206917316166928,0.9906051435786889,0.084167997528690155,0.10778310492584493,-0.065304481934372244,-0.40133621676895037,0.91359978423206167,19.764859551926612,-8.1378163363356855,5.5568333019839136,0.6886484406851193,0.3824726432846522,0.4375,True,5
-0.55111719063635145,0.81476937102609837,-0.18005753031415384,-0.82873199445578027,-0.5596297895504011,0.004216635284052167,-0.097329972518441152,0.15154329640571565,0.98364704328536945,21.967087466466069,1.617334447262007,4.7468620793486567,,0.5167823331269141,0.8333333333333334,False,2
-0.039133970580362012,0.97594231339222759,-0.21448807257570901,-0.99716283828216257,-0.02432928840946269,0.071234539898500107,0.064302459483888949,0.21666722561595786,0.97412550887871052,-17.729528321538794,20.139695156314872,-9.3185645819363128,,0.1892719456641267,0.2380952380952381,False,4
0.51740437503943182,0.83343958686601405,-0.19409061732773877,-0.81144862928410377,0.54986179405431446,0.19799780168557257,0.27174222109014246,0.055049636547193997,0.96079430826427037,6.8292498317638044,11.566497943581597,-1.1811945703216193,0.8296040206929052,0.5173710980874052,0.3461538461538461,True,4
-0.91706315793132076,-0.20539733860681719,-0.3417705336307828,0.21327552885244372,-0.97687984559393581,0.014809323586117681,-0.33691054177295188,-0.059310206251575223,0.93966674213608914,-1.519143786586781,2.1064070399557466,-2.1625019114603194,,0.09156468613645107,0.2307692307692308,True,5
-0.72415516923688383,0.67765699207407404,-0.12798551465154048,-0.67318440968032223,-0.73489497000796633,-0.082171367399765535,-0.1497399126180366,0.026653032662526083,0.98836611355258153,7.1878380858855433,14.176482844044216,-1.400077758131961,,0.3338632214801322,0.1904761904761905,False,5
0.0035173207877629079,0.98062139612437116,-0.1958808462243431,-0.99998033826238397,0.0044660604342311935,0.0044019760159677845,0.0051914875636305874,0.19586151170479249,0.98061782397098485,9.5691975184908422,2.7576035589409487,0.87243408621396468,0.2245121174443713,0.1975898530713785,0.1481481481481481,True,5
-0.58671141121748416,0.75746004600318118,-0.28639832167114188,-0.79995255259696785,-0.59709822592465689,0.059578705853871115,-0.12587944050075478,0.26406057507035363,0.95625644005817323,-2.7145338098410017,-11.616148549010431,-0.9294310742652897,,0.0677748652716759,0.2105263157894737,False,4
0.93488332490523862,-0.029241157271605089,-0.35374867283926692,0.14231237683476103,0.94387248357018483,0.2980803954618475,0.3251774226691736,-0.32901320563233882,0.8865720243193812,-25.519244884971911,5.8066132033720885,-9.9243082613141258,,0.2232683324815942,0.3333333333333333,False,3
-0.65095783899693382,-0.60340025190640656,-0.46061049472165588,0.70594285504935295,-0.7042795247091892,-0.075066880048179588,-0.27910316596773255,-0.37403006172590536,0.88442237402278834,9.0481102978962031,7.0738071233233413,0.15629832663035192,0.4171279016961939,0.2302508790689697,0.15625,True,5
0.93160392521295554,0.17968071456737275,-0.31595722390914183,-0.13952922487377356,0.97945513935622497,0.14559953775613751,0.33562735575923658,-0.091555834337497782,0.93753496322261309,-10.096000325691891,5.1970332574319711,-5.1363452130688012,0.131806706748577,0.08108795400730076,0.3720930232558139,True,5
-0.67830845080276969,-0.64054878153738382,-0.35999292220892393,0.67066759769686557,-0.73987646265789087,0.0527995587515869,-0.30017098288985627,-0.20562120142587487,0.93145976969223854,4.428566497667294,7.9977077917089492,-1.2703086698417536,,0.07252426646269512,0.2203389830508475,False,5
0.42777183254912943,-0.75159541269956376,-0.50211113798294926,0.90138339085910291,0.39602828006301982,0.17512733674007624,0.067225307443739904,-0.52750918190994445,0.8468853647571174,15.278560573339025,9.1652995061366589,1.789925213233508,,0.4483545558595305,0.2380952380952381,False,6
0.87359106661235886,-0.31096913008018479,-0.3743485654737489,0.41925985049068432,0.87147378366056905,0.25446929511998023,0.24710286542573623,-0.37925142653588506,0.89168858317738142,3.0385054337064892,18.866949510335228,-3.1952910645364625,,0.3917880967109906,0.2424242424242424,False,4
-0.92654973609399471,-0.093738155229933673,-0.36430583964333757,0.15254338902993084,-0.97888121368369607,-0.13609586312741556,-0.34385476731813885,-0.18167203348678054,0.9212812660861861,9.7805352259692899,11.56994393838532,-0.26062866670297613,,0.534839675208002,0.2380952380952381,False,4
-0.40486742230342382,0.89659441561029241,-0.17944588112804011,-0.90698855747333329,-0.41868221143317552,-0.045573703403025009,-0.11599192631309456,0.14430405304724891,0.9827116633602726,13.141393655323089,9.8375229421708532,1.0367535542529658,,0.3629080982641211,0.3333333333333333,False,5
0.66322646825654419,0.70157112041249636,-0.26063118540786057,-0.6875771068949772,0.70870560359667201,0.15803192558660578,0.29558141666533316,0.074393080550759522,0.95241655576133477,-10.028574699822759,21.250480571316821,-7.2187703894885784,,0.1555796199452488,0.4375,False,2
-0.38940702335327287,0.9145422249951326,-0.10942892151573111,-0.92007470941903269,-0.39174290248023025,0.00016566184625550762,-0.042716498576382461,0.10074729305205804,0.99399460948842999,1.2619715842041392,-4.0666657814669298,-0.65544796233783542,0.786826505433607,0.4654497426636406,0.4200426439232409,True,4
-0.92520018702682993,0.23118668179066679,-0.30092745319784237,-0.22030434680389677,-0.97290835746811477,-0.070109362769909339,-0.3089831851490093,0.001430430465058849,0.95106642521111917,5.7466038864993578,-12.047890908137797,1.7585221220062928,,0.1423788084071908,0.3125,False,3
-0.36117838332236007,-0.82426155297354098,-0.43605397339124652,0.90255932561274377,-0.42654447223679465,0.058706702800482291,-0.23438608996720806,-0.37236098814709623,0.89800359427788645,-11.848444207504038,17.086317078976418,-7.17319167781356,,0.2636639485668134,0.25,False,4
0.5425110885529606,-0.65961111236850267,-0.52018736935557075,0.82751289135111616,0.526203957775635,0.1957851104373721,0.14458261805901221,-0.5366773474455997,0.8313081806971212,15.897723942251854,-5.1638742134499411,3.8755068600783602,,0.3509301323830026,0.16,False,2
0.67326635714720473,-0.63682635637050455,-0.37571878335478337,0.72109532917043984,0.67787796167027392,0.14318867039793548,0.16350516377872146,-0.36733317426230466,0.91560493691551903,-13.858179344136023,18.004697102708558,-7.9458271406764149,,0.09336988787610773,0.2666666666666667,False,2
-0.9059613944523307,0.34196446443521122,-0.24958817445049253,-0.31473453803585433,-0.93831942871073437,-0.14317409078223481,-0.28315388453868628,-0.051156180149630026,0.95770920581518504,-10.801088130796865,-8.8759060736126667,-3.6554102084534863,,0.306457765990947,0.1714285714285714,False,2
0.37409618258596444,-0.80702605345013079,-0.45690370454540824,0.92628546435218539,0.34919286968060903,0.14163184067885143,0.045246930331981003,-0.47620719105965842,0.87816822219811896,29.343660655979491,14.127253852758029,5.4080063432793013,,0.1414158915935533,0.1764705882352941,False,2
0.65279932204521818,0.718747198600587,-0.23928123545549904,-0.68722891399916541,0.69478599690282739,0.21210572427746999,0.31869964684766938,0.025978510572218838,0.94749968447890154,-21.30053826112032,11.1941130090512,-9.303332033448104,,0.6398593873403309,0.6103896103896104,False,5
-0.13936732433666735,0.94364308846345435,-0.3001907235448717,-0.98926597374560898,-0.11923071583677651,0.084479995207174127,0.043927008734860593,0.3087422193290143,0.95013086462202911,13.948169586306065,-2.5907028181062342,2.799041083994438,0.5594779472408127,0.4826282771379781,0.89375,True,5
0.34038562474188294,0.90864043099722636,-0.241888804259839,-0.91869532419968902,0.37618783622003799,0.12033957442884567,0.20034102865541004,0.18126025222663275,0.96281264698799607,16.902166402039914,2.5061947804863434,3.0111296670999783,,0.1052291713688992,0.3529411764705883,False,5
0.59396631524067711,-0.69289261993390339,-0.40878335778324443,0.79616425650793166,0.57919203139842046,0.17509730844231522,0.11544043060637411,-0.42946060122635482,0.8956768942959914,-4.7737435337696983,-6.4935763310177306,-2.0378654748514577,0.3724015548199957,0.214317908638339,0.7773654916512059,True,9
-0.73185095382504095,0.65515592335996153,-0.18752305850677256,-0.6542266141051668,-0.75249524418171543,-0.075752523920919107,-0.19073992445701318,0.06724301874735189,0.97933480365392733,12.302980844629301,6.7653467484734175,1.1058607463821608,,0.1838123015281288,0.3636363636363636,False,1
0.46559396824941501,-0.7958152317849998,-0.38716969611366819,0.88142124894496776,0.45627753910570873,0.12209581981350542,0.079491123014185164,-0.39810667435578839,0.91388852558466804,10.613506936654591,10.710294980667088,0.10111759064432287,0.6587423732563942,0.321671087698869,0.7717391304347826,True,5
-0.71405897653633921,-0.50945260452024421,-0.48018519528970749,0.62969066111727323,-0.76712718274660829,-0.12249717055076148,-0.30595661347577741,-0.38983833731277717,0.86857159833351816,10.06172227031311,18.674109481666743,-1.1989230373640642,,0.5153546573669755,0.25,False,1
-0.90953183784189318,0.30838119383256873,-0.27866265491154141,-0.30064423943654028,-0.95107314852224045,-0.071224345933236843,-0.28699281741112154,0.018997511689503685,0.95774433817383353,-23.910520038183229,2.1082068690251203,-9.0083356707704425,0.4644185548235386,0.4894411687442131,0.1395348837209302,True,2
-0.1601155177201827,0.98581666812307511,-0.050284369697914333,-0.98636761566126574,-0.15782957443298376,0.046569863742688795,0.037972987239710404,0.057055431687280389,0.9976486004375843,19.101453729206749,-6.675410295487441,5.0725718890300557,,0.6091520425898733,0.2631578947368421,False,1
-0.8090391018884755,-0.4825406224159467,-0.33557455108204948,0.48926931722363559,-0.86928590710822595,0.070409849641545702,-0.32568584071003992,-0.10722200996744374,0.93937861043326665,-2.6675231755642077,1.0023935153091281,-2.3934477905396769,0.2315425407407886,0.2134040523948317,0.8222730739893211,True,5
0.22457931884353785,0.93458390218073861,-0.27589320276584672,-0.96029378372861118,0.26035396106666409,0.10025798665984376,0.16552938856879768,0.24242265723632761,0.95594522687155992,4.4012872607341302,-7.196490485490127,0.70374041380263597,,0.08548360637926017,0.4081632653061225,False,5
-0.90837638131511211,0.30019628775822566,-0.29109197633229772,-0.30662177564866505,-0.95151763388790833,-0.024439294147259497,-0.28431573394190146,0.067055061080705053,0.95638286382418058,-15.954033804504158,29.58648501628738,-9.9006019485732093,,0.2438705719967956,0.4615384615384616,False,2
-0.72168065131847103,-0.52538367726421431,-0.45072056662291371,0.6177966386239937,-0.78255814252868361,-0.077006927395863012,-0.31225686672584618,-0.33402806053741835,0.88933733979641783,1.5055843766021291,11.498182411326415,-2.6088310180896048,0.5100933033753648,0.3743814478250199,0.1836734693877551,True,5
0.59876635565233527,-0.67010739336939773,-0.43867406202155595,0.78964618639895356,0.58550381621278935,0.1834235031446308,0.13393189181225484,-0.45622512266635518,0.87972773390615511,14.708615149583013,-19.96938493168572,5.5986718833912432,0.5577301106242933,0.2458148342296922,0.3333333333333333,True,5
-0.83599938853007694,0.50474283477864867,-0.21526656293291666,-0.49249902792028971,-0.86317180665815307,-0.11126158226481332,-0.24197051447419632,0.013003958247930519,0.97019645804083354,-26.086221293681717,1.0261860720808587,-9.6611063482392705,,0.08628275739108712,0.2727272727272727,False,1
-0.009298115952341349,0.97556677977523332,-0.21950627152479762,-0.99556745893329601,0.01151373455779264,0.093342748136276299,0.093589421158785033,0.21940121265734616,0.97113548392160476,13.529287918861009,8.6588075991342652,1.297305893033595,0.1787228580768382,0.2007790358981509,0.2727272727272727,True,5
0.88831040686196505,0.34055169616619579,-0.30810576641643339,-0.31290074411598551,0.93989186493764187,0.13673480374690328,0.33615137273614287,-0.02505642557047455,0.94147460408937123,-6.5650166364647395,17.383401368011445,-5.7169327416823386,,0.06767350442416875,0.2083333333333333,False,1
-0.81748596040970167,-0.45756593612891749,-0.34978581821951749,0.47471065216968761,-0.87920205455956335,0.040663791939199737,-0.32613877605960878,-0.13280497487937784,0.93594675991619858,-5.4270934329625415,13.434353350945321,-4.7895402781164726,,0.08058204347147116,0.1515151515151515,False,4
-0.5751976446752316,0.77321767327669599,-0.26698707701429786,-0.8089050986261338,-0.58621665221799757,0.044973081715264873,-0.12173828886883054,0.24183561854056079,0.96265015588654701,15.635201629976443,-12.280656735241839,5.0060371839352467,,0.65717610740279,0.7619047619047619,False,2
-0.74417322361128335,-0.45033964500554419,-0.49335627835902829,0.58912100598072226,-0.7906103863324957,-0.16694806777990345,-0.31486926425463035,-0.41488482878922189,0.85365562451628341,-8.6996097088920017,16.496887113759659,-6.2140833779578513,,0.190938317223618,0.1666666666666667,False,4
-0.80699821515744574,-0.37524293393059327,-0.45601164597832011,0.47997507616660745,-0.86663393419529866,-0.13627013744778155,-0.3440607606100346,-0.32884398221092381,0.8794792938847994,-9.1581155405539647,12.326251485806115,-5.7493242128563082,,0.3119481145782247,0.2330097087378641,False,3
0.27863693361849562,0.9287979338242276,-0.24432735693640567,-0.94230248423769769,0.31354249794507272,0.117290793252623,0.18554645623979871,0.19754872843481366,0.96257312058390798,0.73161149252932955,-10.302062908248097,-0.055671369191735209,,0.181188762160803,0.1333333333333333,False,2
-0.2062291210253861,-0.90728588707729019,-0.36647219369479056,0.96328958699134948,-0.25403330837843091,0.086834611926036004,-0.17187996170331452,-0.33511102241598145,0.92636811334381719,-0.89221850229512567,1.3021788154635898,-1.9123136702307302,0.244717705972836,0.1970002552788636,0.75,True,5
-0.17659186868845064,-0.89777024300807429,-0.40351443924888741,0.97943781350513592,-0.20090895219871838,0.018361982537057689,-0.097554504710951631,-0.39197472328663763,0.9147890111468131,2.9003765606307095,12.085513433806728,-2.2673227003597893,,0.1928483717951108,0.6206896551724138,False,4
0.91241841833383719,-0.23192132801540299,-0.33720190909416542,0.29163482928590123,0.94650325500144261,0.13813295993012026,0.2871267250406363,-0.22437487801276865,0.93124333977977691,-0.68485457356424118,3.6492174435610019,-2.2052724630269451,,0.0764248955357516,0.3260869565217391,False,5
0.94036059271034589,0.12012782283850662,-0.3182628816835677,-0.07522600238085099,0.98584465703547075,0.1498377814852184,0.3317574479092284,-0.11695990071257864,0.93608620189705827,6.8035421517348595,7.3072176269176028,-0.46911814483829023,,0.08017441402389304,0.2727272727272727,False,5
-0.76261388805943875,0.56702950681679609,-0.3112837871428048,-0.61369358389407291,-0.78633537691676481,0.071111603106790405,-0.20445107685242031,0.24526355907119679,0.94765264932126647,2.8732127248172383,-6.856711217964004,0.16033226248257343,0.217571670408409,0.1698607633515843,0.5766871165644172,True,5
-0.39288373452493597,-0.75792863769988605,-0.52075575013640896,0.89270947728568739,-0.45026624893160266,-0.0181684957378936,-0.22070831499980603,-0.47202169995399385,0.85351236339170133,-4.4273679539983704,8.7818065676708681,-3.8993726759322009,,0.0954634021180373,0.1764705882352941,False,5
-0.83479440156294105,0.51898333654705109,-0.18377868077027107,-0.50296031637161531,-0.85465036785130211,-0.12885522452348588,-0.22394023147825731,-0.015134236621768299,0.97448536551727682,11.062574749483344,9.4975167618688801,0.43258317279844838,,0.4267592202722679,0.4891304347826087,False,6
-0.34885316963861596,-0.8592319084703276,-0.37419512757320894,0.91384096673127913,-0.40042231096439596,0.067503039972831816,-0.20783684359788632,-0.31840618767287099,0.92488991025683531,6.6874520861210796,16.454599040640186,-1.9435358056223537,,0.1252398845693617,0.3076923076923077,False,4
0.90923595724528583,-0.21267369433160302,-0.35785454278463269,0.29203459723562569,0.93849161912270096,0.18425328994044704,0.29665766140397665,-0.27203562372564449,0.91541840234644878,4.1326905642635392,10.235984136166948,-1.6930060739343473,0.7259348678006269,0.5418350669593337,0.693069306930693,True,4
-0.81145708362895264,0.50112970008191171,-0.30067661220023206,-0.53408166875315055,-0.84477273794324748,0.033403477808750776,-0.23726393010789792,0.18769135548469709,0.9531410087421861,19.734643084295875,1.5098049872362695,4.0864260114901834,0.1841255378016158,0.1419823153894568,0.4,True,5
0.49580970277876207,0.85073171225785282,-0.17443707286370855,-0.83224670777141407,0.52284431559294398,0.18438882573461274,0.24806885341388399,0.053752910720900327,0.96724995143703851,8.8549158406726747,17.959959810512537,-1.4756686147681684,0.9412547447399688,0.3422870916842544,0.303030303030303,True,3
0.86315030037419127,0.4065281200155994,-0.29951034473040372,-0.37819328660021223,0.91349478652942129,0.149990376204928,0.33457644408187542,-0.016191436630167588,0.94222950518723314,13.282775438277969,11.614960576171532,0.76298645295873269,0.2515636042167019,0.2020684308481693,0.3928571428571428,True,6
0.77294085899541176,-0.50222197774983157,-0.38773123882463151,0.60630888566870034,0.76472571958953428,0.21813782101563295,0.18695444272499792,-0.4036925301059176,0.89558940228325001,-3.8963895228749386,-20.286021165025051,-0.20991169684950289,,0.3052832585780333,0.2857142857142857,True,5
0.94292625722648804,-0.011125266413564844,-0.3328157175977054,0.10712934102290814,0.95644484760674575,0.27154476201633404,0.31529887047822697,-0.29170101462582759,0.90304880285697642,-15.474103694988491,18.635096595664802,-8.5139866752995221,,0.09671858618512014,0.2777777777777778,False,1
-0.94088287335970566,-0.090843291755487915,-0.32632332886481052,0.083385690501580859,-0.99583759681644179,0.036800915565078779,-0.32830815591142187,0.0074146550749725135,0.94454157010274598,-8.411486347592831,9.9516993425382374,-5.1854070174182558,,0.0753954762166301,0.2394366197183098,False,5
-0.55588115972779562,-0.72453189032717247,-0.4074919338571184,0.78720489549302275,-0.61630137455637213,0.021933267694170089,-0.26702919086028537,-0.30858735492378742,0.91294537383659513,-4.3920493315982565,7.5293602422583339,-3.6871878068722359,,0.07427407293085654,0.375,False,5
0.91459510600520644,0.24526884604480237,-0.32149492255893691,-0.22291628393115337,0.9691441271001513,0.10520452112723798,0.33737830758608517,-0.024553086713021033,0.94104889538387548,-6.536748958842427,3.9754640576261826,-3.9209920815310522,,0.07104050368051809,0.4017467248908297,False,5
-0.45847428438359461,-0.7458006400838203,-0.48330397868165298,0.8578216805764266,-0.51350386429870543,-0.021348200939011894,-0.23225695875901481,-0.42437623237035949,0.87519227516423648,-5.9149968285530976,12.304516653336758,-4.7534145325089634,,0.4836823108262038,0.436241610738255,False,3
0.38139960741340984,0.88079632057743029,-0.28059255357574564,-0.89018304218782129,0.43178142472694636,0.14539240923103236,0.24921575164128879,0.19432612515570086,0.94875121407871654,12.493749031464317,-11.895685457061768,3.9244498346950514,,0.08381169628632038,0.2941176470588235,False,2
-0.09848503289311375,-0.87464872539213923,-0.47464755921204393,0.98697555859273423,-0.14681727616231555,0.065756628265451422,-0.12720041287906533,-0.46198949619032104,0.87771621858845161,-7.3630986718581743,9.4849822204743379,-4.8509417636648129,,0.1194614346770696,0.3714285714285714,False,5
0.94493084457623011,0.0054939818853539952,-0.32722395256383197,0.038595439479661972,0.9910110750699862,0.12809153422456471,0.32498629358762998,-0.1336669938753561,0.93622488950492078,7.9334021450916135,-10.566409625503516,2.2794959359242952,,0.07003184960263002,0.391304347826087,False,5
0.93577875301247793,-0.12448487764861892,-0.32988125234274929,0.17691688778593365,0.97507415025282584,0.13390599809145609,0.30498941002361307,-0.1836679524183194,0.9344771495482973,3.6148357151324682,8.3320112057260491,-1.4802513408260631,,0.07410057908399599,0.2307692307692308,False,3
0.54571128289883508,-0.73096811614390478,-0.40973748778692165,0.83135971499058203,0.53358003918611063,0.15534917467732376,0.10507245123097048,-0.42541503847793005,0.89887809241806294,-5.7530142557681314,8.2257008972260746,-4.2317988247938851,,0.1108997949521992,0.1463414634146341,False,2
0.92268256700144713,-0.18955613069578797,-0.33574596627101966,0.24500647461604014,0.96063611069251253,0.13095835303554235,0.29770574053558146,-0.20309292491173447,0.93280467189168659,0.94429664681216663,-8.6340549461375833,-0.09558368113621632,,0.07256879708604133,0.1690140845070423,False,5
0.76062061734726216,-0.53659073260924406,-0.3654130021552946,0.6188000300866614,0.76946847000893692,0.1581290499144703,0.19632320094939754,-0.34639379229423384,0.91731594417027462,15.794677448987377,18.963766685177578,0.50155485675437483,,0.1723121698186961,0.4375,False,3
0.86907587820132215,0.4570446813493188,-0.18925453014102606,-0.39017418911753432,0.86850882011244057,0.30570661022190976,0.30409080892897,-0.19184000791596073,0.93312710350076578,4.5745145675421117,-4.6760903270663237,0.30801334072912356,,0.3487552720765759,0.3256880733944954,False,4
0.68868842897608074,-0.63230501654337556,-0.35482194668388256,0.70259317785300357,0.70285174791914884,0.11118564152540178,0.17908398652273688,-0.32586774387944462,0.92829905702313698,6.9480103801600954,12.363369229025388,-1.1912657940152356,,0.1146042412409115,0.2631578947368421,False,2
0.0038762960597934788,-0.86039262832401053,-0.50961701252466041,0.99567957279418884,-0.043959547216988387,0.081790870693862414,-0.09277479533385985,-0.50773229494900196,0.85650496438525192,-14.250272576319865,15.039914579838229,-7.6250172850093296,,0.4947287166212037,0.1428571428571428,False,1
-0.88547262363074375,-0.29829160286726214,-0.35631496244104949,0.31862781040076082,-0.94787837153085974,0.001706230705846315,-0.33825220064280975,-0.11202103571599598,0.93436434880479646,-10.256354668339773,1.9579286998695582,-4.7423706288838545,,0.1357960870526522,0.2406015037593985,False,2
-0.91349587313111114,-0.09843030699764696,-0.39476165522600815,0.13480952323044595,-0.9887089492024741,-0.065429398692933058,-0.38386414552391906,-0.11298711621812435,0.91645088758203674,8.7133003664833719,-6.0977841938738377,1.7475642086598062,,0.4621934932140822,0.4576271186440678,False,5
-0.24604964456199152,-0.8744675345355668,-0.4180503599498584,0.95376551402796861,-0.29524440633799559,0.056232417492850871,-0.1726004538287291,-0.38488605011017624,0.90668175881546476,0.35325024060877108,2.76379058763917,-1.7997956983783043,0.7527469152715326,0.6045800928619158,0.6404494382022472,True,5
0.16447981211553661,-0.91679624418960048,-0.36391075560675734,0.98548990534188918,0.13706481100579337,0.10011435488071227,-0.041905105603886134,-0.37509716637664625,0.92603783826609287,-4.1814916272946432,9.7169414975121988,-4.0270544983109557,,0.07757244517470738,0.2698412698412698,False,3
-0.3793473631622275,0.88112399537717667,-0.28234036699066767,-0.92428828266956919,-0.37481770443833268,0.072130846101480336,-0.042269948918845876,0.28832653920535745,0.95659869235132144,5.7008008003488486,5.3038856855328556,-0.61756417023546595,,0.1132639491134276,0.375,True,5
-0.8812669490218803,0.3525787182045792,-0.3147329217461724,-0.39027043243301662,-0.91848387344011462,0.063846407878511452,-0.26656622841277655,0.17909668254788774,0.94703052969274892,-0.86689839644825861,6.9979786907453772,-2.5642416626361486,0.469032705754781,0.3917668799750026,0.9739130434782609,True,5
-0.89555906315067668,-0.27300287129251183,-0.35134512473453583,0.30273071863220341,-0.95255587259209129,-0.031486847837609175,-0.32607986200486522,-0.13456129404982436,0.93571640027228575,-7.4723696526117154,-15.367223525747191,-1.9608268017927974,0.2111363991742996,0.2231922735885382,0.7313432835820896,True,4
-0.13994997911438375,0.97156579927240649,-0.19098141540488747,-0.98912666747449929,-0.12837543009646549,0.071750851133203397,0.045193351686671983,0.19894634108653031,0.97896778002731377,5.7853509563457282,1.1891175746049574,-0.15224845761081016,,0.2546165565940112,0.2933333333333333,False,1
0.91860457124154493,0.23206241086219953,-0.31986353208667062,-0.2056462884243139,0.97190140711238049,0.11453060250552272,0.3374540646539031,-0.039429586832706268,0.94051584884613237,-3.4548372200309903,9.4223946739245044,-3.7926844275861322,0.4441980395423195,0.3919182719927747,0.9881516587677726,True,7
-0.041034108950803595,0.99854679663263535,-0.034935609874684526,-0.99616345474259627,-0.038181206357378955,0.078743678580507362,0.077295364271789249,0.038032754512364875,0.99628255843726066,-8.1827442858514434,-9.1876007999231302,-2.8684902604988998,,0.4899451348363976,0.3174603174603174,False,2
-0.14531123173417235,-0.86606541079666055,-0.47834647500897343,0.98047831831483401,-0.19078478730506726,0.047575542534751943,-0.13246476228194953,-0.46209508670248056,0.87688152996799662,8.280346215864741,1.1720533017376922,0.60787167449368662,,0.48253337173654,0.1864406779661017,False,3
-0.61238473878759203,-0.66932084797045477,-0.42070718340927454,0.74315645805457964,-0.66888658471894191,-0.017584528279198555,-0.26963569969836143,-0.3234197570575148,0.90702604714144452,-3.4359610244757741,12.360981627667245,-4.0899539690594819,0.5262447131091217,0.2776330805927908,0.4090909090909091,True,5
0.5014917706622436,0.81241649172384223,-0.29746503648861256,-0.8276456086945565,0.55064824815935698,0.10857832752279603,0.25200942515442604,0.19174449346501415,0.94853850678777418,-3.2261283209283436,-15.20270606033977,-0.70833978629028771,0.425278115623355,0.4878150572675691,0.8363636363636363,True,5
-0.7619106307936403,-0.50717421582046618,-0.40282316900909804,0.58811770316102663,-0.80228361776274504,-0.10226712031791674,-0.27131118279981625,-0.31482584308854994,0.90954655219584457,-18.891311976931711,14.27215244860931,-8.9307552049196772,,0.5597358000741861,0.4444444444444444,False,2
0.34611210601502057,0.91405199260431691,-0.2114600787050008,-0.91517912940356883,0.37855036027818351,0.13837191130205195,0.20652741022433949,0.14563165709877601,0.96754216924984293,8.7671339202064047,10.164007669121506,-0.34805763646994525,,0.2971825347576837,0.421875,False,5
0.94844725048977396,-0.084443800255117885,-0.30547840780792185,0.14971171396347099,0.96890781633394696,0.19698742637311439,0.27934605016092334,-0.23256587893639316,0.93160018044976489,-6.6479411385847351,-8.3432807613400826,-2.4871475867637689,0.4928439795144802,0.2188724553708035,0.1492537313432836,True,5
0.34792011500639985,-0.86625293733311326,-0.35854907911705192,0.93707446016955442,0.33316109975465374,0.10437977633721512,0.029035317664369314,-0.37230300854548859,0.92765695176401619,1.6751892904006469,-9.8137599487148126,0.24017773555183891,0.164990591004977,0.1334317754688063,0.4065040650406504,True,5
-0.70109618328864665,0.66247084198680528,-0.26381153366634008,-0.69143829239629406,-0.72202219058549622,0.024434486084609464,-0.17429064686950407,0.19954032128724075,0.96426470981489076,-27.193469220431009,2.2727075733415889,-10.128276380433231,,0.1163601074677713,0.4074074074074074,False,3
0.24852332223516932,0.95158581963605338,-0.18088832514226805,-0.96400050785450397,0.26121375950981601,0.04970304516833899,0.09454723243676745,0.16202407139165689,0.98224692472321806,-28.72172482756616,0.56368487345537255,-10.435156178649221,,0.6582090173566146,0.3653846153846154,False,2
0.21421661139381426,0.96882967908051743,-0.12441983899560494,-0.96697052094549329,0.22834896562427676,0.11324646361243819,0.13812767653642749,0.096051042842145107,0.98574588111925854,0.5320545928255952,18.389278837949412,-3.8414384454166233,,0.3983389499580349,0.4615384615384616,False,2
0.7127583386988624,0.62645642444876781,-0.31548042551337885,-0.61893329560487187,0.77334805545771335,0.13731118203360271,0.3299956457393482,0.097391649470775193,0.93894501458095603,9.1729352160777253,-2.5362009439669855,1.3118002438028817,0.3967495299134383,0.1221870194587938,0.2553191489361702,True,4
0.65531847291360257,0.7306775411252705,-0.19148898128433881,-0.70153647631380656,0.68272257977756812,0.20429501086191809,0.28000762750216884,0.00045821064123549582,0.95999766592612912,21.154190523960189,8.6837476777831011,3.6022422305304911,,0.2980590135940634,0.3870967741935484,False,6
0.70485645885226134,-0.54444905860300885,-0.45470055531145703,0.68460851147606527,0.68994987495619253,0.23511774935648627,0.18571095398165399,-0.47701613456384345,0.8590500852319336,-7.6817463432781565,14.922313206778513,-5.7068819350938202,1.215818804075362,0.4963634133909724,0.3378378378378378,True,5
-0.44374015772778719,0.88223573733360539,-0.15733650622518616,-0.89453415459528651,-0.44661356122288859,0.018573454021919442,-0.053882452451737645,0.14898466600035937,0.9873703715498795,17.393918918884104,-9.1472041595618929,4.919624023393399,0.9270037835807619,0.4182831356094441,0.4594594594594595,True,5
0.92803681239768165,0.19330092596434234,-0.31840607226634016,-0.14347591340940336,0.97435496732578908,0.17334087780698917,0.34374749032696567,-0.11518311364470067,0.93197130493649005,-1.4386318262876314,-6.1440782162413088,-1.1661071941060854,,0.1941228232302279,0.3712121212121212,False,5
-0.87347469400651823,-0.34084530563104115,-0.34765850566252665,0.35859741934458439,-0.93338528330004611,0.014135195728972663,-0.3293172479078843,-0.11232270717969008,0.93751467171570302,23.034904706821663,2.0544141490091294,5.0118643500960065,,0.8210404568767157,0.7875,False,5
-0.8645909021706355,0.41965888279165697,-0.27634940560425719,-0.41798547774423717,-0.90590687041952778,-0.06797707349996239,-0.27887400789368977,0.056737679021579168,0.95865015699187972,-4.0171423758916296,-10.791309865078999,-1.3728130386675437,,0.6849334701228376,0.2432432432432433,False,6
0.8303863850694706,-0.35000224540603198,-0.43353994014622449,0.50332144992005889,0.80495292668815432,0.31419469102221198,0.23901039630448218,-0.47911294495860746,0.84458558857670785,-12.14463206151366,-8.8721995491965213,-4.1028954892441662,,0.7652421989044893,0.5833333333333334,False,1
-0.24302260300171855,0.96866834445120142,-0.051202078946456286,-0.97002024052127511,-0.24263667085427981,0.013717832766155791,0.00086452837866438093,0.053000796361204083,0.9985940958045777,10.433080869415226,4.5174980699800527,0.86984601456591637,0.6954349648609015,0.4717954485566115,0.1363636363636364,True,4
0.42914347573919692,-0.81226098144757919,-0.39505439530309944,0.89706018956455069,0.4343411246896442,0.081429747032322169,0.10544616412603336,-0.38933261540892139,0.91504164989903891,-12.061835910519203,-7.0182534528711056,-4.2236597160118388,,0.1882915032520694,0.32,False,2
0.64274717923966274,-0.66882626004178147,-0.37356056732206327,0.7535982962875567,0.63966952832121093,0.15136876286015044,0.13771590834740238,-0.3788064524474789,0.91517211505388829,-2.4500211819884417,14.81286733179217,-4.1937140934387829,,0.09631846742912224,0.3333333333333333,True,5
-0.43611049971456339,0.86234145001783902,-0.2572447387602837,-0.89754596826416988,-0.43745501419795008,0.055175587045419666,-0.064952805108395073,0.25495163096988444,0.96476981657509819,-1.0626497856245583,-16.371210687329921,0.15631359109074194,,0.06833718959987811,0.1428571428571428,False,3
-0.94177445335578325,0.12325777925679313,-0.31283925402529061,-0.12532268884368949,-0.99202306635099713,-0.013581586378390229,-0.31201779222891185,0.02641506540309066,0.94970897734640103,-7.1472856876218565,13.908086431594564,-5.4247372360668544,,0.148214172438302,0.3658536585365854,True,5
-0.0079335536377436629,-0.85538084951834237,-0.51793885836453479,0.99749915627298935,-0.043147681908476648,0.055979556809614008,-0.0702317019682204,-0.51619945740305218,0.853583990135384,-5.2924648033758146,19.105101274877196,-5.6325946857457518,,0.3457755889655834,0.3157894736842105,False,2
0.93048364025431862,0.17017906002520644,-0.32440604610273205,-0.13963460593983901,0.98345586054133727,0.11539821138528202,0.33867738637691264,-0.062077837396558387,0.93885247513177938,12.357353393977604,5.8491271972639298,1.2561038183326605,,0.08664769771880074,0.375,False,5
