axis_00,axis_01,axis_02,axis_10,axis_11,axis_12,axis_20,axis_21,axis_22,location_x,location_y,location_z,dbh,dbh_approximation,score,reconstructed,number_clusters
0.83226346386133476,0.55091548419649194,0.0618842144175408,-0.55111214338486425,0.81008319428410003,0.20010153360783828,0.060107671184899222,-0.20064233753376434,0.97781885861017925,1.8887128164284623,-10.243697165204939,-0.31028269266051173,,0.07906781808985619,0.1666666666666667,False,4
0.24894012633681789,-0.95820231513833498,-0.14098629991224257,0.96803426707036822,0.24156082848060512,0.067513138879032583,-0.030634478564928576,-0.15328629882445227,0.98770685900005584,6.2863953153169199,3.516095076681157,-1.2829256830142559,,0.3140314718728587,0.1132075471698113,False,5
0.97484600989143821,0.22280934527347732,0.0055904076368071057,-0.21552657315764609,0.93599925553124474,0.27830503033160814,0.056776344208333239,-0.27250942975199932,0.96047647417028204,5.8312733380121999,13.968394980231913,-2.1610337864192006,,0.2754913640609511,0.3207547169811321,False,3
-0.0029046009636664793,0.99695950623241136,0.077867234611663005,-0.99874046586199827,-0.0067925781030593437,0.049712601344852149,0.050090369763061506,-0.077624762901665284,0.99572353142901049,-17.274404156310986,-0.2380119185232655,-1.6228920089717573,,0.07471911197706893,0.1666666666666667,False,1
-0.96451463309659435,0.26358411064592246,-0.015327725126074686,-0.26256158892331194,-0.96364789153388686,-0.049438377444661973,-0.027801700750281488,-0.043659566618247062,0.99865955544324458,8.9069605768130167,24.981013426710987,-2.325295884524146,,0.5035531470975965,0.3333333333333333,False,1
0.72609324604444914,-0.68461557781737425,-0.063953957331954234,0.68759518740098757,0.72278134259529303,0.069281953343899222,-0.0012067773761779699,-0.094279591672471727,0.99554502775235421,-6.8138098705273622,-17.620482268470546,0.05458016939479339,0.5401276293763763,0.4286628007988935,0.8947368421052632,True,5
-0.44976012819887645,-0.88795953949936124,-0.096144075712498472,0.89010176655791118,-0.45450600594927387,0.033810290246059721,-0.073720229605003282,-0.070371491160263464,0.99479303424323651,4.861857325526282,-6.4034104200260842,-0.50894371657769533,0.2200570019579343,0.1666435136155999,0.2068965517241379,True,5
0.99083386125396933,0.13327355285394232,-0.022054920136676356,-0.12761322771214881,0.97701187258477051,0.17077079651183297,0.044307149597271368,-0.16639098815166056,0.98506391445249741,-28.932511094033384,16.00132536915546,-3.2831492921060947,0.5409837746708065,0.5248739424443245,0.7777777777777778,True,5
0.92687199520288643,0.37511469869348135,0.014045188952793962,-0.37089755377719269,0.90940542832266591,0.18819344180752931,0.057821355144232145,-0.17964055711717256,0.98203154792904557,-17.348498311802899,-3.6091840765605476,-1.3802700901986806,,0.08368897975864646,0.3333333333333333,False,2
0.88626715780577325,-0.43578861155413112,-0.1569038273421007,0.46287708180966475,0.84546611454532927,0.26633035180203146,0.016593135033686549,-0.3086670296538771,0.95102541116124073,0.66168096883280236,-5.3938023023278259,-0.70721833038630444,0.6406008587217322,0.4249056181107,0.5846153846153846,True,3
0.45207477322112033,-0.88588253386516147,-0.10411789284130564,0.8916152440222842,0.44546276376094451,0.081149138809623517,-0.025507960407591127,-0.12951857895723654,0.991248849512948,0.59655300901382202,4.5874862181492704,-1.5777783247071369,,0.07706903085305483,0.2562814070351759,False,5
0.81651745428869615,0.57433416759302469,0.058647342455863234,-0.57410976650822187,0.79707638469118125,0.18726241739204288,0.060804792917851382,-0.18657304441656136,0.98055763535620555,-18.638232512295151,2.6980031866880485,-1.9190501371778956,0.2807755665910822,0.2356713649564136,0.5,True,5
0.79461445101447226,-0.59887493312784379,-0.099682940918137147,0.60694110789726829,0.7796840935665087,0.15399742135441044,-0.014503991981681334,-0.18287025102649138,0.98303006337858401,2.8438632469243386,9.2389324026064834,-1.8977775475786771,0.6226287465606988,0.5332369067797774,0.6824925816023739,True,5
-0.91930302479503045,-0.38879328540179769,-0.06100598191311677,0.38795826111958448,-0.92132497887339315,0.025469019082208402,-0.066108518602185806,-0.00025402838006906639,0.99781240683697991,-20.648784846907024,0.61128089990242684,-1.8160146769853711,0.1761111618676824,0.1440366913917471,0.4651162790697674,True,2
0.97895217667239809,0.20113205424730216,-0.034619828749352516,-0.19686268596817549,0.9753428597971312,0.099756647478500271,0.053830462210255135,-0.090841634711263136,0.99440941203370359,1.20675067774512,-15.318900965656272,0.10443493584770634,0.308319709733673,0.2152920421721976,0.8245614035087719,True,5
-0.61556430117741823,-0.78626203038710196,-0.053596741388892574,0.78563260705158511,-0.61758956796022402,0.036939576121453016,-0.062144974481334624,-0.019368663305833006,0.99787917957459105,2.0910443422958043,-16.915900636480618,0.2941646777915618,0.3852955030103253,0.3899614945907524,0.9365079365079365,True,5
0.86835671150591298,-0.4886995643236241,-0.084435522219832387,0.49573736873199231,0.86019715521211548,0.11960483020205998,0.014180367601601469,-0.1457175006472553,0.98922460906499887,-20.681725665807242,15.634268387722125,-3.0346241674547931,0.8304370991132681,0.842510953142744,0.779467680608365,True,4
0.32407500427362934,0.92646331613353006,0.19141869152178062,-0.94477940693622042,0.30654539592841429,0.11585245989765086,0.048654535598361172,-0.2183933242888968,0.97464716286036235,-20.824832592566835,9.8801648595898257,-2.6803564081520164,0.6499254737427761,0.3959723928330833,0.6888888888888889,True,5
-0.40176094518073918,0.91574177664924017,-0.0022674714488182188,-0.9153999274217608,-0.40154057647051827,0.028427773812914468,0.025122018304932148,0.01349681247613993,0.99959327741300341,-8.8362002823153762,13.843669775320407,-2.6617613907566753,0.3872269241638903,0.3057174877417539,0.8071065989847716,True,5
-0.88009468925292467,0.46311149630584392,0.10469517628888009,-0.47460476357403591,-0.85178846164445365,-0.22182591147611308,-0.013551986630410358,-0.24491663601874253,0.96944942367285536,-23.368128204577268,-5.3547063837188249,-1.4271011989612947,,0.1385295602472682,0.4285714285714285,False,1
0.34815350708497739,-0.9253692541117966,-0.14993624994979343,0.93704882494485253,0.33892347859507588,0.084085523881839333,-0.026993243115652581,-0.16977225686663172,0.98511356991187005,-16.547730311107593,-7.6432152161882065,-1.0270534445540407,0.3558909249114282,0.3330282159586181,0.7604166666666666,True,4
0.99130771410263907,0.13012274846571825,-0.019418709852271412,-0.12265006334287712,0.96742722588890784,0.22145321079379204,0.047602289047770856,-0.21714657017926597,0.97497763519826064,-20.074194806437138,7.118764677414763,-2.3786297460723169,,0.1007375815482316,0.2631578947368421,False,2
0.74822978678351271,-0.6415296561150966,-0.16909135547018478,0.66313876484872614,0.7155161638675509,0.21973529029077196,-0.019979107207398823,-0.27654352201617283,0.96079369050076802,-14.112607556218792,-2.1811475978806207,-1.4047554736813197,,0.1866096040775174,0.3157894736842105,False,4
-0.73177023026795063,0.68144773952063942,0.01188732079998326,-0.6815137034203772,-0.73180190860748207,-0.0022446845411054558,0.0071695288431839407,-0.0097439653456663014,0.99992682382037834,-12.536735859674202,-0.7679072990467275,-1.4691012705535698,0.1981806607648617,0.1789487749760622,0.4758064516129032,True,5
-0.57642842234191205,0.80551770809621948,0.13737356317657504,-0.81710647286916138,-0.56988343628106952,-0.08700506334575657,0.0082027990182008959,-0.16240101907283264,0.98669074339043694,-9.2266395872751179,-2.1305797396110702,-1.2778220116188208,,0.1245098773615685,0.48,False,4
-0.7324024369844172,-0.67572492961038533,-0.083561293685093019,0.67783109680450504,-0.73520561609531532,0.0042078814989636171,-0.06427810283516644,-0.053558580684587374,0.99649375508879334,-8.8975888817098294,-4.7429933586992856,-1.0730281317867094,,0.1450289974215305,0.4242424242424243,False,5
-0.095227128072771519,0.99509398544482885,0.026828235322868009,-0.99407488037725966,-0.096479472184287887,0.050068389728238481,0.052411127463063922,-0.021901405858264583,0.99838539759928513,17.851787974903726,4.3676838892388687,-0.95548029367527854,0.2515041037588693,0.2283588396318122,0.625,True,5
0.5952494883179027,0.77941228354740666,0.19543423168086624,-0.80262724770348892,0.56512359472317941,0.19085288557177427,0.038308587825654751,-0.27046592196165364,0.96196706656529329,-34.950144784335407,-6.7861544740257411,-1.5414265527391746,,0.3910905215711231,0.6923076923076923,False,4
-0.95084006191457859,-0.30598490009404411,-0.047711817956545319,0.30486188588372692,-0.95194134992065038,0.0294431120411493,-0.054428000089090878,0.013450175674990791,0.99842710579221272,4.879229907854767,-12.279250487928163,-0.055305955469005109,0.4953701730099166,0.4714251301413963,0.5777777777777777,True,5
-0.76369307961628896,-0.63735278216503777,-0.10273417743221573,0.6423231843866819,-0.76612143768036167,-0.02188308766897766,-0.064759608905094135,-0.082700506607041993,0.99446810872013258,-27.692235825391052,2.7918327118623654,-2.194537315283168,,0.1236407158512685,0.2142857142857143,False,1
-0.91152637554526028,0.40979197758921826,-0.03449930128042801,-0.4108982546909416,-0.91098223314374882,0.035693069192291552,-0.016801517111805352,0.046710876677120573,0.99876714154140844,13.602506070524898,4.3286986680479576,-1.1041741125351205,0.3189003003031299,0.2940840686439929,0.673469387755102,True,5
0.1724757884976216,-0.95010253896935293,-0.25991780975168099,0.98428891844797506,0.1561193001365738,0.082474778844083024,-0.037781310229235622,-0.27005912235814894,0.96210219988757262,-3.6164800236910559,-9.1311799253627566,-0.56645391635921283,,0.2687532621951473,0.6666666666666666,False,5
0.89480986385376826,0.44574222543363168,0.025083381260803693,-0.44187198283780288,0.87621721180204482,0.19233447045404989,0.063753104496878155,-0.18318642473536281,0.98100880498580945,-14.202462171128742,5.5054476449453187,-2.038287850003353,0.5085516414177084,0.2821412933810712,0.1809523809523809,True,4
0.86978746010821073,0.49313500510643454,0.016959981638687407,-0.48941053615814301,0.85782202114988804,0.15690349622529212,0.062825960684313037,-0.1447730871709173,0.98746830424834175,-14.318513915774021,8.8826156965365364,-2.3336356007926868,,0.1155904245122912,0.2413793103448276,False,2
0.71904062698378335,0.69067085622103752,0.077164403151111255,-0.6918883668356971,0.70098662938803924,0.17293997009548798,0.065353382347054068,-0.17774001740209003,0.98190499623421046,-22.008512599355839,11.009689505575727,-2.8466144172341394,,0.1484447196992708,0.2727272727272727,False,1
0.33026843519303239,-0.87353794508314453,-0.35756708351729349,0.94329641240852591,0.29206246910459194,0.15777006204516081,-0.033386210511981422,-0.38939821858920542,0.92046422434943298,2.7238962785265226,-5.5280813840283853,-0.63114648194824885,,0.3425020068179829,0.1944444444444444,False,1
-0.85380471709585781,-0.51771252031736581,-0.054692333754406179,0.51688955933901726,-0.85554863400107795,0.02935503883844005,-0.061989422574976222,-0.0032064256627452326,0.99807165590617308,-3.6983092296395075,-6.3374207514750509,-0.77270522064843072,,0.09063907726969796,0.3333333333333333,False,5
-0.86627614160027844,0.49947805092731284,0.0093446849056459252,-0.49942804296416587,-0.86544761931159508,-0.039649062143696352,-0.011716500975821095,-0.039014034266454528,0.99916996989257967,-19.074326927766382,9.20944766149311,-2.530500797688731,,0.07580369651350588,0.3043478260869565,False,1
-0.93907046502046077,-0.33966704085781346,-0.052658931637008258,0.33820338388123544,-0.94042738437956797,0.034854064903328374,-0.061360678431193902,0.01492099406541508,0.99800412377833514,-6.5678259698488617,-2.8698546749924456,-1.1277368972767499,0.1993228290781227,0.1573741291779939,0.6742857142857143,True,5
-0.98284925779050925,-0.16229629658742536,-0.087562826442791536,0.17417962229574183,-0.97295505305801999,-0.15172318183381578,-0.060570583929467639,-0.16437267669193334,0.98453685940119651,0.37835201324331463,3.4380068638377463,-1.4763116173520461,0.4569635604980004,0.345805136325648,0.5143312101910829,True,5
0.41104676236257304,0.88556720899050545,0.21635914011663665,-0.91019322325773466,0.38543303593124895,0.15162345184210052,0.050880796838685613,-0.25925295210196653,0.96446827388954259,-24.807067209185281,16.525256885376582,-3.1977441041307579,,0.3788985323521579,0.1666666666666667,False,3
0.49719627631974922,0.86728895316409849,0.024611674735725231,-0.86563807648787772,0.49392563277527385,0.0819035397398169,0.058877698223877652,-0.0620269377534221,0.99633632657089743,10.04339100619991,-1.7834156955495422,-0.72473009572196589,0.2211912899429238,0.1729440714551568,0.7555555555555555,True,8
-0.47260821927773133,0.8701850069364826,0.13935395499979719,-0.87994914825156856,-0.47462428799692141,-0.020525148836356998,0.048280094888796109,-0.13232474804951999,0.9900298952512292,-10.4079174894476,0.32102232026775057,-1.4818831271688848,0.6939617329889373,0.4833471403801398,0.1870229007633588,True,3
0.22257216361592769,-0.96282532334180926,-0.15306543932274638,0.97389686505241813,0.21240422017852151,0.080058375523278699,-0.044570486023790046,-0.16688871736008637,0.98496783084195627,19.512358556005672,-17.252666452793285,0.79568704526724032,,0.221901797509532,0.4666666666666667,False,5
0.62035150124020977,-0.78111924052398007,-0.070828998244065688,0.78427519484854324,0.61677180140303534,0.067119026656630443,-0.008742634288171125,-0.097186815347014163,0.99522775748489245,-2.3612595879464622,-17.783077568741056,0.20525649727809495,0.2729556972251214,0.2517238461577676,0.8913043478260869,True,5
0.82802374544473745,-0.5560399186943138,-0.07208526755231319,0.56065710159060878,0.82255493574550187,0.095220754653227935,0.0063475519442982159,-0.11926016308530374,0.99284274791387805,-15.709108575367834,13.998340799722722,-2.7908048032331672,0.3247836594052699,0.3363854704848777,0.9041095890410958,True,5
-0.016123514856506756,-0.97454543574637842,-0.22360953900621405,0.99789756948549102,-0.029724473064132961,0.057592503991467647,-0.062773187617163356,-0.22221082189434252,0.97297578466754198,-17.381459642886309,6.0768932397999862,-2.1940526358481858,,0.4007057036818722,0.3333333333333333,False,2
-0.78641123419511194,-0.61335927280938696,-0.073128470450717881,0.61490593707173391,-0.78859859972029589,0.0017137891122961726,-0.058720177840789783,-0.043619387638170311,0.9973210564990681,2.6012712449592512,15.7358027785753,-2.4146688602098623,0.507558130810049,0.4728427962241669,0.7214285714285714,True,5
-0.066965655198581511,0.99758608325496634,-0.018374099157207398,-0.99576618852702881,-0.065658580999238034,0.064332328789803148,0.062970618626288943,0.022604363233249852,0.99775936174642876,1.5425554209917987,1.7535535667337121,-1.288828596731461,,0.1393524163776624,0.3005181347150259,False,5
0.98235060884226999,-0.17847449434054341,-0.055983356250839555,0.18420385907571718,0.97506540402753794,0.12375942861142886,0.03249953244024311,-0.13188750031182395,0.99073178391160144,-28.030263806489547,18.004894541779976,-3.3789642634738928,,0.0925686093497294,0.2777777777777778,False,1
0.17867774345722567,0.98240060827570808,0.054436282501205177,-0.9822765282851349,0.17492385149206671,0.067338459733516584,0.056631139606535014,-0.065503366621102732,0.9962440579437174,-23.835283063047171,6.3021402382729113,-2.433959273229338,,0.07617004777551088,0.3181818181818182,False,3
0.9449703860283809,-0.29356603282388677,-0.14439513115551147,0.3208530926993366,0.91783043883120485,0.2337532426730988,0.063908234482291632,-0.2672195163661561,0.96151415363394099,-15.564589739327271,5.2643748864643207,-2.076331400085178,,0.2204751065985845,0.1612903225806452,False,3
0.83642247145002624,-0.53284202147659654,-0.12836210267116982,0.54798867256164341,0.81741334030816426,0.17760587217312779,0.010289023158576986,-0.21889452079708083,0.97569427833079903,-15.895860242089915,8.6138487150424261,-2.3850388596890344,,0.2149476648002056,0.2615384615384616,False,5
-0.62765329921798019,-0.77267568516262286,-0.094992744666389295,0.77636635580058189,-0.63027445365815482,-0.0030650688143118096,-0.057503196099928239,-0.075672971557772861,0.99547324615677524,-11.45509475839771,-7.27061923900437,-0.92127981541491544,,0.1215330355109598,0.44,False,5
0.12645549158131977,-0.98735929419794322,-0.095554344798484153,0.99117040802769329,0.12189327539356618,0.052184783836342355,-0.039877699270949793,-0.10130969141582191,0.99405538856046061,-1.7098233543573023,10.350098556346945,-2.1177490250620918,0.4927467744753004,0.4519134157428121,0.7103448275862069,True,5
0.62994822423449504,0.77633336092304461,-0.021719749117666394,-0.77382516677157576,0.62979955475917482,0.067432426147120805,0.066029130349776616,-0.02567164862398754,0.99748740363083144,3.4559944192695897,1.6691784596162562,-1.2122496867259112,0.4372626204206856,0.3458004035306504,0.775175644028103,True,5
0.96204329111194475,-0.2625063689359039,-0.074586274170139549,0.27106715901205669,0.95080542571159965,0.14997212321799944,0.031548396657016649,-0.16449756443628455,0.98587283660870784,3.5675533297461168,33.174788286631703,-2.7526763350996579,,0.3022735498066174,0.3,True,3
0.26837324792689354,-0.93320578585914371,-0.23896184012554905,0.96292532985635126,0.25282482038377607,0.094097924094791022,-0.027397242894274931,-0.25535577423847228,0.96645890737519879,8.9552785805408774,6.4483732754965661,-1.4563464083833704,0.7100169298534321,0.4138765581242468,0.2790697674418605,True,5
-0.86842955112762166,-0.49218769402544227,-0.059844703844155106,0.49496663178117434,-0.86765735114551779,-0.046677129585513268,-0.028950788443087079,-0.070156930185556465,0.99711576910379984,-4.1806308879568386,-11.678522246011541,-0.36812039983935546,0.4807550246658225,0.414143236677887,0.8902439024390244,True,5
0.96503041441679971,-0.24298420088315675,-0.098361462838420788,0.26061547327480189,0.92970485963569693,0.26024690019195351,0.028211244926295349,-0.27678069313256515,0.9605189084910124,-7.9930116201543964,-0.19503173163534851,-1.3897489115579356,,0.1186627623295867,0.5,False,5
0.95187670637870636,-0.29677282004585059,-0.076528616449398526,0.30551417705785455,0.93863621571548805,0.16007230292580141,0.024327422187481747,-0.17574967376738054,0.98413425339247862,-8.0859652557352941,3.0644167208846111,-1.6559456925758376,0.6809121040274537,0.6175212213156122,0.9448153093012907,True,4
-0.19581907064801612,-0.96702468266524699,-0.16284395809094401,0.97895467647860868,-0.20249998081105378,0.025327833941827325,-0.057468538968805855,-0.15445718140540032,0.98632669341404811,8.6099664670688458,-2.8473176573751706,-0.69836166496717345,,0.1375341748928791,0.392156862745098,False,5
-0.22725187574386188,-0.97094527303492351,-0.074979075361283926,0.97207528784182029,-0.2307954556395049,0.042462835790777968,-0.058533919552150364,-0.063235547181075769,0.99628060597131529,10.650954036505428,19.349388640377537,-2.1541492304790757,,0.086143431823626,0.5,False,1
0.87774419035609397,0.4791295511938361,9.7308372134279064e-05,-0.47597123190598883,0.8719349720717916,0.11480762551355153,0.0549228795131987,-0.10081804228885741,0.99338773882861142,7.4405432948117829,-12.778583536926563,0.078787543545352667,0.1974253158950469,0.1861113157172852,0.6,True,5
-0.60487568406474412,-0.78963224971001977,-0.10298697512355454,0.7936120876578977,-0.60841255836822283,0.0037434132961534153,-0.065614488876162419,-0.07946740865112828,0.9946756606109316,-22.760535464998863,0.0056792511655951623,-1.8230916725883104,,0.09077940429198411,0.3043478260869565,False,1
0.73500090846169841,-0.6589434492330386,-0.15989745236664543,0.67796981237835696,0.7181454703372836,0.15692041593654049,0.011427951003270924,-0.22374229405033674,0.97458133975002803,-15.364166180752356,-11.326341477191136,-0.70995753174721554,,0.4605691298016351,0.6,False,2
0.8650764969868342,-0.4964086441702209,-0.072257265060820225,0.50148181835485073,0.85940185087757004,0.099721835962434391,0.01259524594834284,-0.12250272119952704,0.99238825218671889,-8.4170592106197244,-10.427149688269035,-0.57931671269525942,0.2976714439491809,0.2002191324073691,0.5609756097560976,True,5
0.99880636573686576,0.025045034360372916,-0.041935545989071135,-0.020515523710979318,0.99424393873421268,0.10515751792973867,0.044327836066945639,-0.10417166862523997,0.9935709870992887,1.9311785195021114,-3.3885609260058276,-0.83875637757331922,0.3803259756147848,0.3246542975802859,0.7731343283582089,True,5
-0.62429043522287397,0.78115163651994302,-0.0079732836052448311,-0.78102456996274916,-0.62391234949547469,0.027092457650423906,0.016188687523633845,0.023140892576817798,0.99960113319614174,0.13517100006361199,1.4047864812283195,-1.2997683943981271,0.254260096436799,0.2676324129617806,0.7903743315508022,True,5
-0.47410442290625521,0.87757623992275624,0.071308760357776391,-0.8802144118840306,-0.47435657701246997,-0.014436999572692233,0.021156211673547639,-0.069611643911408533,0.99734980510329196,-11.348194321587755,-3.7472512531056257,-1.2052896716701802,,0.1168905163558696,0.2258064516129032,False,5
-0.74575013059971373,-0.65965921314010934,-0.093308441364551603,0.66304353087452605,-0.74854537220517747,-0.0072871061234331749,-0.065038595279660841,-0.067301918765995228,0.9956105829361519,-26.551309185960243,-6.10104104342828,-1.4447879813243958,,0.1177025959738155,0.25,False,1
0.47782567005536697,-0.8749822312033585,-0.078030276909232199,0.87825851885862916,0.47395350428966976,0.063482673413998575,-0.018563488044710703,-0.098864406385380882,0.99492774916658122,-18.883020147195253,-12.028595033921968,-0.75515460088673025,,0.323516020154793,0.6060606060606061,False,5
-0.34195257289503139,-0.92336007179174939,-0.17456980183067961,0.93769070923968512,-0.34746928638743763,0.0011085228821123491,-0.061681210234912742,-0.16331341903879007,0.98464417708419749,2.8713803598753276,-7.6689177341058921,-0.46174475261199882,,0.391000225211429,0.3015873015873016,False,1
-0.89406654599905011,0.44792012758452859,-0.0035455084243848287,-0.4474725376717022,-0.89347643588804915,-0.038316922402972964,-0.020330749001816549,-0.032671360814143777,0.99925934713045172,-5.8905392380541173,-6.8201589645890657,-0.81414586603076167,,0.08663167717589151,0.2285714285714286,False,5
0.6514658169543126,0.75839491798533321,0.020722879000501203,-0.74143455185983043,0.63063117911931732,0.22930137642629145,0.16083250494990831,-0.16474666702728444,0.97313485245105602,7.2089143189177163,28.972896354629114,-2.4823035752936167,,0.5912108944079907,0.28,False,2
-0.76728981445003208,-0.62048094655259933,-0.16207941142052487,0.63962878258829692,-0.75868168810119163,-0.12360063359278547,-0.046274843336818867,-0.19850816382485298,0.97900620415247452,-11.621421536752953,16.087383330953454,-2.8769143092372067,0.7070637377107988,0.2245809483760152,0.1428571428571428,True,4
-0.97783662004147442,0.20870175410951547,-0.016706954763676514,-0.20188398797390597,-0.96101642322857761,-0.18891873831015868,-0.055483329979516695,-0.18135879387711487,0.98185059351095838,-8.6414204301091644,-6.5867166068801177,-0.91117159434366379,0.1406350982723478,0.221235294370125,0.2647058823529412,True,5
0.469383551630292,-0.87916148299237606,-0.082183747064601659,0.88256036316057018,0.46419846783587787,0.074879822627364631,-0.027681886438880567,-0.10767947474551004,0.99380020320068141,13.627833695987279,-9.3110721856273315,-0.012553664029846661,0.2909803587703311,0.2862796111594624,0.56,True,5
0.90278086544302194,-0.40389402357972271,-0.14783885384610559,0.42977373514315359,0.86053081429385059,0.27346161381785294,0.016770377784961862,-0.31041316880465036,0.95045379638444538,-15.222710509785065,-12.872347248197892,-0.58802209595256072,,0.573863481152117,0.25,False,1
0.2834244834220937,0.95880894620158863,0.018867084584457315,-0.95729913882730411,0.28169931074674337,0.064991208061633721,0.056999306990701132,-0.03648154339672928,0.99770746012745193,17.592720991005727,-9.3360550800213478,0.11703585955729781,0.2853391784568577,0.2207750199473875,0.3333333333333333,True,5
-0.6626668044465488,-0.74661644736497879,-0.058622408758905363,0.74602881211663219,-0.66495289547912395,0.035758331697310776,-0.065678899019739612,-0.020038146571625153,0.99763959168906657,-6.7647406853998415,0.49348358130524095,-1.3912015093369889,,0.06481925855592678,0.1975308641975309,False,1
-0.52156212761845644,-0.82178140804494859,-0.22945209614594916,0.85125121714492669,-0.51942047849654827,-0.074657429822467702,-0.057830029771640451,-0.2342598640614259,0.97045247371859122,2.2412869450487674,-20.151689157955644,0.5467290714893569,,0.3082335956769957,0.44,False,5
-0.26875865871103538,-0.96039865539897273,-0.073506503628531672,0.96103439868715823,-0.27249374328739434,0.04647627791935019,-0.064665817151399921,-0.058151376398755478,0.99621119724437568,9.9887901378990183,-5.4503566665597765,-0.42433960310234597,,0.08385729011680629,0.2580645161290323,False,5
0.97937624229949238,0.19653388572475622,-0.046867982474763578,-0.1895164664621907,0.97400266075260988,0.12410610696707153,0.070040595078937215,-0.11266431825900027,0.99116147344023786,6.9270171478483311,-10.759101234643556,-0.10046026104749989,,0.1221028786705716,0.2380952380952381,False,3
-0.38055793535166782,-0.92321634269651898,-0.053359557896780048,0.92268430456269723,-0.38293348130953686,0.04489569028103544,-0.061881596250644967,-0.03214861537022469,0.9975656041460379,3.0091863865106627,4.1312776123520418,-1.4538693444168114,0.5051091201512709,0.4377396225800118,0.9640449438202248,True,5
0.38054861933091405,-0.91078962470998481,-0.16014058775332402,0.92392465880233687,0.36709755375077302,0.10771541620020648,-0.039318865476009636,-0.18894879081603891,0.98119946049049378,-13.804430049146672,6.587645958263062,-2.1262883204608629,,0.1856111229375647,0.4166666666666667,False,3
-0.99840116364862541,0.040124888355343863,-0.039813436921984857,-0.039474429973631459,-0.99907609806229902,-0.016991752672047611,-0.040458445389393631,-0.015392972912415473,0.99906264597451055,-22.538446036965809,8.6729332480192411,-2.6045860692912819,,0.1270425339476222,0.3684210526315789,False,1
-0.99880548687757109,0.040689014397817649,-0.027055563024846983,-0.036941432211699356,-0.99122178912890935,-0.12694366995731649,-0.031983276401983854,-0.12579256283031132,0.99154087216169551,-5.2883598257061823,17.903579030164448,-2.8877312961706338,0.3006412554172634,0.314112183196479,0.4545454545454545,True,5
0.48306221333245841,0.87171609011974427,0.082231115015497763,-0.87426095398521453,0.47503447729513942,0.10005013602087795,0.048152698649284884,-0.12022189321117577,0.99157854656376654,3.5318182522787334,22.379371258486366,-2.5909423267964642,,0.1523891030870684,0.5,False,4
-0.86369210771921834,0.50391523523306325,0.010265415897052745,-0.50394920968357904,-0.86305121570974552,-0.034318990679002605,-0.0084342825912533878,-0.034814289622736971,0.99935820810920173,12.224604977276934,2.2164495920546545,-0.96162673389576847,0.4487246217422657,0.3798191888143473,0.4646464646464646,True,5
-0.97320563692928874,-0.20950614005441009,-0.094752126775902251,0.22010496995467976,-0.9680288550561662,-0.12030768046926645,-0.066517595042998118,-0.13793952681572991,0.98820448111286441,-20.368994356661705,-2.9521385512250102,-1.5228387904679004,,0.1506633695810561,0.25,False,2
-0.35449841942006138,-0.90613364621526926,-0.23076543464153898,0.93142007602855759,-0.36394165579515325,-0.00176441152716314,-0.082386361733197369,-0.21556503977617134,0.97300781139036263,-11.696155625994869,-5.9075971272312495,-1.0341149521081969,0.4507602066351976,0.2515132949236389,0.3157894736842105,True,5
0.83675140388024338,0.54734051265379102,0.016292676647122584,-0.54405531350790404,0.82762091325180343,0.13801246245201013,0.062055652025087379,-0.12434623901082202,0.99029647525153053,-5.0771827487568242,-19.563062547947421,0.29501223009870031,,0.1838326393598554,0.3043478260869565,False,5
0.3482639960720445,-0.89519407361649961,-0.27810026897115214,0.9364042870050201,0.31858641807037757,0.14713838893948,-0.043118445224174094,-0.31165728738950221,0.94921574728744673,-10.189931884207249,3.0500374017988712,-1.7065698195942522,0.4854766930341625,0.3137085473443001,0.2639751552795031,True,2
-0.99129763080126643,0.13093450661386352,-0.013607429793340113,-0.12785438593881418,-0.98224554002462627,-0.13728421285034725,-0.031341077901139387,-0.13434974536453295,0.99043822763283962,7.7912209441639249,-6.6007081033702804,-0.41233580287039301,,0.2131964609904325,0.25,False,2
-0.62848943780860911,-0.76930570571803791,-0.11475956479827283,0.77503971769026425,-0.63185021989619661,-0.0088733094008010757,-0.065684568702342794,-0.094520001940322312,0.9933536664590249,-1.5217213968174585,19.576363151397178,-2.7637142180945289,,0.07840728102121777,0.1,False,1
0.17433561955182819,-0.96367181996481421,-0.20234553407768577,0.98394352025713916,0.16250629407658218,0.073802800282137454,-0.038239256000475598,-0.21196303402055533,0.97652927836769543,11.393139359074333,24.561257363149831,-2.1847128109086289,,0.5422594030500765,0.4727272727272727,False,4
0.14529897511408518,0.98527924929006039,0.090072241835147435,-0.98769378313654888,0.13912275267460611,0.071455233829651826,0.057872260921846615,-0.09934616553573275,0.99336858255591032,-20.593740185879319,3.2065968253948163,-2.0526549341027738,0.6250672018339828,0.5042676800194867,0.908,True,5
-0.95635066280985381,-0.27553713644630834,-0.097327777032668344,0.28219383795157327,-0.95730598688354052,-0.062704747021983115,-0.075894977207412395,-0.087433025315941396,0.99327509709988582,-9.3293802747885106,12.228434509268027,-2.4948915844923567,,0.483824531961443,0.3125,False,3
0.96584417680351886,0.25799658622654909,0.024140994805103871,-0.25531643805625909,0.93160331748938219,0.25870596301794552,0.044255424447153066,-0.25603324069000283,0.96565440871399644,-13.455957404653626,-1.3534379235542728,-1.4572216865331011,0.2782758068547526,0.1816183165431641,0.1304347826086956,True,4
0.10833087741024644,0.99377047461845192,0.02616609975030483,-0.992619228904428,0.10668712873892751,0.057662145040071958,0.054511351191333948,-0.032219564523131836,0.997993192488423,-39.150654729789117,23.319564238049569,-3.9903603068399525,,0.6847521953646163,0.7714285714285715,False,1
-0.46735281788558036,0.88406441894546572,-0.0033833074088440232,-0.88375606989733568,-0.46708084734898786,0.028472635272594901,0.023591365666747813,0.016296784786170151,0.999588846612251,-17.83554343367911,14.291201741364789,-2.8871349738154466,,0.08331636965431549,0.28125,False,3
-0.53512778800399963,0.82546971421478799,0.17954944004396878,-0.84454110407800931,-0.52771831645849721,-0.09090490634122364,0.019712281162857122,-0.20028262378041151,0.97953983920154608,6.9032004577438419,15.570766845010048,-2.2502795118374519,,0.424040311208958,0.119047619047619,False,1
-0.99309763059783862,-0.09594926295120422,-0.06745987726108342,0.099005781956352151,-0.99413469096544582,-0.0435209301170148,-0.062888403065835596,-0.049899450479534604,0.99677233789951769,-28.267372310688998,14.88891684922795,-3.1992033622893485,,0.2597914071481677,0.7115384615384616,False,4
0.96052984883699744,-0.26826487628010576,-0.073595962169090368,0.27687200985392096,0.94755466575346858,0.15963096682123715,0.026912815769164478,-0.17370697039339589,0.98442957532985731,-24.280146576863501,-2.1935352078643588,-1.6760766234556932,,0.742707595713691,0.71875,False,1
-0.92042745194583919,-0.38506006349794991,-0.067394756498150368,0.38635458502732817,-0.92232498369610327,-0.0068380610076296533,-0.059526803482558663,-0.03233221224936348,0.99770295565273903,-10.12409069284193,-11.555965847377644,-0.54075605073151367,,0.1154328280705367,0.4210526315789473,False,5
-0.69560286748728084,0.71728351394995737,0.040509398404223906,-0.71839666812599368,-0.69498126970637031,-0.03012078987660579,0.0065481271323686585,-0.050053924650531795,0.99872505058105743,-25.122552983823198,8.3193729621082753,-2.6499612891707436,,0.158694757761632,0.2941176470588235,False,1
-0.34137001068367939,-0.90322466902814236,-0.260099429189739,0.93674271393603925,-0.34969338508174974,-0.015087223661485946,-0.077327897252991509,-0.24879657089491922,0.96546396236077126,5.6083681376777452,-19.699387603822554,0.58337433762112001,0.643263402924951,0.3895804409798585,0.1578947368421053,True,5
0.942510835551151,0.33416963761475971,0.0019945338026086112,-0.33017068072794736,0.93027751214882082,0.1599095743782816,0.05158145457733343,-0.15137504314324543,0.98712965199970848,-15.357943092861639,-7.4675324843811293,-1.0282834428522636,0.2955811931290556,0.2665550820074788,0.3333333333333333,True,5
0.8487217954944668,0.52744867983299537,0.038330196908934057,-0.52514629841078286,0.83202685715049629,0.17875310975118583,0.062391338486205462,-0.17184062128232908,0.98314704991633961,10.743829663637987,4.5543509518801377,-1.1951085229476224,0.6019194065381107,0.548443165351112,0.8877551020408163,True,5
0.23850463225211721,0.96532602686092606,0.10611881199476589,-0.96935505026876367,0.23001571680348723,0.086276048482878537,0.058875520487927199,-0.12344404355122249,0.9906034732419422,-18.033459297865893,-4.4706049477880949,-1.3161248619131074,,0.7116099690140096,0.5409836065573771,False,1
0.54322260472825568,-0.82864854258870102,-0.13509550169369197,0.83922885347445375,0.5406249826081575,0.05847700125590171,0.024579121387931963,-0.14514207193488166,0.98910547756356415,9.8251018644836137,21.349590084688394,-2.199959759944917,,0.1527963284905565,0.3181818181818182,False,2
-0.69754270233070226,0.71147872499543929,0.085042355941296402,-0.71650263825162031,-0.69383632626848757,-0.072215799716662588,0.0076254707165891514,-0.11130667648040576,0.99375684951965848,17.570885679204704,7.07224338426958,-1.1473988909115573,,0.5517649538378464,0.2727272727272727,False,2
0.079664099851764689,0.99621298122309276,0.034832847104465894,-0.99532853929957221,0.077584228852338094,0.057461172013504223,0.054541085894814684,-0.039247719373016646,0.99773988918626932,4.8512573515238548,8.7983557425042207,-1.7758479930449156,0.4981652236129702,0.4310539524167119,0.3980263157894737,True,5
0.091830281452855531,0.9890157492852012,0.11582334425374259,-0.99130290526403286,0.079786533488205885,0.1046549525298402,0.094264253157689853,-0.12442651140238181,0.98774100544467403,-12.933680864270059,6.3579603684178938,-2.0568997330128251,0.6058990922917942,0.4723005717554652,0.368231046931408,True,5
0.57570342036295064,-0.81170653114929092,-0.09847882550063855,0.81748951370299572,0.56894529096197777,0.089510618799281988,-0.016627289858537064,-0.13203697657011002,0.99110532742498392,-25.591945176452302,-3.6120663673876643,-1.6001865301697866,,0.1803315832403297,0.2857142857142857,False,1
0.58034378516674634,-0.79744137124200087,-0.16519185951495494,0.81437107459748992,0.56804966396379053,0.11882479593734677,-0.00091862792280491407,-0.20348670399389768,0.97907727857428961,6.0647088529902815,-13.295826233088983,0.076269300668390688,,0.2886752989659889,0.32,False,5
-0.98811902668942941,0.14857509832019294,-0.039322121680782057,-0.14484375007553768,-0.98579742731646869,-0.084992472374238126,-0.051391411329018824,-0.078287115513189301,0.9956053688014318,3.3232671761265515,21.046747811018328,-2.5427271474651838,0.6100827495506868,0.473823836985471,0.593103448275862,True,6
0.42521978509218733,-0.87473624230002356,-0.2324320132274989,0.9046966239863542,0.40320878108909552,0.13764700287452331,-0.0266861933187767,-0.26881068665415842,0.96282327652932875,-15.041784453400963,14.766919980753704,-2.8374968496216089,,0.07051058268979923,0.2173913043478261,False,2
0.97964047026920942,-0.19081472287636661,-0.062404251011731311,0.19786359401523596,0.97028793962236992,0.13925269256552242,0.033978628196171951,-0.14876510261815229,0.98828862032754106,18.457312952090561,-1.5736408516941363,-0.47639869007037322,0.2087402104760899,0.2929220961323292,0.7142857142857143,True,5
-0.49278286941292543,-0.85456740954400368,-0.16394995016289432,0.86728404512922741,-0.4976472863491353,-0.012867146289159109,-0.070593403923089854,-0.14853188524553781,0.98638473750761113,25.647344862835169,10.269066221503058,-1.0324018935366817,0.3953758910963427,0.3541722927670984,0.5882352941176471,True,6
-0.000576417653192068,0.99982394252752227,0.018755044425727237,-0.99919875115157708,-0.0013264136829218382,0.040001204030261445,0.040019038466933915,-0.018716959567827006,0.99902359931320861,5.8881512270827177,-11.966094278539636,-0.038607342168454531,0.2406531388157957,0.2465398334304681,0.5116279069767442,True,5
0.21556986974851999,-0.95937932357401301,-0.18199160627698149,0.97645972555971972,0.21321536466613664,0.032643722675638177,0.0074856941190311384,-0.18474447696468799,0.98275807939421256,-19.810528204821857,20.910541021493515,-3.2862407215728346,,0.4382020236886525,0.9130434782608695,False,5
-0.0088187780489464799,-0.99664331148785701,-0.08139004128419336,0.99872306715400239,-0.01282761577763864,0.048863968401718971,-0.049743987458046979,-0.080855191175214947,0.99548378880411403,-1.1888688828324221,4.4751088182521741,-1.5888683072190442,,0.113666014259826,0.4597938144329897,False,5
-0.99950782301217678,0.0096862414185851335,-0.029837702066996867,-0.0035413615989221786,-0.97989638866374318,-0.19947562818996067,-0.031170025593246827,-0.19927178478383403,0.97944840869418992,9.8667785144664286,15.562817468497816,-2.2339194799198925,,0.4920444469723133,0.1724137931034483,False,3
0.7922979686145557,0.60340495283218676,0.090368090755722913,-0.60841701746832288,0.77024907002210485,0.19116773520924668,0.045745620382702731,-0.20644329252283511,0.97738861523353771,-14.779887377020593,-3.2134369482466139,-1.3500015217671908,,0.4965814054519882,0.4571428571428571,False,3
0.92890839363809896,0.36911487487254141,-0.029722136136438013,-0.3658172825178444,0.92714314510231544,0.081137564056636677,0.057505756580924647,-0.064496493219501613,0.99625965005235484,-19.451989969064854,-1.7548557353779068,-1.5864383767759924,,0.08057523314089166,0.2608695652173913,False,2
-0.13683502755327259,-0.95606289004640199,-0.25926805725082364,0.98955554234200438,-0.14390704590850698,0.0084018306403176937,-0.045343178701066231,-0.25541047827763086,0.96576885626493203,16.621324554451839,-5.6851134251633155,-0.18431684608561405,,0.3404067674300436,0.1818181818181818,False,5
0.74661925923622974,-0.65531352844908197,-0.11455942200080149,0.66517572511347411,0.73278112742446966,0.14343316914259074,-0.010046713756622187,-0.18329211309310955,0.98300715400273397,25.816018514402366,-4.6788771381500416,0.039899554754949461,0.2720449885189073,0.2468316930388682,0.3181818181818182,True,5
0.16264959555382949,-0.98360982234050309,-0.077825615715264543,0.98599992609412224,0.15909406536247417,0.049932195113245488,-0.036732203970931639,-0.084857502683764643,0.99571579751940931,-7.1403077464184879,-7.2116704690286006,-0.81558034270479074,,0.08091656108320848,0.375,False,5
-0.34461253437554318,-0.92970225876510859,-0.12998427288837566,0.93654482722257115,-0.34996760941283783,0.020160827475764663,-0.064233852086802878,-0.114788424542364,0.99131106613271125,-30.569626208084316,11.697388386657577,-3.0397794296539069,0.3835962460502545,0.4289510555758141,0.8275862068965517,True,2
-0.64926753370788082,-0.75566816207553467,-0.086123739458235316,0.75730852285517014,-0.6527932274782946,0.018568881748571776,-0.070252906586182343,-0.053166069855271239,0.99611138841614422,23.350302536609334,3.9326403722914485,-0.69913779408490151,0.4018876016348398,0.4034394966019652,0.72,True,3
-0.62011609027694126,0.75882229525651868,0.1991099163810503,-0.7841655876102549,-0.60706819993328709,-0.12865664319273118,0.023245769238804226,-0.2359171991428069,0.9714950897256811,11.355330257280517,-8.2531110430458696,-0.15226302671068903,,0.4044330620894557,0.5517241379310345,False,2
-0.44607271932144871,-0.88641821128872034,-0.12361991657039942,0.89302461022889923,-0.44998789853666521,0.004235173677381715,-0.059381601550393723,-0.10850643237274173,0.9923206031979025,-23.570021911306117,4.0888522095226207,-2.201063197962462,0.1927440173429982,0.1219979161927993,0.4666666666666667,True,3
