axis_00,axis_01,axis_02,axis_10,axis_11,axis_12,axis_20,axis_21,axis_22,location_x,location_y,location_z,dbh,dbh_approximation,score,reconstructed,number_clusters
-0.97079351702707251,-0.11119234049188588,-0.21259400441721127,0.12483887655238268,-0.99082178924995989,-0.051840494294028039,-0.20487850594766571,-0.076866412453338098,0.97576449640126139,-3.5905330834592371,-15.887945133930131,1.1458837447012558,,0.2484553221005007,0.2580645161290323,False,5
0.0057342775826979761,0.99998261980006553,-0.0013704591937839794,-0.98986411409317365,0.0058707207723708889,0.14189633634505677,0.14190191574161781,0.00054289539518537211,0.98988057439948185,4.8374479360170373,17.689475165023818,-2.2277458544718405,0.2417211459074824,0.1421041579347,0.1666666666666667,True,5
0.18686844414924952,0.97841525719779054,-0.08822567122907761,-0.96665198663397345,0.19914107527701236,0.16101791476139773,0.17511173952031944,0.055194353154084663,0.98300023502645772,3.6404679118515229,-26.558237200513169,4.4528717117575596,,0.1611041679635618,0.4,False,1
-0.21145111104097525,-0.94192297856361917,-0.26090138001431945,0.95828049056143405,-0.25231947580537184,0.13428843412088459,-0.1923198612958992,-0.22162126383346334,0.9559796474653548,4.6203669188544785,-14.776660728936516,2.4977516210513637,0.6000587845911534,0.6019082558418407,0.8433734939759037,True,5
-0.91403231801515272,-0.35403167407993269,-0.19800630134419225,0.34070260658814655,-0.93495140730837767,0.098932299256243306,-0.2201514376239439,0.022966055826908513,0.97519531622740363,-12.273800119123722,5.0976231490032111,-3.9297100546060872,0.2232845722470689,0.191370304238467,0.7170542635658915,True,5
0.28528406134837264,0.94268353492765933,-0.17309175981794303,-0.93956622697687464,0.31073305021218683,0.14373683115427707,0.18928367458663847,0.12162534473589445,0.97436079870490311,7.6680192392127804,-2.5662735316288225,0.76730705252950315,0.3138426633507493,0.2915596374623702,0.9305019305019305,True,5
-0.92342991809250263,0.36442143114411707,-0.12030879807623908,-0.36834670769523681,-0.92961882197429435,0.011381948919539531,-0.10769349702630863,0.054825781836657136,0.99267126700849229,-11.239991690850442,1.4574376210607749,-3.2449983420577238,0.4704887985197838,0.1843795674490513,0.2146341463414634,True,4
0.53642986202161169,-0.72890170791633979,-0.42537666053524714,0.84377628121526504,0.45313807179272775,0.2875890734198856,-0.01686980705326066,-0.51319410371575092,0.85810676580561596,-19.762908657095476,-19.965268594101577,-0.84535098542688836,,0.1507830266452389,0.4375,False,1
-0.20841421825052617,-0.8967164368635212,-0.39046529357910076,0.96160002819498869,-0.26076589432810604,0.085595175860913267,-0.17857463259494527,-0.35763218565175914,0.916629870983663,-21.999082171077799,8.6702518132816966,-5.8674724640622324,,0.413158493584953,0.15,False,1
0.94245904850011331,-0.27113331235299098,-0.19559567692757898,0.30341840294798428,0.93934977632170058,0.15987266957446811,0.14038594891497203,-0.21002077196522195,0.96756553302108517,2.0717244658782326,-14.160091026191456,1.8490654220835094,0.403749449676607,0.4074712011947194,0.9583333333333334,True,5
0.37608182688514497,-0.83614140103510115,-0.39928688553694114,0.9245926425163552,0.31038786245837036,0.22087965103908447,-0.060752817970493159,-0.45224653930525793,0.88982142185669055,-0.45971061518727779,-4.8613365000551427,-0.29077600424920585,,0.1227192331733601,0.3076923076923077,False,5
0.91912714319861799,-0.32418854792525392,-0.22384610791716442,0.37129419278464321,0.90277924830072931,0.21709502813738224,0.13170389910685146,-0.28265069296162337,0.95013823664157782,5.5918872186715154,-11.282174371973271,1.9810244218711337,0.2349510294581418,0.2020756488052054,0.5294117647058824,True,5
-0.96352766483779262,-0.1913912221130801,-0.18703967277102693,0.19273943569310675,-0.98118690791727603,0.011124821816042657,-0.18565007142722564,-0.025330847395962891,0.98228936630163588,8.0742273771326545,-17.615506129592692,3.6817711777460507,0.2580391367559604,0.1658579873751501,0.3684210526315789,True,4
-0.51302922079485991,-0.81744676595898524,-0.261881277364031,0.8267142627716606,-0.55264280129882815,0.10549626487461809,-0.23096438327268237,-0.16237832058431201,0.95931680620308613,5.4738996091740235,-17.71161093932259,3.1850963593836714,,0.1038716870013519,0.3888888888888889,False,4
-0.19513163490262658,-0.8676472328925724,-0.45728757288394539,0.96504463945381114,-0.25303075730458668,0.068295532206217799,-0.17496425041045158,-0.42797630204455128,0.88669261639340369,1.0670139278002435,-8.2024429420844598,0.64924381773253048,,0.2123879900664544,0.208955223880597,False,2
0.3841537835276404,0.92123865248690928,-0.06119816799138561,-0.89141940569938216,0.38734585630147228,0.23523314126338329,0.24041071886244667,-0.035812466686648614,0.97001038833914477,-9.7565121505600096,18.464733666862632,-5.1308502718294813,,0.123853523898788,0.6923076923076923,False,3
-0.93893291295285275,0.29728083352427104,-0.17328903887143618,-0.31556036349194555,-0.94470994709776346,0.089133455264412326,-0.13721021086895382,0.13837348688840764,0.98082931041014554,-15.143377732426609,-16.787541459662727,-0.73047587923376855,,0.1364414357085119,0.55,False,1
-0.82548596747663927,0.56403323796746796,-0.020962441820779054,-0.56408532602880068,-0.82570727697681479,-0.0039035505011013327,-0.019510572983326091,0.0086022796668382695,0.99977264331766702,20.587230139604721,3.7485351247992114,2.3187101080414068,,0.3775906917569256,0.5625,False,4
-0.82108387476586531,0.55532772339382086,-0.13203177734813662,-0.56644749448977472,-0.82124983057721512,0.068454012031080508,-0.070416664119572675,0.13099555491363257,0.98887899057829109,-8.1002584894119547,2.1052710635093277,-2.7594547993834655,0.4551184762143379,0.2862098883491128,0.2195121951219512,True,3
0.88136534129268862,0.45536965681766939,-0.12583167652773264,-0.38931156199301598,0.850944808152855,0.35260380198780983,0.26764088414623799,-0.26178504374287409,0.92727393363879318,3.2247936313895247,27.598255539950141,-3.7074561818900444,,0.5233820010772635,0.2777777777777778,False,2
-0.4476665448175372,0.89414929328315496,0.0095763235306278172,-0.89324966577222742,-0.44765860299198318,0.041313554253669366,0.041227408952453831,0.0099406482938119989,0.99910033743491777,-24.39683281735924,-0.63459556658335503,-4.7783538714368845,,0.6637604668855043,0.4878048780487805,False,1
-0.6195866920974562,0.77649184190663667,-0.11477260312535739,-0.78488997791351856,-0.61434111851965767,0.080825198217712252,-0.0077494223429044051,0.1401620831339723,0.99009824608717334,-19.352159408035316,4.3901710235348039,-4.9060208497552455,,0.5192717542816503,0.3,False,1
-0.95419168659859588,-0.22559430808676847,-0.19653354264597447,0.2139369158820601,-0.97365290496092327,0.078936789167192073,-0.20916314505427852,0.033275048009065701,0.97731445805891737,18.040030823909749,-14.231687579516551,4.9935200326199043,0.6307998422832026,0.615300302839553,0.9230769230769231,True,5
0.98359918759978537,0.11543232201310334,-0.13859299112042892,-0.080045652747653295,0.96793749717915034,0.23809597861107659,0.16163332462473884,-0.22309724469214615,0.96130239143649698,-4.7058436963330479,17.403534411392304,-4.0552424445340067,,0.1473263392916087,0.375,False,5
-0.84076674165159992,0.53540850342330526,-0.080305794277680101,-0.53452587643234706,-0.84447056396859466,-0.03393455487840516,-0.085984728625401324,0.014394479934358578,0.99619246403023742,0.6396986333653677,5.1623611008881731,-1.5750449935649675,,0.08058922054663488,0.2894736842105263,False,5
-0.61469483483587184,-0.76065528570210494,-0.2086954631982936,0.75454324752350943,-0.6441590328513549,0.12539389144884316,-0.2298145940595967,-0.080390775151489527,0.96990853982618719,8.8977206357450331,1.5435209093571201,0.30628919576717623,,0.1192473669598445,0.4833333333333333,False,5
-0.94504504618272545,0.27083949634131316,-0.18312790040590254,-0.28803650574015749,-0.95472221801046875,0.074434251512130817,-0.15467654006503537,0.12309124119430606,0.98026716475395348,7.5963490413673833,10.960894379979448,-0.88726044291520556,0.5633092034290281,0.2461722274005221,0.4242424242424243,True,3
0.98114819108047779,-0.022720182409396758,-0.19191670185471071,0.070691824567525915,0.96643596891669747,0.24699025066459274,0.1798635401598121,-0.25590097947317031,0.94982303384675382,0.78323944648450272,-4.102227667624109,-0.2019269341723012,,0.08350054675163932,0.3333333333333333,False,5
-0.2912805896464104,0.9506410188125558,-0.10694517963080474,-0.9535257992536319,-0.27950340608755514,0.11254508493567025,0.077098432234135844,0.13475718658565372,0.98787465419989262,-18.305416151175827,18.166584962626072,-6.6272400717940094,,0.2515337885074077,0.8620689655172413,False,5
-0.98598121940424932,0.086936304906481784,-0.14241879746479374,-0.093237677254616666,-0.99491180998001305,0.038173628363829537,-0.13837546936605011,0.050917278516266359,0.98907009874236085,6.424777511647962,1.7008970921243598,-0.071913272505017278,,0.1459495164707501,0.3448275862068966,False,5
-0.7862670482166122,0.61704415988123484,-0.032258853748953931,-0.61757704581780914,-0.78645408668840322,0.0094107390813390618,-0.019563265772441968,0.027321681638768941,0.99943524269696737,16.116827752742452,0.82068583376359538,1.7202665682549958,,0.4095422637353138,0.2631578947368421,True,3
-0.3277617736307305,-0.91151094878306627,-0.24843512230567005,0.92284670659364532,-0.3651998227725281,0.12240525142402159,-0.20230218949804157,-0.18914777211352404,0.96088341875005323,-23.138759041527337,4.5847471605534196,-5.3862226452153505,,0.0873023718833642,0.2142857142857143,False,3
0.37062722859274499,-0.89838466607947487,-0.2356702127527647,0.92664998138621368,0.34049290224196666,0.15932481137529828,-0.062890932753402032,-0.27743391154672281,0.9586840748136447,-7.8600275929671346,-8.8944098834716971,-0.91048782231511904,,0.07848183509232176,0.3535353535353535,False,5
0.54768942569394596,-0.80199504324816773,-0.23841191997969785,0.83646464284644095,0.51835694527606158,0.17785662358160023,-0.01905765596322162,-0.29683333352142305,0.95473911507790843,-24.476008894664652,6.7562216501250285,-5.938551753981665,0.2273405403652611,0.1805765338026123,0.7910447761194029,True,5
-0.97996558140721235,0.037902365360501351,-0.19552715912963284,-0.04389366465048692,-0.99868736532438807,0.026398722411979783,-0.19426992937862586,0.034452242909761822,0.98034291831874421,18.526040113444939,8.7981620849390847,1.4890725413238597,0.9881401413957673,0.854584120497476,0.9032258064516129,True,5
0.40873620587631504,0.9078951957569309,-0.0930646416600827,-0.88712172647279797,0.41918161455820607,0.19313678167635151,0.21435894295726904,0.0036176702255107385,0.97674825622387607,14.958126579320654,-5.443545755649474,2.7635345427434554,0.2005508372692532,0.1441255579167965,0.2083333333333333,True,5
-0.21791330943771264,0.9713941492738889,-0.094377944067257372,-0.9710706575143917,-0.20612817680378598,0.12055269736557224,0.097650231359029116,0.11791768944482284,0.98821042841670281,5.0989601437714924,1.9810802644880785,-0.35862084710122172,0.3735113304540416,0.2935711701000844,0.803030303030303,True,5
0.93873820622205928,0.33300487399223283,-0.088759980151010581,-0.26485463725601355,0.86188661507150421,0.43243899440796374,0.22050533168832018,-0.3824385135652561,0.89728378010472343,5.2178650347581312,0.61870691117272247,-0.1739975520919845,,0.4193656529296934,0.3932584269662922,False,1
0.3654654569652287,-0.90482691402776072,-0.2184565298090142,0.92861615780754891,0.33825679683713955,0.15249383873528943,-0.064086123489744753,-0.25859349381699148,0.96385806721299971,-7.0243808788220958,-10.622606660260201,-0.50677283879243151,0.4175686164533264,0.4018258585781141,0.9168765743073047,True,5
0.33592024790601455,-0.86827983884314308,-0.36503110621601442,0.94043771717386149,0.287673532839749,0.18116522464400811,-0.052292324136318624,-0.40414608740160196,0.91319847397726139,4.5509227409331618,24.512722532876204,-3.0720172530894607,,0.3334299531257779,0.4545454545454545,False,5
-0.71742424221410195,0.68527813051294417,-0.12528503711220373,-0.69557446881497453,-0.71457789859122678,0.074529089473256357,-0.038452763441497326,0.14061404867804345,0.98931747902181599,8.3138474667601141,-11.032753443842553,2.500764792719397,0.3913975758263115,0.2848862286801649,0.2380952380952381,True,6
0.88343228131182061,0.45158755834247255,-0.12496432085390673,-0.400422161554499,0.86612183671157417,0.29915724378225295,0.24333001638149127,-0.21424668287200072,0.94598565634270049,8.9262668928606033,3.2999194999615273,0.14047799681609296,,0.1423138214675605,0.2,True,5
-0.9819658523334982,0.065067323361046134,-0.17750861466862611,-0.081370542558051095,-0.99295272726824402,0.086160990096237636,-0.17065139804512039,0.099051122362064287,0.98034023456352137,-13.52455801894896,9.4257682037585031,-4.6534265136983946,0.1713596948407599,0.1177563416109853,0.2448979591836735,True,5
0.97423017020463842,-0.10278852362589391,-0.20077374049872981,0.14795588051697686,0.96308946306079857,0.22487272747425308,0.17024873827282327,-0.24878345112179934,0.95347897804012438,-12.129590323642001,17.590336819347268,-5.3986904671948786,,0.275843329118942,0.4583333333333333,False,6
-0.31932434242524493,0.93577699454080099,-0.14951047061283051,-0.9451260574118866,-0.30298986054042509,0.12220425528907103,0.069055774094188865,0.1803290350938497,0.98117925944567985,5.4038373885484994,-16.347721383907722,2.9152677819269308,0.7212989957265105,0.6200076235722686,0.9765625,True,5
0.70554178963003222,-0.65736440809974228,-0.26473159624292569,0.70697426211814429,0.67871403837668554,0.19883321355577593,0.048971173032279963,-0.32744356624323323,0.943600834642359,-7.4592452304278742,-13.413130087721425,-0.089887590569426232,,0.1487241745018348,0.4,False,5
-0.14888042955431027,0.98633044563106642,-0.070617771962491527,-0.98261536358055257,-0.1395532802474439,0.1224415339157322,0.11091287098972377,0.0876192558368349,0.98996020175329102,-1.7650346415932461,-13.005875631439613,0.93451406420336003,,0.07798991870663366,0.3448275862068966,False,5
0.6286034769264307,0.76982250220997261,-0.11059377870016641,-0.74551414290464624,0.63694588311802691,0.19623609430517544,0.22150921318345912,-0.04090546504045553,0.97429995966574434,14.377188424952774,-4.6747591510583444,2.4524847775293601,0.1873605058127296,0.1200969789005441,0.3333333333333333,True,5
-0.97814241127663903,-0.032522298686168127,-0.20537702731827848,0.034471928795479417,-0.9993881261986215,-0.0059210926635958894,-0.20505879495170315,-0.012871414117304955,0.9786650179257349,1.4709591543413647,-9.253453611630551,0.88373283726770779,,0.1096493147811897,0.25,False,4
0.87291961396938056,-0.43546848902442914,-0.21995122780818874,0.47647128756153168,0.8578373516252874,0.19258813641024411,0.10481631398310715,-0.2729144064048199,0.95631128148720546,7.4000114505693846,6.9803917373539193,-0.50131819024588686,,0.1039527359900993,0.3902439024390244,False,5
0.93527689383755808,-0.29457450598598928,-0.19617082422388946,0.3276568758545757,0.93022093697144881,0.16531781551054892,0.13378379408130489,-0.21889465238573333,0.96653351085109351,-7.857660722245507,0.75472318486857359,-2.5072438748252659,0.2485244004309798,0.1889430674530536,0.771513353115727,True,5
-0.43543526293341955,0.90020870668622677,0.0045184289763801344,-0.89907876820632038,-0.43513041076820991,0.048154897832872898,0.04531556415525724,0.016905917041077273,0.99882965995923989,-1.236529284501249,18.592636169065035,-3.5400083903625714,,0.3437616233425729,0.1428571428571428,False,2
0.82124600067580578,-0.53398659162040674,-0.2010306602078778,0.56560391606574367,0.80829287506915803,0.16356906261126969,0.075147964078139701,-0.24803416716665333,0.96583219837239587,-13.955868262508671,16.886915378045046,-5.6910299292341557,,0.08694608947836772,0.2142857142857143,False,3
0.98261809920254617,0.023033829781183936,-0.18420400051352964,0.034175421065665811,0.95286713601102924,0.30145689858605851,0.18246564529949585,-0.3025122539596572,0.93551730314820358,4.1063038840209964,2.6930200021026445,-0.67915956863463511,0.318375962106781,0.312367857874655,0.8898488120950324,True,7
0.93027310896571369,0.31737911257069384,-0.18401750362153949,-0.29169796036269996,0.94408823445780632,0.15365450035251826,0.22249548906776789,-0.08926311927207177,0.97083873680561072,-3.8663009424301373,8.3628815827386411,-2.8134041251585433,,0.07022650348366344,0.4342105263157895,False,3
-0.74245878534195453,-0.61510970590051051,-0.26532056417763367,0.62802843221628013,-0.77695539707592565,0.043824642412153308,-0.23309920719837654,-0.13409086718184526,0.96316374461558185,-6.7739222367852463,3.5826920616949205,-2.7349609455294983,,0.08369247988671345,0.2722513089005236,False,5
-0.13779657387373784,-0.93531597586161686,-0.32587747624941771,0.97301665063246656,-0.18931020095305096,0.13190998979262755,-0.18506945134363778,-0.29890746580362582,0.93616431520658727,-5.8180969007510948,11.512852861830714,-3.5227343834273137,0.7190846406973901,0.7878212317819049,0.3837209302325582,True,2
-0.68782781471876464,-0.68014047308190118,-0.25357806327665022,0.67872904089428132,-0.72647870279512206,0.10749689963829681,-0.25733205464134906,-0.098171438112338097,0.96132334955155307,-11.220750343979384,13.486472126157587,-4.7031353069849819,,0.1147750676701891,0.1212121212121212,False,3
-0.11462470147925105,-0.9321972563019687,-0.34332120988059228,0.97906482710651177,-0.16452620099907203,0.11984654149247967,-0.16820595154062862,-0.32239634695184438,0.9315403122454855,-33.271933925110169,1.5359357967769744,-6.4925650168597748,,0.3859569431530077,0.8059701492537313,False,5
0.96678270586700932,0.202618477804476,-0.1558106289335284,-0.15680742606169293,0.95156325929319119,0.2644594386578526,0.20184803880239052,-0.23124254802158889,0.9517269846001597,-25.689014807787771,9.2441949965482628,-6.4451458236917141,,0.2523736505826173,0.7083333333333334,False,5
-0.36821245527906049,-0.90418062251106845,-0.21651094580382058,0.90753515677544117,-0.40012861006093264,0.12758148230555966,-0.20198892789938616,-0.14951420429579704,0.96790804094183125,0.64731437298528283,-5.3318109961467366,-0.0023437370703066488,0.2120519634481624,0.2169923305977234,0.702054794520548,True,5
-0.60714092105407813,0.79321745768556806,-0.046754323911796652,-0.79451194640588907,-0.60687274704269523,0.021359679660006028,-0.011431054191587825,0.050115204476249023,0.99867802483101253,13.187878444128597,11.636613514618494,0.13475286059421368,,0.2204165157107373,0.2222222222222222,False,7
-0.067104056670957341,0.99704265970972283,0.037456378592465922,-0.99050521113902756,-0.071084658336725823,0.11767071876886509,0.1199853002860406,-0.029204555605455734,0.99234601911186016,14.885995380160656,-6.5576140796067959,2.9284517520788214,0.619295152189292,0.4377634722618667,0.4545454545454545,True,5
0.69961160211566786,-0.60434708521089797,-0.38119313580157682,0.70968893060368177,0.6496853266987328,0.27248962925396392,0.082977273778730529,-0.4611654549827553,0.88342582889951615,23.889553018108213,1.4107312539516457,3.3517193547371233,,0.4737468527226525,0.35,False,3
-0.22306857840193978,-0.92906405020536009,-0.29509388327403452,0.95779701594972766,-0.26519139116656631,0.11089816179242275,-0.1812878527853832,-0.25790214552646346,0.94901064154482051,-14.381251412039241,5.386660150395536,-4.2443116068636462,0.1227858654261995,0.117493670277383,0.2131147540983606,True,5
-0.9337158918654721,-0.29406829190265021,-0.20420203959638869,0.27946919772260315,-0.95517532408495875,0.097657912037272643,-0.22376684473387001,0.034116564256279847,0.97404540922956784,-2.4084178518866084,-26.779138424434599,3.3073892490415839,0.627251329559515,0.545914510700112,0.9423076923076923,True,5
0.85208768067052421,-0.44381584165030041,-0.27744203565747411,0.50698912520624495,0.83156625632839831,0.22684705917992404,0.13003311644398219,-0.33395367947697308,0.93357716798969426,-2.4623626472521369,-2.6298518525664765,-1.086346173071457,,0.3072541719070244,0.3185595567867036,False,5
0.71798191908171549,-0.63966367355374332,-0.27446739079072391,0.69287413613976068,0.69447992847593298,0.19396664768109911,0.066538675522721427,-0.32943590223257935,0.94183044704441843,-8.8075777366877173,16.731763504692562,-4.6845749861200554,,0.2159268527706698,0.3529411764705883,False,4
0.97934878783769719,-0.059627958912140594,-0.19318503636877413,0.09927653226675924,0.97422029323259851,0.20258082435135988,0.17612530170852689,-0.21757602526418549,0.96002112025117348,1.285588557308071,-2.6041328446774195,-0.3367283276758663,,0.08204575816391493,0.3404255319148936,False,5
0.55480529653428245,0.82202041088433841,-0.12834923851371949,-0.80603846223067521,0.56929460666392573,0.16188158705725597,0.20613849796269654,0.013641660929335386,0.97842773097698621,10.186887814128484,3.1971665416862121,0.36974926280705656,,0.1545882646392355,0.25,False,6
-0.082222577464570956,-0.96724138404920068,-0.24017400512476536,0.98657659050863011,-0.11311211573087651,0.11778064499421269,-0.14108890394163032,-0.22726582289792935,0.96355807657197168,-5.1849540887355579,-20.411692602804607,1.6142995241499114,0.5007919673380602,0.4431029889323081,0.9012345679012346,True,6
0.90798693206181869,0.38863240623573092,-0.15660326953289436,-0.35214138645613813,0.91034289376859034,0.21742184736078901,0.22705984926823872,-0.14226970369145814,0.96343300559085576,-25.646344025402826,-1.259932695483412,-4.8501707028733616,,0.09208315185564957,0.3214285714285715,False,1
0.45644043946403912,-0.80133614902751937,-0.38668139531612106,0.88890330339029644,0.39169004786427242,0.23754962350192116,-0.038897846260371474,-0.45214962420180255,0.89109352757747884,-20.587085206383009,11.369655876421156,-6.0214183895267483,,0.3719887533477261,0.3636363636363636,False,1
-0.53930564450253338,0.82429660910329883,-0.17229196739404723,-0.8420346956137037,-0.52511232754895565,0.12342858193650512,0.011269125540412941,0.21164154525263321,0.97728238658671873,-12.3581666858866,-20.67358690248215,0.36190697886903223,,0.1332494494606639,0.5,True,5
0.12444071700720689,0.98416192280479109,-0.12625299066520396,-0.97814350877701228,0.14303965391977405,0.15091366288015712,0.16658266472873678,0.10471373886786332,0.98045155347124924,2.8729881540756326,19.127202203693574,-2.7787738403966871,0.4353093259236167,0.4056988642159072,0.8382352941176471,True,5
-0.5002160703916676,0.86425143287091566,0.053416698723227241,-0.86547878027996628,-0.50094549192350257,0.00030823144237646094,0.027025243884566369,-0.046076836936684434,0.99857226142672839,-25.02738221212147,11.012938175579444,-6.6298921288590744,,0.5453859447294684,0.4545454545454545,False,1
-0.50861782015351087,0.85069085665678734,-0.13278922931786469,-0.86045395963260662,-0.49676451819725959,0.11333135847069606,0.030444972899639405,0.17190136666352041,0.98464360240868598,8.9468452637584903,2.3901893756834482,0.21774041753654522,,0.08944085732464616,0.4418604651162791,False,5
0.85888328361876842,0.47936010748108121,-0.18037015406094481,-0.45672900394929766,0.87620856750909526,0.15380885272032344,0.23177170248269124,-0.049723571667630265,0.97149855601997126,-27.606941525480867,8.0778584305799477,-6.6217663642376836,,0.1756480610707907,0.3928571428571428,False,2
-0.8916449593725615,-0.40427695852418466,-0.20378765230489196,0.39714123690167219,-0.91455012553015103,0.076660979937621596,-0.21736629080359871,-0.012578103959711304,0.97600906088164241,-22.938676745070538,6.8185240082953582,-5.7218326114574287,,0.115646811355191,0.3703703703703703,False,2
0.96278063689989823,0.1978047212575253,-0.18419212105532426,-0.16477856109242203,0.96974657237946238,0.18010999739768849,0.21424628588364703,-0.14305550533452799,0.9662471999330946,-6.031215161097994,15.119446700117075,-4.001818911352955,0.801602440207501,0.7547988850661398,0.9578947368421052,True,5
-0.95053102714586635,0.26261931067103017,-0.16589714914879386,-0.27838934182130026,-0.95713956242300813,0.079895133800476192,-0.13780471977885023,0.12212680175688589,0.98290126843915859,9.0414904296727752,-5.9702833648394229,1.6486714447719759,0.57229567152351,0.6143742707416691,0.819672131147541,True,5
-0.5336603948101748,0.83729249628534153,-0.11894477153413961,-0.84297973120366876,-0.51538746443503247,0.15414582149061792,0.067762495459049735,0.18252955149095282,0.98086248120808073,4.2399910788126602,-9.2418142453241625,1.3562955385539639,0.6447283616399099,0.2406425115199769,0.4477611940298508,True,4
0.046024984815191371,-0.8947640759267792,-0.44416094966088393,0.98982930930296953,-0.019065882784556669,0.14097670218320629,-0.1346092092598731,-0.44613197659946136,0.88478620029806609,4.2660897898742682,-4.5652031233974339,0.52711235892630104,0.2837016742737822,0.1375616293863652,0.2592592592592592,True,5
-0.78580604261439102,0.60006130224751275,-0.14978416784069479,-0.61462169881453921,-0.78465052983208194,0.081016747531378247,-0.068913211629121854,0.15572404945689139,0.98539382466286451,1.138685216091625,11.446334538952526,-2.2556227234354309,0.4919608909218008,0.1684599524102307,0.2857142857142857,True,3
0.36711771700474716,-0.89952893847463322,-0.23679584182988142,0.92764662974866618,0.3353025448306976,0.16445039904481815,-0.068529644513628529,-0.28003551966984086,0.95754049290151599,-3.1945890374388499,12.671764571655739,-3.2264399927213732,,0.07683593795384693,0.25,False,5
0.923000049498235,-0.32302128046132128,-0.20911279491074122,0.36546545579666989,0.90597593947227117,0.213641282800553,0.1204404800952973,-0.27361441750474674,0.95426895647293808,-6.9027360099240802,10.565001779176733,-3.6032757084150018,0.5294526941471244,0.6489777911920808,0.4533333333333333,True,5
-0.35859523731975851,0.92390389543686391,-0.13345803748060855,-0.93183607533874402,-0.34576684532130697,0.11012182968802874,0.055596622818961883,0.16385017751940584,0.98491732386936237,14.232897773944492,1.2645897685848109,1.2197438972262777,0.6451256624815761,0.721331589935414,0.712,True,5
0.39977680135606813,0.9163961045973068,-0.019917042360608345,-0.89317605057770089,0.39434528132231117,0.21616739294641329,0.2059491485098508,-0.068629283674760455,0.97615314866590386,-0.62700624954541151,9.6662060045860798,-2.3766162393466272,,0.2930764208476099,0.2906976744186047,False,1
-0.36465014781092708,0.91518446313133672,-0.17166149289947352,-0.92930763831893748,-0.34611847547299296,0.1287995120267536,0.058460098045998887,0.20649309765524382,0.97670006530008691,-4.7803369654591199,3.1495518367960402,-2.3076288977846509,0.1787807588636314,0.1427373656296868,0.6767241379310345,True,5
0.97298656258446037,0.1952069004197691,-0.12325345860697735,-0.13831841749519058,0.92037336535097991,0.36576069189312521,0.18483821144909862,-0.33883201498827986,0.9225116265973452,-28.787088452212547,5.6917760479610351,-6.445392102995446,,0.4993285116839877,0.45,False,2
-0.25644844842297776,0.95933554827127676,-0.1179385396064301,-0.96251226269701318,-0.24231443426597385,0.12187640913744702,0.088342161278319897,0.14477230663842855,0.98551338995026627,-25.250046496257777,0.99413777256697899,-5.1551142963631804,,0.09891620070136603,0.2222222222222222,False,1
-0.10414612875367943,0.98241002933282495,-0.15499715523808935,-0.98716696938462245,-0.083139370533496376,0.1363422884628038,0.12105766568707023,0.16720759352844097,0.97846137493762386,6.1212799841021273,-9.4562322219729236,1.7651745912228121,0.1101396916340297,0.09850520461637947,0.4444444444444444,True,5
-0.80316887650497459,-0.52523168467169112,-0.28116086717513578,0.54341804533387272,-0.83931768122472294,0.015577483399688022,-0.24416507493753067,-0.14027653902378667,0.95953421449172827,-17.618210130089011,30.25191793954367,-8.048785848553436,,0.4683663284718533,0.4615384615384616,False,3
-0.31756905625248549,0.93363313765639444,-0.16576808734127038,-0.94517308241196263,-0.29763128352463125,0.13440038449108369,0.076142884071830771,0.19936093734068847,0.976963396380779,-10.980836649300189,9.0901648165822042,-4.1868382445773857,0.175438283553159,0.137634128954027,0.7074829931972789,True,5
0.33590430806061911,-0.90755646251132205,-0.25201103781432393,0.93934249025887706,0.30309184720075527,0.16053354214831905,-0.069310762660417843,-0.29064858422908235,0.9543162047587066,-14.816181909046113,-12.442747363520935,-1.411234743981961,0.5507637295851315,0.5658709507387158,0.9900990099009901,True,2
0.60921478055716483,0.79297751375897152,-0.0066342914712684553,-0.75376676412691879,0.58164913948648689,0.30581030694249578,0.24635952680649403,-0.18130345062151898,0.95206934744503302,-20.267755847247489,8.5349073307134447,-5.5159295447177934,,0.512019513710358,0.2456140350877193,False,3
-0.34486377334309343,-0.87824311011267719,-0.33129747565469625,0.9214593866661589,-0.38400346037143435,0.05877024032271265,-0.17883393570681311,-0.28500944188285215,0.94169423990870593,10.166427568395891,-5.9751651418552783,1.8846518696797354,,0.2282631661017703,0.2,False,5
-0.31703828574551812,0.93988561145987881,-0.12689272139186247,-0.94550370251055116,-0.30275289908378261,0.11984753078476143,0.074225830479575122,0.15797379360847974,0.9846495857017169,-22.784611618614523,-1.1069935252941334,-4.4511832219112701,,0.097391298670047,0.4210526315789473,False,2
-0.94845538425664533,0.2762865293739375,-0.15523574897904235,-0.28260461488493344,-0.95903258835895044,0.019776908536748045,-0.14341204872784732,0.062627854442226363,0.98767947033824965,-6.1152746924346433,1.4326591271840701,-2.2995793986643305,,0.1377489490348943,0.4371345029239766,False,5
0.20573749109736708,-0.90184305335936388,-0.37993577334125794,0.97370250608180786,0.14982703213382823,0.17162543544584369,-0.097854557415418597,-0.40525420114963362,0.90895187883826079,-30.885427178240548,10.088969311349974,-7.3986579969508535,,0.349017475761083,0.7142857142857143,False,4
-0.68799956332317946,0.71457471050500931,-0.12664747914505581,-0.72567065298934219,-0.67924660305081597,0.10966383010797057,-0.0076618703419546186,0.16735302611727781,0.98586726306955419,13.990623315182374,-2.3812953023976204,1.8609003900146441,0.4728419198465683,0.3873183067759449,0.8545454545454545,True,4
-0.30679161745089839,-0.92011176651583115,-0.2434609631562675,0.93186084932017577,-0.34243325174789724,0.11989506078918197,-0.19368598546653296,-0.19008894027922052,0.96247178338763806,-5.3718818407124003,4.8433222690808977,-2.6760230000596184,,0.06830948215581571,0.2108843537414966,False,5
-0.6212815332006304,0.76499886443263054,-0.16966435665943622,-0.78355470641741054,-0.60849664165028505,0.12559402514232382,-0.0071609046216220967,0.21097055367304482,0.97746618710208555,-1.1783668150364086,7.2019542657138773,-2.1722271864367002,,0.09049752072738651,0.3928571428571428,False,5
0.97988688217182229,-0.0047459014833433275,-0.19949730466022803,0.091498264108132638,0.8991209491780956,0.42802988962720695,0.1773408182364789,-0.43767453109381504,0.8814710653328478,0.025456770640519044,10.719261141223271,-2.3814035098040844,,0.3203796461323521,0.2608695652173913,False,1
-0.43940823802814666,-0.77737684309805155,-0.45011736710318923,0.87312304712474276,-0.48738440187302018,-0.010610814788833411,-0.21113158203500504,-0.39767032655930723,0.89290635927940964,2.9276051239770409,2.5340637618354798,-0.88418749374484151,,0.09416168538950119,0.4098360655737705,False,3
0.967037130493413,-0.11243789307042173,-0.22846642740006945,0.19822373866721313,0.89559459178876788,0.39826834745872486,0.1598328429199056,-0.43042774929202188,0.88836108366111255,3.0175872188283308,-3.3820269774200185,0.089003069328179668,,0.1634322784005003,0.1739130434782609,False,5
0.74152666551549895,-0.62486231655446522,-0.24430572993618652,0.66685117996974619,0.72648518426369468,0.16591799425711287,0.073808590979796806,-0.28594818131181265,0.95539830934644454,-11.087676324836229,3.8812971894190382,-3.5524356676876563,0.2621903947468035,0.1461176431366623,0.1428571428571428,True,5
0.45607007411385686,-0.82673375814872396,-0.32941065652930529,0.88867260250787017,0.40329402718832541,0.21820846268215927,-0.047550952142623462,-0.3922565751794469,0.91862597730459417,-3.1965493636687916,-9.4084915180183071,4.2770072229951179e-05,0.5415781067582375,0.6496583492127008,0.7019230769230769,True,5
-0.86838267934019209,0.4639903103670035,-0.17499861173015246,-0.48523230553833185,-0.86782903545433221,0.10687551115366913,-0.10227967483280233,0.17772382256730512,0.97875079106387486,-6.3031425102270546,-14.506616722231279,0.36506814134029908,0.6800822870402605,0.5534904196755601,0.9090909090909091,True,5
-0.29497238740015741,0.95398765079749503,-0.05384099550834201,-0.95056621620841419,-0.28725910577261587,0.11792402110654307,0.09703174364439146,0.085963761414882406,0.99156193576031115,9.4099213765216057,-12.627439671887013,3.0055117744760271,0.4956604992697046,0.2792962486920868,0.7555555555555555,True,5
0.12008817605099716,-0.96358208614132668,-0.23893177528381085,0.98556519244424812,0.086783857121600014,0.1453609768315765,-0.11933181225087111,-0.25293897566533008,0.96009467927610992,4.4061412387343308,-12.922515435417557,2.0772365281155039,0.6738516155699125,0.3278251909709652,0.8028169014084507,True,5
0.29551721082256155,0.94346830577339191,-0.15012372933263299,-0.9355037636690442,0.31764077877555386,0.1547160102248992,0.19365507034081256,0.094720069995453973,0.97648646794072358,-0.96378163381418525,14.184469509841573,-2.9444760077782779,0.530416850045054,0.4942210559994965,0.9359605911330049,True,5
-0.9819330734836621,0.022260708613467975,-0.187914608402212,-0.025598576625612955,-0.99955437964231486,0.015354315764988455,-0.18748907187799785,0.019887256972609874,0.98206534657141498,-13.402762683790899,2.1036157556686614,-3.7171941634311536,,0.08062098012303684,0.2741935483870968,False,5
0.32292285855257247,-0.91596179354780338,-0.23819072228977956,0.94433685892467423,0.29512883165005493,0.14535085003244289,-0.062838875710148873,-0.27186939049765252,0.96028032897166005,-7.2526228441236773,5.4353564876228297,-3.0377377726187218,0.1738692804173324,0.1503177662213147,0.4810810810810811,True,5
-0.30880254358147974,-0.91117704636298991,-0.27275882984575794,0.93117586160669907,-0.34805516049801455,0.10848557513201537,-0.19378468422099582,-0.22048581684979246,0.95594639009175075,-7.8578703537854064,-4.4929364994649497,-1.6769773036243178,,0.06749642821469949,0.1504424778761062,False,2
-0.9260492165991131,-0.28447817746286386,-0.24800204632941264,0.30484723187464396,-0.95123235325340938,-0.047171764248841258,-0.22248823262037001,-0.11928611265100603,0.96761036046234816,-21.492847542727219,21.21423078217213,-7.5444148021132671,,0.3298938809511796,0.6071428571428571,False,3
-0.31524945146967531,-0.87044820220077335,-0.37807103913618045,0.92639350975065637,-0.36871520570669447,0.076447120106198155,-0.20594379922670722,-0.32614264420052841,0.92261483144048717,3.1003836701454479,-11.713323500217541,1.6225733554116974,,0.1040295015394242,0.3,False,5
-0.17635773358055357,0.98014614757874985,0.090617212453628554,-0.9725974301122865,-0.18768553929791065,0.13721653427130556,0.15149979783916029,-0.063934870962472273,0.98638742060597329,-20.231780436592363,6.0578643061300328,-5.2058368578748695,,0.5060891518612575,0.8275862068965517,False,3
0.95511583056995453,-0.19177240932121681,-0.22578107364835318,0.25415753488847698,0.9220268248365654,0.29201109866101904,0.15217653450542254,-0.33628838413620299,0.92938281942425793,-11.374623762347017,18.030208516320222,-5.3409878628663217,,0.2690731820350253,0.2857142857142857,False,2
0.64376229367781213,-0.69773760219808545,-0.31421703919035049,0.765071058442785,0.59511827237945258,0.24596852931489793,0.015374809654781815,-0.39874362735843605,0.91693354986559272,-19.49507205978259,7.2342916170435334,-5.2613853388890179,,0.5605769777674773,0.1463414634146341,False,2
-0.86538267690183879,0.48579989814920282,-0.12292795238037788,-0.49604012858222807,-0.86526208060334409,0.072565299600425154,-0.071112680685901541,0.12377395052351242,0.98975905947734011,-27.025415639847026,7.2943538341482483,-6.4288574394662694,0.3861404020264091,0.3342848464146576,0.8620689655172413,True,5
0.11117523233548395,-0.95367498711176169,-0.27954263838014515,0.98693023678612135,0.072930219236335928,0.14370069881329992,-0.11665665618575713,-0.29186504086567366,0.94931871491508957,-5.0293862041936341,-5.3786363063183797,-1.0631819040286221,,0.1023622219131443,0.3433734939759036,False,3
-0.75147604130999923,-0.62920144279173851,-0.1984673870585473,0.61663718736157513,-0.77679691910656556,0.12784805680710851,-0.23461103661136257,-0.026307619720201861,0.97173328163894823,-9.4551880382981093,-23.300931754388095,1.3664150203002121,,0.1306477787811635,0.2777777777777778,False,1
-0.88520785661954648,0.4529710905114645,-0.10594452199090942,-0.45309125001097916,-0.89113218718413767,-0.024325791413702308,-0.10542945386615622,0.02646915422277929,0.9940744510006353,-12.842696449911269,17.068033948053149,-5.4634440610437318,,0.1126712627783117,0.35,False,5
0.437799387673311,-0.78752273333981115,-0.43375066642700155,0.89801521379640803,0.35963746378686995,0.2534355350599839,-0.043593255706204537,-0.50046861950969701,0.86465645717995587,3.268353259787077,-17.099599093724791,2.6085371236935768,,0.3960044602387344,0.2222222222222222,False,2
-0.27058396301745485,-0.89776716184133665,-0.34756070272273343,0.94382665451242564,-0.31851888943432088,0.087960009694233537,-0.18967225730098558,-0.30423648728066566,0.93352268029088104,17.859151379229392,29.211657429273536,-1.067961015260698,,0.3925489283909153,0.4166666666666667,False,2
-0.31427974318629048,0.9493229241865454,0.0037720865136472437,-0.94374012749119263,-0.31285716173302619,0.10712127760283151,0.10287280877698976,0.030106178207508022,0.99423880594556913,-10.202552309958943,12.131213990848583,-4.4327828849084305,0.6635029380391025,0.7004549723411546,0.5877862595419847,True,5
-0.33632543901291717,-0.91441171531560472,-0.22524745052129466,0.9209362447069831,-0.36935030651076056,0.1243253162690872,-0.19687974059757857,-0.16562477463828243,0.96633679520561033,-8.1765411714237199,7.0560074743660808,-3.4297099445461803,0.1250599819583065,0.09030454167289484,0.4356435643564356,True,5
-0.76527784679700528,-0.56304250667607847,-0.31198229577599235,0.60015471351478411,-0.7993373145788083,-0.029566490625844821,-0.23273189950612252,-0.2098642256266155,0.94962775325619808,0.10426116062602739,-8.7239138725706145,0.50520007174423764,,0.07572159297619294,0.1333333333333333,False,4
0.82693391115072779,0.53843924034648971,-0.16206014637799443,-0.5102745094845722,0.83965875309224858,0.18599221307853536,0.23622072635406294,-0.071108106504583671,0.96909411598156636,-0.36619219670927972,-11.460032920995117,0.86594687125207104,,0.09662605011165086,0.44,False,5
0.607683797064963,0.77301480208162188,-0.18212226263534992,-0.76066514442632083,0.63244364434996625,0.14629960620663834,0.22827382863480622,0.049630157002007957,0.97233117129729141,-0.54532292053518483,-3.2524136296456527,-0.57005656090979306,0.2093509156413377,0.1979662308236151,0.8062157221206582,True,5
0.75174851116641306,0.65407947102314024,-0.083989413292217499,-0.61668874353498915,0.74239366999611844,0.26181411792898313,0.23360044853620937,-0.14502304760204221,0.96145678327624173,-8.7205315974109219,-2.86561644857336,-2.0984148904710307,0.8451130478372129,0.7152556175864052,0.9936582109479306,True,3
0.10817009703662413,-0.86832782872365666,-0.48405166250220449,0.98678402238564811,0.034690638922780175,0.15828408869981456,-0.12065041761837714,-0.49477605180039791,0.86060451735586552,-11.081499677271809,-23.104713851037971,1.0457216228916995,,0.473692201373527,0.3333333333333333,False,1
-0.0032432860029564044,-0.97018516727039283,-0.24234319116580022,0.99047336867383418,-0.036479465429014916,0.13278461714340786,-0.1376662160583022,-0.23960381843896783,0.96106088420331415,8.7915920977245108,-16.278550814382498,3.5392701685420018,0.3502424142897169,0.5003012052558218,0.7604166666666666,True,5
0.92089284153339479,-0.33355861256694436,-0.20173008301927531,0.36866489682551362,0.91338333757531598,0.17267620707094708,0.12665926046358383,-0.2333870832376769,0.96409952863624337,-16.099964051404065,7.4506701899595358,-4.7851300444495646,0.780674607755738,0.6663542440134872,0.992822966507177,True,5
