axis_00,axis_01,axis_02,axis_10,axis_11,axis_12,axis_20,axis_21,axis_22,location_x,location_y,location_z,dbh,dbh_approximation,score,reconstructed,number_clusters
0.9295231226088706,0.23597824119153024,-0.28337437114108815,-0.1716131452891316,0.95697337513441383,0.23398907591556684,0.32639805897006602,-0.16886748937554985,0.93002584809916578,-12.305238944046915,-17.130928946607902,-4.2918206943523023,,0.4555832943260207,0.2307692307692308,False,3
0.89816256487998092,0.32013639988267056,-0.30135808022745564,-0.29236281159639566,0.94680850518190196,0.13445311789119296,0.32837173057933183,-0.032654861588673187,0.94398393342840303,7.7839493620869238,-22.340072058983647,2.7102784809250053,,0.07966477421218385,0.3571428571428572,False,2
0.9301093935728536,-0.019790755907958868,-0.36674901767847989,0.1282333843864128,0.95320718508070912,0.27377410659030049,0.34416960225497095,-0.30166933601395812,0.88912479247434817,-11.413117261478632,-20.420329513348353,-3.8686742235702041,,0.3679760007574325,0.5454545454545454,False,2
-0.63510569672786743,-0.5778942175906705,-0.51252222123443159,0.72077366506525475,-0.68194587069969692,-0.1242382919394471,-0.27771582189750932,-0.44831696678900951,0.84963864057426897,9.4666954721654104,-5.3049910485902156,2.1072432795165668,,0.5866055026307351,0.3333333333333333,False,1
-0.27757242041631064,-0.90105238993835146,-0.33325387021101077,0.94464188479560907,-0.31915198075126294,0.076116507226398011,-0.17494359352097408,-0.29367772092709338,0.93975961570873945,2.6987414822863811,-5.0782948337334517,-0.17153566612490523,0.1876848405115955,0.1372716518752318,0.7077922077922078,True,5
0.91826425619504171,0.25229111150356859,-0.30518838583874758,-0.22860624358291268,0.96709732819460592,0.11163307392419533,0.3233109048415726,-0.032740691122038701,0.94572623203302042,-8.0570307814414495,8.2731690772654609,-4.4247313318176982,,0.07852444813464977,0.3786407766990291,False,5
0.06199172752980165,-0.91554226207795042,-0.39741589307306335,0.9958981007612433,0.030446954590081329,0.08520537457424962,-0.065909017729135419,-0.40106776148847878,0.91367425928314372,-3.8583919655052994,-5.1734332511152719,-2.2800224052738431,,0.07050677469583352,0.1842105263157895,False,5
0.20768982510971057,0.93826592092788907,-0.27662609813833361,-0.96601555470382827,0.24121781142695956,0.092886573414265136,0.15387944832287959,0.24793351745120892,0.95647795913346512,3.5936123235357993,-10.08637465632763,0.4072644365700544,,0.7312392573402794,0.4333333333333333,False,1
-0.64381978764167658,-0.68273594646651192,-0.34549632189576635,0.71193555442706857,-0.69996525663402098,0.056536765453038908,-0.28043510369361607,-0.20957162715345259,0.93671547745759232,2.151939086265835,-11.876189454573328,0.065830380071903741,,0.09554276190995878,0.4509803921568628,False,5
-0.31363663220296911,-0.8301529934355012,-0.46095343629314278,0.92839926133404871,-0.36996935902541378,0.034604695298727686,-0.19926583875509812,-0.41709552967204233,0.88674936968279028,-14.43439553892814,-20.956147705070222,-4.8207931933345236,,0.1227723236824683,0.4444444444444444,False,3
-0.41664299596187671,0.86138259408771922,-0.29056606911100769,-0.90688114281497612,-0.41600444744675774,0.067133393412819597,-0.063049240459455216,0.29147954697925049,0.95449697064488193,13.111861440746548,1.4211507958657013,2.9104957004158534,,0.088907771214523,0.2666666666666667,False,1
-0.93290454989971194,-0.056201968490514537,-0.35571117428920701,0.14615012503608693,-0.96183470017148742,-0.23133125707080893,-0.32913407864934258,-0.26779721485447849,0.90551389276356897,7.5809435232138487,8.8951006749314896,0.72486630793987872,,0.4010077352660883,0.1304347826086956,False,1
0.69229483150963111,-0.62631636771703336,-0.35840713412932096,0.70021894156622588,0.70310074117453758,0.12386598254440356,0.17441702937765519,-0.33671524362517025,0.92531159323414758,-10.14034191098451,13.71881936900885,-5.478474929535639,,0.06918071416408056,0.1621621621621622,False,1
0.83404664022824104,0.4830113228964022,-0.2665825648422081,-0.44430066413600994,0.8745211901636708,0.19444692798554808,0.32705216980213292,-0.043734996382575053,0.94399371201249671,9.792210969395521,7.7437400291195422,1.5366333013970805,,0.1418532329284896,0.3333333333333333,False,4
-0.26745517635375055,0.93122521582813567,-0.24756277193355994,-0.96351700440903776,-0.26116521233495682,0.058546682917759454,-0.010134636462146684,0.25418955382131786,0.96710131830739465,-15.937828976539816,8.9651121214884846,-7.055681760647162,0.660220837416661,0.2322724476869857,0.3195876288659794,True,5
-0.13211303720156189,0.98048566001164028,-0.14558164689588105,-0.99122445059324737,-0.13001256085903379,0.023891893290215557,0.0044982160345755987,0.14746051854789588,0.98905771394903541,-14.94861024187159,-14.934174785209342,-5.3174979316685196,,0.2703261326373678,0.1333333333333333,False,2
-0.15127841515912122,0.94824362849112009,-0.27919323439678889,-0.98773298486405892,-0.13394719863117729,0.08026019306230206,0.038709065068567618,0.28791000157142121,0.9568748294717877,-4.0357328159356101,10.567263958447828,-3.1953245865070059,,0.07902964791218317,0.2340425531914894,False,5
0.31615099197899338,-0.85218238221234299,-0.41693373300513192,0.94869256148022596,0.28140118088107696,0.14420748659769128,-0.0055654346448752862,-0.44113327107080874,0.89742434950896099,8.9482523405186676,-17.328515864869814,2.6914223474361352,,0.2748391101630779,0.3043478260869565,False,6
0.42954267451748396,-0.77751489625709258,-0.45930782365064249,0.90005385870233889,0.40998050390778801,0.14771268683002986,0.073458438612572702,-0.47685068157006866,0.87590940472332179,13.028759625636942,-4.8390992163496422,3.198603866747368,,0.09312251397297908,0.3214285714285715,False,5
0.36511879746989445,-0.83574342335507301,-0.4101477709958698,0.92985598754192977,0.34884441573851677,0.11694193448235296,0.045344306881462876,-0.42407605912948587,0.90449067983403986,-4.9007256513192017,-17.487672940997147,-1.8416310252866266,,0.2214573332801379,0.2105263157894737,False,2
-0.68515961939864345,0.67522650522477745,-0.27317661427625695,-0.7076719395084683,-0.70589912423337087,0.030113990749855046,-0.17250136804625132,0.21395231489398051,0.96149242585351546,-4.8812497571597353,-14.843505324319251,-2.0251696364344842,,0.09554217654246905,0.1666666666666667,False,4
-0.9112271306897517,0.31650099809794119,-0.26361379800369161,-0.32104478985078222,-0.94668296580582489,-0.026862709520011033,-0.25806076649617071,0.060153806663389833,0.96425419902602139,-7.1332192310859135,-9.8573219147868087,-3.091974347567259,,0.1067115936181218,0.2166666666666667,False,5
0.83310148411719254,0.48345224675280113,-0.26873005464852706,-0.45678909689634917,0.87532040026928915,0.15861247690213348,0.31190645732069983,-0.0093873309348641021,0.95006643972912241,-28.82127605316165,7.7553811706661433,-11.160398720238964,,0.2282029265833696,0.3095238095238095,True,4
0.65503065384205805,-0.67295735584274297,-0.3436033174234352,0.73880367273552883,0.66577064723411505,0.10449200177028588,0.15844234181474265,-0.32230085711740147,0.93328354845762118,-15.648065130494246,13.776600665322377,-7.2666571324744336,,0.07757273486283667,0.2285714285714286,False,1
0.043140656555082993,-0.91971704510536145,-0.39020435760593047,0.99638852129592692,0.011016624186503138,0.084193518879114609,-0.07313547963684143,-0.39242730656032832,0.91687077098361769,-19.512696189415585,8.1289549367536811,-8.1949479896645308,0.1970229971126408,0.1765454886992073,0.5434782608695652,True,5
0.7870180417931284,-0.49984817879620236,-0.36159977882491934,0.57741859717529898,0.80320521747024431,0.14645525686942179,0.21723343556695107,-0.3240573664996651,0.92075863161258609,-2.4210363698275588,-6.5694913567536757,-1.8356515828964255,,0.0700435462830533,0.3333333333333333,False,5
0.26867188107550538,0.93643440057132743,-0.22562365511171181,-0.94757292139414229,0.29901522473310554,0.11267410535869268,0.17297681624981115,0.18352250217460944,0.96767686354260329,-13.601036712932283,17.82577775665083,-6.8153253251731609,,0.07928645044888488,0.2,False,1
-0.65829540172351564,0.7004615973073125,-0.27568227140562207,-0.73588904967293944,-0.67593235326650458,0.039783921112215223,-0.15847545753564696,0.2290611370470631,0.96042517920636261,19.986141555371262,4.8622741037026795,4.9742995946416491,,0.09705101964226526,0.5384615384615384,False,3
0.86024296874208395,0.42282905414326555,-0.28495197086898005,-0.387040526927867,0.90531774683261113,0.17492686410418051,0.33193623671603523,-0.04019164393545907,0.94244520610620142,1.0889487211273903,12.197831517262532,-1.6121431188474509,,0.2430468584082698,0.5365853658536586,True,5
-0.9469525734900921,0.029518345762702763,-0.32001482906878981,-0.0093884285249610372,-0.99788872995992151,-0.064264609458147479,-0.32123617631008655,-0.057851100961088434,0.94523043177167443,-2.123371159321767,8.4819828082351858,-2.5220086189812099,0.2593863615884611,0.1441988449621686,0.3,True,3
-0.91234707287642847,-0.20632399327058015,-0.35362865892726147,0.23353112425841532,-0.97169870297872984,-0.035564654251845226,-0.33628266773119964,-0.1150306064938124,0.93470954149043128,-6.8532991551534677,-15.194479696383944,-2.623646425892654,0.2851169696296545,0.1236993015996257,0.3571428571428572,True,5
-0.27814920599583759,-0.82166152848127483,-0.49749909730340258,0.93464276817535763,-0.35097254729258875,0.057106627850504729,-0.22153084458239569,-0.44909977027467618,0.86558274083870423,2.0813776993812745,9.3524488724461072,-1.1282078868232082,,0.3476930457768047,0.1111111111111111,False,5
0.94354093021969754,0.09814814934458721,-0.31638181645028229,-0.061730947943571278,0.99046459837710621,0.12316318211083155,0.32545322715581676,-0.096678953976087126,0.94060266680036242,-15.421355492352726,11.497653409155474,-7.087271118675428,,0.09052826071637127,0.16,False,1
-0.80208616167988833,-0.49603547095494877,-0.33257570686405574,0.50752100934180522,-0.85967227737083884,0.058189351231226892,-0.31477009756058388,-0.12211628505051225,0.94127966014737752,-7.9169730101310725,3.041888071373235,-4.2007367467002616,0.352966226391492,0.3227060427614398,0.9587155963302753,True,5
0.9466908168076047,0.053526287269703272,-0.31766560081833234,-0.024734279368813554,0.99526590579946317,0.093989319485142664,0.32119264125483393,-0.081121595918078021,0.94353302744495815,2.5857537360503389,-6.1254335350105471,-0.14802571002370815,,0.07427215525411576,0.4216867469879518,False,5
-0.14075920817025264,0.98980962694091057,-0.021534802770846628,-0.98932775404320661,-0.13979696768997188,0.041078009987264151,0.037648909613802968,0.027087086218062162,0.99892384562843783,-2.366300420140075,-15.274519298875209,-1.1971593849134241,,0.1005320508795525,0.1666666666666667,False,2
-0.89322984622393176,-0.31041566804941295,-0.32524230174472379,0.30730867829040964,-0.94956817464331766,0.062302952995484592,-0.32817955156007333,-0.044298924749848138,0.94357606328469068,-0.73558126993706341,-5.3643063114536762,-1.3485432322057718,0.1234542488102981,0.09003165808273025,0.5337423312883436,True,5
-0.67233713132045791,0.70735163403178869,-0.21821193294670249,-0.72143506934003232,-0.69216700170133694,-0.020887376142645783,-0.16581381900830933,0.14338238241966902,0.97567785146406771,-34.841887323613342,13.928219845188291,-13.517389918153166,,0.2278289012385405,0.3157894736842105,False,1
0.67310750710674083,-0.56029370919729782,-0.4826978799523387,0.72440067496171412,0.63092710354877146,0.27780326154055568,0.14889575545179673,-0.53665813088174819,0.83055891095511503,-0.52373527095558403,-24.720284207565985,0.12377451357924536,,0.3302560238772491,0.1785714285714286,False,4
-0.4742283408537995,-0.8137859633290675,-0.33594625555233482,0.84780456786820335,-0.5249875844199634,0.074936312337220673,-0.23734973232102494,-0.24927984694610592,0.93889544810573244,12.315810048706641,-8.5524446293225225,3.1458483660764816,0.1160933109157787,0.1050178835224557,0.5,True,5
-0.39731447193882652,0.8835166229662309,-0.2480717382740697,-0.91599188531730269,-0.39821879860329901,0.048791950891502123,-0.055678329903337903,0.24661744743892797,0.96751214886319781,-18.546923379160205,13.717776130760752,-8.1490289125583164,,0.1279788388216319,0.4642857142857143,False,2
0.74546869609763167,-0.51948713956670634,-0.4176236762484874,0.6451382502874895,0.71984477628666688,0.25616427555144811,0.16755017503570827,-0.46038745625570998,0.87176277103802913,18.092435842814709,4.8009209814305978,4.367660475018762,,0.2780864066694757,0.2727272727272727,False,8
-0.95450383035610353,0.029921630293852537,-0.29669367009776987,-0.015077623135473048,-0.99852310692908708,-0.052194541949018458,-0.29781723105977431,-0.045346454869605875,0.95354527732806027,-5.4493192733183209,-18.566852616845225,-1.9657257306337645,,0.2723836574227915,0.2121212121212121,False,3
0.56592488274087183,0.76933766207626031,-0.29639262609883732,-0.78361583097908105,0.61367613970307988,0.096684150707814193,0.25627184108617135,0.17754198734429186,0.95015976877372799,7.3023825649366305,-14.472809643653335,2.0042916947726752,0.1019028013395795,0.1055865938703194,0.3953488372093023,True,5
0.58249378322158019,0.79873675164852287,-0.15073352007492324,-0.76546591734769198,0.60141400999941197,0.22882988868477075,0.27342809271775326,-0.017910615354967296,0.96172568228697042,-4.0806207285949023,12.168269668875103,-3.3330556303085137,,0.4323090646644606,0.3947368421052632,False,3
-0.67871996828356251,0.70444568252025719,-0.2075945207170164,-0.72011696939020975,-0.69385267694304453,-0.00011443439157249324,-0.14412062673128528,0.14941466821413246,0.97821495688475391,28.286482375798293,-1.1067691333484011,8.0782303836480374,,0.3374382088486815,0.717391304347826,False,5
-0.79355116785314284,-0.48136223386605304,-0.37224581099912479,0.51391887325288221,-0.85773115241851905,0.01358903548036984,-0.3258280769261615,-0.18052055278633047,0.92803469456067034,-18.308460949733746,12.335977959356489,-8.0295874418766342,,0.132164815124484,0.358974358974359,False,4
-0.77930627133383679,0.55116843421875406,-0.29815280072573341,-0.58366147572687699,-0.81160530039623824,0.025221382219375733,-0.22808116365030265,0.19367548499895038,0.95418488213676145,-26.773581885260775,5.917766893618766,-10.475210722898307,0.3256050215176917,0.2982880706374439,0.4807692307692308,True,5
0.49489941806274362,0.82620084289210405,-0.26919645838223283,-0.83526162585441577,0.53773365356361957,0.1148065076559778,0.23960922848713234,0.1680317976738348,0.95621793153773438,-14.688172841417311,-12.620430434152645,-5.3912315869094591,,0.1051864542174561,0.3939393939393939,True,4
-0.49137899062109613,0.83029700385197092,-0.26297066941130931,-0.86610017713992804,-0.49764494999731296,0.047116736945130827,-0.091745140113127358,0.2509111180011987,0.96365265533230926,15.385482451723327,4.0018371573592937,3.4850769528477112,,0.08162801609410346,0.3333333333333333,False,5
0.5802184104278133,-0.72808929405696232,-0.36501037804459174,0.80580365391167663,0.57834433964473597,0.12727252705704056,0.11843592167586861,-0.36797255968418141,0.92226304695366546,3.3728963793895357,-7.8378053190188988,0.20438451905063809,,0.0665003955587007,0.3125,False,4
0.19206743607261539,0.98122675804477311,-0.017439876646230368,-0.97001627385912526,0.19250981749338117,0.14835227877293841,0.1489245730191977,-0.011576677658508949,0.9887807907142212,18.394126322014039,-1.7169820966089357,4.788499969795164,,0.07846227951001643,1.0,False,1
0.45514140871495418,-0.81619487712805694,-0.35591041095040088,0.88701144939406784,0.45054123588515604,0.10111025373774858,0.077826645288118959,-0.36171607279327861,0.92903417373431707,-16.480429840890327,-4.1714902100620419,-6.5377474968900779,0.3025235396955633,0.2570426474819532,0.8471337579617835,True,1
0.2174273727062008,-0.85663786172262657,-0.46786420194471551,0.97486765104660145,0.21443380197624046,0.060425222489428027,0.048563366244127305,-0.46924377292970154,0.88173231823821574,-10.644490203224226,-28.137579980331388,-3.0605223095493859,,0.3105964346880557,0.4444444444444444,False,6
-0.84615593716287063,0.45465658818766497,-0.27804229322456642,-0.47356969952403138,-0.88075580041676171,0.00097965552490615615,-0.244441955680162,0.13250134659610441,0.96056833356793325,2.7937365177620181,6.6036311605648521,-0.71741994568248624,0.422385750920493,0.3531407451689615,0.7664233576642335,True,5
0.30278576978331395,-0.88213862408913335,-0.36076616458151706,0.95294473051697626,0.28607346312312371,0.10029114754888316,0.014734931172389359,-0.37415694779981723,0.92724832715754801,4.2002199343177287,-17.675306278485447,1.1675339394246356,0.09357493653191998,0.1066808865652362,0.2777777777777778,True,4
-0.93285195984156388,-0.087026753748574978,-0.34959056788154325,0.14142677058644346,-0.98094813444929052,-0.13318868601329503,-0.33133923640469226,-0.17368679181919222,0.92738730246122836,-19.855535392925368,9.7191931567068206,-8.3426758947930022,,0.1577990799352154,0.2580645161290323,False,3
0.94632275226634377,0.079320817478563357,-0.31333920351208105,0.016116960914209107,0.95663467067975205,0.29084420300967506,0.32282114570446396,-0.28028256236872034,0.90400674395608482,17.907934826213047,-26.287056921818216,6.3832633950883517,0.7741101399992034,0.4831417214891216,0.3809523809523809,True,3
0.86412421069021994,0.423596508714772,-0.27176340133222571,-0.38074793244669436,0.90336172483140909,0.19740467584935617,0.32912058646728842,-0.067108806532957477,0.94190023232248454,-9.4309092116025113,-3.8090184177262389,-4.2171104550238558,,0.08004607272123049,0.2767295597484277,False,4
0.039800078128245944,-0.93431892786716153,-0.35420911169836317,0.99663078400357386,0.011677086826869401,0.081183286578332903,-0.071714950724430501,-0.35624680584167467,0.93163575455764736,-0.39849902754537159,-3.956328949842153,-1.2574186902690514,0.2340037444637491,0.200536025142022,0.8571428571428571,True,5
-0.38851705896332034,0.90074505478276479,-0.19419794329211534,-0.92055112385028481,-0.38868649455918342,0.038838606119088598,-0.04049843543239065,0.19385859597059374,0.98019320620775596,-12.656325384895531,-4.0949125677177696,-5.2296336074336001,0.3838763727852236,0.342306618808458,0.7934027777777778,True,3
-0.47232259566363277,0.87317987522965435,-0.12028412663146176,-0.87597381623408477,-0.48016449505093656,-0.045955750073009061,-0.097883803041473941,0.083659806277592813,0.99167524821169828,-9.9097237423924938,-18.617248539506193,-3.40038811344421,,0.1973260828997497,0.6666666666666666,False,2
0.31447996284267893,0.90321084945017138,-0.29208306079943536,-0.93144717078936079,0.35294173476386925,0.088534173573632066,0.18305332829250259,0.24421771700138781,0.95228629398078968,8.1553270220911998,-8.9120298897790846,1.8422577314464856,0.2159879301279979,0.1578667446845856,0.5263157894736842,True,5
-0.4016364330845022,0.86441513440805995,-0.30244776578023297,-0.91411770162680461,-0.39840903218347312,0.07522679474201667,-0.055470741762548445,0.30668667802975219,0.95019275851133933,4.1830476425114922,-3.2292100811196032,0.26069501422551283,0.1233630246883183,0.09435389459380814,0.3873873873873874,True,5
-0.85933488992273532,0.40936546733272033,-0.30653460019538314,-0.44434176860718738,-0.89439100483680878,0.051235955519927878,-0.25318755821034444,0.18023497058691709,0.95047957145065265,1.3501752036576731,1.3298446628807872,-0.87642841428799267,,0.1166184947855662,0.4938775510204081,False,5
0.93195545975182004,-0.11949382498736377,-0.34231600434198661,0.22229026052110237,0.93418318014470048,0.27908569653816856,0.28643683617201571,-0.33618895241310887,0.89717942863127564,2.5579234550431864,-27.232020119044588,1.3740136069277484,,0.3279835885807809,0.2,False,9
-0.86076727832829047,-0.35806878362221134,-0.36175466652776905,0.39106164179357711,-0.92015313320222658,-0.019723178644371939,-0.32580743526969946,-0.158445440620536,0.93206467451006048,-32.838349637154053,16.77715121147104,-13.004420144512126,,0.1377676985426538,0.3333333333333333,False,1
-0.0074778095938098487,-0.90447648114869295,-0.42645794331042275,0.99348652163151707,-0.055212536730990386,0.099680023697012732,-0.11370406193354182,-0.4229348304840902,0.89899806199079513,-20.828696084503765,13.148124165750906,-8.9161117804645293,,0.3695917976305058,0.8205128205128205,True,5
-0.64428472585636365,-0.65779893503996356,-0.39012530434269549,0.71302328449713348,-0.70112501571842201,0.0046376824775935799,-0.2765772727342411,-0.27518043788418722,0.92075009574409317,-3.0385739512618444,15.738849542746575,-3.1516047605138993,,0.5762808406756282,0.7784810126582279,True,3
-0.83299592191124294,-0.3907159160941624,-0.3917382633722909,0.42841682331071179,-0.90352786293907372,-0.0098196943490700683,-0.35010972506286842,-0.176007027710402,0.92002429675142428,7.5013727881334926,-4.0043161231120923,1.2947997589613502,0.2388185380453084,0.1829302282410615,0.175,True,4
-0.92910009797954252,0.22097275820295598,-0.2965536175240191,-0.22159529322066152,-0.97461470225263303,-0.031964170182571805,-0.29608872649402479,0.036016972182420767,0.95448113850298633,-24.37335170288431,16.791411910445451,-10.29306783536037,,0.257354898791651,0.3,False,1
-0.59214863349652747,-0.71750796316463039,-0.36680010720218964,0.76201530116334615,-0.64662771909279926,0.034717051916578694,-0.26209287789089142,-0.25894963930499415,0.92965176687977258,5.7941745351876399,4.735172023106661,0.37075181261215301,0.2587431766499984,0.4277512217897634,0.6115702479338843,True,5
-0.92878233117880682,-0.17147980534539911,-0.32856971505110616,0.16735097548546685,-0.9850430964721727,0.041033511872331056,-0.33069174814942659,-0.016875261515547628,0.94358793615362524,0.86494100665645279,-13.34374832437336,-0.26509932953419157,,0.07795637324630493,0.4102564102564102,False,5
-0.39878626204095957,-0.79135368846007126,-0.46338845148324515,0.8978619120873188,-0.43974115498948024,-0.021718734572299253,-0.18658377215155475,-0.4247199740642752,0.88588906732194084,13.627058932986829,-23.215486516510673,4.724364673084783,,0.3990655802773161,0.2307692307692308,False,4
0.76864586301706195,-0.53966111020432694,-0.34343765576853696,0.60551032598700816,0.78694794833527615,0.11861775471659344,0.2062541693878257,-0.29913009334390306,0.93165465966000793,6.1985788800408397,-6.3704447370698292,1.0412435001726279,0.8136447530982425,0.4967174118707992,0.2962962962962963,True,2
-0.93198746553130929,0.21357086493085589,-0.29289392234256639,-0.2319960037298289,-0.97227683752047456,0.029250734598890618,-0.27852687185604991,0.095211537503979343,0.9556974127725848,-13.955549300322398,4.1165804270156983,-6.2435430371352707,0.1585144226172685,0.1446053237820033,0.6313465783664459,True,5
-0.45878858528665528,0.86896512982519958,-0.18550643427801522,-0.88491464469871439,-0.46569952092589156,0.0070730338005378507,-0.080244037837199675,0.16740238754948875,0.98261759348910149,8.4733580210276287,-6.1729607235317108,1.8024516975381688,,0.0735148939805017,0.3888888888888889,False,2
-0.90696861860432687,-0.26397892615177088,-0.32821190017230789,0.26089017635511835,-0.96384139682446779,0.054277782276488218,-0.33067240699573719,-0.036399015305588978,0.94304340882932247,-8.9333401869766913,2.439662308105524,-4.482148022554532,0.1993316381241798,0.1824763345474371,0.8342022940563086,True,5
-0.93016654365103602,0.16758208814977588,-0.32665952428123957,-0.15399161816844348,-0.98578222561936968,-0.067230835089162458,-0.33328183659802002,-0.012233044767456853,0.94274788252722586,-15.709140998106088,-15.736287401939983,-5.5451156463954776,,0.3982331679212667,0.6212121212121212,False,3
-0.89256037613773132,0.37551554864069658,-0.24964784733289519,-0.37938024180304147,-0.9246019255381811,-0.034378938618780552,-0.24373470634757297,0.06402618230196791,0.96772622208013859,-33.587044575920473,8.3160432022416337,-12.689948287981853,0.4097424084868004,0.2792235774569719,0.8225806451612904,True,5
0.91270639956013211,0.29923342896334759,-0.278255967039017,-0.24039569879698663,0.94387596705651688,0.22651284028291727,0.33041933388028283,-0.13984818126798482,0.93341606478255346,-14.416178305569039,19.876678834543519,-7.2422974424519246,,0.1392279400274335,0.7142857142857143,False,1
0.94718938962381583,0.051729315109210534,-0.31647486178588591,0.0096127928160174032,0.98187931722716071,0.18926331027381238,0.32053058262565209,-0.18231040661426062,0.92952840797998382,-16.005340404954424,-9.0526820540743298,-6.0575603627994363,,0.06711573992345242,0.3225806451612903,False,1
-0.29662825847626367,-0.86547198641584688,-0.40369532695183302,0.9418382681822961,-0.33504060990274742,0.026238641416220232,-0.15796313766418041,-0.37243258510152355,0.91451714948046969,4.1017279129156385,8.3061377499272719,-0.379481023023099,0.1827677494932039,0.1914623560784504,0.1904761904761905,True,4
-0.81483140814350263,-0.41034961510483531,-0.40946668934870584,0.48450051709252895,-0.86990046287142464,-0.092371173171898538,-0.3182907872369985,-0.27365375582913931,0.90763681981322075,-13.676093242928122,15.858831461209501,-6.7191409227140575,,0.184077920330573,0.2307692307692308,False,1
0.88300326234410542,0.40500300486560042,-0.23722943480837538,-0.33529925769547148,0.89796989783268677,0.28499907083220472,0.32845037140872996,-0.17211225591511101,0.92870755616893652,-11.584423636657171,-11.062153386298736,-4.4721971759499688,0.8305145813727515,0.3958804967883354,0.2083333333333333,True,2
0.72424985542665843,0.61951786638825168,-0.30275362944184953,-0.62100148966329416,0.77686387484807762,0.10411373488642087,0.29969867659106186,0.11260609744493782,0.94736506694504385,0.57421127697816343,10.038155551767126,-1.6098143947946062,,0.08234582635771297,0.1666666666666667,False,5
-0.41258846474275418,0.90921458796416821,-0.055673977712798084,-0.90883878920507177,-0.41500404173137773,-0.04223387956227162,-0.061504585174412998,0.033173458966001601,0.99755536569292969,11.71471965957031,-6.9830773884066986,2.9083255419328489,,0.3194344615275875,0.2142857142857143,False,1
-0.93872880805044934,-0.058770942776052659,-0.33960889449688481,0.063743141899200551,-0.99796022293560394,-0.0034936083263063383,-0.33871084540799801,-0.024927288732094193,0.94056025510302399,-24.070239089547425,12.266051247888189,-9.8833154810204729,,0.1725991325976605,0.375,False,3
-0.33520180608561834,-0.85566567975723185,-0.3943044428896692,0.9216085905040281,-0.38470617037955623,0.05136894374106963,-0.19564599435234259,-0.34617539912230733,0.91754304418724297,-35.79011703194508,5.8799939690128884,-13.268183095140175,,0.175233212792468,0.3333333333333333,False,3
0.56778995505594421,0.77989954227916503,-0.26338426469764398,-0.7788819386677841,0.61253659337804767,0.13469167528073639,0.26637847614753701,0.12866866644823061,0.95524179228075579,16.403349259451062,-5.0551250222430024,4.2816399147225166,0.2135280669506025,0.09778455155647851,0.4137931034482759,True,7
-0.94423086214703966,0.14929595744423163,-0.29349411588627783,-0.13497536795845669,-0.98847294843248334,-0.068577549253905676,-0.30034934495273496,-0.02513856217055413,0.95349794109817554,-18.534961933624995,10.950584386489105,-8.0555800718227477,,0.2048417442394283,0.3461538461538461,False,4
-0.019203109278154495,-0.78214282831878224,-0.62280320864904559,0.99552948755620474,-0.072575121998437853,0.060447424039342459,-0.092478538051439144,-0.61885818066533416,0.78003991707056952,11.568659537685331,-1.1779907012070288,2.5538399889824306,,0.6890004957282658,0.2470588235294118,False,1
-0.47486981037878201,-0.76654627748448967,-0.43232565002031959,0.85405280488037261,-0.51993348728433819,-0.016216512458470181,-0.21234987559871193,-0.37692966621774304,0.90157171487252896,-17.523426533729573,-15.071652171608489,-6.1224664556333313,,0.2592043107208119,0.5333333333333333,False,3
0.87621388190772609,-0.24594452781016354,-0.41444001060760188,0.40423864233799983,0.84328330973367893,0.35420951365730297,0.26237445224892647,-0.47789596018887648,0.83831682438218291,-32.014875519755549,11.627395424494734,-12.416124062329628,,0.4848865571052295,0.35,False,1
-0.80551056583898217,-0.4799448282044157,-0.34757112970095294,0.50105080067942576,-0.86479063683715651,0.032943126404338066,-0.31638714174294341,-0.14761475643925148,0.93707473566472332,-9.1318776108990374,-14.779860884923218,-3.4321990846516788,0.2862052257693015,0.2763827479273767,0.8217821782178217,True,5
0.1233195813012357,0.94467553810087868,-0.30394145584553522,-0.98456445415621496,0.1548018687399807,0.081665274423615167,0.12419789241272378,0.28917902612123403,0.94918405716268339,-9.0001673328904257,7.9247973906195162,-4.6956328766429403,,0.08728343493190727,0.5374149659863946,False,5
0.12235853516275456,-0.86001699260482667,-0.49537779653893932,0.99150561026399375,0.083743014263659848,0.099517497843656988,-0.044102309325598436,-0.50334667972778591,0.86295834564546803,-34.293949577800639,11.434891791602896,-13.111197233069152,,0.1790770768975501,0.375,False,1
0.55994100359795895,-0.75905693783572137,-0.33211238702157386,0.81940795152793344,0.56666396501576144,0.086386108405293704,0.12262414714282731,-0.32050665496378244,0.93927567979875881,-11.414708057507852,-7.0269999954970883,-4.6374953356260837,0.1610627568635404,0.1082205261723622,0.6643356643356644,True,4
0.58327850814779991,0.76216683330259438,-0.2808698989681398,-0.76846991320121627,0.62980150616986097,0.11315500576947832,0.26313527782757118,0.14983918392620377,0.95305196318088403,-14.684170735724418,15.089930186091014,-6.9556853944874808,,0.07768166716837654,0.125,False,4
-0.63047623578834466,0.74620543355655733,-0.21372217254377696,-0.75165664850318925,-0.65563803670561671,-0.071770798976737868,-0.19368014577419806,0.11539590874670003,0.97425447670380783,-12.069081097132921,-20.27932649588103,-4.0192792319849584,0.3887628996491386,0.2365947894695636,0.4285714285714285,True,5
0.80661448841162708,0.51779567638040591,-0.28506263277779242,-0.49598183605215751,0.85526295441207223,0.15009096280810655,0.32151996110782832,0.020320342814322045,0.94668474070153286,-12.441084342880382,13.532053103210316,-6.1858119765110899,,0.1433119884893829,0.7155963302752294,True,5
-0.81920737518557318,-0.41348281262071118,-0.39740563673509804,0.47995708809355703,-0.87359636065942581,-0.080439991492787813,-0.31391156402769954,-0.25663468649010013,0.9141105883096482,5.7182751967934404,-15.031632023396424,1.5273672184428597,0.5488611164577077,0.2628628135835847,0.15,True,6
0.9449940648646854,0.11555912744241154,-0.30599396306997095,-0.042633030797075512,0.97104668792741311,0.23505479052820044,0.3242971508594763,-0.20907993191588004,0.92255999263705135,16.774706349326557,-6.5486610062489028,4.527544263631575,,0.1033039076225569,0.1333333333333333,False,1
0.9224790937373375,-0.18536550660202081,-0.33863247124237394,0.25358359959170257,0.95235003847763566,0.16948381111410382,0.29108019450944472,-0.24221691347596347,0.92552865281984742,-25.796378863172745,14.656975705038668,-10.637779462890483,,0.1657961710234837,0.1363636363636364,False,1
-0.56763043015510861,0.78772279163030756,-0.23935015836235066,-0.81564138127689756,-0.5775912839859253,0.033428218800979299,-0.11191439545760844,0.2141987679928308,0.97035769481140943,-13.318139591968119,-20.43793811971177,-4.3692717732382471,,0.145388013625924,0.25,False,5
-0.87802766998156434,0.38639412727906064,-0.28243050322335783,-0.40621105292018383,-0.91368937083348301,0.012818506597519173,-0.25310075312456437,0.12598139557160057,0.9592021146440467,21.273775205619351,-1.3772197304817759,5.6968781437823486,0.2991160233371265,0.1776081514811185,0.1363636363636364,True,5
-0.80707685003845187,0.51405326274280427,-0.29047581860714022,-0.5447889943423162,-0.83801280988039251,0.030650972576044301,-0.227666224494321,0.18298571949703379,0.95639129893817776,15.415293415884385,2.1740762866277921,3.6292296535537996,,0.08292205349472186,0.2941176470588235,False,5
0.39469236459637669,0.86650135981139254,-0.30560322441742815,-0.89422790046255163,0.43868790282949788,0.08893472856760859,0.2111265008559039,0.23817707143229649,0.94799645741968719,-21.447448584625281,-9.3246572640885415,-7.7517868389768303,,0.4805026587786416,0.7666666666666667,False,1
-0.17125083348637982,0.97491230214306424,-0.14219407568647227,-0.98447264746232033,-0.16367959772776838,0.063423936224467542,0.038558506567936884,0.15084758008594606,0.98780476266996398,-10.56947137592911,-15.164732166036012,-3.9029883153482108,,0.1783230250685865,0.4,True,5
-0.30718066307092357,0.93661485899240338,-0.16850117551504043,-0.95163838880402929,-0.30324242623963865,0.049278878667955953,-0.0049413752925207277,0.17548970580333217,0.98446886490497021,21.413498671854594,-8.9946171186694652,6.12509674360102,0.503213605942258,0.4751417476272694,0.5666666666666667,True,5
0.30809036623848357,-0.86919710417764329,-0.38675149685584537,0.95094313595094038,0.29335218716362182,0.098242793497089684,0.028062045877474254,-0.39804633948262774,0.9169360027862643,-26.289419106783438,13.48207628020633,-10.706893771236572,,0.1432986050013204,0.5666666666666667,False,3
0.74399630976811149,0.60697393191027393,-0.27937812554460201,-0.59507245095060268,0.79206089308600558,0.13611877079757589,0.30390503314534956,0.064978362746243606,0.95048384689259313,-4.5751732419311484,-3.6607312483115706,-2.6201864574950937,,0.07866419280793027,0.2577777777777778,False,5
-0.94703973359717586,0.057069301937977553,-0.31600449010180565,-0.053698515048854131,-0.99836926969024375,-0.019371908004053084,-0.31659471326877564,-0.0013769947281901448,0.94855990396799961,-1.7651240315190779,-10.597710353404029,-1.3014273844251354,,0.08528671890305045,0.375,False,5
-0.70028079072430405,0.65590571884194115,-0.28177030030324318,-0.69095033390891369,-0.7219753576745509,0.036595340985776513,-0.17942811990795793,0.22031629740248587,0.958783749802402,-10.66133445424723,9.4913146552568133,-5.3388169199820483,,0.1110668048552881,0.64,True,5
0.66161736927806614,0.7133948973162868,-0.23093327424313248,-0.69915232513123549,0.69821863739344048,0.15387254680427129,0.27101380579807466,0.059652786016497344,0.96072527924860573,-4.3328090353837725,-12.301160153050599,-2.0225178453549995,0.6255659393987475,0.4555577638045989,0.78,True,5
-0.45422535448956486,-0.78262104781302966,-0.42565669601084005,0.85576687092764459,-0.51612469059543142,0.035754249824016981,-0.24767395898950945,-0.34802241203377365,0.90417808575559777,9.4823333842170019,-22.515716864403604,3.272670606882083,0.2330669020227057,0.234186251961525,0.1818181818181818,True,5
-0.69802582181734885,-0.54017288327329749,-0.47007787466804674,0.65327875190769258,-0.74921043169866175,-0.10913570149054343,-0.2932351008698359,-0.38327142498511163,0.87585169429974818,-18.644093932407845,-12.461704746682116,-6.6358054915344473,,0.2395515255977884,0.2692307692307692,False,1
-0.44857858994498367,-0.73922581214050243,-0.50231707845561446,0.8703786465013178,-0.48899758065034477,-0.057640071414276628,-0.20302280748108986,-0.46306216082003859,0.86276020704432832,3.3741614116334566,-11.400971852036323,0.42551124413862029,,0.3256153110541806,0.2368421052631579,False,2
-0.9297067117940534,-0.12749335148108759,-0.34552984729717628,0.17330010914092855,-0.97925942157508206,-0.10496693492800059,-0.32498077207249115,-0.15746882416706071,0.93251866855233079,-8.0083105427433967,-13.389339228037924,-3.1677895259760374,0.5490649882498365,0.2503408252854393,0.4054054054054054,True,4
-0.90740945078798141,0.309312256545762,-0.28448904472970871,-0.33204607403123965,-0.94264280887344187,0.034204379831069151,-0.25759171830843858,0.12550084792445157,0.95806891392485405,10.528064276743372,-8.5229612184501775,2.5564354969816359,,0.1029351136841561,0.4705882352941176,False,5
0.29339386483739932,-0.84624194938542929,-0.44474105182243173,0.95559283140520657,0.27303979375009585,0.11086754076773817,0.02761124123893817,-0.4575192172239918,0.88877094080983043,11.120497324809916,-27.862866224935352,4.2974741897401776,,0.2327773460833169,0.5,False,4
0.31403401764806782,0.92533551075227727,-0.2124542969690999,-0.92180476108169263,0.35074124206832796,0.16509561944367102,0.22728532334256857,0.14399574178838775,0.96312336081099958,1.6392990306268078,7.3479631387023474,-1.187576099873328,0.664814169212958,0.7831178286291303,0.4560260586319218,True,5
0.19038455901421841,-0.91003019076043068,-0.36823738483958557,0.98152201795142169,0.16911777377208217,0.089519310045068246,-0.019189788053331408,-0.3784761954190915,0.92541208201295877,11.306096972442326,-13.333039027621689,3.1636549223137482,,0.1187278497785097,0.2142857142857143,False,4
0.6518419082188377,-0.65087532563660933,-0.38918303812867083,0.74406643744840906,0.64806822575813483,0.1623967715982578,0.14651710941885804,-0.39543505818293545,0.90673251370368391,-19.704774043422692,-10.387952519906912,-7.1790037291932647,,0.1550245331313912,0.3333333333333333,False,2
-0.0487318013125905,-0.93074009911199351,-0.36241975587131958,0.99418777702002359,-0.080075242108541611,0.071962626586601686,-0.095999351897887525,-0.35680642301709647,0.92923264090804003,-10.993756767338107,-13.524375678149612,-4.0799081760320561,0.1813117739769401,0.2022201009341547,0.6111111111111112,True,5
0.75412051926332979,0.63750606384923514,-0.15776013749189283,-0.61829147910089877,0.77016909404205569,0.15670103207593133,0.22139984032792109,-0.020629714925177345,0.97496488427269878,-10.078455554553333,-13.323732606413101,-3.8021745140493017,,0.302393466507532,0.3214285714285715,False,3
-0.74909821376110652,-0.56443283824119816,-0.34679595910982886,0.58803572156114459,-0.80762260453276558,0.0442687114763608,-0.30506697020160134,-0.17076679935718964,0.93689532175655443,-1.1799394231620077,4.2437659495127464,-1.9154208364197567,0.4252660498585725,0.3253841998393679,0.9484210526315789,True,5
-0.94197912362743264,0.04875388746725591,-0.33211201289162212,-0.042629530676697572,-0.99876019047935505,-0.025706128217370727,-0.33295353093844704,-0.010056856888390066,0.94288960428310353,-12.444640049432021,7.0944316020260416,-5.8550766188272103,,0.2314227419509056,0.1752577319587629,False,5
0.36348474666766178,-0.85799303902101609,-0.3629418464870483,0.93021679704606119,0.35549147614964821,0.091227851439746419,0.050749871264013952,-0.37077453442277647,0.92733526579671322,11.100248564075127,2.1098928178253038,2.2517832439617718,0.2992226535228759,0.2775450323872052,0.5066666666666667,True,5
-0.88649808547420839,0.38320814350181959,-0.2593697422685457,-0.37690380961206987,-0.92315348843766387,-0.075704392774004217,-0.26844862218024457,0.030645644702973429,0.96280640925903038,-5.9468177233867481,9.5251228930512628,-3.819271713923226,0.09321086639439442,0.08828036628737737,0.3214285714285715,True,5
-0.6248251217097045,0.72295460166920111,-0.29483929725492852,-0.76698810256868866,-0.63897891746354318,0.058610524269977447,-0.14602334675844147,0.26275956112470156,0.95374765805165596,-0.95236373988791168,6.8819594434155222,-1.9192814051719973,,0.08351599337939061,0.3214285714285715,False,5
-0.1353888888806348,0.98708780272581054,-0.085600925681906304,-0.99000278662885477,-0.1313262603271092,0.051457709000685997,0.039551627460447776,0.091711957009042694,0.99499979181244147,8.9607253572810048,9.6204317701689099,1.1310840124837662,,0.2521901789180072,0.1666666666666667,False,1
-0.61470255673440954,0.78414174400019288,-0.085220256163159008,-0.77609765373979767,-0.62057568582531686,-0.11206359811293594,-0.14075936417787605,-0.0027465394175466284,0.99004002844201522,7.3254760600679756,-7.702848111186249,1.5191231267851186,0.2167976504102424,0.1343807955279493,0.2,True,5
0.87573503005022146,0.40079777810739925,-0.26916407302444628,-0.36852399286339499,0.91510452648796781,0.16362693019565205,0.3118945716535606,-0.04410041570557155,0.94909268752194997,14.069066141158897,11.071129253741262,2.6577939349098845,,0.1917465386548603,0.3478260869565217,False,6
0.69231550164059197,-0.62726354007144092,-0.35670673877175135,0.70140899508574206,0.70108183898565257,0.12848998660325411,0.16948353253618514,-0.3391529247132315,0.92533811434389546,-29.22542122467841,9.3984360404930403,-11.408485681963151,,0.1405474053563631,0.3333333333333333,False,3
