axis_00,axis_01,axis_02,axis_10,axis_11,axis_12,axis_20,axis_21,axis_22,location_x,location_y,location_z,dbh,dbh_approximation,score,reconstructed,number_clusters
-0.96791781704459756,-0.066995493703636444,-0.24217081424281273,0.097750998286213697,-0.98827479047808409,-0.11729314063297847,-0.23147319884096629,-0.13720255948379773,0.96311765422996232,-11.511625542278093,17.199327987316998,-4.7172927437461158,,0.4522936907611923,0.1363636363636364,False,4
-0.58139125910914591,-0.75357084683303865,-0.30678197899293097,0.78135383432244221,-0.62225993385721468,0.047736362509434548,-0.22687086507769016,-0.21195177168250276,0.95058195704502457,1.0079138405216126,3.9373174627070964,-1.1839434867947964,,0.06721707259942016,0.141025641025641,False,5
-0.89280271037529968,0.41522198762179685,-0.17462537427854738,-0.40816808344554584,-0.90971457809188838,-0.076277139848627398,-0.19053119430399978,0.0031760671437054411,0.98167600388039933,-15.750176786816461,-22.006641004475306,-2.7008609294050516,,0.264023198690566,0.2857142857142857,False,3
0.54548500457448013,-0.79342229161580502,-0.27005032299833298,0.83676530957016293,0.53387469605227733,0.12166193165915988,0.047643745490138265,-0.29233350147085946,0.95512889048204275,-17.018356006925014,-23.704052375225803,-2.7841304605097235,,0.1777431101644081,0.6333333333333333,False,1
-0.89679646526272994,-0.3397591045776156,-0.28340757002749345,0.37132811771452445,-0.92625303159382388,-0.064581347600042874,-0.24056502008159858,-0.16315352377397874,0.95682255345140799,-21.80655586926477,-21.39073435178819,-3.9878476274160053,,0.5680235415097122,0.3428571428571429,False,3
-0.1787362123264967,0.96533947523243635,-0.19019217639309247,-0.98213340291537932,-0.16348178321193246,0.093207754160816461,0.058884168339495321,0.20345369034699362,0.97731225849426195,-18.391204107439435,13.031065051620113,-5.8826090368380948,,0.1126289872383006,0.3333333333333333,False,1
-0.7395239856942718,0.65776444670684009,-0.14300422102616933,-0.66742364079117067,-0.74412084124670963,0.028807244494160417,-0.087464040015973549,0.11674804611098211,0.98930275216101105,1.2757272303538041,9.7908716193913712,-1.4889446884828141,0.4387869564147037,0.1594414506848358,0.1052631578947368,True,5
-0.97026854180171551,0.061041519770446667,-0.23420693767283443,-0.017600249738945282,-0.9829066114743179,-0.18326162808728164,-0.24139011578583647,-0.17369089205881957,0.95475771063485637,12.001021368195977,-18.95071899125681,3.5349229013482657,,0.2821046833396719,0.4,False,4
-0.86831815053754602,0.45522600120362877,-0.19695907512782695,-0.46681124740183155,-0.88424182025282161,0.014271041136586116,-0.16766290211672141,0.10433451559349763,0.98030783946149724,-10.332065313410842,-15.529607941535536,-2.096464584104039,,0.1219662322374327,0.4074074074074074,False,4
-0.96679465525148911,-0.010688663492359904,-0.25533085800565009,0.0051066881773969095,-0.99973346965516807,0.022514692693833369,-0.25550345655785794,0.020463189487125721,0.96659155881013203,5.3613322172628708,23.27907978072734,-1.3604007182913718,,0.2863482053708378,0.8076923076923077,False,2
-0.045054295038438552,-0.88011384620928934,-0.47262006750589874,0.9984330054686803,-0.05538995259808295,0.0079678567984231147,-0.033191024228959476,-0.47152048827370491,0.8812302678918601,12.688463875942078,1.8815978508971598,1.68305826788541,,0.7220753089046665,0.3333333333333333,False,2
0.38175164445365006,0.92027057789241717,-0.085835572011199041,-0.90449568879969944,0.39107681967913405,0.1701366217262173,0.19014002971412858,0.012687969704013563,0.98167498925311303,-1.4979755257015248,-25.673952903461235,1.004199357843838,,0.6275846652478552,0.2,False,1
0.128785968953576,-0.82233257686708927,-0.55424119950056239,0.98905244652358149,0.06591244148453948,0.13202578567562334,-0.072037713917135537,-0.56517668306528779,0.82181864464911769,-16.141050277357902,-20.249872080469761,-2.946686816083012,,0.3915808982581215,0.125,False,1
0.93926235353865151,0.26095891454919601,-0.22290508325818162,-0.22944878866255466,0.96047515300137887,0.15760943451539453,0.25522438090103727,-0.09689130706250984,0.96201485955748045,15.93281085136757,3.3823091209469149,2.4350545261568919,,0.0826813099025427,0.4,False,5
-0.60921366243527275,-0.70314603860081581,-0.36666655410901822,0.75850567447698369,-0.65157794575190364,-0.010738826562788267,-0.23136087674543743,-0.28466090179318582,0.93029044695829977,-16.207037709064497,14.21787824276581,-5.4760841889400114,,0.1631857576790205,0.4761904761904762,False,1
0.42887985136108958,0.87678175674896153,-0.21752200837775806,-0.88147294682286759,0.45885988206520129,0.1115932464377585,0.19765504576382159,0.14387967077844369,0.96965515685772907,-7.0659936845203637,9.5658945444666514,-3.3580357371865115,,0.07835024825951623,0.2698412698412698,False,5
0.93778104698011855,0.31720302414601154,-0.14124074977674586,-0.23265028418324057,0.87596391913406779,0.42256485614014483,0.2577606509813507,-0.36341361263429439,0.89525973491370714,11.306390092849481,-13.207344266532527,2.7641736669897448,,0.777030800125143,0.3897058823529412,False,1
-0.023996192734173069,-0.91073318847311946,-0.41229751654339408,0.99135250732268732,-0.074900069544603737,0.10775057218982438,-0.12901313483240934,-0.40614657329072645,0.90465494639940769,-2.0641129030450949,15.508843990359983,-2.5729313142487986,0.8427153181844823,0.5955610068261662,0.3970588235294117,True,3
-0.92396121143402421,-0.2457211384408772,-0.29311568004576372,0.25028679960415218,-0.96791137619011769,0.022451854837949176,-0.28922689658688749,-0.052618342477436533,0.95581332504085004,15.965572831795658,-1.7065482103905421,2.7973831231455248,0.2407210565834918,0.2028744562917316,0.625,True,5
0.3160444037399458,0.92917378962602404,-0.19170812068526077,-0.93252679053228726,0.34143568413978898,0.1175391787258403,0.17467031746754491,0.14162535884511154,0.97438828909617958,15.14665428195606,3.8289728653079727,2.2389935743464551,0.1813496384684479,0.1894723922894442,0.3225806451612903,True,5
0.89462974739098122,-0.30511069978102656,-0.32641243230349076,0.40889026992228145,0.85358363282387706,0.32280602370165845,0.18012873797934795,-0.42225873899106464,0.88839810619994164,13.908482398514925,7.8105222064499422,1.6309549013686955,,0.1148442819856293,0.25,False,2
0.15992148746801099,-0.87521940553328026,-0.45652613290368149,0.98453043846572841,0.10787805339831215,0.13806571380857235,-0.071588641420958318,-0.47154354811932486,0.87893216384800643,-36.487409879267105,16.790095635111875,-10.167910890601526,,0.3299206476259453,0.1875,False,2
-0.834253604758463,-0.48701208484102837,-0.2585346246952327,0.49084690827906252,-0.86956219534096824,0.054137797024638508,-0.25117769721930944,-0.081736268893256137,0.964483772163645,-6.0888812760769646,13.337984457045312,-3.357412650275915,0.2077136008713453,0.2003406374283021,0.6986301369863014,True,5
0.31322425194714393,-0.89097138684185662,-0.32872565433998557,0.94935876589436652,0.28477097358808795,0.13275325314740388,-0.024667825434731477,-0.3536601199326721,0.9350486714377656,14.538183448690855,-1.2887296323478061,2.3768834382656396,0.3476842951797732,0.232677341384076,0.3529411764705883,True,5
-0.95520862889833857,-0.10151098186936267,-0.27797840894226772,0.13038854024512433,-0.98760307021602645,-0.087401397429470701,-0.26566012845532977,-0.11973176796404797,0.95660284334163548,10.54547187675365,0.85542322262038784,1.2203090591751551,0.7339754709853148,0.5561088034729529,0.6879432624113475,True,4
0.73807780223390673,0.64772628960328227,-0.18892276624676305,-0.62120079511450466,0.76164218273502848,0.18442005755266141,0.26334526765953359,-0.018757378158597959,0.96451927443983321,1.7008025328809446,12.446997455446294,-1.5700736084694598,,0.1036455873104224,0.1764705882352941,False,4
-0.32730255634877503,0.94281575930999617,-0.063019684260334718,-0.9447482609949952,-0.32524463016434502,0.04082467264033747,0.017993330833655369,0.072899756830689277,0.99717694793829692,-9.7484239253463869,-25.771761076593318,-0.90676017813688969,,0.5332251774563637,0.15,False,1
0.6039840082025405,0.79292507048401395,-0.080455891229383875,-0.76366273908148785,0.60465610845515561,0.22629673317665427,0.22808449919745125,-0.0752384416757029,0.97072995118109917,15.764994656566838,-8.874180039274874,3.398938681826944,,0.1734995963372364,0.2,False,3
0.94144247323885799,-0.22885039695978893,-0.24761576160100979,0.26733983074334439,0.95415710417631894,0.13458690667364387,0.2054640710197799,-0.19290338608020097,0.95946485040295815,0.76805382832851998,12.138861912266201,-1.7370684813623398,,0.07474766325513058,0.2619047619047619,False,5
-0.91463310378372975,0.36501275420898466,-0.17381592196260992,-0.35924749082591995,-0.93099679219400178,-0.064700952541352857,-0.18543873866649688,0.0032653007900001058,0.98265040172613227,-12.158429097773,23.698707354786006,-5.3190278688525483,,0.3401393729936031,0.3620689655172414,False,4
-0.20479027558996793,-0.89703879575371914,-0.39164057748974557,0.96110597162996825,-0.26003666687800575,0.093038933657853762,-0.18530044339126209,-0.35735462889361552,0.91540232405609889,13.935459223883898,9.6467715202496063,1.5291411388786327,,0.2240561905384441,0.1428571428571428,False,4
-0.95748800035232906,0.16264055494086146,-0.23825360242780536,-0.1870458312548601,-0.97879294163680597,0.083535827117147465,-0.21961463109610097,0.12454889517974919,0.96760373424146473,6.3811284854903185,5.3562923714925628,-0.01368643126637986,,0.08775923773849478,0.4666666666666667,False,5
-0.65705598788627739,-0.59947751924086001,-0.45706031626866472,0.71505562818593238,-0.68760281751579144,-0.12608653355519728,-0.23868991889564362,-0.40966946343261756,0.88045332264034393,-0.96327027238481755,3.493339035582026,-1.6001132009109296,,0.08743407488907708,0.26,False,1
-0.58922762895227299,-0.75530801332961273,-0.28691567799504353,0.77524327037397922,-0.62855440332289636,0.062587808743032908,-0.22761518626651286,-0.18555098238346948,0.95590907513078338,2.6830480874561089,6.9398804180692233,-0.98802781815905627,,0.08524392178382326,0.2777777777777778,False,2
0.64829471250860471,0.75158648383538129,-0.12178556174421229,-0.72343546870104802,0.65791851665845458,0.20924709809991027,0.23739226684683745,-0.047549792364496607,0.97024941581400237,-19.344303646603414,-22.243115439876568,-3.3633661133445902,,0.09614094076728913,0.1,False,1
-0.87914442572643625,-0.39323743919699594,-0.26920140253706626,0.39899258241597169,-0.91626920384551114,0.03543536737988643,-0.26059546790220389,-0.076256557082670068,0.96243178439343391,7.3881248200857037,7.0043853798577391,0.074456592656019838,,0.07000923477202536,0.2380952380952381,False,3
0.77350587569820239,-0.57846454082848608,-0.25897381192785618,0.61963020102215582,0.77610080625828592,0.11715781026666504,0.13321814531661372,-0.25109024976953226,0.95875263349264106,0.11968872218823212,8.5323444058450626,-1.6722464262600869,,0.0886053901645199,0.3829787234042553,False,2
0.87872095216525781,0.45200539880661927,-0.1534294876334088,-0.40010795424397261,0.8727572342724903,0.27965771038134313,0.26031349019304428,-0.18435273112894573,0.94776102333278778,-16.039491586564822,-23.781873366881509,-2.5414691085405856,,0.279938309231267,0.2272727272727273,False,2
0.96876586534930853,0.086676097646949474,-0.23233586083664057,-0.038238903721284016,0.9779333918249784,0.20538760282911095,0.24501119234884081,-0.19008823017322962,0.95070288753816767,-9.1646729829701723,5.8169481587631848,-3.5742957368803632,0.4000940711118844,0.7191890712435819,0.2882758620689655,True,1
0.88946374092828873,0.44113085957362441,-0.11940610665158095,-0.37531568769774765,0.85417528175776158,0.3598926542762646,0.26075350072783338,-0.27529648157192926,0.92532127344630721,-11.154656886804139,-33.350067797205291,-0.44589752681190431,,0.2799417538966185,0.16,False,1
0.96960391749076935,-0.026491870191696805,-0.24324149317149815,0.073105772342302339,0.98007770946797879,0.18467059715676393,0.23350329598699279,-0.19683969167255527,0.95222389517668826,-20.764157704656572,-19.513944188618925,-3.8919849148920731,,0.3028403042938485,0.1875,False,1
0.87612273892015979,0.4410726023295457,-0.19458649958637581,-0.41778243809585652,0.89606711214741952,0.15007186593917107,0.24055515119347981,-0.050186552003751175,0.9693371597293976,10.674448791504878,3.5799439854474788,1.0914871351642319,,0.1800149869072614,0.2727272727272727,False,6
-0.50344909881683542,-0.81911960354830238,-0.27492195253087159,0.83724765415589231,-0.54109285817364106,0.078961284462285647,-0.21343704109401967,-0.19042477232847238,0.95821867836766683,6.0239211082030772,1.1150147184841781,0.11070991440143538,0.1635032997406839,0.1301473282747126,0.5895522388059702,True,5
-0.60800930301166167,-0.73002291844079481,-0.31207567351919374,0.75952982640988731,-0.64929663321342856,0.039093796073967207,-0.23116905122667242,-0.21326139043176912,0.94925257392649132,-11.11421500349819,12.330662385759583,-4.3599600467403006,,0.1229125061111598,0.2903225806451613,False,1
0.83853984787965274,0.53863567976067717,-0.081991023939957636,-0.47932674195883762,0.80085476878194706,0.35899514448295872,0.25903049619899088,-0.26173124346926518,0.92973112147057746,-17.171875098683294,-7.7718883385518778,-4.1800784890334333,,0.356601977874799,0.2941176470588235,False,1
-0.0021324966279789069,-0.84724942669216763,-0.53119098394826392,0.99445167936221079,-0.057663817253692407,0.087981484378312977,-0.1051727620242533,-0.52805614583065497,0.84267158310854651,-0.24860454219213524,-23.23218494686645,0.93129410490093278,,0.3112078643680899,0.2941176470588235,False,1
-0.93518859126522114,-0.21733483365546424,-0.27962093778421321,0.24472004368966305,-0.96730170773868174,-0.066629621208281212,-0.25599687299633278,-0.13074010970540512,0.95779571137603148,20.545962022463407,1.8840426218457491,3.7292008829130885,,0.3750732282616265,0.6388888888888888,False,5
0.62212035374590302,-0.67518804171556301,-0.39634249555072354,0.77848550223518431,0.58728762641356358,0.22148039793885849,0.08322612729609144,-0.44633435021945755,0.89098768765312863,-1.6295508915700312,-21.465970160016763,0.41054120880168493,,0.2367478693935509,0.169811320754717,False,5
-0.8318798389671197,-0.45906029330398057,-0.31183261636926624,0.49075749697413323,-0.87087291668627653,-0.027155886029015919,-0.25910039113000616,-0.17562462838110349,0.94974890219587882,13.43893504259502,-14.452135083676673,3.3744647883586039,,0.1691260028645499,0.3571428571428572,False,4
0.17947223826045638,-0.93313726744320247,-0.31151975186561603,0.9817259022326239,0.14951576495774715,0.11772548116121653,-0.063276919799578613,-0.32695546506784778,0.94291895477975451,-2.4548431708200464,8.6092415563419742,-2.2758966186762031,,0.1302230381607603,0.3372093023255814,False,8
0.90420528068512596,-0.31552493993814607,-0.28784861065873285,0.38524436119642874,0.89350246819739154,0.2307382098646113,0.18438978428180092,-0.3195267619499173,0.9294638539772877,10.975918645057135,-2.1522528854994021,1.4964375118630981,,0.5094228189884077,0.36,False,1
-0.50508520790078903,-0.81589701009774918,-0.28142672522944845,0.83733230933305236,-0.54227720595891393,0.069354420510679513,-0.20919736257131763,-0.20061779784193715,0.9570731229546976,-23.312035754795446,13.820920321427854,-6.9282570515330049,,0.1203421884723159,0.4761904761904762,False,3
0.86068508795051601,-0.4362887577668273,-0.26243722911563216,0.48460553375974308,0.86007228673976144,0.15947770449712145,0.15613665818457428,-0.26443861561526033,0.95167933808738214,28.241547553203436,1.9395641807075046,5.7350156802076331,,0.2182539704351259,0.6363636363636364,False,4
-0.93411081913322258,-0.25404347760658497,-0.25079650927358105,0.2458466780702229,-0.96719105162177488,0.06403811790334149,-0.2588366057189303,-0.0018387899060775675,0.96591937054372479,-6.8867040611504056,11.546616680179083,-3.3908127146710623,,0.07267321258153084,0.4375,False,2
-0.92764532399936472,0.30936516513931867,-0.20920647088566616,-0.31710346504446552,-0.94838394401389725,0.0036451602760104451,-0.19728037236102944,0.069721512712838163,0.97786469685029886,2.0866908207861687,4.7939344433001736,-1.0018624166500902,,0.0657676249916202,0.1851851851851852,False,2
0.47107949755316275,-0.77772974596562794,-0.41619772852011006,0.88168005297512542,0.42954883167053692,0.19526414262802086,0.026914515987457796,-0.45893816952909483,0.88806045142121059,9.3859067158326415,-13.673119956712004,2.2729898986296013,,0.6559178333181245,0.4456521739130435,False,2
-0.83006909945524743,-0.49065291961778218,-0.26503773806780861,0.49413804896104035,-0.86742988217230144,0.058249361228455691,-0.25848187305598525,-0.082614235971126659,0.96247701755230308,-13.942161926132599,11.485167520321676,-4.8478462597997645,,0.09778354170358228,0.4666666666666667,False,1
-0.21456692688831858,-0.92714319283290658,-0.3071913635981745,0.96435592960694283,-0.25096640641930951,0.083865987628510871,-0.15485049214526397,-0.27824694577403886,0.94794512618072346,-12.498931544777909,14.286389180192069,-4.7005910752075986,,0.420160840300799,0.3103448275862069,False,1
0.77421224883152195,-0.51265648306061085,-0.37118556563417648,0.61258198379796358,0.75443362100956368,0.23573973915432545,0.1591813647553926,-0.40989418374297976,0.89813587571607856,13.961092369821555,-15.851446213761136,3.6392730145333569,,0.3582006044603925,0.4583333333333333,False,4
0.19218066585966612,-0.87817283590926842,-0.43804002321797819,0.98113205369314349,0.16232280372223537,0.10502952255259258,-0.021130188962911328,-0.44995975115872777,0.89279882249674036,4.3378380672367758,13.466069281929562,-0.9766411758376734,,0.1709878463584274,0.1875,False,4
-0.85367472887719797,-0.42871504989736237,-0.29570739467917495,0.44703836552982334,-0.89449273729447831,0.0062803401067048764,-0.26720059322701217,-0.12683118275461289,0.9552579201766398,9.1811387286304615,10.550735508101608,0.26784863514326024,0.2042991402732322,0.2298659895888333,0.5,True,5
-0.36749261998654031,-0.85084222268415466,-0.37552188531870689,0.91254463055445512,-0.40780412607757599,0.030953061243401837,-0.17947554569261373,-0.33130545853033022,0.92629650849301304,-8.058211395446941,17.356761973553638,-3.948250350103236,0.3749695855309101,0.1923715067545421,0.2727272727272727,True,5
0.49748184109513022,-0.7289395535871408,-0.47027539271875618,0.86687147829855438,0.43795240527093821,0.23818381731318311,0.032336633916961524,-0.52616044884956958,0.84977027729459964,-3.1505579277905897,9.7585017589687055,-2.4728041260735769,,0.5849623844855508,0.2222222222222222,False,2
-0.50222471824108295,0.86243534930094867,-0.063052364458562438,-0.86392242775809203,-0.50358036055021493,-0.0066977074196769987,-0.037528272065591145,0.05110859755722072,0.99798774544154845,-7.4946104964977485,12.977229154431219,-3.6588253644159416,,0.1276280233319007,0.4761904761904762,False,4
-0.96649164346941474,0.14376189012076374,-0.21266504661720015,-0.1271546139224132,-0.98780220693416942,-0.08988049918768358,-0.22299239283444738,-0.059827409478353591,0.97298256603758215,15.307252026282486,-3.5447877939966963,2.7228634429822498,0.7211317781740376,0.5556841158944458,0.391304347826087,True,3
0.28638796550335993,0.95766958211777697,-0.029170270845666063,-0.94994776692310401,0.28778195119187877,0.121576266952082,0.12482457022820098,-0.0071077460955175642,0.99215336849339353,-2.1335701504195237,-22.458787533076499,0.37554564853872591,,0.3545315214103172,0.1538461538461539,False,5
-0.62857336415576748,-0.73188832405465276,-0.26312545864353942,0.741635304916058,-0.66593791994992557,0.080645900545733465,-0.23424901360724384,-0.14445126474087588,0.96138505903659377,13.294962103171008,6.9301591011264421,1.5159480661663014,0.3289107479308095,0.3321382705711753,0.6530612244897959,True,5
-0.28887824607488133,-0.81315903595429351,-0.50529371774304066,0.9419739517870046,-0.33568179128916659,0.0016760524065825844,-0.17098079745829203,-0.47548934503601636,0.86294579763606605,10.590242150451811,-10.177869676480745,2.156485507084783,,0.6624397142040817,0.3536585365853658,False,1
-0.9723545474360894,-0.0044568360689401162,-0.23346685137854761,0.034147308094909096,-0.99178357066983303,-0.12328548292182684,-0.23099912430619637,-0.12784946445586429,0.96451745396758881,-21.156741881821088,14.943083848249804,-6.5464039567718419,0.7674816653442411,0.4429740476241211,0.4188034188034188,True,4
0.11762868103188515,-0.91757781086812074,-0.37975578257765497,0.99022623025293144,0.079521208159023651,0.11457918821495586,-0.074936682057374887,-0.38952193578205241,0.91796359144948403,13.59149900085486,6.0153625271137345,1.6447611449835846,,0.4490780645850976,0.56,False,1
-0.22077087622682728,0.95292203111678908,-0.20784567068450555,-0.97416399676577847,-0.20504475633737546,0.094663378895275554,0.047589154387981329,0.22337468636978386,0.97357024496121358,-20.787032073132909,-21.023257913454241,-3.7819255738200548,,0.1819503373004525,0.4074074074074074,False,1
0.95788112306577522,-0.091839050065782718,-0.27208333825734882,0.18610634226967518,0.92010885006609,0.34462172507991834,0.21869655562274132,-0.38074307992801515,0.89844672832933037,-7.2538997056247139,17.907896051879753,-3.8281146646582487,,0.3451575751927611,0.2631578947368421,False,1
0.72904486954714098,-0.6163945295136346,-0.29757580911871317,0.67552468284461809,0.7180059112710041,0.16773167335829109,0.11027230411426964,-0.32330371999956831,0.93984824497350139,3.070324205996477,-17.825783806248978,1.0631472942130662,,0.1084588263980634,0.4444444444444444,False,1
-0.96949367506548989,-0.013856901637861997,-0.24472433529383156,0.025187026944026223,-0.99874766235289392,-0.043228701326196078,-0.24381884193337058,-0.048073830943946988,0.96862855579248852,-24.009711216028798,15.061027813223397,-7.2401625871180872,,0.2411076947802033,0.6,False,1
0.59040965551387503,0.80595661149560804,-0.043016032621615241,-0.77368048574251314,0.58033422879501606,0.25422566524668883,0.2298585318347246,-0.11681662242767624,0.96618783477508852,-3.5232158329610979,-21.619016901656003,-0.11966666146893447,,0.2930923312060777,0.2,False,2
-0.87197431454278107,-0.35721963932915324,-0.33474605905849752,0.41653675930534845,-0.90063191112673402,-0.12393259784093552,-0.2572118250101334,-0.24750008068231949,0.93412300428648054,-9.9217422049237172,9.1834897462125742,-3.9516632232869027,,0.1383811276984384,0.1851851851851852,False,5
0.84223585969954984,0.5079948715107212,-0.18049921649405298,-0.47288534075142619,0.85691294892254932,0.20513325540064997,0.25887875760395768,-0.087415150218178028,0.96194614213778373,-14.574953460795248,-23.092036420070777,-2.321244307835086,,0.0900503576531488,0.3636363636363636,False,3
0.025143168675921125,0.98331069773432167,-0.18018849239109819,-0.99383632854807968,0.044053670043197553,0.10172819773199372,0.10796838948048035,0.17652010048990951,0.97835754251501772,-3.2964075096953143,12.708144171755173,-2.6812715200733281,,0.1341974249473716,0.4074074074074074,False,5
0.6137032989990665,0.7878397756376494,-0.051737304924788508,-0.75351923360075501,0.60401440134692563,0.25956765507136276,0.23574780039566268,-0.12031247187525193,0.96433805468822698,16.245321505802146,-7.2271246637743181,3.3524020904699436,0.51635273172346,0.3236232065040114,0.3333333333333333,True,5
0.81085368735564356,0.55099529695679184,-0.19728274236043325,-0.53340918703100348,0.83447996993200479,0.13826720136461834,0.24081307458832019,-0.00688204284912039,0.97054711405142169,-6.6949348988471922,19.16945114748907,-3.7998991849338113,,0.3070522437457122,0.125,False,3
-0.89039074149903963,0.42869225161897073,-0.15305972969611481,-0.419184150829853,-0.90328594751776026,-0.091428358346834576,-0.17745133176689795,-0.017246750963565219,0.98397844205823704,6.5203085948303396,6.7210647318744936,-0.10277543220909262,,0.07768199916308616,0.1363636363636364,False,5
-0.76883633655576222,0.61359591826302085,-0.17997426672298561,-0.61098023421568259,-0.78795489925535644,-0.07635594369289031,-0.18866330058934527,0.051255495612105628,0.98070333596877968,-14.746042678291213,14.119526712522942,-5.1711763156512074,0.5250428231448839,0.390387958720481,0.7333333333333333,True,5
0.16944179324718706,0.96748996956857958,-0.18775685735910166,-0.97363933409058645,0.19384692585405058,0.12020738932600199,0.15269553304801142,0.16243930596109649,0.9748320604422388,2.8110935440963982,-20.705437378684248,1.3750665094020311,,0.09480371163324208,0.25,False,3
0.84541000042208836,0.48025050496828725,-0.23375496500401541,-0.45545494779711304,0.87680622419823051,0.15418052968636986,0.27900308549091762,-0.023880906284011891,0.95999321903938506,5.4449989872526254,8.9489622909777964,-0.46739110396411909,0.2366844746581946,0.2002236034573081,0.2058823529411765,True,4
0.15119589470985206,-0.92600594090124067,-0.34590865678455662,0.98797122128692128,0.13007475324411225,0.083626697156547733,-0.032444835208658519,-0.3543918113953709,0.93453398904704998,2.5691819755888861,9.1326101534966284,-1.1859054994711382,0.4954566416864776,0.2280633285011707,0.620253164556962,True,5
-0.81600302432079563,0.56266421708905368,-0.13246902697188295,-0.55568123471144337,-0.82668419612732946,-0.088383286105898434,-0.1592401635545537,0.0014895237069360301,0.98723875107809944,-11.485387661115503,9.6789217205086935,-4.3565858673825852,,0.3850631717720309,0.32,False,5
0.9648702371345993,-0.053780506785358978,-0.25716353276024911,0.13413798808207719,0.94247509167478671,0.30618246475899663,0.22590357599009869,-0.32992174627100856,0.91658017417592763,17.62279776030153,-13.843433316397761,4.5060511708975373,,0.5671129233409835,0.6521739130434783,False,1
-0.93638535881885676,-0.24455052683861286,-0.25174888204843449,0.2376390155367861,-0.96962082731350274,0.057992667938149792,-0.25828309678410383,-0.00552187131634925,0.966053492749122,16.081549022506085,-0.4052150178935599,2.7158815584192144,,0.7895131543336982,0.4769230769230769,False,3
0.12117171854564654,-0.89240675192057917,-0.43465803081417453,0.98870336403137804,0.069588360376957925,0.13275209246216144,-0.088221723955782233,-0.44583365645339962,0.89075769892584233,0.75439562262817272,13.885602392049012,-1.8246800663220899,,0.2483689978684242,0.1739130434782609,False,4
-0.55364376280158578,-0.75359273753616718,-0.35436784538618304,0.79380971630083075,-0.60619528382691334,0.048922511918351425,-0.25168376629670536,-0.25421499522796132,0.93382547512045955,-6.001414529464153,-28.953261027788578,0.27858676667743737,,0.2203782554819715,0.2121212121212121,False,5
0.60975160066436263,0.77697455277003857,-0.15656797193246663,-0.77078074556019582,0.62731056258044193,0.11125870909136687,0.18466192829307104,0.052839402180642814,0.98138064471247677,4.8375724084191498,-29.918230791005819,3.0270076273148807,0.3920883110330884,0.4525137131575298,0.8983050847457628,True,5
-0.29751413269971683,0.94569399567005119,-0.13095116417027353,-0.95434997771578434,-0.29078372756147836,0.068271105303306628,0.026485106717147572,0.14528485929052071,0.98903531220230767,-4.6831411091077353,19.009396784275086,-3.3541921943801571,,0.1838421855961616,0.6956521739130435,False,5
-0.84237440217438786,0.48840265644537961,-0.22774593682092389,-0.51322532756457084,-0.85596253991141114,0.062672908139368461,-0.16433237571331694,0.16967903655284947,0.97170154617913185,5.1203576143055152,7.4565393071445376,-0.46113603487165034,0.352737255561978,0.4061838362560684,0.725,True,5
0.69222304967524395,-0.56840587283904576,-0.44468192364923703,0.71514275328492471,0.62303155621859774,0.31686357061026837,0.096943756489837649,-0.53735132239337935,0.83776814477498762,3.102751188560338,13.440576604226804,-1.2784942858339625,,0.4232196132565905,0.3333333333333333,False,1
0.93508682292898726,-0.17079948873802248,-0.31054817376922988,0.28761091583389176,0.87770773698447535,0.38328721545439248,0.20710527438422177,-0.4477238692368567,0.86985673661690732,2.2989284656025126,-17.709145096911595,0.89418839251863591,0.4633274704632589,0.3210975305471182,0.2363636363636364,True,2
-0.91595736053581001,0.33949357117627127,-0.21393042983702423,-0.35608687957177648,-0.93344975804003472,0.043286064868909985,-0.18499796722425693,0.11582600893142339,0.97588938296197825,-14.675020515230432,9.3706321147080001,-4.9400944935530191,,0.09605853554987215,0.4186046511627907,False,4
0.24647485074232303,-0.89274473304336255,-0.37716970924888121,0.96829932084248405,0.21054981697084041,0.13440684442962775,-0.040577989200231757,-0.39834108022758785,0.91633935340330375,-19.048542971226411,-20.142463531239827,-3.523546284127125,,0.545411612187721,0.2982456140350877,False,1
-0.79832728822338672,0.5585373265811604,-0.22518791196123894,-0.58632902044599822,-0.80621553848357175,0.078960656598583687,-0.1374475196601555,0.19507065469519841,0.97111050813800648,0.88266290334082653,8.119880621041073,-1.4518393415690425,,0.08006461942203547,0.3518518518518519,False,3
0.96055246034301334,0.20666873450173595,-0.186083328400036,-0.11880293363040845,0.90994378369051165,0.39735144832226932,0.25144548890324803,-0.35956966599318052,0.89860159214624169,-10.031714068365124,-27.080941911132502,-0.87807193464160493,,0.2470451739863749,0.28,False,1
-0.41982349573144406,-0.86128956685909053,-0.28623157486816242,0.88406601579622002,-0.45942621135600559,0.085760340678327288,-0.20536677468866743,-0.21704340197007907,0.95431475390210085,-8.4361869057517289,11.233412189731411,-3.7502350507033473,,0.09190677938726395,0.3,False,5
-0.62553678720365202,0.75547541361972004,-0.19483487180442166,-0.77640441282348904,-0.62736074866848635,0.060122198715022626,-0.076810908099991859,0.18887930126466665,0.97899167205376425,13.573989625337264,4.37672614842658,1.746940638227793,0.1709911632394293,0.1399588133564686,0.2727272727272727,True,5
-0.91616758529294806,0.33920781320060783,-0.21348305581977789,-0.32782147939115547,-0.94065365588582084,-0.087771164504259341,-0.23058628170011153,-0.010428764658433259,0.97299599565435835,21.104483923320853,-4.03633220946592,4.3582420906030483,,0.2081664711188132,0.1578947368421053,False,2
-0.76882277427522661,-0.52647402804809396,-0.362955423635685,0.58852586673620311,-0.80454836015855724,-0.079619346572163033,-0.25009767279634088,-0.27482182219938828,0.92839868596679043,9.1837548808514899,6.3021646503815916,0.56725915950593464,,0.4167482295036912,0.3181818181818182,False,2
0.88339188180454198,-0.31477814445248231,-0.34717935269379452,0.42321433416879367,0.85402531826609929,0.30253988681585819,0.2012670129849764,-0.41419255852265119,0.88765765582715805,18.216465594163594,2.4995448270452414,3.0796763011999051,,0.3087850085797816,0.1538461538461539,False,5
-0.95107124104967988,0.20825622873062982,-0.22823855424339751,-0.20029216738666292,-0.97803062269282948,-0.057785368032299098,-0.23525845815139945,-0.0092436069783827859,0.97188888953329144,-17.250405688375491,11.671561792083343,-5.5027006144484831,,0.2352388859842258,0.3928571428571428,False,3
0.43312321852514635,0.89632097924334264,-0.094936714408461326,-0.87284113611425296,0.44337239151753971,0.2038854422139986,0.22483911732881026,-0.0054428492789141414,0.97438069906506708,11.586488283223447,1.2301868077767357,1.4385160088764348,,0.1970390476947304,0.5,False,5
-0.57894520732916055,-0.77262164201055761,-0.26053453745617883,0.78191306752056977,-0.61667434719563896,0.091239817795770312,-0.23115882364981899,-0.15089250414696653,0.96114361592900877,-10.389725906335537,11.860779419901311,-4.188490517730556,,0.1677267726659788,0.6842105263157895,True,5
0.72359329252512394,0.68532510341135011,-0.082111202931593796,-0.63863523294692093,0.70988170365747505,0.29700674411735761,0.26183541825254075,-0.16247298066627539,0.95133839631433681,4.1413955782959082,-23.218127900464442,2.0197241337840017,0.3961455800824142,0.2433061608270653,0.2941176470588235,True,5
-0.54084476308096374,0.83983534161230655,0.046513882087358543,-0.83985462592988547,-0.53616811857578006,-0.08466378167245206,-0.046164375356638823,-0.084854861981201152,0.99532331573518518,0.64893550816927514,17.799176419773268,-2.0711409713479529,,0.4702608557125512,0.2173913043478261,False,1
-0.93488086318618902,0.29967059390731787,-0.19025064203697567,-0.27772772304658272,-0.95130991291542844,-0.13370400682178701,-0.22105448084037269,-0.072159439687924598,0.97258826425385081,2.9463217880757502,16.152326001931499,-1.4618175494842369,,0.2571419967770325,0.3333333333333333,False,4
-0.31849279186297408,-0.9113185361232391,-0.26088477772672791,0.93133205826297494,-0.35210296412955328,0.092973651659124801,-0.17658691566188622,-0.21335891912310201,0.96088242404970803,-8.8472493873100166,8.5398714305035419,-3.7133211567523414,,0.08076349799968187,0.2935779816513762,False,5
-0.15093434023747762,-0.9051483428839372,-0.39739816596398614,0.97620087189184679,-0.19980369103960224,0.084322848413398405,-0.15572630688061387,-0.37521322261004308,0.91376383979883502,10.718424794278954,5.6059766964559898,0.96055414801755934,0.5245629019652914,0.3363747373740487,0.5,True,5
0.94632303260977857,0.26224828190396315,-0.18894061657211053,-0.20145281587679895,0.93567195431091832,0.28971495800405811,0.25276368593517984,-0.236101318408865,0.93827857617983346,8.4795049402278728,2.8256731381990736,0.62055436502882588,,0.6615482638502915,0.2340425531914894,False,3
0.94423574039175939,0.2460049715827225,-0.21886164699053184,-0.20638265957204655,0.96009078288652205,0.18876410263689514,0.25656395770800111,-0.13306856342851042,0.95732319152534784,14.217012801192652,0.94483865783906185,2.1365568086624962,,0.0907323369247806,0.3636363636363636,False,3
0.40287419949250958,-0.87084011163319253,-0.28165560415862123,0.91522667528930712,0.38574810697561185,0.11644110444174216,0.0072465317325214468,-0.30468983891068668,0.95242405988216683,3.3707708864262091,7.4257554681152582,-0.86067597955662201,,0.06658376290135051,0.1176470588235294,False,4
-0.84159237341196158,-0.38795947754966609,-0.37577881898027743,0.47239527093540162,-0.86601610941255447,-0.16388656514739444,-0.26184916462095198,-0.31544182033670315,0.91210277544253604,-11.128948601522406,-27.340417995484088,-1.0263231709916885,,0.3576183177803514,0.2439024390243902,False,2
0.95655016675321924,0.2280004696839531,-0.18173487367119801,-0.14998471399622115,0.91928926285300494,0.36388437280357566,0.25003272596174542,-0.32081620443343678,0.91354288291303742,23.919908289729872,-5.0057265868167171,5.2629558521671695,,0.4058794201667892,0.3571428571428572,False,3
-0.52088398386816037,-0.75778794334180732,-0.39298512475083502,0.81706636025994839,-0.57588778423506604,0.027492233455787378,-0.24714861577843322,-0.30677466142858245,0.91913376002853076,14.9718905219368,16.731583185991127,1.2409194697301178,,0.521665160102367,0.3846153846153846,False,3
-0.13604478873749806,-0.88331957935131933,-0.44859596096262161,0.97931462448251139,-0.18836315424154421,0.073906619452209887,-0.1497821141927401,-0.42926197462480264,0.89067360767520709,22.391712665668457,-3.8256769814416214,4.7131474823215012,,0.3595757380410129,0.2857142857142857,False,2
-0.96449580997502515,0.15713546164942835,-0.21226464433070485,-0.13754778377563273,-0.98500080257769751,-0.1041826573845326,-0.22545163498859666,-0.071287205117834013,0.9716427814106664,6.9719858998641744,2.9509284917611973,0.25615622801569488,,0.1568887885803958,0.1176470588235294,False,1
-0.27663053828005002,-0.9068987369175262,-0.31782106013964023,0.94612742635041347,-0.31494472162041548,0.075184542500312673,-0.16828083194003995,-0.27990088120767714,0.94516509579053598,4.2379952662559228,-16.524524527709612,1.2306966824730139,,0.5800341057467967,0.25,False,2
0.12210327470088203,-0.86871160072725262,-0.48003223336481837,0.98868920304116792,0.064021875529734804,0.13562764925882692,-0.087088748395766871,-0.49116326635401952,0.86670306085031767,-0.80589653706927944,12.912728454206226,-2.1529787138641643,,0.7402505860643152,0.375,False,2
-0.92149421509298557,0.34047782992313569,-0.18687765752222468,-0.33657920622842008,-0.9401503490401607,-0.053214275662738605,-0.19381137604590803,0.013862486447079866,0.98094086569206373,18.01713505801651,10.301178087759023,2.4192930824877674,,0.4569919183157652,0.3684210526315789,False,1
-0.75246322165355295,-0.58810879651517878,-0.29652511448479818,0.61498963872855794,-0.7885282163581806,0.0033160614443499964,-0.23576862453531036,-0.17986465875333377,0.95501929834756427,14.296740790015534,13.365006839067252,1.2967822134900955,0.589211400451929,0.2571365134186739,0.4347826086956522,True,4
-0.50742235187181328,-0.79175347920248895,-0.34007202912270229,0.84450797706745162,-0.53536899030225749,-0.013649941105455907,-0.17125663050030721,-0.29411982659027891,0.94030032123581997,13.204905619253596,10.166575417402903,1.3026149559295666,0.4932912260335028,0.2847976165708235,0.5306122448979592,True,4
0.63608459143716067,0.75563961812085678,-0.15622150960218567,-0.73478762036960055,0.65498228303668515,0.1763104133612951,0.23554945444173653,0.0026412940421004782,0.97185877475998694,7.4522023298563349,-19.176480056819585,2.3761771584608962,,0.4891494180245463,0.8444444444444444,False,1
-0.25691108720740702,-0.86809430115999697,-0.42474577992423285,0.95430472570226665,-0.29728739626707346,0.030375887197998684,-0.15264070155836415,-0.39753300279886294,0.90480292214022495,1.526953996489796,-32.795683148147965,2.5297686626161298,0.3784931195347491,0.3032993666973728,0.2,True,4
-0.41681320699872992,-0.84618911679599618,-0.3320101340131727,0.88702083180757629,-0.45845688980386501,0.054875533079517334,-0.1986474122933099,-0.27162705831227102,0.94167826075671568,-4.3407326958682315,11.162837232401387,-2.8084644838801482,,0.3659690959264301,0.5360824742268041,False,3
-0.95065731389624164,0.2349307777947211,-0.20262823391706603,-0.2370805063144778,-0.97138981779340117,-0.01395189639342613,-0.20010873309591651,0.034775731941533369,0.9791563426780614,7.1442786026265344,15.325135640585406,-0.49054398632403839,0.8035769982769707,0.5734431489408287,0.1333333333333333,True,5
-0.43682841494388736,0.87658534854894443,-0.20193826434565784,-0.89943558579454952,-0.42912617266934711,0.082863471666188265,-0.014020089301661834,0.21782758007076011,0.97588656228912696,-0.057050435809616579,15.769280140967709,-2.1065847029734397,,0.07052018584033096,0.2777777777777778,False,1
0.84421199961664461,-0.46732193883208495,-0.26251915204321397,0.51279252534377706,0.84673102752807117,0.14174058336555917,0.15604462712576467,-0.25427696023721502,0.95445969104918382,-1.6315403072678296,10.546381523558274,-2.2272214894871492,,0.7486443293059555,0.6160714285714286,False,1
-0.92063058595216396,0.36723227674828829,-0.13258875941664086,-0.3449625931798449,-0.92412377693953429,-0.1643047601308199,-0.18286643627525581,-0.10552582531910351,0.97745801274259858,14.865407359065232,-20.933897289561688,4.5908276845302911,,0.5734626397693816,0.24,False,3
-0.71634995818346081,0.69255657706961193,-0.084900677077251352,-0.68565311410049423,-0.72126027426859285,-0.098302715559070525,-0.12931567783856518,-0.012206732552803079,0.991528341070257,18.731159433239707,-0.58270711178036227,3.467680915208172,,0.2966465401803631,0.1578947368421053,False,4
0.040917997292308536,-0.88954076244849034,-0.45501972423197679,0.9946847259874747,-0.0068006050976527534,0.10274262823934036,-0.094488165316129191,-0.45680519230068228,0.88453434240979467,-6.8231081558530793,-22.359606458975101,-0.70554364612228371,,0.5986154446914232,0.3636363636363636,False,1
-0.1635010384608683,0.98653018861038855,-0.0050593855919883468,-0.98616192767809085,-0.1632931484141007,0.028635643510169929,0.02742376379071107,0.0096713308991699942,0.9995771118519019,-6.6170659596122654,16.253076675071281,-3.5806832510723563,,0.563491503170664,0.631578947368421,False,2
0.96773659487333352,-0.015516228936409096,-0.25148584370210514,0.10316497434940625,0.93500454404515465,0.33929852738024024,0.22987577299587955,-0.35429613214725653,0.90643884500557537,-5.9720527442253122,-23.784205955687188,-0.30811753649027945,,0.6971605355907009,0.5714285714285714,False,1
