axis_00,axis_01,axis_02,axis_10,axis_11,axis_12,axis_20,axis_21,axis_22,location_x,location_y,location_z,dbh,dbh_approximation,score,reconstructed,number_clusters
0.96536886070785144,-0.023881152990538345,-0.25979348203422448,0.074216862378950907,0.97979649903292398,0.18571666005355764,0.25010961619707534,-0.19856613763345279,0.94763741424190484,9.538651137054039,-11.364300829350171,1.6962529155280233,0.4909045388334999,0.3049326767004811,0.5486725663716814,True,6
0.62622747187878569,-0.69866809749193148,-0.34597983035331525,0.77154787333370989,0.61913631530873325,0.14623304079500504,0.11204031693338616,-0.35851514976766152,0.92677605427014409,0.79609060377364171,-6.4330843400764222,-0.65030041830063712,,0.2344244084578174,0.2903225806451613,False,5
-0.22650984101242691,-0.92315672466785936,-0.31060417515712135,0.96523595910727245,-0.25545442038180005,0.055340603119800241,-0.13043325945014814,-0.28727112769630941,0.94892700668771224,11.104065929451252,6.8880110633306106,0.11425508834849339,,0.07615765773728303,0.3243243243243243,False,4
0.37449422482681149,-0.88162636829365815,-0.28720902196954323,0.92673941445895169,0.36595475508192032,0.085036315308297347,0.030135249453853472,-0.29801352983089174,0.95408584665012564,2.5213730061777508,9.5396630738617461,-1.8632499250139476,,0.07443686595043268,0.2,False,5
-0.75065337221411788,-0.58246628050170535,-0.31185340604534556,0.61838258788563305,-0.78559126492053888,-0.021197629122532244,-0.23264240753448528,-0.20875678805504286,0.94989373808731981,0.11915302905462211,13.901564533684153,-2.8141221769962614,0.6637969608862623,0.2761232845058687,0.2807017543859649,True,6
0.81740458768902668,0.52700728913346062,-0.23262213399660414,-0.51584417098506552,0.84937502797157904,0.11165506311408485,0.25642646369995337,0.028729411036094388,0.96613668269860042,3.9343731101138562,-6.6538127644221161,0.020338211974945803,,0.1298591618453017,0.2926829268292683,False,5
0.58345511872870082,0.7869500784492014,-0.20072293954123091,-0.78255899095765236,0.61086082932639185,0.12021011964894363,0.21721314440111167,0.086940331397273821,0.97224473702659531,-12.252513642343507,-7.7359228052511684,-3.5204572290177958,,0.1604547645837648,0.1714285714285714,False,2
0.63103430558508977,-0.69807811342797521,-0.33835285240054214,0.76915337401964379,0.61979612282864083,0.15574290789882866,0.1009890707400662,-0.35852435576878744,0.9280417522458968,-14.55760774496447,12.765418530366743,-5.9208186623127528,0.6713851868174677,0.3737068623716136,0.7863247863247863,True,4
-0.94464643225471523,-0.19858898049460189,-0.26116189395574713,0.18843390625507098,-0.98002227241552675,0.063631820207836504,-0.26858105108494418,0.010897816094152163,0.9631954405012958,25.485924545743188,-8.2216776942416665,4.8694585879735088,,0.07142423075281103,0.5833333333333334,False,1
0.6305566224462541,0.76812975779982973,-0.11124307201596106,-0.75051025221945333,0.63996724757960533,0.1648523076540879,0.19781988576143186,-0.020459648280466536,0.9800248443736389,6.7733457495947862,-6.4259139030580439,0.56274075339437402,0.6063802149167714,0.5457377321731842,0.8095238095238095,True,5
0.16936511583295472,-0.86874356964707566,-0.46540312389985805,0.98497897557240421,0.13308448489446778,0.11002244116866064,-0.033643353269658789,-0.47704625569983355,0.87823402046581056,-7.151914126786429,-8.2045874150573663,-2.3387010606480554,,0.6341773585935282,0.2142857142857143,False,5
-0.47115112426204891,-0.83378138757266362,-0.28779370362120721,0.86152713464412733,-0.50498082242544384,0.052586740290707243,-0.18917614643101086,-0.22316578304015683,0.95624757197160326,3.0372138622833527,17.206072482921087,-2.6048084865256573,0.3174165556101022,0.287791916433102,0.6071428571428571,True,5
0.9666356470004962,0.12649436265396244,-0.22274357940174394,-0.07195157875415395,0.96863698809918619,0.237834723286829,0.24584242160928613,-0.21387276942824118,0.94542051079632139,11.661171581860099,10.68115243101597,-0.14159396277566225,,0.3176917663438121,0.3333333333333333,False,3
0.89237711782914086,-0.36990386497466476,-0.25852313291417311,0.42138754910966075,0.88803319006948533,0.18392821096929457,0.1615413663131133,-0.27307175615910401,0.94833338175869031,13.915434076659464,10.164221260843712,0.36377526601782489,0.7690992504260863,0.4674952739341416,0.9393939393939394,True,5
-0.76832820712142091,-0.53477410594443198,-0.35169364758681021,0.58696716916074532,-0.80780844438123922,-0.05399129109201381,-0.2552279539333478,-0.24791565662074461,0.9345568568756536,-11.898727651834443,-10.240988316554825,-3.2016929296888281,,0.722779474055901,0.7391304347826086,False,2
0.95016347877457685,0.20479465587997983,-0.2350500213273698,-0.14900640310673488,0.96060104863745832,0.23461184366909282,0.27383654875890762,-0.18789564731418942,0.94324374913603004,0.7462999180216815,8.2011467775505871,-2.0476632655820199,,0.1666475012928566,0.2,False,4
-0.1921578465918645,-0.91488765784834181,-0.35504356846724239,0.97363968277268975,-0.22303419723118315,0.047765206957975648,-0.12288665559560959,-0.33650604806187029,0.93362870001639786,-24.300705541694253,2.3316035031640907,-7.3713359163060055,,0.07923310714009542,0.2222222222222222,False,1
-0.85197636682714306,-0.43529526545850494,-0.29095412393954911,0.45378828073477034,-0.89109876989829762,0.0043793325429754837,-0.26117516466119467,-0.12830048384612716,0.95672698258648858,18.894434861838615,4.0373101728625285,2.2115986414707525,,0.1189581273025101,0.1666666666666667,False,6
-0.9343213910748206,0.25312428688269401,-0.25094149431718032,-0.26933808978079987,-0.96251627939746653,0.031928126911674952,-0.23345348910059507,0.097419234676658362,0.96747556100491361,5.6874375896715126,6.4591437189717089,-0.87346141341095673,0.4910991354864213,0.4146739657122695,0.9363395225464191,True,5
0.94518783024569764,-0.18583481020838324,-0.268487222918048,0.2224986878446992,0.96835812848768132,0.11303481277563818,0.23898598172867488,-0.16657718423196693,0.95662831979328944,5.5429861530034117,3.0810350721187474,-0.58444419676603665,,0.07748656905890515,0.2826086956521739,False,5
0.9158748613026173,0.37645346909112487,-0.13948485237891942,-0.2981695999725224,0.87050138062004878,0.39156383386469079,0.26882732020041683,-0.31703332939589585,0.90951731152629289,-13.093080624270602,17.62789489529041,-6.0750363610458331,,0.6662818148109836,0.32,False,1
0.84700943872264756,0.51152913927091637,-0.14461310587737425,-0.46363477177960066,0.84396493928831973,0.26975169999267912,0.26003424603621511,-0.1614345716654835,0.95200896527267997,-19.446371349693855,7.6988634736385837,-6.623569746949153,0.8292823714295497,0.2696601486927463,0.2758620689655172,True,4
-0.3852125370765116,-0.83874313088254371,-0.38486525132366278,0.90649692339319554,-0.4220296678817731,0.01242124415153556,-0.17284278740447584,-0.34409434727258953,0.9228891867484974,2.0598672020875206,7.3356698191763625,-1.6750447548483947,,0.07351348100326952,0.2608695652173913,False,5
0.42980811020375942,0.89898821414416441,-0.084173506716536284,-0.88542277884448761,0.43790724406579723,0.15576825189365096,0.17689401093982388,0.0075786822458874248,0.98420072773242617,17.493928641134744,7.7408188512044438,1.5101275862783547,0.8414966782038112,0.5028035760193925,0.3428571428571429,True,5
-0.28057394665181101,-0.91455738891551741,-0.29131262046168899,0.94870897901565432,-0.3103133486820146,0.060472297499167306,-0.14570358127136038,-0.25940394756014024,0.9547146476277163,9.9238193797785215,11.103906139151929,-0.56520900778108052,0.1910615966311121,0.1572462064945294,0.7222222222222222,True,5
0.68912895615134928,-0.6566143450773152,-0.30652713359903472,0.71255378886501164,0.69095586297376999,0.12184864954643249,0.1317891489003111,-0.30238650310630838,0.94403073200572785,17.543108903992398,8.9666670329387035,1.4107494501045956,0.2966091086387793,0.3390833835910678,0.5846153846153846,True,5
-0.42866567929168958,0.87845917737902735,-0.21108104859497925,-0.90223112474367462,-0.4284310405471054,0.04925282773087751,-0.047167074757263547,0.2115568887422157,0.97622689467385371,8.7362677800019028,12.890736941700156,-0.96248540164714769,0.4598473919745004,0.2379234316957829,0.8709677419354839,True,5
-0.96165022738103623,-0.076482719951776912,-0.26339938064995161,0.12807763267756081,-0.97442113991728418,-0.18466066741461498,-0.24253857463445247,-0.21131454192998006,0.94684803647850979,2.1026813892965626,-7.727624768224473,-0.22995239226459432,,0.3286071376601273,0.4095744680851064,False,5
-0.37906769209170288,0.92434959908964576,-0.043422384493265326,-0.92471860536088102,-0.38014295266165637,-0.019668158050633211,-0.034686967461814239,0.032697923550107866,0.99886318386644635,10.027174291112837,-5.6034339998661258,1.1266079790997636,,0.4870096668948656,0.3717948717948718,False,3
-0.016200485111084906,-0.89674876521641822,-0.44224336780215828,0.99689045272520183,-0.048599649115664931,0.062028214315557828,-0.077116597094970651,-0.43986330398052503,0.89474762042926281,-17.19633800289758,-11.243733289923757,-4.4071708877952389,,0.169363883787426,0.3636363636363636,False,1
0.94874745242943692,0.19656135990929935,-0.24747101506895711,-0.16816374149221508,0.97697665957242996,0.13129189882866235,0.26758031982190422,-0.082947202733444581,0.95995861056750986,13.432758339184,5.9498732733828126,0.73512485948095974,,0.08467708806340517,0.375,False,5
0.92145462522604382,0.30463946956231808,-0.24107295002617615,-0.27908055229695672,0.95076811379171522,0.13473692562387135,0.27025065953510519,-0.056875191267691722,0.96110862738771985,-17.217860506427378,6.1387263829248324,-5.9441762253091275,,0.1099777265133442,0.4747474747474748,True,4
-0.8257288706205379,-0.47966119861914441,-0.29681133193154147,0.49918483136690006,-0.86641995540311001,0.011443994602911178,-0.26265250114348737,-0.13871407793918222,0.95486756580404997,4.5658520998303356,1.6006083639467283,-0.65308734667409563,,0.09031603902965832,0.1842105263157895,False,5
0.85274371184020958,-0.44424370309223221,-0.27472840075223637,0.48469819112269247,0.8690351214042058,0.099225104123735627,0.19466850140526254,-0.21777394249284476,0.95638835445218162,-12.569209759856609,11.435705953697102,-5.3134623046981959,,0.0700534866223782,0.28,False,1
-0.52199005929823228,0.82767175838753371,-0.2061209314007604,-0.84976479360819335,-0.52549674640428379,0.041868425603755907,-0.073662565376541853,0.19700921269372387,0.97763039875811275,29.650364892191867,2.7712582007816051,4.8804126551596658,,0.1263748459473556,0.3125,False,2
-0.21604608811300999,-0.92595744469101193,-0.30972067808326559,0.96742442207731849,-0.2458809586121829,0.060270571262603032,-0.13196240138551607,-0.28661012685047671,0.94891546504803137,5.13935929485252,0.7799671563479762,-0.43242509504736754,0.2641253042573689,0.1801911512283012,0.282051282051282,True,5
0.46685716385165765,0.85716106116118507,-0.2175300066414228,-0.86390823395719329,0.4946225421432513,0.094926835535114634,0.18896283195737107,0.14360869065895182,0.97142657576672853,-2.0660083253272381,6.279705648673116,-2.398065739964983,,0.07323627580593148,0.4778761061946903,False,5
0.2214577167530471,0.97369963856050767,0.05353030503990247,-0.96643034858385912,0.21180933685004402,0.14542759765335539,0.13026458085991269,-0.083939375088706053,0.98791969323579631,-32.518765400103973,7.675849468704163,-9.9114726108074684,,0.5203274674872724,0.1538461538461539,False,1
-0.29594938903797569,0.9389810677420779,-0.17529550350764189,-0.95515524224809656,-0.29275544502959061,0.044415229499666933,-0.0096136535214592089,0.18057907915225158,0.98351348431960783,19.723929487200596,-4.6979198619831175,3.1913027228061743,0.5300480001720599,0.4245707946452115,0.9279279279279279,True,5
-0.2140737650065504,0.97559514454486973,-0.048852196228977102,-0.97600002984646572,-0.21158134153395547,0.051548789068116774,0.03995453510701532,0.058714988334887225,0.99747490458117094,6.7917294178919629,-4.9590980320744515,0.42529367151759084,,0.4542471498390232,0.3059701492537313,False,3
0.7150816925000546,0.68124714206742176,-0.15671791370557431,-0.66118008334306677,0.73191606076344606,0.16474154723983725,0.22693406628735385,-0.014184901180137294,0.97380681766806154,-10.527590537529747,12.867897140893083,-5.0263747191778325,,0.5480586674153457,0.5471698113207547,False,2
-0.80145264728878862,-0.52447198057829825,-0.28740702103822852,0.54194686310964479,-0.84012872160859742,0.021847853302303197,-0.25291748005902537,-0.13824931362064774,0.95755933265986781,-1.7240546059332669,10.258426445958255,-2.7681368985997392,,0.06926761160930596,0.1578947368421053,False,5
-0.58513705924091497,-0.75105218486384806,-0.30583531109754847,0.78953125233277288,-0.61370051621575328,-0.0034753397476184195,-0.18508112678697805,-0.24350008625821523,0.95207808739593636,-21.450597404071988,4.5892163766843428,-6.866793373156499,0.2051287202186666,0.1877397335010095,0.328125,True,5
0.51510738281725721,-0.78318274175916192,-0.34826595753498024,0.85343700306901848,0.50629955186523334,0.12371760413795088,0.079433405817241967,-0.36095090634553711,0.92919576906516732,-11.918952957843052,15.614699029980216,-5.6106931076474496,,0.4358044961594625,0.6785714285714286,False,2
-0.95120170602391174,0.2190920192036529,-0.21728783117897649,-0.17894527339911789,-0.96533840403675897,-0.19000093373421995,-0.25138397638933196,-0.14184658195750305,0.95743701808612891,-2.3044365231086008,12.678935260258632,-3.1700565537311975,,0.3768331595120962,0.2,False,3
-0.91520103869979108,-0.24415782764131611,-0.32061505573552962,0.30304992425702104,-0.94138565571971711,-0.14816811604718458,-0.2656460091374182,-0.23276598206488733,0.9355491411052288,-1.694846168327744,17.117552251520866,-3.5888458588053274,,0.3094821730088205,0.3076923076923077,False,5
-0.11885421873095066,-0.93782788569885667,-0.32611735847002687,0.9855755195563437,-0.15128351372923257,0.075856402003923906,-0.12047642898550381,-0.31239743161452183,0.94228088953323863,25.042433175540154,-10.886918213252331,5.3416375840919654,,0.1551191863154925,0.35,False,4
0.91064782128398625,-0.29201765342354707,-0.29231188083917148,0.34511088616368607,0.92658108399556671,0.1494856883882732,0.22719819946919528,-0.23700882867649808,0.9445675165319577,-11.31955069418048,6.8950852908580389,-4.6289469977474118,0.672813698039105,0.3564435821339271,0.8603351955307262,True,4
0.91795403161032563,0.30485497210515855,-0.25381852145403694,-0.29204831002545989,0.95237766884102959,0.087661625037414842,0.26845517402654639,-0.006342071876795155,0.9632713001344364,-0.36386226555456602,4.0610200844401358,-1.9023793887184257,,0.06938319137561237,0.2808988764044944,False,5
0.90998296715462246,-0.30168011604507017,-0.28446459721993833,0.35838900000469959,0.91727571907745098,0.17367377426248362,0.20853854359350513,-0.25998915895471042,0.94282411565568347,4.693706103824157,14.472107878586703,-1.9885065548186762,,0.08318890343905687,0.3846153846153846,False,5
0.76547265328706138,0.61785737601745472,-0.17973280159862731,-0.60024870214303183,0.78627859017716595,0.14651782896498911,0.23184717519364345,-0.0042710103995829418,0.97274284670970168,29.441413586754983,-1.0527953397682739,5.0832987136907297,0.3717573583931484,0.5367940817428358,0.7407407407407407,True,5
-0.92238411518847507,0.34572943933166705,-0.17227506734111048,-0.31328595511854629,-0.93047098599527278,-0.18993592221179229,-0.2259633916665113,-0.12122251853675935,0.96656383473941898,-23.643718000176168,5.9366445035513182,-7.4902125453004302,,0.2361375047669252,0.3428571428571429,False,1
0.9111821080373369,-0.23731107303750446,-0.33679462674814598,0.34876443043811317,0.87946981607231922,0.32387685110069131,0.21934114537362426,-0.41257277810285675,0.88412282218856753,-9.2035110955838562,-9.1944903462063028,-2.6803663511539946,,0.1152611093755671,0.1666666666666667,False,2
0.60424874841687881,-0.71344428947711314,-0.3547966965025639,0.78972662820806616,0.5954214471130892,0.1476656798882981,0.10590232639443851,-0.36941920108496207,0.92320861734171111,13.412263235053286,-4.1310270745936242,1.6773990701923955,0.6745709165475211,0.4732295312500982,0.9638009049773756,True,5
0.92950092903296988,0.2736606631057289,-0.24726072149732922,-0.25209751254573165,0.96076487064293792,0.11566204004216166,0.26921156567856019,-0.045174160833298158,0.96202101229542103,-3.8697122215675943,5.6648001197466265,-2.759677385460499,,0.07884285969364364,0.3088235294117647,False,5
0.089688352585072517,-0.93118390566056219,-0.35334477956992139,0.99472583972868001,0.066022942209684576,0.078495062762244619,-0.04976447715637923,-0.35852127543664314,0.93219418141964083,11.993626366691405,8.7147156658177263,0.20925451886379834,0.2127158565223438,0.1360828422394511,0.3846153846153846,True,6
0.8087893004695037,-0.52303208712925564,-0.26888157854205091,0.56184647268445664,0.82227381176821202,0.090522481253049625,0.1737481182001247,-0.22428378076309785,0.95890999426876644,3.3374276675626078,0.63887894136408252,-0.81117663698335574,0.289152081750107,0.225813007035795,0.8847926267281107,True,5
-0.73249991637922041,0.65138874946929404,-0.19782964785204366,-0.6652874445800816,-0.74656965126229591,0.0051353576504405418,-0.14434849700824509,0.13537522993118867,0.98022296368353767,1.6635461361178154,-15.335713478522639,0.44996552148770191,0.5757568812955607,0.270039011265781,0.36,True,8
0.95551186719065673,-0.15506051870298104,-0.25090497643009674,0.1961109994361239,0.96938555390158432,0.14775697542614913,0.22031238630179101,-0.1903887691710871,0.95666847393207699,5.8773667453354204,-9.5091135011600851,0.75161728486006485,0.107719695326478,0.1501731633021607,0.2727272727272727,True,6
-0.92165192673251328,-0.20580423473464873,-0.32894124538514813,0.27960678822634322,-0.94004625800901631,-0.19527692331915641,-0.26903116906409835,-0.27195155776081231,0.92393970598923414,-11.040428620614454,-8.3560589927905777,-3.1602945749267888,,0.2652332716704041,0.1153846153846154,False,1
-0.29089704376186942,0.95327023167953184,-0.081576806288654047,-0.95469580294005019,-0.29480431315708505,-0.040575125294103037,-0.062728253437010911,0.066077850582709485,0.9958407924377829,17.10876037585577,2.5465938850927956,1.9175788735783144,0.6669815631986789,0.3677698403190252,0.8214285714285714,True,5
-0.96521217786254931,0.038482994398386608,-0.25862039913349361,-0.022191599862269436,-0.99759781841259298,-0.065621075836864856,-0.26052444146641357,-0.057599061108392836,0.96374756215413804,-20.394300056820317,3.21202214860332,-6.476504577161502,0.1264716079974628,0.1266366699196468,0.4117647058823529,True,5
-0.45421129096548735,-0.81351245506622949,-0.36316606203165674,0.87405855257303067,-0.48579511349618448,-0.0049753770879762682,-0.17237676709291128,-0.31968827497320718,0.93171114462114868,8.3384982348003689,10.599213258770437,-0.81773793351597923,,0.1396903179102985,0.25,False,5
-0.96663785258809398,-0.016690034752567896,-0.25560263043215647,0.029951149646486548,-0.99839446349680927,-0.048077270032449992,-0.25438983977103591,-0.054128901696574486,0.96558576595887635,10.660253068839747,-13.369625003654226,2.2787401977365129,0.3970130340505513,0.1337087565763281,0.3571428571428572,True,4
-0.36846334508277573,-0.86724574628394879,-0.33484261808020632,0.91347542375027579,-0.40463516905989627,0.042813901528851478,-0.17261927335805893,-0.29009514906710326,0.94130090351229856,26.009852924410843,-1.2402990499871782,4.342768676935667,0.2131556171969292,0.1107052802524935,0.4736842105263158,True,5
0.43687929192057351,0.89538669939093962,-0.086134446331183334,-0.88354875219104734,0.44511472235020633,0.14565193595947837,0.16875451636215111,0.012471667927746261,0.98557920569910507,6.9471248926468681,19.582498310165036,-2.0809178926578333,,0.2773887818580648,0.4,False,4
-0.88067174732703979,-0.35579384944806369,-0.31277469551558623,0.39955624942525775,-0.91257803917540292,-0.086925979775889298,-0.25450358937578921,-0.20152433875268183,0.94584135238692868,1.8649853831752516,11.377640851157658,-2.1721241437023009,,0.2729126435250036,0.40625,False,4
0.77524643435874829,0.62344914596537937,-0.10150925282497275,-0.60780288668366289,0.78001984554061854,0.14881092534419132,0.17195527602563293,-0.053667522374590076,0.983641794602649,16.466100605390327,9.766980811326663,1.0610756896820468,,0.3145665099581785,0.1666666666666667,False,4
0.88090857047001858,-0.39283531994603255,-0.26397064585927926,0.42610920865207785,0.90102961085795363,0.081096132207788274,0.20598794327427708,-0.18391860090828593,0.96111545376482732,-1.4599051803320386,-8.1581180632614689,-1.0012017617468509,,0.06650311548428771,0.391304347826087,False,4
-0.81148579126599873,-0.5086313309618482,-0.28772379070451259,0.52472766272212212,-0.85092273771998894,0.024318190831094516,-0.25719970946246085,-0.13124276587719969,0.95740464060778818,-11.007867425563472,-9.5915299598082679,-3.0887740098568255,,0.07662056768264514,0.4347826086956522,False,1
-0.52871285469763796,0.8257016228593963,-0.19667116536196405,-0.843917373561477,-0.53618435248615148,0.017601328077862972,-0.090918556293929462,0.17528026174206035,0.98031150455610883,5.6165654356962245,14.888773527500582,-1.8226469383127362,,0.0846323020506595,0.1904761904761905,False,4
0.93103203267239665,-0.24699433101232637,-0.26865061806308821,0.28504874937973879,0.95186074937426557,0.11273120365590343,0.22787401039818656,-0.18153488438433879,0.95661827346994188,20.136347333255593,9.594688185255217,1.9549748436992185,,0.1145538769413147,0.2,True,5
0.865521929999572,0.44047365935530125,-0.2384423286750208,-0.42532281939966388,0.8977626756678786,0.11455425559783108,0.26452275514166546,0.0022657431015821322,0.96437678239392555,-14.696032729763932,13.649686423960432,-6.046255049849985,,0.06965692551377632,0.2352941176470588,False,1
-0.72164732045290114,0.68230582573695087,-0.11697822467692964,-0.68090716678932073,-0.73008287616669887,-0.057830996386901132,-0.12486222446396238,0.037917727959084019,0.99144927798064042,12.010616387832453,4.1296086692012661,0.59750351463146956,0.4089004015307896,0.2896367583732551,0.3541666666666667,True,7
0.6759565315567776,-0.62627963126359654,-0.38840261444802937,0.72648920557716479,0.65475679746006088,0.20858324563517844,0.12367781379694272,-0.42316351407485331,0.89757252561017598,0.87612207810192688,5.7148602367227292,-1.7353035838343822,0.3274998271369083,0.2722880924252212,0.5939597315436241,True,5
0.93349971375987573,-0.22867137080158839,-0.2762022602839303,0.27212099291860481,0.95338890192819825,0.13038315417697433,0.23351327504709923,-0.19687307041814137,0.95221454752640222,-7.1080150858950937,11.595832562200256,-4.1129134225802844,0.6172491237713624,0.4247044065270197,0.8663793103448276,True,5
-0.8821220243730703,0.40147577834207482,-0.24632891328583667,-0.42305268797051837,-0.90523976095234449,0.039590382567757251,-0.20709214692227079,0.1391336573068043,0.96837733765694711,-15.122591339879115,17.382302810279988,-6.5367681557149826,,0.2009026045938172,0.3529411764705883,False,1
0.62121701628354253,-0.73146907377035753,-0.28114482530771717,0.77588568895436216,0.62446516960956577,0.089691970768345564,0.10995824823807575,-0.27385442494513451,0.95546477568897437,-9.9915028053192696,7.3125215666808296,-4.3662387343271787,,0.07293272790527647,0.2363636363636364,False,2
0.96046312002790402,0.11431867046704144,-0.25385396717190101,-0.083899190409262095,0.98826889271731355,0.12761473870978093,0.26546472631017293,-0.10127110777484,0.95878706802664071,10.29919767584531,7.3397975596647633,-0.053111027692167419,,0.07848945618180492,0.2727272727272727,False,5
0.59301579850648756,-0.70235750426791055,-0.39373366495673817,0.79955981585968772,0.57139247405274207,0.18497227213371359,0.095059789522884339,-0.42450509631150313,0.90042160104110458,-23.54734162996774,12.714598396860353,-8.0353182831898788,,0.4462154319649592,0.6271186440677966,False,2
0.30853498094686632,-0.85624093798366385,-0.41431584769710589,0.9511668324075313,0.2820076120097994,0.12551240455171314,0.0093713638249326575,-0.43280845981725574,0.90143719395789013,-0.79669084698705994,9.6019153770729062,-2.5723204978251326,,0.1305317059397507,0.25,False,5
0.96653059098836802,0.010720752674039508,-0.25632729496832268,0.021534030299204334,0.99221055068122321,0.12269681599754723,0.25564604871334978,-0.12410998581486135,0.95877098892190393,-4.0735079194512398,13.00728444241013,-3.5219319689893998,0.8187073109265677,0.469676397726683,0.8225806451612904,True,4
0.50023997379404439,-0.74494142775895844,-0.44138672139856744,0.86260644380117857,0.47306642529198956,0.17921573696007123,0.075300011495462241,-0.47039390564706651,0.87923801203023555,9.5276760670948129,-6.8281594194701318,1.1619092812549832,,0.3409237810639737,0.2653061224489796,False,2
0.95321725892403697,-0.086884385848678219,-0.28953058695937894,0.1616467985187271,0.95586410843690939,0.24534489750299884,0.25543525562848707,-0.28066868314403903,0.92519074816180447,-0.50985945375383313,15.344945630673688,-3.1557004432884788,0.7883870146750697,0.5462956650877597,0.3786407766990291,True,5
0.076232323880611727,0.99700067138553738,0.01335267960182962,-0.99274271247529877,0.074643971347066573,0.094287774227227061,0.09300827717438781,-0.020443551509605751,0.99545543425043714,-22.049715254941244,7.1710890686827762,-7.2072835473195234,,0.5306233095051229,0.32,False,1
0.95375546774539988,0.15465788173446346,-0.25774298703003073,-0.13105861011472228,0.98564183718848764,0.10646036585744367,0.27050720593091621,-0.067757718387739835,0.96033053848054695,9.7105783677707684,0.29108030744153235,0.4633714743225853,0.2653451931412392,0.2368223830431282,0.7716049382716049,True,5
-0.42339885518854531,-0.78125832204741663,-0.45865983436168023,0.88917197085560773,-0.45533299973485508,-0.045222401497623382,-0.17351258072480782,-0.42697458189465243,0.88746047277955054,15.849007517356911,4.2522753856849151,1.4684658159044879,,0.3942651470353287,0.2121212121212121,False,4
0.63049826708843992,-0.72247948410730811,-0.28371698969661979,0.76776464566611846,0.63421065790898856,0.091182730052501632,0.11405868692762372,-0.27531842735037843,0.95456292589732439,10.051848767342793,-7.7523839296369434,1.4002025991045393,,0.06509827498149973,0.3478260869565217,False,1
-0.96469914773239229,0.090538934990110814,-0.24730195230780605,-0.063375261909985242,-0.99126181901496524,-0.11568743380758165,-0.25561520013926536,-0.095930742799163679,0.9620073607014471,19.227282049263557,15.93937629006038,0.93755583520949648,,0.5728096161460943,0.1176470588235294,False,1
-0.73303315891299781,0.65235353068214019,-0.19260648727542445,-0.65646842586817922,-0.75264376362625696,-0.050759934127803982,-0.17807749372727399,0.08923136265377743,0.97996233098357599,8.31424374026167,-7.856159361610997,1.0534103663654122,0.5310854166182236,0.2968292095787212,0.231404958677686,True,5
0.8762382824529904,-0.36359952093450426,-0.31623070809146953,0.43264226787531251,0.88258796709888476,0.18400855518144904,0.21219599527686583,-0.29805011106935853,0.93066588573988429,27.972969750312391,5.9162471113076798,4.0708213966696132,0.3434299767919305,0.3207710802916889,0.8064516129032258,True,5
-0.96283724741134047,-0.046529848877253518,-0.26604399666373346,0.040779376029669946,-0.99880056180410537,0.027101295733482654,-0.26698591252720338,0.015245028804920485,0.96357984184433476,20.298587176192999,4.3885456904487068,2.4828071806922147,,0.08675238331920432,0.2777777777777778,False,5
0.74875913463530797,-0.56376537713220332,-0.34860917636684258,0.64667421177840212,0.73675844059325768,0.19748281959545788,0.14550677689017089,-0.37330362945138179,0.91622714329878818,6.4806735576044927,2.032542056577642,-0.26897805448626583,0.7495993907760634,0.5480531235509337,0.7256637168141593,True,5
0.96063665366690942,-0.034851923066251865,-0.27561306770584676,0.1204094269747527,0.94630335419767897,0.30001921893411276,0.25035732369406599,-0.32139587006184045,0.91325018761560539,-14.327885497313682,-8.6960301410084391,-3.9122124303906416,,0.3702537639640273,0.1764705882352941,False,1
0.97256802539450871,0.010285486500962875,-0.23239114601822716,0.039359960216487203,0.97734087926788238,0.20797980489374357,0.22926454045923245,-0.21142141442938464,0.95012565274741201,-23.153968643936583,3.1310226414967532,-7.1719117921511213,,0.5375261607854188,0.6339285714285714,False,3
-0.009550718712530111,0.98986091042353697,-0.14171860071126818,-0.99734652539873625,0.00079928665937848906,0.072796081047702535,0.072171268848078757,0.14203780889721543,0.9872267058768901,15.598053029301825,8.6156163840731494,0.99976104285109124,,0.2567881386071414,0.2083333333333333,False,5
0.62211954760082222,0.76056051906794897,-0.18578203715117386,-0.7548928075335718,0.64563961096428846,0.11526639531087804,0.20761531163916969,0.068536045909975057,0.97580668822466865,16.863132658655005,-9.0827429119056227,3.0943925458286325,0.294941411600249,0.1240216839220311,0.4117647058823529,True,5
-0.91851754562040511,0.34464994033341184,-0.19375741796288054,-0.33909141093037415,-0.93869247446766135,-0.062237074248609942,-0.20332863404035081,0.0085356315498313212,0.97907334228510701,4.8940195197943375,15.759476187207101,-2.0958946629869533,,0.2003688878798542,0.4285714285714285,False,3
-0.26464963591984425,-0.86408636747034739,-0.42815338344966264,0.95722143061512532,-0.28924786109655415,-0.0079251260053989359,-0.11699445704231767,-0.41193497594034012,0.90367132997478949,10.1049018582105,-9.220140883308849,1.6147024399948682,,0.3463282154801112,0.5555555555555556,False,3
0.21364251319399472,-0.92726299744741869,-0.30747391778975458,0.97676518544236246,0.19729952933406808,0.083681946872077348,-0.01693071362641755,-0.31820783976731654,0.94786978095449193,8.526616711302939,-19.434852952131653,2.3387623334989396,0.1411761652633405,0.1661307672463851,0.5217391304347826,True,5
0.94576804027279937,0.20390921371761619,-0.25287120547743941,-0.18606589554727754,0.9781411129830403,0.092840969439630855,0.26627485144628188,-0.040755314418667067,0.9630351539969334,3.2289119070277383,9.1525995604291257,-1.7125543705620212,0.4076262869482566,0.3665826224429226,0.9009009009009009,True,5
0.75532099465439773,-0.58770176027965093,-0.28999454477367864,0.63740249699167395,0.76165578856179927,0.11661267760876221,0.15234254777662309,-0.27292325059346911,0.94989717728942835,6.5911962214613444,-10.704174968610637,1.010533380547662,0.2864584549576908,0.1342054772406489,0.4666666666666667,True,6
0.86047853871844437,-0.38523923241484537,-0.33341778328906074,0.47787990649218687,0.83718164365261349,0.26600317761659753,0.17665638787201898,-0.38822368467100116,0.90447492573563459,14.471464723218826,0.76279723534515609,1.4118299949324911,,0.2471392736582367,0.4347826086956522,False,4
-0.20052393133070084,0.96857635711392209,-0.14713936728015081,-0.97931022153324476,-0.19399787389351997,0.057587454582572833,0.02723312255666481,0.15564274915561188,0.98743794320002498,-19.776406124902152,5.1722462446884236,-6.4609510316797243,0.2562179597858125,0.1231681120131656,0.1276595744680851,True,4
0.8368450425762719,0.52217519781977395,-0.16438806981468546,-0.49429648733458142,0.84979840697565667,0.1830673376392693,0.23528994310044754,-0.071942548491947977,0.96925895012234575,16.684642963869173,16.606012517330548,0.33593424975384861,0.3732646086380983,0.4037665924741267,0.5,True,6
-0.017434777271145813,0.99815175573743609,-0.058215986290539978,-0.99763466156803393,-0.013494628281517786,0.067401610111177096,0.066491432376968751,0.059253417840817252,0.99602606486710055,4.3936093170795267,-5.2027730693261995,-0.020368734095357454,,0.4354143342290085,0.2417582417582418,False,2
0.95250241065724994,-0.067388811440493246,-0.29698132228267393,0.18273152366519496,0.90661083768743667,0.38034981168219462,0.24361516363133906,-0.41655196204113859,0.87586306861777985,-6.0561298572697186,-4.5999661628229038,-2.3215291536592337,,0.6793916868347867,0.2997311827956989,False,1
0.88940211862154206,-0.3410543533375941,-0.30437772497505144,0.40947720788341346,0.890391413539251,0.19882541819289271,0.20320503836154369,-0.30147148914126243,0.93156999394540041,23.230573121871682,-8.6194772546901817,4.4335161987463581,,0.539694745343909,0.2258064516129032,False,3
-0.53830325794589273,0.83466696250400785,-0.11645026487377155,-0.83837557678365771,-0.54443387589376502,-0.026798265465567864,-0.085767095890604578,0.083203464372743813,0.99283492524128425,-16.526770634806596,10.230300538558199,-6.1372132942119197,,0.2476725183172072,0.3611111111111111,False,2
-0.80796266647834458,-0.50085130623929885,-0.31039377992413486,0.54111892622984958,-0.8391819575056445,-0.054442169986603173,-0.23320942788201948,-0.2119471897322153,0.9490478130798039,3.4073000014245891,12.083938040987173,-1.9136488261645077,,0.1546904230192784,0.2222222222222222,False,5
-0.27181534147579361,-0.84392036352680933,-0.46250928656966084,0.95151765719398729,-0.30758738340769587,0.0020370607436656779,-0.14398113830104259,-0.43953204842557964,0.88661209681593611,2.2811660504593796,8.6839070369013776,-1.7846710184702201,,0.1056701533138625,0.425,True,5
-0.5082879666837623,-0.80271246455811451,-0.31192313503093128,0.83805211575514904,-0.54443779426672445,0.035442057675907628,-0.19827252508304044,-0.24339307183447534,0.94944605869958365,-21.054304674489043,6.2903662661119339,-6.929883485330655,,0.0741545533994118,0.40625,False,1
-0.26953572460977687,0.94204924749253982,-0.19973409438006023,-0.96298730381517039,-0.26419875676337906,0.053427236644565765,-0.0024384113418523257,0.20674194596991,0.97839246824917026,-26.218130385056796,12.087580136812001,-8.6749206160519137,,0.1162942834616363,0.3529411764705883,False,1
-0.93230559669382185,-0.19538479408752712,-0.30435350599714067,0.20840322603369674,-0.97798605628860935,-0.010553155158562991,-0.29559155900012579,-0.073267018121576766,0.95250069517215952,20.373631907411166,6.5832003515274957,2.2583272512045283,,0.1890187428307327,0.2142857142857143,False,4
-0.075146491032471674,0.99684929861482008,-0.025386625152794967,-0.99714196074237227,-0.075319096217043746,-0.0059113341899988681,-0.007804807003687575,0.024869853159790983,0.99966022997388782,20.083440773539611,7.9083632154376318,2.1302615172299482,,0.2258472192612764,0.6666666666666666,False,2
0.76483990630765397,0.6039368525700225,-0.22423245935215386,-0.59360918502382642,0.79591713125154384,0.11892878388204865,0.25029593119874938,0.042144967530291011,0.96725164695503274,2.3542583649529458,14.144179623687961,-2.3952221093795782,,0.07203026383092542,0.4615384615384616,False,4
0.42172737412166572,-0.79621466443408861,-0.43380667359615072,0.90621699018641877,0.38609876764085149,0.17233255154985994,0.030278517366508911,-0.46580033250989467,0.88437167617453605,-0.6599104263063944,-12.517805299558511,-0.38918711479650914,,0.5567534744134646,0.2835820895522388,False,2
-0.42720154468860744,-0.75315751646027917,-0.50025253184272045,0.88607773148900859,-0.45882939212163398,-0.065892660324077659,-0.17990301269006059,-0.47141207486091841,0.86336872870191661,-3.4376979703793009,9.9306816868087662,-3.1342004898738436,,0.3289582111719105,0.1521739130434783,False,1
0.069320856088477781,-0.96196347112643321,-0.26423644549823744,0.99613232666722973,0.052411739731844618,0.070522317792393596,-0.053990801806331042,-0.26810313268715064,0.96187613732935706,18.775937085116535,7.4673349789921453,1.7975656267414315,,0.08185363750935853,0.3571428571428572,False,1
-0.61297904692424376,-0.72452524877318425,-0.31515052264275317,0.76629478789642314,-0.64234225422281988,-0.01373777575598803,-0.19248113173664855,-0.24991917159374005,0.94894226462692477,-4.6165785180222754,17.739657886846171,-4.2201867208954562,0.533732387093523,0.2166250508263968,0.3529411764705883,True,4
0.95909602007112738,-0.086675908247084169,-0.26948489978710816,0.1348718238105184,0.97689211355938066,0.16580527617513302,0.24888635042072751,-0.19536910041004613,0.94862347597939056,-17.283784707126962,9.6480685369547281,-6.2324480010726182,,0.09053693984377878,0.4285714285714285,False,1
-0.53566824567374838,0.83874178727714421,-0.09783529451046924,-0.83932983003061246,-0.54156096418330568,-0.047298609848824696,-0.092655096986574981,0.056779717751940156,0.99407801336435275,-6.9566135107938543,8.3772785926399997,-3.8021158359814513,0.5852211265921551,0.2908162584348321,0.2173913043478261,True,4
-0.60256547916208536,-0.74477880733061763,-0.28673920463262204,0.7675584412387686,-0.63922726002396191,0.047355562771126236,-0.21856093567991072,-0.19155426957768582,0.95683754065216375,-9.9382478599848287,-10.51898483921596,-2.7672504890771279,,0.2803645139405299,0.125,False,1
-0.96459409786550965,-0.029891499035494921,-0.26203954787099271,0.03979692047140141,-0.99867666240293473,-0.032574976480842802,-0.26071906620731872,-0.041849997098512635,0.9645072038397835,28.438188139788849,-1.3896686762779782,4.8916145216950184,,0.3115213186543874,0.1666666666666667,False,3
-0.79701721570598538,0.58095511533620015,-0.16509001130589673,-0.5682082706682211,-0.81393118036060041,-0.12105946795285993,-0.20470202493504622,-0.0026809702539157265,0.97882066456833106,6.3665630000073019,16.958005838918446,-1.9014877100026242,,0.5452896615816407,0.2666666666666667,False,4
0.90563952389899172,0.37697457464281164,-0.194183477219042,-0.32707514750017652,0.91243862217679417,0.24592195641676762,0.26988682931878072,-0.15920405407207472,0.94963949398035818,-8.6448766712911311,7.4815385414703135,-4.1187589204971342,,0.2262670424666678,0.3214285714285715,False,4
-0.61990117841951742,-0.71205790451213535,-0.32969086977937478,0.75809493037741726,-0.65191134214476332,-0.017426374237702671,-0.20252062988780384,-0.26073960689699671,0.94392809676640443,-3.0635665314712401,-15.235610592598876,-0.70769327930621462,,0.248950789910804,0.6041666666666666,True,4
-0.97641445789749115,-0.010312158306064481,-0.21565821523841761,0.013648616852718285,-0.99980901439696912,-0.013987494006063278,-0.21547278637163608,-0.016601027728204903,0.97636872349108517,15.170860800798943,-11.037956870169337,2.9810171364015021,,0.1752127569025898,0.2307692307692308,False,3
0.85351993423022798,0.5046005383204708,-0.12993082235681302,-0.47429553089822335,0.85562412755499795,0.20724647576188188,0.21574862975601769,-0.11526338999196055,0.96962202929077546,11.437345062659364,18.164529163426725,-0.96979697304696966,,0.3851053386111675,0.2258064516129032,False,2
0.8283129316590605,0.50792703687835994,-0.23644832935409141,-0.4986087542110017,0.86076329726583933,0.10235163068653386,0.25551320410210637,0.033116027660467839,0.9662382373107915,5.8964221438268432,18.399327852323346,-2.1354127204481763,0.2456456154212502,0.1113700698421129,0.32,True,4
-0.96302890883017767,-0.090477056195413658,-0.25375031637333778,0.083786378807112205,-0.99579379843125992,0.037074974473816358,-0.25603742594345108,0.014443452082344974,0.96655896002685548,9.6710785907926873,-8.4162648069175727,1.4499794119126013,,0.09761995522146155,0.4285714285714285,False,4
-0.81948975060143547,0.51451992047713735,-0.25240007942034309,-0.52488424516431387,-0.85064940129752065,-0.029868465820264395,-0.23007189710497827,0.10800392356006376,0.96716186580021157,12.852461792049079,-14.814151483826301,2.9561758386045649,,0.1784287470480194,0.2222222222222222,False,3
-0.9482757705063164,-0.15747396886057113,-0.27563565118096267,0.1604159129359678,-0.98697669535756083,0.011989065768010468,-0.27393392989473486,-0.032847404043083069,0.96118741674038677,-9.3735574549649829,6.5622633246031912,-4.2126439055456597,0.419530622255134,0.3361069577168294,0.81,True,3
0.96289516074308346,-0.024292437534537425,-0.26878018322819464,0.074541943071219099,0.9811361875983966,0.17836838315141829,0.25937696146866718,-0.19178545008293679,0.94654209256417476,11.036448666452605,9.5648968890588346,-0.11882787043111878,0.7611742616714547,0.3854572769980974,0.3043478260869565,True,4
0.95083733121293423,0.22846324358588799,-0.20907633989067087,-0.16623753701993479,0.94613183135011392,0.27784823013945081,0.26129188823499661,-0.22943213383546462,0.93759663240985192,-4.3353980923710811,22.247547439506086,-4.6667789365789121,,0.1866213378547927,0.5909090909090909,False,4
