axis_00,axis_01,axis_02,axis_10,axis_11,axis_12,axis_20,axis_21,axis_22,location_x,location_y,location_z,dbh,dbh_approximation,score,reconstructed,number_clusters
0.25090729715051002,0.96800382859005474,-0.0037571360931180631,-0.96537978965808013,0.25050936014049524,0.072711224729896357,0.071325941678659299,-0.014616713618190447,0.99734595889623812,-4.137539475083468,5.6982192757120211,-2.7185455899467503,0.8442979509150823,0.4668995205364152,0.32,True,3
-0.75812713598408943,0.61067390190588833,-0.2287370350765274,-0.62529201338152685,-0.78031627331705866,-0.010789420644988099,-0.18507604838508795,0.13484768862541024,0.97342845509392495,-1.9069746273539772,-12.827266113553465,-1.0360472127919229,0.4680532553667154,0.4132389053906327,0.6324786324786325,True,5
-0.67476677467457846,0.70035036602495926,-0.23280714036294387,-0.72038387431702733,-0.69357397643090735,0.0014875623710038921,-0.16042715923201795,0.1687142674065352,0.97252178513091403,-7.3708667944568154,12.79210225008649,-3.874857318188353,0.2052229053988389,0.1151234163302889,0.1071428571428571,True,4
0.1125717241771739,0.99354528900173555,0.013977325146019903,-0.991447073780656,0.11137695647262097,0.068028475351662038,0.06603261926922252,-0.0215158608787831,0.99758546547305516,-15.15883306246719,-8.5265532261774002,-4.7329924669122079,,0.3322984766267967,0.3,False,3
0.81250718486764228,0.57886243683180516,-0.068922810183592392,-0.53245522932598921,0.78505469405120909,0.3165131215472281,0.23732573248989952,-0.22047087465991191,0.94608091098215596,-15.712236142294936,-5.6488157438330466,-5.038197455082746,,0.404742177166092,0.2727272727272727,False,1
-0.93837226328999623,0.23813509189476142,-0.25049785128077301,-0.2492167099211916,-0.96836043406896433,0.013003892718105484,-0.23947552481217649,0.074630742579991124,0.96802981631656992,-12.808341230675657,-5.0162864253689197,-4.3660937719524959,0.2130894193869384,0.08986229281471095,0.5434782608695652,True,4
0.19700894245176778,-0.92006329556653133,-0.33863108059552061,0.98000824214351501,0.19459436907064681,0.041435212763710837,0.027772683068316512,-0.3400243574764179,0.94000644380660281,13.351815430134689,9.2187250025398662,1.5660386110418427,0.681923465064468,0.6111450904072921,0.8245614035087719,True,5
0.81541186123265119,-0.43903987695023,-0.37728965399097802,0.53956972165042594,0.81251682230066624,0.22063755110250527,0.20968550746102327,-0.38348454978780533,0.89942847855449759,-12.04698511463938,19.521032514971306,-5.5376386929300283,,0.4276083362028469,0.3571428571428572,False,3
-0.95988634468034684,-0.078171109765789587,-0.26927213538386607,0.1040067936397642,-0.991104332590385,-0.08303486495046937,-0.26038585248238377,-0.10771016441614073,0.95947784148904136,-18.577141433729803,15.714564177184535,-7.0649484114577019,,0.1083934707555868,0.5238095238095238,False,1
-0.93958070503011826,-0.21550485049595949,-0.2659807477014447,0.22461296738787614,-0.97444012955931647,-0.0039304943244885052,-0.25833527365870562,-0.063435741637787313,0.9639703278973607,1.9305805299376244,1.018917935381624,-0.97697276298332769,,0.08469945432000499,0.1578947368421053,False,5
-0.95138996253081198,0.24532139417883117,-0.18621104358703996,-0.18376271959392004,-0.93734209232578791,-0.29600855535230741,-0.24716068069793443,-0.24740092059745508,0.9368587846652584,-23.312187571578395,8.7704811672337399,-7.9982194112489902,,0.1284174326960464,0.375,False,1
0.45691220677348632,0.86665826127737722,-0.20033645065503722,-0.8768236919930853,0.47672767832064816,0.062537459835058137,0.14970453720913018,0.14708561752489541,0.97772919188102503,2.5786465618661762,-8.6928116300834919,-0.19665110205296721,0.1238582099251965,0.1358934780578451,0.2972972972972973,True,5
-0.81616503242461969,0.54332907657578589,-0.19664219891626489,-0.54716476340377362,-0.83610737671913116,-0.039181325719607203,-0.18570234661040902,0.07561725426883309,0.97969212986541387,10.878644746179248,-0.047492691813304046,1.328974650761154,0.6145733774134979,0.4771081505986199,0.2142857142857143,True,5
0.51767692253185427,-0.69428080081466581,-0.49998477326624197,0.8490887016769969,0.48872637114848483,0.20048668491574612,0.10516168771192658,-0.52831875204669798,0.8425083475392986,-1.0664681210960092,-9.0410228343122085,-1.08004204096135,,0.4093076287635685,0.1914893617021277,False,2
-0.47463120695808203,-0.73403977488227401,-0.48570652278129506,0.86266909958502236,-0.49748634789129237,-0.091155681572529429,-0.17472046818470532,-0.4622693398361678,0.86935597740209547,-13.255957138773219,19.598440600256662,-5.8854636085876013,,0.2197948604140647,0.2380952380952381,False,3
0.68202905409648829,-0.68175395362448299,-0.2646656685058259,0.71520859225428712,0.6973452406242121,0.046757726039661572,0.15268607969913342,-0.2211812878526247,0.96320600027718062,0.44705300554781557,0.98983955299151227,-1.325769237674173,0.3682231296596527,0.3315127288879696,0.9443996776792909,True,5
-0.67593841274478494,0.72119361139049465,-0.15161476532844032,-0.71064997142420316,-0.69234419501305544,-0.12504452705538294,-0.19515091670510024,0.023222629507905351,0.98049825557616299,-14.027753265837966,-0.65734053935320469,-4.9167733664824338,,0.2501386692166485,0.1555555555555556,False,2
-0.49165374849595656,-0.8031742938815184,-0.33643371596467542,0.85905962237072253,-0.51057219940622278,-0.036504717582316257,-0.14245405154697161,-0.30696430222652493,0.94099934131562302,10.004274261424136,-13.609561167090007,2.0315040797659849,,0.1591982146268352,0.4,False,4
0.72666459702382624,-0.59179777113907817,-0.34890394309468475,0.66925332815543392,0.72447577083952053,0.16502981615258838,0.15510817575187641,-0.3534264499741086,0.92251352200042214,10.235925098826796,3.9549791828026923,0.92204820120020115,,0.3340356951238097,0.5454545454545454,False,3
-0.60766226157197367,-0.70391961651078638,-0.367755012681733,0.76965101701352456,-0.63617391991265138,-0.054037539109572562,-0.19591806417806795,-0.31587959274742416,0.92835133167052653,-17.832460812705897,-16.921787204555347,-4.9170929601812512,,0.2827661571893372,0.7435897435897436,True,5
-0.79534439903892395,0.5644719219049773,-0.22090436007085501,-0.56872723375479239,-0.82099191177615383,-0.050215678664713853,-0.20970603353989289,0.08569556685755142,0.97400187336469146,-1.8778301544807938,3.4078012276132887,-1.9924451946806359,0.9673456173850863,0.302283011545573,0.273109243697479,True,5
0.75242309642473426,-0.56378915751790637,-0.34058959149079215,0.62922035259287579,0.76813365633886577,0.11854296217988863,0.19478509144570638,-0.30350036551005177,0.9327091166519994,-13.311411648521043,-8.791810781539958,-4.2564858862837882,0.2270278293106378,0.1379616414703916,0.1081081081081081,True,6
-0.41817411180282715,-0.80668081320659524,-0.41760804329210777,0.89638458612815974,-0.44088952800418268,-0.045946684843377369,-0.14705470400420492,-0.39355112717485047,0.90746483366003783,9.755277564427427,5.1039105313897002,0.74949022174916058,,0.07343178209652011,0.2608695652173913,False,2
-0.54653298118761473,-0.71012919732915791,-0.44386734907495062,0.81848357464258337,-0.56508810151206068,-0.10373078409900027,-0.17716189916140773,-0.41999042921254848,0.89006836864107364,-9.6648275220928905,24.799393131841079,-5.1977404704272576,,0.3471663335092972,0.1428571428571428,False,1
0.32172932354756323,0.9451125945921689,-0.057030043949524434,-0.93994133589201712,0.32606147298139904,0.10096633557146317,0.11401985551278511,0.021121064851413296,0.99325393186656197,-0.17688941506078859,10.691916532325225,-1.9989253975319787,,0.4080900389180762,0.125,False,4
-0.41927031262952019,-0.84068249350431468,-0.34273218416558454,0.89602584565868892,-0.44394381826662921,-0.0071812348852639749,-0.14611669603154728,-0.31010777374682813,0.93940570564725134,0.92477815715819633,3.3295289937477159,-1.3120254931448574,0.7674742064520661,0.779337815563456,0.84,True,1
-0.8604225790412291,-0.31223620443029282,-0.40271769034772242,0.35853888604416623,-0.93252269227545659,-0.043026684575298992,-0.3621088961490011,-0.1814110829974242,0.91431240082121445,-16.88837152039002,-5.4797582461208787,-5.3758648018219644,,0.2018041312354563,0.4210526315789473,False,2
0.81631772022782445,-0.50870383262848207,-0.27357958679539524,0.55625010050241142,0.81995999098539296,0.13509788626877137,0.15559950299760913,-0.26246147117686836,0.95231442854477921,5.7405127615602982,-7.6628574572263544,0.49638659536415136,,0.2121596773786437,0.2619047619047619,False,7
0.39424754851867116,-0.86957002544603057,-0.29734969536356998,0.91630102569740313,0.39674200979689639,0.054664503731454331,0.070436501850282246,-0.29401317743956518,0.95320247098871169,9.5731445660386481,9.7896405996171332,0.50369300535845773,,0.6278060417986304,0.8793103448275862,False,1
-0.90822427133828298,0.33611791349586645,-0.24930587874984037,-0.35078610827971651,-0.93632651848306148,0.015548537659842706,-0.22820556345106011,0.10157459826439789,0.9682999647823034,9.2942011804569642,-4.2322078552536997,1.1737727828352862,0.5919618343328877,0.486081269052376,0.9770992366412213,True,5
-0.91347999289430426,-0.25500176912782463,-0.31706213953025225,0.31701514030230254,-0.93452796581609077,-0.16173707653704578,-0.25506019564199522,-0.24825708217353729,0.93451202119060395,-13.428141070923868,16.515322454624762,-5.7328528467173605,,0.2101532418681538,0.2142857142857143,False,4
-0.74081314787188823,-0.60143980801819241,-0.29910873820599732,0.63397625792429035,-0.7731978470333134,-0.015465889284558672,-0.22196843092759252,-0.20108517268582643,0.95409368984259313,-20.579321122015109,10.682332921407051,-7.3299020456464987,,0.07990800813837173,0.5,False,2
0.89583209862877733,0.40974851785233124,-0.17202035688888684,-0.36667186677233971,0.90023124864354986,0.234809371796281,0.25107089274555461,-0.14727474693067483,0.95669930267166881,10.060237188653611,-8.6096408228152992,1.6209152882674751,0.9497168361770938,0.4980633849385119,0.4347826086956522,True,2
0.94461605994147058,0.22641056068019424,-0.23756842659143879,-0.20195886173275984,0.97164204212588667,0.12298113733839069,0.25867569941581248,-0.068190908381661822,0.9635542966256877,-9.5441867134136107,-8.5106626398829235,-3.2673853425195101,0.5788969117681416,0.2561872052743822,0.6887966804979253,True,5
0.95800350764983555,-0.11651016923648908,-0.26202034233070282,0.13914073320896539,0.98783226341783281,0.069478598955901819,0.25073718450338695,-0.10301844405390811,0.9625580836978247,6.2021672356317437,-16.492079450063564,1.2364073576975321,0.5728901679381345,0.4464730012551624,0.8205128205128205,True,5
-0.77937020686033776,-0.50471144311984661,-0.37127946326501221,0.57652794480967784,-0.80970456168985239,-0.10951735767526773,-0.24535201142848362,-0.29940755161238886,0.92203986276379135,-6.8803947669599292,4.6607166492507774,-3.3631861540710473,,0.2989776342961217,0.2727272727272727,False,4
0.95188683836028676,-0.15115295881501251,-0.26657875008696108,0.17784780513742646,0.98089192574921524,0.078874509239662854,0.24956282808996078,-0.12249005282660635,0.96058033593983061,3.5079810312957216,2.4726910073916866,-0.68536131316902882,0.2767866183531765,0.2352126029651833,0.5769230769230769,True,5
0.71679471149252794,-0.55021098942085223,-0.42833772737977616,0.66777488184679634,0.7184858620436364,0.19456303147800383,0.20070388324803765,-0.42549492730694244,0.88242394464634666,-2.7726490073871579,-15.012629433973107,-1.1669825335393567,,0.3712648306570348,0.2592592592592592,False,4
-0.93509906967600787,0.25500869049627523,-0.24609001942874312,-0.21539935936343133,-0.96040119445837258,-0.1767276482861527,-0.28141223476758714,-0.11225022696772449,0.9529989720187565,6.0160576746156353,-4.3134248435904912,0.40691160196180826,0.5068707298885805,0.5710588252851402,0.3775100401606425,True,3
0.015354532519480225,0.96964817852230922,-0.24402181914631554,-0.99903427937722744,0.024925713426233252,0.036183109863830935,0.041167304506525434,0.24323058750609919,0.96909449195685016,6.6664998430817919,0.2885407703079137,0.16073723426547215,0.6627696127535279,0.5671062989983774,0.9736070381231672,True,5
0.26101856884782093,-0.8637990204297652,-0.43095308215769124,0.96445929803398633,0.25235070329404707,0.078341464007191469,0.041080033500784929,-0.4360852839199898,0.8989672163076895,-11.997657628943582,0.03979123536455631,-4.4143683542813346,0.2755659123440756,0.1546483406667695,0.3787878787878788,True,2
-0.03536735906568228,0.99887761079352611,-0.031506643238141868,-0.9991979515956223,-0.034751173648202849,0.0198949605977062,0.018777737878427514,0.032185005600262079,0.99930551983599081,-2.6685556147318485,4.3414037010083373,-2.2618986913845092,0.7523580781509979,0.3100427534256445,0.4810810810810811,True,5
0.83339443991789186,0.5344353680663082,-0.14082806848697915,-0.50155471504225568,0.83837360807235362,0.21347730817729901,0.23215635966482873,-0.10727781992366117,0.96674448228040133,-15.278136321422146,7.4807428190149832,-5.7021445157351351,,0.07646166845434677,0.3181818181818182,False,5
0.87648480317468802,-0.37584402639633463,-0.30085820185931594,0.42951868373651053,0.89275100824305009,0.13604902646573452,0.21745824915391207,-0.24846912303787388,0.94391472325189751,-3.0536813226219324,8.3464500491208984,-2.5744034897291281,,0.0708707147649546,0.25,False,5
0.77105898754258129,0.58683199136381325,-0.24717655965279484,-0.59317440829662915,0.80310347952110528,0.056293183628554434,0.23154299616216895,0.10321344434266119,0.96733387505822976,-9.6201175693183121,1.3102053501132362,-3.8659119129241919,0.1593078431873837,0.1141992014560535,0.6591304347826087,True,4
-0.70997638076698333,-0.62762557425559551,-0.31940519296553277,0.6731271172429385,-0.73810263311253699,-0.045873598338810655,-0.20696237045711113,-0.24756946809466068,0.94650722959843259,-8.6098449234079641,15.94085333253464,-4.4121972437033259,,0.134943156743138,0.25,False,2
-0.90928394085021136,0.33687096865037419,-0.24437811970891968,-0.34563782271810811,-0.93833856790905013,-0.0074315194325980383,-0.23181287802577766,0.077708959939958563,0.96965153902134071,3.1433557629701574,3.6332190283557937,-0.76896638164855879,,0.07895840735054245,0.391304347826087,False,5
-0.22524362502094805,0.95446793181937883,-0.19559211772425977,-0.97402881343888581,-0.22535394807569295,0.02198792117355149,-0.023090690294120461,0.19546499741676526,0.98043880727284827,-8.2954598938454165,16.860412518760494,-4.3774104783030774,,0.07938619172183146,0.5,False,1
0.079957125681897348,-0.94360271378324534,-0.32127990381221255,0.99666454297398033,0.070399900843932162,0.041275207323911781,-0.016329324271281399,-0.32350853543926744,0.94608434120155693,13.991410975433309,-11.263431671550634,2.8007298030694638,0.1515322554723571,0.1259638873863141,0.3333333333333333,True,5
-0.40710069396296628,-0.86658146550345538,-0.28862707534248078,0.90247734559819215,-0.4303150123674776,0.019069106251157441,-0.14072549753655769,-0.25271635043475182,0.95725168088963275,-8.6971120621043951,-11.689196004526332,-2.8438181274546608,0.4736474597295631,0.3445473090453836,0.9377777777777778,True,5
-0.78979158086176682,-0.51659629527650464,-0.33069249538878343,0.56806061067732327,-0.81941015772516712,-0.076642912351514547,-0.23137934522505804,-0.24838530778491297,0.94062125081236392,-5.3656486307634461,20.027620621809245,-3.7914887916010795,,0.2419802225364297,0.5135135135135135,False,2
-0.75475750995968771,-0.5891606924911148,-0.28849745160545459,0.62021520793529961,-0.78414433886972623,-0.021230912941574309,-0.21371522408388355,-0.1949546979222346,0.95724525005498229,5.0336095045100029,2.0013427649913162,-0.30898937504979901,,0.07281673335078906,0.2571428571428571,False,5
0.7112128154441677,-0.62691359198882068,-0.31804980636317587,0.68249135097157099,0.72420169019312197,0.098678608474301932,0.16846924644272404,-0.28724773297817152,0.94292462737056615,-14.497519558563914,6.1320317150565211,-5.4464245036889034,0.4755300627713649,0.3920246940621081,0.8946360153256705,True,5
-0.041208398307181877,0.99605712065619911,-0.078562588418640694,-0.99899769581429831,-0.039699095272827084,0.020678142862447093,0.017477747757575067,0.079335957954757674,0.99669470456540599,-6.8858720323766534,-15.197834983345222,-2.1712713032140885,,0.395834723358251,0.1923076923076923,False,5
0.56563621352081939,-0.76755701204739002,-0.30151601484948176,0.81505397589525519,0.57597257242041411,0.062790223735447598,0.12546987818264049,-0.28126825109900661,0.95139133935123654,-21.107541806330925,6.3119125024743648,-7.2376438801774707,0.284350698822434,0.1260900977021397,0.4857142857142857,True,5
0.85750715168760683,-0.35665345698284961,-0.37078268086143029,0.46911488644151539,0.83793712861981817,0.27891323346040264,0.21121720603106825,-0.4131097676194011,0.88584852642755596,3.9938335484847349,6.9619521817725243,-0.8036917340875257,,0.4331836465393525,0.2982456140350877,False,1
-0.52576396593813524,-0.72753533689813776,-0.44075456399850854,0.8314949674185067,-0.54885049134645836,-0.085902603606911113,-0.1794111793581942,-0.41164969538827956,0.89350778228733807,-6.0883687068267536,-16.420134313519196,-1.8880994461766758,,0.1985879103718614,0.1538461538461539,False,3
-0.53408918098159797,-0.80158952752325008,-0.26870611478613143,0.82728460133794246,-0.56102018408041643,0.029266729292771895,-0.17420945768679288,-0.20666538756992553,0.96277748334339697,-13.446938683648598,-5.8249867470345391,-4.419534229197736,,0.07016577296195531,0.2258064516129032,False,3
-0.45206334679893295,-0.84467297347441972,-0.28664664373201904,0.87870092527354071,-0.4769654011585151,0.019715223080685029,-0.15337344752065807,-0.24296414134513791,0.95783349890053904,-5.7316012338097728,15.604385226216692,-3.6579439409827286,,0.09161504159657037,0.5294117647058824,True,4
0.5404985713401832,0.8167999536526882,-0.20174025402032963,-0.82691935654714022,0.55994571587619968,0.051625313941455149,0.1551311449931459,0.13891951261380264,0.97807755156135701,2.3856766689824855,14.644428694935918,-1.4729300267064036,0.2011033097057962,0.2231534581018898,0.6458333333333334,True,5
0.83728115160082206,0.51488003948806349,-0.1840076577503563,-0.48785380821248225,0.85544710417235081,0.17380711658536294,0.24689863301885742,-0.055756586157240662,0.96743592455185889,11.943327438977542,-0.65660837366791081,1.6421645663295406,,0.1757865591178667,0.1666666666666667,False,4
-0.9402730963766972,-0.14527507511564353,-0.30786629692176998,0.22024774965235019,-0.94919433781996332,-0.22476885421160581,-0.25957163366449537,-0.27915096560941094,0.92449840746000178,-14.094769365013841,-15.862919809719838,-4.0578139708518997,,0.5817127939150525,0.2272727272727273,False,1
0.9220864040802923,-0.26322086758474589,-0.28367488129584145,0.30186878169247527,0.94791374013458363,0.10166011953350035,0.24214025284899821,-0.17937200487255123,0.95351653463284236,0.69708770122754138,17.219981847603449,-2.0560218519555287,,0.1135358393236111,0.3333333333333333,True,5
-0.83409342387383589,0.49971675211399824,-0.23360506823923771,-0.51192122913463278,-0.85897812657270622,-0.0096557356493702992,-0.2054867767320043,0.11153360805730647,0.97228362058712625,7.6362853998344722,15.799277067387466,-0.22913663335032078,,0.09630849400551833,0.2727272727272727,False,2
-0.51689883159219963,0.82464369790958425,-0.2297354334808287,-0.8494901517578467,-0.52727437666272814,0.018660487168366015,-0.10574535434262997,0.20480357226605356,0.97307420930883481,-1.1672648631264007,-6.6709680681325123,-1.258636128915916,,0.07790237408895345,0.1904761904761905,False,1
0.018991774455390568,0.97935449246204376,-0.20125628088943759,-0.99871218782874049,0.028054046380317988,0.042272170088860729,0.047045492721047966,0.20019427708129817,0.9786260639480896,-3.1240288468028661,16.498455266791446,-3.0094279397590213,0.2459135961478717,0.2097428894333901,0.3125,True,5
0.34813927960215107,-0.8922154606551207,-0.28766406408529199,0.93568501847076291,0.34950482813604944,0.048372733217788538,0.057381078827991032,-0.28600340361184906,0.95650899886774421,-23.232697486795573,12.02018685239304,-8.2092525245033769,,0.08812831926289783,0.3157894736842105,False,1
-0.071535431950597791,-0.95570119120726449,-0.28551342367856958,0.99564280449275722,-0.085585168566078174,0.037021409796413815,-0.059817119936013421,-0.28162104333045318,0.95765938627260816,-1.9706932010400355,5.2087669095320166,-2.120334819017009,0.3111813321480058,0.183166833861395,0.2364864864864865,True,6
-0.60440146440358355,-0.68993267910747724,-0.39836135370588416,0.76274748568133877,-0.64550157489103133,-0.039293636889396556,-0.23003291702189349,-0.3275982526094714,0.91638651341757604,1.6559264029499432,13.677056472575501,-1.6510386302261371,,0.204729897886995,0.2272727272727273,False,5
-0.7742960312530327,-0.56352585311025061,-0.28793101406789667,0.59432314361619221,-0.80383761708178847,-0.02500172646917586,-0.21736066099450943,-0.1904828030049871,0.95732473320780442,-14.960522345067787,-14.437322055023431,-4.31319011676079,,0.1448960872073884,0.40625,True,5
0.95665491884716003,0.17016322044414739,-0.23633841129534916,-0.12993522343957864,0.97568056622786481,0.17653404882622226,0.26063039722035469,-0.13817348187459405,0.95549980897507802,-15.127340727754223,-10.052486768446379,-4.6537875643703117,,0.08754332908626822,0.3076923076923077,False,3
-0.86340623414549211,0.46366839247918579,-0.19884993501247877,-0.46260575078212957,-0.88487644729822557,-0.054677164887845131,-0.20130969718819178,0.044780518449858933,0.97850350586257984,12.640865193119962,-6.598725182051318,2.203140079908164,0.570810993547878,0.2357736330505718,0.7777777777777778,True,5
0.57390103930032477,-0.71289459239065145,-0.40301227925483019,0.80971256298171557,0.56758284176940099,0.14904792208733059,0.12248739706429894,-0.41186286294000451,0.90297609032093129,-4.2313750425691357,17.696063901461947,-3.3256958440599962,,0.08327902718826186,0.4285714285714285,False,1
-0.65707846525042646,-0.69684849286448247,-0.28748924935837789,0.72594718719004991,-0.68770696829755507,0.007733509283612057,-0.20309744438322846,-0.20362048950801759,0.95775264256357795,5.4249011662526172,10.892959393292122,-0.60162856243866292,,0.07236030711423598,0.25,False,5
0.21185695270166705,-0.85010426568874808,-0.4821196625836357,0.97693715048182339,0.19766935125256957,0.080750427762606686,0.026653997831831935,-0.48810814891085696,0.87237606533329304,-31.268573001993619,9.8280241110935531,-10.323185277002606,,0.4914547958433369,0.125,False,3
-0.84520383015755107,0.51445554755473655,-0.1447963227335618,-0.49271516703054125,-0.85502001688025919,-0.16177927837688902,-0.20703200154824208,-0.065393121383196223,0.97614624417178952,-6.6546671009916256,18.430076714107134,-4.044881575397941,,0.3472613479902718,0.2432432432432433,False,1
0.91029960467254289,0.33582195643073903,-0.24202942654157328,-0.32563067952476521,0.94191705187820907,0.082200534872363271,0.25557638835630253,0.0039850922315379234,0.96678065183093842,-16.341073948997241,14.8929019921407,-6.4601911776946404,,0.08350290450441608,0.5294117647058824,False,1
0.61981536916728086,-0.68231448099967629,-0.38765430110108334,0.77250633138454872,0.61741609705473743,0.14842954917562798,0.13806837478152845,-0.39146431780666407,0.90977624269341628,-17.586871093372082,6.3956369448353474,-6.2780699867993981,0.6720093795955083,0.5072133169390358,0.2549019607843137,True,5
0.66851283181326981,0.71363225027668775,-0.20933132843899754,-0.71465997969157247,0.69432367999293221,0.084709744588887873,0.20579530395090539,0.092971171693727678,0.9741686989970737,-11.923570848337265,1.3739225550253742,-4.4954576947393452,,0.06451864296868665,0.1619718309859155,False,1
0.47864882038855044,0.86280987154782696,-0.16264818566548084,-0.86236950388280886,0.49679311696264838,0.097547105090080216,0.16496710433770823,0.093572028396094797,0.98185036028321204,0.54829652442213694,-9.189997777971266,-0.73362848784770718,0.3018492854307614,0.1824448634805501,0.3898305084745763,True,5
0.84455501994696169,0.47444880071567974,-0.24824414148543503,-0.47519987899520844,0.87776645206944137,0.060919049765768632,0.24680334942080256,0.066516096705069486,0.96678007612579353,-15.280681878227224,10.253927424478659,-5.8388324162954408,0.1958801926571543,0.1013189141131284,0.3283582089552239,True,5
-0.66845217419841241,-0.6661110640118818,-0.33085909570446392,0.70242412167198776,-0.71162940555240561,0.01356253834899504,-0.24448321844812498,-0.22333750145036094,0.94358270243956788,-15.363755647045798,-7.0082382316602549,-4.8383440546820822,0.3855182856291754,0.2143879787881368,0.8852459016393442,True,3
0.0038161840347882372,-0.94566628148465937,-0.32511647267154942,0.99936633851608159,-0.0078990058055315917,0.034706298394458747,-0.03538867305189132,-0.32504290450686946,0.94503690512559635,-9.8685181917002254,11.402204958769849,-4.4695401677931743,,0.09038014750246633,0.3214285714285715,False,5
-0.85347277101778107,-0.35493780331317393,-0.38158011597887204,0.46398604032273555,-0.85091837509502422,-0.24628210107775433,-0.23727870430542142,-0.38724291433783919,0.89092184942242703,-15.171454523230226,21.632514836564347,-6.4871614272567744,,0.5270904217589234,0.125,False,2
0.76242719919463597,-0.56050067177975249,-0.32333227933917752,0.6243409484846788,0.76850316491882853,0.1400045197663069,0.17000925261136016,-0.30861283583835086,0.9358712366465467,10.760949129808909,18.001259301231268,0.44767717597362766,0.2723137180094745,0.3292022635754089,0.6590909090909091,True,5
0.60540514363104436,-0.68769024459133354,-0.40070779822582253,0.78492095276040652,0.59925580555639824,0.15745341350586187,0.13184729797295949,-0.40984705318065184,0.90257502902327502,-11.531800002038764,23.962499751415482,-5.6304728919741596,,0.5241898989786009,0.4418604651162791,False,1
-0.80206477976497581,-0.52817182196355883,-0.27879493457423959,0.54840774005880877,-0.83618637670526064,0.0064260451380999464,-0.23651858215402405,-0.14773919553125237,0.96032915732035729,-23.539098560732636,9.6038275591465734,-8.0689637033343367,0.223826032035066,0.2174629235197723,0.8571428571428571,True,4
0.19038261766459016,0.98151729744289506,0.019448745758401886,-0.9777504567257399,0.18780001921300141,0.093462276647877096,0.088082366361187825,-0.036809612929135205,0.9954328451142358,-0.39813007333272316,-4.1177588810135175,-1.2019910199833572,,0.5635094885145613,0.3422222222222222,False,1
-0.2743678264848724,0.94498874307409431,-0.1780970837863789,-0.96102859223562076,-0.27597492288949071,0.016182918209098198,-0.033857653427102515,0.17559646180770561,0.98387984119252447,-17.004477008163139,9.934486636635711,-6.2533996741797493,0.6894640460149991,0.4183073173815141,0.5967741935483871,True,4
0.82722850990282604,-0.47331987615901588,-0.30275615144331158,0.53202725640692461,0.83311790007655451,0.1512004067856772,0.18066541131072139,-0.28615181181472105,0.94099795416944554,24.494178049919888,-9.6000303427516975,5.4747062717859558,0.3643867340603364,0.2656990107887206,0.7090909090909091,True,5
-0.77095507608715386,-0.54122510187482908,-0.3357136573868163,0.60151403370192535,-0.79199332277379175,-0.10453441510511186,-0.20930632554963705,-0.28252781417465767,0.93614576658905013,0.76728806581117859,-11.422574774368657,-0.4296400050410365,0.9647879303266482,0.5728710945315124,0.4242424242424243,True,4
-0.046578633548149194,-0.92142565846846769,-0.38575275347395493,0.99765013221095056,-0.062335607853598526,0.028433882833602105,-0.050245841581765462,-0.38352187409517202,0.92216393742884284,12.845223457179641,-10.697970551578324,2.4776128681388485,,0.09518204666759655,0.3333333333333333,False,3
0.52087877183663334,-0.7762372083674185,-0.35516348544848581,0.84577399827206889,0.52561357148050736,0.091633603674544623,0.1155493353370689,-0.34811804006897129,0.93030219890189403,-12.185830767468811,-12.635603590307879,-3.7150462553742996,,0.1149600554463232,0.1904761904761905,False,3
-0.36007248717614987,0.9130475667570902,-0.19155141559836636,-0.92752754960385619,-0.37241533411952099,-0.031614294844443711,-0.1002020394235934,0.16628577735814368,0.98097328788492,-14.497555830847748,-2.6152001460787662,-4.9244728723348432,,0.08057413970275586,0.2916666666666667,False,2
-0.38926255806412424,0.92099583389188078,-0.015534955525342453,-0.92073631101943509,-0.38953323418808228,-0.022550056170557095,-0.026819889255865592,0.0055257050928141371,0.9996250097529229,-14.521209553763057,-11.535916366210452,-4.3589147138413669,0.8199463709849636,0.535855502598683,0.1739130434782609,True,3
0.8968576572100454,-0.3305848656189817,-0.29387070171656693,0.38054064751012939,0.9153433560137324,0.13166379986195004,0.22546653475910583,-0.22991343419903945,0.94673367663695362,13.895988379756854,6.8413376742707221,1.811325055482029,,0.2028315534908493,0.3636363636363636,False,6
-0.94959116690350742,-0.14020408030809367,-0.28039156835360923,0.17466328045451043,-0.97934931757962862,-0.1018216706658493,-0.26032547743104995,-0.14566307020407501,0.9544699658863125,2.6164099511865895,8.4996655617715575,-1.1892895401780337,,0.7183495199785362,0.6388888888888888,False,1
0.71793420520176532,0.69246092062568054,-0.071192347956396729,-0.66143317721405415,0.71046943502764726,0.24029010377461965,0.21697149370788626,-0.12542350376915337,0.96808693598273399,-13.471835758155706,0.79338689888823777,-4.7949231408965955,0.4568185152782403,0.257621907395016,0.1605839416058394,True,1
-0.47719087842008889,-0.80137996415149637,-0.36066468999502693,0.86895022464299942,-0.49154767361278962,-0.057501231801881186,-0.13120355424127517,-0.34083872670575349,0.93092136603048059,7.312540435259689,11.457545865018092,-0.10074055472800642,,0.2821666634290611,0.75,False,3
-0.08510192626138964,-0.94584986688523143,-0.31325020584157814,0.9945279122134344,-0.099757412173509641,0.031027254871024992,-0.060596154787148158,-0.308895594059926,0.94916364131554143,8.1816111592851968,2.3601395181327613,0.47405342707670145,,0.1054475142482569,0.25,False,1
0.80944475858277354,-0.49878494321355732,-0.30985926357997412,0.55381808666197152,0.82386465448799806,0.12055105960315825,0.19515304171072545,-0.26918508782772488,0.94310904926325023,-20.296909061733807,15.061353869749937,-7.5497186976194355,,0.1603499991857193,0.4545454545454545,False,1
0.39201529093958848,-0.81787044376843765,-0.42120297824157049,0.91660964648285581,0.38627630170296118,0.10304064594739602,0.078426829874243487,-0.42647222178320365,0.90109415512651858,11.937524030213149,5.9227972569659153,1.2593907259838524,,0.2367972988284265,0.3428571428571429,False,5
-0.36785728162202347,-0.79222021288661326,-0.48689645167278101,0.92027751287282022,-0.38522510621864425,-0.068490268209802307,-0.13330536245129715,-0.47327449945324923,0.87077030754901452,-25.315581971568871,11.051905333325402,-8.685245346399121,,0.1342149314943454,0.1538461538461539,False,1
-0.37990109038338482,-0.83226015948081178,-0.40375510952369364,0.91471624155176012,-0.40298087488091461,-0.030010196960955422,-0.13772929596472225,-0.3807222628389193,0.91437475884446606,4.7274373815315656,-11.273848011840737,0.57929799054129738,,0.08771337722100019,0.2222222222222222,False,5
-0.53882156012355986,-0.68856465805805378,-0.48533497506300666,0.82397657110620859,-0.55066472199125394,-0.13353267099234731,-0.17531097117427846,-0.47185493070189588,0.86407117053992777,-29.944182623183778,9.6195586595844205,-9.9850895761785363,,0.3609039987269747,0.24,False,1
0.92779122918336776,-0.25974170255676776,-0.26783891241439628,0.30178429072470825,0.94455707343204287,0.12937610637702318,0.21938476912082994,-0.20086359297395234,0.95473773367108217,7.7171692070561235,5.2045677533808412,0.17061289618543124,0.1632160032397468,0.1390075660627505,0.5142857142857142,True,6
0.47178922828949649,-0.79609841832811257,-0.37900162586125979,0.87218286818388302,0.48439909955224453,0.068224312378426077,0.12927477912004293,-0.36274622077762791,0.92287767921594654,-10.226149886020293,-0.58051509734827766,-3.9058859832340334,,0.1508600168199002,0.253968253968254,False,3
-0.53950244435563388,0.80904597810057222,-0.23319888047240611,-0.83460274529246115,-0.55044577332925415,0.021159115630045217,-0.11124464070049689,0.20604382044421155,0.97219883458692236,-8.7571323862734509,4.9640800961607177,-3.8453496830218206,,0.0679770869256119,0.2873134328358209,False,5
0.84214654022574154,0.51546007936443583,-0.15839858385548763,-0.4812454547066855,0.85093491105127672,0.21050555688226366,0.2432940959209039,-0.10104792791426218,0.9646747115760137,-17.860242384711377,10.842091594098603,-6.5686754128811868,,0.455098676725102,0.1904761904761905,False,1
-0.85166965129578953,-0.36605248423326292,-0.37505250812168345,0.47061820626526563,-0.8490746600495942,-0.23998067754160954,-0.23060205765207828,-0.38089079858710539,0.8954020831773315,-7.8315040930133524,5.7814651351948161,-3.674939016293103,0.9317113878094401,0.3741227970088878,0.3735632183908046,True,2
-0.15290730270667907,-0.90890170395356762,-0.38796526819970417,0.98417480679344904,-0.17562714956767592,0.023559584202806683,-0.089550580411541528,-0.37822321039967072,0.92137283260519542,4.1810156521532695,-5.8002445908572211,-0.0033844122853002312,0.5561660293272316,0.6375914317508344,0.2950819672131147,True,2
0.11871682405754336,0.98182349251077128,-0.14808425047803914,-0.99049826009977759,0.12752922012135923,0.051473243093397736,0.069422708280535997,0.14056645250268723,0.98763432504434867,-2.8103628158438112,-17.886647121091151,-0.9638572335987996,,0.09632780597022857,0.2222222222222222,False,1
0.806705208440467,-0.44583862082086045,-0.38788481648496798,0.55959161532596136,0.78729551493708416,0.25888799936813234,0.18995770774544923,-0.42590338851024179,0.88460294648140869,3.8858492006069851,24.089660060677136,-1.5786186720823501,,0.555207090435944,0.7076923076923077,False,5
0.84525395228935996,-0.43775423639622491,-0.3064587813334369,0.49270946598291632,0.86044825929077573,0.12986983950980985,0.20684085251721118,-0.26076813762542461,0.94298294795257098,-2.5883715016014746,-8.1546297016393758,-1.5436519674166538,0.7636235592091049,0.6838956285488604,0.9757462686567164,True,5
0.83896280277401192,-0.44291577428110068,-0.31617563545369437,0.50212817070951843,0.85403071706104272,0.13601042054237575,0.20978254393892495,-0.27286837707798683,0.93890049155879063,-19.861438770082692,14.112036403493274,-7.3332332249485184,,0.1293140366788055,0.1333333333333333,False,2
0.10714630446030891,-0.95275301789799682,-0.28422061207230959,0.99418355552600202,0.099535978066490075,0.041129636419789929,-0.010896208614728443,-0.28697434721000181,0.95787629508262595,-19.962063883857873,6.2624817014599161,-6.8760141183530354,,0.07920686504115396,0.391304347826087,False,4
0.96168791358509065,-0.068400786459631852,-0.26547634409879073,0.1073751389022138,0.98498550237380766,0.13518187622291691,0.25224380351177311,-0.15850833582219451,0.95459319663655295,-18.993860961457397,11.794055839126628,-6.9331350517582209,,0.2550145757155692,0.2195121951219512,False,5
0.81361529083835538,-0.44716348640744252,-0.3715844115917129,0.54731505368230537,0.80469568646507217,0.23002409481887184,0.19615399696859048,-0.39052486298371197,0.899452022547506,2.585692339095325,-6.9969916955996245,-0.34823126991709574,,0.09112103290630444,0.2666666666666667,False,5
0.67591063562100895,-0.64227333718747792,-0.36142741040555337,0.71982724030370193,0.68053725816831778,0.13681295392434512,0.15809350641680478,-0.35263862605053481,0.92230821456063761,-13.503812625006761,17.998339071459171,-5.8500727278989508,,0.1422561320823076,0.3333333333333333,False,4
-0.80752475934311108,0.582710317641145,-0.09139173246200652,-0.55950021410538586,-0.80579441166761345,-0.19404864478081948,-0.18671709472857145,-0.10556539129753323,0.97672548584355112,-32.993100541170534,11.674196471854989,-10.966911580427936,,0.4558215930550202,0.45,False,4
-0.96028654184593387,0.083098476889068809,-0.26635390120719771,-0.064388766208527168,-0.99485317058894829,-0.078238454453418482,-0.27148451951395014,-0.057981135792884483,0.96069471923001948,3.1563652407595413,0.9671717882650791,-0.67249447467538281,0.1081009844727318,0.2416921636258278,0.1521739130434783,True,5
0.96415938155360004,0.080365334500755753,-0.25285984254673716,-0.028637332174016226,0.9789772048852754,0.20194933899611606,0.263773748064765,-0.18747011848717332,0.94619150519663342,20.032943769237772,-5.2205996502776735,3.9060760767569747,0.3009931188070518,0.2341840303018852,0.3571428571428572,True,5
-0.58543431621975328,0.78879923769252169,-0.18724963019457852,-0.80301602407792394,-0.59595742364273752,0.00011949557898060376,-0.11149854916720879,0.15043441036148383,0.98231235445391818,-12.62831458532232,6.2940953301607951,-4.9075119869217314,0.6288981119252193,0.5357457645213446,0.2395209580838323,True,5
0.61630303972033884,-0.72620946426183486,-0.30461512970962024,0.77550182123534317,0.62695356051456874,0.074338134350884821,0.13699448343687329,-0.28204440603324016,0.94957014724201405,9.6451611498564152,9.7405479594688344,0.51401726430045525,0.6873400704336549,0.660541255866805,0.8670520231213873,True,5
0.61536447174720332,-0.73345186254808581,-0.28874717701828695,0.77666643115011069,0.6267311772925418,0.063224094568889763,0.13459502827310038,-0.26316610103554217,0.95531554034775057,-4.3191173148002022,4.3490349744103707,-2.6597168134631888,,0.08612325281613478,0.4854881266490765,False,5
0.81160505576922681,-0.49575487863495105,-0.30907011139784396,0.55553179895875837,0.81862985495865437,0.14570374365821301,0.18078067871173675,-0.28995216998673712,0.93981172865872786,7.6223018879228128,7.5657936634733609,0.056649047812147996,0.614170930463259,0.5672806479257418,0.2608695652173913,True,3
0.94675387282577672,0.23685278369320353,-0.21807765393586895,-0.18969552180727625,0.95765983028724422,0.2165716012326428,0.26013979567851059,-0.16367164785321311,0.95159806556831317,-8.9594369794996105,23.166913848993875,-4.9224300440945647,,0.516930687989567,0.3928571428571428,False,1
0.31053487899688992,-0.8376310226093332,-0.44937997161514609,0.94946421112683732,0.29603971338210588,0.10429860924256396,0.045670567280026601,-0.45905855624645864,0.88723133467052295,-26.91394284520976,13.748325674780826,-9.3933376203579595,0.3616460311068999,0.3086662457976012,0.3571428571428572,True,5
0.90379126957333999,-0.31605769759840319,-0.28856346413190626,0.35549664432479761,0.92983753673625891,0.094996269137549605,0.2382928385764414,-0.18844014186218849,0.95273649873306498,-21.989814755792835,12.64981677626165,-7.8681851033703412,0.233047993824209,0.2131798358175648,0.7733333333333333,True,5
-0.96769177528433103,0.043867425702295737,-0.24829071067866076,-0.023580292645286095,-0.99617825281490668,-0.084100287855651823,-0.25103106948308918,-0.075528389238050067,0.96502790870175503,-4.7443153031379834,9.9107759703155995,-3.1135724341876472,,0.1276909444228689,0.1604938271604938,False,4
-0.17031424383364913,-0.93161885330734406,-0.32105976158603189,0.98191048466525344,-0.18780791637615468,0.024082912010224916,-0.082733659726965114,-0.31115028315711785,0.94675268303788085,7.9106018630597257,3.959294998417525,0.30510501394157469,,0.0737485874907319,0.28,False,5
-0.82884649032082991,-0.43229511169981721,-0.35515409596861425,0.50591135117748887,-0.85016482505103075,-0.1458542937171062,-0.23888742167097973,-0.30056730801334836,0.92335913550524795,2.1221483856492229,-10.830414242092862,-0.17394283813136827,0.482088435564018,0.3713479509258734,0.3968253968253968,True,5
0.80084841836177401,-0.53276453182080885,-0.27350276861706396,0.56713618515946018,0.82138924380467238,0.060632150256796254,0.19234957314800344,-0.20367047845906094,0.95995832092546496,1.9469503839571058,16.906344514500393,-1.7402509196543596,,0.08365051700644197,0.2105263157894737,False,1
-0.92058878756305718,0.35491282113903222,-0.16295144554226221,-0.31844707287983015,-0.92373275994328541,-0.21285969553165235,-0.22607022357543616,-0.14406483817605498,0.96339897052771373,-16.358786498318292,-10.304942904973858,-4.9273833660929736,,0.325896821832742,0.2903225806451613,False,3
