axis_00,axis_01,axis_02,axis_10,axis_11,axis_12,axis_20,axis_21,axis_22,location_x,location_y,location_z,dbh,dbh_approximation,score,reconstructed,number_clusters
-0.83302103784071069,-0.40170737093705799,-0.38040391513445687,0.43524755114870156,-0.90030763892862564,-0.0023925939527441389,-0.34151942804743124,-0.16756295360729709,0.92481735323498049,7.8420987219285188,1.8992701180576321,0.93399371452567781,,0.07820769602458613,0.3544303797468354,False,5
0.86404528162899841,-0.30354106701190181,-0.40160748490527703,0.3749636717739584,0.92035792953692963,0.11110142388056504,0.33589878854270583,-0.24658487823825259,0.90904779944718517,18.657526504370594,12.996188959340788,4.2054177708984879,0.1564686473892332,0.1402119045573257,0.375,True,5
0.25202628770198776,-0.78608483642179916,-0.56440533329768261,0.96620066938429494,0.23707415621190955,0.10125270829835227,0.054212699513075238,-0.57084715502849281,0.819264614643755,-9.6704710391677473,8.7278262451033974,-6.3417194811132029,,0.6417126323118145,0.6071428571428571,False,4
-0.6924629259102687,-0.53925992091481723,-0.47926384584562165,0.67240227232239658,-0.72316397718565573,-0.15782600000222721,-0.2614771126035097,-0.43154675273482279,0.86336383975040432,-8.7640036044397611,17.575772695501925,-6.6114814526285226,,0.3683155411378452,0.5,False,3
0.19005365438947627,-0.86919534471312254,-0.45648555418790898,0.98090514032257092,0.18766540771686296,0.051056835342800672,0.041288184047785323,-0.45747256472437825,0.88826467811263121,-7.3676519805912779,-19.299325563552792,-3.7897902676577022,,0.07484559571393357,0.2941176470588235,False,1
0.035834197761575773,0.99569919337037383,-0.085434340825996047,-0.99817148391109267,0.039824796669897598,0.045471686541514192,0.048678526862598166,0.083648681351169429,0.99530563101526703,-10.8443691513526,21.339916563729936,-7.6755530602258641,,0.4329921710830664,0.2631578947368421,False,3
0.55894279197170571,-0.68732913003453633,-0.46385517385154057,0.80660453021097656,0.58039557643159823,0.11193795916383148,0.19228127091842628,-0.43671460001309925,0.87881071397053057,6.3642029081459812,13.429440166015635,-0.45988502146632448,,0.09121589163301869,0.2,False,5
-0.11689698655352745,0.96299449081012112,-0.2428511997171538,-0.99270273319087743,-0.12058678931818537,-0.00033129638446461468,-0.02960368304902564,0.2410403221689022,0.97006349536442482,-5.0500920685403123,15.841807322607508,-5.0467399894144274,,0.5759179398104778,0.4716981132075472,False,3
0.85026534940272647,0.43430749459745988,-0.29736481927345815,-0.40253284899389358,0.90054289509331997,0.16428572542312037,0.33914029705406351,-0.019987351836070394,0.94052345248838021,10.916268692330684,9.3465875386049735,1.6112339784101806,0.4940452515611203,0.3219578968397153,0.2380952380952381,True,5
0.69772201853868132,-0.58806655742932468,-0.40909865421378461,0.67038299630868803,0.73730258667909543,0.083495712084511203,0.25252845999311174,-0.33250957837261863,0.90866206984993569,-24.326015815192434,3.7646453453734221,-11.921080588904365,,0.117715189625232,0.5833333333333334,False,5
0.76932980426800579,-0.49183533400548346,-0.40771271318008562,0.56321023831042338,0.82338839465241787,0.069467827186624545,0.30153918439776362,-0.28307164424475473,0.91046392816920685,7.8623499228654223,2.9778191858702661,0.88188721485829924,0.4772151105524962,0.2312788837964658,0.8601398601398601,True,7
0.92050501076177993,0.093236882891520587,-0.37944355157404935,-0.040862087085953701,0.98875856036750021,0.14382906221959624,0.388588233225654,-0.11689051701768373,0.91396706288022389,-29.981526993105046,13.61312587930548,-14.873181939936233,,0.2362983366589233,0.1818181818181818,False,2
-0.73357925707431171,-0.45968714108294251,-0.50054890461701118,0.59545293633325846,-0.78975614681875916,-0.14738055900994992,-0.3275626263821918,-0.40616863601831155,0.85307078540565617,-8.0381069667729221,12.3358850392726,-5.8426362787299624,,0.2978500904602458,0.3461538461538461,False,4
-0.44076965998741158,0.8549667165813013,-0.27341181461811559,-0.88724690336616274,-0.46114692243748323,-0.011681112686445276,-0.13606997942873797,0.23743510579656726,0.96182614397490562,17.724590961452762,2.7160118577739025,4.6545274819716349,,0.1077800315105422,0.16,True,5
-0.4707550676211753,0.83232453968988762,-0.29261839815534507,-0.86817537234138509,-0.49605204330127978,-0.014279117498073021,-0.1570388142112677,0.24732211984908017,0.9561226803420555,-5.4876932157415546,11.303048271254927,-4.8208258484983171,,0.07695847591436465,0.2708333333333333,False,5
0.61389932261217439,0.72952362895473433,-0.30153423767961962,-0.74551461647238426,0.66138485132436864,0.082328822806337076,0.2594909985381923,0.17425657300474623,0.94989424066171368,-7.5370309634719383,-23.044620593879131,-3.7246567661004861,,0.5832583133116791,0.9047619047619048,True,3
-0.85845715528434496,-0.25542076007054781,-0.44476010147729572,0.33344890932382132,-0.93683595822894317,-0.10559456539051976,-0.38969621169811841,-0.23895318096698859,0.88940330553348701,3.2282976573365629,21.584927344110994,-2.2507617726082829,0.6336365345063679,0.6609675338215155,0.8545454545454545,True,5
0.69657687968074222,0.68223377134647289,-0.22212098489023702,-0.64819905226381913,0.731121589808575,0.21283610962444266,0.30760142935059154,-0.0042781012318248157,0.9515056797052357,5.0086246773566794,23.638270745526992,-1.6834194205954329,0.3274749642067064,0.3884464360741788,0.4814814814814815,True,5
0.92637088127216771,0.1679893851233828,-0.33707055169043804,-0.092471784045583219,0.96906595538364171,0.22882338882163722,0.36508349659558081,-0.18080580909434008,0.91324876124267829,12.994570024012873,-5.2567453220007012,3.4081148921758944,,0.08128037740214085,0.375,False,1
-0.79193535804647297,-0.41426795678406686,-0.44857602327560908,0.51580080680412299,-0.84703752346225158,-0.12836261740534882,-0.32678420459994845,-0.33303077009323145,0.88447871076419282,8.55360540051276,-7.2262000205641055,1.7260934960276784,,0.3175927140714573,0.32,False,1
-0.18464536611340102,0.97150796946154439,-0.14858786641430821,-0.98159130560406005,-0.18980945123497775,-0.021233958283732486,-0.048832341080135996,0.14193180578920575,0.98867121176357187,-16.560234016457994,3.8367065420788324,-8.8272347600959353,0.7494858115016891,0.6559580498610939,0.6768558951965066,True,4
-0.6684308911750535,0.6665573400585284,-0.33000220626084154,-0.70148026099097205,-0.71245675416501242,-0.018188372238682866,-0.24723589375930291,0.21933236391092539,0.94380491997990956,-10.608092250322608,5.520680870467392,-6.492719737962025,,0.08191246850969687,0.1743119266055046,False,5
-0.019831893383517197,-0.84737365889987504,-0.53062659018132741,0.99848567654971487,-0.0440250664698233,0.032987076975467683,-0.051313251016502519,-0.52916885369885969,0.84696356152148111,0.79647640469908743,-10.071671887146055,-1.0203917212875659,,0.1747541503496779,0.3695652173913043,False,5
0.69606770061980772,-0.57296287883543651,-0.43266996155321669,0.67171330210061497,0.73250670699809561,0.11061267551186922,0.25355669175736878,-0.3676240792976091,0.89474104655237707,24.880248751577181,0.95180701520466771,7.3667601423213611,0.2776414948630617,0.3715230533889465,0.631578947368421,True,5
0.92841550362345748,0.076532855817666126,-0.36357581686904705,-0.068941347605996545,0.99704687047006557,0.03383236137366661,0.36509141762286279,-0.0063450820516003925,0.93095005059986302,-13.425621021076957,-6.0273640909665547,-6.9114109003944089,,0.0865886329987038,0.325,False,1
-0.87426558257045861,0.35101455760026956,-0.33533337365288302,-0.34622309433067511,-0.93505836214489468,-0.076127710690655714,-0.3402782098295884,0.049544320921724269,0.93901869000546312,-1.9359923068673255,13.755368135210979,-3.6958643942284932,,0.0865683769954475,0.3333333333333333,False,5
0.088023258733778503,0.95295075660041095,-0.29006337482797218,-0.99368488283831913,0.10434503289331477,0.041260971014887265,0.06958634593427504,0.28459966550437032,0.95611755075111837,4.3122247494455692,15.56891072587907,-1.4064769358878921,0.4667360746693597,0.4655560087988585,0.7709923664122137,True,5
-0.41648539192557832,-0.70339151519359833,-0.57600372799683508,0.87292430176399005,-0.48643848380608451,-0.037158644516301374,-0.25405330484457112,-0.51828368469988739,0.81660206984274752,-5.8303603870968379,13.284285137315806,-5.0885959717193918,,0.3598272354109071,0.1578947368421053,False,3
0.79862219386324218,-0.43638767273232426,-0.41444950302338368,0.52331514285203307,0.84363154377845373,0.12011277868628654,0.29722693809750861,-0.31281243170508799,0.90211115159936417,-35.818558111685142,4.7438542477090522,-16.910149465281371,0.4141611461509681,0.3106756768479791,0.725,True,5
0.93472055044750602,-0.0092423359952722699,-0.35526338369787375,0.039033281130832854,0.99628369044868148,0.076780278132590057,0.35323348586349157,-0.085635199370977202,0.9316075982372729,-12.183007189837706,-11.591006092030174,-5.9798217213262319,0.6287332046198081,0.4873091240331069,0.8810572687224669,True,3
0.58422246492280328,0.75761944966438866,-0.29102728561039404,-0.77203579005915923,0.62937339302032236,0.088599497886939049,0.25028953303575191,0.17292166332856276,0.95260340541299193,17.355166987225267,-6.6044594466864153,5.0615288378959882,0.9469174786113197,0.4214719050419471,0.5535714285714286,True,4
-0.74397779276373921,-0.52501431645057139,-0.41334853501171775,0.59770501201967607,-0.79943830005898697,-0.06039141499712631,-0.2987402926974414,-0.29199036271893525,0.90856803025327193,-11.723682838768967,6.1201928900688545,-6.9569152142907784,0.3021653267793744,0.3921085824058853,0.7026378896882494,True,5
-0.93025479846779047,0.10999974078793787,-0.35003723652525576,-0.058535474597844174,-0.9862766924845876,-0.15437578850087982,-0.36221486460560459,-0.12311922225326848,0.92392751283339025,-14.154347338058191,17.605050823905145,-8.7529303790902748,,0.1836792390794572,0.2592592592592592,False,2
0.019654702522903158,0.94054961218864364,-0.33908718595742898,-0.99916574576283734,0.030621312535118832,0.027021245582309769,0.035798116751151958,0.33827320649205778,0.94036680747815216,-4.2994244954819578,13.759221059899621,-4.4904577172657367,,0.07698670593693546,0.2857142857142857,False,5
0.6551173700476649,0.67007082843962917,-0.34903626793796222,-0.70288411190417677,0.70996080721849375,0.043698712181743912,0.277083302807132,0.21670426181294877,0.9360897960225808,-10.438096956780722,-8.3923462943860017,-5.4976078667667982,,0.07710449002475807,0.2714285714285714,False,3
0.24601015612800678,-0.869749808949697,-0.42780167474408165,0.96724150788979213,0.24881073397078096,0.050369475637575177,0.062632806874326749,-0.42617893952292929,0.90246808420583824,24.008295487998062,-0.55741100702904633,7.1446547899067996,0.1641003576219365,0.1344928019835271,0.5555555555555556,True,5
-0.35081252584857814,0.90615927094987059,-0.23623282451712591,-0.93168859340674515,-0.36313726542582275,-0.0093643672939432709,-0.094270550138953746,0.21681029064750135,0.97165135786754508,6.5594877172042372,11.965804840251232,-0.25315095530589926,1.06852561226341,0.4640200938627626,0.2903225806451613,True,5
-0.80810542185730605,0.50346615906318248,-0.30575718117975925,-0.50890694435627937,-0.85813193395537402,-0.06799489621997265,-0.29661313044229981,0.10065490849519586,0.94967849309386965,-5.9985260962427587,18.80370921067145,-5.5928183377741956,,0.601637615244433,0.3846153846153846,False,3
0.79723704945100282,0.49197366070583287,-0.34982138893207226,-0.5058482659261011,0.86069556443983364,0.057625317466855452,0.32943985618352067,0.13101550490419547,0.93504241541893829,-10.083312343312626,-9.845242006095825,-5.2974715505327774,0.2115185329683144,0.1768330772220894,0.6923076923076923,True,4
0.75029793860382898,-0.50620155843694425,-0.42522110197267377,0.59474320179880247,0.79769627046743363,0.099805731280610432,0.28867547045247005,-0.32778139410033258,0.89956980298400879,14.338234535656319,7.7118265198704634,3.2146426424978229,,0.136213653950433,0.2222222222222222,False,5
0.76431675307080771,0.55076727237535505,-0.33537339288546703,-0.56124935389049846,0.82427924552581278,0.074584771588411369,0.31752017846555292,0.13122170962005023,0.93912821232864407,-18.013185046231158,13.928039584194071,-9.9827510603875833,,0.09225689593501817,0.4285714285714285,False,1
-0.91123107147422178,-0.18066957818918719,-0.37015731506601796,0.1963395917385849,-0.98052443229246367,-0.0047541974578470328,-0.36208935236467238,-0.077008708562626649,0.92895692026576171,-1.7165055270938803,-12.217305648927724,-1.9201989636983303,,0.089363192899359,0.4090909090909091,False,5
0.089716138321149899,-0.91045518192404939,-0.40376029551255699,0.99596530569334574,0.082839714078829979,0.034506399790466324,0.0020308569378711047,-0.40522702708356545,0.91421383283185653,2.5407844259267982,13.078729744930076,-1.8816252313938209,0.1617568063899689,0.07951035693092248,0.4,True,5
0.73901268688743527,0.61541737996280177,-0.27408337610868422,-0.60819323709307971,0.78443887522777034,0.12147690062572475,0.28976065118241123,0.07692268502276578,0.9540029693639499,25.330903601095713,-8.6150578178138524,8.0789637938264374,,0.280300875085271,0.3333333333333333,True,5
0.40990074336944032,-0.66479413904587226,-0.62452392530265555,0.90294951614973318,0.39264286193078263,0.17468186585838449,0.12908738075482976,-0.63551580284447773,0.76122014717478115,-14.666440448972484,-14.659062550635237,-6.8759139637419695,,0.2035871594351944,0.375,False,2
-0.77401500818179481,-0.50877907159529767,-0.37688807810272279,0.54317015801338975,-0.8394363413538195,0.017686386239821598,-0.32537201255339426,-0.19102482854629674,0.92608993533339545,-7.180336072374244,7.9444105276418417,-5.3312193411908826,0.1910548613611034,0.1148487993813583,0.4378109452736318,True,5
0.66693829852004416,0.70100090307773355,-0.25256888139949263,-0.68929834408375801,0.70917335927708369,0.14812474248094448,0.28295070031823233,0.075305247996796609,0.95617363528470223,-2.1345466676259739,-9.9655659589481971,-2.2766191299535055,,0.1049001672251603,0.375,False,3
0.050364880343154103,-0.8934669381579402,-0.44629610041618628,0.99794169091570029,0.027259778347746965,0.058045551222676621,-0.039695848149805743,-0.44830094234019457,0.89300084251727352,-4.8595780998039357,-10.438623659251698,-3.2395347215926105,,0.4191432061885086,0.5782312925170068,True,5
0.091319850815081857,-0.87959971968753625,-0.46686723805887209,0.99511397420439751,0.098275778980062595,0.009489447243785476,0.037534826364882555,-0.46545268759721464,0.88427650224253296,-12.614975000270222,15.318718451105976,-7.9524203892715661,,0.205150879145487,0.1538461538461539,False,3
0.84043353423046385,-0.36172689320626811,-0.4035159591295423,0.43861386048492873,0.89135251698261986,0.11449267163996862,0.31825988740556188,-0.27321117327095379,0.90778097516334266,25.655945436405968,-1.2666370647721052,7.6715705423909695,0.2755183442335493,0.2348863572950852,0.5714285714285714,True,5
0.11208234066907487,-0.83263602418782146,-0.54236039690858484,0.99368557379828204,0.096743357949382019,0.056830477015906995,0.0051506635804739395,-0.54530539509285425,0.83822162746334894,-20.949091031025581,7.2520323008554071,-10.680999489464382,0.5927467804603738,0.4486313320481519,0.3888888888888889,True,4
0.4385326512544615,0.85619380201322237,-0.27316897184320998,-0.88114473945537553,0.46942591697783592,0.056773731598662787,0.17684191220932874,0.21580426748250722,0.96028925653809494,-19.323486990732786,6.707087492130599,-10.024946812953196,,0.1266640632959507,0.2727272727272727,False,5
-0.86582916028034684,0.43596770228744441,-0.24550362068701947,-0.42763510512565639,-0.89953539933569149,-0.089242827197186819,-0.25974618779184921,0.027716924508038393,0.96527907364835031,15.383035873023669,13.089927453951073,3.0368797208248091,,0.4517181229174154,0.2857142857142857,False,4
0.87977671768205623,-0.24128447354282329,-0.40960313701404938,0.34256491575340564,0.91917663746031575,0.19432855590985443,0.32960917086672464,-0.31128140319381409,0.89132580042666765,7.3457299089232997,3.7764134634862319,0.64995572046179939,,0.07688828263312963,0.21875,False,5
0.91855867062086061,0.29202456113793712,-0.26640500055260768,-0.20230194532652132,0.92630597917386814,0.31785398513130025,0.33959371540761013,-0.23807328417724402,0.90994352561942993,-6.4435563740013455,7.0704049922579069,-5.0183702438881594,,0.3785358802089535,0.2307692307692308,False,4
0.77933847563356096,-0.45944323828187655,-0.42607916071338414,0.55783763164027189,0.8184264010891289,0.13782381044750644,0.28539221629738143,-0.34509438824379729,0.8941259117593614,-13.87094170034954,9.7333907086326477,-8.0239193300728306,,0.7432701616332711,0.2571428571428571,False,3
-0.72807122599511953,0.66676972187392436,-0.15915535765450092,-0.63295445244943416,-0.74303900464197414,-0.21739755910566436,-0.26321274855599164,-0.057542815127809066,0.96302018329044714,-13.463837252469109,-7.2052092345617309,-6.8346868569134234,,0.6652955350278669,0.3881578947368421,False,1
0.24336451852372734,0.91335957332071049,-0.32641691277739354,-0.9614544676686736,0.27157056682411607,0.043066620888764132,0.12798053650326119,0.30335411165540266,0.94424428259751692,12.624027345764681,4.8940314351400183,2.6302544643226446,0.3145111473232149,0.2454124029079289,0.4347826086956522,True,5
0.49964857555594683,0.80129771771682445,-0.32904903665976803,-0.83744609586607932,0.54394570909192463,0.052982092060855412,0.22143924102013834,0.2490884042710366,0.94282534405590379,-8.7734081770648586,10.261151482226795,-6.0743193006738077,,0.1157938532315694,0.1578947368421053,False,5
0.33853563568045419,-0.85128538788591068,-0.40088254108450083,0.93683691574632411,0.34474350119852976,0.059063623968522397,0.087921650742843055,-0.39555670485192768,0.91422353753189889,-11.08000349527752,-5.7737522482325847,-6.0125706083002166,,0.178472298730819,0.3773584905660378,False,2
0.18063399770978977,0.92388491887757129,-0.33735443607867854,-0.97811913423164676,0.20473531531979966,0.036964982224208527,0.10321975644862522,0.3232956964320523,0.94065167546079487,-15.522616416947178,9.236872118745131,-8.5779100418320091,,0.1247855696721248,0.631578947368421,False,2
0.30406850223056237,-0.85965328727543389,-0.41053449505224487,0.94866875527234729,0.31259648819902741,0.048073156081641123,0.087005394782604939,-0.40407878098481559,0.91057695997457966,6.6612941044248384,4.8521760825417015,0.2625042489297657,0.3472333385421498,0.2289689913841545,0.9243243243243243,True,5
0.087845749380920046,-0.90880665633926994,-0.40786466592380927,0.99613182934272193,0.081016671730849893,0.034024659762855361,0.0021220004776001042,-0.40927589752524113,0.91240820733862371,3.7715161010389462,8.2356242801933579,-1.0646773826010771,0.2202052755193727,0.1782805010398575,0.6277372262773723,True,5
0.80997964366211994,0.49059692952509265,-0.32132169175693265,-0.49140976739580222,0.86679964186807679,0.084704317277092073,0.32007720531301431,0.089291845080757701,0.94317418806977793,-4.1243090319435964,9.5365492162351799,-4.1974476674279559,0.0699730393365347,0.160967566746562,0.3611111111111111,True,5
0.73969253726787199,0.59933610885862687,-0.30602480116555775,-0.60064846964572927,0.79306317545799399,0.10135193952129061,0.30344087763922345,0.10884405519220744,0.94661322905759893,-10.592197541322539,16.269808624927983,-7.2778609562504482,0.6235158776782218,0.5521694404630827,0.7547169811320755,True,5
-0.73486399954348214,0.59066219123972707,-0.33330628259131623,-0.6150322731449811,-0.78750877769119254,-0.039562963102401059,-0.28584996967828324,0.17592072333641895,0.94198816018871301,14.548582170607959,-6.3994701359251591,3.953489612413791,,0.1512899740417654,0.3333333333333333,False,6
-0.90310732232327284,0.075220002290076957,-0.42277549080045945,-0.021425754337809147,-0.99120539602387814,-0.13058636967234932,-0.42888005481386554,-0.108875222840775,0.8967764963658601,-13.575927944343412,4.8601662925580662,-7.6800479177790759,0.6132670957602485,0.2848170522549494,0.3679245283018868,True,5
-0.43388852199540329,-0.8114306117826201,-0.39156239955175387,0.87957764968626784,-0.47562854245677733,0.010983978005387786,-0.19515098937239761,-0.33964371312085923,0.9200859957006462,0.75757316859856905,12.6430642769048,-2.5282848748106375,,0.1110488703467944,0.5357142857142857,False,5
-0.15732092994391081,-0.83111471354653388,-0.5333839685705285,0.98301400775707526,-0.18348625090959328,-0.0040319078009475665,-0.09451764679125596,-0.52495821610258209,0.84586363309427048,-25.664955157919149,6.5767314864648343,-12.546395234798135,,0.5274048995989287,0.45,False,1
-0.9020045238833716,-0.24053251322012431,-0.35851352691069183,0.25810039314306793,-0.96611737445501855,-0.0011856793563506038,-0.34608095289010982,-0.093601970386060718,0.933523778586556,-10.184233961249076,11.772003986559657,-6.6760185162046533,,0.07952361095197016,0.4545454545454545,False,2
0.77188529927548599,-0.42255883516335607,-0.47501275307909585,0.57742548490131496,0.77860210555379206,0.24567981319938387,0.26603175402360479,-0.46392110541835707,0.84498775955544747,-9.4899176395894891,16.254842359137005,-6.8382536411901977,,0.7400348215269835,0.4054054054054054,False,3
0.92267535207249629,-0.12694749818824466,-0.36408038587877983,0.16498781626755885,0.98342288097357289,0.075222720376894037,0.3484956458281192,-0.12947497781959166,0.92832484344514798,10.56297575960472,4.4726834723534861,1.8155458626553485,0.2386469071255944,0.2463480384439552,0.8253968253968254,True,5
-0.88774597705537539,0.29659881830234375,-0.35204576578003527,-0.29472337125534365,-0.95367953507181824,-0.060278344545009355,-0.35361732799437734,0.05024425705347129,0.93403977430046459,3.5955288976093986,12.206975285405527,-1.4562279312214799,0.3106863546808696,0.20941303917144,0.5671641791044776,True,5
0.92594079507787608,0.15487471328023258,-0.34445241644807317,-0.095258279983748875,0.97833415596856077,0.18381550358939275,0.36545793753192551,-0.13739032881411303,0.92063260502942279,6.3869669678497631,-8.0290720753539233,0.95055367021674719,,0.08933544062782099,0.3333333333333333,False,5
-0.13786336669314198,0.95398811210659107,-0.26627124156268794,-0.99023739552460655,-0.13834570195053955,0.017040165975063241,-0.020581366054698153,0.26602095539847148,0.96374750773229378,-15.984874520951838,-16.011102392413662,-7.430266818202746,,0.1181456843147032,0.3333333333333333,False,1
0.73726319657011308,0.59429733793933393,-0.32133106463807959,-0.59977233627997939,0.79467499768330152,0.093620471534283128,0.31099216005628827,0.12370255524954715,0.94232773184718366,-3.3805949778150177,-4.6345319134495506,-3.0768365422884361,0.6176303695900802,0.7392278643612901,0.9288224956063269,True,5
0.46215438127084191,-0.73299250854362274,-0.49913456130696032,0.86879657902591467,0.48707984340378357,0.089138826684071748,0.1777802917790175,-0.47484229863047378,0.86192746753209726,-11.868942130781647,-7.5204146977883424,-6.2041616880778658,,0.4557660202736955,0.4264705882352941,False,2
0.91398479845843217,-0.17427397460173052,-0.36641557003409914,0.21107398893320445,0.97546657260302094,0.062551873912299299,0.34652497656406228,-0.13451225784526144,0.92834632174994114,-8.4940349157687525,6.9858449972088197,-5.7923623718277035,,0.06989128060552052,0.1578947368421053,False,4
0.66445991315927122,-0.61249054967057048,-0.42819195504891855,0.70904012536355143,0.69771475817130924,0.10225564460894092,0.23612523039440764,-0.3715500542244517,0.89788386374686224,-24.860366166700743,4.6171828870693696,-12.306799168623776,,0.1226785566261834,0.3111111111111111,False,5
-0.54424383203376958,-0.63823005341546468,-0.54448236905384872,0.79820831196254283,-0.5936923007472672,-0.10194578337197299,-0.25819012763292626,-0.49009371649788575,0.83255390638815907,-5.0278082150349315,-13.187660555935704,-3.2358795400876597,,0.8077557247372724,0.36,False,2
0.90618774226886278,-0.16734665876836646,-0.38835405438945236,0.2550285366809486,0.94883190764625513,0.18622152536896186,0.33731916820725716,-0.26779302984101871,0.90249801768676008,16.977823642091288,6.6595817233676211,4.1171722135558007,0.3001318028097376,0.1879174139797189,0.4838709677419355,True,5
-0.8877960937226318,0.29991797746803445,-0.34909497670737027,-0.31729183349793855,-0.94829592396102924,-0.0077931376488747858,-0.33338264556865016,0.10384626806188792,0.93705494195552153,-17.862545184296259,6.5882185731390805,-9.4351788645065184,0.1279453890621722,0.1169396907099187,0.8169014084507042,True,5
0.20790282076564495,0.93641936705997164,-0.28265736521925339,-0.97167714713625963,0.23090401884872783,0.050267840739848309,0.11233850119539845,0.26420087636968309,0.95790289595274902,6.7872830905323038,16.219042179348911,-0.46652837120114971,0.2761806169831859,0.1382003087598949,0.4705882352941176,True,5
0.90103576606991842,-0.19679498800235337,-0.3865310866669715,0.25088757811232393,0.9634083662502515,0.094338449149619502,0.35382194874220113,-0.18197816499837663,0.91743881324701737,-12.675358895312591,16.144208427515938,-8.0358195608631426,,0.08971450908656448,0.1176470588235294,False,2
-0.68476359886292648,-0.54894154896869463,-0.47933494498955931,0.66853300571752938,-0.73499893792515592,-0.1133145247317351,-0.29010762475084889,-0.39804489327806158,0.87028606158933586,6.6652443182372947,2.1912316021487488,0.41258584725652536,,0.06832242163486504,0.3636363636363636,False,5
0.78609283127483864,0.5323221051938839,-0.31415161457529017,-0.52564442123666388,0.84312026006020058,0.11334094361171712,0.32520148068710081,0.076035540360895298,0.9425829372320218,-16.865739595949172,9.9551910247055684,-9.2734021158454603,,0.07838525078906323,0.25,False,2
0.41541179865901001,-0.7356338124153583,-0.53504759747720765,0.90326543773239487,0.40307592948946724,0.14710997268814824,0.10744573762133,-0.54440122069797736,0.83191509444748057,-0.85671059265869953,-14.928351379397364,-1.3952026719363362,,0.3121303546185435,0.8666666666666667,False,5
0.56542083196238058,0.77007096421305232,-0.29544879904807297,-0.78703941034686131,0.61087780595532748,0.086007399403016299,0.24671491512236116,0.18389947326510947,0.95147923487009478,6.5807097322756292,-9.4355203458096621,1.1145992413986816,,0.08741390011751039,0.5882352941176471,False,5
-0.91436459913041146,0.20551897808561542,-0.34885430985402227,-0.20059423751666569,-0.97836612959450997,-0.050612926583691639,-0.35170915787364621,0.023699495963056046,0.93580927659374458,3.1965647503156922,-14.286990180310655,0.074250560789298287,,0.3396308870095773,0.7692307692307693,True,5
0.91500662615505102,-0.15676715560665569,-0.37173503065402819,0.20395376663737796,0.97474622239514574,0.090954180777032448,0.34808868865100839,-0.15904043778043908,0.92387250418216771,-1.6151225654383685,18.129881892031204,-3.8188243642442727,0.2938119842562841,0.2715694146149406,0.8571428571428571,True,5
0.71626918151637153,-0.53453446359310464,-0.44858819293545987,0.64532006268586373,0.75201435759105462,0.13429974933717734,0.26555691726065511,-0.38567773232084263,0.88359052195396048,7.7570383282587061,11.569231396314359,0.23171800981128973,,0.1564831402136355,0.3043478260869565,False,3
-0.18014175818845243,0.92843417626742186,-0.32489833378367211,-0.98296770199569339,-0.18213099019817577,0.024551970241450904,-0.036379166978893929,0.32378740362785163,0.94543020549475532,12.670073885794899,14.172688141769152,1.9319109430620227,0.1786599349043681,0.1570088341922571,0.5641025641025641,True,5
0.883975855573642,-0.26529838216447815,-0.38497201870234449,0.32296849661572885,0.941876415565291,0.092521175931001343,0.33805034677784868,-0.20612031977170478,0.91827902993620969,-12.573263419307002,13.717670598117934,-7.7930284913168091,,0.1023850276315693,0.2222222222222222,False,5
0.90727299225742497,0.30583494454400956,-0.28865325949315424,-0.21748294336612653,0.92869001017371056,0.30039313299135317,0.35994011566518364,-0.20976141613584998,0.90908924833352744,10.985253069543171,-11.050804679013622,2.8597410556998044,,0.5816551139689268,0.3157894736842105,False,2
-0.75611643113209948,0.60416718774819833,-0.25153519002415875,-0.58772852540893739,-0.7959443925682983,-0.14507826977090063,-0.28785955428419002,0.03813834274736233,0.95691292384406179,-3.1880120323971992,33.796174895224155,-5.3691371354909228,,0.2018947114807029,0.2631578947368421,False,4
0.37475417846213849,0.87472077414682459,-0.30728305029914638,-0.90854819694173961,0.41250197011206874,0.066198931166418021,0.1846604439480253,0.25437313523570465,0.94931281910194176,-13.085322491140156,6.8914275182308407,-7.5940835604238934,0.5411506046299849,0.2265076975573739,0.34,True,4
-0.83310528980471066,-0.26139752854177795,-0.48744939036956525,0.41609032941944035,-0.87682070355631492,-0.24094458196571322,-0.36442339917056932,-0.40355518319959771,0.83924895010342926,-2.0093478301173846,10.914480719265427,-3.5090344229486266,,0.6226974927008752,0.2083333333333333,False,2
-0.51505405349689282,0.81944029358355663,-0.25146953538771871,-0.8418194245292403,-0.53883093106698898,-0.031643075241535965,-0.16142917475375834,0.1953940453984645,0.96734781157613825,-23.215428649957012,4.7029471655764743,-11.575684187565003,0.1611778829145143,0.2485034792914729,0.4772727272727273,True,5
0.62117977359408139,0.71465362537054244,-0.32156785383857406,-0.73660539746797271,0.67251357443430293,0.071679708583725688,0.26748491041301037,0.19234263164035723,0.94416954767404226,-13.804717155186527,-8.68072931189473,-6.85072641232997,,0.07015178397506351,0.2702702702702703,False,1
0.29718444063022031,0.94724030844338836,-0.12007167154403012,-0.94184158622514214,0.31148135259074838,0.12614988484000336,0.15689434248630929,0.075598710625990495,0.9847177261771396,0.59881665280860219,-7.1102295838565102,-1.3865462278158893,0.3176557033599115,0.1359268721987608,0.2083333333333333,True,4
-0.91096116405823058,-0.14069713996355412,-0.38775517067312815,0.16019814627488546,-0.9869160812114125,-0.018253837306073224,-0.38011355080786197,-0.078746196431207061,0.92158164317647617,0.69383226228082362,-15.245460714409939,-0.88496485687375004,,0.2406700687783506,0.3333333333333333,True,5
0.89912179497155431,0.27453331496930028,-0.34089801521730267,-0.23980081396961983,0.96052047567528087,0.1410531298058989,0.36616330704569117,-0.04507632172769846,0.92945820658750611,6.5149883985367918,-6.3253637743681423,0.92457258585993551,0.4896015752375143,0.3445030311562426,0.12,True,4
0.75945636634673164,-0.52674619729146777,-0.38179113564146105,0.58782880917127578,0.80705637567503874,0.055832764489589605,0.27871727381649331,-0.26683037705862567,0.92256069239646932,-2.6567160398429275,5.9875881748734052,-3.4686654427918224,,0.07410757562697634,0.1346153846153846,False,5
0.1844294542152726,0.95928158824404453,-0.21392664834901107,-0.97722999597502591,0.2022137301710781,0.064273962822832084,0.10491573468507502,0.19720152582138706,0.97473291050892952,7.4326966572895694,-6.8110292820119414,1.3156094701192032,,0.1635081573278177,0.1818181818181818,False,1
0.7193263262691395,0.65830855091279972,-0.22180957628388223,-0.63256825978799713,0.75269406949567685,0.18250762848392052,0.287101085064008,0.0090271557607768949,0.95785775426936026,14.06099079807449,19.218629546098217,2.0606682233480047,,0.3879644592755782,0.5882352941176471,False,3
-0.87116690270708308,0.37460826129777769,-0.31739073426173636,-0.36524160022081104,-0.92645749479682171,-0.090967487614746115,-0.32812619690583905,0.036676435244631433,0.94392162704424643,-3.9211259548097241,1.9656359917641892,-3.6124696419176323,,0.7241927812054916,0.2353870458135861,False,1
0.73648473373198986,-0.55030738384608957,-0.39338533305677947,0.61888951306335882,0.78291101192902679,0.063451698326100231,0.27306777107509278,-0.29019326436831777,0.91718147698006902,15.348907143974365,-10.782963666823932,4.4901945838256472,,0.08549622564874801,0.35,False,4
0.92774404831956325,-0.058144516453229156,-0.36866000056155768,0.10466042464690289,0.9886866832339235,0.107446907394459,0.35824178472137708,-0.13826734105465269,0.92333361580596574,11.647848203339851,6.1252459343876842,2.1502757866960764,,0.07694403016612249,0.2432432432432433,False,4
-0.72107175423006176,-0.5827274414951138,-0.37481229192776067,0.62324490386638165,-0.78185163481135822,0.01654723382901219,-0.30269013042411319,-0.22166810792571442,0.92695303811599206,-9.5778345674642011,19.568707588004457,-7.1051500477044138,,0.08292860004371111,0.1875,False,2
-0.27751217996027971,0.91936741411593048,-0.2788378522286416,-0.95769205309768479,-0.28776211594466972,0.0043469599249419885,-0.076242517057321518,0.268247129507167,0.96032835848158227,26.790743272924416,10.260455764278063,7.4943251304547776,,0.5103239494055132,0.1363636363636364,False,1
0.2124518885622427,0.97595226358756504,-0.048799326272451926,-0.97030577505523818,0.21660546995440658,0.10765116478833445,0.11563259895371583,0.024479574835758133,0.9929903587019715,17.218688303426141,9.3349687053315638,4.0699210496739928,,0.441805633542949,0.3809523809523809,False,1
0.90551063872799908,0.27298294593068817,-0.32485503594898058,-0.21486250376789701,0.95515925852035999,0.20372750265348605,0.36590242910508397,-0.11467825466861015,0.92356066951833737,10.889229758031702,-6.2064243610010816,2.5882298587486963,,0.1883691633340438,0.3888888888888889,False,3
-0.21306956209526026,0.9492916417247701,-0.23118551135403181,-0.97598000461331502,-0.21779855279238913,0.0051788991624550987,-0.045435584111222477,0.22673590221451928,0.97289590313837793,6.7556260620114585,-13.299758298859095,1.3925743520853631,1.137126352847527,0.592633154526939,0.4375,True,3
0.89695338769996802,-0.29038233150416354,-0.33339574358974261,0.36936405476659284,0.90659667575185021,0.20408983943860734,0.24299138943578358,-0.30620347657383196,0.92043175499010599,8.3878181704859323,12.770676527711789,0.33802952272685938,,0.2722825990624162,0.5789473684210527,False,6
-0.17824949663021439,-0.81665512578734523,-0.54890939368563418,0.98042594367101221,-0.1948076901013607,-0.028547028815225722,-0.083618693650883771,-0.54325350381072335,0.83539424505408932,-24.626924834718704,5.6421126284933436,-12.099262424158272,,0.6067009382293248,0.4222222222222222,False,2
0.808472304819702,0.53113616187391943,-0.25350919093666097,-0.48578912192770157,0.84541146079611962,0.22200988935469573,0.33223705596491149,-0.056336839673635425,0.94151192193161071,8.1403266525174391,-10.808279688534574,1.7024159969048851,,0.1284166479134314,0.3333333333333333,False,1
-0.91439232157006645,0.23671432189447866,-0.32840982333624125,-0.19932531085390537,-0.9693387829747675,-0.14370714760926448,-0.3523579184674272,-0.06594432220467511,0.9335390959473886,13.831055902118303,14.890228875557833,2.2468204722233396,0.7200745164245399,0.3788068978860294,0.3,True,4
0.74637718715364521,-0.53250247163494857,-0.3992019691826233,0.60826581297587434,0.78922264755577698,0.084500374850349225,0.27006257656589883,-0.30589006242067041,0.91296082854132754,1.7485623311906802,-9.7077944966200818,-0.68874700051949445,,0.08248211485167911,0.3703703703703703,False,3
-0.93459682376435371,-0.062322929540295363,-0.35020655257019229,0.13950715869750971,-0.96987431727557216,-0.19970368389539761,-0.32721022245909637,-0.23549874976899646,0.91513595119824132,20.102257948733946,-14.358652418915321,6.5375866835446681,,0.280206777555278,0.1578947368421053,False,2
-0.93739026788428759,-0.0057811606791618175,-0.34823277252008594,0.081726029486860974,-0.97559585456257858,-0.20379790152164337,-0.33855626087865653,-0.2194978513368967,0.91498653076334902,16.964034692281551,10.496026320435933,3.8176244514647024,,0.2079960863252427,0.2,False,2
0.45864258194383845,-0.71133996346536155,-0.53258092193110751,0.87590904361406552,0.46290227216373026,0.1360324731112019,0.1497675844199387,-0.52888273067170077,0.83537580037625125,22.003782324148919,11.937021948866562,5.5647761033265635,,0.1906094066035129,0.2941176470588235,False,1
-0.34370618250572038,0.91698421047851575,-0.20249942676569779,-0.93391602081923109,-0.35635241192785799,-0.02852761066704107,-0.0983205276863202,0.17931234270481775,0.97886677213459017,1.1643308233763681,-3.3036079372335192,-1.3443063604525374,0.4894601699193579,0.3238735178902074,0.1523809523809524,True,3
-0.92971883895786001,0.056317889203598856,-0.363938423146694,0.040744124300772629,-0.96644081974164697,-0.25363765152685536,-0.36600928515792347,-0.25064005524406197,0.8962236137736167,4.1185509509047664,-11.4728429345358,0.26130836618483322,,0.2786866281345914,0.2105263157894737,False,2
0.90770278879204092,-0.13256079174170188,-0.39812470874333533,0.23632546846580582,0.94550416790167913,0.22399138696604359,0.34673609586192478,-0.29740461491605591,0.88956426122740739,12.63313374753654,-6.3997358988475854,3.1974454710892437,,0.6284068302222067,0.2857142857142857,False,1
0.90417242317087398,-0.20273845483015043,-0.37599115429806929,0.25212622046717809,0.96381083438044357,0.086608570498597159,0.34482546038575429,-0.17310630971734572,0.92256685795978821,-3.2956076205335703,5.2294207960082089,-3.6588464068621542,,0.07115417561281885,0.2589285714285715,False,1
-0.0016179446687732998,-0.8544887419468421,-0.51946739276026932,0.99906648622001581,-0.0238060295358812,0.036047594506815238,-0.043168719775316618,-0.51892413977752094,0.85372958176996527,1.891422093831358,-6.1743769821243166,-0.88067631553089587,0.8206724683987492,0.4139306831634069,0.4459833795013851,True,2
0.91389357678444438,0.23133861359438376,-0.33358803361686046,-0.19461027339431378,0.9708236850136851,0.14010072842722793,0.35626587235030766,-0.063117497389216681,0.93225040076247567,-14.006142677825203,14.737660590042848,-8.455485908253408,,0.1905021262665159,0.5333333333333333,False,3
-0.93083572941011783,0.074132078273844382,-0.35783974042067207,-0.059540481930424029,-0.99688925060039513,-0.051640614334793056,-0.36055481672698009,-0.026762978313009025,0.93235399239065331,23.900065173863929,18.289088783464642,5.8058765782152539,,0.6296820230066622,0.3846153846153846,False,2
0.76973643074130993,0.58588116279829805,-0.25347404259163164,-0.55401896310702015,0.81037212974609429,0.19068298258786409,0.31712586729475772,-0.0063462121691294227,0.94836222504043977,-3.8809275779002985,12.784179468147945,-4.3241844349819596,,0.1375020548932515,0.1904761904761905,False,2
0.50363328801925078,-0.75732077705281931,-0.41571474816637644,0.84736429423100712,0.52677797935010273,0.066923189809002331,0.1683070529161135,-0.38596658030966624,0.9070295115500685,4.2443732037246429,-6.1929205583367111,0.037685608419007699,,0.9115917056033613,0.63125,False,1
0.87013656449667587,-0.31017302595435586,-0.38295568032899302,0.36813495451230888,0.92572341580053408,0.086676482997485871,0.32762633348396103,-0.21639974909623089,0.91969132549945565,-6.1382842137687756,-16.181200536290909,-3.4679009607676639,,0.1604416081232585,0.2,False,1
-0.33865612489527436,0.92064279584630859,-0.19423921212569281,-0.9329231635152555,-0.355389620279773,-0.057901543797107095,-0.12233723900597829,0.16160154780722968,0.97924386120041762,17.554385823904052,7.8969344717834966,4.3135202688742513,,0.311075235524372,0.2727272727272727,False,2
0.5624387604942177,-0.66782192191862255,-0.48752079063220033,0.80406073100157438,0.57920014072495085,0.13421452173819345,0.19274071068392051,-0.46748377254094603,0.86273399194418132,-12.336897275895804,-25.010363694015901,-5.4965886449118475,,0.300704487946354,0.3157894736842105,False,1
0.53320049733326558,-0.66609308918662069,-0.52155270700225831,0.81824850084339351,0.56263050307276541,0.11796740176687301,0.21486419085342739,-0.48965999790662107,0.84502453570236069,10.885600223622397,16.394316497433842,0.99889567713827088,,0.1539590608063066,0.1363636363636364,False,3
0.50040002765709224,0.82951164875994055,-0.24801257406096761,-0.836410385510307,0.53715410089670124,0.1090098110279821,0.22364587930762661,0.15289178022844085,0.96260408486942184,-12.692759521809132,5.9545883802233615,-7.3885154593532611,,0.1682064340855,0.2142857142857143,False,1
-0.29063774060978126,-0.86638067793167051,-0.40609632433685172,0.94538265799295029,-0.32547698150365734,0.017786637609555043,-0.1475850049951799,-0.37874695433485384,0.91365716266149066,17.963866694506603,16.220771029666334,3.7556750017091929,,0.1404076547104984,0.3333333333333333,False,3
