axis_00,axis_01,axis_02,axis_10,axis_11,axis_12,axis_20,axis_21,axis_22,location_x,location_y,location_z,dbh,dbh_approximation,score,reconstructed,number_clusters
0.2403580458939473,-0.9121163879642622,-0.33207183647679328,0.96636153377218381,0.19260003506185891,0.17044240241102873,-0.091506261094612573,-0.36186865200124452,0.92772715971846287,7.4169404272684121,-4.6054875659919094,2.3003324389073558,,0.07704995711559331,0.3090909090909091,False,5
-0.96625685443657572,0.088828559412240493,-0.24177919324681185,-0.10920888547500476,-0.99139221716131998,0.072214202794662868,-0.23328332685307887,0.096181904663546078,0.96764039323896101,-8.683776953524271,17.222837610472233,-5.5534375185269873,0.1218038650835236,0.1365932157766925,0.2456140350877193,True,2
0.18741807430415014,-0.86617964874565134,-0.46325725199179052,0.97599341302363263,0.11093587099419742,0.18743022771485116,-0.11095640206227941,-0.48726383882412205,0.86617701898386501,6.3132559889192716,1.5826109027678443,0.73464208136034326,0.3514753048528051,0.2495273053544895,0.4292452830188679,True,5
-0.93097252073374148,-0.25584744912239765,-0.26044624861231103,0.23781925041133603,-0.96624189065676458,0.099088913980485679,-0.277005721551837,0.030309924407757372,0.960390097153205,9.599125825909459,21.110173666603821,-1.0137909646898566,,0.08943106324359582,0.2222222222222222,False,2
0.40589886605136943,-0.83819126606526684,-0.36425473508262957,0.91286313108909167,0.35269260950574716,0.20564247396451216,-0.043897772567990823,-0.41598476497575076,0.90831143385495106,2.6460826566623985,-10.835323463946512,1.9351171693866445,0.3981398101007244,0.1576907315655115,0.3461538461538461,True,5
-0.33307939340956388,0.93730302853222558,-0.10257265907753127,-0.94094043961361717,-0.3234074312923646,0.10019342535619452,0.060738840832286672,0.12988712826601778,0.98966667475729309,-2.99679252706055,12.235755387655558,-4.0779629452096842,0.3467679634880762,0.283940591355321,0.5977653631284916,True,5
-0.91830961806691869,-0.28343890638234376,-0.27635092132028616,0.31032063376254243,-0.94886143257526534,-0.057992120433978944,-0.24578150790286102,-0.13901211501159169,0.95930552080815212,11.564293590206443,11.435730168151677,0.97932220131908931,,0.3479790161118156,0.6666666666666666,False,4
-0.82071171437412915,-0.44566976221796134,-0.35750628656523331,0.48946131530655018,-0.8712152072302729,-0.037572376942289487,-0.29472004123822149,-0.20582158714599702,0.93315463432233081,9.6776480249964596,11.356088339946226,0.28996003315917418,,0.2835881855348776,0.35,False,4
-0.73300603121083274,0.637980046509112,-0.23597376647580059,-0.66882833735057767,-0.73919873509286937,0.07908150981085868,-0.12397908438686941,0.21579316553898115,0.96853626485602518,17.34807036409531,-3.3108322270933264,5.3540611475888609,0.4615532849166366,0.525155936662909,0.7956989247311828,True,4
-0.35328421600075599,-0.88492191769929773,-0.30348552238966542,0.90510323682221328,-0.40535802601187593,0.12834719101603934,-0.23659753468428935,-0.22934269188956571,0.94415228446377442,-7.9014777739347251,-2.8568501978869465,-2.427643856425191,,0.09038799581371747,0.1717171717171717,False,1
0.43723302575599976,-0.8203680220205527,-0.3685425207955515,0.89884076531264323,0.38484585887494893,0.20971157221046499,-0.03020860474161674,-0.42295386669575363,0.90564754007653303,-8.5431044127601794,10.584662539352898,-5.0827198984986026,,0.1125229749449049,0.1780821917808219,False,1
-0.41871545913040675,0.90529629150960589,-0.071526141124525655,-0.90576569725453715,-0.41066887048305611,0.10459244950363938,0.065313597069929841,0.10858040060307286,0.99193973135602409,-14.882183961428206,10.95431235082374,-6.1129435413473869,,0.4450788129686854,0.2307692307692308,False,3
-0.8038027829467993,0.59028558831341382,-0.073918944503198414,-0.58355238682880528,-0.80651457575610241,-0.094872814437847813,-0.11561876125173033,-0.033123455774429933,0.99274122445085067,-16.553842547172774,25.151710459277378,-8.0745731061394093,,0.355399107417532,0.1612903225806452,False,2
0.74285010733806545,-0.60657128253341508,-0.28327547940757686,0.66764641771579369,0.70235452023673617,0.24687322417445745,0.049213605223480145,-0.37251766013008281,0.92671927461994419,16.468142943140528,-4.923910407128802,5.4366446256220344,,0.09897321046067244,0.375,False,5
-0.47496744513985412,0.87933297540153499,-0.034343040471152747,-0.87983205029277312,-0.47374319001937765,0.038248571056696476,0.017363448244373442,0.048382933786071197,0.99867792725348536,8.3365765876879241,24.837313357320522,-1.9604783832577151,,0.2249165648678281,0.5,False,1
-0.92724398869064972,0.29234849563402232,-0.23398919320681905,-0.32515885405212241,-0.93852746626233607,0.1159220199216271,-0.18571565649821928,0.18357165405291645,0.96530365313703825,-13.006030975698939,9.9766824963170713,-5.8043511274616693,,0.1031848112523396,0.5,False,5
-0.12940108981961992,0.99007973507650671,-0.054749211358063821,-0.98598547488607113,-0.12260988194957928,0.11313469919525143,0.10529957866574997,0.068621680532798823,0.99207009011141489,-9.488822688734242,18.050590861669271,-5.7393871091412647,,0.4046508803317223,0.4596273291925466,False,5
0.65685744804698398,-0.68417547130177636,-0.31692620184231385,0.75229081721088398,0.62306104530320594,0.21413421063869317,0.050958996118285166,-0.37907632251918327,0.92396121261660535,-8.5456464563800054,25.452086484946221,-6.2248634763238577,,0.1208330364356354,0.3157894736842105,False,3
0.35964096864391376,-0.8325012640634748,-0.42142617266323779,0.93149928942677573,0.29395622970221497,0.21424007285443042,-0.054474282650444114,-0.46960768770536154,0.88119303911103608,-10.153016513938288,-5.9964995019665848,-2.3721613126522954,,0.1142584903123542,0.225,False,4
0.90440660815565155,-0.31310001483068717,-0.28985697824515694,0.38896926019470068,0.88423613430414283,0.25851377799733127,0.17536134621967622,-0.3465470235103596,0.92149528417031712,-14.883364488921922,14.551259631218654,-6.4381788445523123,,0.1516029875821696,0.375,False,2
-0.84150325384809099,0.52994609369129231,-0.10502100525330962,-0.52028804060095846,-0.84730410297543357,-0.10665885752534501,-0.14550817355286649,-0.035112602614110394,0.98873377436343957,9.7199323407028864,29.890961895591872,-1.7959425633364652,,0.350321896019003,0.5833333333333334,False,2
-0.53314702592140639,-0.74356122108959166,-0.40357274343408545,0.80945518452898879,-0.58705346255623048,0.012269325159959737,-0.24604177082418199,-0.32013269528821281,0.91486529304439379,0.57613652783986713,14.556312004005552,-3.2570623736450925,0.3164057308366907,0.5338537491638685,0.5511111111111111,True,4
-0.93955573343365639,0.26567428342588451,-0.21599120097375965,-0.28128834680868514,-0.95859061011497582,0.0445073943186476,-0.19522266702814262,0.10257298535940917,0.97538038372364133,14.830686801776004,-6.4234673929482851,5.1364118224014703,,0.1046007038448218,0.3846153846153846,False,5
0.0025161265643071197,-0.89074329553892395,-0.45449978059353463,0.98671037106693549,-0.071631331806749021,0.14584785199838593,-0.16246942092610553,-0.44882661881404734,0.87872541416980043,7.9159172564782203,-12.830403714535308,3.997924207369802,,0.3690119673645113,0.2692307692307692,False,5
0.90861031283214055,0.34036374382749646,-0.24203268643472958,-0.30510717063708137,0.93668626575375069,0.17183845313005722,0.28519627248776702,-0.082288282495300027,0.95493021981873594,2.5431107042340368,-12.058260557817116,2.2268190335786029,0.2193065298476373,0.1563930647346135,0.7314814814814815,True,5
0.25770768865443866,-0.81855328685076323,-0.51337828527723994,0.96214148511008002,0.16861475852041957,0.21413272949101164,-0.08871589394554405,-0.54912619660230477,0.8310173947436541,9.7679266506999483,4.9362314903051274,1.4562496989703406,,0.1515948860131713,0.125,False,2
-0.935421865488548,-0.23281148325089751,-0.26605402991204929,0.21695811454328456,-0.97221243230226939,0.087932718658802839,-0.279132782201854,0.024531607028936177,0.95993910752548783,-0.68375787678211375,-22.976441215709325,3.1572569923133238,,0.2309784934831903,0.9354838709677419,True,5
-0.25501280911774482,0.93805209606312845,-0.23457777443195338,-0.96292267532918985,-0.22428258455566413,0.14992412615022174,0.088024931256734273,0.26411283069287489,0.96046656586298962,-2.5546201934413548,-5.4540070414862241,-0.59575006405531161,0.4231700126836941,0.3693637949168481,0.7301038062283737,True,4
0.9290201374635233,0.28326000011559915,-0.23808686759619499,-0.24328240143980678,0.95238380287818225,0.18379000289725611,0.27881043261854105,-0.11282226885594647,0.95369590452788433,-7.8687666033898038,-4.3458425026780789,-2.1206212017380124,,0.06917806010146785,0.1388888888888889,False,2
0.5986931213259612,0.78941848802742853,-0.13559128746887406,-0.75197632680477211,0.61225555527117492,0.24428413572065605,0.27585893206887641,-0.044289793407440436,0.96017720437310183,-4.5517766183245145,-2.8769046154754685,-1.6988046953798068,,0.5727818336144562,0.3642857142857143,False,1
0.92810763946081132,0.3016552082161576,-0.21822086272982075,-0.26056501368175378,0.94493156885820973,0.19801566559287667,0.26593623901136176,-0.12691912988682627,0.95559900128100939,-3.0909227927385579,-9.6260664794439261,0.12618735576763443,,0.120931073809942,0.4761904761904762,False,5
0.84357473213871048,-0.45816898176409943,-0.28011221938064612,0.52800704911221596,0.80277610081646955,0.27705430522862362,0.097929706345484091,-0.38161723769656131,0.91911808626962266,-4.9036997855822007,-18.015668833605169,1.2024979925970571,0.4555720765121007,0.4685329637637083,0.8641975308641975,True,5
-0.70855308761382829,0.68118665577740523,-0.18422068837051259,-0.70222421968849069,-0.70637504837678888,0.088968737844142776,-0.069524580658937837,0.19240330304203235,0.97884998935624168,3.8714478919675477,13.433273384668077,-2.1685921576141127,,0.07439003408159042,0.2608695652173913,False,4
-0.43204568304412722,0.89107946849863739,-0.1389744889651329,-0.90128568395570674,-0.42115828364624397,0.10153726415776698,0.0319475141353395,0.16912445398680903,0.98507678655231579,-4.1563868825358687,-5.6120481509361024,-0.9689952023887114,,0.0771445537408134,0.22,False,1
-0.58872034031869036,0.78650920736723029,-0.18657874375613648,-0.80799639364249565,-0.579279680664057,0.10759590805635233,-0.023456102740396598,0.21409885169313966,0.97653033385958499,10.192513167331631,-6.8854371475916514,3.6661388539864865,,0.07696189115657422,0.1,False,5
-0.0793860894043045,-0.90721184528229903,-0.41311562133206514,0.9788130196427558,-0.14940729043934178,0.14000905021249355,-0.18874035442088727,-0.39324817780005111,0.89985162625291593,-7.5513379945559791,10.356436330360465,-4.8538195512615783,,0.1557049193614015,0.1779661016949153,False,2
0.19264609873944283,-0.93596955012329675,-0.29470066488297236,0.97595498413027182,0.15154684035275523,0.15666979329269903,-0.10197720133320679,-0.31779640718719526,0.94265905500724723,-9.0544803838685866,-7.865364996245229,-1.7004132939462604,,0.1011137532493101,0.3409090909090909,False,5
-0.88785825987810751,0.42488050656211773,-0.17659067220478492,-0.42346065888517659,-0.90466442663897895,-0.047574631375347926,-0.17996883269819741,0.032539672977555639,0.98313396286557131,-6.2990392718806634,13.700363973858453,-4.8530863346915396,0.8567954201710818,0.5187653817029956,0.423728813559322,True,3
0.36912778596598061,-0.88616372844729552,-0.28010448766887114,0.927695801844726,0.33319758238973612,0.16840389048150095,-0.055903281366333421,-0.32201431252977364,0.94508285650436663,-0.24044537171631458,-8.2753750770960259,0.65226744523283986,0.2335184479774977,0.190038801364652,0.7094339622641509,True,5
0.40664001005045125,0.88825670492457531,-0.21364439703091637,-0.8804187781435201,0.44345173491408763,0.16796825263708504,0.24393990513738995,0.1197939270506676,0.96236310076983889,-14.683080893628471,9.9867697374346065,-6.0270966979842955,,0.1361720549386912,0.5142857142857142,False,5
-0.96115889640957275,-0.085530204909447405,-0.26240838382353665,0.10047023208481344,-0.99396534452059015,-0.044029834849663441,-0.25705895883543195,-0.06868389869694988,0.96395187314628494,-13.846973767977207,-22.199385599656065,-0.20821527981898164,,0.3201000377292913,0.3214285714285715,False,5
0.96855902293847806,0.035388884720856474,-0.24625402722123063,0.026321746733929216,0.96969861637608123,0.24288219170451494,0.24738751935644515,-0.24172757442320839,0.9382788471611927,12.955981143356068,11.073664103070799,1.5201725522276994,,0.09973513301056759,0.375,False,2
0.55003516871373426,0.81335108140410683,-0.18952923668084687,-0.79065892635115165,0.58022898126662481,0.19542976098726483,0.26892336335710665,0.042359741229916731,0.96222963837310505,6.9516342112322267,0.94408551117272099,1.1173616632529639,0.7327420138164249,0.4274112720560617,0.8731343283582089,True,5
0.93364552929696931,-0.23623372644376642,-0.26925759434837654,0.30166198984748416,0.92388992705235395,0.23543034335542595,0.1931477918720261,-0.30103326922732165,0.93384843594304545,0.42299511197554629,-14.536180465600744,2.0461703578477382,,0.102379918018624,0.3207547169811321,False,5
-0.26204885644459153,0.96095520507746357,-0.088856573592570043,-0.96124119760650639,-0.25172743712647766,0.11246625014529803,0.085707390930370289,0.11488425145451939,0.98967461920958821,12.932891071132213,-13.624428385870898,5.6309524410284695,,0.2201952943357627,0.2142857142857143,False,1
0.41471631311016777,0.90820397217389737,0.056355341963857997,-0.87555153263316465,0.38140499568521408,0.29654635888858477,0.2478303721177548,-0.17232461865304055,0.95335425339275559,6.4142194807957473,-5.409649518744847,2.0479345005279166,,0.2107855093872235,0.2352941176470588,False,1
0.67862691904196015,0.71901878021816168,-0.14992497605537841,-0.67335652540087976,0.69057679347002665,0.26399750381530601,0.29335387239931421,-0.078202851701489468,0.95279998926011955,-3.5786184959405487,26.57393229237444,-5.1816258559824746,0.4179768640868543,0.551612512499313,0.9,True,3
-0.97401157358504087,-0.015025057936205233,-0.22599934105303415,0.0099458836114473519,-0.99967209563724246,0.023596198919121972,-0.22627976913895664,0.020735207697462364,0.97384162841817501,-5.0387737551544802,18.716347205332038,-4.8995342703325484,,0.2041484349971646,0.3783783783783784,False,5
0.021475590133237792,-0.93539170134225902,-0.35296057016112053,0.9878408949280103,-0.034520180011475401,0.15158734604116247,-0.15397780793431556,-0.35192431321522744,0.92327683412491912,-2.8301449362294324,4.2833561568294245,-2.6261911020187751,,0.1202046246896587,0.3012048192771085,False,2
-0.92611767066860462,0.30213876242425713,-0.22587215037736488,-0.32595685771418592,-0.9423267498530995,0.075976466227292608,-0.18988993386815034,0.14398772431020418,0.97118965617613373,-18.705928429477183,11.892204080234183,-6.9039159130207839,0.4586116626380262,0.3082491338055812,0.2790697674418605,True,5
-0.76315259107254596,-0.57666532900487077,-0.29164228270771031,0.57718034676423735,-0.81122300187061203,0.093702126684233458,-0.29062169576336594,-0.096821173096269322,0.95192683037715031,6.4480655960139917,4.6606587027519764,0.27676606018727656,,0.1378112853910865,0.2857142857142857,False,1
0.96701798090692648,-0.053578842545528312,-0.24900910070552335,0.11004249258428044,0.96956123966887753,0.21872734707299066,0.22971041427965472,-0.23891485965345777,0.94347910173370475,24.605157573762423,-2.1274990908345268,7.427292106943761,0.4293195210288439,0.3015437180031358,0.45,True,5
-0.16492499624313467,0.9785084451354914,-0.12377789953269135,-0.98160552742839025,-0.15060365804627182,0.11734192219796735,0.096178657384235589,0.14085368643242779,0.98534760611784167,-7.2781788578629047,7.6848852737722755,-4.4844531382662769,0.286442129379952,0.1749168722000239,0.4977578475336323,True,5
-0.93583292402410279,0.28188856950961144,-0.21155512920353226,-0.28712510576672856,-0.95787300497017103,-0.0062032239891685048,-0.20439156526369467,0.054937607603898056,0.97734638041986777,10.117911931944105,7.4978062403753345,1.1417209256270233,,0.1422277861069146,0.2615384615384616,False,3
0.94762369384686707,-0.10744584017929837,-0.30077354652326826,0.22665983620107794,0.88970879007741266,0.39628725378478646,0.2250214512292561,-0.44370447404455127,0.86746278663671128,-2.2818460075509064,-1.014073608541699,-1.445924183048692,,0.3220883749697999,0.1724137931034483,False,5
0.01323509873886464,0.97666392536258162,-0.21436513022580228,-0.9871124532367529,0.046954809296251801,0.15298447813052959,0.15947989474002777,0.20957772491203661,0.96469857488979605,3.355929218467971,4.0096284624227057,-0.69233085621313495,,0.0729344004247816,0.2241379310344828,False,5
-0.67140554008435838,0.71798342824309613,-0.18361480744298114,-0.73959090994564658,-0.66490746545020274,0.10441909937534977,-0.047115673292469476,0.20590740432747798,0.97743657296692099,3.4114519894249389,16.559240505263947,-2.6158507821931969,0.302331841710566,0.1306324887140211,0.2352941176470588,True,5
0.53025827512683732,-0.7301560594705695,-0.43092724499377211,0.84649077961780561,0.48455563167904359,0.22058830392875267,0.047744336643752799,-0.48174471312774592,0.87501000548103147,6.0719908184803959,15.568335937087355,-1.6223031278122744,,0.4266965507517373,0.3650793650793651,False,5
-0.96449065088545938,0.082131696430417858,-0.25102224761165171,-0.076889199522534132,-0.99656877695595303,-0.03063859972812738,-0.25267733446300172,-0.01024974331279337,0.96749630873233561,2.2521502443397949,-15.642587365037587,2.7492413807783418,,0.590152606835158,0.5652173913043478,False,3
-0.83011609839211753,0.53184041920282921,-0.16749039283615336,-0.54271510669506373,-0.83957810641605313,0.023851964107844667,-0.12793582827033148,0.11069946580266385,0.98558513184594609,14.415078471297456,-3.7849465556537703,4.4523563045411052,0.8417490970507214,0.540172631945442,0.3698630136986301,True,3
-0.49535320946871669,0.85030224692506573,-0.17779563195766959,-0.86864373235546077,-0.48269038022912819,0.11166048125381986,0.0091249169101314948,0.20975243910010904,0.97771194642539716,-11.480536584523685,10.987297416550707,-5.6698554635787861,,0.07831913772721263,0.2857142857142857,False,4
0.74650515983410914,0.65257209187454568,-0.12992194290238163,-0.60515861332982401,0.74704615972078603,0.2751455759396273,0.27661001256963685,-0.1267742093365378,0.95258343508236576,24.713999219603767,-3.1272933660150266,7.6721399959703751,,0.2009215975217675,0.2857142857142857,False,5
-0.94437404969666383,0.23316586131198586,-0.23192959142413203,-0.25796027151557882,-0.96261658608843081,0.082618439267909682,-0.20399547195742826,0.13785133044731993,0.96921765260171144,9.636588884733472,15.162317375145378,-0.25489979668900031,0.4695306524421218,0.1585121744079166,0.4285714285714285,True,5
0.79470790515946543,0.5671861104984891,-0.2161926491226015,-0.53758074232845521,0.82306517068448637,0.1832230069715664,0.28186218432886578,-0.029387767246108309,0.95900472792455382,0.71891015405446113,-18.779090681465146,2.8235710183457128,0.1796181584336961,0.1337872723787001,0.6829268292682927,True,5
0.47163698280151412,0.85174411710718811,-0.22823346693064359,-0.84124007469869722,0.51220365284668889,0.1730969518259613,0.26433632587068845,0.11036021467814183,0.95809547010795304,-8.1816063071758922,12.930157142362111,-5.1477342128736945,,0.07737407061942378,0.2631578947368421,False,5
0.18134798124104956,0.95868615081687858,-0.21916608754940453,-0.96228834671623975,0.21893910785999721,0.16145217503519282,0.20276599190673456,0.18162194603457435,0.96223667631445653,16.374040889255394,-1.4289994569595263,4.6634377441569388,,0.08414394836663874,0.4411764705882353,False,5
-0.9103796187517228,0.34922786115732257,-0.22192082090905949,-0.36432855442602374,-0.93079280659236241,0.029823742651753818,-0.19614702187724606,0.10800301934388717,0.97460848222313978,2.1705888851206292,-6.0184263101283966,0.93593261699954833,,0.4830586111071441,0.2352941176470588,False,2
-0.8203226988223723,-0.49435892123248615,-0.2875411740857895,0.4898568602252299,-0.86684644885689977,0.092830440020845353,-0.29514560184265204,-0.064703099632372807,0.95325892737015794,-5.6446908472650081,-8.3104316453809517,-0.76010799458616085,0.1554667959710299,0.1041004812399941,0.2765957446808511,True,5
-0.50478601893308417,-0.76687511142576137,-0.39635039871988731,0.82069368869000325,-0.56870286501613021,0.055126406257261673,-0.26768067624332487,-0.29745523158648696,0.91644281914789705,-22.054392401744526,10.504369913053775,-7.36201515287416,,0.3873277105820194,0.2608695652173913,False,2
0.24745415210930746,-0.90933672752019068,-0.33447445132137371,0.96429049385060939,0.19750529225959221,0.17645255169251828,-0.094394311657067187,-0.36619445041169485,0.92573826669014003,-9.3774827749973841,26.993110765634658,-6.5568703491218239,,0.298738204631107,0.3333333333333333,False,2
-0.95390048987804321,0.23724162847025823,-0.18382128584908133,-0.22737162386901127,-0.97104230057615737,-0.073341633135164341,-0.19589793278541401,-0.028164875510893757,0.98021974052650951,1.3016968629238712,5.1380827613154683,-1.5669007470775749,0.4129035983145423,0.4362375808535696,0.3006756756756757,True,3
0.2425662652434922,0.94232345734066814,-0.23062547281545623,-0.94648256874987402,0.28204132872298776,0.15691856469140472,0.21291395919117839,0.18021983974496394,0.96030643824970563,2.3739118322333135,-9.550778528027406,1.684728831198921,,0.07705993063155028,0.3207547169811321,False,5
0.9571977078642161,0.10832419511454308,-0.2683997332567199,-0.031204682427659801,0.96054118626597396,0.27638179621918907,0.28774783379563595,-0.25617669339645793,0.92280804391074589,-17.599756760717092,16.580816910918898,-7.3595972064552049,,0.3668723603741653,0.5652173913043478,False,3
0.93537296636324385,0.28268763616522735,-0.21252085581453314,-0.21363186748750984,0.93051951161053459,0.29748086275572572,0.28184896485640076,-0.23285432972441764,0.9307738834636301,19.775912902294188,-1.4398388510389628,5.8178006382033862,,0.2601315254841817,0.2258064516129032,False,5
-0.48990547655698785,-0.81552933403624572,-0.30806578739916546,0.82953446572597078,-0.54475674257651219,0.12293356575872769,-0.26807684385675401,-0.19532536124073802,0.94338900197319286,-8.7777676006397787,-10.832794563271854,-1.1330915237511394,,0.1055829273119309,0.3333333333333333,False,5
0.60594739117490504,0.79496657434364093,-0.029255850776624931,-0.74581044137197761,0.58050482085956523,0.32677352784358338,0.27675719443017854,-0.17618824772141209,0.94464975345150848,5.6144929086574678,-4.4704798980478451,1.6834095657963164,0.4969567509356925,0.4254205397037579,0.375,True,1
0.93763580032499749,0.2517862527246979,-0.23967225306187834,-0.20732148132927652,0.95846981659861041,0.19584027688108807,0.27902850988445066,-0.13393764821095416,0.95089631246702311,8.387276556445034,-10.548648553637758,3.7389158053349516,,0.1023844833951946,0.2941176470588235,False,6
0.93088121608837449,-0.26029022408608637,-0.25633798153813109,0.3095724141114784,0.93459745921772541,0.17519277851830103,0.19397185866774494,-0.24243883449024023,0.95057789242964885,16.956114322038292,0.31614197908137864,4.5558478263075051,0.7348267052901588,0.6858730717483512,0.96875,True,5
0.37674021570278493,0.92375912684770667,-0.06881776978210144,-0.89381959113163001,0.38202397097589857,0.23482807351143492,0.24321461383211571,-0.026958508218538818,0.96959779829222281,2.2032047694684946,7.1765059558261983,-1.6453633481856866,0.5266281845465804,0.4058377182070204,0.3595505617977528,True,2
-0.42883838533510082,-0.84505582176596328,-0.31934040984917089,0.87463225933585831,-0.47685382848699331,0.087343214884439246,-0.22608858925703351,-0.24184930092259965,0.94360630850530791,-19.353821168502257,29.723073443379981,-9.1697876452132814,,0.3681956691812056,0.7333333333333333,False,2
-0.85832834568141458,0.43760718995513403,-0.26790371087272491,-0.46602852221244545,-0.88334469533946169,0.050195275675279552,-0.21468550832389613,0.16793479840463144,0.96213722306150573,-4.1218479395833665,0.47523945167020798,-2.1371570323876332,,0.2981872359153172,0.2884945621064682,True,5
0.0099734212108389605,0.99621770696516609,-0.086318081526522372,-0.98264493487908444,0.025754363324922466,0.1836998767724391,0.18522813724116699,0.082987909353086281,0.9791851428996321,-1.7492864841728553,18.372355345224882,-4.0824396976016475,0.1331189709299304,0.1621164418762171,0.2352941176470588,True,4
0.2446106436934872,0.96650176804900401,-0.077717213987689993,-0.93894971781343073,0.25611112612784404,0.22974011075910916,0.24194846643435874,0.016775679767988716,0.97014406979498946,9.1878092915074756,-6.0466754156349758,3.2385975998941783,,0.4520948869870545,0.1904761904761905,False,2
-0.66002946226232539,-0.67123967499292059,-0.33734019573881774,0.69350559449920746,-0.71705234887339131,0.069899351738432203,-0.28880979786704991,-0.18781168145392538,0.93878414609826188,9.3114225759237499,3.1304273813921206,1.5888741106665658,,0.1409410421936868,0.2307692307692308,False,8
-0.79527586803230421,0.59872739709217393,-0.095193475074163536,-0.59621644954820407,-0.80086090839683766,-0.056104818776339244,-0.10982822503163207,0.012137107275724895,0.99387647703996829,-5.7783509709747207,9.3286120871630853,-4.2599047474128575,0.5849780494608031,0.2043875303034198,0.2147651006711409,True,3
-0.80636856756845821,0.54929731028089324,-0.2191853055197146,-0.57924929984196072,-0.80832067128984786,0.10529929248636949,-0.11933139515732216,0.21187297440614661,0.969984464229248,-5.8017961174001451,-14.736620841189094,0.39672399630402722,0.1858955769057112,0.1452736235490434,0.3333333333333333,True,5
0.95342025789761542,-0.15031569155236024,-0.2615243864414552,0.22460026501279931,0.9325007019369469,0.28283769523046443,0.20135673017464351,-0.32840163483185719,0.92282600388867386,11.380867905380946,9.019352231199397,1.2486692866217461,,0.2569349874573068,0.3611111111111111,False,5
0.96725050314439054,-0.01632605440560387,-0.25329809338893411,0.091906013027989383,0.95274129970308441,0.28954671576340996,0.23660039927316898,-0.3033438243769323,0.92303996407314592,3.5808844994844891,2.8257554785561427,-0.3973965558275756,,0.1006774407783022,0.3426573426573427,False,1
-0.84834621355925033,0.51269584181845385,-0.13210479068433237,-0.51041863446538827,-0.85828024344218878,-0.053177451117056906,-0.1406467899746473,0.02231585756554548,0.98980830617394966,8.3096905158156495,-4.0337162752637843,2.5009554118649797,,0.2272035900787923,0.6525821596244131,False,5
0.5156733443148136,-0.78369004883519322,-0.34628154631725605,0.85643457863031558,0.48304906024401767,0.18216316291634552,0.024511517486511744,-0.39050417763970902,0.92027478111509975,6.8569509039096888,-6.9180696461875222,2.5654870316470766,0.7505394864309447,0.5203370616832217,0.4586466165413534,True,3
0.85713610033538923,0.46124591651117935,-0.22928129012984058,-0.42758298687661567,0.88534386071274673,0.18258980703182967,0.28721158548274806,-0.058467536291612554,0.95608109089369364,9.5789290624500136,26.131934042687668,-1.5397060651790639,,0.3356737425918559,0.7777777777777778,False,2
-0.22219874845195692,0.9610036595627961,-0.1646198119707892,-0.974127378666512,-0.21166494843078598,0.079207321240547385,0.04127428156484924,0.17796043355956062,0.98317166241130027,-3.3038632980328129,-21.803580894817589,2.2257843883400841,,0.1645374263087855,0.35,False,4
-0.42252429276402903,0.90185364702797999,-0.090184374292839292,-0.90549942902040415,-0.4157183125592035,0.085141462558805864,0.039293842621728442,0.11763623568128284,0.99227904844693693,-22.412439750319955,14.978284049757022,-8.1308441473338977,,0.4608397562793733,0.28125,False,4
0.57615627746467435,0.78981258811439103,-0.2103331157808902,-0.77114200764099594,0.6105743950464817,0.18038545441647419,0.27089471753702454,0.058266489251292269,0.96084393542388846,13.393172962073274,14.079775004551033,1.2731901910493033,,0.09198048462414614,0.2857142857142857,False,3
0.93537022445788964,0.2653423016743075,-0.23382901047513202,-0.21298010347805682,0.95042885890190187,0.22654902270569793,0.28235087873083509,-0.16210628337177879,0.94551548595002699,4.436506707766136,-19.079839323964819,3.963327730311387,,0.1460893830292149,0.2,False,4
0.58820158650881826,0.79521028819309525,-0.14717163850540388,-0.76702972850225193,0.60623945507560251,0.21009311912435408,0.2562894637363633,-0.01069208405749969,0.96654094073465724,-8.754296845692755,26.762028221677532,-6.4215865794896958,,0.3814124038137777,0.6285714285714286,False,2
-0.46680652308281262,0.86464733665249194,-0.18567889817393771,-0.88411240444324202,-0.45131143046715422,0.12109190327713809,0.020902782516313667,0.22068750746121307,0.97512055548718279,4.3275223010891173,18.431572969359031,-2.4770885883902496,0.1312213459653858,0.09088459967256204,0.32,True,5
0.74944672976089566,-0.56131394701363524,-0.351078697927794,0.65814704278330272,0.6892404828966382,0.30296868949118272,0.071917100374631476,-0.45812030038450058,0.88597614022575244,-13.927952075004036,-15.13777103108418,-1.4413297972720343,,0.3283723741423445,0.2068965517241379,False,4
-0.92931335700474005,0.28986826106596603,-0.22880794505255833,-0.29980471020922567,-0.95395683519546393,0.0091374132125840168,-0.21562425705134317,0.077089219806976611,0.97342869896084772,7.0806414475518906,7.8300848295786762,-0.057409179991876544,,0.726101505873465,0.7831325301204819,False,5
0.23691993956155122,0.96978209503086521,-0.058237705961829284,-0.94618573407309159,0.24392713700896057,0.21267841561187101,0.22045747634116403,0.0047159291934154302,0.97538518603530533,1.49173627799813,-17.97634959757541,2.9008107727552814,,0.4330568449529746,0.3235294117647059,False,5
0.80012231693650304,0.55889491264647817,-0.21780898640333735,-0.49100630810667639,0.81882613777584745,0.29738285339700055,0.34455345498139356,-0.13099707139083641,0.92958199420352949,-9.6352281910135531,10.89584207136496,-5.3214767347130216,0.2088128106401626,0.1633027723547462,0.4230769230769231,True,3
0.068513111078995645,-0.95694081014816956,-0.2820819729852338,0.98766791435175316,0.025162040847084254,0.15452819373974414,-0.14077657678156347,-0.28919052123708106,0.94686366381664988,-2.8610002734301534,8.1803099406179989,-3.427912210836638,,0.08823310847536504,0.3765432098765432,False,5
-0.97493147565917593,0.085320781430919035,-0.20549691487961236,-0.071299943846602654,-0.99465330487174208,-0.07470690138930916,-0.21077223673077208,-0.058182191121837305,0.97580218121285656,2.0179644765677383,-3.9297915255506348,0.47706864840838442,0.7268231469788499,0.7068292006745405,0.3851851851851852,True,3
-0.93202252100206207,-0.22602534643490241,-0.28327824327671869,0.23214448614586078,-0.97260420936117142,0.012247019433542339,-0.27828574864163586,-0.054346984294564596,0.9589595650500865,-3.8175135934753111,16.710725300071839,-4.4524301778197026,,0.07991964765322124,0.3214285714285715,False,4
-0.95855089913374192,-0.013785640678541485,-0.28458764885528198,0.0063824132168746007,-0.99961708396639526,0.026924900075022046,-0.28484985267930929,0.023992531204585263,0.958271840280707,-10.354133856571348,-15.732398844511289,-0.54139067881241099,,0.3524114461817474,0.1875,False,2
-0.78652260103744354,0.60432814318898931,-0.12716010933874311,-0.60741230013562197,-0.79419631395074086,-0.017392887943288443,-0.11150110179386477,0.06355871503423513,0.99172969807400102,-9.5789003385090847,14.560990296753708,-5.5994650467971958,0.7786054773035822,0.3942211236042023,0.3571428571428572,True,5
0.62942088161851506,0.76212162319484167,-0.15165746022346735,-0.73049301121332222,0.64686947349810575,0.21895169518589791,0.26497040278315276,-0.0270280542241709,0.96387767373966637,32.270750954269943,-4.0102835103722789,10.209797217098426,,0.2060142657243337,0.5,False,2
-0.9697378089073122,0.049863506165201209,-0.23900253707556765,-0.057151181769894525,-0.99808525595765829,0.023655110700236792,-0.23736538163335782,0.036598532659779234,0.97073076751960508,9.7290772625290085,19.079810310620786,-0.7286081404289747,,0.7478191698727956,0.8181818181818182,False,3
-0.45418457712731736,-0.8360661739029368,-0.30774944801734849,0.85410261192579051,-0.50687995283651688,0.11653944273932053,-0.25342671169634201,-0.2099191898511264,0.94430335990666903,13.871860349290921,-5.8505740469418175,4.7024757597941313,,0.1394308564700124,0.282051282051282,False,5
0.075537570278556149,0.99252299198552218,-0.095875887774351048,-0.98339866562389699,0.090060404986436055,0.15753154573868275,0.16498830239005363,0.082384669895477963,0.98284873009057816,10.695849817030162,19.772468362616188,-0.51805796348799327,,0.1553142736964601,0.6428571428571429,False,3
0.58060134375969497,-0.76401331325050781,-0.28139960341197956,0.81408258947541146,0.5503120348450472,0.18554299183130912,0.013100272418785447,-0.33680902820543013,0.94148184336282792,-3.5375531755424383,5.3524524542812939,-3.0654066562513207,0.292948415728093,0.2435267979632568,0.8446490218642118,True,5
-0.50757105004704117,0.83397326501489111,-0.21647222083802553,-0.86159760619309,-0.48994097801095421,0.13269289004316348,0.0046037111639734424,0.25386301681432982,0.96722922543595968,-7.64270832567178,24.437363670319129,-5.9769739195512779,0.5091089892916512,0.3742522628751205,0.8673469387755102,True,5
0.90257800460944038,0.36409198801191855,-0.22976067953583845,-0.32103676025035144,0.92476856892151704,0.20430000612532456,0.28685945018980918,-0.110635067679187,0.95156268192716675,-4.1186179343240878,-1.6293689020996065,-1.7689790723975756,0.3099897209161575,0.2770684054271511,0.747669359850839,True,5
0.40475132227317756,0.90498745885399956,-0.13104986240014349,-0.87689249483667908,0.42476960852829704,0.22501184895427992,0.25929890014656964,0.023842797396688042,0.96550277130367756,-1.1813658052539564,12.374046411826779,-3.6229179509222327,,0.6368580380246222,0.9299474605954466,False,4
-0.95904150889019635,0.17993462845561281,-0.21877594408014181,-0.17609898872587737,-0.98367408296212433,-0.037073503723660611,-0.22187503328527097,0.002971193559076199,0.97507058288797521,-2.9238870201828231,19.339108539431002,-4.4725885137965387,,0.102045248746626,0.1875,False,5
-0.95432398203478486,0.19459959067452084,-0.22670848379048666,-0.21378975835274724,-0.97483480500242081,0.06317469572041548,-0.20870955066011321,0.10875707914982856,0.97191163240186218,14.503427905233949,13.210985973758088,1.736531530165526,0.2838515147259192,0.3053793246962798,0.5,True,4
0.24217773205013593,-0.92966504362974767,-0.27761997902159785,0.96554326832690429,0.20283415296125873,0.16304754944827873,-0.095268793881589237,-0.30754058763907666,0.94675373982200828,-4.0085704052374052,19.738882915029293,-4.7470627538162873,0.3942798172853847,0.3160198641151968,0.7176470588235294,True,5
-0.95334833782498885,-0.077768538488136002,-0.29168304919509958,0.098323509986522381,-0.99355137420606277,-0.056463742323500987,-0.28541099164233641,-0.082508916091921902,0.95484702681375855,12.0362724695343,-10.622789193914649,4.8856894992393034,,0.4036555795591402,0.2857142857142857,False,5
-0.46676818061069253,-0.78284264040737972,-0.41144242115925012,0.84708131184717683,-0.52943723274366628,0.046362352226727702,-0.25412736312457596,-0.32688471506745448,0.91025582468151167,6.9587539865668449,24.597814102361898,-2.3081187227448701,0.4133414772003678,0.3497225128963032,0.5294117647058824,True,5
0.14775560877305308,-0.87989777586973683,-0.45160622681224805,0.98484834703421431,0.088983313411588855,0.14884791996622537,-0.090785535302058878,-0.46675676101561303,0.87971365376816424,-13.444678535828258,6.4905865879917304,-5.5792793448475138,,0.2689390517103622,0.3076923076923077,False,2
0.85316446557894809,0.489466592046579,-0.18036865011330797,-0.44857269409535039,0.86489310455906476,0.22526086166536535,0.26625726804244881,-0.11127611134691655,0.95745741119805494,-7.950783982966378,10.875296949114125,-4.9495865221795174,0.3355710211745293,0.4705891861979398,0.2272727272727273,True,2
-0.33862938232570938,0.92436277614582418,-0.17573730253333691,-0.9395298136155309,-0.32203070076691054,0.11653307294986313,0.051126028139042254,0.20457195760797126,0.97751544407603508,-10.858477452526763,-12.534676198330898,-1.2296723646998569,0.3189612415021215,0.1221275624534682,0.375,True,5
0.23942443250510609,0.97049559122925755,0.028535040287022001,-0.94713302686979906,0.22699396560475382,0.22674384002984643,0.2135766151339154,-0.081314494302073409,0.97353632828176362,-0.83836889944048054,-11.679785352964876,1.1484921191770283,,0.08536321639560043,0.3421052631578947,False,5
-0.017641169931845477,-0.94545737487593151,-0.32526779953777774,0.98378280766000337,-0.074490083174182029,0.16316437987901652,-0.17849419171512643,-0.3171144585183962,0.93143880299381332,-5.5479386457697712,-4.9772187236762573,-1.4549354583132452,,0.08690093085779041,0.2987012987012987,False,4
0.56582439792920391,-0.76183753811003196,-0.31535109994179727,0.8243514433631467,0.53055895334664771,0.19736234404974129,0.016954307215354014,-0.37163256389901744,0.92822507449254565,9.6525965037682848,-14.025001463400262,4.7468794685263234,,0.2398740957166611,0.25,False,3
0.70044125600996177,-0.61286705730246127,-0.36575403887395341,0.71043253345132051,0.64776730009956596,0.27510568939165414,0.068320291957264481,-0.452538943070252,0.88912363747216483,-12.349396161076752,-19.774046782385163,-0.28785459110795719,,0.08624401015258161,0.4,False,1
0.94561199348096758,-0.14737826661705006,-0.28999586947731459,0.24922250758153303,0.90115950270317879,0.35468252339596795,0.20906003802669387,-0.40766554578074454,0.88887721496479133,11.009271928818842,-3.5267746315265871,3.3012524460635966,,0.7286549216157736,0.3609022556390977,False,4
-0.35391462042694288,-0.84335800360509316,-0.40434109264738904,0.90642852396096185,-0.41583548251543867,0.073947159723035588,-0.23050330235813302,-0.34033531882010676,0.91161400733293418,-9.4563525364238608,21.568406959697295,-6.1688779499710211,,0.5686387805000737,0.3142857142857143,False,2
-0.33793313035432065,-0.84573889964434545,-0.41294904411718941,0.91170273335084773,-0.40309189648298249,0.079467282515163842,-0.23366498541613373,-0.34963214471516102,0.90728057290584263,11.029303282799901,-14.452693499272517,5.2288849543072127,,0.7428672327839049,0.4545454545454545,False,1
0.93406771134369182,0.32042842530356458,-0.15761705137019766,-0.22511137072347848,0.8710052242858819,0.43666322267589397,0.27720458400999493,-0.3723916265494952,0.8857099384559638,-8.8128295755120565,-5.6516167987379555,-2.0545674702364121,,0.4543365689245568,0.2388059701492537,False,2
-0.91745916373064285,-0.26926141531903525,-0.29285998891459686,0.27179151343222474,-0.96179574449355543,0.032837769417350143,-0.29051343533972507,-0.049469547142421119,0.95559128700121243,-12.107177988860093,13.038403462878271,-5.8736846120081259,,0.2476227949083073,0.625,False,2
0.80844901642006883,-0.49810240658162713,-0.31353497477476933,0.57666016926990826,0.77695503470226912,0.25259438479189683,0.11778470625265659,-0.38501281356389605,0.91536435170077957,-6.3985701424052479,-2.5559383373857041,-2.1975687114265887,,0.1590741052531425,0.2916666666666667,False,1
0.90643771732993494,0.37359044613256503,-0.19697929627290131,-0.30106541951747245,0.89866579339726582,0.31899749990937276,0.29619297387423754,-0.22984771118315048,0.92705973480213311,9.8100686775724615,-15.109549130591668,4.9448199435683584,,0.2535887400472029,0.1428571428571428,False,4
-0.84908381584647097,0.51315881906398164,-0.12539816619255534,-0.51053974849874006,-0.85811344119421551,-0.054685347623147224,-0.13566812031733544,0.01758830459939785,0.99059820950316646,-2.5393754618156406,-11.112258648989435,0.56577800551849777,,0.2565442465155317,0.1428571428571428,False,4
0.15896571354776401,-0.89301323671924226,-0.42101931186166897,0.98581679079821616,0.12033222265047888,0.11698466212415268,-0.053806662194906749,-0.43364445717225375,0.8994761407993126,-13.631179868804994,14.706885340302964,-6.2461219762284781,,0.5637693574819092,0.4615384615384616,False,2
0.053122143049692178,0.97425450566609928,-0.21910316316090014,-0.98380265904905984,0.088677500744034021,0.15578391736566011,0.17120270431803064,0.20727869898061363,0.96318491214464974,-8.2638662283755391,-0.69786133167537545,-3.0051388418587659,,0.1503584004969084,0.48,False,1
