axis_00,axis_01,axis_02,axis_10,axis_11,axis_12,axis_20,axis_21,axis_22,location_x,location_y,location_z,dbh,dbh_approximation,score,reconstructed,number_clusters
0.39551465019058962,0.91682287487104952,-0.054808554056824929,-0.91425774359215295,0.39870520153777539,0.071881433962511621,0.087754998526583819,0.021678984752660474,0.99590616116865815,6.8014522157044768,1.7592219346176541,0.64847473594316352,,0.06928324524670791,0.4545454545454545,False,1
0.44077667858083169,0.89679819953741535,0.038326347669726479,-0.89243883086886366,0.43325475903485949,0.12586996039985648,0.096274881338103413,-0.089684463983993934,0.99130613038719695,-2.7848680690591299,9.007789552198453,-1.4649364132769629,,0.1045091603604592,0.5833333333333334,False,3
0.45593308512080077,0.88752214246795891,-0.066554252466043629,-0.88441975062590705,0.4601698794833689,0.077752084982145198,0.099632959381109248,0.023412147388627846,0.99474878474900208,-6.8295550790595856,7.7781944507296226,-2.4115123076677003,0.359091861022268,0.1881336101725881,0.7899159663865546,True,6
-0.97483628359103969,-0.018629226909824111,-0.2221422339384172,0.068770435803362617,-0.97303018944571029,-0.22018827758683887,-0.21204916258694304,-0.22992434045134402,0.94982627375441087,-2.4442857047193418,14.53898804848075,-1.1891598627508506,,0.424653373791064,0.8484848484848485,False,3
0.65325562457555308,0.74315525235709778,-0.14483563047283965,-0.74164569454097073,0.66657110967732014,0.075130682895798995,0.15237700853228348,0.058337180576425493,0.98659921986242638,7.7574293850312648,8.5642998319834245,1.0495903891997234,0.6687986071344391,0.3043772017775864,0.4705882352941176,True,4
-0.37363734342234944,0.92660374177580263,-0.04243396431363769,-0.92545671499504201,-0.37548367928351312,-0.050417013619423301,-0.062649854515989201,0.020433118185866128,0.99782637939189012,-36.715610278085201,8.2470019570487203,-9.2508207284235624,,0.3967538977088785,0.8035714285714286,False,5
0.3318353532217857,0.94186807766429448,-0.052629104392348108,-0.94053349194722424,0.33463202738057929,0.058465004718423759,0.072677705506811213,0.030098679840338649,0.99690120904437451,-7.5743745335798831,-2.9297541148725204,-2.7782148030647944,,0.2223460238960582,0.2471042471042471,False,3
-0.92593193066579271,0.36323763883002824,-0.10348177380921939,-0.32745728726349144,-0.90859245992380266,-0.25929031371736033,-0.18820676074878853,-0.20619931985047352,0.96023958244890606,-12.811944430526941,11.723874923827704,-3.7633262152264328,,0.1142608561957568,0.2272727272727273,False,2
-0.31313312845050251,0.93667057664248765,-0.15683071994679648,-0.94698837864904206,-0.32044043998371857,-0.023042029569872915,-0.07183769602694097,0.14130164639971549,0.98735666815709033,-24.448233308339454,4.2879580131871409,-6.3454240147925862,,0.1670245886827788,0.2682926829268293,False,3
-0.46170611701711667,-0.85073488250372487,-0.25115258549405595,0.88093104567591107,-0.47292000491803599,-0.017526029575160321,-0.10386507725564562,-0.22933998482536194,0.96778882876740246,8.7026914175618177,-0.13351340105889692,1.0085530956370556,0.2194431451310295,0.219080669923744,0.296875,True,3
0.96862161829314308,0.14360084618302829,-0.20285698792669382,-0.13472578652867775,0.98924352115841807,0.056975593812817305,0.20885670451149441,-0.027857724630921551,0.97754939729866652,-8.3028143262252581,12.590959697296368,-2.678482379757908,,0.06262572126971283,0.2727272727272727,False,2
0.57311090655571306,-0.77847654632338537,-0.2559651453055688,0.81187635236380673,0.58183128685467,0.048261186366235324,0.11135832819922567,-0.23547106077276458,0.96548055510156217,6.4511035322185739,-10.705243404600228,0.30884084430814535,0.3333070170296244,0.2895951749876756,0.5833333333333334,True,5
0.78935879771022088,0.61268129789288661,-0.039170341966379613,-0.59063963587295443,0.77527104404771641,0.22382946364817005,0.16750375820661073,-0.15354619980140144,0.97384087792267671,-19.568834931360151,10.559550766310716,-5.3109556827135327,,0.489482417317408,0.375,False,2
-0.23159056977906958,0.97279820901667269,-0.0054270179067205382,-0.97101758255232262,-0.23149827807467227,-0.059442422752650784,-0.059081827693876848,-0.0084965747460827301,0.9982169833527853,6.9276918486747947,7.9606868260165093,0.79461786722108341,0.8574929731546914,0.5348246776494006,0.56,True,6
0.28308391505000441,0.95047196935760458,-0.12832198761490596,-0.95691830425177804,0.28891127270257094,0.028941933129692933,0.06458216493634128,0.11460066304720452,0.99131015933524957,-15.102774877170068,15.207532206394125,-4.1926519478855839,,0.8303919742013591,0.7702702702702703,False,2
0.19949201162590954,0.97702493846438421,-0.075001379428091181,-0.97903996364811463,0.20193740631791912,0.026495914958577504,0.041032753713936561,0.068143624413881096,0.99683135964635161,11.709344125946485,-3.9314054095130309,1.6170546726967103,,0.2862738568751316,0.475,False,5
-0.044103261712185718,-0.96996169391819187,-0.23922628333378995,0.99857300564310747,-0.05001878831921211,0.018710243610612416,-0.030114028412636322,-0.23805972600679462,0.97078355576633724,1.9866449635651142,-12.796178939264177,-0.79652693276573161,0.2686619646519096,0.2351002864799587,0.8586956521739131,True,5
-0.96912249835182529,0.18090672033558883,-0.16755399644812474,-0.16317756571108646,-0.97995974320767087,-0.11424527885632821,-0.18486391004444641,-0.083376616804576767,0.97922095286676847,-29.476622408975679,5.9610127050070165,-7.5678201732943506,,0.3211476450874676,0.5769230769230769,False,5
0.7903269266692623,0.61266794699374305,-0.004619059210567461,-0.58948249157341281,0.76243012146170186,0.26685333427989189,0.1670141943366481,-0.20817852102070195,0.96372608259593873,-19.12561895182515,5.5840420013426284,-5.1820222826478286,,0.498994281155414,0.2394366197183098,False,1
0.40550273303127643,0.91308130460032366,-0.043012378375727883,-0.91070726815480607,0.4075995928300114,0.06689427221234151,0.078611737254531036,0.012045875401157369,0.99683252939079225,-9.4163892884925939,9.9351259814549486,-2.9281240311536259,0.4787719187054298,0.3044703007540426,0.3880597014925373,True,6
-0.24163946255630281,0.9669522440916849,-0.081324828813575251,-0.96845822556066907,-0.24556878642426291,-0.042244958018631887,-0.060819696475585716,0.06855165045548442,0.99579196408710202,0.072173544625366487,-7.2716631403270942,-1.0873870324513941,0.2271744172990672,0.1384631335744853,0.108695652173913,True,3
-0.20481025174165743,-0.93147121684818601,-0.30068942941992383,0.97758242038952348,-0.20999250307762599,-0.015354478061936211,-0.048840271568452429,-0.29709345471510085,0.95359850410881364,-11.838001366121112,13.215468950697934,-3.5334325971650307,,0.07073459184653505,0.2142857142857143,False,1
0.53540693137967088,0.8399015432006075,-0.08890902968677189,-0.83156311285170648,0.54263766642746969,0.11852068308329448,0.14779109301640958,0.010476674252307638,0.98896310958580591,9.2687345039411966,6.3791137936490623,1.3246655042098112,,0.5685090048378979,0.5161290322580645,False,3
0.88220802252757569,0.43173805546699739,-0.18791289591073984,-0.43277067849192452,0.90071641779111233,0.037675914842052821,0.18552235667332384,0.048085197130948526,0.98146282099285531,-1.0482580568952271,10.440960571719557,-0.99951647402659605,0.4251274217218902,0.2914172334771532,0.8853503184713376,True,5
-0.61516027342479607,0.77897290612261538,-0.1215691141977206,-0.77864832822473939,-0.62446351523671784,-0.061254380178240239,-0.12363097893630588,0.0569783262749049,0.99069109786156961,6.5583119545539192,10.797305004115771,0.81956160833056824,,0.1688838420950828,0.2352941176470588,False,6
0.43592466342131864,0.89996551159162863,-0.0056361127230963037,-0.89487281228218241,0.43410729019797234,0.10369913420636788,0.095772321989116505,-0.04016140613313654,0.99459274268326603,1.6489376607187518,-8.9204968176092763,-0.79302136155320946,,0.4928449234884003,0.2272727272727273,False,2
-0.16736608655751456,0.98511989529535293,-0.039081772780880403,-0.98553290277350014,-0.16824715168494764,-0.020439997571950516,-0.026711245221098627,0.035095410571412911,0.99902693734231351,-8.5571169996457677,-2.9025796626643019,-3.0080743522356523,0.4013667980272943,0.3620268730523934,0.5569871159563925,True,3
0.83323503118150122,-0.50296172321978672,-0.22967126025636297,0.53005632559299187,0.84482074664441187,0.072925974371512298,0.15735207183516575,-0.18250318083518791,0.97053228409683534,-3.6097723024273005,-16.497528247932426,-2.1036596584453751,0.2115294528220584,0.1449319203824537,0.1935483870967742,True,5
-0.78527723853290032,0.60890516318030574,-0.1121345660111449,-0.59856185547580298,-0.79292720227945745,-0.11397437016555934,-0.15831413017007082,-0.022382004772532271,0.98713508804563121,-16.655301198511324,12.034330980656121,-4.58154958968362,,0.2259153446578132,0.3,False,2
-0.85436171250881254,0.51170996645254097,-0.090658559618763512,-0.48557535402131036,-0.84820878290625645,-0.21156189677672552,-0.18515571761651986,-0.13672882224983277,0.97315085644523036,14.613807429578824,1.1938871733583878,2.4913662729498953,,0.4650859282907862,0.2826086956521739,False,4
0.026459487725658822,0.99892200012616739,-0.038140964503187075,-0.99955289831202565,0.025906180268071559,-0.014928941688796649,-0.013924761589522005,0.038518923762948465,0.99916084467257793,8.8139983084604552,-11.329421448542483,0.88886973818222803,0.2052430530197599,0.2637189465818296,0.2444444444444444,True,5
0.89344318942075873,0.40425436452287872,-0.19580009203742807,-0.40825866454651005,0.91261738899303946,0.021315818779179194,0.1873075815346564,0.060892610978099448,0.98041213773999536,1.5851209469980414,8.6089892710198264,-0.43045400241112813,0.3446078201371709,0.5221904165847637,0.8,True,5
0.83110864294449871,-0.500897181999856,-0.24157904852771828,0.52995623006374581,0.84504034322550181,0.071085951762274321,0.16853728916645228,-0.18710647072169817,0.96777391511369781,-14.759936330086525,13.959202514756786,-4.1780569514199328,,0.08107492979805395,0.1578947368421053,False,2
0.81968390942228198,0.56432114118342958,-0.098284984853418245,-0.55476534009170153,0.82481526552168893,0.10915674599091392,0.14266641534412963,-0.03494892524553303,0.98915361120355771,10.940243627704969,7.850484900820403,1.7692986757970088,0.5350152300823053,0.2197240199203156,0.4117647058823529,True,4
-0.98551157659366573,0.011212375322714123,-0.16923715620244426,0.033935310625334968,-0.96460097437164505,-0.26152123228150176,-0.16617859998396292,-0.26347531740353936,0.95024493159736168,-10.846020210729524,16.945628466258615,-3.1558531996377033,,0.7211921510458442,0.5517241379310345,False,2
0.81969901522891431,-0.5234260907831596,-0.23263415897114056,0.54879838272958581,0.83399277494980595,0.057239727855005376,0.16405444079981832,-0.17458859876573812,0.97087844843465188,-10.585773391217625,10.579779713340951,-3.2219685267752487,0.210771307465399,0.1738804436253502,0.6349206349206349,True,5
-0.97443622568162391,-0.044657890699385229,-0.2201810956409137,0.099700902578656977,-0.9642119151856825,-0.24567277553477329,-0.20133000795796085,-0.26134470611098998,0.94401545140077459,-0.39851772583146988,0.84460379844816036,-1.0785874083608125,,0.09591960927377277,0.205607476635514,False,4
-0.54027258443237436,0.83982121393821907,0.052970398621289522,-0.83412851893329909,-0.52617584370003367,-0.16543456533837614,-0.11106371330413259,-0.13356388031909375,0.98479720829275474,-5.1704180232743546,11.305887744318198,-1.954417788806706,,0.3332522539025707,0.4489795918367347,False,3
0.094913554177803408,0.99548056384895456,0.0031407375415099525,-0.99548225541010771,0.09490469280512652,0.0028597984490400493,0.0025488030409861785,-0.0033979821265040788,0.99999097861957043,-3.4670520945135306,8.5754373859565618,-1.6029292259547085,,0.1820848562758119,0.5964912280701754,False,4
-0.58730709117720736,0.80612208300857868,-0.07237104351104881,-0.7995374220885697,-0.59174379093641827,-0.10285522139474088,-0.12573898096028951,-0.0025442433270493059,0.99206009671438844,-40.673392792692276,4.5367822657368277,-10.057748671503255,,0.3197963523834584,0.4285714285714285,False,3
0.83735208415976958,0.5407223660780005,-0.080379163819363261,-0.52051568831077499,0.83356444509913219,0.18502360413994973,0.1670476140974527,-0.11309128476405864,0.97944139994936097,-11.885409797853017,4.1137621435483185,-3.6497194005682458,0.2715121787972994,0.1664567986589,0.1938775510204082,True,5
-0.19590868708948445,0.98062167911094211,-0.00095329980177744078,-0.98061287544607267,-0.19591096946002118,-0.0041569886480914203,-0.0042631950764888023,0.00012042787148969225,0.99999090529107715,7.7039036069206261,-13.676160128257456,0.5648839138818379,,0.3230004150165067,0.125,False,2
0.47023967765359631,-0.83888306453791117,-0.27413472890482976,0.87748111582251498,0.47762420266050892,0.043612067226710023,0.09434795670874821,-0.2610561722396077,0.96070189861397082,-22.564126620957055,14.428308619994104,-5.9272526653040822,0.4252299086598666,0.2268558422939773,0.2962962962962963,True,4
-0.89355151476070793,0.41477810516994623,-0.17182786136268483,-0.41060754724920906,-0.90977885556354576,-0.060859478402906411,-0.18156853419806379,0.016172737588745489,0.9832452949025754,1.5840625652544864,-3.4869913312766885,-0.72156176153235219,,0.0789360762280856,0.2666666666666667,False,1
-0.79066942570046683,0.58457899864658702,-0.1819594834127875,-0.58768876557536864,-0.807989421935846,-0.042130853970427408,-0.17165015024460134,0.0736239660785247,0.98240304230996511,2.2278179896793575,-10.550779988631101,-0.66634370501356499,0.662838763971023,0.4190070487589362,0.425,True,5
0.15303096624461326,0.98333204430542021,-0.098181536005320147,-0.98764476309649996,0.1555784829287355,0.01879248726624019,0.033754189344416249,0.094092647383932582,0.99499106951267891,-9.1128012994187042,7.2343310103814318,-2.9800633538028181,,0.07094602570426226,0.1707317073170732,False,5
-0.55447809742239407,-0.77820531881264343,-0.29487373781087317,0.8225438377638612,-0.56630440184479491,-0.052162816334133749,-0.12639491459525543,-0.2714697151118744,0.95411137680122915,-11.842225469288525,5.7432745931990548,-3.6139615472572482,0.2232794286393882,0.2633476831504299,0.5046728971962616,True,4
0.90836814615026262,-0.32966834509155252,-0.25726658023173532,0.37408233524985296,0.91557764611506609,0.14758042007126387,0.1868949370998354,-0.23029623570304222,0.95500467344796647,-2.0106999866373276,-11.694416782290254,-1.6530254868048562,,0.123613161009355,0.3043478260869565,False,5
-0.64887695607825358,-0.67254473521247993,-0.35586833942989982,0.74859116154521099,-0.64802385136596963,-0.14027245245309677,-0.13627167250390274,-0.35741945554039134,0.9239487886642842,-3.3075485233913464,-9.181218736429031,-1.8822976767818909,0.7668073750052179,0.7463792831660262,0.708029197080292,True,4
0.73469106649507565,-0.58207967961833751,-0.34844265437478084,0.66134289061699625,0.72898295265498836,0.1766619250681131,0.15117743827266325,-0.36023201039584146,0.92053152083102896,-2.7971460896057434,-19.934027076485105,-1.9234545141604837,,0.3380563807552616,0.1666666666666667,False,5
0.53617494029570489,0.84103879835754058,-0.071903915444176486,-0.83387050192728895,0.54097346364033527,0.10957964068435139,0.13105883951275576,0.001204696760415902,0.99137385949564305,11.052678841383059,-0.56720085159776823,1.5887914344209593,0.3741626223167498,0.3191705429637784,0.3209876543209876,True,5
-0.63980342238635124,-0.72873890452111467,-0.24411306753240034,0.75621367929982564,-0.65359807685895521,-0.030828966348152513,-0.13708556431124616,-0.20432611914202492,0.96925661467633339,-14.658783818951543,-8.4965058061519816,-4.2907556041974892,,0.2394793845057418,0.7931034482758621,False,1
0.76561464027612158,0.63207210415283333,-0.11966234891007492,-0.62197049629919854,0.77481268590827079,0.11321662196400878,0.16427697443097458,-0.01225385275832501,0.9863381361198521,-11.977330008145637,9.8253340402131855,-3.5938163002430685,,0.0806681070407198,0.1612903225806452,False,2
-0.83403775458446172,0.54745072946412798,-0.068401189586912797,-0.52534062511368329,-0.82592040678457801,-0.20462822205639852,-0.16851780776189487,-0.13473373915242082,0.97644690997572103,-19.614382355570061,13.142191363846999,-5.2766259241593945,,0.2336586567722006,0.3571428571428572,False,1
0.87444106534561161,0.45669824692127181,-0.16364453701932241,-0.45420603313745722,0.88922366597343372,0.054572441161278427,0.17043973333341736,0.026607952416583203,0.98500878887928189,-2.4477218562535059,7.8202653553684858,-1.4180416474424404,0.516871591006927,0.4022677466513662,0.6590909090909091,True,5
0.95469985031012605,0.23742492032383969,-0.17938116686832772,-0.22092517517300325,0.96937684490497844,0.10724084826617186,0.19934959942924974,-0.062753006073722153,0.97791707083786528,-6.4713522788895812,6.4839620835573282,-2.3736586116647223,0.2817844877928726,0.5944151303539245,0.6356877323420075,True,5
0.97826623118602851,0.053150437740846164,-0.20042507799434711,-0.046271142054014287,0.99817290504824341,0.038856570108117425,0.20212412605649255,-0.02873817314142036,0.97893817734849464,-15.253836421427156,11.784246394519281,-4.2703294001094019,,0.181134995155177,0.25,False,1
-0.93771993045459856,-0.26850365763502609,-0.22042485763823158,0.28726809341240039,-0.95612863862682973,-0.057402690745368287,-0.19534168662993159,-0.11714867576808823,0.97371341432187131,5.959984727451543,4.789954087206735,0.5195532073172322,,0.06667022213411342,0.1212121212121212,False,5
0.74371782550416343,-0.62539752405883065,-0.23613922361277268,0.65311615109968058,0.75509720882682907,0.057162036306196262,0.14255907266848303,-0.19673876619267522,0.97003647801352599,-14.091856330811918,-18.965184926807517,-4.2504397712848538,0.5350772227738492,0.4734096425393517,0.9859154929577465,True,3
-0.27335773211465225,0.96186665328329846,-0.0093857122649829428,-0.96061632752457415,-0.2734827587641358,-0.049228568453258965,-0.049918148867257921,-0.0044409413804434583,0.99874343875357807,-6.715236369594991,-17.010427523356018,-2.7573456777575349,,0.2268690645672798,0.1875,False,1
-0.25898857359931787,-0.91109916511134426,-0.32066061510326332,0.96402972442400581,-0.26437303780901089,-0.027451544703556159,-0.059762941460128928,-0.31623600081750303,0.94679627302550495,-3.9804097327942674,10.568531420034772,-1.6889513069827047,0.231707492366558,0.2199276963742629,0.6326530612244898,True,5
-0.037430498649543911,-0.92323519164247436,-0.38240781723669148,0.99929456170298037,-0.035751352032940865,-0.011498685953871424,-0.0030556049639183297,-0.38256845366640085,0.92392209711512152,-22.970772626261496,5.8161319144956973,-6.0311262429336434,,0.5867250123135691,0.5,False,2
0.52342346853612776,0.84204557687034032,-0.13033464258863126,-0.84479780930592019,0.53279299198165408,0.049480188835091754,0.11110595833495446,0.084207328471659376,0.99023461455058159,3.3673367541353287,6.7566244170877665,0.0036901743837772253,,0.07725942310564753,0.2051282051282051,False,5
0.25399300619801185,0.9651843377062439,-0.062503976265965849,-0.96512363977765259,0.25715470577478089,0.04906951436708662,0.063434318352391827,0.047860751607612106,0.99683771784113495,-10.521225258212556,1.9644347448911081,-3.3768589230728843,0.2240949337833452,0.2385472015665553,0.2537313432835821,True,6
-0.8368593358954266,-0.4977216466117369,-0.22790264241287292,0.52194151921387877,-0.8510040450455667,-0.05804451599241818,-0.16505605849340024,-0.16752694651961858,0.97195227235931658,13.298470753020839,-10.947421667124958,1.9888545161548981,,0.1301318945483225,0.4117647058823529,False,5
0.68427272666095074,0.71636928533851618,-0.13633005014145219,-0.71446571132387471,0.69602640212303368,0.071316161493267916,0.14597802194322634,0.048603441969140987,0.98809317502869887,-24.418816831008005,13.119624393312387,-6.2953649211819318,,0.1902156592114654,0.4137931034482759,False,1
-0.44449715177098292,0.89112813694394299,-0.09117524671916967,-0.89008605178407318,-0.45083601553550529,-0.067035121507383486,-0.10084196788502262,0.051356894794050853,0.99357604986744175,9.9781950487435473,-12.819432367650702,1.1440983496023842,,0.2326274541523788,0.25,False,5
-0.13409471196796097,0.98237668736718309,-0.13021003164007752,-0.99083505790852944,-0.1350706149089281,0.0013479642152781929,-0.016263340420441759,0.1291974191135585,0.99148551711700017,-0.45403644265044973,5.6777418539387741,-0.95229396262032107,,0.09825178332444974,0.4842105263157895,False,5
0.48941693566377797,0.87193711469880808,0.014026086275083949,-0.86657302473372233,0.48448045100904663,0.11970749932196621,0.097582046962160204,-0.070741505502706165,0.99271012058399333,-6.5436787450664937,-14.582846900722062,-2.6736316286732889,,0.1455446197540454,0.1,False,3
0.89032490462872038,-0.34168060135862638,-0.30095835401774074,0.41786769118086048,0.87568162178595654,0.24200886333664293,0.18085396557730549,-0.34122729070448687,0.92241844041272214,-1.7910323442533072,2.7753815565065638,-1.3661889336119852,,0.1076910153043235,0.3888888888888889,False,1
-0.30436729544505109,-0.8519679083475088,-0.42604135082106465,0.94705963264185167,-0.318629194330601,-0.039414321515337303,-0.10216947530327851,-0.41548299564026037,0.90384472043047859,4.3683435983408962,5.0739813285824278,0.098069821952766437,0.508174247384516,0.5191954236757842,0.6363636363636364,True,3
-0.84195823784976398,0.51748360583771824,-0.15269919255226505,-0.4994269643969208,-0.85458238564531586,-0.14234343461514892,-0.2041544340694009,-0.043585133175815194,0.97796794590408187,-2.0616805828436573,-16.271136752239535,-1.7810673247136684,,0.1497890258858678,0.3076923076923077,False,4
-0.067227221864060993,0.98845723984629386,-0.13576739533440113,-0.99766267167097389,-0.068265550290880814,-0.0030013659921239904,-0.012234957898405886,0.13524828885768009,0.99073619403264701,-3.9743768962941108,6.5743811453084406,-1.8174788057072055,,0.07586996580594749,0.2432432432432433,False,5
-0.35757877454344494,-0.82348226086014942,-0.44047064152411464,0.92956536693060487,-0.35915067614661916,-0.083180649351854957,-0.089697539538040008,-0.43918988817148685,0.89390524863026666,11.213825969958597,-9.9068697793298792,1.5160631208269835,,0.5195049389076816,0.25,False,2
0.97460030113357599,-0.021454776869379397,-0.22292138878947387,0.036028486584357922,0.99745564089689243,0.061515791447478756,0.22103438914518109,-0.067984829134551047,0.97289355112610476,7.777121542015589,11.498572782237844,1.1607809761590451,0.5425120893163737,0.2319411404993413,0.3809523809523809,True,5
-0.20301183684285715,-0.93734687832672015,-0.28313781766631407,0.97793386450214226,-0.20865468501309173,-0.010420128693737412,-0.049310757057621474,-0.27900546968337592,0.95902262597144383,1.2087040309728252,-5.2661105607646723,-0.80031556968798634,,0.07165046101944242,0.2407407407407407,False,5
-0.62259031257876829,0.78153468957548111,-0.039809944401211605,-0.76534154424721634,-0.61872182767008987,-0.17730093235476435,-0.1631981106886865,-0.079917638570840721,0.98335118229089602,-3.9649038661458711,-21.542412943825823,-2.1434266682020344,,0.3428946928098647,0.2666666666666667,False,4
0.50216948929410321,-0.80617016903079719,-0.31291446528876909,0.85878053451584091,0.50741034304201005,0.070927690718622177,0.10159624775938567,-0.30434257398340814,0.94712924149894573,-23.736565658698456,2.4524866078071765,-6.259000105718374,,0.7423324115653404,0.6,False,3
-0.27075170097064782,0.9600287949370524,-0.070980485439393129,-0.96098257958590338,-0.27388416222897322,-0.03872915455513911,-0.056621534365675116,0.057725025524848678,0.99672555062777046,-14.146785021757365,12.048409904728121,-4.0634200132872031,,0.203452269330404,0.5263157894736842,False,5
-0.19595696168242327,0.97497141046308444,-0.10503150930943224,-0.97999457552474345,-0.19850870426941905,-0.014315246115719438,-0.034806624517046011,0.10012513724784776,0.99436585610168104,-7.5629335192622982,-22.957053674629787,-2.7373179041054145,,0.09778812701190266,0.1,False,2
-0.4070199060464405,0.91190284157503865,-0.052611820053281827,-0.9101491451231164,-0.40975895318420247,-0.06104206678225093,-0.07722259846449625,0.023039266758273363,0.99674764232158319,-16.208873110259912,9.2617723436157551,-4.5635464680632145,,0.2033289894061235,0.1935483870967742,False,3
-0.97877560785445361,0.048081850324971573,-0.19921457059781797,-0.034512225168992446,-0.99687632954938699,-0.071038650733438499,-0.20200795970216306,-0.062655560435365465,0.97737764705537467,-6.7280541785752286,14.583186929144937,-2.2457605214979774,,0.1291349407778528,0.5777777777777777,False,4
-0.30081014148160923,0.94608630680560801,-0.12014141191420732,-0.95102763721091021,-0.30697852211905996,-0.036202489122040445,-0.071131512305362049,0.10336772722916381,0.99209647762938347,-0.58283839040038177,13.439703577726416,-0.83193019559289783,,0.7798145342729571,0.7619047619047619,False,4
0.95605145304167949,0.22164696643618326,-0.1919329086074936,-0.20397758018222634,0.97304066363395703,0.10763370149629185,0.21061520818758186,-0.063753346456691146,0.97548795220426787,-15.671038962494793,7.0389075909425793,-4.4875902403093395,,0.1668792550627965,0.1785714285714286,False,3
-0.92014242947958824,0.38045859490628864,-0.092677759108290236,-0.37408422101561073,-0.92400980300557267,-0.079163625085937148,-0.11575363950453303,-0.038172522991488281,0.99254418210471596,-10.613882997690208,13.561929180629482,-3.2049341279967316,,0.4856059500099746,0.6785714285714286,False,2
-0.2673895236665233,0.95480834255532576,-0.1297839420735214,-0.96211837229360542,-0.27198611535949818,-0.018756085592523931,-0.053207897238042798,0.11985233430519036,0.99136488622156904,7.4311915414641572,-3.6506917795952134,0.65255024745644907,0.276783146134609,0.1933320845831973,0.4594594594594595,True,5
0.46460843058217444,0.88538721990186742,-0.015115457863149634,-0.87503550419666409,0.46166103396148878,0.14554022164645841,0.13583767013336223,-0.054392651673298265,0.98923686082590379,-33.661893827274355,4.3978760868028131,-8.5046728309333943,,0.4016934126111722,0.1875,False,3
-0.61640388676863545,0.77142832993202837,-0.15793853283730824,-0.77625165151273678,-0.62898156801782001,-0.042609395883932734,-0.13221052114059897,0.096335449716739407,0.98652919836546438,-10.312706277645466,7.4085598218626325,-3.2169659661221304,0.2286424467385565,0.2519701073023151,0.5192307692307693,True,5
-0.96471845024479164,0.19412709467969247,-0.17785663571682997,-0.18154600233080978,-0.97973398963604175,-0.084630718947351316,-0.1906813068839969,-0.049355654823593685,0.98041045411702199,-9.534122887999386,-17.469486029559672,-3.3412600924769604,0.6920537666662082,0.6864404977541014,0.9506172839506173,True,4
-0.32120873204876238,-0.82219716538455212,-0.46991145090243802,0.94421932507890272,-0.31610862546801755,-0.092332026146197552,-0.072627932664835457,-0.47335732606386122,0.87787130335744779,-10.276222202046524,12.232993263916532,-3.1587288552940791,,0.3480937771656496,0.1304347826086956,False,1
0.77890106907491063,0.62709078599997092,0.0083827625458357535,-0.60511689453431938,0.74796169202762075,0.27273952997011652,0.16476246096457392,-0.21750966271206718,0.96205139056278077,-12.97487900744671,-3.2803145337744359,-3.9633703931879061,,0.113248781243849,0.5714285714285714,False,1
0.3705616009960182,0.92510660331730432,-0.082836419321390561,-0.9245272613437473,0.3759365460032833,0.062618339257383249,0.089069876498731548,0.053380575847799761,0.99459392277585279,-9.2806942277542035,-5.8911094326753055,-3.1513333296887271,0.1467140700939535,0.1257492084812193,0.3125,True,2
0.51773025985790866,0.85201833180427711,-0.077589563066938441,-0.84670373699662671,0.52327270817990523,0.096324735296880223,0.12267094107166895,0.015825142764714167,0.99232122071084761,-3.7321482479398331,-14.099327957288521,-2.0726613576709441,,0.2787995631257348,0.3333333333333333,False,5
0.31941649679259398,0.94717314312270351,-0.02891605996338048,-0.94401088382400489,0.32071228708431393,0.077376224610470001,0.082562417591589998,0.0025818327226254933,0.99658255119243622,-15.459321713595314,-26.302206210613033,-4.1916092753332883,,0.324923834374135,0.2,False,3
-0.67311452909314595,0.72853479673493216,-0.12709791764660874,-0.73088684936597981,-0.68155308396013914,-0.035913885452500779,-0.1127884929750573,0.068720038495441366,0.99123978540088931,-9.6765312561121029,11.142685107718894,-3.020958552397452,0.6880720170094549,0.5157394665056256,0.7162162162162162,True,2
-0.3823931281772327,0.90623821584281139,-0.18029917267937567,-0.92129412766970964,-0.38886600125342502,-0.00060281877771281578,-0.070658515722720652,0.16587805525508223,0.98361163318692657,7.7126725631297237,3.9314272085897426,0.93434375018700855,0.5910738601748557,0.5281369091724212,0.8373205741626795,True,3
-0.95588658617282296,-0.2088359723212089,-0.20656323738633039,0.22088285338483743,-0.97460494216882332,-0.036823522111228989,-0.19362747598271951,-0.080825388120064387,0.97774007649262396,2.24663029475489,20.642181140720211,0.10491668883726125,,0.3089873789400179,0.7741935483870968,False,4
0.53309002292830243,0.84511782734234075,-0.039885904307959436,-0.83838986341306776,0.534003722455894,0.10928156902911802,0.11365502356042012,-0.024816976274516567,0.99321027648130511,-7.8968922594572053,7.7344756064704061,-2.6834404667221143,,0.1697081699655373,0.4883720930232558,False,7
0.40849536931925584,0.91003980590099531,-0.070420770518403286,-0.90759991117262284,0.41316756911244285,0.074531611234183115,0.096922311591158217,0.033468067010143626,0.99472908573461993,-9.370543404543799,13.966622607205126,-2.9250839247156533,,0.1275284066925088,0.2173913043478261,False,5
-0.97658281959172832,0.075539761266482722,-0.20144413852498674,-0.074069165193337505,-0.9971426980397341,-0.014839087357470944,-0.20198949290949098,0.00042920140190986535,0.97938759464285863,0.6566597440374633,-11.150946524773838,-1.0820076085168886,,0.07955401282801786,0.45,False,5
0.86609602067000679,0.47684430862528498,-0.14999062741135893,-0.46565844753252744,0.87873903771302797,0.10478508405673607,0.18176879055870757,-0.020909541622308001,0.98311896423981637,-13.213750903860122,-10.562138452598125,-4.0187295699803478,,0.1223627962010932,0.46875,False,2
0.87288145172002363,0.45430642679863797,-0.17799899385276949,-0.44823300820742368,0.89073527509879769,0.07535144356940339,0.19278262783889066,0.014012147020461288,0.98114143635839246,-15.588754941359763,10.108870556236836,-4.396416506423833,,0.1266718832730405,0.4,False,3
-0.92071618440522762,0.37305880727959728,-0.11449381679987072,-0.34090598054821619,-0.91171847284803587,-0.22924340490863351,-0.18990739901524961,-0.17203648618467204,0.96661193207020424,0.46890190733748877,0.9370336708189958,-0.85925180878543705,,0.1310147668973699,0.1467889908256881,False,4
0.79415081315662039,0.60732581456123091,-0.021905271744873195,-0.58587032249848647,0.77467837462838685,0.23796928604053186,0.1614944307962321,-0.17614985339380279,0.97102563198462677,-7.6954501191874183,-9.3158606491145743,-2.8778672307816526,0.8812678688217498,0.4678358509688136,0.1851851851851852,True,2
-0.97115961156271324,-0.070280803187522917,-0.22783682224933552,0.098006097075927306,-0.98877875884771427,-0.11274471600707513,-0.21735642112737902,-0.13182251232201886,0.96714994258377918,-2.0230586635323324,12.73555644580024,-1.2036135219760515,,0.08862400357447009,0.325,False,5
0.1575670056518943,0.98689940101019424,-0.034672914726263854,-0.98673197204361929,0.15873802892136937,0.034091839508410833,0.039149126130792189,0.02884112445584136,0.99881706806768,-1.0863182835922194,6.6709889556679434,-1.0614866387718618,,0.08200089833380152,0.3095238095238095,False,3
-0.51131652773376857,-0.76669358418806255,-0.38824780286711824,0.85216441932249609,-0.51079629644740121,-0.1135911351134926,-0.11122594529621059,-0.38893198827106118,0.91452758164665737,10.474183282775444,2.0915592452909735,1.5257523868438494,,0.6705930595455185,0.4915254237288136,False,1
0.89805068924720943,0.41007149562500261,-0.15920530147732456,-0.37934170508158205,0.90517938131691811,0.19170330832961513,0.22272141865660436,-0.1117660776559455,0.96845418763976387,-7.7006538166533813,6.840738008162452,-2.6375295688572451,,0.2829369798047923,0.1578947368421053,False,4
-0.88663101881306661,-0.37374812246487771,-0.27239268975595082,0.41177488287696667,-0.90610196618876349,-0.097060149909819565,-0.21053950296835836,-0.19822100752149086,0.95727819878392795,-6.2400051508842473,-15.758086036570754,-2.5832492779488834,0.6248556064060754,0.3229617950913193,0.2391304347826087,True,5
0.11527647012434646,0.99211107704068235,-0.049264046208658541,-0.99283387030956294,0.11664941946617026,0.025958021965080288,0.031499863520416102,0.045918664520906954,0.99844841371340365,-9.2925786090313611,8.4470777592198178,-2.9563417992169558,,0.2064342473334794,0.2222222222222222,False,5
0.71498276975973774,0.6917150323897141,-0.10163637593299016,-0.68239729525305637,0.722070854953759,0.11378757338857855,0.15209723987636342,-0.011999766349609975,0.98829268702624096,-12.928246240764485,-6.2303706196071831,-3.9420690818051951,0.9380478000051867,0.7103127426009108,0.6477272727272727,True,1
-0.93119435886736168,-0.28068906781485697,-0.2325741026486601,0.30655949221152107,-0.94822325380334294,-0.083029745763878421,-0.1972266304245377,-0.14861462968303829,0.9690280429871756,10.136879141806105,3.217077062289694,1.4435401779269637,0.1869517892927509,0.2132925663785478,0.618421052631579,True,3
0.96683921093779357,-0.14896802748074039,-0.20743786294137476,0.16232138695274373,0.98552969239017507,0.048815906783206728,0.19716416391151015,-0.080868734414645468,0.97702944697857042,-12.539585835536625,9.2269716888092859,-3.7278563987628952,,0.07624914985210908,0.2558139534883721,False,4
0.97881877204153211,-0.018814600683042519,-0.20386226306073879,0.028637760555479803,0.99856092651748218,0.045342636700078751,0.20271578668045365,-0.050220382651728047,0.97794898793180418,-11.656892644830853,10.878540147411698,-3.5055981110870622,0.5496347946737885,0.5555062032005952,0.8384615384615385,True,5
0.042431519093732654,0.99426301999864442,-0.098186624601182687,-0.99897934754998174,0.04374434953305277,0.011255889682396348,0.015486424894415729,0.09760880568424897,0.99510436221377507,-25.721902169279556,6.1269975765298179,-6.6893905710110122,,0.1994423162694923,0.32,False,1
0.42970761671817459,0.88534983134844292,-0.17750222608652225,-0.89654848119555908,0.44172666778304143,0.032838572368898256,0.10748109136179923,0.14502836653763568,0.98357236027610206,-18.344385584650976,-0.24915196514383553,-5.08454545672467,,0.120229487056837,0.3684210526315789,False,5
-0.61657596408555126,0.76455886188907574,-0.18783989783551192,-0.77808208683747482,-0.62815660501692194,-0.0027469467151301141,-0.1200930749652704,0.14446115838002016,0.98219581910375175,-5.0359567187642735,-7.1503611596119363,-2.276492839169908,,0.07294423956801459,0.2127659574468085,False,7
0.64281337597689125,-0.69845873157577487,-0.31455740962621215,0.75613455835152843,0.64431730815777644,0.11452395415307892,0.12268452767864231,-0.31146525760327998,0.94230456858406031,-22.156822569340317,3.448838632101539,-5.8991930179065974,,0.07125433392547884,0.4,False,4
0.97356784836472976,-0.078959426887528897,-0.21431531334942922,0.096373671979076217,0.99273434557291806,0.072046057971130673,0.20706945689729436,-0.090796079350945108,0.97410385072370831,4.3721720957052383,9.245198692771913,0.2405445948319222,0.3571993470286632,0.1436860565444646,0.4310344827586207,True,5
0.052935972426106426,-0.92273270296864196,-0.38178808480030735,0.99805089066880293,0.061540515455808832,-0.010352999210005639,0.0330484864783777,-0.38049589200097489,0.92419190307634225,8.7548531434605756,-6.9560794525560032,0.93042685278821058,0.5194827833532232,0.5295573316996712,0.7563025210084033,True,4
0.97785660833848065,-0.032711552269337502,-0.20670367165798792,0.056994935241876786,0.99199995019685627,0.1126395852540662,0.20136541630959656,-0.12192642518159952,0.97189809957469198,-17.791541720296681,9.2229408514386453,-4.912921012267855,,0.06721579212459858,0.2380952380952381,False,2
-0.67635814086847545,-0.65777411935878205,-0.33147077274281533,0.71461420112176588,-0.69505802770071323,-0.078872566104416314,-0.17851108883215275,-0.29021982363473026,0.94016288223551248,-42.371799088919403,12.817289971117429,-10.543844098754793,,0.527584134207646,0.5416666666666666,False,2
0.22993901304610928,0.96379814765962624,-0.13498585424871121,-0.97197342500356076,0.23440411183871174,0.017954760927167805,0.048946004599234719,0.12707416307407948,0.99068483672295793,9.6939559463754925,-8.6710228392358548,1.1223795940814763,,0.1187913333676664,0.1875,False,5
-0.41736923087589745,-0.85833831523968307,-0.29842630867529729,0.90377737002508685,-0.42633336017325801,-0.037766803331965783,-0.094812396597693471,-0.2854736460601589,0.95368517177133472,-8.4151774217275097,4.4064830731618674,-2.839199752417199,0.3774380629433509,0.2909065898875531,0.328042328042328,True,5
0.50759597676988111,0.85049111106519082,-0.1378810877753992,-0.85448335897600403,0.51743741019378553,0.046007779396890457,0.11047404039010815,0.094463731299610568,0.98937964900681041,2.6368989847477544,-11.300432130780329,-0.62299424680127391,,0.5098274244223701,0.6428571428571429,False,1
-0.84134837638291149,0.53185710383374429,-0.096233729323041972,-0.50096727849217415,-0.83419678224644356,-0.23053744678429916,-0.20289084611678021,-0.14575235706931505,0.96829311418121533,-17.667270369906294,6.2058274879156752,-4.8648608905633512,0.7911731539900538,0.3240650510444572,0.4285714285714285,True,3
0.60912621804802014,0.78301114218656098,-0.12593173427779228,-0.78071031351188991,0.61995107183393661,0.078435163722138809,0.13948712077708564,0.050539289109067576,0.98893332606079587,-17.975957772865129,11.926326921658848,-4.9191886087057934,,0.5704421171400131,0.8,False,2
0.093346420890115009,0.99323843270395196,-0.069020732441800056,-0.9948728612143336,0.095760295026845618,0.032526234266770579,0.038915751646484538,0.065630646013646182,0.99708484221635851,9.7731677535275558,-3.9973291132700015,1.1955556601492179,0.4703204034846624,0.3409646741630963,0.1111111111111111,True,4
0.91195998122550725,-0.30840806518280506,-0.27057985507678445,0.34956979431790763,0.92933108351820015,0.11893147652083591,0.21477884333358022,-0.20304729138082397,0.95532290138947418,13.600620198082334,-6.4896558669305255,2.1238865349977778,,0.3610789853343299,0.9,False,5
-0.61332770279564386,-0.75971396010519643,-0.21601811915832261,0.77830779300544417,-0.62788086931854881,-0.0016103697645540966,-0.13441022405462233,-0.16911626995964663,0.97638802681337877,-9.3025573113595161,-4.6347275123227334,-3.2250032730935732,0.2161460554107164,0.1728737375306914,0.6405529953917051,True,2
-0.57954575504117811,0.79983394847835843,-0.15618057713835895,-0.80706114534694784,-0.58988856071057072,-0.026149447682209614,-0.11304435184928283,0.11089247406533534,0.98738231385347652,-1.1963015445945668,4.7051679062857925,-1.1531213544786658,0.3355329375711875,0.2392795244845704,0.6985507246376812,True,5
0.76608924873933126,-0.60287451224932853,-0.22282186931749212,0.62272984197120329,0.78203339095873192,0.025126069014214873,0.1591062754404341,-0.15800663880268245,0.97453532271013732,4.6039857464104319,4.2753121524421571,0.16582518656642095,0.9484520018419234,0.7569653661212917,0.2580645161290323,True,4
-0.88756036328798849,0.42562863540693735,-0.1762863189295284,-0.40956760741166648,-0.90421103579376982,-0.12106517958456042,-0.21092884221741182,-0.035251488910221077,0.97686557726763823,-5.4020733522297757,12.698870782368758,-1.9412737544380387,,0.1614398088694668,0.2272727272727273,False,2
-0.88737014534497805,0.42838391879192006,-0.17047417185870686,-0.42119707881374946,-0.90359355290733434,-0.078177438836699503,-0.18752932023872534,0.0024308979368602435,0.98225599758210869,-8.3184109105945332,1.7691619635291167,-2.8617267092687579,0.3899572571785874,0.3559049849984861,0.5747863247863247,True,3
-0.92022500838304466,0.37771021659374299,-0.10257156636775797,-0.34847903176681733,-0.91000545204210426,-0.22461620972785709,-0.17818052184593267,-0.17095341334514264,0.96903386530108326,6.4188324690846352,13.339407783986665,0.86945918673958877,,0.4072035046101711,0.2941176470588235,False,5
