axis_00,axis_01,axis_02,axis_10,axis_11,axis_12,axis_20,axis_21,axis_22,location_x,location_y,location_z,dbh,dbh_approximation,score,reconstructed,number_clusters
-0.87692511547127139,0.32802149716999601,-0.35128939529973352,-0.32619899745957082,-0.94297832102836365,-0.066227638693377652,-0.35298237337304683,0.056513568856372057,0.93392165657674298,-24.738855850127973,3.2809644679248198,-10.539810175923833,,0.106677476455246,0.4444444444444444,False,1
0.92225424490824659,0.12148635377443268,-0.36699887410633053,-0.11308950432130546,0.99259293846344954,0.044384935787463553,0.36967265487331119,0.000569525319193874,0.92916188249401932,-4.3730535381509812,-10.134593377472568,-2.0664299703839601,0.7819124784993964,0.8128058439263802,0.6068965517241379,True,2
-0.63269174891559077,-0.65209491722681434,-0.41770009550044951,0.73495399347201351,-0.67558512818361793,-0.058543676487420301,-0.24401593868776286,-0.34403045432647139,0.90669689983050628,20.325107477936822,-3.3519877538955978,7.9046697355545463,,0.1502760691609461,0.3142857142857143,False,5
0.89397699277484566,0.25405201364948088,-0.36913779371650329,-0.26175503569742459,0.96466807954701395,0.029996626312244853,0.36371614987003775,0.069807382587520381,0.92889046268114739,-0.63024169924856199,-10.414201771875828,-0.57113229518006725,0.1326111509641643,0.1195384668035622,0.5733333333333334,True,5
0.6409135811009028,0.73079059107264321,-0.23489336636038269,-0.72059194095349488,0.67824643837343046,0.14397577388794056,0.26453173003118413,0.076986237948434733,0.96129916413843586,-7.0547435533305345,20.871812677647611,-4.9374689006898169,,0.2483862394715474,0.25,False,1
0.44487546928386251,-0.79943441752060662,-0.40372073133906944,0.8782724578844161,0.47765580258667928,0.021964152087978233,0.17528065081785724,-0.36434811147961954,0.91461858012512798,-5.0415332822493237,-7.9590938530871078,-2.5379853312072558,,0.0976973552918737,0.5252525252525253,False,5
0.82895919256500084,-0.40875439146226766,-0.38176760538617416,0.44979508382619693,0.89289275979595917,0.020661608595181815,0.33243200752600055,-0.18884482244495657,0.92402737697969017,-4.0701066718901187,1.8498134099672414,-2.8850097524185956,,0.1005514918897131,0.6064030131826742,False,5
0.31705271570201704,-0.85561991351453071,-0.40913584426613586,0.94082567863662114,0.33818701221287473,0.02183087695148607,0.1196854957123796,-0.39184704715987928,0.91221229642455814,-8.1010005390916966,-16.173041498734399,-3.3075132944163239,,0.08301591002270114,0.2352941176470588,False,3
-0.74815448746932922,-0.52738917405066243,-0.40264813668222327,0.58848729671902367,-0.80772682538845086,-0.035497565384572896,-0.30650866950192768,-0.26351097632177756,0.9146662784196774,18.277247711293924,4.2497739823206615,6.4755058646008443,0.1890803283834201,0.125119961904987,0.6,True,5
-0.2427965960400118,0.9141897085630355,-0.32451038459318238,-0.96601731058224749,-0.25842410308241975,-0.0052477234576622719,-0.08865871985780395,0.3122085195882372,0.94586757619113693,-4.2758232470902025,-7.8668700486633787,-2.292638852537177,0.1792913734534291,0.1976912361106671,0.6067961165048543,True,4
-0.60001721399253172,0.72123758353085543,-0.34611514126835347,-0.76098716644255371,-0.64802012623211747,-0.031119905331529748,-0.24673442285658703,0.24471670171993265,0.93767577577590433,-11.28624791205028,-11.366975306194238,-4.634390544224078,,0.09877126251363089,0.303030303030303,False,3
0.90542495159032776,-0.11053452837756961,-0.40986311748436349,0.21628262077207569,0.95091022348571774,0.22134040485710119,0.36527727138382887,-0.28905339456005563,0.88488454054960963,-10.884911755948007,-12.632105783183189,-4.4452597656798458,,0.3739304166405331,0.1515151515151515,False,1
-0.42284351803166131,-0.78673035871555341,-0.44973181112069954,0.88863110807542622,-0.45723532169053605,-0.035645677987558133,-0.17758973230242969,-0.41471822153583826,0.89245206241394437,-11.682190857889987,-8.2109648303506617,-5.0441531244150495,,0.08974126338426854,0.3833333333333334,False,3
-0.43685520204304856,-0.72606992235634715,-0.53101789075075057,0.8769738951459356,-0.47514515920597628,-0.071790423565358794,-0.20018571297795765,-0.49705084803526534,0.84431400248185562,-22.981968975855402,3.6760407383334437,-9.8523571625014235,,0.2878706960962608,0.2058823529411765,False,3
0.87529812449232691,-0.24374548317402606,-0.41766174434878983,0.3312791937714118,0.93142150804282842,0.15069197101831719,0.35228864448684227,-0.27026304554541386,0.89601930625301784,-1.2937836923011914,19.427643970413204,-2.7329060671436771,,0.5226726626019206,0.4,False,1
0.066439677956499077,0.97859205128179438,-0.19479057051389018,-0.99604211175402635,0.076598832207720444,0.045085812812833873,0.059041348270657726,0.19102412432073498,0.97980809504814736,-28.820830422832572,9.4709201735492705,-12.302427500851985,,0.2682238720172346,0.2857142857142857,False,2
-0.39921298493419261,0.8563576026350207,-0.327537248368995,-0.90417539036780892,-0.42692613956045189,-0.014175147732237735,-0.15197320853740426,0.29049221636596406,0.94473192817732021,-10.357526791003551,12.338277436072211,-5.6589748385138998,0.2338767006502426,0.1939791201476173,0.6666666666666666,True,4
0.69750453437083093,-0.57900771386139893,-0.42218182317708569,0.6622522048529601,0.7458935178293844,0.071167950845170913,0.27369589273411649,-0.32923081166425427,0.90371324597538838,-11.204781546370821,6.5448612229915781,-5.6190728962459238,,0.1219188181602675,0.2391304347826087,False,5
0.10323688226575195,0.93840686154993991,-0.32974946298067193,-0.99295469378997103,0.11661831298960371,0.021003455809138229,0.058164613129589926,0.32525794574683803,0.9438348089088654,8.9485586465762328,-8.7324557302803409,3.1452989444281756,,0.09038264892103114,0.5333333333333333,False,5
0.83799214193607696,0.46122590698467308,-0.29161589939430527,-0.44152315218976484,0.88713527757097499,0.13434398151566657,0.32066567657577216,0.016175970302692799,0.94705430776221433,11.04117343487458,4.4771252836895465,3.1490126250225403,,0.1428060336188527,0.5416666666666666,False,5
0.48992211446016604,0.80757270801404923,-0.32833312813929683,-0.84867270455278332,0.52793861406680487,0.032178569332498165,0.19932627099794231,0.26288237112457191,0.94401371634207643,-9.9612009138145741,9.2698040732486451,-5.3627358452801257,,0.1515173450981881,0.4423076923076923,False,5
0.73412634144880917,0.59478984200572993,-0.32754168992326238,-0.60319850661012886,0.79276239156847905,0.087631912782600907,0.3117853050005695,0.13323976268901766,0.9407640986051059,-7.7133594260387017,19.48120843215866,-5.1306737817666948,0.4160281126915762,0.3498812308907136,0.631578947368421,True,6
0.91237683024496796,-0.011278219811407794,-0.40919594498238987,0.10369340084209988,0.97338510055512373,0.20437496089074167,0.39600025032055858,-0.22889789814495487,0.88926348961985247,-14.946756187597936,-14.072043321464813,-6.0197613936683494,,0.2099453425973527,0.3846153846153846,False,2
-0.69499130661731867,-0.5891427675908637,-0.41218670905516891,0.65981730297547725,-0.75035922715897341,-0.040026952314114392,-0.28570651098727218,-0.29978630657981464,0.9102197316948879,6.7638638488602147,-12.723022725553754,2.5533313825212152,,0.08166582703306884,0.3684210526315789,False,3
-0.83530343102776372,0.47641100909279133,-0.27440978212963563,-0.44435173142036427,-0.87892591557558963,-0.17332274436246475,-0.32375873254164167,-0.022842621233126331,0.94586388965761325,-21.65695052595677,12.87362822918173,-9.781444297320073,,0.6215705590186038,0.2236842105263158,False,4
-0.69201379199632174,0.65172736964568034,-0.31043251656615206,-0.66958225639248992,-0.74019907501858062,-0.061359035732153379,-0.26977122457966751,0.16539880590971784,0.94861305145587482,18.807470940717529,3.3144313435925805,6.671703608899997,,0.1041411333058516,0.125,False,4
-0.82084913777686497,-0.3161929247053839,-0.4756350779507682,0.46136397397426299,-0.85798324236672574,-0.22584959450164319,-0.3366748825345508,-0.40482933463885296,0.85015482900834627,-6.4810444431961738,-11.878816537922544,-2.7033874328862599,,0.3186778076443682,0.1,False,3
-0.88382087331712833,0.32356465494678704,-0.33788545094175781,-0.30360263916826524,-0.94619906443299173,-0.11194984571760327,-0.35592991076757308,0.0036393042326271219,0.93450556664243034,-15.775497701431968,-9.7224041377871462,-6.5661025434253029,,0.1979222708736697,0.24,False,1
0.85405836960369297,-0.33124546703164892,-0.40107448420569869,0.40068970168832657,0.91061102429950036,0.1011697849416312,0.33171081422046278,-0.24711131701158656,0.91044161412690139,-6.9979761363218973,18.332088882650421,-4.7447321528092852,,0.1631546744900701,0.2051282051282051,False,2
0.88858428273611001,0.26672087942045347,-0.37319960470977592,-0.24938461463038791,0.96373485030065231,0.094986590114777628,0.38500037202580201,0.0086666485540719956,0.92287572443034527,0.35322278761119236,10.54512861832367,-1.6310291521066549,0.2097868051711332,0.3223440605161068,0.186046511627907,True,5
0.80431244165461191,-0.42882202417290033,-0.41133097109730582,0.51226298227618428,0.85119021847817045,0.11428844629530135,0.30111149627522682,-0.30263324924955065,0.90429253190521985,-1.6778433360075526,10.042238407253237,-2.422081690550395,,0.1134779046563591,0.2222222222222222,False,5
0.31145096684839968,-0.81868950161169818,-0.48243734847126601,0.93872012704097541,0.34395637434231857,0.022327911623381415,0.14765777438852223,-0.45982769870906604,0.87564585830263153,-2.6601529434441495,11.747940667341801,-2.8280321351767204,,0.1186790608029417,0.3,False,3
0.8017601615145179,0.48357793889905698,-0.3511880129195098,-0.49948173094473558,0.86484767633810311,0.05056181548396424,0.32817471544996357,0.1348735472311885,0.93493875863428177,-12.47827458223793,10.011164213487335,-6.3064790497213492,,0.1161197571419324,0.2946428571428572,False,1
0.74239078462062735,-0.53395202182822565,-0.40466178630545019,0.60123728620779171,0.79745516585306198,0.050783699429581844,0.29558357292626708,-0.28099910469575168,0.91305523084659379,7.5874030558325396,1.325899008000726,1.6529178680107368,0.8094514877887846,0.5362938041305335,0.9792843691148776,True,5
-0.49431725923520298,0.81560123951751951,-0.30074086074173478,-0.82971387663260809,-0.54587126646645989,-0.11661665133928922,-0.25927847991201103,0.19188324195662765,0.94654925456139261,-12.768199062442323,5.3211519815649861,-6.1824263334640497,0.663515515764099,0.6102402123484757,0.3053435114503817,True,5
-0.17272146726984711,-0.86740136321821371,-0.46667137241460932,0.98198222418813585,-0.18852302809512478,-0.01303760930409166,-0.076669460169434281,-0.46051486725732166,0.88433469394358721,-12.625419486587838,-15.293718913061634,-5.0088548844120524,,0.1722647882627993,0.3157894736842105,False,1
0.70397091478462559,-0.58428540259939055,-0.40377657119571231,0.65249874677959363,0.75658020176891749,0.042799342779588453,0.28048232847785237,-0.29359319917289117,0.91385594970491379,-3.6778848485270252,14.489622473913984,-3.3177120978651802,,0.1210930954147971,0.6493506493506493,True,5
-0.5004487633285426,-0.73660733716995352,-0.45492929792476855,0.84494234290916537,-0.53010246548750806,-0.071160475288153932,-0.18874181423866551,-0.4200011987024036,0.88767985256309678,-12.570056696496836,-12.087314664766673,-5.1868739412662919,,0.2338344525044309,0.3333333333333333,False,3
0.79894452054333087,0.4886164072529765,-0.35063037469246744,-0.50332405689075188,0.86235499856147724,0.054852075722525886,0.3291694804334418,0.13265693732039713,0.93490619322579627,-23.923230599207365,4.7477083989350728,-10.23420094634155,,0.0933726691711364,0.5,False,2
0.68262442822684821,0.64897889031124911,-0.33593197215857462,-0.67575583907734549,0.73556941363062278,0.047871533127484808,0.27816889822703444,0.19432971378943298,0.9406689249665241,-2.8273584915285066,-8.5862825622512133,-1.5777640437756379,,0.0695338341702144,0.3653846153846154,False,5
-0.91420487872906631,0.14154608317701017,-0.37972904293090354,-0.082032884624397506,-0.98225715937058333,-0.16864601597853657,-0.39686275404498889,-0.12302674181851443,0.90959572077343642,8.819295645264523,13.701797462154547,1.7070921071991081,0.7591201087736124,0.5960210079252095,0.2105263157894737,True,5
0.15141053741634838,-0.74598860614076812,-0.64851819455389692,0.98730126925368589,0.14604069427176683,0.06251655258154612,0.04807341145949022,-0.64974850144096052,0.75862759769591315,-15.796847203107871,15.072232283816557,-7.8420460683197275,,0.4253024241310588,0.4032258064516129,False,3
0.34603716146038183,-0.81908375353650054,-0.4575588351032,0.92544183757556209,0.3781993863540859,0.022861089785015543,0.15432332342587524,-0.43135487577393694,0.88888541612113459,5.4365207922786123,14.084911272183509,0.13367772708161033,0.3242051963843403,0.222250218284693,0.8490566037735849,True,8
-0.92210063103496398,-0.075372542253686975,-0.37953841191523358,0.1066659579177381,-0.99235522025587564,-0.062076487113916751,-0.37195806170375256,-0.097724596213691881,0.92309105922896828,10.339176962771512,-8.8264191245943309,3.7424627192557165,,0.2230127875019571,0.4074074074074074,False,5
0.098272168455448103,-0.87767466042757436,-0.4690733112749082,0.99463912719845404,0.1018674232382816,0.017777365628564475,0.032180546188076115,-0.46830568918830745,0.88298029078847629,-7.513715976093498,-9.4349530001672939,-3.3526703153950645,0.2529138778841517,0.08286635799219728,0.275,True,2
0.0011141863315927997,-0.91967239328460226,-0.3926849215579713,0.99981122856817872,-0.0065926494301660216,0.018276876168547319,-0.01939757247203816,-0.39263115770868523,0.91949143997023131,-1.4618464914811176,17.665789195334138,-2.6130493545024489,0.5715980157128036,0.2933032927172655,0.7926829268292683,True,5
-0.92042706124228701,0.18909471436829001,-0.34213625053603969,-0.1334203863875166,-0.97462577070355805,-0.17973204382274033,-0.36744118635380357,-0.11978228616314035,0.92230102379453049,10.289071779647802,7.7410057658483806,2.7908602738120445,,0.1138492441800406,0.2857142857142857,False,5
-0.14359468646786672,-0.89108472557960783,-0.43052128618328483,0.98619031965520443,-0.16511841513678346,0.012828187755192238,-0.082517994622752708,-0.42273386524080564,0.90248925741086106,3.6501286840977674,-8.7446222299619372,0.99212094479538682,0.7352321249345708,0.6784321930184529,0.3172413793103449,True,5
0.71125029385400207,0.61337377258905479,-0.34335933741849423,-0.64368492789060872,0.7645995729864602,0.032514713521510495,0.28247607526843566,0.19788913080003739,0.93864112354623996,12.5559880622669,-5.6090461855400866,4.4744357660903411,0.2315872070313588,0.1677886275404054,0.3,True,6
0.59115234416208684,0.7558646677951808,-0.28143828803229853,-0.76854372872325483,0.63374844617055082,0.087769265785747203,0.24470276465913987,0.16441262407520238,0.9555569297602734,-16.342236134868731,-14.958084220473411,-6.520358605095967,,0.1517086425954912,0.2608695652173913,False,1
0.65261827871039402,-0.57658111470200468,-0.49157257903800577,0.69677128987631798,0.71157179890482802,0.090417612263540587,0.29765609669075344,-0.40152184644467492,0.8661299295893683,-15.591598109727062,-12.654035234679968,-6.302830503633408,,0.1981556598402325,0.3617021276595745,False,2
-0.89297378032494079,-0.10576159357772577,-0.43750692906065303,0.22940186524713693,-0.94322571890828399,-0.24020830004619903,-0.38726297508710761,-0.31486461934274268,0.86653774275148043,-5.790339373697508,-5.2477110309435,-3.0202211415652633,,0.5471905288971282,0.3029490616621984,False,2
0.90252248321265749,0.264474107297132,-0.33986263970175185,-0.22424453762750751,0.96238185770286266,0.15341299589217269,0.36765140369633165,-0.062246337512913461,0.92787813791809148,-10.324287290632979,10.488060406091311,-5.5632486333855384,0.3059868853422394,0.2627002296624102,0.2962962962962963,True,5
0.46869578105627724,0.84969249294924554,-0.24155109655255455,-0.86138799656288179,0.50022729840475422,0.088223405670292965,0.19579321795565421,0.16671927709888942,0.96636933852755935,4.0664128152432495,-5.8844609334081674,0.80785519493720437,0.2518030117134262,0.3248481647437322,0.5833333333333334,True,3
0.92378914428359771,-0.035964197116498689,-0.38120885801558119,0.059344759826349229,0.99699696688627915,0.049751859268900023,0.37827478951805771,-0.068582975623146664,0.92314926153344423,-13.652383449726546,-16.28012067116029,-5.526138374706048,,0.1728628169985254,0.5,True,3
0.023901886401147248,-0.89966454772770532,-0.43592705971110618,0.99969858054699312,0.019063479595614451,0.015470352227243864,-0.0056078408317327844,-0.43616543341673841,0.89984902445554449,-16.745884882399949,6.4924606607285691,-7.6494894352218692,,0.1896582813927884,0.2075471698113208,False,5
-0.28628288168668714,-0.75449477661248088,-0.59057577305342424,0.95003442598612708,-0.30355605022069526,-0.072720793557426389,-0.12440539013393836,-0.58188603389228555,0.80369891281917838,-5.0592643114283193,-16.951146677647927,-2.0697382461510641,,0.5193148458732038,0.1578947368421053,False,2
0.86462062183104915,0.44163587535097559,-0.23955987541211457,-0.35784790068322436,0.87599669200196251,0.32338007913016015,0.35266990271513055,-0.19387508660113278,0.91544327542142345,-12.854416966959604,-10.907879995460728,-5.3071270218758988,,0.1030925271982773,0.3157894736842105,False,1
0.72145576815275758,0.5987094854787226,-0.34792028770526851,-0.62280315907375394,0.78065461156456906,0.051909560687059805,0.30268432342436569,0.17923540230873566,0.93608593137187923,-10.608155931828623,12.103120638237069,-5.7563516353169497,0.4040980353307732,0.2809602344028689,0.65625,True,4
0.85162753079968523,0.42838057494615689,-0.30202753482560507,-0.39568435790655426,0.90334319209497627,0.1655444538597948,0.34375054573354497,-0.021474643290630507,0.93881542488576042,20.618598176441619,4.0349106058747708,7.4379878237848152,,0.295043222989028,0.3076923076923077,False,2
0.78371072096148431,-0.46711664191325458,-0.40938923861981841,0.52936032946737044,0.84710401603825447,0.046823365941140269,0.32492329469619047,-0.25341039611575744,0.91115751860160121,-19.742121351615626,2.2611118751855082,-8.6254650342877088,0.3007640469455874,0.2164485227759647,0.6518518518518519,True,5
0.88165382527580904,0.3109200013801019,-0.35498631680436732,-0.30613269582048208,0.94932548160058361,0.071161102672069779,0.35912296630293261,0.045933459761029763,0.93215922049195288,-16.598474815036955,8.1780035559382096,-7.7632886498682208,,0.09435312229487314,0.34,False,5
0.83077365558490346,0.44175322769901693,-0.33862843797235509,-0.45635935941250583,0.88889649539065774,0.039989443092078844,0.31867109731305093,0.12131408120951057,0.94007001092343589,-15.64466304177672,2.9798769195401316,-7.1325884025579587,0.72773979315528,0.2372534989125542,0.4873096446700508,True,5
0.53929103938006839,-0.72007589146255724,-0.43664159831464289,0.81444984568981293,0.57780394118640466,0.053047661638333327,0.21409489414790495,-0.38423081095073364,0.89807018668695149,-2.5405389293516549,9.2405647982262131,-2.7011077092804325,0.4830485650601117,0.395891636418462,0.7123893805309734,True,5
0.25296724161837059,0.94542309182657402,-0.20538440084162327,-0.96020632669539274,0.27131752993648128,0.066261664054759292,0.11836969562405777,0.18044937071169376,0.97643568132653757,-30.737371924882414,16.817977222056836,-13.314972503610075,,0.2089598415865619,0.3333333333333333,False,2
0.27274827710038568,-0.8177608222961682,-0.50682897988992959,0.95713397006896683,0.28401765102997606,0.056820218614803075,0.09748302764476735,-0.50060085039970748,0.86017198739571854,3.954403576634101,-6.9994966634810156,0.89974684024989193,,0.07929984988863635,0.196969696969697,False,6
0.67095689117159618,-0.61948031993638464,-0.40750580781243034,0.69836298576122691,0.71264752663104436,0.066502954109718737,0.24921073473671096,-0.32920758800211369,0.91077789482058646,9.9890089663403163,-5.6083981243196757,3.268948634331057,,0.1467290321947086,0.3214285714285715,False,4
0.87940983462813538,-0.20547961920940394,-0.42943738641258711,0.27254625664938498,0.95690461246474035,0.10026016472215074,0.39032919535402788,-0.20521132701014233,0.89751402803578129,0.34320042110662491,9.0089766976941732,-1.6049765887556664,0.635750270221948,0.2864391944724448,0.8618421052631579,True,5
0.92646944908551776,0.068590289549321837,-0.37006719942561372,0.048029773486506062,0.95366832014169645,0.29700147477234762,0.3732927815669782,-0.29293703647312119,0.88025018710156089,-2.226112803250051,-7.0860762564182984,-1.5605954712973518,,0.1051186660385588,0.3333333333333333,False,5
0.90328974414870333,-0.17522616704667318,-0.39161643032168786,0.25850597415184123,0.95078303260926333,0.17083994330993099,0.34240662879619843,-0.25555315549698104,0.9041295732758432,2.7931249872080124,11.318386985343812,-0.77515365331951736,0.4564529738735262,0.3043736341015247,0.2432432432432433,True,5
0.74218398246547845,-0.5022713714316035,-0.44371883621489211,0.60237605201292865,0.79015339845349897,0.1131401735622814,0.29377887625389187,-0.35125642535418755,0.88899544178493861,0.51330256370546978,7.0191064842287467,-1.438066933721684,,0.1267993959057339,0.2826086956521739,False,3
0.52836941932194847,-0.67692528093813009,-0.51244309025707568,0.82199596024542132,0.55892176416338324,0.10922043254217616,0.21248152405702375,-0.47893488656739736,0.8517470142965452,9.503188470944675,-11.173530927867709,3.6508202091336148,0.2648365329361068,0.3987781628077999,0.1463414634146341,True,5
-0.76559838943047676,0.54930529449856369,-0.33484742725203476,-0.5691938677897701,-0.82095263994095191,-0.045333253186862751,-0.29979567537238117,0.1558860366095331,0.94118122411052685,3.8691302743621181,-10.277854072478808,1.1739732625494557,,0.100706903378773,0.2173913043478261,False,3
0.77978641100838153,0.59516073899433675,-0.19420825926407637,-0.5383564750553802,0.79581811075387432,0.27721082295264154,0.31953944822605812,-0.11161195883887065,0.9409767859365803,-6.6819664505499432,5.3585861842237277,-4.0279143258902925,,0.183669400830236,0.25,False,1
0.72011239535719751,-0.55973527766515363,-0.41004214050513482,0.63151675762921777,0.77353977716369515,0.053130010154534543,0.28744516500786566,-0.29720806194088095,0.91051778951920881,-0.53476644990203592,2.3879688293143495,-1.6456009426236042,0.4431916482938606,0.3163271213160739,0.8220164609053497,True,5
-0.25302533345476597,-0.88075752530076123,-0.40030533628242343,0.96084491278550066,-0.27707720007771691,0.0022975576853114764,-0.11293907297445338,-0.38405000562839797,0.91637893852516017,6.0864369766694626,-5.9803131588456555,1.6302580110195,,0.09388091231542066,0.375,False,5
0.38875839321454986,0.86096091696706856,-0.32804452618580132,-0.90661246301307918,0.42088162783611333,0.03020756957093677,0.16407545098094667,0.2856658096539535,0.9441791628606041,9.5130918688391795,3.6441601034773834,2.4359703579248424,,0.06237156517807999,0.1666666666666667,False,2
-0.35007714518676719,0.92192696269112639,-0.16582119249661043,-0.9210734791429569,-0.37101382171018737,-0.11820486504154838,-0.17049820655177725,0.11135268098755438,0.97904593457074918,10.954351926118289,12.853265138173834,2.6633347323194414,0.7409231383836429,0.3568824600016599,0.28125,True,3
-0.68136813795789652,0.63780677632211968,-0.3590821307909593,-0.67911542797955537,-0.7338804786793276,-0.014888871466563265,-0.27301958914322494,0.23371341230444614,0.93318719711163944,11.594200588451075,-11.647822850942655,4.6024350307656627,0.2849849444436005,0.2198922003651721,0.5609756097560976,True,5
0.3508286012015534,-0.82134477123197602,-0.44979112857953846,0.92984698654182096,0.36243776037359465,0.063430682437351671,0.11092282992268476,-0.44049022307568436,0.89087849293642585,-11.552753895352321,-15.183744297524575,-4.6143012397891559,,0.09367093621620894,0.375,False,3
0.67405168530611037,0.70225999426787045,-0.22909654293961382,-0.68141511850371694,0.71086790296538016,0.17418455961470294,0.28518022689267419,0.038700451993395502,0.95769228523829586,-6.6343088076675949,-13.399986546017818,-2.7907572994394654,,0.2473737415197716,0.3076923076923077,False,3
-0.91190694801790118,-0.14863798709651016,-0.38253426898589726,0.18570681772175393,-0.98066939216347915,-0.061648366769705129,-0.36597635990366423,-0.12725679575413837,0.92188231999862835,-5.3354850250898753,15.856151471013316,-4.0988934875507397,,0.107991388107813,0.21875,False,2
0.44911486405718026,-0.78261577645588409,-0.43105496786982278,0.87552014277171719,0.48171588955416816,0.037606932233677601,0.17821424882397163,-0.39428713926958087,0.90154164258935798,7.1471360657545455,8.8337599346313862,1.1767460866175448,1.084790270486004,0.4044836164264985,0.25,True,2
0.78486625684078348,-0.41342910510126196,-0.46158567344308532,0.53082494876884012,0.83288615589219017,0.15660627410065195,0.31970272541424366,-0.3679361716090167,0.87316272308453757,-4.0735021665578328,12.013351918784739,-3.3429766739573434,0.697168625620337,0.3268663556828297,0.2,True,5
0.83852767830227792,-0.36946556247362183,-0.40045790149158211,0.4297012470020532,0.90032199202364127,0.069116922699603331,0.33500473287085347,-0.23003371236545456,0.91370472261529623,15.347689430945758,10.037544320618018,4.8034431288147514,0.3458161261558459,0.4123056481386984,0.711864406779661,True,5
-0.68764205509182008,-0.56246136663225832,-0.45911394567718078,0.66896067902330825,-0.73660444447693108,-0.099526389955155031,-0.28220562359700008,-0.37556770817390989,0.88278473173657923,9.4265688451113139,5.7940049764410038,2.3153205630919245,,0.1454155587057682,0.3333333333333333,False,7
-0.78178903129483501,-0.47408371221452444,-0.40503153501916361,0.53478110949646485,-0.84381504391406414,-0.044557116042638491,-0.32064789952970874,-0.2514374782668703,0.91321635938587054,-8.6639318768620512,-7.3091167887506101,-4.0230469693289006,,0.1102711706293508,0.5725190839694656,False,5
-0.45835613406797049,0.81643615279459836,-0.35120031715848299,-0.87075276491201137,-0.49167715970409021,-0.0065721399410791671,-0.17804290707678108,0.3027962665477778,0.93627727955150908,10.818650904585535,-9.4085781276760194,3.9392803728589625,,0.0969858803300326,0.5294117647058824,False,3
0.52394104854916823,-0.66224904778142757,-0.53564164920008761,0.82988923329425512,0.5384888544588684,0.14599182883246808,0.19175410845004304,-0.52101434945322522,0.83172976955039957,-8.8710431821780578,19.59795601843539,-5.5324389201552062,,0.2751315382824189,0.375,False,3
-0.87974444973786603,-0.28511715230984624,-0.38047064619250587,0.31231105256484221,-0.94992418962335934,-0.010287877052359583,-0.35848502005140948,-0.12787589071880606,0.92473577143506902,-17.910175053373848,-11.422784317723949,-7.2522939541339122,,0.3692079509972094,0.8529411764705882,False,1
-0.31549589877254625,0.87978790699044274,-0.35557780663460903,-0.94134170824709218,-0.33745474939237236,0.00028359650607842971,-0.11974191485085886,0.33480969344675082,0.93464664071612791,6.0902257472614529,5.2313731464104487,0.86665267547002645,,0.1124867295140399,0.6271186440677966,False,4
0.00088106048523523255,-0.90024805204848801,-0.43537646757183024,0.99991456029385783,-0.0048851131957032296,0.012124676548540067,-0.01304207977137495,-0.43534995170778273,0.90016683103926287,-24.124054263906157,2.403255511431325,-10.292920658809923,0.2384767439645507,0.1836470219948516,0.4705882352941176,True,5
0.53458031386828664,0.79952660319138902,-0.27382676789116644,-0.81671567610611551,0.57203831778618097,0.075813372084921671,0.21725421152883218,0.18311027762961574,0.95878633375710465,-14.292805555660465,18.814500638851062,-7.4173303344621679,0.3647553099259431,0.3184632495478638,0.5555555555555556,True,5
-0.91079954570054522,-0.15526583394238661,-0.38253981278012739,0.18278718995586862,-0.98247718906555759,-0.036433722756223544,-0.37017972761851348,-0.10310719555887163,0.92322038294454223,-6.5319280733514082,19.682060053729124,-4.5748221616657201,,0.2886200797686525,0.28,False,1
-0.91662920397005709,0.17531191607243063,-0.35924453303040371,-0.15065033666644934,-0.98393713518210757,-0.09577155147492003,-0.37026393085406695,-0.033666691144821619,0.92831631215650523,-4.9111498563758493,24.053193845192876,-4.2181380993740092,,0.1258712702129028,0.2142857142857143,False,1
0.82751608176617408,-0.40025738827375218,-0.39371456354906909,0.4585648632464166,0.88645066772369929,0.062637687441375905,0.32393734056782431,-0.23237735867438297,0.91709615775084519,-25.818583341363393,2.1593300324899873,-10.946967937743759,0.2186155827115073,0.1739965524601686,0.5454545454545454,True,4
-0.91223804660376262,-0.14742449333798788,-0.38221429210926933,0.16685878464721471,-0.98581641102625894,-0.018004158890704121,-0.37413886768766319,-0.080199890993347844,0.9238983088901338,13.727256834062041,4.346883468593461,4.3985995010449344,0.1808005790886991,0.1006338984663416,0.4210526315789473,True,5
0.17375041772109168,-0.88686426022298426,-0.42811514371823411,0.98270402816709101,0.18442007053033108,0.016793766991365162,0.064059233260465351,-0.42362840028110227,0.90356814524935236,-6.7087520908092397,12.39757480557482,-4.3874748697742252,,0.1031708306100139,0.3962264150943396,True,5
0.38303468043798516,0.86757925757215437,-0.31716031500223962,-0.91424785619932314,0.40513468516982137,0.0040919808518039315,0.13204276207620119,0.28839576748437051,0.94836311098670867,5.2541595646993455,-11.772993447730013,1.8604489397288815,,0.1135781557618627,0.3333333333333333,False,5
0.70790178717779628,-0.54168009572852627,-0.45327445725742965,0.65343302976604656,0.74588837626591376,0.12913483558732317,0.26814237882372854,-0.3875992828204593,0.88196738070963754,4.2242364659539113,16.288611297691617,-0.37854601023253637,0.8501171118699493,0.5374188323786008,0.2142857142857143,True,5
-0.44011598177994687,0.82853920441437001,-0.34615128098892978,-0.88212633615845781,-0.47097793648709113,-0.0057367584939618625,-0.1677827453510338,0.30282432215851673,0.93816116966740104,-20.322500789531876,13.113933645840776,-9.3531276566383301,,0.108026171575934,0.575,False,3
0.29912349486434325,-0.85016580641948825,-0.43329347608202279,0.94877518412718398,0.31340224769953862,0.04005847128019048,0.10173880677779711,-0.42308052747908204,0.90036219515451232,8.0929555119330026,10.083000985347939,1.6561133018198031,,0.09601337864941556,0.3846153846153846,True,4
0.69186288918578143,-0.59345604533594454,-0.4112610665036564,0.66596615563190575,0.74456658645161344,0.045931230036364346,0.27895308229228094,-0.30566406493733322,0.91035963074250059,20.077236049360366,-4.3717698791338897,7.7658994523785774,,0.1024059751170305,0.45,False,5
0.53923949733384735,-0.7343250436229467,-0.41229539752863853,0.81398366000299249,0.58003130489540489,0.031532310246279179,0.21598927233377455,-0.35260518380972827,0.91050437592975642,-12.2578727501107,-6.6295893852816477,-5.4389845630057607,,0.09490323659706605,0.2911392405063291,False,3
-0.2887180576361642,0.89459514845683241,-0.3410885567595261,-0.95104972012833977,-0.30899099685371073,-0.0053845804994067346,-0.11021031275976409,0.3228375508221526,0.94001574600670768,-4.3527797808471735,6.2864290233447706,-3.1558515003332492,,0.07316149027403052,0.3121387283236994,False,5
0.31448845826360683,-0.84754826928288807,-0.42750314718673266,0.94152336716520335,0.33588762023794022,0.026706846552742042,0.12095767317900129,-0.41090319761042843,0.90361928016872672,-14.188355396171151,-10.021025428754218,-5.8606230155221679,,0.06667825716638157,0.3333333333333333,False,1
-0.91007612631175827,0.26095074549017999,-0.3219722856792217,-0.20789812383050665,-0.9595147921346423,-0.19002561349083458,-0.3585244962692764,-0.10600034010762414,0.92748267556430841,-21.339563805650588,14.744414960167806,-9.8025924817879773,,0.4171144684492693,0.3428571428571429,False,3
0.62320364752717938,-0.64371334779603739,-0.44412874212106185,0.73648465127306495,0.67409797397704618,0.056411700198040711,0.26307332085943458,-0.36224997908800383,0.89418531664455869,6.983098742499962,3.3164890608544759,1.2890288199871682,0.7022403816118198,0.6855860939845267,0.8072289156626506,True,3
-0.12532665571013524,0.97232321216180106,-0.19718215045959536,-0.99095390236721981,-0.13229755092788226,-0.022532674090380969,-0.047995757642651876,0.19257447678714248,0.98010789107039942,-4.1099654381195432,-6.7172076233875346,-2.3392365174033869,,0.1185119870610978,0.3088235294117647,False,4
-0.72101811115542136,-0.5519006867900299,-0.41897316776443089,0.62311247129976444,-0.78091317284438544,-0.043651627562049759,-0.30309030254458674,-0.29254102002763427,0.90694874171841844,7.5659188458319537,-9.0077416374362631,2.5745908208924768,,0.2351772863859585,0.5084745762711864,False,5
0.45218114074803878,-0.70209843297927277,-0.55008181787789645,0.87082600214393213,0.48087790408631037,0.10207112888360349,0.19285821201550693,-0.52518018981070314,0.82884949073313352,5.1207748404779752,-16.970167255974399,2.0734623327806632,0.6014184395565221,0.5219911694153195,0.781021897810219,True,5
0.91673713377833443,-0.04070432656880571,-0.39741185859315192,0.13873094917913648,0.96532226905679897,0.22114845828738769,0.37462881802090348,-0.25786832814755012,0.89059371996811609,-6.8402411162489685,14.547176078576317,-4.5058365740631761,0.6210339066209961,0.3552531932206406,0.2244897959183673,True,3
-0.73769287456660193,-0.55598262463954051,-0.38300462648980083,0.6033580410695617,-0.79745777367159121,-0.0044914905600724683,-0.30293282603634292,-0.23440226174181389,0.923735504676505,-10.829250892162891,-16.069039958915813,-4.3148975025200178,,0.1859249376545948,0.28,False,1
0.8797260263995812,-0.19794296423755281,-0.43232013761107002,0.31723804900083358,0.9216154051707085,0.22357340006846954,0.35417811725366144,-0.33383173585038611,0.87356409804763013,-17.521799261864111,7.8388573199582154,-8.0852228675974427,,0.6008091864776867,0.25,False,1
0.92445009124234667,0.13929261215737587,-0.35495013311786761,-0.05744505543285592,0.97113970371814151,0.2314902621462871,0.37695105041415278,-0.19361106388999427,0.90577185953806894,-3.9307154565886457,9.6649028117716309,-3.1759568730093295,,0.4062126425309919,0.2116788321167883,False,2
-0.62163713315878677,0.72945400246554237,-0.28541922318779711,-0.7420278812808011,-0.66511819481683843,-0.083740135690816189,-0.25092209563936529,0.1597330435776862,0.95473737577899342,-4.5644491084399421,-13.619184645476023,-1.9695031816209803,,0.2390311019851082,0.35,False,4
-0.42504838776287607,-0.78875993833052294,-0.44406263943841429,0.88604613895661088,-0.46287083672739587,-0.025938931114532007,-0.18508405576997666,-0.40448528797981237,0.89562020081484661,-5.3415751031072336,7.8678805047128337,-3.6255559623053855,,0.1609447062391831,0.3048128342245989,False,5
-0.21541898238212714,-0.84589686489527693,-0.48790691324246654,0.97098314127511332,-0.23868376744837608,-0.014892901536118171,-0.10385760149822343,-0.4769576009636417,0.87276860936564693,23.532508917737985,-3.0681035004408481,9.2351142327939009,0.2861780633040886,0.1649018161324699,0.4,True,5
-0.92775223103219018,0.095181736378890158,-0.36085486677429313,-0.033836556743702402,-0.98440023422037826,-0.17265939387879997,-0.37165963628368848,-0.14797505170387282,0.91650013575051481,6.6491583431096997,-13.759661101210627,2.5082428590453349,,0.2692624980431583,0.3636363636363636,False,3
-0.9147390531295414,-0.14497700070466316,-0.37713940916635913,0.1594303590459121,-0.98718286426115642,-0.0072078515267024086,-0.3712605894707407,-0.066720774694389834,0.92612845379570263,1.0872251451926016,-6.3967544513532415,-0.36275804976995957,,0.09171202252394377,0.3739837398373984,False,5
0.90078119026296233,-0.19776947337738116,-0.38662705889328863,0.2371829797658361,0.9698198746172525,0.056512342959535632,0.36378218947309687,-0.14260661344205083,0.9205030540007727,-3.9858839835666666,-5.1916991263842398,-2.4062961973334942,,0.0874365638641662,0.2512820512820513,False,4
-0.18873344794750041,0.95565578537723028,-0.2260568634235135,-0.98002057157663358,-0.19800183975530927,-0.018840136414611686,-0.062764360209090167,0.21798461259580168,0.97393189893287802,-1.0589363277836858,-14.743373681409578,-0.49333034131611808,,0.1585487413178264,0.1818181818181818,False,5
0.28962849678636488,-0.83733768823657517,-0.46366036029393232,0.95092631269286054,0.30683713678519459,0.039876300202304094,0.1088782883665569,-0.45245614964114728,0.88511521903889845,-12.788800697429719,11.426717714955135,-6.4343248583612036,0.3041876582787423,0.2284465893778535,0.8555555555555555,True,4
-0.89890879614445984,0.29971386081250745,-0.31958500880200613,-0.27511281250016056,-0.95380757809743377,-0.12068158253088579,-0.34099254627098352,-0.020559805465238348,0.93984114497443783,1.4281037220342427,-18.079883379802659,0.63382041338737005,0.5744644368174705,0.246613871435351,0.6923076923076923,True,5
0.54639568562606122,0.81140256621950835,-0.20755151230868865,-0.80924813822168506,0.57533112853632307,0.11879201707968143,0.21579899331082347,0.10305322930174596,0.97098446250005377,-13.877242257503408,-8.7801137618230101,-5.8321325160506268,,0.347766560335986,0.2608695652173913,False,2
0.12834187070651731,0.92820113090394696,-0.34924350360770734,-0.9899601890217965,0.14093522086757854,0.010774398866631047,0.059221519530336331,0.34435435833983863,0.93697005689449697,8.4029853262010334,3.1939755248355661,1.9991974398106822,0.1597106506118326,0.1039086178014605,0.25,True,4
-0.46997103917290284,-0.79012410557459534,-0.39348585759679477,0.86127052621660871,-0.50807628292900353,-0.008459987920276843,-0.19323639152423022,-0.34287372094546803,0.9192917428519094,-9.85634727245478,7.1446664054291613,-5.2400985736555015,,0.08742100583636961,0.4743589743589743,True,5
-0.9222294520494505,-0.080050593413911519,-0.37826543625693748,0.096376317276613485,-0.99504602094088912,-0.02439306618492695,-0.37443883778364667,-0.058951833761006371,0.92537572804534229,-8.9553861004794513,15.863286729466159,-5.3584919384515466,,0.1334850876196074,0.6867469879518072,False,4
0.81701903667618236,0.44979972216302999,-0.36077708304545131,-0.46689767854325559,0.88322487548803275,0.043822107321172393,0.3383584659494161,0.13264248663686401,0.93162198302699339,-26.587605932563982,10.653689970354254,-11.543236068246115,0.4180031497803546,0.3766938018550542,0.6818181818181818,True,5
-0.64913609329288757,-0.55574568461641094,-0.5193929787883953,0.7065565143684871,-0.69345455133507605,-0.14106267130648173,-0.2817804542332551,-0.45854936404154278,0.84281211212772389,-6.6297735247010117,16.862708934629278,-4.5733093506411979,,0.7136376959398449,0.4478527607361963,False,5
0.0034088651809673926,-0.85459147066081043,-0.51928970518581552,0.9999823447187377,0.0054406992557852665,-0.0023893602540934027,0.0048672260060255495,-0.51927239197303876,0.85459492921828495,-0.56453917551024613,25.899648983245854,-2.6970714310091459,,0.253680376921304,0.2307692307692308,False,3
-0.057842291801573402,0.97839094267248272,-0.19850801640133423,-0.99801150186494969,-0.061658000303579812,-0.013089428705324837,-0.025046185825583479,0.19735616102623821,0.98001185415308945,-18.315668946239889,-15.520702545276867,-7.3245361382538237,,0.3926458797250447,0.5,False,2
-0.22805608711969913,-0.8765666316867966,-0.42381760385915268,0.96909178118360528,-0.2464175536045082,-0.011811389332123862,-0.094082627355095858,-0.41341181585536574,0.90567054150012472,-5.1728285976614199,20.031024412567344,-4.1829055931231514,,0.2344392017367351,0.7708333333333334,False,5
0.43392118911197441,-0.71171911187583303,-0.55242040823119998,0.88482009287033203,0.45215188407124091,0.11248145173211656,0.16972272945185474,-0.53760076220323816,0.82594165386297713,9.0456895475550958,1.9391390796843548,2.26046831780172,,0.08551100439842518,0.2173913043478261,False,1
-0.73214350702262398,-0.55258803914394661,-0.39826165283600007,0.61565688847430255,-0.78700767871768984,-0.03981845443428933,-0.29143177726314401,-0.27434535285738548,0.91640719473758148,-24.054706080954173,8.1698891514286593,-10.513575998083301,0.3758261745489188,0.408275909972987,0.8895348837209303,True,5
-0.029199410543233377,0.9673747769909864,-0.25166135036109194,-0.99956200588553679,-0.02947145044585046,0.0026888656905130204,-0.004815684168583953,0.25162963746398848,0.96781162151305622,-6.768802761716068,2.9905753640730759,-3.8341256594289326,0.1238131930229193,0.08992133226042222,0.3125,True,5
