axis_00,axis_01,axis_02,axis_10,axis_11,axis_12,axis_20,axis_21,axis_22,location_x,location_y,location_z,dbh,dbh_approximation,score,reconstructed,number_clusters
-0.81819148381516538,-0.53525724792498508,-0.20991039601722977,0.51682713834329208,-0.84467097243451938,0.1393580187804361,-0.25189760793668292,0.0055341548854146161,0.96773806799437379,5.5105514623596461,-5.2787184897732038,0.82149675000012357,,0.07551631344010583,0.2941176470588235,False,5
-0.32410463569468279,0.94439667267174565,0.055417594387995817,-0.94206066694413204,-0.32754821219104152,0.072345480074631929,0.086474764631038717,-0.028759230465849273,0.9958388533015865,-14.354073631375115,10.702846960209396,-5.9541030533560484,,0.07779604157681558,0.3333333333333333,False,2
0.83209575381353151,-0.50845038067103376,-0.22157361503791714,0.54898032694823107,0.81192396283282353,0.19849453191878261,0.078976307265556531,-0.28680601279144069,0.95472773811038525,7.5318047555172756,-9.2857478350381779,1.957397650554161,0.1533388432130635,0.1335317168317163,0.4166666666666667,True,5
0.49430827373273106,0.85848277751987412,-0.13662595368790939,-0.8390491034965617,0.51227722702803691,0.18321747894260001,0.22727941490813536,0.024069968222423493,0.97353207661010743,-3.7347815682879228,-12.368977917068738,0.4587571701794535,0.1946282635583736,0.1293355869289565,0.2619047619047619,True,5
0.90537833930780798,0.40253657224194606,-0.13510873665289341,-0.36036201077701707,0.89674283727869541,0.25688811762730601,0.22456465416663726,-0.18389288131153991,0.95695042938595265,-15.658973649378764,-7.0356710361980976,-2.8196666992871404,,0.2957793062270611,0.2857142857142857,False,2
-0.86533744209424035,-0.44703954468984025,-0.22659822769231594,0.46209827817869242,-0.88669550641484762,-0.015370758211803143,-0.19405229350380279,-0.11801154344901323,0.97386702531644276,3.6488761874450519,6.3907159952159276,-1.7803137471302954,,0.3841233724263866,0.5795454545454546,False,3
-0.54424342636926581,-0.76179340374637627,-0.35138284372227258,0.80026767811348964,-0.59711264703037215,0.055028448308353267,-0.25173544887576782,-0.25125146121941627,0.93461327136651706,-1.2447689786937506,12.787527502804723,-4.0653777150243187,,0.3152352661518379,0.1428571428571428,False,4
0.037940743515402844,-0.96845134888265505,-0.24629755343662105,0.98805002510485596,-0.00049064795086036297,0.15413275821473627,-0.14939092298996093,-0.24920221530306483,0.95685976402827866,6.0102621998869656,3.5300684816062318,-0.71597189958706731,,0.09513069787521602,0.3,False,5
0.62173247155420408,0.76099641122292327,-0.18529219066364577,-0.74586874055005792,0.6474628226451099,0.15643437973379679,0.23901580635048325,0.040943319336112366,0.97015209576456096,3.0767154104103209,5.1909714149147996,-1.615594268934414,,0.06930783217104136,0.3225806451612903,False,1
-0.76813756061922134,0.62482326465751847,-0.13985912879991849,-0.63842549584360941,-0.76404638974160566,0.0929838726858538,-0.048760375539909792,0.16071403879418317,0.98579583256963932,4.2199726888416969,-9.4843466411863098,1.3491759619148853,,0.07091536886311016,0.3333333333333333,False,5
0.98191595987935976,0.074519793696944586,-0.1740340428811594,0.015678385929663398,0.88410525759369674,0.46702471209757662,0.18866699750840615,-0.46130759135586374,0.86694871255952355,-13.302101823573365,6.1664320945072832,-4.872106961363281,,0.7440647429228724,0.5339578454332553,False,1
-0.80205334226472358,-0.55819103521726166,-0.21244576805638543,0.54592196960865824,-0.82944397238474432,0.11828736100369569,-0.24223880626478717,-0.021106038891678058,0.9699870596362169,-0.29854762943625285,7.3182294351764643,-2.7375898748212597,,0.09052496644308958,0.4536082474226804,False,5
0.94556986212078986,-0.23746320607743293,-0.22250586870529385,0.30352685894073317,0.89012896556440901,0.33991450478731811,0.11734173064363392,-0.38894941884859774,0.91375558429313886,7.5996156971513837,8.6893034203004511,-1.4211786167960494,0.5623628505166852,0.238203277756933,0.3809523809523809,True,5
-0.79582198796036507,0.57784047774673963,-0.18101863372656593,-0.60259038249912933,-0.78516632414405063,0.14282392779108485,-0.059600288576199742,0.22274250987976976,0.97305373946873819,-13.697024933589004,-11.449577451806702,-1.5899695198617145,,0.8646997969989231,0.7142857142857143,False,1
0.72683156414009042,0.68680818550956957,-0.0032239241184965906,-0.64531917055479804,0.68451663588855616,0.33911671044978059,0.23511496227194117,-0.24440026904417633,0.94073878574607395,0.4946899620646632,5.5287552080452036,-2.1621786627331283,0.3219955747920511,0.3769930613079098,0.2391304347826087,True,5
-0.75074283055908053,-0.62513276556759734,-0.21352804915969914,0.61415993506376099,-0.77955041821498294,0.12291753179803826,-0.24329565661272362,-0.038860917058817418,0.96917338624145632,-15.505689001567962,-0.87381766482999734,-3.8880547642037278,,0.06848944842733876,0.2,False,1
0.55850423297052154,0.81253477091891391,-0.16691395328659384,-0.79564124124467206,0.58165342889365035,0.16921673642668519,0.23458055542744449,0.038295361390239951,0.97134207584730126,-16.157341639018991,0.97938975263602246,-4.3388235683608531,,0.1650663549645103,0.6533333333333333,False,1
-0.8847687755280057,0.44085873806466475,-0.15108867238381324,-0.45510092785856215,-0.88715216982343115,0.076447191183537336,-0.1003362313072791,0.13639868272680541,0.98555975974947496,8.172043123032509,-4.3273336120500012,1.135978344924867,,0.0801247723322912,0.1818181818181818,False,5
0.05980345595763175,0.99114361712979815,-0.11856591786168652,-0.98624623949271262,0.077003093404403172,0.14624937159740656,0.15408407361569562,0.10818897276993332,0.98211671629647967,-9.4151893584537358,6.1539016182914237,-4.1037629339717121,0.8934681801923898,0.5793528211467329,0.5150375939849624,True,5
0.66699515589321812,-0.70285387451694792,-0.24721224300486844,0.74504888716259987,0.63117085956283314,0.21569770925183201,0.0044291932397585859,-0.32805453375198279,0.94464840291614105,-1.0830164462327865,14.451830427204015,-4.3507808900800171,0.2350615408974017,0.2131817887641962,0.6533333333333333,True,5
-0.60027740753056846,-0.77107546734329668,-0.21239034269405355,0.76377287542119154,-0.63145747901066862,0.13383739003857362,-0.23731419843579904,-0.081878421228117004,0.96797618532584073,-0.95809057514104701,3.4926388091498444,-1.9827714956119245,,0.06606025712478117,0.2033898305084746,False,2
-0.88674515706646706,-0.40231700281803084,-0.22764897465765943,0.40618212301456436,-0.91323978361498082,0.031767602462960148,-0.22067874696614581,-0.064297176192894337,0.97322492969049679,-8.4915600256969359,-10.136740733129379,-0.84259683279904607,,0.1453259975135697,0.28,False,4
-0.72941766812263331,-0.62376413793618801,-0.28083476575250488,0.6418534390053241,-0.76605565738397541,0.03439320611754651,-0.23658830965958283,-0.15516774798497801,0.959139688323704,4.3472158931271325,-7.7711321875048398,1.0966817032905209,,0.4225631425311333,0.4545454545454545,False,2
-0.97922498809345415,-0.058566222009871952,-0.19413505693940164,0.036619418090455144,-0.99271682506706138,0.11477074299441144,-0.19944282617354467,0.10527726662610111,0.97423778217622292,-15.232322089166605,19.546652756312024,-7.6405267455067873,,0.09137085969940412,0.44,False,2
0.98124903904056948,0.089360761660436272,-0.17077756778167538,-0.042055135238309116,0.96394605536368594,0.2627534356557038,0.18810020994684068,-0.25064448253303961,0.94962921942919287,3.7369101047675279,18.846855457051543,-3.8419119002221196,,0.3182405075932663,0.5714285714285714,False,5
0.61816926694439989,0.78438044192199297,0.051128071894834426,-0.74889320721785857,0.5679441928505119,0.34146501722772593,0.23880058958966977,-0.24937264512700788,0.93850283018965197,-12.775733177049981,-4.9387062342650747,-2.5935237076993878,,0.3206055968628903,0.1470588235294118,False,1
0.95194722444437962,0.26916864107503408,-0.14609833857529642,-0.21358893216248978,0.92536597931758358,0.31317339027972591,0.219490888034856,-0.26691955151961,0.93839101822547366,-18.149001828418907,6.9134771630180785,-5.9137104673152878,,0.1897663557882796,0.2647058823529412,False,3
-0.86905202877086307,0.46077508096560965,-0.18009690738705722,-0.48558745111839813,-0.86410570105808493,0.13238642194444231,-0.094622400125888365,0.20250348678492047,0.97469940968196189,-7.265783220997168,-11.451974199654702,-0.39314123905452775,,0.0922632050008348,0.5185185185185185,False,5
-0.48710389190921249,0.87306918061064265,0.021909001683279333,-0.87198017609737311,-0.48759158816852949,0.043646484858276532,0.04878904569768748,0.002156157496719352,0.99880677811314278,-7.1273123474304034,13.386572179577927,-5.2664009751269134,,0.524798802705424,0.3055555555555556,False,2
0.455799761883251,-0.85799356419619921,-0.23684091889932204,0.88733028511204459,0.41710069689706664,0.19665191016351707,-0.069939560980537843,-0.2997900139195514,0.95143807226953336,-7.667953472724153,17.185510792365122,-5.9614780164727907,0.3587218845064458,0.3848268947010983,0.4909090909090909,True,5
-0.94857096961341614,0.258283389888465,-0.18303771773704849,-0.28211813121104429,-0.95201271008669941,0.11866406311671127,-0.14360527723120878,0.16419954427799699,0.97591804676942351,-1.0833018983835556,-12.692498872425372,1.0140943936731759,,0.1356418693905235,0.2352941176470588,True,5
0.96230612460943532,-0.1601693685869584,-0.21980149204595426,0.21830116376759601,0.9369162005789341,0.27300665741049257,0.16220827487180142,-0.31069889999675232,0.93656535762536319,-19.525848366555632,13.824197445666393,-7.4439311089514923,0.4913142933863944,0.4555777287350984,0.9382239382239382,True,5
-0.88042238108634252,0.44334345187549329,-0.1682349980276944,-0.46305304353046556,-0.88025724755974677,0.10358116139391363,-0.10216804666542745,0.16909690061518381,0.9802897165853115,-6.8374474011633906,18.038290611288588,-5.8950225569118295,,0.1360420055997121,0.5263157894736842,False,3
0.94847010016535649,0.29245333451679645,-0.12196522546335578,-0.21836387061252727,0.88218347020803656,0.41721642453626301,0.22961204041477401,-0.36908450525823294,0.90058588645106552,-15.331989466132599,10.848667953860945,-6.1851464151003892,,0.3672574560795767,0.3333333333333333,False,3
0.68361970732224953,0.71065660394521635,-0.16622661348200157,-0.68805906266856887,0.70350153496382584,0.17793346111170866,0.24339026693829158,-0.0072650927450246261,0.96990123022249752,6.0386958080169464,9.1320721924255199,-1.7871610403182723,,0.08067419558226456,0.5,False,5
0.98068598414604979,0.069472287932929561,-0.18283490287376147,-0.021852165622662574,0.96785720646821838,0.25054921820898951,0.1943643057690721,-0.24171476805710534,0.95068211698022731,3.5983168009129844,-3.1732887760813053,0.093654125397453422,,0.1076005568136266,0.2241379310344828,False,1
-0.86398508670013885,-0.44083026554011545,-0.24330730967972627,0.44552418683081502,-0.89444114100080485,0.038512909964327088,-0.23460172401006718,-0.075124711440449674,0.96918435234092315,-27.639483784015674,16.477492541826063,-9.5361726907735616,,0.296164078856175,0.7105263157894737,False,2
-0.11159833334059978,-0.9574598968899054,-0.26611343040735697,0.97956768063296207,-0.15107291129291611,0.13275592089560734,-0.16731100099801688,-0.24586077629636971,0.95475625560872179,10.295571484215122,-8.2630358015509877,2.3055695479499065,,0.08313564924561799,0.2777777777777778,False,7
0.97600084791281261,-0.034367885334338835,-0.21503765561202434,0.11279195186446939,0.92447246182176568,0.36418215624575334,0.18628022028136287,-0.37969661019141165,0.90616232747840331,-16.234885204304074,5.42660577041132,-5.253683326215878,,0.556867108163099,0.3311688311688312,False,3
0.94604360323494396,0.2865657959733946,-0.15126647135561766,-0.23645212168953123,0.9296886023659896,0.28243494256074786,0.22156690846505969,-0.23142849264709961,0.94728504573033789,-6.4555677237949771,-12.425486015093064,-0.055563435238336747,,0.8322918813454042,0.4035087719298245,False,1
0.72977844850476625,0.67213466647269238,-0.12513355354827388,-0.64060610301650356,0.73618672603277657,0.21829549970430012,0.23884563398979031,-0.079146032994610024,0.96782677612537216,11.249880356683716,5.1614865223216153,-0.081233611773629227,0.95741058618283,0.6231186391006936,0.3142857142857143,True,4
-0.417168559606375,0.89713394086006293,-0.14533095001696902,-0.90655975145669254,-0.399478384221851,0.13625871560483116,0.064185745416887333,0.18859404204903057,0.97995534458917377,-10.513156894673324,-9.1113320782740281,-1.4336972087434745,,0.1866473669064901,0.475,False,3
0.64186918052446162,0.76442977831716064,-0.060424077277451305,-0.73113485860036131,0.63385719430966625,0.25232295924332077,0.23118341989053751,-0.11778018188071088,0.96575465576090336,0.12685985168693242,-2.0735563406225195,-0.71447113010361918,,0.2941979014327817,0.1869158878504673,False,5
-0.97034961058112834,-0.14881290200946726,-0.19046352259835431,0.13631596112096481,-0.98765377655513642,0.077187929108407299,-0.19959857712098228,0.048936058810427417,0.97865503123387776,2.8668446214288785,9.3532594195375669,-2.5689184594679775,0.3539193901854966,0.256862170752033,0.3214285714285715,True,5
-0.97058906440702708,0.17337763549984825,-0.16702414065629728,-0.18330059251200989,-0.98198801586613804,0.045830442721324291,-0.15606973069188959,0.075098150468358438,0.9848870528938809,20.254666169042675,-4.7664848091406045,3.4230590770325131,0.5084906809628287,0.4632802908641665,0.3,True,6
-0.87506162934510467,0.47830484017965913,-0.074105497155082342,-0.47454045777243581,-0.87796335680485027,-0.063179886396595747,-0.095281156505461095,-0.020120237788617157,0.99524704332457692,-15.438354068300436,-2.4870597732226147,-3.5817389252179699,,0.3002324949609818,0.2857142857142857,False,1
0.43948324681069856,-0.86048160338218727,-0.25773219824761284,0.89651410082007987,0.40235655698101197,0.18539597645350719,-0.055829587169262979,-0.31253897564176825,0.94826285696599133,0.52991892607014135,9.1129326866520621,-2.9416525199362393,,0.09530834752630823,0.2105263157894737,False,5
0.16539382145530399,-0.94899191817777973,-0.26843849026857219,0.97584931380376516,0.1180912710721837,0.18377314397179262,-0.14269898588683888,-0.29235045908945523,0.94560467876224763,1.2900810305017099,7.254321695347091,-2.436467545514732,,0.2208832260894444,0.7205240174672489,False,9
-0.98099211828162802,-0.012623504677644216,-0.19363654355254534,0.0067219660763508052,-0.99949354276096614,0.031104230438957686,-0.19393111932176249,0.029211386628930944,0.98058014249209746,-8.2891136378004564,5.0191199354235065,-3.6278455297889201,,0.06999887899018375,0.2666666666666667,False,5
0.56581645808976821,0.82311424432765801,-0.048318490659982699,-0.79028661021465663,0.55809796085092311,0.25293030622973939,0.23515698898858567,-0.10492667382010515,0.96627717744489483,-14.850022155752736,5.9374442340246478,-5.0970305350401688,,0.5241994653021297,0.192,False,1
-0.46155422063644574,0.88711078068722582,0.0014711224233542597,-0.88700002636493336,-0.46152167482416606,0.015122727799742719,0.014094489749247957,0.0056750732152060224,0.99988456278848059,-1.5188648324613778,-16.369202251488211,1.5579199398588854,,0.5164563278369698,0.1666666666666667,False,3
0.93878640007809855,0.28809961983922339,-0.18888807288153422,-0.25274406196276406,0.94856640372991441,0.19063634715725142,0.23409513914425309,-0.13122647127539708,0.96331670756072785,2.3977232938239639,-4.8326963960604594,0.24006645836176549,,0.118709800799699,0.3235294117647059,False,2
0.93128467753134481,-0.31131323480657064,-0.18919016684174644,0.34936198638058563,0.9103861433314816,0.22168281959196146,0.10322331067908216,-0.27254566564944605,0.95658967602005307,5.3031804862509553,-18.018957209449344,3.2103756500694658,,0.2871579389084864,0.5217391304347826,True,4
0.96563937888951468,0.24178158996550764,-0.09530085357237314,-0.20028341628962415,0.92601863698317055,0.3199625558079997,0.16561142200110734,-0.28988126312954637,0.94262490429077328,-19.863175366299888,8.1188013166753681,-6.4649139355570346,,0.4476493744211892,0.1372549019607843,False,4
-0.97354507111107702,0.13940351708665946,-0.18104323776158518,-0.15898850585331287,-0.98235089398729181,0.098536166400465003,-0.16411169830898581,0.12471319299191397,0.97852642783519272,0.07145601660919168,-7.5054458421839616,0.25969691101464415,,0.06436471472134438,0.2857142857142857,False,5
-0.07808176768618183,-0.93533118200351084,-0.34504900742780825,0.98318115864411315,-0.12956152868009771,0.12871914998668457,-0.16510011157543009,-0.3291950641458507,0.92971638842164606,6.2782325271555131,7.3908643506742706,-1.4610746957108447,0.3832953393210489,0.1594325684074124,0.2857142857142857,True,5
-0.50543366417412916,-0.82121655023395801,-0.2648399304133558,0.8313216494849518,-0.54568292280945685,0.10551996423306588,-0.23117336831290203,-0.16683382563486926,0.95850161627766794,1.5057102656643322,3.9382519772613245,-1.6737527080964552,0.8312089527892766,0.9299576098883742,0.837228714524207,True,5
0.12579995825475118,-0.94047192354974685,-0.31573237324946879,0.98289113849779464,0.074997316935758007,0.16822726388711975,-0.13453393759796087,-0.33149353457809161,0.93381617900275837,5.9843413671832426,-15.280850102744736,2.8201758740885796,1.017229797874965,0.6996302764630212,0.7903225806451613,True,7
-0.88442551896071164,0.44008572653160527,-0.15529344710651705,-0.45429352300721909,-0.88804558181375948,0.070657197614609507,-0.10681243544065865,0.13303983585456539,0.98533826968763616,-18.453372500650243,14.762421172994882,-7.447993792564251,0.3677481072328813,0.2695458004007376,0.6388888888888888,True,5
0.98185809569951443,-0.049542675922201143,-0.18303060719942668,0.097020212586992408,0.96060178445265754,0.26044440876306924,0.16291641494612466,-0.2734771196441077,0.94798127975834245,-10.503208664215469,12.986111526519842,-5.7328547264280143,,0.2387680610959744,0.4130434782608696,False,4
0.51024614107580502,0.85999193006096386,0.0079218525149761521,-0.82575125146394002,0.48731449755726675,0.28400607594952421,0.24038249982681353,-0.15145448392348088,0.95878975436561975,6.1236671733512527,-2.8178553642910109,0.55425754153177675,,0.5244657409176079,0.2413793103448276,False,2
-0.92158334257101648,-0.33259513504005983,-0.20016148191727218,0.32106842599398566,-0.9429109481836313,0.088509940826953945,-0.21817242842618417,0.017303755174264773,0.97575681987444607,-10.328262499795972,17.531576466041468,-6.4436091170795731,,0.2267148697163607,0.3448275862068966,False,3
-0.85922597230416664,-0.42790111364292488,-0.28041284824541279,0.4407836899894011,-0.89741638929411249,0.018803267419427033,-0.25969302485297463,-0.10744515423909859,0.95969530147503035,-5.2991300215864072,14.392323620063554,-5.0858931242223235,,0.3435122370603544,0.4117647058823529,False,2
0.24015032900600841,-0.89116062297402399,-0.38491630718749087,0.97055443508485961,0.22808572485577389,0.077466061305093564,0.018759211481675572,-0.3921857291865235,0.91969475686611379,8.3658720115141012,10.205653104469938,-1.5305481500528242,,0.2508039241769559,0.2631578947368421,False,2
-0.5206889119330308,-0.79647172560043933,-0.30743429754836304,0.82180100943572432,-0.56516545088071923,0.072326440678483553,-0.2313572084038473,-0.21499024035953912,0.94881665176667662,7.6315270266774835,2.0851839539213981,-0.16163914877757363,,0.2388369742150447,0.2142857142857143,False,1
-0.63296634238365834,-0.71421004047126235,-0.29876015045432736,0.73468493436984961,-0.6758301411989347,0.059090333024942793,-0.24411402380736769,-0.18209238956383356,0.95249708925723775,-11.521444905230684,11.86784872985929,-5.6960090188677457,,0.1133088667111537,0.3636363636363636,False,2
-0.3988102449664695,0.91647474161969011,-0.032006819318798091,-0.91457993225122491,-0.39494944260243181,0.086939549753677417,0.067036825947597606,0.063945177778702081,0.99569929105414212,-13.215988393225782,-5.9847775469050948,-2.5377932876859557,,0.3772890145942122,0.15,False,1
0.062436902204261222,-0.95372905961171761,-0.29411309745620651,0.98749129400992508,0.016283455657896771,0.15683046045472387,-0.14478458998712163,-0.30022613131435749,0.94281583173930372,-14.572724892266548,-2.0413982666679771,-3.4785979350756491,,0.07698577688772575,0.1219512195121951,False,2
0.34100509196444273,-0.90672500143159818,-0.24812355598208,0.93691830297613987,0.30624673894660304,0.16851417872951602,-0.07680898907441798,-0.28993569401410646,0.95395894698562711,-0.67061941828660032,8.5270748158417859,-3.1076970760791216,0.2562526626869914,0.3498841457131035,0.5806451612903226,True,4
-0.87713112419687056,-0.41547618162539934,-0.24087451809420202,0.4252124068017894,-0.90500552561617775,0.012625676457801854,-0.22323843770051177,-0.09134845979087905,0.97047414124585041,11.685975521145545,-5.6011602787130581,2.0583744014166192,,0.3170519253095306,0.6296296296296297,False,5
-0.041655640677848355,-0.92833104682097622,-0.36941342031386698,0.98935084883068036,-0.08993368037766894,0.11444138697053852,-0.13946220103573312,-0.3607123516626497,0.92219135424285503,1.7889568058048404,14.392273572243793,-3.7022259660150061,,0.1773881823147983,0.4285714285714285,False,5
0.97768491366302357,0.057356236215791903,-0.20209520470037207,0.022155647449476779,0.92848987387379356,0.3706962117420704,0.20890509060772428,-0.36690164387882712,0.90649977762666523,3.6472967800245764,16.058365880059114,-3.49441527109391,,0.2587442882272025,0.2380952380952381,False,2
-0.49904095034119872,-0.83976090465229447,-0.21391529374991672,0.83597792111235092,-0.5315398083436057,0.13640508626409273,-0.22825215288190559,-0.11075673868258729,0.96728170640262401,-13.681329845366397,-5.1655862857605284,-2.8053303396088776,,0.0969473419446977,0.4259259259259259,False,4
0.68872708276790406,-0.59602538531489613,-0.4128059417235197,0.72476037164799589,0.5812421977697354,0.36997285200466601,0.019427021147651782,-0.5539957108065342,0.83229282302401941,3.1968464280638438,-7.5224791308278487,0.83097043394029291,,0.2210316514739158,0.2765957446808511,False,1
0.76594446027957452,-0.59902742266436027,-0.23344213557780039,0.64121059435150962,0.73814313054966529,0.20974673421467793,0.046669663148711849,-0.31033991963399199,0.9494793714574068,0.9888301088196213,18.344520735580094,-4.4085427510689561,0.2386526472121432,0.2008767792663398,0.3809523809523809,True,5
0.94267801364362425,0.2748561907571187,-0.18924121378652803,-0.23822404227810878,0.95140222445193934,0.19514895077499134,0.23368240899475023,-0.1388808183673636,0.96234331192980305,0.83618429282462459,-9.6636682756117018,0.79883492004072532,0.5870376692196931,0.5581608991754964,0.9278846153846154,True,6
-0.72787200716729028,-0.65579155053229965,-0.20034915381079912,0.64099864464481215,-0.75449872141628638,0.14089860519076669,-0.24356329515297387,-0.025867385481182309,0.96953999382315004,10.157959648941723,-9.7556044243810494,2.6028249000401287,0.2011072891885993,0.08892442919197388,0.3076923076923077,True,4
0.68581325016164552,-0.65571131986131825,-0.31575758250349134,0.72568141320639601,0.64902828385226385,0.22836105904149673,0.055196670456552382,-0.38575244881337284,0.92094971404794834,-7.7910573356322708,-14.428370518519825,0.022350246540276474,,0.7212046393309528,0.375,False,5
0.13584883844526544,0.98666935209564144,0.089602916962780971,-0.9710479342575089,0.11466668601008201,0.20956493145011088,0.19649682559088971,-0.11547787993651476,0.97368057225050508,8.6136192349824352,12.041305440079416,-1.8648648521234867,,0.3793984014198728,0.32,False,2
0.18163150805950645,-0.8930281068529935,-0.41171688774033477,0.97611699357643578,0.11298409505510665,0.18555379035707861,-0.11918729014173249,-0.43558626543445622,0.89222138241219784,-0.60806525233680153,-10.36253355250672,0.70159400002460737,,0.1639415135585671,0.4,False,4
0.25389392424196977,-0.92165234729675327,-0.2934191983415495,0.96171706814060998,0.20820105585589266,0.17819259577075722,-0.10314143725991967,-0.3274282685763038,0.93922977638971916,-4.0456816151736579,-8.2755714961764379,-0.35930632271490459,,0.07803920908919769,0.1363636363636364,False,5
0.97624414762683798,-0.10086426731348118,-0.19176486592612491,0.13672760725746921,0.97335212165351703,0.18409565091616242,0.16808606616253863,-0.2059418530845851,0.96402024227196137,-1.6345390195397744,6.262061314600242,-2.7085472989010904,,0.06752221420602943,0.2755102040816326,False,5
-0.81182229798053007,-0.50175665007371739,-0.29863827719904468,0.53135509813853854,-0.84687460240104717,-0.021567741890450465,-0.24208741434406761,-0.17619214487277884,0.95412263986414991,-16.530481433521082,-3.0800142788103666,-3.6506841210796104,,0.2618427546067369,0.3888888888888889,False,1
-0.73857851296645438,-0.62260145069740136,-0.25859082306561371,0.63228234796095895,-0.77280127603183568,0.054746874070966095,-0.23392480125296045,-0.1230675479281874,0.96443432436102428,-11.421350253874191,14.139135180099844,-6.163216105591431,,0.5321832566205307,0.5263157894736842,False,2
0.85402245001712285,0.50169787196686055,-0.13764047417338859,-0.43122757293017439,0.83067817795384613,0.35215982879373137,0.29101277499708267,-0.24139803216928407,0.92576376838440555,8.0660809664769495,3.1422826863762015,-0.2770116117875801,,0.5182970322820705,0.6326530612244898,False,3
-0.60032085924299539,0.79560520251411593,0.081407786422581563,-0.79970118750211594,-0.59838594844413617,-0.049114839023635337,0.0096372540413664498,-0.094586565838307213,0.99546999196231845,1.0566612657465786,-3.8905957221372587,-0.20184124818403121,1.314933541994247,0.5130598466146119,0.2212389380530974,True,1
-0.91374934936649044,-0.31212866956819618,-0.26007272091840367,0.33563131317206779,-0.94065006447861865,-0.050289937510024918,-0.22894049041335451,-0.13324094652154342,0.96427853964471,-4.2710162405499013,-15.020603948939929,0.77115986539362003,,0.1164052714781146,0.3,False,4
0.75894777173803618,-0.61204580702737932,-0.22225708059378518,0.65101958048880493,0.72009415747624494,0.24007896656882699,0.013106700349394707,-0.32690110808741446,0.94496766078907191,-5.3529645838374558,-10.511225391938599,-0.21051328085523863,,0.3268523569440441,0.2413793103448276,False,4
0.98258878353725387,0.028697015045547787,-0.18356405910268922,0.0090311703542016349,0.97945451055510546,0.20146289910376186,0.18557402951063318,-0.19961298324691892,0.96214184842488382,-1.7190491910193078,9.2993956685860972,-3.4829211129003501,,0.07553930135888064,0.2553191489361702,False,5
-0.61752486219354474,-0.75423750512846277,-0.2231341086217779,0.75168676782224886,-0.64943219182402367,0.11491227655731401,-0.23158162201216143,-0.096765769155401055,0.96799087716051324,-11.500404823264089,-6.1899562033321871,-2.1249997200016448,0.2855938436200819,0.2143725819672483,0.7222222222222222,True,4
0.84443183995436832,0.52722881848314407,-0.094681786168983831,-0.45962954855970711,0.80393614531558621,0.37739548532794776,0.27509188603461388,-0.27516621743227376,0.92119922222173778,-21.98599347809661,8.617787753956252,-6.9444137997262105,,0.458650989081667,0.303030303030303,False,3
0.74010880457816408,-0.62708477437332466,-0.24290665518885898,0.67150059197866696,0.70868676908070383,0.21644865049765155,0.036413079493262626,-0.32330751472725011,0.94559311469717666,-15.733041196338046,-3.5494406828874774,-3.452850875149013,,0.2039977879200461,0.1521739130434783,False,3
-0.78417627477050866,-0.57859608449437938,-0.22426355275617091,0.5711071891864673,-0.81427960761388163,0.10385229455199743,-0.24270176873393257,-0.046640021783392924,0.96897913281012638,-10.708567388107904,-7.0673216018416509,-1.816032092680778,,0.108550206865715,0.1304347826086956,False,3
0.40082649424107986,0.90790261526024896,-0.12268236514677253,-0.89388256641411867,0.4169071685748913,0.16481010360950535,0.20077868157579426,0.043603371365843829,0.97866575858677018,1.5253419170688161,12.716750682953363,-3.4916757338502733,0.2370469680393705,0.2742142755316967,0.4615384615384616,True,5
0.92961300868289076,-0.2716306690611513,-0.24907114187102353,0.34418736946707079,0.88148647749520359,0.32329034116786792,0.13173727182116077,-0.38626204786192686,0.91293314190833741,0.053361719384693251,13.583535370069738,-3.9712060971335492,,0.176590981194888,0.1333333333333333,False,3
0.47114320977328406,0.87937472968164909,-0.06873253001202459,-0.83755361583109922,0.47045073432655982,0.27781297158313556,0.27663697600425469,-0.073322516111541863,0.95817315352617483,-4.1571429378670128,9.4846882514751361,-3.9335948933276303,0.3563203634515952,0.3208671024105101,0.7684210526315789,True,5
0.28585843691282092,0.94262890871528626,-0.17244040854738363,-0.93632911385493189,0.31304152937972229,0.15903707564980926,0.20389395428358703,0.1159988850715136,0.9720964530687114,-3.437053294457455,-7.6930091318513476,-0.35536924412175763,,0.08673293039210069,0.3773584905660378,True,5
0.92609676857310097,0.33569587666063488,-0.17220062029942862,-0.30071494925346293,0.93241297752707497,0.20044091058110255,0.22784928030157864,-0.1338443787842514,0.96445341397804729,-16.896577660880101,15.457567702015284,-7.2485428589259566,,0.4230122188129887,0.8055555555555556,False,1
0.93487113250987874,-0.24053205548304865,-0.26107526861959929,0.32159622136380772,0.88526352554131327,0.33598267924207725,0.15030580828503329,-0.39806132772634834,0.90496151485271414,2.6648086392986206,10.601470228874554,-2.8421175991662637,,0.3893587637843011,0.3269230769230769,False,5
0.080418235293634774,0.99646949187262157,-0.024113465105184334,-0.98408005918678687,0.08321852959528285,0.15703857310524316,0.15849083425608357,0.011100815245754181,0.98729804383361974,4.7426945256519941,-5.9168950203427775,0.81057539261188383,0.4378979796370126,0.195040421541197,0.2424242424242424,True,5
0.98178551166209549,-0.038427082002415035,-0.18606603252387841,0.10260491281061875,0.93147872577776736,0.34902666845178465,0.1599044744762404,-0.36176061531378223,0.91845512478850666,-1.3588796065887294,-7.6613382349515353,0.026341007787564208,0.631500208716548,0.5061471955841538,0.7115384615384616,True,5
-0.5712571143170605,-0.74821780288835382,-0.33739506336499608,0.79315682566565704,-0.60897068629310658,0.0075467301317430346,-0.21111030112745188,-0.26329607417625445,0.94133289440093892,1.343975588663471,-6.1188726447152195,0.25620266754576265,0.652170360706974,0.249846418949444,0.2,True,3
-0.95794834510416771,0.24053449604646887,-0.15645486353533017,-0.25437916108737785,-0.96417700537131301,0.075192717185178087,-0.13276373946477049,0.11182959592558439,0.98481872999981679,-19.8018384655185,6.7694523482344922,-6.1807751078371416,0.8380615657746412,0.3978652150543183,0.7045454545454546,True,5
0.82892019797523353,-0.50058567801965981,-0.24961026491371946,0.55449861556714897,0.79410199692814276,0.24886402674724084,0.073638242257777015,-0.34469696464624333,0.93582124994084837,-12.845581174914528,-1.7565380895513223,-3.2655092477669925,,0.08003502379330134,0.25,False,3
0.79547101842704881,-0.51707846612472763,-0.31599955492489884,0.60185094605428546,0.73497366482868132,0.31239262273917456,0.070719852772731989,-0.43868390884371122,0.89585441369979724,-7.6438671668220755,-6.6382820927222363,-1.3187782658968945,0.4482758744510166,0.2899458719791335,0.2142857142857143,True,5
0.28395870926166872,0.95218191237655891,-0.11276993028891215,-0.93777663245549991,0.30030878627367769,0.17432618996367866,0.19985604583016522,0.056251565575986845,0.97820924260373943,-5.7576867758341255,13.065321805981627,-4.9607442238137525,0.1787006504445479,0.1393574478379074,0.1794871794871795,True,5
0.7686925164360815,-0.60533364143858548,-0.20659863919655419,0.63754853243961374,0.75109981850411511,0.17140866788812403,0.051416767296873764,-0.26347721948166275,0.96329438431610925,-0.34062862882810396,11.290498911624866,-3.6898311460765432,,0.07638718561544988,0.4166666666666667,False,5
-0.039886717113378586,0.99590564050046992,-0.081123393773102501,-0.98811025734488944,-0.027249021216771037,0.15131295441086379,0.14848289170046994,0.086194234506006787,0.98515145272703641,7.6446098480559321,-2.7004667613592783,0.78504905416154069,0.2615650215432491,0.1506120985103413,0.3894736842105263,True,5
0.92296847253660874,0.34015452629773391,-0.18006692351068859,-0.30794741391769287,0.93331642382203728,0.18463164215661684,0.23086270587698884,-0.1149580413159868,0.96617134079414058,-5.0684890861767675,-1.0342600849136476,-1.9147628493768938,,0.08325902168375325,0.3548387096774194,False,5
-0.53100982747593939,0.82920613015124855,-0.17448712515129627,-0.84680618736457658,-0.51180537226952372,0.14482590223134972,0.03078707789062235,0.22466075455149109,0.97395056404281222,-0.56226910815582709,4.606554090574007,-2.1966704808230988,,0.0679806474818273,0.2636363636363636,False,5
0.93061035975119988,-0.3064504806008081,-0.20013111018349242,0.34684787260550415,0.91298507143110541,0.2148367115112691,0.1168799024331366,-0.26934431919658874,0.95592506302730007,11.416520440224563,-6.8503415796053941,2.1653637517557098,0.2530058453745512,0.1345757927491634,0.4210526315789473,True,5
-0.23407980348977153,-0.92945256927625319,-0.28517462556118234,0.94611072575624511,-0.28529243067252058,0.15324073743608346,-0.22378815922023115,-0.2339362102512898,0.94614624098290623,-9.4545334271894461,-6.5713604329862765,-1.7219141297469771,,0.1582103574972925,0.3076923076923077,False,4
0.56391709768009168,-0.78763563417098126,-0.24824909814164123,0.82573950548374553,0.53329093135566452,0.18372547895506366,-0.012319741373979246,-0.30859502639848879,0.95111373329092164,-9.7106476607254848,0.025623445253401739,-2.9933326710750778,0.666232322533532,0.2005427560333135,0.4789272030651341,True,5
0.30862548061795703,-0.87616364679980074,-0.37025339531165541,0.94503298218134812,0.23825068475931704,0.22394033535998925,-0.10799525592711451,-0.41901536396436645,0.90153377610550278,-2.4220795487334308,-16.514433008104113,1.4561200450238883,,0.2599719160105283,0.2962962962962963,False,3
0.9720118923202189,-0.13164710071944605,-0.19458140214375572,0.17006009960132909,0.96571490919309044,0.19614860867659811,0.1620877654594941,-0.22374931292485165,0.96107429538720035,-5.4666237174397763,-7.9723936412258638,-0.72999135666492909,,0.06883838106192346,0.21875,False,4
0.63404139715199637,-0.71790543727671929,-0.28740788059144734,0.77327294441112326,0.59166040500730965,0.22800640032318975,0.0063608285071180409,-0.36681023469242147,0.93027404112207412,10.363306448689439,-1.5535283978932108,1.0627072023571977,0.799798089598669,0.7138505903477037,0.7966101694915254,True,2
-0.97583615533663681,-0.099669989933045197,-0.19444714203237007,0.0978113766308331,-0.99502049726794517,0.019161018194000623,-0.19538867044788266,-0.00032112831734841529,0.98072583545923331,1.7542939311624077,9.0418213709156969,-2.6477255639926938,0.3918747154887837,0.1842908793796105,0.2238805970149254,True,5
-0.98023330639097606,-0.051991365457333627,-0.1908914952523994,0.029975203905771752,-0.99274285929843287,0.11646073356620763,-0.19556112137289003,0.10843667843425382,0.97467806714705763,-19.877454785447291,-5.7521224449540291,-3.8498863812680941,,0.09713500347545204,0.2,False,1
-0.20330256618422862,0.97311624808694885,-0.10822584853946134,-0.97377316654359303,-0.18942271811561937,0.12603512994936583,0.10214639838276374,0.13101069258220732,0.98610461500114666,-2.4728732299024432,10.379034470373746,-3.7863724058983919,,0.2099586068323377,0.2702702702702703,False,4
0.92931929920053036,-0.29953106043490041,-0.21597866553939388,0.34797975363423256,0.90607525364866126,0.24070256705355517,0.1235950290023517,-0.29884574375462741,0.94626396435965476,4.1963829361085008,14.677371888108709,-3.2068254158189311,0.3272616195713672,0.1907413052311278,0.7608695652173914,True,7
-0.011342368258079589,-0.97177451218061239,-0.23563880868488291,0.98657004486480049,-0.04927657438998205,0.15572850025558616,-0.16294446065381793,-0.23070786005795574,0.95928253713372424,-2.05136351072824,-10.33295791714561,0.39020494960512164,0.205446241441976,0.2372348500632916,0.5,True,5
0.73679682306482164,0.67583078802520591,0.019575175064741351,-0.63227155224144693,0.67847424962658076,0.37403927176145507,0.23950600357355892,-0.28796777345890157,0.92720625305341065,-12.575600443713949,10.126001070544087,-5.5647328466168471,,0.3926859898324608,0.2708333333333333,False,2
-0.87699212042300123,-0.38562090028272428,-0.28667288323297796,0.40767558127400477,-0.9129263749904214,-0.019132545041106341,-0.25433332685448379,-0.13364862555218776,0.95783746206709863,-1.3943135213152715,19.471450001269169,-5.0304449477331428,,0.4292315939742034,0.5,False,3
0.98281935271148202,0.044622334656215318,-0.17909485527399233,0.029261838721865861,0.9203920256757212,0.38990032555405491,0.18223573944317017,-0.38844223035397579,0.90327336335531905,6.717489061647508,6.3820560375545412,-1.1701411779748032,,0.2777430468353486,0.5555555555555556,False,6
-0.66468215438149725,-0.6598187169863976,-0.35048094721567313,0.71000009358720861,-0.70387695854916299,-0.021379764492028192,-0.23258869437899632,-0.26305225324639181,0.93632580403888777,-10.087158474821832,-12.272183009892188,-0.78673681221430258,,0.4743582352003231,0.5,False,3
-0.62074305918432215,0.78390067766744265,0.013333492678747644,-0.78401203866118141,-0.62061301215438935,-0.012830135579762508,-0.0017826129216449577,-0.018417836387070285,0.99982878814024556,-3.4973750385705547,12.500561899676779,-4.4388623880197322,0.7407673470756468,0.6532566332936559,0.4785714285714286,True,3
0.87354992454370928,0.45323485174031691,-0.17745055226065659,-0.42453465181611244,0.88780400924170388,0.17769178535241265,0.23807742172883845,-0.079888737268082349,0.96795502525719623,9.3229508663747058,-14.712203506249736,3.3852450227283506,,0.1072615881097311,0.25,False,3
0.035319045625332272,-0.92791701957393913,-0.37110991606414212,0.98958888587644367,-0.019370240141213829,0.14261357139729688,-0.13952204831472292,-0.37228322361058741,0.9175722311906428,-18.987955042140104,15.93284713570287,-7.7174823421603502,,0.3128164788683259,0.391304347826087,False,2
0.015298666464028056,-0.97536039463260671,-0.2200864634332344,0.98852496653086697,-0.018328589862463468,0.14994149972173396,-0.15028087486294309,-0.21985486889259376,0.96388769847666889,3.8449302298061854,-12.586741905034422,1.9113905484799509,,0.08559329746205868,0.4666666666666667,False,4
-0.78662843510265623,-0.55642712078024648,-0.26759029195423234,0.55253337290697424,-0.82781635600728565,0.097092494822523662,-0.27554051773194604,-0.071476849308179408,0.95862843850002033,-5.6022786894650975,-11.918139164440106,0.020157854161148927,,0.4128664180792321,0.2307692307692308,False,2
-0.0089845939721915676,0.99959305423618672,0.027074028032913117,-0.99089661351955904,-0.012536908869116088,0.13404002100670159,0.13432489861013994,-0.02562326752737798,0.99060601137616566,-4.4915721778763738,-13.460983403210394,0.4916464257523081,,0.3424171898397875,0.4418604651162791,False,4
0.4874669763456716,0.87212333655893282,0.042152494608529906,-0.85118270667487295,0.463894648351318,0.24553972201793267,0.19458660496047753,-0.15557198031882491,0.9684696237413094,-7.121332982981003,12.302293392110428,-5.046179166513312,,0.5101702410638077,0.5892857142857143,False,4
0.70476131844903622,-0.66894927026995277,-0.23625909045637603,0.70900241963740751,0.67587382048112887,0.20127132865001943,0.025041025663453204,-0.30935651374028061,0.95061637606354232,-12.13448214953336,-12.987220913646217,-1.059318852974017,,0.07569622007632579,0.25,False,1
-0.50995405089271173,0.8600845664727057,0.014191705097394841,-0.85997534463574032,-0.51012891493936552,0.014522284993243539,0.019729992315080339,-0.0047988184215781438,0.99979382811907969,7.2269274773161554,14.894550225480891,-2.5849075044557011,,0.5303158724583886,0.2857142857142857,False,3
-0.18495217484377047,0.9819968146592184,-0.038405065026744345,-0.97559879548508577,-0.17876149216388343,0.12748066193502369,0.11832025722000999,0.061045760856024228,0.99109723630575242,7.2352446190584621,10.884770105798575,-1.9096613085549239,,0.104105085803318,0.2857142857142857,False,1
-0.96315188976991339,-0.11747102780876882,-0.24194833096799062,0.16371479588856067,-0.96978584462430872,-0.18086702621949408,-0.21339143103651492,-0.2138129397203728,0.95328281426254657,-16.599652861888252,-6.9130372421513346,-2.9999268340756218,,0.4448064204486182,0.1379310344827586,False,1
