axis_00,axis_01,axis_02,axis_10,axis_11,axis_12,axis_20,axis_21,axis_22,location_x,location_y,location_z,dbh,dbh_approximation,score,reconstructed,number_clusters
0.93714174142852325,-0.27974268043631795,-0.20858904385086371,0.32800632810586178,0.91015999106857537,0.25302300168276964,0.11906806958552396,-0.30553694277509746,0.94470628843298277,-13.715101936868114,12.813382981761736,-9.1174419734182894,,0.262275394443934,0.2258064516129032,False,3
-0.97069277897782569,0.21508393713543073,-0.10721207407110184,-0.20796165366391314,-0.97534722680620778,-0.073822339212524707,-0.12044699849176813,-0.049362811384285131,0.99149172130006336,-25.247422371148094,12.450345814463887,-10.765639899438595,,0.2300995213526059,0.3571428571428572,False,3
0.84955652760670031,-0.47720444015887986,-0.22478796385370881,0.51800269391599796,0.83521290888780719,0.18464183145467467,0.099633907363985141,-0.27330444401768805,0.95675376423799219,29.329665408992511,-7.3119648375335,0.088728177991640719,,0.2394881610680414,0.55,True,5
-0.41312123902655518,0.91057075480209704,-0.013847106712330748,-0.90962985444228506,-0.41187031224561949,0.054188317910804529,0.043639085376191197,0.034982086699260562,0.99843471686319818,-12.86697510958524,13.088162181567736,-8.9836919015956322,,0.1608006678112234,0.1388888888888889,False,5
0.9362281525771502,-0.29880500387496545,-0.18491191411388078,0.33142683444700255,0.92573645772123947,0.18212156449517986,0.11676086557754101,-0.23179210621808188,0.96573253013687499,-1.4587892396242075,2.8658256378470428,-5.9413163516037457,,0.07586150022334766,0.2164948453608248,False,5
0.28141753664483021,-0.93767979100979437,-0.20386461095684352,0.95709706649805204,0.25899025329134912,0.12995866266204309,-0.069060664416001602,-0.2316908678215702,0.97033497638625243,-18.049790722399106,13.731025327076873,-9.8981053832158761,,0.2125972840644624,0.5714285714285714,False,1
0.92780197039853685,-0.30352161667023081,-0.21692886377446641,0.36033838702290444,0.87969245919895001,0.31031826254062711,0.096642384916366203,-0.36608169230704712,0.92555088676705632,6.2825076026977706,-13.874861145974391,-2.3010380130951891,,0.5062041576664632,0.2264150943396226,False,4
0.35439670321296063,0.92459618289210455,-0.13973144003099253,-0.91991322049090618,0.37154590851656616,0.12535272087453414,0.16781729207037693,0.084116207986032948,0.98222289732840995,-2.5474372044561706,9.1307730341433846,-6.9790482072546061,,0.1203999466026457,0.5035460992907801,False,3
-0.90690717395034737,0.39430059851136484,-0.14848035510118668,-0.40925578859261796,-0.90816585950832285,0.088002676816925127,-0.10014528117105438,0.14057670374955139,0.98499193551119091,3.8848359128857815,-11.381420798222077,-3.0180792476268401,,0.07807347136939005,0.2941176470588235,False,5
0.97182643100719057,0.21452154866292061,-0.097641656863706572,-0.15647317792029866,0.8970114861016466,0.41338425029654757,0.17626551729521625,-0.38645944025340939,0.90530633956229012,-12.684382797596992,0.52050305067816283,-7.2190733992609069,,0.3769639333805416,0.136986301369863,False,2
-0.98154489433679315,0.11415760395277719,-0.15341988743684859,-0.13015686248290942,-0.98657702778414058,0.098615208752081726,-0.14010286060598284,0.11676390584582409,0.98322804005055175,-2.0733152782832596,10.985359005221907,-7.1896579642519383,,0.0814077905493821,0.4,False,2
0.87082454760231143,0.48522543695871095,-0.078872572047933159,-0.44818577467874604,0.84956394024398108,0.27815575279460314,0.20197553977856,-0.20687529278613259,0.95729227227937563,-5.1597252063292061,-1.4869054715910157,-5.8312756773450003,,0.2267117427174018,0.2413127413127413,False,3
0.81532942371486883,-0.54749608405218098,-0.18837719812203574,0.57657253728687341,0.7974862424615452,0.17770706888344029,0.052934299573701604,-0.25350292115100787,0.96588520482330043,-2.0479914533829469,13.449966281382984,-7.5260610200427678,,0.3934704709499315,0.9390243902439024,True,5
0.98343664787116969,0.087848294140413258,-0.15854033190496652,-0.064850958054843241,0.98733163113508493,0.14481230403353756,0.16925339838031747,-0.13213223443487288,0.97667515569915175,-5.6912923178633905,-0.33235488551721654,-6.0576120268050939,,0.06661206980327593,0.2043010752688172,False,4
0.3416409354644882,0.93862418501099032,-0.047603681868144787,-0.92366797152067226,0.34468785524022549,0.1674149361221379,0.17354811898097755,-0.013225799119429948,0.98473657829686467,2.1216874996595321,-15.877744727136966,-2.6331371020247198,,0.4355385858743353,0.7209302325581395,False,6
0.83980952609529136,-0.49321531351056452,-0.22684491265681431,0.53805169880926762,0.81180351720430466,0.22688194917882115,0.072251846260584951,-0.31259191284068072,0.94713566437894259,-3.5598368287262807,11.105609822953848,-7.3848999063526328,,0.1037260890147884,0.3111111111111111,True,5
-0.97538656060651419,0.15701553645896882,-0.15481336731269518,-0.17059627919825332,-0.98219648214861655,0.078657358070250427,-0.13970671749026548,0.10313191438823496,0.98480751485897522,-4.127223363998632,8.39864001639185,-7.0772372454445147,,0.09915122525760708,0.3960396039603961,True,5
-0.67646570804538075,0.72353081637923644,-0.1374674637441814,-0.73584028856491268,-0.67174746433768318,0.085407340905797741,-0.030548577108734709,0.15892923552791877,0.98681724880098409,-17.363833426843872,10.059170766016804,-9.2592354231142053,,0.2872866037611395,0.7464387464387464,True,4
-0.94842528075785215,0.25764989764474128,-0.18467814451917486,-0.25721943701410022,-0.9659838958213407,-0.026707194460957068,-0.18527721943493286,0.022173029957142973,0.98243610922083913,-17.134650277854117,10.745662766912739,-9.315530325354942,,0.4783226299399993,0.8458498023715415,False,4
0.081310671119379424,0.98664853736719316,-0.14111427451996164,-0.98800508164539269,0.098439117637369247,0.11897772380432198,0.13128036184059463,0.12974746174763946,0.98281791943627483,-2.1401769440724525,10.865782845027326,-7.147115195192276,,0.2587386083442534,0.6455696202531646,True,4
0.43200428648916128,-0.84200563041773457,-0.32310805437163237,0.90010080064736753,0.38009668810153358,0.21294378687393256,-0.056487566144737614,-0.38282244714629321,0.922093340628792,-12.110513040893641,11.622360235397093,-8.7171583619220314,,0.5382954741442038,0.3333333333333333,True,5
-0.95542835573163321,-0.23856523804717333,-0.1739059638409336,0.24791938801772251,-0.96818779445501879,-0.03388763363300526,-0.16028922018921446,-0.075491866209694641,0.9841790203145524,-25.665190393919836,13.914364125166076,-11.038753348873449,,0.4638089143857293,0.7021276595744681,False,6
0.48340212609927707,-0.83234221724733981,-0.27116197718426621,0.87491815398639794,0.44911476896523217,0.18114675852010007,-0.02899324589852123,-0.32481126471396871,0.94533435037936708,-7.6933812503085841,7.8020669903682442,-7.5043254677081563,,0.07420278512802546,0.3333333333333333,False,3
0.33217331955822538,-0.87993068460627499,-0.33968055002016506,0.94157900879077372,0.28812327794300674,0.17439594866842939,-0.055586472979078337,-0.37776575678018981,0.92423112749248915,-11.328445603040317,16.332498394190317,-9.2936815492902447,,0.3267713579190141,0.25,False,5
-0.12829885504891825,-0.89462416132350409,-0.42800352074411052,0.98178750201020004,-0.17554894283041531,0.072635181335875904,-0.14011675377951288,-0.41088949688126747,0.90085354895396341,12.761674292940299,-19.881796440139031,-0.52442190370341979,,0.5088272039588587,0.2380952380952381,False,3
-0.2092250881994196,-0.90777129820674229,-0.36356035622712057,0.9655665875407442,-0.25056951137153749,0.069972030097398302,-0.15461574141356821,-0.33640182835869759,0.92893906279371086,-11.429020462684537,9.3451747605305187,-8.2888942657961842,,0.1294555176048766,0.35,False,5
0.94019893344813188,-0.29345221196500465,-0.17295018021338274,0.32149916214353552,0.93225491890535728,0.16594895274683347,0.11253556897265973,-0.21162836641058327,0.97084972073250775,1.9628087485872656,16.501078423979401,-7.4374542104374779,,0.2608031202976684,0.95,True,6
-0.87836097132217983,-0.44470153537249885,-0.17527848839859994,0.43586407066297722,-0.8956781503261888,0.088222236048262417,-0.19622567610548572,0.0010933734944991585,0.98055815155009851,3.1535266523734808,-10.103813647268911,-3.3035282991993027,,0.09443148249824372,0.3666666666666666,False,5
-0.37183347506301234,-0.87179145809616543,-0.3189349783468815,0.90534579306545726,-0.41649384529241096,0.082957047996051192,-0.20515570136177558,-0.25790023347043117,0.94413908285519832,-10.355182717264784,-15.806857884750665,-4.5814591861211946,,0.2578574260820575,0.2857142857142857,False,2
0.9723475878918737,0.19010191389464628,-0.13565187302226261,-0.15826332070000476,0.96351685678506638,0.21584250742621053,0.17173494007295945,-0.18840522557673092,0.96695945175251186,-14.768620163807768,-6.418926866369242,-6.5723048186169599,,0.11402407959725,0.2051282051282051,False,3
0.42738508211489895,-0.87844577215519315,-0.21371714242967976,0.90337513452393181,0.4056882967253041,0.13903370894854819,-0.035431030319611756,-0.25248768540819649,0.96695119360167425,13.087365394323047,2.5520946134325726,-3.7343942772620973,,0.3196461945852932,0.5555555555555556,False,5
0.11760882011307144,0.98890125489940139,-0.09078806909501097,-0.98286360232328362,0.12898109943346481,0.13169288218059844,0.14194120141702871,0.073744044148147767,0.98712436465369779,1.8785765779456889,6.4159132266652357,-5.9239760648784534,,0.550882310629359,0.8849028400597907,True,4
-0.76351804172824611,0.62760682287722658,-0.15215083250977199,-0.63809933196860502,-0.76943589626011699,0.028242593500052302,-0.099345067802498591,0.11865107426543951,0.98795368316484022,-12.942412776822596,9.8025195407332539,-8.5452311338476576,,0.1576722829431962,0.4047619047619048,False,5
0.75285496277261588,0.6514922170082611,-0.093633841138253501,-0.62725378200891035,0.75327519038215918,0.19781097166294809,0.19940435798688316,-0.090190790729332684,0.97575792248049731,6.013985012206299,16.93117363460016,-6.9254156611323374,,0.2077130918844359,0.3333333333333333,False,1
-0.025162736419900286,-0.92781421226103844,-0.37219299324717503,0.99205861761328351,-0.069071381916414765,0.10511347877117182,-0.1232336638872813,-0.36659232360564487,0.92218410979496435,9.4749005885151867,-5.8329190513558871,-2.9926244248995664,,0.5176171990316752,0.6666666666666666,False,6
0.7377475448074482,-0.60926304759315053,-0.29073544498063686,0.673285243931808,0.69541158517594226,0.2511766460218165,0.049148147821339735,-0.38105283890897546,0.92324600921159827,4.4893722061759531,1.535092177697849,-4.8247054164593246,,0.3678256839152417,0.4387755102040816,True,2
-0.75691341821969427,-0.5656196756216606,-0.32734761320135758,0.62232675587036157,-0.77674150808733278,-0.096860923710686234,-0.19947803449715865,-0.27703251102327942,0.93992632774557761,-5.1483879210979406,-14.676993104493656,-3.9426657045445954,,0.5581816027889013,0.4259259259259259,False,1
0.98130799174516115,0.04179045195838519,-0.18785149310610488,0.0020894431568823186,0.97376554647213132,0.22754405008948492,0.19243248053375303,-0.22368329984365351,0.95547659406532892,-16.004231826398396,-6.7221535673110813,-6.692077609111621,,0.389687636610725,0.2666666666666667,False,2
0.36541650644643225,0.92613068588658709,-0.093556023193190507,-0.91519924186650148,0.37580517822856813,0.14553630373063359,0.16994447476592328,0.032441033828077809,0.98491951692546953,6.2237599463701025,17.116004390226269,-6.9234398676743814,,0.2512807840637414,0.8444444444444444,True,5
0.92548865367407396,-0.31035595316068015,-0.21714035612542334,0.35222089271724277,0.91601670496914478,0.19197353711107901,0.13932406344210088,-0.25415070048141902,0.95707691790722105,24.116650030396606,1.2863346723755937,-2.0022154107544985,,0.571186654639272,0.7547169811320755,True,5
-0.90650476263315261,-0.37557822098693028,-0.19284738848038505,0.36664958810195514,-0.92678536868366324,0.081467539170842318,-0.20932557146244335,0.0031432967055004951,0.97784095067538623,-15.317741921194939,-1.4875528708827939,-7.3385818319295764,,0.1150824535676186,0.5681818181818182,False,2
-0.40778178600240944,-0.85308269538880688,-0.32552101288987878,0.90603202413825712,-0.42225514965463556,-0.028399996937904626,-0.11322537807672282,-0.30651346368195442,0.9451082003353235,11.930571311515454,-6.005831640410606,-2.6646117350946668,,0.4812671484700614,0.3214285714285715,False,2
-0.0475230009124092,-0.96068719554138182,-0.27353551269828658,0.9907400102448124,-0.080202477473274331,0.10955270287518293,-0.12718410468446259,-0.2657963034543262,0.95560270436286865,5.452800026963236,-8.208618470219502,-3.2260089609962144,,0.09061878973547179,0.4081632653061225,False,5
-0.29714769325667872,-0.9111458609630293,-0.28551089023393461,0.93792081631646262,-0.33455757349575854,0.091519245718533274,-0.1789072125781791,-0.24059187448159874,0.95399568092362763,-9.7588305754520164,-12.974306004436441,-4.8851615152006476,,0.1494791381416186,0.2857142857142857,False,2
0.071233131207574255,-0.97480641250942779,-0.21137241813648061,0.99163592415313029,0.046343041356963106,0.12045960504149751,-0.10762915472738459,-0.21818519805038442,0.96995421768472279,5.1058995755876184,-15.88776146792781,-2.1882456438129969,,0.09628918410651394,0.3333333333333333,False,5
-0.77738562280290513,0.62735011899417015,-0.04586307509685203,-0.6262742878822537,-0.7787373100802446,-0.036724899272299355,-0.058754657661456752,0.00017345600320090027,0.9982724378225114,17.576108832624822,-13.909996007158552,-0.62412235961552254,,0.2846576219110543,0.3333333333333333,False,6
0.50552202039093419,0.86128329862646669,-0.051366977787100268,-0.84281148626669211,0.50567159245493365,0.1842960639867845,0.18470594337161234,-0.049873039722922119,0.98152758208417079,3.3468160929084334,-16.969621304270515,-2.3538460658397988,,0.2775012598901002,0.4285714285714285,False,1
0.98596239151784226,-0.03854506317480496,-0.16245750403495898,0.061819954910707825,0.98811378878343392,0.14074598960853682,0.1551014367672218,-0.14881336808532555,0.97662588834816688,3.3647399430296088,-9.053775970670447,-3.4151455804854014,,0.07207717718081097,0.3278688524590164,False,5
-0.25870451559372565,0.95840791095314937,-0.12052489300487439,-0.96384640013708589,-0.24787940185131505,0.097754381388328884,0.063812934066663662,0.14145698413388752,0.98788553541670476,-2.6327727146959945,-10.911262474516121,-4.0773833554711105,,0.7003508838821141,0.8603351955307262,True,5
0.30430107674933349,-0.92288765190728861,-0.23596448174725132,0.95042647345634235,0.27752050051854643,0.14025651623107221,-0.063956025850094064,-0.26694709915821907,0.96158664352645606,-20.743405849205182,14.226911107307398,-10.324579936799184,,0.09718903615188576,0.5333333333333333,False,2
-0.84846219619685559,0.52426740423088114,-0.072495451483691645,-0.52179310509545074,-0.85153528759631647,-0.0511821204436467,-0.088565552556613095,-0.0055984675826563773,0.99605461700705444,19.835508946806886,-8.2275386425937569,-1.1427564546710081,,0.3850700173072423,0.28,False,6
0.34620828442160095,0.92774261853022422,-0.13940393667516698,-0.92250205614701064,0.36368442079751456,0.12931975283657507,0.17067448609088715,0.083828848446453191,0.98175503256451513,-2.4825705003441798,12.473614562046498,-7.4358446230649733,,0.06701980850021189,0.2340425531914894,False,4
-0.96696142291988496,0.20226656353467817,-0.15515748084002678,-0.21805639775519378,-0.97155004895270158,0.0924224527808645,-0.13204928618807443,0.12320202780747735,0.98355693600388239,-3.031738407097949,3.2571918152556085,-6.1649892288927903,,0.06848607234429098,0.2861736334405145,False,5
-0.1971906626229796,-0.95888849956226019,-0.20408010187558012,0.96862103079817319,-0.22268512597529119,0.11038402676498275,-0.15129157699552853,-0.17590957926334103,0.97271099441385978,22.612919622196156,-9.2787733269926438,-0.55285891034756185,,0.3081258705847952,0.6818181818181818,True,5
-0.97643468128042432,0.15127896011651232,-0.15391552689336971,-0.16291771449247211,-0.98443128558419324,0.065976225017824686,-0.14153844529789883,0.089497040113737547,0.98587887101485983,-11.939876248081891,-8.5120323023358981,-5.8104864448229545,,0.06553811531493306,0.1071428571428571,False,2
0.22711854248034577,0.96676912165071904,-0.11736538281921977,-0.9609226744986632,0.24205028739334461,0.13431035703599475,0.15825543054170504,0.082274685022174138,0.9839644784790571,-11.168591823681835,14.431868741760162,-8.9762380581816767,,0.342378695491729,0.8869565217391304,True,5
-0.96834183708957089,-0.19830301579896129,-0.15162453781308524,0.20132902465246097,-0.97951231875287048,-0.0047160623260696644,-0.14758289323117199,-0.035093180767943814,0.98842691094946655,6.5898010320202527,-16.531816662322072,-1.8850146728251072,,0.2422022513232477,0.2592592592592592,False,4
0.76203179990594549,0.63454775690300147,-0.12906076143225928,-0.61593051160251755,0.77180185147158564,0.15796046005913303,0.19984279023563933,-0.040878432876050336,0.97897487859312937,2.2309852149939773,11.272059220057745,-6.5717598148314469,,0.1724177187860401,0.4117647058823529,True,6
-0.079274895458636099,-0.97513783629428108,-0.20693402614681364,0.9880598536943922,-0.10437505848086047,0.1133294872684628,-0.13211062208406266,-0.19547902034342407,0.97176886971035303,-0.85895026704565414,3.993305093108511,-5.9778280663750776,,0.2673273212565195,0.4707865168539326,True,1
-0.81258252210483151,0.57794708227103497,-0.075410973101720929,-0.57755806051075986,-0.81583116829413493,-0.029089372266792049,-0.078334740114463147,0.019916699882862779,0.99672814425849099,16.014035042408661,-10.551631352459049,-1.3355395968946722,,0.2021278187115969,0.2352941176470588,False,5
0.38308066588612433,-0.89013889714839756,-0.24678319879537514,0.92338079106306981,0.36183764217928677,0.12822416074154228,-0.024841862248674504,-0.27699506220430792,0.96055016391360259,2.867350362209824,-14.51108349596965,-2.7503465052006009,,0.1288048294211669,0.2142857142857143,True,5
0.98220517094970317,0.046156202236722094,-0.18205111138015204,0.016931545884025415,0.94362256352004814,0.33059004880641929,0.18704631756236975,-0.3277896621477504,0.92604946545820221,8.3753932726736036,9.3558768717634315,-5.4509023371493406,,0.278737869122503,0.2941176470588235,False,2
-0.93247650496394852,-0.25649124542121654,-0.25436157082486394,0.30700826794616742,-0.93377302795411521,-0.18388544172417975,-0.19035096822163297,-0.24955995930372304,0.94946634253637996,-27.825898489902162,20.160673925559511,-12.225235721109682,,0.2067477242105933,0.375,False,1
0.69051542345115868,0.71775394416264371,-0.089541753473086974,-0.69463228583336822,0.69254676031762252,0.19458923981421547,0.20167904564920941,-0.072168278436813657,0.97678928236006457,-11.109239785359211,-14.307692171184929,-4.8998506831305804,,0.1985969893678114,0.4615384615384616,False,2
0.12271884788386163,0.99199454418705546,-0.029781012024015452,-0.98271412585255424,0.12565239975266934,0.13595742453520501,0.13861107900852729,0.012581682697967389,0.99026696907277501,-17.261340646434583,-4.3969050759339172,-7.2152381757962019,,0.1462067781180576,0.2916666666666667,False,1
0.89336190647914249,0.43739100544919896,-0.10292527582713058,-0.4075588076990056,0.88520779704275909,0.2242832457444611,0.18920973103653219,-0.15841800531140504,0.96907348187546583,-5.1334238411715267,14.08490370718429,-8.0360648594670678,,0.1337983895305182,0.28,False,4
0.4178867076389145,-0.87788291549739461,-0.23386381989633004,0.90758019661608158,0.39182039416286091,0.15091376818691921,-0.040852004712418219,-0.27531502936791308,0.96048568355552399,-8.5484611265378785,15.051056521659874,-8.7073885355874001,,0.07753479271008953,0.2222222222222222,False,2
-0.3501390595413999,-0.90638600527322888,-0.23636211292908491,0.92370906741849224,-0.37598641482037587,0.073455936719766871,-0.15544837648660814,-0.19261003430599777,0.96888450133765636,-5.7092683036987486,8.9341366079199283,-7.3712181926095397,,0.1710670001463418,0.5783132530120482,True,5
0.55135457835429114,-0.77944786586782833,-0.2974376461072975,0.83419236893495541,0.51017905536295771,0.20938104756555037,-0.011455153357735628,-0.36356341381256718,0.9314990196444134,-21.293401425483442,16.649067715734997,-10.76093273405445,,0.4168088698166736,0.3333333333333333,False,6
0.065248407902426336,0.99636776929593085,-0.054716666331658351,-0.98741678607619043,0.072383519557822934,0.14060126838471176,0.14405115702821014,0.044854145902845227,0.98855316991761322,5.7791628718496737,-12.145945693569221,-2.6309461824575013,,0.1002194744617606,0.3461538461538461,False,5
0.40452457700296113,-0.88722270028211758,-0.22180114225288228,0.9139065737601888,0.3832476093869186,0.13377609777955085,-0.033684433177472647,-0.25682124133980749,0.96587173525173242,-18.608941903292983,11.412643883810249,-9.6665772087580208,,0.109847468695099,0.293103448275862,False,5
-0.98486509362181729,-0.064400329922545949,-0.16091409158665274,0.050512296832875343,-0.99475368931914088,0.088958447910393645,-0.16579883966408787,0.079483929770903808,0.98295119394312613,-14.132810787429339,8.3047087334828298,-8.51551486089752,,0.07439973889711285,0.1894736842105263,False,5
-0.57273825460366534,-0.76215957600459516,-0.30180071639749823,0.79769190526334433,-0.60299822786359991,0.0089867386016112549,-0.18883462603792439,-0.23559693949169641,0.95332867685350964,7.0764261676067282,9.9437520823323311,-5.6968867588460066,,0.3718835609903539,0.5,False,7
0.77927175694253192,-0.59703757284084435,-0.1904774670348465,0.62445698517277493,0.76537699982882812,0.15572900115889948,0.052811007381287051,-0.2403001971479283,0.9692609621510806,-10.707941983424769,-0.85648410264132602,-6.6804522131174107,,0.06492923054355001,0.2,False,3
0.076240963591803476,-0.97670989126056895,-0.20056196993537706,0.98948740872691665,0.049322087637231171,0.13594851835159896,-0.1228901275183774,-0.20881838995852614,0.97020250286919174,11.087584042685718,-13.034445778421818,-1.6794628373445117,,0.1525370721143401,0.6666666666666666,True,5
0.93056155803079077,-0.29641207670720349,-0.21493037825638081,0.34890738404134464,0.89585626384760975,0.27514576479827546,0.11099019811106625,-0.33103086760470707,0.93706976293984756,-13.994415194030093,-0.11535297657006571,-7.3297857322873625,,0.7014589493145854,0.101123595505618,True,1
0.97051737511225766,0.18894807168536912,-0.14964842401974696,-0.16349058525937193,0.97225661701075716,0.16729584337438083,0.17710689748499733,-0.13789741435276434,0.9744831707002749,-15.982133313774513,-5.3891787739004506,-6.8537375028752781,,0.08917059239703969,0.4042553191489361,False,3
-0.96743885055778667,-0.16888454936133546,-0.18852076654429156,0.17151832257491301,-0.98517806571722555,0.0023756790090649627,-0.18612773961050691,-0.030036441478389603,0.98206633010749267,-10.51609886016969,-7.699046952161126,-5.7599528702473508,,0.2059582383342996,0.225,True,5
-0.98245064817349925,-0.030830526885004823,-0.18395706704409484,0.041474237965121417,-0.99766325209726048,-0.054294778753868025,-0.18185326911739885,-0.06097141975312699,0.98143358129045288,14.025232438286713,-10.151522292377305,-1.7034032635856604,,0.27919295946378,0.32,True,6
-0.97251233103315282,0.18631689917103464,-0.13966309130101101,-0.18371421356939976,-0.98247750453564664,-0.031417205699833278,-0.14306940176376301,-0.0048955249666564407,0.98970055072949226,-16.358820713768981,17.789699169222082,-10.20402752637521,,0.3315686255885916,0.3846153846153846,False,3
0.98509787431212925,0.075143324873864728,-0.15471153399997412,-0.041242014066532585,0.97647058804479636,0.2116702316320962,0.16697686756392408,-0.20213527997445221,0.96501816267269769,-11.004846126494646,4.3582313038507499,-7.5165317641603888,,0.1354305763479158,0.4705882352941176,False,1
0.94547247104641929,0.28958308657174936,-0.14907529126235705,-0.26546167858455227,0.95033899897058349,0.16243732403195105,0.1887111647371443,-0.1140062410886703,0.97539257393953049,-9.0605005203934184,0.50555223652835246,-6.669903286944967,,0.3798689095403222,0.3936170212765958,True,3
0.3296766919587425,0.94253738386559527,-0.054190024865646419,-0.93012847990778735,0.33410067063002719,0.15243934121149311,0.16178470151274588,0.00014798771947382994,0.98682606798567407,33.079927380641514,-8.9260440635517888,0.89101613640713262,,0.4972352582113172,0.574468085106383,True,5
0.57767069308540597,0.80847560995139245,-0.1125333660029363,-0.79397780053006151,0.5885282544638365,0.1524261984148246,0.18946192919864543,0.0012968467425904517,0.98188721122787515,9.2760909618908158,6.6586692603227853,-4.9109137491884978,,0.1995781153063867,0.6923076923076923,True,4
0.014308727560572445,0.99448970446068108,-0.10385320427076662,-0.99416429274180906,0.025256352353082545,0.1048783852993361,0.10692342752070925,0.10174647113057636,0.98904753993915762,2.704984638950263,9.3835530973129266,-6.228518367177748,,0.2241548790662407,0.3488372093023256,True,6
-0.76816224788423448,-0.58172531806209626,-0.26743675000080036,0.60982782103490363,-0.79200870105917542,-0.02884867654462836,-0.19503022744502713,-0.18525083474065152,0.96314346730413458,16.665250946384628,-0.68501580809142437,-2.7628545780371465,,0.2962234619533149,0.391304347826087,True,6
0.97258878783869462,0.17598257057368102,-0.15199073861501636,-0.14768872692445245,0.97236845466223765,0.18079720218301587,0.17960815602275226,-0.15339401302544775,0.97170529846144982,-5.3156942703675742,16.197766414372627,-8.4320782047295797,,0.08901955318601777,0.3225806451612903,False,4
0.89132419417686692,0.43109704076436961,-0.14034429920436103,-0.40201300896391662,0.89464663774770192,0.19491776263468275,0.20958702607446253,-0.11731468369703893,0.97072681197663813,-19.89242406164292,-10.700058433865619,-6.7663606991082466,,0.3674104947322608,0.7560975609756098,True,3
0.44767092873851894,0.89001125931049285,-0.086433198847096354,-0.87304395940027379,0.4559342773101287,0.17296872471167302,0.19335197055391964,-0.0019730874892916472,0.98112747510640808,10.040801522871158,-17.748725716785028,-1.1980263210722533,,0.1482432966846292,0.2222222222222222,False,8
0.94898021139738065,0.30605459159273768,-0.075941723322467139,-0.26884279948181194,0.91111437479327961,0.31240061653561746,0.16480323887280168,-0.27604561762515684,0.94691008519657272,-1.9125449588132077,7.5136853827122332,-6.5913729448164986,,0.604515853919199,0.1666666666666667,False,2
-0.978876365021912,0.13388731330355125,-0.15451617823983999,-0.11929350500214643,-0.98779212074624556,-0.10017876948704238,-0.16604252968981226,-0.07962985324607709,0.9828982474326714,5.0397362550070701,-18.198960372790779,-1.9184183253973159,,0.4952196275743506,0.1304347826086956,False,4
0.90150114200156894,-0.3871783939401775,-0.19336127387812566,0.42166404443214139,0.8864061432491761,0.19100676125009231,0.09744292997953144,-0.25372631017698077,0.96235535792189475,-13.154024027389973,17.434406222716238,-9.7427491111066882,,0.1638741602230512,0.4516129032258064,False,1
0.11180950409464828,0.99168294236253718,0.063746189072695997,-0.98515935658566589,0.10221019759944468,0.13789168806857413,0.13022932436984877,-0.078217755873366435,0.98839380094186613,-0.42944334209292512,9.7065255141782707,-6.7220665102848027,,0.1331328475832421,0.3888888888888889,False,4
-0.018906001081922627,0.99854579190907089,-0.050486281144255088,-0.99488555735374229,-0.013777456898932746,0.10006452643335259,0.09922343922694582,0.052119891999931001,0.99369926334172753,-4.9899185404157045,3.1688339237832452,-6.4762457494064156,,0.1394562472403087,0.2489711934156379,False,4
-0.81799346437536369,-0.54916509529257929,-0.17118525155947892,0.54100531282067299,-0.83558722495469206,0.095431865707014132,-0.19544805892869702,-0.014549488128736562,0.98060612309744188,0.66469388026639398,8.8666475489867995,-6.4376845463151398,,0.08447057303836229,0.3188405797101449,False,5
0.31263530962931502,-0.90668740476540777,-0.28315563425924006,0.94719642390637671,0.2752166836750321,0.16454395025612178,-0.071260772602843012,-0.31964625301524729,0.94485352051064453,-10.220660413709025,0.33467568727341201,-6.8307030200022805,,0.1134757252721764,0.1481481481481481,False,3
0.49991191457624706,0.86569714134820763,-0.025622980432637527,-0.84544814297684856,0.49421002468492897,0.20242008061928757,0.18789761893570631,-0.079529308826760819,0.97896352017622645,10.560998761475087,-6.150130362903468,-2.7531075025392782,,0.2754619220922865,0.2432432432432433,False,2
0.49601714979301831,0.86738599525077731,-0.040106387945413546,-0.83927409469835557,0.49076251990009789,0.2340323546639661,0.22267909888326934,-0.082423809085261285,0.97140122226421477,-2.352101234076855,17.33539681181264,-8.1483442436963855,,0.3201754254597676,0.1428571428571428,False,2
0.70316014987767639,0.70889042620130249,-0.055137711814511242,-0.68238556639151748,0.69458854996118891,0.22780843935934664,0.19978924496712003,-0.12256063765724015,0.97214358388692734,-14.665890986314055,-9.0440020765827942,-6.1795455989493613,,0.4493738368496025,0.5813953488372093,False,4
-0.79992065749848906,0.59270215172471907,-0.093973938132192902,-0.59783740137739205,-0.80066828287812564,0.038996696107756482,-0.052128525986375893,0.087375397760935308,0.99481061345595123,12.397253762863297,-11.760946196960006,-1.6716012440078931,,0.2032814205845436,0.4,False,5
0.83729602406493964,0.53472290568247871,-0.11404728064944068,-0.51166588245784939,0.83984939373233825,0.18124850503122758,0.1927002667711579,-0.093404550134946876,0.97680202559188711,13.238312333488581,-6.5359726548707791,-2.3258575074517549,,0.1662638363054955,0.2173913043478261,True,5
0.36967235345193478,0.92910775498332621,-0.010056377237949637,-0.91293238677681421,0.365208020171291,0.18214708116397449,0.17290693527819317,-0.058153947694117664,0.98321986864601807,3.6665233761178202,-5.9316604062099518,-3.8318712569012927,,0.3075010081522938,0.2564102564102564,True,5
-0.47432189006130793,-0.85640539922371872,-0.20393267709989893,0.86129583025910661,-0.49936891864175303,0.093809252597184048,-0.18217639086046442,-0.13115058244258476,0.97448000869080231,-6.7679783377011322,-11.181538230149606,-4.6760457592435607,,0.1109787142664357,0.3114754098360656,True,5
-0.88104533548141639,0.4653898842952584,-0.084683956107902317,-0.46472705042118101,-0.88499238560277704,-0.028587515315864231,-0.088248996783352365,0.014168028117976406,0.99599768149628765,-3.8763701821629346,-3.1658447855506284,-5.3651015583279227,,0.1921755525065362,0.3953488372093023,True,5
0.69984985937295474,-0.67560091879745121,-0.23189129534265557,0.71403890491984523,0.67031723935692122,0.20204762033189927,0.018937174987919664,-0.30698240526283416,0.95152676592018248,3.9611738726094678,-15.791722549999839,-2.3952736051844514,,0.2163556866702993,0.3846153846153846,False,2
0.94291344925416409,0.29973953489739624,-0.14515659969532421,-0.27153268721795254,0.94427664614987084,0.18604197189921987,0.19283212125528668,-0.13600671584684762,0.97176023084747731,-0.60722177517016518,-17.28385337370138,-2.8728372383936764,,0.1659739754737288,0.6206896551724138,True,5
0.26364939150674216,-0.9275028443797797,-0.26500466415809193,0.96346356154928803,0.23976139635858715,0.11938357668851197,-0.047190718630743818,-0.28679774490675292,0.95682814004998595,11.973895060672948,8.6711102782936749,-4.7697669702396688,,0.3599130862235362,0.7384615384615385,True,5
0.51495005896206614,0.85660593644163396,-0.032445437705720837,-0.83637691650595714,0.51036482993544707,0.20000348472201426,0.18788318261875239,-0.075855191107223024,0.9792578310491753,2.0885846836833246,19.390491026655916,-7.8334756522433411,,0.2651924614217393,0.3043478260869565,False,3
0.79046677381188102,0.61152736282813736,-0.034591386383047484,-0.58564313898636811,0.77113547401815186,0.24974425813018053,0.17940009269125523,-0.17715632989894703,0.96769377466174999,15.269864061291512,-8.1551233020857801,-1.7993307461384918,,0.4721427853596043,0.3611111111111111,False,3
0.16734300428934223,-0.93941169314685646,-0.29916883142194667,0.98283894200611044,0.13506892591600464,0.12563438752270584,-0.077613999972464806,-0.3150588136060517,0.94589323444954443,2.0902056882065603,-16.722556778355194,-2.5581757831009266,,0.2105506886298915,0.2222222222222222,False,3
0.92287668706120141,0.36026347312982515,-0.13604723594169943,-0.3332250046472533,0.92415647236538356,0.1868044722778528,0.19302776162194546,-0.12706315167508209,0.97293126105065397,-4.9188575733991957,10.195626283637685,-7.4277294123151902,,0.07196426276811396,0.2580645161290323,False,4
0.48829342825875416,-0.84205224328107386,-0.22916707334305728,0.87223217516686258,0.4625078364319597,0.15905198471791729,-0.027938513256687628,-0.27755093374790996,0.96030459680908931,-6.7602271679383348,8.8029214899474386,-7.5285637253262259,,0.200761211290257,0.6834532374100719,True,5
0.90689088571262499,0.40745821600535004,-0.10736258017162235,-0.37292227052580879,0.89475228568735687,0.24565693029736696,0.19615784857416702,-0.18274613393171307,0.96339293591751363,-3.8549189784632301,16.611067187939376,-8.2618056367127384,,0.2429722953912775,0.2727272727272727,False,3
-0.65061984571275266,0.74611513506518112,-0.14144264417558328,-0.75870448900745879,-0.64663665974857898,0.078921027800779364,-0.032577825658644602,0.1586607560043346,0.98679554608818953,5.2966820086736153,3.8130174744565029,-5.0406380615787354,,0.1249387853350132,0.4126984126984127,True,5
-0.7995693192472545,0.59336952749781358,-0.09274431279331706,-0.59974361784489472,-0.79700287771842626,0.071372303892091996,-0.031567333951410592,0.11268991412531071,0.99312863551587871,-16.779133617559708,14.895042423751219,-9.8826510875447031,,0.1632037458414645,0.375,False,2
-0.96092558640710268,-0.21316724764544859,-0.1765835267498958,0.2097400767940803,-0.97701561969709372,0.038073337840520499,-0.18064085245198674,-0.00045099797021483368,0.9835490221774672,-10.747471555832353,6.6603823237008459,-7.7858322152781589,,0.2540691565879989,0.558695652173913,True,5
-0.97266631823779126,0.18126063070078605,-0.14513723548315566,-0.1881370291881371,-0.9815179246845156,0.035028870539353898,-0.1361054429991754,0.061377090847921568,0.98879126265609962,4.4761927531771235,3.5871418596678728,-5.1715783123694434,,0.07975581974618581,0.25,False,4
-0.57504625278717603,0.80964146041290652,-0.11748409567206541,-0.81811101506749417,-0.56837337225817108,0.087441847722404598,0.0040217136473371939,0.14639813963411569,0.98921757492020357,-6.0100635422186102,17.804383408642281,-8.7303233678055463,,0.7562844102529491,0.1904761904761905,False,1
0.20225701127177925,0.97903029188616697,0.024326712903601,-0.96948489427028628,0.19664768248411399,0.14638554831457429,0.13853209437938468,-0.053191884182777621,0.98892845154942699,-8.2616624808979182,19.603140757444411,-9.3048481795281202,,0.4805565921389543,0.4722222222222222,False,4
0.9248999316274602,-0.31753966239899495,-0.20911403415135235,0.36548955392710814,0.89409954271905911,0.25885013749220548,0.10477357703965356,-0.31583946953017517,0.94301003549337403,-9.9963918521886335,-4.320480528923718,-6.1243828795472259,,0.1224478122845547,0.1964285714285714,True,4
0.88178865200476297,0.4488856282160576,-0.14474275794213842,-0.42408848890770828,0.88891221940114185,0.17315894367693163,0.20639216741823713,-0.091305854031434597,0.97419993545883121,9.782227755118484,-11.113712750240857,-2.1903136226354314,,0.2366115113030302,0.4603174603174603,True,5
0.93803445114160355,-0.31081393788050904,-0.15325163780749962,0.33620312754113219,0.92343974340667445,0.18500404678972776,0.084016816787064866,-0.22506384942106009,0.97071491086762596,-1.4552402706096434,-12.059723930573524,-3.7561643562504736,,0.112455829583165,0.2727272727272727,False,3
-0.81636265695635946,0.56462587712162915,-0.12144805972836364,-0.57354745702347532,-0.81727430911508925,0.055731662476170493,-0.067788840298812228,0.11515347387327973,0.99103196244412717,-0.036013612164917497,-7.5166395498120924,-4.1867725767475612,,0.1761455057174952,0.5615384615384615,True,5
0.21536194351663757,0.97479727960997209,-0.058219386373734888,-0.96468348502965551,0.22162982016000582,0.14235868967815538,0.1516740155589428,0.025504636457733126,0.98810146570247737,-18.802096974074868,-5.4390479180198232,-7.3056912079917709,,0.07658753115304182,0.1333333333333333,False,1
0.33488163850943881,0.93491045976242948,-0.11745944157895272,-0.92671641979854946,0.34933727295298245,0.13842018278248006,0.17044343772933912,0.062497215558610902,0.98338351246216693,-20.877593014785131,11.697102634243405,-10.027972779882534,,0.0952674969978782,0.4166666666666667,False,4
0.61665924288241258,0.77415225642855434,-0.14289738288110121,-0.76310958291233799,0.63242353948342289,0.13305724773426419,0.19337823723223763,0.026995380601832888,0.98075282655270235,-15.634471351527363,14.792677422732998,-9.6633117287498642,,0.07228380514315771,0.5882352941176471,False,1
0.9861908788106466,0.080845033287154325,-0.14453937575444667,-0.019181617517215289,0.92264064714983229,0.38518346508691548,0.16449807324132851,-0.37709192091549598,0.91145052914579705,-3.5816507708875793,18.64869273693246,-8.5210594704564286,,0.4295116135350939,0.32,False,1
-0.2902165183400281,0.95695811398391495,0.002353840041591837,-0.95459076339445936,-0.2896698336061691,0.069626589321595059,0.067311566053509589,0.017959832374592671,0.99757034714174497,-14.252415858343317,1.8869293889625465,-7.6208376371075595,,0.2607564574472033,0.3271028037383177,False,1
0.97927951247002143,-0.11776183229312583,-0.16475371713998735,0.1425399818935475,0.97870883423201427,0.14768673385920184,0.14385405805282125,-0.16811058458995737,0.97521527947964315,6.5278357105640286,-5.7234707842172927,-3.4477848822165464,,0.07710593195747421,0.25,False,5
-0.26434944811734007,-0.90992386070071452,-0.31962155278949067,0.95623256791989397,-0.29040129608141113,0.035865906980898268,-0.12545375773321293,-0.29615140546981034,0.94686625228110899,-3.5070752624537138,12.763910210458153,-7.6168921603468727,,0.25075146240564,0.3387096774193548,False,7
-0.8654979438371595,-0.46591316734379185,-0.18395170482853371,0.46164717023068957,-0.88444815268595722,0.068068755155307414,-0.19440987483058755,-0.026007416366730117,0.98057555285774989,-15.564802031247082,-2.9434542853163945,-7.1863499256644072,,0.1392359420875176,0.3658536585365854,False,2
0.50738355398249646,-0.80273708542057132,-0.31332906159272406,0.86101640896719822,0.45757394604392493,0.22198384488746248,-0.034823449532191034,-0.38241241558332939,0.92333529758717736,8.524703970039468,13.737754821659049,-6.0871838041343702,,0.2876700362138895,0.3684210526315789,False,3
-0.075574311107114767,-0.97900854849902286,-0.18929021492544773,0.9886503040319522,-0.098287455961540676,0.11362285130261987,-0.12984259639353363,-0.17855485982309582,0.9753251058982032,-10.207939004177311,-14.79882818172085,-4.728761691697323,,0.08868430017224124,0.2941176470588235,False,5
0.98574100446295798,-0.025291084699994859,-0.16635814724580181,0.090503471283069736,0.91315155061128395,0.39744605583893,0.14185835825242299,-0.406834864104473,0.90241985768433841,-15.097052021071068,21.98514399741785,-10.670225897150848,,0.2770503046239576,0.4615384615384616,False,2
0.066733387122193025,-0.96546051398874255,-0.25185839468199694,0.99222273290103336,0.037630998602578319,0.11865056366733823,-0.10507475128499651,-0.25781757867291705,0.96046311369548698,-6.7838418728817658,11.08199413222798,-7.8509568443923357,,0.2693042561735135,0.2470588235294118,False,5
-0.21273744007406953,-0.87988359538056804,-0.42490897868943234,0.9653213257483475,-0.25660293321407801,0.04805905452028085,-0.15131926396260206,-0.39994973839983461,0.90395944992445321,1.4632616895050403,-9.5153714270831262,-3.6283009970374822,,0.7451217013104781,0.4032258064516129,False,1
-0.86782206830012221,-0.46644877163984405,-0.17120280724035913,0.45453511382334688,-0.88443930574317542,0.10566430219391715,-0.20070547594147975,0.013880125799541107,0.97955329310604333,1.2594559564594665,-7.8263927762913355,-3.9169536130553819,,0.08037708091277132,0.323943661971831,False,5
-0.069328112368064312,0.99627000098849983,-0.051377991064830333,-0.99184923646440115,-0.063318311215315712,0.11057071759660027,0.10690512130140332,0.058624880342881325,0.99253937878772203,-18.480552684492057,-7.0048551219697135,-7.0275037810341265,,0.07861419496282758,0.3043478260869565,False,2
