axis_00,axis_01,axis_02,axis_10,axis_11,axis_12,axis_20,axis_21,axis_22,location_x,location_y,location_z,dbh,dbh_approximation,score,reconstructed,number_clusters
0.39742548642124947,-0.83520591181676118,-0.38011059918024731,0.91754423445973587,0.36749860309202098,0.1518464834466407,0.012867033555991725,-0.40911595128000888,0.91239168006713156,7.1799947435474696,-13.242943198502864,0.7319575595161143,,0.3357400569093448,0.2592592592592592,False,5
0.1544438349429664,0.97628762670425995,-0.15168906286305517,-0.98371483438251561,0.16623702072623664,0.068340160636647426,0.091935991123649571,0.13866406486262725,0.9860629040035348,12.559612423197169,-2.6843094433001893,1.7034846414959217,,0.1111373980516934,0.1111111111111111,False,5
0.11302342601214979,0.99101453597428302,-0.071525482592941586,-0.98981148600645164,0.11857522485745337,0.078823462368160846,0.086596347164165186,0.061887846445658756,0.99431934866024929,-20.895011145334752,8.0636866671505985,-5.7648861179614848,,0.5280968193804716,0.2285714285714286,False,2
-0.96672829185010656,0.15341880249194204,-0.20469264954686836,-0.15758270843005562,-0.98749728564189376,0.0040988844510820369,-0.20150458987434181,0.036218529675205176,0.97881771457597899,8.133855519754416,-0.85207795583816659,0.55621471729249061,0.2675626060516906,0.224732677695299,0.6645161290322581,True,5
0.29762267429869083,0.94284920338088374,-0.14985367338617245,-0.94617595493572293,0.31222266404588378,0.085252978584708525,0.12716841606613241,0.11641472303847769,0.98502578961929033,-3.42145558888501,-15.260884840758926,-1.6065524355022356,,0.08342365014256366,0.4444444444444444,False,5
0.98060655326511392,-0.041693864795685556,-0.19150041600976472,0.076317018229283537,0.98121869667751616,0.17715976410875037,0.18051731335831767,-0.18833876639947481,0.96537143558788785,-5.7439427673004504,-14.423408665491468,-2.0832532573476139,0.6430296985975088,0.5257352685579939,0.4666666666666667,True,5
0.20947361575418305,-0.93691265906958066,-0.27984901925509464,0.97780678218849282,0.19958762540007749,0.063707742805290901,-0.0038341894913610924,-0.28698336025339127,0.95792789390883604,8.428632318988198,5.6100353655289572,0.51707353598910544,0.253343136213458,0.2296588593893643,0.2923076923076923,True,5
-0.52818574141812347,-0.79634803841447777,-0.29470260310353774,0.83944979609683557,-0.54196124821872094,-0.040025557612448338,-0.12784311634018075,-0.2685289689076763,0.95475040217944473,-8.0856106535298355,-22.846536492390104,-2.1791543799262136,,0.1951425336301061,0.2352941176470588,False,4
-0.20339018515576526,0.96773279209126706,-0.14874701910809185,-0.97899854069929815,-0.19884611669341781,0.044967534784455275,0.013938790871056386,0.15476906986600134,0.98785233973598752,-35.202642106748165,6.4015191851731545,-8.7499733702263569,0.441284002795494,0.2944183038263186,0.7083333333333334,True,2
-0.84163581162986811,0.51671203840645552,-0.15702811833547242,-0.5158289952881624,-0.85525713450478091,-0.04955483325243272,-0.15990499742703029,0.039292534208383398,0.98635008417566661,-31.751366764282004,0.013971866703341648,-7.7407370235849777,0.8136211782171188,0.3441075536511707,0.8412698412698413,True,2
-0.70608851482500667,0.68808070422571899,-0.16728405095661456,-0.6899717856947214,-0.72166117376841565,-0.056072142998376102,-0.15930456420785377,0.07582937918400337,0.98431293858971236,11.832521962315752,-5.8366182572126668,1.5137976697297337,0.8540046108902781,0.404809332093987,0.3043478260869565,True,5
0.19391980181488003,0.9732645487187821,-0.12309032728571274,-0.97679843352035534,0.20318398704558371,0.067683732760838292,0.090884161085736825,0.10710922283111898,0.99008468508923841,20.686014151149447,-1.4656033109163393,3.4734653659608576,0.2549355360404906,0.1603495227118271,0.5652173913043478,True,5
-0.87444411234996955,-0.42675018842969314,-0.23072011410298812,0.43423182083407319,-0.90057943465845747,0.019985185647848826,-0.21631047166422568,-0.082710087326003129,0.97281489570366142,-10.63604762713242,16.611054404261768,-3.8104891058941464,0.205404304089702,0.2616363696209514,0.4651162790697674,True,3
0.20011356792616988,0.97191682117507161,-0.12382347373904457,-0.97436046909088447,0.21067780879453687,0.078971749091213572,0.10284082946403733,0.10484537948082519,0.98915681779820541,14.620741270683876,-5.5573494638216809,2.1640087541612414,,0.07258653557920097,0.5454545454545454,False,5
-0.78143407245940599,-0.53741060857040224,-0.31709719045664508,0.58901674625371581,-0.80302873364238347,-0.090576628207255871,-0.20596131440684107,-0.25755521881860538,0.94405786169445494,-9.7998125275424108,8.3148565597089501,-3.3645243152888287,,0.08916733076759034,0.2653061224489796,False,5
0.40694797093969154,0.90375922230093464,-0.13271253540671202,-0.90304462048182721,0.41991132440152057,0.090470398795373164,0.13749095376387799,0.083028595949653505,0.98701696534949612,17.872600538372446,-4.5224216180646746,2.8437951684694602,0.418300297765935,0.1016649016614911,0.2941176470588235,True,6
0.64258853870738208,-0.73122627597168166,-0.22888447577434556,0.76051594730579464,0.64504463122054223,0.074383584392819058,0.093249470858983552,-0.22186833271591552,0.97060753094254271,14.157589690577543,0.019805319692174327,1.9428287948167713,0.3730467302480622,0.09244766831438485,0.46875,True,5
0.95598244779517716,-0.13613184363499659,-0.25993399288295954,0.21826003141587266,0.92198424760778996,0.31985560156020326,0.1961125141185128,-0.36250954237320998,0.91111289832516495,-11.836170497725716,-8.986637076622582,-3.3639558564527094,,0.38732879314385,0.2894736842105263,False,1
-0.89152275884507381,0.42257771558185464,-0.16314179340343959,-0.41992579357044318,-0.90605917860654905,-0.052144920721579391,-0.16985140080524172,0.022019063477984477,0.98522366114910709,-4.5437302390667238,10.559298306882621,-2.2542330623377387,,0.1967584899188504,0.1052631578947368,False,1
-0.90478780461186781,0.39872800639259803,-0.14958277154746841,-0.38840030445529206,-0.91666933429254405,-0.094141038164562874,-0.17465460808313713,-0.027079669234493717,0.98425731360730928,7.2934979420831763,4.3997490324391908,0.33361432418695125,,0.2734741388179566,0.1923076923076923,False,1
-0.97551633530030424,0.08267684776331656,-0.20379504019035172,-0.073393998697488944,-0.99590923631972372,-0.052707816955917641,-0.20731907900012173,-0.036460003524230698,0.97759371296339426,15.732234344224841,10.236487547350192,2.0991322605658103,0.2992927275475969,0.2833594986606057,0.4324324324324325,True,5
-0.22763966545521327,0.96424078879197994,-0.13571987305202582,-0.97370817846912994,-0.22418974363619151,0.040389875348493837,0.0085185617193713203,0.14134588808365861,0.98992362030010883,-11.702887130183001,11.594492575635183,-3.8602376299688226,,0.08913530842021629,0.2708333333333333,False,2
0.78046791297404305,-0.58331641280692204,-0.224970663349705,0.61025549708616689,0.78898229060352976,0.071380483257838051,0.1358604618498592,-0.19299976078760242,0.97174740917682456,-17.587721837755254,7.1291060014379148,-5.0189718443128095,,0.08638384157287227,0.3333333333333333,False,4
-0.94759585724559414,0.26671219932124612,-0.1758598705339364,-0.2463754321066183,-0.96052531427309384,-0.12919081660417242,-0.20337462424124131,-0.079093131015276583,0.97590114194058386,5.0479709086303632,-9.0534793016922581,0.14614034976050794,,0.4195489559064454,0.2127659574468085,False,4
-0.63015965499260052,0.76997392844609502,-0.10019460431029027,-0.77263469032344656,-0.6346104818410585,-0.0174691627232808,-0.07703534596793607,0.066405465518649121,0.99481449005372524,-4.4560111071823671,-19.98111386772829,-1.6508568953842726,1.357954333910259,0.5354433998134512,0.4,True,7
0.50301067150571599,0.85728902543338481,-0.10970775370431118,-0.84954206921308439,0.51377529971059488,0.11963784536859084,0.15892934590099789,0.033022239154328087,0.98673755109082306,10.41511901416855,2.6974120542978532,1.0709609675456644,0.9417031716271385,0.7381286897279062,0.8603351955307262,True,4
-0.1028835258936325,0.97527729658848905,-0.19557396262985419,-0.99398920047241734,-0.093406672930709714,0.057102213584245637,0.037422579332531916,0.20027328381754958,0.97902510812799715,-4.4600071263784029,2.7284834498877752,-2.2270518798964156,,0.08250157512610674,0.4697406340057637,False,5
0.48351181081470068,-0.81729590069800206,-0.31343857373483941,0.8744233711700693,0.46734288238479149,0.13028583282861447,0.040001209409966106,-0.33707275325442149,0.94062844006505741,10.661729626310757,-1.3402113800248159,1.2120548773463533,,0.1185330428338053,0.5,False,4
0.50492075335317499,-0.82711418661876657,-0.24685452219321274,0.86107874901750425,0.50253718507810785,0.077458153891133058,0.059986838754122626,-0.2516714125755023,0.96595190318593982,0.89006860510044705,-12.130024719416305,-0.61156224213941246,0.4812782357097157,0.3795995695731734,0.4545454545454545,True,2
0.80274431833793292,0.58166066676506079,-0.13142461000357641,-0.55731564476515028,0.8101880131986583,0.18164431003809373,0.21213399415504319,-0.072568946579342097,0.97454241391341834,-2.1161111425964529,2.7035904082721647,-1.6839615605772482,,0.4683389168309646,0.2371967654986523,False,2
0.84896686757795869,0.50207652162641103,-0.16484666871488129,-0.48257354995013824,0.86371106389822527,0.14534774504036146,0.2153555818719155,-0.043844777697240739,0.97555092579797642,5.1313248404128462,-10.993621401471687,0.23279539692900189,,0.0912177679677533,0.4722222222222222,False,5
0.56922150575381514,-0.78281602857454269,-0.25136814196341567,0.81907273867601171,0.56648794215231502,0.090616003850381557,0.071461361204055232,-0.25746937061098318,0.96364038782735095,-12.419241212722941,7.3605506496751119,-3.966114221141869,,0.08004106419156368,0.2368421052631579,False,5
0.60562056876322379,-0.76399006286290194,-0.22258236798463385,0.79122225033099314,0.60794334502884173,0.066122914457097282,0.084800219764262913,-0.21615751914259257,0.97266893116108666,-6.9397541821490778,2.7249334590381911,-2.7025115502958581,0.1219675414741602,0.1137099082299358,0.6316964285714286,True,5
-0.97685431701684688,0.035852032249562141,-0.21087976457955221,-0.027264134886818975,-0.99868166748519538,-0.043492458862012161,-0.21216104796692623,-0.03673634185063665,0.97654397285171424,-16.638699309211361,15.505105149939524,-4.9908007831115437,0.6191068162864143,0.4899116187384648,0.8271604938271605,True,4
0.81617181336863109,-0.50653559996995001,-0.27800226082829876,0.56143709506469397,0.80894342923856166,0.17435285078563059,0.13657217633134636,-0.29838266413255554,0.94462470134825538,-17.948122908607818,5.8097194365869314,-5.0494609426826988,,0.286920261035932,0.4385964912280702,False,2
-0.49372951561027895,-0.80547217032145713,-0.32778918263554874,0.85716183180537819,-0.51432604079784161,-0.027245510699292187,-0.14664501188682702,-0.29442028903399087,0.94435794796986461,5.3091393041702819,7.1412095368551087,-0.22467671350343829,0.7398412017440875,0.2855034194996525,0.24,True,5
0.73176041938556002,-0.63658173731169065,-0.24349616083605952,0.67134127057303561,0.73485693880780112,0.096364816771530706,0.11759076088729488,-0.2339849807300842,0.96510281408080567,-18.304804832929893,8.9593978161768089,-5.2203362920864294,,0.08296556783794264,0.1739130434782609,False,2
0.077923192431609653,-0.91055107053519124,-0.40598611309807708,0.99610685399619781,0.054271492162572404,0.069467550412014245,-0.041220280240001336,-0.40981868318277792,0.91123517020101386,10.757575559286817,6.2939173142373699,1.049845159851313,,0.3437253022158281,0.25,False,5
-0.23886312625995224,-0.89919308161922773,-0.36660088499816612,0.9647578720337785,-0.2626717549151511,0.015677930942874334,-0.11039318485385241,-0.34993621009822823,0.93024620052968321,11.679325738026144,-4.2113752909608557,1.482094609519323,,0.08204957435663968,0.2608695652173913,False,4
-0.90563206029948295,0.39611653741820141,-0.15140099121713005,-0.37449823066936638,-0.91456846745502052,-0.15269444509375604,-0.19895136738215385,-0.081585581574141045,0.97660746786822261,16.547775261729281,-1.5573701253023915,2.5687972861526394,,0.2381710017856939,0.2380952380952381,False,5
-0.46752370557343637,0.88362227289315676,-0.025164728768941408,-0.88392508081958132,-0.46762377026891483,0.0021121026446231095,-0.0099013244053014898,0.023231192965855046,0.99968108687141011,-6.6411467125356474,-21.0795282251975,-1.9664423630567518,,0.5145223676822066,0.5714285714285714,False,2
-0.75901904044879165,0.64856067914317739,-0.057088893013752223,-0.6464859577942379,-0.76115891056222951,-0.051894308421890509,-0.077110327525318156,-0.0024816005037285593,0.99701947776754984,-20.243251768568093,4.4471901236524012,-5.5360319385215471,,0.3125361883118993,0.1714285714285714,False,2
-0.97000164409239398,-0.079649696244773166,-0.22967963851018103,0.086741723064181334,-0.99601090657573177,-0.020931972244512841,-0.2270961997434324,-0.040226855088405247,0.97304116880622626,-10.95373714889933,-7.7646983996336782,-3.2022688720058254,,0.1224088377262868,0.3725490196078431,False,4
-0.84437411541687546,-0.45633153469487325,-0.28070248245605356,0.48876202362910887,-0.87069678834000996,-0.054761181802171474,-0.21941749582006392,-0.18343563780632638,0.95823135479415333,3.2977976102599764,9.9280334086943611,-0.57966529770191633,,0.4776888043331405,0.5,True,5
-0.51325750599293418,0.84262335161571433,-0.16294974640610654,-0.85664888762613345,-0.51452687845695821,0.037613490588454916,-0.052148018858076933,0.15889612536887074,0.98591713925255331,13.877743714314999,2.3356357349594936,1.8499216811604744,0.3562294304019237,0.3277220479680046,0.5897435897435898,True,5
0.5903046242612443,-0.76519956882299922,-0.25692425041028694,0.80267354855990047,0.59006791594488806,0.086804544896648406,0.085179956668508541,-0.25746742404730172,0.96252527267412491,-23.408610546163278,5.669838081566545,-6.2693028513890168,0.2239046656225325,0.1885673839911096,0.6235294117647059,True,2
-0.77270683676959606,-0.58724338627785511,-0.24097582800447315,0.59896599587354504,-0.80023140138403193,0.029486268433955597,-0.21015204066755105,-0.12155208559241042,0.97008309452922525,14.048981280440783,-7.5981236337740405,2.0510093131203848,,0.1065354199186861,0.1666666666666667,False,5
0.10881819093369922,0.97521774668366612,-0.19263682896878864,-0.99055672466936984,0.12263789384651615,0.061296999968849041,0.083402497170093515,0.18414747770774373,0.97935373074271226,-19.666662058681627,9.9732983214402697,-5.512185838508679,,0.2922315555178481,0.6379310344827587,False,2
-0.79452335857570955,0.59726273034617794,-0.1095895232994656,-0.58950984631073944,-0.80195249480036945,-0.096697141561436856,-0.14563919039964435,-0.012224034640528611,0.98926224996046619,5.5676783473485516,-12.039261334853661,0.39114662360363639,,0.2703930016573767,0.5555555555555556,False,5
-0.48545260854405137,0.85377041617800931,-0.18818034253610549,-0.87190243823096991,-0.48860028629010627,0.032494590997841036,-0.064202048757550451,0.17984948344784335,0.98159679106997799,-13.16689385578581,14.139213344821199,-4.2234784189577717,,0.1362250441727699,0.5384615384615384,False,4
0.78808874786107086,-0.56974127327939539,-0.23304722057287858,0.60378819302935138,0.78916617516072451,0.11250140417143251,0.11981629043298447,-0.22937225094628744,0.9659360367243337,-7.971478745368799,7.0353593888212318,-2.9954201987009808,,0.1114467135578417,0.4675324675324675,False,4
0.82994798152638105,0.54018293232754344,-0.13924348308736959,-0.5263493177944315,0.84098792679532941,0.12528249136184311,0.18477755171454799,-0.030687238496000482,0.98230115024663756,9.0008471374700072,7.9401457910051709,0.6580725488831668,,0.2975658760719572,0.3333333333333333,False,7
-0.11208757366425431,-0.93628263932470457,-0.33288315537020768,0.99012512932762198,-0.13361472367262911,0.042418555984929468,-0.084193848373975672,-0.32484138424322168,0.94201351953086521,-6.4092137853649698,15.72117028383756,-2.8893085199813049,,0.09342369984916217,0.2307692307692308,False,1
0.44258978159802587,0.87853319231640425,-0.17970452198917972,-0.88379210532699171,0.46126968255831069,0.078369601978309583,0.15174254441881221,0.12413585280209355,0.98059394769823149,10.607040848089778,-3.2743162519240943,1.2054447095143608,,0.07551196705309403,0.2333333333333333,False,5
-0.55990078713448332,0.8226694606778594,-0.09862082454626829,-0.82364110623090525,-0.56557042176722216,-0.041778297581124141,-0.090146750872766773,0.057836463325882298,0.99424770898254367,-10.941387615029125,14.147344883591716,-3.7477065139619015,0.5529399719506766,0.1707609457857892,0.2121212121212121,True,2
0.041405786691721777,0.98687464386561352,-0.15608971177998296,-0.99720297917463474,0.050547155503537056,0.055056365624096534,0.062223622151660371,0.15337347347445635,0.98620727967334931,6.5318855057705125,-10.162679966247506,0.51440703559289758,0.2367477332178614,0.1505989055658895,0.75,True,5
0.18743895714443645,0.96319715024105423,-0.19266002987677217,-0.97718941812151028,0.20278147625689691,0.063091314762160081,0.099837259857983668,0.17643957224666512,0.97923521121815449,-10.54328094145167,-3.3573563987244808,-3.2434921799581051,0.2802852481119456,0.272633866358466,0.8794489092996556,True,2
0.37866525262890366,-0.82488817012898852,-0.41972864237830831,0.9252746223852315,0.34812296844977009,0.15058974735216013,0.02189747979461866,-0.44538736580528365,0.89507016192010025,-2.3721321684942556,10.413789092960121,-1.7945083190079973,0.6418498592203137,0.5286006859326313,0.2444444444444444,True,3
-0.97473120044672357,-0.041301536751928228,-0.21952965616886677,0.044565872707143954,-0.9989570337791398,-0.009936178995725499,-0.2188903146910397,-0.019468634392621847,0.9755552277597338,10.469786602911714,-4.7186701309188219,1.2170053074274587,,0.07697330332089077,0.3333333333333333,False,3
0.69090966120267339,0.70208335150306,-0.17240303825350317,-0.69682421799071714,0.71025609732877937,0.099861330999130929,0.19256128707098361,0.051139453942363453,0.97995148194798121,14.864389547687344,5.6439335588584125,1.9970730392349965,,0.07823088805401723,0.4444444444444444,False,3
0.7516889276737766,0.65339074694381449,-0.089689953845742243,-0.63188649393377294,0.75245655668868128,0.1858186994903808,0.1889000126964821,-0.083003988484992103,0.97848205047351344,3.8688074100468515,-11.659550395607177,0.011343479397015587,0.5308011605459221,0.3842798316689769,0.3829787234042553,True,5
0.75488839819624665,0.64715309828291534,-0.10647240793524268,-0.62151821930875684,0.75771737337164502,0.19894593526394977,0.20942447167410375,-0.084007437013629588,0.97420949553493075,1.067110561317693,4.8344623054911819,-1.1046927456301125,,0.3535325181587425,0.3055555555555556,False,4
0.40536751680191174,0.90142553115515212,-0.15201706517199143,-0.89985289348736441,0.42276929010667325,0.10738201630216809,0.16106503780855569,0.093263814656881452,0.98252730978399627,-6.6549062371830923,-17.980488358290838,-2.1535131998989101,,0.1041372857003757,0.3333333333333333,False,5
0.11819453433956897,-0.90947926306027405,-0.39859443312168119,0.99224086005490453,0.092578439783331162,0.082989807354811873,-0.038576258109841777,-0.40531062476898638,0.9133647517611011,6.1466551836287113,-16.292621414943607,0.33739584335778977,0.2830157012391429,0.1566880955834022,0.2666666666666667,True,5
-0.69045105674241936,-0.67848434489307052,-0.25087114616531292,0.69548217357770048,-0.71800749071023495,0.027745080998778766,-0.19895196525521858,-0.1553197895279701,0.96762279763452941,20.052848532319594,0.59123400285050853,3.2627152010515612,,0.5636109476141156,0.5245901639344263,True,5
0.89904728743913254,0.39357664772570411,-0.1918629649341812,-0.38101154301155371,0.91913676639638586,0.10008900414306222,0.21574099990565712,-0.016882743360960156,0.97630466245753178,-26.369308738556306,8.1476228471584786,-6.9249588013884651,0.2112520838963835,0.2716357886207699,0.7380952380952381,True,3
-0.66742067466175248,0.73520737855765594,-0.11840504021548413,-0.73771083731678178,-0.67446606482328131,-0.02963524771567129,-0.10164823431532551,0.067569504335730599,0.99252304685805626,-17.591877310621289,11.059320965728006,-5.1267960342084242,,0.8927482088633809,0.3333333333333333,False,1
0.35079671577039495,-0.90486559646389697,-0.24116367168531083,0.93622094361170161,0.34459695664807366,0.068871490558144025,0.020784824933580658,-0.24994237296809299,0.96803760321981247,12.216842858702696,-7.3687512890744209,1.6236736990391083,0.3768296605633718,0.3814814800960222,0.6346153846153846,True,5
0.9437025308143282,-0.23110351820632219,-0.23667846798408529,0.26892445377380092,0.95262230507035606,0.14209286415899236,0.19262702691236352,-0.19774202324013762,0.96114146760391206,11.062780094921637,8.3973186058039033,1.1391246950246663,,0.08493878044715056,0.2857142857142857,False,5
0.076601605494595729,0.99384514320070905,0.08002515462036508,-0.99532273204069188,0.071482979889249967,0.064983403028825465,0.058863002970490699,-0.084628688531230845,0.99467237418095644,-10.432985781420989,-13.838214680555685,-3.0364306478526255,,0.2061356718863656,0.3142857142857143,False,3
0.76861267759540908,-0.55205709789956436,-0.3232143445120097,0.627339197188164,0.74936075277780945,0.21190562490784978,0.12522014019688457,-0.36563837716381342,0.92229523127580304,14.444023441614206,-2.5304873123682459,2.1102235567886796,,0.3320856364326426,0.3448275862068966,False,3
-0.70229509520293432,-0.57975125892255741,-0.41312235116441132,0.68466243789141534,-0.70901781656216389,-0.1689114618313553,-0.19498447475244074,-0.40147504726337768,0.8948736452876368,-7.467991900112839,15.206554564224273,-3.0790113156442023,,0.1664998058348974,0.8,False,1
-0.92728116920656989,0.31418751645351534,-0.20355794688409973,-0.32736314649447568,-0.94429535349561067,0.033758786764888332,-0.18161223403761756,0.097941257248275154,0.9784807134412481,0.95751157870709369,6.6500078614849834,-1.1582597732341704,0.6096322398801579,0.6136022650996104,0.9186046511627907,True,4
0.23158415567774676,-0.93514024175332433,-0.26810726788462724,0.97281469244000174,0.22244712931482599,0.064411558221005139,-0.00059414803712266873,-0.27573538567461237,0.96123339729484159,-14.783400975639019,10.134382841826353,-4.4970966825944236,0.2537057544872365,0.1925432491066285,0.4390243902439024,True,5
0.80254199287840455,0.59237661170965683,-0.07082583967836964,-0.55975823124684754,0.78873291502154297,0.25410846367844753,0.20639058170895402,-0.16428736610283387,0.96457896987278013,-8.1371113998750602,13.852189229409973,-3.1266292427634585,,0.3184070194011289,0.3333333333333333,False,2
0.61795176452896217,-0.65167345056077586,-0.43983784574517182,0.77493061855096612,0.59929869224308052,0.20080740501273731,0.13273339123128963,-0.46493310412353356,0.87533939448781584,-8.6240395209792897,-8.6039851481916099,-2.7895153189372319,,0.3171288934245384,0.1282051282051282,False,3
0.97069895057273059,0.15859236529183621,-0.18053257054653674,-0.099986300565267583,0.94972463955127784,0.29669150430787111,0.21850923791975355,-0.26994734801500891,0.93775377484891642,4.1781627720693315,5.596753550676441,-0.45413494104659402,,0.07775621249191927,0.2,False,1
-0.94518178900813599,0.25419588583725317,-0.20497765085685446,-0.26428074852866829,-0.96417264812988446,0.022951918336673788,-0.19179956122084113,0.075865382234723472,0.97849750745409292,-0.54183132352172625,-10.236732076705259,-1.0465160345380258,,0.09656735594603996,0.4864864864864865,False,5
0.20978981609562186,0.96184371183613315,-0.17562718201877206,-0.97184881926286093,0.22483215507703389,0.070429926457434372,0.10722921971155158,0.1559075881562739,0.98193417212934686,5.429214136343373,9.3852398981031495,-0.091145920995644433,0.4903132134582621,0.4405442345790883,0.7757009345794392,True,5
-0.96005989505047595,0.22200593898852403,-0.17028905123199528,-0.19742814586962812,-0.96878314475297078,-0.14993780597642997,-0.19826024597520864,-0.11032942262319907,0.97392006518475693,-31.944860896936067,3.9625393623841263,-7.9935506687450957,,0.2524412379750066,0.5483870967741935,False,1
0.95702843740296595,-0.18747625847207366,-0.22124471182686181,0.2356768857155554,0.94736653683089234,0.21668652572889657,0.16897625733059657,-0.2595174317889935,0.95084053713343031,5.5527701388387145,2.4656333323058255,-0.034096216685651937,,0.1693904199634079,0.1,False,5
0.9277287474526339,-0.29507584169863643,-0.22858175516827398,0.32710853928554523,0.93769849914713055,0.11713892702127685,0.17977590126722892,-0.18344419408381488,0.96645168165847561,-5.6654343137114527,-16.3465877499318,-2.0798836779194176,0.3272247903084926,0.1304169822767122,0.1818181818181818,True,5
-0.89348539700357377,-0.32571537303153197,-0.30918172829631652,0.39226980060446137,-0.90122240703970025,-0.18418082577539291,-0.21865097501521324,-0.28584553314771183,0.93299736457526927,-6.7517061485705137,10.732018753010912,-2.7362349095635916,,0.1242412042096299,0.2142857142857143,False,4
-0.26761457648987547,-0.93331974427470143,-0.23936727720629045,0.95643635136520333,-0.28739892409849277,0.051296824601998275,-0.11667023715311464,-0.21521178725626824,0.96957307222746314,-1.9059910889928313,-8.7930638687098934,-1.3570210144641417,0.5687148002737549,0.5425173557590413,0.985781990521327,True,5
-0.26245488664372341,-0.86139940650132996,-0.43486606553741042,0.95665389522671773,-0.29122685035278889,-0.00049636795088596475,-0.12621710353347007,-0.41614658969256418,0.90049500757242973,-13.972742900237003,12.053109823241753,-4.3539493718635729,,0.5100828465406442,0.2142857142857143,False,4
-0.19658096473777364,0.98019435923871812,-0.023977956947264567,-0.97523820479648826,-0.19294284012131152,0.10809026020527485,0.10132308822814391,0.04463270731784777,0.99385187690590537,3.7894953983075097,7.3932685922538059,-0.49631149257369467,,0.3810274604364295,0.24,False,2
-0.10106029945609116,0.98525300599502719,-0.13807001865578358,-0.99410792740946641,-0.094537167635925179,0.053029733141250632,0.039194955485374154,0.14261570079461877,0.98900177823468027,-5.4287203132409312,-18.545852304403709,-1.9073128778599169,,0.1311517880109468,0.2352941176470588,True,5
0.97593762543701601,-0.034223053843786946,-0.21534747233706594,0.062180499427639875,0.99027915789057552,0.12442176231858011,0.20899602088864611,-0.13481829265028253,0.96857869645144223,-21.814337323748322,4.2936135678708673,-5.8619994540566127,,0.07908070404507056,0.35,False,2
-0.69078692317482782,-0.67542418639069024,-0.25809997134662316,0.6975266921549903,-0.71651227854380495,0.0081650736237309993,-0.19044668677078849,-0.1743912931726749,0.96608371084683442,-17.874192264907727,2.008500903465213,-4.8814577505276029,0.3867604715689376,0.3670082039169457,0.8744939271255061,True,5
0.53916560451039997,0.8366000653819291,-0.09695762742501518,-0.82524720297033716,0.54778249242020549,0.13748234427570569,0.16812942901994066,0.0058882595782160652,0.98574734262719133,16.062961031638061,1.1078762955195185,2.3064283035304842,,0.07158484447477395,0.4,False,5
-0.60572142845765109,-0.72563113518948497,-0.32643683424338349,0.7752115131500249,-0.63064013944551922,-0.036607709567583052,-0.17930047681718894,-0.27523166635355639,0.94450985640668317,-24.766665169327041,8.5112206970320852,-6.5527231578648326,,0.2614538261619034,0.1739130434782609,False,1
0.54319530446422204,-0.78714184132276743,-0.29214137476061941,0.83680865921938385,0.53593712357910306,0.11190472476716348,0.068484516961708569,-0.30525255315682576,0.94980563786901218,7.7356507296635293,-16.755676999624296,0.74325371625638559,,0.3365690491267241,0.1428571428571428,False,1
-0.97800243113304808,0.022725659422298955,-0.20735184856101366,-0.027371237406461791,-0.99943389968965601,0.019562604989261295,-0.20678989351679394,0.024807751912425239,0.97807081307253252,-8.8691137014373442,4.062213410725521,-3.1406618957081784,0.9468492927892538,0.8500626928093105,0.9910968660968661,True,5
-0.96134212370288497,0.18280669558648854,-0.20591996805355006,-0.18842711040033802,-0.98205580094124478,0.0078503441853056757,-0.20078980367689248,0.046347771104960744,0.97853734668279058,-6.0380032236967134,13.969977224287248,-2.7121622294132632,,0.1019571106474324,0.2352941176470588,False,4
0.47249889738725709,-0.7915097265132689,-0.38763016498038061,0.88033811101905679,0.44473979029397848,0.16495856818203508,0.041828247097211717,-0.41918834879342576,0.90693523803004594,-10.108004001330279,15.254806076976653,-3.6020309322761701,,0.2709445521747818,0.2083333333333333,False,2
-0.9436257768482974,-0.19452510974120668,-0.26782526943441853,0.24608668690893243,-0.9533976306144063,-0.17456889890533595,-0.22138594308047749,-0.2306359460687078,0.94752061961065526,-19.734764369817498,7.8066080162644491,-5.4737931917470695,,0.429735952253596,0.1428571428571428,False,1
0.87481094426528427,-0.42009688235053527,-0.24129737096172851,0.45399232977570897,0.88472201402432937,0.10563106742600847,0.16910581391101087,-0.20195436945036505,0.96468526285073941,4.2572278764207523,0.27371283123353463,-0.33825062250090926,,0.0742243366998897,0.2222222222222222,False,5
-0.099745394451262209,0.9933551098092569,-0.057414998925379296,-0.99414275519693607,-0.097079308027867697,0.047495160198434742,0.041605751708227792,0.06181612870982453,0.99721999962702479,2.4512403157522873,0.52779263260480513,-0.72380111583519746,,0.3186070550420931,0.4,False,3
-0.38646887707969563,-0.86340996623281185,-0.32429159295087356,0.91356176891976337,-0.40665542074912303,-0.0060218887026988674,-0.12667557545538577,-0.29858767386683865,0.94593799986988514,-7.0253127446462988,4.6596170292777295,-2.7914695734170398,,0.07418919437382382,0.2342342342342342,False,5
0.89632912958071054,0.41709737796773239,-0.15041232914069533,-0.39111204658679444,0.90356722133375489,0.17492182123990835,0.20886708328450243,-0.097959449894535755,0.97302543013869103,-4.1901392930598806,-16.197101912449646,-1.8340712847181011,,0.1249991254524181,0.2857142857142857,False,5
-0.97430790384534027,-0.058111283288444615,-0.21759408829071997,0.06056483506340804,-0.99815358358740625,-0.0046178269089803478,-0.21692397114713186,-0.017677735324109333,0.97602842602844775,-32.454907479544381,-1.090757518041209,-7.7942454879638641,,0.2117147198909679,0.25,False,1
0.95121395767472028,0.25492321302911292,-0.17379920075681796,-0.21030097389673388,0.94788695661239675,0.23934038075964778,0.22575541433790788,-0.19111376963212634,0.95525390339643101,-10.290490457356302,-17.003569454075606,-3.0581843374601108,,0.5270119142305405,0.2,False,3
-0.62826950809105719,0.76506608280671351,-0.14124912085323926,-0.77288278918693221,-0.6345483570998125,0.00075939486264475775,-0.089048410326348693,0.10964611913205435,0.9899737921670605,-3.0578962431526033,-17.086315084509369,-1.5500268323525828,0.6054626243143781,0.2536290859573622,0.7560975609756098,True,4
-0.095549172911446462,0.9880707597228946,-0.12077470487051536,-0.99382946309729969,-0.087825054472219374,0.067747753370010932,0.056332529107706759,0.12650270189831242,0.99036544395326886,-0.68291410808842712,-17.39492037284041,-1.1311234655668834,,0.3201564885308043,0.1818181818181818,False,3
0.97298866509661841,0.10521878487264349,-0.20548008395809572,-0.081262196989958457,0.98922809784449117,0.12175477721771688,0.21607756231008091,-0.10176825509408649,0.97105803602114282,-7.1201449440515558,-19.655694839144768,-2.1528426740851443,,0.1514777858576502,0.3333333333333333,False,3
-0.22240971752359029,-0.89296325067705817,-0.39134454192097712,0.96169632124393012,-0.26690487639683069,0.062465771919390012,-0.16023140533918284,-0.36246161161681001,0.91812171134723553,3.3826488463478821,12.46010883237739,-0.67372959949441202,,0.2482940889068592,0.2857142857142857,False,4
0.95909151704915074,0.21381060485474232,-0.18554915029718674,-0.17738393191600979,0.96468374939628876,0.19473110780955052,0.2206318259507796,-0.15385151576233388,0.96314656645562391,-13.900014308379461,-13.090620056094251,-3.6803875736345857,,0.7466423788634908,0.2941176470588235,False,1
-0.26703078312116452,0.94845982930923589,-0.17064147518230877,-0.96313737039789937,-0.26864598387124711,0.01399075026118253,-0.032572482384962992,0.16808714268660341,0.98523385338443192,11.400364618381355,4.9792362813017821,1.2708964366707327,,0.09464055333591788,0.1333333333333333,False,6
0.84919126727430572,0.50826051744764345,-0.14333679914422653,-0.48235928571427228,0.85702299661740788,0.18122114323150904,0.21495048515943288,-0.08475157622588439,0.97294062473357135,-8.6773070062547681,-16.183598971604273,-2.6768021133984283,,0.2494009546859262,0.1333333333333333,False,1
0.52972234115794392,-0.78654231494054183,-0.31740420300638883,0.84476777601338837,0.52275148324581278,0.1144477670105299,0.075905506305806905,-0.32875838175212579,0.94135874168150302,-9.6551061051501073,-20.274195470749493,-2.6528176456280264,,0.5539617880204617,0.574468085106383,False,3
-0.032942088027664705,-0.91851651411948376,-0.39400790871018143,0.99718917526427553,-0.056749002737918941,0.048921359588694389,-0.067294632565549128,-0.39128884980030387,0.91780415582509944,15.948579144154992,-7.9310999212453561,2.527879206754529,,0.5826298129460696,0.1875,False,1
0.92210033994978602,0.34256921069634894,-0.1799369304711233,-0.29948366351353062,0.92627529880828818,0.22874353784562051,0.24503162725045052,-0.15703632286989194,0.95671265014449325,-8.7788916062496511,-18.144759303578134,-2.5535484429594426,0.6075170990623167,0.3440206559378657,0.3529411764705883,True,4
0.6753959924654126,0.72966367497550555,-0.10691667214658879,-0.71234251186883391,0.68301607742973058,0.16142237687788302,0.19080985075740076,-0.032862735640005997,0.98107677653698167,4.0372958683853666,-10.278198632734657,-0.035289665151817674,,0.09732294092503721,0.2307692307692308,False,2
-0.51680126796604153,0.85190328775306134,-0.084718579687193388,-0.85388069562454816,-0.52005767110615042,-0.020682755217420488,-0.061678254421054977,0.061650685634230359,0.99619023579454946,-2.40176499634536,-19.323355427449357,-1.3866132527469512,,0.136756622031728,0.6,False,1
-0.95389690243445735,0.22978223537798886,-0.19308242755529154,-0.23123419749615692,-0.9727778589470788,-0.015296504523832272,-0.19134117548049651,0.030055971902999405,0.98106329720294305,6.7786546183561835,8.845300673569934,0.21227726603132255,,0.09824519351956085,0.2083333333333333,False,4
0.96070453274787682,-0.14835732557423137,-0.2345994558948214,0.19390575610948907,0.9634605588331151,0.18478178838995324,0.19861359093801237,-0.22301088655364704,0.95436826538462871,9.4874198065057982,1.5737323463222428,0.83650659112438441,,0.341123596463235,0.5405405405405406,False,1
-0.87372921700176209,0.46928278469319312,-0.12794890913208606,-0.46015079384552632,-0.88271096858372389,-0.095302638291480918,-0.15766579299524883,-0.024392907423819235,0.98719120933413551,18.562081693862247,-6.9234235178599342,3.1239550562807561,0.3432412379259912,0.1955775338030604,0.5161290322580645,True,6
-0.77414346938987988,-0.58719655961645223,-0.23643622644510995,0.60294496493816929,-0.79775147729638463,0.0070675120902988012,-0.19276736771744013,-0.13708676393452099,0.97162130539488012,4.7761281476318569,-4.354121603792664,-0.058955700657799939,0.2823272460893618,0.1824332693076204,0.3424657534246575,True,4
-0.28264372674145843,-0.88936844351770972,-0.35935538872902406,0.95178752506920683,-0.30658946811614818,0.01016883291695065,-0.11921841659884309,-0.33915581922642213,0.93314537957840238,-25.568738275424405,5.9424169554003532,-6.7120002477829415,,0.4995927809292104,0.5,False,1
-0.5086838348242696,0.85963023444277509,-0.047713899655501602,-0.85835833677844275,-0.51067084127194129,-0.04935845983773391,-0.066796121679485482,0.015847772918231667,0.99764078015191027,-2.5031984668148395,-20.383926401852122,-1.2992358968979421,,0.3064003696491515,0.375,False,2
0.88919472283635714,0.40706098546045205,-0.20888776650617971,-0.39979307294353977,0.91328981155755906,0.077892354769386621,0.22248200760136994,0.014250411261582302,0.97483264310985207,-6.5521173741281418,-4.2092986322424055,-2.4741684660930821,,0.0795150384783557,0.4966442953020134,False,2
0.20657786925630692,-0.90846148015165362,-0.36335013831591079,0.97758954194695036,0.17624996575946139,0.11512878460984972,-0.040549616637850186,-0.37899035429738326,0.92451178464098982,19.17507273077678,-17.889844985626713,3.5839393240223787,0.8483517557862605,0.5520552901480328,0.3333333333333333,True,3
-0.49464225933574835,-0.83513884788454662,-0.24056629030955182,0.85428857335481634,-0.51809577142548691,0.04204527400818292,-0.15975001945107881,-0.18471566361600927,0.96972163784267407,-24.261860200898518,7.3460804407438456,-6.4782741038287046,,0.0831495994021472,0.5,False,1
0.89967332636290775,0.40065706845149829,-0.17338344595420083,-0.38048093024223834,0.9143444515653093,0.13859468104417058,0.21406113041162494,-0.058720842905955931,0.97505368829378436,-8.532987395920788,7.8388125695448663,-3.1344030229772519,,0.1536541191130988,0.3037974683544304,False,3
0.47766497041400374,-0.77311381173894156,-0.4172903187684488,0.87831631965324641,0.40946828823694964,0.24677148044107175,-0.019915287348290844,-0.48438698891153847,0.87462713558581506,-12.590987989948193,11.447460797029377,-4.0779221378446922,,0.2873271109488867,0.2711864406779661,False,3
0.9226605583855011,-0.27412480890187318,-0.27120671662823403,0.34024506333656701,0.90971035526935085,0.23803438069070487,0.18146842941638974,-0.3119016810795085,0.93262347732883377,13.178306491457091,-4.3181671692404029,1.8049638503765963,,0.3343393840022286,0.2,False,1
-0.74672311139942393,0.64451915223043821,-0.16431572447614853,-0.65345832275906901,-0.75696235586446892,0.00046067452533670589,-0.12408390435051816,0.10771747403402718,0.98640768978595283,0.0061313943408550231,-14.39573896731989,-0.84964541664835258,,0.5485842196473866,0.3125,False,1
0.97491442513156645,-0.055041425922609875,-0.2156671164150766,0.07398671892739106,0.99398258163702657,0.080774951714945309,0.20992338862725038,-0.094705167940289089,0.97312029167655067,7.2225477130494937,-6.5050891578059957,0.50356052437479226,,0.08962717700052376,0.4102564102564102,True,4
-0.22571091655746317,-0.83602326419737905,-0.50011966954674936,0.96821466400772049,-0.24930170511010347,-0.020224347445891216,-0.10777266140913017,-0.48878805381264678,0.86572010020724288,0.056010840053735023,-15.762588454158879,-0.91344799167283408,,0.4430631318956835,0.21875,False,2
-0.41460148010408221,0.90747862330201023,0.067735964932914838,-0.90929197981839138,-0.41018617961160586,-0.070252355786735846,-0.035968154434931947,-0.09071850034873849,0.99522683121036348,-6.1368789544741853,-26.383822954807144,-1.5960581752059912,,0.4309671669095707,0.25,False,1
-0.47128054910337364,0.88011229034852068,-0.05741951248752411,-0.88055891017315147,-0.47321978456442321,-0.026058419205180594,-0.050106384338673773,0.03828043722690444,0.99800999913539068,-10.590026153238352,3.285906535822368,-3.4815112708997966,1.139193238519157,0.7713363356501546,0.3843683083511777,True,1
0.63742912830730458,-0.72555227214789586,-0.25934148678222707,0.76482107013452749,0.63662821810557402,0.098758506418423653,0.093449649885199715,-0.26130138211028942,0.96072303534556025,22.190707398875876,-8.5390910649507603,4.0700622008632727,,0.1717654322109775,0.6842105263157895,False,1
0.41626964952504825,0.9061231132143206,0.075236178684735616,-0.89757220539149529,0.39630388879552925,0.19315114246151532,0.14520232433725497,-0.1479328612051044,0.97828020197831389,-8.162503721441281,5.6485733588400224,-3.0908266267406561,,0.3020168163641561,0.1458333333333333,False,1
-0.11632851895892192,-0.89494632409720687,-0.43074209529801177,0.98917615621121602,-0.1434444997489093,0.030890248865770881,-0.089432699053689835,-0.42248639324442477,0.90194625109442628,6.9736274816526578,-14.345679362947395,0.62164411596130553,,0.2549482144563031,0.3529411764705883,False,3
0.12758603992709569,0.98616056055959767,-0.1058732790297111,-0.98796417380000334,0.1357754271447828,0.074106846318878414,0.087456238790606836,0.095144007590774141,0.9916143525162231,-3.4743735002472409,11.044570910134537,-2.0970991274901833,,0.7834881270251755,0.6851851851851852,False,1
