axis_00,axis_01,axis_02,axis_10,axis_11,axis_12,axis_20,axis_21,axis_22,location_x,location_y,location_z,dbh,dbh_approximation,score,reconstructed,number_clusters
0.27249680571479512,-0.94888997016916998,-0.15922724448907946,0.95825249231820087,0.25275578602786281,0.13366627695643327,-0.086588982215925994,-0.18900353737903705,0.97815132316887521,-15.944672332186803,-13.993409208821896,-1.1029508388380631,,0.07276138957039245,0.3214285714285715,False,3
0.85070866157310598,-0.43988101212712072,-0.28774896749513057,0.52289060002320265,0.76408954431757059,0.37782613550671895,0.053667434556431699,-0.47188119631384595,0.8800272399383694,-7.5984681279663953,-21.466139769242677,0.97321024608770923,,0.2357627014103117,0.2727272727272727,False,2
-0.69596700640746856,0.71074560668299769,-0.10232599167877618,-0.7180708001523487,-0.68927082440555953,0.096333050360956962,-0.002062028320124365,0.14052193139897648,0.99007541876117167,-14.639602149902917,9.6573065550269366,-4.3935247182365886,,0.1270622347011167,0.5405405405405406,True,5
-0.52366012591517896,0.84780734476457187,0.083682606853183517,-0.85025244940621103,-0.52625946782914235,0.011033802559661701,0.053393302999875034,-0.065373379011900629,0.9964313706981176,-5.0421260117908622,-24.992770652314768,1.8818293522577045,,0.4307137064231387,0.25,False,3
0.52328525530257597,0.85124026202045944,-0.039529203106798153,-0.83528668506330883,0.52155781891140507,0.17399308977177153,0.16872668828275961,-0.058029801375833703,0.98395317307960073,2.0147672001562351,-9.7360079911465824,0.50058157168252126,,0.09837125002427563,0.1621621621621622,False,5
-0.48917039219956743,0.86939672550645508,0.069725612754393707,-0.87064065885530251,-0.49149977927026872,0.020317729333823947,0.051934290630821695,-0.05076712180074365,0.99735927769322053,15.275062419632636,11.864635418154728,-0.80235311929404007,,0.3819517869595419,0.3076923076923077,False,4
-0.96595680973804088,0.22738071951884634,-0.12339145072410879,-0.23961510675088823,-0.96617143292252627,0.095380096567336842,-0.097529699771243344,0.12169950943009517,0.98776373038647625,10.411913546144596,-4.6843663524939441,0.77309721596387637,0.2308536534992511,0.2209366453215832,0.7555555555555555,True,5
0.20919493308280246,-0.8787204476935162,-0.42905460582283539,0.9731560141439437,0.14402800561598558,0.17950851159138587,-0.095941920493363503,-0.45508934112280475,0.88526201742108945,4.0381836441096182,7.6924738728801128,-1.7414207050805035,,0.5666608724073141,0.2608695652173913,False,1
-0.9886003952931165,-0.052980309664408302,-0.14093383275196439,0.048247038963486991,-0.99815748070876953,0.036794930851678717,-0.14262356627693418,0.029575843064694841,0.98933502305814647,-17.136238793455362,-7.0272536481133319,-2.2791319992942998,,0.285368476390917,0.4375,False,1
0.90573371758454868,-0.37167470499689936,-0.20372615565003632,0.42132813148769327,0.84185040621686991,0.33729882770265052,0.046141504608801676,-0.39133848164723228,0.91908930705045055,-3.0311119922094858,-10.018837607650122,-0.080074554511407964,,0.6124769839435609,0.4676616915422885,False,3
0.80466167518103127,0.58494915337886577,-0.10175498246378252,-0.56367407974794626,0.80646104348347158,0.17858364192684648,0.18652377948980775,-0.086342766372744698,0.97864896994782524,-3.3347226883975796,11.773781598836333,-3.1901966469541803,,0.07251779287241614,0.2272727272727273,False,5
0.042009436052047655,-0.96918621310814335,-0.24272060399497278,0.99160890721598882,0.010717738051573774,0.12882897663557519,-0.12225785215069276,-0.24609594554188274,0.96150392780026928,1.7824868856767015,-6.746919980519186,-0.010570793874925152,,0.07875220852704662,0.1842105263157895,False,4
-0.8759293161643471,0.46838401059401735,-0.1156038567856693,-0.47928276638673284,-0.87221252505701896,0.097638829255264126,-0.055098665397073587,0.14093164922586232,0.98848490495198704,-15.364898184709661,7.7232801003495419,-4.2052973013010577,,0.07943699924027707,0.3043478260869565,False,3
-0.2772874114695435,0.96063529036300876,0.017074259857935203,-0.95706473651163471,-0.27773231219974859,0.083017184281901801,0.084491310597207894,0.0066784481249527045,0.99640183498637114,1.2149840275885213,-4.2453177448908086,-0.48141493380491523,,0.09235678089967364,0.3414634146341464,False,3
0.26349675395613914,-0.94678048184654695,-0.18486800655872662,0.96032587690547933,0.23930444790093691,0.14320471835993859,-0.091343696007438913,-0.21526750894932406,0.97227374169544079,-10.476359253077522,-12.100539030026045,-0.7232663833435945,0.556088755646125,0.5082903070620678,0.6299559471365639,True,5
0.74757080550421429,0.65738318820689345,-0.094790477479125307,-0.63790136086156346,0.75038995629749083,0.17319574850098279,0.18498579558643449,-0.069009110636133561,0.98031525443627798,-32.718940937671135,3.7614552949387541,-5.8185528005870459,0.5379560392394098,0.304939350423217,0.7391304347826086,True,1
-0.53970997472807136,-0.81418553756869549,-0.2140445131111709,0.823866966153737,-0.56309607545635287,0.064544805261845833,-0.17307907227524899,-0.14150872842205514,0.9746891373769957,-17.975401686302309,-15.14275363154095,-1.1586087709096826,0.3303017162461139,0.3789207861911922,0.78125,True,5
0.98081707238431914,-0.10584496135631036,-0.16369091201082175,0.15730989048330118,0.9256923505665805,0.34401638109056876,0.1151150245432159,-0.36316733919503391,0.92458532049044273,2.5025490826317105,11.650705997655736,-2.4558509196742917,,0.2650658298688675,0.2173913043478261,False,4
0.46384993565216004,0.87636882984488285,-0.12969545586410405,-0.86837874918521796,0.47875340341920003,0.12928080552831131,0.17538980916519453,0.052657884412910722,0.98308980365486109,3.6465990499269738,8.7011947642486405,-1.9211414820202943,,0.06850318757962096,0.2352941176470588,False,1
0.78902994644038016,-0.5896109373053724,-0.17259978629816136,0.61433121206735664,0.75476329229107664,0.2300641964534848,-0.0053763835562100071,-0.2875609765246584,0.95774724185457294,11.899289047661654,13.624175700616647,-1.4937138953489413,,0.1483656187014829,0.3333333333333333,False,4
-0.79809636868023115,-0.57123124720898388,-0.19166911204337647,0.57977112233083639,-0.81466230657405247,0.013812022251879205,-0.16403545961367683,-0.10010089140218785,0.98136240988220891,14.056418983987358,0.48342012263240586,0.50431088688422843,,0.4623096289053242,0.7746478873239436,False,7
0.15909414108255432,0.98086555770616346,-0.1122132433315368,-0.97651257317454443,0.17306996125905069,0.12833543135791656,0.14530054612848525,0.089160227767593359,0.98536196652762931,-4.6022567955466247,-8.3833728401170156,-0.5189116429642745,,0.0678602997941383,0.2916666666666667,False,5
0.97475788488659965,-0.13490735053822214,-0.17789624116928138,0.17124888741023139,0.96301371869258623,0.20803460330107071,0.14325112359824535,-0.2332479032716763,0.96180794923269708,-2.8295349693226144,7.1571112315141194,-2.558019204866905,,0.1296530785982888,0.1230769230769231,False,2
0.94238021310984477,-0.29776014885093538,-0.15250713981749786,0.32719770326957698,0.9153531009381074,0.23467075569424078,0.06972228420066956,-0.27104906264228434,0.96003708716204372,-7.5454688529567671,15.437049282194424,-4.327385627619786,,0.09667498910864443,0.1666666666666667,False,3
0.96281631482129515,0.23824192611922132,-0.1273794667634616,-0.21365706061491829,0.96005718680437468,0.18066781261382156,0.16533422018243377,-0.14673439509628716,0.97526079226655715,-19.937511108231647,-1.0036002672341207,-3.5391347512445606,0.6364841606617773,0.2228204558806223,0.56,True,3
0.04683240076980686,0.98059806501566649,0.19035272818025495,-0.98998336809276866,0.020154827438453753,0.13973801855838364,0.13319030421856246,-0.19499030185744104,0.97171967410550564,0.85038989487646233,9.6491306603267795,-2.3682837120428726,,0.3915977069021484,0.275,False,3
-0.81213664840607702,-0.55750309427838107,-0.17211729775294105,0.55117323818541974,-0.82982562337327359,0.087163617991433906,-0.19142133063988082,-0.024077679771701839,0.98121258629966079,5.6316596649351363,-10.655495399484563,1.0915829542735049,0.5459424161473119,0.358301285596751,0.7523809523809524,True,5
0.89952423580151597,0.43335193270403505,-0.055337614941157645,-0.39456719756887199,0.86025375269956039,0.32292446108799178,0.1875443302484644,-0.26864397143431429,0.94480555714054404,14.972264509611817,3.4693517226211976,0.20793685096103781,,0.3681357560946113,0.4210526315789473,False,5
0.91424389267601724,-0.37463687046764316,-0.15428972743126071,0.40143383428122109,0.88913262829396789,0.21975906351579103,0.054854183057260822,-0.26285049855244857,0.96327599057167901,3.1061540595257271,-14.089871601283344,1.3719459899303701,,0.3552235319295979,0.4693877551020408,False,5
-0.91157150281810539,0.40748934308253332,-0.05467934275488906,-0.40778860274430073,-0.91305615826152819,-0.0060751405375005924,-0.052400865658804544,0.016759687791392357,0.9984854841926063,20.126612342436996,-6.5933271918994869,2.349512296975357,0.5230597968859887,0.443707730965101,0.3225806451612903,True,5
-0.98879949401130995,-0.048369002339035919,-0.14119490166328444,0.045397393015134992,-0.99867599171709032,0.024193806548704705,-0.14217818872952209,0.017512943231025237,0.9896861419000369,-18.265738506337836,-21.489007451416107,-0.30024584716845404,,0.1605160645720133,0.3928571428571428,False,2
-0.85782842807261239,0.51366847369248381,-0.016585750658453455,-0.51208346660710546,-0.85702857800941723,-0.057206115956294795,-0.043599440571178344,-0.040579743833466075,0.99822461058235301,-11.780381352476583,-1.481901041789998,-2.4768880481513356,,0.4838889286345626,0.3680297397769517,False,2
0.93744315169667658,-0.29922457700044081,-0.17794659270665941,0.33626839606764741,0.91059250984151663,0.24030157474852265,0.090132697413836643,-0.28510688090510078,0.95424848090917658,-1.2309575673112743,-27.786838370771115,2.8693808390435778,,0.2595998346112468,0.3571428571428572,False,7
0.1157268315157286,0.99059349918384809,-0.07301931143217677,-0.98275177168264571,0.12486580895289365,0.13640925558465625,0.14424373720183059,0.055973646738787117,0.98795784077500504,-0.89297026016348369,17.122607984220377,-3.6406078448588923,,0.131480042533218,0.2857142857142857,False,5
0.89430927241042568,0.43275077971385129,-0.1137439578078198,-0.41055190529123647,0.89469180019346806,0.1759935104721356,0.17792711525360283,-0.11069482970592588,0.97779782999038511,-5.600988676707062,5.3955780957926658,-2.6403224078065746,,0.09125503418361718,0.1812080536912752,False,5
0.77118956888751944,-0.60549053122707719,-0.19659060362446801,0.63495166654114044,0.75383654249941223,0.16901730192249331,0.045858804996523644,-0.25516991160182423,0.96580810009929352,-13.467201812558057,-6.5858911873973636,-1.9060947062447688,0.4784220374175154,0.3360609677323731,0.9164086687306502,True,4
0.86360288428534415,0.49424547857492379,-0.099556341647727031,-0.46705885802198199,0.85863765793522595,0.21118095444123719,0.18985805591872204,-0.13587781012275063,0.97236368675460583,-6.059548315469284,7.9535852939817806,-3.0516792390111895,,0.0975501340444721,0.4285714285714285,False,6
0.12118454454901739,-0.97517198355205792,-0.1853480743293307,0.98668475988335869,0.097934265922782149,0.12985401099728849,-0.10847806587677238,-0.19861641939504818,0.97405545384763614,-14.282739544057204,-16.322474160703667,-0.58099801369567017,,0.07579094525907491,0.2173913043478261,False,2
0.47604198162345684,0.87410568685482226,-0.096557133035691509,-0.86165154415467593,0.48556348260424431,0.14759647969074499,0.17589954004452416,0.012936482106723532,0.9843231172957525,0.11831818871685977,-5.743391323540993,-0.35743581769101412,,0.08535317675975587,0.3050847457627119,False,5
0.99040284050741234,-0.02285850509345622,-0.13630738153064509,0.043889245191976296,0.98719743461602527,0.15334588107939678,0.13105703976256677,-0.15785662429062122,0.97872638592011107,-3.8102586884797356,-1.5064121468699065,-1.4960332859151508,,0.09950559502639689,0.6067615658362989,False,5
0.49957899485449109,-0.82546400049446866,-0.2627356309826373,0.86549037410403828,0.46276852928493273,0.19175948643212509,-0.036704771262442856,-0.32319417103519787,0.9456205833078315,19.990194035990957,9.0763254123204202,0.2323444695396624,,0.2378905340557352,0.4772727272727273,False,5
0.63693695142457907,-0.75681991488001388,-0.14674786659768238,0.77083049563190487,0.62238814493272498,0.13584308613644239,-0.011474620422254223,-0.19964121189826833,0.97980187772730631,-1.7049345388936497,7.0919247547280788,-2.3464515825314858,0.1434579188797589,0.0929197536291324,0.4915254237288136,True,5
0.40334564900683656,-0.82637091984108269,-0.39296741629333187,0.91298337970773846,0.33460559355699271,0.23345330397706587,-0.06142992597007968,-0.45293509424792383,0.88942462558326718,-14.953715836674085,6.2780188885634152,-3.9325736837861038,,0.5007898605536308,0.4655172413793103,False,1
-0.88945381417890634,0.45425514111297083,-0.05024121032611463,-0.45455376554159616,-0.8906992677347928,-0.0059740010597430643,-0.047463529941982621,0.017523733310605402,0.9987192458825993,5.7875327093939433,-11.469492893541402,1.2763382399564001,0.4661933728111637,0.5027340648793509,0.7358490566037735,True,3
0.7530288283670411,-0.57604467225433187,-0.31799389807912937,0.65559118101710301,0.69805744643575407,0.28795139320411983,0.056105142551823056,-0.42530969544908437,0.90330718802423238,-7.0832702463778352,7.7335160428119041,-3.1523216804172765,0.6012406575978705,0.2622042294047834,0.1590909090909091,True,3
0.6904624959831227,0.71907642574117692,-0.078680592168907049,-0.69931645775755036,0.69135936116164309,0.18160045606660144,0.18498117079905482,-0.070365671157592527,0.98021968903524526,-20.579141860525301,-8.0296621705850733,-2.5446600829203874,,0.1591190499979146,0.4,False,1
-0.96651295000146964,0.22835262057895134,-0.1170803064318833,-0.23747836990169055,-0.96880452623239455,0.070864756970323323,-0.097245777843020395,0.09629574562955838,0.99059092872151566,-9.9504988738155262,11.137937809983322,-3.979177670818749,0.8131485179996667,0.9171592851111582,0.6217616580310881,True,3
-0.41222768177389552,0.90852030711727172,0.06825825909630881,-0.90708103516899075,-0.41627704393022857,0.062589282896226339,0.085277980839564366,-0.036114737327710991,0.99570246144703201,13.637640197744929,-17.641320405405747,3.2338907987544157,,0.3729814708642376,0.3611111111111111,False,5
-0.013151008246026901,0.99358060763615863,-0.11235936592681507,-0.99199061255349796,0.0011534290562890737,0.12630635062081885,0.12562513915554505,0.11312049209040381,0.9856074668352387,-4.7388168610637349,11.007632144762859,-3.3013241168512604,,0.07024895113158394,0.34,False,5
-0.47938248786065923,0.87561733398604757,-0.059048410272362115,-0.87641261439219453,-0.474137950321323,0.084226678667362859,0.045753247608945391,0.092127566386304482,0.99469550710002386,10.373534008765914,-8.6236831029765284,1.3602250849953073,0.4583452912005203,0.3129897460492845,0.48,True,4
-0.96587114015641518,0.25705474931583516,-0.031871562043910187,-0.25370807554366381,-0.96366143727543652,-0.083599322438460674,-0.052202998159839947,-0.072660100209208947,0.99598963690427555,-23.755357704468302,-12.216553417262444,-2.2900501120744536,0.7976249865897356,0.3266462434669623,0.6964285714285714,True,3
-0.97298541392057603,0.20575363541820235,-0.10471306418016103,-0.20970817913852166,-0.97735865106501318,0.028152207565009968,-0.096549800104457767,0.049350873351655944,0.99410393189003021,-9.3839143030385177,3.2649566989770125,-2.8403007863694043,,0.1160120491254865,0.1751412429378531,False,5
0.63768483692599032,-0.69044218388410949,-0.3415371714294263,0.77018855797074037,0.56404407365743381,0.29776478660660644,-0.012947352069960269,-0.4529281109461718,0.89145302309718355,1.2238997345906502,3.6846239103318137,-1.5644370773203853,,0.2316810702178001,0.5138888888888888,False,5
-0.62719658870679929,-0.75531512477261564,-0.19006183573848723,0.75684625331678179,-0.6486521729557948,0.080212887743037309,-0.18387003006174102,-0.093538338714429181,0.97848985239277819,4.097067469945709,-15.61802740652621,1.6829614941587594,0.6158137495241638,0.5738917265841315,0.8980582524271845,True,5
-0.19250459883865539,0.97446537614716322,0.11558204928247784,-0.97632464669090735,-0.20203730036439821,0.077272980564634552,0.098651729279545644,-0.09797019930486392,0.99028767353649405,-20.907639365414408,-10.802150978249978,-2.1235550998189856,,0.7474108842756608,0.581081081081081,False,1
-0.47403332171124812,-0.85298153018863709,-0.2184374488599678,0.86227473124328979,-0.49992889840000343,0.080952976497908669,-0.17825458694438173,-0.14997868415748244,0.97248737602689628,19.975131876600564,11.022750301508712,-0.044665269326668477,0.247408552389033,0.1643032622606582,0.3684210526315789,True,5
0.9562748168659454,-0.23973868889260999,-0.16752264227875299,0.28456733774438664,0.89493181786376463,0.34368367965926133,0.067527068032566487,-0.37632752015114435,0.92402256068767896,14.962073085121435,8.6501329249887533,-0.44125682690092488,,0.3768378696103888,0.2222222222222222,False,4
-0.97663449381603273,0.17327594139203445,-0.12712400883942676,-0.1805337793244329,-0.98240184876317449,0.047897411929400557,-0.11658739216373004,0.069728442413422409,0.99072969285626034,9.0079092723482947,-9.2305458202335924,1.2606621167889762,0.4872471502716265,0.2787796425141714,0.8080808080808081,True,4
-0.27642850526430396,0.9584660725667481,-0.07021445161657841,-0.95730095250212988,-0.26818485827487565,0.10794335612070381,0.084629591845044622,0.097054981997623829,0.99167442371656589,2.720231600242967,-22.545781847619953,2.5350478579891296,,0.1593043438237747,0.2857142857142857,False,1
-0.034898204166054922,0.99764261168766333,-0.059087517218118474,-0.9932918894142625,-0.028102675639109065,0.11216711659736253,0.11024217781696641,0.062605582554115149,0.99193104763548512,-11.625831763011345,3.4554324576684299,-3.1471783669745172,0.5761789676080646,0.533493684796691,0.7785087719298246,True,5
-0.72597499982738634,0.68330212671547752,-0.077836387709943375,-0.68771476212722304,-0.72178917095926298,0.077902494428856106,-0.0029505216359457381,0.11008449623832776,0.99391785279772016,-7.902825150157275,5.8696429013861309,-2.9945036808030694,0.3251954555076104,0.1532770834090582,0.2736842105263158,True,6
0.14152406885738306,-0.95240496694775467,-0.26999206815626364,0.98519112548696353,0.10883804956917921,0.13248669830479867,-0.09679557942272235,-0.28474384611299808,0.95370412492816459,-25.875648575808075,10.548379252658481,-5.9929570801836309,,0.5733266280708083,0.9425287356321839,False,2
0.57145350215722013,0.81974581310407757,-0.038179795318771872,-0.80030937461521368,0.5669869876047644,0.1950145143056809,0.1815097787317641,-0.080886079056967375,0.98005695877307908,-23.317573044440064,8.9771008622223256,-5.3520090145774004,,0.07254287896123028,0.3157894736842105,False,1
0.8575256209988269,-0.48956266666915466,-0.15804494529836366,0.51175778973516728,0.84313668994648794,0.16499844457284019,0.052476413520293759,-0.22237112553087129,0.97354882186471836,-7.0877763334281516,3.6385321711977383,-2.6198739925501702,0.6196302547224144,0.537195583504341,0.9936908517350158,True,5
-0.092432201011602155,0.98928953425021859,-0.11297126023523468,-0.98936534170285961,-0.078452744499504845,0.12248015152538033,0.11230542664241776,0.12309095947096106,0.98602033794602006,-11.767670383447181,5.6544480492568887,-3.4759375488073014,0.2567925271773498,0.21607408108584,0.8102981029810298,True,5
-0.18745505349007038,-0.96877182735461731,-0.1623014154129018,0.97072018464431897,-0.20797113808462092,0.12020952062082223,-0.15020960703342248,-0.13501537781965436,0.97939160794193159,2.1615495655947963,-11.792646023685869,0.82865703409261127,0.5845039725284272,0.2800789013774324,0.2068965517241379,True,5
0.30882596837020415,-0.917216940959104,-0.25167360703464192,0.94876809088952563,0.27849090083403349,0.14927132297428072,-0.066825376692160321,-0.28487874854097195,0.9562313881376614,-17.947060386747015,4.5969566194408831,-4.0786553100835272,0.4156800542219761,0.3184917881949503,0.8873239436619719,True,5
-0.23095151369721159,-0.95761031254789175,-0.17217400391144005,0.96096361135014796,-0.25221141104142197,0.11374683204985306,-0.1523493878617479,-0.13918294953917582,0.97847727136389173,-12.598206036781329,-10.828218175408244,-1.1604567758935291,,0.08915130087697219,0.2978723404255319,False,5
-0.98243843191068059,-0.11003949119822903,-0.15068522781520269,0.11118119634074167,-0.99379978561069382,0.00085305356352369244,-0.14984481667754185,-0.015915291294087395,0.98858142528468529,-21.891731391314917,14.194127694087285,-6.0220377608360698,,0.08462801417938826,0.1666666666666667,False,1
-0.61248912186498061,0.79043579240762563,-0.0082664186921678207,-0.79044467245111782,-0.61252650150472032,-0.0029162901148070269,-0.0073685406092748595,0.0047479506439528224,0.99996158004893998,-12.168702061660589,-16.412495594666606,-0.30388913821695196,,0.4678267148934928,0.3863636363636364,False,4
0.58635052931419984,0.80864662553222222,0.047787987908151558,-0.7849333526006369,0.55259677541354646,0.28020784389034681,0.2001816393880424,-0.20181040314587945,0.95874911860925105,-18.894895238247976,-11.149414033129402,-1.8799278953852359,,0.2964127508539078,0.125,False,2
0.42042825124224309,-0.85902291619288085,-0.29209538683941477,0.90521510382819548,0.37517423330317051,0.19957432316479737,-0.061852254273374173,-0.34831583960660795,0.93533436509113965,-10.645672217801943,-7.6497875174836487,-1.4422574576038856,0.2997711605251964,0.1091051258454865,0.265625,True,5
-0.67975803699760173,-0.68116410004199168,-0.27192734314729872,0.71251838308755266,-0.70122159294866293,-0.024613641437987846,-0.17391539580918336,-0.21048455144385708,0.96200295670232316,4.5798772626142989,-11.283433390420734,1.0362650190973224,0.2962912743228827,0.1960113952965558,0.1739130434782609,True,5
-0.44618959846582396,-0.86499880837720577,-0.22954717102791805,0.87259712653214128,-0.47745049875774415,0.10303046153362089,-0.19871863774884435,-0.15433108158110853,0.96782892097170181,13.753474636402789,7.1455330512156365,-0.3850513038160176,,0.6495187209275827,0.9,False,2
-0.37728439631650745,0.92526606277286738,-0.039232606042484741,-0.92343172375442861,-0.37264870335682526,0.091688578625703496,0.070216350375204073,0.070821303061107274,0.99501457636193136,-4.2962116643729971,-16.652318211079873,0.74060555565377906,0.2577642931586625,0.2188525979531445,0.5294117647058824,True,5
0.43206827868275921,-0.88095826648117759,-0.19294956666081642,0.90010369386523259,0.40797715109644467,0.15286590356712429,-0.055949466898999219,-0.23972312550462874,0.96922777521695636,20.710606932336699,3.618360804965,1.0046862983591045,,0.09632339316034047,0.2666666666666667,False,2
-0.0067665288997848256,0.99911379632236452,0.041543183375382264,-0.98795795532000574,-0.013101240619793432,0.15416690959520246,0.15457455355446259,-0.039999743655860287,0.98717107326992903,-14.68517784119652,-20.01917902990634,-0.098795532495104518,0.2196862334650798,0.2470257570775795,0.4,True,4
-0.2204465716161671,-0.91868253952745138,-0.32775860115345895,0.96303607709891181,-0.2583272352885787,0.076344965217749791,-0.15480575980440228,-0.29881337164784544,0.94167178234023219,-5.5999236819523563,16.66680498529859,-4.2495964847190697,0.5944492214057064,0.6778257584210594,0.8368794326241135,True,5
-0.9898507278561014,0.04347058633181853,-0.1352990934438032,-0.059734797005822515,-0.99114693272528298,0.11857281212798203,-0.12894685180112098,0.12545144827076515,0.9836842194207186,-22.596049239920482,-5.5164714786917184,-3.1932404993781858,,0.09441178433711217,0.2,False,1
-0.25950332012973665,0.95746705234407314,0.12615415378494593,-0.95814319236707202,-0.27161017427076584,0.090496056009313139,0.12091174369051133,-0.097389716644811122,0.98787428012352052,-8.8145791628464263,-17.33172523052551,0.21124393096541325,,0.293662480980068,0.2558139534883721,False,4
0.60521289116605415,0.78806086533465891,-0.11259408907404678,-0.77363268343512681,0.61558578917440465,0.15015527725488109,0.18764281890706752,-0.0037694422019785012,0.98223009718603893,4.2025541266485842,13.023630211979519,-2.4129937959709382,0.3770214557096812,0.383887869938719,0.9285714285714286,True,5
-0.58300628945984478,-0.74337540212506159,-0.32786686012109578,0.78762466987245938,-0.616145110024505,-0.0035472244346110848,-0.19937664321219478,-0.26030408162050189,0.94471728005427302,-10.652525639852135,16.065988758914255,-4.8097616035474653,,0.6660065114780814,0.46875,False,2
-0.98538725482536316,0.1203712432047043,-0.12051025614896296,-0.12032109801078233,-0.99270501413519396,-0.0077193448118532404,-0.12056032266552069,0.0068933823482013445,0.99268206888136512,-12.106925663181064,-14.106176530794738,-0.61319351627708907,,0.2754146393960752,0.1176470588235294,False,1
0.79476376920027969,0.59403278397644521,-0.12440097559005928,-0.57795512074081867,0.80333062408695921,0.14362376827504056,0.18525234027139909,-0.04224878655359042,0.9817823641004757,-0.48560717250659524,20.956264204869711,-4.1181700390518063,0.7275222949645821,0.6871724664598362,0.9576271186440678,True,5
-0.69756507219690633,0.71277118428881903,0.07321344752462039,-0.71647207361122589,-0.69506561405644363,-0.059594965320657389,0.0084105758516333923,-0.094026756850667803,0.99553414366860904,-6.0447169513449719,9.9554301685197348,-3.3247539560195762,,0.4270372331069612,0.2222222222222222,False,5
-0.41515200368931432,0.90974748573079878,0.0028854876948877228,-0.9061539229654485,-0.4137897774606627,0.087539065355892343,0.08083242992188025,0.033727322389197373,0.99615690832186632,13.878274610212435,-12.340501556272226,2.4633460669723579,0.3984067182678098,0.3678967435823483,0.4,True,5
0.027773080734681547,-0.97172801668746456,-0.23446389396056522,0.99203334842693014,-0.0020386614538387086,0.12595903885124676,-0.12287591950971566,-0.23609427236619479,0.96392997824557736,-7.9795621619173911,-7.2475678739875047,-1.1333922843511008,,0.07366963381118616,0.3292682926829268,False,5
0.89398344653288131,-0.41533841714562991,-0.16818916899775072,0.44181592365368499,0.87964065607163966,0.17615619714303787,0.074781594869542445,-0.23178937729934568,0.96988731182542509,-19.465542288948395,-5.5246365516479417,-2.7755796016906853,,0.1069172539076438,0.3888888888888889,False,3
-0.89920053424175406,0.41879515951927448,-0.12668470145432156,-0.43207857666824417,-0.89553838722427248,0.10639126182208096,-0.06889486776015627,0.15040482495909416,0.98622101266670248,-1.859346610218515,-11.892276124697927,0.31921201404646704,,0.07731586444858392,0.4,False,5
-0.38850741827461421,-0.90559898027528418,-0.17015426198000022,0.90570265509341752,-0.4092911217701416,0.11037879414485613,-0.16960155218136214,-0.11122618650526403,0.9792160379268553,-15.61970394233462,15.897821799901068,-5.473369256061801,0.5963149955930804,0.5485094607422283,0.9146341463414634,True,5
0.96958975630157185,-0.16515749516949008,-0.18060649563179706,0.2099693903962522,0.94049289582030415,0.26718152632276981,0.12573209443767613,-0.29697830678498816,0.94657029624187816,5.6223760567906993,-6.804982957638491,0.50656684353527104,,0.2729025235175954,0.2272727272727273,False,5
0.45500851551343113,0.88684297704361703,-0.080478474629428365,-0.87396742323018173,0.46206733534038363,0.15058127620602474,0.17072842160185669,0.0018198021467558251,0.9853164437770674,-0.96276508351254431,12.748942623696438,-3.0541835748226749,,0.08974609133786067,0.1333333333333333,False,3
0.11675867386046007,-0.95966639915846164,-0.2557495149645036,0.98714224771340986,0.083831923202870876,0.13609699273468651,-0.10916773725631618,-0.26835165544177308,0.95711535050065744,3.1803847550764104,-7.9396958668813742,0.38508468248254707,,0.1455030699376353,0.3166666666666667,False,5
0.086046545818051434,-0.96853385485116006,-0.23353407451576477,0.98227462429178936,0.043291660296719867,0.18237980869925918,-0.16653094134486521,-0.24508774786983181,0.95509132621906256,-3.2587279030451324,-15.129677517831247,0.64323177620197858,,0.3121359568759605,0.4545454545454545,False,3
-0.36708267729282007,-0.88871229234447613,-0.27466483114400037,0.91790869237578288,-0.39390575200528122,0.047769142740212669,-0.15064508120916598,-0.23458201118794442,0.96035271621134255,0.42994894817957685,-21.597318370638352,2.1343740084918874,0.6627048461061513,0.5754782067111157,0.6875,True,4
0.87751602621870162,-0.41091873891631836,-0.24720722832627978,0.47408237769063211,0.82096800129520209,0.31820974217103759,0.072190878180943052,-0.39643073904124027,0.91522191093236005,18.185998235611223,10.13560690423239,-0.14991892298756004,1.088960438518711,0.5464712378156913,0.2105263157894737,True,5
-0.80833515679506018,-0.53802072524157352,-0.23901458846613632,0.55916535888162122,-0.82865557688169422,-0.025768902375807867,-0.18419656814363555,-0.15447858787999541,0.9706739875832201,8.5275314805913585,3.0807699581898902,-0.56805907909126729,0.4659566245480425,0.3119930319353323,0.18,True,5
0.50058821799622055,-0.83913444877961396,-0.21275528871147259,0.86467510856918905,0.47279773538282921,0.16970344144338848,-0.041813785098097023,-0.26891574570523352,0.96225564643059835,-28.919395575226062,-20.909234512352274,-1.6722203489074494,,0.2630555163369683,0.391304347826087,False,1
-0.49681662890884803,-0.80237411771240919,-0.33070986145695919,0.85174392654263453,-0.52388962562068753,-0.008481967033144272,-0.16644975469307091,-0.28589409821164385,0.94369435929773771,12.331351246289936,5.1520134439843188,-0.3295806117124726,,0.3136321754196211,0.2857142857142857,False,5
-0.69017949827444558,-0.69773221068784408,-0.19189065201382052,0.70077802128164279,-0.71057418454450716,0.063202002717435646,-0.18045061665236978,-0.090852024895229533,0.9793791321659947,-18.136594045735897,-6.1614571605992046,-2.5482372146188439,,0.1969743587188494,0.3333333333333333,False,2
-0.98793978975709873,-0.07072022541023322,-0.13774476952910286,0.072389166252276357,-0.99735091821529598,-0.0071382451910019934,-0.13687505406026387,-0.017023385475056822,0.99044203461028868,10.595358947962017,18.110999270674611,-2.2312922666633841,,0.4278800912584108,0.4285714285714285,False,5
-0.31692289722530359,-0.92781532822355195,-0.19677040917714822,0.93424881366012513,-0.34115360609602852,0.10389115083742695,-0.16352073687752502,-0.15090703681769974,0.97492975893134637,-2.3117188357489664,-2.2681774395656453,-1.2131656054247242,0.4742580591777021,0.4189336299274341,0.9798927613941019,True,5
0.94751578060207131,-0.25416913657314366,-0.19393786511073677,0.29560801309036333,0.92754871103786707,0.22862478266530806,0.12177745319563564,-0.27395517638047007,0.95400147443676964,12.867784172235233,-4.0808580056264097,0.96969392764311291,0.2928049654331568,0.310444824131841,0.7027027027027027,True,6
0.60424032637541181,-0.73073248724914674,-0.31768484392619589,0.79660015278467211,0.54502070046796514,0.26149690752444071,-0.017939469478583173,-0.41107477195771119,0.91142509691951257,-6.4647442762000606,-4.7294268894536877,-1.3152527287961322,0.4268604143776722,0.2182432647937116,0.2666666666666667,True,5
-0.21641009676365816,0.97322971210597564,0.077398950205184808,-0.97133966076412981,-0.22261574036743259,0.083315638191675145,0.098315479174798895,-0.05715032471281753,0.9935129123166192,6.9423410715294516,-20.664613620229115,2.8315516528562235,,0.3248148533821817,0.2307692307692308,False,3
0.96380212032036217,-0.17988616009117292,-0.19679035106840587,0.23297946559400196,0.92711301189052908,0.2935677635483922,0.12963811737875075,-0.32878934379162039,0.93546326808248781,-0.3616690252009675,8.2964031493422166,-2.3523717051651145,0.7427883834008018,0.4539186094813889,0.2336448598130841,True,5
0.59522736905178864,0.79726114185224095,-0.10039447606392043,-0.78155060696593415,0.60342909096954322,0.15827817576296854,0.18676998656868887,-0.015748138433924377,0.98227743955208513,1.461006372155446,17.704357101670144,-3.3833111627659918,,0.08703650973662634,0.3,False,5
-0.65439287282621827,-0.69797540280357029,-0.29086131587999497,0.73398724953214978,-0.67879135867021634,-0.022472403495649412,-0.18174896290894849,-0.2281942779208872,0.95650127339470192,-6.4307302141905858,6.2258701477514276,-2.8371736588254519,,0.2169450289345724,0.1690140845070423,False,5
0.70503858378726703,0.70915677528578502,-0.0041549293029242984,-0.68459479543167412,0.68212484308853105,0.2569740541558857,0.18506907207610368,-0.17833218023596961,0.96640937084300693,-9.9584456741409024,-14.079034909498404,-0.40592039979580219,,0.2473073899310769,0.2631578947368421,False,3
-0.72861261192081472,-0.66441077627846712,-0.16637903147624256,0.65943176446540552,-0.74613914290034511,0.091793940137572583,-0.1851307909667369,-0.04283339581428422,0.98177996029611814,-18.164406063191176,-9.0752055518020569,-2.1028349135899336,,0.06493807839778992,0.3478260869565217,False,1
0.57688958367000887,0.81606589083668868,-0.035140718062765364,-0.7965674826136625,0.57158475792108965,0.19690380939642291,0.18077238145130833,-0.085599803301247654,0.97979284533987676,-13.650855154165207,4.0719924866503394,-3.5062681393120707,,0.8495286617371411,0.6666666666666666,False,2
-0.73544146018353895,-0.65140377354007784,-0.18654485375064805,0.6499654149965276,-0.7560043491091446,0.077475050412698365,-0.19149626093345878,-0.06426933908019837,0.97938686641321626,-8.5138033411784022,-10.513480025925524,-0.68902619849316404,0.2936500287332112,0.1407414565887687,0.2753623188405797,True,5
-0.82754035489437816,0.553876659364963,-0.091638459349755008,-0.56039944181308732,-0.82474853109647661,0.075778137149088265,-0.03360694328361756,0.11406360797780529,0.99290486286361745,-10.34548380857856,-19.938975084658694,0.38317828546421717,,0.1224036974424757,0.4736842105263158,False,4
-0.96749456706285519,-0.18828277467053611,-0.16883086052680282,0.19578490247615141,-0.98022400664461584,-0.028795290586803038,-0.16007040534171352,-0.06091382076293296,0.98522432561006079,10.401533994311768,0.20418886629113125,0.088808638828045808,0.1233518642413229,0.1152930934841072,0.1904761904761905,True,5
0.97556791800871678,-0.16617471762949051,-0.14371221441789858,0.19101550559279573,0.96472355277292965,0.18116716962050378,0.10853715481467896,-0.20419213977510214,0.97289529553739695,-8.7641747092035089,-24.975079638509222,1.3445509499933992,,0.188251815224018,0.4375,False,3
0.98596152088072697,0.092926786025230246,-0.13872451759362692,-0.070710726422279935,0.98502133586432983,0.15726716459860435,0.1512609417906583,-0.14525006138061392,0.97776405495269203,2.4446554498309054,7.4443817419280087,-1.8821671446094024,,0.07267743522018083,0.25,False,5
-0.96006550966297288,-0.21758089272640277,-0.17587715109120816,0.21212124740812119,-0.97598880902651008,0.049501727778319765,-0.18242476134998994,0.010217620828636642,0.98316672374069047,10.481958136553295,8.7930843268420045,-1.0200193177402124,0.1508886354057307,0.1888059157716466,0.3214285714285715,True,5
0.95901140301594234,-0.22962008133684839,-0.16604742434693878,0.26230640765499819,0.94104011540975063,0.21363251085153873,0.10720297285300967,-0.2484313173423634,0.96269902003430663,4.7209236281479878,20.580852898888139,-3.3649237104905727,0.506571009785586,0.3667810451706318,0.8484848484848485,True,5
-0.41078175865142458,-0.86124031545280111,-0.29920472221875544,0.89894406030559093,-0.43736368950520471,0.024750344314640155,-0.15217727557208088,-0.2588013178891384,0.95386789161723262,-4.6795900979629135,8.1954816335094733,-2.9164073619374165,,0.2026095164710295,0.3428571428571429,False,7
-0.12800387580840097,0.99074114363451637,0.045243718766237534,-0.9857913701883807,-0.13210233084325715,0.10375137901683106,0.10876756060583014,-0.031320288880366254,0.99357367983673373,-27.824270562254597,-7.0905995913858177,-3.5472304389641098,,0.1691391084425062,0.3333333333333333,False,1
-0.78940394393257596,-0.58380839428118259,-0.18976082859885185,0.59062347678174965,-0.80657588460082907,0.024479604870777175,-0.1673479070019514,-0.092752903713136922,0.98152512798952285,-14.79102508511219,11.574377740078472,-4.6453892697357428,,0.1623224272371595,0.1176470588235294,False,2
-0.93580602603622731,0.33685578570847124,-0.10390024672257983,-0.34152476548829475,-0.93937876250086871,0.030469248768261528,-0.087337942456012382,0.063997814002241082,0.99412089989622765,12.418451725684969,8.2633447929340704,-0.70920777242563138,,0.1112668919026286,0.4358974358974359,False,5
-0.48467745705414211,0.87454488159681221,-0.016093871390922304,-0.87220999967704915,-0.48183443144520932,0.084174207078139246,0.065859540591259522,0.054834576196860163,0.99632107784911317,-8.2148230675029819,13.262903011875505,-4.0909461375516498,,0.3559391368427798,0.6333333333333333,False,4
0.3981365182905573,0.9148454898951035,-0.067416929788155514,-0.905396753216684,0.40371011596525042,0.13143386752284034,0.14745857746553839,0.0087104469410271695,0.98902987621503513,-17.082106984231327,-0.84930072894037201,-3.1990996334060311,,0.1497697513212422,0.40625,False,4
0.092258065360735372,-0.96086333090110532,-0.26120893687913393,0.99019830023364197,0.060906340858882087,0.12568907612671917,-0.1048607438000552,-0.27024447630398446,0.95706433819095205,24.633379829645268,4.6446719850384124,1.4271137114913117,,0.1699130994699666,0.1818181818181818,False,5
-0.476578111696011,0.87548850085026364,-0.079957415736266108,-0.87838616141716119,-0.47045424244527051,0.084324119895030636,0.036208491864331657,0.11042051731541667,0.99322517813067257,-9.5915728515661414,-4.0796186948515576,-1.8272536222452596,,0.1668274727997008,0.1409395973154362,False,4
0.63529618126135312,-0.75406277693336854,-0.16669760201717632,0.77217237531122895,0.61683508702853063,0.15252638531322379,-0.012189539817186179,-0.225618713439378,0.97413942085566141,-0.47976245645445303,-1.5101029460276769,-1.1113253473472096,0.5698153715021131,0.5500803207380036,0.9808917197452229,True,5
-0.014411543245917039,0.99954781172028251,-0.026390898174647487,-0.99149329532971842,-0.010870885427329356,0.12970300369012649,0.12935746108163282,0.028035619044697979,0.9912016199176098,-0.86699710056067658,-9.8408896186217838,0.17130466797382615,,0.1576362107889118,0.1590909090909091,False,5
-0.98800454320078013,-0.055036540318285532,-0.14428444768723953,0.056725662244406679,-0.99836075328290952,-0.0076161372962386814,-0.143628764032667,-0.015709409096951829,0.98950694419406338,-19.384446638078391,-2.1679265245639323,-3.3235396211057679,,0.0737966158127914,0.3809523809523809,False,1
0.039706164303381523,0.99616269255955225,-0.077995579803061155,-0.99038705567918994,0.049586353666101854,0.12913045137846213,0.13250245454110646,0.072118537718141987,0.98855551996738122,-27.516074060890965,0.00035289926283821327,-4.600974808642607,,0.3399405715318342,0.7878787878787878,False,1
-0.1213586721277167,0.98013362109697344,0.15687624898222538,-0.9867637778497601,-0.13625376215722274,0.087932695976376124,0.10756077083708612,-0.14412840488029685,0.98369593039902048,-3.0179412956086624,-20.133793524351088,1.4004895683493372,,0.4012222370612773,0.375,False,3
-0.98130707704277553,-0.17088942361997966,-0.088505510792241449,0.16852126553756841,-0.98512424867986648,0.033627335971582711,-0.092935480885293839,0.018083682085251782,0.99550789893142444,-13.206174662438869,10.688529996538568,-4.3280356077632565,,0.179941292927685,0.28,False,3
0.95310085657445398,0.27561598368907131,-0.12503834104844372,-0.25033289349157145,0.95010308377449693,0.18611172085155747,0.17009467843874163,-0.14608203085012228,0.97453980966891463,-4.9732561496787264,-15.636831520122726,0.50151968293724214,0.2346707711402988,0.2514574906498769,0.5959595959595959,True,5
-0.56520630608326217,0.82477806281723876,0.016821969538563158,-0.82468509875829676,-0.5654239316991303,0.01379367057443244,0.020888261050936954,-0.0060765580175146522,0.9997633499948515,10.220516460849945,-18.241423061774174,2.8819231115621355,,0.5579810705745301,0.375,False,4
-0.088676512330491786,0.9844716892190184,0.15149907355213035,-0.98921788135233835,-0.10484023478402647,0.10225707008917584,0.11655238896604631,-0.14079779222943758,0.98315386503315183,-16.48680293416411,10.74014581834059,-4.7963499197331396,,0.5709961958601173,0.5111111111111111,False,2
