axis_00,axis_01,axis_02,axis_10,axis_11,axis_12,axis_20,axis_21,axis_22,location_x,location_y,location_z,dbh,dbh_approximation,score,reconstructed,number_clusters
-0.93157941292560231,-0.15290000141636323,-0.32982023433996099,0.20262218681312547,-0.97164430441236871,-0.12186712072610618,-0.301834469244746,-0.18035779791813983,0.93614476332769325,9.8396285958128082,4.5894069752875231,1.9419893867865157,,0.1539821657843949,0.2380952380952381,False,5
-0.57717544829920908,0.75294831264562723,-0.31612867690975044,-0.80248505737831455,-0.59467669611848206,0.048758176525877904,-0.15128197039016011,0.28183056182342736,0.94746255855160932,-5.1662381247259512,-16.561325766899905,-1.8825964501365355,,0.1486527911877053,0.6666666666666666,True,5
-0.91441203661932591,-0.15918237056414392,-0.37217146611108748,0.18516898231201706,-0.98208667436498354,-0.034902894210346869,-0.35994871200662548,-0.10083023820415363,0.92750751360216244,-13.979110764937515,23.084045803856082,-9.8893152637713992,,0.1594559870581559,0.1481481481481481,False,1
-0.87185641692230287,-0.28146760742709459,-0.40080216346805336,0.33446653066950993,-0.93999156878954393,-0.067438790517588484,-0.3577688193978158,-0.19285185136223199,0.91367917525401376,-19.856564026447973,13.021143761751627,-11.224272727777258,,0.2191900819244986,0.4782608695652174,False,3
0.527464294133559,0.79182223035565891,-0.30789442010010215,-0.81167140274682836,0.57671765245560336,0.092662200001377731,0.25094013703906298,0.20103309394398167,0.94689742990575732,-6.3026682709146025,-10.53209046371124,-2.9274850531263756,,0.08623781888743372,0.3823529411764706,False,4
0.92016476442118189,-0.14781784031266942,-0.362555778333498,0.20571351323489651,0.9704077778785406,0.12645432023220288,0.33313474269470378,-0.19094143269110198,0.92334317157360446,-16.650492115869959,14.049041874598347,-10.036248943100905,0.2872362723019597,0.3234571800242407,0.8615384615384616,True,5
0.18110587211858067,-0.87751348369746363,-0.44403913004746459,0.98345267990820573,0.16372147362431491,0.077563557523172483,0.0046356731481020305,-0.45073868815914131,0.89264390746312738,19.070771297638807,2.4583218549584309,5.6227398515881157,0.5054239905465225,0.1952728338739926,0.4,True,5
0.38292270691585634,-0.73815910901899762,-0.55541995850033365,0.9206271466498811,0.3545704193135279,0.16347927880660218,0.076261768793615722,-0.57393461955183378,0.81534237906560492,8.4904298243907892,1.6114537716757367,1.5474003882906793,,0.5088849194559496,0.1538461538461539,False,1
-0.81461692920579398,-0.4411988314955636,-0.3764875160457129,0.46802960331738019,-0.88342427751171071,0.022579555387268115,-0.34256028530741472,-0.15781361471641242,0.92614648622139772,-1.1845881518954249,4.1105744489289453,-2.4774148137468899,,0.09104503042618547,0.2586206896551724,False,5
0.62948115685012263,-0.673711093364039,-0.38712638226923207,0.75507123300358137,0.64794739663735723,0.10015789674969935,0.18336004543270473,-0.35535550350192058,0.91657054276788452,-11.827205626385741,3.832653599005349,-6.8360761594265069,0.165644465234247,0.1376363766837593,0.5237068965517241,True,5
0.61006855730286347,-0.65776714067226172,-0.44176774898383031,0.77317699638073611,0.61609846981549243,0.15039949387771312,0.17324458911627377,-0.43331866350625414,0.88443272677976381,-8.3707274614793725,-16.356158376202188,-3.2669490261532639,,0.3413921751463229,0.2380952380952381,True,1
0.7857032971534762,0.52475359487861029,-0.32757288273624302,-0.52234326652759278,0.84647545456711237,0.10313494426568226,0.33140283757904238,0.090072023833022652,0.93918006248385799,0.67479453518513888,12.825204522332612,-2.7007382970677432,,0.09007881272790273,0.3191489361702128,True,5
0.89166416536988469,-0.21361154047831965,-0.39913046234246036,0.32693118227718643,0.91370729928170469,0.24136067056207472,0.3131309921583425,-0.34570085480630874,0.88455632988302091,-9.1121836539758494,11.322793914985159,-6.4678773706271526,,0.2875710070850508,0.3958333333333333,False,1
-0.35313984654717384,0.89211375416879735,-0.28182494283418957,-0.93336025572718595,-0.35663528784512788,0.040619016390176677,-0.064271936407123531,0.27738839392894266,0.95860565255166419,-10.821817823695678,4.6971247653743813,-6.5908556938656044,,0.1618886065795826,0.5802469135802469,False,5
0.83176719672355914,0.43771263314222963,-0.34142492768151639,-0.43286760259072982,0.89646458287322361,0.094746452605316056,0.3475470746272894,0.068984798627186039,0.9351214511903686,-1.2541379324479429,-3.3768096762484254,-1.7060964121973328,0.3106065633277203,0.2267630104781591,0.8396349413298566,True,5
0.24567443803510255,0.91445057982583766,-0.32159634256677416,-0.9551074590752261,0.28502152432527694,0.080823711187746866,0.16557116933512708,0.28730274577087661,0.943421072563844,-1.0288514197487184,-12.406684035912527,-0.69019473957948885,0.4754186012461066,0.4342955258969116,0.896969696969697,True,5
0.88920649956198938,-0.16944256260859031,-0.42497178625568488,0.30712525072890662,0.90955446596811684,0.27997277332297787,0.33909568192682676,-0.37947317614567616,0.86082183236979604,-2.3861112047989392,-2.915847038877593,-2.1689236676057368,0.5700918394506526,0.2944533629088283,0.2226086956521739,True,4
-0.21767269962129479,-0.83561087848083515,-0.50435409743955151,0.96667616618748187,-0.25591228704079128,0.0067890401842390091,-0.13474340638654336,-0.48606929660907261,0.86347023882083662,-1.9544355246457548,-14.852781838464262,-0.80877672897446318,,0.2476730616972612,0.1363636363636364,False,2
0.19771044475423577,0.95964737647820242,-0.19996872968938342,-0.96915348814540814,0.22198156155036972,0.10707802177500225,0.14714651355254987,0.17262994858993269,0.97393367556480315,-9.8973243440812073,16.597307327555747,-7.5266031006873,,0.5556352715997526,0.2083333333333333,False,1
-0.25695039323312896,-0.8677193218095699,-0.42548757205784515,0.95247337765918383,-0.30191532296931634,0.040516695408661423,-0.16361833719924318,-0.39485480409217888,0.90405681426417095,-5.6526888320601492,-6.2814718130624385,-3.1004685728131998,,0.08974554322350763,0.2028985507246377,False,3
-0.36211420081842322,-0.83571605702144902,-0.41285830208699725,0.91188865423402354,-0.40941616800366698,0.028939309882152271,-0.19321590991659288,-0.36600146640924353,0.91033539903784222,-2.3741338257134164,17.016987760455624,-4.4572987499911747,,0.1004972510616603,0.2926829268292683,False,5
0.075416828774153108,0.9877960269452184,-0.13627659773010412,-0.98874407042988965,0.091789468835534183,0.11815183705988273,0.12921867174439092,0.12583204107910287,0.98359993509072774,-15.180775081637599,11.928334649306812,-9.1380928216867954,0.4712245688357952,0.3492819928675158,0.2702702702702703,True,4
0.91902675188581728,0.17122445650237447,-0.35506621187275927,-0.13219614062140456,0.98244851959503177,0.13160200131584687,0.37136775536253896,-0.074007376936335134,0.92553168418806342,0.56277279089542553,-6.7589846025246141,-0.71634204049957717,0.1660051713111818,0.2002069820350398,0.3068181818181818,True,5
0.22004570154152392,-0.73681330257431465,-0.63928557498400596,0.97543284998245727,0.17326339121590129,0.13605349109621356,0.010518764575769959,-0.65351813625476241,0.75683776410661696,-13.407562237172577,-12.088519466619697,-5.5643983561358841,,0.3706946093391762,0.6470588235294118,False,1
0.87534211407036466,0.33658420473760192,-0.34711274314836305,-0.32758146256163478,0.94087787233163023,0.086250882561775447,0.3556213839475989,0.038208670192262623,0.93384877191188409,0.98797661832087069,-9.3852606925561926,-0.16068062531671048,,0.07561564704007998,0.3043478260869565,False,5
-0.93909748650756941,0.14457204499468609,-0.31176086130433422,-0.095915964377947527,-0.98141805520206049,-0.16618883446505672,-0.32999399784331551,-0.12616467306445256,0.93551399597115947,-12.91188113044462,14.786725179436942,-8.4412312762146726,,0.271166130108844,0.1428571428571428,False,2
0.13208138645061446,0.9319950975933059,-0.33754947106361766,-0.98341208994839402,0.16591547483116914,0.07329881687230326,0.12431881875490625,0.32226882144196373,0.93844959269520345,-1.785635235931323,-6.7907906315969093,-1.5675202237027341,,0.07384375840968349,0.3484848484848485,False,5
-0.66574848830052624,-0.62297877975867311,-0.41070231347773056,0.69017378681395236,-0.7233214297310735,-0.02159289898754424,-0.28361786671585881,-0.29783141080515951,0.91151377192961569,-0.43839596733279484,15.377627419849548,-3.4832214155801613,0.9479839241942939,0.4064563754521975,0.25,True,3
0.9307044139839632,-0.012473492599965483,-0.36555944218844449,0.12350907819313466,0.9514353810529832,0.281986211160133,0.34428883425788032,-0.30759572113884093,0.88704569833939617,-15.550535142456804,18.681680247481161,-10.018614271324829,,0.1990345201993326,0.5,True,4
0.91910524550788941,-0.1434979029293785,-0.36695217608668629,0.20973756725579795,0.96659243476558188,0.14734048301659969,0.33355014699667468,-0.21238506752786557,0.91849707812800518,-11.141728142878172,13.025923250472886,-7.4877642525809245,0.1390995501943557,0.1008555368055878,0.2391304347826087,True,4
0.79180242808856605,-0.4453922205843947,-0.41794100626279101,0.54887826756029412,0.81904528334070004,0.1670253610604191,0.26792081343759444,-0.36164982189993594,0.89298815448284863,-4.3658054442074992,18.277915777465569,-5.4115616311137593,,0.3438407893014535,0.25,False,3
-0.31414592702450894,0.94230019390860642,-0.11568353855979335,-0.94815167444129067,-0.31758644728554569,-0.012134692197281943,-0.048174046831145262,0.10587347666128938,0.99321199557373596,-20.113921059194787,22.333201509596059,-12.402899737012302,,0.2028619837765114,0.1,False,1
-0.63867558493515497,-0.60781090410750716,-0.47186799219247028,0.69852060368992896,-0.71517955441150916,-0.024231615142473253,-0.32274210048953239,-0.34508565574328165,0.88133615991393166,-0.33876844085032937,-8.1856079605455623,-0.92064294764674492,,0.4021775411840882,0.3296703296703297,False,3
-0.13960950853183268,-0.90732244525694705,-0.39657933060165129,0.98159519836040454,-0.17951566757742099,0.065153600437965906,-0.13030752734703155,-0.38018430455134067,0.9156854497530883,0.80186618577999469,10.964142443695433,-2.4240129548890552,,0.07312180953233055,0.3103448275862069,False,5
-0.93874362929259614,0.014872884656175284,-0.34429521600592938,0.042855994945377993,-0.98627456436898731,-0.1594548443165219,-0.3419411676879624,-0.16444233329884561,0.92522157176506914,-0.32222220056180162,6.3594014048048413,-2.3992642306631349,0.7099204763237746,0.6505238512420976,0.2042253521126761,True,5
0.11164027450543365,0.98491626280841194,-0.13219835234926969,-0.99048335638280449,0.12105982247060298,0.065477019724780025,0.080493290633471853,0.1236303952873091,0.98905831755468221,-18.786170911646106,9.9753907164246307,-10.500023367551414,,0.4065689975948616,0.4923076923076923,False,4
-0.86969026473948385,0.35264837948326366,-0.34536641971273568,-0.39261532850856734,-0.91828638739686042,0.051022686539730987,-0.29915221416107746,0.1799700840958019,0.93707989072067599,-6.4965342108135831,6.3170173707191992,-4.9891847455415581,,0.0761735712448511,0.286624203821656,False,5
0.93498592039348538,0.054288404455393784,-0.35050548898360506,-0.0087765654846237821,0.99145536705453519,0.13015078577193598,0.3545762267330434,-0.11861291784812411,0.92747327463130347,-17.056900826600774,16.23504311261884,-10.367521672240173,,0.08721750145481957,0.2608695652173913,False,1
0.48494698278727366,-0.7445614758039113,-0.45875334618313357,0.86641973408013351,0.48036794043187636,0.1362478851276171,0.11892547364644304,-0.46354595301214691,0.8780557392125119,-8.7523332411961636,19.791851386017026,-7.3596013343762152,,0.09967130891931142,0.2,False,1
-0.66167512340290147,0.68059535354016654,-0.31460450697549186,-0.72168034645511603,-0.69190765016736988,0.021006693702088623,-0.20338020702659337,0.24094349623803016,0.94899037034651523,-9.7935231100185138,-10.806933289557151,-4.3204401822117475,0.1853775999476883,0.184741551786171,0.5223880597014925,True,4
-0.8024173005921974,-0.45229001050808032,-0.38930736199683175,0.49536097979369131,-0.86860600978694502,-0.011878529363332446,-0.33278217411418765,-0.20237921374637832,0.92103131240758174,-5.7693367875983572,-2.6665333500717892,-3.5794702347358385,0.7699961486181672,0.5545775817979933,0.667953667953668,True,3
-0.27611653462027513,-0.83752735509396425,-0.47149505700335848,0.94811105859600608,-0.31780358959352423,0.0092897260149030353,-0.15762322125007994,-0.44446463066343145,0.8818197730896995,-4.0997559860618003,-12.22662934011413,-1.8469143468155629,,0.429470654294229,0.1612903225806452,False,4
0.84229401605215359,0.44383467105903462,-0.30586202001662949,-0.41039382024528498,0.89593570066362949,0.16992978720887014,0.34945343441897264,-0.017606960052482773,0.93678828564969563,-4.0133464925302187,13.963347139382732,-4.7232285238344813,1.014221342458419,0.7223536190432968,0.22,True,1
-0.92979135346739816,0.11153955921211492,-0.35078050936166694,-0.13810234154990497,-0.98907510776594598,0.051557486907482776,-0.34119757073533924,0.096381315246000632,0.93503735743324934,-5.1124204419187773,6.10781418570207,-4.4437304721375295,0.1666085548730004,0.1226315890478636,0.6739130434782609,True,5
-0.50047863114919278,-0.74579226451814851,-0.43967606023972189,0.83096179362561384,-0.55632506058743547,-0.0022191207472009311,-0.24294780776441371,-0.36646463014495623,0.89815368259290007,0.97056779270544213,5.1607349765783939,-1.7334849796940037,0.3438281705507807,0.3675633142675768,0.7494949494949495,True,5
0.93791722662374133,0.11796871514210067,-0.32618194041079446,-0.03350234924473916,0.96680108131062159,0.25332442000663069,0.34523740903545297,-0.22666947616371777,0.91073161797433655,-7.99501792304084,6.9699347783871337,-5.722408726697771,0.4343623586209068,0.3804903920147907,0.2994350282485876,True,4
-0.22988559381623194,0.96877552692649715,-0.092879449740217751,-0.97311087354737646,-0.23022492797366839,0.0071909890404542182,-0.014416710429886945,0.092035107256993764,0.99565139355729027,8.3269108793428508,2.8751867157645248,1.4362428538654277,,0.1452776167586832,0.2941176470588235,False,1
0.62237845702160011,0.73423934559106185,-0.27117824326708329,-0.72707656478302829,0.67062120271616787,0.1470607745485899,0.28983568651690028,0.1056398876065745,0.9512284105133465,0.58882323157325689,14.308990758738943,-2.9693212584144417,,0.1240158258864363,0.1333333333333333,False,1
-0.25745058251465042,0.96432305272816943,-0.061646147810647534,-0.9659836574445092,-0.25845443558831599,-0.008768025710217342,-0.024387929657870719,0.057291838002895223,0.99805955442811822,6.0455873558071422,-14.490675427154271,2.3502249102867045,,0.5602390665970644,0.3478260869565217,False,2
-0.83681743414484366,-0.39151218439315572,-0.38269412248287821,0.41046627358215121,-0.91121655093762011,0.034667499894428848,-0.36228996696406468,-0.12807266206746573,0.92322444349580035,-11.791143217935533,28.674272298357131,-9.6299072953165492,,0.4254787333136754,0.5357142857142857,True,3
0.25175370776127542,0.93923156076622383,-0.23337554689618406,-0.94427102473514324,0.29122675414790594,0.15342493120127842,0.21206674061269545,0.1817444715228439,0.96020656350432709,8.3725787872615722,14.519640839892743,0.04198986350918868,0.627809782882795,0.4402628641224844,0.25,True,3
0.15092546976706275,0.97399722558965174,-0.1689701367675768,-0.97528119585746742,0.17461558280646247,0.13541043995197805,0.16139421173765878,0.14435651278976516,0.97627511779864551,-4.9111712354928052,12.056547055630226,-4.8400599540317826,,0.2992601229728288,0.3650793650793651,False,3
0.18180446592127475,-0.89357070793471283,-0.41046135761133096,0.98332419608389365,0.16327709893154016,0.08008816616994302,-0.0045454996473893033,-0.41817697077380639,0.90835420379244092,10.446712183869433,1.2342580079672605,2.4359619881659995,,0.1372381619168561,0.1956521739130435,False,1
0.23550935025647415,-0.87514246052126465,-0.42268311976534118,0.97136480629235533,0.22600879454282019,0.073283271528483268,0.03139679981127845,-0.42783840241625076,0.90330977099748166,-20.365588713516576,16.170574491131092,-11.832833921388366,,0.101804407749293,0.3333333333333333,False,3
0.71778637318290928,0.61665395605860462,-0.32329649077928269,-0.6154604819871855,0.77905415361415831,0.11951159294658054,0.32556277057585609,0.11319242118534478,0.9387205964509211,-8.2838896672449156,11.988288475309336,-6.1361171864818891,,0.08827597726180231,0.1090909090909091,False,3
0.75984432351689424,0.57046081070772059,-0.31178689431379669,-0.56357729624074748,0.8170797269806449,0.12149630002268562,0.32406362829098995,0.083397741000126049,0.94235215371693948,22.976259056776254,1.75944899161702,7.1253552583804334,0.2811817345546637,0.2545942709101537,0.6176470588235294,True,5
0.81708966048174547,-0.37836091540495254,-0.43497988968198742,0.50903394792185275,0.82769247823475822,0.23624055819587397,0.27064538901839791,-0.4144492479997185,0.86889751653204195,-6.6857735263932527,-15.290810561930966,-2.6183910537544279,,0.3190212262419286,0.1428571428571428,True,2
0.92015276771318644,0.18256375001683134,-0.34639480545983226,-0.15441289913764425,0.98214598452352098,0.10745195049058687,0.35982709827036485,-0.045384383482820798,0.93191454387524941,-10.560665528925055,14.01028283889444,-7.4027189511460376,,0.06700732059973899,0.2692307692307692,False,1
-0.16294334601014709,0.9263293234131349,-0.33965195505985396,-0.98656333807960095,-0.1488111728011276,0.067438970979601859,0.011926690582559872,0.3460768981520097,0.93813033988739103,-11.067705513315286,17.583851361728794,-8.1220120140782068,,0.3994746867936939,0.4242424242424243,False,1
0.84258436773955869,0.42930597967514383,-0.32518911275763002,-0.40120185307611073,0.90315744994969949,0.15278643162484068,0.35928909853935781,0.0017310157487377964,0.93322470351746201,20.021695552759045,0.51825461409585749,6.1705189806119423,,0.4577085978613741,0.2777777777777778,False,8
0.10929603977388332,-0.90752078284854132,-0.40553718003127215,0.99352418361843464,0.086993562015677414,0.073087733123604212,-0.031049512960245114,-0.41089919550395232,0.91115189671049701,-0.4647978018540776,16.696646795629984,-3.635524004175422,0.1885767593058381,0.1653546634417911,0.4137931034482759,True,5
0.48137732981264236,-0.72992754482591693,-0.48526451101111878,0.87250302371872335,0.45193869640211143,0.18571453442325211,0.083751656366520377,-0.51279351984865196,0.8544170328692513,13.644523719999793,3.1941271894185985,3.4906529367679124,,0.3047870262084151,0.5526315789473685,False,6
0.82313362411461599,0.51149541506277107,-0.24662416187734343,-0.46716996904980573,0.85688583053347978,0.21794240856004213,0.32280529250608947,-0.064180322535123041,0.94428683636347821,-10.645015914033964,19.276094854697291,-8.1309146087152318,,0.703581637914518,0.4153846153846154,False,3
-0.76490555628956447,-0.52472894886824228,-0.37360275718599933,0.55497807775339536,-0.83127639568861644,0.031287172836295674,-0.32698443872835548,-0.18340960768337997,0.92706099725904267,20.036677370960053,-0.59982730738100831,6.2950782799630565,,0.08939031882340556,0.1428571428571428,False,5
0.68084047361822009,-0.60272274078874077,-0.41615087074212265,0.70324291475244138,0.69674104111661528,0.14142603888331925,0.20470870116780326,-0.38894372261272453,0.89822999744294219,-8.7745952161807264,-4.5103015557309538,-4.6594696313007766,0.2739002749546462,0.142345146909045,0.6194029850746269,True,4
-0.92732965990738425,-0.088418243665956714,-0.36365081609021971,0.1190194639045621,-0.99091820063681868,-0.062573851236439076,-0.35481554231449042,-0.10130811336569684,0.92943132995308342,6.3790520416465233,-11.765291568316341,2.1044955807636572,0.4851978083694127,0.2310162323273043,0.5535714285714286,True,4
-0.92724339893833896,-0.12659927979636132,-0.35240928120626946,0.16156022091645408,-0.98426916778298956,-0.071501750812183573,-0.33781351977489499,-0.12323484777782494,0.93311049621707387,-0.36183521249761974,24.580934328400758,-4.6173759876592699,,0.179851988739353,0.4666666666666667,False,2
-0.92507424834775731,0.17208826439185373,-0.33856057700569869,-0.1748911918095864,-0.98433152630187271,-0.022461463791305328,-0.33712120382920829,0.03843274107873574,0.94067646847464026,-16.091046391482003,-14.760359128316189,-6.4589646267006042,,0.2373113901745555,0.3333333333333333,False,1
0.23207124787112579,0.93443385268831369,-0.2701412794476557,-0.95962528204303854,0.26532597525600399,0.093388676606277116,0.15894103930502024,0.23756157476437173,0.95828087960686936,8.1562291111545893,-6.1275673362692933,2.1419738459019166,0.6431263584702335,0.4465340834308624,0.8349514563106796,True,5
0.34600453212540278,0.91290117909316004,-0.21654630211342427,-0.92314103353871113,0.3724776451568188,0.095241986830965228,0.16760517875578876,0.16694861804983069,0.97161549132642555,-4.4137844592231614,10.822408782672364,-4.4719491437720764,0.376036311902368,0.185815070831361,0.34375,True,5
-0.88290561087514918,0.38144638361423289,-0.27381807594240959,-0.3767714782936189,-0.92352977265878378,-0.071665976287608096,-0.28021587290805067,0.039892548683161472,0.95910773593478071,-8.3420056812449666,-9.4728444396187328,-3.770270526452514,,0.6006637392127747,0.3957219251336899,False,5
0.78127436870866895,-0.43462574121348047,-0.44800761809761935,0.5500930679614634,0.81861271834731453,0.16513883232227269,0.29497114669000146,-0.37546462208129761,0.87864574214283486,16.627993935902403,9.8026520438163001,3.8919419425983417,,0.351654391568005,0.3333333333333333,False,5
0.86663246165790087,-0.33292348002158462,-0.37163171669151862,0.41981833148483078,0.88906170222650849,0.18254275713759813,0.26963075668413694,-0.3142152862042536,0.91025711146110788,-12.849969462112993,16.098663009938861,-8.7381571117057568,,0.2432386118295358,0.375,False,3
0.45311338804681195,0.83779398177299735,-0.30461369253151516,-0.86423832966359448,0.49662627416209759,0.080339612596472876,0.21858720711198437,0.22685587476814051,0.94908168508836099,-0.58502682857819677,13.901709352591849,-3.2874495691322498,,0.1472862029350316,0.4146341463414634,False,5
0.93058565715456198,-0.074469671290126521,-0.35841959036323928,0.12906418645855031,0.98296336433417553,0.13086428141640072,0.3425679063660288,-0.16803955616097918,0.92434297589867409,-14.488988041695764,16.053874818341551,-9.2536404812321855,,0.07432495521172726,0.2702702702702703,False,3
0.24279869489957412,0.91529149215417072,-0.321388049163713,-0.95500521424220164,0.28370025540883292,0.086482401973873649,0.17033447838083537,0.28592944841543788,0.94299019931469819,-2.3343991598357587,-9.3852471805035016,-1.4232432694352775,,0.08396107339267012,0.3157894736842105,False,5
0.50226608697108288,0.83889967033477708,-0.20970484255486019,-0.83314869391196666,0.5344110034862658,0.14236619397028777,0.23149952853416364,0.10320960451917388,0.96734468821793573,-14.410800936747666,22.202639062380168,-10.081047344895813,0.20068485937716,0.3023069629187242,0.4411764705882353,True,4
-0.81466307100824664,-0.38136174605641138,-0.43690651102978262,0.46904580530545592,-0.87633912399949521,-0.1096620822032551,-0.34105734600030035,-0.29426681497002405,0.89279724929383009,13.083073172564722,-5.3667685977187993,4.1245890255932576,,0.2889738228175442,0.3333333333333333,False,5
0.9310126698369916,0.011663422052428624,-0.36480045667326766,0.12438802597744779,0.92951593173196956,0.34717106971906869,0.34313703909142701,-0.36859747319057368,0.86394031921255632,-15.071990001729739,-12.929523519751054,-6.20367233583955,,0.7825035383163093,0.3939393939393939,False,1
-0.90442022908609632,-0.23583552149690415,-0.35553573100342273,0.23353683354030602,-0.97105895292271638,0.050050547735327758,-0.35704985170116271,-0.037763960980307612,0.93332164158518116,-2.5669552175775343,8.635638036434802,-3.5204171309499106,0.1603591245672085,0.1365504772898651,0.4201680672268908,True,5
0.31936969568310497,-0.80940670702620721,-0.4928121144008874,0.94510319614811134,0.31001173684878308,0.10330862329266609,0.069158846938812552,-0.49875194800320649,0.86398121984977294,-7.3637793693678466,18.717401463110384,-6.7622417565928163,,0.3564123959388943,0.4285714285714285,False,3
-0.66320614594442362,-0.59698425660275767,-0.45140603158353665,0.68604087079768483,-0.72599045659607053,-0.047809837131946212,-0.29917475090103818,-0.34139076481340547,0.89103693196377698,7.062635103936298,2.8151499925576968,0.9644213571156508,0.1338637197081204,0.2313640089019495,0.1578947368421053,True,5
0.8594459362778285,0.39062506092766336,-0.32979500358675207,-0.35964627973076435,0.92045969898099467,0.15299835302262915,0.3633280006981946,-0.012884266648729825,0.93157219772896671,-4.0397143148611496,3.0751844618563395,-3.3924288342657438,0.7108117103928491,0.7341181347573965,0.444985394352483,True,5
0.84952221751388024,0.45140669330861272,-0.2730274696554994,-0.38490287960538977,0.8842782451083474,0.2643894069352643,0.36077939966381034,-0.11951561598505042,0.92496175181135776,-6.6294326715292744,27.850104065886335,-7.602666688687707,,0.511355355826442,0.4705882352941176,False,3
0.022758520548036714,-0.8464240552945792,-0.5320229021021029,0.99620905813798699,-0.025492402780014523,0.08317241059585867,-0.083961671173751612,-0.53189891522655008,0.84263514153786057,-16.231077101786415,7.487490413133929,-9.2072485205598547,,0.2059408658371059,0.1842105263157895,False,5
-0.85461509978226036,-0.35015214112012766,-0.38344035949955296,0.38460380335844685,-0.92296995998252795,-0.014365493798212461,-0.34887382485129664,-0.15974958854043911,0.92345390967540253,-17.719467848630785,12.002405185580105,-10.245369461755001,0.2911064135991495,0.1169136315489551,0.3076923076923077,True,5
0.90080862844686693,-0.21976381983773396,-0.37449656661443792,0.29554061373386847,0.94217427839957812,0.15799802136748931,0.31811878371055435,-0.25300492606382441,0.9136678536743843,-3.8391016506395701,9.217550358407177,-4.1106145127579001,,0.07154965943023965,0.2982456140350877,False,5
-0.14234254469031607,0.95461391642518589,-0.2616311727192579,-0.98973387982246186,-0.13383358363985043,0.050153953201034294,0.01286262425252982,0.26608427698284604,0.96386394809633524,2.89163819569568,15.26749628531322,-2.140477452147509,0.7519065443792652,0.6496292833551811,0.5775862068965517,True,5
-0.95001914949293076,0.12532162736382119,-0.285933742869942,-0.090794740539384938,-0.98721355290741275,-0.13101799894026123,-0.29869705503589467,-0.09850832792616096,0.94925032454146552,6.3316437410233428,5.7130032025373758,0.44685382744916674,,0.3034473922229987,0.1333333333333333,False,2
0.34908104477868118,-0.7754075716211063,-0.5261991277538236,0.93564317169368805,0.31962274109759709,0.14971024893518553,0.052098747002218226,-0.54459563094641039,0.83707904006424727,3.035732520557326,7.5741495688843816,-1.13793208529906,1.057631677779304,0.7511792569221057,0.423728813559322,True,2
-0.81878395238576729,-0.44220473789599402,-0.36612540078213163,0.4589031801520001,-0.88732362914768215,0.04543840228889217,-0.34496479611972292,-0.1308118761371522,0.92945550861757575,9.2652897188727508,3.4028753207062103,1.7325257933733154,,0.0751114806186296,0.2380952380952381,False,4
-0.13934269243368749,-0.86644769756765216,-0.4794288283416473,0.98345360329038478,-0.17768886522633187,0.035294154611437194,-0.11576970346549366,-0.46657802622315203,0.87687075513168944,-29.421584555352645,9.5589238511563206,-14.938714032824087,,0.1959536849670906,0.4186046511627907,False,4
0.83962005007823592,-0.40111197021576822,-0.36626132590848975,0.46367561075527092,0.88049517672711974,0.098656838338780167,0.28291889208277832,-0.2526607035332214,0.92526724214831613,2.865320129113067,10.608600782345761,-1.4996736594535869,,0.2046123237944553,0.7758620689655172,False,5
0.93251386580574547,-0.047539876304965513,-0.3579914108479903,0.10150711843143255,0.98583735004181994,0.13349540879847063,0.3465749485865548,-0.16082499626436261,0.92413263419749259,-11.220417054299796,15.550932456587596,-7.9059075044283622,,0.07355430065857088,0.2758620689655172,False,2
-0.70380881998155753,0.65611035545639296,-0.27234600488909855,-0.67081016911123614,-0.73999594152646986,-0.049190685513699234,-0.23380945646641799,0.14807163127094525,0.96094116889622305,-12.023391034647709,-10.421020334818518,-5.1941997468657748,,0.362064711752169,0.1,False,2
0.93516991057217025,0.068732758228155791,-0.34746661178707394,-0.0056158003040672876,0.98374533330746694,0.17948142517465585,0.35415491122866571,-0.16589432522582151,0.92035502481949094,-7.1409663519358322,-4.6596102033953848,-3.9673472665665255,0.296852643419986,0.3090921971435678,0.9293333333333333,True,4
0.50931024592769081,-0.71061294282415788,-0.4854197347490779,0.850087268709529,0.5032514563867051,0.15520827047111002,0.13399518264119825,-0.49169829889420025,0.86039413869081072,-9.1934642190240083,26.049966784247871,-8.262313386137377,,0.390740068597431,0.4782608695652174,False,2
-0.85066662312219865,0.45082109663366832,-0.27041936901023472,-0.43897511922628152,-0.89217037609192029,-0.10645592855390767,-0.2892527286062288,0.028148869498072895,0.95683880572426283,-6.8323944379378085,-14.419108442037754,-2.7510733900164932,,0.6188881488239139,0.2352941176470588,False,1
-0.27886942912090112,0.94529902379146413,-0.16923828503233906,-0.95987124635044885,-0.27981479581436325,0.018731536856370738,-0.029648472665855879,0.16767061657389706,0.98539714450890892,1.9828206984696515,2.3705822483342489,-1.0329091216534918,,0.669951659008969,0.2941176470588235,False,2
0.1192177069219944,-0.87290062777297617,-0.47310847845901582,0.99244694322721627,0.090890045904633815,0.08238971073142301,-0.02891717889448165,-0.47935737564889636,0.87714326262919395,-32.64778411560647,11.324528990793549,-16.503274014544253,,0.1506936703760482,0.1904761904761905,False,1
0.91934334779849691,0.21890216697221951,-0.3269398265025516,-0.15747751725834236,0.96620131295464839,0.20409765898427595,0.36056710944954545,-0.13615015291794524,0.92274291947628606,-3.7705050194763157,-15.235384919324582,-1.5510486020309693,,0.08293230554041343,0.2941176470588235,False,3
0.89670084037505937,-0.22733712300536654,-0.37979657104074355,0.31193943994908502,0.93331100907989173,0.17783235401502911,0.31404042522407039,-0.2779359509561839,0.90781618100316352,-1.1242944758526381,18.184520004778751,-4.0927602041473055,,0.122288159445922,0.25,False,4
0.81918221856881168,-0.37671641159037367,-0.43246414651292475,0.49707663670454594,0.84248406736585246,0.20769066776624062,0.286103670062404,-0.38510432544073353,0.87740489427838353,1.1963629658926362,7.8492719847332761,-1.9246386412873295,,0.1371539339696249,0.2571428571428571,False,5
-0.42345918606182192,0.85992910334618977,-0.28496360286548417,-0.90112258473067686,-0.43215047856494582,0.034986442579837788,-0.093061297154957298,0.27160246886636802,0.95789962620179081,7.8730035933173879,-9.8844942291246358,2.5244179387637096,,0.173701917930209,0.25,False,1
0.24702022214842895,0.96375374558660076,-0.10079547468779787,-0.94498053976058771,0.26260902919124218,0.19505967615327779,0.21445929526026378,0.047066077540316442,0.97559827542971822,5.7090568817589817,2.5614980034413439,0.37570261366179797,,0.346359818119216,0.2873563218390804,False,2
0.73469009610811542,0.58944609799631942,-0.33583293501019429,-0.59175252990759419,0.79889916277374406,0.10765254789075938,0.3317520249050635,0.11963872816242961,0.93574952241241693,-23.123265462974036,5.6688877683147627,-11.973152797147941,0.4468242351732039,0.3624935536892889,0.6815286624203821,True,5
-0.93742224001919905,0.056640712158284916,-0.34355694381512647,-0.039985642794172334,-0.9976645655306432,-0.055376556907138622,-0.34589115670644793,-0.038173870785591382,0.93749776709148536,5.4249379373133033,6.6840929166965948,0.018253004966324066,,0.2527935243897251,0.4126984126984127,False,4
0.73148430272459353,0.59643270731947207,-0.33045232713218953,-0.60296122128578755,0.79209955681168787,0.094952923726857236,0.31838417123510709,0.12979336554035392,0.93903418562299523,1.2314541939750372,-10.854519412559133,0.017964876043679461,0.1864156560563497,0.1512474341474244,0.4,True,4
-0.89432430118461104,0.35395072306279696,-0.27368399652515574,-0.31792921569275673,-0.93313027682748317,-0.16789550404002418,-0.31480955849472975,-0.063140890959730786,0.94705235851518055,3.0431730758389621,20.375033241642711,-2.7217753700963323,,0.311156196250863,0.3684210526315789,False,1
-0.26183011862721517,0.93056372752573058,-0.25592213267530811,-0.96506389556541594,-0.25514512302283998,0.059604057527697929,-0.0098319100770763862,0.2625873477741823,0.96485813378608087,4.3545073772531042,9.1408104845872984,-0.78673311457460882,,0.1370303574925365,0.2173913043478261,False,3
0.76938988195605651,-0.48714575262993787,-0.4131927216666057,0.58896842393462401,0.79141733377787904,0.16363006876450936,0.24729618911663503,-0.36925278535242589,0.89582195516624019,-3.327295628920977,21.662028236401518,-5.5462299360336234,,0.4796877648306545,0.5,False,1
-0.64734147280359045,0.68999084092799501,-0.32382349671380661,-0.73611559578483698,-0.676154110863043,0.030813114177923574,-0.19769382193384971,0.25831813292621519,0.94561561692407636,1.9504752217440009,4.4851266157323479,-1.2594958542358705,,0.07500089010078116,0.2605633802816901,False,4
-0.62347472902136114,0.7165301116185514,-0.31283200190461224,-0.76102385902948833,-0.64789734838784829,0.032737011773542532,-0.17922596982470629,0.25848331686184667,0.94924413437455213,9.7047789383576255,-5.8804426454123533,2.7663207625271,,0.5435652645692983,0.4257425742574257,False,1
-0.55359026054950944,0.78251851777855175,-0.28496068633828353,-0.81945802415678082,-0.57282620508076343,0.018938991996321403,-0.14841283660718738,0.24399776250291857,0.95835208656515114,-3.3168710990521877,-12.69713747221485,-1.5529649813455797,,0.1160387378448906,0.3076923076923077,False,1
-0.63609467023030408,0.74363614827485069,-0.20588552519190401,-0.74913228197879933,-0.65910957647558432,-0.066146733066825988,-0.18489022311046827,0.11215990895645997,0.97633793341293518,0.65206502866289895,24.423164786373054,-4.0811545029682481,,0.1876591012418709,0.1764705882352941,False,1
0.90057414254302104,0.2644504804528397,-0.34501037255590666,-0.24428710477547252,0.96437270819063459,0.10153368966741652,0.35956922035029715,-0.00715703048227323,0.93309096699697847,4.1672939697457716,5.7588443758238785,-0.56893725141383267,,0.0652818470022971,0.1578947368421053,False,3
-0.31462876845096244,0.93365956378253367,-0.17113899912187985,-0.94798160792925446,-0.31825811711320151,0.0065300780565292205,-0.048369505795442427,0.16429117398377738,0.98522525396994176,-14.15658636884862,17.153462469167597,-9.3202250072520183,,0.3320900722610157,0.2608695652173913,False,1
0.47154363042918901,-0.6922600853132943,-0.54628067775063283,0.87454099647411287,0.44665691429774179,0.18887997881216806,0.113245971618092,-0.56680999919907027,0.81602804775339932,-36.589437695143062,7.4555881632507068,-17.910999602488182,,0.4832574644022282,0.3846153846153846,False,1
0.41507169259944182,0.86340529014849987,-0.2867870201843507,-0.88202326359317185,0.45917042030385452,0.10581818179514949,0.22304809455156616,0.20903069167365379,0.95213219536750748,25.00043648746119,2.0314461035352376,7.8301425320085656,,0.1877769581027948,0.5909090909090909,False,2
0.90916046863706523,-0.192859908872343,-0.3690965968650789,0.25649152526186736,0.95756695198785091,0.13144439862366281,0.32808434850884283,-0.21417420015129529,0.9200489510091735,-12.307657581587058,4.7693965901823629,-7.1418099024225912,0.2682684467838252,0.1165798465446862,0.4966442953020134,True,5
-0.17714320654735688,0.96046504051896386,-0.21477241516318241,-0.98347581869628731,-0.16446592376297772,0.075672147851491109,0.037357708893720858,0.22462828375272853,0.97372816315669775,20.272497837233534,-8.0601386535229391,6.9863191586164941,,0.2973773274241958,0.5263157894736842,False,2
0.5620012479506179,0.80538991694186235,-0.18841889233919193,-0.78109322403373638,0.59170606627769384,0.19944248920117419,0.27211757141083548,0.035085792260647397,0.9616241544963976,10.841427932598869,13.820458387347323,1.2063266399205572,,0.5445361995048077,0.1428571428571428,False,3
0.92388297198406333,0.12164025854116475,-0.36282764720998684,-0.025246464931391099,0.96544394229907782,0.25938506180288051,0.38184142007692679,-0.23048132631528895,0.89502820521678705,25.636157081616471,-7.2106909211440051,8.8229284635614977,,0.4771360455559459,0.2,False,4
0.76015185163505228,-0.52873987573550796,-0.37762852946116315,0.60268482784483624,0.79094307235772265,0.10573577717577665,0.24277594761722385,-0.30796623207183782,0.91990034197299519,-1.1717597637609896,-5.5873809520163116,-1.4690132512724066,,0.06472963571352007,0.1578947368421053,False,1
-0.93498560845511902,0.21111377345877008,-0.28501383587083767,-0.14700005088479939,-0.96195276486834047,-0.23029950760264395,-0.32278924551737481,-0.17342967686688765,0.93044572660643143,-5.0709614875866178,-13.546025621265924,-2.1843638588077088,,0.3462143140325127,0.2857142857142857,False,2
0.83773423185721951,-0.27066438274567739,-0.47428066446725015,0.46749078716011661,0.80434678256948788,0.36671326304147711,0.28222990751337679,-0.52893009489252418,0.80036193938865985,-15.062837565032567,17.700156626247015,-9.7490978981289622,,0.2407006365826863,0.2045454545454546,False,1
0.26505820275326308,0.94693559255584192,-0.1818162058347024,-0.94749193772386775,0.29076792170854499,0.13309035898052041,0.17889431824817825,0.13699269782076037,0.9742842622368022,-2.8820410123128033,-16.018021623546005,-1.1212869487086408,,0.4022260504230118,0.1333333333333333,False,2
-0.1838998453412781,-0.83792041460671873,-0.51387763686383381,0.97019376280193936,-0.23866857530352745,0.041968723864300193,-0.15781289397152404,-0.490842836300876,0.85683627406199592,11.944531207287238,16.258366657923549,1.3322288923467152,,0.2285387807686724,0.1724137931034483,False,3
-0.55599009708190694,-0.63986803396266778,-0.53051287548899562,0.77446797284170532,-0.6305423323468804,-0.051144170352217536,-0.3017853061189561,-0.4393008834856893,0.84613259172506861,-9.4225675145603542,17.765482248776802,-7.4529402474842561,,0.6736891751720265,0.4468085106382979,False,3
0.90753415851044261,0.17750521745719572,-0.38062271202887649,-0.067957574661328901,0.95641459922743732,0.28399451126874026,0.41444362606136587,-0.23186852343536074,0.88004174256509726,8.7392893306496049,7.9858216394141808,1.0442045285320176,,0.2186511116337437,0.1724137931034483,False,4
0.13894285235705667,0.98856519744498483,-0.05859807317177318,-0.98416075084670007,0.14441827282827241,0.10281526621158579,0.11010222646134715,0.043384477337614136,0.99297295373761174,11.783262676488674,-9.2267533706324212,3.9236188043431346,,0.2373611109409474,0.2941176470588235,False,2
-0.0050490158479322977,0.99050205119747092,-0.13740521828726202,-0.99595578823708608,0.0073449718219137858,0.08954395158792032,0.089702705176665981,0.1373016313178326,0.98645916627169672,-0.82709684405907435,8.8949462017270697,-2.8107285543386937,,0.3611429803225251,0.4264705882352941,False,2
0.86890126492803255,-0.28927351335274426,-0.40166083488314591,0.39777836490494745,0.89100922939012062,0.21880339475239097,0.29458948423189263,-0.34989053661707381,0.88926579163139119,-4.5893135338070215,13.213963289689467,-4.82521402826616,0.2046730016699836,0.1473850069022432,0.2363636363636364,True,4
0.02092037957636101,-0.82778327654674944,-0.56065781434660089,0.99702079076130556,-0.024369097555575009,0.073182579033717526,-0.074242040031780004,-0.56051850473811626,0.82480732619082919,7.4945087489120104,7.1083635097274342,0.7540780431461902,,0.2334175278415052,0.75,False,2
0.91444243947544857,0.21940771518010449,-0.34008128352738981,-0.1850182683405138,0.97398064743002966,0.13088139215357408,0.35994897592084962,-0.056762249349600127,0.93124367476096492,-17.771833888310958,20.170300595553254,-11.082356246176985,,0.07592668243682024,0.25,False,1
-0.51738980905956877,0.81390302347271837,-0.26432868528268105,-0.84538659382058434,-0.5340554501499547,0.010309372122459845,-0.13277534586561246,0.22879389097416244,0.96437755209418408,-11.435294846542451,-12.407493312765189,-4.7571486643596277,,0.8333172056924305,0.6521739130434783,False,1
