axis_00,axis_01,axis_02,axis_10,axis_11,axis_12,axis_20,axis_21,axis_22,location_x,location_y,location_z,dbh,dbh_approximation,score,reconstructed,number_clusters
0.88534029335871778,0.44874713176200348,0.12164940070085545,-0.45994081429970896,0.88358363661652273,0.087945462900844346,-0.068022145635246736,-0.13381318634162465,0.98866931724630824,-21.104418806952864,-22.934578692674574,-0.15381821301625645,,0.4194107457751377,0.819672131147541,False,3
0.95868061669444249,-0.27903531509603169,0.055414511669986934,0.27324467848263645,0.95737801591070604,0.093619871457943482,-0.07917588556678995,-0.074609835679617736,0.99406466166169305,2.4954419333829096,-12.173863652091523,-2.5656061556463396,,0.1051611991659859,0.2777777777777778,False,4
0.87645055107167258,0.4657700088504142,0.12203577500736024,-0.47772882150377266,0.87283178190627464,0.099698814430935298,-0.060079985276114904,-0.14568108782475139,0.98750565366453413,-7.3284470702512374,-12.271618761154924,-1.5255978671842922,,0.1787117467915966,0.2727272727272727,False,4
0.24608817617838169,0.96566133953889444,0.083299380940956264,-0.96891031776197201,0.24735894194853644,-0.0051332224280343855,-0.025561801180529808,-0.079446404311644528,0.99651134622861104,10.49209535620659,5.0682114699265775,-3.4951845389773433,0.2460044911508993,0.2781013584626296,0.4615384615384616,True,5
-0.96556549719255702,0.23410664764500447,0.11347840393531933,-0.25808418903444186,-0.91692937252874263,-0.30435682539493064,0.03279972563489239,-0.32316343128897418,0.94577458978120765,6.2983116208142702,-8.8706010013920835,-3.0558014384994046,0.7009782225259436,0.5621861899578947,0.7272727272727273,True,4
0.31132669454777562,-0.95007416741575113,0.020851035255482375,0.9501831928943808,0.31156084296084513,0.0090410770691118983,-0.015086059889782512,0.016997574615129254,0.9997417132710863,-8.32242761823764,-14.240881592864454,-1.394858416935727,,0.1315419577246192,0.4339622641509434,True,5
-0.81047635071773205,0.55687194763053827,0.18171879063387905,-0.58347387556782404,-0.79491774033175422,-0.16632505113698848,0.051829735260098625,-0.240830687513094,0.96918226278385788,10.190583226733379,-6.8190897546199487,-3.5411455061395438,,0.3626006877037034,0.1578947368421053,False,1
-0.93827249437597393,-0.34299172971833286,0.044737005289966013,0.33648329499548063,-0.93503946717693942,-0.11171475735304633,0.080148103449006941,-0.089765629092051352,0.9927328005799122,16.947742493806292,-8.6066041300345706,-4.5091712807759086,,0.1427155374023784,0.3548387096774194,False,4
0.63013264462119434,0.72069675520912491,0.2890139048795739,-0.77522550478605678,0.60511916091539852,0.18126284181334149,-0.044252309678750421,-0.33827058418385098,0.94000784303324458,-13.632826170217347,12.266979700353467,-0.54872504025809254,,0.6260648480133888,0.2439024390243902,False,1
0.67629570864248478,0.73063731801443088,0.093772192021084375,-0.73553588134859604,0.67673348297313529,0.031918024246404102,-0.040138282480741763,-0.090558834730407933,0.99508191408133206,12.488241640673669,4.6122468966582604,-3.7588438796956467,,0.0896412797476626,0.5,False,5
-0.89335532573341758,0.42685309472554839,0.14040191418553155,-0.44699992816701584,-0.8761076606137872,-0.18062788055147813,0.045905622775668668,-0.22412452462204674,0.97347874720536098,-12.829044591128069,-12.9782974473674,-0.95032769470030265,,0.3584874562823643,0.25,False,3
0.95579016666526728,-0.28901729742752136,0.054167878799826083,0.28776999821559535,0.9572378895216519,0.029732994990927686,-0.060444895838914089,-0.012830613852267768,0.99808906912920226,11.796550013415125,-6.2129171965754244,-3.7478727571188464,,0.07431366328244435,0.3333333333333333,False,5
-0.97831146139379888,-0.20239888896426975,0.044061028716540579,0.19226476511172311,-0.96642979313496546,-0.17043390225434221,0.077077523325963876,-0.15826605664872678,0.98438351810196323,12.07269686095886,-12.797069077025371,-3.8360476511418007,,0.3168560555512492,0.7692307692307693,False,6
0.23535289215481128,-0.97172428304002734,-0.018998260570643938,0.97182548173066396,0.23502970646218743,0.017783985471772384,-0.0128159749269417,-0.022648506145931446,0.99966134063293111,-6.6564558154969529,-18.247393925342372,-1.6206004783488346,,0.2410661251611909,0.5652173913043478,True,5
-0.68215410243494234,0.68683969739566808,0.25083263466424383,-0.73035302638425659,-0.65660045755121166,-0.18830904384786593,0.035358695995982535,-0.31165216062939011,0.94953814741299192,-13.281968563936296,-6.4825090776316729,-0.79907364367738787,,0.4642394057869588,0.3043478260869565,False,3
0.47323078696316806,-0.86943854008962262,-0.14187757848598764,0.88001967799951342,0.45921222913348403,0.12120022668250045,-0.040224229064753252,-0.18221073958766354,0.98243638866598559,-11.387270815781228,0.92142564981230424,-0.91470527779367405,,0.4295235933908627,0.3668122270742358,False,4
0.57815203527249881,0.80982719975542183,0.09959985264326271,-0.81480258404905614,0.57944832094905341,0.018341002598097036,-0.042859924606187899,-0.09175810528566368,0.99485852108585604,-14.405654772093582,-7.351916229511275,-0.6808911949989247,,0.1468477898438809,0.5116279069767442,False,5
0.99669416907324859,-0.052415028288375375,0.062075745222391482,0.047524606025181673,0.99583589675749751,0.077796391634456855,-0.065894955478683764,-0.074589084581588291,0.99503483522123104,-31.20968055403787,-7.4543744135723049,0.87439582986550146,,0.1024114569146801,0.2222222222222222,False,1
-0.9946618230319545,-0.076829684949146104,0.068884376409782733,0.070264725466164968,-0.99317125891195379,-0.093132802096843589,0.075569346681800459,-0.087795500920379257,0.9932679516929086,1.6042037112247125,-8.6807796197592726,-2.4772513128077089,,0.1206606579157837,0.3157894736842105,False,3
0.23907075590339855,0.9657836770459558,0.1005338889299109,-0.97082005838640906,0.23974635215892851,0.0054864251655496535,-0.018803933269075018,-0.098911959732284213,0.99491850737411258,-2.9663446069131081,-17.203932151971891,-2.0562538981968594,,0.1873426246465809,0.6349206349206349,True,5
-0.11684969044444897,0.97898815939488448,0.16711772379868567,-0.99305091263491274,-0.11279982255207413,-0.03355718920273236,-0.01400124130225055,-0.16987755530627913,0.98536570949326163,17.37322227418969,-2.7166804965999787,-4.4888851868619613,,0.1594450062532076,0.1071428571428571,False,5
-0.60083051196085369,-0.79830346869900193,-0.041403716741399491,0.79825198790694885,-0.59643372380314463,-0.08402723911280259,0.042384663493587209,-0.083536728290360518,0.99560291046535176,-18.436336574453588,-18.489199133812718,-0.40715908315634458,,0.7243067293127804,0.3846153846153846,False,1
0.49062465452601511,-0.87083977022987846,0.030422737503371398,0.87068150105107445,0.49132619850320325,0.022633832902027154,-0.034657929809415136,0.015383798307361647,0.99928082471893864,19.857622501398211,-2.8186435457494059,-4.8901929329780502,0.2544732287905632,0.2147416278359473,0.5121951219512195,True,5
0.73972931052422553,-0.67040583190288672,-0.057935893036637612,0.67129096234928898,0.72925623609365775,0.13249070151024442,-0.046572427674749353,-0.13689909667017394,0.98948958878371751,-13.119585043074458,5.349857948623236,-0.69243973504845446,,0.4567330590569229,0.4866666666666667,False,4
0.10319130956796127,-0.98977373232517951,-0.098486102718778459,0.99463111819067074,0.10190684713346253,0.017998145295927685,-0.0077776832299481756,-0.09981459465630102,0.99497565514799069,7.61814477943736,-11.569893481588117,-3.1782092413286711,,0.1922842297045065,0.34375,False,5
-0.9423538329958242,-0.33303956719650185,0.032463827864958134,0.32752968407145616,-0.93790357396529567,-0.11428557212167087,0.06850955765534425,-0.097064579660617337,0.99291737213384323,-5.1041838814282325,-21.928777550856992,-1.8416291004762768,,0.242457228295633,0.4444444444444444,True,5
-0.53892665609020429,-0.83470544584813156,-0.11324697800340262,0.84211966559165852,-0.53072421997569841,-0.095740645260933718,0.019812323922854581,-0.14696469304788479,0.98894330010274967,22.289301861890237,-2.5328547395506162,-5.2510638095255109,,0.3349144394918899,0.2941176470588235,False,6
0.88120646450352846,0.45767947452675428,0.11834130941520994,-0.46994332577595627,0.87526526704151852,0.11429778155928109,-0.05126828918372122,-0.15633365251171591,0.98637282587088781,-4.4742962844389496,-10.200429234068654,-1.776708222037898,,0.2491167987450693,0.2631578947368421,False,5
-0.19238848386584442,0.96759924306814693,0.16351873314623541,-0.98129273781794346,-0.19090911680440942,-0.024865072425472395,0.0071577916682019783,-0.16524349891874218,0.98622682587907984,8.6619751586207165,-10.722023925029443,-3.3463113818800148,0.7948452941667481,0.5189326037030679,0.8372093023255814,True,5
-0.85103210185438483,0.51301734256900022,0.11206055433001741,-0.52281049563936033,-0.8477465829816716,-0.089414298030166039,0.049127866457195815,-0.13468087193934436,0.98967040749485036,-27.216553114078298,-14.185513426884132,0.42184331477637649,,0.5373738474542209,0.8913043478260869,False,2
-0.033957683183749317,0.99186415796391281,0.12268809192146934,-0.99941688924310668,-0.033261915344438002,-0.0077153407735256387,-0.0035717290524751102,-0.12287854627296926,0.99241528888737784,-3.8818144866330178,-19.98634462682244,-1.9238225904381445,,0.7765467856450343,0.9587628865979382,True,5
0.44885816479562202,-0.89327744700414646,0.024119506007814553,0.89319895956855355,0.44930333993578209,0.01794790651315201,-0.026869434716049776,0.01348745329207067,0.99954795887027548,-12.289304039400944,-1.6493072289747492,-0.87752310046007975,,0.2717638317876961,0.2596153846153846,False,1
0.94370867194575037,-0.32593211383192272,0.056410988889076141,0.32392477914770568,0.94515331465775765,0.041927905332422542,-0.066982683945173482,-0.021294810741329943,0.99752686735094631,10.50319599370382,-3.8678569560461904,-3.5695370505929169,,0.07726067912164353,0.2340425531914894,False,5
-0.6442438464168625,0.71772468069451956,0.26423691845757913,-0.76376116438268604,-0.6219106127976215,-0.17290481043190112,0.040233694023925487,-0.31320675665067987,0.94883232314964494,2.0046872045351671,-26.519937381193067,-2.7039683013459213,,0.4234128818491417,0.125,False,1
-0.44039150803792032,0.86946246739043498,0.22380870726453789,-0.8976329724446156,-0.43129799296261401,-0.090758404826580125,0.017617219653814034,-0.24086730592954753,0.97039815256723949,15.717305628493373,4.2963775428307214,-4.2277429349034303,,0.1176771965971676,0.25,False,5
-0.72698692490651773,0.66952031242610632,0.15242231550470023,-0.68361456125873765,-0.72656836710391826,-0.069061853138834672,0.064506919396209797,-0.15440517858153349,0.98589953756821269,14.368594176854858,-11.737579918623315,-4.0985153596641108,,0.379645841045882,0.5161290322580645,False,4
-0.66091462577646365,0.74473934755511373,0.09249411677475862,-0.74958790236194361,-0.66105629030674351,-0.033504591901849026,0.036191629797237258,-0.091476145792615565,0.9951493760654978,-4.608290276402494,7.4667319197136122,-1.5603700973490868,0.8414305470082535,0.5770475385836799,0.9437148217636022,True,5
0.43906704136858937,0.87676365741040296,0.19622849494446179,-0.89822419770586504,0.4234145299023479,0.11795518862360534,0.02033282664781156,-0.22804741812155876,0.97343769767181443,0.539433836750009,-17.171750292836585,-2.4476081621331054,,0.2120533884712696,0.1666666666666667,False,4
-0.054906936467112089,0.99402444071986662,0.094343201023460027,-0.99848556225606233,-0.054986172183428737,-0.0017614865338518577,0.0034366108291641337,-0.094297041948148114,0.9955381748510892,-0.50787649608171148,-12.827362894903645,-2.231904157295217,,0.07218162432131811,0.32,False,5
-0.54125979629225074,0.83049524004061093,0.13158833226225025,-0.84050771528335078,-0.53886984214421885,-0.056267875174268879,0.024178781334750227,-0.14105654716231292,0.98970623774724864,9.5858525675763548,-6.1213606236339313,-3.4878068944199536,0.8884678685658148,0.7292715259373703,0.3448275862068966,True,5
0.90459814849830467,-0.42366021132792181,0.047055446773138082,0.41416331249207056,0.89966152642827413,0.13812272966584113,-0.10085107991010553,-0.10545692581489453,0.9892966675768381,-22.213508856526353,-11.227519147531037,0.018892037618545878,,0.07821664647188925,0.1904761904761905,False,2
0.25630329327665702,0.9334049674329673,0.2511250457979109,-0.96623677400102903,0.25449659848313294,0.040224096367735614,-0.026365098589342453,-0.25295582249076215,0.96711852088789907,8.3689832254642997,-21.123485263457749,-3.442740335314201,,0.1878432517446968,0.3636363636363636,False,4
-0.14716156685083018,0.96371897505238602,0.22268634975226528,-0.98909065880961,-0.14487536207843779,-0.026660797403933834,0.0065682492020866217,-0.22418043310383057,0.9745255212234305,29.650386757105615,5.9172091960295568,-6.2162356924018995,,0.2612536283944364,0.375,False,1
-0.40057879750010528,0.89986484532961153,0.17256849982915651,-0.91523771772000395,-0.40187443571680193,-0.028928497713878135,0.043319130370420296,-0.16952934276171183,0.98457262550140701,22.837818653815297,3.4328741633358626,-5.3858710670169332,0.4828216286626114,0.4245689242908777,0.2142857142857143,True,5
0.99655966128818074,-0.079658489705970767,0.022877205051128099,0.0720385759885597,0.96904677089085212,0.23613301208334606,-0.04097908079408466,-0.23367259326625556,0.97145140593520962,-1.6445600862817691,7.752833987828172,-1.9493189581924935,,0.6035300632145593,0.2413793103448276,False,3
-0.036083393208773393,0.98520252063086833,0.16755292321271217,-0.99921170485503275,-0.038344631485254285,0.010279013423447423,0.016551665029247483,-0.167049940373662,0.985809494682373,11.630693039238166,-10.307586548414553,-3.7394096808156947,,0.3466496543105427,0.2857142857142857,False,5
0.80021190395761077,0.58960434525582828,0.10967052849321708,-0.59738929317523626,0.79976155124203852,0.059224096063341433,-0.052791487610474766,-0.11290782616973247,0.99220203669691109,-11.881878278125312,-5.4394713890868953,-0.93187204701079696,,0.07128429449145157,0.2857142857142857,False,5
0.90391744977616595,0.40534282638381336,0.13649335914005026,-0.42156943401272812,0.89822932094968233,0.12435151503886555,-0.072197342723545402,-0.16994493250890089,0.98280530300675739,-4.323570553201745,-16.026123856563448,-1.8482272040627037,0.2559862517169795,0.1338668201908447,0.16,True,6
0.31784436492344303,0.93875469985815796,0.13309610505432484,-0.94783248341556225,0.3181859002791349,0.019269567868611226,-0.024259906609462145,-0.13227753534812728,0.99091579388640494,2.5629518683748769,-13.28311579050969,-2.5876288438325781,,0.09812447914124892,0.1666666666666667,False,5
-0.014580707988196724,0.99549975863527251,0.093635642314647119,-0.99989307402162753,-0.01441218886157616,-0.0024757495425268504,-0.0011151135108131811,-0.093661728413113668,0.99560345376687254,2.0439152424836275,4.8781257761610561,-2.44742674780972,0.527031155206703,0.4445238680622051,0.8699360341151386,True,5
-0.38669735080312739,0.91447349557372104,0.11917795423241019,-0.92183667838006,-0.38696122567926905,-0.021866600421996889,0.026120820719503991,-0.1183183659199926,0.99263209045998602,13.128356652428154,-9.6129181653108446,-3.9210258074550617,0.2763112686474812,0.2546807127911593,0.5434782608695652,True,5
-0.69870298411706433,0.70968848864231959,0.090312729304850389,-0.71407977737458772,-0.69952277122714202,-0.027531147439947508,0.043637272263170421,-0.083726588508557118,0.99553284568925704,-4.8573072221744624,-5.3667871298442336,-1.759584346088422,,0.08704367830419182,0.3333333333333333,False,5
0.24564353302581587,0.94089492293887944,0.23318661769157328,-0.96917969617440125,0.24302826745612724,0.04034820616296645,-0.018707517363111024,-0.23591101119938018,0.97159457778900538,-10.69492276587437,-6.1046089172552245,-1.0886955738510469,,0.527543727543374,0.4236111111111111,True,5
-0.91395564476900082,-0.4034834399456334,0.043430324480926825,0.40107219475313266,-0.91440102462557105,-0.054880422370926836,0.061856074809071376,-0.032739576254809513,0.99754796684463753,25.489574958070644,-13.648260241621237,-5.7093833546616164,,0.2884679226759358,0.4,False,1
-0.99196831822412768,-0.11118214053477812,0.06031075580443207,0.10785191661668964,-0.99259272625368877,-0.055925341933484016,0.066081916752645825,-0.048971536777758257,0.996611744293595,-17.979827418257688,-15.321937830818564,-0.4300922679585244,,0.1138984075669138,0.3846153846153846,False,1
0.11803930262687552,0.97950933011707164,0.16318147949129402,-0.99297546751793175,0.11508173963920862,0.027493892215527418,0.0081513154095842807,-0.16528056575175473,0.9862129033032746,-15.375361372716693,-9.3579239235988609,-0.5973647496071004,,0.19768711877132,0.4181818181818182,True,5
-0.87499324765185638,0.4643759890658844,0.13690053813897413,-0.47957843597453859,-0.87008789462262948,-0.11380500595042875,0.066267188803165705,-0.16523315772036629,0.98402574319876612,14.993925027515267,-13.572527150349005,-4.2591070483791,0.6965550629788861,0.2794869791755078,0.24,True,5
-0.646001397956256,0.74630526098092975,0.16034541237824759,-0.76124096947879694,-0.64540783111669187,-0.062935823822602002,0.05651884840957954,-0.16271812734122421,0.98505250154954715,8.530921210246337,2.2524281598576055,-3.2923541746635214,,0.1623506287644233,0.2682926829268293,False,5
0.47333106044466139,0.86316922610311186,0.17577427094682602,-0.87987572706123751,0.47282822047579648,0.047457126442196282,-0.042147504633030131,-0.17712244643253863,0.98328593340033166,-12.101953419704509,-13.553397212013596,-1.0129788263943997,0.6615325905234475,0.2437072308287562,0.5462962962962963,True,5
0.78954520897743152,0.60187654506538091,0.11984568194534267,-0.60973004255127194,0.79149964427818964,0.041923600965604699,-0.069624982522137974,-0.10617409103759481,0.99190696348051322,-8.7686566551317604,-10.58914981305497,-1.3302041531738129,,0.09432479325931586,0.2368421052631579,False,5
-0.90711460837261682,0.4113616321274513,0.08902075539128948,-0.41654116962541443,-0.90774931383066704,-0.049846135728325983,0.060303741874679989,-0.082296967461714277,0.99478171870140408,-10.994009430837941,-9.4981060027707542,-1.032223657325551,,0.1194608099211238,0.3466666666666667,True,4
0.98425230472729364,-0.17241073534452045,0.039012036308965894,0.16450561119235055,0.97415241486961568,0.15480625468606382,-0.064693929585715695,-0.14595071408409421,0.9871742928850511,-8.2838338816432024,11.655054676380976,-1.0898681164230086,,0.3193880322899871,0.4,False,1
0.78126394595739512,-0.62270116679150123,0.043242382260732549,0.622396010089031,0.78239773462171225,0.021840134708078721,-0.047432619286047473,0.00985097636355,0.99882586314750033,8.4265564549448069,-3.8997978397069417,-3.2990963508428792,0.2668739596750671,0.2137592378173105,0.6837606837606838,True,5
0.57682673037147858,0.80737643368237477,0.12415400703674107,-0.81582674614811601,0.57706586444158414,0.037705548207976169,-0.041202468352348885,-0.12303772767170587,0.99154630460259185,-15.041516779236192,-12.050084947907427,-0.7110129249667958,,0.0703570366150022,0.2692307692307692,False,2
-0.35867630784826099,0.92077249986545706,0.15339266501321647,-0.9333101123791695,-0.35077861006945749,-0.076724186854745316,-0.016838655502202302,-0.17068207348534548,0.98518226205693626,-10.384799414735514,-13.320534775845974,-1.178980508594331,,0.1837592660327162,0.2142857142857143,False,5
-0.2402167416341508,-0.96899307683661939,0.057864791379335076,0.9705117161743958,-0.24097094837309208,-0.0063254097418247246,0.020073011904072558,0.054638988669949817,0.99830439000849058,-1.2993688568831956,-9.870793011324233,-2.1278114848141501,,0.07663008237581667,0.4042553191489361,False,4
0.97996190499587621,0.18689963639462687,0.068870825989033824,-0.1891112505682446,0.98158243731191896,0.02707127018277675,-0.062542782680099163,-0.039553061529426073,0.99725821914802026,4.2301334425138402,-7.9865756174230738,-2.8060287392753005,,0.07295482628058321,0.3191489361702128,False,5
-0.20798063619477333,0.97254214357073487,0.10443100088985544,-0.97801772450672919,-0.2084061936371838,-0.00694183004253918,0.015012845123301357,-0.10357913608685995,0.99450790698153979,0.81707791117644868,-10.05948426202289,-2.3625625906356267,,0.0782845057493165,0.163265306122449,False,5
0.81881240781909093,-0.57110686952111034,0.058165147530978213,0.5715996707317863,0.8204785449867994,0.0094219762076789976,-0.053104210951829496,0.02553234815174911,0.9982625115554733,-1.4772779008746777,-11.572779672526353,-2.1327521050278979,,0.4566291838611684,0.9618320610687023,True,5
0.72898306829104176,0.67295880451401924,0.12534007169314201,-0.68270212251705986,0.72812152190013002,0.061293239892677244,-0.050014978313314855,-0.13025166706381117,0.99021866533176295,-8.5548330571673219,-3.6363357520043254,-1.2677067918776994,,0.06612341971323425,0.2020725388601036,False,5
0.92177338275328546,0.36236708444085958,0.13792725242459031,-0.37721526543664824,0.92039737376350295,0.10284608835928699,-0.089679843717106786,-0.14682905190417264,0.98508819663408687,2.8560410431184837,-23.593384113521232,-2.751544862937934,,0.3229006982225941,0.5217391304347826,False,6
0.47172472423333123,-0.88171513049594219,-0.0073629614633630019,0.87897846654442746,0.46956672517538306,0.083089987118020431,-0.069804297132727677,-0.045667485836091704,0.99651484727484896,-14.64797896499071,-10.314924682278301,-0.70077022236678088,,0.2392374160370034,0.325,False,3
0.81225377890573425,-0.5818842151554936,0.040676268341993067,0.57423961736294393,0.80993066175161232,0.11942020350617032,-0.10243368832671385,-0.073641586807120019,0.99201020971979681,14.424731854380102,-10.83717359809868,-4.0987547185865552,,0.3626668052772254,0.6666666666666666,False,2
0.030010488228743804,-0.99907302584418489,0.030861944637663015,0.99954590950566091,0.03007978837515566,0.0017835699615507943,-0.0027102374018380163,0.030794404716629996,0.99952206541495359,-10.803750153674216,-3.8324628854784319,-1.0494173545799304,,0.4201585387780087,0.9483870967741935,True,5
-0.50500332762198341,0.84215678286254814,0.18905975819651855,-0.86256343894289833,-0.50026971919257046,-0.07559445652947501,0.030918487830482171,-0.20125148729286219,0.97905152365577075,-16.933024745398857,-9.8670494991195579,-0.46107831353748446,,0.3813535756468503,0.2142857142857143,False,6
0.79190400169530251,0.60457087448023972,0.08591920524053738,-0.60836804422995738,0.79324278067412701,0.025577600907756647,-0.052691316730405863,-0.072525503366595884,0.9959737328376882,-0.052722453891430127,-8.2319204603665028,-2.3080015837696637,,0.08153891469224384,0.3783783783783784,False,4
-0.70880565207975155,0.69078608460124402,0.14286053654204914,-0.70448081802753004,-0.70356608343420091,-0.093282062972050633,0.036073877128208517,-0.16676136111924333,0.98533716251169423,18.457947326827036,-9.9859779668886226,-4.7694985388812405,,0.1767676306908482,0.2222222222222222,False,5
-0.038605587246300976,0.98830742132236327,0.14750610018745072,-0.99915592296018496,-0.040252586203016416,0.0081957865730653123,0.014037458707000756,-0.14706519052145117,0.9890271884482954,2.3726310713088439,-21.193157231254851,-2.670395728228228,0.2085098878209329,0.1432123110265673,0.5769230769230769,True,5
-0.63140047120449161,-0.77471410153170805,-0.033933845208944574,0.77412702431710634,-0.62715209078990275,-0.086067445877031579,0.045395982032422913,-0.080612132497362349,0.99571124775686837,-4.9852088126254612,-17.90725481409488,-1.8125168909753941,,0.4159852364185581,0.7986111111111112,True,5
-0.62106999513450867,0.77976302284418098,0.079004362844899131,-0.78273561391169144,-0.62224259048890784,-0.011794799529561252,0.039962730861523812,-0.069164924539541206,0.99680449103900537,7.6645357320449472,-15.162728876766161,-3.3036224075432945,,0.09807910984798876,0.5333333333333333,False,5
-0.81687338998389614,0.55584940713952991,0.15410808323657224,-0.57452798196455146,-0.80783391254241299,-0.13161294649902913,0.05133675755203998,-0.1960505198387642,0.97924906484254182,11.084763357402103,-18.083213399319231,-3.7345580440732831,0.3023837324424392,0.3016216737749402,0.3095238095238095,True,6
0.22930448250035862,0.96673356601958771,0.11333872522793147,-0.97313997941822439,0.23014032495308859,0.0058319197853189397,-0.020445898442923421,-0.11163173008395333,0.99353929065504154,2.6344658068637163,-16.879892524889893,-2.709071624725631,,0.08655305407693407,0.4285714285714285,False,3
-0.89428971373062338,0.43538976773987309,0.10335210720163164,-0.4443273526605388,-0.89136827572073973,-0.089642627785616005,0.053095306697252251,-0.12608864812524864,0.99059706299820527,-6.4551949814028005,-10.912632162482337,-1.6141543717329718,,0.09034655633915001,0.2608695652173913,False,5
-0.13039060579833553,0.98397964691265649,0.12158266480542614,-0.99135269150433181,-0.13121886869920921,-0.0012039702729687686,0.014769257485114037,-0.12068828840838372,0.99258057913420528,-0.36554157463460391,-19.139165235403571,-2.301215972667662,,0.2066332714899946,0.3617021276595745,True,5
-0.9411650170721203,0.31783749726965543,0.11483786818379078,-0.3361442508059494,-0.91549295274438336,-0.22108753046130186,0.034863351671100058,-0.24668193854583673,0.96846918789681946,-10.340379226110198,-18.329573103576799,-1.2457998385741611,,0.3752302684606628,0.5576923076923077,False,5
0.99750142869516267,0.0048124735400374482,0.070482195266153347,-0.0078783699601523878,0.99903167050004005,0.043285709243016141,-0.070205633946861412,-0.043732841621902462,0.9965734330824767,13.000513321689537,-3.8279985931191058,-3.903125946212064,0.3286556990622377,0.2782593019912579,0.7578947368421053,True,5
-0.86900727666637945,0.4871517227493195,0.086657672039196554,-0.49161966770520871,-0.86990088631428764,-0.039781280962746322,0.056004066158653373,-0.077172838563753066,0.99544356824568925,-16.497237637686428,-18.811765803025708,-0.61256969276855955,,0.1090714555455865,0.4375,False,1
0.24890915724066837,0.9642603455354839,0.09080868609076112,-0.96831997561220196,0.24969746641958157,0.0027568268040669228,-0.020016400079083081,-0.088618064137240632,0.99586454020436088,-5.8086912260022565,2.1621059093707262,-1.4903327212276714,0.4075417111393491,0.3373795275150636,0.919674039580908,True,5
0.16184433156513425,0.97852518703732716,0.12765136377571723,-0.98669151636103758,0.16252133050404946,0.0051641719908972943,-0.015692797118200295,-0.12678830965337093,0.99180565669583143,9.2060605525117847,-14.979067548088073,-3.5022413578475042,,0.1812679969878338,0.32,False,5
0.67376391003491876,0.72624426529289887,0.13642382733098962,-0.73795229524731631,0.67086540329000199,0.073253126948688949,-0.038322362579511882,-0.1500295897405603,0.98793851971091984,-5.5435536238100438,-7.3534982600882861,-1.7112548298034103,0.405092331277876,0.209331855889376,0.1363636363636364,True,5
0.62854626054632412,-0.77776938770787818,0.0020923426455007194,0.77744973364019665,0.62836084675267623,0.027102729217709655,-0.022394419305294011,-0.015408627867962391,0.99963046380710441,13.95347158031497,-7.6575400463107215,-4.0161403902364885,,0.1596693168493779,0.2857142857142857,False,8
0.13277728928641611,0.94867927749246872,0.28701536527879135,-0.99092161425821657,0.12089945035684513,0.058802017816585207,0.021084255871162326,-0.29221730160922943,0.95611950236075571,-9.8385377990166507,-7.4650878319024905,-1.1846530672884794,,0.2532798830588954,0.12,False,2
0.24593781580998744,0.90210778768250266,0.35456470517691574,-0.96909110773672857,0.23617455628448389,0.071302201013903652,-0.01941689110575115,-0.36114141048404808,0.93230888978566528,5.5271249274801804,-4.8492992255669387,-2.9293550328423801,,0.5717786367325147,0.1529411764705882,False,1
0.54801860003692315,-0.83296575350208835,-0.076443884688510336,0.83607156542746286,0.54266111448089493,0.0806427449559214,-0.025689521156369806,-0.10810628253275784,0.99380736573025308,1.6204742566808286,-14.557454427888192,-2.5175815829070287,,0.1726200509623662,0.2105263157894737,False,5
0.18498367144720859,0.95702333185260124,0.22335483784251531,-0.98210352389752587,0.18821440644686721,0.0069286040379230194,-0.035407762510104787,-0.22063925193763378,0.97471257858839011,20.391864343279419,-10.658254142836778,-5.0565460283627273,,0.2377423091594375,0.3333333333333333,False,3
-0.2698319139186437,-0.94900822213040259,-0.16301574328847263,0.96267886279903558,-0.26218528561336318,-0.06714374972991588,0.020979641344793278,-0.17504933686458396,0.98433611348579109,-27.122841250444441,-2.5256001305819642,0.52393947631321469,,0.1868111277935421,0.1333333333333333,False,1
0.23344297788006504,0.94413026086502849,0.23264227173371099,-0.9718344439038048,0.234481470682322,0.023585028065258473,-0.032282963319235421,-0.23159553196378763,0.97227635981429694,-15.740133143681923,-12.873684113965497,-0.66323851702855008,,0.6633895170682502,0.55,False,2
-0.44869843296810358,0.88372578815067659,0.13303551258756108,-0.89326299062570413,-0.44805500150812466,-0.036440982450790263,0.027403390855744211,-0.13518671155487599,0.9904411174767469,-27.497671008339953,-10.364242391247171,0.49715501798080169,,0.4332158154610161,0.625,False,2
0.43925367952606392,0.87977582991630177,0.18179849866788683,-0.89793234623925999,0.43622499681040128,0.05852566731806054,-0.027815581965382589,-0.18895036716780683,0.98159261007155052,19.684770359996083,-7.2244514336739742,-4.9493537591360246,,0.4389469823769073,0.3333333333333333,False,3
-0.99596467380776499,0.070347365826115671,0.05572805979325561,-0.080109427220164245,-0.97678556569458552,-0.19867671811555454,0.040457980639809883,-0.20233933570128415,0.97847940449991755,11.168988855015261,-14.140558513499332,-3.7450156879075953,,0.5619172122060425,0.5416666666666666,False,3
-0.82221019277964913,-0.56793221232388669,-0.037727988206997215,0.56639186979520806,-0.80982011128498621,-0.15294324825980338,0.056308513735842489,-0.14712032342021145,0.98751453747152096,6.7931353555568252,-24.62266383437797,-3.1918195782100836,,0.2588178801595625,0.25,False,1
0.93355741686143257,0.34269416992525747,0.10502978302485934,-0.35284780665575882,0.93018655941503092,0.1012491482524558,-0.062999799691986463,-0.13158142187583469,0.98930144781856244,-13.050136506504581,-12.09828980245074,-0.91586882297208394,,0.1354831889628581,0.1875,False,1
0.76869306880741339,0.61416700747921005,0.17863329166612027,-0.63746356060712117,0.75852264381367374,0.13521689140046775,-0.052451643115658052,-0.21781250135367974,0.974580186228163,-10.946841029405689,3.7029868539224209,-0.95197761716809703,,0.3445880180922044,0.2325581395348837,False,2
0.72238321841922915,0.64774901512332517,0.24204069730737046,-0.68967634913656706,0.70026255554919936,0.18433362888350099,-0.050090110679973161,-0.30008926455717549,0.95259509452316704,-8.5935218957592117,4.1616705183530298,-1.2232412295102419,,0.674522794830063,0.38,False,1
-0.98489815755598098,0.15764507236880579,0.071579678685159562,-0.16203566129492256,-0.98493949399545133,-0.060321120983483377,0.060992325021709239,-0.071008621489372023,0.99560921649140433,9.6521255522622855,-8.859274108275093,-3.4766994818925214,,0.07361315924810287,0.2631578947368421,False,3
0.66376203043264592,-0.73837551268641655,-0.11925422097771925,0.746787068504842,0.64539303100189216,0.16055189144988122,-0.041581742025500246,-0.19562575954935449,0.97979667325974429,-4.7995340057136433,12.658996512254044,-1.5570208581293674,,0.2223215987202887,0.1666666666666667,False,1
0.13444342416564078,0.9855272161796913,0.10325246664232879,-0.99085797736367598,0.13252535556882741,0.025248739099609695,0.011199749701752547,-0.10570305719544479,0.99433466665210546,-3.4859337644603214,-18.897964715885056,-1.9761961988422951,,0.06631542142581721,0.5294117647058824,False,2
0.082467509452591028,-0.98332685230120098,-0.16207224138667303,0.99659234121242712,0.081643368146489731,0.011750143591932195,0.001677891957517089,-0.16248895956682691,0.98670893514626179,-17.025752870839113,2.5190704291786488,-0.37152816322736304,,0.3946345101851315,0.1842105263157895,False,3
-0.16609284969567553,0.96759362487760148,0.19019921760142466,-0.98610249581558385,-0.16373118328483582,-0.028177426540133419,0.0038772446720412024,-0.19223599225007743,0.9813410672428734,19.253313009713938,-6.238563275401896,-4.7850261120031767,,0.3864499960379094,0.40625,False,4
0.93840095193577011,-0.3411990549309768,0.054652157507724765,0.34010532458910375,0.93995578167549509,0.028486780810573223,-0.061090274121019188,-0.0081445324615679812,0.99809901562861048,-7.0730482734112989,-25.207404889865074,-1.6048160516416261,,0.1765330126565718,0.4090909090909091,False,1
0.045476254361410999,0.95308844595066911,0.29925628562253159,-0.99867492753728448,0.050599009055582893,-0.0093877255494765818,-0.024089404261116585,-0.29843283076419558,0.9541265881026546,3.6985678407860285,6.410399208395968,-2.6372063402362662,,0.3781679354854184,0.1666666666666667,False,2
-0.88842751169787615,0.44743153181166256,0.10247722087854415,-0.45543152890179056,-0.88708913874038731,-0.075199617093545112,0.057259749741840789,-0.11348076607737316,0.99188882279718971,18.162838896047404,-17.839835272644773,-4.7597473118427365,0.2673774683289377,0.2024350020041138,0.2,True,4
0.59436420195391138,0.76657805235937326,0.24308287697121114,-0.8016701238824564,0.58872024183872629,0.10360255461927081,-0.063688365577848571,-0.25644992979188408,0.96445695891509864,-13.000578141539743,-17.586107621000803,-0.94668276665093065,,0.4537157053696366,0.2631578947368421,False,3
-0.70966456283176205,0.67724270292748312,0.19421258865553076,-0.70362658970689984,-0.69531488199952118,-0.14644738689178213,0.035858479028584501,-0.24058166223025035,0.96996630522935579,9.4755107037610724,-4.7496586907083556,-3.4863125035084384,,0.1911135041187375,0.1830985915492958,False,2
0.6904984310738439,-0.71537924537801734,-0.10697874539804071,0.72203471284933829,0.67281812389627471,0.16118823033109761,-0.043333475802591725,-0.18854258786564901,0.98110850696331753,10.844307488689541,-5.6317952649187832,-3.6545760759608732,,0.1013211175528194,0.3571428571428572,False,3
-0.85391059424106874,0.50415737361693147,0.12908152335071976,-0.52013102539672318,-0.83502891227611509,-0.1794169225093353,0.017332439603756453,-0.22034531601703128,0.97526792639086424,-25.180441895165867,-2.4456745397269781,0.32104554336926772,,0.2342462796162882,0.15,False,2
0.80480202798135303,-0.5885852911686501,-0.076557499809081872,0.59131109100354973,0.78390178092575014,0.18933882728492168,-0.051428488343464265,-0.19764957091112825,0.97892275369681414,-5.3361320515485904,-11.203529289207966,-1.7050592928755672,,0.187673770288502,0.4545454545454545,False,1
0.33526549512875198,-0.94029483072393005,-0.058674347801496801,0.9415968715908053,0.33234513000502353,0.054240630272466353,-0.031502050512359554,-0.073432594096914175,0.99680252554742077,-1.7778983828876667,-21.735806247511221,-2.1738535940624795,,0.1602413653034844,0.5555555555555556,False,3
-0.95524862510755648,0.28131999092923304,0.091428261132425206,-0.28915386425190909,-0.95322123406786052,-0.088087012154648703,0.062370722444999964,-0.1105818322588342,0.99190803573515174,-7.4602669198485252,8.3077501675444552,-1.2110123826755814,,0.7161328616447932,0.6212121212121212,False,1
0.96134635516297828,-0.27533057442737047,0.0025020392385968204,0.26807459151691232,0.93800799578081351,0.21972030683189578,-0.06284265110494508,-0.21055658298128799,0.97555969912934948,-0.85647551702859304,-9.240382892500806,-2.1921389581618835,,0.1159952164596637,0.36,False,1
-0.56714923080389845,-0.82273898992263139,-0.037977683705498977,0.82263187520387482,-0.56361727904419467,-0.074915690355058337,0.040231180657582945,-0.073730029322568572,0.99646642436109711,2.764443900018112,-29.103143407811352,-2.8022566385845975,,0.5127358158058433,0.2105263157894737,False,1
-0.18119687428131559,0.94750376592444452,0.26344697058359945,-0.98306716903956071,-0.18195003565205273,-0.021751452428733713,0.027324602599559634,-0.26292736275483292,0.96442862255719242,34.785548396855951,-0.60710858984646077,-7.0084779111383924,0.2996041067599776,0.2407570736196886,0.3333333333333333,True,4
-0.84625968161446885,0.4984706250278626,0.18807335605585035,-0.53010889677094608,-0.82306425248053228,-0.20383766544226736,0.053189367716386077,-0.27219895714898584,0.96076980535866974,7.5598110416654114,-16.236425563695935,-3.2862916987501904,,0.09300121913542202,0.25,False,3
0.82017347689521936,0.53482347106801997,0.20317313452413424,-0.56934956817475257,0.79788149228139882,0.19805603624739818,-0.056183066993798561,-0.27811684427514094,0.95890274997708047,-29.084034894354012,-12.429561584791815,0.61729928930603239,,0.4595291169499855,0.4736842105263158,False,1
0.7217099587479332,-0.69171871574083099,-0.025689564766912407,0.69069179974241413,0.71720087908045371,0.09256207006549734,-0.045602337797994816,-0.084546539492051292,0.99537546154568102,15.629099419679632,-3.0884818411531287,-4.2367133725231438,,0.1068149339529534,0.3333333333333333,False,1
0.50043851747491386,0.83790523909341752,0.21789011112786555,-0.86502549627296965,0.49436253225841403,0.085653823596797352,-0.035946919551098959,-0.23134497400819345,0.97220744801504955,-5.1296958282537028,2.9423114214141513,-1.5679717636821386,,0.3803585588155138,0.2988505747126437,False,1
-0.55443936106969571,-0.82831096425133932,-0.080609809562145432,0.83067732596506749,-0.54490391140680883,-0.11425807394266005,0.05071661487277454,-0.13030991456745866,0.99017531333661757,10.879877631983573,9.0420593249527528,-3.5158129176653303,0.6232038901372816,0.2579819412365,0.2608695652173913,True,2
0.21955087378601812,0.9256681610435934,0.30811664909570807,-0.97557005068371672,0.21082502331181216,0.06177285613069862,-0.007777533591445826,-0.31415165951454971,0.94934095286966724,-1.0130339970200142,3.0143206000415517,-2.0410866757927568,,0.4980055377195901,0.4067164179104478,False,2
0.67570101847220898,0.72921572003503732,0.10803965609627592,-0.73607963658973485,0.67540027840662209,0.044958119691341551,-0.04018584618423747,-0.10990403806066168,0.9931294981946801,-6.7209259772960275,-23.630305618286243,-1.6582025951578678,,0.1467633389262892,0.2352941176470588,False,3
-0.78270774128620657,-0.62215115644468288,0.017220054157578754,0.62047885005671577,-0.7821725451488829,-0.0566754466027053,0.048729748233926937,-0.033675631395181579,0.99824414022181751,17.98143592423121,-11.293175973962656,-4.6643620265615464,,0.1920715794111436,0.375,False,2
0.88711530901260083,-0.46113779987932274,0.01945142765805602,0.45787520325938275,0.8845803972601386,0.08870072729845456,-0.058109609839145149,-0.069781446714393333,0.9958683763122459,-6.0865729803475457,6.3036376512734948,-1.4596392683198047,,0.1561660831326471,0.2972972972972973,False,2
0.01077420785419664,0.96950083101020545,0.24485108763416868,-0.99993422345212701,0.011409138194033143,-0.0011748765300862917,-0.0039325836680306047,-0.24482232381094296,0.9695599850187212,34.37647682393073,0.73287189590374091,-6.9196851507937733,,0.6357991128243734,0.5769230769230769,False,1
0.9817526997456657,0.16256977291459712,0.098654475198001287,-0.17847699943372386,0.96678255597198814,0.18296844028794668,-0.065632287901849287,-0.19723731493499327,0.97815634966093368,1.9613472251696995,7.5323345881901185,-2.3972505503200341,0.5698550978523611,0.6663103626851677,0.1895424836601307,True,1
-0.85993338611005044,-0.50707856820670261,-0.058188462075765612,0.50744235435335938,-0.83709759817491336,-0.20437677984083752,0.054925663051272944,-0.20527770652272742,0.97716131459608357,9.3532483588776554,-26.638598293873919,-3.5576103312659688,,0.5930018651104271,0.3783783783783784,False,3
0.84394106360327215,-0.53560979611325299,0.029759493807843158,0.5341008925475319,0.84414405680636706,0.046444030169870136,-0.049997177361418593,-0.023301452015050864,0.9984775032968356,11.078269280926643,6.3353802241278956,-3.5774538164673397,,0.0862328531697688,0.2352941176470588,False,3
-0.98453124164288708,-0.16843684657369573,0.048241713748837747,0.16381102706144265,-0.98259167235395317,-0.087633057881925963,0.062162542114932939,-0.078374958609054274,0.99498401204282583,12.620956454584096,7.0255320333057369,-3.7735651150302068,0.2905825991005905,0.2770507195763468,0.8125,True,3
