axis_00,axis_01,axis_02,axis_10,axis_11,axis_12,axis_20,axis_21,axis_22,location_x,location_y,location_z,dbh,dbh_approximation,score,reconstructed,number_clusters
-0.30489570962285606,-0.85406577541317541,-0.42143831994903613,0.93057768918145145,-0.36131256600096873,0.05897791152207315,-0.20264197652827265,-0.3741989857250908,0.90493720689947776,16.797558769348175,-9.7059310311693743,4.5241575199587007,,0.7806351474133606,0.4074074074074074,False,2
0.74134204490229549,0.63038645384812941,-0.23027134269131772,-0.61530169806468349,0.77542200865806976,0.14186094898667867,0.26798468765733524,0.036518862160037857,0.96273079305054754,-15.462283029664375,1.0540248836813311,-5.7860408055471737,,0.3615105447094361,0.4123711340206185,False,1
-0.83255513266865888,0.49193045877303954,-0.25466914771605098,-0.50892428944433687,-0.86081073145535092,0.00097582010728507196,-0.21874189969150792,0.13041973908366761,0.96702775191651014,-10.749023487251375,-19.004148828847462,-2.7666994736600472,,0.1327363850996584,0.4,False,5
-0.31595380251981359,0.91684508162349598,-0.24406616106309395,-0.94844706945435053,-0.31197398413175903,0.055860448157995415,-0.024926915507654634,0.24913315621924451,0.96814839738312441,-14.466341271273128,-14.042844643477899,-4.2200668057554438,,0.23825547685491,0.4583333333333333,False,3
-0.6347205285341786,-0.7008612115852435,-0.32545877273866269,0.73427194321814815,-0.6782532639565223,0.028587118339697327,-0.24077907728857312,-0.22083041463436986,0.94512399393543867,-8.7737806431261927,13.131910449765417,-4.7523286715182875,0.5526138579752535,0.4070109258889298,0.9197530864197531,True,6
-0.78399348393142643,-0.52218443391779246,-0.33567489350116669,0.55845535331961405,-0.82941552384414741,-0.014053723883874047,-0.27107533178386084,-0.19847746920064649,0.94187305870694549,5.8158435662529202,1.2687999880530969,0.4211182354537345,,0.3760430254318189,0.2121212121212121,False,5
-0.62488041672976957,-0.64413035538680308,-0.44115819164660464,0.74010219870702076,-0.66862095549106793,-0.072074637336910816,-0.24854214985926484,-0.37154017703000075,0.89453043357722206,-3.3667047371463852,3.7305797402144587,-2.3979479602439606,,0.3502170353491011,0.223613595706619,False,3
0.92644577086366287,-0.20492906136935304,-0.31575673144861138,0.28230348434981939,0.93312097692570262,0.22268808936531576,0.24900396858842616,-0.2954476641090592,0.9223381708460926,12.631417993910839,-13.037029003909,3.5237950121156119,,0.4927470221664692,0.2777777777777778,False,6
0.24791137202041083,0.93597764432643471,-0.2499716002751034,-0.9577984430239106,0.27554600579712779,0.08183239719220349,0.14547197037206475,0.21913522768005098,0.96478891879295658,-8.6774788705658477,-8.3537979686547654,-3.0313882097748985,0.2420153728497884,0.2105202558865237,0.7050359712230215,True,5
0.94450567070644276,0.20371205765378492,-0.25770222267150678,-0.15794456867455506,0.96948515736634122,0.18748878065785762,0.28803220519515288,-0.13638155011885755,0.94785944187817006,-9.0805478580690213,-6.6573279253936075,-3.1930944755783104,0.2908814759993541,0.141257257427653,0.4411764705882353,True,4
0.11616030082190852,-0.88864196585418243,-0.44364652713142944,0.99271785547118752,0.089525869759408669,0.080600112112256858,-0.031906800868321115,-0.44977836227039186,0.89257009858706005,25.0422364769205,-2.7286835039523232,6.4052430576437098,,0.4163621187413822,0.5652173913043478,False,5
-0.93260046898414051,0.29386833833163961,-0.2095179347377264,-0.24776138794214525,-0.94341779024751482,-0.22040228603505438,-0.2624322005691051,-0.15363682101207754,0.95264110101011279,-4.36296500145792,-11.547710223697271,-1.5568972329065958,,0.1531615004928984,0.5294117647058824,False,1
0.91909413008725327,0.28981414683112905,-0.26697142232025756,-0.21766257916024551,0.93818795277982303,0.26912147237282241,0.32846458206702656,-0.18923827719399336,0.92536473499490157,2.3411037410750906,-6.6394083175350112,0.078044700291018218,,0.1477096079915521,0.3333333333333333,False,2
0.6462270480483292,-0.66796913017355597,-0.36906346812699614,0.74854171776319367,0.64896413267091257,0.13612806938621447,0.14857960539343987,-0.36422904283139484,0.91938093585806779,-0.2065387787681483,-19.231581430565949,0.3470740699192808,0.2217992464688207,0.1709382384441761,0.2962962962962963,True,6
0.93742790128961839,0.2635427141231132,-0.22753937618875147,-0.18420797058468805,0.92995695327751382,0.31819410526261493,0.29545956315004235,-0.25636946558322499,0.92031426353162615,7.771419813665851,-6.6660325747215836,1.5963533993950523,,0.1537759081334982,0.1739130434782609,False,1
-0.90691464451112314,-0.29116256879629859,-0.30451631500332454,0.30145100824301496,-0.95338196349340498,0.013788448597637108,-0.2943350424270495,-0.079291804225913809,0.95240731443120852,2.7919164325079135,2.240285204713127,-0.55458506148797648,,0.07427859336500993,0.1724137931034483,False,5
0.92537423390433304,-0.1677349359480636,-0.33992281254494972,0.27752438695139869,0.9106310814134605,0.30615559477331622,0.25819128930546892,-0.3776453691312151,0.88922507460177336,6.6424074932494541,-4.9882752003173767,1.213483148534571,,0.1121393309186703,0.21875,False,4
0.72229211498037882,0.64636056705882283,-0.24599210960632359,-0.63803664436091068,0.76002387890419554,0.12358375276746916,0.26683954184086267,0.067688409988852449,0.96136098218272881,-9.7514325881673329,8.6818410261942223,-4.6633476040981314,,0.0963574198147299,0.2233009708737864,False,5
-0.79819153130943465,0.54687695881804976,-0.25261803431232305,-0.56874720279183355,-0.82234028580661267,0.016824792895150757,-0.1985368949650568,0.15710520759484953,0.96741979258448851,-8.6382095157432275,16.578847866378151,-4.931657358295058,,0.1169311752909455,0.3571428571428572,False,1
-0.81385829728685577,0.55629339748032935,-0.16784614340857429,-0.54716153537067591,-0.83092867126910674,-0.1008553294266645,-0.19557332678088771,0.0097570068539921118,0.98064054304781179,5.3795132827967196,7.7552274553306262,-0.25520952737180641,,0.2761768378308336,0.25,False,2
-0.95693753034748674,0.0041050526393827808,-0.29026489893764795,0.012851894950414545,-0.99832053068056592,-0.05648846623744655,-0.29000929607279591,-0.0577863873633188,0.9552776254193649,-6.0268434363430634,-11.759871522055899,-1.9897587355776321,,0.2218951391784769,0.5,False,5
0.95623697166611599,-0.0020009427025693208,-0.29258648336366588,0.06636084194412209,0.9754011849177695,0.21021124403199382,0.28496858190909907,-0.22042804878080349,0.93284745946773373,-14.413134927104878,-18.643155690716409,-3.9134659838772423,,0.1696351659755975,0.1428571428571428,False,4
-0.054395018531208712,0.9814338792851387,-0.183925861559252,-0.99675029635971235,-0.042409330447969844,0.068485731344420167,0.059414044348240221,0.18705343964300297,0.98055136635053786,5.5426928352146421,-19.728900502883477,2.1204826891506472,,0.2023696815405312,0.5909090909090909,False,5
-0.68391413971508219,-0.63908323317987481,-0.35190065439856394,0.6834598729757001,-0.72998352688234036,-0.0025792464907248708,-0.2552333276236069,-0.24227395970012552,0.93603380116393409,7.671609411811624,-8.9535325798975016,1.8128220679977189,,0.07675181095108216,0.3333333333333333,False,5
-0.84837043202669571,-0.33144438608699506,-0.41281016096294515,0.44441244482568265,-0.86961309021289046,-0.21510614174041387,-0.28768939665357379,-0.36594766328233669,0.88505204298464901,-2.1919088733414944,-8.8928935505188687,-1.046377213098052,,0.4358607146282443,0.1935483870967742,False,1
0.65451232153707606,-0.68734307166983388,-0.31491764444632991,0.74247835989135491,0.66292084456674094,0.096238448304004937,0.14261664015531644,-0.29680878636994001,0.94422721750880101,0.014566195654347691,-7.2306830244077087,-0.54230647522966047,,0.07806519800542547,0.3666666666666666,False,1
-0.92091822950290381,0.28391482112641203,-0.26702432270112914,-0.29111595151304598,-0.95659806457269669,-0.013101359869367682,-0.25915462053355942,0.065669758645287277,0.96360072927306317,3.5300897661518182,14.923117319819131,-1.4261880801170299,0.2303916547528163,0.1732450338827282,0.6538461538461539,True,5
0.94080065096214993,-0.12430269959017023,-0.31534580070739815,0.20776216255287283,0.94655246371486423,0.24672518567562851,0.26782273794535788,-0.29763614079932504,0.91634257171078548,-24.622519891460097,16.532780733290679,-9.5777448889157686,,0.6131119054030686,0.4754098360655737,False,1
0.92484032682429262,-0.18692661608623068,-0.33125339255332359,0.27969309155661498,0.92443042434668898,0.25922994633665142,0.25776373758742388,-0.33239559374448868,0.90723261892648599,-14.605464959459926,19.540220417544418,-6.9447671461563658,,0.2081393208404073,0.1818181818181818,False,1
-0.52929472988598925,-0.77766157010828874,-0.3392485391149499,0.83103586285718412,-0.55575910543243057,-0.022609983948677345,-0.17095754900013188,-0.29389504777327335,0.94042501951735236,16.466774504564317,5.1157241073388535,3.141427605190525,0.3972801050460759,0.4043771366029003,0.7391304347826086,True,4
-0.90780566954192876,-0.27350946278189858,-0.31793307490144485,0.29821689749520219,-0.95400082671802378,-0.030807542415180231,-0.29488226192137529,-0.12278027687737272,0.94761250266870667,-1.678457614561095,6.9908553395252939,-2.1311830478836415,,0.2923799916592787,0.3157894736842105,False,1
0.47062984719255579,0.84575673148174491,-0.25140226348389622,-0.8554695477608919,0.50715783448934926,0.10470331307961556,0.21605415937973918,0.16579047641341962,0.96220274274464912,14.221499482806443,-3.4840521889579366,3.2479189243433932,,0.1561050086489655,0.4571428571428571,True,5
0.83518072117957065,0.51956750338095437,-0.18034071198832693,-0.48629181877309702,0.85080610569115533,0.19912116289587561,0.25689186434048089,-0.078603943597853276,0.96323828312964177,-13.256993293789368,1.520437628338644,-5.0707002016231888,,0.2043601859736264,0.2857142857142857,False,2
-0.95812049064744764,0.09719636342210633,-0.26936590790040921,-0.10294382173304376,-0.99466068799302032,0.0072584659706017227,-0.26722218277772009,0.034684040980959917,0.96301055151682624,-11.779905876678084,11.419027720208724,-5.4412011276037244,,0.08796520521052785,0.180327868852459,False,4
0.36378070026191578,0.91110758398659142,-0.19376937972514802,-0.91409536212409015,0.38918750554874298,0.11385409289076204,0.17914594904764447,0.13570576968893283,0.97441812021993712,-4.2118502055028415,-13.077664678623604,-1.3079276234313006,,0.1111048900291771,0.24,False,5
-0.9530473168265855,-0.012250717517397543,-0.30257351471990396,0.034229135451867621,-0.99713582661258493,-0.067442639122856404,-0.30088067099078447,-0.074632856075237314,0.95073695553406878,-11.48209981301618,-18.256393686020189,-3.0360841739406741,0.2992182326441044,0.2530503507165457,0.4444444444444444,True,5
0.67425369461946028,-0.65369259831855453,-0.34361016020418433,0.71874727399953731,0.6877526699296701,0.10197362954629517,0.16965939823729792,-0.31572496244064741,0.93355955175961369,-20.049481709926845,12.985601983254456,-8.0177687535393662,0.8754581356835567,0.9154360039372227,0.5502392344497608,True,3
-0.95417202698280057,0.11408449611779242,-0.27665948505172167,-0.10884298053038385,-0.99346765303536888,-0.034281598003288616,-0.27876324813862546,-0.0025980989099768544,0.96035634082837074,13.459321242656834,-6.2129305126367402,3.2792664951414605,,0.09021567916606268,0.3157894736842105,False,5
0.64928777930586401,-0.63116335610439833,-0.42433264964540995,0.74823377026511295,0.63008688312915406,0.20769387266706651,0.13627767491014645,-0.45235311165020448,0.88136545070785721,-7.7171374853319463,-10.322543733443746,-2.5982302365708141,,0.3135368327127501,0.2444444444444444,False,4
-0.83597534159540887,-0.45162398691421562,-0.31173867692050816,0.46851659008014318,-0.88315398264898259,0.023048812353719361,-0.28572265059689544,-0.12678650312612288,0.9498882826737759,-17.426186324936609,-13.01253196734411,-5.2186097790124011,0.5458396808409695,0.544784268986177,0.825,True,1
-0.043311859849059123,-0.87443516122459564,-0.48320516513229916,0.99502759534432528,-0.081175694399140005,0.057711273960193793,-0.089689281966724321,-0.47830289091007427,0.87360298605680187,-11.046836167938842,16.987292504542566,-5.7351394767094783,,0.2757429744991085,0.1304347826086956,False,6
0.81092246348755082,0.54313769304019044,-0.21772965946389344,-0.51262293405882808,0.83882808471990955,0.1832625759997063,0.28217456598389873,-0.036998522728745792,0.95864937470781819,3.3945581265343128,6.5703827092537432,-0.67276465959599119,,0.09265112552873356,0.2424242424242424,False,3
0.95857212055225482,0.053812499171830522,-0.2797207618909216,-0.015294586223008255,0.99030012800966649,0.13810044205688748,0.28443903623135641,-0.12810102028056802,0.95009713359785342,1.2228757477501588,3.8675392414398164,-1.0921991814397796,0.3263883864901734,0.2345289245297588,0.6,True,3
0.64367718847736832,0.72047339830796986,-0.25806541683154288,-0.7244794237994292,0.68231275075800646,0.097871725458845524,0.24659529907344041,0.12396528741389704,0.96115730553914669,-11.884283389572213,-14.754266333118171,-3.4470400898632803,0.2045844016238573,0.1672612286882192,0.4583333333333333,True,5
-0.14066312467208014,-0.90483265287231507,-0.40186036835390615,0.98334361230396539,-0.17487292606851471,0.04954593695981839,-0.11510528006341555,-0.38819753995135797,0.91435958160738828,-4.6330266460233984,14.18466763277736,-3.6959833822314603,,0.2861790678349593,0.1904761904761905,False,2
-0.66350851077836803,-0.68149555773978931,-0.30873979482018005,0.70369896136923327,-0.70860544796208336,0.051827510902209627,-0.25409491906084164,-0.18287187837223612,0.94973346166599582,-7.0811199983204736,1.6975897702234259,-3.337589439117675,,0.06758729998380296,0.2891566265060241,False,5
-0.94376660584299565,-0.15014714432429246,-0.29455123280484136,0.16119814917775896,-0.98683031721736902,-0.013456660890871455,-0.28865160730066397,-0.0601810607411256,0.95554094079260488,-14.502089325200698,15.556752018621468,-6.5884757226241941,,0.2895280197861758,0.1515151515151515,False,3
-0.94359695128288124,0.20289151804278693,-0.26164828575005933,-0.1941841752110485,-0.9791891336383679,-0.05900124288645367,-0.26817400997720869,-0.0048654363457984948,0.96335820331894639,4.8522115546124924,10.172100081915897,-0.66801297288164629,0.1556957412887198,0.134209875433883,0.4333333333333333,True,5
0.59841538485695744,0.75713145869026799,-0.26201332299722158,-0.76882835621006107,0.63467307275018514,0.078057987503992662,0.22539295874945808,0.15473217179172838,0.9619022659079145,-15.309551107801257,-3.291623842757097,-5.4186387192343721,,0.07621083005781273,0.65,False,2
-0.89779644167489914,0.35306598795856714,-0.26326024664337422,-0.36643378638365681,-0.93044237829593457,0.0018057872359979465,-0.24431092794311479,0.098088678336727894,0.96472316322856499,-12.800072009134169,-12.504305191940501,-3.8968332651715771,,0.1330697951460811,0.3928571428571428,False,4
0.69462812947399366,0.66982806475332834,-0.26233971375350729,-0.67079991162085062,0.73484899822167493,0.10012206740804137,0.25984464649655636,0.10642985239777504,0.9597673917182582,1.0240503270280641,-4.0714945830705469,-0.51513445935119184,0.2975663678809576,0.2062329810772542,0.7922705314009661,True,5
0.2133689588440735,-0.92475751153053742,-0.31511463353777086,0.97691403309599156,0.1984493561881589,0.079100094618328259,-0.010614110510037064,-0.32471741237012974,0.94575152273825458,13.694904219044444,-4.8591740793840721,3.2041015321443784,0.5071602169467968,0.4605653072978664,0.9556962025316456,True,5
0.008129382294160159,-0.89047991333044763,-0.45494992812233226,0.99676818373551046,-0.029145568141944952,0.074858023953989813,-0.079919340813899786,-0.45408816303960531,0.88736511039773802,0.582987885444325,18.49472994412038,-2.5730220618281057,,0.2503598619128058,0.5454545454545454,False,4
0.40495105571694273,-0.85345331598574092,-0.32807328435378219,0.91232589684808163,0.40094682493756045,0.083084905445174981,0.060630853647940075,-0.33295507355412596,0.94099140196948128,8.0460496608228755,-3.436963761462327,1.4373946287165178,,0.07364803578029416,0.3023255813953488,False,5
0.42556853913303,-0.75090010018977005,-0.50501530475340284,0.9027540254304981,0.39092985786631879,0.1794687042290421,0.062662493321047619,-0.53228083354899569,0.84424553665813162,-14.179919364069354,5.9014106773062665,-5.7567953828243539,,0.4374109969756277,0.4166666666666667,False,2
-0.77466893901728817,-0.53261438916685466,-0.34089580134441044,0.5729885058219546,-0.81926619926695499,-0.022069592986784459,-0.26752982472568071,-0.21242600403692732,0.93984200038684729,1.8171598080080578,7.128674553297544,-1.202510366382102,0.1625621601730552,0.1359472060705245,0.1212121212121212,True,5
0.28990198678574264,0.94104367863935967,-0.17433769801905036,-0.94424134254981418,0.31094460699937021,0.10826697741108543,0.15609332169380072,0.13323005017979145,0.97871580586587392,10.075899046012935,-11.974194862718507,2.753082007386745,,0.09770222416961873,0.625,False,4
-0.95779977821666451,0.037046794594746912,-0.28503880412737431,-0.026815879723524973,-0.99885119903342268,-0.039713861360337749,-0.28618262253806137,-0.0303943613150418,0.9576928992936562,1.5652394786072494,5.8571020516170895,-1.1517372950702565,,0.07716495854746167,0.1707317073170732,False,5
0.96042081386730371,0.002957995194028163,-0.27853744910675549,0.038246749847056262,0.98907260919493301,0.14238173993340639,0.27591492604895995,-0.14739953868570815,0.94981278659462032,3.6298494461410007,11.020920734244221,-1.0352266425854872,0.3153699738401329,0.2074128978974052,0.2068965517241379,True,5
0.17041833168129705,-0.88726711618405552,-0.42861947781848808,0.98529965017289223,0.14817614904387474,0.085020163630185497,-0.011924411773311189,-0.43680761599697138,0.89947591130107718,0.43475627602305289,-11.49288678772243,-0.1209187228806485,,0.191183311995801,0.1851851851851852,False,5
-0.84609564168876894,0.49492082007781274,-0.19792813586950656,-0.48233403790410923,-0.86893656876450109,-0.11091940922532334,-0.22688332022074645,0.0016190482645331017,0.97392060132658131,-4.3690799292304909,22.307360178158437,-4.2091027289724856,,0.4419433996258793,0.2,False,2
-0.097301127317927505,-0.93294413761870676,-0.34662332106415966,0.99006441273430157,-0.12625681164672936,0.061900534326322781,-0.10151329597516978,-0.33715642303786736,0.9359597198301689,11.794890053193528,-4.5506514029798639,2.6395778217014447,,0.08139373126189024,0.3823529411764706,False,5
-0.36082349186315998,-0.87372220386772126,-0.32621452786196942,0.91805309854608186,-0.39435499225713466,0.040775584996568276,-0.16427086159636917,-0.28476946913320356,0.94441592186916223,-8.3913890674418177,-14.999872509459168,-2.4235449429566511,0.374462092461505,0.3195157659348778,0.9285714285714286,True,5
-0.87387911698242404,0.39613399274720767,-0.28180338658748366,-0.42741078564325896,-0.90225215214492893,0.057105816390775055,-0.23163615697431983,0.17034938726041826,0.95777125507198702,-16.550540543866944,-8.3272624483251114,-5.3206016307281372,,0.07172169791639375,0.2222222222222222,False,1
-0.90721655263641887,-0.22883991942073811,-0.35297367876656666,0.25997581195220837,-0.9646670372265157,-0.042779486771206271,-0.33071241860910411,-0.13057487724722511,0.93465474781311153,9.1402376524485405,20.238290535871755,-0.13343662385777419,0.5238843194836296,0.461828314363635,0.8461538461538461,True,5
-0.95676353451092988,0.11791457479631287,-0.26589413698078807,-0.093315534740678455,-0.99025624200320439,-0.10336723924799929,-0.27549183292107693,-0.074085951598779329,0.95844432377133415,8.948757018644363,-8.2072797764588703,2.0765636120374338,,0.1287602564806433,0.1923076923076923,False,5
0.38608912726077022,-0.83623243089416088,-0.38942330096164057,0.92071481862796811,0.37530241329082187,0.1069220339170279,0.056739832303997637,-0.39982923867437309,0.91483177214785616,11.531293782648556,-3.2254839839173108,2.483316614496299,0.5389182946465572,0.3941821540510133,0.6407766990291263,True,3
-0.95224962547312808,-0.088301320733440478,-0.29227303594929588,0.086595088390371389,-0.99606624655531983,0.018796891760638416,-0.29278309625549115,-0.007410076243024602,0.95615017090262611,9.6459939217986079,6.1361763664548397,1.1509325355675952,,0.07283980513413163,0.3571428571428572,False,1
0.66258238333384734,0.7109915883255572,-0.23553247467374816,-0.70819928657443132,0.69707571955844316,0.11197862160941652,0.24379982729916944,0.092608868540652589,0.96539382724177147,0.75867297773137632,-16.073681738817278,0.39869871775329346,,0.2314391123374943,0.4,False,5
0.81382766904413195,-0.46975057417635552,-0.34208028759222597,0.56504854280010131,0.77712687958131821,0.27711722665992189,0.13566381012516893,-0.41881763464924537,0.89787923437906414,3.4843876219742427,-15.940692932350972,1.1582773356290432,,0.5472160559323386,0.55,False,2
0.9279814115892755,0.28905271332405336,-0.23515745504827007,-0.23316168982843971,0.94269943813609769,0.23864910587352525,0.29066497233262051,-0.16663222454822246,0.94220357439408442,11.829743794515183,-8.7774277214854095,3.0058074739468754,0.6886583766895781,0.2319756564409354,0.4444444444444444,True,4
0.72773632326847004,0.63962705187240987,-0.24754207381513962,-0.63216875127397254,0.76554241191351458,0.119613901676798,0.26601224353100167,0.069440982673417029,0.9614652548152508,-6.3047523224763049,-18.297702312231003,-1.5384654501612254,0.6226013674101561,0.5878435998348793,0.923728813559322,True,5
0.96138505407638641,0.11911246050370076,-0.24809473906413057,-0.027808094418408154,0.93891526631515532,0.34302307876461996,0.27379826092099568,-0.32287821919896692,0.90597139462763587,-15.039725193112513,21.647168347601269,-7.2702058438194603,,0.2811348269682794,0.3333333333333333,False,4
0.64876971024583563,0.72889435601837804,-0.21865699355860752,-0.72190640151071195,0.68039420573859355,0.12615416067337412,0.24072600716455556,0.076004885118673815,0.96761265334466762,6.383635408062065,-4.3444226531839423,1.0881682704936702,,0.1326897794985464,0.2173913043478261,False,6
0.87086707949831377,-0.37920268170948496,-0.31272328987527248,0.42859507214448178,0.89731933938604702,0.10547164214733315,0.24061752633493899,-0.22588344195209137,0.94397027319314031,-4.9641325054076875,7.8448855851985062,-3.1955990341428238,,0.3912433934587187,0.8891129032258065,False,3
-0.64880432648501163,-0.63364182197820584,-0.42136799519478352,0.69569934327348781,-0.71827771816591002,0.0089187081582648847,-0.30831050858374803,-0.28735894109373761,0.90684589058467791,-15.177777210855485,-0.80354345419143602,-5.4703834343767959,,0.609697338068187,0.4803149606299212,False,2
-0.12899952980761897,0.97298661681897847,-0.19145799748396736,-0.99144893176319016,-0.12271160830385862,0.044394559273724932,0.019701193239017485,0.19554770435532615,0.98049628163819158,5.4049502886505483,-9.0060400974370136,1.1257898748049415,0.3202635976031488,0.2744356511805959,0.8362068965517241,True,7
-0.87788919086812367,0.42050631120258897,-0.22909607328739351,-0.41211194766381615,-0.90708803837874397,-0.085761490326011797,-0.24387355565876254,0.019124143614653269,0.96961845897309473,-0.80134256305297458,-14.43937066516958,-0.26781059260544571,,0.177301614457552,0.2,False,5
0.68830682082642558,0.69381008794526777,-0.21180482116609078,-0.66854580245671347,0.72003027505428585,0.1860185824662676,0.28156745270241923,0.013563365018689988,0.95944557151932386,5.9816704597819204,10.922336541223137,-0.35789210164074708,,0.3888781053354443,0.1914893617021277,False,4
-0.11512066850056327,0.98756014962889138,-0.10710827488548991,-0.99249671790823157,-0.10987881098406932,0.053636851493316741,0.041200687195390016,0.11247932148483741,0.99279952941816962,-8.1376220457346502,-5.7079213426705859,-3.0542072296571039,,0.438226687743931,0.4777777777777778,False,5
0.84249148610562685,-0.44256881592713859,-0.30714970129952007,0.49289139253851594,0.8633682838973733,0.10795036600933158,0.21740784484690617,-0.24233870827615761,0.94551878853361171,-23.671254034105836,-9.4724460582099148,-7.2637895467713927,,0.3582622292926843,0.8055555555555556,False,1
0.14554771993142163,-0.86084620234100417,-0.48760606757692793,0.98884476202514648,0.11080984380471791,0.099534994506484384,-0.031652769834507648,-0.49665379735893012,0.86737137820587495,7.1707549401670896,-7.4897723156237328,1.4726494730999711,,0.09558701224890834,0.5714285714285714,False,8
0.0058515787283913157,-0.86938882871295575,-0.49409394201457391,0.98825033360692593,-0.070438801570599466,0.13564532192117201,-0.15273191268423936,-0.48908224230942327,0.85876162181678894,5.795403946057089,-0.40373622074793314,0.60681366473149068,,0.2859432111882514,0.2352941176470588,False,2
0.15492197695763843,0.98528185167479476,-0.072241634919381209,-0.98021011911903744,0.16242213972593056,0.11316877176806694,0.12323677792030861,0.053279651717503901,0.99094600018400725,-17.230560101494092,-3.3167993614791413,-5.9063762350078717,,0.4434448789213552,0.186046511627907,False,2
-0.58285207503520198,0.77962808616863366,-0.22904913421402734,-0.80423128828441759,-0.59377175960886452,0.025438797836802619,-0.11617010618721269,0.1990355363949588,0.97308240230744369,-5.8223622462773736,0.92624006008892668,-2.8669231429914124,0.6139696299202567,0.5691382863845862,0.9812775330396476,True,5
-0.23147725387700763,-0.83868337877877097,-0.4929791791726974,0.96655050770359696,-0.25579611902588695,-0.018667124824565562,-0.11044635347299149,-0.4808102907088424,0.86984082874569646,1.1572586896159867,16.108125353109834,-2.200179382823829,,0.4105949295464923,0.5263157894736842,False,2
0.095813444921770019,0.98186978631131128,-0.16355887778167968,-0.98880913154108863,0.11276192679464409,0.097679318417548275,0.11435158570470459,0.15236951989994199,0.9816859193511337,3.6193471658585601,-9.1039650013207361,0.6339480972661421,0.6581086939461395,0.5418857850708771,0.2368421052631579,True,5
-0.57361238851820628,0.80447631003079534,-0.1542293562771867,-0.81635153587196341,-0.57693046136284942,0.026859125658469554,-0.067372083372313554,0.14131209909589085,0.9876699312175039,24.53863633837058,-4.489029260696376,6.3634827705592771,,0.2697625774065724,0.2,False,5
-0.48517683832439784,0.8428598813486281,-0.23278886564120518,-0.87037808912377046,-0.49106320065010195,0.036040462546050318,-0.083936985452163076,0.22010032571592381,0.97185926403618195,1.6990496008755449,8.0669237671990661,-1.2769106756837905,,0.08531728449923517,0.1071428571428571,False,5
0.92628802279641076,0.29721729483065157,-0.23162983071587645,-0.24699311431054882,0.94313524307577878,0.22246418757087133,0.28457846072233267,-0.14885493919229278,0.94702550481545478,9.705951241660685,3.49421414904148,1.3821745493800646,1.007429748600795,0.540057116650624,0.2777777777777778,True,3
0.94837576366949339,-0.053078374326520197,-0.31267570590494892,0.13036678693955792,0.96399498370955439,0.23177181072311409,0.28911574109231791,-0.26056929512448113,0.92114913596603376,-6.6631401893681943,15.29872352264163,-4.3002191989394003,,0.2354143813928877,0.32,False,2
-0.89776806852671853,0.34102261037695203,-0.27877602900087317,-0.36207831485135028,-0.93177934205383539,0.026202130373860551,-0.25082222598528336,0.12446219077861337,0.95999863230026339,-23.670099939633573,13.586669901841073,-9.183486287290604,0.3889318610007479,0.174918119175035,0.4615384615384616,True,3
-0.58659133949440545,-0.72491844399411998,-0.36111473244289521,0.7755976434648143,-0.63118654933033846,0.0071996802906630561,-0.23314994291654195,-0.27585646539750486,0.9324936003085541,-17.73545348599724,-5.8434662323916022,-5.8548533917298142,,0.09800219483966258,0.3461538461538461,False,1
-0.88308799575204966,-0.33644765427463363,-0.32704520741286713,0.36050100478794406,-0.93265439164466712,-0.013957481606630712,-0.30032418701381919,-0.13022581034116576,0.94490561487138847,4.2515137918891792,5.2768195506611297,-0.38452391584673673,0.2977600452840659,0.1223867782180652,0.103448275862069,True,5
0.91694625825646325,-0.2556569169025813,-0.30634800523152844,0.31064955312143072,0.93924617418343892,0.14599136764626328,0.25041248893560664,-0.229033109225801,0.94065797198739332,11.196932233911332,-9.6847043691405421,2.9063071030485212,0.1388956217812067,0.123470226047911,0.2941176470588235,True,5
0.79232053178053341,-0.46972806097608849,-0.38933754461990638,0.58289832857633328,0.77125661300752624,0.2557201115185832,0.18016024384400231,-0.42955649875633817,0.88488615138574001,11.231678254430852,-6.2890201699811215,2.6240242583882134,,0.0985226511509123,0.2222222222222222,False,5
0.88636667716562123,0.36743236659167977,-0.2816870064295019,-0.35952024621480927,0.92959080451729481,0.081278094948964485,0.29171785370803016,0.029229986960781607,0.95605768742804143,14.293485015111864,-11.927375545718808,4.0083898491133176,0.5220478276701054,0.5188035417140914,0.8315789473684211,True,5
-0.16184522834322318,-0.81500053829168329,-0.55639935715886346,0.97749117753251002,-0.20973215304860252,0.022878413924577755,-0.13534075479557756,-0.54017270068179513,0.83059998406543423,-17.89550172682079,22.3489307320155,-8.1094830466243604,,0.4039985992161301,0.2173913043478261,False,2
-0.067346852683736622,0.96406706615359494,-0.25698072572003683,-0.99631904574450503,-0.05129143493696349,0.068684407174174469,0.053035464741582342,0.26066047007574622,0.96397269609649072,-2.1947090356662269,13.0231116722192,-2.8520329073881672,0.7661631451494191,0.7313686002362723,0.9347319347319347,True,5
0.69193725284150975,-0.64924742686127834,-0.315754044857946,0.70268762842569699,0.70601545789960696,0.08816047903838814,0.16568927239750464,-0.28287798062206498,0.94473653104533251,2.0613415512340652,14.393267210740802,-1.8027491370949815,0.2327665002330092,0.1197101212943731,0.4871794871794872,True,5
0.7899043210077229,-0.48299143818827761,-0.37784975094625683,0.59419482699335224,0.75516013932274717,0.27688566512622187,0.15160366495460895,-0.44322955070129233,0.88349527115738569,-3.1882559643198261,-18.17709567482531,-0.6341792369933078,,0.3581928162602594,0.2,False,3
0.95889024012154467,0.098905663937181171,-0.2659834149731754,-0.070612316676658501,0.9909761270935753,0.1139307520565635,0.27485161111625739,-0.09046538106792136,0.95722129452652382,-13.829150891710713,21.007811089706674,-6.833811346940184,0.3418458321768345,0.2403263120669906,0.7976190476190477,True,4
0.95309226227795552,-0.081062628261648992,-0.29162302701467735,0.12556053094792999,0.98254730629717546,0.13724191763538929,0.27540822909630625,-0.16742055186708335,0.94663650159845325,-5.5550359674698688,-17.554640381761093,-1.3887249625268914,0.4099949505009099,0.4303898064047139,0.864406779661017,True,5
0.065787775387530931,-0.94025072088075778,-0.33406668569729592,0.99550005744353032,0.038963043516162241,0.086380072180369236,-0.068202670325200138,-0.33824615758818866,0.93858293860337094,-12.932463944723532,11.776969236204472,-5.850679982003685,0.2691529734732546,0.1832532518770324,0.7685185185185185,True,6
-0.76258477289747273,-0.52947962936760706,-0.37163932277095163,0.58185430443908248,-0.81247871324302823,-0.036385559397436998,-0.28268362625136534,-0.2439870132029458,0.92766389648281766,-4.0865837509429026,11.723954193475903,-3.3318123498836232,0.5314929644620725,0.2313482034181887,0.52,True,2
-0.0055186533279532671,-0.94956373808883865,-0.31352552012906193,0.99755709250183522,-0.027061492156500288,0.064401264285337462,-0.069637573656267479,-0.31240419803359976,0.94739338470682466,-10.041376366950306,-14.055179243286583,-2.9887431847872765,0.3578107529992892,0.3314739458666155,0.8152173913043478,True,5
-0.04690715177107322,-0.94095191451561611,-0.33527483305808026,0.99094635746364779,-0.086103991997046131,0.10301174297963339,-0.12579759831672049,-0.3274073871059886,0.93647176525839582,-8.0311667483745026,-3.7067639298951027,-3.2045665778246124,0.1549456045770244,0.1148627324114062,0.2702702702702703,True,5
0.95428911007098827,-0.050047629658912372,-0.29466511358735159,0.080603423227443918,0.99244715037811937,0.092475628521079642,0.28781136628691384,-0.11199950210548046,0.95111551820175111,4.4352294938393122,-7.2208237461271709,0.71737553783694141,0.1934922299143826,0.1852641551207052,0.459016393442623,True,5
-0.95601854525293284,0.076276079939785427,-0.28321458430223334,-0.081517142028519826,-0.99664908900548532,0.0067489954837418181,-0.28175077051885683,0.029539008337398816,0.95903282024051439,-6.0661598083629169,5.7258226673412551,-3.3545816774813511,,0.0827149111687443,0.462962962962963,True,4
0.92050259819629543,-0.26087239046923422,-0.29089613714303442,0.29627296289925698,0.951372512822519,0.084336666407106242,0.25474948119430441,-0.16381678099827074,0.95303030596859817,-11.143563521969289,-2.0746456819108836,-4.1632214537910146,,0.093816863698361,0.5846153846153846,False,3
0.0011260294907572653,0.98847564017155209,-0.151375826488336,-0.99608012249157885,0.014497659583972615,0.087259426102567261,0.088448412279407779,0.15068419510362763,0.98461726153425966,-12.934257175441841,-11.259685491701534,-4.0203514291863414,,0.2773560213599456,0.3157894736842105,False,5
0.52198998376152561,-0.77461652623651955,-0.35706539195770676,0.84763737517769266,0.5177541446700642,0.11593759476046854,0.095064909690772262,-0.36318023481219175,0.92685639663717467,-14.327351331654626,-7.4668833272325532,-4.7396260938798029,,0.2722795902431516,0.1521739130434783,False,1
0.75079799305462069,0.60451076782091573,-0.26621251888993003,-0.60525668003374145,0.79101466955362654,0.089219638115724115,0.26451223960279713,0.094140980128393503,0.95977640675356202,16.33412976852027,-8.4113641589568307,4.2940880579558645,0.5762353788899838,0.546297320668318,0.9402985074626866,True,5
-0.24363723720736841,0.93643855342617277,-0.25243560030839118,-0.96986350482551764,-0.23587872301531132,0.061041052057034847,-0.0023829925564454457,0.25969994933723689,0.9656864178710981,-12.812348321598209,16.550986540401727,-6.2677390818164573,,0.1037531649807614,0.1176470588235294,False,2
-0.59256358107018348,-0.73504655373103367,-0.32950715657996205,0.77118470223542379,-0.63583025151401207,0.031528499769090883,-0.2326855333434841,-0.23542823770261623,0.94362650845813989,18.985763242144515,-10.912202940403553,5.3316077059531297,,0.1721961043938179,0.2727272727272727,False,4
0.68414800229337636,0.68806104243701183,-0.2418956651915784,-0.68126404734904056,0.72130249221099918,0.12490801623517625,0.26042428601723738,0.079339250126878674,0.96222890968922681,-1.0569700169928189,-10.098166639530525,-0.63733764937351756,0.277747558443915,0.1849282124835205,0.5571428571428572,True,2
0.03792418114751786,-0.92194750039543405,-0.38545371057871758,0.9948801582830411,-0.0013246439036118732,0.10105303544792731,-0.093676182346430409,-0.38731260221317387,0.91717703908670689,-3.4791047458542876,12.732288546173619,-3.2127196313821194,,0.1433617547435343,0.3478260869565217,False,3
0.16579267242224044,-0.87361728180808707,-0.45749932753758393,0.9858225927984744,0.13467571912407877,0.10008129798571691,-0.025818700571200524,-0.46760591912919813,0.88355990124957162,-24.307328336335519,14.761080047369205,-9.3870826147972384,,0.1396183952275232,0.2727272727272727,False,3
-0.40515177785274598,0.8977512707602987,-0.17290081767021578,-0.91258327610651457,-0.40852790433397501,0.017225433265739075,-0.055170654096729943,0.16476530954287863,0.98478860254258616,-13.166887683538903,25.083111409451419,-6.9105527743978286,,0.1521144248556648,0.2666666666666667,False,1
0.65201850571165931,-0.67291306076602297,-0.3493706926175103,0.74199228449028276,0.66107526322910837,0.11147621317329412,0.15594652277760945,-0.33191491228486425,0.93032960451471469,14.588579456743769,-7.4456102835764915,3.7059795596549283,,0.1003837644890742,0.1333333333333333,False,6
0.54355914147075546,0.81602885953448323,-0.19657151403604978,-0.80911688990543784,0.5717047649890995,0.13595411048772782,0.22332334896585707,0.085150232504722256,0.97101808413183788,8.5214125836685426,-2.691866983959081,1.5264947570584384,,0.08200409087398879,0.1627906976744186,False,5
0.94080871250760878,-0.14176832313658749,-0.30786475768560612,0.18703532192283079,0.97465432947386932,0.12274659421371562,0.28266014013829399,-0.17306264932932119,0.94347896880858861,-12.864254954716245,13.635219240682146,-6.0250304535468375,,0.1122783207919797,0.4285714285714285,False,5
-0.8794522850040839,-0.33661259522525633,-0.33653475175205055,0.38223292904762129,-0.92077811081179606,-0.077882338187403546,-0.28365765696129686,-0.19712846416887314,0.93844483176244808,-13.119745058233981,-4.770350702573233,-4.59508406798584,,0.2916836298843589,0.4166666666666667,False,3
0.64445479967449526,0.74309217088899326,-0.18025547631068081,-0.72999178928072272,0.66807157114037574,0.14419557349918694,0.22757416100962746,0.038657488246315264,0.97299311397524868,-13.345629447070388,-9.5519279398584782,-4.3321761164829287,,0.259665088566525,0.375,False,4
-0.3611157333506349,-0.85125068915264968,-0.38074622958576193,0.91897277387965892,-0.39420070086677689,0.0097390093987679699,-0.15838076901745535,-0.34637850922550395,0.92462828225842131,-14.237872502649241,-4.1541882541754465,-4.9567239056716677,,0.2033048811859191,0.3260869565217391,False,2
-0.56687171091440547,-0.67289880531872637,-0.47525115588034705,0.78811649148697949,-0.61093461346177591,-0.075041947739680134,-0.23985174423220088,-0.41709243085309244,0.87664419516348246,-0.91117268041069477,5.9432980725872513,-1.8606803941573304,,0.4125982656181025,0.15,False,2
-0.49684178121416367,-0.78451029478205614,-0.37106851364796345,0.84025042708334641,-0.5418129231066402,0.020444464798389732,-0.21708860915808542,-0.30163281276348158,0.92838040804306043,5.6734561261923044,2.6993345597049441,0.29410028133022514,,0.1230885256709707,0.2432432432432433,False,4
0.95680328824598893,0.11302141361319137,-0.2678686761578144,-0.025054276554346219,0.94997201015887622,0.31132854533602228,0.28965453704025163,-0.29116892000964195,0.91176801281489228,-22.643527737597537,-5.7356144414801786,-7.2132990084074278,,0.1831832915485714,0.3529411764705883,False,1
-0.94464626885337,0.18061398331821457,-0.27390147091852945,-0.17666587799040057,-0.98348879008422208,-0.039229674132645428,-0.27646445394532609,0.011330878544947111,0.96095734395243171,-15.724359771299275,28.83553991441001,-7.8845228208745031,,0.3521167449511788,0.5833333333333334,False,2
0.46883631322978492,0.86204731899807641,-0.19252774139155096,-0.86182097633359889,0.49420404087216724,0.11413575573423143,0.19353841000820962,0.11241345913123671,0.9746312626104523,9.2366381392523529,9.9337101656497655,0.70878746406728999,0.3009613457311634,0.2169671560711227,0.5681818181818182,True,5
0.2226935898871657,-0.89909622648020426,-0.37687337469264959,0.97488830846358177,0.20561528526184478,0.085528594561750548,0.00059248981839801762,-0.38645611652003864,0.92230760538990897,-14.324128337437115,-17.010795849063925,-3.9723520861648716,,0.1754538005773801,0.1538461538461539,False,5
-0.33032148578066511,-0.84850330334756119,-0.4134366459808943,0.929502205198104,-0.36855971871675114,0.013761695800018452,-0.16405293829589529,-0.37974449034542523,0.91042888546485479,-12.792074437656703,10.808511875982028,-5.7832308640615873,0.4553255639609589,0.3838290436525116,0.2127659574468085,True,4
-0.64908388694400365,-0.69331867526478241,-0.31304843433365293,0.71922536270845883,-0.69336024711296351,0.044344620421609526,-0.2478002932737379,-0.19636899514062189,0.94870133993839834,-0.29183154444729592,10.119376382072891,-2.0292599615099851,,0.09080664953363803,0.2622950819672131,False,5
0.16421547858618527,-0.93543558142960415,-0.31303921413805036,0.98618982192402305,0.14876821125190037,0.072784987836593054,-0.021515383477251689,-0.32066850845751599,0.94694709248059816,-4.1960841726821227,-9.9238224903997221,-1.5703407229927902,0.3478747019883636,0.2984463552061056,0.728,True,5
-0.33624128437163864,0.93283499888059762,-0.12946298137902662,-0.94105488484912769,-0.33817216169419062,0.0074359099425283584,-0.036844299229405492,0.12433203094341216,0.99155637444160516,3.4989972129949298,-19.757997615903967,1.4753988619401361,,0.4053532356619495,0.7380952380952381,False,5
