axis_00,axis_01,axis_02,axis_10,axis_11,axis_12,axis_20,axis_21,axis_22,location_x,location_y,location_z,dbh,dbh_approximation,score,reconstructed,number_clusters
0.75073846228968355,-0.59785700169755629,-0.28099602623547942,0.64600093303124184,0.7533503585381458,0.12306921553830184,0.13811066490929313,-0.27391648875461327,0.95178527065019114,19.312371233016869,-5.7819805104079718,4.7751243662206644,0.3274431319332572,0.2197806340459364,0.2,True,5
0.20086880044583777,-0.90277739275410529,-0.38032184283781645,0.97911159268637216,0.17253341666796698,0.10757652717965879,-0.031499429750527434,-0.39398629324505718,0.91857639130363777,-0.10288962662479934,-14.290297478796822,0.47794785061483408,0.8608181333944854,0.4155194374110706,0.4736842105263158,True,5
-0.46860093988633239,0.85077532067887962,-0.23789601270596161,-0.88247781029510253,-0.46318149885330462,0.081827950339519798,-0.040571831045771722,0.24828260680876407,0.96783762774643034,-25.738490358656364,6.7466686946303742,-8.3773788806923086,0.4807186771110423,0.4332010548712654,0.9214285714285714,True,5
0.70784426838856185,-0.65259387715746631,-0.27032891670342774,0.69492013074285641,0.71198073152831953,0.10084369003924674,0.12665900519818674,-0.25923863413655412,0.95747210245166992,-8.8387032681921038,-10.618154266961289,-2.2525057438895777,0.2027968211241775,0.1353093037881027,0.4411764705882353,True,5
-0.18122468080647913,-0.93730555062884269,-0.29768426197391029,0.97360045226422842,-0.21370983583649755,0.080188935755668295,-0.13877958934036089,-0.27529331780320998,0.95129060478668737,-15.610907972628951,-13.983106785637288,-3.5812534879280036,,0.08384556995315605,0.1111111111111111,False,2
-0.96491095228300416,0.1179597621971655,-0.23458974544232397,-0.064320051644815648,-0.97237590434009347,-0.22438367056270797,-0.25457766029389628,-0.20142143669722387,0.94584333783037888,-11.785587327224894,-13.334202646453276,-2.6864234813364747,,0.1910845000952293,0.2666666666666667,False,1
0.86292562411508167,-0.41584188655511412,-0.28711477257689316,0.47529608662699263,0.86086453192812495,0.18167522589840646,0.17161875562613732,-0.29323673551322704,0.94051008482784637,-13.252372248407324,-2.9023495441895872,-4.1973863174273447,,0.07805892630106392,0.2,False,3
0.53227202355385972,0.83983570057482537,-0.10659497634444434,-0.79547028520747476,0.53924584302229661,0.27647955825903692,0.28967830138589812,-0.06236919771141558,0.95508982032216005,-11.443759589235695,8.1891789810335727,-4.8362493008388059,,0.5448776401169383,0.3442622950819672,False,2
-0.47321283713062484,-0.82166400545595952,-0.31770721256032902,0.85520349762115266,-0.51501846725440181,0.058163184605677494,-0.21141567688166446,-0.24418075379725546,0.94640328139946372,8.3792016001424283,2.3110833172152083,0.92290727064432365,0.2117839533179769,0.1829773435817756,0.4090909090909091,True,5
0.23662549725000886,-0.89717885546364595,-0.37293226645079747,0.97127066660121963,0.2084192223254096,0.11486827223082029,-0.025331132055406179,-0.38939893306763695,0.92072080712590498,-10.31668850735505,-14.077959165843401,-2.2469511584360431,,0.09678444003861657,0.1333333333333333,False,2
-0.031147132602573312,-0.93581133034436148,-0.35112250017587238,0.99532916219962142,-0.061155466055488591,0.074698513014230292,-0.091376774979416292,-0.34715581943941792,0.93334512481916831,9.0163509759246097,7.5606895219326171,0.48085817898919758,0.3828437213354806,0.2019042830193205,0.3157894736842105,True,6
-0.40493078906403018,0.90073351458858442,-0.15719475743445582,-0.91429485202154226,-0.40072089491157931,0.059056650329734922,-0.0097969196632125694,0.1676362135045962,0.98580024360260399,5.4975138783059947,7.1304388529520848,-0.3802342190638221,0.6953979972676642,0.4777113375416737,0.2735042735042735,True,4
-0.53644584542863427,0.82712922348631823,-0.16758013777676126,-0.84108639992215428,-0.5402895572113533,0.025707240893380376,-0.069278588238706459,0.15473991735580173,0.98552322914702117,-8.0216176956832488,-13.049334116220736,-1.8034921341092303,,0.2876709203630859,0.6979166666666666,False,7
-0.93223432648033788,-0.22240792263692968,-0.28543629145586136,0.23732057315488742,-0.97125905879528496,-0.018297165505399809,-0.27316314921523666,-0.084797150048936148,0.95822301018833389,-11.355617717700573,-7.4440283198760442,-3.2270389101612622,0.3840557615757628,0.07626137725829626,0.2765957446808511,True,4
0.7879928466250441,-0.5274354386930975,-0.31761475355905733,0.60083766313493925,0.77137346429336384,0.2097071318353313,0.13439261968689376,-0.35608262607809971,0.92473984837846113,-0.97416064222648013,21.073256912266949,-3.1563592118630162,0.3930982917366601,0.1962715967107184,0.25,True,3
-0.96397602819357953,-0.024561932707516117,-0.26485265437560324,0.035615100414715606,-0.99867998574738892,-0.037011494026111424,-0.26359397127131157,-0.04511094688949227,0.96357834179694624,9.6010265952678964,-20.593312420417643,3.6703393498515156,,0.09297991921663246,0.4444444444444444,False,1
0.63505737262275463,0.74509894862539483,-0.20378834666097886,-0.7399358740077101,0.66251542371856331,0.11648268408419739,0.22180404828120348,0.076817121088620849,0.97206074608211901,17.024146623731692,-0.55582581791307295,3.5860055676640537,,0.1327625963743305,0.3333333333333333,False,2
0.45494737234475857,0.8746735977956458,-0.16723930673086718,-0.87018090875517606,0.47655398161234547,0.1252257507361671,0.1892302154377471,0.088557325663332714,0.97793124790894304,2.9991768873929203,-6.3852031507019449,0.43263380099155402,,0.8352340722555007,0.5381526104417671,False,2
-0.90616651395708414,-0.3236754153772764,-0.27220667600779425,0.32200858905621793,-0.94530291966417679,0.05208510966107361,-0.2741764350867677,-0.040455105422305349,0.96082811516336297,-7.909804684657912,11.861100004068989,-4.2861747750050831,,0.06724147309963789,0.2439024390243902,False,5
0.36831574603499512,0.92219687460619049,-0.11788314421179882,-0.91620949584279998,0.38156403269850958,0.12234806364766686,0.15780896980263157,0.062942937788328768,0.98546157491421615,1.0368557963366516,-9.3822085245945726,0.27611380358408977,,0.183070548360801,0.1724137931034483,False,2
-0.46025079873514446,-0.83303386985974703,-0.30695891244620144,0.86387543472817996,-0.49994085299429619,0.061468502344962428,-0.2046666449054626,-0.2368833366318297,0.94973567337934151,15.98366260343553,-0.690037061660004,3.3685116612688968,,0.1119537033303569,0.3,False,2
0.62982874356465202,0.75948913165947407,-0.16276367122582774,-0.73890016799049585,0.65045090597696387,0.17589815421818211,0.23946251381664785,0.0094803905449348802,0.97085932383210205,-10.121964323018393,-10.760390594150323,-2.5363289542432246,0.1496604253745749,0.2087548698754185,0.2608695652173913,True,5
-0.9171424566311005,-0.27909495635369991,-0.28452718601672444,0.28749901224365915,-0.95769685570504626,0.012690568607734834,-0.27603266510250124,-0.070162225667332698,0.95858397122308281,-7.9114770014769746,-0.41525799633071114,-3.1266986129117655,,0.07766695631757088,0.3144654088050314,False,4
0.48777225496381976,-0.80643138399590752,-0.33428528264635532,0.87153805715807464,0.47178462915805763,0.13356900319805015,0.049996421998349874,-0.35649359965732536,0.9329590940607867,-10.926692771940361,16.554660261335041,-5.4058395488964495,,0.1030464281447451,0.391304347826087,False,2
-0.95200333621794753,-0.12880331216435112,-0.27766770536990637,0.13866373538548796,-0.9902088954025009,-0.016084525317885581,-0.27287729168774716,-0.053814962986617379,0.96054252037060195,-5.7635475490938379,-20.240746006170067,-0.41260472341050769,0.3241637262123327,0.2957367153003577,0.5862068965517241,True,5
0.23168873978814158,-0.91787253206678665,-0.32222716014123898,0.9723975761146183,0.20911357819539686,0.10351070176910185,-0.027627555479939885,-0.33731517352710721,0.94098628676861162,-29.711864956663916,12.095585606060903,-9.7100802989093484,,0.07707321488387808,0.3809523809523809,False,1
0.40292654771004577,0.88791895804276888,-0.22192368305052085,-0.89461259893457767,0.43327547359309354,0.1092733353119647,0.19317995490729584,0.1545065951049478,0.96892167748022395,-3.8157380199830775,6.2572223637290776,-2.7102926532951015,0.7367767143203154,0.6558499322978173,0.9679679679679679,True,5
0.93419025503926989,-0.22602871186038045,-0.27604273003359414,0.27951051029049462,0.94451197844090651,0.17254274026684066,0.22172605175488505,-0.2383445908687257,0.94553128661975461,-6.8527001076205512,-9.1055011783788231,-1.8530913448029802,0.228808185999193,0.2131657336723863,0.5962732919254659,True,5
0.91554449339242105,0.36339535493906272,-0.17240097629516815,-0.29334238306542326,0.8965299479588118,0.33194020351633818,0.27518816638132004,-0.25333351223571293,0.9274123164278143,-11.470783342187088,12.906887370276275,-5.2657815067256433,,0.1697260424431604,0.3442622950819672,False,3
0.58911791222885912,-0.69472880056493125,-0.41266448739468997,0.80305860087914249,0.56003389319348162,0.20361464099761084,0.089649144140611481,-0.45134679808342959,0.88783393650766218,-4.5146319293580834,7.4485004736152023,-2.9710335391633915,,0.1907940297177256,0.2413793103448276,False,4
-0.75183251980911081,-0.56755552453689528,-0.33560183063436089,0.60148312704446694,-0.79887759704784189,0.0035542672770966371,-0.27012202805083185,-0.19918662480878821,0.94199722847734002,-19.882118766378365,-19.706671362063013,-4.0719056887507552,,0.2932745927915146,0.6585365853658537,False,4
0.96613461634987918,0.12844526027332701,-0.22379838740212313,-0.075939172392950061,0.97042853542243879,0.22913249384174156,0.24661132412512476,-0.2043777697088878,0.94731862752828588,-1.144798486222441,-19.666065790112931,0.71990590650977682,0.416147330616881,0.3619589939087294,0.6,True,5
0.92645263928276944,0.31083312977747085,-0.2122928934249369,-0.25214149204175951,0.93122983120094383,0.2631267175191751,0.27948197644382183,-0.19024659501342572,0.94111426401306419,-15.569960818152859,12.644837959847095,-6.2916221920896982,,0.2885044803847771,0.4358974358974359,False,3
-0.96523196470472539,0.054061473339525767,-0.25574325291708905,-0.055116565240389236,-0.99847528329462809,-0.0030451413453450593,-0.25551794173473674,0.01115642192062314,0.96673994212589132,-25.264058494494584,15.110675193870945,-8.8854125368742558,,0.3076811301695854,0.1666666666666667,False,1
-0.78036830832008719,0.59065205220379624,-0.2053179402709101,-0.59566373603627831,-0.80206266006303439,-0.043361306529115157,-0.19028929802000916,0.088462661954369567,0.97773428931330753,-21.030959023977871,10.76555905502544,-7.5683711505985203,,0.2624668300915282,0.1764705882352941,False,2
0.95718391675073766,-0.10130477303575981,-0.27117575937736443,0.15409429447204348,0.97132672756228533,0.18105064687624065,0.24505896826045806,-0.21508540462643033,0.94534880906034102,-14.041063877480203,-12.181920929735693,-3.3717287136318568,,0.07945587023770326,0.3181818181818182,False,2
0.9079638358326263,0.36860736032029551,-0.19932457635175888,-0.31322808699370813,0.91296297790950487,0.26150863558374371,0.27836996666013819,-0.17500632812647962,0.94439554572081763,4.3199775519672183,-17.520169193173025,1.9671938930198765,,0.5788419106154283,0.3793103448275862,False,4
0.93242881239390618,-0.19996788893182715,-0.30098065255733431,0.26208193706250127,0.94767051192341389,0.18230101232955931,0.24877614050237523,-0.24886430886521957,0.93604326165502605,-17.300750348102643,21.25492387423489,-7.4028375030317184,,0.1806976137372905,0.3103448275862069,False,3
-0.10389092451143692,-0.86109914160868362,-0.49770969864464959,0.98930652148936815,-0.14097506130027226,0.037398377371105351,-0.1023683659279859,-0.48850209867734801,0.86653702589390902,6.0578589493507122,9.8272651538237952,-0.48205549073516113,,0.3642544164758227,0.4285714285714285,False,4
0.93261626323166646,0.29358145037935085,-0.20984955932515231,-0.23564129670083148,0.93585084257715379,0.26202362438677773,0.27331316259001254,-0.19491827118253746,0.94196962940121232,-1.1190251764915113,-7.8299802741589257,-0.46302585754389292,,0.2175936763486426,0.2391304347826087,False,2
0.93375338787014617,-0.1955450115345268,-0.29977784959030129,0.28579522970459992,0.91156428891054264,0.29558693114058843,0.21546623243357305,-0.36168037774667527,0.90706207452075904,8.490182567327194,-8.2694938802691897,2.0842825441469772,0.5320115675669536,0.4743020831785964,0.3382352941176471,True,6
0.68705973645487528,-0.65534564644863136,-0.31380089582947746,0.71706749280941484,0.68128170978643587,0.14720544373931951,0.1173163641551197,-0.32615535499405179,0.93800829159988086,8.3910690717033702,1.359919764628384,1.0205824515411546,0.4502255608633634,0.2105906355971252,0.323943661971831,True,5
-0.29556790227963886,0.92800990522022664,-0.22679777546342372,-0.95525817897407495,-0.28436037104462336,0.081369471440437241,0.011019375896385769,0.2407006339678146,0.97053685049169769,0.33296324190123855,2.7161479493139975,-1.3121733901510959,,0.1030657362261019,0.4008438818565401,False,3
-0.33638022514288968,0.92092829986703639,-0.19682329800312859,-0.94172330944480676,-0.32947322929928652,0.067857200232692649,-0.0023563915503958394,0.2081789078631871,0.97808792536241418,-14.667997060623135,-13.694179571007503,-3.4241156863438862,0.3238704243586126,0.2491821995629111,0.375,True,4
-0.28883141199309964,0.95236531897669807,-0.097860690047049614,-0.95735378866944987,-0.28655467684759311,0.03688008266018776,0.0070808732740419433,0.10433942872751401,0.99451653824684738,-9.400900985359776,-6.1235163947258977,-2.8756450410547867,0.6513711384984421,0.2504635914155162,0.1585365853658537,True,4
0.069700617759390862,-0.84538620750877502,-0.52958850444273309,0.99486020784210749,0.019818773440654802,0.099299461588004997,-0.073450600653221107,-0.53378776341654699,0.84242247886107757,-13.779521464552836,-7.4250474089863552,-3.8504934537326654,,0.2884363162483261,0.4,False,1
0.82790702297755825,0.50156177278971592,-0.25100946073898178,-0.49187986626882513,0.86434067491509459,0.10473487884502351,0.26948869821163152,0.036755758234001568,0.96230185273272983,8.1840785194552694,4.139043654692335,0.65739919161191018,,0.09365924498160019,0.6842105263157895,False,5
-0.96377528169118842,0.066152338349038942,-0.25838164511440009,-0.086840714253585624,-0.99379619563411081,0.069482457434192985,-0.25218226890286438,0.089403521597986368,0.96354092470267239,3.4408002277837944,18.49376069417945,-1.8362818727557755,,0.1701889432898004,0.7368421052631579,False,1
0.93786153426585428,0.24140876515797594,-0.24927404728410535,-0.21612016263767544,0.96837173742457561,0.12469263594444098,0.27149183753100559,-0.063071279218114631,0.96037190498880609,-12.722545995561124,-8.0307113098744765,-3.5248166645597792,,0.07666792977041287,0.3181818181818182,False,4
0.94703770164547718,0.20358816289798065,-0.24833737453286778,-0.17126027828453089,0.97439169481236132,0.14570772856166517,0.27164224403424014,-0.095460384498073744,0.95765223659088428,-2.6149178966747688,-14.985261007432884,-0.13577188782435159,0.3880748250360147,0.3146028328321194,0.5769230769230769,True,5
0.78784116454363595,-0.5096255610140803,-0.34581510523922093,0.59681391596069822,0.77036590082363154,0.2243870062277516,0.15205081113294344,-0.38316858745111204,0.9110775951720772,-28.023011278750101,11.846082386139919,-9.2988844386663914,,0.2051863471155708,0.2631578947368421,False,3
0.61196145700957827,0.75573728117523031,-0.23316161128407129,-0.7526535643516058,0.64704887696447144,0.12182102810204441,0.24293165130039546,0.10094014395118792,0.96477733189351844,-18.312665347594272,-12.497736637072146,-4.4050967427222902,,0.1274420555371403,0.2352941176470588,False,2
0.25962414623147939,-0.85621203477950658,-0.44665003547779114,0.96568369991715508,0.22678374680039406,0.12658642858335364,-0.0070918550386415424,-0.4641875522737674,0.88570854230169815,4.5691823306585464,-13.175303210283076,1.6282678516140039,,0.3612390558045908,0.1764705882352941,False,4
0.22200773320546138,0.97491793823413486,0.01573467846114146,-0.96442471174681632,0.21718574163642987,0.15071605422748915,0.14351843703525408,-0.04863504229603155,0.9884518657435073,-18.162277342407879,9.8954387945280651,-6.7465834898333874,,0.6121531448706758,0.5223880597014925,False,2
0.82988261114903727,0.5426498885082085,-0.12971488046667945,-0.49581279828162061,0.82388481722104556,0.27456051612129773,0.25586035404611834,-0.16353870017421965,0.95278044310991294,9.6680701652807244,-0.27497078583396006,1.5379869079489805,0.838417494339067,0.5135354581653537,0.4285714285714285,True,5
-0.9312622644386781,-0.23871755964015343,-0.27525355865455142,0.2466037587151429,-0.96909699816535222,0.0061314218959681865,-0.2682110754985863,-0.062168600324863238,0.9613521124507598,-11.725886171107861,-10.776487244409676,-2.9278859900025593,,0.1218488086704338,0.1764705882352941,False,3
-0.46816059586080538,0.85903002187573474,-0.20710644123114605,-0.88249454197020216,-0.46647624826525241,0.060027437036556108,-0.045044865146415883,0.21087278468438994,0.97647510403665294,2.1598366836123897,10.311549489804507,-1.5711071809195174,,0.1354063010838061,0.2692307692307692,False,2
0.058620585037030846,0.98952741206290018,-0.13190575342272351,-0.99199759455091618,0.072541870343184267,0.10333658332028041,0.11182307192665057,0.12479253913280522,0.98586125938778779,4.7945284929285368,-4.9733315334436679,0.67018098062212328,,0.1395554392807794,0.131578947368421,False,2
0.19074968457956931,0.96009263154372626,-0.20454020799890743,-0.97414482746638453,0.21083607097408008,0.081178853753298849,0.12106367313641885,0.18376694488306144,0.97548618494321238,-5.295088948969692,20.155971493884408,-4.2658519523372318,,0.1580246198320722,0.4,False,3
-0.87177826365281119,-0.36904096460112862,-0.32219780487886479,0.40912029246708115,-0.91020272980403527,-0.064432731968567178,-0.26948700398004455,-0.18798871536225709,0.94447710273055796,-8.7927934133736034,14.298547170613416,-4.6867218714180412,,0.1636822730025638,0.4347826086956522,False,5
0.045216021625731254,0.98399215702376353,-0.17238023756817841,-0.99303423406476699,0.063067054673121611,0.099526662710341773,0.10880496938900383,0.16667927744797098,0.9799895392838025,-10.394150835370237,-7.0093857798834858,-3.0581349603528718,0.4684328547014884,0.3988497901235671,0.9259259259259259,True,5
-0.58933071318811303,-0.72321868125724142,-0.36006117476579852,0.77906406359456815,-0.62673294273193947,-0.01627892226415481,-0.21388897893231695,-0.29010439082354517,0.93278665680646977,13.550329777337156,-0.69714842606823157,2.6689893379257779,,0.2339719510177277,0.2666666666666667,False,5
-0.92320240378493057,-0.25828254472161366,-0.2845829382409541,0.25985405250100119,-0.96508675475263439,0.032915455333879413,-0.28314871188923652,-0.043562402288641076,0.95808617778481198,-0.18818404364276908,11.403497374587252,-2.2867477772824123,0.5085837382368086,0.3829411197079528,0.2258064516129032,True,3
0.70233844734521489,0.69408331198476558,-0.15801601629256234,-0.65245686350261556,0.71644691887424561,0.24698958217691983,0.28464143522867891,-0.070371645283157758,0.95604763735448839,-1.3239438578362641,-15.089013913146257,0.21584518144983073,0.5038530651484876,0.2449774229403716,0.2142857142857143,True,5
0.79630123018641596,-0.53732410169847922,-0.27782577370993339,0.58309900591489183,0.80404451703154423,0.11622376664252579,0.16093445903430958,-0.25454906082214002,0.95357478759135672,-15.751144779394174,-5.40483602257809,-4.5694323259195535,,0.1015296933040849,0.2972972972972973,False,1
0.95535697731832792,-0.14741611611271677,-0.25604986740755936,0.1891852402120543,0.97089052587254465,0.14690313698774382,0.22694050051741321,-0.18878579258295514,0.95543599144250924,-8.4863825888171185,-15.033783052014723,-1.6896939596477005,,0.1152504608510764,0.34375,False,5
0.81949354690247189,0.55486093798690972,-0.14338642223548664,-0.50963563908764409,0.82001233498912263,0.26048279374541417,0.26211036217008887,-0.14038913762102134,0.95477172563974222,-7.0727395672599123,13.167132670699795,-4.1914422270159184,,0.3278309289714504,0.4632352941176471,False,3
0.60695597664171996,0.78250827323932171,-0.13887132436507937,-0.75696566918309927,0.62244448511828687,0.198911635215271,0.24208969019162802,-0.015609780839130699,0.97012829906413733,6.5040391075006383,11.478520607601215,-0.46953515376559202,0.2816784778987839,0.4023411967248604,0.4769230769230769,True,6
-0.92921831228554508,0.2676056848300935,-0.25483431001303758,-0.29111745275898171,-0.95487953894572508,0.058785158007125707,-0.22760482598645909,0.12881096051740859,0.96519623892670525,-1.1977156700287115,-4.4253221716325095,-0.92214646225019226,,0.06824383808549317,0.2711864406779661,False,5
0.82694843428420484,-0.46006306228810601,-0.32326191509825558,0.5358107424034001,0.81908150299281923,0.20496911908904913,0.17047913467641296,-0.34270609882684328,0.9238448974080371,-4.7868223360567859,-3.5378517654128121,-1.938247800119417,,0.1441610057993002,0.2340425531914894,False,5
0.23373637465632263,-0.92855765459099393,-0.28835393054888586,0.9719098118250008,0.21473018405941563,0.096344515838223524,-0.027543145078427575,-0.30277323222881197,0.95266455009352957,-7.6245956743201324,16.355917180073739,-4.6512724970027541,,0.09234720368559039,0.3125,False,5
-0.93979571020498132,0.26969155579614151,-0.20988208073242659,-0.27496085755859428,-0.96144613548488844,-0.0042255617161911646,-0.20292991374107094,0.053738192130287285,0.97771757517987345,2.5524783654871608,-14.956989376058131,1.2340235103620831,0.7893235204416504,0.5802909522713426,0.2,True,4
-0.94277794225703848,-0.2029575311387648,-0.26453353690533177,0.19567401145827068,-0.97918707620609979,0.053892031236360723,-0.2699656141685749,-0.00095412001844250721,0.96286949106386033,-0.52779395416916208,-8.7770674117938992,-0.18967862121435769,,0.0793687268657016,0.5483870967741935,False,5
-0.90963335130811473,0.37878154488927507,-0.17056291343448712,-0.37283786238361755,-0.925482047021988,-0.066894760730596789,-0.1831914150859173,0.0027426066585088393,0.98307343751498755,-20.382193199029523,19.798120595824141,-8.0675324540354669,,0.2855457215555934,0.2727272727272727,False,3
0.29996479097288575,-0.86217441330939315,-0.40826021752210706,0.9539209619407043,0.26774311441045134,0.13545635110955295,-0.0074781379176526996,-0.43008011546733627,0.90275975305331835,-18.197106858816596,27.358092488918686,-8.1362498440511555,,0.6141067381129461,0.7619047619047619,False,1
-0.95597878243149326,-0.10594147832858861,-0.27364387570408377,0.12584347989382033,-0.99045813364859414,-0.056179213749895512,-0.26508109345823311,-0.088142433928817626,0.96018900495271808,-5.4109292091620196,15.494921763682498,-3.9001706543421717,0.491368683242891,0.5034411309088743,0.3,True,5
0.9199646608443266,0.35961517461793058,-0.15601906608519928,-0.31951219555396526,0.9184788365037827,0.23304202150458145,0.22710565754702636,-0.1645404299227774,0.95986950531359205,-13.05291737116265,-14.028473221218775,-2.9361656927930668,,0.2375460019245307,0.2352941176470588,False,5
0.96334949604638309,0.10511692262411451,-0.24679582866251049,-0.026730861977865544,0.95306210258432433,0.30159258882715734,0.26691423619788363,-0.28394200322527552,0.92094176217571855,-15.50872855962027,-16.567208283554557,-3.3192807813404941,,0.3825924677832976,0.3571428571428572,False,4
0.16147552376143665,-0.9234570265064439,-0.34807007257425349,0.98570968852524854,0.13377248004143533,0.10237838410045669,-0.047979841323482118,-0.35962764601659902,0.93186151924367644,-5.6136748501468468,-13.885619257348008,-1.0247300622529241,,0.08300295337493506,0.3181818181818182,False,5
-0.66109581968128373,0.72071604881206719,-0.20861614075773907,-0.74286907696617466,-0.66777610564505097,0.047123319248040904,-0.1053463415945452,0.18612750928933372,0.97686165786071966,-9.8809875116814165,-19.124389146516592,-1.5993745057638604,,0.296218986459558,0.7647058823529411,False,5
0.334444453791368,-0.88244662428236931,-0.33080940527869462,0.94235539964299075,0.30917967877134367,0.1279618185184441,-0.010639929130028106,-0.35453614981761572,0.93498177007929317,-16.018768373258805,-9.260779239336637,-4.2357286493024997,,0.5729826872425985,0.7647058823529411,False,2
0.13146473911112391,-0.85989752839467115,-0.49324766905803114,0.99079846001688909,0.097824908215193226,0.093534480064041747,-0.032178160273790231,-0.5010055169291312,0.86484567294284898,11.720969425364647,-0.61338063025163436,2.1322967868685345,,0.372090734785851,0.4333333333333333,False,5
0.75544708980765474,-0.53922316779921065,-0.37220702547067919,0.64148787195997958,0.72434682389379579,0.25261628776313783,0.1333904218053274,-0.42960453212641536,0.89311082254501994,11.831002653888198,0.75928929580715676,2.0327210706028738,0.4758864883397663,0.4024285783033067,0.2,True,4
-0.81188521875320685,-0.51452268234748721,-0.27587823567654562,0.51807488473483843,-0.85279685535592886,0.065847834452032614,-0.26914829625513315,-0.089464701670463484,0.9589344408133299,-8.9006963107237613,-18.474409066075697,-1.4428016105715482,0.3929712708974473,0.3754908318864179,0.8536585365853658,True,5
-0.040230685578256875,0.99045700041078188,-0.13181965815150815,-0.99642814113544231,-0.029965869920693,0.078949390075312043,0.074245885349096,0.13452500502573173,0.98812477528475939,-4.0637610523875933,-1.4548449328810165,-1.9905110072455257,0.6271485318010684,0.2325071724746736,0.4266304347826087,True,5
-0.94419549109267265,-0.18227438555261169,-0.27435546827370727,0.19637242621663842,-0.98022114732337506,-0.024583989949511123,-0.26444800022321641,-0.077087941414105771,0.96131405090453048,2.061854262645392,-3.1380326464206885,-0.22354283346309509,,0.2110050484659987,0.3103448275862069,False,3
-0.79592539240057436,0.56765405618426479,-0.21040827509758889,-0.57897952589208568,-0.81528793901861762,-0.0093960145034889947,-0.17687701470164735,0.11434355682908269,0.97756844910313412,-15.823728281393459,-21.997879309312065,-2.8328693920723542,,0.2382959931516603,0.2173913043478261,False,5
0.13568621010522183,-0.94331142368526999,-0.30290726358433712,0.98863760596499917,0.10895049025494177,0.10356386795115224,-0.064691084850058367,-0.3135177006455574,0.94737622670343891,-4.5336324160395955,-14.748585372899575,-0.72190026246775374,0.4024247721726255,0.3907875198231505,0.9294871794871795,True,5
-0.91436206962106203,-0.28233108639195975,-0.29022605550677899,0.29395504622655155,-0.95581208069348056,0.0037009726215303379,-0.27844646960633962,-0.081929384576811537,0.95695095982324552,-2.8876000209966275,2.847845953875372,-2.1462969935860721,0.5182221043156071,0.2610205688722685,0.6806896551724138,True,5
0.20330289329881343,-0.88789720546729911,-0.41268206418463488,0.97899935265693072,0.17783748144063788,0.099669943775244921,-0.015106325616803806,-0.4242786616343211,0.90540566389223975,-7.5775777718642949,-4.8638787751539851,-2.5453655670873672,0.2757533789337371,0.2539880761511613,0.24,True,3
-0.36116228361741132,-0.86550116968707014,-0.34708720829579975,0.9145150125545789,-0.40150128493246284,0.049588406002627802,-0.1822747835125765,-0.29950700069931041,0.93652093400390579,15.151188039092268,14.736407309927833,1.6899608660471339,0.5633937101625468,0.3594240446941371,0.8125,True,5
-0.92475218649511071,-0.25782337845024594,-0.27992945378615253,0.28554681130885057,-0.95632421609426776,-0.06250609780679206,-0.25158778214345018,-0.13773561353617231,0.95798355342873942,12.301788049315977,4.0183568763032689,1.8412637821392985,0.4045708301319021,0.3781291663266922,0.2222222222222222,True,5
-0.9326853271313702,-0.19448384392235787,-0.30376654688598564,0.22485304278688759,-0.97201235156527332,-0.06806686090917087,-0.28202693081216534,-0.13178779479805491,0.95031194217422044,-3.4724845996589404,-13.902366326693908,-0.48464526063281965,,0.2465278210256396,0.3,False,3
-0.8636291303636765,-0.34801073631822393,-0.36473723774044414,0.41050641764037749,-0.90542792099626179,-0.10809607280772512,-0.2926246849863246,-0.24308189419954043,0.92481456868337653,-14.061037584979799,-8.6087629085490924,-3.7765418937030786,,0.3026380002247984,0.203125,False,3
0.82441122197754257,-0.47118825078280158,-0.3135725903227769,0.53570187927682655,0.8284050683921883,0.16361093851392558,0.18267357120494682,-0.30286411967477245,0.93536286616310238,-10.853140383748284,-15.403196409836712,-2.2542419041932957,,0.09830879722393926,0.3333333333333333,False,3
-0.96889390537952058,-0.086462248641256539,-0.23188117577396822,0.091920605175373232,-0.99568383609531019,-0.012817990588251865,-0.22977206632359293,-0.033733930966089468,0.97265966269757553,15.549247372946111,-3.2560314148011336,3.5216399156084157,0.2140610984068194,0.1619626519404802,0.2857142857142857,True,4
-0.96350121915128939,0.10655887421304451,-0.2455821797696795,-0.092254417636859792,-0.99333723161667875,-0.069067117433668987,-0.25130563686567492,-0.043890210873962943,0.96691216057560092,3.313367427746218,-8.5019235449609418,0.71956344834321406,,0.1365967458807433,0.4210526315789473,False,4
-0.22962022438402943,0.95201631809498855,-0.20233507514687191,-0.97308348617622653,-0.22037749686668548,0.067396496985350995,0.019572467523293544,0.21236451906012069,0.9769944879882454,-23.855960511132174,6.8285699301565712,-7.8597987198825701,,0.06806862392851983,0.3571428571428572,False,3
-0.93074124002775038,0.28532417145654515,-0.2287156778496871,-0.28996629200098012,-0.95693751423128104,-0.013789247987441591,-0.22280101798422766,0.053485615257682986,0.97339560064020181,-20.011760432710734,9.7343073796750321,-7.1790731865706272,,0.07082793328421352,0.2702702702702703,False,4
0.38092604717579581,0.92419648428838441,-0.027499182024425833,-0.90606561918322392,0.37904876113028091,0.18806150701225172,0.18422931448915322,-0.046721463104106714,0.98177220604795445,10.112292060806066,-5.3795742099575392,2.2028960374776192,,0.1266246147124001,0.4285714285714285,False,5
0.21570201348079579,-0.83372940629759373,-0.50829904431839379,0.97530030159709524,0.15859965920520433,0.15373831599379462,-0.047560099715469872,-0.52890587553425328,0.84734680724034095,-15.80813246867036,-7.7349043955561303,-4.2523276881902579,,0.1735032848879148,0.3846153846153846,False,2
0.62818759800349933,0.75019193170375664,-0.20637928026131644,-0.74234727354576913,0.6573241934048587,0.12978994654369022,0.23302546464658361,0.071672661254043146,0.96982584130090377,-14.461998624444698,9.87965343225566,-5.7874938269829439,0.6997595005535258,0.7428861053020281,0.8396349413298566,True,5
-0.61355751434870942,0.74842799724904152,-0.25179894662214586,-0.78422991450913804,-0.61483352079507392,0.083445688299180143,-0.092361343511361632,0.24866699547893856,0.96417535105615215,7.546606917882035,-0.40558855285731882,0.937544790073084,,0.07989786943158964,0.3392857142857143,False,5
0.19159525418267007,0.96153528158812429,-0.19682774407060877,-0.96964710620229688,0.21648004622900596,0.11367004450689538,0.15190703738862862,0.16907481138813801,0.97382645278605773,16.684846312308025,-1.3823913900302973,3.6756533902494968,,0.1520763085126922,0.3225806451612903,False,5
0.95421386845354816,-0.088771856897887913,-0.28564917411716251,0.15575086173261726,0.96273477398190166,0.22109596114711183,0.25537729405815079,-0.25546293740759929,0.93248116618547272,6.6111639083843965,-8.375087488549763,1.5816294037239604,0.5400940068613003,0.2111013706668619,0.2272727272727273,True,5
-0.81449566120706063,0.55547524147650862,-0.16746364973177552,-0.55880725068539328,-0.82871898172219671,-0.030972663991929522,-0.15598485329128753,0.068352801258904514,0.98539160748595567,-26.106427374865813,14.999052652792775,-9.098059214183964,,0.4674901175326853,0.2777777777777778,False,2
-0.64317212745271135,0.74246268177061125,-0.18729330112405412,-0.7563160210337041,-0.65419496273478239,0.0038764752266527563,-0.11964819595672699,0.14414616509095607,0.98229638719373891,23.032625220545043,-4.6321405269942781,5.6878080060894245,,0.2251006058340751,0.55,False,5
0.65159546340088792,0.73294659051262523,-0.19548055537904557,-0.72377138672234731,0.67786168540381331,0.12906787060888453,0.22710863444041998,0.05738319368438452,0.97217736923114384,0.33315914429372262,-6.9014116131852292,-0.19139953497716167,,0.08452973864494348,0.2363636363636364,False,2
-0.47089301950625406,0.8495066240623248,-0.2379038878507746,-0.88101943468213617,-0.46673486741113263,0.077222530747709656,-0.045436988155588331,0.24596149946067547,0.96821403671419914,-15.360972470111264,-1.7501966077033511,-4.8689591691847971,,0.07464665599097353,0.4102564102564102,False,1
0.85250786638048659,0.47275208930315765,-0.22301524570955095,-0.45076451545213514,0.88090938247811312,0.14425675537468885,0.26465390488068374,-0.022452659564743169,0.9640820445946896,-9.8973388636724344,20.53166635957983,-5.4604694592469221,0.1071626181681313,0.1592662037150558,0.5517241379310345,True,5
0.42017157432804558,-0.86162433341975564,-0.28470924850740836,0.90696701369724009,0.40892418769358752,0.1009546669760716,0.029439500535872631,-0.30064017824984923,0.95328316833462279,-11.812164395987313,-4.7064502229973781,-3.6057235481712775,0.4430140528416499,0.4305450084115299,0.9445544554455445,True,4
0.26350700113006931,-0.90902828954674908,-0.32284923595875131,0.96448384867811165,0.24191685899256621,0.10605252931556217,-0.01830207623454097,-0.33932845760248681,0.94048988929526633,-16.24777905837708,-4.12919523565178,-4.8241114448933553,,0.08675776981480293,0.4,False,1
-0.15477337463220905,0.96333142845865005,-0.21917518438175138,-0.98657053529616268,-0.138986418514563,0.085798335379760296,0.052189859076270224,0.22951107688369113,0.97190580006361105,-5.2102082436272177,-10.344586023595463,-1.2742813234650736,0.3163312363681139,0.2666510741423478,0.8232044198895028,True,5
0.96060883802829133,-0.084330631988008053,-0.2647999335544437,0.12925212039766171,0.97909220881726844,0.1570743009089311,0.24601737677376165,-0.18511291457330639,0.95142454203343496,-8.530164308681595,-6.7671399062646227,-2.5369687783404204,,0.0795794449045666,0.2222222222222222,False,3
-0.59753963878285321,0.77416498298572667,-0.20884194789832738,-0.79717977662132167,-0.60160163807112321,0.050792448416293046,-0.086317922989594967,0.19683507865431876,0.97662949370880225,16.116175892051384,-7.924999029231703,4.053886641644608,0.5549546663105843,0.5002274997067588,0.7916666666666666,True,5
-0.65103866701470936,-0.70806636001754919,-0.27347885450837134,0.72008498283919875,-0.69008864467232311,0.072493309924358373,-0.24005472613798573,-0.14973206839490572,0.95914234405170629,6.4119921781378117,6.0015267368413854,-0.093911010913725876,,0.07834359494707148,0.25,False,5
-0.31145468164456486,-0.90238658765622182,-0.2978160971133737,0.93481028529532006,-0.3472405851632811,0.074523194520527469,-0.17066256703731214,-0.25519095288356475,0.95170996935968533,4.2879585113457601,18.998878397614433,-1.6426184458008846,0.361695031216901,0.3769872383604252,0.7272727272727273,True,2
0.40084501064995842,-0.86544017657821326,-0.3005604401801823,0.91582549270882563,0.38720274538957877,0.10647864042806511,0.024226934219394106,-0.31794234497317791,0.94780046472413448,-13.355375483610066,-4.8265651126770379,-4.00768115664098,,0.07249836149317944,0.3023255813953488,False,3
-0.70867788828702982,0.6834844703373536,-0.17499894131309535,-0.69695618286205374,-0.71674298803722991,0.023055764351239669,-0.10967100721426984,0.13830570453575541,0.98429863469857404,-14.099235076084227,7.4082497271095598,-5.4809646343925582,0.6341993503964591,0.6977301714216302,0.7811447811447811,True,4
-0.43186279361085472,-0.82694665739781115,-0.36007464963978675,0.87168119560891666,-0.48521071898326223,0.068865458726091774,-0.23166014054307577,-0.28412987171772813,0.93037830761536433,-5.1610830898353557,-15.842969104068947,-0.78708302816241904,,0.2244267158161105,0.4444444444444444,False,5
0.74818450709634976,-0.60657925083554876,-0.26885229364239643,0.65221574898031198,0.74676902532669498,0.13019462198827297,0.12179720901171466,-0.27275929914194191,0.95434155552849842,12.758183935666391,-6.8879096036255518,3.0740498076678544,,0.1185961123888233,0.4090909090909091,False,2
0.78570464364959636,0.57522839813452764,-0.22755329689337972,-0.55279561356002793,0.81799244787717429,0.15907660055677936,0.27764225646729934,0.00080324062032949284,0.96068420005132416,-0.51325886414118105,-15.870558071985558,0.49494635954771504,0.3556719762103884,0.2745990117887356,0.4848484848484849,True,5
-0.88485675204284209,-0.31139065070133948,-0.34650308948116004,0.37141750990760963,-0.92051560769115071,-0.12124375996735635,-0.28120732867089915,-0.23598067432056311,0.9301803909183366,2.4490154052298481,12.595791347780867,-1.6958813115204203,,0.3627637268762611,0.2244897959183673,False,3
-0.96112710848367533,0.070660506978235699,-0.26691154731743444,-0.042252300931783268,-0.99295296517588594,-0.11072105497322986,-0.27285421822610406,-0.095139380395258322,0.95733958128462815,-28.137717186405482,10.254801615704071,-9.1790516006979619,,0.3170158714399291,0.25,False,4
-0.43604033627494132,-0.78356321584818078,-0.4426031087903618,0.88128343664551512,-0.47138509604841233,-0.033698598156284704,-0.18223152700755663,-0.40475273685681956,0.89608419948764173,5.9433486941343396,-10.254764741303246,1.6718414265735395,,0.2272413636613795,0.4444444444444444,False,5
-0.96538200235125915,-0.0096435770464478425,-0.26066183256860631,-0.0047497022290938842,-0.99850072994472561,0.054531941360882227,-0.26079691306648917,0.053882220830260744,0.96388882990383828,-10.930937622171372,-12.716683988320984,-2.511667718125163,,0.08552964359148885,0.3809523809523809,False,2
-0.63884252253696205,0.76061122953157678,-0.11554561397592536,-0.7625763943802093,-0.64591340237741812,-0.035680798243684975,-0.10177167647577504,0.065317946536080612,0.99266111625650955,20.722675380842041,-2.7282329366153752,4.8341904221514822,,0.4230005661977425,0.1333333333333333,False,1
-0.86987341202822654,-0.34441302904156135,-0.35312874772919256,0.41085086135690524,-0.90205673952279597,-0.1322694537820116,-0.272986843581628,-0.26014093124289239,0.9261775634960181,5.0785187116160744,-6.8730201803400881,1.0225266280465093,,0.5458044434266577,0.4130434782608696,False,1
0.24022029271120346,-0.89721531691543188,-0.3705386431427703,0.97039756095701446,0.21214403726491046,0.11542738471273749,-0.024955653836789091,-0.38729779568864825,0.92161685791672288,16.217025164589728,13.282694759233326,2.1295472821802615,,0.1963079401869161,0.2307692307692308,False,2
0.7245513286218781,0.68786696269843117,-0.043178858487761818,-0.64378904472275744,0.6978303919051565,0.31395606385042929,0.24609152380208174,-0.19967920713366832,0.94845515241957479,9.5269345587174143,4.2334195739736842,1.0377916457418708,0.7103604625324916,0.4864315732941406,0.1304347826086956,True,2
0.24213526732501855,-0.86626633743767911,-0.43698185882225316,0.9665613459477127,0.17617094640769154,0.18634098358000764,-0.084437413728679356,-0.46748949749072233,0.87995675626628633,14.475772026598824,0.67295389746356082,2.759111155223092,,0.224073584659583,0.1818181818181818,False,2
-0.21701811840333754,0.97616249504665875,0.003149531545784845,-0.97486375107981016,-0.21689382991500242,0.050967964206988202,0.050436129067145757,0.0079906075541813226,0.99869532244605919,18.00751624939992,-4.897855647925982,4.3356629161720859,,0.6250312479807806,0.509090909090909,False,3
-0.38755759298125653,0.9082256929551682,-0.1578771762436865,-0.9218453957974484,-0.38175312329398486,0.066825287895631788,0.00042233827807656998,0.17143699574885524,0.98519499497256202,-12.2207805911439,11.097578287269391,-5.3111378823455198,,0.1734836329423472,0.2,False,2
0.070130687821116824,-0.92480272193264823,-0.37392728187670676,0.99513855274290586,0.038877990015253994,0.090486257172724724,-0.0691443957995998,-0.37845531757175632,0.923033382457628,-12.183357369482522,6.047549707002136,-4.9379069834262515,0.4352933565050141,0.224815244406873,0.3831168831168831,True,4
0.088042667818754264,-0.93346244210653628,-0.34770153554429062,0.9935965158144171,0.057482110940192531,0.097271633497693577,-0.070812798312216832,-0.35403908837635512,0.93254590851969987,-2.0425315647152651,-18.18897888807631,0.27430760853940961,,0.1424149299763108,0.1363636363636364,False,4
