axis_00,axis_01,axis_02,axis_10,axis_11,axis_12,axis_20,axis_21,axis_22,location_x,location_y,location_z,dbh,dbh_approximation,score,reconstructed,number_clusters
0.20968803615834275,-0.85801176028608972,-0.46887817895784301,0.97218810554325918,0.13179585232941635,0.19359788415416773,-0.10431306213636644,-0.4964329486642966,0.86178484121514087,-27.54999870180508,16.217946733389521,-8.2812624337231888,,0.3958517290162569,0.25,False,2
-0.97609617803839011,-0.032086366649914634,-0.21495747554819802,0.033531866110658531,-0.99943290173353772,-0.0030804038073559414,-0.21473673457045911,-0.010214695672742339,0.97661855133840692,8.1816346405552647,14.90175167016932,-1.2320188806632808,,0.537472541282574,0.2,False,4
0.94481862363010682,0.26175578081471185,-0.19698141955978787,-0.22119438465690205,0.95327116204566931,0.20578419717838306,0.24164190993692106,-0.15085755805453627,0.95856725613795968,-13.214031147367313,-20.597198309137724,-1.0379084741089772,0.628218780918483,0.2429389246773942,0.375,True,5
-0.5018797918368858,0.8545477995873505,-0.13365901677845071,-0.8645848591350942,-0.49123765130889607,0.10572885741777832,0.024692020980744717,0.16862273914551845,0.98537133911178332,-12.852727099530211,-21.890156591366903,-0.8304980560350872,,0.09067070379919237,0.3888888888888889,False,1
0.189972640698017,0.98114736113920231,-0.03550002134930022,-0.96000478413203805,0.19321067852969237,0.20263377839267799,0.20567258016035897,-0.004414683643756051,0.97861090344350066,26.727983062451372,0.64553145834865067,3.2198323194947425,,0.2332675171557722,0.5882352941176471,False,5
0.268587686773617,0.96256443129296054,-0.036474239173108158,-0.94095676864550504,0.27028222305554217,0.20383296946363552,0.20606070477848698,-0.020426343525304036,0.97832599394904107,-21.129939845758205,17.531174161608945,-7.1610354009801318,,0.5597075634586839,0.6551724137931034,False,1
0.96749552642316827,-0.073670187445269181,-0.24191963507110328,0.17133479079809696,0.89456455130121959,0.41279371726980052,0.18600213927084069,-0.44082532485898168,0.87810946763467035,2.2213638360755361,14.711227168701111,-2.3537452424318759,,0.3016480854950585,0.1904761904761905,False,1
0.96822962652943767,0.14158896028642282,-0.20611636673412595,-0.09853624566733063,0.97359415767578816,0.20592480285133358,0.22983036918661207,-0.17907256200932326,0.95661435225223501,8.2955050227078786,18.039504877667827,-1.5812029183555247,0.2254695405774929,0.1412304238432321,0.3076923076923077,True,5
-0.87018109603592331,0.48811419990966942,-0.067300727694882573,-0.47872296375624651,-0.8698552995103731,-0.11906335240598789,-0.1166584076445101,-0.071388274669307653,0.99060311435285953,-7.0378667388916005,20.343351673967842,-4.7719341364853998,,0.3057959135753922,0.2307692307692308,False,2
-0.74855463212888096,0.6356688973385034,-0.18865581272478046,-0.65992226951477573,-0.74191136339254604,0.11861756643718965,-0.064564393568465731,0.21328990089890526,0.97485324908812365,-5.0012487497284939,12.908867504648937,-3.4877854692517558,,0.07977905499539195,0.2307692307692308,False,5
-0.63389416630812423,-0.6858110460351029,-0.35754915054684089,0.73950656926699976,-0.67283711400836577,-0.02050004936204855,-0.22651317827332118,-0.27740480736485529,0.93366929526432807,-15.556731202564269,-22.274136217255883,-1.2938981933674703,,0.3543700310997891,0.3333333333333333,False,3
0.92039971139278542,0.36601818563449906,-0.13745929962322589,-0.30106917040127357,0.88780224458758195,0.34808695628986264,0.24944283092918751,-0.27899437680727779,0.92732972119303514,-6.7967404774124454,-30.632184268128526,1.2470928127974645,,0.1970296316960748,0.3333333333333333,False,1
-0.044752869776392874,0.99775513089239443,-0.049818464696136822,-0.98862119280876426,-0.037063859142099628,0.14578891410142486,0.14361517251375383,0.055776062279418809,0.9880605816954996,-19.026700537923283,-21.153229483312582,-2.0180935681977856,,0.1383315353243474,0.2,False,3
-0.20401743311897488,0.97896381355514517,0.0025959069924494094,-0.9686035256947142,-0.20224173508086807,0.14458731134940694,0.142070746444562,0.026983927457818052,0.98948864099778189,10.027693085501902,4.8082211732317433,0.015910156670812234,,0.2845576004206473,0.3333333333333333,False,4
0.37784265531714151,0.92373037448602724,-0.06290566806573511,-0.8868156406105222,0.38059330238703715,0.26211973933048011,0.26606944091992513,-0.043254287995917823,0.96298292777106131,15.077146437170919,2.5379803287557459,1.1175111973120877,,0.5691091014913203,0.3478260869565217,False,2
-0.97770638340631821,0.01285071280423276,-0.20958312677064825,-0.022245110937127929,-0.99884757120002388,0.042528632087203908,-0.20879507390245908,0.046242714974761241,0.97686551194411109,-5.8021003571239422,12.122172941566898,-3.539558804072684,0.3269286918401421,0.2602914127669383,0.807570977917981,True,5
0.97651463606889433,0.13242768254148221,-0.16994726958656059,-0.07539204185965899,0.94895959949347941,0.30625433638302313,0.20182964491735628,-0.28624917017498386,0.93665693132900396,-9.6801629784012349,-23.040754710059101,-0.15053244304318864,,0.2310950465184632,0.4444444444444444,False,3
-0.82187948431174584,-0.48289222387600811,-0.30220723582922882,0.4923310417140761,-0.86899296646254409,0.049612192083812456,-0.28657330411640297,-0.10801076038391655,0.95195032276327129,-19.607896011915489,-26.952680266489018,-1.4258250619543835,,0.1746545049924324,0.3157894736842105,False,3
-0.2875333441206418,0.95550343220925471,-0.065861726785259644,-0.95397005559466852,-0.279594466688457,0.10848072283084942,0.085239128617711934,0.094021940171073681,0.99191439435011786,14.106207390219179,9.2652054392417948,0.2648929292341719,,0.1919390729018983,0.2142857142857143,False,5
0.58495154054628584,0.78588675140800601,-0.20053356121581783,-0.7718316917970548,0.61534149589175791,0.16009585557218417,0.249213833384552,0.061129840463268109,0.96651725688407231,-20.043725877657405,19.516537095876313,-7.134814541149936,,0.2968861456263874,0.32,False,1
-0.90004253611999685,-0.35589542027605864,-0.2515191503667521,0.36756902545076486,-0.929996042309855,0.00061058757097037786,-0.23412911972640252,-0.091901094196611868,0.96785212929538256,-9.7587086213039278,10.705353359380902,-4.0782271647944635,,0.3375103766182224,0.5615384615384615,False,5
0.96225059881344011,0.20544749269960941,-0.17850801894206575,-0.1434032651041299,0.94017448756184596,0.30904277453986106,0.23132074840068209,-0.27177796209638605,0.93414530490608583,-10.096229927306277,-25.219708398261165,0.0026741878607958913,,0.4242283602937261,0.828125,False,5
-0.81125776099064895,-0.53159970727686578,-0.24343910214998629,0.52390376328415023,-0.84576750514577514,0.10100581199217112,-0.25958754216862157,-0.045596912863081249,0.96464253974631031,1.5407130700593594,-35.057704503344816,3.0547643623434864,0.3228676096835709,0.2755324154070802,0.1481481481481481,True,5
0.89497686047763847,0.42196260354405302,-0.14478943476619488,-0.35380835198131755,0.86906353959845939,0.34575744996870394,0.27172793245791665,-0.25821720576081086,0.92708565158308032,-1.3127091074066861,-26.755391753999806,1.6443768886999199,,0.1083572161457578,0.5,False,2
0.6900970520118539,-0.63137440768109476,-0.35374060571257154,0.72254345420266131,0.62889035546815952,0.28710255587162492,0.041194849112925605,-0.45372158657537975,0.89019082576832054,11.667064545353362,16.650997012603778,-0.85219424220517737,,0.6163961411482467,0.1,False,3
-0.75117724703058009,-0.59255265175265337,-0.29088502616061018,0.61035053689790042,-0.79132135517751323,0.035815289311540585,-0.25140597775710216,-0.15063820146604134,0.95608742623625842,-13.406610044438819,-19.689365020572378,-1.1873737959280692,,0.3630906016641619,0.392156862745098,False,4
-0.28797655291098023,-0.86371458794321765,-0.41360200138247516,0.93153624796948065,-0.3528022614337798,0.088152045048054628,-0.22205792868630694,-0.35989953445550649,0.90618022567602852,-2.112558154358589,15.116515860785562,-3.1737167033416878,,0.2690966243299667,0.1527777777777778,False,9
-0.88657367357090056,-0.39211418184558805,-0.24542532413458087,0.38579744254650183,-0.91949576739128569,0.075417949283240276,-0.25523999423205129,-0.027820894038041333,0.96647738887122792,11.409332112468331,13.643007202059891,-0.56169442739421516,,0.07594602843959701,0.3333333333333333,False,1
0.18587345226196259,-0.94852302228434604,-0.25642764270021567,0.97568579121775401,0.14732724395040006,0.16227113115327513,-0.11613912587928335,-0.28035470280797659,0.95284465893105896,-0.64591576356598035,14.632933458583187,-2.8778604632119409,,0.1417682802209449,0.4864864864864865,False,4
0.84526519818805679,0.51108793184232826,-0.15593546952902662,-0.43856337538733942,0.83026794017002914,0.34397283801876194,0.30526858747825641,-0.22236068323997749,0.92594104350551443,-9.8474806685982266,15.798336931813713,-4.7056782680001055,,0.1546400055147746,0.25,False,5
-0.97115683601815028,0.1248457535935702,-0.20314511479450131,-0.14157742038057938,-0.98745102006052754,0.069973688053480143,-0.19185993300738508,0.096716186810061,0.97664514810412306,0.1175242511665309,13.089750758970585,-2.5298846998389184,,0.08186099916989815,0.21875,False,5
-0.64805541706622338,-0.69489093750687281,-0.31169016888882262,0.71776064243044335,-0.69410519422315686,0.055114785042404496,-0.25464452986263114,-0.18800150085372405,0.94858399685414596,-30.313182052269926,-21.532818704413224,-3.9016647112390772,,0.1975534953771965,0.3478260869565217,False,1
-0.2229692696159567,-0.91681300585034697,-0.33126819513888806,0.95444461421694193,-0.27444076900975367,0.11712276763125755,-0.19829317486791484,-0.29006236675753816,0.93623909349685652,-2.9079742908198849,17.208370750261331,-3.6009399727507372,,0.1172710248175731,0.4642857142857143,False,3
-0.24075509959712504,0.96128816510907311,-0.13402255645678279,-0.96206805742284307,-0.21810243089820533,0.16387917049744857,0.12830446174867294,0.16839356655622778,0.97733391010332682,-11.99342370999115,-20.24298907281263,-0.9148296872077244,,0.1367296547122416,0.5263157894736842,False,4
-0.85240937539077333,0.49012597607807229,-0.18213946392649133,-0.50763207825422518,-0.85922402776601348,0.063590433532454207,-0.12533128050574049,0.14666491633334305,0.98121428467166405,-12.55062653625385,-30.072201860216733,0.1243190948640773,,0.231188451671807,0.6216216216216216,False,5
-0.78804313824653505,0.59050404765281128,-0.17404879191825151,-0.61028732437430255,-0.78647684503850102,0.094887058792775619,-0.080854152463624596,0.18099486712041155,0.98015481639660218,-3.6738357647255397,7.3547704728864085,-2.6042628089991449,,0.1576206952179853,0.54,False,5
0.31669385412527734,0.937102397594612,-0.14677908291615963,-0.92448172102805137,0.33956968540528037,0.17328005147382727,0.21222287870135714,0.080817851840977492,0.97387366972288558,5.9583855030458146,-27.935509286201363,2.7783223417243428,,0.1308143063448221,0.3333333333333333,False,5
-0.32643392790156345,0.93653827224007713,-0.12781609970707469,-0.94358279528925126,-0.314919937980284,0.10235692989054335,0.055609344078854442,0.15401784731668622,0.98650195314507805,-1.7118993583565616,12.013462401875728,-2.8087090466255651,,0.3031801080250897,0.4893617021276596,False,4
-0.023785515363515444,0.99840066211653611,-0.051287105047508524,-0.98865373107930254,-0.015880243565396017,0.14937073972929785,0.14831739372664934,0.054258047786166469,0.98745025949086063,-12.059902016876288,-24.274917246938674,-0.4359548298065925,,0.2433215640354422,0.6521739130434783,False,5
-0.58789133464658794,-0.75718162252093402,-0.28470997376983542,0.769581694963275,-0.63194907995682748,0.091566233509805056,-0.2492544752354649,-0.16527658896009909,0.95423050449920521,3.8203574235689759,11.575199741994808,-1.6746571395686962,,0.2877351682692314,0.3333333333333333,False,4
0.95955958974970268,0.20570565590123505,-0.1921732990028201,-0.1468393955384244,0.94818391381827782,0.28175425017941524,0.2401740736159812,-0.24214138164819554,0.94004466152210553,-19.671816072575332,-18.868126247487805,-2.3837210816924661,0.732406526899657,0.482052322283586,0.5128205128205128,True,5
-0.65971983754832064,0.73545213078390836,-0.15453122425784316,-0.74994266026314205,-0.65755431214064619,0.072168780665077967,-0.048535989354909811,0.16350073367007273,0.98534855144090461,-14.376029740179405,-20.065735621048134,-1.3265966951350414,,0.1537430557993995,0.375,False,3
-0.0073297409611675288,-0.9159228556537593,-0.40128742490701813,0.98774331026503048,-0.069201562666722741,0.13990817256744986,-0.15591480982934847,-0.39534347878211817,0.90520390291929864,-10.971128994062116,22.936002428068452,-5.7196958975969654,,0.6453019170714992,0.1578947368421053,False,1
0.97290948296833102,0.11527011083263025,-0.20039944984687372,-0.057787549217962191,0.96056880572008485,0.27197089666520002,0.22384757560822083,-0.25302247138569423,0.94120767733173472,-7.2238268352069799,21.637630586811696,-4.934604882682657,,0.1022044418578379,0.1666666666666667,False,2
0.41492822587026257,0.90176958542702235,-0.12102141205147984,-0.88079445860037409,0.43145474808781786,0.1950587656357757,0.22811332507118329,0.025659601541240251,0.97329640694585651,-7.4134027841958501,-21.973434596254201,0.10521923621970181,,0.09707315306695315,0.25,False,5
0.34333991443707362,0.93384381177708653,-0.10026683579321946,-0.91352629265163621,0.35683775085871849,0.19528577059337435,0.21814540056691528,0.024546991011783065,0.97560751813614432,-8.5173078091311822,-22.441475865144891,-0.012857009654839066,,0.3164176981292095,0.4666666666666667,False,2
-0.95969752925188212,-0.20327092245771375,-0.1940659280528822,0.19886092509242226,-0.97912076139382731,0.042152901192691342,-0.1985824383454447,0.0018619051439090553,0.98008241923320694,-10.641185665942714,28.698568290148682,-6.3661160206869081,,0.3573028223504524,0.25,False,3
0.44462904676289733,0.88750219759081084,-0.12101594955294176,-0.86448365334855881,0.46055682237609052,0.20138377902891855,0.23446326763023548,0.015075232479833972,0.97200808304140807,-8.9605273646510923,13.238362102291218,-4.2480493815354521,,0.08164321853171123,0.4,False,5
-0.87445146819579778,-0.40051619363851731,-0.27371775317565245,0.41168187835977094,-0.91114931194597892,0.018026712693661739,-0.25661773282527556,-0.096921153386052353,0.96164111248736273,-17.414432359421955,18.076555807226992,-6.4019292967142452,,0.06731485404153977,0.4615384615384616,False,1
-0.30916074380895625,-0.9131876065878709,-0.26553348124447718,0.93367277532193693,-0.34452416315559886,0.09776630106824985,-0.18076167489301059,-0.21769588001671586,0.95913175357383662,14.137447909200608,3.3918665686513081,0.89550123380651692,,0.1206595052643063,0.3870967741935484,True,5
-0.90568276592686059,0.39655505342650482,-0.14994271274381327,-0.39499480275647497,-0.9177525155190871,-0.041345205934440965,-0.15400595215265261,0.02178095177649314,0.98782982180194634,2.2518844422099327,10.857540405604274,-1.8640305253372589,0.5138256371302066,0.398756540217621,0.325,True,4
0.96596231461769455,-0.1195451084332492,-0.22940308147038724,0.18179504955856035,0.94460918007030825,0.27324724496854469,0.18403088516449342,-0.30565088577751914,0.93418957890194354,-25.933318933489804,-19.414268639157399,-3.3333672933344043,,0.1235574439784913,0.4375,False,1
0.15299179403814742,0.98460708198904867,-0.08451275083678958,-0.97201860342720237,0.16535665952387699,0.16684426793431245,0.1782507939629476,0.056622162163915496,0.98235461275624025,11.128896996739483,-31.088168141114199,4.0503415796722697,,0.3595213787912812,0.2352941176470588,False,2
-0.48815507207424214,0.87226450572305869,-0.02931309713936639,-0.86952468178936171,-0.48318488825949879,0.10227018879794264,0.075043010116216669,0.07541217284607428,0.99432467072849651,24.096079689355111,1.826919374994197,2.5622654069433186,0.7183229608420457,0.4772364897493896,0.3513513513513514,True,6
0.47236035745699168,0.87660238977801641,0.091890929577263969,-0.8490781736515729,0.42457962979955094,0.31432211660617404,0.23652050171520528,-0.22649589001733927,0.94485854183239559,-26.077866645352028,15.210639208592021,-7.8674092501312032,,0.336160550708193,0.303030303030303,False,1
0.091095576786012794,0.99432087758789756,-0.055023524813071961,-0.97542681947822907,0.10022235834715357,0.19620906892883092,0.20060936102935892,0.035797643500177917,0.97901706470685379,12.228996626086378,4.4253249767159355,0.4381015231638789,0.6198561571344345,0.4548245532602051,0.4794520547945205,True,5
-0.81380325670985132,-0.52715221885589003,-0.24461152369369454,0.5174435343729501,-0.84888654176570544,0.10790657044262808,-0.26453061846234122,-0.038757932921816202,0.96359813954342921,-24.341617122776515,13.593528136749923,-7.2128008216998305,,0.09002239324805952,0.24,False,4
0.91809965199762977,0.3531827433348747,-0.17987489767136769,-0.30759516260549036,0.92111514236406844,0.23860450634748132,0.24995648610015098,-0.16373406584481845,0.95431279501974131,-29.143044491565149,-19.537248539461572,-3.9567945118669288,,0.09515577973242068,0.5,False,1
-0.62446162177661968,0.76619863117734366,-0.15161576603401145,-0.78101331184408973,-0.61456771753108719,0.11101678832932207,-0.0081172440176182359,0.18773965524256209,0.98218528404724292,0.87071807549251334,11.069387346832526,-2.1438546900576854,0.5077797760892272,0.4381166315968733,0.776824034334764,True,5
-0.32542211162725759,-0.90990000625274947,-0.25725945635739894,0.92070887421966308,-0.36688955935302842,0.13299330874484763,-0.21539642104087639,-0.19358210108113905,0.95714698554808919,-15.232494868720936,19.645419388330186,-6.2238809228709711,,0.1007502150906159,0.4736842105263158,False,1
-0.79621082975176261,-0.5521362184816615,-0.24737403021898285,0.55184290688972837,-0.83036862373650766,0.077183902657444403,-0.24802766116202796,-0.075056944746707849,0.96584094671109522,-13.623202191535338,-24.259074807217257,-0.68670738071233361,0.2526015551885065,0.2015738279944919,0.5555555555555556,True,5
0.27382255258988908,0.94990028817714978,-0.15070053820118146,-0.93942933572633702,0.29773897118026105,0.16977640653899095,0.20614008069739986,0.095083897487892144,0.97389184182258204,-3.6260767668142488,10.083236629416515,-2.9433546543554434,,0.0670311015102903,0.2028985507246377,False,5
0.97309290420918593,-0.045310276140682129,-0.22591409573947815,0.1231104250108834,0.93103044325521855,0.34354932249333564,0.194766586023811,-0.36211778830657504,0.91155728528742663,-20.803330408861257,-20.228191069986657,-2.4120885085317574,,0.1557516156760412,0.3333333333333333,False,1
-0.87360797594318207,0.43555493122394567,-0.21702766241878485,-0.45861462610130632,-0.88603933857473438,0.067874260393810865,-0.16273207764425834,0.1588275554951091,0.97380289510815887,2.743773790650109,-28.479371175105712,2.3881079509310053,,0.2384007312100916,0.3684210526315789,False,6
-0.96258917324821491,0.19875397655821464,-0.18417095413667972,-0.21313774508654587,-0.97507152392473306,0.06170757530904554,-0.16731522693628609,0.098652825775015718,0.98095526646318765,7.286523777501646,9.5101931824706156,-0.80866113461572386,0.422891150151694,0.3872683402784111,0.3181818181818182,True,5
0.82795381251854239,0.55345963379551644,-0.090415253662997491,-0.49361712459546558,0.79575332368392526,0.35088286101217725,0.26614773837497818,-0.24588428498974746,0.9320441511822094,-4.1396975888246903,-31.824406005988855,1.7511482669080138,,0.4534133712749055,0.6363636363636364,False,5
-0.97583279067395778,-0.046384271827778115,-0.2135389050559261,0.019497468293266918,-0.9917959886270602,0.12633513237981864,-0.21764699257198594,0.11911849675965547,0.96873142323044881,-22.84030794449454,-22.758962603005866,-2.4673505809740806,,0.09833721427422401,0.2142857142857143,False,1
-0.93794697671992322,0.29061390624255784,-0.18920630634415786,-0.30813083171242633,-0.94874686878578851,0.070247914683434984,-0.15909386980699741,0.1241891157372684,0.97942136188783968,-4.6087244173400617,15.742281657605051,-3.7176740003612769,,0.0853734636108929,0.375,False,2
0.84368980822988915,0.52945825816584613,-0.088664876636705081,-0.47022096494220866,0.80853957956604261,0.35377392838362975,0.25899758998460198,-0.25678337394612571,0.93111897588171444,-34.264382407133667,18.139072298873717,-10.044185398881609,,0.5128549002280895,0.1111111111111111,False,1
-0.91266700471459739,-0.31379188193874974,-0.26186560166357081,0.32248122949040758,-0.94652002161521887,0.010281308665784694,-0.25108722614191503,-0.075063330001165621,0.96504958492167403,-29.68936200823417,-18.318097385487633,-4.2664907246621473,,0.2279908062148545,0.4,False,1
-0.020542276581769305,-0.94296312880376787,-0.33226277641265722,0.99011511364172811,-0.065306372517325018,0.12412549877787585,-0.13874464534195974,-0.326428576299989,0.93498358700230466,-5.7835792841882654,18.17809878710279,-4.2224545293392177,,0.2955979800748903,0.1764705882352941,False,5
-0.41583061235872015,0.89786636613247117,-0.14464055583910423,-0.90788124124460123,-0.40051919124537838,0.12383872270138796,0.053259305492421902,0.18281237926415486,0.98170417151311173,4.6072065693274151,11.706416396101799,-1.5192637470211079,,0.07079066239955392,0.2916666666666667,False,4
0.02434716096178138,0.98969006264469883,-0.14114104879670045,-0.98712074017346529,0.046129444399201261,0.15318197896231067,0.15811344051816065,0.13559371025881869,0.97806670818802355,12.254300117378017,8.0534212311272171,0.049573856857102097,,0.08087532931773002,0.1818181818181818,False,5
-0.81169530977439741,-0.48325866252665084,-0.32804235882458543,0.52292397122570344,-0.85146055127747222,-0.039565767221207637,-0.26019462793798231,-0.20365656068787913,0.94383407486750504,-28.212440945043149,-22.734671230575501,-3.3296538223750161,,0.229866498187169,0.3571428571428572,False,1
-0.97574078999072211,0.0012210677776124251,-0.21892560321205823,0.019006094419281763,-0.9957365905611868,-0.090263007885336449,-0.21810245097936529,-0.092234219306423462,0.971557599767367,-16.227507236008947,10.7138176542368,-5.3049220831731452,,0.0998492058907253,0.2,False,5
-0.41152075129289062,0.91131575959687083,-0.012420046928800249,-0.91007120191851465,-0.41014671695911825,0.059582531049349532,0.049204458069616569,0.035822574977737942,0.99814611376693718,-18.539124372866826,15.510972414632629,-6.3616549570953875,,0.4405031332080985,0.2456140350877193,False,4
-0.78538231964486394,-0.51730896239260804,-0.33995006900651858,0.55492177009985577,-0.83174184796682593,-0.016350150151382442,-0.27429261940215677,-0.20148681289109976,0.94030134700131696,-7.6567267550299078,15.22097241009735,-4.1811884731787545,0.6042558633628212,0.6084294498250142,0.725,True,5
-0.53721607144936967,0.84033824783085109,-0.072322346540213467,-0.84335241209108069,-0.53644710094879533,0.031324381937886711,-0.012474036903243613,0.077821186808027118,0.99688929239265478,-0.72449105180962392,18.966447481639804,-3.3889395529304691,0.633875405617107,0.508745477896613,0.3666666666666666,True,5
0.88776962610379595,-0.36537864590347868,-0.27993487829362551,0.4424355750505361,0.84511788552564382,0.30004419923465542,0.1269482292008354,-0.39022327542370483,0.91192650055822333,1.2067503313248944,13.62555339043754,-2.4045035044185821,,0.09805111736349222,0.3684210526315789,False,5
0.68113384859902926,0.71288916554577964,-0.166870362677495,-0.6883999585224444,0.70118160816715824,0.18560670643706736,0.24932343932926421,-0.011549459535457052,0.96835139933056702,-11.654186730222714,17.643220815292839,-5.2798324384131634,,0.09704469101952654,0.3043478260869565,False,5
0.9431597267029701,-0.21466619661751937,-0.25370879755212972,0.29654189479048959,0.88824312213937084,0.35083765562745478,0.15004210928817663,-0.40613123494982623,0.9014126610151888,5.7188393379650861,10.478456970767068,-1.1463505436975836,,0.3981509888945578,0.2826086956521739,False,2
-0.9720857621448844,0.084988636117555444,-0.21869202721196121,-0.10919426097444794,-0.98886860015320166,0.10107178142929524,-0.20766772596011052,0.12213035397445163,0.97054535815315268,5.4510714536790426,9.0381525276224455,-1.0475880246838201,0.230623651636856,0.1780346108660683,0.2549019607843137,True,4
-0.084270935147297985,0.98997874363679106,-0.11331591519606814,-0.98890520432865503,-0.069129701687290213,0.13148224669638375,0.1223311339811021,0.12313883015502826,0.98482075636480682,7.4628564308086514,8.0350763354762211,-0.63164895510444552,,0.08844958972111414,0.1071428571428571,False,4
0.73174947693364678,0.65535388497967861,-0.18722710393897751,-0.62272563037947692,0.75450967591354789,0.20719058429695958,0.27704781586545224,-0.035020485360353182,0.96021772183672338,-16.83829293135512,12.740096980907687,-5.6707915505108319,,0.1258310704793997,0.3055555555555556,False,5
0.21025852659693647,-0.94741217802218114,-0.24124990555138737,0.97131878685414919,0.17440873770253182,0.16162118214266843,-0.1110457846902326,-0.26831279721302415,0.95691017162231773,4.6730782541830864,-29.579056693892863,2.8012740146405117,0.5172973380793908,0.512089186482357,0.935064935064935,True,5
-0.26080141410062774,-0.82424224585945283,-0.50260057952978809,0.9434331489019695,-0.3280144632989781,0.048377736817651507,-0.20473523379239753,-0.46155306521271122,0.86316409334304633,-3.1094502108423345,28.976117441511175,-5.041026737682035,,0.1921548134060698,0.3333333333333333,False,1
0.18964260849680623,0.97641468051878699,-0.10319909258284937,-0.96401358858590325,0.20511048336846599,0.16913749032690437,0.18631554434414901,0.067409652719404023,0.98017470721091005,-24.851884628869243,-26.083543160401479,-2.4899051325481061,,0.3059890697533098,0.59375,False,4
-0.80080731581198805,-0.53172373551962215,-0.27564018579854738,0.54559390062886948,-0.8374953570730358,0.030476589009980154,-0.24705250158331526,-0.12598172869970842,0.96077763582176434,-10.852900760414974,13.284729116099539,-4.5909459346481398,0.4592580126917961,0.2939726196505217,0.4216867469879518,True,5
0.8801486590444052,0.44686710139268848,-0.16015034085269095,-0.39971809577445938,0.87965543072672225,0.25774360729885404,0.25605425575993945,-0.16283770105808593,0.95284841460819025,-28.576559241339137,-25.378265381271298,-3.1414005852416587,,0.1809412723265235,0.3684210526315789,False,2
0.89176503481403946,0.44181574719457284,-0.097744402468976796,-0.37409680878854978,0.84137349748286749,0.39005411853699362,0.25457160159243825,-0.3112707555559136,0.91558932737243715,-21.006932474338146,-18.937419835176225,-2.5798111493349705,,0.09204396495202144,0.375,False,2
-0.45876058424905569,-0.8540345215137346,-0.24528302510012959,0.856603232726173,-0.4984428618233735,0.1333627203546561,-0.23615594005346185,-0.14892867272668064,0.96023467049327793,17.502339369417641,3.2810676059938966,1.3683181643680871,,0.07971452163265685,0.3333333333333333,False,5
-0.22789572406038985,-0.87038004507756828,-0.43646548097846383,0.94452428559790791,-0.30649929475954296,0.11803413162159876,-0.2365109149082826,-0.38535277271958712,0.8919449689787895,6.989136180463527,-28.94829183504563,3.0751383141297044,0.4968429932538778,0.5540240447478018,0.8787878787878788,True,4
0.28181081113458128,0.95683838083108952,-0.071013940154096095,-0.93781301453061849,0.2903310578086013,0.19030141000195844,0.20270524538024257,0.01296880257690336,0.97915391724440215,-23.065293488559835,-19.690373481978934,-2.8375827140041401,,0.4902760347194298,0.1363636363636364,False,2
-0.97525133788810381,0.10611788290881269,-0.19396861311670197,-0.094811052819584268,-0.99325821108850954,-0.066700752383292899,-0.19973906030295452,-0.046659629576400276,0.97873754743398234,-35.844870972941735,15.758339545220043,-10.011281843687078,,0.1424917953356966,0.2631578947368421,False,2
0.10980101465044843,-0.93651356349660542,-0.33299561944359113,0.98597487270994766,0.060261150662297598,0.15563464943725472,-0.12568726095485308,-0.34541415591684249,0.92999557704642899,33.267808249611782,-1.9381525921722038,4.2986382484497163,,0.1479229508698982,0.3636363636363636,False,2
-0.88131485256011566,-0.37371256584508938,-0.28917650109651466,0.39428081037868751,-0.91888127137520192,-0.014136890854028417,-0.26043573722526686,-0.12647579707348361,0.95717140551238755,15.852402794002595,5.7646242649399762,0.87234292986003192,0.4774472371226265,0.3590285663246049,0.7777777777777778,True,4
-0.84091556249658317,-0.44685440823374517,-0.30525752176338805,0.47538826126792016,-0.8794978539336703,-0.022125233891014673,-0.25858657699060794,-0.16372129601288232,0.95201277272531515,13.144365213300665,5.9995400662063778,0.41951464093582408,0.3296177520254793,0.3000672334027338,0.4406779661016949,True,4
-0.93346330417627332,0.33681132279290649,-0.12330609309684508,-0.32438164768400479,-0.93945453864410222,-0.11046137997874148,-0.15304511231047302,-0.063113411090594873,0.98620174961231188,-13.797187887755543,10.508733542927787,-4.8442560480318555,,0.197397989781685,0.158273381294964,False,2
-0.45275211007647082,-0.84487707469693163,-0.28495307591401725,0.86064072306432893,-0.49762672109028266,0.10800551958230578,-0.23305165226750346,-0.1963424944032498,0.95243716447170279,-13.054864070710382,12.223153461754782,-4.8917342998415121,,0.07701653108587778,0.1111111111111111,False,2
0.077103700899755656,-0.94004384053190504,-0.33222371556767061,0.98744661053390437,0.025926156253075129,0.15581086536902841,-0.13785576031731644,-0.34006677623662185,0.93024210668372054,-26.061979936123453,17.306714382209964,-8.1036290459984492,,0.2744450153127791,0.3571428571428572,False,2
-0.21354900474998478,-0.82448861481929181,-0.52403754312420814,0.95697473325889393,-0.28441552090078748,0.057508011396686765,-0.19645911145670686,-0.48920990945002218,0.84975142366549872,-19.87324681441169,-24.857070531738923,-1.7628135494588697,,0.6478806055219597,0.125,False,1
-0.97684723455264966,0.093894649417871318,-0.19223234680338608,-0.068558792795335582,-0.98854447950725133,-0.13446004598461436,-0.20265530409364685,-0.118167706444838,0.9720942448529768,3.1632941369057113,7.3162324524141127,-1.2567193981800728,,0.5303004917028651,0.3127753303964758,False,2
-0.87400083759385216,-0.42617181648012403,-0.23345260487575792,0.41066953439788934,-0.90463455391040926,0.11395989377292212,-0.2597557880060925,0.003729170061338466,0.96566713928143344,11.01478260840106,5.3348529177343327,0.12402840435831772,,0.07961188787815002,0.1379310344827586,False,4
-0.79346953962383271,-0.54120048238695784,-0.27840281527540112,0.55618076699552532,-0.83054212907395752,0.029372202123236088,-0.24712151689687778,-0.13153634363712385,0.9600151801868364,-27.052215748724645,14.352542438932737,-7.9008946571527652,0.5913965207986347,0.1736255777370762,0.2608695652173913,True,3
-0.072769902022709942,-0.85801880935521901,-0.50843707983609576,0.98399018858552534,-0.14492309715547655,0.10373333446045757,-0.16268942844274195,-0.49274843348661757,0.85482812960820198,-15.886659168186076,-19.89709326062502,-1.6509343500398197,,0.3302267420833361,0.3333333333333333,False,2
-0.90426532199904686,0.39422621781133416,-0.16398145206129411,-0.404990085760978,-0.91357292190894335,0.036980356813730214,-0.1352303880985174,0.099850916595320624,0.98577002216023901,9.9294742302445087,14.386823022296159,-0.85756327957315581,,0.1666061022881728,0.3888888888888889,False,2
-0.97711495589718944,0.050160555605445627,-0.20671304173512475,-0.019825742598790927,-0.98904384190085359,-0.14628471802757256,-0.2117859837015682,-0.13883874624669054,0.9674040002233848,-14.044392710464333,13.20204636479078,-5.1565823401680166,,0.3588877558828257,0.2837837837837838,False,1
-0.27600086997902229,-0.88959082618711172,-0.36393911817027291,0.92951821043759864,-0.34339335667015108,0.13445035909096972,-0.24458008143695434,-0.30117962175177027,0.9216677379651268,-1.4360470008636248,-29.777644991007158,1.9798167139351726,,0.5660101065705784,0.1754385964912281,False,3
0.65536602222382356,-0.65994120850047466,-0.36738668761599957,0.75488570794584731,0.58862169404493148,0.28926124738507886,0.025356357262422025,-0.46690695285314415,0.88394284460239381,-25.76839918898607,-24.109255448636357,-2.8107555482165774,,0.2704686222935994,0.4285714285714285,False,3
-0.79023234042182788,0.61077302054892035,-0.049891537568912098,-0.61114136802006991,-0.79146704926190325,-0.0092810682151596713,-0.045156134090499928,0.023156582265209502,0.99871151803300862,14.560135121909836,5.4033043815388577,0.7153303519591685,,0.4281158906160131,0.1578947368421053,False,2
-0.68852420111822032,0.71656359704621519,-0.11167379219274817,-0.72424985996538993,-0.68734324273260938,0.054967326749052192,-0.037370641078695574,0.11872606309489712,0.99222354191349271,26.247721955167826,5.4635343235645211,2.6097975695644422,,0.2144777601305467,0.5,False,4
0.81703516941450138,0.55614790122667579,-0.15216124309751433,-0.47919063185064387,0.80171887607690961,0.35724386921059509,0.3206709688861743,-0.21896656297969314,0.92153338192952183,2.0873261815929278,19.64669843327227,-2.9866454115557692,,0.4190119242873816,0.1578947368421053,False,2
0.14996992397346728,0.98446465416937212,-0.091314657063207641,-0.9587963740389055,0.16735360139380573,0.22956978292094632,0.24128517367057542,0.053123599197550025,0.9689991476647738,1.77791563790839,12.695767486788244,-2.2176572591695711,,0.288264297228178,0.4358974358974359,False,4
0.014513616292958295,0.99771835236560658,0.065935152194870422,-0.98742120438195458,0.0039180628933321651,0.15806332250099769,0.15744433962194801,-0.067399837804136026,0.98522512238827176,6.4850289510262371,-30.847773460147298,3.3026082307141338,,0.3086150572763846,0.6111111111111112,False,1
-0.21250348227015853,-0.85608651899016897,-0.47112433818085869,0.95920931473821847,-0.27474375214772401,0.066583490260179914,-0.18643969679897565,-0.43775763004096868,0.87955016730054703,6.1121854034288434,4.9175172347955476,-0.58382588337389685,,0.3190506470120572,0.1507537688442211,False,2
0.55683198390401911,0.83054545190068496,-0.011506260409120866,-0.80292585823235352,0.54175888767970992,0.24861088834136447,0.21271626144550765,-0.12919582016122411,0.96853509599266252,12.718465214658361,-32.424678905644235,4.5420263032053763,,0.4916814729360699,0.4705882352941176,False,3
0.48799144612649215,0.86983419902637804,-0.072476304483010817,-0.83752167329074967,0.49000782676589216,0.24176388579858171,0.24580845240885735,-0.057278232447468963,0.96762462185087861,-22.02910203472635,-24.682750998802536,-2.1779920257861987,,0.3532652772098857,0.2,False,2
0.91717735750992557,0.37884172346545386,-0.12355016565280591,-0.30603312465417476,0.86825449908367258,0.39048412443448205,0.25520466587723956,-0.32033275415212598,0.91228148349717186,-14.102728207811227,-18.081589224026668,-1.5466468527444726,,0.2012795644915421,0.2857142857142857,False,4
0.97460544811100491,-0.040738792174613195,-0.22019212366590588,0.10461815227847331,0.95223718603313445,0.2868786916965706,0.19798803682593064,-0.30262962899863521,0.93231756656514975,-4.9837894704962533,-23.615175961783468,0.64122437535461729,,0.08899229782223801,0.25,False,1
-0.94475594290906351,0.2555893290336208,-0.20520795116698332,-0.28314366035947924,-0.95177679017867711,0.11811269735050001,-0.16512382001468862,0.16969100318319338,0.97156527701562012,-1.3282235630977293,8.7111472120827074,-2.2918861256504579,,0.07788362253242746,0.1764705882352941,False,4
0.54246815270754756,0.83328540636016668,-0.10660082009643347,-0.80173059295989901,0.5514221836138461,0.23056806311956057,0.25091105916286194,-0.039610692567900063,0.9671993762529324,8.2717625234818062,20.861590679390471,-1.9362624845548404,,0.2284491354631747,0.4615384615384616,False,3
0.94449300255292501,0.28015252607724894,-0.17160282707781735,-0.22047939680857442,0.9277518640460809,0.30110681550232488,0.24356067767907458,-0.24655839245817693,0.93802300366086522,7.1847018854236868,-25.907360233326024,2.6554189650954725,,0.1678625860011814,0.5652173913043478,False,3
0.7775372353135982,0.60532526686527077,-0.1703442661065353,-0.57238353206000181,0.79345088452866097,0.20691250824249668,0.26040917788626805,-0.063379926910445486,0.96341582140705129,1.0102103229012156,20.156829255710168,-3.2230336731957392,,0.1337123900549957,0.2631578947368421,False,1
0.9768876704856726,0.019379062433667119,-0.21287304007851493,0.057691666348205606,0.93501979499942789,0.34987091132758585,0.20582067652945932,-0.35406557994024235,0.91229129899091754,-19.3567531417734,13.913598985861194,-6.3273454782437497,,0.2848025589381221,0.28,False,1
0.9752644787186967,0.0067967480700737853,-0.22093664423363873,0.094842047575775829,0.8899772806981554,0.44603298740424013,0.19966016768795863,-0.45595421267577829,0.86731861122774689,-8.6820178619738275,-30.669966297758812,0.88807313988031023,,0.3471505076055205,0.3548387096774194,False,1
0.76190726871107595,-0.58314560337797505,-0.28184839745183216,0.63984569006778802,0.74518572323635379,0.18787158057137851,0.10047291568828048,-0.32348020518363962,0.94088562007687493,9.3452422136931776,7.5543882075924182,-0.37529232044777083,,0.4254195822972826,0.7346938775510204,False,2
0.73054861325185438,0.67930922102203828,-0.06955361895850401,-0.62396682197613007,0.70545093815736559,0.33616123947579252,0.27742409547261992,-0.20218297674958829,0.93923262036828459,10.024772215319325,19.420109949123539,-1.4479370746512397,,0.4806353836557725,0.4761904761904762,False,2
0.83594079500949503,0.53647490072793425,-0.11574829643605247,-0.48413403477532391,0.8201617400056227,0.3048753132070815,0.25849027759484627,-0.19882002192913992,0.94533241522177613,3.2962269386060687,-27.334442564398543,2.3256184382199443,,0.3592106081820455,0.1851851851851852,False,3
-0.58309803083599154,-0.72556133529811129,-0.36545510689496674,0.76489670317059877,-0.64188888507231956,0.053960102847975255,-0.2737329353839959,-0.24807137670645679,0.92926361821876191,10.769958501295093,-34.834881018446282,4.5385626133045216,,0.3602255637873341,0.6666666666666666,False,3
0.58135618376028764,-0.77003964029700156,-0.26280019021100409,0.81364904481249634,0.55038284284614869,0.18722702309309996,0.00046848627235190898,-0.32267271138392961,0.94651048691958828,-15.031653621537433,-20.47597875734138,-1.4363787915534503,,0.1021224092599421,0.2,False,2
0.97599801238259454,0.021821298644103523,-0.21668343441691679,0.069522704131772473,0.91168724311642313,0.40496044788223717,0.20638428582484536,-0.41030501052785218,0.88828786150679084,-14.390987942335093,-23.134299546416745,-0.94042874983093172,,0.1679747844241681,0.5555555555555556,False,2
0.83584507707842137,-0.48620642154280264,-0.25488492064912394,0.54107937271265116,0.80807105571725568,0.23292548451572062,0.092715260602834595,-0.332602592537313,0.93849847942807374,16.564010884057836,14.431976265236782,0.13184147497233942,,0.1816431771789822,0.3043478260869565,False,2
-0.95912722900489933,-0.11515762273411004,-0.25848342404806873,0.15696803684435348,-0.97654474918486256,-0.14738177719346732,-0.23544849540953766,-0.18193151119501944,0.95470672525319678,-26.247150078603379,12.44272062780137,-7.5073221349219628,,0.199451564644213,0.3636363636363636,False,1
-0.13966982455768959,-0.88883122935574366,-0.43643027602353957,0.97028683938659221,-0.21079393125526219,0.11878286012354525,-0.1975747691918231,-0.40687217190158209,0.89186279567593119,15.618523797414026,-37.240421538851564,5.7653195707334053,,0.3877280316816068,0.2666666666666667,False,2
-0.97549622764140076,-0.035140862892003293,-0.2171916886361045,0.025583309142523911,-0.9985830613580905,0.046662231644259394,-0.21852369242422023,0.039962348828739974,0.97501302890031949,-17.293742028719787,11.884215212730194,-5.658676329677677,,0.07679488412402849,0.4210526315789473,False,1
0.93288969056936288,-0.20851903664162194,-0.29366075084602156,0.32542613097478079,0.83737268295303369,0.43920931584248452,0.15431998739043468,-0.50529872471844672,0.84903388642016409,29.65130661312724,-0.28615446924179466,3.7173435414537068,,0.5259961988593969,0.1724137931034483,False,1
-0.72783723136490308,-0.54156628650634875,-0.42066485705225903,0.63486054827284744,-0.76405092057122648,-0.11479666816141468,-0.25923936600326281,-0.35061681091183539,0.899923776227877,-0.11278047155565823,4.6752004526645505,-1.5332652545664465,,0.4559881075193525,0.315525876460768,False,1
