axis_00,axis_01,axis_02,axis_10,axis_11,axis_12,axis_20,axis_21,axis_22,location_x,location_y,location_z,dbh,dbh_approximation,score,reconstructed,number_clusters
-0.92651184084352078,0.27875688707978707,-0.2527259517389091,-0.29610765866538402,-0.9545970128326049,0.032631236120812271,-0.23215525679263649,0.10506731650068256,0.96698748479330943,-4.6040041136081227,16.455191070876982,-6.7792946843920525,,0.1705349830166152,0.4615384615384616,False,4
-0.9542753403712072,0.10173247580902878,-0.28108553524716123,-0.11811680871696653,-0.99211408033445692,0.04192935845723509,-0.2746033398521171,0.073213079213219429,0.95876631708366911,-14.908089535821656,4.7333095624407857,-9.0387656353856762,,0.1146237111627831,0.3043478260869565,False,4
-0.60403087620896134,0.77340016448102222,-0.1923509453238087,-0.78490853182621123,-0.61912505879085511,-0.024551135282148667,-0.13807714239748919,0.13614825433309347,0.98101903936131407,3.3936060878555363,-21.563394796228604,-0.20113459519416307,,0.4790789596556946,0.1842105263157895,False,4
-0.67566241625726975,0.70560831374794297,-0.21353502482537234,-0.72758058924722235,-0.68491575880045252,0.0389472655967677,-0.11877198915591482,0.18167914276709032,0.9761587492182624,6.7194940933531537,24.280681027547573,-3.8754853278436912,,0.2973349555979156,0.3125,True,5
-0.7797310413273526,0.56681223112821844,-0.26597631066320981,-0.60222942527491641,-0.79516515120804021,0.070937307795949422,-0.17128695958421675,0.2154907815841422,0.96136595556980764,5.3573682225227657,15.178680514006375,-3.3569256711782787,,0.1213787776414301,0.5142857142857142,True,5
-0.77475399701026793,-0.51976103709282695,-0.36000653943616534,0.56080944420953205,-0.82786276343544207,-0.01166242695279511,-0.29197433346445012,-0.21093057918951114,0.93287688328137253,-24.646902283909863,-5.8988252611837639,-11.3343455583778,,0.08835939951381325,0.2941176470588235,False,1
-0.23833042320012204,-0.87974849036907388,-0.4113893570215269,0.95616064178358573,-0.28677123531580617,0.059321882130012625,-0.17016297035856937,-0.37921610235956638,0.9095271910338727,-3.7415430891582582,11.517594544305668,-5.9388944700015118,0.8007427701692021,0.5363154902080983,0.8,True,5
0.02126818680688581,0.98177745048464393,-0.18884041397386275,-0.98560588974525942,0.052275294248462521,0.16077413881185013,0.16771611231304762,0.18270284981660562,0.96875743834021089,-8.0889030127902917,-13.487652527629846,-4.9146937931721908,0.09872875880272286,0.1471322715751797,0.2368421052631579,True,4
-0.9531465182432991,-0.11976966445871688,-0.27778938467141362,0.12287351810827998,-0.99240249773466693,0.006275431275113777,-0.2764304854902413,-0.028151553517361087,0.96062150544644198,7.0224974784573169,21.169323576825942,-3.3997384997725275,,0.1180431355351639,0.3684210526315789,False,5
0.56836623968861866,0.79710887256688912,-0.20390503391864284,-0.78506592471505587,0.59956637523630407,0.15553666942973243,0.24623426129097928,0.071677102069925475,0.96655630027709383,-19.320299894668025,-2.2080278831723033,-9.8328465311501709,0.2924687159340534,0.2985718106472459,0.1304347826086956,True,4
-0.66162999773514652,0.70334643309193867,-0.25990294564286143,-0.74069224376583698,-0.66699953810983004,0.080539531823835525,-0.11670795226598348,0.24579546622775558,0.96227015056051712,-7.0601868958503502,-10.118273813437211,-4.9042954072611957,,0.0957173090391546,0.4871794871794872,True,4
0.86699561313516893,0.42117637745292702,-0.26632511312304391,-0.38006333149084531,0.90455146555971744,0.19323175259218445,0.3222894209564634,-0.066310672062623879,0.94431584965526782,-9.9218490772546062,0.80500030284910729,-6.913634317893588,0.2417542651654966,0.1331729265309463,0.5766016713091922,True,5
0.69151326488306508,-0.61584149373268771,-0.37755616679887233,0.70989826623237939,0.6760466810326492,0.19749768774596563,0.13361832243755944,-0.40459873907593091,0.90468005628904025,-26.768081360134385,4.2873943558501164,-12.999702265042147,,0.2279239528072181,0.2380952380952381,False,2
-0.91222475206933851,-0.27031543125568697,-0.30785641025823507,0.28317038718197368,-0.95906480908941039,0.0030370692295092483,-0.29607521600979347,-0.084405329164370449,0.95142798301994935,7.4375583315124834,-21.299096256550133,1.0770157739318347,,0.2408777623503413,0.55,True,5
-0.85475062609840924,-0.35782743715842918,-0.37597990957098704,0.43095698486583645,-0.89297800320977616,-0.12987056240283351,-0.28927053838876243,-0.2730381127244168,0.91748174075572964,-2.2820775511674758,17.833525399276841,-6.1379699337226494,,0.3722396344775608,0.3333333333333333,False,3
0.63327440959684933,-0.67490461935843626,-0.37877074453870785,0.76251562436934839,0.62784050611838615,0.15616088328910033,0.1324139144591128,-0.38771130193180309,0.91222064305296313,-6.4690264017916679,12.666033862207877,-6.9733197929626884,0.6336569260003201,0.2312719556566407,0.2121212121212121,True,5
0.85339098147379966,-0.40806173432231563,-0.32436006801246203,0.4769713714925165,0.862304113005953,0.17008799919325465,0.21029061680382455,-0.29986203106575632,0.9305163184003743,-33.736693546429173,1.9560054973128005,-15.35024305696283,,0.600118197868833,0.9024390243902439,False,2
0.94846502677712574,-0.15587839087494057,-0.27589131961500035,0.21921572750363702,0.9514543388250023,0.21605347936594321,0.22881992438535204,-0.26539888543345119,0.93659215980861399,3.5686293840583008,7.8669535256003469,-3.1345177090422021,,0.1721021830959125,0.3235294117647059,False,5
-0.89265450102036648,-0.26519670588138622,-0.36447036779104719,0.33345980733507896,-0.93259019039763158,-0.13813071224807671,-0.30326967982330794,-0.24483922064034275,0.92091327351499142,-20.81846153053451,-5.2724661948209626,-10.06191796863618,,0.08086624322082855,0.1470588235294118,False,2
-0.93414801615993903,-0.20063829624790749,-0.29514701079832484,0.20040544126600562,-0.97921068730156646,0.031370192625664026,-0.2953051693002125,-0.029844663729561613,0.95493672723979017,9.1698265476565375,19.624513950068106,-2.5756753091868898,,0.1464470532572658,0.2727272727272727,True,5
-0.29406628585263678,-0.90429600891873563,-0.30947333936622251,0.93715255250307172,-0.33642267498432865,0.092546621188277015,-0.18780338884539055,-0.26280888875765718,0.9463938794857838,-8.280027464989983,10.803624884974607,-7.4117915380591164,,0.250158373431091,0.1212121212121212,False,1
0.15049162828324025,-0.88982156739563556,-0.43077818887942065,0.98680426255411369,0.10887195730024987,0.11985092539753242,-0.059746273705490363,-0.44313031391588109,0.89446403374709349,-10.678062673365016,29.494520215379051,-10.287919053324933,,0.4793843002989785,0.1333333333333333,False,1
0.83962313955182699,0.51747422430765677,-0.1650860706005276,-0.45283596341377497,0.83471329249299997,0.31335811713535422,0.29995428613082348,-0.18834581628665087,0.9351755341747684,-12.156728197590699,32.132004634211285,-11.046068931470527,,0.2372384650621188,0.25,False,1
0.47798095926198619,-0.80561789277985463,-0.35002001859313259,0.87651470966952072,0.46335296823156041,0.13048367930111993,0.057062827794863352,-0.36916640917606275,0.92760982962671568,-6.8866857284649798,-14.787473915284139,-4.2793965600916293,0.08798177534912581,0.1389683284479125,0.2608695652173913,True,5
-0.36621930876104791,0.88964400259988841,-0.27279473332275023,-0.93043406271644713,-0.3542712697844696,0.093724715749188281,-0.013261705303121846,0.28814131262862963,0.95749606324470271,5.3409547107330342,-4.5780071891123066,-1.3171738171312397,,0.09707119544811721,0.3766233766233766,False,5
0.79492457587425291,0.54409417620525036,-0.26843331777309193,-0.53060225593064747,0.83800952778191806,0.1272842384116549,0.29420429071046428,0.04124995474248884,0.95485196578385689,-2.3860287645199376,-5.7888802414018965,-3.7437484960675098,,0.07467312145849611,0.4093264248704663,False,5
0.90046436960079423,-0.30368131856883829,-0.31135442157087811,0.37023139185316573,0.9108728437167064,0.1823166999095481,0.22823811155438517,-0.27944287310957194,0.93264089825739238,0.25047215945314993,21.384842547724283,-5.6889158008792213,,0.1926856630078561,0.2380952380952381,False,3
0.59687638280139332,0.76162270031560575,-0.25232805238001144,-0.75936316001827397,0.63778625646842546,0.1288265588574555,0.25904859555879878,0.11471509675695321,0.95902777421462482,0.47122174972335085,-20.814663557544332,-1.2016716793486033,,0.0786335107017491,0.1875,False,2
0.77640698603775427,0.58881799751469122,-0.22468991484835082,-0.55839372208710691,0.80800684798050781,0.18793984343483702,0.29221335213414995,-0.020452369530043479,0.95613443480251747,-6.6364936188955532,10.897958758455539,-6.8306040173157951,,0.1446608084051716,0.1666666666666667,False,1
-0.33468115917187258,-0.88462037128144111,-0.32470805411824244,0.92093314137615512,-0.38006495896282799,0.086213549304209269,-0.1996764152583301,-0.2701803576917976,0.94187679847584838,-16.836328848043554,8.3553497426352017,-10.042156088899265,0.1541981524665843,0.12316521657927,0.72,True,5
0.47756027058000527,-0.82084924748770483,-0.31327735453176409,0.87770800509752733,0.4617720854789813,0.12804373807457786,0.039558131291440951,-0.33611464408927627,0.94098995758587567,-4.8625953047289991,-6.825038305983667,-4.5398313504053132,,0.1509885307767228,0.6792452830188679,False,5
0.82843002899653739,-0.4710053986796523,-0.30308018983664764,0.52838864808820774,0.83670265207114858,0.14399343244962051,0.18576631456836504,-0.27943261518965362,0.94202350816736991,0.4468861481894385,10.190167826656351,-4.4813785343980177,0.1633237379539449,0.1195537244801768,0.3846153846153846,True,5
0.61167722228598709,0.7699368191985787,-0.18179183199163487,-0.75047432789053736,0.63743059416740577,0.17455807284865088,0.25027836285573296,0.029656905802253886,0.96771959214665637,0.70386440985281862,15.531758086761304,-4.9312087934185271,,0.231306541101646,0.4090909090909091,False,4
0.82025755464626815,0.51968237982901289,-0.2389723166832905,-0.48848617597896377,0.8537995169717908,0.18002122290493117,0.29758830609278686,-0.030929094942975077,0.95419316239576735,-8.2042668076323864,-8.9535349071981312,-5.3734471743739549,,0.07588671037632465,0.2333333333333333,False,2
0.81568835281183372,-0.39135921705015508,-0.42601698829625051,0.54499863583061681,0.76681920168015894,0.33906459396016431,0.19398195284583769,-0.50874971760630383,0.83877573093504665,-28.765719696232765,-5.6938493264202439,-12.891415165444919,,0.5211346104524948,0.3050847457627119,False,2
-0.64043491667783026,0.76175184286422648,-0.097863411920980858,-0.75990244911006877,-0.64697561734818632,-0.06301443004148316,-0.1113165995545151,0.034010005143902705,0.9932028665956073,-18.571851019405013,13.438038946363305,-11.24266260819496,,0.203622647820523,0.1111111111111111,False,1
-0.77083959703914162,0.60254524356549954,-0.20674995790356734,-0.61506859874619246,-0.78845982884587162,-0.0046601644535897574,-0.16582199634828143,0.12357316760904014,0.97838271539011701,-10.640693383794396,8.1984694015897279,-7.8599956648956582,,0.07081608295315912,0.2857142857142857,False,1
-0.29130957018308506,-0.88136657438101629,-0.37192969212422283,0.92835770533821804,-0.3542801320764421,0.11241689799606439,-0.23084779673825145,-0.31253567729104403,0.92142864355376086,7.2680801908694947,6.6983416113982157,-1.8538308808628454,,0.277866299480773,0.3529411764705883,False,8
-0.20542038916262761,0.95820603921685354,-0.19910713227964444,-0.97738264403693809,-0.19041181923152772,0.092013619819590248,0.050255654921995442,0.21350532898569352,0.97564842214963499,-4.345060438252716,-14.060609829763917,-3.5828794392946639,,0.1894855256254644,0.5102040816326531,True,5
0.83891153127949969,-0.45589016539153154,-0.29730724812147857,0.50676557242827436,0.85353037308027857,0.12113858522734813,0.19853487675400475,-0.25228963381146302,0.94706591290339959,2.0043231955077383,17.716897944153789,-4.696735339014988,0.4805975038498063,0.3854135595789691,0.8835616438356164,True,5
0.25868224344328195,0.94777776331465369,-0.18654974750297107,-0.9492594918311914,0.28518223305122592,0.132580206366953,0.17885724501830566,0.14278797329673076,0.9734586178088277,0.13479798276021937,-15.089041141699949,-2.0021889433921967,,0.07416762279327084,0.1818181818181818,False,5
-0.18091618718553265,-0.87089704168307669,-0.4569547855115576,0.97085656350671901,-0.23240022814862707,0.058546281285744801,-0.15718417957979341,-0.43304558275559218,0.88756107223429759,1.3107021429201584,-9.40549400460357,-2.1820972262601028,,0.1011557536115244,0.2717391304347826,False,2
-0.43338088975970429,-0.82322325539349939,-0.36672125132096856,0.87627588598708017,-0.47998285707091493,0.041916924453017909,-0.2105269009619562,-0.30318299539613319,0.92938608515190479,-12.764343118949416,14.684581711400245,-9.3225373379732961,0.385565564460713,0.4556823429278133,0.3939393939393939,True,5
0.95870931609847176,0.020730792576203527,-0.28363124204706786,0.026930542186190107,0.98623968861152778,0.16311352643172883,0.28310986051983034,-0.16401680050104286,0.94495888589390098,-6.4497440707495528,-18.611210774566043,-3.8351478948408975,,0.09819689628694686,0.3414634146341464,True,5
0.47304661111319085,-0.80767621746953333,-0.35197447556383143,0.87963460070254418,0.45550216241979019,0.13696988456508413,0.049697816463131053,-0.37440206698815598,0.92593370133816522,7.9219173157013403,-15.154798402320298,0.59820412200278539,,0.1196117584322136,0.4074074074074074,True,5
0.90701433573487444,0.3140591582285478,-0.28052065860503156,-0.29324724268780961,0.94915839873816921,0.11447440220761901,0.30221027353056945,-0.021568014224096516,0.95299725673005375,-5.172614613249757,-14.225597491412959,-3.8075389734244274,,0.08492833629535032,0.4814814814814815,False,2
-0.28567897099944473,-0.909155035088829,-0.30302582018918667,0.94044067090922789,-0.32676699748716487,0.093779922440923216,-0.18427932610171116,-0.25818685389820689,0.94835683075815214,-20.169076963930614,-2.5019056290441917,-10.105082807588815,0.1230126134479232,0.093689428621695,0.4444444444444444,True,3
-0.87925292307864777,0.3863371310336729,-0.27867170369867605,-0.42059906168083777,-0.90427112472592186,0.073417724699922998,-0.22363078180530255,0.18176180614085446,0.95757606447611365,2.2054027237018752,7.1242226160676774,-3.6026547104109956,,0.08266502241055011,0.2686567164179104,False,5
-0.078472842039651214,0.97824658712792267,-0.19203027843231452,-0.99354571296251715,-0.060916618785115291,0.095687417195748192,0.081908054036365516,0.19829972347020866,0.97671300306467457,-19.883753892286158,1.5585914848648326,-10.377374876475789,0.5763729800319889,0.4340611346541038,0.8933333333333333,True,5
0.49933642839812686,-0.81499519462614345,-0.29401694510843196,0.86447514452758245,0.49131354122070542,0.10627195635341954,0.057843372728561382,-0.30723580024056857,0.94987383756050447,1.917146622672907,-4.5922659957307816,-2.4483009078929094,,0.2725810573315287,0.9420849420849421,True,5
0.40101088890612796,-0.85194610358130052,-0.33671665175835314,0.91599069365735175,0.37784128077830936,0.13489631452686174,0.01230106141112261,-0.36252421040869232,0.93189317024845364,5.1214484908579401,-10.571246326761472,-0.79735148306481141,,0.09962289378458511,0.673469387755102,False,3
0.89830218680871055,-0.32759675315568054,-0.29280291750005777,0.38805996670790233,0.90407710709646771,0.17903643948298581,0.20606465833167814,-0.27445391552306048,0.93926162747165953,3.162491746240101,-8.9856580175757639,-1.586658076132444,,0.1028565417439658,0.4583333333333333,False,5
-0.13421082504094092,0.96393017705074657,-0.22983922252901978,-0.98836093795019064,-0.11344537401105342,0.10135483930089098,0.071624791630043511,0.24076702616098941,0.96793653115147182,0.1628867385746614,19.394867555362232,-5.4872264678486422,,0.1290391537038759,0.4,False,5
0.67530262228254712,-0.56784075668336498,-0.47066255787727546,0.72682094494917926,0.62077260417977131,0.29389230660745075,0.12529039197599429,-0.54055365038923686,0.83192792279702488,-31.198881877203274,-9.4998148280117292,-13.358185968335244,,0.7694007359777659,0.3125,False,1
-0.21557663958154494,0.95391074185138214,-0.20876065014095618,-0.9760950909127819,-0.20445225560806776,0.073740414107474395,0.027660187322163847,0.21966695645298892,0.97518272250895821,-3.9375984810304576,-18.616541365644022,-2.9258472363621775,0.1116537307407486,0.1889666421185954,0.358974358974359,True,5
-0.55057697230036662,-0.77128761850848038,-0.31934371311813647,0.79632832238459639,-0.60003536188049367,0.076280845964633304,-0.25045199248697564,-0.21230396611571492,0.94456382814018547,8.7319439953448743,-6.472215589903719,-0.041976694677037629,,0.1621813599053132,0.5925925925925926,True,5
-0.13061392758415571,0.98374305151660602,-0.12324613792665881,-0.9891964608076268,-0.12096262977366738,0.08281548239250569,0.066560978408566535,0.13273149886532126,0.98891454906996856,-20.145663861990915,10.9397350402344,-11.521353374136993,,0.09800506887623657,0.2083333333333333,False,2
0.70854276551997186,-0.56626951815179205,-0.42107716898621583,0.69184716460205453,0.67495877332504906,0.25647252317478642,0.13897715733676008,-0.47304279629192225,0.8700091163975876,-16.314895651297281,12.705943855083817,-10.349780835321393,,0.2684080217876468,0.3333333333333333,False,1
0.29260484555943123,-0.86743450531519817,-0.4024174242546158,0.95609851060952167,0.258325561057276,0.13836019122095303,-0.016063697127266074,-0.42523556235693838,0.90494014948038559,7.3822137937895969,8.3232786616854444,-2.0037262287785453,,0.1433490527274977,0.2166666666666667,False,5
0.90827760199169982,-0.24038682683689325,-0.34241199044936688,0.34488660049364173,0.89351079619225815,0.28756162798227558,0.23682278294147929,-0.37927909324291403,0.8944620388304283,-33.996319361152111,10.916671033593831,-16.284368996184078,,0.3681626239909853,0.8461538461538461,False,2
0.93972458705062412,-0.17970010940889833,-0.2909047458721909,0.22345941057730404,0.96670466270177735,0.12469156721722273,0.25881188596542054,-0.18218113455863996,0.9485918204865299,2.9160722309428895,-5.588873390027544,-2.0307090673192758,,0.09236232529602222,0.2976190476190476,False,5
0.95515283683656005,0.098534746061817322,-0.27923818166863323,-0.053914661364448876,0.9851187512657722,0.16320004655183823,0.29116364397539107,-0.14082595543115814,0.94625143735894679,-8.1405186880126035,-8.1417898281760603,-5.44463034542167,,0.07168753159891501,0.1910112359550562,False,2
0.61351591916127024,0.78918981936274912,-0.027886303984099636,-0.74454926934682752,0.58985793330270198,0.31259239279766715,0.26314369164167228,-0.17101768193393665,0.94947793550726378,-22.34093147650449,9.0833110123587488,-12.069292613251626,,0.2972391148050002,0.25,False,1
-0.46137943912749124,-0.75687825608376214,-0.46288693934696962,0.84144259421712408,-0.53870074091544529,0.042141100772370974,-0.28125322004833753,-0.37004974963476706,0.88541504900678525,3.670271801132126,19.373191933339079,-4.3433146858159173,,0.329820044355716,0.25,False,4
0.8700937667172316,-0.37976873874935735,-0.31418552192700056,0.44341510359929975,0.88145869938420329,0.16252263590014343,0.21522054506910257,-0.28072453820183008,0.93534691458919517,13.244445006372876,-21.3456664405048,2.9776118046770259,,0.2533051008529572,0.7307692307692307,False,4
-0.90565692314324342,0.35890960332372185,-0.22576411186174336,-0.35356105136534627,-0.93314008169993357,-0.065147301421255022,-0.23405153389829383,0.020820292194142373,0.97200123195025123,-8.1838895314354971,-21.296567657219228,-4.1454824315147158,,0.1945252067427142,0.1111111111111111,False,1
0.47055448228697377,0.88215693054322464,-0.019432681086130166,-0.85142712657453523,0.45972368825126714,0.2524400495042004,0.23162540303833137,-0.10224128498414389,0.96741738268036237,-30.501460856094344,-5.330806310260809,-13.592560374052173,,0.3864120617351544,0.1304347826086956,False,1
-0.25701214143626672,0.93124643697713949,-0.25831150336701314,-0.96597410169425757,-0.23953946097505513,0.09754425401709825,0.028961940720825308,0.27459228003198133,0.96112449023865842,-13.821408099208696,10.459480936255266,-9.2474875238821692,,0.0967529411031626,0.4722222222222222,True,5
0.942373220819683,-0.012102810418038651,-0.33434448501795633,0.12314328484925793,0.94173656572827569,0.31299835808970033,0.31107626730188198,-0.33613354898060788,0.88895770043980704,1.918735217156891,-30.29324669024378,0.16832247336750172,,0.3246436820401685,0.25,False,2
-0.57218545524817721,-0.76335291533962635,-0.2998268357651272,0.78191132782385797,-0.61805634472806137,0.081369712805925726,-0.24742368565512687,-0.18787943310506433,0.95051714260867071,-9.729030943048393,-24.615614855370751,-4.312261683266124,,0.1496468931517266,0.5714285714285714,False,2
0.48893613024660165,0.84819929669733307,-0.20371404866044071,-0.83303773762074462,0.52329841068248606,0.17946281251807134,0.25882346925885658,0.081955637141898574,0.96244152305554442,12.271359864773368,-9.828828962019216,1.4477778051467309,,0.08187170192949839,0.3333333333333333,False,8
0.10423874051797428,-0.92377664984972752,-0.36847114699476929,0.99059819894459955,0.063431641060439303,0.12120905560268945,-0.088597365778801243,-0.37764153387146665,0.92170351994134392,-20.218824318388648,-3.6383146016500039,-10.025673318446996,,0.1926107268870679,0.1388888888888889,False,4
0.12134726239960597,-0.90173697226401028,-0.41490393437548512,0.99054853718672065,0.083083188971910985,0.10913651628811517,-0.063940889776179038,-0.42422590274804456,0.9032961563364682,0.467528498009806,-6.3212785801456928,-2.7404174653870159,,0.2501543145838218,0.6227272727272727,True,5
0.43879885996973617,-0.82394849984329799,-0.35855882375872422,0.89771972832642166,0.41947449300292594,0.13468644732665397,0.039431584583896326,-0.3809855893940326,0.92373975275035458,-11.207918583963986,13.528072665586834,-8.6560839685664046,,0.09646964085818173,0.3157894736842105,False,5
-0.78058699295397804,-0.51898460878222374,-0.34833736847807245,0.55221898256645063,-0.83368620624591006,0.0046373277408533614,-0.29281076094354969,-0.1887386694942611,0.93735776143007188,-8.0992758102862759,17.415021334425116,-8.0198844696002549,,0.08632636759452315,0.4,False,1
-0.72603958532949442,-0.60314025444198971,-0.33028526156373916,0.62687675898774819,-0.77795184399451589,0.042619918659582201,-0.28265181686235924,-0.17610440624011756,0.94291844213973397,3.4541154535130327,-10.656967528251526,-1.3801404878432675,,0.0944839237771963,0.3170731707317073,False,5
0.26232003307341611,-0.90912413971206596,-0.32354520370600037,0.96462608063082855,0.23795314699330064,0.11346728340270761,-0.026167246992520432,-0.3418648832927712,0.93938473308653025,0.54344336916468117,-16.484373976241702,-1.7431870557845257,,0.1012967781395741,0.4583333333333333,False,5
-0.71442199746774238,-0.5947484790301919,-0.36861288125277952,0.63927474413131957,-0.76897648065802415,0.0017244450226810426,-0.28448024720538723,-0.23441292388875193,0.92958139507193738,-1.094008400587984,-15.560597968448731,-2.3327012305952395,,0.0702279572839777,0.2647058823529412,False,3
0.20184595327297247,-0.88765195670375707,-0.41392295769540854,0.97660175801415006,0.15038623830334003,0.15373023636435873,-0.074210628558149139,-0.43526771427359623,0.89723731505106386,0.47012361323847085,11.538490506381153,-4.6094834499299884,,0.2480538603703618,0.4090909090909091,False,3
-0.31558844204661335,0.92526409195965964,-0.21045259650728487,-0.94779153479221656,-0.29667202112140062,0.11694835809004872,0.045772719198299242,0.23637273957419447,0.97058373475109505,-13.63422532704721,2.8642255078706698,-8.3592134433679082,,0.2162477677586565,0.2441860465116279,False,4
0.043560327710025763,-0.92793323840878228,-0.37019238634254048,0.99361509399851788,0.001638439204662662,0.11281117185495683,-0.10407469830900853,-0.37274283436863309,0.92207984285457967,-23.263939897586354,-4.1913577198454712,-11.04377049079314,,0.3676503361609826,0.1666666666666667,False,2
0.81874174079239548,0.55390099462115727,-0.15118085210082693,-0.5009263905187028,0.81778302242400869,0.28337903859840941,0.28059706549809749,-0.1562837688077279,0.94701672131019432,11.553572009853566,3.0157862327586171,-0.12239340648105075,,0.599222953613132,0.2727272727272727,True,3
0.15186445160383541,0.96546540834439232,-0.21169254504932866,-0.97751929888026967,0.17840122636821237,0.11237892483443419,0.14626417420438906,0.18986718442298972,0.97085387346582408,8.7179029654926694,13.404951744212584,-2.0273578186933854,,0.2315858306320918,0.15625,True,5
0.47417494676136268,0.84791196504730881,-0.23707260363329313,-0.8490500821578586,0.51163394080670277,0.13169915945948613,0.2329636835465792,0.13883807166700712,0.96252372022937416,-20.598317469421012,-1.617962686099524,-10.239814293973302,,0.09840346007429876,0.28,False,2
-0.03955930612115742,0.99485674141148928,-0.093247656095610754,-0.99491717831725024,-0.030568853901969742,0.095944533248958616,0.092600591728417475,0.09656919404878947,0.99100934464429447,-8.4905539250474078,14.795792744505844,-7.8786224886160641,,0.09853518091817723,0.2857142857142857,False,5
-0.82307669349016477,0.52172222180269545,-0.22438957175091112,-0.53330078258941671,-0.84586048609348397,-0.010503016481541658,-0.19528192932991456,0.11102234614236495,0.97444292122947462,15.418403755285082,8.397956277880759,0.59887862026732974,,0.3142918042142429,0.2857142857142857,False,5
-0.64944826418896939,-0.66017747773819035,-0.37733625591662329,0.7172622661587662,-0.69662619037330031,-0.01570962860074912,-0.25249117546307576,-0.28085164904843124,0.92594306387598735,-12.112280643585756,21.977201842016779,-9.9986505945966506,,0.1721290355274254,0.3333333333333333,False,5
0.71033994313351823,0.65869449546832914,-0.24807000388759806,-0.64902021021718792,0.74935534171848128,0.13129866171296256,0.27237828826598276,0.067735762177014686,0.9598030707408638,-9.6843597116300408,8.8160160820519202,-7.670860234846085,0.1047279327857574,0.1483347854597741,0.275,True,5
0.95836311642253869,0.069461213189632026,-0.27697522803150437,-0.014394947149037799,0.98048182781295479,0.19608205125697625,0.28518927500426061,-0.18393076194805355,0.94065751059126324,2.8348938795528262,6.5061486030718703,-3.2890487021664607,,0.1027684015404098,0.2272727272727273,True,4
0.46881140421703787,0.8543098398005321,-0.22443387644479515,-0.85327899024741427,0.50369403188734441,0.13493438050928067,0.22832177311505264,0.12824593506641585,0.96510214384827597,-24.016229594131627,1.1016996403207135,-11.73737780188986,,0.1549762898256297,0.3076923076923077,False,2
0.23401123950474204,-0.90641863026885006,-0.35163049709459976,0.97176675958418079,0.20685486033764927,0.11349198968187971,-0.030134776466974295,-0.36826122991191013,0.92923385742828613,14.776283845784928,6.3527236185638927,0.59932659014166889,,0.08855256309403114,0.35,False,6
0.95770107346859479,0.053304943245167671,-0.28278478902290782,0.06497698064030355,0.91725736969305349,0.39295917056438623,0.28033309805296031,-0.39471192124055515,0.87499477333674347,-18.78618279151236,14.808006151493094,-11.463635714520908,,0.5850045891696892,0.4444444444444444,False,1
0.91686836051163267,0.33057019743944072,-0.22377612486044823,-0.2841129123325673,0.93416634422838896,0.21590065853737633,0.28041444780648644,-0.13437479628194793,0.95042682600270023,-8.4180188634476636,23.852106500362552,-8.8724166395332329,0.43112362170797,0.3341035237029789,0.6808510638297872,True,5
0.94015200115350306,-0.1497429085801425,-0.30609030702886164,0.22266271010218089,0.94993632631833635,0.21918552294979587,0.25794482405548652,-0.27422260532418269,0.92642669999962846,-7.3656807654956982,-7.8512832485125621,-5.1633209113817751,,0.07492627227575756,0.1686746987951807,False,3
0.85774479557898797,-0.37913919071937541,-0.34717047644898669,0.47044423007136299,0.85118025701387123,0.23275393973542588,0.20725851502344098,-0.36296782795511878,0.90845928022109002,-0.53201511505312105,10.272820902771363,-4.7902712825178027,,0.19922936009555,0.1851851851851852,False,1
0.95331185341156677,0.10195858499856808,-0.28425509158165285,-0.056157293722303638,0.98471551604710206,0.16486876847322263,0.29672018553982982,-0.14120835457287906,0.94446669189126486,-0.17504503283232786,-21.508577717005942,-1.433401804260634,,0.1594545376491498,0.5416666666666666,False,5
-0.93915055263104219,-0.16795496024870615,-0.29964540847585763,0.20760036186382366,-0.97250112886276008,-0.10556346013022974,-0.27367559125142576,-0.1613464771493715,0.94819248313022919,2.0546454355004995,-8.2118960356616348,-2.0048981108486914,,0.394601066253392,0.6515151515151515,False,4
0.31934481250433783,-0.82761437265543536,-0.4615986794832948,0.94752908800122926,0.28627030919140639,0.14226010497331135,0.014405489166644206,-0.48280820234292698,0.87560762995320174,0.85632392552054681,18.378485201877922,-5.1803078317728826,,0.2453490758638436,0.25,False,3
-0.48265831359002237,-0.78947361712451969,-0.37917325879703356,0.84384492287828894,-0.53509636163039387,0.039970362801065445,-0.23444977810816892,-0.30067140142394871,0.92446201106956716,-16.097703891455712,10.464380460847959,-10.011239962077175,,0.6947724569987237,0.3636363636363636,False,1
0.94340702604523641,0.25002534506258173,-0.2178772820530423,-0.18561939309150977,0.94251827572295777,0.27785741098009892,0.27482471525833263,-0.22169038489425047,0.93558791630109073,4.2307066761272569,9.230184121678592,-3.1406776943690407,0.8038034133193143,0.4845848247800889,0.6060606060606061,True,4
0.092113791052125221,0.98933804069771147,-0.11280643034162241,-0.98939394542713488,0.10371500647195535,0.10169964692490424,0.11231504908129333,0.10224205915833356,0.9883986498821874,-4.0537535416611004,12.812749715821523,-6.2408754071259924,0.5670035891511679,0.4066437216333579,0.3214285714285715,True,5
-0.13804699716608432,0.99005489387954082,-0.027098591819471551,-0.9879445625075246,-0.13571418141323824,0.074479543333392989,0.070061173164907994,0.037053583747133995,0.99685428420920719,-12.872018439389747,12.397654092053651,-9.1400831203618136,,0.4250158618089554,0.24,False,2
0.78788433041412398,0.55333786186381584,-0.27028779572127826,-0.53342986694417183,0.83253737637793379,0.1494459567391147,0.307718798482982,0.026433455349739426,0.95111009536144797,-9.0791600592851189,-17.859427267246932,-4.7953799826960886,,0.3112445015913597,0.28125,False,5
-0.27698252290802328,-0.87914733195733774,-0.38778944121236647,0.94127717909005493,-0.32934880360189012,0.074341359217268144,-0.19307499612268186,-0.34442609407287483,0.91874518316774223,-4.5206766315033606,21.604813669016995,-7.2827203136035763,0.4838045596220446,0.2397810439563806,0.3809523809523809,True,5
-0.95630534072276663,0.13156783750883738,-0.26109385178200184,-0.093051605335641205,-0.98355339007485543,-0.15480351293404193,-0.27716690648339287,-0.12374422412988888,0.95281995830530275,-9.8387813195142559,6.7481565965481289,-7.5176387166854877,,0.1067599601298018,0.2941176470588235,False,2
-0.95431603887722427,-0.071946908236283039,-0.29000782806145731,0.054978082449639656,-0.99628721299955603,0.066251035189933041,-0.29369764791677261,0.047280351191768794,0.95472836974677711,-9.8734984755595896,14.45882903228455,-8.3123070956406355,0.2335849509192989,0.1574912565045672,0.54,True,5
0.95022346094096177,0.14909427477066775,-0.27358046623980248,-0.098781597922464354,0.9769363363821667,0.18930818938459268,0.29549546559848205,-0.15286036728595429,0.94303559737898435,-9.7678162362460661,-8.6282316539894381,-5.9858077531000706,,0.1003439714770242,0.3783783783783784,False,1
-0.8175716660991782,-0.45816419940242981,-0.34880099939326864,0.48817928743006439,-0.87274080818259359,0.0021130681643179855,-0.30538099828916537,-0.16854983867901774,0.93719442900883099,5.3470985233865225,-10.357025795444372,-0.78693354280517536,,0.100657394621405,0.2777777777777778,False,4
-0.799151520928438,0.59152525033364289,-0.10702674813094543,-0.57395933068330951,-0.80376204276714536,-0.15664375291837351,-0.17868277286669579,-0.063753092666208044,0.98183909570568728,-14.020624607249832,20.258339087651514,-10.488963199384346,,0.3139756917756484,0.3076923076923077,False,1
0.61736422474189578,0.76802659668660667,-0.17028376549402907,-0.7462834599825563,0.6402494497251463,0.18204845366855188,0.24884214145779535,0.014689755227195733,0.96843265110489896,-1.3895450284649764,9.6327006400045772,-4.9618361467153536,0.3852116091360728,0.1554002635433059,0.375,True,4
0.57265136979311593,-0.71783474788532753,-0.39595919411282232,0.81528567083230885,0.54927818716646704,0.18331052353487931,0.085905084887798758,-0.42779287959423462,0.89978529025478737,-2.0684703714772681,-15.909757731506113,-2.59350385035926,,0.1347744636722967,0.3536585365853658,True,5
-0.29753788488184113,-0.8903205030149578,-0.34467464219352567,0.9311104459293652,-0.35038722121851212,0.10130218501093929,-0.21096100241812799,-0.29078892193129391,0.93324019327329477,17.023061761240989,8.294456534772209,1.1544116368708031,,0.0867889099045663,0.2631578947368421,False,7
-0.79249211945681031,-0.49799720588958402,-0.35207246913813223,0.54321240910817314,-0.83881203092506607,-0.036258176543527018,-0.27726615226123152,-0.21998445331780667,0.93527018615409641,-6.0021633788670492,-20.000531402240885,-3.4926878068288127,,0.3264665590153725,0.8245614035087719,False,5
-0.94351718536910378,-0.15606055985667464,-0.29226772413385954,0.14511288568519637,-0.98765964306533549,0.058912476337102081,-0.29785495013727681,0.013173121014997229,0.95452024471010821,2.1945798001127761,15.676673844435955,-4.4161093290120386,,0.1102099358903045,0.2962962962962963,False,5
-0.87695637824769102,-0.36656433094511187,-0.31077017541819685,0.39388869098001655,-0.91873690295884902,-0.027824490285235606,-0.27531656283039602,-0.14680972181823182,0.95007773145722751,-16.404834336714845,20.110940874451344,-11.276476317503157,,0.2889665719832056,0.8421052631578947,False,4
0.46918369651782499,-0.82048650282031388,-0.32660152726458708,0.88226691482258124,0.45157211334024833,0.13299517834442995,0.038363393115236996,-0.35054889123075733,0.9357583688781913,9.4231535712045638,1.5703208639105681,-0.62288829531812562,,0.3912071386571107,0.9371428571428572,True,5
-0.9070911311296046,-0.27820546518399625,-0.31589143541376902,0.30296090170988049,-0.95249545077690356,-0.031098364658618524,-0.29223342016468845,-0.12391180488985103,0.94828555443378371,8.6893676596537599,3.3747604653936278,-1.0619693026758199,,0.08549515570420518,0.1153846153846154,False,4
-0.95620678127722036,-0.01744442374357616,-0.29217166789357335,0.028859059463773422,-0.99897740714818306,-0.034803659209334453,-0.29126576545540733,-0.041711294486597522,0.95573240071995469,-37.72531333272191,-7.5514154376144926,-16.08237110249069,,0.1953167939030065,0.3571428571428572,False,2
-0.26369725352402434,-0.90002356453888033,-0.34701778305818115,0.94986464726107178,-0.30493474370675705,0.069079330947069861,-0.16799080441347625,-0.31140389425185883,0.93531102007689981,-4.1013243059447841,14.067200390366375,-6.3919478308243551,,0.07818012878183098,0.3333333333333333,False,2
0.42416128598980979,0.86912829149819126,-0.25436826921789113,-0.87850454363778008,0.46309002364324181,0.11737715625230219,0.21981121508068338,0.1736768347233921,0.95995801304287098,-11.415271053219747,7.9791490021949532,-8.1584219109072098,0.4109734720236699,0.4496540214895062,0.9665071770334929,True,5
-0.86123655669294075,-0.41023395152301539,-0.29996616214749744,0.40864328954279799,-0.90991723664790269,0.071142704212626209,-0.3021295340203064,-0.061308461641575163,0.9512933391987014,0.15786195171921025,4.7708445340335377,-4.0026653662417457,0.2784383014488145,0.1948919433318192,0.8640552995391705,True,5
0.59319892980185185,-0.73680607878112392,-0.32439456215097329,0.79903822465055507,0.58802720346187198,0.12554649949759253,0.098249403200357771,-0.33367770416974851,0.93755332888896459,-22.692345924730468,0.41611875433561546,-11.270444894455904,,0.08712486317958484,0.3333333333333333,False,2
-0.28786280852389523,0.94356919908889936,-0.16374422127045768,-0.95741226771049492,-0.27956771812892811,0.072136264233965672,0.022287958771128089,0.17753607382984915,0.98386187515468815,-2.8127222498521762,-17.470944448374464,-2.7471970800915551,,0.153820809384149,0.2,True,5
-0.36764886546291586,-0.88335835231575721,-0.29071004990853067,0.90671667266578837,-0.40995385642821519,0.099008641590092761,-0.20663781656248684,-0.22719123441194611,0.95167481619125738,-9.7688551758262037,-11.899860138874589,-5.6456410076153505,,0.1003944195758101,0.5434782608695652,False,1
0.13825381873183681,-0.93666558694454805,-0.32178169593668404,0.98835382671690331,0.10962550602897311,0.10554127932683065,-0.063581403099624234,-0.33262565544725464,0.94091316204959441,-11.192037196345595,-11.140849507583885,-6.163121423018838,,0.0829286750654982,0.2702702702702703,False,1
0.91184296609715121,0.30972463034708514,-0.26946810300202606,-0.2662834507505803,0.94577788871167678,0.18600351900016904,0.31246684469798131,-0.097851104135029676,0.94487545866322653,-15.762145567533903,8.6347243069070583,-9.7133547777552618,,0.08020113295573553,0.375,False,4
-0.92099287401810948,-0.25636524940018823,-0.29334107265747889,0.24658332192864554,-0.96655182898168268,0.070528201726658801,-0.30161033031793694,-0.007377044946428879,0.95340274168546502,1.4738836232493564,-6.7313155576196086,-2.3754648755300902,,0.09384529496210903,0.5108695652173914,False,5
0.19269491970999442,-0.89357367850960379,-0.40545622327542707,0.97854415660969829,0.1442765656974313,0.14709046928869324,-0.072938340281171993,-0.42510040421689654,0.90220266284890671,15.582228322681502,1.1084751294499973,1.3743252904971084,,0.1504494388131007,0.1111111111111111,False,3
-0.83363858017364423,0.51405389961233572,-0.20197847890164272,-0.5137530676853298,-0.8559700930563493,-0.058077407285604496,-0.20274245507535782,0.055351495792397842,0.9776664609280411,-2.8004862098068068,6.7661534107857753,-5.1746413540096627,0.7834633760857469,0.5220079375093917,0.3406593406593407,True,5
-0.79219072555432302,-0.51660856842348768,-0.32488373516867514,0.53271196454204739,-0.84510596999275567,0.044876077328086406,-0.29774455020951712,-0.13751904055089451,0.94468867692298186,3.1703588327097636,-19.636498647599097,-0.54947773433792702,,0.4134879991998999,0.7738095238095238,True,5
0.36205789508073172,-0.85040629710952242,-0.38173709597860711,0.93199717497977896,0.33779967433522529,0.13142543836231524,0.017185646319555881,-0.40336151261056896,0.91487930553985797,-1.4728381402685324,-18.067039396928617,-2.1816856272823788,,0.1922113242207525,0.2,False,3
-0.36368725208166508,-0.82072133822994897,-0.44062236398908405,0.91083051655611513,-0.41245237317477584,0.016456304950247344,-0.1952417803222648,-0.39534734707158076,0.89754171066310628,4.1235056955167844,21.287159049796823,-4.4193321069661833,,0.2035022321893908,0.3076923076923077,False,5
0.84984031730138088,-0.35251853571767944,-0.39179346225345585,0.47623676580065277,0.83207443971305439,0.28434252175139002,0.2257653161777097,-0.42823219023290238,0.87501269319908093,11.28999783561455,-6.0237208985032726,0.69604360807785259,,0.3588282027873723,0.1739130434782609,False,5
0.66307720124406611,-0.61631483620393246,-0.42483484775293034,0.73980008366624672,0.62608629287283002,0.246397625971052,0.11412476242143861,-0.47767350413402265,0.87109331420380753,-0.42473682682856606,13.984591042377494,-5.1492311797914176,,0.708960439175231,0.6666666666666666,False,5
-0.31964870368509107,-0.88618588538157972,-0.33540912745914853,0.9297063903347863,-0.3616734467677824,0.069558217873771977,-0.18295008609755808,-0.28959781500138876,0.93950112908038519,-9.1120573125452911,12.379022747173771,-7.8415528689241238,,0.09990929895282082,0.1666666666666667,False,2
-0.94488937782471927,0.17156558837984584,-0.27883563717339288,-0.20089939923159356,-0.97633531139396035,0.080054925605131874,-0.25850240823326864,0.13166096083933046,0.95699628856566876,-0.53693373194445182,-3.3295561658954171,-3.3588199957056135,,0.2357653651448882,0.7794263105835806,True,5
-0.95593593393516951,0.092012725669470774,-0.27878333617052881,-0.11180847910310651,-0.99215487412919579,0.055924679188444237,-0.27145046364326869,0.084630751246547037,0.95872429912425827,-22.588964380321706,-2.0615161640089199,-10.978298886883174,0.5907824610541204,0.4366508619576613,0.9171974522292994,True,4
