axis_00,axis_01,axis_02,axis_10,axis_11,axis_12,axis_20,axis_21,axis_22,location_x,location_y,location_z,dbh,dbh_approximation,score,reconstructed,number_clusters
-0.18742001899148036,-0.86599235341836689,-0.46360649294649942,0.97689898240866768,-0.21366071551125837,0.0041805282116271908,-0.10267480046313303,-0.45211319652066839,0.88603134418694263,0.21409080015454252,14.732315065227366,-3.7359397075569629,,0.3284936015967833,0.3809523809523809,False,5
-0.20397506495507919,0.95326800355399899,-0.22287728972855536,-0.97897533080922172,-0.19890088261224048,0.04522986361961686,-0.0012143078475418817,0.22741713281159565,0.97379667957957561,-28.60925291893173,7.1309258740569517,-15.380068735115536,,0.261060976165925,0.5,False,4
-0.68651482489577165,-0.63362150379594662,-0.35668078883743243,0.67106773499443217,-0.74098485957019378,0.024688720849508058,-0.27993836865955413,-0.2224077962102623,0.93390003851436054,-4.9796803361212323,-5.6201135727665772,-4.1931086972131482,0.2984039690573677,0.2439605671188855,0.8683693516699411,True,5
-0.78495153265880713,-0.51012269998998372,-0.35160478144006957,0.5378119580397478,-0.84277569065979485,0.022077885368822141,-0.30758639301185359,-0.17176718600429897,0.93588815819312643,-13.539490049792542,6.5087992549438507,-8.71124341501333,,0.06211357256620922,0.1320754716981132,False,1
-0.89206271638293511,-0.29513920563135304,-0.34222355170092161,0.30392847282891172,-0.95225340945023695,0.028998751598742656,-0.33444221241252575,-0.078142776311658807,0.93917097115856452,11.317355989328178,10.275773558351453,0.91965550386562345,,0.4854876975526879,0.9060773480662984,True,5
-0.81307811430714572,-0.41135450604492685,-0.41193622126643659,0.48242257669237143,-0.87215980821319383,-0.081275620176154598,-0.32584112314474584,-0.26481076128824477,0.9075807529766764,8.090322517396574,-8.8615167144988352,1.1257040237468705,,0.5523589679225054,0.3243243243243243,False,2
0.67051653347769458,-0.63226799543628653,-0.38812982400227314,0.7157106130573333,0.68903150502656518,0.1139908041814014,0.19536093952003719,-0.35422135315054976,0.914527930837567,-10.263441831871843,13.896512429119362,-7.8683132148750605,,0.1123797364055977,0.3125,False,5
-0.099031318989768496,-0.88138430746777197,-0.46190312881458373,0.99093236719970301,-0.12970912900445988,0.035051183844443438,-0.090806615921634859,-0.45424359588491675,0.88623750434203596,5.6944568684730701,-22.738187861964114,1.2072251018981701,,0.2633953055024317,0.3076923076923077,True,5
0.78630162797445013,0.53008527209727363,-0.31739463472196322,-0.53567152057469392,0.84087977098222877,0.077312565589751303,0.30787298012317427,0.10922827041766064,0.94513671659270637,-9.0505771495066121,13.142074274935677,-7.2865448646299775,0.5943878561169054,0.4398303854395077,0.9376443418013857,True,5
-0.60347776062722147,-0.70908011343362365,-0.36471904962767598,0.754296927181484,-0.65596834202857224,0.02723380070536378,-0.25855509678389094,-0.25867146535566587,0.93071925677823331,9.9057456126228693,5.0675315267565582,0.91203047184008668,,0.07536986224422135,0.358974358974359,False,4
0.52278481511161301,-0.73918803554662205,-0.42461404262393732,0.84285860532331969,0.52277423726011951,0.12765762135309183,0.12761429591211826,-0.42462706574337272,0.89632942968365603,9.2651898155000119,22.914228266280517,-0.82754297610537386,,0.2721400947229451,0.5,True,5
-0.57830023567923905,-0.64547474382445158,-0.49893004770017263,0.77680750147516309,-0.62253066196537532,-0.095003581852831684,-0.24927684021034274,-0.44251319754071905,0.8614192515477217,-3.9923890224364924,-18.408801625152808,-2.7929920695981623,,0.5444442058494559,0.6,False,5
-0.17640954971008344,0.96092498687567707,-0.21331394790089261,-0.98430710707085789,-0.1731800063516683,0.033885164450459165,-0.0043806096475383638,0.21594410155874899,0.976395900882987,-34.629618473688012,4.3577148536444117,-17.833494167476811,,0.4976989923159101,0.2222222222222222,False,1
-0.82155955088854615,0.47884914972760428,-0.30942429792917031,-0.50089008129873247,-0.86545968221187586,-0.0094162053008272073,-0.27230319645637435,0.14725158834752344,0.95087745736702145,-3.3104904255844505,12.820678760263574,-4.9734312227855106,0.5880534421270618,0.4181217000164167,0.7921348314606742,True,8
-0.82751113594820047,-0.37577846740031839,-0.41715208655835301,0.46260809855561763,-0.87737152124187778,-0.12733012551816045,-0.31814944135182094,-0.29834503037922788,0.8998728664736716,-9.4883644344218752,-5.4190971412808118,-6.0699251818367008,,0.2332564493451265,0.3055555555555556,False,1
-0.89213349046143597,0.31447306250495766,-0.32435247518070454,-0.34098326274240193,-0.93968694861225577,0.026811436689139396,-0.29635831307159699,0.13451814586345823,0.9455562483040425,-1.8399175682857329,7.2001312085237688,-4.0372903614643638,,0.07641163436023393,0.3396226415094339,False,5
-0.45052599404681093,-0.81192517524983632,-0.37121939400259762,0.8665071312812419,-0.49778282912769667,0.037116660199698732,-0.21492259101101108,-0.3049422319409848,0.92780305833294441,16.446890652542834,1.3035336866797278,3.5705655763365294,,0.1177661049367035,0.2222222222222222,False,5
-0.89735850463762279,0.30116147660255888,-0.32256701499858331,-0.30224624691476448,-0.95201977457475218,-0.048016195648736076,-0.32155080528661267,0.054406928136083055,0.945327967316278,7.787172168310196,11.666494376246328,-0.53316223138702468,,0.09596241698478619,0.5,False,4
0.085245809719559917,-0.93269688308084064,-0.35044211535792924,0.995965925081855,0.069876731114910925,0.056294924500693289,-0.028018351148861288,-0.35382731203226531,0.9348910125030192,-2.4771842397465074,10.758647694660496,-4.490681455231651,,0.2422592964148904,0.8685446009389671,True,5
0.22911630443685643,-0.90638400119027873,-0.35492782565966458,0.9731292389362115,0.22186796535252121,0.061596187201491751,0.022917315912350633,-0.35950333564048054,0.93286234155674874,-4.45261037366026,-3.3402666501039833,-4.1853181830270261,,0.1030128668255044,0.6684350132625995,False,5
0.09230252976875257,0.97784035436781058,-0.18790551979152267,-0.9911442929249773,0.10831877032926811,0.076811682683049831,0.095463257856280945,0.17915157092302897,0.97917898314622509,-21.729428439787572,12.489479929379758,-12.859037689615089,,0.3412670775465084,0.3272727272727273,False,4
-0.72277465377278916,-0.59448920931481519,-0.35239094748854299,0.62695050641358674,-0.77857178582325948,0.027550623000761418,-0.2907401973779582,-0.20101879098290557,0.93544726377300358,-3.3622429451227687,5.0625087323260169,-4.5394564616657496,0.4018644714117481,0.2529942268572032,0.8825794032723773,True,5
0.94252544804138816,0.18560825849218027,-0.27784051931617881,-0.11165730501566029,0.95868027454440341,0.26165774866437758,0.31492606438817311,-0.21559616318239702,0.92430507322528999,-6.6132721411122555,13.333819145619893,-6.2219305358368757,,0.1582835161584793,0.2352941176470588,False,5
0.66848507175583005,0.69867918959045272,-0.2549021358734197,-0.69078255018232992,0.71029129985648365,0.13529869811562992,0.27558515417779683,0.085636787547266335,0.95745452289671951,4.2263826535676969,3.3166332784425321,-1.216241661671871,,0.5215257620253335,0.4821428571428572,False,1
-0.79918167858396905,-0.49028946544978214,-0.34774255518224467,0.50605436495720779,-0.86099695146209854,0.050923759491322267,-0.3243726627252469,-0.13527930234126637,0.93620611300855838,-5.660345952206483,19.751419696134917,-6.536437113230936,0.2388413439653547,0.2830768898549746,0.8454545454545455,True,5
-0.59100551226648379,-0.70522933525788423,-0.3916172482952659,0.7606828631846223,-0.64880320526318513,0.020395648983660752,-0.26846613590521706,-0.28584258873012985,0.91990214063245956,18.532680068419161,1.0943353308380226,4.3576692075465662,,0.3981922854747751,0.5915492957746479,True,5
-0.87199450792154798,0.36868454615967161,-0.32202062601282794,-0.39821908809204498,-0.91684349330627934,0.028628074700872273,-0.28468778694175978,0.15319828394918625,0.94629971455201611,0.8502409876192456,4.356154627980219,-2.691439015754157,0.3026812695306119,0.2088735933020477,0.859504132231405,True,5
-0.57556544086087291,-0.72863471516107858,-0.37123560598192135,0.78133972035936072,-0.62396464031512555,0.013280400038163415,-0.24131445185770942,-0.28241738526257765,0.92844372787265017,-2.9643847667125365,16.736487701027723,-5.1650524603449899,0.1160801523665897,0.1378859662029095,0.2857142857142857,True,5
-0.8087465393429295,-0.47141634104392716,-0.35170395007391009,0.49653149518170558,-0.8677562777045259,0.021342839478524799,-0.31525467386456862,-0.15737114062350194,0.93586794725826727,9.373320043359314,7.2718522067412019,0.49103274580404987,,0.08570931643140903,0.3636363636363636,False,4
-0.43139472318025202,0.8739694664750004,-0.22377659502645847,-0.89669329121611108,-0.44265236445287237,-0.00016041290201315034,-0.099195434876062902,0.20058977021195148,0.97464045154408807,-13.192009012740403,19.042390304400918,-9.575785665443016,,0.233512613456485,0.1111111111111111,False,1
-0.73533570754524047,-0.58446043346714383,-0.34305597053591536,0.61042290508938424,-0.79109759290057602,0.039350672791593259,-0.29438966379813186,-0.18047326732320418,0.93849034391969632,-3.2467505059186266,26.219264306270436,-5.9238148770696091,,0.1050790502271371,0.5384615384615384,False,1
-0.097270025324964149,0.97970489154029305,-0.17526228249485079,-0.99473373429752687,-0.089984341591723679,0.049067464972248065,0.032300774352631581,0.17911209830809324,0.9832982844569057,15.601614702918813,15.910758786353188,2.1305760883707747,,0.2862795723164475,0.5,False,5
-0.50437838593060347,-0.70547958979206127,-0.49789656776569885,0.83184706497712912,-0.55163685794967288,-0.061051105152550252,-0.2315877896068233,-0.44496665643420574,0.86508483420228122,5.1765196832030886,-15.273818452902697,0.60999567484348449,,0.5287028851329335,0.6176470588235294,False,3
0.88823625580747712,-0.28507070258572459,-0.36023748888253826,0.35937805927049948,0.91965835542033525,0.15835378056912761,0.28615339310251925,-0.27011701877676531,0.91932205009075529,15.754284381049471,8.7678456862920591,2.8183039990777359,,0.09694229010573453,0.2142857142857143,False,5
-0.90993794546460782,-0.12407131448198079,-0.39575149314482783,0.24532132281488581,-0.93039250157523279,-0.27237334962314907,-0.33441050219154594,-0.34492912595965702,0.87703678035114585,-8.1709008643296119,-6.4468447966793212,-5.3835696779784081,,0.41926488106627,0.2608695652173913,False,1
0.94302653791994773,0.045587331129280734,-0.32957964745904494,0.0019355114651166991,0.989800550672855,0.14244691531613807,0.33271189124238931,-0.13496912657427965,0.93331995173021465,-2.6113661681598144,8.3698434438366647,-4.4127359888859434,,0.1023105843901965,0.1428571428571428,False,5
-0.8192467071229107,-0.41213176653141459,-0.39872577027822348,0.48245244668107107,-0.87120530715072486,-0.09077967549985598,-0.30995881913524487,-0.26673717365246696,0.91256605822930847,18.273803157888388,4.9592274902261364,4.0635785066997236,,0.1574746706705101,0.1764705882352941,False,4
0.40977808471112021,-0.8316759955070937,-0.37469582301884663,0.90763970100030922,0.41270569465925772,0.076577952204854693,0.090951055291048133,-0.37146877135649581,0.92397990099803595,-13.314956191459695,-9.1848361215774741,-7.1983037795097751,,0.2472537049567454,0.7307692307692307,True,2
-0.63707399148231958,-0.65275307278677641,-0.40993920932768596,0.72530943505668788,-0.68766985955443416,-0.032192975602373608,-0.26088877475762628,-0.31784208378974599,0.91154454470292245,2.0488466402927776,15.38018095471311,-3.0547324951672956,,0.2029440046645134,0.4657534246575342,False,5
0.87353299983549937,-0.31679571857786537,-0.36956808694627297,0.40339285002433489,0.89605083130001495,0.18538370013514524,0.27242302903322718,-0.31101990357095621,0.91052309846322688,-13.226043309759184,24.242356424988269,-9.9914732147534,,0.2618268578548889,0.8484848484848485,False,3
-0.38565758674235689,-0.82858422799883857,-0.40585268620477266,0.90338640165038286,-0.4285132476695408,0.01641358842166742,-0.1875132931320721,-0.36031177289018906,0.91379110917949624,7.7353036360714942,12.682387150513364,-0.58201356551531769,,0.0975782765170737,0.28,False,6
-0.30266935254114535,-0.86949002475372472,-0.39035670851938858,0.93863845074117669,-0.34299658517760129,0.03621051431157319,-0.16537569900843344,-0.35544400319919817,0.91995132412927172,-12.635244548507757,7.4424690969247811,-8.4528882792784579,,0.06991935024989218,0.2333333333333333,False,4
0.66610993389222317,0.70269395960934966,-0.25003750738365504,-0.68413324774080975,0.70916277154011653,0.17044020299551427,0.2970845928447145,0.05752705963347754,0.95311666762480662,-11.176717991974169,16.397896674728571,-8.6076186542284177,,0.1027010409397378,0.2727272727272727,False,4
-0.81867101555921462,0.5269381620325333,-0.22828478196546437,-0.53859796652176306,-0.84246106281629207,-0.013099163983450783,-0.19922348943301296,0.11222981347315483,0.97350627641834675,-26.209596806473478,6.8838313812697116,-14.255068047124139,0.2950518110723825,0.3724413627957134,0.25,True,4
-0.74631150823654624,-0.56034903629453059,-0.3592048025813146,0.59609544871941555,-0.80279425540363258,0.013841947367497852,-0.29612387389349248,-0.20378994336010967,0.93315610178340103,10.741276244874266,8.5141948348276628,0.90630222858183185,,0.102985956459066,0.3684210526315789,True,6
-0.64929569445853097,-0.62878187119537721,-0.42784162912654405,0.69079981269335211,-0.72290920004954617,0.014067951754113843,-0.31813632288760235,-0.28641865675923861,0.90374422992337267,-0.7022648679010457,-15.440622647499064,-1.8084440595263733,,0.2204911856515167,0.1875,True,5
-0.23374230378531236,0.97030231593065597,-0.062273197450761264,-0.97197019351459657,-0.23484808014588224,-0.010969146320138477,-0.025268128944069337,0.057963738245561724,0.99799886107563596,-19.289665239997859,10.672013930599521,-11.442816219031922,,0.6174138996407027,0.4117647058823529,False,1
-0.6370287535207344,0.71589696004634162,-0.28580746978381488,-0.75148044081951748,-0.65933930353265247,0.023427118533450916,-0.17167269513094735,0.22970247150059886,0.95800065779361199,17.80240542926736,8.0883011940533844,3.6207517605150366,,0.1043574501458129,0.2857142857142857,False,4
0.94034077827508722,-0.0062848593494418126,-0.34017601510976725,0.10499380419547207,0.95639222136186797,0.27256232314660495,0.32362867887992519,-0.29201784099857514,0.89999447706359004,-12.368137222848318,17.690820962595751,-9.1519423216295515,,0.12677911803016,0.2758620689655172,False,3
0.74463001199933709,-0.51839315157406873,-0.42046960131616229,0.62919149604976421,0.75542064506182705,0.18291448907353872,0.22280979899575221,-0.40075951568924556,0.88867744657777514,-11.064811202228611,9.2683638373118349,-7.85003810934119,0.3647268256377972,0.2110761613773312,0.4270833333333333,True,5
0.94117302365884237,0.07347222591559828,-0.32984113078250071,-0.049004637531267756,0.99543480407255092,0.081902969063833098,0.33435293484176343,-0.060921119983544519,0.94047686420381937,0.48192611288009235,18.939251949957466,-3.9339871606047057,,0.3370712673162402,0.8082191780821918,True,5
0.86744819960840081,0.44037769324310749,-0.23151913158532675,-0.40095686567373101,0.89428002967772602,0.19873806980219932,0.29456274860416748,-0.07956579549960982,0.95231406128507456,-12.524289043771034,18.260059314159633,-9.2210092574923728,,0.6057754882837816,0.16,False,2
0.55745322264604902,0.78281488494909679,-0.27649007299298789,-0.7951095339038674,0.59922036874360918,0.093465388128167043,0.2388445805470793,0.16773731124859032,0.95646090393616401,-7.695847916573662,24.791692012440517,-7.7000818540286486,,0.1578015186495058,0.45,True,4
-0.93209336300686485,0.18775777863792018,-0.30975632229142086,-0.16228313167814445,-0.98100158831703921,-0.1063017821684126,-0.32383043064432171,-0.048814959596422396,0.94485498988379824,7.9268871497279214,7.9716467833001765,-0.2339176572664908,,0.2216148777610581,0.1379310344827586,False,4
-0.79494883125896643,-0.46304681988161672,-0.39197448676862318,0.52127990324928763,-0.85186886273785845,-0.050859641820619583,-0.31036046486048674,-0.24475923536248817,0.91856915828714447,-18.67649544334034,8.4463293121398504,-10.936819608994563,,0.4235525170998354,0.7471264367816092,False,4
-0.91725360786259957,0.24414798633092027,-0.314702366742932,-0.24002786601327972,-0.96934939084210636,-0.052425013220316175,-0.31785600890994203,0.027450305000055047,0.94774154617978423,17.171289731018682,16.020389707205471,2.7952974470959164,,0.1871238341128284,0.75,False,4
0.42505711894143999,0.87136545333225135,-0.24504834701805922,-0.88366823510945824,0.45811795271765149,0.096220536562233255,0.19610429851418065,0.17564221627179591,0.96472426939897893,11.584261099597807,17.910918491414062,0.52519281308538834,,0.2367108892148983,0.5,True,5
-0.92629928454576427,0.18714336891034319,-0.327027514015094,-0.19813826577030041,-0.98017403039058704,0.0003127065890837985,-0.3204853554962272,0.065086324375864396,0.9450147656474458,-8.5972462705680552,-10.611579399841476,-5.206407818635066,0.2322958145752416,0.2067845730388531,0.7183098591549296,True,5
-0.44216220657809252,-0.7824150789219797,-0.43854216142749941,0.87482071018007324,-0.4840992661574729,-0.0183473580067487,-0.19794268896330439,-0.39175827340505182,0.89852331472514824,-5.645121234807708,-17.748232655842358,-3.5270532483938122,,0.1851518844555981,0.2666666666666667,False,5
0.91978599242557724,-0.19193975734626459,-0.34227599636485312,0.24491569461382301,0.96227104826997711,0.11853578444177992,0.30661055211705368,-0.19285631753006316,0.9320924901098705,2.4795759443500631,-17.005549637398278,-0.36863582350959734,0.234283616956383,0.1185794888029497,0.4285714285714285,True,5
-0.87733631319671002,-0.33457693877812461,-0.34400474645600954,0.34799144543600152,-0.93719040907517148,0.024001896609962544,-0.33042843014753848,-0.098652973474558814,0.93866109079627957,-0.76577758640175542,-9.2767097067654518,-2.1944750512846216,,0.07492203994182599,0.308641975308642,False,5
-0.66931226663464582,0.67195128509435931,-0.31702138759464155,-0.71727290791481169,-0.6956514646316263,0.039857437540612509,-0.19375413622378007,0.25406792441375325,0.94758051081703054,3.5181917827856668,15.319272992681027,-2.5154872394188215,,0.09019361132731327,0.4444444444444444,True,5
0.65377366522909297,-0.57193339548575373,-0.49545149690061063,0.73242244663637568,0.64278915085380195,0.22445370838512607,0.19009827541591415,-0.50962172115480542,0.83913547595791127,-1.1553231911726423,13.726353635392099,-4.1667319842415607,0.533013635208382,0.2734740609038244,0.2432432432432433,True,5
-0.85358085930471361,-0.33796177805503835,-0.39646128840342532,0.42433701426810277,-0.89252443989750485,-0.15276852590660803,-0.30222146672706574,-0.29863348901207154,0.90525147019478436,3.5503828897074809,5.0894069300712079,-1.6505009454988864,,0.6068796180897797,0.3358778625954199,False,2
-0.94274155098521895,0.0049674742393193486,-0.33348716953680113,0.028622420619043982,-0.99499532758431286,-0.095734294394926978,-0.33229373313966065,-0.099797907217885673,0.93788125721278792,-13.138008653243423,12.345476978808586,-8.7965826727987491,0.4343331100235702,0.1924816128567212,0.2888888888888889,True,5
0.035712196003972276,-0.92739652018961471,-0.37237123062445077,0.99850593709127267,0.01769169955896319,0.051700071181725746,-0.041358586170878633,-0.37366120765595856,0.92664274088940946,13.67499456695775,15.580855693200446,1.453741845917129,,0.2118757642184234,0.723404255319149,True,5
0.93326839256214467,-0.0282206151287442,-0.35806941272081166,0.12234062326042353,0.96227358198302948,0.24302741680271819,0.33770235318209257,-0.27061624175076093,0.90151204670596152,17.112995728335573,5.6271283870876303,3.5068946467745961,,0.52451087973321,0.3125,True,2
-0.71314714594221718,-0.61043406410138212,-0.34466128535003471,0.63630927497378265,-0.76999239989864732,0.047140329662185614,-0.29416263327759268,-0.18569318103524979,0.93754273913256947,5.3902155074414058,7.6926405397585587,-1.0666032918340165,,0.07444818978764725,0.5277777777777778,False,5
0.92778554172245342,-0.16253250298031541,-0.3358529053703837,0.20577333710200041,0.97376021152385495,0.097202799295723299,0.31124158190813878,-0.1592929249149877,0.93688550088223044,-29.27847564483282,5.0873918850294029,-15.378276650275939,0.2095525753853701,0.1799675054617961,0.5714285714285714,True,4
-0.86390888133752886,-0.33768888602814695,-0.37366784849543772,0.36230687104710713,-0.93204720986553891,0.0046615205588153782,-0.34985021929133509,-0.13135529998798828,0.92755086611294313,-17.038193870286729,8.291837925633347,-10.300251159827203,,0.2165484593994279,0.5185185185185185,False,3
0.40319141916673734,0.89737851597017226,-0.17929996816922053,-0.89427259528330905,0.42795041653691357,0.13090059706180546,0.19419887959400572,0.10756505036978103,0.97504695020464494,-4.3900626280115098,-7.0276387175145327,-3.8397252367902723,,0.6110093789914179,0.6150943396226415,False,1
-0.7931646272906171,0.55796337987318845,-0.24406298518092515,-0.55775155678176491,-0.82644894225835874,-0.076781161410583887,-0.24454667227843122,0.075226408664299221,0.96671501101256185,5.524751948002085,11.705731708666075,-1.3823517670476935,,0.2594025462449019,0.186046511627907,False,6
-0.70755398584935902,-0.55764121067489181,-0.43405487817294047,0.65516082751140281,-0.7478445299763965,-0.10720470642167133,-0.26482380407217754,-0.36022887049960872,0.89448505502066245,-9.6809037047733533,-22.300597895014576,-4.7932803411034808,0.7266152492128651,0.311378659836537,0.6666666666666666,True,5
-0.94049467290909561,0.094231416069273349,-0.32648156219791791,-0.097109290369509882,-0.99524537268514146,-0.0075122481817800207,-0.32563715382852687,0.024639163427233671,0.94517371719280407,7.2356916109904237,5.7093071509660902,-0.22249238289762377,,0.07882742606256121,0.3181818181818182,False,4
0.93777517328731064,0.23429738919988796,-0.25628589071595909,-0.1801633742417838,0.95924188550874201,0.21770659996300104,0.29684824902257934,-0.15798651366414601,0.94176503362169839,-12.281266655650491,5.4896094750252917,-8.0014854169363865,0.4199155878487462,0.1700260991819725,0.1729323308270677,True,5
0.55851914098663036,0.82310464379862214,-0.10273808694296824,-0.788741250710426,0.56533522808863057,0.24141938470166333,0.25679487646623755,-0.053803580170100507,0.96496713217682717,-8.3923626283383506,-8.3806555046645759,-5.2253421614270508,,0.5254382457463525,0.1428571428571428,False,2
0.5170224421363413,-0.75400087229791235,-0.40517956377557152,0.84578024787501815,0.52283547461103885,0.10629599612743905,0.13169497572742997,-0.3976502873911178,0.9080367185890198,14.978739667667304,18.054150455740228,1.8636406287032634,,0.6004270425603448,0.1818181818181818,True,5
0.56678041187286698,-0.7406494709847814,-0.36083005119749434,0.80920602281496079,0.58272320445753878,0.074961854477666207,0.15474358583546,-0.33447276139724863,0.92961411054592025,8.9222436752992529,9.1339989036273899,0.05598644344939406,,0.08052316692241734,0.5,False,5
-0.21190428890127999,-0.86576912511952298,-0.45336562985632023,0.96679954390341016,-0.253498131887748,0.032207748098555131,-0.14281181412404548,-0.43148872420863676,0.89074253666668546,10.391670794437314,16.056114901707566,0.24054885641810103,,0.3152808949281908,0.4615384615384616,False,5
0.84312327887560301,-0.37784991774563836,-0.38258669119255428,0.46696989096530583,0.86727603213372428,0.17254392199737045,0.26661256075043255,-0.32413226273544338,0.90766514679373855,-7.3620216261195308,12.025387129301901,-6.5213658581010483,0.4127311161139636,0.294162262700121,0.6158536585365854,True,5
-0.93967030620545033,0.0032990093025550733,-0.34206553783357813,0.001200620192144504,-0.99991553157794144,-0.012941724010173759,-0.34207933896525755,-0.012571644555226169,0.93958697288024795,-9.2971333683295558,-14.526701317928943,-5.1953103585078866,,0.1032960633479894,0.3703703703703703,False,3
-0.94471191153655432,0.051468311928907141,-0.32383702238647227,0.01683220112675328,-0.97869055369534186,-0.2046496447901443,-0.32746920650066685,-0.19878584701807211,0.923714298806254,-6.6011364238154311,17.512131956818617,-6.7757056885603797,,0.3365000422129378,0.1333333333333333,False,3
0.75474492014618855,-0.43529004524038123,-0.49079800532209794,0.60687973424546338,0.7473833164727135,0.27039816275338019,0.24911261243798713,-0.50193700279305442,0.82825246848497003,18.521475541954867,-3.7024098404364358,4.6880510329760519,,0.4993489749994781,0.1875,False,4
-0.9057998411062852,0.32202632196471948,-0.27536465970364415,-0.30846024445615783,-0.94673000406956154,-0.092490956230844565,-0.29048050785186308,0.0011607567891054466,0.9568802052513159,-0.18762047623878597,-23.717328533858666,-0.96003498558515377,,0.2801712226949349,0.3571428571428572,False,3
0.81970114932295424,-0.38737885862846494,-0.42193322420299817,0.50928674081743075,0.83002101227762404,0.22735904381657998,0.26213935497400809,-0.4012514661223533,0.87765609409863654,-7.488116271237133,-2.2997646619828389,-5.4926211009108767,,0.09897810427588905,0.2977941176470588,True,5
0.59093051708128452,0.74777270379084271,-0.30271621602976451,-0.76676435373731533,0.63725154301035336,0.077349187253144797,0.25074598664753101,0.18640400853054984,0.94993683778654447,10.553551014762956,11.63396299905305,0.57149409093612713,,0.0696884030509502,0.2941176470588235,False,5
-0.93221476459840225,-0.087945006058086819,-0.35105741492551673,0.14762952310491051,-0.97805676684654363,-0.1470050500272041,-0.33042572020434491,-0.18886671685378331,0.92474223797354005,-1.0359173714400263,11.270316794526948,-3.8840445153574383,0.5685280106118494,0.4577770882084847,0.3575757575757576,True,5
0.2165012338300327,-0.89032743210383969,-0.40055496426015691,0.97606761632651162,0.20600104393047824,0.069681979436828204,0.020474962973223917,-0.40605496369695482,0.91361925458492244,-13.844147458499476,-0.3585671559408688,-8.245005063835956,0.5090362537137035,0.3271280352885759,0.24,True,5
0.31291233130981871,-0.82512390799709645,-0.47037900608536287,0.94808977746901313,0.30090893991991291,0.10285710347386121,0.056671392898114653,-0.47814678324534809,0.87644966021963544,-0.40022801204812031,16.800791529492336,-4.1500940993610183,,0.1136121430945754,0.6363636363636364,False,4
0.25031556178986936,-0.86726532758813224,-0.43034052921991084,0.96772124555876449,0.23757159655525723,0.084114965400820307,0.029286693565801658,-0.43750495777035142,0.89873895070056187,0.44222287290822415,12.969907922477942,-3.5372646247951409,,0.1596779306492611,0.5164835164835165,True,5
0.14740099991711622,0.97756494583818898,-0.15046501883100744,-0.9843114240711851,0.15989875067376705,0.074588269693880549,0.096974046354645405,0.13711005142348079,0.98579757969486836,10.586572989896732,-9.0227006808200638,2.1249365836854004,,0.437753963628992,0.3714285714285714,True,3
0.67686902957492134,-0.60723606609136427,-0.41606811562554241,0.70366194179738883,0.699715363896945,0.12352441536998141,0.21612077287533926,-0.37638114932133815,0.90090456873484426,-3.7235540683277044,14.825767741777748,-5.2593353367580269,,0.2299719716284458,0.3125,False,7
0.57536979821088285,-0.67023833724681381,-0.4687538443483904,0.80561208615422131,0.56336437524285854,0.18332961394566996,0.14120468104497286,-0.48311608542031692,0.86409495199262543,2.7845421517688864,18.208671184154692,-3.046572117350467,,0.3748845231868237,0.3636363636363636,False,2
-0.35796482636734261,-0.79570257813933754,-0.48858836480846374,0.91766038975572517,-0.39647148160257262,-0.026641571823571915,-0.17251258550368939,-0.45789493491222549,0.8721075830564482,-10.291614003546023,19.427069226369223,-8.4130870080616926,,0.348226674135022,0.4838709677419355,False,2
-0.49459908400634239,-0.75056601257720024,-0.43820361347671383,0.84023353230859354,-0.54184518495987444,-0.020283163461927323,-0.22221466487230496,-0.37822540409094907,0.89864686413291828,-1.743394172781932,15.085952625112812,-4.4988381346322956,,0.3198883086442894,0.2916666666666667,False,4
-0.94067172111323238,0.07766150747007787,-0.33031107059155906,-0.087728969286231515,-0.99602133003698756,0.015656885364704561,-0.32778093453683715,0.043705839070118407,0.94374226279494966,-24.058211964792534,5.5180556063138786,-13.041594710029086,0.4262683648487979,0.4250079788224739,0.9548872180451128,True,5
-0.93888419272373347,0.13979219736712359,-0.31457052342642489,-0.14536402652479374,-0.98936122924039227,-0.0058015401782467654,-0.31203488978959193,0.040280263544469563,0.94921637571355977,-39.31293435423175,4.3516456992030257,-20.087224483742641,,0.2755315836618324,0.5161290322580645,False,2
-0.87901571002924295,0.35140357369333669,-0.32225286642222062,-0.38398871703870119,-0.92240141228748607,0.041572825223020853,-0.28263765974964883,0.16028463122084768,0.94574033977917993,-9.8882046301022175,5.205134911923146,-7.1438334068036067,0.2629803687580823,0.2487711848228122,0.8589562764456982,True,5
-0.87331387401342186,0.39045873225966404,-0.29131573225255986,-0.36511202080472743,-0.92049457513179278,-0.13922266129056976,-0.3225152550183597,-0.015222205987184934,0.9464418601928628,-5.9234662082674259,4.5950756054179749,-5.3656054338692014,0.06404512724018938,0.3513246470069907,0.2771618625277162,True,4
-0.7693897838164151,-0.50241897866629781,-0.39448007609364166,0.55562023204094035,-0.83105340313576681,-0.025226947560769201,-0.31515951247852697,-0.23859046714480506,0.91855814768686372,-21.783858330017036,7.6597980750362034,-12.363920617953616,,0.3354951183179434,0.6904761904761905,False,5
0.60170326830010901,0.77382573154858691,-0.19785579119717658,-0.76236220696898216,0.6303013621009822,0.14671079823594643,0.23823736546215638,0.062561410845186904,0.96918988210293966,-0.40224007071486478,-1.6580620371977091,-2.661202751050761,,0.1360937479591355,0.2740384615384616,False,5
0.5458878303048974,-0.74840084378181748,-0.37669968642365048,0.82322970674009033,0.56273771179727383,0.074960774154185728,0.1558824129452647,-0.35103054674462941,0.92329747567429743,13.307120764299301,3.6173193107601129,2.1790172444945606,,0.0962926137675594,0.5945945945945946,False,5
-0.88814146551933237,0.33106105836941746,-0.31875274564541894,-0.35528170308729273,-0.93456054045091319,0.019274534585539429,-0.29151269042112865,0.13036553173065912,0.94764190465598197,-6.2410358788970433,-11.455742132714446,-4.204095462256964,0.426714057017028,0.3983755418446264,0.8701298701298701,True,5
-0.2231125253240327,0.97472042507832812,-0.011869876943587654,-0.97455825281525488,-0.22330937365580583,-0.019212899498239698,-0.021377860351555492,0.0072812480094258669,0.99974495273255293,0.017247440492368926,6.5632110787196893,-3.2758568421296439,,0.2957796269174594,0.15625,False,1
0.65476396113697855,0.7390993237731871,-0.15816556134074283,-0.72691775885597421,0.67310020327712194,0.13611277753431802,0.20706213332239867,0.025851613998283424,0.977986179349004,-8.9312049924605823,16.821662596633132,-7.6434210620206784,,0.3114134898391462,0.1538461538461539,False,4
-0.21767513240192604,-0.87743815626343447,-0.4274573881298912,0.96947361442300239,-0.24502057697957988,0.0092643291280797013,-0.11286473174293007,-0.41239204501253213,0.90398802732059325,-3.4802968765396352,-5.2712001260040049,-3.6221074215284905,,0.2535837016654492,0.2272727272727273,False,5
-0.94595244132127698,-0.0059983684805457842,-0.32424990105455365,-0.0015306565678580267,-0.99973521758987394,0.022959786606133421,-0.32430176664456745,0.022215181432963915,0.94569278831188808,-2.7565855542565556,-12.185068005578703,-2.7720744621133631,,0.1254370505295955,0.2978723404255319,True,5
-0.52253123137274249,0.82885623841142941,-0.19989609372506925,-0.84864120425305956,-0.52822053109358302,0.028127868300502228,-0.082275261676902342,0.1843377513632769,0.9794132808668301,3.7429001898363756,8.928182683910153,-1.8550516504966386,0.3785475681621281,0.4250362370468476,0.5885714285714285,True,3
0.88278719744425815,0.39332377620351194,-0.25687189628591822,-0.33428414424928493,0.91013239245390809,0.24477160601191172,0.33006192590487787,-0.13021303805355627,0.93493512597871076,4.2142911699130163,-13.348680461465358,0.037771218927409228,,0.4428950410413103,0.40625,False,2
0.93314390120919211,0.19534126698646168,-0.30180167171209277,-0.13740808003048743,0.96955424391647804,0.2026908671989992,0.33220698243478425,-0.14766975829759824,0.93157509804948302,-18.937542863643461,13.873021499806116,-11.555631627702487,,0.1603529628501486,0.3,False,4
-0.82964253600567417,-0.42906639324465295,-0.3572048328873747,0.46042518409624378,-0.88769308327662066,-0.0031047951277628286,-0.31575609621987116,-0.16704197104581281,0.93402091390349284,-9.9960543976159748,-13.756995038333612,-5.5631848193866524,,0.1316659959089639,0.4210526315789473,True,3
-0.80437519255216683,0.52946804523134694,-0.26952576627395203,-0.52316343264234411,-0.84622346595278308,-0.10102409819809718,-0.28156805989412953,0.059744746628935419,0.95767948338559494,-15.726721053426209,-22.749211855592385,-7.2573132356333376,,0.2644472673635537,0.1818181818181818,False,3
-0.42331162837109032,-0.79237139329450912,-0.43926625225975935,0.88628971201629425,-0.46272421182744095,-0.019412628949939517,-0.18787711851071809,-0.39753475178554171,0.89814715356834329,18.845339186659544,3.3590602691101097,4.3679061902578162,,0.3941030904177069,0.2962962962962963,False,5
0.840264184688295,0.51580004865251305,-0.1670521168383691,-0.47732155965592443,0.84989107785810847,0.22326953322121382,0.25713853973636602,-0.10786781534474538,0.9603355173037188,14.499159699763984,-3.2326262529529144,3.185778594312473,,0.650984263702771,0.4141414141414141,False,2
-0.75764334544752332,-0.52955494561211891,-0.38150769412533625,0.60649697385713042,-0.78718741663100944,-0.11179173404121485,-0.24111819052329675,-0.31608152536259382,0.91758077983533826,-16.154062804391959,11.606283904723675,-10.218766436848254,,0.6531684442788764,0.1904761904761905,False,3
-0.46563549098913432,0.86140690253913288,-0.2028835572175485,-0.87781680979277676,-0.47867008779333303,-0.0176803703908264,-0.11234428323925391,0.16986198900831631,0.97904324047183877,2.3711051238891878,7.4186561435634264,-2.3223102498215948,,0.1115839843959117,0.3214285714285715,False,1
-0.41802883251212136,-0.8248536153541639,-0.38061582787072684,0.88703731849376743,-0.46102652270092437,0.024886561949811672,-0.19600176220621218,-0.32721714289361437,0.92439831815543694,18.091564161292382,11.787423866683563,3.4063036608150035,,0.1260036906739244,0.3888888888888889,False,5
-0.71017623484090131,-0.58553600649880444,-0.39089295281526015,0.64159485026608198,-0.76685653680770116,-0.016944027482949583,-0.28983747787207426,-0.26282815117245534,0.92028017438822629,9.1320037817301909,19.423547641833306,-0.57327152037956863,,0.2130811526153526,0.5185185185185185,False,3
0.69260098756628208,-0.59470509817981898,-0.40820303553641502,0.69795330662599919,0.69540380988023121,0.17109857677343376,0.18211275021822598,-0.4034097016718764,0.89671375522234675,-12.127419996505742,-9.3778051330711634,-6.6749076638360441,0.5533918030853054,0.4159886936192618,0.8620689655172413,True,3
0.68816425757808009,-0.61655464553801265,-0.38247918068504699,0.69927495017508823,0.7041923003967856,0.12299491094964556,0.19350581037694287,-0.35209881159608969,0.9157411906335674,1.8701696604613405,11.113210164109141,-2.7694031357367117,,0.6512832038415324,0.71,True,5
-0.90236897173598618,-0.2504774338661192,-0.35070114623705417,0.30757962116159454,-0.94430484231812295,-0.11697496065669864,-0.30186920262628608,-0.21342310066717257,0.92915314378598601,-12.149206152115296,13.653250575720113,-8.6312469297841883,,0.2094887602015892,0.2682926829268293,False,2
0.71765038079557242,0.61715419467598642,-0.32264319446999662,-0.63286845332984487,0.77129712482169843,0.067662885111934662,0.29061220160870638,0.15563240419532015,0.94409909598543973,-2.6770127521434381,-4.1172042806702995,-3.4154679594590376,0.325894405497384,0.2515531461745574,0.8809831824062095,True,5
-0.10801497908005606,-0.88773788495282746,-0.44749772280293831,0.98854250865885052,-0.14364809963256137,0.046356575007435841,-0.10543468532129902,-0.43736331703908826,0.8930827822994708,14.460939300142643,5.3733409351059223,2.5511947489275655,,0.1077539163317613,0.1923076923076923,False,6
0.74033485349424966,0.60072617862238653,-0.3017156989939257,-0.60364517323672939,0.79158693864497742,0.094882155301578203,0.29583240108150383,0.11188465884301649,0.9486648584120394,-6.1669829228876178,10.379048621859436,-5.9662657889353516,,0.0994225114992104,0.390625,False,5
-0.92634776853155165,-0.16839995934639773,-0.33692916975047904,0.19059899005672049,-0.98109029169894979,-0.033672904885509961,-0.32488742161858741,-0.095411179775757887,0.94092766462030697,12.832219450362429,-4.2088020133396453,2.5551471450893546,,0.2812917931010572,0.3835616438356164,True,6
0.4523737694808832,-0.76231004698463056,-0.46286214465210773,0.885596656625117,0.44522237189758301,0.13227093912234372,0.10524511608655839,-0.46974507110578845,0.87650615155385314,3.9661411727342539,21.237053800948875,-2.6874436264694053,,0.5878328739134295,0.5151515151515151,False,3
0.69603908085593291,0.68735413649055321,-0.20754249919125972,-0.67893572506749367,0.72411954411605073,0.12123187310373325,0.23361480935142964,0.056525895645172075,0.97068478095270783,-3.7046408521836267,-7.9116884800904659,-3.4223328046207779,0.5746088780186496,0.2496227974007258,0.2293577981651376,True,4
-0.76011572570889763,-0.47919787679977077,-0.43885473496434774,0.56477668673018699,-0.82120769189631404,-0.081518224320708405,-0.32132752396286968,-0.30981820740705446,0.89485266983061029,-8.6283558311043258,22.397707609503144,-7.9419740590473777,,0.3516424109307753,0.2857142857142857,False,2
-0.75140066673137007,-0.54835970067516904,-0.36701318329331317,0.58873484251919628,-0.80832270182224653,0.0023864037128571505,-0.29797369554970682,-0.21428030332772657,0.9302126791042078,19.826367711464183,2.5456746909956558,4.7132783492045709,,0.07085147512393147,0.2631578947368421,False,4
-0.1895808288103899,-0.87891454054888929,-0.43768520623765661,0.97406534972861181,-0.22443063378095215,0.028767778481441623,-0.1235143870390925,-0.42088017419737717,0.89866794488395008,-9.4144748866595318,7.4945416664926476,-7.0786299330017224,,0.07352503089077535,0.2407407407407407,False,4
0.93168093349416814,-0.11504840904608316,-0.34457873082852791,0.160139063377331,0.98146226898593303,0.10529622470731742,0.32607685987212454,-0.15328300014335516,0.93283342742581077,19.669477872811292,6.6766692294440597,4.4225176503313968,,0.101289892556264,0.35,False,4
-0.91375568522803852,-0.14080948505446428,-0.38108166661771498,0.23004452822927668,-0.95247872582963278,-0.19965918930450011,-0.33485827262471535,-0.27010547154890674,0.90272530234514614,-19.411323564971656,5.4771664886411733,-11.078292688206407,,0.643234070966908,0.3272727272727273,False,1
-0.70814639038700444,0.68831400974273804,-0.15732931632003644,-0.67601888285786327,-0.72527584259774347,-0.13028208688741655,-0.20378213808247084,0.0140987990980522,0.97891473789218719,4.8436099016767411,-8.0941399756997825,-0.11706080216700705,,0.5502505041148084,0.2661290322580645,False,3
-0.40146996494652165,-0.78037984681760197,-0.47940500824123289,0.89549724867114411,-0.44426275822182154,-0.02674470563592582,-0.19211076197925941,-0.44004306191335096,0.8771861597139301,-14.305156446506547,5.6483310639343358,-8.8945399285170677,0.472588982888102,0.5971911830427474,0.3676470588235294,True,2
0.010203024259585015,-0.89150239075270921,-0.45290107703356575,0.99849104711566938,-0.015357197492533971,0.052723669400294985,-0.053958568604204234,-0.45275561152500454,0.89000046579021885,-12.888612113215062,16.730512710835544,-9.2842718733984562,,0.1470316092240987,0.21875,False,3
0.49169073473093766,-0.76970173936767827,-0.40718479072053421,0.86286097843856657,0.49355518138705634,0.10896887084866697,0.11709463381297272,-0.40492285109680404,0.90682210570312249,19.885075116084177,10.565068775332936,4.1606335307445068,,0.1575715823686203,0.3076923076923077,False,3
