axis_00,axis_01,axis_02,axis_10,axis_11,axis_12,axis_20,axis_21,axis_22,location_x,location_y,location_z,dbh,dbh_approximation,score,reconstructed,number_clusters
-0.89488794273964312,0.43350788639302967,-0.10604943363478868,-0.43533924134084184,-0.90024346168538627,-0.006438527898081664,-0.098261461865736699,0.040405718998208745,0.99434001377006254,-15.304095214175916,14.285046318907744,-6.0885309059404289,,0.2379931737669803,0.40625,False,2
0.97220594330953325,-0.098457849292754834,-0.21241858606597144,0.18189229181509142,0.88887786350219,0.42048940290337455,0.14741369669021587,-0.44743960004499816,0.88208106562815292,-11.466871997268854,14.988129340222205,-5.5201679116389801,,0.4029185817943256,0.125,False,1
-0.43456329352510176,-0.82894813853317939,-0.35213595037001233,0.86550932042927908,-0.49250544869299273,0.091279785592211421,-0.24909508259028787,-0.26511010284425141,0.93148712991605342,10.915804171538069,-2.4028742193368018,1.2480707464127703,,0.498831039131861,0.18,False,4
0.97902412875174405,-0.07820621944592579,-0.18813703134116241,0.12500928146236773,0.95973110931791439,0.25157280726594694,0.16088640362116474,-0.2698147235555956,0.9493764164347388,1.6085948576567268,-5.8598014590306864,0.35960661297840202,,0.08576118665562965,0.1428571428571428,False,5
-0.1876040148902442,-0.94407915663066178,-0.27114438886430992,0.96324063591410403,-0.23086386772120837,0.13736575957856995,-0.19228159277698442,-0.23540692554881121,0.95268639566375823,17.251715501635534,6.9872920143917225,0.6968926745473546,0.3733053436993105,0.2953736596456652,0.3333333333333333,True,5
0.74817665824410529,-0.62811413199116217,-0.21378569936193845,0.66319662249096312,0.71768765321136585,0.21235506197061171,0.020048141441619968,-0.30066105438009799,0.95352032091811545,-5.738841504983303,-6.457116412138137,-0.69323717009690777,,0.08085165246606296,0.4098360655737705,False,5
-0.40356759957477878,0.91450848186089728,-0.028415298307927134,-0.91110676507998223,-0.39883513775761636,0.10399517063476182,0.083771446202995065,0.067858451900558447,0.99417180371740488,-3.7518367083379971,3.7875458649129592,-2.369981052210171,0.3815370176678181,0.2158478708210718,0.623229461756374,True,5
0.88183847654962144,-0.42349286165285277,-0.20739984909763631,0.46537329489727319,0.8525522903356012,0.23787031895547261,0.076082834286717957,-0.30628155081983044,0.94889568128129942,-2.1634322799247969,14.960855414751096,-4.0702815360246527,0.5884495672079871,0.3101974768394916,0.7553956834532374,True,8
-0.15085071220546237,-0.93393487458721636,-0.32405202152874346,0.97415099690239948,-0.19619648775308599,0.11196773386745888,-0.16814843996054685,-0.29878518742252547,0.93938996903081751,-10.84487579228265,-9.2946854757674906,-1.0259131804878121,,0.1723042429719515,0.1785714285714286,False,3
0.93848498849121198,0.31214646472103519,-0.14768382084307108,-0.26548439688591069,0.92568897671345385,0.26947718530762843,0.22082563571010716,-0.21369254304574431,0.95161522458390113,-11.321767383633123,-11.90175847870584,-0.53386783358733481,0.7845033826140335,0.4827666964468406,0.7909090909090909,True,7
-0.53103342135988307,-0.7658546157220476,-0.36258821406114461,0.78916976291892194,-0.60283029376406916,0.1175020094075719,-0.30856861585927359,-0.22374616085546484,0.92451233891664797,-3.2025818140167419,-10.813295313981676,0.59034748568726458,,0.2760183724761075,0.4,False,8
-0.058947642982306321,-0.97107238770470439,-0.23139488590787205,0.98409816576960274,-0.095436058398248244,0.14980907477957459,-0.16755887179059356,-0.21888439093478712,0.96125628626780557,-15.491534276413871,-12.608022564941303,-1.0572726053439092,,0.1101273133894348,0.4117647058823529,False,4
-0.86023191719801251,0.48845435270809673,-0.14633316081581191,-0.50101585319827036,-0.86303121460684162,0.064499902777052559,-0.09478482725542807,0.12880010844232304,0.98713037061342845,2.2906306734073523,17.498207176066206,-3.7207040648310534,0.4180827018712432,0.3004196103553438,0.3,True,5
0.89215882452838124,0.43051642866968454,-0.13677805548273458,-0.38712909876589291,0.88472469786831454,0.25960213764629803,0.23277390898647798,-0.17865557261759385,0.95598038351622816,-4.663524819557507,-1.4266524125989395,-1.5752801707946369,,0.067170568941517,0.2094240837696335,False,5
0.73653115100263711,-0.64466698333046857,-0.20475923472782728,0.67627517154510741,0.70773934995107635,0.20434506326913054,0.013181652186568207,-0.28898009124232554,0.95724435277060327,-9.3426091801733424,11.694001243855871,-4.6330746731486423,0.7761966622692597,0.4202779468763971,0.9584295612009238,True,5
-0.78576341385074655,0.60107832175883713,-0.14587908885512088,-0.6176823818817726,-0.77487624640718622,0.13429548714223319,-0.032316134770117508,0.19563142351240403,0.98014489417025985,9.3044816064773066,-6.4037666948935525,1.6204070176282559,,0.08516355367414385,0.3947368421052632,False,5
0.70277320580485547,0.7018601140307037,-0.11619897390069167,-0.66710897667833269,0.70689649633236984,0.23508074508178539,0.24713444607734014,-0.087691070274157595,0.96500509934208067,-8.3171918252017658,-11.165142255701394,-0.24062554564475785,,0.07582668157641609,0.28,False,1
-0.84964824020501384,-0.49138889169642175,-0.19140225974080122,0.46982025787294679,-0.87018658623982315,0.14847299559340832,-0.23951365975392847,0.036225160395018149,0.9702169574613887,-16.081341166654212,-10.969198778409602,-1.5278746968104626,,0.08634113385419276,0.4375,False,1
0.7280244719342851,0.68189726675905915,-0.070685824967450267,-0.64032379889488944,0.71320103611631702,0.28518365074356633,0.2448791555719303,-0.16235886076569944,0.95586285600876952,24.09074177898901,-12.413984070157925,5.6639533644504603,,0.6017286017409326,0.4166666666666667,False,5
-0.70037708827377554,0.70667480182416076,-0.10041244289396407,-0.71375314150320324,-0.69444285779389103,0.091134901400967319,-0.005327965414557323,0.13549849344490483,0.99076322653735216,-17.928520256370472,6.757331356695496,-5.2006216506369141,0.203648372943127,0.1944641858360054,0.5544554455445545,True,5
0.11431094592558115,0.98130004452761976,-0.15486520026039682,-0.97458009163574877,0.14100425884682863,0.17410182070936153,0.19268277719831886,0.13102679724831293,0.9724738175262071,7.7947371034114319,-0.28015011209067453,0.21864136373802687,0.4892919770463688,0.4489241378716494,0.9148148148148149,True,5
-0.43802904267298248,-0.86825511117745524,-0.23294552944672609,0.86798750821412285,-0.47592467681874789,0.14175114665923735,-0.2339406834204531,-0.1401026905851401,0.96210342101646018,2.6780156415047807,-10.148291491762057,1.3863316601897291,,0.1020075313667047,0.5483870967741935,False,3
-0.85725765246509256,-0.45413166196434795,-0.24263913718017024,0.44627284559942071,-0.89038349850960663,0.089765098241958927,-0.25680705708884621,-0.031331440810982727,0.96595469678762569,-3.3395822883232977,-22.06968262321395,2.8902243573195383,0.4121148233644848,0.4552381007343237,0.631578947368421,True,5
-0.97365939812806901,-0.1043496384030731,-0.20272772233228339,0.11122109938677048,-0.99353475628967602,-0.022771804838735338,-0.19904080859985882,-0.044719581947545418,0.97897033433212477,-5.239797657220703,11.34161165809468,-3.8722757783631869,,0.4592653647416823,0.1153846153846154,False,2
0.96893093185527523,0.17621719248150572,-0.17355215460490539,-0.13122130460926748,0.96105582504441422,0.24321321996314876,0.20965165992834595,-0.21288307171341062,0.95432016601723002,-9.3620012046654466,9.1270984888452453,-4.2461124647076174,0.409566946063581,0.2552067772537854,0.8919540229885058,True,5
0.96132147684862823,-0.16269529761280932,-0.22224144141957916,0.22387011591611208,0.93159545575896396,0.28637750960743191,0.16044684275260573,-0.32505406772401352,0.93198533449126408,-3.8717865765939643,-0.73447549039737625,-1.6165080546776467,,0.326276250069969,0.4352678571428572,False,2
-0.89734480039243614,-0.39895608795309834,-0.18869644695600746,0.37650609540266555,-0.91510516779964468,0.1443110944835008,-0.23025088345824107,0.058451447813948343,0.97137426304960095,-7.8731463642153754,7.4543232629383365,-3.7355229934955143,0.3901648840917898,0.3275088156173082,0.9543057996485061,True,5
-0.66027869777736448,0.75034959009439528,-0.031741674602991987,-0.75090471136297943,-0.65884418223350949,0.045458310460682022,0.013196806974026032,0.053850127040075496,0.99846182105449532,-18.874061276954219,-13.401382415673204,-1.3670113317547889,,0.2355549654942813,0.3636363636363636,False,2
0.83595827791450761,0.52595215509371263,-0.15667829504590003,-0.49162732364043427,0.84458262399778461,0.21209140928184816,0.24387769934201611,-0.10027223839775264,0.96460828628534467,-1.2543240358951266,13.995155185413308,-3.7641010658390726,0.1653501112302217,0.1242249545295118,0.3409090909090909,True,5
-0.96448460193473029,0.1997785663954193,-0.17279460940607583,-0.21088888733624483,-0.9763141786920998,0.048337373561804023,-0.15904505597121793,0.083061115413675141,0.98377107157984189,-7.5392623611036935,-7.2753189530909292,-0.77134590897934796,,0.1961684839862584,0.1891891891891892,False,3
-0.21293560153769739,0.97705660910515924,-0.0043373035064045162,-0.96822625734974899,-0.21041120834082655,0.13514820747257597,0.13113483204807219,0.032977355995910534,0.99081590107105277,-16.749190502350295,-0.99811499801845882,-3.5495171291226284,,0.2936165198178429,0.4090909090909091,False,1
0.28906977740800666,0.94838176991983858,-0.13042500631781678,-0.93253526265471742,0.3097571306269159,0.18554919544767534,0.21637155010487241,0.067989252897034114,0.97394086771000654,0.27208426499585026,6.1917120264007606,-2.1814441764737591,,0.0879308783128043,0.4270833333333333,False,5
-0.37928382863309507,0.90884678851737499,-0.17361247748671318,-0.92079723086924892,-0.35229438010750785,0.16739512946376128,0.090973825691479382,0.22335215411166337,0.97048316744430752,-1.0271421850532896,-2.5491481467894648,-0.74390782674481915,0.3851578312113642,0.359979095570496,0.9703872437357631,True,5
-0.033301110074838845,0.99938268556855614,-0.011193027006299067,-0.98656264222851475,-0.03107744770782267,0.16040057731522944,0.15995370901256026,0.016384139579111612,0.98698853637890693,-19.051601715325315,7.6903654671910715,-5.6172506838916201,,0.1601007177215651,0.24,False,3
0.68511291630694593,-0.70042075540983395,-0.20007762818593419,0.72843655704539123,0.65850308770300359,0.18908692669104987,-0.00068867209033782184,-0.27528975439839276,0.96136105436720498,3.4026417408492104,-4.7914253402857199,0.38046827393032434,0.2412812104986395,0.2097301645156884,0.7430167597765364,True,5
0.15878279114587543,-0.9419984839391975,-0.29568037048843615,0.97822427631930908,0.10955727579990762,0.17627951820579457,-0.13366110300117012,-0.31723187036544187,0.93888159528715553,8.6902079054183865,12.941409815350061,-1.9507104885012565,0.3304111828563546,0.173060675833373,0.375,True,5
0.63968359632690341,-0.71232042016436092,-0.28879839959242903,0.76844572081214557,0.58425458235922023,0.26103209986083337,-0.017206706709368441,-0.38890384673993927,0.9211176511364314,-16.53253466205248,2.5543660652772053,-4.24181449205033,,0.5141010986500673,0.28125,False,1
0.80870567725787679,-0.55324671052290009,-0.19978289432899413,0.58650598887120531,0.78428408752828094,0.20226021622687426,0.044786745685405457,-0.28074284914405701,0.95873750321210893,9.9539678665203599,7.3710510169220997,-0.73696855966933705,0.1671997387904962,0.1160631281514934,0.4444444444444444,True,5
-0.95824582757892074,-0.18584003121563789,-0.21732099927379414,0.17239599813847145,-0.98181932782229597,0.079438198245023989,-0.22813275467023547,0.038656051432425592,0.97286235199755999,-10.535981088794285,6.4858768939343578,-4.02690319341598,0.7129077354596329,0.2870197021172242,0.8702928870292888,True,5
-0.93143618227828706,-0.3081309939535069,-0.1936025023290549,0.28803349648221582,-0.94939172025531693,0.12526797840979836,-0.22240355942987328,0.060915121898197491,0.97304984696419772,9.2493187244284378,1.5697358516020148,0.22395874293190077,,0.07242582269360806,0.1923076923076923,False,5
-0.52899580992421358,-0.824306983622761,-0.20169638031797257,0.81392195598447103,-0.560097178213809,0.15434442174352522,-0.24019675819844005,-0.082517559995891429,0.96721061286737675,8.0158593107285423,-10.329187974679629,2.3297394866922958,,0.08592237772154498,0.5454545454545454,False,9
0.2294347624514719,-0.94652754542593287,-0.22681555398339942,0.96524747147231815,0.19130883031564397,0.17804002431913479,-0.12512796887640504,-0.25978171065958416,0.9575262159396194,5.3553536446279484,-9.9579896595737019,1.8105379497778225,0.2066291722624737,0.2177851924583807,0.7291666666666666,True,5
0.60590122753553921,-0.74277343405778196,-0.2849058232625965,0.79504262511245827,0.5526991573119171,0.24986169326447258,-0.028123419515049403,-0.37790378029957267,0.92541763875024252,-16.225332771024604,1.2366604063596855,-3.9697841808206675,,0.5545031273812998,0.9390243902439024,False,1
-0.90740548360513551,0.41436721928805803,-0.070107744955977214,-0.40927841894048306,-0.90919954275613168,-0.076468079887094059,-0.095427795284750261,-0.040693967999239647,0.99460421115917674,4.9265848905102443,7.3809673404450438,-1.6014602213726377,,0.4982434405413322,0.2162162162162162,False,1
0.35120553348981315,-0.91161667893834986,-0.21356428523409465,0.93122168085547929,0.31637285051959846,0.18092650595973939,-0.097369678806245974,-0.26241808271443079,0.96002911180528827,7.0176742769855744,-4.9790386272476965,1.0047285613991657,,0.08824469142124496,0.2916666666666667,False,5
-0.34877079984938869,0.93340236541484944,-0.084373890572739613,-0.93107990124399231,-0.33480497121409075,0.14489944358005249,0.10700068538048965,0.1290955285371842,0.98584237981525713,-15.931499270234525,-7.0562441318887377,-2.2511492274236238,,0.07757847436185679,0.3225806451612903,False,2
0.45156107088431219,0.88962091050790093,-0.068317163647973106,-0.86054028618325795,0.45446755957416157,0.23006445433908196,0.23571808398476071,-0.045098479816915699,0.9707744908065693,-15.261401788983932,-10.476779249472312,-1.4951995135649037,0.3416209260339655,0.4153518091746606,0.2991452991452991,True,4
-0.53578533530561578,-0.72650505533114784,-0.43026094297499784,0.8091358778068779,-0.58741113941453216,-0.015725283381038013,-0.24131557288567557,-0.35656494200917527,0.90256757996997172,-18.632815873517632,11.640011641767074,-6.2440841751408653,,0.3756728055132236,0.2941176470588235,False,1
-0.8263185435712439,-0.46874302327414097,-0.31221409750701129,0.50834876348770941,-0.85938137293817563,-0.055183244806867149,-0.24244421876138073,-0.20431258888946621,0.94840770073342884,-0.74383563330111391,2.3724831634801045,-1.6224921110954313,,0.1363061540281708,0.2903225806451613,False,5
-0.77704039741157616,-0.59363070608521007,-0.20931030930949152,0.57400869435638013,-0.80473366431387994,0.15138609025679939,-0.25830648383992183,-0.0025128296263432076,0.96605975285875834,-19.954736772111904,7.942926548729484,-5.8450833253131238,,0.09398024156193362,0.4285714285714285,True,5
-0.50414195963758301,0.86146557146234759,-0.06097502536143723,-0.86162867038515201,-0.49693101406383333,0.10322597362972549,0.058625241177261728,0.10457837466006345,0.99278721015652016,-13.344572409403931,-4.0258780794015756,-2.4815853340400502,,0.0719293971729629,0.375,False,1
0.71468888231460037,-0.65826530258009475,-0.23644575046941518,0.69944000497390191,0.67351344982237971,0.23908850317500913,0.0018657272085781107,-0.33625351199280357,0.94176966118817507,-7.993547008111717,18.586923514856117,-5.5632874606076834,,0.1631002974458584,0.21875,False,4
0.65527246186591259,-0.71907741086561583,-0.23139939045509716,0.75539261360588861,0.6237682803112059,0.20073647348518309,-5.4637707825322401e-06,-0.30633447350960241,0.95192394145212256,16.304731121314177,-9.9786685254532959,3.6342370782949684,0.5144934913581617,0.4361154968311937,0.3478260869565217,True,5
-0.47575524626547872,0.87955804392811388,-0.0058815824592506061,-0.87539165977800104,-0.47282886379452432,0.10060967922569067,0.085711070708462109,0.053014270947833883,0.99490858848131336,-14.525619737258097,-4.7534903647701281,-2.5123126311161976,,0.1806279967515874,0.2162162162162162,False,3
-0.20797141898673199,0.96754643689322084,-0.14353320640144035,-0.96894930825504577,-0.1837249608622874,0.16547621215213953,0.133735286729846,0.17349072370413426,0.97571299154613189,-9.6608977547943162,-3.1746984000011933,-2.0139041917325113,,0.09234936599743235,0.4019607843137255,False,5
0.17988789829764043,-0.93582737207577404,-0.30309647592773126,0.97548649052310366,0.13000571620663884,0.17755174051672595,-0.1267535043025543,-0.32760592703330471,0.93627341397674668,7.6178214144789704,13.791765951216682,-2.2972769021505832,,0.2373010627719892,0.3684210526315789,False,3
0.97846271613739999,0.14302616047552602,-0.14884297278894798,-0.072362926453244006,0.91295965937574808,0.40158220481943763,0.19332439060849213,-0.38216250178706368,0.90364677956804995,-20.621661994694929,-1.9997829618543976,-3.9542544622527656,,0.195418162353695,0.3333333333333333,False,1
-0.39550715035705475,-0.8864029992276985,-0.24054899080350245,0.88941016542939455,-0.43497944703806923,0.14050778727641178,-0.22918039106193194,-0.15837488315574813,0.96041331974213229,-7.1691286036022701,-9.2693298187679822,-0.37208608348675376,0.2200254886310356,0.1889849589137332,0.7066666666666667,True,5
-0.98370755457085046,0.014246414110375492,-0.17921073284051114,-0.036998737198339578,-0.99155891706342325,0.12426587398694619,-0.17592765708087399,0.12887184982379624,0.97593109684906909,27.450965126878096,-12.143098446054653,6.2330787030701584,0.5913187019548087,0.562756037797562,0.9726027397260274,True,5
0.086660271093417063,-0.97166164858471371,-0.21991734375362704,0.98442298014229546,0.049623594084460307,0.1686680025313084,-0.15297514040449908,-0.23110850174707159,0.96082644990572919,-3.106920448634829,11.845229834401954,-3.6802024859068543,,0.0821789220852014,0.4864864864864865,False,5
-0.32621409544248897,0.9448701186832803,-0.028369398197419099,-0.94036789776337981,-0.32130687210152969,0.11166965029234305,0.096398033126831012,0.063105885302214948,0.99334035780768681,-8.8453207562776797,20.637213682742061,-6.0060068500395563,,0.498589179519849,0.3170731707317073,False,5
0.39501855644686895,-0.83064733579283212,-0.39240966298360125,0.91624154207875197,0.32516526632337056,0.23402774653019981,-0.066796531584983859,-0.45198733734157115,0.88951990998015007,-9.265551622567795,-4.2119646327044622,-1.7310216994336267,0.6402628078343418,0.501016124073552,0.2688172043010753,True,5
0.8080882766380878,-0.53596199605515127,-0.24441373927147142,0.58728099406812895,0.76525828791199491,0.26359208407756174,0.045764300130507696,-0.3565452167209372,0.9331565448878254,-21.041994307105899,13.198321242968396,-6.9525548037224993,,0.6353094238046804,0.569620253164557,False,1
0.18867064483246027,-0.94449394836886547,-0.26895086776787941,0.97395389614932104,0.14488949488147879,0.17441571732085456,-0.12576643413113833,-0.29485287139110872,0.94722995533204968,-11.233315182999124,7.1381352972994883,-4.2202600678965512,,0.1286271367941526,0.1370967741935484,False,2
0.48100385314335675,-0.81143309111828565,-0.33198137282002571,0.8742962676932251,0.41582727527027813,0.25038712714313688,-0.065125490853744986,-0.41068724813356572,0.90944744469460048,-13.849110327771072,22.59854638432326,-7.2111620840367099,,0.1908116975859901,0.375,False,1
-0.63251407750527999,-0.73288046296607068,-0.25062355986675511,0.72870378705103311,-0.67273234028819895,0.12814830887626963,-0.26251996589808091,-0.10157472782638031,0.95956544444444714,-15.639492973488155,15.439115207273858,-6.3229532573000355,,0.1420396250032344,0.5185185185185185,False,3
0.80768861567474082,-0.55894485093550283,-0.1876692668555715,0.58794164608919686,0.78743906030643773,0.18510631295998106,0.044313890636512226,-0.25984683934272013,0.96463252027922652,0.97917763727496643,8.6346107964177143,-2.4962749805829358,0.437972098662071,0.3611599281506656,0.9291338582677166,True,5
-0.96579440656297011,0.22217788774549138,-0.13370920106197914,-0.22952525558555995,-0.97239138171768236,0.042108880412093361,-0.12066201266373898,0.071358159716520653,0.99012559392321908,12.477293887107708,-11.369730625332735,3.2481443520346729,0.3531340003654366,0.4862594738024257,0.1764705882352941,True,5
0.98282894394462661,-0.03981350613052867,-0.18017256082512861,0.075014529300518551,0.97832417100058555,0.19301460263368506,0.16858258314105867,-0.20321589791552241,0.9645119032421926,5.1869135799706392,-5.0625631022175748,0.69829369694320964,,0.07232838013882786,0.2790697674418605,False,4
-0.164545505395541,-0.94936697269210879,-0.2676324491080011,0.96580225267324882,-0.21019012628204176,0.15180948437043507,-0.20037660887789283,-0.23350045390739643,0.95148660139785257,-21.276834315034069,1.9889496406409664,-4.8352848468196159,,0.1938804873427036,0.5833333333333334,False,1
-0.92699794645473144,-0.32492958867908051,-0.18733811590158497,0.30149658165845744,-0.94266387883866753,0.14312450098115212,-0.22310226022382029,0.076194316938222317,0.97181264014692736,-5.3346872338299942,5.907800122321631,-3.0198319198366503,0.188799164904275,0.1395357091824167,0.7150127226463104,True,4
0.62873310890035861,0.77440328848489981,0.070669827764489351,-0.73771844322461722,0.5652643051889823,0.36911754740930913,0.2458987114621308,-0.28421085845370136,0.92669197236097467,-7.1152241144256392,-11.939274617779468,0.15463711322345944,,0.4553657130524867,0.2222222222222222,False,1
-0.69255529603636157,0.70448396887587661,-0.15514348045883042,-0.72110029129705855,-0.68192422374219019,0.12244885856923071,-0.019532839611377126,0.19667661444743043,0.98027382781864159,-19.542475252359164,9.7665946311510705,-6.0558663153642387,,0.2887432429396853,0.3492063492063492,False,4
-0.25530788920792469,-0.94625951268082409,-0.19852157658361788,0.94302190401377384,-0.28902019788860123,0.16485452302764494,-0.21337190597272315,-0.14512153483713219,0.96613258400081092,-17.216948754171746,-4.6566525416804394,-2.8905758860020425,,0.1681861920887571,0.625,False,2
0.55221288144259306,0.83002661867107985,-0.078209627708629756,-0.80065394888471675,0.55413488931378518,0.22778889037990485,0.23240952584646363,-0.063169112251580201,0.97056451385426679,24.915279679096585,0.8005334628668459,3.4738772269390261,,0.5491177260733325,0.4545454545454545,False,5
0.51399892354224019,-0.8151686323373768,-0.26703034930627029,0.85575018205186948,0.46583718430503673,0.22513849878896158,-0.059133176099464599,-0.3442322160576573,0.93702051680442078,-14.164542465406372,-12.206587506404659,-0.8911101019993084,,0.09765071466201042,0.4,False,2
-0.46810297838582776,0.8700506238502721,-0.154568798805161,-0.88116412672193722,-0.44640364371063135,0.15579977105322665,0.066553613009989979,0.20913081747945395,0.97562027335213397,-5.7786861801229481,-13.167233668138774,0.66311554301115894,0.3321912231973386,0.3235566781846693,0.8181818181818182,True,5
-0.94102235552865154,-0.25106521050474367,-0.2268109046530089,0.25416233974460062,-0.96703021902084485,0.015939277149438685,-0.22333479677573245,-0.042647574077609593,0.97380837590073976,-1.6005792620944959,10.015362845168651,-3.1271732816970568,,0.4147899978000442,0.2647058823529412,False,5
-0.33446927132402171,-0.90959020741168428,-0.24652781003519003,0.91105891685718055,-0.37899320388686425,0.1622830903778649,-0.24104347440866014,-0.17032265259893822,0.95545184988918341,-17.519751548346196,9.2100358346813707,-5.6321096683148024,0.3149747519801675,0.216120038837659,0.7797356828193832,True,5
-0.91066824042192207,0.38982255431751678,-0.1368273804185649,-0.40479479233918481,-0.9081445744818657,0.10683916853957344,-0.082610725586429803,0.15268204866492216,0.98481656161620545,-3.9060163503991991,-8.1588946686541597,-0.044252213149727396,0.4118667139792452,0.2527218248277874,0.5371900826446281,True,5
-0.81473816954471789,0.56418355202432313,-0.13378577918500639,-0.57581172577156159,-0.81437532524123502,0.07234421954937216,-0.068136418682649413,0.13597701740900836,0.98836616655248366,13.770443317593143,-9.4248262118742971,3.01942500074211,0.1822927512153286,0.0994978815374803,0.2352941176470588,True,5
-0.39648886468919126,-0.8910156840511515,-0.22110547472266731,0.88770076757788174,-0.43350537222660912,0.15511427881503831,-0.23405966636547326,-0.13477441532252651,0.96283535952693167,12.640758089876206,-2.6633214360314659,1.5666084180194724,0.4915600136426129,0.4383615821211494,0.6721311475409836,True,5
0.80780342084641976,-0.4808964858763638,-0.34086977446025918,0.5876558011032651,0.70213751209456532,0.40207408961450797,0.045981438630206942,-0.52511092540664195,0.84979069383000316,-3.2715338118951265,7.5636378707859704,-2.9567830105813853,0.1825440010944439,0.3444939603643927,0.2393162393162393,True,4
0.58687078102710122,0.79463296199698308,-0.1553742001895492,-0.77175410513161646,0.60702788746031999,0.18950658315203645,0.24490464999492914,0.0086948003636132809,0.96950818091313629,-10.825519014012176,-6.500116538889019,-1.5597046779509598,0.3195025132217641,0.2110213824593499,0.7692307692307693,True,5
0.6368533573400994,-0.74188486445586377,-0.20982051648003747,0.77071703310839546,0.60542898967432257,0.19862274124209256,-0.020323782158788314,-0.28820580555088593,0.95735278634656307,-16.188634221707421,-8.8230957713111469,-1.91760444691079,,0.2626723883775336,0.5454545454545454,False,2
0.98387202855783795,0.0041949654878068073,-0.17882458915384425,0.034655793840184829,0.97631178329858503,0.21357499325914475,0.17548449326020718,-0.21632776996237268,0.96042047487978688,-14.679495948980232,0.35560184645299531,-3.5032823547753096,,0.06747518678467102,0.2363636363636364,False,1
-0.37186661266040572,-0.88414816574703148,-0.28283783939677543,0.9008979254198437,-0.41720093617713055,0.11969255126008493,-0.22382616103283814,-0.2102983591450161,0.95167034722020027,6.0395220906873011,17.627912624660038,-3.0983125424571618,,0.5306787031697131,0.75,False,4
-0.22945538619899278,-0.94573247838571461,-0.230087603035637,0.95048569288463336,-0.26862532472352091,0.15626062376299879,-0.20958810406578307,-0.18284013302225752,0.96054271762921284,-6.7065990435267091,-16.714575689245908,1.1998145160142042,,0.1105826817719602,0.3333333333333333,False,2
-0.78054808151433264,0.62508678990973765,-0.0033462702571768477,-0.62416004044077811,-0.77966130606891748,-0.050522190529264543,-0.034189711336316209,-0.037346390712473795,0.99871733275211083,4.1523274377107642,6.158787185514206,-1.5263645812824349,,0.4016708218955973,0.2333333333333333,False,1
0.48510466162223759,0.86966254047163039,0.091435950111565578,-0.84154063514754074,0.4358673021427461,0.31910665038240504,0.23766115935896787,-0.23174719118736795,0.94329762679067386,-10.48116124841707,1.532603155022277,-3.1560665736313385,,0.08155897090648072,0.2403100775193799,False,3
0.72560066057425066,-0.65455810619722044,-0.21226720657161968,0.6880429953531576,0.6946359189143122,0.20994708071207696,0.010025862539719085,-0.29838670507510329,0.95439240164345251,12.908392380354435,1.0437886622403392,0.94679491015620698,0.4932809676017442,0.2698675900345456,0.759493670886076,True,5
0.23075213565137295,-0.92580682052385566,-0.29939135419019847,0.96032582229175323,0.16716867878071004,0.2232239858849869,-0.15661343151849855,-0.33902265987131636,0.92765072584555208,-25.107617616107188,7.9001760720053404,-6.6391825928667503,0.7783075127791347,0.5496944097224102,0.3928571428571428,True,4
-0.57254741507497875,0.81982334602723028,0.0088959990825742963,-0.81896759597026747,-0.57239183983376418,0.040738905758502003,0.038490703314457225,0.016039420202603891,0.999130223123054,-14.967457318486867,1.4309227198446222,-3.7896099804428705,,0.08436993148319988,0.35,False,1
-0.61109222083658776,-0.76215972448959546,-0.21372611445247411,0.75217749884564955,-0.6432270565906647,0.14313617257707259,-0.24656704537166116,-0.073290572624688674,0.96635044580164364,-9.8829772803647398,7.7361802350130029,-4.0586939597904674,,0.07625307590070947,0.3719512195121951,False,5
0.57604936685778618,-0.78565658267799809,-0.22563435252078864,0.81618869223633606,0.53772415508933535,0.21139714212590965,-0.044756514702166891,-0.30593539698471034,0.95099967784617256,-11.584796810696979,-8.1262247665051284,-1.3533840255512073,0.410622907489179,0.1206505029151753,0.3333333333333333,True,2
-0.37590700128865251,-0.90305446279700974,-0.20781377145073243,0.90008213371742596,-0.4091491597865754,0.14983029603062667,-0.22033174747380108,-0.13072720554017681,0.96662522147251961,7.3297413149334343,-13.862166841150522,2.917969309195374,0.3972617006775098,0.4073562627668392,0.3333333333333333,True,5
0.94000863139676905,-0.28085906066111077,-0.19365423038015722,0.32027477718614722,0.92204784837720533,0.21737486607547163,0.11750676575387597,-0.26635681584581983,0.9566850091093404,2.8101120249606657,-6.7312335339818707,0.6964073355910374,0.2606167855357748,0.1973981373455075,0.5,True,5
-0.90694034730475537,-0.33757374556148262,-0.25199835860243708,0.34611828250407889,-0.93812611037765603,0.011024316038574872,-0.2401277596346531,-0.077222842056499916,0.96766486539377916,13.729579315091705,-2.2610100543781333,1.7379356461111763,,0.5243910722459358,0.45,False,2
0.98397471836438088,-0.010661026580989596,-0.17798903374078034,0.044725121455973869,0.98105597141607004,0.1884909665199363,0.17260769719362348,-0.1934309268475721,0.96581108888250167,3.0084836225766138,6.826890890159242,-1.859693761909408,0.4974219098821416,0.4607781265385389,0.9457547169811321,True,5
0.016566959779128941,0.99983916942928919,-0.0068681233701171629,-0.98492704910178319,0.017501945556304799,0.17208250884212201,0.17217503823531322,0.0039137164811175462,0.98505859675045482,-15.528956729845881,-1.839743838397446,-3.2418700376500009,,0.1321059446723222,0.4615384615384616,False,2
-0.93706347652458777,-0.23250660101987428,-0.26048554939926954,0.25790878443427984,-0.96380783470612763,-0.067509382094035508,-0.23536163637110982,-0.1304420876913247,0.96311461513334073,-20.407763735374441,9.4293077159371546,-6.1248471960012871,,0.5799599234802704,0.2631578947368421,False,2
-0.8702569146747805,0.4742226527579736,-0.13328832684043687,-0.48707774843570217,-0.86880013144933266,0.089115647180670957,-0.073540257271371798,0.14247528629489892,0.98706262382669907,-9.3978766271863066,-8.1030754126621485,-1.0274168841100413,,0.07389203371063885,0.2727272727272727,False,2
0.91092767840362998,0.39495526534058517,-0.11925226663641289,-0.34345596903725611,0.88611184490601691,0.31119735803816762,0.22857988111566957,-0.2425203840855526,0.94283354907011208,-18.671057728631215,-2.8771764378319773,-3.4837613803771497,,0.2351948843275207,0.3023255813953488,False,1
0.13376961291825704,-0.88081307845052859,-0.45417398812592086,0.97992814633549741,0.049212160866222661,0.19318123936437082,-0.14780567877851308,-0.47089965391087463,0.8697166189440344,-16.921888863326725,-7.2042040272341659,-2.3115828539873973,,0.6049533490964158,0.575,False,1
-0.32672087124436483,-0.92551277758936368,-0.19151911343817477,0.918571402336819,-0.35864773426339058,0.16612760612464936,-0.22244111828143062,-0.12164662439442238,0.96732727019925846,-0.86820619319201309,5.2323447261212888,-2.1861610197511951,0.3853606560893994,0.3434452950651033,0.9702085402184707,True,5
0.76430730419247317,0.62907071464461906,-0.14178991760539089,-0.59669629578988737,0.77329692240203474,0.21439542997501099,0.24451559326280725,-0.079258474499896647,0.96640065131977626,-8.5417333205127601,-2.152360168840378,-2.0217199326480735,0.2264232104834301,0.2426928636540076,0.5294117647058824,True,5
-0.98077258815340373,0.087886189954079361,-0.17424450620386819,-0.10919717594085475,-0.98714104563148308,0.11674130715442925,-0.1617439553535662,0.13352368196293216,0.9777578019436336,-13.041224786876324,-15.057021653723032,-0.12346314602586589,,0.09568449262414495,0.3333333333333333,False,2
0.44362231875755298,-0.84542514116864909,-0.29741480961805133,0.89330670727682238,0.39041674965123463,0.22266092680577471,-0.072127422208293934,-0.36446000092154807,0.9284215328684764,-12.26537334684318,-9.2636426282406443,-1.2859245739332756,,0.1079994711391554,0.2580645161290323,False,2
-0.83659856304460223,0.53748902422163469,-0.10586969893685294,-0.53739240674869349,-0.84272922378129655,-0.031888188311945648,-0.1063590404269972,0.03021595979356563,0.99386857797859784,15.65605879399984,12.087315167476451,-0.56754195990175116,,0.462730978997978,0.4285714285714285,False,5
-0.9415217325479297,-0.26697008500927022,-0.20558161603141631,0.25574618267742888,-0.96343934866271908,0.079865583916223323,-0.21938713997376608,0.022618469411062984,0.97537566488796146,-21.520748461140666,11.623778638476749,-6.7636667151327341,,0.07472122716617202,0.2083333333333333,False,2
0.95384720336962003,-0.23090769099934663,-0.19198216287276418,0.27208546389477695,0.9350746572898796,0.22716708747390771,0.12706302751437318,-0.26891824692936739,0.95474497302018679,-1.9810459456807332,12.65365989194588,-3.656280701170334,0.3624937333463287,0.3595899834626716,0.8968253968253969,True,5
0.41753840961447625,0.90816172986898724,-0.030065742930822398,-0.87861623886524509,0.4119502141392497,0.24151713370466377,0.23172220717683487,-0.074426429929123544,0.96993068063088972,-21.51085413017292,10.250016004734015,-6.4590572473200103,,0.1903304538401881,0.25,False,1
-0.98167042247617831,0.089113145023160339,-0.16846966795101195,-0.099892526033769788,-0.99338629191673633,0.056614117272203571,-0.16231039670346342,0.072405265112416947,0.98407967802712315,-17.332301193983216,19.744512319650987,-7.3793334553804302,,0.2332351762464592,0.4722222222222222,False,2
0.54718063460303812,0.83011710620621182,-0.10723312500921522,-0.80185580959606628,0.55661777299841542,0.21726462068022423,0.24004294143434801,-0.03289748875081297,0.97020469051712821,3.7530034508196581,10.135243438964805,-2.2960364973256424,,0.09741788988085727,0.3235294117647059,False,5
0.98359630330120962,0.033827971943574175,-0.17718346549941072,0.00739582927970024,0.97386944853721968,0.22698810302541891,0.1802321110164935,-0.22457507769117527,0.95764420357382307,-18.711719688668875,0.99636770511608264,-4.2505531350424262,0.8501366408338298,0.7481473901255062,0.8736842105263158,True,1
0.98305152105729809,-0.012956387764546218,-0.18287109931049184,0.071356026485941665,0.9458815822108283,0.31656966045165791,0.16887280548113912,-0.32425324123350735,0.93077484448092751,-8.8358314527667936,-9.0556485101183988,-0.76287643529076865,,0.2419846609056418,0.3333333333333333,False,1
0.9774353304416814,-0.053959992646379171,-0.20422657515114351,0.14250976414434247,0.88209823871445647,0.4489918310842409,0.15592030633591919,-0.46796475983823638,0.86988380926515496,5.41406038860808,-0.039358399358407792,-0.22675634869735728,,0.5428605531453149,0.2123893805309734,False,5
0.42865086541921882,-0.86616866950168792,-0.25692464177075625,0.90077488748907619,0.38777730214475936,0.19553354190617708,-0.069735483395453282,-0.31524688724079203,0.94644406197122632,-5.2940771913141029,14.793592786060218,-4.4753611231878239,0.1529226623337089,0.1431531384428733,0.4651162790697674,True,5
0.93147961911361132,0.3396512740897546,-0.13031780839611978,-0.28773042089636947,0.90703494726638023,0.30740658634497842,0.22261384518209895,-0.24884657210152811,0.94261257125425568,-8.740665680893688,-6.321220832618013,-1.231048804670402,,0.07849928703667781,0.2380952380952381,False,3
-0.3528109030675784,0.93156095511916581,-0.087855868182540126,-0.93047720880542184,-0.3393920472403274,0.13793187508219851,0.098674366328401653,0.13041175241322189,0.98653745203220811,-19.200067535284191,-0.71519717893558998,-3.9845821181277294,,0.2816095290690019,0.5121951219512195,False,1
-0.80342265368515065,-0.56030600248796547,-0.20141803077547188,0.54338601495007643,-0.82828561818012281,0.13665494309628787,-0.24340024301998586,0.00034393593943732315,0.96992587521206164,7.1554676283985623,7.517251809792044,-1.231422994181651,,0.07516698733320513,0.3809523809523809,False,3
0.2655529452776802,-0.93049945360185293,-0.25229427282640293,0.95766097878713552,0.22440254492291634,0.18035783193580668,-0.11120738717736148,-0.28950693373177189,0.95069377422933232,-13.390021132634111,-5.9068590165395092,-2.0580180329640929,0.3772401194694056,0.3620125407014315,0.89,True,4
0.97522054657266621,-0.12259143450416943,-0.18416358415474407,0.16381304119645337,0.95962301127349481,0.22866780221176897,0.14869489929543867,-0.25316993585455905,0.95592615326860852,-5.7038677672006592,17.061141079282695,-4.9159911656789559,,0.08490111287181953,0.4615384615384616,False,2
0.78290160660671737,-0.5672477795091958,-0.25552892402721977,0.6205011924774525,0.74177410716048675,0.25445912064676091,0.045203368311233214,-0.35777245644145178,0.93271406385085098,-24.466043716606858,10.633102302600903,-7.0757878931464404,,0.1627988101230146,0.391304347826087,False,3
-0.4688313169423135,-0.84492349306320613,-0.25749075153101375,0.8514007029912507,-0.50989871511273943,0.12296399177149966,-0.2351893688076484,-0.16157843666853464,0.958424942081336,6.5636071960126614,12.511405651975346,-2.245410378499074,0.2133127360040037,0.1557276777072479,0.4210526315789473,True,5
-0.9764838733936837,-0.10346077347363253,-0.18914310284624902,0.086228502429305159,-0.99152333913333035,0.097191117509221908,-0.19759526910042244,0.078596032381601566,0.97712781831396189,13.879573647516802,0.66892282166324213,1.2036714564993647,,0.08928493498732644,0.35,False,5
0.57487171183168417,0.80542809334661936,-0.14425013477892951,-0.78117315119611086,0.59269349464309795,0.19617066360210594,0.2434974800404468,-8.8632850379966044e-05,0.96990152559843446,-12.739664160922908,-4.8059692534414307,-2.2367888155392301,0.1698356072741039,0.1565381174894095,0.485981308411215,True,4
-0.61982784469271335,0.78419958183556648,-0.029059573164575803,-0.78453539077945555,-0.62008399268331482,0.00025026474959682909,-0.017823118641581148,0.022953384648899872,0.99957765009780342,-5.7617172438361832,19.658374024466948,-5.3613810924030352,0.3585274665193168,0.2191852542200272,0.3333333333333333,True,4
0.29471565745888645,-0.9154344531019053,-0.27408473748567641,0.9490094654867246,0.2467996820847955,0.1961401318941266,-0.11190940829607571,-0.31791457814460122,0.9414916915926359,-17.802581430158448,17.088524535129849,-7.0128076158053236,,0.1324615775430366,0.24,False,2
0.97181835270137251,-0.14250807042975025,-0.18777789863341618,0.18496514970977385,0.95481322320514994,0.23263620136478072,0.14614028447226021,-0.26081249712194232,0.95426404029460588,-6.2808760623095914,-3.5103842439982595,-1.4292195442967741,0.5685210460197602,0.5205136119879138,0.8899147727272727,True,5
-0.95930862999553335,0.26961767192664637,-0.083864553900608499,-0.27191786680970381,-0.96216819861375436,0.017118156618715602,-0.076076449218880821,0.039225865971549929,0.99633011864192322,5.0032558585818414,18.862383479795472,-3.3869834538224062,0.6616639290653589,0.5528175110502477,0.7288135593220338,True,5
-0.76665216384852664,0.6418963970661633,-0.014610787105805989,-0.64070301731806545,-0.76631072975433634,-0.047618368965183316,-0.041762462402253786,-0.027145550222013565,0.99875873755239075,-8.4579841307991916,-9.872993424568671,-0.5095562825410378,,0.4059924470113008,0.2916666666666667,False,2
0.98174684923593525,-0.058066467865751543,-0.18111159356846729,0.094021001736470419,0.97593279820295176,0.19676184748123093,0.16532747880429524,-0.21019861726793582,0.96357841717779413,16.810608921052914,1.6054075688037734,1.6363344747512445,,0.1382283762225961,0.7647058823529411,False,5
-0.37536150509894101,-0.87264236822989105,-0.3124084468448074,0.89853911142905163,-0.42530127713305294,0.10838029756964401,-0.22744495097088446,-0.24002941661205066,0.94374502564979401,-10.147360973831788,22.650488181847699,-6.5935550804102121,,0.1009735948017988,0.3636363636363636,False,1
-0.14145480064774613,-0.96694523881285477,-0.21214958051068064,0.96991567665111855,-0.17826355756292001,0.16578807023249456,-0.19812652412059684,-0.18231568550775573,0.96307158158556816,10.212503012086675,2.0402830817898021,0.32342580201881149,,0.1034917839223519,0.2608695652173913,False,5
