axis_00,axis_01,axis_02,axis_10,axis_11,axis_12,axis_20,axis_21,axis_22,location_x,location_y,location_z,dbh,dbh_approximation,score,reconstructed,number_clusters
0.28109211396109096,0.95832521342482369,-0.050990281261747594,-0.95501064965418581,0.28456448297246784,0.083532712620282321,0.094561527673656456,0.025215874858491805,0.99519961672980295,-3.0229647470703678,12.152104094467932,-6.2462278640726794,,0.1146056602038005,0.5789473684210527,False,5
-0.84849885402102954,-0.48090604601303327,-0.2208598416034705,0.49762663806877627,-0.86706442627610358,-0.023811966967431313,-0.180048392965244,-0.13011016714538953,0.97501483096208963,12.387079651079723,-0.47234281727349359,-2.504454768723916,,0.0897923451067408,0.3636363636363636,False,5
-0.80958145831295591,0.57259925382964716,-0.12925926221976539,-0.57413709913978439,-0.81825312185036503,-0.028782285758494314,-0.12224751018822363,0.050910932969862883,0.99119303022010663,-9.203908387826834,8.0352773352579341,-6.9263513736544482,,0.1072414887926677,0.375,True,5
-0.9811228341712307,0.074118714925941367,-0.17861802922867839,-0.076598124111567634,-0.99703736862561554,0.0070151939884184542,-0.17756889268787723,0.020564572979600019,0.98389348340547822,-4.6247605984838769,-8.8838663476356334,-4.9584184329019774,,0.0658252857709349,0.1355932203389831,False,5
0.86568086402978572,0.47684797387064248,-0.15235698693564606,-0.46889080850483272,0.8789778811231227,0.086829109151200581,0.17532270632274027,-0.0037275074473325509,0.98450396359583148,-7.672087719174705,-13.276596402186835,-5.2116705769290821,,0.2532221575254836,0.6865671641791045,True,4
-0.98284927460178761,0.019479941691106839,-0.18337893904821809,0.0092237773213902433,-0.98796755904162881,-0.15438595860132384,-0.18417987226259125,-0.15342957391922638,0.97084352008977204,20.799217871661678,18.159091697420841,-2.5817420106828255,,0.4741190873026488,0.4761904761904762,False,2
-0.29305772534721891,-0.84983947477164146,-0.438052550197091,0.94985997564006763,-0.31102871639143287,-0.032049403378962574,-0.10901007426547285,-0.42548090991225268,0.89837787094789812,7.9339654547903189,-6.2988552790553411,-2.915362225414508,,0.4382795431835746,0.4081632653061225,False,3
0.62406779649609923,0.76640435576700816,-0.15219641532526881,-0.76724487865492019,0.63791825774162858,0.066299265589317216,0.14790091803062319,0.075396683622314858,0.98612405839450878,-17.663115096473756,4.3054068284440445,-8.1908426010471747,,0.2186046628696845,0.2352941176470588,False,1
-0.46473407261056582,-0.82479029996460251,-0.32209191675529275,0.87685550744013474,-0.47925463017913505,-0.037939669526288321,-0.12307177103910144,-0.30005992824127892,0.94594787310778261,-13.128678395205586,-5.7859714590872748,-6.7061891598265397,,0.7423289156633142,0.367741935483871,False,1
-0.58475866122771303,0.79857001332507171,-0.14262973721201361,-0.80775309178782229,-0.58940626061789148,0.011627667506795072,-0.074781353467204617,0.12200899049836311,0.9897078131505197,0.36666639389885913,12.294292505219143,-5.6717195807510361,,0.1090928845249498,0.4081632653061225,False,5
0.69391240458528092,-0.66054010751126857,-0.28665718398755519,0.71231707124720067,0.68793244808416099,0.13911627109271774,0.10530890167732015,-0.30072531194087093,0.94787885406605732,11.097661427413552,14.333764327886572,-3.9193560487884991,0.5174415102673513,0.2885437594654681,0.3846153846153846,True,6
0.16492273737159235,-0.93946065056794581,-0.30035674910398324,0.98624237335357001,0.15360707309233101,0.061080668774371308,-0.011245963710505548,-0.30629814418383217,0.95186920066244529,4.5705765888830001,2.014796843517054,-4.0897875403201427,,0.3398587669943291,0.2289156626506024,False,1
0.057874139136437935,-0.97109195631025991,-0.23158367042762204,0.99786319918828303,0.049223060274695599,0.042966568898611647,-0.030325232479598264,-0.2335754754393255,0.97186566846882305,4.1721970390034961,-11.528026177998045,-3.2188405611344635,,0.1880256526481999,0.5967741935483871,True,5
-0.77656251098621154,-0.50602205231530961,-0.37535629620587596,0.60686305475511149,-0.76086372076839637,-0.22979040709256487,-0.16931597474569687,-0.40623648406940827,0.89794432995973705,5.7967862083860391,9.204472070773118,-4.4662504317077563,,0.5249050444255872,0.1666666666666667,False,1
-0.98315534024934548,-0.044137731737913584,-0.17736244691655106,0.043884178301794668,-0.99902227838090651,0.0053540819379798016,-0.17742535285006686,-0.0025195109950711132,0.98413103610767982,-21.707618996929504,-1.6049894842451888,-8.5583805668221942,,0.1337466496761072,0.4705882352941176,True,3
0.22787371442560944,0.96998725418018406,-0.084842778136167474,-0.96996474389636345,0.23375387011173626,0.067286876921483885,0.085099740727790724,0.066961592990106358,0.99411980122734211,-10.313918681095485,-7.3347257088690085,-6.0723172188171075,,0.1459610485256863,0.4409448818897638,True,3
0.93553536819118777,-0.26877390508306354,-0.22920332198678658,0.30746153183978864,0.93905090775483446,0.1537881630150752,0.17389934244300309,-0.21434547019058059,0.96115297331208926,0.53236190112044401,13.784367599715321,-5.7813936611360468,0.0628513792117888,0.1570790567680957,0.2258064516129032,True,5
-0.070927253632028203,0.98738777488495555,-0.14154400976358356,-0.99705726436682929,-0.066041557225361647,0.038927166511094749,0.029088421503257175,0.14388848017469916,0.98916629997562244,2.8604015117043242,3.270921368192484,-4.4673312509678755,,0.134064256423096,0.3614457831325301,True,1
0.32999441288132358,0.94320838757283409,-0.038231205570404075,-0.93800808626043353,0.33218619310532088,0.098960412389167696,0.106040169639389,0.0032047967876669414,0.9943566823330553,7.0945425744016939,-13.541579410429637,-2.5665074543907851,,0.1318095160532548,0.1666666666666667,False,5
0.92012677021968226,0.36913836843815218,-0.13078070068597808,-0.34527875647607242,0.92225352109470271,0.17387070815626038,0.18479531122686388,-0.11482729542770484,0.97604579051052998,4.9545436215983134,5.7987185430718844,-4.2977048791437111,,0.7111721349558018,0.52,False,1
0.93454439519948584,0.31065922583230915,-0.17354428485691506,-0.30204271468872418,0.9503619563681569,0.0747151282643298,0.18814082997768894,-0.017406817439144191,0.98198779564816729,8.4553259098638787,8.0334889051885021,-3.9570605016724709,,0.09842956248123488,0.4482758620689655,True,5
-0.69058340480446545,0.70849242700115456,-0.14537208085009698,-0.7166687224904017,-0.69739074802647893,0.0056645186066143563,-0.097367875670821502,0.10809544601454438,0.98936083980429979,-4.9133793150659564,8.3905159792633501,-6.2355951995068075,,0.1043469398167331,0.5714285714285714,False,5
0.79540518443005104,0.59024310341754815,-0.13763601073054174,-0.57988158440083271,0.80718589540257091,0.11040053594040714,0.17626100151359678,-0.0080005706778194241,0.98431095199345053,4.4125944749140897,-5.1281435832548796,-3.6045801467251013,,0.07601487581236763,0.3214285714285715,False,5
0.95604658343053317,0.24771314907632674,-0.15688571026544607,-0.22545673959378468,0.96312827752960095,0.14681001190178825,0.18746783426109226,-0.10498626956679805,0.97664409808276764,16.198066608858429,-2.2192862755698863,-1.7471565227968584,,0.2483540366354147,0.25,False,5
-0.93646506439535471,-0.29149684180885521,-0.19509683334812961,0.29797846872199019,-0.95456391437859778,-0.0040700791523925889,-0.18504598170482514,-0.061946142589124516,0.98077554010753432,3.3384001968796442,6.8791604536016751,-4.7315479764266914,,0.06853584751280835,0.2307692307692308,False,5
0.35465186862269477,0.92247577154093041,-0.1525139436326991,-0.9290676105747141,0.36602568046875217,0.053465654567951215,0.10514479094764323,0.12273407089049901,0.98685405242073354,0.49794000106213665,-2.2620059106589498,-4.4940165857750101,,0.1600833738486246,0.7272727272727273,True,5
-0.28097015176648499,0.94612450585669505,-0.16094779661040171,-0.95965176507257133,-0.27892014149655181,0.035665732302048628,-0.011147358853838586,0.16447484331948276,0.98631828651080755,-1.2256172540430641,-7.4289424529595633,-4.3934279552075148,,0.9785959258249572,0.9904761904761905,True,2
0.57714858300386218,-0.75411767662148499,-0.31337843407555677,0.80621295932499415,0.58728185538057975,0.071558972583309455,0.13007758205420783,-0.29394991435235657,0.94692833440507718,-29.077978122556644,-3.1070020936343501,-9.7084562231325808,,0.1718050319791586,0.8,False,2
-0.074968956394141306,-0.96972831959529948,-0.23239329110809329,0.99557882472906778,-0.086012724386058226,0.037744072313094602,-0.056590275916110114,-0.22853620592493798,0.97188926491302163,5.1600362972611888,-8.7167709830432791,-3.2075024713665328,,0.07613823913208115,0.2894736842105263,False,5
0.80299895004106281,0.58564787946437058,-0.11049546376135833,-0.5703422446518176,0.80892631630715806,0.14264620132081443,0.17292313378630936,-0.051524519062463331,0.98358670880451859,-7.9933017301000282,-11.268587007238752,-5.4169809341386959,,0.1498086737240317,0.5113636363636364,True,4
0.96758061749614765,0.17984570222527002,-0.17732250854551401,-0.17265025684248531,0.98342762624999991,0.05533527573360883,0.18433566518175001,-0.022926563619308029,0.98259591655095568,-16.605528674147074,0.0036139996937147867,-7.7251421980185748,,0.4630507539495378,0.9920844327176781,True,4
-0.97941767529930379,-0.080293170806058176,-0.1851864574779058,0.08281312803289978,-0.9965476261608851,-0.0059003913861729179,-0.18407336346335834,-0.021114817427878504,0.98268568797366385,-3.01579124735346,5.2802590128633868,-5.6598042313776151,,0.1728574029616129,0.7107623318385651,True,5
0.3011566699835318,-0.85162094816177281,-0.42900631787477628,0.95345129903529868,0.27615979399969737,0.12110486590532266,0.015338855639571686,-0.44550816920690511,0.89514646325480196,-18.250041735451312,2.7848472275212215,-8.2124319194113635,,0.09233372332535258,0.2222222222222222,False,1
0.85548242653921003,-0.48118006939499014,-0.19135192368935838,0.49945272763756859,0.86429297349953138,0.059536785391308619,0.13673620858418653,-0.14650391386024686,0.97971414835433068,1.1303150669956501,4.7503337943287063,-4.8557519321120441,,0.06788283714620234,0.1724137931034483,False,4
-0.20206394352302151,-0.8857386982144364,-0.41789606508475441,0.97420360160724306,-0.2255614050963019,0.0070281680726805712,-0.10048634406426124,-0.40569571234655422,0.9084676569037673,9.5725489040871334,-10.556513168920292,-2.2747377843619341,,0.5155613224432488,0.1754385964912281,False,5
0.61418369458226918,0.78677715920540736,-0.06131958139080558,-0.78050188992138447,0.6170868262175494,0.1001031904481525,0.1165984096736362,-0.01362169818420686,0.99308572651113969,4.4150227630613372,-6.7792108326568679,-3.4575603342760242,,0.1770233848749042,0.2666666666666667,False,2
0.93847569175973378,-0.24143735153563939,-0.24692383696101,0.30571362459708512,0.91338469069945194,0.26882631294495751,0.16063173942843245,-0.32777494120100747,0.93100001729799897,1.5134146177120078,8.9263412484197016,-5.2564225944330749,,0.4430316628008156,0.28,False,1
-0.29050529062218644,-0.92108590951804448,-0.25924394574962717,0.95010421755143426,-0.30983121012040421,0.036146881280439504,-0.11361624844842988,-0.23580790597993634,0.96513521310014472,-5.8572187650409075,-13.390611780552751,-4.8718666975590308,,0.1831117936726535,0.2903225806451613,True,5
-0.81339211732817251,0.56925397128312705,-0.11976301451942946,-0.56781665664764258,-0.82168471826847844,-0.049177923884035087,-0.12640216731482745,0.028002498860626529,0.99158375952597921,-9.8837044518842632,-13.906670940404698,-5.5465151436575022,,0.2938037797694555,0.2222222222222222,False,1
-0.8448122286752191,-0.48373414296282335,-0.22867788964574695,0.50677611558441538,-0.86051332182426121,-0.05191138252971899,-0.17166906230879464,-0.15974386340325697,0.97211708716132605,18.217756135062753,17.923124840548279,-3.0170992505206615,0.506740122221996,0.3250036315205093,0.625,True,5
-0.80162673191957878,-0.55947109268054562,-0.21068146365253421,0.5731948235080131,-0.81940380301643068,-0.0050101802192347375,-0.16983014154017262,-0.12477781877019746,0.97754192696139575,-9.4690502346262679,-9.1430174182297463,-5.8064622999766842,,0.08901347959623955,0.2553191489361702,False,5
-0.073241655901860991,0.99194651693494273,-0.10333328302822536,-0.99631062981054586,-0.068127106959144285,0.052190288597525711,0.044730177366841595,0.10677455145312133,0.99327660115131988,12.44629571017847,12.30979964697455,-3.5242709392472986,,0.1732678695221259,0.3333333333333333,False,6
0.3008881658359373,0.94243594940345132,-0.14587937802136691,-0.94917504112306439,0.31076581500137418,0.049913420395320061,0.09237452554094075,0.12344670711909218,0.98804243711114925,4.1742497840819119,-13.151745116749646,-3.0681846950806571,,0.1237640278713124,0.2962962962962963,False,5
-0.35940874779402227,-0.8637954394909485,-0.35310450396981941,0.92665266954060455,-0.37503556742891131,-0.025751761037746318,-0.11018249426475962,-0.33646063941851145,0.93522941360913292,-7.364268752237507,16.531989880351905,-7.4140137077986523,,0.3088692968353211,0.24,False,4
0.48550239068199819,0.86800631678527573,-0.10417515376962384,-0.86602240591943636,0.49380995559652235,0.078466044881031302,0.11955175066713097,0.052122564927495244,0.99145883280033575,-1.2172978938733814,6.6961409851677889,-5.4363860178174015,,0.1522995752378068,0.5641025641025641,False,5
-0.50749713079210501,0.85217026563870335,-0.12748529561892033,-0.85946793712597414,-0.51116984351038797,0.0045006819469945586,-0.061331291281073431,0.11185360721419602,0.99183024921756102,0.10924012296608776,9.4818952302381483,-5.5263856463415895,,0.09566049809491206,0.148936170212766,False,5
-0.93951888472586298,-0.25655952975740148,-0.22689529068301839,0.29312009556791452,-0.94498414467000502,-0.14520873216358329,-0.177157768155187,-0.20293391538370242,0.96303320356533562,17.525401353554397,0.60545206401851659,-1.6295921299028027,,0.2686424017425407,0.1794871794871795,False,3
0.91516197490801754,-0.33918636701525762,-0.21778697875090675,0.3729162416760502,0.91754058626394053,0.13803169655058542,0.15300992247781395,-0.20753766161690798,0.96618636019865167,8.1878228500548147,-10.466288919108875,-2.5115753132991507,,0.08843016028276492,0.2272727272727273,False,5
-0.10229489341430918,-0.95102734219814811,-0.29168947388084032,0.99298847749613051,-0.11508775579633101,0.026994296169381274,-0.059242200678834768,-0.28688290792114191,0.95613208229900859,7.4865826007423539,8.1950461108041868,-4.1431277785775666,,0.0873037589581023,0.303030303030303,False,9
0.6132350662083238,-0.7069586963530049,-0.35235231689792079,0.78582951772261844,0.59124450384432736,0.18138882476523172,0.080091963693678464,-0.38812283922069735,0.91812087386517671,1.9177284187523662,-6.983376139056098,-3.903540153729768,,0.07862893700624872,0.4285714285714285,False,5
-0.9218681503132905,0.37887182432428118,-0.081334212795991831,-0.36229721245218238,-0.91716750068347797,-0.1659653745195081,-0.13747670088902664,-0.12353103425137092,0.98277171321190149,1.769321538175239,1.1590724912488717,-4.5308855956509042,,0.2094515250289964,0.3504273504273504,True,3
-0.55137026500070563,-0.74191772907524678,-0.38150873405058428,0.82250265073699502,-0.55993562288965049,-0.099807252991927428,-0.13957156015344654,-0.36882269656707267,0.91896115156916447,-16.178568604709298,4.3656631876308074,-7.8775572796749884,,0.1191976243790303,0.2340425531914894,False,2
0.043541767551902789,0.98822148943773158,0.1467051542786707,-0.99778503693366161,0.035623264773632583,0.056178315017092917,0.050290501585767963,-0.14882631091423359,0.98758371525147826,-14.891526412026513,-13.142691065325383,-6.5054019834336989,,0.4341781497469129,0.2142857142857143,False,1
0.61208780780344751,-0.75006289237099966,-0.25050783026967433,0.78823173829581772,0.60414576064529391,0.11704113224619797,0.063555033486914686,-0.26909767256958794,0.96101363171190646,-1.8141055064562055,-10.32089144642509,-4.3561925354179838,,0.2499489902833149,0.5645161290322581,True,5
0.78905639430482366,-0.57750063311573863,-0.20948275670706629,0.60150098997606172,0.79558394899113394,0.072406761876845971,0.1248461680008177,-0.18313710399204697,0.97512780468865623,-4.6191411605120871,11.245896232777458,-6.4409011328490253,,0.1487163908524864,0.3529411764705883,False,5
0.95729113682329603,0.24049361572199471,-0.16048831781947512,-0.20894609336516756,0.95911234943161128,0.19090581770918019,0.19983795792340861,-0.14921904022187518,0.96839995281302349,-9.26203752839589,-6.7009179474390592,-5.9655689565034846,,0.1492576622100597,0.3142857142857143,False,3
-0.93898967116235987,0.32820681911148186,-0.1028527167318693,-0.30404368808328142,-0.93187651149310669,-0.19789796124304437,-0.16079749123391004,-0.15455242222676521,0.97481163082757705,-20.662760767632914,2.4838234869131561,-8.5960673915460006,,0.1882135151140392,0.1,False,1
0.58719827054619633,0.80323164561143301,-0.10008553619732297,-0.79525039561380551,0.59552835765020662,0.11367842148153262,0.15091388055325364,0.012841289763763503,0.98846350561543816,2.8830560507265282,18.086400683472949,-5.7529966108970179,,0.1736427913291507,0.1935483870967742,False,5
-0.9473918677310077,-0.25612112051974012,-0.19196515460068941,0.27305776858721537,-0.95964498724814418,-0.067238035840440746,-0.16699731725786648,-0.11611834511920366,0.97909571848489563,-22.864261560905259,-2.5312609049739083,-8.6775414246340787,,0.2425525638572043,0.3,False,2
0.37575240461781706,0.92451244466506133,-0.063928632734956942,-0.92281820641104051,0.37960261346208218,0.065638508278809266,0.084951093814257098,0.034330678877494067,0.99579351079808331,6.6362506883312147,-18.629949991762643,-2.2734866125021762,,0.2248805453397821,0.6071428571428571,False,5
-0.97834226309498951,0.16472819767098199,-0.12534367608397856,-0.14626753690683694,-0.97863766526416274,-0.14447881427225251,-0.14646577719516099,-0.12301601935674425,0.98153697591697453,-1.5700373112316504,8.0339565352210194,-5.6405033109695832,0.3469936694043949,0.2576730309383297,0.373134328358209,True,3
0.74918880646823749,0.65980485193463534,-0.058083471196303818,-0.64129254761596655,0.7445082015736898,0.18561089990012133,0.16571059300757141,-0.10180911134581107,0.98090514536934481,-11.276589107391468,-14.281199386969879,-5.7616362422888523,,0.2630374492999699,0.391304347826087,False,1
0.97658131807313953,0.12890098212120271,-0.17225987924853622,-0.10944199798378366,0.98695470925502204,0.11807984991798294,0.18523330766319646,-0.096462110113377089,0.97794871186817722,-0.57754740287121653,-8.5544631787942755,-4.2085021556968734,,0.07023328739005422,0.2790697674418605,False,5
0.84362763547969188,0.52336793260999048,-0.1199100486635266,-0.50554742619004034,0.84948951925672544,0.150961440591971,0.18087070665967556,-0.066735026699044075,0.98124014577671459,8.4572595745418351,-8.1221973475627927,-2.6663995375655976,,0.475376339743919,0.5,True,4
-0.50979431322966651,0.85422644169369899,-0.10201443285150737,-0.8583518082438194,-0.51302155070467093,-0.0064079479663995409,-0.057809441125633701,0.084297537472316997,0.99476227999097633,-23.40075888295463,-1.4136143432645933,-8.8875871073990247,,0.3334576271490596,0.8811881188118812,True,2
-0.45707578637329199,-0.83646419727569965,-0.30233982897917455,0.88071977440478322,-0.47309947066795999,-0.022573653361466661,-0.12415476021330996,-0.27659453633362985,0.95293287171067853,16.500963342567253,-4.5583166730869342,-1.448944800121553,,0.3484358478397806,0.8108108108108109,True,5
0.96845766085983698,0.18231375235899061,-0.16985716005713658,-0.16649157269635576,0.98062050439374437,0.10326656082028668,0.18539232816647294,-0.07172950622540572,0.98004314323078268,2.7050567680706017,-6.3181491322803529,-3.8195701024284761,,0.07360710327004376,0.2352941176470588,False,5
0.59236796812081272,-0.77112886980397211,-0.23336764235700744,0.80198778781604918,0.59203633984368853,0.079426447096717728,0.076914098436756728,-0.23420768232348135,0.96913930010206684,8.7527004317378481,1.3407627982617785,-3.2595851201468218,,0.1138275805795368,0.1836734693877551,True,5
-0.68630021899409299,0.7232961316289177,-0.076385308661432311,-0.72102252214075024,-0.69038558798950767,-0.059112286896816919,-0.095491004678189495,0.014506752463038564,0.99532458130929569,-2.1805773940911237,1.5708361458654512,-5.2277775594064693,,0.1146900537349659,0.2566371681415929,False,5
0.96878650623216667,-0.11413803069966574,-0.22005730001632617,0.16816903661126228,0.95479474667647124,0.24512479850935887,0.18213149224588576,-0.27448042128176658,0.94418674946499437,-3.861358044868453,-1.2647620224579144,-5.3693413878325291,,0.1584922206971295,0.265017667844523,False,5
-0.37485934036011948,0.92685369634456349,-0.020559681835970178,-0.92630347745685693,-0.3753610367580778,-0.032649038810281653,-0.037978185792772651,0.0068057076282515838,0.99925539265373442,9.9924852613650188,-6.7367814744416981,-2.4746339991171395,,0.290831797991974,0.2105263157894737,False,3
0.97919906862273354,-0.007111931265395964,-0.20277722860826486,0.049654874400330007,0.97739650163620762,0.20550054023673683,0.19673224813603821,-0.21129481541907164,0.95741888613101933,13.139910509635534,2.6897322356034357,-2.5856597620466077,,0.5491767030044523,0.1904761904761905,False,2
-0.092357778324671763,0.98552158002216805,-0.14218739780142525,-0.99542387884768024,-0.08786680351250982,0.037559636051651878,0.024522279722108627,0.14500565558316675,0.98912689663466702,17.428736000338738,5.1835989634317432,-2.112861242038329,,0.2372811298629855,0.2857142857142857,True,5
-0.8666885383658619,-0.4429123236748374,-0.22952048057243984,0.46909832303561394,-0.88012823477265589,-0.072945552853786427,-0.16969897109417684,-0.17088874712199753,0.97056648165731207,-5.0823794422517565,-16.837487412349923,-4.4733625169645448,,0.1972643660246999,0.1851851851851852,False,3
0.56014015233866465,0.82680565547932527,-0.051336320528675414,-0.81641293026750883,0.56147846251362155,0.13495133724925051,0.14040276717372516,-0.033680026733133694,0.98952145947888281,1.1135026102146659,-7.8987424299210316,-3.9803960242669163,,0.1316469411331539,0.3043478260869565,False,5
0.90748469783760399,0.39336126507548558,-0.14743960909066051,-0.37610535142725376,0.91713333968196797,0.13195151333570107,0.18712639530107755,-0.064291153217323468,0.98022974847716815,6.5099070926471772,-4.4415127946876902,-3.3116317205808516,,0.2176578907979429,0.678082191780822,False,5
0.86931830076068628,0.47131259804099279,-0.14882918695740693,-0.45980595178588712,0.88164177292830859,0.1062368623882613,0.18128479987254192,-0.0239211027270399,0.98313966565259425,7.3669971226146149,-4.9697775441817411,-3.1086966463913841,,0.08558145116500501,0.1739130434782609,False,5
0.034428945013165166,-0.96496240030895231,-0.26011961428401686,0.99813640767340561,0.02007914357412809,0.057624124029420555,-0.050382133957474866,-0.26161879516448128,0.96385540751430998,1.0067623928667955,-4.1573065399274292,-4.2970404989952415,,0.220326265863542,0.5442708333333334,False,5
0.073110185652939974,-0.96246744488914149,-0.2613643401123435,0.99599430750209428,0.056933460737169067,0.068948679986735151,-0.05148048345942987,-0.26535824573029076,0.96277451215002907,6.3057941854502371,10.834774263850926,-4.4937735101509917,,0.1191813644167656,0.3448275862068966,False,4
-0.89415666008324102,0.43131526341569015,-0.12021235699144582,-0.42154624672674462,-0.90141775280691883,-0.098715737322478597,-0.15093915694537108,-0.037592266082002446,0.98782801763841577,-3.2855135251612175,3.1867723408983308,-5.5743464339556805,,0.08235812199342493,0.3007518796992481,False,5
-0.86801154905334688,-0.44001296766046966,-0.23009680354284884,0.46272009091189237,-0.88489641101666305,-0.053370958735242183,-0.1801279217014948,-0.15279702242012266,0.97170314487658493,-10.078685887320985,7.0965233831116468,-7.0378278204918914,,0.1192224744952296,0.1739130434782609,False,1
0.95129956411980898,0.27085787036254549,-0.14719087392949506,-0.24557378722635201,0.95448433985023806,0.16927244314406842,0.18634015759564115,-0.1248825810244247,0.97451612948370958,3.6987680408098331,16.9182449095217,-5.4510124474135644,,0.08935933003601793,0.3125,False,1
-0.81393680230243215,-0.54383562438793909,-0.20432742230124487,0.55428328057841147,-0.83229652950246269,0.0072478858565010046,-0.17400266299377309,-0.10735595290777114,0.97887576977180268,-19.7764769980257,-2.5452739401753619,-8.147315457928002,,0.1426869687363745,0.34375,True,1
-0.98035402485574585,-0.056729958185210649,-0.18891187838101769,0.064499252433358106,-0.99729565355946914,-0.035231034996564353,-0.18640234007296724,-0.046723561890072603,0.98136184783168878,-11.271985719396119,-7.1080674510209878,-6.2426710348223553,,0.1891376637796331,0.6388888888888888,True,3
-0.7671370095430331,0.62867711677075799,-0.1275378039570231,-0.62821459873430829,-0.77649975202184951,-0.04893417054675106,-0.12979686639693971,0.04258189707861279,0.99062584032253187,-3.1492674776165668,10.08496755993624,-6.103606988836864,,0.5179381959709314,0.5210084033613446,True,5
0.81630287896170517,-0.50458965019711732,-0.28113856852588298,0.562491220200664,0.8050870924948208,0.18825089825922006,0.13135157782074625,-0.31180772667172046,0.9410221594584337,-3.0515406095135398,13.36560550741256,-6.3222220505676692,,0.3831481811791559,0.4,False,4
-0.28047769653267413,0.95372112251602026,-0.10838949310014809,-0.95972597425429196,-0.27675384180110635,0.048304920970618795,0.016072214824805732,0.1175726648295006,0.99293421352852729,7.976933852001026,5.7374053100388789,-3.8160336906434176,,0.1508822869837478,0.5,False,6
0.85982835316494532,0.48675060364334088,-0.15417215360272357,-0.47421050376503687,0.87322757221752123,0.1122408358753775,0.1892606700098263,-0.023397798442094539,0.98164807431965906,-10.649888081878757,-4.3643432232033135,-6.3996133067337304,,0.659754114295514,0.5882352941176471,False,3
-0.82394963716508429,0.56590559888869274,-0.029289051912851943,-0.55406345162575787,-0.81539136593458228,-0.16778144096378644,-0.11883049687716891,-0.1220154642074662,0.98538902952395369,16.383023418162285,4.2408352896215336,-2.2809979952081116,,0.1120492460477638,0.3333333333333333,False,6
-0.20743523156522176,0.9781503182236031,-0.013877307539523626,-0.97813281847909372,-0.20760817161043812,-0.012451365174721729,-0.015060349253128599,0.01099099811821394,0.99982617681311925,0.45416250622389109,-9.3092993280642879,-4.006047264369057,,0.1945404727947255,0.4791666666666667,False,5
-0.74026947868715742,-0.5714880759636829,-0.35412212294005485,0.65187264806895373,-0.73901216497605748,-0.17006784151323112,-0.16450881321015465,-0.35673855839918295,0.91960559552857157,-12.501103033609819,-7.8205693044421043,-6.3888858314431909,,0.6676199070933694,0.5538461538461539,False,1
-0.9178449582761562,0.36117739061902504,-0.1646557775259527,-0.36667883408020835,-0.9303418948446488,0.0032544330457184925,-0.15201074042521678,0.063362853490846527,0.98634572214456195,3.423283816684501,-3.9183876247542853,-3.8847268481817609,,0.1406743272486761,0.6176470588235294,False,5
0.50230865972257188,-0.81410534526924627,-0.29140778502256282,0.86247301976323965,0.49582123219927016,0.10149677768715805,0.061857097799627406,-0.30231406269712285,0.95119919414777099,-19.42257437802872,1.6206332175642064,-8.3628759314339884,,0.1896128769822784,0.3076923076923077,False,2
0.55337936747332683,0.82833701378495239,-0.087344531876058243,-0.81919834746093378,0.56021842123326815,0.12275743573478022,0.15061654348741033,0.0036210640330555099,0.98858562842233011,-2.4615582121913899,-15.563981772480691,-4.1055982579095325,,0.4062105128231007,0.4337349397590362,True,5
0.37375745228227214,-0.88715823778048786,-0.2706577691507922,0.92383404479381259,0.38207921134848821,0.023369508664480537,0.082680254857899566,-0.25877738964897129,0.96239193578453097,-2.3412234238908818,-3.4704255829853068,-4.9379992998028825,,0.1614749445719901,0.4438502673796791,False,6
-0.98261647093188798,-0.034212191517501572,-0.18246752315119735,0.030959804180090471,-0.99930741538687795,0.020644129381705009,-0.18304742986038733,0.014636102772525084,0.98299512863347371,-14.148979578830007,-16.4266903635795,-6.1891645242680653,,0.1345496287611073,0.44,False,1
-0.52334716724548702,-0.83118508418283821,-0.18772079897574484,0.8419553972104864,-0.53832514580130442,0.036292513086518791,-0.13122062202358017,-0.1390589559502439,0.98155170782072021,-6.7741967023335627,-1.2552466041546855,-5.8842556715846506,,0.3696270537714625,0.9490979381443299,True,4
0.94676750041797686,0.28744529502981242,-0.14493620154233647,-0.27001565146606193,0.95422352746992278,0.12864294611915164,0.17527934309454385,-0.082659917663163232,0.98104255254105299,20.734430456899752,1.1578504833745329,-1.1817726082567164,,0.2357069448642145,0.4444444444444444,True,5
0.40629958357734641,0.90073989053610981,-0.15358482340997137,-0.90682988640148554,0.4181224414207696,0.053227634828197146,0.11216151529800136,0.11764894210035307,0.98670082644574908,-1.1535866955104204,13.438268153401069,-5.990309462367688,,0.08201578227827248,0.2,False,5
0.067257981915797752,0.99376512239661452,-0.088922693260240465,-0.99510646209736497,0.07327966038517017,0.06628137344607718,0.072384341957901763,0.084029595273776722,0.99383073717683224,-8.1475033402001422,-8.2138938491896365,-5.6425248419054261,,0.193097676103912,0.527027027027027,True,5
-0.33860117127315498,-0.89138700377182301,-0.30129463373770826,0.93501142662127157,-0.35461373540002045,-0.0016524991069743131,-0.10537019929800834,-0.28227346345757748,0.95352966022434871,-10.536765258073228,8.4645272549695765,-7.2069183904992533,,0.1636416318244106,0.303030303030303,False,4
0.9336446085641994,-0.2961835238904636,-0.20145238910181579,0.32760909722647452,0.93348324136916705,0.14588117595278299,0.14484482839734569,-0.20219880874708368,0.96857401236446727,-3.3023272788990461,18.382596682640404,-6.8573194450540296,,0.2189803603514141,0.5,False,4
0.7353210601274861,0.66116286548685244,-0.14888453188362041,-0.65761725316586417,0.74918866222442615,0.079094226925599614,0.16383676898539634,0.039749386103296147,0.98568630883909392,-21.844787309953063,0.61559474172056916,-8.7353569677447283,,0.08620396456991565,0.3,False,1
-0.32948947838440734,0.94089752421283013,-0.078412579119296763,-0.94290440213212845,-0.33219520664905927,-0.024033999235323546,-0.048661813301869472,0.066016616162580713,0.99663124289609661,9.7376252014438247,11.632766593998028,-3.9610819647170197,,0.197892513562367,0.3076923076923077,True,4
-0.091894981568700129,-0.93614186367527807,-0.33940200859315051,0.99396275207867224,-0.10675421168469795,0.025329543378629853,-0.05994463981607924,-0.33502529660035429,0.94030031946988346,18.131890647794137,-2.2055441340217952,-1.3869952060515183,,0.1684799390941955,0.3888888888888889,False,2
0.94118783173394904,0.30577921009700676,-0.14375166109787479,-0.28620519107226561,0.94761379815238156,0.14182622520008484,0.17958856867639333,-0.092342645747605784,0.97939817325595246,5.0610826501601887,-13.870968920491817,-2.9201126278717995,,0.1203326857847144,0.1111111111111111,False,4
0.82222869946548371,0.55389790915374426,-0.13090863993798468,-0.54835746857931866,0.83255299555323825,0.078483095304744774,0.15246000271738144,0.0072536770291088681,0.98828302208475505,15.184658763349614,-12.259153345615614,-1.1444700074607979,,0.2402419726946504,0.4615384615384616,True,4
0.19429674961525781,0.97569229572608573,-0.10135737343532232,-0.97781211306134086,0.20088854690116159,0.059390767586015546,0.078308649838074174,0.08756903439402193,0.99307573707942232,3.8982466552798751,-16.465596814508032,-2.9438507186221345,,0.4354613203206665,0.5818181818181818,True,3
0.069253072480618849,0.99718824675368944,-0.028628875079161703,-0.9974604474850578,0.069693414924421465,0.014679360308987532,0.016633329639696406,0.027539579744007142,0.99948231794895792,31.121376950495627,-12.017167513456737,1.7132009980291405,,0.4425283064661626,0.5909090909090909,True,4
0.73842819072982435,-0.64417889178734034,-0.19939248358729889,0.66633424710229128,0.74244792963174355,0.069063325464090108,0.10354940016291561,-0.18386034689723196,0.97748293824737897,24.117196453181059,-10.055608578325463,0.29296439928184914,,0.3515719098794671,0.4878048780487805,True,4
0.54010149286830467,-0.7971420075811837,-0.26991664852481545,0.83941580172911656,0.53333361066626339,0.10457710811239181,0.0605928148289301,-0.28305455213284703,0.95718787670340899,5.7607053509235344,-7.4510106653610917,-3.162617944484718,,0.1719696244385308,0.3404255319148936,False,3
-0.19845651154969618,0.97963304149573338,-0.03056332824389757,-0.98010917698124445,-0.19832785041723999,0.0072156043422412983,0.0010070852358109172,0.031387382157418209,0.99950678738097221,4.9875341623905411,19.097828201041825,-5.4390604549107122,0.3357864333682659,0.2504343082113514,0.4285714285714285,True,5
-0.89642833238239494,0.40884356120054161,-0.17106486304024496,-0.41507607369299465,-0.90978641100539059,0.00073443688497404347,-0.15533221800298339,0.071663301729612217,0.98525949537950885,4.1828451943383929,11.160092364423711,-4.9189156369602243,,0.08313098297681455,0.1875,False,3
-0.43485632556697335,-0.87450298822069161,-0.21481270844033498,0.89281076186133046,-0.44980336877292643,0.023788084099358859,-0.11742623054063354,-0.18144269903638593,0.97636551933556659,-9.2391934812261152,-11.398053596656416,-5.6198749886085331,,0.13547872594062,0.4615384615384616,True,4
-0.11443723483754757,0.98584110248440138,-0.12256198405327882,-0.99319704162923828,-0.11086190408786724,0.035626881998594158,0.02153498970664245,0.12580524183972916,0.99182119625665521,-12.257798338499729,-11.908584909603967,-6.1155440760788613,,0.1159593735043194,0.3076923076923077,False,2
-0.93740054810176643,0.33196566962689328,-0.10525686014543831,-0.30843673020951906,-0.93173394816663424,-0.19167324615468737,-0.16170032738423376,-0.14720952422646907,0.97579831937795836,-4.2753122131912402,-2.608028915421555,-5.3702219935255489,,0.6790965770435712,0.2382133995037221,False,2
-0.98321039394999143,0.042522287626810873,-0.1774518985068507,0.0092785435894091207,-0.9595613326844572,-0.28134668550684505,-0.18223948490259276,-0.27826948066902857,0.94305613102859731,8.9644361328561875,6.3144028644563024,-3.7051124411561984,,0.3763487704045279,0.1875,False,1
0.73745847183894697,-0.62367987854905971,-0.25918798468678406,0.66482781650247624,0.73795255560536333,0.11588787719197974,0.11899149850941383,-0.25777787874164881,0.9588490957986775,-6.0735888826057325,10.155787418485332,-6.5940422765729032,,0.3806315869610513,0.5909090909090909,True,4
-0.31200265428425711,0.95001324877503535,0.011365336399833337,-0.94992015059497503,-0.31170716420827554,-0.022143876689835619,-0.017494319455119402,-0.017705110367864235,0.99969019093600409,1.0984762309286336,17.163319952461567,-5.9363116040773081,,0.6465922792640328,0.3333333333333333,False,1
0.57824410902780909,-0.7491640250156012,-0.32308979246806718,0.81263187922121149,0.56408094971662981,0.14643125021724818,0.072547772178316011,-0.34722607302621766,0.93497105568180794,-1.5834543058808999,-9.045819819469239,-4.3930211597723723,,0.3122095578610084,0.44,False,1
0.41992402236179699,-0.87443790798621768,-0.24294476845607657,0.90707015401427271,0.41316813092255827,0.080720699244265254,0.029791796522070875,-0.25426450925492405,0.96667575132168304,13.851965015134578,-0.60011659053213462,-2.223646238649688,,0.2905883992048377,0.4347826086956522,True,4
-0.13254598746038462,-0.93748663912120878,-0.32179242172147698,0.98915902043141635,-0.14581650420797654,0.01737755448060475,-0.063213871162212554,-0.31600055153399093,0.94665075815894284,14.33924497792886,5.617024930082291,-2.7321126028725695,,0.1510015852945759,0.3333333333333333,False,6
0.35946305865681399,0.9279420543820297,0.098538587215090206,-0.92672601743776706,0.3426108722300642,0.15426172186802961,0.10938554778864849,-0.14676966287013332,0.9831039965313767,-8.296488002226404,-5.5144512055498156,-5.8769970761781538,,0.5312900601950865,0.1666666666666667,True,2
-0.074871405831212989,-0.95973765793766863,-0.27073585009225609,0.99561991731904798,-0.087190335100246791,0.033746491709778559,-0.055993328410349832,-0.26702335740797184,0.96206199060772857,16.726072329189147,13.159388042062425,-2.8604999309518084,,0.1296118853539358,0.5,False,1
0.89639572158409231,0.43450312099010924,-0.08764558275001115,-0.40524584830271942,0.88346053387691093,0.23510271694587526,0.17958427759451495,-0.17522706107156411,0.96801082861147725,-3.2716888168304687,-13.519535410167171,-4.4263786438220407,,0.3854640806819131,0.3461538461538461,False,3
0.59305318041140642,-0.77466678411239065,-0.2194978332396077,0.80159169415804499,0.59370840645504674,0.070434962635354037,0.075754082799216999,-0.21771931861361254,0.97306711856976957,-9.9414738336890593,-2.6730611748868198,-6.3358922637920347,,0.06725726329971937,0.1375,False,1
-0.97662707980073094,-0.083137780340300199,-0.19821114116009222,0.099487161576726296,-0.99228415826890826,-0.073989552843431394,-0.19053044817378767,-0.091979664756143664,0.97736272160853566,-11.124764793497826,-10.106718177468432,-6.0164454473271975,,0.7411303456070648,0.4044943820224719,False,3
0.82817618639896862,0.56038407061058548,-0.009690081917718224,-0.5322151608191581,0.79173106299056573,0.29984820574761939,0.1757020969593121,-0.24316993502844741,0.95393771066163535,-14.850160748753774,5.8416480872410412,-7.8053355528578576,,0.4246972762608107,0.2619047619047619,False,1
0.92532482913856107,-0.28178534401317501,-0.25371436790033891,0.34536228712477779,0.90254479228888551,0.25717268234428353,0.15652108871214249,-0.32559164272380819,0.93246513660124408,8.82623665525837,-15.466394339628462,-2.1039818478287091,,0.7094148885285426,0.2857142857142857,False,1
0.97144438027318436,-0.15032707577062024,-0.18356902332883621,0.16260491761698329,0.98522969036216745,0.05368517482173879,0.17278731667116842,-0.082001387299977163,0.98153976775190122,13.118177991813498,13.149645439682631,-3.4376173028856423,,0.1079863005570042,0.25,False,1
-0.0031588677113103432,0.99172663933930827,-0.12832885248277076,-0.99924470111574659,0.0018398872596036781,0.038815487978053849,0.038730464067513272,0.12835453883534567,0.9909717773546739,-4.3072304988528067,-13.091548606840455,-4.6652733769340387,,0.07458719513347939,0.2580645161290323,False,3
-0.96545715528385467,0.19152166706062962,-0.17666899093368169,-0.1896329383154598,-0.98146494568847176,-0.027675062611861818,-0.17869479571899413,0.0067831726384306873,0.98388117095099703,-15.794593603158964,3.4426331707544362,-7.8065376154885753,,0.08804742029760912,0.2666666666666667,False,2
0.97171382393808925,0.16147085040446871,-0.17233516425057799,-0.15278487570654933,0.98627368130110926,0.06261794733214579,0.18008061006935283,-0.034516518399380941,0.98304607411587519,9.617617937595309,1.7660186076562545,-3.1077287787657171,,0.0661954328250975,0.3157894736842105,False,3
0.50494892868288688,0.85255785330716449,-0.13480239681208708,-0.85357500995048596,0.51641741294481947,0.068722325305581949,0.12820406315726268,0.080362692660576246,0.98848649753970319,14.134777943951937,19.826490975445918,-3.8658212837868842,0.1475529143418225,0.1525144746331008,0.2857142857142857,True,3
0.093369766148252653,0.99511845366221419,-0.031958566149695805,-0.99428221805406569,0.094865730147456473,0.049024117585909528,0.051816576796501541,0.027198463642526316,0.99828617437314948,10.843201923791904,-10.157408116084975,-2.0629281274294544,,0.1055071560750106,0.2222222222222222,False,3
0.41776809914771812,0.90853551278864619,-0.0057478114421629367,-0.90213272931579791,0.41555812959196026,0.11605162483679707,0.10782557225320752,-0.043297377887161731,0.99322655171736374,19.878938154255266,-3.3918218290643463,-1.0073209640023701,,0.2243632181686825,0.2592592592592592,False,2
-0.12120349144203306,0.99240665366218406,0.02094629870139933,-0.99261411477472283,-0.12106452163634235,-0.0077846484158413387,-0.0051896832519649147,-0.021735118310945045,0.99975029473351751,7.5840732235127506,-9.3585708399895609,-2.6849785267493722,,0.202577733025878,0.1851851851851852,False,2
