axis_00,axis_01,axis_02,axis_10,axis_11,axis_12,axis_20,axis_21,axis_22,location_x,location_y,location_z,dbh,dbh_approximation,score,reconstructed,number_clusters
-0.13655126226323641,0.95059018572090159,-0.27880468357869637,-0.99061918601332055,-0.13251645374825663,0.03336192123201015,-0.0052326930563110705,0.28074488115918744,0.95976816504106377,13.486370437255486,4.9749592831722254,3.6251421913151818,,0.09548232055748809,0.15,False,5
0.91466824486317033,-0.2370260322877448,-0.32741512160689529,0.27657471052003219,0.95771315208128138,0.07932179921874051,0.29476843681047232,-0.16310787334910226,0.94154521416225445,-11.65439021085616,6.770844822041842,-5.2032190428945659,,0.0979756531527868,0.2941176470588235,False,5
0.94182230674342715,0.15975151157728379,-0.29571979485530414,-0.062006399521557301,0.94730765119221039,0.31426647993553292,0.33034216948319389,-0.27764666131878962,0.90210109329257926,-10.923372117598195,-12.460072740996814,-4.29435583724936,,0.3128997208493215,0.4705882352941176,False,3
-0.93288342092021936,-0.092158365333602374,-0.34818868257200281,0.16297452286030056,-0.97009307303803893,-0.17988533720698627,-0.32119749044886087,-0.22455793315456934,0.92000321020456333,-16.649505197761794,8.9577758059288257,-6.9584625969427796,,0.4519657733168638,0.2619047619047619,False,3
0.33777653545606551,0.9310682875221189,-0.13790886869931601,-0.92736247856479048,0.354265017689189,0.12039572497329834,0.16095292928513216,0.087224659427861978,0.98310020513792384,-5.6639930428404099,14.858590086390137,-3.5537753488424455,,0.1922487834796361,0.3,False,3
-0.10656770952436095,-0.90463176493670072,-0.412655659302331,0.98871523461738575,-0.1403582171119471,0.052361777325105968,-0.10528773965766339,-0.40241886232713486,0.90938086142227292,12.106368337211601,2.2141208230031584,3.2225607611777596,0.3496302089502204,0.197450551253452,0.7741935483870968,True,7
0.59972364337508988,-0.68072564073486919,-0.42064730312104526,0.7767663849540446,0.62153454560656307,0.10163066379330127,0.19226423167696008,-0.38769499695475029,0.90151375727379957,3.4413705824587795,-11.013214913481702,0.40628269064453099,,0.2833104468210957,0.2916666666666667,False,5
0.59597766914153505,0.76529327842674444,-0.24318062398033985,-0.76641586518003924,0.63248222187647307,0.11212921390311625,0.23961915508772208,0.11955098077826215,0.96347819046930228,-8.795711577686685,-12.337267822205527,-3.5293315432716481,,0.1413311145124518,0.4027777777777778,False,5
-0.89117652937642,0.40752181341557669,-0.1993247728685025,-0.3680159943098521,-0.90634044629340704,-0.20763242363561638,-0.26527084540282803,-0.1116824382038157,0.95768387872832095,-9.0251666483248343,8.8950150843578939,-4.4652772619106953,,0.3781522992556678,0.1081081081081081,False,4
-0.056238345301967321,0.96463621906574959,-0.25751546241775874,-0.99773354988340812,-0.044753952687075722,0.050247857227310948,0.03694606819067401,0.2597576728133712,0.96496680743942298,-4.713098769269866,10.043125627630298,-3.0683455659865082,,0.07940999422909785,0.24,False,5
-0.0059220564522296142,-0.94065873174603754,-0.33930234251668995,0.99894123053426809,-0.0210450523810485,0.040908724117987759,-0.045621784117451068,-0.3387008357831664,0.93978742099143142,-11.781642718649392,-2.9514135769461731,-4.8988984601215941,,0.07023726809576183,0.2413793103448276,False,1
-0.87557062335210767,0.41639543516440569,-0.24493044950974902,-0.39849211369115012,-0.9091447189964571,-0.12107813694806202,-0.27309360821660034,-0.0084096073094630935,0.96195070541901462,7.3752528847614753,12.19085382408827,1.2392817360243247,,0.1687813327578853,0.2666666666666667,False,2
0.9438256892608119,0.10421527459921465,-0.31357972643582088,-0.082268333826080328,0.99319267667742583,0.082463496432127942,0.32003904377565334,-0.052033484743396564,0.94597437963436681,-4.8187491396931792,-14.122865619522392,-2.193388111977038,,0.08584047175558815,0.1538461538461539,False,5
0.86794067528287111,-0.29004098955461499,-0.40318135940007693,0.42333057165760712,0.85655867013304166,0.29512450206643204,0.25975028640900066,-0.42682955497258573,0.86622532848696332,-1.3353574510710731,19.062046100975341,-2.1510196890118398,,0.4908265651943877,0.7037037037037037,False,6
-0.29671714457136811,0.95388441406583013,-0.045425331255837198,-0.95327550759918678,-0.2986853852887959,-0.045308357136374898,-0.056786818267337197,0.029859089356044255,0.99793972365764705,12.007705267076087,-11.148862150234658,3.5399126252178204,,0.3032368091160339,0.1818181818181818,False,1
0.34167038303328123,-0.85987968394302328,-0.37929972119675626,0.93731896206451282,0.34119948074717188,0.070824273326061143,0.068516514156772512,-0.37972337757887181,0.92255929013147886,-16.985824307743187,18.341659673242827,-7.5850749000539119,0.5309228000263578,0.5367348438776708,0.8507462686567164,True,6
-0.063568839812133085,-0.85947380065208556,-0.50721177884350921,0.99706732808561771,-0.032995769389988661,-0.069050868688005529,0.042611569663001891,-0.5101137767155679,0.85905074875459686,-20.674666743338303,-17.595935211655789,-7.3904383634026392,,0.3036453588004651,0.25,False,2
0.62685697110294947,0.73329868729308112,-0.26329332121016485,-0.74142202593653461,0.66528525906212665,0.087686393076707392,0.23946548234724702,0.14024464085619179,0.96072250076456389,-3.7285223518217547,15.471736260162359,-2.8890248876102764,,0.07750894559866317,0.1851851851851852,False,4
-0.69528561986882609,-0.59876723656416575,-0.3975622004428182,0.6687989469886727,-0.74156808640487748,-0.052770652190889222,-0.26322210262526535,-0.30257985663808096,0.91605652393638559,-1.2863373870224961,-5.9526285167888959,-1.3109899736960615,,0.6377730431399689,0.3811764705882353,False,5
-0.93145971196171773,-0.12280618001377458,-0.3424929884576009,0.18053111154801019,-0.97326464559862624,-0.14200157531175756,-0.315897646011226,-0.19409938634165042,0.9287271426346716,-6.9504765690773951,22.807817383356912,-4.2665436252557551,0.5574417451999228,0.5536968634609011,0.5405405405405406,True,4
0.92197442214608483,-0.20191941121579382,-0.33044169876494156,0.26539852124588192,0.95086006809431189,0.15946396403005944,0.28200494646174623,-0.23472043429993072,0.93025777497055073,-11.074788610756624,-21.306665404269179,-3.9372179785847568,0.4542598238154538,0.3792771484896943,0.8888888888888888,True,5
-0.65503155285746217,0.74248244517566131,-0.14019088189719509,-0.7399583297128941,-0.66789064694165612,-0.079898398083822167,-0.1529553367805335,0.051399439041956263,0.98689551757849547,1.5858247937262782,-4.0992615016101643,-0.34344518642985378,,0.4538737473374151,0.3099630996309963,False,3
0.78816027268630606,-0.50045089923198294,-0.35826286720360251,0.56914728437518081,0.81418563191449955,0.11477423697129402,0.23425360882471691,-0.29436483187005447,0.92653903992800546,-18.823387279229518,5.4203693208751602,-7.4895813229115085,,0.08146390491874823,0.4761904761904762,False,4
-0.88157474961414983,0.36342793524304068,-0.30124092804220565,-0.38408658499407272,-0.92324085029464287,0.010189581680156982,-0.2744147519182234,0.12468547723053328,0.9534936159710008,-6.7881505123247363,3.2073424711416032,-3.4229999014843719,,0.07053921152156421,0.2053571428571428,False,5
-0.71105188819281362,-0.5935051901588525,-0.37703687028185884,0.6515371765370368,-0.75776643041998126,-0.035907443778503426,-0.26439462908232664,-0.2711855936126854,0.92550194701543176,-11.636445259512509,17.394002146627358,-5.7538279031796735,,0.1101380358048503,0.25,False,1
-0.1716851657907135,-0.8535860617135107,-0.491848593670689,0.97938356231353274,-0.20183428933166142,0.008411748928634416,-0.10645206300241647,-0.48026425527869798,0.8706401112883142,-0.42584926345058366,17.487444928941354,-1.7875906049371726,,0.4737350022411367,0.2666666666666667,False,4
0.89628108971576614,-0.25479579804890212,-0.36298665197847241,0.32753630397466904,0.93213006483567662,0.15444582159465894,0.29899862507464942,-0.25731817566207627,0.91890542422896226,3.3902058553068519,-8.1237019079729471,0.32231375608632346,,0.3963525118264578,0.5709677419354838,True,5
-0.51042005024084436,-0.76542180894643519,-0.39191941352949167,0.83509034330794696,-0.54994620186999443,-0.013538595295775058,-0.20517185680777389,-0.33419848808445235,0.9198999291967126,16.120982399192584,7.1236993623307603,4.4594143288684274,0.3769528520524765,0.4287270461527259,0.875,True,5
-0.92886117968345561,0.20662824107493796,-0.30744378163712865,-0.2091053108686402,-0.97756706837874718,-0.025250659157992281,-0.30576441559408202,0.040833770480584487,0.95123116293819487,-23.978825530716644,4.9907977907455603,-9.1680239354094706,,0.1687679038994954,0.2352941176470588,False,4
0.016063848507297751,-0.93631356491455853,-0.35079746425555147,0.99901012925784871,0.00047443004882738123,0.044480743657732885,-0.041481494806127263,-0.35116475203687381,0.93539435668360227,-13.730448554908781,11.881872771896637,-6.1468875490903967,0.4489292610324159,0.4433340917956431,0.9644268774703557,True,5
-0.12425877598534703,-0.92377474875088916,-0.36221536433571577,0.9899158948098784,-0.14043464994095017,0.018564220929549131,-0.06801674641867024,-0.35625597913044876,0.93190954472010001,4.602707795628441,12.231246424063317,0.20890992019344834,0.587189290741516,0.4879403664612353,0.9174757281553398,True,5
-0.091634188889299598,0.95379115690602623,-0.28615660823133826,-0.99574921086538648,-0.085078502919148674,0.035286787924041656,0.0093104504488257175,0.28817369302019896,0.95753289142647202,-0.85574027921896756,-11.92028443177569,-0.90998259330760478,0.1423013177705814,0.09131312654929669,0.2653061224489796,True,5
0.87489687350518164,0.41748689379228554,-0.24547943751468418,-0.38163602220458609,0.90636080547511433,0.18128440874593019,0.29817680541369673,-0.064921366360926422,0.95230027244725279,8.8493252645068736,-18.186361702871537,2.6798521008007556,,0.2223012776630076,0.6,False,5
0.50935862908268281,0.80186524046738661,-0.31235544354019074,-0.83565235770963664,0.54757259713106454,0.043004510524663524,0.20552110362036941,0.23911584431258531,0.94899140615989985,-11.117527254944793,10.290929193593698,-5.1907116800627184,,0.07332533920608668,0.3333333333333333,False,1
0.30623073000270856,0.92604315372362411,-0.22060556983814433,-0.94119534750398814,0.32927403226068469,0.075696297899149084,0.14273772395150286,0.18445240340096855,0.97242133514272056,-20.50284308628035,8.5508615866327986,-8.2317528888834168,,0.17856191279205,0.25,False,1
-0.87748798155705299,0.36528233713192299,-0.31077911191450958,-0.39236699910437001,-0.9194063756843398,0.02720394024438421,-0.27579517805205089,0.1458105981416605,0.95009277927621938,10.093206834296042,-2.1574415934103661,2.7042520970138555,,0.08671631501047886,0.3974358974358974,False,5
0.43541996822786788,0.88721673728263584,-0.15249889295990252,-0.87612035856509152,0.45657567117584463,0.15476360618085089,0.2069361461326101,0.066220220294712889,0.976110810230018,-8.4898617097131091,3.1539772040482896,-4.092077926480953,,0.2475558875047788,0.3385416666666667,False,5
0.14354222613141093,0.94689034039331554,-0.28774000866593175,-0.98545838822181653,0.16347335699115031,0.046348965870923652,0.090925213227679574,0.27690277142685937,0.95658635824248839,-14.260252210417578,13.688116441575573,-6.4127998566652158,,0.08285375270494377,0.2631578947368421,False,4
-0.61457448525428082,-0.59381989576027017,-0.51930350805063741,0.7524798545569934,-0.63889601773988225,-0.15995607835279985,-0.23679584151822194,-0.4890703527258452,0.83948670002823478,0.98125707639983883,-1.943742838875705,-0.64234069197428934,0.4408961038075458,0.3473014227827506,0.2922705314009662,True,1
-0.037039212558118366,-0.87309903631140884,-0.48613390081865665,0.99769842113364038,-0.059957922071425591,0.031668723503138728,-0.056797510513366081,-0.48384204072503439,0.87331032424134247,-13.193240703334654,18.207397477834469,-6.2487928813534497,,0.4597277617373162,0.1904761904761905,False,4
-0.18675985474767856,0.97083979609724269,-0.15030251817082646,-0.98224101660243324,-0.18733059473592253,0.010480151702408458,-0.017981711777413319,0.14959056985569358,0.98858450293933131,0.43981726867825749,13.781396610787736,-1.3551192588217535,,0.08516180521722318,0.3684210526315789,False,3
0.11324285124912135,0.97018418020125141,-0.21428652110713098,-0.99127712523504363,0.12495814025491933,0.041894202102217004,0.067421937280968458,0.20767310772283312,0.97587200118766781,-13.564892763852523,14.497433618252659,-6.2605111284222739,,0.2976152509986775,0.3255813953488372,False,4
0.90678763938096685,0.3009540685080111,-0.29523351048681457,-0.28464074363269481,0.95362707568544025,0.097852172095776221,0.31099167855445786,-0.0046956541727711382,0.9504010346699806,-8.6675888995300721,13.430904302477121,-4.5368119727893008,0.2646876703153159,0.2942515588412838,0.5245901639344263,True,5
0.87932763967037397,-0.25614799861730098,-0.40146121221866488,0.38896437738825534,0.87269600220919352,0.29514132352325395,0.27475373561554262,-0.41568003383906044,0.86701816257380804,-22.104797169850269,-17.975405256757707,-7.8572078288055902,,0.1863253167536837,0.25,False,1
0.82935093909211965,-0.45294806199332133,-0.32713158356159111,0.49659611283435973,0.86590211699256903,0.060048517930020501,0.2560650709191391,-0.21225356751838712,0.94306898079138135,-15.748393556252404,6.0972346416155681,-6.5627963033663628,,0.07075947622059627,0.2444444444444444,False,3
-0.043120125050913907,-0.88269252958602251,-0.46796853850298892,0.99646529998622824,-0.071798548883587679,0.043610483849282837,-0.072094110293081756,-0.46443392058638544,0.88266843869587253,13.698998647673989,-1.9710375719915274,3.8863523748619104,,0.3137167632652442,0.2,False,4
-0.86133926997794441,-0.33951126826311179,-0.37792427907748249,0.40734486230336692,-0.90607993025668654,-0.11440857984036587,-0.30358660238704971,-0.25249011606083049,0.9187403964900398,-13.299870066081269,7.6640098289717322,-5.8619690860564928,,0.1012845190415404,0.15,False,1
0.83105989442783768,-0.38958140274096303,-0.3969455661825354,0.46153165446315642,0.88131991551568634,0.10131011027495715,0.31036749797955909,-0.26739771344161856,0.91223378530073185,1.9686415849098893,-7.4153691507822526,-0.10744600284224781,,0.1596193210941861,0.2592592592592592,False,5
0.4088566157142276,-0.79858526763572191,-0.44169880926021332,0.8994829955513387,0.43439694731021872,0.047218988569782308,0.15416422574870745,-0.41660636394892603,0.89591993448999474,-14.130857885495796,-9.7133492869237053,-5.4061899455251048,,0.2619010725153933,0.2,False,4
0.94890837149083362,0.069194447697167635,-0.30787177675535193,-0.011507261592698438,0.98260080968287689,0.18537322282679117,0.31534185488965866,-0.17235944191844521,0.93319437275216732,-18.743394474829376,6.6391978530713578,-7.5585007804860904,0.7754224612854537,0.6893929216917825,0.4905660377358491,True,1
-0.42231141643327036,-0.84053235290690476,-0.33935001291720568,0.89422322185630909,-0.44760182877793481,-0.004175208685950435,-0.14838428839687778,-0.30521790018187184,0.94065091100020826,6.0980548089198559,12.568737173968467,0.83859526744064572,,0.2310251016015688,0.3333333333333333,False,3
-0.11251600536968986,0.95481979304840259,-0.27506237717771148,-0.99362960802056288,-0.10634720700909646,0.037289055046581213,0.0063522122564148714,0.27750573753414542,0.96070297961184647,-27.980204648100003,21.995577089325117,-11.277087674686914,,0.3136506313895341,0.8518518518518519,False,2
0.058650608098735471,0.98559980848065709,-0.15859736344763398,-0.99689639183376966,0.066182819245512545,0.042631190289828702,0.052513713622827245,0.1556047941408239,0.98642255546085922,6.4110576576454141,-18.250280494566304,1.7499430121806898,,0.1457797336088252,0.2333333333333333,False,5
0.074770270687470192,-0.91712075269388238,-0.39153407463403189,0.99718800215440673,0.070753045842716397,0.024700098446770354,0.0050492554524521997,-0.39227991470655699,0.91983203550278203,10.413624130214684,-15.523390250674348,3.1598963416151102,0.2528849185311167,0.192512644075175,0.1111111111111111,True,5
0.6221105470869559,-0.6690859689305142,-0.40657401956283712,0.76355754771208129,0.63329976263151389,0.12613993016796721,0.17308477268402364,-0.38891564230714837,0.9048681034458762,3.924768188380158,6.2417002860363739,0.20356276756814731,,0.07055173107390982,0.1911764705882353,False,5
-0.52153460031272414,-0.75566111847627504,-0.39620441024783298,0.8300922581186706,-0.55677706029441687,-0.03075952114963304,-0.19735375265774507,-0.34492836814778433,0.91764694581239337,-6.4384322685596072,4.7743038995321818,-3.3915064060891145,0.2100908274584924,0.1427003278090378,0.185,True,5
0.94802694536965937,-0.0022420637751321137,-0.31818215538131905,0.063972548444788044,0.98089941993480889,0.18369496731548207,0.31169283581525076,-0.19450270209327442,0.9300625113291382,-23.546700510346994,11.906764561991114,-9.3565165534111259,,0.3437653488723891,0.2941176470588235,False,2
-0.55462242607885159,-0.74357651597620777,-0.37348082866339116,0.80357327007055379,-0.59514635562913332,-0.0084151654456978559,-0.21601843467289056,-0.30478645027304918,0.92759972812168756,-14.508426073162743,-13.43676063436437,-5.4342815874141834,0.2695829858654088,0.1891345845896387,0.7962962962962963,True,4
0.66425564704150875,0.73357471771792404,-0.14364041526859395,-0.71755613809703944,0.67960645584234014,0.15247378088273267,0.20946986430684639,0.0017884916776623738,0.97781346751043974,-2.8101406731409742,16.298402525416137,-2.6299281646999493,,0.2527160001638714,0.1666666666666667,False,2
0.77877360080620883,-0.51119741236819027,-0.3635778929959827,0.58328694282239579,0.80338069412195812,0.119815702831575,0.23084198279393436,-0.30537954401070722,0.92382645181851009,13.969278294357512,0.46706561146672831,3.9417487809531075,0.6786781256762408,0.7186859217361593,0.7076923076923077,True,4
0.72688159364036731,0.63309483896687502,-0.26614671461497807,-0.63961801410251407,0.7651892918365869,0.073308551303231911,0.25006388156308373,0.11694559646318095,0.96114087552526639,10.508030655552501,-10.551431997392383,3.0386457382511285,,0.1357599900196595,0.2857142857142857,False,5
-0.65532122642687007,0.72194834342482672,-0.22213662377134208,-0.72781117346313806,-0.68219206080817874,-0.070034905243739884,-0.20210142497417566,0.11577815681914279,0.97249700895528179,-11.17739122987153,-9.9283771928010314,-4.4415805740704482,,0.1192864997319554,0.3571428571428572,False,3
-0.42564910944112883,0.86966746550418184,-0.25000267013675553,-0.89914709867688181,-0.43755882436173915,0.0087618584854642322,-0.10177097117017438,0.22851865277632422,0.96820550233944369,-4.5390777395891915,-5.2033095164017107,-2.4090163409758429,,0.06882672331034856,0.1833333333333333,False,5
0.7662775159752595,0.60068072227380354,-0.22803823889735653,-0.57852063319393121,0.79944990583948916,0.16184475593025874,0.2795221735027098,0.0079068288114668706,0.96010667979056752,7.834250941148122,6.0641262050311431,1.6518559385705793,,0.2495890551569182,0.2988505747126437,True,2
0.37271766412663143,-0.79554029753684385,-0.47769988260724683,0.91582842250781382,0.39828231411452786,0.051278638734135178,0.14946519118121435,-0.45660358436894299,0.87702526951428095,-22.042432606378725,-20.60112013090902,-7.7108284067910473,,0.3838049520835225,0.5,False,2
0.86838879742404185,0.39747729996047976,-0.29650074624619949,-0.39008980820339578,0.91671259030486218,0.086417407461620036,0.30615492490610757,0.040618010693244014,0.95111478758510482,-7.8084258008187906,4.176595802690735,-3.8849327835213963,0.4196288103243487,0.3405257602109365,0.8337730870712401,True,5
0.8794705096201495,-0.31699610258107397,-0.35502829979719008,0.38682631624729652,0.91065993350945751,0.14513402963845901,0.27730312614000724,-0.26497538838344936,0.92352099044040115,9.045956550256717,-21.095404173392382,2.8916031164486973,0.2226483384034484,0.1649958924010815,0.4444444444444444,True,5
0.6154999358765848,0.74657717862954442,-0.25255166854619948,-0.75101115272688512,0.65276964543177207,0.099368196535481956,0.23904409094507117,0.12850800112221838,0.9624674624275964,0.65954110800125232,-6.9597617799840528,-0.63189073230855841,0.1987284226180683,0.1411128507590202,0.4606060606060606,True,5
-0.13455009382070304,0.96343721986882358,-0.23170022793314698,-0.99090607981995571,-0.13053952673632124,0.032627793908031964,0.0011887929541164813,0.23398323728611309,0.97223990426253493,-3.3113956504511917,20.00116980060892,-2.8574761403196156,,0.2112147427037409,0.4285714285714285,True,5
0.099874448492686355,0.96112973773567234,-0.25739992575453002,-0.99204534641660325,0.11610972397472771,0.048626768879620877,0.076623267950677143,0.25049582678892746,0.96508067826989918,-4.9805518221506242,5.595997342425572,-2.9451046051526233,,0.07612977149145575,0.2731481481481481,False,4
0.14190149150161593,0.97596349341295374,-0.16540624605739271,-0.98322849243460575,0.15830579901441455,0.0905594040571093,0.11456744028906207,0.14978161944507645,0.98205894329313115,17.528822967869512,-6.2805436744278333,5.4274607714366256,0.6244387670289147,0.5112140777935079,0.2941176470588235,True,4
-0.93732444319054009,0.17135749424317992,-0.30341308041058995,-0.17733340930595071,-0.98411858837576538,-0.0079665524049104056,-0.29995958084627466,0.046338031680149522,0.95282581654704213,-6.498242481678111,16.91341480763192,-3.9003201431380958,0.1810812489984848,0.163132214099042,0.1666666666666667,True,5
0.51417710039216502,0.80375701582911852,-0.2993268596998539,-0.83229385089119179,0.55187164540430156,0.052198014976243073,0.2071445273257696,0.22228888074804731,0.95272178430786625,-13.527989035422767,-11.935454096512888,-5.1144342375480898,,0.08768829974736547,0.3181818181818182,False,2
0.28290659081008313,-0.88296549055216766,-0.37461420604428031,0.95780068524121598,0.28076085999575856,0.061572614415011995,0.050810512964089942,-0.3762250416817205,0.92513404962951951,9.376994889801006,-4.9102421417511035,2.4665349964704251,0.5897555473347258,0.4261784991357742,0.8656126482213439,True,5
-0.1018210474384471,-0.93387322518374916,-0.34280209098463882,0.99212401086355828,-0.1205984473107794,0.033852054209988144,-0.072954926951812715,-0.33665533382249008,0.93879751003202205,-11.618478872095498,-1.1231397268300927,-4.9033529297125762,,0.1024551162314014,0.6521739130434783,False,2
-0.21501062478188984,-0.88007937659872415,-0.42335649530448921,0.97103578388661682,-0.23890868123909167,0.003485461274966753,-0.10421102457323109,-0.4103448950751023,0.9059564721570228,-21.049608673511756,1.8876530288465685,-8.1410287566043795,0.5539292725657178,0.3571083264105696,0.4,True,5
0.84362716097189328,-0.42511438685862363,-0.32798013866135323,0.48409904110195273,0.86644639799824408,0.12214236693317893,0.23225273232983459,-0.2618174888766715,0.9367551819144857,12.974746487615892,1.1206616041508846,3.574222443041057,,0.2303723919901501,0.1052631578947368,False,5
0.56657238933190091,0.78518578720093224,-0.24995801092262343,-0.79364777725254965,0.60157000636796198,0.090756449360573838,0.22162791635718931,0.14695852141370852,0.96399391060061601,-8.7198990035858976,10.769678538024509,-4.4755169139332818,0.1308755303943037,0.09356058627018055,0.2835820895522388,True,5
-0.91108686177214937,-0.27498460098257066,-0.30708988835296108,0.29426014440885068,-0.95556773928241434,-0.017356931041509809,-0.28867230161319629,-0.1061779867258448,0.95152222118886309,8.9436947527376169,12.592686024346332,1.8106071054886488,,0.4969187457187804,0.8846153846153846,False,5
0.88086363575150661,-0.28453344595534069,-0.37831200528586922,0.40065076953912421,0.87376443704072848,0.27570757956684144,0.25210754863419693,-0.39443177698516857,0.88366586288369098,19.147259093789962,-5.7331093492041436,5.974446160685237,,0.2726275179350548,0.2,False,2
0.74804838945120899,0.63372818233070949,-0.19700811648068975,-0.60420837352590673,0.77314512201924102,0.19281820883680334,0.27451019726165404,-0.025203396947037798,0.96125383764211814,-2.3686427806633725,-3.7744818924197681,-1.6894366834584487,,0.6336093723127924,0.3456521739130435,False,4
0.89931438627373705,-0.28067088325309741,-0.33534682037410091,0.33267587442199953,0.93682896163970975,0.10806599470056769,0.28383163533801409,-0.20874710040379296,0.93587619419149626,-10.376639679509861,11.039166378061672,-4.9940070216455954,,0.07266133058253518,0.2653061224489796,False,5
-0.90204017903787259,0.31935342964608848,-0.29040816513073869,-0.31557993629652503,-0.94693074493453488,-0.061085743875365708,-0.29450436195140262,0.036545194909952755,0.95495111368100394,-8.9774936770448992,-5.6952828544451535,-3.872917786220976,,0.0775658345828991,0.3854166666666667,False,5
-0.30466133763433567,-0.87410209342491263,-0.37832129152486471,0.94157122177548325,-0.33629173046159361,0.018748502536724606,-0.14361442711329511,-0.35050449682326656,0.92548446450039779,-26.123557885679272,12.165345626170479,-10.222745148909874,,0.1512664346197043,0.3333333333333333,False,3
-0.077802391986187727,-0.91437161828045554,-0.39733025493210128,0.99405741834416217,-0.10158344444754439,0.039123558748049847,-0.076135647604568604,-0.39192518099422191,0.91684132523925832,-2.4073024180431157,8.5285731263479043,-2.0619806492443273,,0.09923179857367267,0.2476190476190476,False,5
-0.84505607295643115,-0.42851247610034482,-0.31977694004697538,0.44185528203063595,-0.89645622076229947,0.033617763135032869,-0.3010716580833917,-0.11288623513487964,0.94689627447571623,2.9309541778425752,8.0469492376025773,-0.23773100829633176,0.4531385876653592,0.4597020257766543,0.9550898203592815,True,5
-0.86828743985543722,0.39845259890692097,-0.29548679871292138,-0.41658360007201994,-0.90909572649348125,-0.0017504920235368038,-0.26932327404130046,0.12157502414398101,0.95534521905124159,-8.646569755150038,9.7506147394546687,-4.3685754388932416,,0.08169492412412498,0.4347826086956522,False,4
0.51176085256241388,-0.77687165605175379,-0.36683955594782425,0.84923371198258246,0.52204960962828606,0.07916001212252527,0.13001127726807235,-0.35204351309228754,0.92691015350613415,-7.3438514655870888,-11.053954603836235,-3.1391344991455137,,0.1445090543480124,0.25,False,4
-0.33026525711938692,-0.85265076201701684,-0.40485989918941823,0.93347655299559751,-0.35858317879418128,-0.0062951483952101775,-0.13980838654144723,-0.38000629194483199,0.91435705997986183,1.446224674362278,-18.38070919901978,0.096542937437494925,,0.146526388807407,0.2380952380952381,False,6
0.64463328024052258,-0.68981245913145206,-0.3295553143758474,0.74439542276816795,0.66456272882253831,0.065052548157185558,0.17413612080250712,-0.28725450507687633,0.94189248895237221,-8.6983611814907587,-1.5966823325800292,-3.8786181313330887,0.1972821764740502,0.13094369550375,0.7011764705882353,True,4
-0.77506693336131005,-0.52760637198713811,-0.34771074911262628,0.56546350822980818,-0.82472379568644816,-0.0090377922622077375,-0.28199693202290665,-0.20362263397546626,0.93755829326104367,13.876742620791525,-12.066734205141859,4.3702793131913555,0.2693528745340003,0.210657657819101,0.7272727272727273,True,4
0.46241982273422338,-0.77478592591631734,-0.43113185517245711,0.87453455945411107,0.47869053692652058,0.077747502708471194,0.14614106836496613,-0.41299169345035802,0.89893306162258402,-1.2104313300065763,-2.4704138439396939,-1.3880831508192308,0.7603067091639031,0.3156030520658198,0.2444444444444444,True,7
0.51952147406751181,-0.7466378653341702,-0.41548686625686848,0.84591062096239855,0.51802887320505464,0.12681209669787238,0.12055147998149504,-0.41734636044313927,0.90071602411589002,4.6750900698168811,14.306176728248307,0.19149187773205059,,0.2196604861215834,0.34375,False,4
-0.45609488054502673,-0.77661291895718509,-0.4345685608156884,0.86955818040707,-0.49279503666617031,-0.031962833484120177,-0.18933048045088705,-0.39246073172482937,0.90007141007047242,-21.436558734745681,-20.16195717462309,-7.5350273980307998,,0.1731233912529459,0.4736842105263158,False,1
-0.38897295295860812,0.87740253676545776,-0.28082882748072707,-0.91694156213714628,-0.39817195471494249,0.02602433676334328,-0.088984344084510461,0.26762638688294782,0.95940497369558631,-10.092889474900419,13.59872702311784,-5.0423317004620332,,0.05427849483781184,0.4117647058823529,False,1
0.20415827914562087,-0.91840574112676743,-0.33889569445729484,0.97861940715309215,0.20030187495507135,0.046724884513648042,0.024969040823177545,-0.34118917561211753,0.93966296800794202,-9.2704702078036334,-0.65748676185296306,-4.1276873164692134,,0.0683713772798542,0.3333333333333333,False,1
0.78024127009825817,-0.5254700027393282,-0.33927103716142198,0.58029803121741397,0.81054885321082326,0.07915018334667534,0.23340470303884137,-0.2586345544967833,0.93735287475934082,15.284037998258537,-0.9760177164741024,4.4382142793091415,0.5592342796120244,0.6124184001650604,0.7619047619047619,True,4
-0.3800538160633774,0.90688067668419514,-0.18200696457136539,-0.92027893669810479,-0.39051658457687105,-0.024155244569707877,-0.092982662714462025,0.15831688295072405,0.98300050305546494,-10.334912833243635,6.8004015405753542,-4.7590697135800291,0.1812561319314195,0.2157439004994547,0.2407407407407407,True,5
-0.78356019779331654,-0.4704233624022186,-0.40587593737531452,0.55003610626253108,-0.82900865767154919,-0.10101944027349524,-0.28895276126324354,-0.30240123282124298,0.90832802232813459,0.88034077287140289,16.884588196464243,-1.271205177038234,,0.4797002954162877,0.4074074074074074,False,2
-0.40206836392649403,0.86700796084933118,-0.29434372178348917,-0.91073127499957529,-0.41183833561449013,0.030947214025403309,-0.094390547551754009,0.28051092873927436,0.95519843142182193,1.4332936983849311,1.3385536004294132,-0.53765285915664485,,0.09502481419351717,0.5315315315315315,False,5
-0.94802838821042534,0.064812395481214299,-0.31151489296521695,-0.050771287345213523,-0.99730389786831408,-0.052983126351488462,-0.31410898033716528,-0.034413495734300414,0.9487630156065805,2.0760264313520094,10.546438881835899,-0.58013245716978801,,0.1094168910663819,0.2888888888888889,False,5
-0.83303239279086294,0.53217584437071075,-0.15114861305830632,-0.49105111343237812,-0.83711893358671885,-0.24104085758944591,-0.25480548769198469,-0.12657314762205685,0.95867272921633417,-11.81792963366396,-8.5421244719291085,-4.7087160992325741,,0.06947634812263215,0.2857142857142857,False,2
-0.84310486647245808,-0.35102107245292097,-0.4073799096966601,0.45394994380816839,-0.8706989060278123,-0.189242869240908,-0.28827700679557955,-0.34448167111759631,0.89343648101978079,-15.798291734425581,7.3706099258637945,-6.637555215512883,,0.5110730972075112,0.2830188679245283,False,3
0.71272275296807042,0.67381334110911906,-0.19494065441816144,-0.64951907535537978,0.7389006655252659,0.17930637812362304,0.26486080901316389,-0.0011780618341454829,0.96428593478242097,-8.9901730414052334,-27.265730780072616,-2.8149030918172828,,0.1355216840813396,0.1333333333333333,False,1
-0.70523749187894258,0.67138208494270091,-0.22778537281021832,-0.68106465388257631,-0.73081401141166491,-0.045407245635441011,-0.19695435329056499,0.12311367406743547,0.97265204774241476,6.9931021627584213,-12.260605843357894,1.6177878534099994,,0.4178177687636742,0.8076923076923077,False,3
-0.29163631982570704,0.95645559839206129,0.011872037019921566,-0.95494511217320177,-0.29041687277357048,-0.061138144761935083,-0.055028080968079388,-0.029167247263055474,0.99805870668616836,-18.779683211749333,-14.181991498480212,-6.8653587030294689,,0.4559607436096129,0.1333333333333333,False,1
0.93344379464660621,0.2256317861994015,-0.27887807244782137,-0.16032102025037587,0.95785415323879808,0.23835392085943213,0.32090474085252041,-0.17777997125563219,0.9302765336816381,5.6890255855792153,-19.955562325981862,1.5437798862873149,,0.3033121986786532,0.1875,False,2
-0.46289888842748367,0.84476796038581958,-0.26849899850498782,-0.88328585707205232,-0.46501017222601593,0.059763152718210727,-0.074368768909327976,0.26482566497964755,0.96142428374729449,-0.80652777553286759,3.807278390567931,-1.4051058910681549,0.170405656269397,0.2150904412182642,0.5091743119266054,True,4
-0.027152330845615295,-0.93002168246523398,-0.36650023338899385,0.99870527662006126,-0.041015792850271821,0.030091114770179048,-0.043017686838075594,-0.36520867306431859,0.92993123602646144,-11.980920781053475,-14.246066181518882,-4.5698689511389219,0.5473077849037553,0.3083616002623649,0.8514851485148515,True,6
0.077370520599724463,0.99118490601604736,-0.1075466625613577,-0.99457486764525449,0.084254697398981754,0.061008020904056812,0.069531540976390194,0.10224298534454537,0.99232642651361624,-15.500966768776401,-13.493161465143166,-5.7785654948128586,,0.09049657963212107,0.3333333333333333,False,2
-0.29885915755555309,0.94154847489862292,-0.15546598779560386,-0.95336605622858184,-0.30177394206139274,0.0050646543700577432,-0.042146966395531241,0.1497296140007213,0.98782826235882182,-4.5293216589002858,12.636364303566836,-3.11984065463127,,0.2651086172958739,0.24,False,8
-0.3596300657989524,0.92600283669036942,-0.1148257907215588,-0.92213291257215968,-0.37151135578931305,-0.10793611106007849,-0.14260823021350558,0.067067570113853114,0.98750434617494043,7.0903711325792438,16.448082624143371,0.95681588630588521,,0.3810201737115102,0.5,False,2
-0.866227128040855,-0.31745804299127917,-0.38583798878057496,0.39591846376844075,-0.90716746732958042,-0.14246317512281015,-0.3047935903088021,-0.27616585081972334,0.91150057056904155,3.1601381445561239,2.2702118054279499,0.025479665805908765,,0.2671941789626015,0.1780821917808219,False,4
-0.78006606969996806,0.54543668939155765,-0.30658725473904097,-0.58051600986844032,-0.81371844443508112,0.029384612853954245,-0.23344825805576092,0.20090074925626639,0.95138887935428462,-6.297937276552787,-16.111168388515765,-2.6707924385837711,,0.9326469473695806,0.7021276595744681,False,1
-0.21280632289063822,-0.91298294275084135,-0.34810288017162255,0.96902598475051116,-0.24289040705860304,0.044641808175834852,-0.12530805966124983,-0.32782067720770713,0.93639280955110527,-19.002888790778893,12.38673010740427,-7.916349605349712,,0.105077334477007,0.3571428571428572,False,2
0.58511455986426653,-0.72225728929345778,-0.36876192848138645,0.79504501132905592,0.60051976636074988,0.085319635318084563,0.15982609860603575,-0.34310409247412932,0.92559991353277327,10.774111750495477,-0.38299984723466124,2.8778035623888276,,0.08141693646728024,0.2622950819672131,False,5
0.94240258163668089,-0.03409373240548251,-0.33273862344967281,0.13308561812176598,0.95087672341268625,0.27950254940000419,0.30686412689277859,-0.30768664950338298,0.90064606441360517,-9.8443080158906575,-30.718813856759709,-3.0074119983038101,,0.400135547863914,0.4210526315789473,False,1
-0.32418145710128998,0.94515033751842981,-0.039965264424029756,-0.94353445076509967,-0.32609463240329095,-0.058352642932126129,-0.068184478373645677,0.018791759006560937,0.99749573768630861,10.176167323207704,14.377622627334002,2.1742799670366653,,0.4225908515889033,0.1538461538461539,False,2
-0.89492876110170383,0.36066568652887787,-0.26272185884243343,-0.34566877624427261,-0.93269425458183974,-0.10292970708116259,-0.28216238176404246,-0.0013000118000215249,0.95936578023534036,-6.0051499922090539,-14.064666400738004,-2.5905279666202761,,0.08264548734923191,0.5294117647058824,False,4
0.78683248832597585,0.56415992541180371,-0.25023631605764307,-0.54742714810662962,0.82520695867941352,0.13912941048863409,0.28498798716892421,0.027514612598046717,0.95813610372586644,14.216878374931861,-16.446223402275368,4.6174778970763661,,0.4090602830133537,0.1904761904761905,False,1
0.90227414195546407,0.31771866860889469,-0.29147250363614829,-0.29630141873945948,0.9480058221689508,0.1161483120271542,0.31322011750766682,-0.018433902222943041,0.94950163203510107,2.8418266267531194,-16.825185404054846,0.48284624820405569,,0.1499551621815657,0.7931034482758621,False,5
0.72098383950409906,0.6302899234090833,-0.28795297467277542,-0.64027296605285067,0.76485596821427559,0.071034335563084389,0.26501477716499794,0.13315389718658407,0.95500639136511112,-11.912713655758665,9.3887530859284176,-5.526540011679999,,0.08382404675887431,0.3043478260869565,False,5
-0.86812757502741467,-0.36435409671922825,-0.33704688943963568,0.39361971279280106,-0.91904847859268946,-0.02033262642588101,-0.3023541552185644,-0.15031961349197481,0.94126828195881007,6.4457481149588443,-13.679297713688847,1.424335568464451,,0.08215133998805582,0.25,False,5
0.71268770659680403,0.64286045076175535,-0.28072526375832452,-0.64895619002880744,0.75616481844201133,0.084087042841657259,0.26633080236631002,0.1222505958961064,0.95609763911117596,18.272089370371923,-0.30737561734896884,5.5331911778993952,,0.2628298248497221,0.6,False,5
-0.12841165185137191,-0.91147381416132289,-0.39080165527670441,0.98800376264328604,-0.15166546584241403,0.029088682911270904,-0.085784687861593281,-0.38237818003779134,0.92001517093984675,7.3161814261920153,9.1685385202306975,1.3381512355218186,,0.5989660908898493,0.2,False,1
-0.94974510139089374,-0.050232871795243876,-0.30896747559444437,0.084726736533456776,-0.99144869680080572,-0.099251507436280625,-0.30133971278341531,-0.12044143889536717,0.94587961036086532,5.2288994093636418,16.1660059351935,0.26707253033584233,,0.1926752010581255,0.6060606060606061,False,4
0.45737661473947933,0.87378075582593773,-0.16526894153986804,-0.87191882201497128,0.47717478078648334,0.10982620997466083,0.17482619971125785,0.093869160695225162,0.98011447319427702,-4.7187443043881139,-16.047786798968357,-2.1411744061152578,,0.4270484000769907,0.3684210526315789,False,4
0.0012292769871165891,0.97958641558925652,-0.20101975840967007,-0.99973255794144067,0.0058460836096975565,0.022374894375028983,0.023093320894887026,0.2009384923289253,0.97933161943778058,0.45745911622150459,-16.193922074092523,-0.43051327625479302,,0.2244658868261979,0.3888888888888889,False,5
-0.88163426806955802,0.41809687219274505,-0.21889728830686345,-0.38296975973740577,-0.9048703338856432,-0.185859737383756,-0.2757810372236067,-0.080029271621878798,0.95788315320374195,-18.11342120823943,-8.3457735542359455,-6.8024763939851232,,0.7302523252318504,0.4761904761904762,False,1
0.23894817230869997,-0.84614035468351645,-0.47639297971987865,0.97063610517856858,0.22214392061065072,0.092291006384736848,0.027736659389884122,-0.48445699366587924,0.87437526212382521,3.1271925900153041,13.152989000922915,-0.29170810570912276,0.5609053479009556,0.2565931268106338,0.3243243243243243,True,5
-0.65280735317667049,0.71228893924336611,-0.25785078372972103,-0.73301816731609237,-0.67984630487128228,-0.022211891801961751,-0.19112018737702258,0.1745092226342928,0.96592939969365665,-1.2820757151978714,9.4452879178205063,-1.7710773627111955,0.3426362680366138,0.164118445836714,0.3764705882352941,True,5
0.5515600448395851,-0.75212730629553048,-0.36067441281741258,0.8209454519401046,0.5660590818658866,0.075004538369407764,0.14775006556821976,-0.33746352537982544,0.92967106395907995,20.436065763674737,-8.1087877318372552,6.5819005368231984,,0.554500984101346,0.8869565217391304,True,5
0.91898332414121542,-0.14595185207546107,-0.36628910279464288,0.23281706283181633,0.95059542658720586,0.20534008426474851,0.31822298032154717,-0.27398246627700595,0.90756142655361982,-9.2113438406890253,-2.7821081513110975,-4.0223061827880171,0.2061570301706697,0.2372687943860323,0.2605633802816901,True,5
-0.34022051319049007,-0.83512527525086044,-0.43222190717451425,0.93987997485252994,-0.31646590722828938,-0.12835483019109079,-0.029591135084811981,-0.44990566144398603,0.89258571606599357,-33.558523410050121,13.046112091260618,-12.537632856683192,,0.4883816618825943,0.8571428571428571,False,2
-0.91229634540319116,-0.22243986049676462,-0.34385445558573841,0.2672465759652588,-0.95957457099911225,-0.088294452411905283,-0.31031378602767529,-0.17244463214044359,0.93486266534027396,-1.5225590368970439,-8.2896390053845472,-1.2358593774368256,,0.1964114892018847,0.196969696969697,False,5
-0.76150422390668215,0.59735171229443484,-0.25155963267422082,-0.61003601069277336,-0.7916758304185777,-0.033248235879556651,-0.21901457173057848,0.12814176270819302,0.96727054437717108,2.4604018269396755,18.920192244312041,-0.8386107363250439,,0.1030365566981406,0.4615384615384616,False,6
