axis_00,axis_01,axis_02,axis_10,axis_11,axis_12,axis_20,axis_21,axis_22,location_x,location_y,location_z,dbh,dbh_approximation,score,reconstructed,number_clusters
0.4888114973138426,0.8723747649991257,-0.0050586051953642325,-0.86946373792277876,0.48763849516006841,0.079003205475322358,0.071387173435788182,-0.034219401379148473,0.99686152701270614,2.7344146079841147,9.9705501515622359,-3.8805018325514777,,0.0968598485219733,0.3396226415094339,False,5
-0.98796515560140163,0.15064037048550727,-0.035104559497137471,-0.14253497549403413,-0.97479863320558791,-0.17161411789661518,-0.060071890917583463,-0.16454514116347324,0.98453860485055589,6.3304097419606249,-17.54440768027187,-3.0328060941695889,,0.2423440766373492,0.3,False,4
-0.3210927114169001,0.94644738848248622,-0.033716635502763243,-0.94702728508046041,-0.32111635419844115,0.0048588454837227516,-0.0062283214493757295,0.033490713652953613,0.99941962163594733,-9.5925750935358369,-22.036573897961244,-3.7292476290761711,,0.08621018175047254,0.3157894736842105,False,1
0.74424874539146768,-0.65780042004223449,-0.11572559084095566,0.66541510243710766,0.74520187893595558,0.04355342786666129,0.057589464590684786,-0.10942013993128967,0.99232589734702425,0.11415174930890742,9.4449569756033078,-4.0110895183319331,,0.1640635205952271,0.6065573770491803,True,5
-0.99286600673617376,-0.031748555897243957,-0.11493094390199762,0.043175390006485716,-0.99421570319447428,-0.098341350505801034,-0.11114395334678538,-0.10260197230051926,0.9884937313481007,9.2758042551102555,-18.481758716222288,-2.8584664867034326,,0.1477245413120809,0.2666666666666667,False,2
0.72578884274843636,0.68581779002463683,-0.053707677548101025,-0.6810663640643011,0.72735840542530972,0.084251752488512577,0.096846081397857747,-0.024570489268142134,0.99499604399967612,4.0191058260171619,15.65813912815192,-3.930029685022058,,0.2065410561614923,0.4482758620689655,True,7
-0.44727633404914158,-0.81810714975313881,-0.36144788354942325,0.89187786444745332,-0.43827641102423548,-0.11165868729465997,-0.067065310766535713,-0.37230965480700617,0.92568232403415651,-17.900602401565788,-14.830466614943324,-4.5568418043386361,,0.5426363226988398,0.4230769230769231,False,1
-0.75291272370835483,-0.62176214236118554,-0.2157180307820733,0.65269716616003426,-0.74744888087311023,-0.1237197630461519,-0.084313935768218148,-0.23394873115271267,0.96858616107567252,3.2981514848030185,-16.100403673155064,-3.1951082654874035,,0.1976505316563815,0.1764705882352941,True,5
-0.99367508024264994,0.067863513889760418,-0.089467191681065109,-0.059120013902914645,-0.99352713598566156,-0.096998216562196607,-0.095470722532519509,-0.091095409009795389,0.99125524845846613,2.9439958370278356,7.637810670870655,-3.7633811199623115,,0.6165041483207677,0.8454258675078864,True,5
-0.20654909133169785,0.97792547799563778,0.031610636770796563,-0.97841860465039754,-0.20663151270066657,-0.00067233399821565879,0.0058742611468032245,-0.031067305097796066,0.999500032821381,-12.86327559541542,-7.4676578800000364,-4.4133161750602339,,0.08892791336324035,0.3111111111111111,False,3
-0.14339762168167861,0.98885135166213978,0.0401263804995943,-0.98952113607511905,-0.1439505404939512,0.011232237181698614,0.016883227080294945,-0.038095225520520914,0.99913147805276192,-11.102784263083212,-15.050461214706766,-4.0622024563661716,,0.1439417265271686,0.2708333333333333,False,4
-0.36229032811627404,0.93119894742431131,0.04017758665298321,-0.9292849598941143,-0.36420088779242604,0.061540040996115826,0.071938734128405624,-0.015041065356688102,0.99729563564919865,-16.84984895982732,-23.688741406524866,-4.1927115326228295,,0.3265532560268805,0.2857142857142857,False,2
-0.42345765883456715,0.90487975209852578,-0.043315648632550136,-0.90581021223209002,-0.42365431536306558,0.0049880347140773447,-0.013837289850396967,0.041347978383029602,0.99904898483169147,-15.468486813410095,-14.634418287017468,-4.3668281099516939,,0.1218865443880197,0.5862068965517241,False,2
0.85108988254437656,-0.46993978580228907,-0.23409957187209796,0.52050878141876167,0.81358195375313869,0.25914284283611355,0.068677655001875365,-0.34240473455740289,0.93703915470812615,21.418877172799849,10.830490315912215,-2.8974253902350053,,0.4641853248420363,0.4444444444444444,False,2
0.24089440530346229,-0.93286133749751765,-0.26784251062113973,0.9705488489335744,0.23091493088154155,0.068652942614928616,-0.0021948410436836117,-0.27649235016238155,0.96101361227324866,-6.9932172724920791,-31.83713821208465,-3.1411509833451214,,0.2434866893051245,0.3333333333333333,False,1
-0.85740615325807057,-0.47304311952623163,-0.20269409321460535,0.50061152276242904,-0.85795431758533347,-0.11533643055933632,-0.11934316751570551,-0.20036116391551023,0.97242614751030954,11.258939324833147,-9.0617938060067473,-2.9971341611888902,,0.421899716606545,0.1428571428571428,False,3
0.62614517066615738,0.77967631758265465,-0.0068603973793163325,-0.7757073429148873,0.62379953364634999,0.095667444674371577,0.078869153662102454,-0.05458004785037978,0.99538971010216704,16.570060538485144,13.390749239306361,-3.2107583555651256,,0.2801222227533909,0.4838709677419355,True,5
0.11848949810740431,0.97929157497722619,0.16415922154079549,-0.99223822387241856,0.11049270247024594,0.057049713297529094,0.037729907563682143,-0.16964484630971327,0.98478275786885616,-14.831027945002193,8.6800907393364763,-4.9768912728341483,,0.1938186879362574,0.35,False,1
0.25509143164537929,0.96628238652735654,-0.035024434158269037,-0.96564900365795958,0.25644415916029928,0.041933220326573387,0.049501143779721361,0.023124504742009583,0.99850633149967361,-10.807245867561308,-5.7509208705626174,-4.3418153784872455,,0.07461293702070299,0.3066666666666666,False,3
-0.74062683787221262,-0.66222202608089353,-0.11372719638118406,0.66591081549932618,-0.74599619904679737,0.0072427072806978601,-0.089636336518346571,-0.070368026695708991,0.9934856153938626,-13.865444841468896,12.723397649213188,-5.0279165289808336,,0.3144592750092622,0.44,True,1
0.87763497495301124,-0.4659296125336308,-0.11254531044645297,0.47375116147489649,0.87888913486321552,0.05580076720418168,0.07291562068867137,-0.1022911764701607,0.99207853896550791,13.542393535354844,13.064767782608206,-3.3510927152161929,,0.1255067584580873,0.59375,True,6
-0.6666447035247326,0.74173181090566642,0.07361222692611992,-0.74417670395066571,-0.6567195232651778,-0.12214950290312906,-0.042259585416155321,-0.13621082355289824,0.98977812614115523,-6.6780489308968152,-10.040031232543145,-3.9597908005984697,,0.5432164843017144,0.6333333333333333,True,6
0.81042667236571875,-0.56999121291526533,-0.13534631844868189,0.58304198509839789,0.80728899956568057,0.09135926221659886,0.057189617333451508,-0.15295256905206486,0.98657734582222478,4.5555047938100461,20.332170677144575,-4.0277787875928812,,0.1146728322602632,0.5,False,3
-0.73864738244055206,-0.64777012655217248,-0.18653125089459893,0.67361562882424042,-0.71970448769685136,-0.16812922111500053,-0.02533829152576806,-0.24983857495510126,0.96795591709899698,19.896894602003204,8.6635603869313691,-3.0189266154363099,,0.6846424459923355,0.1551724137931035,False,2
0.020621514618264461,-0.94710048840317185,-0.32027397334364049,0.99948985593113515,0.011714780575321675,0.029711812580717062,-0.024388132884833442,-0.32072329005319572,0.94685890722527732,12.972898608115292,-4.5844605223652435,-2.9813760032540948,,0.5717987349460557,0.4528301886792453,False,1
0.95293918385043486,0.30078122850158123,-0.037915227330825932,-0.2862398691641948,0.93388379012356082,0.21430773165081857,0.099868159006428481,-0.19336938518166258,0.97603003626483442,-4.4420387756490509,3.2469292879885243,-4.1313428944710289,,0.5933827812916627,0.302559798573227,False,4
-0.95885079432200204,0.26871860723791341,-0.091626766570598067,-0.27021166580685108,-0.96279236223200138,0.00406483574207093,-0.087125254030926066,0.028656192207609971,0.99578512378836426,-1.9980812448309857,8.4740953719435588,-4.0935822226383394,,0.2413037637080921,0.8770226537216829,True,5
-0.42903674175565465,0.90037709799315913,-0.072446915966860634,-0.90314026912175049,-0.42903087342613971,0.016436664439483797,-0.016282767405582599,0.072481660139798523,0.99723682263993574,-2.3609703513125813,13.435981117191647,-4.2757096144121816,,0.1702354704728274,0.8,True,5
-0.98990310966262818,-0.079958821346181,-0.11704025106427651,0.10115818412562898,-0.97691204245508734,-0.18817513940644651,-0.09929176836306583,-0.19811473492690976,0.97513675786536524,-3.7490873556489039,-10.929199562922413,-3.7383649158565206,,0.4062826915983185,0.2533333333333334,False,2
0.78675783376855268,-0.59772426539977341,-0.15407080695614211,0.61427715350338274,0.78268773581661633,0.10031693220010933,0.060627466445472608,-0.17356730900305292,0.9829540678779668,1.1106554636032646,9.8558212337728115,-3.9571065805407426,,0.1557166292012747,0.2272727272727273,False,2
-0.98507397453439782,-0.13944729971271791,-0.10091439588996559,0.14226059025763987,-0.98960208269154737,-0.021204772861325973,-0.096908148029735824,-0.035244411406405149,0.99466911197144525,4.0874498648375575,-9.224848563251868,-3.3420894413373197,,0.1926365791974122,0.5765765765765766,True,5
-0.75581842797429399,0.65208136777363168,-0.059400283980276622,-0.652247667026015,-0.7577621665910107,-0.019221855852615922,-0.057545501940537085,0.024215463773545561,0.99804916037269642,19.939224999504919,-6.0740381140913362,-2.5900315719975282,,0.09913947522014582,0.2,False,3
-0.67190056343689741,0.73937066819204844,-0.0433664371423991,-0.73845843968398006,-0.67326304566586859,-0.037363139592677751,-0.056822229036559938,0.0069199969627378247,0.99836032970533972,8.7662466816922517,-15.439522718696498,-2.9461091923805691,,0.2870925982004132,0.6896551724137931,False,6
0.10166393585714247,0.99350429336807333,-0.051123998329947816,-0.99429390986997634,0.10314520267542013,0.0272155830457875,0.032311993771825538,0.048065436898588304,0.99832141559431542,-0.83850568066723374,15.568690454592018,-4.2671222203011014,,0.09840416455335417,0.52,True,5
0.25689078502154777,-0.94237828136583746,-0.21431355389005102,0.96644029485017591,0.25037310719733746,0.057501858076547438,-0.00053015178756293801,-0.22189295167337197,0.97507088815981013,-20.148580569789925,14.863681255681902,-5.5505255027931639,,0.1607147975280336,0.3,False,1
-0.57089023167894115,0.81822563634963341,-0.06775803564009758,-0.82026978783150684,-0.57196067650920113,0.0042964750661166869,-0.035239445858611093,0.058032685164280617,0.997692532250394,6.0257230814600868,-9.1719063512320727,-3.2375647951564201,,0.07546938877012689,0.5,False,4
0.65536949596626404,0.75374830268307513,-0.048521335094040885,-0.74932430367408709,0.65690467509052775,0.083602247383385148,0.094888943930626662,-0.018432147096616822,0.99531720786548206,-2.5888024139809938,-15.63073565016577,-3.5304773896773787,,0.2046652075631147,0.25,False,3
-0.44708585418676028,0.89419772459516678,0.022905639369424469,-0.89441344729205818,-0.44656316352013947,-0.02461557007307618,-0.011782371969695969,-0.031492385043250845,0.99943454282662048,4.2225421340030076,-12.127328921942372,-3.2430662551920375,,0.144328854884095,0.2083333333333333,False,5
0.56860892925701934,0.82217391521562344,0.026719631513191899,-0.81657572588507266,0.56021500427362669,0.13915183391522085,0.099438269617158709,-0.10094157778495058,0.98991051535471219,-1.3776002483154872,-14.029721708153641,-3.4756047297680257,,0.5802612312223994,0.4814814814814815,True,4
-0.94986387849886111,0.30290800345419827,-0.077494217632626344,-0.29809648166912867,-0.95212406196608523,-0.067810458202916674,-0.09432443977881988,-0.041309951205419658,0.9946840644103121,-12.965533500885115,-14.605075141830204,-4.19863646055832,,0.08833774342406142,0.25,False,3
0.61524777782899043,0.7872874369343219,0.040603737782064497,-0.78519706339353046,0.60739627551430431,0.12056258179686935,0.070254846912256377,-0.10605779620912775,0.99187499229923015,23.858297310107417,4.2973784735291591,-2.6503542632172921,0.5291614765987714,0.3573182270834418,0.3636363636363636,True,4
-0.060823943257342035,0.99813803183644156,-0.004573546578139992,-0.99751476224954783,-0.060947940917775764,-0.035350354907858587,-0.035563281919078822,0.0024120322464880745,0.99936451561959427,4.0536515646217159,-8.1218366068463688,-3.3748045555425881,,0.173525572349527,0.2325581395348837,False,3
-0.59158795332280323,-0.75567216652458069,-0.28103962393830584,0.80443447138184376,-0.57655935629682287,-0.14305415030402951,-0.053933984981191826,-0.31070707331285652,0.9489743093769234,-15.976749947596222,-20.215931655626065,-4.2109837727617156,,0.3830092197508733,0.3846153846153846,False,2
0.28660454015520154,0.95583528038904242,0.065090355092188468,-0.95638552162840262,0.28144391994389595,0.078205204086322019,0.056432008488046179,-0.084665439762724601,0.99481012848070194,5.8226241887619716,-12.690156156255183,-3.14706952467172,,0.5414856104769533,0.4090909090909091,False,5
0.17690749332973388,-0.96196577084449086,-0.20814801110593145,0.98422412781721036,0.17345775653107318,0.034860764788780967,0.002570024560571614,-0.21103142520196311,0.97747589870594076,9.1213981815818457,-7.1616308282946131,-3.1265499216407537,,0.2752303809108577,0.4363636363636363,False,5
-0.98919815675694489,0.11883983057404605,-0.085814342261630788,-0.10994126945336655,-0.98870202110153615,-0.1018883248499128,-0.096953204896210246,-0.091353205411037156,0.99108761869043849,-17.189020619282843,-22.61531132447163,-4.2375963910542946,,0.1481852959197155,0.5833333333333334,False,2
0.61055488226636945,0.79145693336849676,-0.028612206549567885,-0.78782625728075695,0.61065343006297579,0.080200852185730129,0.080947662595622,-0.026425574265430934,0.99636798671226301,-10.817316182734967,-10.797822045407417,-4.190293943533776,,0.06549136296553369,0.3076923076923077,False,3
-0.021307927996124795,0.99912303645698031,0.036043449134293221,-0.99942449925552868,-0.022238416893721129,0.02561489999780913,0.026393985912488985,-0.035476905657701827,0.99902189499159977,-16.00229857746837,4.876265201142715,-4.9842183797465553,,0.1522494359703751,0.2051282051282051,False,4
0.10283770103920697,0.99301042862064981,0.057919736667268296,-0.99412295900872838,0.10062393016328916,0.039929526045589463,0.033822324235666855,-0.061685600662784557,0.99752239927440756,-16.859640466042315,-9.8274017170603933,-4.624156525391566,,0.2760417363572155,0.360655737704918,False,2
0.92365431254996644,0.37537601658813763,-0.077172255884297852,-0.37004883161992419,0.92597577062027281,0.075051545226737459,0.099632189198964771,-0.040764180288756641,0.99418897020677499,-11.163995834265727,-22.595122255781757,-3.8230979961643947,,0.247262378535074,0.3043478260869565,False,3
-0.94721755810049146,0.31037438962915564,-0.080290945245847845,-0.30922392479452021,-0.95061428641531209,-0.026702861228343706,-0.084613603875591775,-0.00046553779262502662,0.99641372999058397,-19.017708038898288,-17.226702288829337,-4.5595802010423006,,0.1111570749662266,0.4347826086956522,False,2
-0.38953014903842081,0.91862643808007649,0.066270130906906158,-0.92091598228456806,-0.38743106098286073,-0.042554982769882774,-0.013417025115720738,-0.07760567148094015,0.99689384750385412,-11.93776109047448,-11.820364345890955,-4.2265230353836323,,0.08530940559151769,0.375,False,2
0.44958180755909527,0.8930853912983876,-0.016573537983932837,-0.89140068196942301,0.44976906426224667,0.055790796885442778,0.057280210337832746,-0.010308864247395799,0.9983049157554944,-2.1002194302230901,-8.4112322028396758,-3.7273056213702986,,0.1349096306108179,0.2941176470588235,False,5
-0.96055104745038311,-0.24503636666897494,-0.13152514684135591,0.26609690489510207,-0.94726285069456329,-0.17856519509483701,-0.080833918915388284,-0.20651941967688636,0.97509774220285395,-4.8196934532493794,-13.92375363859097,-3.7333449867266193,,0.5675653818376436,0.375,False,2
-0.99019926856923157,0.11621561248597315,-0.077455406134564198,-0.09304824466509086,-0.96253998791950635,-0.25467390094130793,-0.10415100906714997,-0.24497082085511293,0.96392005075102982,12.951637006513067,-10.487277445095231,-2.8628611797234731,,0.2475918880446886,0.2,False,3
-0.58292410540875517,0.81252644184285794,0.00051830453372808671,-0.80915042151251848,-0.58044374842949709,-0.091436591555191682,-0.073993801764193387,-0.053719979665873746,0.99581076570058324,15.927835577223501,9.6592683968136175,-3.186898175335088,0.5948267637508402,0.5249137291594126,0.6935483870967742,True,4
0.80995622015486879,0.58104503189076684,-0.079734511646430736,-0.57691949972069168,0.81380183922678972,0.069931804732325853,0.10552161993858844,-0.010641305660070537,0.99436007076882582,4.6741740774279572,-10.663887979875261,-3.2680875110220544,0.9196190835417781,0.4873441105425723,0.7857142857142857,True,4
-0.34635164672323071,0.93686347337162801,0.048242813704800894,-0.93806232649009602,-0.34538860159188334,-0.027309073773973607,-0.0089223557480880428,-0.054713308732455668,0.99846224035536368,-9.2799216436392982,-15.147854821547565,-3.9474862973333775,,0.1797769681739755,0.15,False,1
-0.6004887176578021,0.79921782136927588,-0.025771572932920865,-0.79880103143163417,-0.60102215567816497,-0.026254153342447174,-0.036472073555606686,0.0048210361666354007,0.99932304359543034,-13.805550823075659,-11.966750083849723,-4.3387810774804567,,0.07476411324821658,0.3181818181818182,False,3
0.60711166877953804,-0.77035800685001432,-0.19484343179537406,0.79411398921554788,0.59692442782089938,0.11429872966424959,0.028255862469474199,-0.22411998740131581,0.97415185545341987,4.5470725756072872,9.9270016925470586,-3.7537097928474408,,0.3546213429206861,0.475,True,4
-0.49720519135110008,0.86668827654958647,-0.040477512090353267,-0.86729085843187625,-0.49777798456045597,-0.0048626091175738,-0.024363180704001883,0.032688061711260263,0.99916861742528018,-9.191793934170768,2.0971956620145642,-4.4161166271460122,,0.4481706630489161,0.7807785888077858,True,5
-0.85743477394081513,0.5145318728244993,0.0079095059755387442,-0.51094485329019468,-0.84942917963194742,-0.1319296239896805,-0.061163431340346464,-0.11716236869195792,0.99122752888989352,-10.606760929598437,11.326704544186436,-4.7747450165254861,,0.3382171651966367,0.7096774193548387,True,3
-0.18498451848363429,-0.97393885928859136,-0.13123957592516419,0.98181892865197662,-0.18894049467602994,0.018250501698946545,-0.042571343202489377,-0.12547743956271998,0.99118267382895731,1.5921124989358915,-4.880765356008876,-3.5781174913331308,,0.3663233847147378,0.9448275862068966,True,5
-0.98678906757609042,0.13840103110696722,-0.084216926450912361,-0.13481098809373854,-0.9897586168234549,-0.046945478088001764,-0.089851731210366645,-0.03497191748030784,0.9953409623773406,-1.2348545876028623,5.1691538442627207,-4.003008502929676,,0.123553536469727,0.2804878048780488,False,6
-0.92210745585418874,-0.36231010630356264,-0.13582793059020476,0.37390056337706634,-0.92468457173120111,-0.071810942819312079,-0.099580161500314734,-0.11700354555562503,0.9881264907707844,3.4990562819202697,-10.316243028425575,-3.3310211371575269,,0.07847063903662446,0.2857142857142857,False,1
-0.38134537298878185,-0.88414136313813718,-0.26994398768685973,0.92304793779993743,-0.38015502060438933,-0.058861403589782979,-0.050578760595034383,-0.27161776506243651,0.96107522009422186,2.9655666466782202,11.307441108082937,-3.8932152254800996,,0.4954791666354592,0.5238095238095238,False,3
0.81482478698947014,0.57465971355557799,-0.076333348700195675,-0.57165709484354699,0.8183811827152857,0.058825213068598975,0.096274256281731377,-0.0042957413505980493,0.99534557525698009,-2.164810449950386,11.110034202143344,-4.2063167286784422,,0.08552704645892037,0.3181818181818182,False,5
0.915834615153437,0.39200717401160956,-0.087047878837954104,-0.38879403171061,0.91985987431605332,0.051932769322111431,0.10042986902791724,-0.013718132040703289,0.99484956363278809,-5.8880316182031178,9.2492957556352806,-4.3872477587063745,,0.09209535126056849,0.375,True,5
-0.7781141367902864,-0.6136862011695976,-0.13389412466996536,0.62133313519583611,-0.78327018754549882,-0.02080741238483767,-0.092106054278863897,-0.099383397992159173,0.99077717725465975,-16.491511371505133,-18.615305090331262,-4.3201543538405289,,0.6791716391271502,0.4333333333333333,False,1
0.89544259581106977,-0.39829057151862773,-0.19886472348432899,0.43125472641232449,0.88692202280510002,0.16549527609675516,0.11046229471708821,-0.23395287154184485,0.96595244983547734,9.6484695232532989,4.3775723961945907,-3.3619734887576835,,0.3149308440846648,0.2162162162162162,True,3
-0.99422105005687067,-0.062757098427785207,-0.087097934652549946,0.080536748359443924,-0.97248122299665185,-0.21861862473866339,-0.070981235460522887,-0.22436982309540243,0.97191555533216811,-8.9997434138926131,-16.211669547313104,-3.9094773436208263,,0.4269151951856903,0.25,False,2
-0.92134330281036281,0.38597135728502185,-0.046396440833880587,-0.37621070837997728,-0.91531986407500554,-0.14371864642401239,-0.09793886494507377,-0.11495937449931025,0.98853038443337671,17.003357462272895,5.530258706808473,-3.0367091975080296,,0.2272628778757538,0.2692307692307692,False,7
0.084182748163170298,0.99368548903085097,-0.074178256930287872,-0.99592229504362406,0.086327845291566035,0.026197048733725508,0.03243527627041299,0.071670440328178375,0.99690084804679957,1.333778253767123,-15.104521181728687,-3.3218269426238805,,0.3756076191183185,0.8444444444444444,True,5
-0.39400365776729485,0.91803341219945733,-0.04444965412031246,-0.91907381350996131,-0.39395001715459094,0.010330019562234694,-0.0080276388964072611,0.044922578613882477,0.99895821681611408,3.8300419272719046,-6.5569963506744982,-3.4138696534597495,,0.1478280873351898,0.5483870967741935,True,3
0.18505088073067835,0.98270465186610734,0.0069093227970903059,-0.98174664975802828,0.18454706694101494,0.045998867076885587,0.04392820540027445,-0.015295335373331234,0.99891759694487814,-14.324310135330883,-5.5196972202986556,-4.5795873332700294,,0.08500169276149748,0.16,False,1
-0.97884137484748202,-0.16934298646276477,-0.11485867761106737,0.17927562610732645,-0.98033868594577667,-0.08243973994339307,-0.098639813313475516,-0.10128678973084343,0.9899551370923344,-4.3464748883838755,-12.758317714607941,-3.7436732567481581,,0.1255244245124215,0.3043478260869565,False,5
-0.44019020641225459,0.89470579938501615,-0.075723937599398064,-0.89770101647810618,-0.44031816789933681,0.015899560747034944,-0.019117196261844112,0.074976286681805726,0.99700205077145942,1.8719074612202664,-8.2375447141816931,-3.5065258897902312,,0.6751939627395389,0.8318965517241379,True,1
-0.96685234599295766,-0.23398535105974963,-0.1022125067560757,0.23482837406380427,-0.97202911928039548,0.0038763391917109495,-0.10026053950814889,-0.020254549129144692,0.99475503389382791,-16.568094071480367,13.797512132208814,-5.257479004459352,,0.3456902642075733,0.8333333333333334,True,1
0.55941208388176333,-0.80835310169387298,-0.18336680012739134,0.82835216242838339,0.55316393856594159,0.088557055452609584,0.029846530908708334,-0.20143217233627497,0.97904763139522732,4.3291483077510442,-18.241220638798236,-3.1011416043239075,,0.4148872268945908,0.1666666666666667,False,2
0.90532629419052979,0.41817913824778091,-0.074232805292442194,-0.41302193168600582,0.90757897800901632,0.0755862594819324,0.098980730415584639,-0.037770451552146013,0.99437226831601877,-2.8253129661911429,15.513867214673411,-4.4151208225872773,,0.1212626955096965,0.48,False,1
-0.53541360336590127,-0.83326963883707139,-0.13781865738382257,0.8429164914062135,-0.53745780306806157,-0.025117691707105122,-0.053141902922098735,-0.12961797295742161,0.99013893936165776,-1.2171633208564396,-11.656385906332559,-3.5608197559256838,,0.4687225987612184,0.9296187683284457,True,6
-0.66069678026960199,-0.73416702520665511,-0.15645620358615042,0.7473802178383524,-0.66281066437200642,-0.045878460944491738,-0.070018387051381109,-0.14724402294812922,0.98661878310762585,0.26685287728009288,-15.308343145153586,-3.3882474064006671,,0.2226980586967199,0.2307692307692308,True,5
-0.80034883063511075,-0.55221576631142077,-0.23345127272752667,0.59219890520889262,-0.78888713547167832,-0.1641875274089945,-0.09349976454730069,-0.26965688369552276,0.95840646862655277,-7.6338331552569239,-18.244362092784641,-3.7418656662055438,,0.2888417324576047,0.1578947368421053,False,1
0.83394307972953641,-0.54132066444537685,-0.1072887599687586,0.54827247049754324,0.83482992278258739,0.049561054481738344,0.062739444257490104,-0.10015457189383331,0.99299185488251951,8.0214843616748048,18.002852487737353,-3.7392177829203228,,0.1948545151865103,0.5,True,5
-0.97518132473835217,-0.1895646444992371,-0.11439680693721604,0.19365991479899602,-0.98073170833811818,-0.025712908436079308,-0.10731831754923496,-0.047228823996310239,0.99310231945269745,-23.370154802322826,4.6376260536168896,-5.5201923987449746,,0.1020720771484151,0.12,False,2
-0.041630598806346536,0.99845090765761513,-0.036914471968478621,-0.99880928651755563,-0.040648170578656551,0.026976571222115036,0.025434276268815278,0.037993568222727113,0.99895424638187946,6.1548398115518248,11.32846006642969,-3.7034751272015143,,0.08650590582259399,0.2857142857142857,True,5
0.98049937546963573,0.17387231508629464,-0.091593628327458834,-0.15862428468397274,0.97534320193671542,0.15344045993262423,0.11601427072629625,-0.13591930136065877,0.98390377197441314,-4.2417856920422707,-9.5923538286521115,-3.7984144752456794,,0.151218660730318,0.1549295774647887,True,4
-0.21628743297046468,0.97424372424254502,0.063788024840581145,-0.97630096036885416,-0.21531737565164513,-0.021791340604493732,-0.0074954067200838567,-0.066989503032222772,0.99772552606495724,28.803694304409159,-1.0651780654629261,-2.3585655487126602,,0.2956978715549693,0.2,False,7
-0.98933498560749922,0.12508131973674835,-0.074638794912052636,-0.11915056907974486,-0.9897092071696979,-0.079239050546445519,-0.083782027553545579,-0.069500710042722111,0.99405745465872108,-18.28998957205107,8.1451519729160697,-5.2219141745473827,,0.2205958933092932,0.6410256410256411,True,5
-0.97874378502154291,0.16047654717707888,-0.12770231434013685,-0.1486750643046853,-0.98409948719870788,-0.097179856705173831,-0.14126686991542647,-0.076128030983095993,0.98704011790956858,6.7696113401067075,-6.7612836931641205,-3.2388797183864821,,0.3430149781866367,0.2631578947368421,True,3
-0.72922566169276803,0.68362864751128116,-0.029695229088898045,-0.68095364460633268,-0.7292737672793429,-0.066797501866073319,-0.067320637445719769,-0.028489378022206052,0.99732456457956087,7.5800687966844951,-12.034405719470898,-3.0872848660311631,,0.120277039906869,0.1875,False,5
0.7131542216561173,0.69949055694711204,-0.046087057574515783,-0.69541715123631842,0.71422283135320652,0.079251075325023207,0.088351807567366922,-0.024468508651493276,0.99578875781159082,2.7290121971423114,-9.5085535516350443,-3.4098052188196064,,0.1007213108261018,0.3571428571428572,False,2
0.99322632142686307,0.057096839207727054,-0.1011999277536736,-0.049660518978868633,0.99598089331974804,0.074537862839942293,0.1050490708174576,-0.069007326382664519,0.99206989755052299,11.29294737939261,9.8210019284912651,-3.3868667865485191,,0.1582159027051193,0.4883720930232558,True,5
-0.97468165465285139,-0.17989891931997637,-0.13278573308411185,0.20320026394117327,-0.96046716098321827,-0.19029578399711095,-0.09330233018214433,-0.21245990563007935,0.97270522959540062,15.711510572831823,2.3197818017440812,-3.0488559856580646,,0.1215900416556325,0.25,False,8
-0.54680972153361829,0.83556065168692817,0.053268431447183837,-0.83632330510366737,-0.54208970553423641,-0.081866235373832197,-0.039527936662640102,-0.089314884013367749,0.99521876676280263,15.410470928209355,23.40833206549943,-3.5165070058454679,,0.4465635409355027,0.3076923076923077,False,4
0.90052211650957836,-0.41039569105908935,-0.14364990232242808,0.42419728103630677,0.90175944173475531,0.082985396327476271,0.095480806649897776,-0.13566608272651015,0.98614305734975882,-18.905276948783502,5.8599598727165905,-5.2259335046945008,,0.1050377207628152,0.2916666666666667,False,2
0.13746096489762985,-0.98032884363685369,-0.14163276973583236,0.99047450992278319,0.13488250639379262,0.027693946308762755,-0.0080453913911465308,-0.14409048477453051,0.98953181044108196,7.2298992423775461,12.798751009259691,-3.6793779789234509,,0.1066424800370494,0.25,True,5
-0.81418775891016293,0.57697999921837739,-0.064748542399093251,-0.57618654054212015,-0.81668312992742631,-0.032213906780227841,-0.071465822173606947,0.011079070082943752,0.99738151700698097,3.0179764589428784,-12.580182134757631,-3.3017310749321553,,0.07229844505105323,0.3333333333333333,False,5
-0.31281223105575334,-0.92853687655155925,-0.19991942623416153,0.947637621323422,-0.31934733692360168,0.00046588870980295276,-0.064276331214595014,-0.18930543384614706,0.97981222995118489,-20.802532562665508,6.8091563138275824,-5.3776950643091554,,0.2627912762240115,0.4642857142857143,True,3
-0.67022663699181606,0.74180536431886968,0.022826662795731908,-0.74075176577748625,-0.6667500750111387,-0.082043640644340443,-0.045640733606913175,-0.071896724128366979,0.99636729397117041,-8.9274764657896863,-4.0832552636012149,-4.2815007097106257,,0.5975324644020966,0.4254859611231102,False,1
-0.34374913444236588,0.91742948590517392,0.20039877984132901,-0.93902336919321017,-0.33389342646202436,-0.082160159898102242,-0.0084643179971726282,-0.2164216212794321,0.9762633031941873,-18.896987294123811,9.8390020568647021,-5.2811172484221629,,0.3238558470034808,0.2173913043478261,False,2
0.35987009288462191,0.92991865241270821,-0.075794565386630278,-0.93116424631229056,0.36307090949326798,0.033356574605269709,0.058537702695607152,0.058573155751297942,0.99656536302866583,-3.7394011511624257,10.09017907048537,-4.2796771518897234,,0.09665112351810018,0.3448275862068966,False,5
-0.50406823857879612,0.86352709670866246,-0.015367631762242928,-0.86310602034365369,-0.5043023351254462,-0.026965764101244478,-0.031035600567925394,-0.00032868972002936259,0.99951822567697957,-8.6233483347889539,8.989891563441951,-4.5826402812005327,,0.1336403846659769,0.4745762711864407,True,5
-0.812771239605111,0.57745371449660154,-0.077137018900455614,-0.57906994120862898,-0.81527605121206248,-0.0017214844470726976,-0.063882041759843938,0.043268555951687548,0.99701901526823933,7.3605646678131054,-4.9688882100139882,-3.2630101655900141,,0.2610983246504486,0.8382352941176471,True,5
0.15616449525145076,0.98545222485614259,-0.067056416165338015,-0.98687648875894818,0.15849283720208157,0.030900105023201827,0.041078538894050637,0.061350901229842394,0.99727058542835656,18.38240642998996,-5.2560817214688003,-2.7426970320878103,0.423653081224092,0.3567326695843455,0.8875,True,5
0.25365719103601997,0.93959757086357087,0.22981391224857123,-0.96599138231615256,0.23373568608150253,0.11058154612293454,0.050186439668953198,-0.2500480631384438,0.96693189387571032,-11.901172893437215,9.7561377319159934,-4.793371485622723,0.7970638621369706,0.7640576765720697,0.2203389830508475,True,1
-0.83262497801004498,-0.5365604779430112,-0.13725341344877309,0.54541527561291281,-0.83743921987263026,-0.03489599041739426,-0.096217582186744352,-0.10391538157889726,0.98992109299148157,1.679420493924713,-12.819601009056552,-3.3702364931386701,,0.0689334348238511,0.3,False,5
-0.19414164881402121,-0.91694993466769503,-0.34858548092065311,0.97737206772471863,-0.21122597023621717,0.011288522014689039,-0.083981315941587309,-0.33850613998962925,0.93720901178021154,-11.106309666626359,-3.6707089178754635,-4.4106792669681907,,0.2895289491922975,0.1307692307692308,False,2
0.89988348110489347,-0.4241362660839193,-0.10157828619804352,0.42985375884770388,0.90191284341454314,0.042177824604828093,0.073725615894619345,-0.081618935770361084,0.99393303742489347,10.777929596969898,-7.729432842711998,-3.0368068717059438,,0.3980261757648,0.9798657718120806,True,5
0.081807323751823618,-0.96342584966856137,-0.25518266784986576,0.99581454594404384,0.089484192830402695,-0.01860025052919748,0.0407547772269942,-0.25259297580079682,0.9667139373720004,11.619280473866631,4.9707153375647994,-3.273691660741239,1.12952358891274,0.4975263661361408,0.7021276595744681,True,5
-0.78050761326914098,0.61965496868208736,-0.082677599242557284,-0.62228596841337114,-0.78274869146195281,0.0080411149995395382,-0.059733065757118668,0.057725261387060613,0.99654390523100045,-4.2718747074914649,9.1394029049654595,-4.3173250338951066,,0.09427881226302598,0.3055555555555556,False,5
-0.92583140311535839,-0.36023852137990048,-0.11429969693516417,0.36403654076594127,-0.93128575331232122,-0.013573601757450945,-0.10155594513673062,-0.054176133043302523,0.99335358086426617,-15.049116151029777,-11.05953104394688,-4.4544804750432956,,0.5127677130851095,0.9617224880382775,True,3
-0.99518019630746823,-0.0087553126508576103,-0.097671497264118029,0.014997822731191865,-0.99787781686858101,-0.063363458830133723,-0.09690945356750616,-0.06452291919915,0.99319955230923607,8.9080388190573281,-9.3870798383820429,-3.0992529797253963,,0.2327284207413734,0.5,True,5
-0.56905891455683455,-0.81195509032966073,-0.13000339630621724,0.8187562156019178,-0.57413800564120943,0.0019518943521490827,-0.076224741236848428,-0.10533034589371112,0.99151162729303799,15.364472477729484,5.5823321511930493,-3.1129908024151183,,0.08944461650912687,0.3888888888888889,False,5
0.34673664018775613,0.92932217409312234,0.12701967993244537,-0.93481616967586167,0.33130741692929055,0.12788324518948427,0.076762173391971555,-0.16308185744121115,0.98362181579592234,9.6709660652099352,1.9011265785635159,-3.3015208657346169,,0.4373498580237359,0.2,True,5
-0.70097375629788106,0.7131234350613832,-0.0095267700660680577,-0.71137431684473862,-0.70008147138776133,-0.061907307753026955,-0.050817067165666627,-0.036618298510442168,0.9980364351559915,19.001108427584423,-6.1817534273004959,-2.6690379174837275,,0.1111278602527038,0.2777777777777778,False,5
-0.73754807276478129,0.6745547848956388,0.031601938791122539,-0.67413757588427436,-0.73273939045216863,-0.09290594416215367,-0.039514163812913901,-0.089826654475079287,0.99517325275752022,12.111241585289415,22.045618915745234,-3.6144378757302773,,0.4256619410220747,0.4814814814814815,False,5
-0.98063802579302084,-0.12811387714314698,-0.14810772043386852,0.15447932045491086,-0.97090199742557526,-0.18299030287645557,-0.12035448442229019,-0.20232682935878429,0.97189436267583418,0.33884336712662039,-13.687272021523714,-3.4230353516745282,,0.3705789581536247,0.1764705882352941,False,4
-0.20074269575803236,-0.96969881542741432,-0.13923569031849917,0.9787363796326688,-0.20463736239319757,0.014094293039854587,-0.042160043682807569,-0.13344570907835912,0.99015896372513801,-13.681419538383095,-3.203525045201316,-4.5943343186492012,,0.2349911308000757,0.912,True,2
-0.46523350166484034,0.88515337781930237,-0.0078285799320180482,-0.88490141752815754,-0.46528971937524582,-0.021329751530757821,-0.022522659375172071,-0.0029957935152201826,0.9997418441957332,-5.4473236157331479,-15.065337251066689,-3.7076334338064831,,0.09494747776654233,0.1428571428571428,False,4
0.99429510202492555,0.064544232045441824,-0.084919327593358199,-0.040621595073615159,0.96527775383301484,0.25804794897221339,0.098626244493639589,-0.25312625321122845,0.96239283238827511,13.478394464687616,3.4267287836017974,-3.1683424655245598,,0.3225957898510779,0.4,True,5
-0.78292183057688558,0.61849757427826346,0.067038480129273506,-0.62211693061594087,-0.77801557665837928,-0.087534491018860003,-0.0019828885847693462,-0.11023843743828314,0.99390319199810739,4.1562024466801715,23.194332886271983,-4.109459020707722,,0.1632959968708516,0.25,False,2
0.65774948238426523,0.75092139306735084,0.059014234359356113,-0.74715808128124483,0.6405023837127457,0.17751478257998693,0.095500890044861467,-0.16085321846975992,0.98234709859018754,-5.4302194343762498,16.699293363731719,-4.5973769511644793,,0.4503180940936203,0.4166666666666667,False,2
-0.69596680070540862,-0.68454149984443513,-0.21687126897449888,0.71284122068608646,-0.69502634013179121,-0.093785823095914767,-0.086530956348860807,-0.21986659935910952,0.9716846567069034,-15.249564622175047,-6.5620581882813429,-4.6083114271055168,,0.4082506579628646,0.3235294117647059,False,1
-0.93500069905076533,-0.29575156713720419,-0.19571587393583162,0.34141988484672287,-0.89995621884384935,-0.27112961180131268,-0.09594871028747054,-0.32032766770943755,0.94243515972930558,2.3232342371601367,-11.124852883308483,-3.3733441050562565,,0.4304355653195017,0.4918032786885246,False,4
-0.42886794999257544,0.90237903504026862,0.042241668870422841,-0.9031904103922751,-0.42738996635440585,-0.039810792946294145,-0.017870759485780884,-0.055225843401187899,0.9983139497052157,11.00972555426039,-5.5417973980216084,-3.0557923649622651,,0.963829347175933,0.5969387755102041,False,1
-0.89756381986966649,-0.42843575569548192,-0.10402880611934366,0.43049412383372687,-0.90258860921432627,0.0029345972775887399,-0.095152501835770759,-0.042149801401563811,0.9945699551244267,-5.5015913934071516,24.371357535025023,-4.7102328287375359,,0.4270467083952163,0.8648648648648649,True,4
-0.61559804166058008,0.78555370620666709,-0.062804663589811335,-0.78708960116710514,-0.61683850974517063,-0.00046111816836156595,-0.039102568179941663,0.049149034174921329,0.99802573193350408,17.183906440703016,8.6516205375140203,-3.1396402891601487,,0.08903486102278951,0.2,False,1
-0.75598857229931615,-0.61166828650251781,-0.23311624962648358,0.64827549863580081,-0.74894129013158972,-0.13720722212964948,-0.090665078290083273,-0.25485064493366516,0.96272062009471338,12.076542650210314,-4.7508802030105244,-3.0300095632509163,,0.790563911901047,0.4098360655737705,False,1
0.58015701457867064,-0.80141223279421747,-0.14545195620187473,0.81375444479311476,0.57796852596990678,0.061286920037013901,0.034950565297492991,-0.15391821242452466,0.98746526109500454,-16.847212894260434,8.5752877945359085,-5.1200539963058231,,0.6705830073856194,0.6981132075471698,False,1
-0.53424758411996087,0.84295435507578154,-0.063304613739911267,-0.84485703708363202,-0.53495015683171077,0.0067019844818682981,-0.028215346041695212,0.057063867416272798,0.9979717477380039,4.0486940108135858,14.832874133289446,-3.9317865525965243,,0.1279643236847909,0.3958333333333333,True,3
0.61760733811690693,-0.75709309631093558,-0.21300520984818666,0.78582509195650041,0.60513101750569942,0.1276533450563504,0.032250593106287667,-0.24622448125813645,0.96867610896184242,11.959526642153854,-10.509122243102567,-2.9100958493712419,,0.2357043224518149,0.4,False,3
0.96485055448809764,-0.22211917613654525,-0.14045098467591988,0.24669412811411587,0.94973653302540073,0.19272396060404801,0.090583743894968594,-0.2205982534593528,0.97114931700159079,8.6538770657805291,-5.3743591011771947,-3.1676502480524444,,0.127157529448525,0.2727272727272727,True,4
0.65283172381867427,0.74844539848566882,0.11679137751378164,-0.7512477291454247,0.6199262912900968,0.22653530148996345,0.097147258477946502,-0.23562868851847046,0.96697545538513263,-2.3373744567547088,-10.041830901848538,-3.6717129895083911,,0.3228176590787424,0.3170731707317073,False,3
0.46739089097138647,0.88024178154586752,-0.08197658847458951,-0.88121751701695594,0.47130358382253063,0.036450234272371616,0.070720879091295402,0.055202698276419042,0.99596747906925065,-2.0797739391473709,15.417519610014379,-4.3537644462956013,,0.1979814352991474,0.4285714285714285,True,4
0.11432102632666381,0.99338140061508795,-0.011139831759297641,-0.99279798207544878,0.11464379967402021,0.034770188138997217,0.035817170833782344,0.0070846388976693597,0.99933324680266422,13.070895362984942,16.675906230017137,-3.4335192904796878,,0.09735949567973282,0.3333333333333333,False,4
0.37011336748349993,0.9289614436288014,0.0068360413338191955,-0.92432573852602007,0.36751029059338991,0.10275269050633326,0.092940972172406461,-0.04434887325576567,0.99468344368074824,18.963146209344611,18.048632068790415,-3.1892511697189891,,0.2605373839255753,0.16,False,4
