axis_00,axis_01,axis_02,axis_10,axis_11,axis_12,axis_20,axis_21,axis_22,location_x,location_y,location_z,dbh,dbh_approximation,score,reconstructed,number_clusters
-0.92661770526897069,0.32748324011539148,-0.18475485305017894,-0.31658480243749415,-0.94460763264091729,-0.086547577794738345,-0.20286372555900972,-0.021705939280488959,0.97896637381080254,1.9997254961739026,22.048889357629474,-0.30019176990834895,,0.09761119150773566,0.1764705882352941,False,1
0.96510847078738882,-0.072363088760475341,-0.25165298130455721,0.094044419565588566,0.99272315556355517,0.075208932690936967,0.24437939103574141,-0.096251336577638791,0.96489087126162543,7.3023166449174415,0.20217232267119098,0.72340786543344826,0.7195049725767052,0.6727486991369478,0.9299610894941635,True,4
-0.28625103624275372,-0.89686468849966439,-0.33718551981416778,0.95505321193810799,-0.29536502395980496,-0.025156807983694792,-0.077030556382868598,-0.32923127607143388,0.9411020456038347,11.782346790343142,-7.3393310571153174,1.7927723187812665,,0.2710448325380316,0.2608695652173913,False,4
0.96045246174786703,-0.069964246074302308,-0.26951080311133457,0.14530197601404157,0.95161356743762104,0.27077472931398133,0.23752558701932924,-0.29922670759793379,0.92414553668306165,-26.167284344458817,-12.931441254533482,-6.7761493216777744,,0.4709279627575718,0.64,False,3
-0.026386803889082669,0.99809838451899202,-0.055707731968712676,-0.99744440866856843,-0.022586293158713008,0.067782822139239585,0.066395694109860792,0.057353937806636363,0.99614363302775932,1.6552717157289001,-20.726529697651134,-0.50367203306203057,,0.2887279862800824,0.3448275862068966,False,2
-0.72547254555562457,-0.57513409770531931,-0.37803485990280156,0.65715776420806871,-0.74207940193264876,-0.13214323353216123,-0.20453180336098076,-0.34429483133496386,0.91631207049232655,-14.730688207941888,-4.8381870886963254,-4.370794194180144,,0.705026408319651,0.8975903614457831,False,3
-0.96493917104275939,0.14845917283460919,-0.21645385233018152,-0.15045666934618127,-0.98858953150179396,-0.0073163415938457821,-0.2150701904880504,0.025507101096118059,0.97626543570747504,11.000789847351722,-5.9865334071681096,1.6574163888335076,,0.08298965175705814,0.1428571428571428,False,5
0.66991506729888384,0.74108791615252756,-0.044749336739623974,-0.72407382701281509,0.66547981439616033,0.18125592312050967,0.16410635466351747,-0.089024250426252838,0.98241731824876521,4.7184321090505525,-10.18330391071332,0.025510129627455354,,0.3017458364170155,0.4827586206896552,False,5
-0.74427978303851527,-0.5897610112914039,-0.31341594426685071,0.64358382490378119,-0.75873309779772247,-0.10061782460623614,-0.17845858029907091,-0.27659724486482695,0.94427035283907312,7.4741100879145534,8.209223964759655,1.0399335588740215,,0.07569388166908485,0.3076923076923077,False,4
-0.044042494770736969,-0.95908205757431142,-0.27968172177207906,0.99847507157035209,-0.051584795400537918,0.019660629086195189,-0.033283480992076286,-0.27838932400957778,0.95989144916002889,0.77511711424709384,4.0151462817993435,-0.81618567581628432,0.4724581666110748,0.3835451742401255,0.8011904761904762,True,5
-0.18838921874580314,0.98194736238617153,0.016996463255244176,-0.98170161304452042,-0.18779621505580232,-0.031536083404600686,-0.027774902450468104,-0.0226265135086203,0.99935809181709789,-11.955947463693191,-10.085323447314819,-3.817589102004737,,0.3825178851963556,0.2727272727272727,False,3
-0.48711909871956011,-0.81606819285500176,-0.31104290423190162,0.86367499989820673,-0.50296966352348127,-0.032969866938000816,-0.12953948515212169,-0.28470023214856821,0.94982382555981149,-1.1427845361869819,-2.7217975832692751,-1.2930394175684428,,0.1315782826198778,0.2342342342342342,False,8
-0.92776833271990888,0.30823003846201236,-0.21033345951565921,-0.31494039219294229,-0.94910997307688416,-0.001675819605586798,-0.20014612203956078,0.064687729869745497,0.97762826648825096,3.7879978623499424,8.969906989854449,0.077125608563758968,0.3510854484247506,0.3296452809170639,0.863849765258216,True,5
0.79149766121231058,-0.51220915538685996,-0.33342650379554684,0.58671346610007413,0.78958036804032528,0.17980587059977032,0.17116880846777943,-0.33794174578347647,0.92547102356828892,-16.615899491976982,-4.7393603353178806,-4.8083459862005329,,0.5609383182447117,0.2692307692307692,False,2
0.57677323140575865,0.80630404437754222,-0.13117327301770682,-0.80426685070238024,0.58861710277113366,0.08176025432074005,0.14313445565283855,0.058341189101144705,0.98798220290612027,5.0696208107574918,-6.5698274494904672,0.14173248216443907,,0.09225358013341459,0.2380952380952381,False,5
-0.010078835531229059,0.99992761566080457,0.0065711881143351858,-0.99983911589058039,-0.010175019958423067,0.014771976983092924,0.01483776969351425,-0.0064212465881038072,0.99986929554956205,0.79197077085192114,-11.244453605791312,-0.89393426189073644,0.6618308122493187,0.4128808912893174,0.303030303030303,True,2
0.7894790555032164,-0.56634033031009134,-0.23660399655544051,0.59840048856781092,0.79595925212502161,0.091464333148952692,0.1365271995008894,-0.21379312248253879,0.96729148893992245,14.569499610640289,-14.211999345998709,2.5364552709612735,,0.1673401617522002,0.3157894736842105,False,5
-0.2631442599476827,-0.8476247830516439,-0.46074648735854673,0.96063441526039839,-0.27430850870753831,-0.04400411648878827,-0.089087702147371078,-0.45418836313505395,0.88644024734823568,-10.855486759425839,10.986966664573741,-3.5681968670427207,,0.5419866059334157,0.2068965517241379,False,5
0.26368296278891556,0.94421594669765119,-0.19730063643262374,-0.9615132176804172,0.27365477337652916,0.024604821358660236,0.077224525642508535,0.18321929759198263,0.98003421451967221,-11.49887409531074,-2.8551830663643094,-3.6459443762024644,0.1552311397469504,0.1422539638163403,0.6428571428571429,True,5
0.74677719578737622,-0.53745401385795788,-0.39174864752786587,0.64191433550366239,0.73655314997477672,0.21315591274258561,0.17398219945394897,-0.4106490475457153,0.89504053205593004,6.1941563583379162,-8.4904623322294981,0.38439599237671934,0.8748417199971689,0.6483633879878031,0.3690476190476191,True,3
0.18746549566894696,-0.93950376485078591,-0.28668687407133814,0.98194854531617037,0.18672447507314427,0.030183186712406815,0.025174238519830836,-0.28717006501350029,0.95754875148740537,3.321792090466543,3.5551305108048106,-0.1773142290450074,,0.09993045920487728,0.25,False,1
0.51661014694178153,0.85428142772688187,0.057595124079318577,-0.84617409967409174,0.49911765993244805,0.18673766246876508,0.1307797733502086,-0.14520607351098849,0.98072006561403158,-14.309834064681107,-13.678352179006982,-4.2800220638419466,,0.3514496256390836,0.1666666666666667,False,1
0.93584122847740592,0.29020314516349027,-0.19995831970467665,-0.28038965368165242,0.95684054318981993,0.076405608540822678,0.21350137514822359,-0.015437274546647888,0.97682078876546696,-20.363354138007701,-12.122737547930802,-5.5119202399289655,,0.1643968702305337,0.5833333333333334,False,2
-0.155031771819054,-0.92865457126973383,-0.33699530706891478,0.98533069310321009,-0.16998385264078808,0.015129939528738551,-0.071334248123837207,-0.3297061981540873,0.94138475021820112,-3.2796100921455746,-8.2406252928903676,-1.8269291516201667,0.1819912140866927,0.1965317346305758,0.2181818181818182,True,5
-0.77395359149131693,-0.5644223348391082,-0.28709452476921582,0.60577348101044659,-0.79199928285087795,-0.075997537250768812,-0.18448395031053144,-0.23273281654821526,0.9548827719565145,5.7643728537105421,0.1369376513654699,0.41066136513303286,,0.3851735621671351,0.5223880597014925,False,1
-0.22137259417866206,0.96491412201591065,-0.14119104674473695,-0.97494086912376399,-0.22225215430255504,0.0097098722995583794,-0.022010821402435578,0.1398024214459046,0.98993474870773812,8.9643173117510067,6.8845705909448114,1.3774957166452002,0.1871242862377156,0.122994232551563,0.3714285714285714,True,6
0.92548785159551783,0.33270208073586749,-0.18105679225905294,-0.31293791364930501,0.94091968793638281,0.1293831637212558,0.21340594825340162,-0.063083011403432379,0.97492483552443254,2.8136848595749258,8.8861181337116193,-0.13395573614721787,,0.579389577896738,0.6301369863013698,False,2
-0.29220868525212934,0.9522123789500776,-0.088913832655316105,-0.9515882230030891,-0.29876362486694286,-0.072250607597370106,-0.095362141885795254,0.063497100962171288,0.99341541163017744,-0.61926945645538622,23.145377666637621,-0.92613732074342148,,0.4282793637996331,0.4418604651162791,False,2
0.88929781980740086,0.40843893186500618,-0.20573533148872719,-0.40214526582525234,0.91262042366472029,0.073506105082256259,0.21778102043139752,0.017366670578996407,0.97584313590497718,8.1941557161061152,15.638333943630876,1.1796876864046868,,0.1594073148514067,0.5833333333333334,False,3
0.97514472372340555,-0.014109399313532296,-0.22111918199337049,0.032320311926849081,0.99635390519568678,0.078957539464313803,0.21919891703965416,-0.084141668941843509,0.97204527379969652,-7.7159264919545461,12.913077184601708,-2.8341617275850188,,0.4796389569884258,0.9319371727748691,False,6
-0.75448378564495988,0.62573829862355357,-0.19800454245938337,-0.61507029093058363,-0.77938706464994434,-0.11934965718807097,-0.22900383056494208,0.031739330365386023,0.97290794040060102,6.6550765791496875,11.832154592162011,0.8302982170933807,0.8612517757854995,0.353577617974512,0.725,True,2
-0.75190180110517624,-0.59362849136824569,-0.28679068278215519,0.63535523963670781,-0.76858169098947504,-0.074872583379651872,-0.17597556921622884,-0.23851079328118874,0.95506293013989618,-4.696981559075148,11.324506336940871,-2.0754647570252507,,0.1107093183652199,0.3287671232876712,False,5
-0.35610940858425544,-0.79169002226684559,-0.49640003803474153,0.92948609296833451,-0.35475735145291604,-0.10100903211382989,-0.09613371987098121,-0.49736719858996853,0.86219729625563879,-11.865807955549949,19.525074271369654,-3.8686223893391771,,0.177038009167811,0.3333333333333333,False,1
-0.91903886561189019,-0.30614298234412946,-0.24828217385920681,0.35621558883874727,-0.91475041640237964,-0.19063611924275822,-0.16875431183550818,-0.26364398353293905,0.94974408773301078,1.5219373984399271,-8.5924259673106551,-0.72499300415076284,,0.2332833180741024,0.1739130434782609,False,2
0.51759590410560785,0.85199650354894663,-0.078717456726381821,-0.84113730698675948,0.52353217913180805,0.13565429668301796,0.15678810812099905,-0.0040019187737814765,0.98762415614340238,-12.882527618200848,6.0329682772921815,-4.0237940856065446,,0.2529129436833342,0.3582089552238806,False,3
-0.021595286670935156,-0.95277972965395774,-0.30289343068830454,0.99952175487277972,-0.027282617464645751,0.014557483309834775,-0.022133800614409567,-0.30243420035572771,0.9529132433362193,-21.644682057837827,0.51360923714522055,-5.963099798428348,,0.8960625299281251,0.5675675675675675,False,1
-0.54461804783603851,0.83064994609408216,-0.11580953771241313,-0.82922181606725387,-0.5539990342595944,-0.074001687802132232,-0.12562787003443907,0.055729140432426993,0.99051092935781115,-3.5115892951941881,4.1779799271300879,-1.8759632716506216,,0.2677822403945768,0.1531531531531531,False,5
0.09339158380563567,0.99539248364052935,-0.021721316401503071,-0.99464321701624681,0.094247684959963079,0.042452852946058106,0.044304434516727442,0.017640220849718641,0.99886232269043318,0.096723451933255711,17.675367950406688,-0.77095919594737594,,0.2969202942346644,0.3,False,7
0.78351550615355348,-0.5292910882078915,-0.32550636792641474,0.60543269684650536,0.76817714391307268,0.20821893563920113,0.13983812500926937,-0.36021496292250299,0.92232883467916771,13.312281202218841,1.3167152218101235,2.2320037826866459,,0.3132370229545285,0.1764705882352941,False,3
0.16123222304219587,0.96582137578169447,-0.20296117938174055,-0.9846725806648452,0.17128718015209921,0.032872645198959917,0.066513751508285646,0.19455017861389332,0.97863483938678431,-10.111958790416406,18.868668755872495,-3.4081547788976789,,0.1698060773679012,0.5,False,2
0.87582097467456854,-0.42477961291295879,-0.22912856821794461,0.44578809457686275,0.89391660748055191,0.046755466033299317,0.18496106361507136,-0.14309220567165015,0.97227260869696597,9.1418557783908305,4.6680891603318688,1.2911091606485507,,0.07691865888559013,0.1875,False,5
-0.19025635718697662,-0.89833164539447885,-0.39598329943671906,0.98102342676250998,-0.18931549889227664,-0.041864997579256963,-0.037357123726062438,-0.39643397528720625,0.91730286631237501,7.2545682467444816,14.796902645102287,0.92797583624552726,,0.3920003283305809,0.873015873015873,False,3
-0.90153660058159779,0.38825189307345515,-0.19102938343787615,-0.38305048251595791,-0.92143797482733714,-0.064995279754669608,-0.20125626861310067,0.014578273936729613,0.97943013445215021,1.8278074899078687,15.344029240040005,-0.38976994871997855,0.7950252118294542,0.7371015809027136,0.6382978723404256,True,5
0.6121097334647948,0.76707618886823659,-0.19213483460590083,-0.77356700462876515,0.63125641416994793,0.055762253532085582,0.16406024365255376,0.11449655034400888,0.97978302517036098,-13.287095703288907,-5.2548241234152826,-4.1106603220298794,,0.08150903583100162,0.28125,False,4
-0.92696453833807002,0.30722021005271205,-0.21529627771714219,-0.31524881496575724,-0.9490039320237873,0.0031179586394953357,-0.20335911419549171,0.070762133507684621,0.97654379888209131,-2.673155339752455,-4.357208374143771,-1.6987248499682628,,0.07443353545007243,0.3168316831683168,False,5
-0.82630984972036614,0.53693430255605268,-0.17003995705054717,-0.53483296578034545,-0.84268582078714416,-0.06192177451347651,-0.17653818558517767,0.039776402337857467,0.98348975940136318,-2.8154788056696121,17.063553674462664,-1.5019359998733084,,0.06937007116048995,0.35,False,1
-0.89984774274422996,0.39693700492763817,-0.18087303280807338,-0.39366865152837638,-0.91759333029191559,-0.055203922031157086,-0.18788036800566527,0.021528918293036804,0.98195594249191642,13.905176478804503,13.595857806485173,2.5978601565898516,,0.1919416124294867,0.2631578947368421,False,3
0.52203405918676005,0.84930709037006913,-0.078472334590749107,-0.8411666881305836,0.52787800418303121,0.11740279161572895,0.14113484271582588,0.0047200579305591572,0.98997912969148616,-1.0855993177724281,-9.4716764473715802,-1.3305768625531025,0.1538610728521161,0.1613024991121608,0.1818181818181818,True,5
0.42954677247858891,0.88871336685912117,-0.16024394471914516,-0.89596880152466263,0.44158774125127781,0.047330470851814091,0.11282498370346511,0.12324292410730812,0.98594203922431112,4.0558587464403084,10.453158844068467,0.13970873099535802,,0.07235619253350292,0.2702702702702703,False,5
-0.48882172610310387,0.86093837790631667,-0.14084896001612068,-0.86614308582110933,-0.4982348170568166,-0.039474320217672013,-0.1041608130434318,0.10269944751750767,0.98924382661997468,-5.9126897915601777,1.7646851694327474,-2.37604664171158,0.3097387920863294,0.2248679024762676,0.4923599320882852,True,4
-0.92757628994029495,-0.24582376534426245,-0.28137679849725827,0.3188719359492892,-0.91333820759589157,-0.25324692892407669,-0.19473806716856884,-0.32462901123820254,0.92557716602018492,-8.8742576009203109,14.156946840739856,-3.076554799224438,,0.2599798567034464,0.1538461538461539,False,3
-0.79749542978270238,0.60149940180843497,-0.046898924292549549,-0.58737889297246004,-0.7918217192492536,-0.16734515533950875,-0.13779359769652133,-0.10590955834697766,0.98478225506179684,7.3790109487471467,-0.74580212981898386,0.73679158077505047,,0.2871533838674261,0.2222222222222222,False,3
-0.7209467845798796,-0.64299836417321399,-0.25843536421028834,0.66840447016535265,-0.74365927590282743,-0.014364735523399532,-0.18295135437297966,-0.18309556257390291,0.96592174470753034,-9.7648779829004262,5.4809436055665506,-3.3152030197223699,0.1415999482491121,0.1546951931605193,0.6626506024096386,True,6
0.3841939173785493,0.91013360816247646,-0.15508658595274136,-0.91679368353097834,0.39591979390452597,0.052314994335267248,0.10901548370312213,0.12208329979055445,0.9865147197205042,0.30114355600511927,11.635426830967686,-0.77884784903349547,,0.0809989905270726,0.125,False,5
0.649431562025234,-0.66984870070447056,-0.35991855246707738,0.74904163315767491,0.64509298951502148,0.15096909178720874,0.13105448501271039,-0.36763807344058402,0.92068831257649186,8.6685069155009327,3.8296328772403228,1.1063438389404598,,0.231068808192842,0.2727272727272727,False,5
-0.45431451312728466,0.87975821844821411,-0.14008497504994394,-0.88632073544561507,-0.46220724294728016,-0.028284598038839457,-0.089631897676346328,0.11131011472413062,0.98973540973284302,8.1134196551589426,-23.217150994254382,1.1971581310460435,,0.4320714864023313,0.8695652173913043,False,6
-0.8175260267001605,-0.49040880281442478,-0.30191124820047799,0.5425701923857108,-0.83163471139462952,-0.11832706004166485,-0.19305124190841344,-0.2605434952665171,0.94596421976305467,-3.4028193743696038,24.684994136488339,-1.6695282360962707,0.6959529030199304,0.2322160669551319,0.1111111111111111,True,2
0.22694874706623624,-0.92500174629462673,-0.30473929112760434,0.97295150913579254,0.22919605552652689,0.028888215615779873,0.043123393598464808,-0.30305269753455499,0.9519976026448701,-15.573396626236097,3.5259590341860387,-4.605777907248652,,0.07380928446757751,0.2727272727272727,False,2
-0.50271999314930993,0.84795055717607648,-0.16808468423012501,-0.8567794116327534,-0.51459406371154837,-0.033496110148340238,-0.11489842596916867,0.12717233259486135,0.9852033036547283,-0.95189069074407173,12.906726626197168,-1.0676021733485641,0.5462209555347153,0.3847429885843271,0.2181818181818182,True,5
0.73602350806888828,0.66114360920883808,-0.14545969741573564,-0.6534662152002334,0.75000065115092795,0.10237640775620981,0.17678037549979497,0.019701555154215469,0.98405312232757836,3.8142532523265329,4.5839246409166021,-0.087688110811883768,0.5918343406132208,0.6086485310390061,0.7452830188679245,True,1
0.80474870046977154,0.57132182833166889,-0.16115488687586502,-0.559001872841979,0.82071111260824625,0.1181108623306721,0.1997409203227368,-0.0049636793907266857,0.97983617336549289,-11.975731927974143,-5.1267924893964727,-3.7776032949815708,0.2121199504745666,0.1555930990827666,0.2222222222222222,True,4
-0.97956394143907743,0.087866020944147555,-0.18092552886694099,-0.047349054894598848,-0.97499029505336143,-0.21714509331861009,-0.19548031009011613,-0.20414085067717888,0.95922570933637386,-15.59458322616214,-12.651351226492515,-4.5319703707394146,,0.6740859653201218,0.3333333333333333,False,3
-0.29643502251242038,0.95254339902255725,-0.069190681501295009,-0.95058575927863798,-0.30127210182088288,-0.074978896504830611,-0.092265874973986389,0.043545305636549042,0.99478179249135001,-18.835625625172987,13.416783499966348,-5.5142525401547431,,0.6799135468714242,0.8,False,3
0.86378292938209866,0.46196808672913459,-0.201157992015984,-0.45536383531339902,0.8866289776781473,0.080825945277954378,0.21569151211105114,0.0217840029660719,0.97621853537925729,6.8534228218330409,15.983598223942172,0.84906331716983685,0.1834232224425449,0.1597928329885123,0.5172413793103449,True,5
0.97001321765646131,0.084611971264914598,-0.22784901116841194,-0.068219185302784244,0.99454570454317193,0.078898569894198425,0.23328201887068412,-0.060988981737610581,0.97049463871688979,-6.1312241852270937,15.630199674930946,-2.3561453178656171,0.5473179901166153,0.2727936026377084,0.7,True,4
-0.80723194809097865,0.57374820631513435,-0.13852645137810238,-0.56464669657399524,-0.81902191101131538,-0.10186862780782055,-0.17190314141783045,-0.0040131077158981621,0.98510568211595573,9.8349564453773084,-19.035909864422614,1.5383288115289002,0.5946403495703804,0.2589408378896709,0.2631578947368421,True,5
-0.25675686933825198,0.96090791246598728,-0.10359485415733367,-0.96276979135585572,-0.26367682176866519,-0.059572330108693117,-0.084559085261273065,0.084442391144703421,0.99283394567145167,13.935294846220307,-4.3377384935041325,2.3326500508746939,0.8047859189305921,0.6509676152708579,0.8260869565217391,True,5
0.73412935098583165,-0.63090537195576768,-0.25102292257575998,0.66349099377562992,0.74511649344645925,0.067683915169555825,0.14433917416886111,-0.21624019707586009,0.96561191996000351,-10.19578692011209,-14.165341590305921,-3.4258205488799218,0.2004932355867515,0.152175528625401,0.3928571428571428,True,5
-0.83520152760942579,0.52411503370012047,-0.16655881762429842,-0.52006886528834173,-0.85119908518695653,-0.070629262594102168,-0.17879257153634631,0.027632387273115261,0.98349868710487376,-16.094593941097802,5.140842141228938,-4.7612526065431524,,0.08029336718591398,0.3157894736842105,False,1
-0.31756401937448142,-0.91922274122827463,-0.23277165980312192,0.94417058033404633,-0.32923625390647043,0.012058372415230815,-0.087721199435451064,-0.21594684791033775,0.97245665715608898,1.8467573880827395,-7.1519396897567997,-0.69625285611764631,,0.07316861164373217,0.1509433962264151,False,1
-0.28098204384379771,-0.89345746950631433,-0.35040382592194469,0.95639729382245242,-0.29100414519773155,-0.024915935600090911,-0.079707637064790712,-0.34212620136597549,0.93626724546597073,16.633245421769335,-22.05384911239117,3.2482474794716478,,0.1561155927869456,0.3529411764705883,False,1
-0.050104110603863126,-0.95903675838831481,-0.27881548407616996,0.9983454372977445,-0.055978894415221671,0.013143485337803079,-0.02821286811671983,-0.27769562373232065,0.96025474465505567,-9.887147175668062,-9.3269651401939626,-3.3155579099777222,0.4947849420257799,0.5258063176183307,0.6391752577319587,True,5
0.78244244676617314,-0.4992111338326467,-0.37225268482052326,0.60031595604955956,0.76359484676251232,0.23778911436404965,0.16554325842772316,-0.40952552283741606,0.89715342931623099,-4.7715940823926246,22.15168250290742,-1.9819722961627428,,0.4024393627363457,0.1666666666666667,False,1
-0.94520318804510406,0.2591667387625452,-0.19855360693918242,-0.25390843140876174,-0.96583171494452535,-0.051957741163954949,-0.20523508902942234,0.0013038122966870652,0.97871183619315705,4.1531849631434268,0.97026008863686986,-0.0051550572262424443,0.2830467969100859,0.2521964996669227,0.5581395348837209,True,2
0.69628175361279743,0.698034333374973,-0.16715199375312056,-0.69591327657552471,0.71354927244817701,0.080945335100877661,0.17577380655775643,0.059962531788051165,0.98260269881054263,0.66719004013123318,14.930830363073346,-0.60359664959670178,,0.1152004449949905,0.1052631578947368,False,4
-0.84177734669008919,0.52746373994897444,-0.11486035712304558,-0.50850713126269786,-0.84620304140819491,-0.15925109157083278,-0.18119435988566074,-0.075646650623547168,0.98053362420422085,-9.0008161546421626,-6.8952984896354161,-3.1185798774013649,,0.07751913077443917,0.2,False,5
0.84507753626457394,-0.47456137162293111,-0.24624268976836541,0.52184437667813366,0.83232690817982424,0.1868431546758525,0.11628587287545913,-0.28639731577508987,0.951027956101405,-13.364821375593941,-0.43449509714432388,-4.0537639472678109,,0.4236014693412101,0.72,False,2
0.96372718557576542,0.15536639610548084,-0.21700505695354078,-0.15173030604225279,0.98785665550722923,0.033423680204257344,0.21956280652819807,0.0007149344494438957,0.97559810519403656,-4.6405786900553521,5.5474858002306764,-2.0677256690909447,0.2297773557555397,0.1546432343003996,0.7676470588235295,True,5
-0.93812702242895407,0.30263969885089365,-0.16830597870552477,-0.26394123562038341,-0.93952849727484422,-0.21822288364802167,-0.22417117104518447,-0.1602978960807446,0.9612761676980851,-8.1081568106991941,-14.735858869321968,-3.0181261246907911,0.5837862764548576,0.426444330804533,0.2,True,5
0.95472876850253197,0.21926457150761477,-0.20103737531916663,-0.202434850538245,0.97407131735252506,0.10102078993293559,0.21797502123224058,-0.055750483340488009,0.97436070001109187,-3.7470317149458823,10.203256790067142,-1.8361893552680348,,0.07466143937298028,0.3493975903614458,False,5
0.43813891301058044,-0.81499647422598143,-0.37922953458970837,0.89495554512284936,0.43500827250523366,0.099107896284184427,0.084195398685268194,-0.38281660080413471,0.91997966553016675,-3.7157422798142545,-3.4901511511205854,-1.9102028846043166,,0.08791623515586154,0.3431372549019608,False,5
-0.95423883977929458,0.21863921332995567,-0.20402237879978596,-0.21256075129053781,-0.97578853893970419,-0.051523337282434231,-0.21034772085161141,-0.0057984194721821744,0.97760943871474404,-0.67403456015104468,6.957950781734433,-1.1493193968516653,,0.0700168980249328,0.2054794520547945,False,5
-0.55349719914684692,0.81662759320923228,-0.16358552670053236,-0.82537695941455347,-0.56409997376097432,-0.023325832685093442,-0.11132710992467469,0.12210894157334658,0.98625335537257086,19.875714803075912,-8.1948842995258708,3.7935765169670326,,0.1775743705713145,0.25,False,6
-0.25264651555458323,0.95228956743659821,-0.17121424569686494,-0.966157500603958,-0.25781910874968722,-0.0083060935602956125,-0.052052110474437419,0.16332142209439576,0.98519880779476354,12.665151123750679,-5.4214453599829504,2.0373510618842463,0.1529963226028793,0.1554692522651264,0.3103448275862069,True,5
0.63891881884535751,-0.7007920212346288,-0.31729053862215451,0.76743905402129375,0.60912497183208825,0.20001016737521096,0.053104060938457473,-0.37129141070652505,0.92699657337414321,-13.646182749569119,13.994322808583046,-4.2964169693275567,,0.409556347395578,0.1,False,2
0.38099373711600315,0.9218193335177014,-0.071364477377502039,-0.9194538599006149,0.38586678182989159,0.075573978286875926,0.097202735518317901,0.036823131768293882,0.99458317157215781,-13.866544350678303,13.179690774329291,-4.3568533586843969,,0.1101103016454461,0.125,False,3
0.9336748928618005,-0.2548491181993513,-0.25160111564243365,0.29747741291354235,0.94308394332204837,0.1486602322559733,0.19939504318254761,-0.21364597539187855,0.95634565610613909,12.984012587711623,-3.920156832822006,2.1090802525141461,0.1790948361119814,0.1491024616475898,0.2941176470588235,True,5
-0.10330257753718712,0.99264475438436239,-0.063126611404244942,-0.99413361987725268,-0.10508555213633897,-0.02560024534943332,-0.03204564407097886,0.060111715375705782,0.99767713132589475,-3.0928740609776648,20.115161379782535,-1.5559241016349898,,0.4047728813991254,0.4666666666666667,False,2
0.17447839640285473,-0.94571607378638245,-0.27418679211580932,0.98441044723646798,0.1738162363096428,0.026907013339426227,0.022211721238704428,-0.27460703519250962,0.96129996133485529,13.990141021135525,-19.505254288764512,2.5472532241041592,,0.1153022058875165,0.2352941176470588,False,1
0.96173979133337695,-0.16039618744806397,-0.2221027618427095,0.17121526239882964,0.98477017740770434,0.030216412925757843,0.21387357875093801,-0.067087709310465732,0.97455494025310963,-7.0554878480470418,-9.320367082033993,-2.7073151410775314,0.6018414996434018,0.6235380740161154,0.9040590405904059,True,5
0.83815123502729916,0.51441086782966761,-0.18133936770856368,-0.50834260911974893,0.85722669965333642,0.082159461748326723,0.19771266771640997,0.023320472983558632,0.97998257972490699,-16.124382497976612,1.7712604111670351,-4.6916638178795598,,0.1049917735986647,0.525,False,2
0.043064334532657796,-0.90865841064114417,-0.41531356330172009,0.99877561661115222,0.029025437525673707,0.040059850716878384,-0.024346062397741185,-0.41653021108624971,0.9087958255285794,4.0859498116508446,15.04082117703039,0.18683736990568134,,0.5144119845708154,0.4444444444444444,False,5
0.82147276222498189,-0.51512263355638921,-0.2446041155017401,0.54277747195815873,0.83784376817661244,0.058398938880135573,0.17485741865065119,-0.18073874107546872,0.96786279534719488,-10.218565495403295,-5.3783818678893747,-3.4124803284466867,,0.06997455853222112,0.2972972972972973,False,3
0.8465500015906019,0.52325778177257465,-0.097746552989851021,-0.50470084743399302,0.84736465119679349,0.16507635355055394,0.16920446036190195,-0.090412619233062638,0.98142519270551454,10.376499520725243,-5.0288065441429612,1.520602691369183,,0.3252736755700405,0.2,False,4
-0.44875084227615319,0.87176501013081575,-0.19659208699248862,-0.88929533041332443,-0.45732910436344776,0.0019762609098615061,-0.08818444795710921,0.17571527370648785,0.98048337350755443,2.6854580131217713,-10.807180804868345,-0.44583736110692596,,0.0771635057097215,0.3478260869565217,False,5
0.3388570781127605,0.93151618737159747,-0.13211159403157874,-0.93751511548249145,0.3461057971665239,0.035723737340535008,0.079001828173359281,0.11175137508061019,0.99059090512322945,-1.7225266803424533,19.405600826315275,-1.1900637399744474,,0.1644142168894401,0.4666666666666667,False,3
-0.71967050380938724,0.6723981060142451,-0.17307557012819119,-0.68370375160286068,-0.72971600102627376,0.0079836013425808542,-0.12092785448736192,0.12407797900787673,0.9848761897489472,-8.2020198608025456,-3.5230477871301842,-2.9085440861274017,0.4761355870419653,0.1934421151716501,0.6560509554140127,True,5
0.96311240941632992,-0.12632195674870192,-0.23760734431294242,0.17562578524116401,0.96406358727528907,0.19934137364913512,0.20388739634095732,-0.2337181270956078,0.95068699721844585,-17.456741483517497,-4.8952699756837035,-5.0067308628158136,,0.5431306393123846,0.8448275862068966,False,3
0.3525611224036459,-0.88288799420203523,-0.31017647342019555,0.93353420401497433,0.35482393453675171,0.051125975922111724,0.064919526366193164,-0.30758537867357544,0.94930326551772881,-14.581657659174939,-9.0607226431670469,-4.3965011134676351,1.283640130989281,0.7757331053748298,0.7806691449814126,True,5
0.62278060315953765,0.77726647430827833,-0.089449137752247498,-0.76797199752318701,0.62914259035211839,0.11999421663260415,0.14954374392962039,-0.0060356376137892243,0.98873668877517995,-11.515066792459281,1.3512528613192267,-3.6566460929857949,,0.1422358357496322,0.2,False,4
0.97373921371279437,-0.05617886781180885,-0.22062610563886786,0.06999699697866886,0.99601237493463146,0.055315182283385403,0.21663878713646317,-0.069305726952822888,0.97378865885754873,9.598083870294273,-9.8119752497494606,1.2798755436786917,0.2161801697521308,0.1352629613422139,0.4848484848484849,True,6
-0.76764271806943696,-0.59296310747044034,-0.24314483456155811,0.61491039790724333,-0.78837448440163349,-0.018731654759145046,-0.18058200336834257,-0.16389150534258684,0.96980911242162415,2.0991680399886667,18.779538404697668,-0.25576488924429264,0.5665827874055509,0.2995360705898434,0.8023255813953488,True,4
-0.88192571197149949,-0.37652352036354858,-0.28361431059910169,0.41709469274406519,-0.90363560969760193,-0.097338081813733268,-0.21963391324724235,-0.20413898084266896,0.95398544048230571,5.6815027708573016,2.7345787803063595,0.36638396123831024,0.4319350495702498,0.2928045742682341,0.3484848484848485,True,5
0.20166832904518495,0.96853166070774999,-0.14586400264222313,-0.97900989276191241,0.20381257999042646,-0.00024922270116908493,0.029487538629592479,0.14285256191029105,0.98930461973106887,0.33156120722403265,-5.3811479125195802,-1.0507684080581545,,0.1244154880547434,0.2906976744186047,False,5
-0.20024276310556041,-0.91001497597411363,-0.36300906232033026,0.97803758661812012,-0.20753955550140926,-0.019230498290020534,-0.057838697997581401,-0.3588872753457728,0.93158714493536987,7.3759406888935395,-4.6061853751019397,0.77947926095259967,,0.09723250472167815,0.1578947368421053,False,5
0.58054325983954269,0.80331722594741006,-0.13285690780322421,-0.80358731072306855,0.59157154860870009,0.065502190204381916,0.13121340442098031,0.06873527022469389,0.9889684045142163,-14.686795635706853,8.5966034763908148,-4.4791753848131721,,0.0844662051786455,0.25,False,4
-0.10843353278957704,0.99394380657824377,0.017829142759050537,-0.99398570432650946,-0.10812689815034456,-0.0173491639832625,-0.015316284187258319,-0.019603144164543646,0.99969051619866811,-13.825988149223228,9.5856825657371605,-4.2832475836498727,0.3955058701512289,0.529985619865885,0.3444444444444444,True,4
0.53707721014380838,0.84138427525498249,-0.060171186607813648,-0.83253358544958356,0.54020549545007213,0.12274303150893842,0.1357788622820402,-0.015827951200055201,0.99061272781960807,-9.2117145763826453,8.9294431457970109,-3.188740161992313,0.2792936939560567,0.12012362398758,0.18,True,3
-0.97222695633915612,0.01239436245680582,-0.23371162818052246,-0.0017269817150644272,-0.99894946400202655,-0.045792858659629773,-0.23403367899013444,-0.044117435888255313,0.97122700176065391,-16.402006563292392,-9.415706495816389,-4.6938221762368855,0.2428974222990018,0.1327040459098829,0.5172413793103449,True,2
-0.96062086144276215,-0.072696267239834578,-0.26818428979036063,0.13771901139069728,-0.96284356919212777,-0.23230526289116538,-0.24133179331065052,-0.26009135701664327,0.93493927692802925,-17.486713310055023,2.1842262783488078,-5.0254096511072399,,0.3227320567359653,0.3333333333333333,False,2
0.82306666921478899,-0.46047063198527727,-0.33245759896075883,0.53816927111278867,0.81937798252089222,0.19746786419547549,0.1814802844873328,-0.34144768096894762,0.92221385128576627,7.1897317405455246,13.685135422954795,0.92074420484020736,0.6697120813655907,0.5886112944689863,0.148936170212766,True,3
-0.13010075458036957,0.97457517783321723,-0.18241989038745399,-0.99142277080046259,-0.13017763437747093,0.011604871658859595,-0.012437169933371578,0.18236503573667229,0.98315223162275855,-0.13162618344991719,13.584829571436364,-0.83424243385032981,,0.07440675830961865,0.2058823529411765,False,5
-0.086998964732914297,-0.92858683734612602,-0.36077370420101634,0.99444126664281263,-0.10251061458244609,0.024044564786448952,-0.059310600513244355,-0.35667640713320309,0.93234338806113171,-4.3080253105528081,20.125574707957501,-1.8386001887696124,,0.7519448840305352,0.2413793103448276,False,2
0.96973105424259887,0.028564478182623407,-0.24249897530441825,0.024084629240168649,0.97710131210619955,0.21140708719129603,0.24298480008408349,-0.2108485154477002,0.94683752062410365,7.2641003727525977,11.056603725745063,0.93886871305363329,,0.368168131872576,0.6363636363636364,False,3
-0.17086922331658802,-0.93130966496087819,-0.32166133817050607,0.98360730691422005,-0.1803233179351578,-0.00040840397815590859,-0.057622689178303474,-0.31645822624686287,0.94685469673680556,-2.4701512821520208,-10.402789123065114,-1.6670725704181071,0.7257583536553237,0.6363293315966114,0.7477203647416414,True,5
-0.9845682102995813,0.053084927842717115,-0.16675559871684251,-0.030574163097539575,-0.99040542946734567,-0.13476759934230303,-0.17230977864986113,-0.12758948121822578,0.97674472840353721,9.9188985256978537,6.389872837620584,1.6043103239057108,,0.3149678420967914,0.2,False,5
0.26644632920737504,0.95781941558400197,-0.1076490630810982,-0.96101580427376221,0.27255909887706431,0.046477538181131844,0.073857820086779116,0.091068681497240261,0.99310196740434731,-7.0521125600309693,-6.8610331141112804,-2.6727259480168235,,0.1018741387026074,0.1142857142857143,False,5
-0.25616108665554255,-0.93159541358944753,-0.25789820290680304,0.96377785459777821,-0.26664121894912979,0.0058912939348544982,-0.074254593597677734,-0.24704745644598153,0.9661541334555348,-14.32767014914884,7.301386730862081,-4.3678823235051869,,0.07752485404314208,0.3333333333333333,False,1
-0.12134632074057324,0.9910570470114487,-0.055506756450655226,-0.99250926311610788,-0.12194169826509292,-0.0074555249945958968,-0.014157438731844078,0.054186269415521487,0.99843047586468536,0.64613689349845216,-16.049116252355926,-0.94394518912147407,0.4506172317199799,0.3692143119531686,0.5084745762711864,True,5
0.96483767989208513,0.1551951623754847,-0.21213842894606794,-0.12743857356017657,0.98207885226824476,0.1388543765836551,0.22988619234178992,-0.1069373157636518,0.96732453141014652,11.508892271494037,2.7933449402037054,1.8062325240163091,0.5158250297769716,0.2067040264105242,0.7142857142857143,True,5
-0.82091208936697957,0.56191510172667669,-0.10175834109614808,-0.54369949821375652,-0.82356997553460543,-0.16162719771140008,-0.17462587773079563,-0.07735576157875533,0.98159150820355057,-1.1307910085753488,7.6627550824017172,-1.2395715931028672,,0.1220664497721007,0.2424242424242424,False,5
-0.87984796493663708,-0.41744333424632912,-0.22717530959628099,0.42845546820972868,-0.90356242378458163,0.00092632916138890575,-0.20565376329656804,-0.096519474811255085,0.97385343898562027,0.18463191741824386,2.0249715342222143,-0.9944397646194566,0.4241743589843291,0.4090330772087978,0.9732510288065843,True,5
0.2360716449204488,-0.83504665915803633,-0.49695800174014343,0.9714890174457872,0.21433477625747052,0.10133949214832284,0.021892177753104237,-0.50671262142921114,0.86183702162158482,9.2865310279500086,-5.2361123784795849,1.2304921294551701,,0.379796132305146,0.2,False,3
0.15647613854001691,0.9876606667198915,-0.0064517813063399154,-0.98514912977938029,0.15653906563285647,0.070545822170571065,0.070685289576651114,-0.004682771103914074,0.99748767485731549,-0.37936730597236179,8.6190807557727425,-1.0213770986768569,0.1645614676225227,0.3298488011800596,0.1884057971014493,True,5
0.2306105798178204,-0.91278769996381615,-0.33710143172471768,0.9722055057389416,0.23053983331426919,0.040839195221228163,0.040437792805459803,-0.33714981840451103,0.94058215210731466,-1.622556777622242,-17.507694222547531,-1.4427242025982343,0.3249118774326791,0.3035864174655706,0.2222222222222222,True,7
0.85501118266823861,-0.37588691835055338,-0.35730225597550574,0.48739979211073836,0.81781305925091241,0.30597915414137983,0.1771928897068685,-0.43576464373740753,0.88244651685285824,7.5456469342853199,-10.628407854389263,0.74338320198070718,,0.6241866558148847,0.1923076923076923,False,2
0.86643986396225392,-0.42525659284403733,-0.26160808928577395,0.46965556829770555,0.87199448799876578,0.13801905689697858,0.16942729798952721,-0.24245090872680358,0.95525491234199755,2.5547262842494036,12.119069999203038,-0.2458494451680677,0.7025024892812268,0.4653959942070647,0.7619047619047619,True,4
-0.97480957553125169,0.082958044036711906,-0.20703684305500453,-0.028297128240012126,-0.96675418378895051,-0.25413701159006252,-0.22123644362072878,-0.24187664429655503,0.94474870995301652,-17.393527328398186,17.122195224082777,-5.1621948697292304,,0.2266488125835964,0.3636363636363636,False,3
0.51616001232122233,-0.78575368847842353,-0.34083717919720602,0.84844404084698311,0.52350571478820573,0.078003052089858541,0.11713902522984815,-0.32944332991675906,0.93688075075836574,2.1422552653076981,13.298698942104947,-0.2496543498650248,,0.2864363088378046,0.1176470588235294,False,4
0.49657527576642135,0.86775860812320593,-0.020198849610299829,-0.85872737882486749,0.49453227128303595,0.13425766837024758,0.12649223040991897,-0.049323733513581991,0.99074057399412385,-11.496079956209176,4.1828652173189917,-3.7226361517749922,,0.4552065473810468,0.1510791366906475,False,1
-0.35518293353631153,-0.9021721040208841,-0.24480722712181091,0.9298613626618718,-0.36785239135869419,0.0065164714605318724,-0.095931902686989243,-0.22532224235130419,0.96954987347151622,-4.1361910668387267,24.252473283332559,-1.7914661021889575,,0.1513182428356437,0.1666666666666667,False,1
0.34214158526330712,-0.8652469211381939,-0.36645177185325167,0.9375441242713396,0.34043035352736467,0.071541522499322427,0.062850224166654117,-0.36804203544990621,0.92768254778458115,-7.807214084232962,-8.0641251159880198,-2.8535302650213228,0.3158234767191289,0.1377145781058093,0.2830188679245283,True,5
-0.55333116652745684,-0.78729744236849819,-0.27200617160164542,0.820489549741936,-0.57146368644174439,-0.015038412239502971,-0.14360194606493829,-0.23149944345166695,0.96217799224879885,-3.8782870780532894,8.6295705394734146,-1.8828030762528853,0.513131978993873,0.3323900511568604,0.5459183673469388,True,5
0.78177553031364289,0.60397754213075572,-0.15504240969655192,-0.5670481946815531,0.79202935017281173,0.22615449005762703,0.25939037204802678,-0.088885527880105494,0.9616735401487666,-7.9668357683700304,-10.024520260424557,-2.9146433153692453,,0.4041002307348691,0.3333333333333333,False,2
-0.94438655388049764,-0.23303462451976453,-0.23201056145065702,0.26015622156410384,-0.96100930510507465,-0.09370088517697861,-0.20112875784234743,-0.14884884707780829,0.96818967330394545,5.2519935239480589,10.735675728899206,0.47147136864253431,0.6393642103150646,0.4595276837512384,0.2222222222222222,True,9
