axis_00,axis_01,axis_02,axis_10,axis_11,axis_12,axis_20,axis_21,axis_22,location_x,location_y,location_z,dbh,dbh_approximation,score,reconstructed,number_clusters
-0.89178504413884974,-0.35227908948903291,-0.28393463712454564,0.39818304139969218,-0.90905633734038094,-0.12274706140263485,-0.21487135824013498,-0.22252195093983235,0.95095440519405028,-7.3322845253670765,2.1390033245074678,-2.7963494304616021,,0.1270769511030664,0.2644067796610169,False,5
0.64050725574404954,0.76700663944230529,0.038095542923673953,-0.74255188388673887,0.60590703465319118,0.28547042770492481,0.19587535596772518,-0.21113379741102356,0.9576300770732501,3.3645522086454762,-10.573637533709521,0.99388389712265579,,0.5663486883575126,0.4782608695652174,False,2
0.97956241151057699,0.044696464053800899,-0.19611146844759203,-0.018645727344182163,0.99097774010748862,0.13272322880062049,0.20027435883654704,-0.12635404509766482,0.9715579429349892,-18.832414036798639,-1.3793901468508674,-4.3716765259623864,,0.1008270182589079,0.4615384615384616,False,1
-0.76805074467824241,0.61795703418684178,-0.16800939705326018,-0.63215419273089024,-0.77355460439463386,0.044658153036352351,-0.10236762286950922,0.14050757246093254,0.98477332004333973,-24.980938388623695,19.330754264597044,-7.6547484238756933,,0.2195907291796417,0.44,False,1
0.17303764236288691,-0.90787899519968462,-0.38185560674252944,0.98372932566282278,0.14029143526790869,0.11222712248578326,-0.048317576061537276,-0.39506207520550718,0.91738289093369108,-15.160694778698334,-7.9684653929681151,-2.6274342078338666,0.6582012524338896,0.3939432414469788,0.4390243902439024,True,2
-0.16823955921953376,-0.92407856549275758,-0.34318253963519629,0.97904576550431666,-0.19716569856935956,0.050941891952713599,-0.11473813560313109,-0.32742097077692267,0.93788627675950875,-15.629292330461729,-16.907205237011233,-1.8577663166539606,,0.320604176135444,0.4583333333333333,False,5
-0.85077345624866718,-0.4734390754128433,-0.22812270385678338,0.48050033147590065,-0.87657239942928178,0.027207719682873568,-0.21284726353478747,-0.086465429109119876,0.97325216258415215,-9.3237272551389854,-9.2183654327814626,-1.4303769461486531,,0.08457235494989108,0.2888888888888889,False,5
0.6130957825797112,-0.72037368404825586,-0.32430744165639269,0.78702726384279176,0.59257522583373923,0.17158871669262171,0.068568559494122744,-0.36043911699319797,0.9302591013207363,-10.271847259537692,10.793262468977582,-4.5331710237052523,0.3756052877784247,0.4220020914634386,0.4743589743589743,True,6
0.4818741265400931,-0.84268282965478591,-0.24017280190775739,0.87593707399761367,0.47047123318654865,0.10672891426612223,0.02305577081165236,-0.26180616369544985,0.96484504666985216,-5.5893660410202948,14.025691109886315,-4.0471321525427753,0.3862458078913825,0.3813975846309303,0.7358490566037735,True,5
0.97494338991697371,0.10852784413850619,-0.19418314423205785,-0.085654715370603332,0.988757855521332,0.12256089457750259,0.20530137893346209,-0.10285723208168147,0.97327885706847361,-19.938585567901555,8.6195594002185523,-5.7698356386116112,,0.08811460132409474,0.3421052631578947,False,4
0.058033441999542891,0.9980144261130599,-0.024481112717857384,-0.99357383818929701,0.060127495893388921,0.095894276697715733,0.097175859530406333,0.018758718181401429,0.99509042946694892,-5.8804713311181631,-9.1903417585110336,-0.83611274745562303,,0.3652212752129122,0.4347826086956522,False,5
0.87008278983494958,0.46103249449749695,-0.17437023212247862,-0.4448007517563714,0.88682646736629811,0.12526415295518406,0.21238698187506352,-0.031430173337546927,0.97668004696214306,-20.299597350764195,-6.6661265488221266,-3.9071013850189078,0.7205541616769492,0.5292827900638126,0.451219512195122,True,2
0.95269643601736365,-0.20603248426641779,-0.22342810079939049,0.26125106350129307,0.93080409360900329,0.25563963139577228,0.15529772251793533,-0.30191779468545943,0.9405999482420847,17.091352090994889,-1.4855704284369384,2.4870705848387966,,0.3889017041478475,0.2,False,4
0.23938204630674861,0.96980986113362377,0.046530303609328444,-0.96576144598320335,0.23289913403636578,0.11429270675569969,0.10000532665026923,-0.072296795316899032,0.99235684510587241,2.1025938641966206,17.944417315473405,-3.0248846705548855,,0.3601288683499596,0.2962962962962963,False,2
-0.22602475644012665,0.97224488842183898,0.060437458697293611,-0.97344037205530087,-0.22775140505955019,0.023305354454238682,0.036423227877529864,-0.053564675216100283,0.99789988177170097,-14.67333972348928,-4.8471162139520647,-3.1883979451954017,0.8718498875874486,0.7607930267674993,0.6875,True,1
-0.65875898143596456,0.74783608970516191,-0.082327318138901401,-0.74718657402360766,-0.66310879539005807,-0.044709608309741064,-0.088027427409387127,0.032061010758231312,0.99560196043039506,-3.3341076831157936,4.4912967311391405,-2.4412581276310346,0.8431419420799636,0.6732165415568604,0.5405797101449276,True,3
0.42389023281426202,-0.80570769494218208,-0.4137054276119978,0.90566436525107663,0.38182640210236629,0.1843384283645878,0.0094407647484134743,-0.45281752281522547,0.89155323059952374,-25.77803086341142,17.207810987519721,-7.5382447404653581,,0.5898718163385777,0.6666666666666666,False,1
0.96644584669929734,0.20899415996140802,-0.14934479066811412,-0.18314945074633213,0.96830210662501415,0.1698449557592914,0.18010747927000237,-0.13679353569370212,0.97408871490404836,-20.416040537318572,5.0901309573174798,-5.4867434274505067,0.2675946981872472,0.1346196312127794,0.2105263157894737,True,8
0.79680326869159879,0.59127914121118885,-0.12447300177525278,-0.56678219391077778,0.80278026799643387,0.18520741340793637,0.20943375006924828,-0.07702479136052201,0.97478443045003482,-8.6323221376021984,-10.716136017280945,-1.2224866805868337,,0.06891506343209247,0.4285714285714285,False,4
-0.97659389209561087,0.1059846104364485,-0.18716739104924313,-0.10176306441718294,-0.99429228701643424,-0.0320488174517055,-0.18949577473381909,-0.012251952100082671,0.98180509319710019,-23.336526286301844,14.695792221427427,-6.9264846982070614,,0.144149500861906,0.1470588235294118,False,1
0.82869193350791515,-0.4323231229816602,-0.35548051518233303,0.54626309450694999,0.76307585042351522,0.34541551511204588,0.12192748221218952,-0.48042893734225989,0.86851696888753005,3.7603324171029375,8.3199291450904536,-1.6882349360555191,,0.6716029429881549,0.2777777777777778,False,1
0.97516101355949281,0.11249956350643461,-0.19080053942398706,-0.084596179233010591,0.98527604979875072,0.14857520705738936,0.20470584772497116,-0.12874375287302858,0.97031982459566879,-12.453633910603786,-6.9532692673240133,-2.4450666178092213,,0.07400870208085708,0.2439024390243902,False,2
-0.13202916245013474,-0.96058773254142482,-0.24462115271096205,0.98495641670959611,-0.15488953621186047,0.076616504453460174,-0.11148613117921086,-0.23082556111271271,0.96658698671753962,-0.25842273204786098,-8.43887973022761,0.071199117848027918,,0.08667554527716685,0.3018867924528302,False,5
-0.77357844994388658,0.61720509391861256,-0.14364628022795967,-0.6178432645024966,-0.78498055431366276,-0.04555469084860353,-0.14087612392208526,0.053510759575347316,0.98858005053630216,-23.570298033740208,7.25979840159932,-6.2696250830372753,,0.5814002187333837,0.627906976744186,False,5
0.67295485088639839,-0.6872986775241301,-0.27340866215620596,0.73547482785719931,0.66111238679956108,0.14834820392782064,0.078794328837093086,-0.3009168321875143,0.95038966421639004,-8.8497699184396978,-4.1853383939778386,-2.2270523659832282,0.108579054112574,0.1059887720332944,0.2384615384615385,True,4
0.88233760136422956,-0.39153118360973183,-0.26112006717213687,0.44480267373216803,0.87503487795618384,0.19095691608559751,0.15372357873642295,-0.28463537134616623,0.94623029264502934,7.6396571737281356,-9.1600823191577874,1.6225222226000453,,0.1118747137013,0.4285714285714285,False,3
0.59235794169035183,-0.76666331643218277,-0.24766797966950893,0.80410221554373595,0.58177305601507201,0.12231000879952272,0.050315960430317372,-0.27160167623210707,0.96109356131122026,4.2816726743082096,-8.6514585601792167,0.93923711863548931,,0.0866006020861576,0.2,False,4
0.97669291411029424,-0.02690051423651231,-0.21294908748466718,0.078348811114638844,0.96833951374801852,0.23702331090247986,0.19983096687866936,-0.24818329606978429,0.94787796483950082,-9.4737860227719626,17.444340711132767,-5.0983617869417772,,0.2709835960500187,0.6857142857142857,False,4
0.90021719970381275,0.42464278431786151,-0.096371671585586224,-0.38048415225386334,0.87472265919591008,0.30015342638872994,0.21175647154475541,-0.23353538322063749,0.9490102325807166,-7.5741430426181076,18.212299439734185,-4.900555005799478,,0.3900523136163501,0.5217391304347826,False,2
-0.39508072296939423,-0.88446373763002961,-0.24826421239376922,0.9060515131385003,-0.41976218612665317,0.053575765394502484,-0.15159775023863156,-0.20377341317181394,0.96720965576595352,-18.675851763332926,3.388990457630281,-5.0128527178766564,0.2035001230269228,0.2096180797197477,0.6666666666666666,True,5
0.02874393603204212,0.99868631135299613,-0.042419779083979592,-0.9940821515553806,0.033007424320761168,0.10349485928651513,0.10475906691266493,0.039193895645329491,0.99372500041195111,5.8951561305631115,-8.9131741977919567,1.2687596042895783,,0.08415112634129417,0.3181818181818182,False,5
0.55791025303326547,-0.78870246050153869,-0.25823357326106239,0.82873482721513203,0.54596054831167506,0.12298644578944551,0.043985630847618001,-0.28262255480770421,0.95822218498263911,-0.62655527975810854,-5.8388264958479894,-0.53102328108233154,0.7627630491393332,0.8246592613083369,0.8237547892720306,True,5
-0.97481020659822837,0.11436922749684179,-0.19148039302678943,-0.12397719229224849,-0.99152102621477456,0.038932125106785787,-0.18540419872065714,0.061690634425131514,0.98072399212060413,-5.2020937980596651,-3.7288305797073096,-1.6339677774776948,0.1520090909766675,0.1056840051820565,0.4148148148148148,True,5
-0.94902046957014297,0.26424224452015166,-0.17186094538265048,-0.26539649562729767,-0.96399556360317407,-0.016650929768315267,-0.17007306796084942,0.029809219452243817,0.98498048812655825,3.5418618003762754,2.3860693193200997,-0.90292735895636045,,0.07242069941472594,0.3023255813953488,False,1
0.1811606180707428,-0.94586314270743621,-0.26930233145637511,0.98229214345138938,0.16072636248052802,0.09627658758729192,-0.047780491561954991,-0.28197509051579495,0.95823122102898928,-4.9484044805195628,-12.689741998464941,-0.30692408967308726,,0.157653515845261,0.275,False,5
0.346532690828182,0.92399603605682368,-0.16169854525832011,-0.92567538271427563,0.36474051391317919,0.10044622116898988,0.15178992069356673,0.11487246346112426,0.98171489604376172,-0.45275773763968474,8.2897657635790907,-2.3805749045061635,0.5543395816903685,0.5410324176741901,0.8882175226586103,True,5
0.11286061287131495,0.98693994509756078,0.11494358108713881,-0.98789902041150168,0.099072292477863033,0.11933233565625198,0.10638612471702699,-0.12702057169610453,0.98617836461447905,-17.422919936413994,-1.3293994058084659,-4.1045308978815802,,0.4005655966268991,0.2291666666666667,False,1
-0.47937556992827618,-0.81162571673938744,-0.33386038831106746,0.85878798357430397,-0.51218934131858362,0.012053128557239279,-0.1807823614856334,-0.28093731430145025,0.94254547010145173,12.911624828720774,-2.4306915460277323,1.7930575009906109,,0.1366826894730343,0.375,False,5
0.14057696315803206,-0.94888057553105221,-0.28260178840397532,0.98824695581559896,0.11716806350168631,0.098181460655602723,-0.060050576603960577,-0.29308240867565688,0.95419947074728984,4.9498040005311399,-10.423089880813896,1.2199633331042425,,0.1007219747499315,0.1818181818181818,False,5
-0.10025700426543213,0.99128274640589431,-0.085481283177712933,-0.99292795685728585,-0.094191937378853244,0.072263070956292252,0.063581487769138217,0.092121634868283689,0.99371575352424479,1.9858809529399868,3.5897327566502741,-1.4203442792674592,,0.1108032394136374,0.3043478260869565,False,1
-0.45192352429127131,-0.83521762445151837,-0.31333153048762724,0.86933177187482924,-0.49112600359737768,0.055294837005257641,-0.20006848477740347,-0.24740001696853367,0.94803261178233877,-9.9922288738182843,-9.8994420834942414,-1.5231555280278897,0.4389597224795434,0.2260051432477243,0.5526315789473685,True,5
0.12259174520616835,-0.96298350533001853,-0.24007089050864711,0.99064134046534347,0.10410735385262078,0.08826887013455674,-0.06000832082579817,-0.24864518361736695,0.96673397276373429,3.1310105495733276,-7.4224225641486719,0.44907755231024149,,0.07384743547783892,0.303030303030303,False,5
0.50805180674998751,-0.82663336134235643,-0.24199307340068779,0.86079322889619603,0.497171265835404,0.10888411047569596,0.030304764386722707,-0.26362476807663471,0.96414916009505813,-11.989915876044133,-9.0920350471018487,-1.9566293626625608,,0.06718358755518927,0.2272727272727273,False,1
-0.50462317423219682,0.85232247723588439,-0.13748398752694083,-0.86231356159842809,-0.50535339673019286,0.032144453591418702,-0.042080559778319121,0.13477514315237135,0.98998226614268303,-26.047252580762141,10.975761720717555,-7.048688786032443,,0.4023254578210058,0.3684210526315789,True,4
-0.9031431089019899,-0.30526445789138412,-0.30190418279833076,0.37184543547771853,-0.90766815187822847,-0.19460086890953757,-0.21462408289200541,-0.28801412606717847,0.93326543181911825,-13.771930647202625,28.598927090782901,-6.5544382105949026,,0.4304422286444722,0.3333333333333333,False,1
-0.53890874701342795,0.8253027559788918,-0.16867935073998391,-0.84184241558007333,-0.534713254525086,0.073369494788345604,-0.029643038351754705,0.18154089459082207,0.98293651568574858,-4.3348547006115457,-4.191245542991366,-1.4183432612761766,0.1413641835268278,0.1174734245623541,0.4666666666666667,True,5
0.11562720599440182,-0.87310023459254082,-0.47363100572954364,0.99150631821936586,0.072868685571021941,0.10772824882188561,-0.059544690485438895,-0.48206445110337925,0.87411000155437635,2.2814660726144949,15.608322440857552,-2.8316279998374894,,0.3187577350209077,0.375,False,2
0.97956032914054425,0.034044239805335774,-0.19824871074018419,0.027748463539292553,0.95328061621106142,0.30080905825368215,0.19922746885225684,-0.30016171723311985,0.93285119883204692,-20.660897844415814,12.962700565035407,-6.3003513462572105,,0.4961720408397223,0.3888888888888889,False,3
-0.19276383845772194,0.96915902628058115,-0.15353463570778139,-0.98026852893194294,-0.1832206613600148,0.074187602983269998,0.04376886757330764,0.16480585860240135,0.98535441096169829,-17.266529315635808,-2.9152542331396587,-3.8325387513275371,,0.09543060825013558,0.1538461538461539,False,2
0.68016208189446881,-0.70020192278497784,-0.21701799391111271,0.72904995493445457,0.67704768233158186,0.10046192840825253,0.076587894363622927,-0.22654735305815238,0.97098434140787926,-13.434369998794375,-7.539965275111677,-2.4626342657937164,,0.09378456891361299,0.3571428571428572,False,3
-0.92360914196131227,0.35943084092062622,-0.13325022881999332,-0.34933897019061749,-0.93232391513480783,-0.093458018242754057,-0.15782406911383343,-0.039769182324954119,0.98666609110963022,3.4060858591333005,15.396839949313915,-2.6235876878078583,,0.2210776989702783,0.3125,False,1
-0.4790970732487177,-0.79824258344964261,-0.36506817496483324,0.8611496184545897,-0.50798131330206897,-0.019398968308152909,-0.16996272838486773,-0.32367230852136014,0.93077865663992632,-11.527908422737871,-7.3234073630571759,-2.1288892009070759,,0.3813606844215499,0.358974358974359,False,1
-0.55405156824544843,0.83234089891491647,-0.015345609087562051,-0.83133620769301186,-0.55416170793306319,-0.042248209894760483,-0.043668861942587553,-0.010650326484161782,0.9989892897536089,-15.914835181957583,-2.867604817881193,-3.5649554453336632,,0.2358752594618828,0.2058823529411765,False,2
-0.92802069943877297,-0.28303768642961613,-0.24221323141757289,0.3038917650776895,-0.95124438857359528,-0.05276275509500597,-0.21547012909250066,-0.12257153530824112,0.96878730493387644,14.31276287725451,-1.6225934940799212,1.8801064500543481,,0.3796718946732422,0.1212121212121212,False,5
-0.6429769267399339,0.7657348399053947,0.015192979797592071,-0.76304209692395342,-0.6387559599256305,-0.098780473684749459,-0.065935043808028962,-0.075106448555013028,0.99499326197893778,-28.13071390466477,16.609047925948239,-7.961842081597486,,0.3822510620208378,0.125,False,1
0.099185642669118723,-0.92202524431172506,-0.37420803991926505,0.99302110547120259,0.067601511921209306,0.096639120829598357,-0.063806679721366139,-0.38118169478330277,0.92229562678409394,-16.51900689580118,-14.844630679144254,-2.2442355514740036,,0.1329599336883376,0.3333333333333333,False,1
0.34711413147354531,0.92327503746844952,-0.16454478089261937,-0.9259515584986151,0.36523226285271665,0.096016173041163805,0.14874639842817339,0.11903192579773675,0.98168523957301601,-12.354641048065552,-3.5199268115587095,-2.8848433440231114,,0.07734417602296496,0.3274336283185841,False,3
0.51784417804979932,-0.72526743401948157,-0.45367891334150034,0.85484617323032286,0.459032437555353,0.24192404052814565,0.032793709357139419,-0.51310463886305668,0.85769936586417717,-10.792367821352792,-5.5235247280429345,-2.424727891718788,,0.6582747747968476,0.3358208955223881,False,1
0.8999748619830148,0.38175787680219742,-0.21049031164909018,-0.32661560029838949,0.91026695589720652,0.25443332848381917,0.28873430250037047,-0.16023418018984156,0.94390545610167631,-9.0134018514372034,21.321371415922325,-5.3613032342564884,,0.296625442787244,0.6792452830188679,False,4
-0.075909512682270017,-0.9635777846147231,-0.25642854537146309,0.99209295744430193,-0.098764612791826439,0.077441042409703273,-0.099946534075780413,-0.24852244215978725,0.96345590769332867,7.9810227191349137,1.7024302469571151,0.14069553531028056,,0.09997934666576398,0.5,False,5
-0.97241107174289543,0.16571403365849038,-0.16418150504994866,-0.1480208011953289,-0.98230154609108467,-0.1147759337167758,-0.18029572919325221,-0.087307110796873144,0.97973002324057412,1.3422560204714191,12.742908177124539,-2.7574057336126119,0.4000333991404242,0.1943016704851716,0.1935483870967742,True,5
0.85016324352690698,-0.48154534552999922,-0.21292378813604423,0.51151266801072437,0.85124432819391416,0.11720872058956355,0.12480885313293975,-0.20855976101848048,0.97001318355141697,-10.608402926627621,5.2693443963855557,-3.9305461246123783,0.3386951359054163,0.2633847098056064,0.9054170249355116,True,5
-0.9219856906798416,-0.32014706146403965,-0.21782618120316843,0.3235351065593895,-0.94598462015478291,0.020931632860707233,-0.21276141803724574,-0.051175750766855953,0.97576309703135866,-0.74133885927705911,-7.6669848840134662,-0.15948857758194221,,0.07464750060707961,0.26,False,5
-0.88421571830896462,-0.39128806849809944,-0.25506119059235388,0.41006254239260975,-0.91177210406921361,-0.022810996639977862,-0.22363200759701557,-0.12476088205934796,0.96665580610985957,-2.2813496203282861,-11.70125698769141,0.094674151077398044,,0.08756715116507356,0.1,False,5
0.97985384980293977,-0.089593867583053377,-0.17849193796322149,0.12456185179456528,0.97275629646979844,0.19552373962224834,0.15611142848576132,-0.2138179753198273,0.96431898007156502,-2.5624109418511871,-2.1396729367055163,-1.3744299984100579,0.5312904193093418,0.5212590863278157,0.4388609715242881,True,4
0.050617008542199159,-0.96335764077581998,-0.26340078664477318,0.99600900869945797,0.029279643944762609,0.084313445191094544,-0.073511720397244892,-0.26661725077217768,0.96099493679983738,-6.7574219484431204,3.1694344440982696,-2.8697332190892451,0.3616617631886518,0.2083295109427283,0.3351351351351352,True,5
0.40655072518894769,0.90761687601567576,-0.10463323668838134,-0.89977255611018625,0.41762047213479214,0.12650094278247709,0.15851137220806283,0.042717064803885318,0.98643266230151672,14.738905437090423,0.59989465508791995,1.7445179468935852,,0.3392126502972603,0.1818181818181818,False,1
0.87229738976964921,-0.38086298203476326,-0.30666048443946203,0.46470601961222158,0.84083622207586406,0.27756578135886117,0.15213671199688644,-0.38462687966492548,0.9104485621395646,0.68707625885348178,-10.959715007850789,0.50456015188815961,0.4956715755651959,0.293522747684648,0.2685185185185185,True,6
0.82694108348589601,0.54666873457532239,-0.13161207802093813,-0.52327328190114397,0.83385339231664624,0.17570882894842937,0.20579970090255187,-0.076431765384806338,0.97560477056469119,-7.6671922599258968,-3.8633432348607433,-2.0701683560350537,,0.08197339811242868,0.462962962962963,False,4
-0.93311798098545662,0.30302744866925646,-0.19355929043739425,-0.31843641836778069,-0.94643712724605389,0.053432308834055163,-0.16700024257086041,0.1114949753273177,0.97963247672687714,3.216118540430676,-15.312314155914098,1.7027343179302641,0.4257887692416998,0.4007390524178266,0.9014084507042254,True,5
-0.31476543919222189,-0.89787004243407864,-0.3078182989842429,0.93831266108046796,-0.34325788178582911,0.041753762081949357,-0.14315050941655058,-0.27568716598951581,0.95052854673726161,-19.299707318358269,16.998606594201398,-6.502387076793446,,0.1028300209402791,0.1666666666666667,False,1
0.53515095812597735,0.84324497904077933,0.050510962566190976,-0.82571719777809616,0.5095305783308649,0.24201177458814269,0.17833833382180031,-0.17122060351584217,0.96895765832224789,12.360620181504194,-3.9770410530852001,1.9249993314527623,,0.5437985802339904,0.3125,False,1
-0.026033980662784194,-0.97636200099815229,-0.21456811239728937,0.99587065224262872,-0.044004558012479808,0.079405559477720322,-0.086970545891659506,-0.21161484324359742,0.9734758765713184,-5.4282517965366148,6.7002446300215253,-3.085451667812682,,0.1053190739408216,0.4,False,5
-0.65645732473691576,0.7380912158055235,-0.15583689534245621,-0.75026412760679018,-0.66031340188355503,0.033014392609716232,-0.078533557322162453,0.13859137218344708,0.98723093140897689,-5.9212699437074807,-18.005256318798544,0.15038034155696023,,0.2105108090023808,0.25,False,3
0.13230057254380556,-0.92700564990794887,-0.35093743536893063,0.98957786149189442,0.10322018584527684,0.10040542455064549,-0.056852568541008772,-0.36056361196439057,0.93100035831221994,-10.752987803525757,-2.846197391719012,-2.6733264804099806,,0.07173869464242676,0.2254901960784314,False,3
0.85852502465075509,-0.44470772168342176,-0.25528381132292666,0.49506014701031359,0.8485658898703079,0.18668524684810581,0.1336047637269947,-0.2866547973150837,0.94867212159191305,5.6267246288397672,-7.05833665700521,0.90456037788184784,0.7306114481249141,0.3219390015920881,0.75,True,5
0.97914490168877932,0.048074593954553727,-0.19739324941085465,0.0023577693228622469,0.9688453893110538,0.24765510803238755,0.20314945833226147,-0.24295564415509702,0.94852667466576357,-14.34290296547233,-13.126192950423249,-1.998137225052981,,0.4212319840784,0.3043478260869565,False,2
-0.70183893572191614,-0.67013205362107287,-0.24154738461496761,0.6824055824595292,-0.72977519050183426,0.041842470721529045,-0.20431526945580569,-0.13546660857057949,0.96948649739415482,6.1062565776466506,-7.6873843813022571,1.0824674204707543,,0.07174146322943768,0.32,False,3
0.96731574517937924,0.1668449508264688,-0.19095290391030001,-0.14443288255327524,0.98147219173532652,0.12590265798467923,0.20842118789944278,-0.094207745084831235,0.97349140170862203,3.8780314177995567,5.0396140258761859,-1.2552245015031125,,0.07531019273153597,0.3265306122448979,False,1
-0.67364168955904113,0.72633476696557153,-0.13654552495453171,-0.73379241549883245,-0.67934299010374566,0.0064647314940462497,-0.088065685964674151,0.10455098322813675,0.99061270275602686,-22.620314807947931,8.568585635905908,-6.2325441618022612,,0.1229910006241931,0.1851851851851852,True,4
0.27000471682134963,-0.91784072705272679,-0.2909739724744197,0.96281615872805448,0.25451856817803925,0.090583348054453658,-0.0090828071859044013,-0.30461237370783595,0.95243309707175827,12.866739006824849,-9.0086399993225683,2.675906010277135,0.2348088764277032,0.2309965409093179,0.2083333333333333,True,5
0.6468306953558185,-0.71752515735692901,-0.25839446608900685,0.7596115749454263,0.63629337083215542,0.13461426909500462,0.067825561217268113,-0.28335206862659013,0.95661449834852219,-11.115636657358824,6.9800950058548779,-4.2264426563943731,,0.08007284547052668,0.2985074626865671,False,4
0.51151253667174246,0.84945003938145081,-0.12957451687153021,-0.82837028447782901,0.52755490796539994,0.1883838922937382,0.22838037705056824,0.010974956786680284,0.97351011997912507,-14.281305050114437,-1.7041417796048957,-3.5217342416884154,0.6125004563938302,0.7639872164438478,0.8092485549132948,True,2
-0.3085990507931341,-0.90109379819078828,-0.30462533169727779,0.93993784495345656,-0.33800556886808847,0.047634893076532785,-0.14588856526071342,-0.27162879500572062,0.95128036048785947,5.5946933445767515,3.9805659827574233,-0.74692126858813801,,0.0843271127422582,0.25,False,5
0.32801529188529049,0.93284172419307088,-0.14903786731534813,-0.93341193240234099,0.34433318555213993,0.10088023481556818,0.1454239758029473,0.10602346406345742,0.98367214676926251,-21.589592265628767,24.37335512823914,-7.4703567437294085,,0.6769478066560883,0.8421052631578947,False,1
0.48663792786628907,-0.83979043230215622,-0.24069806184463644,0.87330365789311559,0.47486287812033312,0.10883918455124612,0.022896468559824829,-0.26316777309737904,0.96447834342221384,-2.7569048502643341,-13.305531241836805,0.2431680632328162,0.5722109847897514,0.5171999040497399,0.9049586776859504,True,5
0.92713007937345093,-0.31418667865069377,-0.20424628975681403,0.34325990289428415,0.93068165876287667,0.12650805945625337,0.15034112872393007,-0.18739898879349923,0.9707106489645555,-6.4981211096462141,-12.617950894481694,-0.60056048523346561,,0.1049526584589295,0.4,False,5
0.98022204584035477,0.032013493311116636,-0.19529433451733549,0.00019143475048618501,0.98667540857636404,0.16270095716805705,0.19790074330655288,-0.15952045121765643,0.96715485907998699,-18.03531447536233,-14.429682733858233,-2.6041693965252799,,0.113012560896642,0.2777777777777778,False,2
0.76869643349658989,-0.59888159687251696,-0.22460326368297925,0.63133640588486439,0.76674030694699014,0.11629120477153942,0.10256771292177493,-0.23119285159852659,0.96748629428831578,-13.100238921878587,12.619479810753857,-5.1725387083317136,,0.07384121511625995,0.2631578947368421,False,1
-0.9627515529131162,-0.1831074714886477,-0.19894999685452941,0.17378781909574753,-0.98273430204057366,0.063490830257372552,-0.20714063169095262,0.026550809363573971,0.9779508235206984,-14.3057199766455,-0.29867469667631547,-3.7463545777239657,0.4577250110095607,0.3524339501909309,0.973404255319149,True,2
-0.67134488318226637,0.73910694640523278,0.054926947853686514,-0.7374564209301101,-0.65878178585461988,-0.14887775473572312,-0.073851709891792308,-0.14045454923828654,0.98732894444776009,-6.4348324948241187,-16.916436963889719,-0.12281442529858995,,0.7501402597694156,0.4242424242424243,False,1
0.50018557578013478,-0.83237960507541997,-0.23865997325899455,0.86539424378672369,0.49010834347006038,0.10433894039062974,0.030119638150234551,-0.25872380005620332,0.9654816428509545,-3.3053966929932583,-11.227802240667293,-0.16024141699902783,0.1706382463701135,0.1081007468866391,0.4137931034482759,True,5
0.30020239987578989,-0.85745737945379652,-0.41790592425693618,0.95325560683988531,0.25388985931571428,0.16384043263178028,-0.034384111696225517,-0.44755645650227682,0.89359439966127074,24.223823024645242,0.045453205835727914,3.888411827231026,,0.403643880671968,0.1538461538461539,False,3
-0.35353795833278523,-0.9106832014588282,-0.21369842909714029,0.9233047446017677,-0.37638007626662773,0.076461668732718119,-0.15006418831203633,-0.17027667124485119,0.97390276445650503,-6.0982947429910181,7.4591628022362562,-3.315036997070556,,0.07746870649641124,0.3015873015873016,False,5
0.61689025723168012,-0.75342620314116737,-0.22758595508711432,0.78504973702255776,0.60963482819236969,0.10973735305570011,0.056065327373011425,-0.24636219814562149,0.96755482862286035,3.076886581961336,-12.899449387640844,1.250893952299819,,0.08324910899696365,0.4,True,5
0.3265348207005957,-0.918868844287967,-0.2214837643416023,0.94500340657773241,0.31278688891761725,0.095566331297795071,-0.018535706798273446,-0.240508646659813,0.97046999874048367,3.7517715416766824,-5.4364995548154589,0.305660983728887,,0.1044943474775731,0.3333333333333333,False,5
-0.38017792795867,-0.90057981663570341,-0.21076227594485455,0.91192825882737349,-0.40302836883908577,0.077168547109433022,-0.15443961229272479,-0.16286229698524038,0.97448667429347857,10.548693336058639,-6.845334260550163,1.8973941678175759,0.11585671260247,0.0897923724201635,0.3,True,5
-0.18261216372344041,-0.95947143554537251,-0.21463308699439643,0.97601709265121861,-0.20322102636722944,0.078050299774639856,-0.11850498940088852,-0.19523262743391687,0.97357115234190428,-7.7670312789767033,-2.3426331972488548,-2.245956097591145,0.1251693245331575,0.1190335865701617,0.7251184834123223,True,4
-0.68181605765706987,-0.70220157413612438,-0.20503612560161086,0.70457126961330108,-0.7057537537661579,0.074101046419587216,-0.19673888674197448,-0.093939279993652758,0.97594529668306818,-8.3016485190294169,1.9889805175294113,-2.9476893865084892,0.1063443612526337,0.08567666629505219,0.5943262411347517,True,5
0.69560877660092435,-0.66308057471155812,-0.27650059919637621,0.71386679260598196,0.68122234260397496,0.16226620828626126,0.080762815269238619,-0.31025839453162618,0.94721544344063824,1.6635302523880933,-7.6059259938748056,0.24729118118745205,,0.06889427899270953,0.3666666666666666,False,5
0.34807435795503811,-0.90428712664148991,-0.24720241488437453,0.93745109947314764,0.33421694454253403,0.097388244040232275,-0.0054476995856103938,-0.26563852614244637,0.96405730949881541,-28.288767249622168,15.511711225281049,-7.882208944348192,0.4581087141608078,0.4820215757313424,0.9642857142857143,True,4
-0.34340749282001065,-0.88415801974200947,-0.31675840951893242,0.92693755629904806,-0.37336338840702127,0.037236365552751227,-0.15118882431391745,-0.28082801912045241,0.94777505932550221,1.10055683383279,-14.058325941359085,1.0406596488488791,,0.08846001836323211,0.2142857142857143,False,5
-0.75682359750471906,0.64020680296337629,-0.13173189325075441,-0.64609162926732944,-0.76325559422445466,0.002550387375029925,-0.098912329113730893,0.087041066885050603,0.99128210103118963,-21.479951853757541,15.066431930293934,-6.6829579381080588,,0.4253074926573094,0.2162162162162162,False,1
-0.89578416196113098,-0.32454761151433364,-0.30370970191934277,0.38925124647218645,-0.90267294047801727,-0.18348032496324818,-0.21460242845653926,-0.28257814917135948,0.93493068583261574,-10.142802748241364,13.014324241931114,-4.7002345569644408,,0.1655364381100131,0.2666666666666667,False,1
-0.077149573143984115,0.99600410991997657,-0.044986179946905153,-0.99596589914474054,-0.074915746695396662,0.049391888381378306,0.045824350562865643,0.048615264265305103,0.99776584676761981,-24.472542128527039,15.165429401830515,-7.1679431448235977,0.5645509085742281,0.4767835103474168,0.9830508474576272,True,4
0.54051746127024747,-0.77182521050609543,-0.33485327904798645,0.84093707551772279,0.5078344762314414,0.18689296340536232,0.025801338757263065,-0.38260944731927327,0.92354983717197092,-0.05058165317096891,10.33768398098397,-2.6632734895057695,,0.2781135354243431,0.2413793103448276,True,3
-0.89539538849873523,-0.38751857256093775,-0.21930903806166133,0.38949878011214367,-0.92032452125320552,0.035964925569352969,-0.21577256207949552,-0.05321777429008593,0.97499234353571151,11.418789721029942,-3.1795365599479739,1.5884984721157156,0.1983798957219901,0.1560912903686533,0.4761904761904762,True,5
0.94720068144634784,-0.18190301653439814,-0.26404954391791791,0.25968508155475767,0.91825057593912085,0.29896410855715028,0.18808117259702739,-0.35174873470015383,0.91700507095182837,-4.8252039004984386,-5.3783828345525784,-1.3673272810577564,,0.535145738580157,0.304635761589404,False,2
-0.72580094094759007,0.6703065085233233,-0.15460329476070697,-0.68136742682985019,-0.73142279611449013,0.027552186470968285,-0.094611964226850614,0.1253390519963119,0.98759237455025162,0.020263915721056236,-11.814029163477617,0.51747797051045152,,0.06486716352485061,0.3076923076923077,False,3
-0.80573605369685575,-0.54475894837026906,-0.23243730325302245,0.55445190566735014,-0.83176451520953298,0.027402108314801346,-0.20826064456556059,-0.10679643912027613,0.97222529514324396,-8.1863524922557716,-12.096707183563078,-0.99180689177056425,,0.08493474051805208,0.2619047619047619,True,5
-0.13208750874358266,-0.9468487719123283,-0.29330921083735012,0.98511003598544011,-0.15824437890370996,0.067208136011522854,-0.11005047494072093,-0.28006449198978117,0.95365233355339041,-19.50952705336821,-4.0739186907284131,-4.143025044066234,,0.1321157205102397,0.4,False,1
-0.46582438046577523,-0.82175867117177293,-0.32820775877129649,0.87203142795942057,-0.48928753275650794,-0.01260551229034787,-0.15022927549159512,-0.29207943550179988,0.94452144927588566,10.478544326419771,0.027602579844374475,0.88014043599907199,0.5007498358809547,0.3228424373445104,0.4157303370786517,True,5
-0.80633343539712021,-0.4941768487561517,-0.32498558908683639,0.55190892869200281,-0.82621062434693138,-0.1130156566423441,-0.21265682540356942,-0.27049075098733788,0.93894186627265808,-4.2556896741643051,12.642070534299064,-3.5776078559384872,,0.121513719488057,0.1470588235294118,False,3
0.86657457808847982,-0.40168193122812085,-0.29614207187703057,0.48356178922286192,0.82254016910939765,0.29932535175802966,0.12335516452243814,-0.40259073055192263,0.90703043336996758,-21.16500250940696,6.5447565819546103,-5.8041775295890607,,0.2190853188131987,0.3548387096774194,False,4
-0.87976551016940974,-0.40028081531685705,-0.25649155152875763,0.42653686129622082,-0.90285529608684734,-0.054024256436334489,-0.20994988228604844,-0.15693177886330911,0.96503547277334389,6.5560388659612858,-16.024957596187246,2.3869523103687342,0.791470615579479,0.6298052542976684,0.8985507246376812,True,6
-0.2608936632273206,0.96422314758071548,-0.046991681789096101,-0.96494284771310868,-0.25902600719087754,0.042318178671442837,0.028632099733447859,0.056384831899099652,0.99799847374460671,-19.888897705928187,14.600261820902169,-6.3548154003059238,,0.135139187380182,0.1764705882352941,False,1
0.95469839550238356,0.24057749410677914,-0.1751383537506204,-0.2117605801028212,0.96274892186925209,0.16814270770423023,0.20906561252317768,-0.12343817387217038,0.97007968069195905,-10.70282886109338,-18.260267558628151,-0.76695204828930197,0.4755746777974311,0.4679648957463274,0.647887323943662,True,5
0.025108700851533338,-0.90845104961620637,-0.41723643608002525,0.99636999291921602,-0.011218358690516303,0.08438593270476194,-0.08134119713718195,-0.41784068600305502,0.90487168746114877,-4.2898445603135213,13.604019992988636,-3.6944438700655637,0.3364314154407627,0.1075611306994683,0.2857142857142857,True,3
-0.081329652200880648,0.99527508006467791,0.053037747643847888,-0.99297048465315829,-0.085502899410282746,0.081846629741893662,0.085994792171127127,-0.046008360052101016,0.99523269968623962,2.1363925989814954,14.516757762570929,-2.7720103950165251,,0.5451336992718789,0.1153846153846154,False,2
0.8604634527314261,0.50824810793423469,-0.035867914558589176,-0.46483006324775883,0.81188518478240201,0.35323569897722518,0.20865200409916124,-0.28727392417710773,0.93484652947598201,-11.208997136029222,15.670528062760878,-5.2109584272184888,,0.4427022063757287,0.3076923076923077,False,2
0.87776901486457459,-0.42923679121252939,-0.21278471188797066,0.45779642081451938,0.882420132182692,0.10843038046643808,0.14122320500927146,-0.19258890774977794,0.97106411682167393,-6.5829357425875346,-7.7008714629499622,-1.1989067554232271,,0.07679564443624001,0.3396226415094339,False,5
0.0052974476594361344,0.9866742562830032,-0.16262179754473155,-0.99686470737470212,0.01804954241227626,0.077038751349298676,0.078947401724484639,0.16170382186915544,0.98367636026991268,5.5606646662733796,-5.7808137021646626,0.67926207804933214,0.5181424533166753,0.344639235409246,0.7748344370860927,True,5
0.52657347021705014,0.84557556393133759,-0.087876880610166505,-0.83155346314044942,0.5337990505023652,0.15354937844842742,0.17674619770365196,-0.0077807046578958483,0.98422570695563927,-12.155529319880504,-10.954360513384835,-1.8239520702196705,,0.09228784232511283,0.25,False,3
0.051497490440974701,-0.96354925950024606,-0.26252777566347113,0.99142429687583256,0.017710185570834779,0.12947668860188011,-0.12010775180038692,-0.26694413993113747,0.95619817721740219,-13.387398017680194,10.41096093206575,-5.0267977951265461,0.3944188540791029,0.2421926906828621,0.5142857142857142,True,4
-0.43326632441607943,0.89740611551791538,-0.083322001644371813,-0.90121160553832869,-0.43239990893505476,0.029119766413598765,-0.0098961694612961226,0.087707369040466415,0.99609712540795503,19.73206948063774,-4.8654917209937993,3.5403393680355246,,0.2672581333665038,0.2580645161290323,False,4
0.94400676329324518,-0.21585479958647216,-0.24951540303575595,0.27397379550157447,0.93423825142144357,0.22833582495847179,0.1838194501000186,-0.28391124506875093,0.94106578658903495,1.1191011725335698,10.783184071413743,-2.5890289935954378,,0.1492730224065562,0.3181818181818182,False,4
-0.75073384491130934,0.63619011292598848,-0.17793491596620417,-0.65343611947762048,-0.75471576872974622,0.058526457202678336,-0.097056333470366629,0.16020689325333681,0.98230026951406402,16.39566640662926,-3.5696590957362653,2.7193182546571202,,0.5490492655986332,0.492063492063492,False,1
-0.81294349879558958,-0.517248710630554,-0.26753810778469295,0.53493076154393715,-0.84485826899703653,0.0079740617851648682,-0.23015635581058325,-0.13663190205204567,0.96351428387005855,-8.8320698378611464,-6.0465489039428668,-1.9837943320823481,,0.5147476088187701,0.852017937219731,False,2
-0.70844586889563377,-0.63366570432555724,-0.3107607214663809,0.6765719753043844,-0.735091659704455,-0.043481192091213011,-0.20088507430228253,-0.24105606608120231,0.94949310683544252,14.484337523633496,-8.1721507813264065,2.9066138858213475,,0.241991059418537,0.25,False,1
-0.9588467556901531,0.22554221758002058,-0.17246335028508356,-0.22307486363212814,-0.97421461920072949,-0.033815395178617313,-0.17564311634099472,0.0060484563869872693,0.98443532639648768,-2.9636942775276101,16.442323432791898,-3.8668942102380046,,0.565951321450441,0.1666666666666667,False,1
-0.29433124792812526,-0.84473437190178013,-0.44698205492030357,0.94542400594607301,-0.32576986356150039,-0.0068880313589127634,-0.13979472620221539,-0.4246149278143978,0.89451640432315238,-23.93582925118778,5.2456419941657133,-6.115955481040757,,0.465193045258972,0.2222222222222222,False,2
-0.97192997324059482,-0.077287528283162835,-0.2222133323822319,0.11245464698098022,-0.98223432223212614,-0.15023211574619874,-0.20665449302862995,-0.17100401808459198,0.9633543202321796,-19.339580383322588,13.591970453287093,-6.1742407541842796,,0.700126295846142,0.2413793103448276,False,1
-0.1547521123207615,0.97606961691566663,-0.15277397247688068,-0.98670440993755881,-0.14492435984129048,0.073561792626108791,0.049660760586572823,0.16212659516160946,0.98551954622892546,-9.5365734586395288,-7.9388896542641847,-1.7307856603723664,,0.07105099133177772,0.1538461538461539,False,2
0.0022651467421337672,0.9977500260046912,0.067005631986237768,-0.99618888197965172,-0.0035909887148313988,0.087148242783099489,0.087192777971393354,-0.066947669172933044,0.99393934878439316,-16.392826789958647,2.3840162798852225,-4.4870925263686852,,0.3353244302933448,0.1578947368421053,False,2
0.75998363903017208,-0.59175681391690627,-0.26879126025481315,0.64294336001897656,0.74502409172469697,0.17765961431147026,0.095124677208216699,-0.30783595620509241,0.94667223464794326,7.6066475052226528,13.352784260603171,-1.6741411935208799,0.3605927191836362,0.328656835252188,0.5555555555555556,True,3
