axis_00,axis_01,axis_02,axis_10,axis_11,axis_12,axis_20,axis_21,axis_22,location_x,location_y,location_z,dbh,dbh_approximation,score,reconstructed,number_clusters
0.93218728511585802,0.23792528208895627,-0.2727974076328748,-0.17296513782634249,0.95480904639791997,0.24170797672689465,0.31797787118766713,-0.17813266140600181,0.93121363197462625,1.7707915582446905,9.468606716654655,-2.3767414059629051,,0.1056852237971162,0.1818181818181818,False,1
0.83646559580647251,-0.40488813223226627,-0.36931139626281451,0.48791165361065109,0.85706881076158892,0.16545474272632826,0.24953461744423916,-0.31858853400143311,0.91445821156561036,6.8640888423989983,4.6164810439245247,-0.17424798711233869,,0.07529200766535254,0.2535211267605634,False,4
0.37686493083468797,-0.85327924327498239,-0.3603988858238053,0.92515254788828027,0.3658413344808174,0.10125651149984785,0.04544872982592596,-0.37158397567894269,0.92728623519161657,-9.6022036211564892,11.48305573740663,-6.9638579235413847,0.1963897280488628,0.2069514546647643,0.4130434782608696,True,5
-0.38910196865803715,-0.8086335863754186,-0.44126112560712616,0.89973732953570951,-0.43638612342286504,0.0063157837133130945,-0.19766738685577157,-0.39456162290520858,0.89735652329718885,0.56910097432188311,-13.827249512308867,-1.5046727138685019,,0.1621033462455482,0.2272727272727273,False,5
0.91020649328674119,-0.25710834018358436,-0.32468360135168117,0.31812975814944677,0.93600307445394615,0.15063764998345153,0.2651746529335518,-0.24040288272149452,0.93374989018514354,-8.6683562854233323,-5.0810575346507294,-5.4405088905149332,,0.178897945757666,0.5,False,3
-0.5758402275358081,0.7738690227752224,-0.26369445944204434,-0.80401312771564304,-0.59450906504638157,0.011039114030903213,-0.14822591815340139,0.2183705730326328,0.96454308873216299,-11.919129107611708,6.7109324175705982,-7.7141992951314604,0.1637720153596638,0.1236035038039323,0.575,True,5
0.1161807995248141,0.97300816339186724,-0.19939191506818738,-0.98828122390390594,0.13325991085809652,0.074444735455831135,0.099006284147883539,0.18840623697446027,0.97708794157350587,3.3063675228722635,9.216143293463892,-1.8083282829199934,,0.577859906578685,0.9051724137931034,True,3
0.061468624179740798,-0.93518620738099578,-0.34878125776164987,0.99744978335857082,0.044857082427564275,0.055513708523446746,-0.036270344903092389,-0.35130414127993909,0.93555858309363771,-3.0726088855358125,14.712815450280633,-4.4969362232202554,,0.08212210587999814,0.2666666666666667,False,5
-0.22809604481107723,0.96473171860455531,-0.1313959872288516,-0.97340289838370786,-0.22892422228985312,0.0089720603644319052,-0.021424092973570098,0.12994772628748597,0.991289360718137,-6.7985347464520709,-0.39082118599291182,-4.928007749349149,,0.4100194748771673,0.3217777777777778,False,1
0.54374666714359965,-0.75435340345281165,-0.36781857575357313,0.83382357241643579,0.53533870562639063,0.13472460926257296,0.095277552723188302,-0.3799518561047176,0.92008628670883907,-12.487599759783283,-10.359857786708478,-6.7029625614980306,,0.186967658275399,0.5217391304347826,False,2
0.88712145309118862,0.41516151821347158,-0.20163442478918181,-0.33980166136317969,0.88315201711401947,0.32338420741010582,0.31233052748683066,-0.21836535545302227,0.92453567434560047,-11.933925287565089,18.287256202139943,-8.3054103186681019,,0.3295949172910396,0.2380952380952381,False,1
0.93755598069791424,0.19926543655518003,-0.28510010321296941,-0.15788421901877545,0.97413646299039591,0.16165000729165457,0.30993766541419848,-0.1065431239782002,0.94476833472050836,9.5926072173249537,8.8426447076810248,0.5591319358582445,,0.1750360699861403,0.2727272727272727,False,7
-0.076312880348724993,0.9868335090172734,-0.1426042417796009,-0.99211138294800738,-0.060885867510521198,0.10958063224165804,0.099455256863935707,0.14984170520300741,0.98369513329282154,13.87470737780159,11.694214524443458,1.8759757272219111,,0.4400567037843555,0.1764705882352941,False,3
0.086827328005392057,-0.90948398157375332,-0.40657090694268455,0.99590149772092507,0.068868274944061655,0.058629067393637241,-0.025322360645535818,-0.40999518041921196,0.91173610770022451,-7.8297850462508869,-13.655402356290159,-4.6190310007106534,,0.08855006158647044,0.2571428571428571,False,4
-0.12739033270937108,-0.93581733801493516,-0.32866033074107864,0.98726462407894333,-0.15147216386854806,0.048628650148256021,-0.095290425408104479,-0.31827989795715844,0.94319544177329573,1.4677302980189277,5.0108993439416931,-2.2388772710253666,0.1176996929203181,0.09859435135806247,0.4867724867724867,True,5
-0.75212551104106373,-0.52677679731123628,-0.3959967442489094,0.59765322248425523,-0.79842157490031418,-0.073031598557663238,-0.27770099260788544,-0.29159765868096232,0.91534308549110532,5.0327749344311625,-13.248340839434178,0.12390106169312579,,0.3531408250831007,0.7872340425531915,True,5
-0.17136200474715169,0.9469766653691265,-0.27179083607694821,-0.98520163858987031,-0.16571273267518355,0.043783804644609375,-0.0035769608428585162,0.27527165759607819,0.96135982851138313,-9.9807329517866883,6.3430435463527663,-6.7753978306148417,0.1691853581292535,0.09123624939218326,0.4,True,5
0.22457967879935845,-0.8991363733710146,-0.37565642540970395,0.97424604714184915,0.21517334449245598,0.067417145062755438,0.020214042120733335,-0.38112230832260441,0.92430361819046836,-19.21712465174819,24.933548346176877,-11.861105312436386,,0.113536794373322,0.4444444444444444,False,1
-0.02805442595291141,0.96217162620826235,-0.27099577654310347,-0.99880847283656538,-0.016152253857636828,0.046051485157436983,0.039932239786165183,0.27196482569454727,0.96147831478957146,-1.582708978987087,6.2335945550222593,-3.453947828465572,,0.2057568953069148,0.1964285714285714,False,6
-0.32559107256052938,-0.86073684570275444,-0.39130874756202083,0.9319904866501223,-0.36189829658953548,0.020575609815053769,-0.15932415467389982,-0.35799679520250727,0.92002940624861651,-5.4962148294127742,-1.5967073142075754,-4.3609564597153119,1.053712288758061,0.5231648635693914,0.9602855867916109,True,4
-0.94228712743372645,-0.10298972914772768,-0.31857194660354882,0.10257159883146472,-0.99456028240751793,0.018135924862971144,-0.31870681917061916,-0.015587185363495022,0.94772517275135759,-12.974805771328802,6.4971526983466292,-8.2020228161702118,0.3066063348212621,0.280957770498499,0.9083333333333333,True,5
-0.46654200952403641,0.88316746070651853,-0.048515870583485055,-0.87817379538824003,-0.46905640210393207,-0.093791666680613381,-0.10559042779857902,-0.0011523864429183184,0.99440903734972097,-2.5730638356936222,-11.26529220614113,-2.7608987506939431,,0.4993642209315755,0.3870967741935484,False,1
-0.13616244482214979,-0.85491157900378334,-0.50058563773375686,0.98485603179481096,-0.17154927186178714,0.025088721790230847,-0.10732374041856731,-0.48958864305552241,0.86532339349726328,11.726728296509508,-7.1807174320719156,2.2145899958585549,,0.4348101890794751,0.2222222222222222,False,6
0.87946262516651508,-0.29925875736555335,-0.3701211789066462,0.39256449863483461,0.89577506757330327,0.20851892654055126,0.26914420920168741,-0.32868103756387868,0.9052790565340223,4.8877629918234939,-4.9102876463797545,-0.37616055444162777,,0.1149823434868952,0.2142857142857143,False,1
-0.86428656629393152,0.41968827206794912,-0.27725527156839463,-0.44524108210382723,-0.89478419557781308,0.033490627811051443,-0.23402801142354324,0.15239093684594429,0.96021242037184495,3.7927764065755296,13.943909993025215,-1.9007982014912392,,0.7621925036535865,0.575,True,3
-0.42726871762779506,-0.80391665878245733,-0.41371421134491848,0.88664376925185084,-0.46211309166253989,-0.017728986461664709,-0.17693012570946895,-0.37439216905023165,0.91023416458090201,-9.6339032130105977,-7.5316643419791083,-5.7409782558865672,,0.153804864123219,0.3466666666666667,False,3
-0.53162827535220392,-0.75703757932305793,-0.37982295920432013,0.81266632497114621,-0.58227214987129494,0.023077862599291975,-0.23863114026449475,-0.29640048410376374,0.92477128627521843,-4.462023413050936,13.785740733599114,-5.0325593053534918,0.3088131965973595,0.09928845595551422,0.2608695652173913,True,4
-0.88904730668092036,-0.32510999928079487,-0.32233270831711003,0.33168764611988832,-0.94270305317005021,0.035975810697091895,-0.31556012405696843,-0.074929579683238587,0.94594258081219917,3.6745756326531342,-13.264132067585114,-0.45236475851906111,0.101679177999661,0.08593107682266372,0.4615384615384616,True,5
0.61480623406937429,0.74422526187180138,-0.26104033048799552,-0.74542250601142535,0.65644208083009925,0.11588391625715495,0.25760159564932777,0.12333918317914015,0.95834694334130488,-3.668021797932024,12.181005546811319,-4.5984457834672297,0.2128380566105848,0.1325168742568637,0.6078431372549019,True,4
-0.0042162058242996257,0.98535811828129272,-0.17044530602394495,-0.99723317286688906,0.0085071808438925405,0.073848675058699173,0.074217400535744799,0.17028507454042605,0.98259593467837902,-7.0876162003812206,-6.9922734452411817,-4.7202410708293883,,0.2617189760026905,0.2571428571428571,False,4
-0.19034049935452296,-0.88980021177777791,-0.41476026500340174,0.97471264597187479,-0.22166984715334423,0.028244232075226326,-0.11707156823062176,-0.3988960541083782,0.90949226820726092,3.1206482587025084,-10.149450416542237,-0.72630114810935187,,0.9280565170258025,0.5244755244755245,False,1
0.44988842563274806,-0.79537800191632635,-0.40617020884018618,0.88674159294801391,0.45193162863106751,0.097196452501568747,0.10625324379851331,-0.40389557698799317,0.9086135653135663,-2.7931897688002669,15.887506855740588,-4.4987835514636716,,0.1894046464287449,0.25,False,3
0.096630270417809097,0.96855666363622095,-0.22926094339170064,-0.99151043552870044,0.11380655088878908,0.062889786233407255,0.087003718751943487,0.22123756078177359,0.9713311971838765,1.8005927254610179,3.1995303418178649,-1.9063938649388346,,0.9037515617857519,0.4159509202453988,False,1
-0.64889905186757191,-0.56917843548747182,-0.50494151053503278,0.71571664206133345,-0.68182749707712909,-0.15119838790802997,-0.25822414442072572,-0.45950753291493707,0.84980769497140496,-12.170224577056679,12.616605241276071,-8.1215912413013367,,0.1645635118317669,0.35,False,2
-0.82107344929336157,-0.46551168720717545,-0.33035928916715862,0.48663769716443783,-0.87334774113635094,0.021153598996997369,-0.29836578651714502,-0.14339662522375352,0.94361817771302148,-0.47681234603106726,-7.1554751431436685,-2.2523690599613118,,0.07982498563090187,0.4102564102564102,False,5
0.39746282671887995,-0.84114639924387269,-0.36673701260672537,0.91609467093773655,0.38675582656701213,0.10578508635883908,0.05285693195899123,-0.37801146233353172,0.92429079790309909,-1.8528961344750163,-6.4857384807808778,-2.7789734912370307,,0.3245329987054236,0.8816568047337278,True,7
-0.25868326043014656,0.96596073464628884,0.0016822291256619049,-0.96543250714496831,-0.2584833525565135,-0.033562338996654957,-0.03198507340948735,-0.010306093961696627,0.99943521025939586,-9.2126475566524384,1.6810303326315377,-6.217214916671935,,0.2709911073039838,0.3620253164556962,False,1
-0.64293511769404255,-0.63842937051180304,-0.4231339897758748,0.73157077145525429,-0.67547013190878369,-0.092435422060452216,-0.22680088356995279,-0.3689824382908119,0.90133973586259652,-6.2678992212878493,8.6303169204256438,-5.4486059509959173,,0.2184713795474968,0.2377622377622378,True,4
-0.21577753942736438,-0.90156278916273591,-0.37499945423397574,0.9682398318346358,-0.24723199961358477,0.03725542129547834,-0.12629996645885311,-0.35505052536811693,0.92627611591161951,-12.897057841932835,11.162228619882022,-8.3117478255440655,0.2469476979308958,0.1665553432763459,0.7468354430379747,True,4
0.94256060504681349,-0.05417800756360492,-0.32961227117663827,0.13812123425712372,0.96166464203892377,0.23690428636779903,0.30414146455403362,-0.26882310121822739,0.91391034012661287,-25.898281743366947,16.149559660429848,-14.857307196298839,,0.2999961536117329,0.3333333333333333,False,1
-0.93484062225438014,-0.15036793749250835,-0.32165586324096773,0.16507343193505267,-0.98610255817409076,-0.018775165290807125,-0.31436248671275419,-0.070648624450605477,0.94667048058498715,9.2628673627476346,-13.393834369065489,1.6259263951620018,,0.1636570343014544,0.75,True,5
-0.59376884567690558,-0.67462608182788264,-0.43854099879153352,0.77196687232508077,-0.63134111119814151,-0.07399695496255379,-0.2269486856894074,-0.38247620975513835,0.89565966920208939,-27.36371090579156,7.3811587037196924,-15.067238771659566,,0.5670800307585638,0.5806451612903226,False,5
-0.93837644399798503,0.17222019991865151,-0.29964954878937655,-0.17196436657963157,-0.98472100514380079,-0.027437176521093364,-0.29979644090042717,0.025782644716228945,0.95365473272818946,-1.680668061933495,14.293245487409381,-4.0035426522787496,,0.06802529998102963,0.3571428571428572,False,4
0.84163364720546929,0.4506422616040861,-0.29761444176648105,-0.43408020320138163,0.89235066747488523,0.12363115887903819,0.32128987080246857,0.025136394202056073,0.94664723134135442,5.1885760331268482,-18.554056798441692,0.45894104960689669,,0.3555101087605674,0.8275862068965517,True,5
-0.64318505329874143,0.73686184185799974,-0.20820089631586794,-0.75074906259553065,-0.6603466426609288,-0.017836943078082472,-0.15062812561081174,0.14483417255632408,0.97792342759282447,-10.746553823491546,6.3476217933475843,-7.2067608641569691,,0.1080112360802932,0.3076923076923077,True,4
-0.2218696919163469,-0.80899654921902187,-0.54433300759797731,0.96676237376487206,-0.25525430789524034,-0.014688463957515829,-0.12706042846399809,-0.52949959551697112,0.8387406189436093,-16.524982770648499,1.4761013994382743,-9.253008287815863,,0.3097431336987812,0.2653061224489796,False,1
0.73756220920695514,-0.56456651947805181,-0.37049511823260811,0.63504856619908168,0.76644638180501778,0.096297779758867344,0.22959814049387706,-0.3063079967980521,0.92382904532132915,7.586078025315814,11.287290278191461,-0.40161242248473222,,0.1508879270329683,0.2333333333333333,False,5
0.92188096179410928,-0.1147721424142481,-0.37008491945391619,0.20931460699312684,0.95128131928220883,0.22638738234277375,0.32607190553753768,-0.2861663972417865,0.9009916234398494,11.695034288721299,15.164976074888488,0.9171844174703272,,0.3454865938148328,0.2580645161290323,False,3
-0.49804784454260559,-0.7818613541823306,-0.37502155589064062,0.85697756124196089,-0.50984226308820191,-0.075168652355098897,-0.13243037443972436,-0.35882264366295646,0.92396347672431389,-14.721723721005656,21.546094491954538,-9.7667593490935669,,0.385982382632191,0.3529411764705883,True,2
0.54322715176695346,0.78698897869713069,-0.29249377598918386,-0.80898970998228636,0.58383096315172478,0.068389002099062055,0.22458831386770681,0.199473692186656,0.9538188168617161,12.355003036644376,-3.0628711916920275,2.1850235932913935,,0.2509785692354558,0.7716535433070866,True,5
0.93321383769091426,0.19467925669653152,-0.30201311255354762,-0.1712276045202431,0.97988025844770843,0.10254650922732991,0.31590036497676782,-0.043984839621596786,0.94777227923747975,4.7026580066071269,-10.067221956385131,-0.15692108107342409,0.2182018596696315,0.1239830343180516,0.3125,True,5
-0.72465968465225372,-0.5942763527573508,-0.34886094363387399,0.64807976396148304,-0.75980216238100318,-0.051896951594286804,-0.2342241682306172,-0.2636973465823505,0.93573647381199321,-7.2050560928870953,-10.073602077290914,-4.5100516772092183,0.05045246119557683,0.173236234074209,0.4615384615384616,True,4
-0.80733911309412099,0.53542560869843725,-0.24803825111926886,-0.54036680926604752,-0.83970844615526896,-0.053790676693400014,-0.23708072024529636,0.090604321118867792,0.96725569994834359,-25.926840434344463,1.5023721547376272,-13.615586206810162,,0.2220352012751398,0.2,False,1
0.095237929089199966,-0.93643030754996326,-0.33768034583712692,0.99519120457089583,0.081765092945379786,0.053934552193954835,-0.022895484435354035,-0.34119312519087275,0.93971434389124653,-2.3599203925990531,-4.4113169665322491,-3.0611704398516184,0.09798552828204371,0.09361843083114464,0.5392670157068062,True,5
0.098491181547693624,-0.90889024580652855,-0.40523821171637836,0.99485669009727573,0.0802489958731189,0.061808290949108322,-0.023656993173958758,-0.40924151761411653,0.91211936002634153,-13.430499985009893,7.7916723827593266,-8.4777178895694121,,0.07506956254927964,0.25,False,2
-0.94889404524338317,-0.015081095523627554,-0.31523428027334621,0.034483968017523403,-0.99783150050580993,-0.056063825664054039,-0.31370519098576261,-0.064069159165157166,0.94735642500193928,-21.614311317251872,11.406704457453559,-12.460790074853136,,0.09647510053149355,0.3,False,2
-0.41743363422311086,-0.74104616473722373,-0.52592750712197689,0.88496571510905497,-0.46295423104367089,-0.050090548412662153,-0.20636095585358213,-0.48633729209984944,0.84905311624902557,0.8382461622451074,-8.8575315520946329,-1.665086360213712,,0.3086731359830664,0.3214285714285715,False,3
0.93281264585257695,0.0015254472620102738,-0.36035848921340324,0.096201763067645496,0.96264514662083878,0.25309986659423755,0.34728344118341181,-0.27076187822142739,0.89782081552045412,-3.1141535148098249,1.1987454560632924,-3.523127030567879,,0.288245822535438,0.2618629173989455,False,2
0.7090783117032613,-0.61656961557912204,-0.34212549892790223,0.67659373019908498,0.73156316214502892,0.083882441831730742,0.19856704693211363,-0.29095918775144314,0.9359027080501906,13.594871168824811,4.1044901601841577,2.207784341202645,,0.07579127010685179,0.1333333333333333,False,3
0.20813661649194265,-0.91950155335382322,-0.33346070571386838,0.97791138768514008,0.20232020466867759,0.05249621527831199,0.019195486735386916,-0.33702140608977588,0.94130128286657555,-6.1156930132306666,-4.4665021630751989,-4.4169715192871246,,0.06412215835845186,0.2736842105263158,False,4
0.62515989398228822,-0.67950370186144782,-0.38399196100002331,0.76295067299477537,0.63576400276514888,0.11709143164576874,0.16456420489545717,-0.3661677920634544,0.91588196320404824,3.5524339131485174,-3.4632205861076848,-0.99542938189208963,,0.4006667115706919,0.9040404040404041,True,5
0.60040756783603433,-0.72598414927749544,-0.3353472341962126,0.78478717482159888,0.61549662733434762,0.07261537010562269,0.15368748394306952,-0.30677502626171321,0.93929188250584517,8.3737935496124951,13.755075682899927,-0.23447386592315081,,0.08855238624173283,0.3333333333333333,False,5
0.52710968948708214,-0.77185376948032647,-0.35552374574399909,0.84273606141143687,0.528605208745351,0.10184529485461616,0.10932202909556488,-0.35329632297307578,0.92910193312043732,-3.1942378603291228,6.7313305317651722,-4.0753607219491448,0.7880601651540088,0.2734958601359882,0.1505376344086022,True,4
0.15457671692839717,-0.89857204627560106,-0.41069978845345889,0.98790148504418041,0.14584368001881157,0.052728330583019047,0.012517764622320085,-0.41388150315114136,0.9102446961769185,-1.8879492285142376,-9.5510455009748103,-2.6325493142826715,,0.2061319779096828,0.5333333333333333,True,5
-0.73348187883800275,-0.57604029017169056,-0.36080731355556978,0.62002698712992488,-0.78454067785798354,-0.0079031649813728899,-0.27851547290386014,-0.2295070998576062,0.93260689600071556,-8.696305967775892,17.773530924412032,-6.9901678523303152,0.4921819499581229,0.1787755812824656,0.5384615384615384,True,5
0.86952732040461178,0.43061550516813707,-0.24185228090461797,-0.38685759302639644,0.89826241728376077,0.20848460953595063,0.30702351992607851,-0.087720672616692391,0.94765059057010892,-3.2419136283819103,9.2751386366357362,-4.2474320337682974,,0.1041874375601935,0.2765957446808511,True,3
0.42990784346800087,0.86245134555835978,-0.2671271657268649,-0.88370748774042363,0.46258031826912183,0.071277803428186959,0.18504140681534575,0.20541938977275964,0.96102161893954563,-8.3799895635650916,10.611641717627538,-6.4444817001084598,,0.08260961297029039,0.3658536585365854,False,5
-0.80492655614965536,-0.45142665272718074,-0.38510675975966346,0.52261766686137412,-0.8467023988073562,-0.09982896442536382,-0.2810053620296728,-0.28161858081703384,0.91745678996297708,-5.6551861369822358,13.842758941873633,-5.464239223510706,0.3869037842222113,0.1924373229469812,0.2777777777777778,True,5
0.14608506984777805,0.98732546821623923,-0.062028801206804429,-0.98360682013888368,0.15166339112318064,0.097549162832338512,0.10572027120587044,0.046761475646097506,0.9932958213198908,-1.6291615577202188,-2.0592295021804898,-2.9140815287756507,,0.2647345806425813,0.2969924812030075,False,2
0.015833537577178286,0.96283636000540151,-0.26962092452059772,-0.99743852043224357,0.034021870848192866,0.062919871757070533,0.069754548566594549,0.26793405187758185,0.96090876091267508,13.317719132033554,-6.1557663139128209,2.6267068520471191,,0.1011960266319942,0.1081081081081081,False,3
-0.18273220806715851,-0.92151514855333272,-0.3426642250390754,0.97696311178554496,-0.20927315710182634,0.041806984188519039,-0.11023619344482799,-0.3271308250583605,0.93852725317458474,2.6027750260487381,7.5412002578031645,-1.9996765727507813,,0.08336729051589511,0.5247524752475248,False,5
0.93164969869621861,0.21221458938046844,-0.29494712572480336,-0.17586795388472881,0.97367003665269614,0.14504179577326848,0.31796116384810691,-0.083256397825121037,0.94444114189585215,16.006425859847997,3.2114964528901035,3.109958304170056,,0.07643000235771713,0.1428571428571428,False,1
-0.93130830099870876,-0.17476697393066015,-0.31956431796121643,0.1803840383570546,-0.98352078347419203,0.012184710924373815,-0.31642763342808433,-0.046296579759523143,0.94748624238332402,-2.5505601911843141,-12.76729062190099,-2.6390726400367281,,0.2249175028505445,0.4166666666666667,True,5
-0.31270011609353854,-0.87133683426408826,-0.37814118877705394,0.93536406116738091,-0.35174365568618704,0.037019910331877355,-0.16526557557928007,-0.34212354777061615,0.92500744191022355,-15.966759929263262,0.16934620551768917,-8.8824500000898041,,0.1183876304437561,0.2727272727272727,False,3
-0.72172588570257867,-0.59968548950408096,-0.34567189585657443,0.6391856853664174,-0.76905235450156262,-0.00036831815799350659,-0.26561891033864798,-0.22121435241379167,0.93835537231725574,-6.8488914809822941,5.1659433476883576,-5.3643288858558256,,0.09248405929872289,0.3494809688581315,False,4
-0.62942967759867041,-0.6065045722958029,-0.48576793301155685,0.73323745976159871,-0.67053617237509111,-0.11288963255729577,-0.25725689215333591,-0.42723933025980715,0.86676723872026895,-0.33193077343308119,-8.8087587881299729,-2.1033936357455842,,0.1199383820741698,0.3809523809523809,False,4
-0.89741430600602901,0.32156935188509533,-0.30206078081061233,-0.34249720661262961,-0.93935536053012181,0.017526269023102586,-0.27810650268963999,0.11918329820710713,0.95312754371606156,-11.498386378024348,15.995900952975052,-8.0189662730001121,,0.1112405882627833,0.4444444444444444,False,5
-0.60299508860551299,0.76613359734169906,-0.22234260532317152,-0.78141615120014496,-0.62335027075019334,-0.028692134797039609,-0.16057933167497138,0.15644088653522342,0.97454631868315622,-8.6380955973752513,14.867714735346022,-6.8200838614771016,,0.2995384509573242,0.4897959183673469,False,5
0.4059854400381418,-0.80861823696522328,-0.42580790190447493,0.9093986454312184,0.40354584853640241,0.10072165515369902,0.090387643872943166,-0.428120654694783,0.89919006826077041,3.1042803676303796,16.430992926471102,-2.3436171075650982,,0.2450250858594053,0.3,False,3
-0.21363704272184075,-0.91784053715962199,-0.33455636643710907,0.968926446478377,-0.24277896631696141,0.047327738471752576,-0.12466256571982354,-0.31404955319280831,0.94118655050289912,-6.0556986060747171,10.386229919283908,-5.5451641120739712,0.2926885552037642,0.1992000745041806,0.7368421052631579,True,5
0.30252808674425891,0.95310842494204218,-0.007815819557588477,-0.9403354055090527,0.29979332648481072,0.16091391034120084,0.15571153418094147,-0.041331485572990156,0.986937498742117,-14.219724250879885,11.307621901205071,-8.9266842749630868,,0.3895521230833295,0.2195121951219512,False,2
-0.41924730055938692,-0.82218620443141599,-0.38502148799298086,0.89297620923554832,-0.44995680900815438,-0.01150477146707355,-0.16378397575152906,-0.34863837320332547,0.92283589766391372,13.40146032516985,9.7196419675471333,1.8273520876534164,,0.2684840584732714,0.7222222222222222,False,3
-0.22628739429150532,-0.8876315821981059,-0.40112864453844055,0.9663727618356649,-0.25621846051664687,0.021812511835807395,-0.12213803816530122,-0.38270389960773232,0.91576199138103831,-6.317213122886872,15.986151728319445,-5.874266681489118,,0.09769025457122008,0.4444444444444444,False,4
-0.85691772624661111,-0.35301840344787055,-0.37559288767421284,0.41444038680827483,-0.90512264207623372,-0.094827045631214968,-0.30648193458431594,-0.23691983797912217,0.92192072009766701,-13.161778298531654,-14.899961752061456,-6.5730192099055138,,0.1808508440812125,0.1818181818181818,False,1
-0.21679479012779596,-0.91994240042054487,-0.3266588417323647,0.96810296868357815,-0.24565294247659622,0.049307949446639701,-0.12560517903130874,-0.30554968787592529,0.94385524697351597,-3.8853684824064532,6.5602408444912292,-4.2955932416635143,,0.07530199627227628,0.4236111111111111,False,4
0.69744120765039619,-0.56831915680544398,-0.43656511298900996,0.68810444180400199,0.70126452593818756,0.18638761179405869,0.20021997662760932,-0.43039679444512519,0.88015371401284281,-8.8521153964812687,-11.452066886728808,-5.1527164784008468,,0.2798888135355458,0.2678571428571428,False,5
0.93348923471291034,-0.14238680194931375,-0.32912588367637008,0.21025805711715623,0.96080426519858764,0.1806840153237694,0.29049853371819834,-0.23786795203820205,0.92683841056611815,-14.61815423737446,23.129140463786538,-9.6255447875397451,,0.4298751406668659,0.796875,False,4
0.34244559813244058,-0.85850364650226862,-0.38170997008464741,0.9376728357517834,0.33787370209970941,0.081308145487677647,0.059166421329360917,-0.38576268659856722,0.92069891072778598,-8.9847662506934629,9.4877264916431567,-6.6499201807480439,0.2216099502536119,0.1505822729789487,0.3106796116504854,True,5
0.80047343052942599,-0.46920219681088893,-0.37294984317504054,0.54928878401793824,0.82326890484207949,0.14321362390574682,0.23984186200191626,-0.31949586668368318,0.91673238865194195,-0.87089452263267464,-5.1307072380253436,-2.5171829331874203,,0.2003489297462701,0.3170028818443804,True,5
-0.57110759904722963,0.763485665420784,-0.30153896764347254,-0.80813369022433768,-0.5874056272549143,0.043296279212590161,-0.14406959788554491,0.2684106327369376,0.95247030567826829,-8.0276121191291416,13.126152460653381,-6.4252407446097042,,0.08232404757417736,0.1724137931034483,False,1
-0.88676787975482785,0.35242151882320993,-0.29906822048734777,-0.36890129091731166,-0.92946744250682134,-0.001452886564500426,-0.27848620252118039,0.10903827947179945,0.9542306265338385,-14.053280234148106,15.945107865072126,-9.1655345441362801,,0.2213797508787956,0.5555555555555556,False,5
0.31720646207153103,0.92327005167969811,-0.21668519121396101,-0.94001465033042997,0.33633771299838822,0.057003508481268242,0.12550903387494666,0.18560537299976626,0.97457587079169772,-11.16161225457452,-12.226360471929294,-5.9771696784461037,,0.2050136647553848,0.2692307692307692,False,4
-0.38791309875762564,-0.82186969646933539,-0.41719735118725415,0.90374572267333708,-0.42805947670979788,0.0029585720513989541,-0.1810168405477956,-0.37589265279377082,0.90881110084206029,-4.2527589855904431,-11.103405865833649,-3.4841992125101919,,0.1025311613451225,0.1833333333333333,False,5
-0.87229281641708856,-0.35204659193754995,-0.33936475882492501,0.37858060185711762,-0.92547659135133964,-0.013030992218857222,-0.30948662382184766,-0.13984375554833184,0.94056459305541185,-3.01268283689092,5.0342116611106107,-3.8513620936440391,,0.07039952117375106,0.38,False,5
0.33048698612811633,-0.88373171642365922,-0.33135570824545085,0.9427037606185954,0.32608433179496366,0.070559395358709004,0.04569432913949735,-0.33568923418054725,0.9408638404890296,-4.4131027180034819,9.9837944433264632,-4.7735764693296296,,0.08046053378738567,0.3333333333333333,False,5
-0.89996364369363935,-0.28309474457264233,-0.33154608371238353,0.30194276684899413,-0.95330953655357675,-0.0056118681005895912,-0.31447735304349406,-0.10515841911780008,0.94342233454132451,-7.3874524512073974,-11.112423680308606,-4.6093360410361877,,0.08137033663206081,0.3,False,1
0.51358191506752437,-0.74646391315697613,-0.42311374696403664,0.84441869981043916,0.52722248938784155,0.094834097739855738,0.15228485126899302,-0.40599023761423131,0.90110002276990253,4.7328371216301477,3.9542400899491135,-0.95824029930738308,,0.155538396722558,0.1454545454545454,False,5
-0.81313463724644808,-0.47393206585319136,-0.33793558360464565,0.50311515006125751,-0.86421821617371908,0.0014214824487962657,-0.29272377335796385,-0.16886465524093588,0.94116816814076021,-10.417493765349784,14.921660457668857,-7.4361389946525334,,0.08312005003585103,0.4117647058823529,False,3
0.82666181020913532,-0.35649038906839797,-0.43536749309476119,0.50638842202553036,0.80867970294070557,0.29934579350681467,0.24535895659267859,-0.46792279336830089,0.84902723269996316,0.8480964932536289,-16.727580977401157,-1.1918367815645927,,0.3393922784574623,0.2727272727272727,False,1
-0.61962869339733018,-0.68629984049429171,-0.38085799355695171,0.74538092901515929,-0.6665380125338739,-0.011590880376024112,-0.24590151072983588,-0.29106632712305081,0.92456089049660828,14.78625976221451,-3.8409015120824814,3.1270158779073194,,0.1035152661239412,0.1481481481481481,False,5
-0.79462961677577526,-0.50102997575599584,-0.3428304763826156,0.53517575382510052,-0.84471984975836423,-0.0059403654720931939,-0.28661940733404689,-0.1881949489708821,0.93937850546056634,-1.246039850246268,-13.168286749271093,-2.0978005896132461,0.7114917071066342,0.362868791626898,0.6785714285714286,True,5
-0.82068422621084203,-0.46758062638022846,-0.3283987799651289,0.487010615038587,-0.87301055284100348,0.025946781457110751,-0.29882781277593501,-0.13863957754594822,0.94418271846578083,6.6889125546229673,-10.759490962169901,0.54643353497025438,,0.3181597058560727,0.8,False,5
0.9223286747228977,0.22094585042094417,-0.31700590998539407,-0.14841623190695516,0.96003126135665195,0.2373027587797813,0.35676664346662645,-0.17182231636117579,0.91825631155458765,5.5233322324585279,12.743340751601391,-1.1748831656378995,,0.4491079463624629,0.1,False,2
-0.17142588440229492,-0.91216276545107577,-0.37225294556462252,0.97852321335257553,-0.20154809966549625,0.043251409819542549,-0.11447919936408479,-0.35684373729389451,0.92712300158451755,1.2016254974445171,-15.447027079837218,-1.2254940047354004,0.3884504255303465,0.2084588326843045,0.7333333333333333,True,5
-0.011134594417296646,-0.89002121971372561,-0.45578311647806147,0.9984352617679072,-0.034875794233196158,0.043711635007787873,-0.054800080890566281,-0.4545832238830374,0.88901689730763356,-4.351728744300118,-5.141553238564514,-3.7982418696457705,0.4791504426430586,0.2636782592170831,0.2203389830508475,True,5
-0.51305899166266433,-0.78316836745343277,-0.3513086666941409,0.83077283786020606,-0.55599493476215578,0.026193976264125465,-0.21584013284787795,-0.27841864294466878,0.93589320775025353,-10.245493991507086,-6.1696171617668751,-6.0212068212402574,,0.07758576865736552,0.3870967741935484,False,1
0.78956495673035776,0.58111133415278304,-0.19722270767474953,-0.54979843513619231,0.81262344194832314,0.1932998249297003,0.27259651469742069,-0.04419003185370457,0.96111309493710795,9.5317835816390648,14.229609206843094,0.097991004136569318,,0.3878529079577211,0.3333333333333333,False,5
0.32231924227807884,-0.81846723691629208,-0.47562767807592699,0.94533469166768846,0.30458481785265318,0.11649210043270976,0.049524002128701394,-0.48717498994537733,0.87189902075004089,-15.275218590395284,1.6303757303950748,-8.8160746686065146,0.5362549228512413,0.2497565534952863,0.3368421052631579,True,4
-0.00092824548588056697,-0.93851556105411049,-0.34523568763904833,0.99895803224352953,-0.016622972543475063,0.042503253992542171,-0.045628808624087712,-0.34483650973049168,0.93755308829977169,-3.8885717110630758,-7.4633763778444839,-3.4747569316794866,,0.3328564796978223,0.171875,True,3
0.94905253953864577,0.040258384248295975,-0.31253566147395634,0.0080360625647592603,0.98839096415019945,0.15171922648331129,0.31501539469318346,-0.14650107332014872,0.93771143568922199,-3.0945943763682684,-8.1124773394905265,-3.133192926180524,,0.09956250119193938,0.2631578947368421,False,2
-0.078628014338755381,-0.8618825166143933,-0.50097521187737903,0.9935944987141444,-0.10866703232372923,0.031007228366004006,-0.081164077559794962,-0.49532817771694959,0.86490600002166362,-13.007638173095801,9.7110332095070255,-8.366898601213931,,0.1859370082095117,0.4074074074074074,False,1
-0.91934660973921012,-0.15407969440555011,-0.3620238375202815,0.22451316925561615,-0.96106064087083731,-0.16110953230561201,-0.32310315379429211,-0.22939462142959299,0.91814076244732457,-7.3646734604986914,15.821734454955299,-6.2836864936540682,,0.3875054504618959,0.2258064516129032,False,5
-0.92406431931317079,-0.20800860645984995,-0.32068294842557166,0.21381242146152901,-0.97671922058815452,0.017430219804286162,-0.31684283517391415,-0.05245935352536743,0.94702620556490247,12.705566667198029,2.4312788387541939,2.0122200080140842,,0.08317611769611614,0.2045454545454546,False,5
-0.94732156094020137,-0.036964492074716485,-0.31814381418389986,0.049519592647833809,-0.99827742147696608,-0.031464260889035624,-0.31643272606008094,-0.045561124821045795,0.94752019175489244,-0.38927100355167266,6.0512276406892855,-2.9366603074208775,,0.07094582950661174,0.2830188679245283,False,5
-0.93241411763283177,0.25623423497725384,-0.25484883767560718,-0.22381099293629952,-0.96310131385329256,-0.14948076362839516,-0.2837473395114995,-0.082340002912812571,0.95535730030207167,-4.5452241241646014,4.989947216550334,-4.5045304346878723,0.7708892194980144,0.3254606576216695,0.2620689655172414,True,4
-0.93799594009599907,-0.10338387545129661,-0.33087065548351896,0.13807055646139393,-0.98693484662205522,-0.083042940467812382,-0.31796247860693211,-0.12357743653179742,0.94001514848345158,-23.361710087613393,13.986248418713258,-13.349202016428233,,0.8618759718560267,0.5686274509803921,False,1
0.89483554940931653,0.34117969790300517,-0.28786412289853003,-0.32054990899735469,0.93990938712623129,0.11755041400938976,0.31067200606928447,-0.012913470904657776,0.95042945393862877,6.7663485765390696,5.5634973883491776,-0.25821828444925116,,0.09619055910578501,0.3529411764705883,False,5
-0.61930611544814274,0.72845466811574422,-0.29293980929349683,-0.76772722050552267,-0.63999862105684169,0.031570238203144432,-0.16448358660788581,0.24444950714967648,0.95560953751565492,7.869148498857589,-7.5073569582080575,0.89337800091655195,,0.5452579007136088,0.9390243902439024,True,5
-0.54233098597852425,-0.68757935387952906,-0.4828164597092468,0.81183942437067624,-0.57683362604533595,-0.09044178736003447,-0.21631886345173457,-0.4410188204396705,0.87103877602145308,-3.2257919227935354,-0.83309278648157181,-3.4811796218444755,,0.4459239100352278,0.3543198529411765,False,5
-0.74046516120140826,0.63184127540634583,-0.22910248305038977,-0.63450214703408869,-0.76958690997017842,-0.071714806084123367,-0.22162664653895597,0.092263701938705228,0.97075694117964539,-18.921162115412553,0.76310990094093423,-10.183499952405088,,0.2420894482514284,0.4545454545454545,False,5
-0.40199879324746568,-0.81973444085307623,-0.40796129314786145,0.89720982093686619,-0.44159280057073858,0.0032149181214799344,-0.18278814907432406,-0.36473448556914095,0.91299356382977648,-18.173947723236054,12.97881257936838,-10.901904405094301,,0.06409298627424169,0.3043478260869565,False,1
0.33730819531550471,-0.80936312092571261,-0.48078531576826,0.93623048378934526,0.341828908606571,0.081397042110920872,0.098466555726113458,-0.47758175815898662,0.87305211853428633,13.899898100229768,-4.2884200561270207,2.8400636964062085,,0.1649110909717953,0.1304347826086956,False,4
0.58769209330089178,0.79892737533067903,-0.12780083105695003,-0.77267069066198946,0.60105062880150495,0.20425020296009055,0.2399958484297986,-0.021288272934797708,0.9705404691057008,3.008247588503453,-15.442010182708938,-0.51623857364531966,,0.5739789407147953,0.4615384615384616,False,3
0.90013866401874398,-0.26451149672354624,-0.34609832943777569,0.32359765504088928,0.93792965199669998,0.1247899257047046,0.29160751566204079,-0.22432484482646459,0.92986204396297112,-8.6156325948906467,-18.019643755606147,-4.5471654562018875,,0.2061510813343415,0.1818181818181818,False,3
-0.94040142980122865,0.14578934029051246,-0.30723056339736288,-0.15543267735642563,-0.98782157855628017,0.0070151085801171686,-0.30246625206395694,0.054350687173528284,0.95160925235421456,-0.97140392792305852,-11.480212339656742,-2.1795858655982503,,0.06877926041743476,0.1666666666666667,False,1
-0.23159567686319071,-0.86731914564527346,-0.44059158191621611,0.96385069866623174,-0.26591203244146416,0.016811355789072467,-0.13173941376405793,-0.42077106673344689,0.89755024163614372,11.625435175874268,1.0422450202930977,1.7244222875050808,,0.3637162311304939,0.7748091603053435,True,5
0.93901256897470564,-0.066254991158188864,-0.33743987828078559,0.17305781383774607,0.93899832822057716,0.29720890408710926,0.29716390826818639,-0.33747950418594147,0.89319717637103369,-4.7141969782869531,-16.010093745633927,-3.3001425150536599,,0.4136901253054497,0.4084507042253521,True,5
0.81507690652037346,-0.46664709681610478,-0.34335131205556663,0.52713326444837716,0.84323030699724688,0.10532412294116661,0.24037503607732508,-0.26683915828534188,0.93328275760157209,-11.64407035747802,-7.9779303837874087,-6.5041019655591175,,0.8874129026271116,0.6785714285714286,False,1
-0.22116128409203095,0.95534271869366105,-0.19597953020090764,-0.97503661848895562,-0.22068108818885102,0.024565217715448444,-0.019780774109897897,0.19652009351409605,0.98030024677178584,9.0511063289793885,1.8332785915443661,0.76873681436511276,,0.1543296196720603,0.4339622641509434,False,3
0.30133043229759149,-0.86929372812548755,-0.39182698326306931,0.95083162658434273,0.30477332360799619,0.05506758669043698,0.071548504235376884,-0.38915502753867476,0.91838944684869595,-4.247447593603848,11.098316998864812,-4.8954839977928453,,0.1345659241939899,0.2608695652173913,False,7
-0.54547020569357474,-0.75544377767800752,-0.3629971810747154,0.80542190439057937,-0.59228153476951695,0.022319038933540453,-0.23185730661003714,-0.28019151011164822,0.93152289667666921,-18.977254018340673,11.77112644911973,-11.208767166334825,0.2672822629735774,0.2186545830697907,0.5555555555555556,True,2
0.83072575281192995,-0.44150022816329199,-0.33907561420251514,0.49879644826348274,0.86078691013350572,0.10123239868019435,0.24717772313618069,-0.25322607265953556,0.93529659964667933,3.9506987831816942,4.5996503067039862,-1.1822579587707793,,0.06813726199710415,0.1978021978021978,False,2
-0.88738659630102201,-0.31482253652613984,-0.33679637646586286,0.3800846068024461,-0.91303867817060258,-0.14797318620719616,-0.26092282456143562,-0.25932054037373731,0.92987748492108135,17.185939036347548,4.1307161879292309,3.4794447099848593,,0.3444455170677794,0.2571428571428571,False,4
0.92936574374097003,0.28374261354722735,-0.23615554962393498,-0.18772806083370192,0.91407379366830488,0.35948195351707357,0.31786394815457114,-0.28975718970583336,0.90277532170378161,-26.734384489891994,2.692640199040738,-14.130605603858594,,0.1367399636799598,0.25,False,1
0.39087963120963026,-0.81784690284258521,-0.4223026845950823,0.91703894574089084,0.3854424080469912,0.10234120418175356,0.079073926801809719,-0.42727110081273573,0.90065904787017736,-1.2132030940611234,9.6388921479146781,-3.5012454118110301,,0.0761722443563243,0.1025641025641026,False,4
-0.27026312581407846,-0.8291217549694293,-0.4894026545306186,0.95221811112974519,-0.30529703677942921,-0.0086248576915137695,-0.14226212307463518,-0.46834905227843937,0.87201528287535413,-11.141332455190003,-14.286217875643294,-5.8436069060460101,,0.1798690811776266,0.2380952380952381,False,1
