axis_00,axis_01,axis_02,axis_10,axis_11,axis_12,axis_20,axis_21,axis_22,location_x,location_y,location_z,dbh,dbh_approximation,score,reconstructed,number_clusters
0.46263680008869879,-0.75355741125715081,-0.467031496949735,0.88649111411269765,0.38724899131636936,0.25332138347104066,-0.010034729837758521,-0.531215066299776,0.84717758323341352,-3.6390774537593846,7.4707370355002141,-3.3648124076760197,,0.353705260819306,0.25,False,1
0.25887503451852745,-0.87571813114692709,-0.40755548246044299,0.96257104835055241,0.19883351333152818,0.18417983291761145,-0.080253930622428082,-0.43998066861712709,0.89441395218482356,7.0471740584080544,12.354779462081076,-1.0420623861557752,0.5130597451160632,0.4653522994975887,0.5,True,5
-0.82561583274593997,-0.41157051977587689,-0.38596399310122587,0.46350060437930923,-0.88479684712403583,-0.04797633853662836,-0.32175407761090408,-0.21850456876408922,0.9212654704101183,13.685880350049695,-6.8257864290373753,4.3352615229138483,,0.1739178464132247,0.1304347826086956,False,5
0.87538261339682866,-0.36837730530518165,-0.31305501289490895,0.45655009296769328,0.84288406458436593,0.28479548149668654,0.15895688967053073,-0.39223030811735055,0.90602874823067236,-14.77187928828414,-5.3894756686421319,-3.8467330001087112,,0.3519974041186845,0.464968152866242,False,5
0.90481235984927977,0.32274238041916065,-0.2777623972847118,-0.28279275151660344,0.94314237673874768,0.17467317163563989,0.3183439227528066,-0.079497252034010063,0.94463608536059807,3.0763744091058345,10.550086891020085,-1.9483888117998895,,0.1244956643149317,0.6698113207547169,False,5
-0.78371742977710401,-0.48789713868790729,-0.38437400058240284,0.52519545886163699,-0.85093116653312295,0.0092671362184434392,-0.33159722594539731,-0.19460866343184555,0.9231309483830481,-10.890233916365911,-15.716784799582033,-0.83147249124813893,0.6075877679115561,0.266742388965104,0.6666666666666666,True,5
-0.37609915640128933,0.88588252815307977,-0.2715908151380465,-0.92572754321099548,-0.34668372924250618,0.15112546978932978,0.039723296625223226,0.30825725975493057,0.95047331446685435,-3.5704215074872501,31.46003542640635,-7.3306610634348486,0.6890913658763401,0.5873832099937448,0.9814814814814815,True,5
0.3439173762424117,0.91806396224986198,-0.19717859806941301,-0.90327900615012024,0.38082570221838824,0.19763304778888147,0.25653045699679849,0.11013784884387015,0.96024047971591897,-11.817506857262579,3.4632282737302185,-4.7167345491919663,,0.08086553762192861,0.1851851851851852,False,1
-0.40952864073158962,-0.85084196444309856,-0.32917205829648866,0.87225013240076266,-0.47090579429215607,0.13201302749701199,-0.26733125321853018,-0.23305725572203043,0.93499642598671351,22.58324802466483,-14.009659855454577,8.4941651737740642,0.5409121295624135,0.4711082592158992,0.7419354838709677,True,5
-0.082795288631581573,-0.92318563620528704,-0.37533081579408306,0.97822643675391463,-0.14720956905730401,0.14629552697776413,-0.19031021679392834,-0.35504594615655261,0.91527285412692405,-0.62547883771875179,-8.9545477507027744,0.32226083979215786,0.8750492568997026,0.857084106693739,0.7978142076502732,True,1
-0.19296263868091085,-0.84387670117242397,-0.5006371273603748,0.95625250278068719,-0.2760717528329103,0.096775710865053766,-0.21987853692202944,-0.46006140949455038,0.86023074142634304,-12.030220250265868,6.2167576268135845,-5.3426816221047186,,0.2092586595928861,0.2692307692307692,False,1
-0.23592153600651244,-0.89744962289861796,-0.37272671383663408,0.94387561321379998,-0.30286523979316915,0.13180088507024029,-0.23117062016744333,-0.32071298833092876,0.91853324571691197,6.2596531001155133,-2.8731366192921834,1.174246301365842,,0.07097375701270603,0.1447368421052632,False,5
-0.066685851613243446,-0.91931905787975277,-0.38782143702185873,0.98408311868259146,-0.12476743340608716,0.12654447078083417,-0.16472222897520622,-0.37320980343546806,0.91300658809293289,6.7310155721294516,-11.701109677920401,3.0465662467231769,0.2114841697508236,0.1879252256981417,0.2553191489361702,True,6
-0.81439741357214346,0.53469656736538407,-0.22551371048049773,-0.56093020661826776,-0.82491536795715015,0.069799276581569591,-0.14870829186764944,0.18334180253231447,0.9717363980905579,7.8766599861496456,3.1868668349646527,0.61604383653505235,,0.1329987568229965,0.2980769230769231,False,5
0.94108556221346462,-0.17435297468529976,-0.28975680287398653,0.23562294786620974,0.9526868164853256,0.1920147289503932,0.2425691469090917,-0.24897564120500376,0.93764137017004145,-8.7837943490380646,5.6610777028599513,-4.3790638780327438,,0.08095634587410354,0.3157894736842105,False,3
-0.29763470031291467,0.95442136013155876,-0.022213790632534425,-0.95203916953297263,-0.29500163018203357,0.081212424326022409,0.070957768035703597,0.045320034361938322,0.99644924087523057,-8.4098477457155134,-9.6183261254836854,-1.3918952436162493,,0.298761781463348,0.3333333333333333,False,1
0.13836569542408594,-0.85545101314410144,-0.49905761034227286,0.98255884221071854,0.055362720658052957,0.17751926868616513,-0.12422985117652516,-0.51491604487728782,0.84819125838727527,-15.482115472329157,-4.4714519227101697,-4.2290020060635483,,0.4096014868509818,0.4230769230769231,False,1
0.75344991716350029,0.61335250668397423,-0.23687955773092603,-0.57197793043139,0.789109744679234,0.22393538789502951,0.32427529882144551,-0.033234220267048226,0.94537876915948493,-7.3884610843503591,-5.4719899808615029,-1.8957846211405591,,0.0720009192079846,0.2173913043478261,False,4
0.54589701110965461,0.82278859285040362,-0.15816252633540789,-0.77458368768649188,0.56756339820488677,0.27909120335137166,0.31940031939799485,-0.029844940833818584,0.94714978513173154,-13.657688215464614,-5.7801625824214007,-3.4582079015208449,,0.168506276131252,0.4,False,2
0.45162452989243418,0.86778690861655627,-0.20731899390349565,-0.83010896077071317,0.4938632394724306,0.25887876302617496,0.32703883140630796,0.055181354926429532,0.94339844224001079,-1.2329347902550583,30.14231872124725,-6.4082763544880583,,0.2837562238391013,0.2258064516129032,False,3
-0.41966296562906691,-0.73252798662109031,-0.5359904328402405,0.85014615022612494,-0.52410523137296294,0.050648096738097531,-0.31801653814717745,-0.43441507255658696,0.84270340345850037,11.487289918724171,-0.85070335361062055,2.3553837202546304,,0.329755427052173,0.3623188405797101,False,3
-0.42717881750455905,0.88295849574897145,-0.1946857792960742,-0.90415687613609952,-0.41612683136545348,0.096637485240236617,0.0043129121502933909,0.21730797270799923,0.97609356302883321,-5.8920035186620057,19.801643599689388,-6.0041113465456872,0.1038489983019948,0.1208417437589952,0.1764705882352941,True,5
0.46584787295874919,-0.71976708218417351,-0.51470487336326065,0.88482741459811065,0.37356538800094219,0.27844092239347373,-0.0081366845478982319,-0.58513609382073395,0.81089428785309692,3.9615391956629686,21.518103200672229,-3.4026429717060003,,0.2903829129157421,0.3333333333333333,False,4
-0.16053012066365369,0.98281392988650473,-0.091141974856576352,-0.98315960485052301,-0.15104696049203059,0.10286888312936054,0.087334253016075503,0.10612066220657942,0.99051054174246955,-10.351932972586077,-9.2833936540050725,-1.9292151709900267,0.4585169941439209,0.2048004966815711,0.1081081081081081,True,3
0.43244560259436726,-0.82999213649375447,-0.35228376936118866,0.90164438215601361,0.39576458239019707,0.1743783342391281,-0.0053112073292806289,-0.39304382539870242,0.91950440042049786,2.8569131602810267,14.975815143070546,-2.7216732192295594,,0.1256683630389292,0.196078431372549,False,5
0.63876964062831509,0.76432080471564623,-0.088244284179776089,-0.70368959179278712,0.62673965196425274,0.33469145053052762,0.31111783075560717,-0.15169415326424135,0.93818685732180818,20.83429258070435,9.0248748177441822,3.752804223514818,,0.2379447941007859,0.3478260869565217,False,4
0.4830892904307027,-0.81616163710103917,-0.31702510877801504,0.87555835210486388,0.44835080834642282,0.1799420037526672,-0.004723296579282471,-0.36450203672909887,0.93119061189949892,-5.5789851011855704,-7.5012184764511858,-1.0479262760854966,0.3427550998121179,0.3185625709712895,0.6824034334763949,True,4
0.69590630437363388,0.70030465713082946,-0.15902139080609048,-0.6375408054445546,0.70439378663009,0.31204345009955309,0.33053916095697394,-0.11577037858535014,0.93666487204125737,-14.984240553352945,-2.5423856092157977,-4.4874488336559653,,0.2697204888548345,0.3846153846153846,False,5
-0.94690847575965931,-0.1376567914453283,-0.29054250343709853,0.10454579379812853,-0.98642476811824886,0.12663472605086834,-0.30403045165515596,0.089536498769142797,0.94844541216378153,8.8310280708988724,-19.034626771636347,5.1445260194168734,0.5547255885855021,0.5322545769606395,0.9806451612903225,True,5
0.70999316885612762,0.66218624843002205,-0.2396227713882953,-0.62754866393566433,0.74933922635944927,0.21136082473245865,0.31951897372487459,0.00031020830944283873,0.94757982734997459,13.60091844896761,-9.5055058253345237,4.8127271642961587,,0.08853470646620792,0.25,False,5
-0.75017553367921763,-0.55258753290712037,-0.36315793691550169,0.57640873503332812,-0.81560848262118624,0.050356461885691359,-0.32402104691883837,-0.17155122136548165,0.93036580956182591,7.152410998043278,5.106345697829104,0.17585587106485454,,0.08587376553887074,0.3442622950819672,False,5
-0.66866367493150081,0.74278884585514426,-0.033964986387203522,-0.7395639249914876,-0.66910373069975437,-0.073112231636410618,-0.07703304925994757,-0.023768214843642915,0.99674519376060255,9.4066684660594806,12.885493870459328,-0.41436697827906238,,0.4309316773079047,0.1886792452830189,False,1
0.46173264126610081,-0.82909069511803191,-0.31529603114871185,0.88697885718074976,0.42817083018651547,0.17302672363459312,-0.0084542831607430369,-0.35955299949533071,0.93308636559010394,6.2111797133774953,2.3562223181821143,0.22018991783954678,,0.1593269029745396,0.4322916666666667,False,5
0.62047202209728824,-0.718039836597264,-0.31533040267928109,0.7820256765462319,0.59662534457794403,0.18020554772164657,0.058739348114456316,-0.35840897207885974,0.93171492298688918,6.2718577237120705,-7.2412530524036116,2.1086721321167303,,0.07653792321530577,0.3571428571428572,False,5
0.95631183399175812,0.089833612593329171,-0.27820423831378194,-0.0062873428836266948,0.95771802650902549,0.28763979387268496,0.29228093589350579,-0.27332417336944165,0.91644189710266266,23.314279402856371,5.5870943380660796,5.0018098478853616,0.2880832357946607,0.172640247086245,0.3684210526315789,True,7
0.91608491438598938,-0.25184979701443982,-0.31202581524322492,0.33762746726910359,0.90426095941052909,0.26138058579664813,0.21632411557629,-0.3447952972848296,0.91341123268241065,-16.76299506661891,-12.103632411810151,-3.0762295350180286,0.2920236835827176,0.2005106103102687,0.3636363636363636,True,5
0.89148009378476789,0.36490511443818446,-0.26852839671505446,-0.30599226042987754,0.92203567290082966,0.23710536572445817,0.33411372157173702,-0.12920710257246126,0.93363458895989604,17.807126630330714,-24.513233824566932,8.8954290816041901,0.3427504357209158,0.2775176507896799,0.4324324324324325,True,5
-0.54240522443668393,-0.76643795140485793,-0.34404859998278536,0.78232196458889758,-0.6100630560783753,0.12567979682542532,-0.30621710635684241,-0.20098739824834083,0.93050263273125911,9.9213388198022745,-27.537499668983518,7.0541311515171712,0.3466646762265103,0.285715599705342,0.4193548387096774,True,5
0.81887167791534077,0.56289594768781726,-0.11223781530637716,-0.47166457801495443,0.77134710312516341,0.42726592696632559,0.32708057257209477,-0.29693736473716581,0.8971323762237422,-17.066478977896519,2.8688614625760271,-5.8926961854866171,,0.4264584643884488,0.1176470588235294,False,1
0.85534220400670968,-0.33915289311965269,-0.3916184739430878,0.48280524822551502,0.79594928000853793,0.36519013669565092,0.18785315097395169,-0.50143799092455976,0.84455380818909231,11.898543441935413,-31.012168654305643,8.3483685987792633,,0.3965761641345678,0.2105263157894737,False,4
0.9074008328302543,0.3466340655647091,-0.23763112836714376,-0.27835688100137268,0.91932976989156301,0.27811907699816879,0.31486691693181845,-0.18621922237300503,0.93068857618466794,27.476503464396522,0.0063239005370092916,7.2782836608009456,0.4195671265477522,0.4343304122211187,0.5625,True,5
-0.033946869674173492,-0.89439356969893591,-0.44599075385092934,0.98370736086311561,-0.10872904031366735,0.14317061142634752,-0.17654302088457074,-0.43386419335278698,0.88351254858280692,-0.29196976824237314,6.8233743665256057,-2.3607692405897382,,0.07399140121685431,0.3555555555555556,False,5
0.097597154334440397,0.96424823473940835,-0.24637397847125667,-0.97774634246990799,0.13909175326750992,0.15705277444123364,0.18570644914094475,0.22556335246423775,0.95636514405981832,-11.376240924588854,-11.38666503812839,-1.7784584294527375,,0.1149700922835384,0.2333333333333333,False,5
0.37123163841115081,-0.84075870848532941,-0.39409626330206959,0.92768263475887602,0.31758817546068518,0.19632289722389401,-0.039899872298081132,-0.4384775306827417,0.89785603260041791,10.587460248419291,14.428970925514038,-0.27225415079418164,0.1261559703907461,0.1500920180183924,0.2105263157894737,True,5
-0.74465843480686589,0.61356091087464559,-0.26272956460525032,-0.65695889934723251,-0.74328856027749279,0.12620269699608244,-0.11785083809401585,0.2665804284025507,0.95658039659677907,4.2106661206259393,20.008569504262454,-3.1280653102691707,,0.1445708524023754,0.7291666666666666,False,5
-0.89737953623022992,-0.28232145839314726,-0.33912322551837226,0.30291030329545987,-0.95298387077131774,-0.0081908611982775825,-0.32086650824395924,-0.11007423031974124,0.94070630257633903,13.546501233535936,12.274545881456232,0.98003045948138834,,0.2110602481494221,0.2777777777777778,False,7
-0.08422861226277957,-0.93048676918029338,-0.35651074774360647,0.97703512295663986,-0.14739720499253822,0.15387148036426662,-0.1957240644003429,-0.33536314099913656,0.92153331696352858,9.0739616472292113,17.451919113271376,-1.293244787713032,,0.2924253088780356,0.1607142857142857,False,2
0.24171538031547687,0.96402828249685979,-0.11055833512268828,-0.9444637655711059,0.25987602961430772,0.20112842851062046,0.22262495467083804,0.055802506915547612,0.97330581513712788,-6.0366757519323047,-14.192863950870564,0.087157985543184546,,0.2129356124933011,0.3177570093457944,False,5
0.35115351683398532,0.93012401525054367,-0.10751987662441798,-0.90002298472320641,0.3669709464997567,0.23514028024777786,0.25816629250360107,0.014200023918243543,0.96599613080781344,-11.117273444117856,-3.5633729411377075,-3.2361055665038565,,0.2838632295093506,0.103448275862069,False,1
0.10677860162985876,0.97610458399330846,-0.18925689245367938,-0.97546610184873161,0.13969865046221719,0.17014749837443011,0.19252068558472701,0.16644557118255474,0.96707376009056367,22.603480784917689,-3.543162074610481,6.4548860964430386,0.5825728281607243,0.5284093596622177,0.9534883720930233,True,6
-0.24499043557934405,0.96238393310196446,-0.11746000077404986,-0.96750840588493048,-0.23486895053538459,0.093616561656632388,0.062507367698905789,0.13657870032184249,0.9886551914604772,13.19641495677778,-1.0102355201758098,2.9994116128275121,0.5516168575148187,0.2584479513612464,0.2698412698412698,True,5
-0.21981877489138743,-0.89965178788760247,-0.37723516108110827,0.96438792385813088,-0.25870619478143758,0.055018515958837527,-0.14709057931034697,-0.35170693102688372,0.9244817987098487,-6.6193616236436377,-10.853222026786643,-0.72215344017491578,,0.473389377729637,0.2222222222222222,False,2
0.89105213058901078,0.39931101975482186,-0.2158166121389839,-0.33411811598584584,0.89885310836284138,0.28359861451799578,0.30723148462169891,-0.18059290985202647,0.934342022906133,18.794672975123067,-12.484869505216459,6.9838709759709863,,0.5060701786564581,0.25,False,7
0.094546975673027014,0.97907809578299465,-0.18018588110345701,-0.97955947156918843,0.12377521733016714,0.15856524598398691,0.17755030568877206,0.16151092202329539,0.97076779459199647,3.8395975844022789,13.59420561588505,-2.2098460192031886,,0.8250079711832758,0.4429530201342282,False,2
0.95396358050836894,-0.019563348153540425,-0.29928374909552946,0.091845864525103571,0.96898493744251468,0.22941780266396533,0.28551326454875747,-0.2463442031356719,0.92617315300550673,1.984409948303844,19.23260341898391,-3.6827382770370107,0.3105834670351651,0.2136635362610047,0.55,True,8
-0.88014183286363901,-0.37451353671651222,-0.2917018423999484,0.35290995554838411,-0.92719036790052012,0.12558895232995726,-0.31749790128168137,0.0075916064563652658,0.94822858541236754,-10.104175400276651,7.8528717999912265,-5.0499825202608228,0.2135916151310344,0.176556025642477,0.7931034482758621,True,4
0.52323241864918812,0.84640168460245779,-0.099156564969961697,-0.80013686174161835,0.52797805285620769,0.28464043666429756,0.29327263519939106,-0.069594281405077396,0.95349242128027201,11.768303669256795,6.3593418780699293,1.3330701884889302,,0.3055765954660517,0.1388888888888889,False,1
-0.47331718059893957,0.84884852832607982,-0.23542944273926386,-0.88086731581208766,-0.45408307680512361,0.13372109516901673,0.0066044291108109388,0.27067459304087232,0.96264824634872714,18.928238051329053,3.9960147063631517,3.9379775181563557,0.358646860804521,0.2847917894546427,0.7941176470588235,True,5
0.9207606667399697,-0.24779039383631912,-0.30132991107258145,0.31645582391608007,0.92609611954290361,0.20543049646333569,0.22815675772188521,-0.28450992617133664,0.93112759373558407,7.139556547489871,-8.9491070446380352,2.7491610429420956,0.450009743705065,0.4050128432916276,0.8225806451612904,True,5
-0.95450463808954711,0.059642966379264403,-0.29217051943518119,-0.085801227171546479,-0.99329034323051535,0.077539947516492513,-0.28558544304883321,0.099080828652598915,0.95321767929057766,-16.251194594250933,-14.14879356337158,-2.5753086778657353,0.2565666169369125,0.195551356993876,0.5185185185185185,True,5
0.87652320908236958,0.40132541752655848,-0.26579122104967834,-0.35293337615587872,0.91129396920875805,0.21208803285183508,0.32733025514785274,-0.092093490165601005,0.94041144885308614,7.8394768015641416,16.700821667379206,-1.4990648746681579,1.004513225543608,0.8544416196337963,0.9625468164794008,True,5
0.9265957733107405,0.26683681292892669,-0.26498752451503044,-0.21497804853021155,0.95400667753963364,0.20893945979620812,0.30855260739914819,-0.13663591941990297,0.94134261243792894,-12.73048215015204,-16.089772955246033,-1.1387491827955154,,0.1682327020829567,0.6296296296296297,False,5
-0.768284232844899,0.62816599259171535,-0.12307243116632391,-0.62905235416090977,-0.77650825815589009,-0.036442567696619216,-0.11845874086171042,0.049420752391787143,0.99172834785867015,3.4596234388245128,12.116006992731242,-2.1194039199071275,,0.307884884468506,0.3389830508474576,False,2
-0.21908235291408223,0.97461012501840127,-0.046238802463353351,-0.97068883598217959,-0.21291098257257335,0.11149931479404507,0.098823612265438648,0.069311021573749743,0.99268820681380743,17.907788345622016,19.64521261562686,1.2040496005929595,,0.1847229515057771,0.1578947368421053,False,3
0.25916351593060921,-0.85842614704889986,-0.44264977360580271,0.96255911389118631,0.19185539138461685,0.1914979400977263,-0.079462093324438737,-0.47570585329533099,0.87600782922589315,-5.0165843088641493,-10.385011534712678,-0.50522910384729058,,0.1923076965010239,0.3043478260869565,False,4
0.15703125946954732,-0.8778272813600636,-0.45250463826286735,0.97857296930537285,0.076516252471899415,0.19115492892552674,-0.13317705243124417,-0.47282610673233494,0.87103349275333219,18.100190833541308,26.66653878470218,0.16986447400309215,,0.5233030538582637,0.5,False,4
-0.92230611769065707,0.27258909999765729,-0.27394635940792395,-0.31377191989280961,-0.94200544175565137,0.11905011545362104,-0.22560719748529404,0.19575732493372361,0.95434818707724511,-0.94965911444652007,0.44776956383063982,-1.5520397235948511,,0.1281314148858659,0.3472668810289389,False,1
-0.66540199471908523,-0.66098410774228145,-0.34690084280093997,0.68017603768351487,-0.72832548085980886,0.083081596587220419,-0.30757233813367568,-0.18067098063183246,0.93421477914477224,-7.3367527613895085,22.313475114078262,-6.795066666975222,0.4751940112607077,0.4246904215501176,0.6410256410256411,True,5
-0.62102362399229094,-0.63996969884981847,-0.45251347272490505,0.71863247718969891,-0.6953844804969288,-0.002790521853069966,-0.31288499671872633,-0.32692385786003508,0.89175320015699033,-5.255913608812711,14.366622222539808,-4.9063203288028321,,0.6006987983932466,0.2792207792207792,False,4
-0.70039687434700115,-0.58651671395374005,-0.406746066554869,0.62974282888038358,-0.77603141355502248,0.034629678738414049,-0.33595861036544838,-0.23189089984020592,0.9128846710798777,0.80415167079541083,3.4715392559857321,-1.582027036548612,0.3238821603196407,0.1857238882762843,0.1276595744680851,True,5
-0.94291520997911782,-0.13759426655117118,-0.30327994427967364,0.13482191015702602,-0.99041051004646696,0.030167434944132127,-0.30452251038576372,-0.012443448145224266,0.95242385588907308,-5.8708308150534076,18.370092786185939,-5.7777559159297152,,0.180221319832296,0.5625,False,4
-0.91401870964664811,0.30153222264112234,-0.27138186587349244,-0.33040704213502481,-0.94147570386286106,0.066743430714273508,-0.23537413817889463,0.15067122401119559,0.96015477779965652,4.8808269377359244,-21.685672849910123,4.42012124172299,0.1875091415791392,0.1492893082519281,0.3478260869565217,True,5
0.64199846740352107,-0.70590452148466376,-0.29922696135047139,0.7640817957151983,0.62132569343538158,0.17358972358316196,0.06337962849501684,-0.34007821045246156,0.93825893732342536,2.0190405506752112,-19.11240817981874,3.1127723767666082,,0.1063105215410958,0.1428571428571428,False,5
0.73468792590077536,-0.60476908017497,-0.30738902257552825,0.66962440971655701,0.71913086777192325,0.18561773872492449,0.10879706543547236,-0.34220630426969406,0.93330490402156785,-2.0128467952580049,-10.156294946213707,0.23045127782615957,,0.06753661341354877,0.1272727272727273,False,1
-0.676649019465702,-0.64440328937966518,-0.35621693543790178,0.66271088560185798,-0.74383259349669995,0.086760330547855979,-0.32087440932692662,-0.17736254815670494,0.93036666962572079,17.91091931688025,-7.3648388504773799,5.7562417503685053,,0.1153715753216265,0.2142857142857143,False,5
-0.54879504726086881,0.82046735385424707,-0.16017901660750838,-0.83533433523761369,-0.54561898804794684,0.067204674351316399,-0.032257471616243094,0.17068462479362984,0.98479754994820301,16.337689036552081,20.968827151030446,0.52484032338253028,,0.3033044578248083,0.1612903225806452,False,2
-0.14258779127716267,-0.90317353463420436,-0.40490281317256493,0.96971909565082082,-0.20942246503172068,0.12564675352029897,-0.19827656772511801,-0.37472629675056779,0.90568570995392828,14.574836108168586,-3.3112881352083163,3.9488698779567901,0.2343964917933716,0.3654924365959948,0.4150943396226415,True,3
-0.68497420004161291,-0.66322935676099659,-0.301557897604667,0.65590631482712447,-0.74154599718999881,0.14105474193160236,-0.3171706976491574,-0.10117487030821698,0.94295619949754916,1.8783270594302302,6.5495414458331647,-1.6623465001881377,0.2272811989011143,0.1895480287887882,0.7769230769230769,True,5
-0.81727316153290097,-0.47837135966541483,-0.32128713277982407,0.47454068826822149,-0.87501405534828003,0.09571592407160455,-0.32691851372466002,-0.074237761246017719,0.94213217766364388,10.533399242964101,-14.125614809078105,4.6939882423740729,0.2179963637097038,0.2082520113635602,0.375,True,5
-0.3892532439535355,0.8888368861260163,-0.24176621338279972,-0.91962106607755945,-0.35996985205130483,0.15722213724706641,0.052716286838349002,0.2835325298373535,0.95751255742470975,-12.943291209194204,-13.998781918480685,-1.6675978969109908,,0.2692985104888468,0.7017543859649122,False,3
0.71321801784040317,0.69768873221737804,-0.067457334402675873,-0.62323633153124003,0.67524949108323751,0.39448016407838704,0.32077489628599182,-0.23930849907334437,0.91642506959596781,-11.347075750109289,-7.7745020406969587,-2.5197922860805479,,0.3016256572420594,0.2307692307692308,False,1
0.24076095484411369,0.94192404485624426,-0.23412231065023259,-0.94245236236405283,0.28453444163867275,0.17556678557115082,0.23198643774360697,0.17837949782142012,0.95622332509723429,-7.5336091475689626,-8.6315964455997172,-1.4378714022363228,,0.7597382882625942,0.59375,False,1
0.93844317929954868,-0.11985133361222279,-0.32397539575950351,0.24667237323688643,0.88907238820809797,0.38562031690204202,0.24182046957988776,-0.44179853593840801,0.86390793151518275,-15.234462179808855,-0.87123227977966278,-4.7632555267314718,,0.1082334961805294,0.25,False,1
0.7759053524787779,-0.50381212624121352,-0.37966330537344606,0.61437396259139287,0.74011779175251702,0.27344156308273071,0.143232391883025,-0.4454200217588844,0.88379040848596113,-6.5148201812193571,12.572461394249446,-4.9331991431132316,0.4334167726043757,0.2235779783418792,0.1578947368421053,True,3
0.86352196866873077,0.43933250773130594,-0.24762220675254709,-0.39444654892791009,0.89432415158140499,0.21117819948342609,0.31423196792392255,-0.08468328966639041,0.94556174350802535,8.5562350526251407,6.5066883971061289,0.24431193441647359,,0.07037668572109203,0.3333333333333333,False,5
0.7577609649364383,0.61761377823967345,-0.21059805542101898,-0.56505419750453589,0.7824797948733071,0.26160872404706514,0.32636187568572406,-0.079237563967754804,0.941917902237426,5.4945813400676737,-1.3055633206017867,0.68064894265762854,0.9448736854693156,0.8889195290667259,0.9887926642893531,True,4
0.88433721056942083,-0.30389360285815648,-0.35439579024613838,0.41330783181897551,0.86262396874127267,0.29164451770975092,0.21708139984667787,-0.40438665494170906,0.88845208038794188,4.9293506274344727,17.890585643885917,-2.593451168584139,,0.278746044849453,0.375,False,4
0.44155440592667605,-0.82640485361295879,-0.34940624569644496,0.89702000347675548,0.39808566053523731,0.19204926513471787,-0.019616828726926105,-0.39822459090464019,0.91707816200666914,-0.42577700975322624,-11.006103598869476,0.82654651048412919,0.5890189980900878,0.5400925935251708,0.9187358916478555,True,5
0.96338633773355264,0.045573541734403381,-0.26421547373709614,0.034290797474240513,0.95641224320854734,0.28999959008484322,0.26591522234899639,-0.28844180233554745,0.919831735258415,-7.1193426982094969,-13.415420314365505,-0.33896924459694899,,0.3911456061141705,0.5789473684210527,False,3
-0.8544429528163382,-0.29698222009778175,-0.42629661191274837,0.36460578902513563,-0.92729364295178007,-0.084788668762834141,-0.37012141115025193,-0.22787729304827231,0.90060095509672689,18.279175650360475,-10.802873792060458,6.5330738405207196,,0.4709820069808759,0.1875,False,5
-0.90989783660974499,-0.29282135332967546,-0.29383938123928266,0.26634201271141522,-0.95542647204986408,0.12736635651216566,-0.31803751224932497,0.037628600034137635,0.94733110856855773,7.9092845279177251,-12.858581634644301,3.6035012277678393,0.7088441858259147,0.6209331312415907,0.9785714285714285,True,5
0.47649398848811209,-0.79978423413633515,-0.36510088710060118,0.87917026343436444,0.43174951818221058,0.20162341491547742,-0.0036230963885454937,-0.4170581882380251,0.90887256576275555,-12.124619454904563,-10.760046490945953,-2.0992861670504923,,0.4727802775522396,0.6153846153846154,False,2
-0.84570017445107637,-0.41343872150413691,-0.33743093885185671,0.4326963432342012,-0.90132042643577837,0.019883748172275617,-0.31235410912163614,-0.12918944403724691,0.94114026481931889,13.303054881016902,4.0171070029410849,2.2041134527271691,0.6990023553672128,0.7151673460560249,0.576271186440678,True,6
0.76364742532377672,-0.48187131168761876,-0.42970065018431347,0.63292649873518769,0.69012815977486419,0.35089481370430248,0.12746237482168798,-0.53992884907014771,0.83200371450288746,8.7616067232932942,10.721658037939703,-0.31258115474871973,0.7288342580898712,0.4455081878705092,0.16,True,3
-0.92234172664484471,-0.1933048954207644,-0.33454290710785256,0.22593085749223368,-0.97222355189228982,-0.061127839637625692,-0.31343418276032042,-0.13196432302825861,0.94039589031697857,-2.8258352537665705,-24.591883391331393,2.9903510945571665,,0.4475655455901254,0.7777777777777778,False,4
-0.94370474163280227,-0.13339055756907239,-0.3027017009717281,0.09690908343673893,-0.98642601630147131,0.13256071782794687,-0.31627518108004726,0.095763633572569465,0.94382166552678881,10.160747831354753,9.9013774153997449,0.28950510148188313,,0.09852400227714925,0.2608695652173913,False,6
0.95960289155207945,0.11656497167422587,-0.25607596119798981,-0.026790563450969758,0.94386263796455272,0.32925003624080962,0.28007955340379109,-0.30908886753356513,0.90885615788855745,3.5348691649788799,-24.177906417649538,4.5797052725564873,,0.7055066813091592,0.1666666666666667,False,3
0.76658667378205825,0.60157602317533843,-0.22461335650469641,-0.56513883550536903,0.79812741379845975,0.20883181737230289,0.30489829153899323,-0.033149957525279494,0.95180781260329872,12.60119970875207,9.0483626743114272,1.1475129647877518,,0.1727793347307569,0.2962962962962963,False,5
0.89660818471864046,-0.32593275442649694,-0.29976924906918384,0.39176831143315227,0.89940612200471004,0.19387165305239085,0.20642517591699461,-0.29126700343912426,0.93410501521789935,15.12457050589671,-0.62151817645918017,3.5507611000915662,,0.07785883199461807,0.25,False,5
-0.73429737552634378,0.65917420767368906,-0.16216265979838898,-0.67003481983540292,-0.7421268266549742,0.017352618452483093,-0.10890686159862911,0.12139661073021168,0.986611452599226,14.305569877464883,7.1677196984630926,2.0131626884669602,,0.08798168120890215,0.25,False,5
-0.46630144288798586,-0.81213421637604766,-0.35071495398948332,0.838298351198416,-0.53228667075929692,0.11801175581271876,-0.28252228007468583,-0.23897471565679684,0.92901681714496087,-4.0814337050863037,-18.209702134391126,1.4679567206997508,,0.1537598244669526,0.4285714285714285,False,1
0.5161252131272791,-0.73557651006232583,-0.43879603715034832,0.85567495773502644,0.46547537229868519,0.22617038817794294,0.037883123940373326,-0.4921990203443416,0.86965797489161734,-5.3994052167005657,-18.490625772141286,1.1993208907757256,,0.2365413826297288,0.5625,False,4
-0.82717862657518182,0.49265318395520252,-0.27031159811594518,-0.53941689619275723,-0.83094441028421306,0.1362380237642658,-0.15749581530620724,0.25850382464524962,0.95308490744781504,9.207621479132575,4.8383403945657726,0.7475471027631263,0.1897875354306424,0.1513181718230633,0.6363636363636364,True,5
-0.94747947733587312,0.20325733959823467,-0.24691920526113095,-0.19534776334477844,-0.97911158210451421,-0.056389370851143483,-0.2532230072160368,-0.0051926571467079824,0.96739399673981019,-13.654402532990453,2.3270939466785854,-4.9476064576797976,,0.288465387658526,0.2631578947368421,False,1
0.95406052435919564,0.18088447310699579,-0.23885000156638292,-0.062653170458194435,0.90001486102420258,0.43133262126475147,0.2929899248967327,-0.39655271695499655,0.8700016359666326,16.84194990954936,-1.2728088914395528,4.2477604963238997,,0.1041077275662786,0.1333333333333333,False,4
-0.6625875464129688,-0.68078000300699282,-0.31227604910437817,0.68063883887468701,-0.72129859778998917,0.12829303894409982,-0.31258361178052646,-0.12754183757494425,0.94128877891656959,12.809210524984891,15.956606026507355,0.19227311084704637,0.4828409082072698,0.4154864731405864,0.7101449275362319,True,5
0.94537658291002846,0.16368902531218685,-0.28190249994937133,-0.11330228305679468,0.97586561112090087,0.18667860532409541,0.30565619434174246,-0.14454138516002135,0.94110683710009591,-1.8794636072012509,8.7170744850905777,-3.0509968378767018,0.7516634283333589,0.6208614836512536,0.9936797752808989,True,5
-0.93694575066587116,0.21918812085041145,-0.2721933650683514,-0.25420540346543008,-0.96192237553276605,0.10042388310744903,-0.23981716610398285,0.16328475473070392,0.95698788692145365,0.36394004108336869,5.2332446108518083,-1.8937429406000224,,0.107378044417669,0.1739130434782609,False,5
-0.95637720105225443,0.13704977882306643,-0.25799226234909572,-0.14117653583856626,-0.98998114500932277,-0.002553087278645394,-0.25575737533075765,0.033980739406006946,0.96614360957020429,31.397124011822758,-11.66931659983244,10.822895519695985,,0.3520296407627584,0.5,False,5
-0.88480317077139559,-0.35963034260675464,-0.2962927026935232,0.33945295374182255,-0.93308358671761971,0.11885584711798644,-0.31921002676738747,0.0045865972932504911,0.94767289817554301,0.11732394118132497,18.228003481943066,-4.1408567848516666,,0.08751964773984,0.3157894736842105,False,5
0.35918653490510694,0.9332434179279685,-0.0064618911307820492,-0.88746799588554903,0.34369449452620515,0.30704177356064066,0.28876563061027505,-0.10455054914489931,0.95167410033674371,-7.4373813706184242,-21.722698037071755,1.2447978761995717,,0.615621545607523,0.1666666666666667,False,3
-0.95555306964968567,0.14029885537021886,-0.25929628278259026,-0.15645191642152256,-0.98676476994788453,0.042639027166797447,-0.24988223012270303,0.081311253658422955,0.9648561297402839,10.643315783609413,-7.6047541672376102,3.5231914816850058,0.6457811633786956,0.7332335888481465,0.8,True,5
-0.78447846030997781,0.60716769096368273,-0.12625743684835206,-0.61030834550399893,-0.79198983372132969,-0.016608030895654713,-0.1100784661859758,0.064027324884689624,0.99185847425439289,21.498126419465773,-11.141343277745495,7.6029626313719501,,0.3688531335558123,0.2222222222222222,False,5
-0.86011718070094889,0.47849165342281264,-0.17676021347507867,-0.47883023869306313,-0.87682512405714741,-0.043581008883617017,-0.17584094510720971,0.047153360716629095,0.98328862629287639,1.1929960415911653,18.428963904189519,-3.7988129820560368,,0.1258799389511044,0.4347826086956522,False,5
-0.24669444288499853,-0.89936811250152826,-0.36094161586757828,0.94037330712577083,-0.31216243862634135,0.13510238767762861,-0.23417919441103408,-0.30609085273214853,0.92275050516307233,15.503418913449975,21.423021403027327,0.21672350593147205,0.1853582902731604,0.09583854941528949,0.3333333333333333,True,5
0.9375557644256991,-0.19231086206289624,-0.28983740428862831,0.25082842843432424,0.95109064193953374,0.18030998392827199,0.24098607445516659,-0.24175012543465696,0.9399375451438341,16.012631096303192,-12.14987794479006,6.0344881402349992,0.446001972439962,0.4295132470577195,0.8349514563106796,True,5
-0.014703365014908499,0.99039261016093894,-0.13750014107571723,-0.98709724175839353,0.0075511893824230271,0.1599437865372807,0.15944543383305396,0.13807772187255468,0.97750278585397166,12.157873855758845,-11.127368131550543,4.693599507202971,,0.08650616190001593,0.5,False,5
-0.83559700105413581,-0.37265662488945556,-0.40361453362748856,0.44801198447502549,-0.88746611766496575,-0.10811638064337739,-0.31790393768571812,-0.27116587160384642,0.90851866050249175,-9.6725776916069037,3.4227925100084038,-4.2667913234998034,,0.5213625847468064,0.3768115942028986,False,2
-0.66555773740049806,0.73107978991669909,-0.15018401699809733,-0.74290692147678983,-0.66823547643816872,0.039378344954208666,-0.071569575995731369,0.13778130789337378,0.98787352782984439,-5.7069869237519164,23.710950552558682,-6.641160640440904,,0.2760252137718005,0.1379310344827586,False,5
0.93582600994016818,-0.12869530341273949,-0.32812680170776476,0.27198556355984438,0.85578691481670877,0.4400597796249191,0.22417299644358987,-0.50106514078311359,0.83587091847814643,3.156608626576527,-3.7783041047888113,0.43732339094662132,0.6229927809486757,0.6586620285807525,0.2642424242424242,True,4
0.94387177073560213,0.21015862266147609,-0.25483216776826045,-0.13701007691142519,0.95108551031058053,0.27688371368137332,0.30055668223009935,-0.22642814621485274,0.926496613792269,-10.836327525372793,2.1761376016590592,-4.3032958952884934,,0.0989354642857655,0.2439024390243902,False,3
0.94947847839480415,-0.09976831095380595,-0.29755151351406345,0.17964126407448261,0.95020712780035232,0.25462802382912297,0.2573317611699093,-0.29521635863689377,0.92012372335809445,4.3724742527032268,23.940749316235934,-3.71717524595313,0.3729056333472946,0.2054982163130169,0.45,True,5
0.3067268094545828,-0.86708629908641077,-0.39253027182428252,0.94938240933886264,0.24935764593190529,0.19103351866422832,-0.067762122160906435,-0.43125643688173698,0.89968115488117251,8.9966421369755807,-3.6289276577743923,2.2536000201163437,,0.0942584502848832,0.1590909090909091,False,1
0.9570542541321666,0.11189035545815565,-0.26744663580417438,-0.0074786250958729242,0.93174123794351826,0.36304591401385644,0.28981239589465196,-0.34545450332993,0.89256370154453035,2.893131997989224,17.112849773539672,-3.1036097513331744,,0.204064786575253,0.2222222222222222,False,4
-0.52831054813374601,-0.78571686216744718,-0.3217716227953612,0.80385288241946018,-0.58487690845340035,0.10834918266381349,-0.27332857178960379,-0.20141503038187594,0.94059740451466367,8.2829536524925089,-15.255554522757427,4.1794775414866434,,0.1321138901519801,0.3888888888888889,False,5
-0.96141534384380212,0.027229784110167174,-0.27375002370596929,-0.051695621621878372,-0.99524443583606925,0.082559527872154717,-0.27020010978316178,0.093525674521273569,0.95825093210416934,-10.35157369654943,-6.8330379304101054,-2.4634997576347195,,0.07037701637020423,0.2424242424242424,False,4
0.94321796176611938,-0.11854267634436122,-0.31030228888437611,0.22153678145781161,0.92055005545839919,0.32172822359384556,0.24751026456104908,-0.37220320965925818,0.89454090999588465,12.903890273998229,-2.8342258392951436,3.3094644987999775,,0.1850623620257182,0.1428571428571428,False,1
-0.89889858577115167,-0.28348544906231005,-0.33409180275571476,0.27126814111176856,-0.95885367569369184,0.083744995232320901,-0.34408564067160452,-0.015350204514477286,0.93881278384189826,-18.680075271864332,2.3020756538491169,-6.2471653386773216,0.4424473803996855,0.3653397469491275,0.7590361445783133,True,5
0.95280988929525534,0.16682980440244483,-0.25361610994612499,-0.061935814927721947,0.92471263268697435,0.37559353266312157,0.29718221630912234,-0.34216131182845072,0.89140808107029823,-4.9406479183859275,18.021485959054022,-5.4580459821610878,,0.1839381623633649,0.631578947368421,False,2
0.94511405714592367,0.13554108176002355,-0.29730125149500275,-0.077652197848229215,0.97700623114167751,0.19856726940680564,0.31737919773436907,-0.16458262200383755,0.93390738586855104,21.346084270067319,-0.4013551777275991,5.4808970172370035,0.3426314941177317,0.2810456267544804,0.631578947368421,True,5
0.59373475600130143,0.76829439556913093,-0.23917098748205232,-0.74453966704033203,0.63727720159879608,0.19884278343927939,0.30518801372194754,0.06001241587765449,0.95039927726244655,-11.153396946286213,-0.15028361368685283,-3.8464390416106071,,0.08181055134217383,0.3235294117647059,False,5
0.47761368988404596,0.85439071692034296,-0.20469896452031433,-0.82962366064432491,0.51527466974175318,0.21498045590619946,0.28915349718524375,0.067145495477131584,0.95492499051112589,-9.4319795763051797,-12.009696157035725,-1.0944779307425605,,0.1292872575539886,0.3125,False,4
0.8706984056692032,-0.32282474563994534,-0.37103701967271752,0.45537789874819806,0.81415493440623554,0.36025367744639936,0.18578281862643775,-0.48263436096540308,0.85589065768866357,17.733728109460667,4.9459775822841729,3.3851897989625428,0.3873869373428561,0.2012011927163145,0.375,True,5
-0.62192324714029568,0.75965622511488073,-0.19008917462780583,-0.78024306764191276,-0.62177466371991852,0.067948678815119942,-0.066574995780763341,0.19057462370471082,0.979412621287167,-1.7704305022275781,-15.776350948809743,1.4368425162569789,,0.2256181701538457,0.1666666666666667,False,3
-0.76279014701968884,-0.57328128339679674,-0.29916510778599059,0.5589858290485954,-0.81716259604464991,0.14064186627182823,-0.32509388572001197,-0.059948825947553117,0.94377969025349018,-10.880595626602949,-5.5713286267789313,-2.8255661577270677,,0.07645233768108184,0.34,False,5
0.72543179766335086,-0.60637833105162686,-0.32565937199774009,0.68509891643485921,0.68166576420438685,0.25684871152378935,0.066243351656604055,-0.40943510541072647,0.90993115828539839,-8.0613932614666481,-13.461481659142292,-0.45555435606653827,,0.163008034332973,0.125,False,5
