axis_00,axis_01,axis_02,axis_10,axis_11,axis_12,axis_20,axis_21,axis_22,location_x,location_y,location_z,dbh,dbh_approximation,score,reconstructed,number_clusters
-0.67643064579794709,0.7118285268464658,-0.18905483276807339,-0.71865273282579956,-0.69409415438968358,-0.042089837776845967,-0.1611826015033378,0.10739391607377755,0.98106407321996869,0.50865502080740077,-1.9019508802794052,-0.93785763490189133,,0.5617773785708026,0.4824707846410685,False,5
-0.82953318454755542,0.50695727933514612,-0.2342413555790227,-0.4880761633521945,-0.86197095453184436,-0.13706834904843418,-0.2713970421758376,0.00062487804260291657,0.96246727478166183,-11.8229165951578,-6.2918687702247178,-4.040750890369126,,0.4432032099496247,0.3333333333333333,False,5
0.39924554724662992,-0.82465853296205927,-0.40067604996630712,0.91445225810370645,0.38971185897150845,0.10909507150189159,0.06618202665958961,-0.40995484018344602,0.90970158203522666,-22.144515851554438,12.69320186288552,-8.2536946739092958,,0.727194767229631,0.6875,False,2
0.883692379419458,0.40956518043213663,-0.22659245692116289,-0.36817235768860246,0.9071429568771352,0.20381553135672711,0.28902749625250806,-0.096685152768149707,0.95242589614321549,-0.87112557508417576,-9.5497612715684816,-0.70249432668210898,0.49507990131248,0.2404514840470512,0.4534883720930232,True,5
0.14593321153156386,0.97668054333506515,-0.15747575700026625,-0.98089144012436846,0.16355177023567236,0.10536983032880701,0.12866810196325895,0.13908966433024739,0.98188521977554621,20.133266226840774,4.3829563736867181,4.2532996265133427,,0.2368451707152023,0.3076923076923077,False,3
0.15588899605434106,0.96687440198432906,-0.20212004278798362,-0.98265449506959568,0.17260677103789954,0.067801518503562766,0.10044284060443756,0.18804465793879066,0.97701097352690758,7.4996312590110534,-12.417349647631134,2.006215711423486,0.3216711622713182,0.283014662555869,0.5405405405405406,True,6
-0.9395025356261073,0.24999080096753659,-0.23417853228621283,-0.21632416373672439,-0.9630821638189424,-0.16023920218670318,-0.26559149409520277,-0.099886661599203591,0.95889718588535056,10.778717079395545,-17.02137878152201,3.3465345912942581,,0.17502340708024,0.25,False,4
0.84756876591223651,-0.41468762099337597,-0.33115157261420841,0.48299801779332285,0.86131810778977835,0.15761989722480382,0.21986382571430482,-0.29353925493584465,0.93031962462047413,16.672972855656589,3.8530839324568356,3.2422834971312091,0.1814821947240699,0.1427387700616793,0.64,True,5
0.88397108257667367,0.3765824388085095,-0.27709347150241553,-0.3716087788965991,0.92556272817994056,0.07239165456795027,0.28372881527120786,0.038978237327284532,0.95811202706137444,-5.26407980694486,7.1299187749259625,-3.2484495182182056,0.4667296146065971,0.4181110678841293,0.9906191369606003,True,5
0.25370346241044978,-0.9221328893691686,-0.29207103160809678,0.96708732686768195,0.24787118317334292,0.057462846815729426,0.019407611209791259,-0.2970367164104723,0.95466880839965351,-0.3397939689741577,-6.4692584468742549,-0.7939680959570653,,0.07169587639555247,0.2777777777777778,False,5
-0.4512479493572733,-0.823200562916512,-0.34455205907786146,0.87157459775073498,-0.48946527626901143,0.027954675504203632,-0.19165857339681103,-0.28768833229875457,0.93835090169011992,14.81687344888465,11.252935311825901,2.244853045464819,0.1947643612573189,0.174788652962471,0.5625,True,5
0.16845017822447225,-0.81654039414253687,-0.5521651222140842,0.98565913093720314,0.13383280221147789,0.10278549825895264,-0.010030705671148256,-0.56156082999598045,0.82737465465045823,6.4488054697002299,-1.5258953103454891,0.78703965960894251,0.8857798940687288,0.4664078867993289,0.1666666666666667,True,3
-0.48175972933421674,-0.80436339672446766,-0.34771696708918121,0.85116461531599108,-0.52388521791846365,0.032604847500096457,-0.20838992496232384,-0.28025667602467613,0.93703246193384182,15.932318694135526,6.3133750349168798,2.9102082202936952,0.2011630041702182,0.1238945526756788,0.375,True,5
0.95279062616291421,-0.037097854912909782,-0.30135323435620015,0.097690486174941374,0.97718826658616031,0.18857269303173002,0.28748320230404029,-0.20910963824557732,0.93467992788217014,4.3964097082621496,-9.3847271620439443,0.85553521144014733,0.4161662907575336,0.1672432707632266,0.3157894736842105,True,5
0.77830862316704663,0.59222502140811251,-0.20857902848075416,-0.57009483189471222,0.80575025476563067,0.16049426653952431,0.26311132577438456,-0.0060042454380843102,0.96474679542663611,1.0732506202126466,-11.205060688751026,-0.027492252114774584,,0.1210165798184994,0.3333333333333333,False,2
-0.27965662846301398,-0.89465121361863054,-0.3484126520771198,0.94921287200594973,-0.31213287989695115,0.039597839656389466,-0.14417729979063049,-0.31964397578860743,0.93650447674698045,-9.8591249452804366,2.8639989770675207,-4.2385099434338498,0.3067030651101265,0.2532041804004205,0.8025210084033614,True,5
0.87350371884157818,-0.37515621464146387,-0.31024033874694873,0.42305372988780104,0.90029246360895687,0.10246473343026283,0.24086675735342364,-0.22075165816999701,0.94512005090212969,-8.0959219170794761,12.148159797230587,-4.4059170237421119,0.2982225142386741,0.2275250527054705,0.69,True,5
-0.91146778611987367,-0.27638735300273176,-0.30469083669496888,0.2864318296122717,-0.95802316118796216,0.012183169226071253,-0.29526815244909721,-0.076168587538222851,0.95237338498182,14.841710689935804,2.0551430873528456,2.9328038256152191,,0.09057311251266112,0.34375,True,5
0.93294416727860285,0.25195187313756845,-0.25716810526055917,-0.20697624750345917,0.95981972974520791,0.18949121183111503,0.29457768705423398,-0.12355703142398772,0.94760627175819756,5.5848798827199264,28.755560655573984,-1.8224884863424569,,0.09264275186819339,0.25,False,2
0.43017684164070774,-0.78940802412809108,-0.43793019575979197,0.89955514615933596,0.41558317526455985,0.13450339570168124,0.075818361458701564,-0.45180260720718546,0.88889030829822235,14.753868598314115,10.276323807815844,2.2673739930786221,,0.1487844480839706,0.2631578947368421,False,2
0.89064142634253973,0.36139030310339243,-0.27596177000694239,-0.35558698133325994,0.93181538678371778,0.072649732686435597,0.2834003323724697,0.033423551216900688,0.95841907213662281,-0.090001709090344939,25.268795933967894,-3.1123003327803591,0.7825480882370682,0.7014774308647891,0.9230769230769231,True,5
0.80893428950977964,0.5757133731268389,-0.11907740028328298,-0.52013098281747017,0.7952614213220256,0.31148520425568255,0.27402386021775677,-0.19003521715668595,0.94276059541729396,0.62221467464417524,-4.8946140727563723,-0.6743386777863436,,0.3786375486832075,0.1095890410958904,False,1
-0.027100926580965017,-0.86530697979915217,-0.50050911129501108,0.99671484259221987,-0.061618742895275684,0.052560946342044848,-0.076322095980250415,-0.49744040973253734,0.86413423519167787,11.159427701284242,23.163516143066815,0.21931227279954507,,0.3093350182266488,0.2121212121212121,False,3
-0.62403611709281492,-0.67788958542021482,-0.38864461213624441,0.74330916036473749,-0.66837402997332107,-0.027706464500023835,-0.24097804190753891,-0.30617293485223562,0.92097107298892777,-8.6841561002969101,-18.451521616969725,-2.0658744977529166,,0.156237043460055,0.2222222222222222,False,3
-0.78775859556473093,-0.53667594475503888,-0.30234967411123448,0.55462262682306795,-0.83152694379980518,0.03093030149927781,-0.26801144925126485,-0.14332435960520645,0.95269511965475873,13.791829089204432,-8.8083659160883041,3.6146211881266832,0.1601852709935966,0.1015312632806525,0.35,True,5
0.17775604768655212,0.97577902325730792,-0.12750719698068663,-0.97948201583823202,0.18793842534457253,0.072760765034994832,0.094961930057952143,0.11195734031325469,0.98916519641041367,-8.4477387405900846,-8.2886144811130382,-2.964830029471818,,0.1031980311638607,0.2083333333333333,False,3
-0.89601691220434432,-0.30064454825015552,-0.32675150902673983,0.32886663755792839,-0.94378414548152001,-0.033439818167252333,-0.29832939470513786,-0.13742031270949917,0.94451851750491855,20.639647012494173,2.7705974465606671,4.5358970076223777,0.3214314069178102,0.4695615032963076,0.5428571428571428,True,5
0.36891895715672146,-0.8662746538599404,-0.33684867096403664,0.92806958166658315,0.36315107509419109,0.08251150370188734,0.050849332695823646,-0.34305906304567113,0.93793647153025039,18.437760582843605,14.20964123606057,2.9978836545866088,,0.1233653127169443,0.2857142857142857,False,2
0.78458291556372917,0.57694692164605266,-0.22707245145253135,-0.54934853950135332,0.81666127504837183,0.17686306563015941,0.28748187899978783,-0.014021820121209699,0.95768343298150471,2.7697846442797385,-8.6283537574508991,0.30121200894860689,,0.2509523591928801,0.1794871794871795,False,3
0.13010379197456184,0.99087727792495339,-0.035145745203035428,-0.98151542401560976,0.13373057412564837,0.13690728966524846,0.14035838319566007,0.016683933470893197,0.98996018638662497,-7.5133704159468522,-15.297704949921762,-2.042365825246403,,0.7148907003893874,0.7708333333333334,False,3
0.9161742480988776,0.29173130425187754,-0.27480464559383994,-0.28109729030600794,0.95648415066031656,0.078245657504003877,0.28567299575402177,0.0055601848091981348,0.9583110266723488,-7.7749592734960222,-4.8811589855200221,-3.0431636147126753,,0.07887347551899256,0.4181818181818182,False,3
0.24740625906761257,-0.89646375704028736,-0.36761783864141262,0.96879506935420645,0.23476963985699004,0.079494212345298243,0.015041827320825006,-0.37581371517632706,0.92657314601504559,15.382578952051849,-13.807945017861909,4.4184266805455117,0.4078998136785918,0.3342783173977146,0.6,True,5
-0.88422649700918055,0.44555057574672036,-0.14010062968680817,-0.42344048894335157,-0.89130904618994511,-0.16206892516267984,-0.19708286153364366,-0.083981358834785913,0.97678322930831185,-14.880274165752017,0.36211429472988443,-5.3825374748552521,,0.5891887500024293,0.4883720930232558,False,2
-0.67621692384069865,0.68360372322835194,-0.27462086865305468,-0.7189412290063012,-0.69371033596188436,0.04346813792377216,-0.16079235412896076,0.22683015533210138,0.96056957035171731,3.2683540051263975,0.95512161194540057,-0.30439163657068141,0.2659177794138507,0.2240563144372222,0.7982233502538071,True,5
-0.90415918463106892,0.36362091187518036,-0.22422310606702467,-0.35641657810715055,-0.93144716232002756,-0.073303524174210516,-0.23550667017660315,0.013638777549027495,0.97177702794895204,-0.44504778121645594,-16.980983872991899,0.18054095177129231,,0.2257868948558695,0.5555555555555556,False,4
-0.18222713142396671,-0.88457351963700992,-0.42932850002065182,0.97689493905594327,-0.21246610474977051,0.023117793565620479,-0.11166714207803249,-0.41519614965634011,0.90285248334967372,-6.1346502876619962,8.1224508532794069,-3.5722711858406155,0.3769020074982711,0.1402951999209407,0.4516129032258064,True,3
-0.91991738330260708,0.3201655361643253,-0.22637587625516892,-0.30506377795454259,-0.9470885140781159,-0.099796983328200611,-0.24634954694049471,-0.022745899716600376,0.96891409565982523,22.049352982939823,8.9413618869070728,4.5696580145805381,,0.2015515162113427,0.4285714285714285,False,3
0.93575101191314192,-0.12904856205462195,-0.32820193834766731,0.2292676346990139,0.92975029576896195,0.28809848871010763,0.26796715355254103,-0.34483453444973139,0.89960143867592079,10.128731499952696,12.252346136618572,0.62672543640048017,,0.3786412862434091,0.3088235294117647,False,1
-0.29031753486225653,-0.89770386277922432,-0.33142646801781489,0.94618175696088369,-0.32105485924179722,0.040790441915315834,-0.14302381531031599,-0.30174749726963929,0.94259887340564519,2.3240324012172597,18.670230868153908,-1.9631836377397727,0.6027378717208702,0.6257196252877718,0.9070796460176991,True,5
-0.95704845493136204,-0.0028045414944148153,-0.28991445196902171,0.0010518976268439194,-0.99998022015624821,0.0062010327884496966,-0.28992610856022383,0.0056297285251505381,0.95703247475300346,-9.6308776578401822,1.0504416808628416,-4.0469084740855399,,0.0786303796917102,0.3695652173913043,False,5
0.31108949187222662,0.93878833095487735,-0.14798580239211234,-0.93849758487002621,0.32799928142253204,0.1078830597426334,0.14981859443944168,0.10532303190309328,0.98308771109750537,18.610312426199211,-0.1041887548849211,4.213084629057497,,0.3932178598330616,0.3043478260869565,False,6
-0.54014145164218241,0.79777439258401561,-0.26796124860711101,-0.83310045389694531,-0.55194447986132789,0.036068336076298363,-0.11912533708065869,0.24272064124794607,0.96275430114728999,6.8883598462778561,11.30037415413709,-0.22012178740611368,,0.07376869128356497,0.2941176470588235,False,3
-0.94235490976495395,0.21835027689474573,-0.25355547839057563,-0.21644376833507198,-0.97564033643068748,-0.035749532560985786,-0.25518487257437389,0.021191755694210987,0.96666001794829504,-5.7194147694804869,12.7984483191869,-3.8298966095280429,0.2916311667779833,0.2841176044129998,0.7758620689655172,True,4
-0.71006905895448225,0.69793093741758028,-0.093243434679951748,-0.68246134610573705,-0.71475496866497246,-0.15287853296091114,-0.17334486605331634,-0.044919276086693771,0.98383627502181781,-6.8482978236684939,11.394607245771006,-4.0404403019620485,0.5256468876080236,0.3254125378316823,0.4848484848484849,True,1
-0.84732860585807357,-0.41757429043132377,-0.3281248933948645,0.45265010229349367,-0.89100107356863278,-0.034999597043893792,-0.27774470037843102,-0.17818192632902385,0.94398574276382774,0.59871467736797779,22.009677648130232,-2.7055394640098527,0.3533338618717425,0.2803341053415194,0.5142857142857142,True,5
-0.63327500004151127,0.75022055129461218,-0.19008392551090386,-0.7589598223816949,-0.6500745849247348,-0.037189004359929875,-0.15146868433036909,0.12071519560579223,0.98106323915285154,4.9587097948270866,20.736132473027869,-1.4725556852160537,0.3368001704967908,0.3451162560628312,0.6590909090909091,True,4
-0.71974175285937403,0.67838068364365123,-0.14755154099529844,-0.67698722080147877,-0.73290839474793745,-0.067331922440180603,-0.15381843862945971,0.051428911782895381,0.98675982638655368,-9.1629589477153619,-4.4073421116748168,-3.4030220808704201,,0.2914833618714718,0.4642857142857143,False,7
-0.879516500819437,-0.3243452680670616,-0.34821095885804648,0.3732710806351181,-0.92408568615028963,-0.082063055107888527,-0.29515999923401781,-0.20215289197697628,0.93381731785051003,13.083508237663992,6.8677870689807028,1.9930840264551279,,0.1342328230909525,0.4,False,5
0.94794924022130511,0.18810477204420117,-0.25692184161345583,-0.12566979027345448,0.96237363144664245,0.24092342623503527,0.29257365188354967,-0.19609586489878258,0.93592043999109376,-8.5184067947908009,-1.2169147729414684,-3.5630113054737134,,0.2434766610108452,0.1578947368421053,False,1
-0.72433038679273509,-0.56688656810341198,-0.39240936491452594,0.64068075900781118,-0.76369679331505358,-0.079343386097886298,-0.25470307380528545,-0.30887995529693912,0.91636211041809212,-18.789241510353158,-4.436101507133059,-6.1236425321792662,,0.4031037927669068,0.25,False,4
-0.13461673987809464,-0.86729667376439934,-0.47924400155015434,0.9860274538039141,-0.16513894328217699,0.021885834610953774,-0.098123359550952277,-0.46960154289445938,0.87740879709607422,4.8404086576869867,-17.48232051268231,1.6914784528937974,,0.2068398970642081,0.2222222222222222,False,4
-0.73754374219598784,0.62500043187729426,-0.25574144853882064,-0.65074556476359813,-0.75898121379411132,0.021856967953572906,-0.18044234061894698,0.1825430833003914,0.96649810369764444,-13.595692480227811,0.36295457777598084,-5.0778958012281796,,0.09574487550189634,0.2777777777777778,False,5
-0.95534389151869659,-0.063295078051834278,-0.28863780423278712,0.059591694965235649,-0.99798891451761162,0.021609173772483111,-0.28942508327559108,0.0034437761790321215,0.9571944742718409,-3.3642781148171315,6.6175331482903159,-2.677539848716509,0.1114957701013024,0.09369882216762054,0.5288461538461539,True,5
-0.61996781578434867,0.76442449416855662,-0.17690421167041639,-0.77342346005275042,-0.63334519863065375,-0.026268056866288039,-0.13212137916180205,0.1205365176477458,0.98387747666146896,7.0369202640112887,28.358227619787474,-1.3928125368991822,,0.2320786904421469,0.3333333333333333,False,3
-0.60073201222754502,-0.69540212590972128,-0.39438170947102213,0.76836382430487382,-0.63845606800795063,-0.044619308863057462,-0.22076703328313002,-0.32983288572255487,0.91786283534703483,4.1891688609269089,11.699017253921419,-0.96361009114531049,,0.2199041488099243,0.6120689655172413,False,7
0.73358480817272165,-0.51347369817414867,-0.44519444122939666,0.65466959067903463,0.70973072124697578,0.26017307769712361,0.18237613949839176,-0.48231427990638154,0.85680329080837014,5.0661988952329686,0.8738108750285406,0.095214401615302743,,0.09808795151929436,0.3396226415094339,False,5
-0.28098440257213658,0.93191364646649866,-0.22931358669013191,-0.95930560590597369,-0.27968555583595839,0.038842558284739134,-0.027937787824947991,0.23089596225625983,0.97257726409021283,-11.562039125743331,-16.717535982239625,-3.0145675340729081,,0.1111563796733505,0.1904761904761905,False,1
-0.9227357966102705,0.31978426483635031,-0.21516661826845795,-0.29292535191837105,-0.94465008074383761,-0.14775304786758114,-0.25050626311034158,-0.073309268948314105,0.96533536308826684,-1.169686496435316,8.0959241401383757,-2.1889901247137127,,0.2501772899071125,0.590347923681257,False,5
-0.94225983807747371,0.10280812537947367,-0.31871129082944516,-0.087737800236562552,-0.99425403440315407,-0.061326939290172293,-0.3231848943806962,-0.029822884317413995,0.94586580423183086,20.179341110910794,1.9890839803976192,4.4608378790327476,1.024407328419911,0.2839430705190574,0.15,True,3
0.33599788483654708,0.91636604130653887,-0.21766648737357194,-0.92778473719786247,0.36182371861076745,0.091099275921214418,0.1622371807202648,0.17133848076500213,0.97176243094754444,-6.181797666148741,-8.8271842102238161,-2.2226933575804977,,0.08715945374911294,0.3,False,5
0.25412608247899965,0.94019539611939906,-0.22683154833436031,-0.95798889675868826,0.27693345598417562,0.074599830051631136,0.13295566137230908,0.19834434217427865,0.97107276454265001,-14.909483540417551,1.421488407860068,-5.4550374237877524,,0.1227770288825822,0.1578947368421053,False,1
-0.78084697307013162,-0.53876507703449417,-0.31624388755393973,0.56681168091707745,-0.82383772573472058,0.0039899915038858133,-0.26268331317990223,-0.17613515669581487,0.94866953337427828,-5.1637244773522077,13.318336066253428,-3.6696025377237542,0.3555642228065922,0.2913302738370917,0.8383233532934131,True,5
-0.93352971548309571,0.22106461538735434,-0.28222811010544546,-0.23730398477967793,-0.9711324285245243,0.024261596727051835,-0.26871748941543921,0.089622776634630197,0.95904049382211309,-5.0428793610631066,5.890832895884996,-3.1052868844732147,0.2051672827993574,0.1835578639749976,0.8664772727272727,True,5
-0.83372438981394326,-0.41953879142225475,-0.35901371049212316,0.48781038109244157,-0.86426058043047715,-0.1228604135286137,-0.25873668840698855,-0.27756233823400628,0.92521050278639649,-2.9837412172643125,1.8784163589440563,-2.2667730952648899,0.6877401679579989,0.4561368193841345,0.1815384615384615,True,5
-0.93386797592018267,-0.16950672005473788,-0.31489375256906155,0.20554225215638733,-0.97497233173096609,-0.084742757434264432,-0.29264822932869539,-0.14386251845205261,0.94533623100747166,-23.987409028907095,0.38927335536789182,-7.9524269014840252,,0.2812116820985174,0.2758620689655172,False,3
0.41598914854410218,0.89559525525971262,-0.15767741452042056,-0.8906552701779894,0.43625267422663505,0.12812803726852079,0.1835380559931018,0.087136347102692913,0.97914301254508962,6.7020776550456427,10.189823196059589,-0.17997980836206509,,0.08374057805917258,0.3170731707317073,False,4
-0.54159558440310351,0.79701388923576555,-0.2672883897971246,-0.83290003543443891,-0.55180720432972608,0.042265118278820964,-0.11380577282533252,0.24551511076732341,0.96268924189300986,-6.9816740135015696,-9.6809453025524661,-2.3997852189128657,0.8089369206804533,0.74673950053613,0.9545454545454546,True,5
-0.75710565881342051,0.61354018893592621,-0.2244091307259255,-0.62462217783559837,-0.78047701336312536,-0.02650974476850039,-0.19141096193429424,0.12010024218228979,0.97413437239384226,9.232353009358734,1.1636923481475525,1.408590197409777,0.1990336992714734,0.1715984005974266,0.3454545454545455,True,4
0.95714954360292492,0.0070017151242387325,-0.28950945954498825,0.043802882283310023,0.98470532865193505,0.16863191639828656,0.28626222014856695,-0.17408731059386043,0.94220356059919985,-3.1385042645721657,-7.4265848079156473,-1.4961307148402772,,0.06866406311325675,0.2972972972972973,False,5
-0.40581469135508497,0.87680588478978749,-0.25792610701201318,-0.91139112926014587,-0.40935233641542307,0.042389552688698567,-0.068415245276844422,0.25227386917639649,0.96523429753841483,7.6813070258141538,2.7024080355113367,0.7924865765304604,0.1897211090138326,0.1483668995469782,0.5303030303030303,True,5
0.81528372479011979,-0.4435479162000468,-0.37226025053307099,0.53826543839961871,0.81751859104843605,0.20477712546729107,0.21350120823268134,-0.36732628455472199,0.90525611555979513,8.4168056632937827,-2.4902288990425596,1.4488241948446903,,0.4552558268920444,0.225,False,1
0.048802523691791284,-0.90640999000287148,-0.41957030841601273,0.99839118003403116,0.032128264240451995,0.046720726312339943,-0.028868067333457356,-0.42117538467946042,0.90651967989037141,-1.4076606522136572,-4.0077230878391346,-1.3066151720939339,0.2294565586374352,0.1262421998819344,0.1346153846153846,True,4
0.93076568805291637,0.26974430412512101,-0.24680608650403341,-0.22269405455178889,0.95363867839547989,0.20243672872136723,0.28996998467197782,-0.13345891300388218,0.94768461342851629,3.5867434194056962,30.04938348343499,-2.4060094144798603,0.345944374325605,0.2687568592011969,0.696969696969697,True,5
0.834942248149243,0.52312943324024996,-0.17090066803036108,-0.46925964981957619,0.83897529907523449,0.27552827185759071,0.28751838777145633,-0.1498534070995938,0.9459794570041925,-17.149504468554518,-3.5881302833084163,-5.8077209069074662,,0.2494226159868927,0.24,False,5
0.91774454713935261,-0.2395988568274813,-0.316760688853507,0.30174372927210058,0.93921004934085606,0.16381454472088747,0.25825504456050691,-0.24592045670116686,0.93425235398950945,4.3933689609977513,-5.0908516853139112,0.47189191464164021,,0.08593681091987877,0.3292682926829268,True,5
-0.086851593209825426,-0.90149060584552099,-0.42399467960009873,0.99305964751245479,-0.11222406574755001,0.035189423830587818,-0.079305341808444368,-0.41799574954700786,0.90498078218340117,12.841949634649595,14.129783439440889,1.3536849609185337,,0.1338687529666091,0.3076923076923077,False,5
0.94324066663555806,0.16149312805948335,-0.29020167882779779,-0.11465392390518518,0.97843274029416805,0.1718250576999471,0.31169138990041573,-0.12879962076811194,0.94141337102886891,17.533366800864421,-11.327129670302586,4.8872749794421049,0.4095348780571001,0.3260765937490462,0.7659574468085106,True,6
0.77681072924598127,-0.54305489552989505,-0.31883611992580524,0.59736295748697599,0.79569232643127519,0.10015597176803363,0.19930526322890027,-0.26826312102001709,0.94250321482202881,-6.7920455597354792,7.2921679524397076,-3.7073068473684532,,0.08355916327121186,0.2444444444444444,False,5
-0.45355876228824804,0.86530751390272065,-0.21337140280517211,-0.88778125199586511,-0.45969655558812811,0.022880677111198847,-0.07828727710304223,0.1998048627133619,0.9767031888347083,-7.0191815396521502,1.8410978029756515,-3.3223899580121357,0.1774853026817677,0.1101606569108489,0.1967213114754098,True,5
0.95620503426309267,0.016473461159676413,-0.29223373783213324,0.04140147670812043,0.98076432477504882,0.19075444156016752,0.28975481044549756,-0.19449926561806102,0.93712975915703944,-11.021006302979565,6.1569294544340814,-4.7629191229685963,,0.1639097357728582,0.3235294117647059,False,3
-0.88534536641550365,-0.31894757858653372,-0.33828394032289716,0.34100471714684644,-0.94004141771727312,-0.0061575855413799271,-0.3160369678537589,-0.12080800921249796,0.94102394223522079,27.847490642838761,5.4057348321681982,6.5704446861155823,,0.2920632679642732,0.1333333333333333,False,5
0.83028795831386792,-0.47899322902490543,-0.28493401486534403,0.54174319542786953,0.81369635727122147,0.21074284892054379,0.13090537226023521,-0.32933831345872955,0.9350936096464193,-12.265433124712329,-4.3419934768926671,-4.3750036791065581,0.8490890236004274,0.5992087367379703,0.2777777777777778,True,6
0.074980385336452265,-0.92731198455311536,-0.36670209314777746,0.9960173829792146,0.051854291778499706,0.072529340458799024,-0.048242249305306018,-0.37067993704584856,0.92750691083875603,19.322472916159466,7.9240803626976097,3.7868559059306328,0.2677704372661789,0.3536589001744923,0.3287671232876712,True,5
-0.20128185127469594,0.94819992388731378,-0.24576924276142548,-0.97949967325954057,-0.19691756717725348,0.042471894488547081,-0.0081244342501853098,0.24927971453185901,0.96839744810229156,-11.183746334308877,-13.379037587037297,-3.1329175607315891,,0.09953611181807635,0.2727272727272727,False,2
0.80357319103222413,-0.4493285696299773,-0.39035107681235692,0.55620136271699216,0.80037798424969964,0.22368532906775065,0.21192019905155071,-0.39686133452714389,0.89307945357134089,19.659523648556995,-10.222258833249573,5.4040199607339154,,0.3158988230153583,0.4166666666666667,False,4
-0.96103630128365769,0.0012050133012619438,-0.27641956435456738,0.025482301732154763,-0.99534611701696885,-0.092934168300321904,-0.27524512695678449,-0.096356916109768237,0.95653304428250518,18.350403535074342,-4.4879689597589838,4.518343356235861,,0.3053760745640055,0.25,False,4
0.47520603226636604,0.84725537992742561,-0.23735532031469611,-0.85787482908954105,0.50609365428010966,0.08899432966204282,0.19552494601009104,0.16133051255555872,0.96733782165607085,11.979738951524618,-4.1170131552357452,2.67196060064698,,0.1332743071673367,0.131578947368421,False,5
0.93671891239917593,0.25875272049910125,-0.23580650709431236,-0.19147698622134415,0.94257192409126478,0.27366901845565828,0.29307719614684657,-0.21119942601533317,0.93247013869050932,10.680223286051437,-14.283805163306795,3.140561469470458,,0.4530050703136789,0.1428571428571428,False,1
0.15606107165948935,-0.84388620546635562,-0.5133234985231897,0.98773312662657653,0.13612411551741552,0.076508141652299286,0.0053115418645332466,-0.51896656674413688,0.85477803558866938,-24.331325592226221,1.8584679221140135,-8.1217462897933359,,0.208409044152417,0.3333333333333333,False,5
0.75483285492795948,0.60849219744755023,-0.2448767174860825,-0.59813039778794441,0.79178473664320359,0.12376169868295112,0.26919767525620025,0.053048812091370606,0.96162281335893507,13.860893881028682,21.014132481918445,1.2269749493395554,0.1731042768054353,0.1374884154202867,0.3947368421052632,True,4
0.93825214355086295,-0.1254658049672468,-0.32239920425790813,0.21690402738801104,0.93934368321943207,0.26568042400337577,0.26950984773301406,-0.31920491315089961,0.90855526270846898,-13.95430457598307,3.5852980748918357,-5.3268674174639372,,0.1427483163286666,0.2222222222222222,False,2
-0.33153972431984002,0.9383101019091713,-0.0982627287079198,-0.94127701163068567,-0.33603090196191809,-0.032875831582898585,-0.063867038239859758,0.081592803493087729,0.9946173213073497,10.550561980823687,-2.7185575272610558,2.0917910866536835,,0.1583275334513209,0.375,False,4
-0.89875730317354963,0.39961021940125097,-0.18040782284117479,-0.370885635026309,-0.91237316897162835,-0.17326005388375088,-0.23383574517883285,-0.088808068838100857,0.96821173881848144,-13.086933657902765,11.022457318614313,-5.7127590814515354,,0.4884383972203631,0.1891891891891892,False,2
-0.90461451515048785,-0.25161943541263621,-0.34403522886715326,0.31651623904576137,-0.93715225534847468,-0.14684386509348815,-0.28546462022354829,-0.24172982856464847,0.92740317046187193,-9.2547381548780603,9.2556783021100557,-4.4813663402945991,,0.317534363397879,0.2258064516129032,False,2
-0.73068727910812892,0.63972791662988726,-0.23842041194902219,-0.65805903931390641,-0.75295783900630253,-0.0035767941254915281,-0.1818086932102429,0.15428118927251394,0.97115545290640326,-10.894624147174005,-5.4543184855318518,-3.841280299151451,0.2875001970789099,0.2303579858729369,0.2592592592592592,True,5
0.59025632850491372,-0.72541462760130548,-0.35407779473155215,0.79786938149312259,0.59085625240966599,0.11955475341527783,0.12248231192985408,-0.35307578088912434,0.92754276247181933,23.949278447735345,-6.7043514230420627,6.3937533204818662,0.7640045113722967,0.6807932468998843,0.8674698795180723,True,5
0.42053655400960299,0.88495924916179236,-0.19999033492827822,-0.84860521427929136,0.46164760751594075,0.25836152339852347,0.32096447940500561,0.061062376286912218,0.94512072729491514,17.741576338725885,7.641514667481287,3.3029563996432754,,0.3652626054397882,0.25,False,2
0.20774235371646932,0.96617364978190645,-0.1528122800675748,-0.97164771527502536,0.22184955118745614,0.081752639338110722,0.1128885816775296,0.13149621707499357,0.98486796730414672,8.1512161657618218,7.7806628751954214,0.50096909677211643,,0.07500137742712071,0.4186046511627907,False,5
0.93055961603286697,0.30579049044336876,-0.20137273142897733,-0.21691781926918252,0.9035110977055153,0.36961379304143543,0.2949668806701275,-0.30026633557123744,0.90710234650250798,13.048495248228999,29.257460134442976,0.38942906221407081,,0.575977526635673,0.375,False,2
-0.94007902732096715,-0.20088256207359712,-0.27549522436153218,0.23573961346014655,-0.9667062916702519,-0.099527786526224876,-0.24632956996049879,-0.15850912245008641,0.95613628791254368,5.1131929297967815,0.06794636846657974,0.23454433047884987,0.6559834145162722,0.4670261414333051,0.6022099447513812,True,5
-0.77936154180327544,0.5674599566187587,-0.26567797197407444,-0.59425484904000914,-0.80384651509856297,0.026305029107213718,-0.19863726123377867,0.17838155117088755,0.96370289023713673,-2.6986805068720545,-4.6709824030935057,-1.6168384637051949,,0.08236544726114539,0.3369565217391304,False,5
-0.69065424259670971,-0.5764686818361453,-0.4366698707779858,0.69229750941794954,-0.70160546505326027,-0.16874219940815893,-0.20909537449898233,-0.41884797990380218,0.88365462376068327,7.2384201139025901,23.984378443578024,-0.97921850978778369,,0.3716355384821853,0.3333333333333333,False,2
-0.9388110433234258,0.21810133621743866,-0.2665813798339039,-0.19217752048552728,-0.9739867031581354,-0.12007373855752401,-0.28583496209178999,-0.061495603186843273,0.95630364698388082,27.946731308782716,13.629131161959823,6.0388324565679223,,0.3582378266553286,0.4666666666666667,False,4
-0.44794662971628429,0.85622033780002493,-0.25735296785433559,-0.89066226105861579,-0.45242976154980807,0.045033849379544175,-0.07787524415228364,0.2493873372920051,0.96526752889891998,28.408062441522226,5.8286461413074644,6.7677917564568455,,0.2148146400798361,0.8095238095238095,False,2
-0.95852217929103556,0.11797841584606691,-0.25945389802741159,-0.068838299380588566,-0.97918529590787273,-0.19093832725831197,-0.27658004328865515,-0.16515825644595031,0.94669225727381001,-15.571658429197349,-1.0290371737841424,-5.5092082385393031,,0.1784000912844577,0.4761904761904762,False,4
-0.91508925567991539,-0.22000036867981163,-0.33795190770274613,0.27812775164772757,-0.95116399686724773,-0.13391043584016399,-0.29198734202454474,-0.21653380531517377,0.93158816182537019,-11.238284872277145,-0.66192210805639728,-4.3027389431686194,,0.06595458629266168,0.5,False,4
-0.30777748026179252,-0.84702615630371292,-0.43338171763591893,0.93987297867143005,-0.34152420647063791,1.8918079670048049e-05,-0.14802637132279689,-0.40731794329731957,0.90121045625372453,9.0442748296926432,19.619581088692769,-0.3633309211241067,,0.220027121217265,0.3012048192771085,False,1
0.73172770886630079,0.66444567537131938,-0.15194243830354021,-0.62977193354076089,0.74434022520030196,0.22213721181534327,0.26069497847408762,-0.066854869898271108,0.963103605314236,-16.900990860923784,-20.916226872034169,-4.0725867527930095,,0.4535024125368234,0.6206896551724138,False,5
-0.023938435763991722,-0.91325971982105125,-0.40667386865343202,0.99711688231892637,-0.051111255168434545,0.056085315276750196,-0.072006071186800177,-0.40415878531523064,0.91185020807408912,-1.0260203811187452,-7.3701311373773599,-0.93847474510460582,,0.1272727327510849,0.2745098039215687,False,6
0.88101354499532603,0.39310725240988326,-0.26321440241278804,-0.37645401775632203,0.9194923957060972,0.11320824507863861,0.28652662363189135,-0.00064987799980771588,0.95807205971612297,21.333435596867329,15.823476107593525,3.8907742588711756,,0.1749576402485578,0.5555555555555556,False,2
-0.95244847506554409,-0.07387251717104501,-0.29560912291763647,0.076077974708888912,-0.99709364275999013,0.0040508433452663625,-0.29504922319761195,-0.018631123810116404,0.95530039103732145,16.193946739745883,0.35406087601502273,3.4430125514407779,0.203511574547219,0.1957591445941633,0.3714285714285714,True,5
-0.71719134892036818,-0.61765884159531159,-0.32269819403417715,0.65082143549074611,-0.7592012221610096,0.006705473509983087,-0.24913455830042217,-0.20520979427981989,0.94647816255425921,-1.6822852523488629,11.165985868965544,-2.5677770787504652,0.2119220778747844,0.1599491707226713,0.5150375939849624,True,5
-0.83797134964146447,-0.36525306518010375,-0.40545556545274031,0.46857455980334761,-0.8624141495531239,-0.19151949393119505,-0.27971753446139463,-0.3504740119140089,0.89382664308451765,11.564859816671742,0.027061491821309958,2.1087950809542209,,0.3009286522327061,0.1304347826086956,False,1
-0.3119393262200888,-0.8798338930921612,-0.35858914836292577,0.93810466033171869,-0.34501050273257072,0.030453230832371978,-0.15051080699161745,-0.32689459091656775,0.93299861918880767,-18.801539276397143,0.55536639350521466,-6.4931977895490292,,0.1206492750685526,0.25,False,2
-0.43171607122746736,-0.74886200321809182,-0.50281898729076113,0.88340868044023746,-0.46364881895530885,-0.067962313116796874,-0.18223703566168606,-0.47353508087314222,0.86171584064336881,15.372821425460449,23.63398615501476,1.4362934412086505,,0.3342128848306752,0.5098039215686274,False,4
-0.43706016608165571,0.86370781199093505,-0.25097256170846322,-0.89600741075831924,-0.44242990773178176,0.03776899006620503,-0.078416395548694839,0.24138059625885436,0.96725708922647446,-8.2130026312084237,-2.212956563357352,-3.3324068261687372,0.3958401384036485,0.3629091596311529,0.7816593886462883,True,5
-0.95611302890425975,-0.01204746294071838,-0.29275029393019103,0.017269543316275442,-0.99973441223283199,-0.015260008883361847,-0.29248869864179106,-0.019645957196456801,0.95606715116285923,5.1913675198551168,10.967158680128927,-0.59969428600758889,,0.4464391185229953,0.615,False,5
-0.5842527508453742,-0.64548964062269998,-0.4919266682935497,0.78084203457009516,-0.61231120168484188,-0.12393832877564687,-0.22121130210287365,-0.45652833005197346,0.86176994823555364,-6.2448926429436726,5.8612768422906276,-3.4209859348836522,,0.2765950370402956,0.1313131313131313,False,3
-0.26932825879718042,0.94713013335838991,-0.17437545554864314,-0.96274361269958986,-0.26934797798203447,0.02400839359747383,-0.024228603332026984,0.17434499488516228,0.98438650820654361,-0.12271306369867097,-14.055158824150912,-0.025086940222517954,,0.1177500526894653,0.5384615384615384,False,1
0.28470208485203341,0.94926747746311579,-0.13355140999525081,-0.94999326276460627,0.29803379301877281,0.093212976139065332,0.12828688001024988,0.10033501108614704,0.98664855038031629,18.793189187502126,-3.3959723557367769,4.610495303944675,,0.2145611419149559,0.4736842105263158,False,5
0.92603230262667091,-0.1282688410652727,-0.35498067398622968,0.24613735351008034,0.91821969566806694,0.31030467881470419,0.28614782490698709,-0.37472615988080521,0.88187285217427225,-4.1829157971631368,-13.523960284189775,-1.1935917522186588,,0.3741805826287242,0.4166666666666667,False,2
-0.60493432602216357,0.77507108961425919,-0.18253566019897507,-0.78619188320346045,-0.61773470987699219,-0.017497171148072234,-0.12632016460212253,0.1329234150078655,0.9830435299403274,20.934732897634351,-17.245424522926381,6.4343598391393435,0.2662769245348699,0.2563501222048377,0.5625,True,7
-0.16977978373446004,0.95633502518069657,-0.2379036457217889,-0.98543243077897869,-0.16232809349046293,0.050719960891027024,0.0098868298314357811,0.24304919188590179,0.96996357710972647,18.718523277185042,11.52875854745364,3.3900915429068563,0.2056870600625557,0.2063622967745689,0.4,True,5
-0.69366481852490236,0.67278102238621007,-0.25728353126032144,-0.70058987686932594,-0.71316060136102655,0.023995439037496586,-0.16734080186564623,0.19689502935154429,0.96603799275578073,-10.564249140605611,9.4608925362179974,-4.9364958379874686,,0.07759974163724503,0.2083333333333333,False,1
-0.43170227149293133,0.89538724273770709,-0.10915509301177984,-0.89873651603956428,-0.43728152798913866,-0.032519840352478853,-0.076849356047464012,0.084062779052628933,0.99349263995916937,-9.6280147871619466,-12.423816368725534,-2.902711306583253,0.546904659928366,0.5335709151278877,0.2173913043478261,True,1
-0.27741947881920437,-0.84191133646701788,-0.46284309900872395,0.95056366336547149,-0.31048998628816193,-0.0049689338887320758,-0.13952474569371048,-0.44134031080685948,0.8864262943956529,26.404919234894091,15.256066665106212,5.5240302395214744,,0.2093461475681893,0.2,False,1
-0.2925082721215837,0.95380422088291961,-0.068530423655276757,-0.95614600660543614,-0.29284142261346585,0.0053586616051473634,-0.014957432698241888,0.067092543755977452,0.99763463541490449,-15.749444723361421,-2.3340328618458854,-5.4575419462916335,,0.4774830094532195,0.3448275862068966,False,3
-0.22387430988066462,-0.9211094452072186,-0.31849283088557245,0.96662505171605195,-0.25161411231602809,0.048232228627305383,-0.12456445227429719,-0.29706519222801381,0.94669740086055865,-12.378738379284764,0.89207735491363715,-4.7472641527003754,,0.06978262407956258,0.1333333333333333,False,3
0.80889242366395242,0.55424308659499177,-0.19623365639133661,-0.51963885956758082,0.83005963509050196,0.20242642569765212,0.27507908420372612,-0.061770568680234228,0.95943519545540956,-14.916765625536311,-3.6753305567197376,-5.09764943006462,,0.2710216441892396,0.36,False,5
0.94289993771874892,0.23301679130288691,-0.23799765213313667,-0.16967240885186391,0.950911571923298,0.25880196300794889,0.28661992450697593,-0.20364271986316781,0.9361509822258085,0.38513270384155252,-18.49396065228369,0.54670184784796116,,0.3360565684740047,0.5714285714285714,False,5
-0.95563911950283531,0.048557320351203415,-0.29050999968358293,-0.055090139549694613,-0.99837831650016173,0.014346207397695022,-0.28934227102212329,0.029714033428888668,0.95676440486524517,12.495540246505952,-3.0528667708326114,2.6595811325050627,,0.07763421533102455,0.3333333333333333,False,5
0.89793911665543269,0.34300017795934223,-0.27578292314775393,-0.32984036841439868,0.93931433275343112,0.094307558807496472,0.29139436189520579,0.0062818949239212413,0.95658238727871736,13.130350698948115,12.731827435141289,1.5099532205672086,0.3760241308219517,0.3155956702488669,0.832258064516129,True,5
0.4452295096762407,0.86312423191151488,-0.23830074276134877,-0.88009472299682989,0.47085109187723445,0.061094417348463256,0.16493623697231097,0.18252618871047618,0.96926788256304053,11.964885595054973,3.9487743711389034,1.9631587299674258,0.2991233328211675,0.2164586123039066,0.5384615384615384,True,5
-0.89098955294074633,-0.3354750463887195,-0.3059315443051559,0.37090301331762676,-0.9264427048685786,-0.064302949447894636,-0.26185601246172563,-0.17076418783304825,0.94987947703451658,-12.858895399731717,5.013554123891069,-5.1820343493061616,0.6372403360450465,0.7276047338644228,0.8247422680412371,True,5
-0.82425261508922787,-0.4832443947929253,-0.29509741005266077,0.49492801606286407,-0.86805409463204253,0.03909408789858311,-0.27505251395805524,-0.11382857151771762,0.95466704712773531,3.0172772665870649,-7.3017199031442939,0.22989216050998165,0.1198194497903514,0.1101571582633175,0.4285714285714285,True,5
