axis_00,axis_01,axis_02,axis_10,axis_11,axis_12,axis_20,axis_21,axis_22,location_x,location_y,location_z,dbh,dbh_approximation,score,reconstructed,number_clusters
-0.11363268920702739,-0.93507098356310203,-0.33575268821249071,0.98998743322260807,-0.13505071960112777,0.041063185416279555,-0.083740635326544438,-0.32772482181481533,0.94105469934619435,-4.420568251372436,4.601342892383383,-3.6213951171082734,0.3357334192721468,0.2392964649936137,0.7929634641407307,True,5
-0.20413870720290708,0.93922989078138075,-0.27599746463386654,-0.97863189813584051,-0.20289103102535258,0.03338918208809892,-0.024637292314063669,0.27691594716134715,0.96057824357788069,-5.5848951411156795,-10.370225947708818,-2.720282280642738,,0.06877706541230323,0.2941176470588235,False,5
0.91327484950813775,-0.18061784720385138,-0.36511127417177397,0.29129418329870155,0.91612512936915835,0.27543138186250149,0.28473979004036754,-0.35789934424330938,0.88928696794565609,-11.162450018645162,4.3551672381000488,-5.7537591335757075,0.2949393303852573,0.1999202304745011,0.2135416666666667,True,5
-0.88303432587652775,-0.32594922601987841,-0.33764993910976437,0.37432505934059385,-0.92313089899429546,-0.087807136792195192,-0.28307442355932844,-0.20392754933805468,0.93716723446113315,10.199076742423475,2.1775193873644909,1.2882309347062177,,0.2724635091199726,0.25,False,2
0.5493278197434035,0.78759075185691252,-0.2791769224800334,-0.80610177200963629,0.58747782781575519,0.071202071513452786,0.22008834503190741,0.18593173320965278,0.95759621499187797,-0.66403436854623477,-4.9364882927580442,-1.5304725472404674,,0.07066316446790952,0.2680412371134021,False,5
0.87515315860582155,-0.34077089319284193,-0.34348529420457818,0.40889780183560703,0.90041399404226774,0.14851675658611319,0.25866877785357401,-0.27042529039533775,0.927340620095084,-7.886261706139706,21.493588307588478,-5.8779105779995087,,0.08471127287461243,0.2,False,2
-0.77623557422560086,0.55623078620752753,-0.29675856479907609,-0.58554357312006722,-0.81054665928122838,0.012362730516529079,-0.23366013199610236,0.18336146160792838,0.95487251353914693,-15.634677067639267,1.0188762433879319,-6.81552330714538,,0.08016499927057427,0.4489795918367347,False,2
0.84269982304677837,0.48193128337089469,-0.23999842988113812,-0.44464336679010874,0.87434230266856472,0.19446802856456621,0.30356100639984351,-0.05716446337292666,0.95109565214062464,9.1079468673661292,4.8454592250201571,0.63511382815795403,,0.2840619895186552,0.6111111111111112,False,5
0.50098819566472563,-0.7766247857471561,-0.38192246591132573,0.85528033986242236,0.5117484515615891,0.081296141170022165,0.13231163232846568,-0.36737918352500709,0.9206118440814659,-3.3708918711431415,18.693722058275799,-4.3890501822838717,0.3073800672412481,0.223182179746805,0.6914893617021277,True,5
-0.66886913054251529,-0.59178624889491238,-0.44989234470725165,0.69911815692025803,-0.70647793130888736,-0.11010329349268527,-0.25268139795347222,-0.38817260103258711,0.88626979128021455,5.0539713118745375,3.0478674780661916,-0.42873454920317006,0.5687420140860472,0.1921711010153281,0.2894736842105263,True,3
-0.082368063122489038,0.96528874037455259,-0.24785711586226319,-0.99645387683600939,-0.075480776918247616,0.037179613423285449,0.017180614538976281,0.25004059674766294,0.96808291301010774,-10.203525264359536,-9.2807376115055167,-4.2387361920416451,,0.1070816292243403,0.2727272727272727,False,4
-0.52868448850804661,0.80926338071916737,-0.25609664628411249,-0.83957360313831542,-0.54296583274926591,0.017443319071867684,-0.12493548945088452,0.22423399629378393,0.96649378600267666,-1.5838491732399638,18.057484502415416,-3.8168965818250875,0.1997792299108416,0.1058839774792253,0.4390243902439024,True,6
0.099634928747747833,-0.87551881357396877,-0.47279983930989355,0.99448354313203036,0.071961007689951076,0.076315763848694207,-0.032792734149413055,-0.47779537508255221,0.87785888167559656,-15.17537549636152,11.575407961522808,-7.5804239073718529,,0.2540360335975805,0.1568627450980392,False,4
0.13528850009034077,-0.85364123572719453,-0.50298475365507378,0.99080101395018172,0.11490871201424119,0.071479638069321783,-0.0032206363655235618,-0.508028176944328,0.86133442920390968,-7.8627274311425852,18.142574473301568,-5.7079877643223433,,0.1007538655132601,0.163265306122449,False,3
0.58165608237447686,0.80614857132436701,-0.10863094765516321,-0.777792214894238,0.59028598697693169,0.21587432461639838,0.23815010452798957,-0.041072308558841003,0.97035951748975802,13.926329892425777,-7.7773483792868507,3.4656580800526147,,0.4594692197678173,0.1904761904761905,False,4
0.92370052796149982,0.22884858489248311,-0.30725504037583323,-0.22136045278271027,0.97337462082121917,0.059509641949702131,0.31269295576888256,0.013045027169624683,0.94976467752736737,-1.67977578399779,23.138730459923675,-3.9989514342620405,,0.0746441237633568,0.4736842105263158,False,1
0.54984464763447849,-0.62248132847077753,-0.5569451132499259,0.82324354659230281,0.51660100587127677,0.23535816052755043,0.14121234528837576,-0.5879118951322907,0.79650403457868013,-15.850388660993092,-5.3236297480195018,-6.3177301468035747,,0.1533937387563316,0.2,False,1
-0.94205823766175967,-0.084404896424478459,-0.32465688089611261,0.11840465495243874,-0.98919923631725981,-0.086401438384692358,-0.31385763418979218,-0.11983607273656363,0.94187722189883305,0.37996325566002642,24.266935804629401,-3.3341641807312481,,0.1046844378489123,0.2631578947368421,False,1
0.587714386476338,0.80317938304169145,-0.09744064134389821,-0.77613903611657398,0.59370023453640919,0.21243405595019044,0.22847318561436847,-0.049223065408212391,0.97230504127410644,-9.882046473585703,11.163680314145862,-5.987252770697288,,0.1074652643273527,0.169811320754717,False,5
0.64214790307781333,0.74441862130511305,-0.18299449944455348,-0.72746217036631311,0.66704445977417803,0.16078084267259124,0.24175372025824282,0.029876494753743654,0.9698775870193771,-1.3247813142521145,21.576777260350699,-3.7683583229196644,,0.1031238740735265,0.4,False,2
0.18242489969956643,0.94561599304531108,-0.26931682024435982,-0.97724744798792362,0.20452717593742303,0.056178818999263185,0.10820619839312659,0.25294075986284248,0.96141166553631674,-7.448199794180395,1.3682590440294491,-4.2243109392899179,0.4033701837833945,0.3281529077169775,0.8785425101214575,True,4
-0.93989968757917008,0.15472293698623785,-0.3043836231779416,-0.16574521399128353,-0.98611222948923505,0.01054489880243055,-0.29852487555907647,0.060361275849028562,0.95249116271507483,0.90750634395853891,-7.9328360799422777,-0.84858673752010438,,0.08341122597926473,0.1666666666666667,False,5
0.75878770692741626,-0.56783307391651572,-0.31907180380339695,0.61581033546921193,0.78500268396818229,0.06744195201835318,0.2121764514387243,-0.24766183866165153,0.94532786223912812,8.0525801359318905,-3.8431021154754426,1.1663416878551669,,0.06917281894139896,0.3,False,4
-0.81158251281553895,0.51050503845202744,-0.28410989177976442,-0.53269125379408611,-0.84630908756299883,0.0009779772843348522,-0.23994552094861016,0.1521365637293618,0.95879122490421331,-5.2588687534337879,7.8726721676954101,-4.183069787894361,,0.08435935278598992,0.5152542372881356,False,5
0.27919925532002959,-0.8684243489939143,-0.40974007114661903,0.95911859937209376,0.27276532880010279,0.075435984404556053,0.046252439581643358,-0.41405099381485272,0.90907782194577746,1.4761097855433585,-15.095382258997637,-0.044108724249904696,,0.2219689557087345,0.375,False,1
0.83158054915557744,-0.4463481996434106,-0.33052545278872836,0.495874010919446,0.8647147271092771,0.079858662742305131,0.25016545636991727,-0.23030789260338888,0.94041241965629996,-3.0662278656457409,-15.341620256231487,-1.5149391289925958,,0.1475472387859573,0.5945945945945946,False,5
0.82468104530742592,0.5241877639410133,-0.21243437020683223,-0.48751961959482071,0.84921346140393117,0.20288202848078118,0.28675040369766563,-0.063747039969521385,0.95588206431251299,-1.0770686031999599,-6.6362207648373142,-1.5877603103362847,0.3624563257256603,0.126176185404636,0.25,True,5
0.41040568518312565,-0.82280304615585464,-0.39314414761765981,0.90846097772632184,0.40633154022070783,0.097945553091516813,0.079156967589121024,-0.39735352855928463,0.91424523396273782,-5.5506057575697341,18.739056551078065,-5.0273841534052073,0.1958410042691867,0.1399797997900291,0.5172413793103449,True,5
-0.82209633507260793,-0.44720901055193896,-0.35236588475807656,0.5061360287319796,-0.85746952096694851,-0.092586937697131194,-0.26073729361103487,-0.25446045172849069,0.93127114323730942,-10.929216512989179,-7.5527277020601833,-4.6353654463856495,,0.4487682034560775,0.8723404255319149,False,4
-0.042805195832589051,0.96035042351108846,-0.27549007109478058,-0.99853955458908872,-0.03202601391620466,0.043509681148723237,0.032961691867351123,0.27695017330688315,0.96031876393962523,4.2776587911582995,-3.8651678059913155,-0.072360235429693068,,0.09330646033669904,0.2727272727272727,False,1
-0.74135629793255453,-0.57530000220551658,-0.3455730703889846,0.61375106074019825,-0.78949612195095642,-0.0023470970755525844,-0.27147831397004629,-0.21383587371330648,0.93838890879914372,-16.532158939507987,1.2003880422057887,-7.0967542613117152,,0.06762518709039372,0.2083333333333333,False,1
0.30653928815645543,0.93165145452764864,-0.19508775485163382,-0.94191373824664604,0.3264459410506978,0.07894021328672754,0.13723037024931189,0.15955755967061541,0.97760381066830737,-18.608443113560334,12.947915786650244,-8.6594125037725576,0.6456270304117772,0.3735908112068059,0.3384615384615385,True,5
0.30428271107809129,-0.81403821544324695,-0.49472600046585513,0.94810212938594352,0.30911297091323847,0.074508546268405099,0.09227341975242162,-0.49172243696130613,0.86584909828215939,-9.0765835271942237,-3.7566330406102488,-4.3949490951188315,,0.2059778032922545,0.3333333333333333,False,5
0.62730226167917591,0.72838712113739246,-0.27557952437250061,-0.7397427711575858,0.66793126709000405,0.081538058375450834,0.24345945250141204,0.15270895260175393,0.95781390195746763,-15.669672089671648,13.956593435292968,-7.8732872387059905,0.2436824995012408,0.1981009979890063,0.7401574803149606,True,5
0.69749053998540578,0.67365135646137353,-0.24433746452113603,-0.65406878794968992,0.73777668213962377,0.16697181774500514,0.29274727541155587,0.043352245948731355,0.95520658263556291,2.0537368822252327,-16.922272992000433,0.20093283098040576,,0.557824189981009,0.9217391304347826,True,4
-0.93018187647586681,0.26571064361493002,-0.25329731649896292,-0.2625728930584374,-0.96377822154596204,-0.046765537574434829,-0.25654853830563618,0.023008553701680909,0.96625744703458794,-3.8000479243464156,3.8243732978989922,-3.3113356645212311,,0.220546930274438,0.2559055118110236,False,3
-0.7827712808092947,-0.50660208818059371,-0.36141865777964266,0.55300004613345444,-0.8326184102806462,-0.030619141694806749,-0.28541210716536436,-0.22383231918735877,0.93190075757595303,-11.537564203450415,-3.4243972198471995,-5.1212889369774581,,0.1451552259514921,0.2173913043478261,True,5
0.94766703141677033,0.13405159465558425,-0.28975397760172739,-0.069072687837658728,0.97217146752267125,0.22385620726193478,0.3116988311826156,-0.19212706135553079,0.93055415260708019,2.0540501975805485,-14.60576609361121,0.072839151058378432,0.9553522576781011,0.394982325142209,0.2058823529411765,True,5
0.86418920694823209,-0.37052303239150119,-0.34042575851658657,0.42919627348443862,0.8959384587455822,0.11438897222924196,0.26261678054012028,-0.24496318214784418,0.93328745088035203,-15.649046932946622,-7.7158270933249584,-6.0655831718570123,,0.1093109692858747,0.25,False,1
-0.10779223667704312,-0.91528457601311231,-0.38811722278798405,0.99366881748844693,-0.11162537157711383,-0.01273018347796058,-0.031671988621991894,-0.38703219676503475,0.92152209078456726,-11.071572371589365,-5.2385741701161548,-4.8790389578711988,,0.06868682281289568,0.2727272727272727,False,2
0.16039358929307762,-0.88659891168748783,-0.43383898661628706,0.98705055897330118,0.14306497596371626,0.072550718004690318,-0.0022562234327221029,-0.4398576843105787,0.89806465636320321,-7.4313830283506768,7.0009885350080543,-4.8329044162650519,,0.08643372096636567,0.2386363636363636,False,5
-0.92906730728920051,0.25466927398989703,-0.26828622665327789,-0.22773231332599464,-0.96531511557629601,-0.12768994129184102,-0.29149945453394283,-0.057535106894673824,0.95483913801280318,-9.6966684137886805,-11.771666838682018,-3.8789641637309851,,0.1245975218667553,0.3333333333333333,False,2
0.75075995785713356,0.60954592197370094,-0.2545844745533149,-0.5993173159475802,0.79060326087006516,0.12555970176377867,0.27780971992308817,0.058311687566488968,0.95886469671659347,-4.1245660107326891,7.2426348129090687,-3.8122809442125658,,0.08323868679352381,0.3064516129032258,False,4
-0.94558946989127279,0.10876722513377685,-0.30664351479762469,-0.12236945786437982,-0.99215885993350761,0.025426608846261779,-0.30147349835884507,0.061566934243482661,0.95148475678548783,2.1424032453068333,0.87208868445437226,-1.0575451771679585,0.1339646242942418,0.1172029095984832,0.2878787878787879,True,5
0.77772408087915224,-0.53233702340097433,-0.33430905990904508,0.58537932785656988,0.80713661816345728,0.076560578223057535,0.22907705371527121,-0.25524061811602228,0.93934867345671114,-11.632519754515924,2.4561400697566023,-5.6711626090604277,0.3779897761806508,0.1983586308353603,0.9567430025445293,True,5
-0.035859780716963711,0.97915476060433371,-0.19992506324321163,-0.99526207212944295,-0.016899592920118632,0.095748689493603115,0.09037413295594833,0.20241135972322585,0.97512161167079892,-12.204565816941491,16.000086712547585,-6.9009773382432194,,0.1925888825472085,0.275,False,3
-0.1068262364258747,-0.92402361638211539,-0.36710831041969305,0.99125574427542373,-0.12774115476355716,0.033079401757735938,-0.077460987936249975,-0.36036447348176748,0.92958982438500803,-10.066364986657813,18.502674244687505,-6.4302244213953568,0.2040798642980479,0.1540305156595614,0.6938775510204082,True,5
0.35735466028180424,0.91923756119415267,-0.1652269737806237,-0.92009645879776802,0.37687169060046527,0.10672504547553073,0.16037503946276432,0.11388606110395522,0.98046407981299499,-6.8636047301800787,8.7876727332491598,-4.8596434080646826,,0.07789760817518282,0.2527472527472527,False,5
0.34030183228350253,-0.85085532834621236,-0.40029972916472195,0.93776810583526893,0.33841032179841535,0.077906570829580718,0.069178339258921709,-0.40190006758540325,0.91306664217472389,-6.3643678345421968,-9.8648016670413625,-2.9543486586285708,,0.07521416213747717,0.25,False,3
0.96208840483857105,0.058192891875383145,-0.26645729228218334,0.035300553602209545,0.94218557426174576,0.33322697155008479,0.27044365807049431,-0.32999989543671593,0.90441157490448187,8.4214745790941343,-9.2197820315401113,1.7620134099822036,,0.5055691105443137,0.3809523809523809,False,2
0.95015361107846108,0.058944906193152874,-0.30615945745386097,-0.013858453111523613,0.98897998246138941,0.14739924547984162,0.31147400956085852,-0.13580902887713811,0.94049978683864255,-1.3566025359509171,1.9545468484290742,-2.2994020590410895,,0.08710667012737915,0.3674033149171271,False,5
-0.23468972232062876,0.96263865380215285,-0.13508351654826695,-0.97151128940962339,-0.23699122813243467,-0.00098607197109670808,-0.03296283948203043,0.13100374038270801,0.99083372531369918,-2.8485385043694196,16.079853560061078,-4.1283263236527334,0.641617376676979,0.5095873826971669,0.5474006116207951,True,5
0.94009944005117629,0.14761084237400027,-0.30728501757994059,-0.13342839742101412,0.98880556201429692,0.066786400496297874,0.31370353134309181,-0.021785310262423592,0.94927103330905727,-9.8433017549876158,30.154110625919948,-6.9858294423946745,,0.1988245440345206,0.2,False,2
-0.93807720358534308,0.15909939178520882,-0.30773128480393086,-0.14257618519221343,-0.98689194510189515,-0.075606349660808037,-0.31572645047499109,-0.02704944041146351,0.94846462044922297,-5.7950690799527731,-0.538732637044958,-3.5724832728283027,0.4587220877463928,0.1614212647746372,0.3932584269662922,True,5
-0.94477222521386595,0.16060112740533702,-0.28567940132353831,-0.13295390959739684,-0.98456689002784081,-0.11380376524383086,-0.29954749270726305,-0.069536443229722272,0.95154399933778788,-3.2229911340854311,-8.889580868090265,-2.0186097573257125,,0.08344144366233855,0.3,False,5
0.15645021542507417,0.95477386067449843,-0.25284423083424878,-0.97787560829639042,0.18572614001339058,0.096255366679953991,0.13886189107315877,0.23219103317837544,0.96270696440772996,-8.8978096190173162,-8.7501816666158447,-3.875696194465327,0.8069000965831553,0.5789248833955202,0.8229166666666666,True,4
0.11030549466743356,-0.92367182278741844,-0.36696465992618615,0.99389727585711563,0.10215859748333997,0.041615213612838667,-0.00095020522944849056,-0.3693155625597242,0.92930356308432249,-5.9249261613440805,20.804483630945441,-5.217683523778355,,0.0833885802442846,0.2,False,2
0.34797482748160824,0.92366101460722705,-0.16051121310953023,-0.92780346090038057,0.36385512140854415,0.082402600481108257,0.13451489650005527,0.12024882834989117,0.98358830915178008,7.49035698450363,2.8458373970105519,0.28974741187247344,0.659425002079173,0.4321656962038779,0.7735849056603774,True,4
0.57701683632650624,-0.68892544975269532,-0.43867219569833227,0.80321444192931513,0.57598224799386522,0.15195726462433928,0.14798017053621793,-0.44002974294810931,0.88570632517166314,-12.098322493479703,-5.9016516425213377,-5.1063316881863443,,0.1600981714853682,0.2380952380952381,False,2
0.829037269975339,-0.45455274638595256,-0.32569772143020331,0.50227901605640157,0.86132152505492687,0.076426569375244308,0.24579055112280351,-0.22695160548020776,0.94237995190300283,-7.8561886085268862,-7.6289403630763042,-3.6592549605217406,,0.09260880281752756,0.345679012345679,False,5
0.71124320125321805,-0.60347442960163455,-0.36048817107924214,0.67197453686087572,0.73424004008675203,0.096652911720326362,0.20635728841426143,-0.31098259814720736,0.9277426869385319,7.2921188318287555,-2.9324745838132249,0.84609061955821163,0.9409897855332734,0.7768253379731491,0.9806678383128296,True,5
0.2603341374804623,0.94478001404047185,-0.19903985011045019,-0.9567487053090542,0.28015038861344904,0.078407108409779769,0.12983856034226973,0.17001907195788418,0.97684976501958964,7.7377467112437346,4.9769337367335584,0.20909461916634092,0.6451431221396651,0.6292458617144032,0.5729166666666666,True,2
0.71233401540433749,-0.52894061210377996,-0.46130475757920947,0.66650313179274123,0.71575193655105795,0.20850117657672776,0.21989503361468257,-0.45598354596486335,0.86239502549638403,-14.575141843794059,6.0834481046790758,-6.8967028596706594,,0.1845924838747907,0.2857142857142857,False,3
-0.8202772110238401,-0.42930799571745532,-0.37794171758091721,0.48992847788616267,-0.86835963253615889,-0.076952161358968277,-0.29515315283950488,-0.24828651472589153,0.9226258304286582,-6.4444900439309034,28.508717468152735,-5.8412398260272669,,0.1829543761055632,0.3333333333333333,False,5
-0.89382640130378699,-0.30965650707039238,-0.32432578059920802,0.3256139749625187,-0.94548767999354388,0.0053466147733195954,-0.30830164391619741,-0.10082606116173597,0.94593033662589554,6.4186616330383659,2.013210191521015,0.093578564325686661,,0.08084163465200975,0.4651162790697674,False,2
0.85324052557251395,-0.3040076028209433,-0.42374518634175085,0.45328559474328195,0.83411338041104077,0.31430405377197546,0.25790070786830077,-0.46025454484049533,0.84950160614015291,12.380731530457924,4.9372280140865854,1.794891210977664,,0.4420719788872283,0.125,False,1
0.76629351636209719,-0.54747458848072994,-0.33625261597386386,0.60425952280177708,0.79195435253958912,0.087628377806321808,0.2183224126945747,-0.27033290303152901,0.93768621918729533,-0.29912800042827664,-14.557037511981225,-0.69737335496867492,,0.1081815053847296,0.303030303030303,False,5
0.062104793598078148,-0.81980563130513728,-0.56926419305321363,0.99731836861011303,0.028847950016323048,0.06725970125356745,-0.038717776860294199,-0.57191478618780456,0.81939881077211441,-12.02918358559077,19.60871089147868,-7.0993443477745588,,0.4624293638221667,0.3571428571428572,False,3
0.62320363726051486,-0.70804028124762441,-0.33210869701958867,0.76855382769546154,0.63305572610307681,0.092549778944957861,0.14471434082328902,-0.31292076917151157,0.93868969941146696,-7.553748154267736,-9.7652222174713721,-3.4150940274030535,0.3878286614417448,0.1247038507672185,0.3666666666666666,True,5
-0.80555503757812907,0.52701934637570313,-0.27079824589207818,-0.54383224571063427,-0.83905654566876964,-0.015185575251549878,-0.23521813271477998,0.13503600155558165,0.96251634184882995,-9.4683293371007764,-0.8964632924445276,-4.7688847734413535,,0.09251050710216546,0.3333333333333333,False,4
-0.30983521156644184,0.93758744368726332,-0.15789847090317619,-0.94835903318706749,-0.31662018438996742,-0.019152101956532462,-0.067950613286920619,0.14381044564580814,0.98726960344025849,-6.6638895154061331,-3.6341197311433429,-3.5584637440289697,,0.2922752091989648,0.1941747572815534,False,5
-0.91117163496299669,-0.26681569911816794,-0.31396756893498257,0.27156151184969329,-0.96197198057859268,0.029398194903910869,-0.30987190405193016,-0.05847470637619933,0.94897845697015082,6.1142642717049851,-4.2427756332539976,0.58466557144362208,,0.07455775645644447,0.2058823529411765,False,2
-0.50109160299571609,0.85998615376818044,-0.096597208728805589,-0.85777491562582675,-0.50835534147219752,-0.076138301266788888,-0.11458359188946182,0.044706399135895553,0.99240714343761771,-8.6780859614307406,32.403232613509012,-6.6252719511190685,,0.4607048391507011,0.2,False,2
-0.87729183205171735,-0.34805620349570471,-0.33047832095842627,0.39024070520774951,-0.91812538452227443,-0.068978042120564825,-0.27941230004117984,-0.18947996596997985,0.94128959894482822,3.7698701265514059,2.9125157611798866,-0.80857519883063045,0.3494769255827574,0.1927261404456255,0.3170731707317073,True,3
0.70984671906233676,0.66372765988756977,-0.23576095719310139,-0.64723000010075959,0.74669726883402365,0.15341615197032327,0.27786860637000227,0.04368961222054335,0.95962505979054757,-0.44035900774251158,19.551724878938625,-3.5493966722809756,,0.2266736367969365,0.5,False,2
-0.44028950986745502,-0.82424505141876969,-0.35604106885631542,0.87779629882226795,-0.47851602734628473,0.022272614275353667,-0.18872944993986826,-0.30272513404803536,0.93420484260198255,3.5880040250570651,7.5131354136153519,-1.4345683348041196,0.3226100336202096,0.3011686919422047,0.7435897435897436,True,5
0.91962987824034059,-0.21121159115431209,-0.3311654432601932,0.25916890612215993,0.95982653928092576,0.10753833080090477,0.29514803937532713,-0.18472324773581,0.93742464049054897,10.524164431850771,17.513864380749393,0.087678436678662597,,0.2077183314675462,0.2121212121212121,False,3
-0.47452817324289426,0.8698136349651332,-0.13508239421739751,-0.87322053241942932,-0.48451000771793018,-0.052306349349768827,-0.11094554772450635,0.09313588379305654,0.9894527743102226,-3.9684562445577187,6.0973236034341598,-3.6027588643642123,,0.3930706133932574,0.3805732484076433,False,3
0.91498727957607628,-0.21712635455299065,-0.34008002642392943,0.28241024989005414,0.94661418451417068,0.15545429049598136,0.28817135348783146,-0.23828078360434518,0.92745864554377366,0.35623761074928217,-13.683007846299422,-0.53496315201828049,,0.1050801089988195,0.1428571428571428,False,5
0.73711404047341367,0.63038252883633439,-0.24347640270643942,-0.63068866510850896,0.7711281562504525,0.087138822240297245,0.24268230063316756,0.089326558064705908,0.96598450659609814,-12.916183755752431,5.9359039367200701,-6.4177024814376953,0.4809722465893826,0.3735404610677038,0.8648648648648649,True,5
-0.94354573894576965,-0.049301489496399419,-0.32755274636418064,0.075951397285127453,-0.99471671283674756,-0.069065522901747473,-0.32241715799212284,-0.090044568612945797,0.94230523287074575,-13.480714496149758,-0.089513471167288014,-6.036183769616736,,0.1399567866854482,0.3095238095238095,False,3
-0.17193932916901078,-0.89126205487803056,-0.4196293800718689,0.98172763108230887,-0.19028211017215177,0.0018912741606641123,-0.081533584825078331,-0.41163657282003435,0.9076935641848235,-5.9894958463688477,22.273882742583222,-5.3396398660225781,0.492048757873382,0.5297783577322445,0.3846153846153846,True,5
-0.76267383967639413,0.61669221415562925,-0.19498545400386497,-0.60316217150761386,-0.78698448558350198,-0.12981068643640259,-0.23350376685502452,0.018604635193889524,0.97217789442766933,12.685492876748974,0.52718098603416552,2.4230959735900819,,0.3260979132552841,0.2307692307692308,True,4
0.85083603130476393,0.44449876617246492,-0.28017654203147579,-0.41812999309720761,0.89570502580395372,0.15126075374024608,0.31819075521782203,-0.011547883818897708,0.94795637540617728,2.1334717296573453,9.3314433974422091,-2.1016814388899498,0.3414210143803631,0.1486662721975575,0.22,True,3
0.8403274700747525,-0.42893149752237297,-0.33146268790164268,0.47971659030423786,0.8731745618536455,0.086244869520286552,0.25243164624239023,-0.23148208346416321,0.9395181259616272,5.8650663765570341,3.1577934394681706,-0.17591117650332644,,0.5028475055924139,0.8392857142857143,False,1
-0.49137376055655974,-0.79652919707774239,-0.35226845677578317,0.84751657185457407,-0.53048634292479069,0.017317632694795651,-0.20066760542841777,-0.29004392455793393,0.93573876373625564,-13.991150853935764,-3.2422379161530306,-5.8912181323386648,,0.07064567574449429,0.3571428571428572,False,1
-0.75715341916626699,0.63733294031209553,-0.14326696422403373,-0.623097974842442,-0.77048557436858345,-0.13453956086282495,-0.19613162313120031,-0.012597733250596016,0.98049665146030351,4.6406139535527178,-2.5846736593402064,0.031033181735738175,,0.5028039034048786,0.2380952380952381,False,4
-0.74152123602843667,-0.53696333700030041,-0.40226437977574275,0.61068399730112899,-0.78848322090614298,-0.073207006425549254,-0.27786923535932395,-0.29994096930392478,0.91259196959750211,0.64767749215431691,-5.7826481999619208,-1.0649621947999188,,0.4282649712925055,0.3396226415094339,False,5
-0.84999300012085222,-0.40045389803898968,-0.34226974054235504,0.42858495230416066,-0.90347207383495043,-0.0072904361195823483,-0.30631166873626098,-0.15288848009497591,0.93957345335543341,21.594758488331621,-1.8834614533340563,5.5567920815343763,,0.679085724615217,0.4347826086956522,True,5
0.49903059163030034,-0.74013203792438687,-0.45074719639173277,0.85145736032668451,0.51553391388524861,0.09615168838700662,0.16121052125288693,-0.43177465195637854,0.88745806535594773,-9.7512316742610015,-5.3360475362439734,-4.4221804252014474,,0.2558842149682792,0.4269662921348314,False,3
0.85359264738023166,-0.3328545883765347,-0.40073359646415369,0.43620511830661846,0.87722155997750972,0.20051790312521475,0.28478884651881364,-0.34596265363086776,0.89398274882190643,-14.872164028898197,16.581808099382055,-7.7710082336898587,,0.4545993922314565,0.2711864406779661,False,5
0.62981610081899431,-0.68560076087766941,-0.36507982118040971,0.75637843479089317,0.64826049633210336,0.087464234281985132,0.17670128050593609,-0.33122488671477623,0.92685852851896822,-2.6458535014414188,-11.874429176808542,-1.6374711594875793,,0.07735065160948217,0.28,False,5
0.78660394116377563,0.5448752788042478,-0.29045683034421632,-0.55077231757656286,0.83181207562695725,0.068836945258448703,0.27911304866837949,0.10582816916665573,0.95440887709297662,11.384139495899035,-3.4609262808899399,2.2815747876298316,,0.1109195084418036,0.55,False,4
-0.36531770199498814,0.91243498223256081,-0.18440547661978213,-0.92762844544190903,-0.37337637269317453,-0.0097750458575047786,-0.077771741758365029,0.16748876831822329,0.98280164258670044,-3.9559387069701284,24.389773105768231,-4.8072288409663155,0.2142822180035285,0.1524427558580155,0.5,True,4
0.33275671791829886,0.91628770581022057,-0.22291210568581424,-0.92904810536451277,0.35906805398970554,0.08910527774859453,0.16168668652319515,0.17744568967739904,0.97075766420670695,8.2041639381211198,-6.3425464375888181,1.4183256156205608,,0.2819764364644398,0.6111111111111112,False,3
-0.90442355851320055,0.34560158403028135,-0.25015509573478489,-0.31882735929179634,-0.93711955329079988,-0.14197203177763851,-0.28349099063874827,-0.048646561603173058,0.95774024154300286,-4.1651893705318166,12.384639856300238,-4.2779795488616639,,0.1077727886859631,0.2446808510638298,False,5
-0.13171497326449233,-0.88129947711243384,-0.45383080267792114,0.98558007205004361,-0.16548418487066432,0.035311558101045942,-0.10622187814083209,-0.44263553427062752,0.89038794713607361,-14.967613303673902,3.6449165054691721,-6.8242620669859475,0.2939101739626455,0.239396453835606,0.3953488372093023,True,5
0.70338393990871284,0.67608648209691113,-0.21944954272980577,-0.66204353541906313,0.7355064119714142,0.14397456427704602,0.25874580245547046,0.044015754847108485,0.96494208273704962,-13.566282078843297,-9.9683572247018208,-5.2465672264968566,0.695863625363541,0.5085783080745685,0.7391304347826086,True,5
0.6413315027195271,-0.68662456553511553,-0.34240416122358291,0.74749129246583768,0.65979639625049857,0.076977160136009387,0.17306262250198035,-0.30531200680380588,0.93639409822689945,-1.5934016663116386,-13.214540044344286,-1.1839888803012222,,0.09220932954933361,0.1379310344827586,False,5
0.7315398855953652,0.61393342470943135,-0.29653860761740519,-0.6263962688309187,0.77693537156848635,0.063238776082729042,0.26921573166853291,0.13948899035510795,0.95292481938077855,-8.6208027622960675,8.8301728616723327,-5.3714009266346023,0.2028671326512943,0.1586026905675802,0.7479935794542536,True,5
0.5710531667253248,0.80243866538693953,-0.17317756513187998,-0.78700771401070047,0.59514865710341558,0.1625328706313082,0.2334890551195726,0.043477169181413922,0.97138694499120215,-9.5082456284416477,-12.940696242153066,-3.6964870232391975,,0.1932705540582632,0.2075471698113208,False,5
0.84007254234690421,-0.387489365025176,-0.37964472284913131,0.46922548988560714,0.87023139063764265,0.15008253192988597,0.27222337011435987,-0.30421919522156909,0.9128773838924481,10.798322332492825,5.5566462317134526,1.1316411549895804,,0.1880093796402357,0.2272727272727273,False,5
0.66328329683309151,-0.64959638132683473,-0.37159091688213597,0.72730982229772512,0.67650205883013192,0.11560876605103879,0.17628298423692607,-0.34694308721413369,0.92117034456328961,-2.6310958846078258,2.5761856735530544,-2.7754153588359696,,0.09799762066895398,0.16875,False,5
-0.72403163590954467,0.65362193172323457,-0.22035553220315665,-0.66418180134740223,-0.7468437605149375,-0.032968653882547404,-0.18612018955790122,0.12248578591124168,0.97486230170657273,-20.323154820649556,18.473833133459518,-9.4604003620541608,0.6836022216968779,0.5854419919590408,0.9020618556701031,True,5
-0.34643929342976643,-0.82568955116094056,-0.44521520759238375,0.92486199621360421,-0.3800105301943803,-0.014909222017709382,-0.15687607825182159,-0.41692776597994896,0.89529946611583422,-23.614858498648982,-1.743925770004126,-8.9515878461292697,,0.1993858025490521,0.25,False,1
0.9302248125620004,0.20191360279105747,-0.30645178267049805,-0.16487830629628525,0.97595802947939991,0.14255198633324906,0.32786726309111658,-0.08207814387899845,0.94115154788722455,-11.790901879275271,-12.286158449743407,-4.4211212650384821,,0.3067614677895392,0.2857142857142857,False,5
0.50288986691971416,0.85803430658590496,-0.10430201566180805,-0.84630456674070731,0.51332162844238571,0.1423709453753805,0.17569963592248702,0.016674366401789903,0.98430259749825033,-13.50243237407787,27.425303436452001,-8.0182542682811118,,0.2509723750798058,0.3529411764705883,False,2
0.92190343194011337,-0.22548920047975113,-0.31503758925569963,0.27698443818585916,0.95217205751446787,0.12902710525904446,0.27087577075091879,-0.2062110408190288,0.94026768713192954,-8.1905512936504508,13.441937987947338,-5.6389838712373912,,0.1065286758500091,0.3103448275862069,False,2
0.0069007680626774733,0.98449268732881301,-0.17528983996865816,-0.99881708330897812,0.015223720700528402,0.046180866364522857,0.048133288795705061,0.17476380324347762,0.98343316986238793,-10.30647701338013,9.7626674880878888,-5.9437247966135773,0.3969395392760403,0.1553763503035807,0.2522935779816514,True,5
-0.033396334760219346,0.96607948221455486,-0.25607639264219917,-0.99879659925296271,-0.023052877418425415,0.043288776414315056,0.035917101014709921,0.25721391658848758,0.965686783055412,-8.5003194494419692,-6.0337556029946544,-3.9328304637910243,,0.0809401074510964,0.3333333333333333,False,5
0.15093599690644091,0.96095178053238106,-0.23192671327275888,-0.98270997512144831,0.17130786395548644,0.070247566105950329,0.10723539357255203,0.21731380820981958,0.97019342356392246,0.9334389161541663,15.520735770972683,-2.947219047722843,0.1891929097643019,0.2656751448999912,0.3414634146341464,True,5
-0.92680005390136222,-0.20945324389752057,-0.31172263105080905,0.22881322107210125,-0.9731111385063419,-0.026442805779672611,-0.29780223295174041,-0.095833453113709638,0.94980512701988529,-4.6049652691837375,-11.790133645597829,-2.2503057049565154,,0.1086693558768804,0.1,False,5
-0.81041773015045038,-0.4049446536646365,-0.42337091317923647,0.46887814381283455,-0.88159187308458176,-0.054305207538965526,-0.35124975290016019,-0.24251927094490261,0.90432738226149612,6.5240906089988178,7.979143245334904,-0.51437896436322073,0.692380390687015,0.2156387868948332,0.2564102564102564,True,2
0.19431453683661926,-0.92107087242156294,-0.33744674950360931,0.98079018398089368,0.18842489784646593,0.050464570525014005,0.017101923303985418,-0.34077045917762644,0.93999096717530994,5.1674575090632118,-8.4161691724552234,0.66377717578187079,,0.07450044549878834,0.1578947368421053,False,5
-0.75201750417751945,0.59025290004824804,-0.29337891436715163,-0.62201576560974647,-0.78276021778860005,0.019566010847007605,-0.2180964482597928,0.19720029267771688,0.95579599487771838,-5.755542535010683,-9.0371964776291449,-2.8545790622433631,,0.07345385871463121,0.2916666666666667,False,4
0.47713619959454517,-0.76456025412939532,-0.43334589514851518,0.86979229920014645,0.48136061732517799,0.10841269455393805,0.12570761030500976,-0.42864854355744314,0.89468319690127518,1.9414835922433034,-12.972543608967719,-0.057478575086512947,,0.4405329141932319,0.1176470588235294,False,3
0.9299685090587142,0.26296964059589356,-0.2569154341100966,-0.20472510936716393,0.95087239443209071,0.2322268698957676,0.30536241051202684,-0.16336663561403708,0.93811787138633884,-10.095860584707543,20.438038183205222,-6.5357130134785217,,0.303211806703127,0.4117647058823529,False,2
-0.60556124691401647,0.78192082895326631,-0.14797092107903942,-0.78840668017071858,-0.61475873086186572,-0.02205922689704766,-0.10821498462841919,0.10330304970399334,0.9887456685233702,2.972557181598114,-9.3793400782079406,-0.027063000727224215,,0.2339476767668811,0.25,False,2
-0.94822839321549424,0.16684551318039936,-0.27023228717444364,-0.083660738099501419,-0.95205827431670575,-0.29425486097215647,-0.30637198827668366,-0.25641298141214625,0.9167271064841086,-20.274323327665261,-5.2751363942000555,-7.6370633182671721,,0.3969095191910444,0.2941176470588235,False,1
-0.50450574929620284,-0.72108335601481421,-0.47488181961988274,0.84181585723481567,-0.53304032057903183,-0.084935735382796876,-0.19188541225192271,-0.44261361288986245,0.87594130982018059,-12.004641689183034,1.0491549480942419,-5.6310717403926409,,0.2604666047603611,0.4090909090909091,False,2
0.75748082006979756,-0.54330633918959836,-0.36199589641705343,0.61504614442775762,0.77982509368927122,0.11658071657470129,0.21895444149625917,-0.31095183718530783,0.92486102064047693,7.5077888320062227,1.7673177187260836,0.4370749695780764,,0.7279408226601238,0.46,False,1
-0.54340768994441746,0.8299219853226536,-0.12624413169481188,-0.82790007494689255,-0.55470483385500757,-0.082969953602604021,-0.13888681871294181,0.059431015269753529,0.98852334621485038,9.1825870560673053,13.213338291705718,-0.23843831648402222,,0.5598803317087616,0.1428571428571428,False,1
0.21881237309219928,0.94290690597926874,-0.25109303462733579,-0.96852228264445595,0.24117286313104611,0.06164607132938766,0.11868333245630761,0.22970027589399616,0.96599795540740641,-4.9536308157547317,-7.5691312892895004,-2.7027343528859684,,0.1157017354798371,0.4264705882352941,False,4
-0.94786042121227931,-0.10746478685802573,-0.3000199018145957,0.11374819088087559,-0.99350343867512203,-0.0035023437918238198,-0.29769442549468139,-0.037446454121416534,0.95392651294694819,-22.760147647754334,15.174636120094013,-9.9999119017856994,,0.1003543941463203,0.3333333333333333,False,2
0.51678924143011906,-0.73766419993060817,-0.43448867428601368,0.84629047821000303,0.51683646161134089,0.1291220292597394,0.12931089062088341,-0.43443250349139934,0.89137371145722566,-22.094819836256079,15.974240183830069,-9.8844736301164868,,0.1207380226984445,0.1428571428571428,False,1
0.68354199226195056,0.70898109912648366,-0.17354004118924771,-0.68146315788512379,0.70504856359120194,0.19625108260393503,0.26149246501533746,-0.01588471149831916,0.96507479849015687,2.9203535373675775,13.926594369335175,-2.2754374053937347,0.5066984226824486,0.2923432012620505,0.5,True,3
-0.64851171890404558,-0.61755675399861754,-0.44503506157921091,0.72787685012641234,-0.67419626215795192,-0.12511870820264681,-0.2227730717438112,-0.40507166734164196,0.88672944172554102,-10.909285426564098,17.60554837780991,-6.6334242410355042,,0.2257293091374071,0.103448275862069,False,2
0.22182059497133244,0.96104912486153671,-0.16486419638429753,-0.97049406856605269,0.23398914421201208,0.058226654283424814,0.09453510736586343,0.14708385361353007,0.98459608646465802,-17.966603209633469,11.199175111074593,-8.420919774533127,,0.1123971604966221,0.1764705882352941,False,4
0.91111745830401147,0.34591697568447571,-0.22406789843023756,-0.30310894332979033,0.93077381282334992,0.20441398639961161,0.27926680011618854,-0.1183281678028888,0.95289479957510315,-6.3515194140287692,-16.952759462970107,-2.448122065736166,,0.6205766133363279,0.4705882352941176,False,3
-0.94859262762405472,0.016624917774301917,-0.31606271359698423,0.018949318655644816,-0.99384482056837387,-0.10914850412123392,-0.31593187578935172,-0.10952663940071333,0.94243883892898206,-7.9280241202621689,-2.0063188644975067,-4.0845372773929958,,0.1669163828960569,0.1014492753623188,False,3
-0.94262015538614952,0.19912669520430415,-0.26798470463219398,-0.18069560379135058,-0.97922407142227008,-0.092028890668488308,-0.28074248241096578,-0.038324629211584388,0.9590176647828359,-21.187082378462286,14.501379793488741,-9.5831233284141124,,0.2060238114146006,0.2592592592592592,False,2
0.055327506950782396,-0.87247412711042349,-0.48551803725249654,0.99805163894657334,0.034279964002639385,0.05213261996137409,-0.028840821255131561,-0.48745644071125283,0.87267085744766748,-13.574663249042477,19.54027485763228,-7.5058696975729902,,0.267943622936802,0.5555555555555556,False,1
-0.79354593474249913,0.56998099419912651,-0.21308804683845931,-0.56723669713461999,-0.819654483273481,-0.080056589194712313,-0.22028930722452578,0.057342778982700612,0.97374761967415369,2.0636991612474178,7.6204529577363598,-1.9842468359349563,0.3587063978930217,0.4168055795503252,0.621301775147929,True,3
0.72798841506817547,-0.58913834878676163,-0.35064066152591772,0.65343533502113027,0.75102447675713824,0.09478659323706598,0.20749730232547181,-0.2981245399165825,0.93170093282510824,6.6303210798018659,-7.0992562150365437,0.9513615865538535,,0.09218881240670607,0.2816901408450704,False,1
0.78941174256266589,-0.4045395236359357,-0.46171081265288261,0.56850126085253361,0.76554324966773746,0.3012471564965204,0.23159321473923714,-0.50029122189437802,0.83431005997900765,-17.486911033425145,-1.7811144021069563,-7.0945687242280551,,0.6798281661893767,0.5581395348837209,False,1
0.35262699121275415,-0.83439649287278683,-0.42359969045058748,0.93138636315035594,0.3566926077111004,0.072731190983017169,0.090408227533744556,-0.42018195616405074,0.90292495596719358,0.31375236788406818,16.520105281190133,-3.1287530397751402,0.2704405685391107,0.1585504573637786,0.24,True,4
