axis_00,axis_01,axis_02,axis_10,axis_11,axis_12,axis_20,axis_21,axis_22,location_x,location_y,location_z,dbh,dbh_approximation,score,reconstructed,number_clusters
0.96782392190480282,-0.093699781111412195,-0.23353202608738513,0.1166198436798789,0.98941807535959325,0.086323138333812666,0.22297234861947854,-0.11078006666991766,0.96850973592407541,-2.584487119091369,14.121902190045448,-1.3179993729573303,,0.07284097110871017,0.25,False,2
0.94127682013516867,0.29394575737196843,-0.16611393559615958,-0.26418036047782911,0.94756671831872985,0.17979447008313909,0.2102538584997419,-0.12535232769156046,0.96957728362842621,-0.19453075000613507,-1.0868609374547911,-1.0412133466062454,,0.0925359119075742,0.328,False,5
-0.90333664072771525,-0.35364165461097741,-0.24273543961024105,0.37361521891355282,-0.92670877502642479,-0.040280447927015677,-0.21070021764332611,-0.12707645892545566,0.96925589596969786,13.258073330457718,1.1599911630044673,2.2553159823021538,,0.09445671410234333,0.7096774193548387,False,5
-0.7064191332928228,0.69136940145447834,-0.15159274009758739,-0.68335792206156731,-0.72199543732145322,-0.10837222357551538,-0.18437450602920993,0.027035887621474908,0.98248414862887479,-4.4126887656038551,-15.46623754394734,-2.3602744003401934,,0.2510441614843933,0.2068965517241379,False,5
-0.091253852397459478,-0.93571809942960327,-0.34074091744678203,0.99441830330918379,-0.10382214396667529,0.018793628331108814,-0.052961990769868308,-0.33712401400970382,0.93996937541160264,-1.7573120691026545,-9.2495664898561945,-1.6285270306372652,,0.1397701502351976,0.2926829268292683,False,5
0.97253984445781916,0.098902682862945637,-0.21067631633497316,-0.051370673060212646,0.97411057482007535,0.22015822031676263,0.2269962662496959,-0.20329005717500065,0.95244204430636259,-15.161839984320153,2.0398969998342342,-4.5017635349468517,0.5733304832979556,0.4993017343555651,0.5454545454545454,True,5
0.46715944827599959,-0.82640014869094958,-0.3143641902794283,0.87920650969441361,0.47181425723769299,0.066236092715464448,0.093583990070049888,-0.3073338590374009,0.94698887844142521,0.82498461766211717,12.244336018693611,-0.49993122074400859,,0.1812871243894496,0.7586206896551724,False,8
-0.6946890828702823,0.70451906269631781,-0.14512053072652326,-0.70845200996031232,-0.70505567458096541,-0.031499925783613464,-0.12451035187501144,0.080928277126612241,0.98891242596970086,15.269575358179706,0.89177071084123039,2.7384456991483694,,0.2143395844846458,0.2352941176470588,False,5
0.95544008562716276,-0.1614818087194026,-0.24709890373992255,0.19159509713476627,0.97605840516936149,0.10296265561922517,0.22455636604354084,-0.1457175869651772,0.96350444903921761,9.9947603875557842,6.7364642120807385,1.4928390924917545,0.5272827006584409,0.2958084256159748,0.8133333333333334,True,9
0.41105145581503916,0.9034471708143621,-0.121737053602677,-0.90471418918581548,0.42068417052560697,0.067209110654987386,0.11193273229127139,0.082510836965249454,0.99028431534842765,3.6442115602261551,-15.294849735016173,-0.29763534406581704,0.9419185418254487,0.7058269507522047,0.1538461538461539,True,5
-0.057554430696199303,-0.92101291119695683,-0.38525667407034148,0.99758532981822479,-0.068081419854652034,0.013726980805585636,-0.038871547932886955,-0.38353635770169098,0.92270735614398369,9.3314695872942046,-7.0360617464104953,1.0989286597023855,,0.1893412226724793,0.1666666666666667,False,5
0.039679265081449255,-0.93624624878686791,-0.34909671662035746,0.99887661747485734,0.028108802864040688,0.038149682351730357,-0.025904806206252622,-0.35021829882812888,0.93630982275171482,6.9862955683937864,9.1454477992429908,0.83886046428214445,1.063227269539483,0.3705435798564889,0.6071428571428571,True,6
-0.97090230463423755,-0.050735761846079218,-0.23403973450212653,0.080953464345842802,-0.98930091940275977,-0.12136814853684823,-0.22537801903986626,-0.13678294242614469,0.96462177831257445,2.81956879942696,13.94407665592794,-0.057528623784942799,0.4518863848500332,0.3896496763261046,0.5673758865248227,True,4
0.46506901355742192,0.88408149638793543,-0.04594257691069964,-0.87884223773976378,0.46731236554991773,0.096205374947060079,0.10652292613935735,-0.0043658617258206522,0.99430066149937768,-7.852866966755065,15.074354785912002,-2.5322625725976224,0.5756947219136659,0.4032107456375962,0.6764705882352942,True,5
-0.9390937098921518,0.2979867667224318,-0.17119255503469247,-0.27979376631146691,-0.9521985672178227,-0.12261050901766153,-0.19954561477075694,-0.067244148047521157,0.9775785248148221,6.2999135940577551,-18.290512686396692,0.36080521537987748,0.6779789565402267,0.6864071121674823,0.676829268292683,True,6
-0.75023996884227662,0.62363144775264434,-0.21959919518404156,-0.63988801149620689,-0.76845877694853282,0.0038001150237423897,-0.1663830577161278,0.14336989050949342,0.97558277588338238,1.3563789672895452,-4.086003133168143,-0.78871261319240882,0.1879806820317921,0.1609143318159743,0.6291390728476821,True,5
0.95550454719977695,-0.17151195659958604,-0.23998897688004636,0.21823562628071755,0.95840110460067518,0.18395796835709272,0.19845470944881258,-0.22814681992872027,0.95318663275037585,-6.0328806079953319,-4.0206644448298139,-2.5969723502005917,0.2079842407221629,0.3127544195662615,0.3,True,6
0.87837959091767592,0.4412395147418951,-0.18373074018691651,-0.42844109552838144,0.89726619683737519,0.10654388614759808,0.21186675511211245,-0.014868175521183746,0.97718545600870177,-13.459790344928258,19.853544546617357,-3.7110009018008565,,0.3002313188150067,0.28,False,1
0.97334316144218913,-0.030732960282568618,-0.2272852287897156,0.04254685486816133,0.99797599025080141,0.047261908803593024,0.22537270290465722,-0.055672327373674599,0.97268069619492625,-2.1726218694610302,7.6655191711331767,-1.4255372052153141,,0.06900112329478052,0.2164948453608248,False,5
-0.73449603849029399,-0.63082290599609403,-0.25015601274546007,0.65493197894752486,-0.75547623776191208,-0.017881754080209658,-0.17770670328927579,-0.17696925000617811,0.96804039799912656,5.2153366661100815,-14.752507019900737,0.098038956392260262,,0.08737878796484987,0.2,False,5
0.34810803520088163,0.93087818124718358,-0.1108449705964058,-0.9331993932332372,0.35534998746923446,0.053528299755674746,0.089217085234277016,0.084806828047930077,0.99239513986050376,4.149647724196794,9.9676624350741001,0.16280700886686428,,0.09834957068173551,0.2413793103448276,False,5
0.95846962202587394,0.18434644191862082,-0.21760600406588726,-0.17177345423584095,0.98223796579129896,0.075514627576771548,0.22766173168423781,-0.034999541570077009,0.97311107691589782,-1.2214309570035597,-10.942494589883886,-1.4756955625592838,,0.08896814100976061,0.3770491803278688,False,5
0.67447727639701716,0.70977856392688132,-0.20321120494194436,-0.71788795828099006,0.69476929080381356,0.043960344756595257,0.1723870151119698,0.11623262341468993,0.97814758307472471,1.5259862610745745,13.392073535511042,-0.32145257430947693,,0.07592710952657233,0.3214285714285715,False,5
0.22752081939908958,-0.90768253597694737,-0.35262826123614166,0.97288666551528102,0.22733466366450281,0.042549815030210575,0.041542903154745112,-0.35274830202143459,0.93479560472783041,6.708427776399831,12.189749372043856,0.90988238288077739,0.4539328902034706,0.6016213633980382,0.3636363636363636,True,5
0.72651575498493093,0.66246705702120923,-0.18251645438242839,-0.6642398752395815,0.74508110581980291,0.060328549560255434,0.17595523834311005,0.077405065157240188,0.98135019742578244,-11.009813932371232,15.510318058939495,-3.2815171682713711,,0.8655510774147459,0.8356164383561644,False,2
0.16901737350144444,0.97236247162712297,-0.16107250300987097,-0.98380427202572174,0.17633538477980035,0.032171204803348313,0.05968485401349731,0.15302632402874802,0.98641809713510198,-6.9938890008187382,-2.457918471872591,-2.6926535527448525,0.487915169054452,0.2625763873940392,0.7848605577689243,True,5
0.36221360368688227,0.93206028518253947,-0.0080579209232105042,-0.92531342395237803,0.36060572984427797,0.11729695246254883,0.11223356341882787,-0.035030449453555351,0.99306419472932017,-3.9882513486008322,6.8301676723452216,-1.8881625496928263,,0.4201466599589911,0.2160493827160494,False,2
-0.96241277614750387,-0.10689784217209355,-0.2496687798804777,0.14920377645440494,-0.97623712583962619,-0.1571601324259162,-0.22693585305059275,-0.18850444416866607,0.95549264420447733,-15.43454154456442,-23.128325673443186,-4.7577921446746769,,0.2452688946312273,0.2258064516129032,False,3
0.86499763336143265,-0.41367764200391144,-0.28398926526403057,0.45887341855467478,0.88113857586090583,0.11414900732709332,0.20301300456637372,-0.22905374617302859,0.95200845654911836,-1.7590406177267162,-4.1390535011441152,-1.5889342177100922,0.8330956741764389,0.887470537167196,0.820615796519411,True,4
0.78291898641280266,-0.57584970153503823,-0.23544634623700947,0.59788506815156062,0.80106059124963025,0.028902844638490431,0.17196309486559569,-0.16339844059476402,0.97145748420373279,-17.525512066130574,-12.267279323278229,-5.2552607954808792,,0.451668857658926,0.9354838709677419,False,1
-0.089060685445776125,0.97938372715895916,-0.18131659958248056,-0.99600588825572833,-0.08640818304221308,0.022492142255916749,0.0063612001890746596,0.1825955664291127,0.9831675311220287,7.0223707884928093,4.1832425884018338,0.7811065966337194,,0.07556024901338676,0.2727272727272727,False,5
0.9465343765841161,-0.18072285493418611,-0.26723009495368444,0.21749063770766791,0.96928203745600283,0.11484839735343169,0.23826560065194041,-0.16682799995677289,0.95676429802558616,7.1574294555764677,6.8899908807831407,0.77678082711287044,0.6196210959343049,0.5229172859972843,0.7857142857142857,True,5
0.14230193914727834,0.9795840296194297,-0.14200453172165439,-0.98850358161636942,0.14804799226712209,0.03069952959388398,0.051096254721221576,0.13600338562049163,0.98938983815947368,-9.062306568358137,-10.299873241532309,-3.3756209503374111,,0.09240454079992196,0.2909090909090909,False,5
-0.92418538091185753,-0.29691946388462426,-0.24025031462054638,0.31823420124535018,-0.94644528707192654,-0.054482214869364082,-0.21120694795990536,-0.12680753347417861,0.96918082656832205,-5.9336356117698941,-4.9654593439243291,-2.5957500945645435,,0.1388063558616821,0.2695652173913043,True,5
-0.12461488116653813,0.99057175303687828,-0.056909871527651257,-0.99213359717608218,-0.12508974984051072,-0.0048455999922201905,-0.011918756071658494,0.055858361686346225,0.9983675609130237,1.374172411339293,5.115473372091115,-0.63412218747926352,0.4828323604830415,0.5908469225275063,0.2543859649122807,True,1
-0.11402849400483592,-0.88688546189471007,-0.44769596830303765,0.99251837141796073,-0.12149247258994461,-0.012118642738338015,-0.043643842095157703,-0.44572834393135347,0.89410371795635912,-6.7247303063630213,-4.1635671960008596,-2.7358320320609431,,0.278705614946976,0.1258278145695364,False,1
-0.2094950431848964,0.97139499587023093,-0.11181944767898436,-0.97719320860948322,-0.21204969198392007,-0.011329659175294216,-0.034716853665936728,0.10689569742416853,0.99366395222114168,3.6407755557382808,-24.54315946263123,-0.18894990707975542,,0.2333679590431768,0.1,False,4
0.90698813579939708,-0.25587309241190836,-0.33451678896387355,0.3334134396207436,0.92151125532525835,0.19912931624733371,0.25730915218739953,-0.29214032054550937,0.92111130343306946,-0.99528772798179455,13.003113853901384,-0.97448396675496818,0.4852190414323631,0.3656533618868735,0.282051282051282,True,5
-0.6600924349835432,-0.70636457605421443,-0.25559159409739118,0.73329715978228649,-0.67973687957090745,-0.01526597544988224,-0.16295168833960463,-0.19750154492295582,0.96666430937545067,10.252710151958548,-15.831607406342778,1.3701040020776252,,0.4312215321712115,0.6333333333333333,False,5
0.57161640629564525,-0.75759980526776094,-0.3151146126600648,0.81035270965987505,0.58151482821026601,0.071895691932710254,0.12877565763974988,-0.29645073727322013,0.94632647134570547,2.5623827483796329,-4.2745207743994271,-0.48641596960885169,,0.2470498036588745,0.253393665158371,False,4
-0.77244448845257885,0.60152940107987085,-0.20369558634326554,-0.60961221916429786,-0.79221456348909469,-0.027731347629789377,-0.17805183095047011,0.10275439179069762,0.9786414463238875,-7.3300546710686021,13.245014699880839,-2.4705193735138273,,0.07516850949202078,0.3333333333333333,False,4
0.96644449488698303,0.14883092630884326,-0.20936664891213286,-0.1201258841996351,0.9822932356613463,0.14376985469568904,0.22705684364911918,-0.11379523077886566,0.96721033658873024,-8.3558528347954155,14.177656498311174,-2.6618859700482522,,0.07606465749144481,0.1153846153846154,False,1
-0.36392152707808828,-0.8966043943402181,-0.25231266749603121,0.92626544054838267,-0.37685827339921601,0.0031898928308524768,-0.097946188158921504,-0.2325476334439297,0.96764050266861235,-1.5254996680257835,3.1842434378513613,-1.3017649931545852,0.5371333262843127,0.4814895918814738,0.9798257679963319,True,5
0.97521996768046548,-0.082323875543723377,-0.20535041795129641,0.10829890646262356,0.98701504275900975,0.11862821007849987,0.1929180175523024,-0.13792782490451433,0.97147236379672575,9.4544994015624777,4.7983294604500077,1.3724522878593735,0.906548348768079,0.8199061445686597,0.8865979381443299,True,4
-0.48581808182423475,-0.78401453143448874,-0.38639617735192539,0.86635933546831534,-0.49048179587923074,-0.094069706909207532,-0.11576827380384011,-0.38045870000651039,0.91752323369483979,10.395272075490007,-8.0635431539985163,1.4115629147409663,0.7889326972703485,0.3831234280764341,0.4615384615384616,True,5
0.73426081189400627,-0.55840412785502003,-0.38606461908756695,0.65984777561390517,0.72071741973866321,0.21252603111765889,0.15956808306843601,-0.41079341630522392,0.89765627942222226,-6.1627956484350035,-5.8451350482395465,-2.6529723209693232,,0.1414635574847059,0.3,False,1
0.73168948218926522,-0.61993426579962019,-0.28339373271314777,0.66627587752866435,0.73822625444540524,0.10534919207529024,0.14389911979235112,-0.26590130374820281,0.95319963280940945,8.5377361049030576,-16.396087282289987,0.92756520048301494,0.5059274407362024,0.683562834192215,0.3448275862068966,True,5
-0.42649943998617557,-0.78059110252553776,-0.45691985987637329,0.89851465344273718,-0.4236077193253116,-0.11501268485122315,-0.10377690128423296,-0.45960203522827658,0.88204099903228361,4.1892141610705451,12.9042865975608,0.31681531757603637,,0.4886757089606537,0.3529411764705883,False,2
0.87721007807883367,0.42459538085666582,-0.2241009626755516,-0.43094315939547967,0.90210308338247425,0.022316368926745517,0.21163759658238532,0.076998633150304155,0.97431039110019557,3.8037872447750338,-15.828956050780786,-0.27176720359741852,,0.2014948859184109,0.45,False,1
0.95717858647446064,0.18958083133280781,-0.21878816692388955,-0.1817838135746056,0.9817753198254493,0.055424421547819278,0.22530823046890097,-0.013278922124884296,0.9741970393663566,-4.213485713851278,-9.6518895284759409,-2.2634845550653071,0.6194163344183936,0.3431967243240936,0.8508064516129032,True,5
-0.75675334278974604,0.62237157452913072,-0.19994499592306567,-0.63382893331967471,-0.77342618023357179,-0.008533874626964099,-0.1599539354420117,0.12027288533761986,0.97976995850514592,-20.294651692912822,2.7512420322594413,-5.660956829611866,0.3084819026263418,0.2141459267410481,0.7916666666666666,True,4
0.79147993727510568,-0.52664262481679147,-0.31017262067609164,0.58768462621086137,0.79515319812108298,0.14952649140942811,0.1678877273846851,-0.30063089868457304,0.93884757748513747,4.2767560519744983,2.0116287864774325,0.088363639818281534,0.6354935839338345,0.334128136731645,0.4691358024691358,True,5
0.69793884600495815,0.71076049784678441,-0.087754669037368949,-0.69569854593562175,0.70197078931425527,0.15244849665569868,0.16995558366917146,-0.045348932182709856,0.98440772748366745,-4.132047325497644,-3.463903729936193,-2.1272163966750792,0.4165506480789045,0.5188601387631324,0.7636363636363637,True,5
0.97221203099769993,-0.040008623270989876,-0.23065792170937405,0.063397300846401217,0.9934664721421107,0.094895473943175851,0.22535427448512843,-0.10688161110999914,0.96839649533536254,12.62580098500518,-10.150291937095394,1.9931722925303907,0.4124975223895584,0.3179184291410389,0.25,True,3
-0.33247296623721329,-0.84931358661687562,-0.41003433796379546,0.93625351561075543,-0.34956907891483208,-0.035082952742566287,-0.11353889742255757,-0.39556022380241307,0.91139509989765422,4.1512466871360294,7.4144393230924042,0.081553976897093886,,0.3673604773228633,0.2653061224489796,False,5
-0.059377559285787099,-0.93741193895368868,-0.34312266343153369,0.99823557251517758,-0.05568479035499467,-0.020614215687643146,0.00021729831853072729,-0.34374127018763256,0.939064370504618,-8.9666666771218395,12.505568204028483,-2.8906268819283394,0.8375881574151169,0.8386493713555994,0.7225806451612903,True,2
-0.55097451598769998,0.81829619097785766,-0.16376332484182698,-0.82568986402875499,-0.56301843680234109,-0.035305640637514429,-0.12109224241171046,0.11576520915965473,0.98586768137307645,-12.269082909310054,12.258383699268483,-3.6386773770440848,,0.5073140485594306,0.8105263157894737,False,2
-0.12344042677935629,0.98329859809972664,-0.13373977722294711,-0.99096182389446064,-0.12927402588040829,-0.035817451283369064,-0.0525083290564013,0.12810969209152256,0.99036901313193393,-10.178777244438962,10.427027210788907,-3.2164340416862456,,0.1739352684639053,0.1785714285714286,False,3
0.93106977148773251,-0.27021133562731603,-0.24514264157890295,0.30470899605767371,0.94545714939188141,0.11516599491734164,0.20065270579612182,-0.18192474477728043,0.96262239683814521,1.327220251801942,-21.897018753641891,-0.87310440361430175,0.2682228619222803,0.1923580009861743,0.4230769230769231,True,5
-0.10885747709119815,0.98214824194126393,-0.15341082273759277,-0.99395420495575393,-0.10976549500365439,0.0025640899709683043,-0.014320898439543969,0.15276245271102656,0.98815916982518393,-12.717529165124098,9.5094069401802823,-3.8377978987181467,0.2205431310751348,0.1650482140986443,0.5783132530120482,True,5
0.70531928046958325,-0.58924949348454481,-0.39409357648416099,0.68911843095239689,0.70031103879394418,0.18622630605006912,0.16625432541614238,-0.40292615126292664,0.90000556437661483,12.104944646628443,9.269741574042202,2.0827022574528673,0.9749479761886833,0.6531696764027591,0.6428571428571429,True,3
0.95801850158886892,-0.17882217387910287,-0.22410528941229693,0.20213188076667718,0.97560943095908748,0.085609234323234057,0.2033304044926465,-0.12731405402718321,0.97079754751236336,-8.7863989186974703,17.427024971491381,-2.6895702573090774,,0.1178631309852934,0.5882352941176471,False,5
0.051259120208716542,-0.86145472443093318,-0.50524079442484882,0.99867147693687652,0.041544766954264165,0.030484643534622286,-0.0052710291353256465,-0.50613218638448587,0.86243981016504201,-4.4843256848601891,19.140053586614535,-1.6201653958242186,,0.3685242467751411,0.1538461538461539,False,1
-0.95699018660842172,0.14315238342884004,-0.25234337291440961,-0.11837610497268171,-0.98676193729941808,-0.11085114734902959,-0.26487144147052744,-0.076212034586028737,0.96126731208211957,12.530320169259152,-14.097593443836276,1.908291363420924,0.6108683919455351,0.5007414937005892,0.4666666666666667,True,5
-0.87806069424891253,0.46519996568757849,-0.11224263512316944,-0.43616581616432948,-0.87447344447746489,-0.21226298714901251,-0.19689793809184886,-0.13742338530247772,0.97074508247386171,-11.502504729979297,0.40598514758775256,-3.7272041542083132,,0.2570964039517205,0.3401360544217687,False,1
-0.90615040988524065,0.3622593676981955,-0.21831075369691397,-0.37036838749348305,-0.92887611572122986,-0.0040520597377501182,-0.20425154151263616,0.077183626226971197,0.9758708908621917,11.479850811944457,-0.57335078457420463,1.777870118079929,0.4216173704853283,0.3788090632998365,0.7307692307692307,True,5
0.70306921000186706,0.68676747978852137,-0.18451047301514653,-0.68911359689023188,0.72202807891846932,0.061627135535504585,0.17554525492976847,0.083820534227760493,0.9808965192686816,-3.5336662868734443,14.872098423135627,-1.5250170647952828,,0.07283513077262094,0.2916666666666667,False,1
0.83904149140220607,-0.43554184550321051,-0.32605624748073736,0.50115522192436612,0.85198237940770272,0.15155681679399768,0.2117848418643356,-0.29056724866104167,0.93312263650714811,11.640121138048491,3.1218741391503944,1.9323324764369525,0.2791924413095755,0.2578304963785636,0.2368421052631579,True,3
-0.59039471196783322,0.79213260161825938,-0.1547902630461821,-0.7982456077308403,-0.60142127231553122,-0.033111975851468717,-0.1193232325192355,0.10401151215060261,0.98739230882223539,-12.355797787040265,10.458149733126421,-3.7551027855753749,,0.1579986632070215,0.3725490196078431,False,2
-0.9070611786780961,-0.33870158864105343,-0.25004250036169862,0.36053923050898873,-0.93161082545168394,-0.04596447721032651,-0.21737405870777193,-0.13184272355067156,0.96714322354429583,-16.034710665243956,-9.4998453214547691,-4.9716394796836587,,0.08520052374291158,0.125,False,1
-0.91741261747755198,0.34726576450262214,-0.19432081231148826,-0.34093923943965748,-0.93775059062397903,-0.06621378100280069,-0.20521823579617623,0.0055062318139105226,0.97870074951842001,2.0832108250925976,3.8125414706132554,-0.43592314080475969,,0.0981950547144077,0.2105263157894737,False,5
0.94273102638899664,-0.20424432449891156,-0.26370905899026703,0.2494808373385313,0.95653009315456328,0.15102811887389611,0.22139901464192213,-0.2081692503702354,0.95270564158919513,-9.0155613255752485,-13.502871412552025,-3.3644835184005477,,0.1298100100740288,0.2592592592592592,False,5
-0.21841754237035249,-0.94466731852402963,-0.24473952377479927,0.97375344339177317,-0.2274335784548179,0.0088430127163672649,-0.064015690791875121,-0.23638448490511474,0.96954853753104253,-3.0793439300314667,-5.4848245040320611,-1.8840415490036935,,0.07373563642825136,0.2945736434108527,False,5
-0.46946143011451985,0.86183907918034586,-0.19193584144813722,-0.87790025195617971,-0.47883532716148169,-0.002806613160736781,-0.094324510335897824,0.16718292693852319,0.98140346223669028,15.052900249318494,-7.3973367804707761,2.5446897699567055,,0.07572843681028715,0.15,False,5
0.13831839639726429,0.98901057070593323,-0.052212184880680301,-0.99038769123243175,0.13815223321900694,-0.0067956980432897322,0.00049221274237049029,0.052650275293925602,0.99861289108347251,7.3294356177974276,1.3074531464159982,0.84958907105244397,0.3762514092021627,0.6179048024178597,0.1363636363636364,True,4
0.5070967004333482,-0.78510011173920102,-0.35562726407954925,0.85736594772006536,0.50171021414497929,0.11493690753049482,0.088184851871994097,-0.36318683286938336,0.92753369552303677,4.923251251760929,12.247911261178448,0.46391467814014081,0.9056685068217836,0.6837747278406656,0.2926829268292683,True,4
0.25500627601918407,0.96203320288300265,-0.097282658996855204,-0.96175293708050991,0.26275801085236167,0.077391961791404035,0.10001543484802575,0.073826447046982352,0.99224320028336732,-13.712438805551388,-8.9257406536090205,-4.4766128315001037,,0.2691951664158263,0.6326530612244898,False,3
0.96691886129773974,-0.096402916379852419,-0.23616602926784452,0.12412632440955093,0.98664700007835848,0.10545308352508941,0.22284651950446993,-0.13127899660583092,0.96597373349119031,-5.9826160124523948,-2.4570561671808986,-2.4245568916046376,,0.06851879102519878,0.2611464968152866,False,5
0.87945053209263613,-0.38610110986030199,-0.27837509688659667,0.43364803957877501,0.89104304819211255,0.13413300875621145,0.19625529132093292,-0.23868016095426048,0.95106027222010692,2.577499474987671,-8.4057711903453871,-0.55333720607671311,,0.07291889121285607,0.32,False,5
-0.89353120350118909,0.3951934338667214,-0.21312939308867074,-0.40151647355634379,-0.91573444268509085,-0.014661239480449791,-0.200963951574887,0.072474687366381518,0.97691397259868828,-7.4201850440805135,10.850818523900358,-2.5824644498557574,,0.07695876608466139,0.2045454545454546,False,5
0.31168847337043881,0.94665866706422774,-0.081778136688137909,-0.94270595426679638,0.31886467846856009,0.098136642570804233,0.1189780625070572,0.046504676080157209,0.99180720694333824,-11.623481620666549,11.002511740539333,-3.5676295559709552,,0.1131559175362509,0.3529411764705883,False,2
-0.49054553807423301,-0.77459276056388915,-0.3992131390090688,0.86287867576900334,-0.49573778520424444,-0.098409548438762387,-0.12167771356576318,-0.39274686962826749,0.91156153408237017,9.3151479521269529,-11.769372625168565,1.1376811721830402,,0.4692428853118455,0.5,False,5
0.36095808758817638,-0.89755122967056977,-0.25320159778629991,0.93014628703479363,0.36610225167250138,0.028231649539341964,0.067358323316974458,-0.24570496827938454,0.96700151232702469,10.844132459334109,1.5509591733244541,1.6685267637824295,0.55589663215895,0.4762810764762674,0.8350515463917526,True,5
0.25277157095328429,-0.92893284248022756,-0.27053707154364776,0.96637712836611067,0.25602306956913751,0.023820865208167334,0.04713574746068884,-0.26746207583506232,0.96241480625628417,4.569555121774636,-4.8019002492399947,0.015172414571747773,0.1506725072295767,0.1064999360791963,0.3,True,5
0.7861337480232341,0.59141863881114443,-0.17949296333203596,-0.58640884860734088,0.80547286572933841,0.085662855712264216,0.19523932107532888,0.037913800133203099,0.98002252589698369,5.8640547082311265,7.1530642210083126,0.50464301618736174,,0.06794119097101727,0.2222222222222222,False,4
0.6416904592778444,0.76632196346731041,0.031368818584630087,-0.74959497948278986,0.61797898244497163,0.23708509862594337,0.16229824769844325,-0.17564915474855983,0.97098231355165843,-11.580156544312331,20.161120612822668,-3.2560401902052702,,0.4497997577351641,0.1538461538461539,False,1
-0.97059825077899398,0.12213188759802127,-0.20741947260684404,-0.091402395778351311,-0.98417735216691227,-0.15179111149109853,-0.22267608230507077,-0.12836955056971178,0.9664039635968984,-4.846432511615677,15.305773344273696,-1.8224301551082771,,0.5119062652271037,0.3225806451612903,False,2
0.90439351044246818,-0.34875137500728587,-0.24585535727349242,0.3735067938284532,0.92562291829911458,0.060949881734258818,0.20631299821760726,-0.14695132374347064,0.96738836834877417,-9.6532209245633052,-8.2905705826228999,-3.4885281641978012,0.1865363877215924,0.1239222791716592,0.6979166666666666,True,6
-0.97313314154392039,0.10652981569998543,-0.20411586708481949,-0.045183211821470004,-0.95764363935807717,-0.28438905985729135,-0.22576617593952536,-0.26752580878103149,0.93672812247615311,3.8438032693613287,5.0561510236899299,0.02586307598659256,,0.3756457838271183,0.1415094339622641,False,1
0.47063610114127508,-0.81529718438856691,-0.33733093755333876,0.87713036514392106,0.47375516622700098,0.078729695894992235,0.095624175003136788,-0.33293624555055878,0.93808820137216686,-8.9034015441390295,-12.201400403493224,-3.3479346021474847,,0.2607741426355505,0.4444444444444444,False,4
-0.66623419364611258,-0.6995465454588472,-0.25839239530857927,0.72702876296498209,-0.68641531496822605,-0.016223230217088949,-0.1660155927565849,-0.19866717422277275,0.96590381345557164,2.1250113676555733,-10.961381199394175,-0.64617260787232023,0.1359892793143939,0.1179882636702373,0.5227272727272727,True,5
-0.11069826580181871,0.98511309998379015,-0.13152214334018764,-0.99383594175761902,-0.11052175994561651,0.0086638010866953059,-0.0060012348076198437,0.1316705009440251,0.99127537261950238,9.0850570315542409,-5.3670593712292938,1.1431270064564427,,0.1252645186687734,0.2068965517241379,False,5
0.9312332339684295,0.34610891813236239,-0.11407576754922838,-0.31828230834373039,0.92490537830498076,0.20795772016904496,0.1774853124855309,-0.15734884166007018,0.97146297195526043,7.8982891628001424,5.6572202336468917,1.0199139056930693,0.6126686916464676,0.4254926477437927,0.7254901960784313,True,5
-0.26645365936141291,0.95955101488083483,-0.090908180347380546,-0.96241705005608835,-0.27000916512795398,-0.029128551427113673,-0.05249637296279315,0.079730173636241353,0.99543318722940211,7.4040998823795894,2.9381432934792162,0.86294456538149888,,0.09717452411534655,0.2941176470588235,False,8
0.52471510155720313,-0.80405948873232347,-0.27957539372650314,0.84444954524224458,0.53314871258714003,0.051550129067170325,0.10760589081449366,-0.26313644530203423,0.95873885047797514,-16.403639368059828,-12.657462071316001,-4.9945144438802389,,0.155467183676209,0.5714285714285714,False,1
-0.55699410205554689,0.82209131004779212,-0.11799766192276982,-0.82297244539399073,-0.56544194799359926,-0.054696961263302084,-0.1116867243568825,0.066642939559335354,0.99150632585441467,-9.5755050306745559,-5.1536649834029928,-3.4390314736462364,,0.07211292005370502,0.3333333333333333,False,3
0.79693546020420847,-0.54823612518533327,-0.25363561128295448,0.57735267376164612,0.81477821727452626,0.05291830264873363,0.17764504600293393,-0.18860967020997749,0.96585124627651575,-18.076197469242956,4.1290134054997987,-5.1339324974748699,,0.1153424883269966,0.35,False,3
0.41136886193857658,-0.87114997512884251,-0.26809211152209633,0.90769595441070416,0.41827934588651822,0.033622063458177351,0.082847533299426471,-0.25717719501884739,0.9628064065991857,-10.492407126402052,-6.120076485442608,-3.7108155942446475,0.1339086259441315,0.1071659045728758,0.4269662921348314,True,4
0.088083649385241103,-0.93697905274445215,-0.33809987493208038,0.99608394708430525,0.085448104765594252,0.022702241143117474,0.0076184691329763514,-0.33877555418016586,0.94083637409381271,-3.8030584192920678,-21.665997790482116,-2.2782625933988752,0.3747356766531569,0.3135563271683297,0.3809523809523809,True,4
0.9383009416443171,-0.24596753873731672,-0.24308704777690904,0.27085801324386588,0.95974130017629189,0.074381270475206207,0.21500530126248601,-0.135634090933757,0.96714844455522964,16.789461323429766,-7.5843514216935395,2.9263643633897276,0.3127702377711472,0.2674396610816176,0.7457627118644068,True,5
0.9466009974277716,-0.20291685370712334,-0.25054201673641174,0.25686435774104138,0.94430665607044051,0.20568335135188659,0.19485187551324384,-0.25905537976012649,0.94600372981627645,13.473347973716775,-5.0591068527953986,2.1783807474317638,,0.2229204404950544,0.5319148936170213,False,13
0.79107189154846014,-0.5296786995885272,-0.3060159107042425,0.58664633563570512,0.79865747747912941,0.13413541870763321,0.17335322116170723,-0.28563387206155932,0.94252954958663193,-9.7201783092074336,24.544104401938519,-2.7780125984445387,,0.2155558446996623,0.375,False,2
0.88884851297523348,0.4206934238971326,-0.18156366396232049,-0.40085023952605447,0.90589611990740937,0.13664298521550294,0.22196262400147418,-0.048675076028772371,0.9738394788259368,-5.1823343837628961,14.464267283931132,-1.8725856378264096,,0.381484079937176,0.4893617021276596,False,4
0.065382064841180323,0.99757812112536404,0.023729261452743539,-0.99674070861806319,0.064164069832063131,0.048897156626414057,0.047256167646833679,-0.026848917940488465,0.99852190272660502,9.9119619109337602,9.6711215247102267,1.5501444120022012,0.6329675798573053,0.4572393034696984,0.1875,True,5
0.46270392025036444,-0.81962746512883011,-0.33781045068416038,0.88208511622730346,0.46369459047324929,0.083145501959594817,0.08849254157956854,-0.33644932036242386,0.93753449265211253,5.2559389617661854,2.9053764069266128,0.31576055820167731,0.4216424696478889,0.3126252204680849,0.2222222222222222,True,3
0.47672062861586029,-0.84338257820884477,-0.24787752827938786,0.8738000583443789,0.48542730062264267,0.028875488698418821,0.095973435332163279,-0.23036093979669015,0.96836095394564858,4.357457635667183,-10.779297760833471,-0.12680439002141422,,0.07877695583777058,0.2571428571428571,False,5
-0.9054320211909167,-0.33290114983459995,-0.26338124352529768,0.36199288793780138,-0.92958811484101989,-0.069477232448973192,-0.22170702308357612,-0.15824904797539685,0.96218669432200044,-10.85867231437774,-16.860831626434798,-3.7539404371705865,0.244707635079583,0.2141561584241668,0.3225806451612903,True,5
0.54886834293854669,-0.75406040620380177,-0.36074429436326844,0.82815306378625586,0.54918313635362659,0.11207312651225684,0.11360477569773315,-0.360264883857076,0.92590667369779556,10.339230484587121,0.79350091450318228,1.5280095288328139,0.2374810323522458,0.1044190094279698,0.3214285714285715,True,5
-0.93752536167298461,-0.23453283263719812,-0.25698355323855082,0.28050989284302724,-0.94649882830690169,-0.15954362422502283,-0.20581641391573346,-0.22166262298554967,0.95315543608271636,-11.268679363270055,-11.211967838524632,-3.8871131436108546,,0.2622520928851588,0.25,False,4
0.13247454010925938,-0.90036333804533164,-0.41448323937972198,0.99089754234636918,0.13039572260268009,0.033451697996517253,0.023928159034189822,-0.41514192155309082,0.90944193227189707,1.8047507114168955,7.8355313568435898,-0.4575992876176519,,0.3224958819487889,0.1538461538461539,False,4
-0.75858631284006039,-0.55482246851517592,-0.34164138274285066,0.62511733215989085,-0.76761083615355796,-0.14142816287053747,-0.18378010503049944,-0.32085141833933162,0.92912821523437583,2.6567361123639328,2.8899266285349325,-0.28277954127920019,,0.1521881923906709,0.2465753424657534,False,5
0.52129432372387929,-0.78608065935998028,-0.33215873469388324,0.84667120252534689,0.52511121637928238,0.086058615181475603,0.10677126424064728,-0.32609110293420873,0.93928935356449383,-1.8707252113375854,15.032343734546341,-1.1020925033972828,,0.9571131229833353,0.7535211267605634,False,1
-0.084651983696505229,0.9955529232628556,0.041333021169859679,-0.99449674819941924,-0.081846875902958541,-0.06540112174653831,-0.061727299285052301,-0.046641889838504369,0.99700264524988369,10.706010197745231,11.268130393743091,1.7469304675525306,,0.3317249290344629,0.125,False,5
0.70573655370787469,0.70320614976000795,-0.086238203252599566,-0.68587909429868787,0.70864438386951034,0.16550832370069146,0.17749868947274838,-0.057656293237654199,0.98243064237917044,4.1573037173510272,15.981011099860034,0.32504816237344814,,0.2489296353019224,0.4090909090909091,False,5
0.50875521478219932,-0.76689197129991493,-0.39120945257962442,0.85223314805951211,0.5129841291177325,0.10269344975165703,0.12192945821454643,-0.38564749140770083,0.91455410971164242,-11.074013752710256,-12.480198236125489,-3.7993511475419801,,0.248730793572649,0.4285714285714285,False,2
-0.84740699795717467,-0.43306673295213061,-0.30717191379319969,0.50253115438226681,-0.84092307647994746,-0.20077554213281709,-0.17135874266705889,-0.32450205585430153,0.93023362498777507,6.9928632077848771,-6.1220374389915797,0.59879399888637519,0.7028950408247986,0.7050120877945104,0.4476190476190476,True,4
0.90663027170961197,-0.35019641523600653,-0.2353380997110455,0.36843027918818461,0.92891546309866013,0.037083578488574347,0.20562266362702269,-0.12032677662121823,0.9712058417405014,5.5888024127805167,-0.79891443551387631,0.37710381790751507,0.3182609674615945,0.1515166899790144,0.7605633802816901,True,5
0.76762671205797239,-0.56461695220478136,-0.30324400771993976,0.61938581680881322,0.77512261280253736,0.12468418126710219,0.16465248516541275,-0.28353594552569872,0.94472055483285744,8.3402555462724006,12.400147483205195,1.2438417152789569,,0.422814433097682,0.4814814814814815,False,5
0.43767201182582677,-0.80594984907149869,-0.39860764022527229,0.89480366918280663,0.43388325600944699,0.10522221139866447,0.088145355415460452,-0.40272839598948995,0.91106543968170217,-13.366708841258363,-13.663681583512679,-4.351497344751273,,0.2602839750197705,0.2380952380952381,False,2
-0.95626592824589851,-0.1649882792236555,-0.24152503430250732,0.20777591518227889,-0.96434977276050537,-0.16388619480275951,-0.20587531067657613,-0.20690186924138371,0.9564554213125902,9.6313244105537166,3.190875237559804,1.4274343768848046,0.4954831028652273,0.2442618521830827,0.1666666666666667,True,4
-0.9391365196905257,0.30945652447922228,-0.14919536467600991,-0.27244167349186066,-0.93542369302354078,-0.22529547060505939,-0.20928003232157955,-0.17093616933651401,0.96279940490428095,-5.4470490384265915,9.7157358069608932,-2.0954330374401673,0.2787177590675002,0.1689497117594093,0.1395348837209302,True,5
-0.50111574748579291,0.85122045966179538,-0.15590617907868809,-0.8586989934400765,-0.51145443726084994,-0.032409832939805087,-0.10732681997876263,0.11763540138643772,0.98724002454007975,-3.2237801390490843,-8.2411972719153628,-1.9425824122331927,,0.08031967801027802,0.2804878048780488,False,5
0.94530089526261651,0.24031978612961649,-0.22057338418383982,-0.23719025512748826,0.97059871310951329,0.040974638286564238,0.22393525914481061,0.01358449501354738,0.97450934382743326,-3.9057206171368906,-4.8158428680615302,-2.098944093704513,,0.0749124279125611,0.3673469387755102,False,5
0.63286694948670097,-0.7043890214082934,-0.32142733357147096,0.76587466776151469,0.63045369227187098,0.12634925873132613,0.11364601853381406,-0.32613532225172004,0.93846701276666067,14.698123115259863,-19.09907461650258,2.4136182132540704,,0.4036842227830675,0.2424242424242424,False,3
0.95304764143834919,-0.15417914679030847,-0.2606318933741828,0.21759181206188,0.94725041411502309,0.23530927793553658,0.21060388522633278,-0.28097231830543135,0.93632289295608051,2.2189492068796568,15.08997362812968,-0.13297875364162398,0.9746113242503022,0.5315950504692301,0.7083333333333334,True,5
0.16054913427856102,0.97147182942600796,-0.17454644113842835,-0.9858646866448858,0.16641529185830647,0.019410570890551544,0.047904019758127594,0.16896282214558589,0.98445760173996977,5.1603310095197799,-11.722986676200243,0.1286996699424881,0.1442783966752975,0.1072282068803317,0.1666666666666667,True,4
0.8485998117080944,-0.43241606389377429,-0.30478633049335346,0.49410071975434328,0.85369796951009458,0.16451217460292486,0.18905776447220618,-0.29020014565978203,0.93810502458510192,8.1072733724690487,-0.68872318520473297,0.960026072821486,,0.08175826328757385,0.2777777777777778,False,2
0.61789844140350969,-0.66449037205268235,-0.42030234541387168,0.76316246838404833,0.63547694035984725,0.11726936991752789,0.18916808124279305,-0.39321953629006734,0.89977432354938003,-10.254936125238139,-3.5405802678990232,-3.5324288397386505,,0.2763801937086167,0.2394366197183098,False,2
0.92385836090074236,-0.2881782096903947,-0.25187109491450643,0.31958550146654074,0.94294686236383818,0.093361244692711079,0.21059638231976599,-0.16674691666664043,0.96324692033558834,3.5209158242600305,3.4183945538044647,-0.072230371730927431,,0.09468837103219727,0.28,False,5
0.096489801242692089,-0.92904541367949622,-0.35716150069294927,0.99531977496008373,0.091979010511057779,0.029637935130761822,0.005316373722217247,-0.35834966296412296,0.93357230851388529,-0.86375018473766296,-2.6339308397022561,-1.2730546359935178,,0.1202755210514357,0.296875,False,1
0.24348021064973449,0.96494203187897587,-0.098001337415542844,-0.96619487212706401,0.25013772472358509,0.062438671874685957,0.084763530467576384,0.079485808691753479,0.99322562900847988,-5.3965801208995465,-6.1688452406989169,-2.4930925967258966,,0.5707889286982675,0.7616279069767442,False,6
-0.10184311422095754,0.99444356394508082,-0.026645416378469566,-0.9937912140901205,-0.10290950387316997,-0.042292514820729044,-0.0447995857465283,0.022172779275116905,0.99874990111446593,-9.8143835449161632,-18.148887165480218,-3.5975134879284907,,0.2977045310450793,0.2,False,5
0.97084199025743301,0.195844535025606,-0.13824162923515487,-0.1452644919306785,0.93936744938985361,0.31062360246916659,0.19069362164767784,-0.28148483640758543,0.94042662102658858,16.701656820904805,-12.37238197142403,2.9258886373183488,,0.6001827137529984,0.2153846153846154,False,3
0.38957720292431242,0.91422829312846521,-0.11142814278755067,-0.91209558580689976,0.39975655582340058,0.09097438336026889,0.12771548580042263,0.066191571363928253,0.98959963145058649,3.1719094135803152,11.32263218322073,0.027021924476871448,,0.2076175491138263,0.2631578947368421,False,6
-0.95271247231001155,0.205315544734473,-0.22401891035207686,-0.21154458793597727,-0.97736056353182066,0.003900790658194854,-0.21814635550460793,0.051106319992229379,0.9745769911284119,-15.166006306065256,13.135522974231666,-4.2771536997980411,,0.1945963032044384,0.1875,False,1
