axis_00,axis_01,axis_02,axis_10,axis_11,axis_12,axis_20,axis_21,axis_22,location_x,location_y,location_z,dbh,dbh_approximation,score,reconstructed,number_clusters
0.96979121740526619,-0.1701610038858011,-0.17478623344012781,0.1933094254155836,0.97311685763346789,0.12520002969272936,0.14878326750380014,-0.15520571557175272,0.97661390793125169,-14.026245197964771,-1.2483304017621564,-3.4493468687135871,0.4869887646889541,0.3885619588317381,0.9710669077757685,True,2
-0.55694205719904355,0.82008675707379419,-0.13142775884524049,-0.83038562950934891,-0.55297605611526091,0.068389967594463252,-0.01659069700938344,0.14722497150754438,0.98896388029965132,-0.087994413544050992,-4.8810147430003843,-0.64515744963870736,,0.07531412650742393,0.2033898305084746,False,5
0.76450547051470485,-0.61565198586761405,-0.19106024665103025,0.64068399973637424,0.75839020575186034,0.11986787852236325,0.071101322314645221,-0.21404889188433907,0.97423183783337475,-20.798980063021428,17.451665646139261,-6.9959846801198173,,0.1463785386214337,0.3333333333333333,False,1
0.63856291630900519,-0.70489048370595142,-0.30881516785243579,0.76671793008050582,0.6172405870968567,0.17651536288207875,0.066189255986171827,-0.34949029116860608,0.934599121961325,-19.675402776802763,10.417468781278727,-5.9145335350934918,,0.3828113431768949,0.4482758620689655,False,2
-0.97563317244142023,-0.086417213267017373,-0.20167294831744959,0.1019849277417525,-0.99245189978106407,-0.068105074219662526,-0.19426524996869463,-0.087013170681908933,0.97708224872959448,-1.6157768808749626,6.1642329424482867,-2.3856859667504415,,0.186830261048969,0.2962962962962963,False,5
0.92618892182501789,-0.32700441477223591,-0.18772904359229614,0.36047324404817221,0.91394464952960741,0.18645165035898703,0.11060344214353141,-0.24036075036426119,0.96436175176659278,2.8534723704844813,-20.306388475968287,1.8595056149679166,0.2959580032622563,0.4105171639986541,0.8279569892473119,True,5
-0.86767437311977103,-0.46579997189439837,-0.17369965001228904,0.45812392669374863,-0.88486760821537069,0.084449888821188396,-0.19303794969361576,-0.0063009613860007113,0.98117105943036176,-2.285250079859654,-6.1829608295298186,-0.81821505778253067,0.1226737861775847,0.09523512556224188,0.5333333333333333,True,5
0.95193190989702658,0.28034528919636892,-0.12341862803159938,-0.25987676920411457,0.95245219855612018,0.15905619853888997,0.16214099958933714,-0.11933703654362979,0.97952486847509568,-17.476537190291609,2.5289339106975746,-4.5150854670316081,0.4167179326298759,0.1596816934844474,0.5526315789473685,True,5
-0.63463273145877497,0.77202020695685758,-0.03501565666192144,-0.77167512053271781,-0.63550556894325338,-0.025498631197131444,-0.041938103342782015,0.010838445110024991,0.99906142133284626,-10.718218694418821,22.126307980613689,-5.5865643995544261,,0.1738244205384292,0.1818181818181818,False,2
0.52821383883880146,0.83928244918743689,-0.12882201265744631,-0.83149823053470884,0.54201016786039657,0.12180176744856402,0.17204892640416597,0.042777896417229455,0.98415914287339301,-2.7456961495526562,-2.340666767001482,-1.3779053956936009,0.2716822613486832,0.2423522484286287,0.7834782608695652,True,5
-0.14242293802343128,-0.96023099216580621,-0.24015026214652571,0.98270050549967602,-0.16619481293949975,0.081725153060031475,-0.11838675270255009,-0.22435624759804626,0.96728943494089137,-13.02687065429549,-2.7531921637455765,-3.1033535494372413,,0.2631433801291294,0.3227848101265823,False,2
-0.15129986652583641,0.98609562207184742,-0.06872972079093978,-0.98553321929584525,-0.14511056851965859,0.087562529476192807,0.076371618115840145,0.080983622014812143,0.99378520260251912,-6.1117388539436615,-9.9290915325165532,-0.95578027654705222,0.3229638316638807,0.2580480333086436,0.75,True,5
0.067310620376643204,0.99480294085553878,0.076396264631740179,-0.98682946932162874,0.055091002753916617,0.15209398375333699,0.14709479549903803,-0.085627625686687026,0.98540906777660442,0.071237403039127983,5.1936642787886207,-1.9755960313540579,,0.4254508699951216,0.4230769230769231,False,2
-0.97524193320774077,-0.13071648920230355,-0.17837144155904811,0.12780522069368078,-0.9914105427917107,0.027766188159082633,-0.1804688263292816,0.0042819495641695064,0.9835713841055268,-4.9245490529560172,13.190014830809977,-3.9270228516133923,0.4632764386190898,0.447747317282823,0.7777777777777778,True,5
0.85594487790145724,0.51081662924410354,-0.080154458902501835,-0.48126631042804363,0.84372877416417735,0.23770673969072428,0.18905317887102199,-0.16488822558056698,0.96802415704550204,16.884123665607056,7.7189644706084151,0.65621497703071241,0.5343608664105224,0.3585227603502325,0.1538461538461539,True,5
0.36266747909561781,0.92489843058894916,-0.1141717684041408,-0.91740827757908172,0.37586632501311762,0.13071556124087172,0.16381194045554909,0.05733584232600486,0.98482396871164513,12.473519642663121,4.1750682398529193,0.35648125917094764,,0.1674789366040646,0.3846153846153846,True,5
0.57137709843425799,0.80785909745717799,-0.14454027134512085,-0.80078998445246474,0.58735599323909971,0.11725330701831192,0.17962074542064543,0.04875054729727013,0.98252723725744462,9.1205207900168617,1.7761890689560844,0.067781226991614332,,0.1028249366156917,0.3055555555555556,False,5
-0.38685291201954008,0.91818305082053087,-0.085350510531015597,-0.92192107047276806,-0.3830769187140548,0.05756400061575654,0.020158479117917294,0.1009552352998512,0.99468672263442026,0.7085429125470738,13.762099616719523,-2.9485754807186089,,0.1075557552536208,0.4,True,5
-0.58943153242858715,0.80768129291884716,-0.014879437080292324,-0.8072308139187917,-0.58960528448723792,-0.02727675869173711,-0.030803922459513328,-0.0040666415703775882,0.99951717383316896,9.9804537989746578,-4.2406464262471806,1.1095600353559334,,0.0789938778763012,0.3076923076923077,False,5
-0.94793474351432105,0.27450194567812108,-0.16145712699464734,-0.27837090068927983,-0.96047263630994884,0.0013987670490089033,-0.15469118813907562,0.046270905748041935,0.98687873601237264,2.2268056902352229,9.1193321070607034,-2.1221642636342497,,0.0860869744754733,0.5357142857142857,False,4
-0.98212486545643307,-0.064222378856513787,-0.17693567957366252,0.055744999534707781,-0.99706493986263511,0.052478573947804315,-0.17978666157159376,0.041677233002325745,0.98282234639339117,-2.9663128898898217,13.196911735211939,-3.5628701366736433,,0.1203777250694813,0.2592592592592592,False,4
0.97643123910854235,-0.12147339826941037,-0.17839912781691841,0.15016478012790863,0.97607008138280438,0.15728234178858735,0.15502443066205029,-0.18036465768616189,0.97130634516390357,6.7405349835969472,3.0262409258851677,-0.49956354787574364,,0.134461436906439,0.4655172413793103,True,5
-0.19577813086260934,-0.95153451906274766,-0.23717711210816672,0.97147874248165123,-0.22118641972268099,0.085472923411644988,-0.13379079333875693,-0.21367879343137647,0.96769902183245904,-15.58002542728496,-4.3401695390001525,-3.272865537843018,,0.08327929236154581,0.2142857142857143,False,2
0.94629486187244627,0.31173591244903054,-0.085713215336830365,-0.27762737808383525,0.91938050012930861,0.2786799865800858,0.1656776186818929,-0.23991710416631795,0.95655146740588126,-3.1147499263230309,-16.804859704382999,0.39362591368136812,,0.3112031871613182,0.3333333333333333,False,4
0.72959790063312258,0.67437072247560559,-0.11362672247086121,-0.6567570329043021,0.73725190858796175,0.15852388783443838,0.19067538677678916,-0.041033546655603437,0.98079515951414864,0.88786230708603742,4.1981546966977747,-1.7306263851038091,,0.1979752335346875,0.1059602649006623,False,1
-0.92472456975046269,0.3697543654702552,-0.090366914938545054,-0.35629841558099579,-0.92437982954019726,-0.13628415092631918,-0.13392501317637939,-0.093827714215601432,0.98653963472877326,4.6718375792434896,-0.051932330386986122,-0.41448775707811519,,0.6017315759084823,0.4558823529411765,False,4
-0.44073457152261147,-0.84078570604929903,-0.31437626177553735,0.88182052268560884,-0.47100307338115266,0.023423719516497479,-0.16776651404633502,-0.2668997964942828,0.94900942850745718,-7.6512723447018853,5.7847309549378272,-3.3137330564807623,,0.08331284822203884,0.2098765432098765,False,5
0.42260622089993927,0.90014108308023333,0.10559362010944742,-0.89207872131676968,0.39256758438501455,0.22379956806024773,0.15999855321380491,-0.18877691130342444,0.96889820968367457,14.166764529035687,-2.7700740553608534,1.6046664822842251,,0.4497517565547912,0.1538461538461539,False,1
0.62862720283462392,0.77670130038317964,-0.039533907464303131,-0.7567984993777972,0.62264392755077291,0.19892353009049474,0.17911971191310214,-0.095129540455251516,0.97921728913297956,-25.061083082185327,7.313610253857167,-6.4229255667345999,,0.4205950407090864,0.3061224489795918,False,5
-0.69284203400336586,-0.67118013839193258,-0.26360413074583317,0.69636348404878889,-0.71768325262511223,-0.0029405756023056506,-0.18721061401937739,-0.18560164527726286,0.96462646411388786,-15.781064961379318,14.817140327290078,-5.8587167240558999,,0.1850657660260385,0.6557377049180327,False,3
-0.060069617626823037,-0.95319375354213831,-0.29633310521508976,0.99176367761101714,-0.090635045538983994,0.090499150778431667,-0.11312138970874737,-0.2884561608431972,0.95078735501791667,-10.995596913134163,16.934875363045595,-5.2242077935341236,,0.6418592958077645,0.4423076923076923,False,2
0.82351381115211808,-0.53270799642539057,-0.1950568978174286,0.56013368802949781,0.81800565535078906,0.13083195079413235,0.089862419153870138,-0.21699985796901161,0.97202664946247319,8.0722646539648935,4.2334269018609101,-0.45259920142929544,,0.0750631356869616,0.4090909090909091,False,5
-0.97323901285880332,0.15392876498740768,-0.17062168431671473,-0.14746086861860469,-0.98780168171508342,-0.050031288481298411,-0.17624164115176597,-0.023532380039080748,0.98406560300308599,-10.987310479119088,-11.134934681693606,-1.6828022401291869,,0.156314391606608,0.25,False,4
0.61655692139875817,0.77153165147427138,-0.15683262877561516,-0.76680446205728692,0.6336310748088646,0.10257961788580777,0.17851744913122966,0.057013786139381142,0.98228353775563826,3.6081455940297307,-9.9571172236775229,0.69233213975684349,0.1126004092439297,0.1047143448160043,0.5277777777777778,True,5
0.12866287488848896,0.98398441099568545,-0.12337156699541164,-0.98451491688105797,0.14167626045377843,0.10323863454403183,0.11906402926204068,0.10817816850597642,0.98697580557710751,-1.6273478721642909,8.4028849167472064,-2.6883816359412953,,0.1079922409573494,0.4835164835164835,False,5
-0.040375983489006714,0.99327264795458248,-0.10853214630968858,-0.99520652364553253,-0.030294372057969393,0.092985086519222132,0.089071629886678036,0.11176626435067749,0.9897345840690952,-13.700470402271197,17.360432945930988,-5.7461527799312311,,0.1252939053015236,0.4074074074074074,False,2
0.25096337486842984,-0.91821212062889124,-0.30643740960405236,0.96644406730720267,0.2197522820422895,0.13302180010778825,-0.054801909103226396,-0.32953821639894787,0.94255043084772971,-9.4794599199888285,6.7810822619658655,-3.7703916575240513,,0.1402959026356862,0.2653061224489796,False,5
0.96865356183383355,-0.10611182071237754,-0.22461201804830105,0.14129899999792347,0.97901429846454591,0.14685229314368409,0.20431561307499935,-0.17398645035483648,0.96331918144855277,12.767625338014998,-4.2603447633444569,1.5235955048021461,0.3671408093517742,0.1839539475712456,0.5,True,5
0.86050282051023785,-0.45587134279215702,-0.22741199333984369,0.499227924537542,0.84352185827885007,0.19809682977709187,0.10152031942357018,-0.28399329820731944,0.9534366425292583,-14.277393488889507,-9.6754623324341651,-2.4128957084475604,,0.8322654956315643,0.7638888888888888,False,1
0.88301865178040162,0.46240748038014851,-0.080357841536491878,-0.41014323193562408,0.84349062835854405,0.34685168180175885,0.2281678984987203,-0.27331827959320665,0.9344712559168884,-3.9471972502887516,11.621491876872367,-3.522262349996597,,0.4680270639942929,0.2105263157894737,False,2
0.91497844645407467,0.38053809268206057,-0.13418346597993119,-0.35400219638259739,0.91663485505936459,0.18564209502856427,0.19364113065354913,-0.12235727403059024,0.97341245626456729,-5.8666576545488311,22.572415371642151,-4.8005378182340817,,0.1310530343689671,0.3333333333333333,False,1
-0.92172886713715629,-0.33295474422320537,-0.19888950144568651,0.33536569182032433,-0.94182023338996701,0.022461093631931869,-0.19479668435558412,-0.045997676860109936,0.97976449491066109,2.9785229371874964,6.2588747712649351,-1.6448427692170207,,0.1586249280490939,0.3939393939393939,False,5
0.71013517793698522,0.70397199853713543,-0.011465353550443841,-0.67812439704756755,0.68825952094378939,0.25777147623252911,0.18935504003136097,-0.17527765717813448,0.96613788441860859,-0.17341308299013619,24.131703899908761,-3.9800580941251504,,0.5572207457154204,0.4,False,1
0.95445082538624437,-0.1824738245393952,-0.23606551056324032,0.24611186214968481,0.92877234516344509,0.27714776233772753,0.1686789057017262,-0.32262243291122977,0.93137650418813289,11.501519106305066,-7.9039201941200528,1.8028701815128847,0.7058959811321901,0.6330860834670254,0.8846153846153846,True,3
0.76599177905298244,-0.60782449652310433,-0.2092987717347701,0.63930684626649259,0.7544020284775087,0.14887691475112144,0.067404382202048113,-0.24784463047533689,0.96645211387036944,-1.0569922715662554,17.744534556350132,-3.6051889650689244,0.2301852871403842,0.3202902208213868,0.7105263157894737,True,5
0.57088883392274403,-0.76694924095311479,-0.29304402587968004,0.82049711310616891,0.54576779257968755,0.1700647052363819,0.029502994539059579,-0.33752981851110037,0.94085237679940592,6.4498800014453588,-5.6163539930592155,0.61927375707417776,,0.2751196852349944,0.25,False,2
0.64238642307207316,0.76350599603615521,-0.066319510473964852,-0.74986612640539951,0.64405366280066567,0.15131315839281101,0.15824182734798392,-0.04747076415948151,0.98625861244791468,24.813261561848883,-10.683303105655705,4.3841464039876952,,0.1641931151289061,0.5714285714285714,False,4
-0.02064730998972971,-0.96052070689533919,-0.2774412734534375,0.99575101648727427,-0.044665039857526047,0.080529170982225534,-0.089741861774463527,-0.27459971930029842,0.95736168317175141,8.6325269179663024,-6.6584453570556237,1.1889674016686866,,0.5942854289528011,0.3661971830985916,False,6
0.13287285447249564,0.99109835178404471,-0.0082982911062133569,-0.98405708328027786,0.13291828283235571,0.11817100716678598,0.11822208503594286,-0.0075357268959495294,0.99295858495201417,1.9064570017262878,20.102383964425815,-3.2971379297584926,,0.1145450707041579,0.6,False,2
0.081804918191021855,-0.93638831465044969,-0.34129881269329232,0.99323133885598958,0.048262547712033171,0.10565147420969745,-0.082458855643883736,-0.34763148688580336,0.93399833321664283,6.5508659184703673,12.548130202479031,-1.7595140064281312,,0.448529538496031,0.4444444444444444,False,4
0.12612239212411461,0.98685057392551323,-0.10108949969100378,-0.98516059544669132,0.13655720647535341,0.10397466296540499,0.11641195550291625,0.086475858495501864,0.98942922056782512,-18.743460597519519,9.7859952874771139,-5.6511164159111757,0.2212177701733744,0.1778705248480295,0.3235294117647059,True,2
-0.27369431979410991,0.95976443492617536,-0.062798477396182759,-0.9607387370994046,-0.26971384354714822,0.065080885332527066,0.045524700428234893,0.078145198508058594,0.99590201807258916,14.369237480462754,-0.47226634844784576,1.3447291344137258,0.2622222024588209,0.2413442239440605,0.42,True,5
0.31143384517967715,0.94437824976064699,-0.1056346602949027,-0.94013257415588247,0.32239487389858429,0.11050922266920406,0.13841857927184739,0.064894272959441668,0.98824543016875632,-21.264386519629237,9.7463113812479012,-6.1258490487079857,0.4334189819331605,0.4624837949656282,0.967032967032967,True,3
0.8591690635201702,0.49350414587270769,-0.13521160562733553,-0.47287948965552312,0.86672793913454427,0.15864320907847521,0.1954827576872317,-0.072362542313229833,0.97803382043616471,-6.208897464536367,3.0640756656650026,-2.6723901660456471,0.5949763115824975,0.5346973483257134,0.9604409857328146,True,5
-0.83089142964640017,-0.52563326113451947,-0.18256261098387883,0.52092304249288668,-0.85013721660386665,0.076849832433025261,-0.1955980979971817,-0.031247203620804853,0.98018620492524999,-5.9379938797881362,9.0295672288484994,-3.4529437299579953,0.133240516865982,0.09560615257837855,0.4368932038834951,True,5
0.49258385910081059,0.85725557188282431,-0.14991339576303583,-0.85197685678031221,0.51015296191337189,0.11781082701412848,0.17747275076498947,0.069691031896976827,0.98165502230113533,-14.07657099394158,-3.3647798411591223,-3.2044230968392955,0.1978668076113732,0.1620026278405041,0.6271186440677966,True,2
0.81569127914791895,-0.53137198034397437,-0.22867346944355868,0.56975131830049364,0.80638047960909154,0.15853692756030136,0.10015574080840528,-0.25960419990965855,0.96050741120117566,3.2572419626603724,-6.1091835291311929,0.1427681278531891,0.4903229788256407,0.5185689130874208,0.1714285714285714,True,5
0.58313923618334018,0.80505201107138735,-0.10881126179502867,-0.79233998697308772,0.59319613663624693,0.14253311377823374,0.17929299001076016,0.0030988626537259145,0.98379084198993005,2.4350186137027396,-7.4001470219194907,0.15864539059784458,,0.07503066309895075,0.2941176470588235,False,5
-0.95727413436573372,-0.22290065801333767,-0.18423226734629561,0.22327059920419917,-0.97457120685822829,0.01900532277796918,-0.18378376208287223,-0.022940344812533799,0.98269897190062672,15.422628327990767,2.6129384800786695,1.1043964197755904,0.2258185017952414,0.1677519109900543,0.375,True,5
0.21705661147735064,0.97561091119186294,0.032707451404133336,-0.96581105041675019,0.20976927504073992,0.15233471745395488,0.14175839413193261,-0.064654475577995835,0.98778760696865908,-9.3816733566843649,11.675092445222937,-4.5081100616462093,0.2984550597925794,0.4140713269744989,0.4545454545454545,True,5
-0.64408780468049021,-0.70437528955815387,-0.29833932245303318,0.73976182272748781,-0.6728141920352807,-0.0085737174445115055,-0.19468781548102293,-0.22622226781592564,0.95442136399362276,-0.39815802528175376,7.726754149209957,-2.3650849450270268,,0.08902296661046732,0.4,False,5
0.11630722222417542,0.99198375225402269,0.049405114335748679,-0.98208453500999005,0.1074361450735092,0.15481421390155967,0.1482652897771771,-0.066526009919248674,0.98670750166982912,-34.946718240686138,8.8573608345735657,-8.2301953659878304,,0.4220372044625291,0.5,False,3
-0.98367006828967141,-0.060326052860321264,-0.16956993866038586,0.050602180435255835,-0.99684837105056201,0.061096190298896014,-0.17272120913828476,0.051517885051065679,0.98362253503753871,1.8495105819977946,-26.593667787805916,2.3439383966580225,0.5251460462312225,0.5284507175548149,1.0,True,5
0.44509966095510883,0.88560040493332026,-0.13265826246256154,-0.88198289636292504,0.45917795580967879,0.10612151253025866,0.15489500424775637,0.069767669305941707,0.98546436261221726,1.7130103806598473,14.293439758876614,-2.8186129833256386,0.2421774982166889,0.2371762705781423,0.5333333333333333,True,5
0.66370934253069247,0.7424337244049023,-0.091005898181062111,-0.72427271160316997,0.6682849487480742,0.16977710830313641,0.18686612283789561,-0.046769564281156945,0.98127145071712085,-22.671821376763312,6.1159248649213112,-5.8811860582798419,,0.4098892925683243,0.3968253968253968,False,2
-0.95040983029823556,0.25282929977301111,-0.1811035605634751,-0.25557702701349311,-0.9667522465882411,-0.0083950568511092921,-0.17720479038508966,0.038307165033164246,0.98342819939825743,-10.638830318221224,-17.625324127442759,-0.81548157154201262,0.2802423910660924,0.232539997679857,0.4615384615384616,True,5
0.53643089937094679,0.84267328522171614,0.046299293447278594,-0.82547407988396382,0.5124859443216867,0.23653900378675868,0.17559736228030448,-0.16510569719530863,0.97051825078864462,0.087196689240399194,11.638213450584992,-2.8163285487024439,,0.1035906187778534,0.4736842105263158,False,5
-0.62894963565041462,-0.69103704457028092,-0.35621644943318292,0.75574006258009208,-0.65094981488218817,-0.071563232992117601,-0.18242618678975331,-0.31421671110304983,0.93165902820556246,-17.962496223846465,14.678781886357999,-6.1964409167026808,,0.1012568267531426,0.3636363636363636,False,2
-0.35524809954356645,-0.86684875501179304,-0.34981712894766548,0.91975034890463292,-0.39096055010389991,0.034772747263637362,-0.16690740984297003,-0.30939147402111655,0.93617243729056165,-12.808068043948078,-9.9458394292824615,-2.1329312053658227,,0.2390865005702002,0.1666666666666667,False,2
0.022436675216073326,0.99677302972404169,-0.077072192261565295,-0.99489617278575815,0.029847351053009036,0.09638849003573971,0.098377848022305786,0.074516191863739825,0.99235534773014988,8.6753162335903848,-4.9860679950173994,0.91806279552369374,0.4830725869354799,0.3273390473248469,0.8536585365853658,True,5
-0.381005737831414,-0.87957057540559724,-0.28493899455884519,0.92274726756326653,-0.3811014957352134,-0.057438054919254744,-0.058069854004156554,-0.28481090714551094,0.9568232016558158,-8.5271261602169766,15.120168432578039,-4.6440627351602197,,0.2703133616718572,0.7672413793103449,False,2
0.010442915911493562,0.99925900856370387,-0.03704563822569179,-0.99507217558471284,0.014038051833879959,0.098154462342855631,0.098601779316456764,0.035838065028579058,0.99448143381897058,-7.4056686276452179,-4.1716165916585179,-1.9227144946183312,,0.07906153607081451,0.4096385542168675,False,4
-0.28754867436806336,0.95723973196548617,-0.031746738664206076,-0.9571611820925735,-0.28838699178398652,-0.025988737270778758,-0.034032798361524508,0.022913718956703272,0.99915801058654197,1.0988571357009247,-2.8256128593770842,-0.68669376408216143,,0.2943473438456946,0.1522842639593909,False,4
0.64281356707925241,0.75176119048083923,-0.14712522035898046,-0.74352594350562951,0.658523921627438,0.11625582126707884,0.1842820916771637,0.03466059911846564,0.98226205951153267,9.0172658572085354,0.60417882605306961,0.2045693944958159,,0.07271686204416832,0.3,False,5
-0.52165761436778157,0.8517467601732952,-0.048997856140953921,-0.85307015329514768,-0.51993523555117083,0.044030266741657685,0.012026925172623673,0.064767332557727375,0.9978279138730527,1.7783886264095188,-9.1692704517386279,0.3265412053755895,0.4615601637537314,0.3884219488375282,0.6341463414634146,True,5
-0.73146599304059934,-0.65111055125492401,-0.20251555759901202,0.6566431476589133,-0.75266193511460056,0.048164178204752293,-0.18378595609492143,-0.097749994752191663,0.97809389164242388,-13.192791384086524,13.408019631320071,-5.2166982887591242,,0.0865086173604845,0.1851851851851852,False,3
-0.30755028706923576,0.9452609244039345,-0.10906239369576548,-0.95097335089654955,-0.30141771399452855,0.069260721732457675,0.032596116459157679,0.12501658484110062,0.99161905321874944,-0.65540224376646183,12.59800537475455,-3.0327182718020476,0.2108229294202488,0.181011341685241,0.4485981308411215,True,5
0.3088060856401933,0.94626622404473026,-0.096015804447551464,-0.93812978602885699,0.31966137217988244,0.13315071048073929,0.15668856383614183,0.048957536378002292,0.98643390736265946,-5.8082923205245036,-17.333539556634875,-0.016793310519648386,0.7167877063286006,0.681252092376713,0.8531468531468531,True,6
-0.88909955074281544,-0.42021163591481447,-0.18145018575553856,0.41320752567664099,-0.9074007996954403,0.076702864589684075,-0.19687947986804555,-0.0067800998422378606,0.98040425368978124,7.2164277479041443,1.3283040550193006,-0.16691538356771601,0.4036593472790851,0.3708464346206031,0.8954545454545455,True,5
0.73654809640916286,0.67202796181124502,-0.076650637439380429,-0.64967155782190478,0.73443468953926383,0.19629710583354376,0.18821203105354065,-0.094784520599040384,0.97754392536678991,-6.312982476443195,-6.143597947890937,-1.5115028097360312,,0.1175170888075894,0.3175675675675675,True,4
0.66070947319499274,-0.72045299405328189,-0.21073793059166304,0.74943388897099794,0.64903698194208359,0.13076636468647704,0.04256569149209756,-0.24433272280063686,0.96875677157717266,-4.8367173440720501,19.552004125814083,-4.4050996422602653,,0.2487102189167219,0.543859649122807,False,2
-0.13559223269080753,-0.95610202174368097,-0.25977619300384103,0.98180179574225601,-0.16485308207967944,0.094279876994577919,-0.1329660870718703,-0.24226511376274837,0.96105547932589153,1.3842817490188224,9.6113346809743767,-2.3348283073809943,,0.09432048984318757,0.2941176470588235,False,5
0.73658530408804224,0.67546869182593239,-0.034411279611333279,-0.64474103628557078,0.71662828728702266,0.26599416157027889,0.20433082472043662,-0.17374102630936422,0.9633602492557154,13.91760419115365,5.8757081369449002,0.37646202005883644,,0.3380526238243893,0.2857142857142857,False,3
-0.9540844138292337,-0.22600929910728332,-0.19657753687836152,0.23318048068118558,-0.97233524116284242,-0.01382180241826847,-0.18801541085086687,-0.059025210798716872,0.98039085561461059,-9.5235254347355855,5.7229331598725217,-3.6225624521419526,,0.07273432608587001,0.2074074074074074,False,4
0.75908898232169808,0.64077947189228346,-0.1148285039493965,-0.621284488463276,0.76576821491726188,0.1661463975455289,0.19439521936697837,-0.054778731492047678,0.9793925613682124,-10.058672473564396,-7.1863468722953483,-2.021737574419932,,0.06889003471891489,0.1730769230769231,False,4
0.98403941357204883,0.070892256940067039,-0.1632198530900042,-0.033981505287530148,0.97520174055816744,0.21869344414205694,0.17467595666024735,-0.20965651222479326,0.96204597449735363,-17.848502833345172,16.050847342570325,-6.3103836514628817,,0.5800044932481802,0.3125,False,1
0.87918466413502028,0.45555929662179634,-0.13964259239661572,-0.43432418996985039,0.88673359938338758,0.15832252439756234,0.1959510764370189,-0.078544579609529236,0.97746300423961685,-16.600638019991042,-6.9332559072208984,-3.1542491104096513,,0.0756776245670839,0.2083333333333333,False,2
-0.033878680604940405,0.99918867647579379,-0.021776680257117098,-0.99514914029756674,-0.03171208411104115,0.093126431727779055,0.092360292147019935,0.024826045272788311,0.99541611595886403,-10.088922178326031,-9.7555211465382605,-1.6998958581404016,,0.100059175849003,0.1333333333333333,True,2
0.83424230474219541,0.528349023259293,-0.15775641539849078,-0.51560720115905623,0.84888077460841604,0.11640723608582092,0.19542003758917534,-0.015771497112402819,0.98059281497851025,0.77565485256043465,6.9386596841363124,-2.0854192126935387,,0.1163706390535691,0.5616438356164384,True,5
-0.97654630897205275,0.16413691289394139,-0.13934267206677323,-0.15683896017883583,-0.98568202520680603,-0.061907073539558419,-0.1475088031375861,-0.038600764368823995,0.98830720628105362,-18.902798917275934,3.1414278572659247,-4.8244745255442663,,0.3474644793024527,0.3333333333333333,False,4
-0.26887000857898741,-0.90575515251494809,-0.32759200567071034,0.95291929657504815,-0.29965273724299907,0.046400983585411018,-0.14019177116239998,-0.29969291075265958,0.94367919683701185,-3.1562962365754603,14.470831464984892,-3.6934319984192148,,0.1190551805547571,0.1935483870967742,False,3
-0.090661465237633604,0.98233607351452257,-0.16369586858878457,-0.99263554467949611,-0.075875813545770041,0.094432708092102802,0.080344098475283843,0.1710517453603991,0.98198071582356217,-18.044797467706772,16.388273777548154,-6.3785381330497799,,0.09461154479766136,0.55,False,1
0.4231202013126994,-0.88473218232472994,-0.19549491246583076,0.90593403297967712,0.40930422006372469,0.10841394433929645,-0.015900412896484556,-0.22297762443112587,0.97469387803185359,-3.2092878286580744,-5.9624767455741399,-0.99421955562352615,,0.0705074746782883,0.3287671232876712,False,5
0.59875846635059771,-0.7201426614618508,-0.35054649636834578,0.80048254799158391,0.55268537039103804,0.23187619911630217,0.026757977023347937,-0.41944418996853883,0.90738667731417266,5.3990183649130143,4.5144911785880195,-0.907781775345186,,0.3784678656086727,0.32,False,1
0.8582488930702411,0.51045221939311991,-0.053360746437283918,-0.47989714004562434,0.83501302407850186,0.26916906322106493,0.18195486396284219,-0.20540638095228048,0.96161356383130869,-12.184592562318988,6.8726606849402945,-4.2167660740897519,,0.2797774866730702,0.2251655629139073,False,4
0.11420469215087448,-0.96205688960861291,-0.24779796094263157,0.99100114792524696,0.092793169202795678,0.096468401874110002,-0.069814132534662565,-0.25658520788600292,0.9639968972940367,14.890927122854977,3.8863314214766604,0.82916846557027724,,0.0882823380806601,0.1785714285714286,False,4
-0.75376917479755134,-0.60937328353047604,-0.24595981875970005,0.62842173603673135,-0.77787166642782646,0.0013387476899952844,-0.19214097116856527,-0.15355738955870057,0.96927910083232383,-14.05439476368104,21.014592740397571,-6.0914246767555111,,0.5040472521443031,0.2352941176470588,False,1
0.96565700104733676,-0.13702006903878361,-0.22075338504510211,0.21391657478086992,0.90151073422901551,0.37618890879966421,0.14746611598019593,-0.41049226149888435,0.89986101587258871,-4.0621083210244082,10.169241668254626,-3.3925771379185896,0.6180984626995827,0.7488608481616714,0.2929292929292929,True,1
0.63456227816861077,-0.71227499593949706,-0.29999174202776402,0.77090882513990611,0.61097067921230841,0.18004003017179349,0.055048146625225426,-0.34551289310565603,0.93679802639143506,17.056198751097085,-6.7027852618009485,2.5862535176087142,,0.712631944179676,0.282051282051282,False,2
0.07598283119574846,-0.94183256319012765,-0.32738056185148268,0.99266257842970984,0.040477717740014046,0.11394103629438879,-0.094061760289492022,-0.33363599518228526,0.93799755221960335,15.70197837697657,-6.9979398116830991,2.3887614170300213,,0.08859225919159053,0.2222222222222222,False,4
-0.40931251131059315,0.90372656451926425,-0.1254653923072982,-0.91229582528407038,-0.40336054343205818,0.070827954731535081,0.01340131537846799,0.14345232164173388,0.98956648900502076,3.8293508813716821,-7.6489617331339819,0.44434337033189847,,0.06938823182256439,0.3703703703703703,False,3
0.9785027220411413,0.1403565579743084,-0.15110413492582364,-0.10040152941290308,0.96419657009532322,0.24544756488497571,0.18014426399313097,-0.22500002411115205,0.95756098150475732,-17.664944498945466,20.673727987069096,-6.7176365998299747,,0.2484504074340772,0.2307692307692308,False,1
-0.0040606925035624021,-0.93846181190525901,-0.34535914403978152,0.99526671954392798,-0.037326435577171774,0.089726775130792399,-0.097096177806647227,-0.34336010950982976,0.93417138012933054,-4.5531510581087451,24.876107744063059,-4.7718361479761864,,0.1384902358363352,0.5,False,1
0.33433283246939538,0.94146338633348536,0.043223249837061245,-0.9333917339881288,0.32442412623064226,0.15339119023632819,0.13038952433238007,-0.091627935221580165,0.98721977970024732,12.496876503742799,12.237569861473487,-0.65447629431553667,,0.4506776951591547,0.4285714285714285,False,2
-0.52321425854608605,-0.78379394014253811,-0.33453534798269557,0.83629095497164863,-0.54773085477203787,-0.024664739270841257,-0.16390325892634211,-0.29267382890604726,0.942060375765161,1.3397912010154713,-30.797182081814793,2.6295106199130363,,0.3596452130719871,0.5517241379310345,False,4
0.62486168927829688,0.77246000734477516,-0.11337286414827366,-0.76188271084862924,0.63502844226511079,0.12756806976783297,0.17053622542503127,0.0066644255008603825,0.98532886959153188,19.750149302619246,-0.44740818117425174,2.2399512481128023,,0.1188310216577144,0.4117647058823529,False,4
-0.50740010420677251,0.85728873700815889,-0.087184606725688757,-0.86169867558757818,-0.50532137186157611,0.046105353599651788,-0.0045306447190769927,0.098520721368103303,0.99512468601655057,10.60011997732129,-7.0122753232033235,1.5386804189280197,,0.2528632109349496,0.1935483870967742,False,3
0.95058592991594104,-0.23275603773748432,-0.20545319842385637,0.27243887292220031,0.94271593063756709,0.19251943964968049,0.14887394119431013,-0.23897970838314403,0.9595442921587205,28.819432598946143,5.6181579186452444,3.0445329864681145,,0.2856882699152209,0.4814814814814815,False,3
-0.31879177104567408,0.94357891049697129,-0.089613873808198977,-0.9470046520012565,-0.31315683288650759,0.071519138029423293,0.039420753437018979,0.1076644680562778,0.99340543914185253,11.229093278354283,-5.6760764858144581,1.4600219241933023,,0.1383130078361691,0.6923076923076923,False,2
0.8565484393059366,0.49634768443967575,-0.14129312535978611,-0.47609222899605425,0.86566201629661321,0.15480782612920746,0.19915059782017464,-0.06533184286895799,0.97778872446720932,13.395395550346867,-6.9667771077621596,2.0024886875483388,0.1920967406091627,0.2043142914110441,0.2962962962962963,True,4
0.72684739848810076,0.683297361797503,-0.069264526791515166,-0.66029976271997848,0.72298404354289059,0.20321982219830809,0.18893671602687609,-0.10197444848070557,0.97668015705963618,10.809909251990954,-10.660419561951613,2.0417865622655511,,0.2134297191657735,0.4242424242424243,False,4
-0.75932462516385157,-0.61638696394781567,-0.20855029200404143,0.62097247661176069,-0.78218074084665734,0.050857368583425724,-0.19447184091902067,-0.090886738987425927,0.97668843740765088,-6.6693126255647863,1.1972604517871182,-2.5158386297508866,0.2334360395108395,0.2052325825990866,0.652614727854856,True,2
0.95974236154028858,-0.21073181333202001,-0.18570595659501057,0.24291282853735977,0.9546637609788724,0.17207690491653074,0.14102466875354996,-0.21025985428386521,0.96742071327808477,-8.3107637522992324,17.497234441612747,-4.8327493972539237,,0.1571680607396415,0.5555555555555556,False,4
-0.92543902647009069,-0.27971382276332807,-0.2555832264473103,0.32619381120930785,-0.93134724924036738,-0.16183293503223589,-0.19276982599680434,-0.23313618056304941,0.95314600953769679,-12.70743688641357,10.585572232894775,-4.8335586301154665,,0.7915612818694298,0.2340425531914894,False,1
-0.90126636871136312,0.42206256907545514,-0.097888305814638144,-0.41227737767610367,-0.90489931688552327,-0.10575722271612788,-0.13321522618060128,-0.054958294055947848,0.98956217057247642,15.114305792019826,-5.1201492669078457,2.0683526854731542,,0.4356175860222609,0.2,False,3
-0.65452596912639982,-0.67612044233664803,-0.33831479895748529,0.73305826955556785,-0.67703670313939412,-0.065168059955300006,-0.18499007858624403,-0.29065864868714386,0.93877378572690229,-13.164482300219339,-5.1909268578531886,-2.8184269901812762,,0.2731698877353838,0.2758620689655172,False,1
0.46400310070659945,-0.86299336527568482,-0.19985888527861548,0.88580494147055922,0.45021066996074977,0.11251648021437947,-0.0071223732702882514,-0.2292439838766599,0.97334293425049179,-8.1670280639202559,14.029433367069627,-4.5463656822733327,0.1945842768743751,0.2414677171845807,0.6304347826086957,True,4
0.95663889544217273,0.25413937036321715,-0.14232077908221041,-0.21263378776087535,0.94325014803022178,0.25508043935870034,0.19907007818766442,-0.21375766342368208,0.95638839667679187,16.801042099148866,0.34158681093246157,1.6115919014375897,,0.2940948548092787,0.5,False,4
-0.7593063166319568,0.64242400285853718,-0.10365962605576669,-0.62748808413214341,-0.76502947475653937,-0.14487445263365939,-0.17237349504775773,-0.04495890684774731,0.98400511934647616,25.58990366309569,14.608416719160683,1.2638865071179428,,0.3656154384897539,0.4615384615384616,False,2
-0.91278656522604096,-0.30767023539737809,-0.26862559928899066,0.3430566048028928,-0.93445510843052482,-0.095424400596538492,-0.22165931571661759,-0.17925589691449159,0.95850637513655723,27.709311451600808,-0.73488324589248721,3.671403797156338,,0.4416402171184402,0.3478260869565217,False,2
-0.78886619246617984,-0.5073869572622276,-0.34676880768617219,0.57939446245052362,-0.80216159413278521,-0.1443566201461372,-0.20491995331245744,-0.31479398421590876,0.92677535586348714,-0.6715554717987986,18.53426769956026,-3.6127984525197467,,0.6106290947899297,0.3809523809523809,False,2
0.651056649915978,-0.73251616016519372,-0.19886003544459022,0.75783030487530822,0.64204195003692255,0.11608343294967947,0.042643494378163296,-0.22627905225545286,0.97312862608063933,13.603770033462496,4.0738776289725989,0.58563100169556048,,0.08660606907064841,0.3571428571428572,True,4
0.27893626743581496,-0.91712309444313911,-0.284745128752042,0.95908397124313782,0.25107602295490633,0.13083870528876226,-0.048502523784518074,-0.3095901489650289,0.94963226822299152,3.5852903750059322,-20.726904414400735,2.0077048420457411,0.5143092346830401,0.3385302436797662,0.8115942028985508,True,4
-0.063017601434640122,-0.97163169086374013,-0.22794876445967982,0.99158588403853598,-0.086835113818295229,0.09600571641146495,-0.11307615347605246,-0.21998072714997885,0.96892840973811201,13.363639991870896,1.205208546705371,0.94819488211390857,,0.08697234503190629,0.2727272727272727,False,4
-0.35056674122187448,-0.88304576718785555,-0.31198258445093507,0.91898881744497118,-0.38853552231095473,0.067079813011405323,-0.18045086134504013,-0.26319255489880988,0.94771681724324586,11.996994540684241,-15.101148965323075,2.730730778963713,,0.2297674794464001,0.5,False,3
-0.98246146964834435,0.044621814417073628,-0.18104793380357509,-0.046598302542122126,-0.99889139959336748,0.0066760780849157153,-0.18054932527320153,0.014995515880798478,0.98345161327177644,18.290009110228826,-0.9547983189113658,2.0790430975182259,,0.1493473361570073,0.3636363636363636,False,3
-0.50696639189463011,-0.75949858505216949,-0.40761130601725692,0.84500887596630003,-0.53124940037075963,-0.061107071144665667,-0.17013252783495392,-0.37541440290625716,0.9111086373550783,-9.380240244588899,8.5615414930362839,-4.014200387750769,,0.358756911550304,0.1363636363636364,False,1
0.92260929362163802,0.35355965262408068,-0.15423249774065395,-0.33336599435365266,0.9319947977338352,0.14231237052929441,0.19405979782423183,-0.079882845676692571,0.977731827156614,14.835538407116829,-12.234306865917263,2.8750165033183905,,0.09284346657240466,0.5555555555555556,False,2
0.33741020628047058,0.94133241894351816,-0.0069014305556841793,-0.92952503152975963,0.33431883401319507,0.1556089103607402,0.14878699021544009,-0.046088982089023761,0.98779463314629701,8.5434816807440033,-11.2582412598712,1.7898764324765195,,0.4645940623056916,0.5454545454545454,False,1
0.84508803781457065,-0.46141653865806009,-0.27003886052850734,0.52067723930307552,0.82496266126616247,0.21984499081939432,0.12133186232168149,-0.3263914603194556,0.93741516619696641,-4.1119824356299572,-17.708545463173529,0.32304017897756004,,0.5071781348605164,0.4545454545454545,False,2
-0.39060100901590411,0.92055195631625186,-0.0038661968494980437,-0.92031819479361765,-0.39039866303495052,0.024562252183783898,0.021101471218241394,0.013152171791935952,0.99969082635061779,4.1559290843113486,17.163859591298866,-2.6517244150128469,,0.3668055052003876,0.5454545454545454,False,1
0.53094731699960129,0.84411769377777146,0.074567188643666238,-0.82959593718447977,0.4998274270836236,0.24888375628386894,0.17281645632846565,-0.19400479938975723,0.96565864063643636,-13.53231340073736,5.5061691509423927,-4.2549274809768436,,0.4537087194611311,0.6764705882352942,False,1
-0.91963069920077201,0.38520162462291668,-0.076805504199658148,-0.37267251685480052,-0.9174677450866936,-0.13916943596438583,-0.12407486557964342,-0.099361185144916681,0.9872855628530125,1.1534841785440186,23.086232058723489,-3.6826551777609255,,0.5662351576660406,0.1111111111111111,False,1
0.70946882853753224,-0.6452800561154548,-0.28331542582996788,0.7005133221892178,0.68966669104346268,0.18341466871705026,0.077039384531587818,-0.32859322032688909,0.94132429522784411,9.4746673636182326,-15.095898701565487,2.3759946432395966,,0.444301552033689,0.1379310344827586,False,2
-0.30771128705746192,0.94948238128743789,-0.061619570285550943,-0.94550205258329623,-0.29788815529404666,0.13148579959935958,0.10648770998670817,0.09872109480878756,0.9894010880636529,20.071351308502972,14.792104169266905,0.38872206916716273,,0.2014410085189876,0.5,False,2
-0.95748793268613441,-0.22128181095574168,-0.18507084832728318,0.24843935107462492,-0.9585966531907939,-0.13917738799470486,-0.14661087135015646,-0.17923955096896649,0.97281983726196253,-8.778529514340434,2.7219648354031341,-3.0749460605724233,0.5877581745631003,0.5804662616836773,0.5088495575221239,True,3
