axis_00,axis_01,axis_02,axis_10,axis_11,axis_12,axis_20,axis_21,axis_22,location_x,location_y,location_z,dbh,dbh_approximation,score,reconstructed,number_clusters
-0.97435166060569101,0.043590627886082048,-0.22076842762367263,-0.00089194330851939544,-0.98179930238913948,-0.18991928355312471,-0.22502898904822471,-0.18485125638927891,0.95665666103322478,11.581523333666784,-0.34349497666368689,1.8537952157012287,0.1684056397178306,0.1715327657438171,0.3461538461538461,True,5
-0.9126401955546688,0.35305707676953413,-0.20600624748022961,-0.3337698425456157,-0.93458764818153184,-0.12305941684237751,-0.23597789232258407,-0.043550297466981608,0.9707820589223547,14.701290531470367,-5.7706428226230013,2.7733801567857022,0.4284946989823935,0.2685465414928428,0.639344262295082,True,5
0.90210184975817953,0.38868729337654118,-0.1874418326587981,-0.37543515467038507,0.92109046981774334,0.10315421003794514,0.21274561640723536,-0.022683350249617887,0.97684429072445222,-12.113606997335673,-6.6665414173080588,-3.2772045527834819,0.7130852491568056,0.9139142804411922,0.5826771653543307,True,5
-0.50116917437769959,-0.82694411001172252,-0.25493704628887204,0.85453052757592485,-0.51937866213471606,0.004835572351101743,-0.13640761010436983,-0.21542804886103262,0.96694556189557102,5.5818042935714995,-7.1532574249696106,0.55368553434795487,0.1684466467265322,0.1599993708153513,0.3709677419354839,True,5
0.58115758751506474,-0.74238526012644568,-0.33334664243196133,0.80729710631134322,0.57757841922793685,0.12113856439421683,0.10260234215164746,-0.33951037567230535,0.93498955298754471,-5.1138913810432243,32.915972668868918,-2.5471203166129177,,0.3827386369176666,0.25,False,3
-0.92387479511972481,0.32871821609709906,-0.19595840718996774,-0.29187361256074601,-0.93641934616305944,-0.19475266987204365,-0.24751799375646938,-0.12273199475886805,0.9610784048293266,3.7532229086651885,13.476397275744571,-0.26182796023413346,,0.2894688860979794,0.2535211267605634,False,4
-0.53284789832501245,-0.80029810774578836,-0.27494736948937665,0.83356351541294804,-0.55237076095874127,-0.0076425264323092615,-0.14575658826627699,-0.2332584000124569,0.9614289031439629,-21.419021928048853,-11.447435380359593,-4.9592485448095571,0.3577505398822375,0.3626457365940322,0.7857142857142857,True,3
-0.95233103673397612,0.2259865161930858,-0.20492850209793234,-0.21080056376814446,-0.97305449307832337,-0.093424171471405942,-0.22051920276525222,-0.045771694298971238,0.97430807920943507,-4.3239170717535549,20.681429020561747,-2.4064341191143162,0.6101180320405297,0.5321923467565569,0.8132530120481928,True,5
0.56213219269222769,0.79965745523042442,-0.21108138770017174,-0.81268088558590024,0.58143857777632524,0.038457229187257955,0.15348347188653685,0.14992376251897541,0.97671167152328475,10.781127088111003,-10.858443364924138,2.0324393603521358,0.2365667267905282,0.1845007204685874,0.5,True,5
0.96943969225062032,0.0069920040761211055,-0.2452300857725711,0.056254533969125158,0.96662451406069438,0.24994494638788547,0.23879302857692386,-0.25610185609621411,0.93669083950209253,-10.410960679029122,21.636123569330579,-3.8002627282622776,,0.2863329678866915,0.3333333333333333,False,4
0.46859640334299224,0.88142759916601676,-0.059184442233097906,-0.87950725480073777,0.47176919575204607,0.062456502402368497,0.082972281678168239,0.02278625392421188,0.99629131638553381,-0.69652336054777497,-16.354812128162539,-0.21552165006544724,,0.1426548672703276,0.25,False,2
0.073467418918171393,0.99075918252430173,-0.1140121949673792,-0.9949341661825355,0.080678628165114674,0.059974693997197723,0.068618826280870557,0.10902844216612889,0.99166741172565642,-14.969666853609121,-14.46341098289188,-3.4017183836411475,,0.1513814143302908,0.2142857142857143,False,3
-0.79943518807583369,0.56705043479828943,-0.19838645231271979,-0.57568414397399492,-0.817498732160576,-0.016840109642732769,-0.17172986473844548,0.10074535875623016,0.97997919684348067,-11.084189796139892,-18.92286047299665,-2.2890676490037705,,0.1080716974553513,0.1818181818181818,False,5
0.50654454658554893,-0.75628374938361542,-0.41406220878353789,0.85662467037455015,0.49602272611597997,0.14197052258185586,0.098014266462257249,-0.42661029710349574,0.89910892442191548,-19.10522833087818,-4.4270821267663178,-4.8056702148192505,,0.2704600134509762,0.1764705882352941,False,2
-0.77685772823985355,0.62290923745013038,-0.092066019645202724,-0.60679752775817575,-0.77964071840860016,-0.15478084670232084,-0.16819283688843437,-0.064377263832961329,0.98364970264866225,-9.0139357565505431,-16.996145122825002,-1.9468505198370201,,0.4588112406101069,0.1666666666666667,False,4
0.48847720202967687,0.86999686185957836,-0.067048366510641833,-0.87206340665113891,0.48938164301100179,-0.0033199794975641676,0.029923868019862729,0.060092161205430372,0.99774420283176379,-7.293684158791204,-9.0212835378216294,-2.0798770300857989,,0.1780464591459089,0.196969696969697,False,5
-0.13167392075287898,0.99129224158232065,-0.0012924288229332337,-0.99128527794757426,-0.13167794606338273,-0.0037968730462010596,-0.0039339951658090636,0.0007812165043746544,0.9999919566590566,-18.023765388624209,-15.833647350293907,-3.9852356193252576,,0.4182718290004898,0.2647058823529412,False,4
0.13532800841464848,-0.96183132478577715,-0.23783782878121118,0.99077373034140959,0.13314377137166369,0.025301213613116411,0.0073311256905867449,-0.23906743568659886,0.97097529102976732,-4.4583316611656496,-2.5852754624673535,-1.846286337919228,0.1399172560468381,0.1018252248633727,0.5675675675675675,True,5
0.21511914996688106,0.96424144596138683,-0.15479723901872916,-0.97505859050930721,0.22093393460830307,0.021188242317323143,0.054630544492345681,0.14637838101573949,0.98771902542154255,6.8876040749024172,27.762357578846963,0.34816880884057622,0.3361960725987527,0.2809824178423889,0.6808510638297872,True,5
-0.69916651107105876,-0.64895996472499906,-0.30002858860590514,0.6903769590851554,-0.72189893898068924,-0.047345287652407531,-0.18586512357367532,-0.24023506422394519,0.95275456952788207,5.3197580814362642,-11.045520200066829,0.72794972700964744,,0.07631925432380116,0.1875,False,4
-0.83684505440088541,-0.45994565358510869,-0.29688440624752716,0.50098223348807136,-0.86206037334145624,-0.076607535162626333,-0.22069697925908141,-0.21284244986035178,0.95183556084197696,8.5713953416039868,14.934737798500526,0.96653005969095052,0.2891247691935993,0.2600118750797786,0.3939393939393939,True,5
-0.48375327147699515,0.87053746434759527,-0.090262370357546834,-0.87092645327587392,-0.48900635746410054,-0.048578754039164687,-0.086428498307039484,0.055111754889049347,0.99473253146433205,0.2826495030703548,-11.001588165216916,-0.31246282860553887,,0.3599103267931673,0.8070175438596491,False,5
0.66342211565160802,-0.6913113703903111,-0.28628602067410813,0.73346622127392358,0.67650472928970073,0.066095790326023723,0.14798107552824899,-0.25383053484114204,0.95586173731757018,5.5983157442247178,4.551815250518028,0.23602514987448325,0.607960419650316,0.3762166246037282,0.8108108108108109,True,5
0.81736707946270082,-0.50430353382227244,-0.27854802671170065,0.5538410998652824,0.82096293078581528,0.13885208812105748,0.15865400565579246,-0.26776447122411884,0.9503320969216178,7.5775726374055425,14.627437336119614,0.71225212671936589,,0.1658231451655021,0.3333333333333333,False,5
-0.97308349308484565,0.061497214785794521,-0.22209594336544419,-0.039043190298162868,-0.9937985992957129,-0.10411519259561196,-0.22712143178735503,-0.092641441112872452,0.96945005988518751,-3.5794129259005856,10.925480856278348,-2.0783963929610856,,0.08357592698054386,0.3529411764705883,False,5
-0.93366620952237556,-0.25819293541799371,-0.24820116296335004,0.2987405764008248,-0.94369644796003904,-0.14209532757732884,-0.19753854613169231,-0.20681736437699116,0.95823019185597169,13.261616908856411,2.7332476408456219,2.2128473191993763,0.2489946221870227,0.1210479377707931,0.4444444444444444,True,8
-0.45103927197784793,0.8792453238309037,-0.15326850836092468,-0.88520360421092881,-0.4626240844433997,-0.048923773207799934,-0.11392170217159997,0.1136072929630679,0.98697275988749034,-9.6358720287256556,2.0499784579249964,-3.2091296945253092,0.205483248796675,0.2402415688978482,0.7579143389199255,True,5
-0.17836126157279164,-0.89669380371887042,-0.40512650214759555,0.97960033243166345,-0.20055840328993912,0.012629947330222373,-0.092576719913465971,-0.39460936284124526,0.91417339804223685,-5.3413463236474046,-7.579990144232946,-1.7586652590520737,,0.2528972735052797,0.3157894736842105,False,5
-0.21600707318466938,-0.94470975284265446,-0.24670716896386349,0.97353351663022281,-0.22770570041864577,0.019560316828881135,-0.074655450784154059,-0.23595253099050506,0.96889264977467449,-3.7691302085734102,17.602275693973077,-2.241494845519171,,0.427119680016128,0.3720930232558139,False,1
0.40029789632106599,0.90291436169795114,-0.15654791483923425,-0.90895117626213351,0.41292957627280752,0.057418848916052909,0.11648756745942551,0.11930976690423307,0.98599991184007962,-17.864388360690548,15.680587842016724,-5.3947195581978402,,0.08651742057504147,0.3,False,3
-0.69672176227430938,-0.66917933059710233,-0.25841402724116103,0.69375530890333703,-0.72018987098843867,-0.0054882687699853577,-0.18243452891877887,-0.18309989958290623,0.9660186692972933,-6.5195138513311148,-0.31171828517104122,-2.4251335704074077,,0.08727890810550012,0.425,False,5
0.86422373050468237,0.48328992249193764,-0.13981485775949412,-0.45220581286826828,0.8679945560621467,0.20517152203613837,0.22051586437424253,-0.11408900676320173,0.96868800554929291,0.67865310275381741,-4.212614553458228,-0.66719600213982799,,0.2135362128915466,0.275,False,2
-0.47522912801169576,0.87437500947362778,-0.098110237474167333,-0.87517723201600162,-0.48124236293715539,-0.049705137314707826,-0.090675732420829255,0.062242517001304093,0.99393348903600687,-16.593067993870125,5.1846844712205407,-4.7644043158405287,0.2331224269139962,0.1198960650353515,0.391304347826087,True,2
-0.68146369878934332,0.72786475697225572,-0.076289729256734801,-0.72069704680344027,-0.685551604325361,-0.10302797938289783,-0.12729098146037759,-0.015228045332299045,0.99174851281673782,-15.066146564149902,-9.9583690998381975,-3.7213931725409455,,0.4590619826425283,0.3863636363636364,False,2
-0.89924246311315847,-0.27298551706619051,-0.34182144462611647,0.37760206397285068,-0.87889990546328856,-0.29146464186941407,-0.22086120939998438,-0.39116986546604948,0.89342401049761899,-15.917612424614738,-14.504817438286041,-3.6207854554341505,,0.7034180187686717,0.45,False,1
-0.079987291068168043,0.97805093988792591,-0.19240164305930901,-0.99675839010428569,-0.076806038870032831,0.023948781802168796,0.0086455204753106314,0.19369355016995435,0.98102398726956264,0.019265690821341774,11.341805469631714,-1.1550847578560259,0.2154574611043638,0.1870791192122805,0.7202797202797203,True,5
0.94100944797967301,0.29191022813320144,-0.17114215589448634,-0.25412932149562195,0.94361081661814872,0.21217189898147268,0.22342673691652318,-0.15616352158059091,0.96212964186661576,-13.219051380599115,-13.240790109164207,-3.0984047796213434,,0.2357779483291499,0.1951219512195122,False,4
0.71988033164990939,-0.5958237577646861,-0.35604263478800391,0.67730210580625572,0.71516412321899969,0.17263294682884175,0.15177010764319362,-0.36542348931557067,0.91838527203042919,8.3508035014047799,18.29402963293164,0.82844449267303599,,0.3500413794674316,0.5909090909090909,False,5
0.70622486168297605,0.69725088665117196,-0.12283177848185489,-0.68918820923523549,0.7167618883938589,0.10616971129845615,0.162068062837778,0.0096745237724149558,0.98673215544938364,7.750394536228594,8.4326010296305487,0.67056437613744269,0.5793628487179682,0.7154798283421228,0.4690721649484536,True,5
0.80825680636094122,-0.43460266139769543,-0.39729266501818611,0.56176649298266657,0.77133980020973381,0.29908747879903608,0.17646343058313238,-0.46492519755165829,0.86758585647092246,-26.444832455033453,11.718078533750409,-7.1759690380329699,,0.6018113496314955,0.2631578947368421,False,1
0.3888392641351211,-0.83837943189788422,-0.38199994088669686,0.91804485841348527,0.38744127816284618,0.084159930585198037,0.077444590562689666,-0.38341776712369835,0.9203223083498826,12.362302076065005,17.338451730616892,1.8438120460937084,0.3673404312133055,0.2494819128750908,0.3225806451612903,True,5
0.33426927082326252,0.9293245002679239,-0.15690770467079906,-0.93655499789466667,0.34616784297440417,0.055068688099221275,0.10549308272017432,0.12854492480149679,0.98607677784540326,4.3163596151256156,26.581410546011945,-0.26493153545681225,,0.1343566507125651,0.1875,False,2
-0.5441677931741693,-0.73920867377713639,-0.3968021540826121,0.83449983273613959,-0.52569222441276653,-0.16509910464721242,-0.086553116843407218,-0.42097294664218476,0.90293429227163979,1.3201439160891102,15.103192854548002,-0.91893144788105641,,0.2970495436241958,0.2142857142857143,False,4
-0.56969402177720951,-0.70813438871379963,-0.41712637062674385,0.80795510132669868,-0.57551732747709028,-0.12644508694998521,-0.1505233396901311,-0.40905438916427539,0.90000957267907378,9.5166396787685201,-11.084904117810993,1.761567230459731,0.5341897086773051,0.4167022678246986,0.1,True,5
0.81681350761181248,-0.48876446144320007,-0.30647185027833318,0.5533108083775371,0.81408722743558581,0.17637782020094175,0.1632876085791034,-0.31364197320572107,0.93539610301098552,-0.25016034017002142,13.807529214993648,-1.2642226870859556,0.1232139471413676,0.2181704053261471,0.3333333333333333,True,5
0.97163213233088241,0.073126996860590376,-0.22490762937769418,-0.055038111083681701,0.99480137656003742,0.085679796466817976,0.23000392551102983,-0.070870752249473368,0.97060575452915521,-14.237152768431461,0.10159264093145393,-4.0368980505976451,,0.07155502474162695,0.2272727272727273,False,1
-0.86304147291152544,0.47787284758424226,-0.16369776289379717,-0.46542921199395332,-0.87823002958547558,-0.10994391186865918,-0.19630350138852265,-0.0186964348479495,0.98036492117302121,10.365910637965381,8.3714390821625688,1.3896252672244476,0.570276896387226,0.4413053340989203,0.4285714285714285,True,4
-0.60653785676504768,0.7723394850543962,-0.18868902495050499,-0.78498620568425281,-0.61939732927895552,-0.01198354569968382,-0.12612884363341265,0.14084980762502608,0.98196377045983263,14.083405286655884,8.4629254999119574,2.3818498014051341,0.4117800378574346,0.4486202363203434,0.75,True,5
-0.80324255154688229,-0.5215539157867598,-0.28772020490739225,0.55908602882107905,-0.82677967998304269,-0.06211419438592998,-0.20548531763006744,-0.21075311075909456,0.95569812730999704,-6.8460089041763013,-1.9411652411160976,-2.4044344623765515,,0.1722909228688541,0.1486486486486487,False,3
-0.060650465134824132,-0.87220550121670515,-0.48536489853124554,0.99740936720270656,-0.071800234621115955,0.0043909594224099419,-0.038679132555242843,-0.48384118257509812,0.87430065466583362,-22.923890355675088,17.389080342303284,-6.5546331598708418,,0.1323808434524973,0.5,False,1
0.31502412804746888,-0.85788566160866553,-0.40594579731066904,0.94774327829193949,0.30707526817050562,0.086530099563447899,0.050422982858811097,-0.4119914699168844,0.90979148793300191,-1.4749870817950255,-11.738641959670833,-0.65097168747371048,,0.4813762037720259,0.2,False,2
0.97258347745707407,-0.04015414279109359,-0.22906118002450479,0.06375870258362791,0.99327944486015396,0.096595922601099116,0.22364303526458981,-0.10855224196218856,0.96860735261643827,-3.2347472174605576,-14.583202157765434,-0.87331817193906913,,0.09001862080255701,0.3793103448275862,False,4
-0.71325711573127892,-0.63297526684804584,-0.30100929955292405,0.69085888785333205,-0.70734466184550238,-0.14959119771139179,-0.11822979291512764,-0.31465193614105846,0.94181520222914705,5.1119662470980805,-14.913190913627547,1.0160357276306553,,0.197951465195138,0.1764705882352941,False,4
0.094496503382762165,0.9929553451290476,-0.071484917486741129,-0.99415588083906992,0.097887824520930533,0.045519868229741675,0.052196699527127272,0.066765682728584685,0.99640245291160412,-7.632492334783235,-10.134571662747618,-2.0692930752845089,0.5869685139777678,0.280371948060081,0.3870967741935484,True,5
-0.17817771533771409,-0.94568123931296333,-0.27191854546634031,0.98263641605840313,-0.1855364590991089,0.0013770188311967579,-0.051753024964048329,-0.26695171090753889,0.96231928612628792,1.741481807854679,-5.5755930728048062,-0.35056770264269649,0.5459198431300863,0.4617374347419478,0.9642857142857143,True,6
0.32120509031095451,-0.90795512946130541,-0.26915566656348633,0.94558608080914741,0.32307379113503215,0.038604264811456533,0.051906201347497606,-0.26690973823849279,0.96232267867650878,-11.532549405867442,11.980053692472941,-3.9092283851262164,,0.08172037648326219,0.3157894736842105,False,5
-0.64842984757655509,-0.64586008079651891,-0.40299316223151949,0.74094192503198997,-0.65695864759480305,-0.13932120829327005,-0.17476783600461204,-0.38893455925633752,0.90453640729068718,-3.0880016456689852,-13.038924734979409,-0.93065853886575578,,0.3259839186600687,0.3571428571428572,False,3
-0.96985330794971147,0.05645463620020344,-0.23705998209420406,-0.0051477394615067453,-0.97732447740388306,-0.21168459236718776,-0.24363509976486988,-0.20408267912473285,0.94815199110893233,7.292337704792013,0.95697610185208171,0.63185964396022343,0.5553190473965577,0.3160924565559582,0.6285714285714286,True,6
-0.84761184147185231,0.51997605943604586,-0.105731091974198,-0.49473409147218766,-0.84647540834747548,-0.19676778648488835,-0.1918133074942493,-0.11447393011657948,0.97473246298242289,5.5315399718836806,-8.9833680401437306,0.69340278259979649,0.6743030873727093,0.408899306640939,0.4642857142857143,True,5
0.53734861605567974,0.84279518999086012,0.030866366020566111,-0.83489849476222333,0.52642928974205794,0.16067578020798653,0.11916781556619477,-0.11210919065777866,0.98652448581028074,-12.691452525692188,-9.0648287027564898,-3.2496188074465966,,0.5009343422838358,0.3043478260869565,False,4
-0.39432617152768301,0.90951994820616222,-0.13145468520893738,-0.91742099602398153,-0.39791634599897757,-0.0011391405478392916,-0.053344039054856504,0.12015009530534082,0.99132152609303892,11.660290323966858,3.263153408776295,1.8034657579936637,,0.126953948427219,0.3928571428571428,False,5
0.19830261248229097,0.97559894564756544,-0.094248454279397403,-0.97871335619182098,0.20228403680164236,0.034660277941351764,0.052879488409385972,0.085368997338548219,0.99494517135316118,17.050244850379652,26.768737829920035,2.9589767068351938,,0.4820229378777145,0.4042553191489361,False,3
0.39250424585463917,-0.8365104399340838,-0.38234892554755073,0.91386036670863169,0.4016660602460792,0.05935997140798821,0.10392135076703535,-0.37271257012298148,0.92210937145605243,18.448243061261959,-8.6457262437646918,3.8237193693516631,,0.4821713091655774,0.4933333333333333,False,5
0.665968757573425,0.74417665918924358,-0.051833520563893065,-0.72960214306568871,0.66425338013500124,0.16262890214590406,0.15545522432541628,-0.070487920221581984,0.98532488364639037,6.3457551126423777,-16.56384756330273,1.3627176306492981,0.2444364711866224,0.3258537408534805,0.3529411764705883,True,5
0.37344555591738171,-0.82944213213937013,-0.41540843298812952,0.92479939108773046,0.36797418541702176,0.096649289239197037,0.072694587207854114,-0.42026271342908228,0.90448590298130394,-19.015309788860716,14.376837839784423,-5.5643638927043213,0.4859720299639081,0.2004370404659095,0.2777777777777778,True,5
0.51303626663910862,-0.8060932627197992,-0.29497023733040439,0.85253687144089196,0.51850409573279077,0.065836050474624319,0.099873279443412691,-0.28524928484760548,0.95323563380055631,-24.108665531672933,31.511893077342521,-7.1735869556707295,,0.1459220289408145,0.1538461538461539,False,1
-0.95781109825993371,0.17897719687607361,-0.22486676732786204,-0.17344162816743558,-0.98384723950580844,-0.044301364938667105,-0.22916348240661863,-0.0034310807602265098,0.97338190142209235,2.0574518623248421,-14.253884952484702,0.28057279335837704,,0.4536946009293841,0.8205128205128205,False,6
0.38733120091548101,-0.84883460722768922,-0.35979765197953445,0.91941861430739946,0.38448862053423682,0.082691670346781598,0.068146551361256691,-0.36283372259520552,0.92935877748331042,-8.524745601543211,9.5478720659259455,-3.2505399687771086,,0.07303793984165927,0.2323232323232323,False,5
-0.89046265407392944,0.41443719241119059,-0.1879310385379232,-0.40723430028462371,-0.9100454555113684,-0.077314252080699766,-0.20306768913666512,0.0076865108752331157,0.9791345317060669,-17.598094379161051,-5.9092334985344737,-4.4729477413439938,,0.4679444873343097,0.4814814814814815,False,3
0.91008214281475508,-0.33948709725970988,-0.23769519162970065,0.36071499692072512,0.93128065993489673,0.051000229682860825,0.20404701498964636,-0.13215461863060132,0.96999998579815216,-20.000192965003389,-8.9412127467010123,-4.7993264566133078,,0.1217143807838874,0.5675675675675675,False,3
-0.97111826331049789,0.070925757510768087,-0.22781320327480165,-0.059073400642247621,-0.99654161907930094,-0.058439154505907337,-0.23117017974073303,-0.043293629604464409,0.97194959212621124,-11.74246173025109,-3.3267506120571375,-3.3335604594331336,,0.07030629619397397,0.2857142857142857,False,4
0.90651812384273689,0.36139740271681531,-0.21821275960444123,-0.35836783887093704,0.93197397463481768,0.054744887125240088,0.2231532729036699,0.028573202706751802,0.97436450514140782,1.8114349582092875,16.404236812796739,-0.74248934651343024,0.4432352821423869,0.3928386515289392,0.7920792079207921,True,5
-0.40387221626373104,0.90221795616340361,-0.15129439020185512,-0.91199662385015678,-0.41005620293802802,-0.010773510011148055,-0.071759257354961095,0.13362885170641842,0.98843003747128533,-25.296310078285849,15.797101447797258,-7.0702556032801152,,0.5014845495349567,0.2432432432432433,False,5
0.70948465781768333,-0.60060914742027871,-0.36864640559269302,0.69497184792620903,0.68301495260398559,0.22473251902963859,0.11681460059151999,-0.41564314809035752,0.90199507899665532,6.9539875177175823,-5.5679887311259746,0.81834579266677188,,0.5137808658045938,0.8620689655172413,False,6
-0.97254973497656605,0.10984673038539322,-0.20513583017271875,-0.083562271675928806,-0.98762891821551646,-0.1326893615057636,-0.21717357055905767,-0.11190538739528018,0.96969728499286967,4.4180227643231067,8.2695116003718763,-0.096244666588003625,0.3245907012428011,0.1372852423461898,0.3137254901960784,True,4
0.78894575865309924,-0.51291713610561918,-0.33834982103216471,0.59198483311103967,0.78204711663608895,0.19482367599364336,0.16467710001631236,-0.35400327519726638,0.92063192095420432,-8.1094700772198252,18.968680224858812,-3.2329305915119528,0.3558506131278998,0.3236311607234141,0.3523809523809524,True,5
-0.0825205275169337,0.99350931863274339,-0.078291738569474162,-0.99616400244959136,-0.084525416145286428,-0.022643635950925906,-0.029114305108295026,0.076122846868532518,0.99667330124905662,-10.31375464777935,-3.9151633761119125,-3.0162577125637338,0.2675543081525023,0.2390313764816675,0.4246575342465753,True,4
0.41656015399195828,0.89506811836185962,-0.15915621759251608,-0.90272674160540634,0.42795472034118576,0.044036204743180651,0.10752705750964246,0.12533084548449236,0.98627081021059337,-14.91921732859562,23.77808730792443,-4.848655674793827,0.2940300469534655,0.2688827996830326,0.7341772151898734,True,5
-0.077169160654393179,-0.89990486195386521,-0.42920410072096371,0.9961102933493593,-0.087954644386756833,0.0053163910928658367,-0.042534740240768351,-0.42712436123756026,0.90319188211036094,-27.556791594610427,10.479128769879905,-7.4182082444735897,,0.5496383363513335,0.6,False,1
0.33912670156417002,0.92833795910030337,-0.15225542348201704,-0.93468261881488002,0.35083849766527597,0.057277837261267242,0.10659025458062546,0.12288605392579743,0.98668005725208718,-4.8751196281135272,14.599209594633628,-2.4168238610565478,0.653408435922512,0.6548783036667619,0.9611650485436893,True,5
-0.91872339735678354,-0.26663699740859337,-0.29129371905713841,0.32511383308473546,-0.92940691406930198,-0.17465332409412371,-0.2241613585927783,-0.25516171282758304,0.94055525389034611,-26.881721435984481,15.196371096964072,-7.4614512755626174,,0.4135042751295517,0.2333333333333333,False,1
-0.81914382631319349,0.54783645955724214,-0.16993706303443029,-0.54700708481718119,-0.83525670078200209,-0.05594187124663378,-0.17258806729548418,0.047132338988769645,0.98386579453127565,11.468333317164177,8.4816477361424685,1.7065511464715881,,0.1154875007725227,0.3157894736842105,False,3
-0.19979944580559597,0.96160378753253628,-0.18814445848564643,-0.97956322587376543,-0.20056404484774973,0.015164116528557816,-0.023153141721124794,0.18732917476300986,0.98202429313691164,-12.515228145081617,22.882603420202667,-4.2622471322348243,0.4430934457665172,0.3798277861131355,0.9010989010989011,True,5
-0.65576180035430331,-0.69622306950605684,-0.29197585291192946,0.73501227395487234,-0.67708258336633553,-0.036278539629616843,-0.17243380855206936,-0.23839591605045296,0.95573739535433844,-15.046466691780958,-7.0570474737778168,-3.8198342369337097,0.6004983198078426,0.5842397345465081,0.84,True,5
-0.95880947952086226,-0.143905809843623,-0.24489895849959384,0.17947174754134701,-0.97518617020137932,-0.1296218549567264,-0.22016873941454496,-0.16823510733856528,0.96084477146071468,5.3923173558009845,-5.0818208561114613,0.37619303370462376,,0.5133553979724428,0.1612903225806452,False,6
-0.091360644356639042,-0.94688350996314996,-0.30832588477551615,0.99399773925281831,-0.1054238875033756,0.029228381822492867,-0.060180786161577959,-0.30380490862318321,0.9508316625320351,-10.573330533108926,8.2183420867164187,-3.6439651093880703,,0.07714541324950555,0.1666666666666667,False,5
-0.13728696846917687,0.99017986470941322,-0.026384158364311905,-0.99052800651098816,-0.13730665571018569,0.0010726672614093762,-0.0025605870249510165,0.026281511024567078,0.99965130199102648,3.7541827472954337,-6.6123740201271914,0.1406077884908134,,0.2828447207166646,0.2608695652173913,False,4
-0.73096944186299129,-0.63004577322784105,-0.262156439364434,0.65615730980467657,-0.75444624485037692,-0.016384395657274266,-0.18746002201108461,-0.18399235655020005,0.96488629012889748,-10.098764195111231,10.590549961979178,-3.6103279371025483,0.1411740329712442,0.1215399332797726,0.4837209302325581,True,5
0.064813038075858767,0.98361545144673579,-0.16822578212216022,-0.99712462648516487,0.070469224531719679,0.027866963428384219,0.039265116225450508,0.16593592760199127,0.98535451416161357,1.1830206283479616,-2.0185909439316148,-0.68211849817140258,0.4910367625310957,0.4760530453353994,0.9490150637311703,True,5
0.15328656881539859,-0.90858892957904058,-0.38854778968257608,0.98818133978182054,0.14131068466112337,0.059404798691774965,0.00093141172839278363,-0.3930616331404248,0.91951165573100502,-15.37636202403675,19.663212378967113,-4.8961270314193888,,0.2510875401049291,0.4166666666666667,False,3
-0.36706023677973776,-0.83226046741261694,-0.41546275038483882,0.92026395904009639,-0.39000483796446872,-0.031787923117999328,-0.13557665089184917,-0.39400347808926811,0.90905458086217739,-11.637577710826164,3.2709653157776737,-3.6933349486973004,0.4794465572983767,0.4691345788979858,0.2919254658385093,True,5
-0.60958467940568373,0.78415255335873824,-0.11623808194753574,-0.7906802344275482,-0.61195812240855285,0.018221506628075364,-0.056844397432536942,0.10301470515984992,0.99305422057476922,-12.616996463613969,0.72178283885525818,-3.7139864714583126,0.5056063981462099,0.2863280011425046,0.6448275862068965,True,3
0.021721265796417918,-0.85579623885907863,-0.51685683140194216,0.99957684327253993,0.0085853381096841867,0.027792559487126507,-0.019347377225464386,-0.51724180952838372,0.85562058733430324,21.023631913877942,27.597553297760296,3.8813652625636728,,0.2531715959612456,0.2105263157894737,False,1
0.56415705390338633,-0.75761254144211199,-0.32825303590473714,0.81722607534537139,0.56906811872283969,0.091120897871178164,0.11776400259269902,-0.31966343754466675,0.94018451720418927,6.1244019459604351,-1.4397250153726471,0.45123798195410286,0.1586293260654188,0.1998173214701557,0.2054794520547945,True,4
-0.79551382821132022,-0.51076415759898353,-0.32600264483094199,0.57426812400964289,-0.80717479145833748,-0.13669300560245493,-0.19332322900007129,-0.29595410344576756,0.93543428298443088,-15.113952804260149,-11.738230966371024,-3.6007531129801986,,0.1898046605493426,0.4615384615384616,False,2
0.84274383391072294,-0.47116842917645679,-0.26035195745921708,0.5140169476391282,0.84799478781495807,0.12919526840568804,0.15990437125109896,-0.24270383430439338,0.9568309364086931,-9.5027421410429564,-7.575400717335425,-2.6866895071897257,,0.1634569514351925,0.3111111111111111,False,4
0.83131014115074686,-0.4654474358328507,-0.30377974536915653,0.52406990255584751,0.83845562665363405,0.14947541392471744,0.18513288863686383,-0.28346224900237732,0.94094365768386179,-3.3987443266996333,-2.0745044873837681,-1.6606874520913899,0.150498277637243,0.1493096980970147,0.2096774193548387,True,5
0.71021704728853063,-0.60975624060306766,-0.35183671324404736,0.69245704062696067,0.69515095726685305,0.19305023568265517,0.12686604205583082,-0.38073937760178006,0.91593806216168161,2.4669036575426211,5.6634560317736558,-0.59338202256181793,,0.3542822627536578,0.1501831501831502,False,5
0.6387394457701,0.74695194096827511,-0.18459338639569942,-0.73327523630651459,0.6636243359578583,0.14802083820907308,0.23306511587307654,0.040811010869837239,0.97160440157239492,-13.546707638373592,-10.177373238572553,-3.395019555362417,0.3589504448554265,0.1739501048976965,0.2857142857142857,True,3
0.43074239785606233,0.89420103790918704,-0.12192411775912636,-0.89115884347242746,0.44276903581071198,0.098951991531937622,0.14246719759331994,0.066030937668519585,0.98759455895651893,-6.0083999054168782,-1.1366117661420068,-2.2583430512226115,0.395884007310717,0.151410937424626,0.1768707482993197,True,5
0.76702847269013763,0.62192080595629884,-0.15773976417283408,-0.59092652159134118,0.78052521390347107,0.20392703729740536,0.24994633056436716,-0.063205233799162291,0.96619456128556225,-5.1017969079442489,-12.827919386605082,-1.4044250130589127,0.7352837334387375,0.5902323386062981,0.2941176470588235,True,5
-0.97184505099276808,0.0021896716606081348,-0.23561070051863534,0.051323943143205368,-0.97397857129495335,-0.2207523397802921,-0.22996314861537354,-0.22662953910790018,0.94644387170219646,-21.017189127772571,21.875163623150577,-6.2313085547236797,,0.1659013019870955,0.1851851851851852,False,1
-0.11620721235524521,0.97208798518889139,-0.20381568351828455,-0.99322369789872844,-0.11406523354400694,0.022266756138412933,-0.0016030374291622733,0.20502212453282642,0.97875602614903356,4.2059480412621291,17.332882961197669,-0.16341649393923166,,0.08978090797841745,0.3888888888888889,True,5
0.38454185142065173,0.90524352871155178,-0.18072553287190937,-0.91618334790608846,0.39820610397084555,0.045166046760279757,0.1128522818802046,0.14820948851614801,0.9824959592732242,-1.9418453831090554,-18.929054458188368,-0.26884955543718175,0.2344498577398079,0.1610009130237653,0.6521739130434783,True,4
0.78158039961995918,-0.57576292765078241,-0.24006067998092767,0.60048440580950202,0.79865899204144686,0.039525849907998137,0.16896910164143752,-0.17504532434298409,0.96995287365734728,-8.0735704370359311,-6.4943197918059949,-2.4193828226399181,,0.08615661306300486,0.404040404040404,False,5
-0.74757568342245273,0.6338920539937154,-0.19827118156475149,-0.6435474406885634,-0.76515052157717356,-0.019783096658012811,-0.16424764576289588,0.11280754945396684,0.9799475331095735,18.961765528607096,1.1800779401314889,3.8509331940166391,0.1560847730830712,0.1396880878247435,0.5357142857142857,True,5
0.64875969670549505,0.75506153761051231,-0.094831062167643088,-0.7421123599989583,0.65531831017436803,0.14080893965578825,0.16846394589754562,-0.020975861638073995,0.98548460777485991,-7.0850435759700403,22.98868421460957,-3.0716956428666276,,0.0844324884253995,0.2631578947368421,False,4
-0.79682040302991142,-0.49606577412434272,-0.34495795839154941,0.5602551546143566,-0.82038409790097266,-0.1143857230569022,-0.22625518125181771,-0.2844093522611788,0.93162219450970751,-12.88684455214004,-18.833234202596575,-2.7133466759009317,,0.4157396086511594,0.3809523809523809,False,2
-0.91241168748965007,0.3514114997603236,-0.20979721248979857,-0.35266550631621474,-0.93517858908707407,-0.032680990924967193,-0.20768233720520704,0.044169722087762056,0.97719858906144208,-10.988945343085135,-20.460143581606037,-2.1939933174049435,,0.2544275135684624,0.5454545454545454,True,2
-0.5953488609900861,0.79191644176808529,-0.13575007541501821,-0.79438787688537904,-0.60548709778181375,-0.048303990283379936,-0.12044764329511609,0.079080488599479984,0.98956487485536848,-22.626578549831997,19.172511074731386,-6.5421474764253507,,0.07950707954954958,0.5,False,2
-0.80142893919807545,0.55853668799375489,-0.2138888112567198,-0.57180461089551804,-0.82038981382617493,0.00020082051055434619,-0.1753600364235561,0.12246355186429646,0.97685799177275934,-11.18909133855686,0.34083319812313029,-3.4215806572667069,0.1316466687425608,0.0977333031880313,0.5144230769230769,True,4
-0.95385534148521578,-0.17821602389906299,-0.24165892564879354,0.19539268147299016,-0.97950614828752514,-0.048881545533350827,-0.22799492877455665,-0.093844308791439277,0.96912927835275919,-5.1380073252658045,-6.5530762867539725,-1.7919115992356598,,0.07187327178983281,0.2222222222222222,False,2
-0.93925658060323014,0.24957128934286005,-0.23560824970545699,-0.21622144537810165,-0.96339065885830666,-0.15851411603753379,-0.26654335923472389,-0.097941870312439117,0.95883368093093635,-24.677481551867071,23.333405790067008,-7.1062784074430461,,0.3863985840809017,0.9156626506024096,False,4
0.19235243245207861,-0.93924852566877781,-0.28427583217501173,0.98112831379409926,0.1898806856697324,0.036504206348572044,0.019691967939119839,-0.28593274076016417,0.95804733398724362,9.2243294493445926,-7.4480714037690881,1.4742641882463012,0.4890664119733814,0.4905128333422231,0.2307692307692308,True,4
0.7338033352258958,-0.61085830025465793,-0.29729581601721256,0.66108754518879909,0.74287847374327742,0.10533200294831933,0.15651173376970015,-0.27383153627522078,0.94895751587389499,4.5676490565708852,30.913886320436337,-0.18892245277593023,,0.1357669853489697,0.3125,False,1
0.093535023015208218,-0.95929934773422199,-0.2664506725573072,0.99560916274410183,0.089131474753276596,0.02860026692698777,-0.0036870760140488533,-0.26795585764264029,0.96342413496105872,-21.573943797689612,23.591815545930597,-6.4208409929797625,0.1259941439697528,0.1300085412610634,0.6,True,3
-0.97308262924680422,0.029179382062447017,-0.22860175047575484,-0.027712233945869962,-0.99956959309717275,-0.0096260399583893395,-0.22878424060204605,-0.0030318670823247787,0.9734724336282663,-2.4534217698898324,2.0933437873017504,-1.6754523535203174,0.2864231521613091,0.2610423914931083,0.8719424460431655,True,5
-0.95180521954346187,-0.17924192176015355,-0.24887578735897656,0.20851644374080261,-0.97324474459007593,-0.096517147789849322,-0.22491713305017974,-0.14376021915511217,0.96371431588877143,-9.4397543911079538,30.233002073548899,-3.6987062707813623,0.3427907137704166,0.226523662807008,0.782608695652174,True,5
-0.51044241242899369,0.84926024344061368,-0.1349280641855444,-0.85534534531409834,-0.51759179105686137,-0.021979037286832391,-0.08850358096243667,0.10419105883778979,0.99061159866775517,-7.5544483964176852,26.368445872195018,-3.2248314722009446,0.3489071241065415,0.3007821177831056,0.7058823529411765,True,5
-0.55313326982821553,0.81001329703760128,-0.19473583242798581,-0.82533161256064391,-0.56463181166358289,-0.0043181669196931498,-0.11345181848340888,0.15833311681317508,0.98084622087411444,-2.122123822276663,13.478114608068452,-1.7094317614394103,0.2368942417101158,0.2302391619279182,0.6647398843930635,True,5
-0.32853741888026916,-0.88478171321236387,-0.33049127728351024,0.94352820670284654,-0.32324923899030822,-0.072556547935375026,-0.042634347087793512,-0.33566538316779404,0.94101597382362057,4.5170843529594302,36.131473643430894,-0.28600438018823593,,0.3265871335725493,0.4,False,2
0.55498037106107057,0.81529110446383712,-0.16521865124450813,-0.81624576593490838,0.57201733826767065,0.080864172007787685,0.16043577322484098,0.089980996345377706,0.98293630666815934,-9.3662071043860191,-9.3106924482930378,-2.5180766406072768,0.1641950307856684,0.1687995832126741,0.559322033898305,True,6
-0.96026751432998303,0.16866957254869522,-0.22234404920923068,-0.17391463751916483,-0.98475228596783415,0.0040784969906264706,-0.21826589238608438,0.042585332890157923,0.97495973744741948,-15.259728263187403,8.7132330179863935,-4.6585236064954625,0.4456922126594707,0.4371978755692011,0.967741935483871,True,5
-0.83072355531787079,0.5172626493908179,-0.20576133306631944,-0.52104804925371839,-0.8526026810163857,-0.039718996620836833,-0.19597781764508843,0.07421603511953026,0.97779582486437611,-1.1867330825497382,37.292210063216338,-1.6589669666332578,0.6838603258961932,0.5623460111599666,0.4761904761904762,True,4
-0.9646320568202742,0.117255218213821,-0.23608517267358411,-0.10675447826350026,-0.99266020225816032,-0.056826087525664287,-0.24101551054937234,-0.029613116256413601,0.97006937227200851,18.122187719733631,31.518117262865651,3.1558860672841589,1.052177565245292,0.6459540007610564,0.1875,True,3
0.91272041810185589,0.34636217062479668,-0.21673644165218997,-0.34378772870392205,0.93767646337552479,0.050723245402545261,0.22079727347178107,0.028215187251682303,0.97491151764443762,-10.197053046582342,-1.0062823488950456,-3.1731414994128242,,0.06625650049135912,0.291044776119403,False,5
-0.67278148922128911,0.71579053513856417,-0.18710686135797308,-0.72636744543572207,-0.68710234902648393,-0.016753989777665516,-0.14055391126669725,0.12463655871507075,0.98219668410115168,-22.019098032094227,5.3611996487029252,-5.9451083793351627,,0.1070868787212814,0.6923076923076923,False,1
0.83675720434173051,0.5294233941612162,-0.13981505890649937,-0.50602581911480016,0.84519717226949043,0.17198723899421028,0.20922536024919672,-0.073161531575503147,0.97512672967472269,-16.562434897898726,28.065078885282311,-5.2799357904870696,,0.2221009377316479,0.6470588235294118,False,3
-0.69577342490931293,0.69300941508792402,-0.18877841981926297,-0.70321103549794406,-0.71076718589428689,-0.017442677828392251,-0.14626544617192896,0.1206149163885193,0.9818647876366261,-5.946111438460111,-2.9325634477586404,-2.12156658177119,,0.06439848688147384,0.21875,False,5
-0.35552858742343124,0.92524492718448492,-0.13236785200371542,-0.93389336456959071,-0.35740949473761169,0.010081502085261441,-0.037981668441362929,0.12720172086407872,0.99114939089504961,13.513648078225879,-5.8299114692569098,2.4390634391515311,,0.09386173874423624,0.2727272727272727,False,5
-0.95666589301449401,0.18296594416515272,-0.22652556680987299,-0.17273083171656217,-0.98286251895140209,-0.064384226445676623,-0.23442360998262221,-0.022466243928565562,0.97187490911457153,0.76147852545210371,34.945794764916776,-1.1427400856197549,,0.1951431810917552,0.5517241379310345,False,3
0.92780305761073145,-0.25783313742144076,-0.26963597596685113,0.30438920499345723,0.94105440393297324,0.14752566123156197,0.21570511855686408,-0.21894903992887271,0.95159477706773721,9.4373563028216569,1.8721031493598022,1.2008830620194071,,0.2261842621744498,0.3157894736842105,False,5
-0.67095931055950297,-0.60360313462016513,-0.43067024444489799,0.7204191909499339,-0.66815219922205615,-0.18592694260319884,-0.17552718559972466,-0.43501252229268206,0.88315022083674954,-19.4964422909074,26.3715569402219,-5.965848232616878,,0.3443818737403391,0.1333333333333333,False,1
-0.97085602375254842,0.075033865466176117,-0.22761480658471511,-0.077954680273280466,-0.99694944460512369,0.0038565172148058678,-0.22663108561467041,0.021487762441475742,0.97374361466372505,3.7034798856454461,2.0482668597020037,-0.19024363524071763,,0.08916730248791246,0.3152173913043478,False,5
