axis_00,axis_01,axis_02,axis_10,axis_11,axis_12,axis_20,axis_21,axis_22,location_x,location_y,location_z,dbh,dbh_approximation,score,reconstructed,number_clusters
0.57872918440932108,-0.73894071939342854,-0.34502049842762222,0.81176092128113586,0.56254115880793676,0.1568172545602855,0.078209576099886824,-0.37082887949746624,0.9254021851805464,-5.8557225284919125,20.862465296549381,-3.5593628937263655,,0.7327888187961701,0.4791666666666667,False,1
-0.070008107254721924,-0.95073396050001391,-0.30199967097758657,0.99338722297757542,-0.094061408254000223,0.065835223871239149,-0.09099829747590478,-0.29539361507864975,0.95103202996915659,-9.2702458860427797,12.924197386179781,-4.0031241633120267,,0.071713545461313,0.4090909090909091,False,1
0.46989688526498546,0.86906451156033115,-0.15467317790964846,-0.85716663227508305,0.49109056648673022,0.15522699514561455,0.21086081127715339,0.059640005484130759,0.97569502817909004,-32.419600283624376,14.481753478001334,-9.4442937081528928,0.3239906182175498,0.1970828995356244,0.4583333333333333,True,4
-0.84572068903581932,-0.45988875120160078,-0.27066372615297618,0.47001232294274237,-0.88214132671507495,0.030250553438510745,-0.25267554772622602,-0.10163176776776636,0.96219855090394535,-0.47076701777459007,14.761063371919867,-1.9835231872112329,,0.1005094623239614,0.3461538461538461,False,4
0.25341234259675965,0.95734506857846957,-0.13882580555541524,-0.95846819849216291,0.26789592431851744,0.097828861859456218,0.13084684596432536,0.1082690786975425,0.98547293696944072,-5.9525530885486946,9.5981301355479971,-3.0285873261633189,,0.2488471920518619,0.2542372881355932,False,5
-0.0056598450840474089,-0.94431677831114835,-0.32898903986862343,0.99710409674042688,-0.030280015441858342,0.069760597247289863,-0.075837895653046369,-0.32764148526231374,0.94175350847131079,-0.20637293500464132,-8.7458758319317411,-0.021505571625912438,,0.08164735524344295,0.3684210526315789,False,1
-0.45772585940620453,-0.7627306340701393,-0.4568687092391156,0.87348479049301209,-0.48164116775697946,-0.071035950750817228,-0.16586548287160555,-0.43158286037869631,0.88669322554032892,-1.0046029339832103,18.141637140908077,-2.2437890618635739,,0.4510845092757457,0.35,False,5
-0.84474355389622136,-0.47593789761486677,-0.24472728855753265,0.48043657600172129,-0.87587361336138037,0.045012330055445304,-0.23577324825035462,-0.079552064908579717,0.96854656283436225,4.3960929425423414,-6.4366760767999081,0.69796874860610425,,0.1374065036807669,0.4,False,3
0.87456972303193492,-0.39706217759349161,-0.27833330142216162,0.44722698612963585,0.88233240880233765,0.14655218611288928,0.18739216214465265,-0.25264826835301901,0.94923813137956781,13.992906996174867,1.0341111676949255,2.3357552694437764,0.3497610567282274,0.2923201712244923,0.4,True,5
-0.44215498814708026,0.88942340500335682,-0.11586618613250296,-0.89643167267085511,-0.44254519830623346,0.023748761833642471,-0.030153319704303419,0.11436675254781421,0.99298087757140574,0.62920927600680909,17.140778923538459,-1.776135615903057,0.4137691396832028,0.3558019414502504,0.7391304347826086,True,5
-0.7905288877089256,0.59469310111905493,-0.14630171967236652,-0.59234225262247175,-0.80314249489695921,-0.063974906399501014,-0.15554656362590052,0.036086678595990809,0.98716919429856842,9.2839534402866342,18.33437079340257,0.25374662482159549,,0.3372248566940792,0.375,False,3
0.85985830355322879,0.49325151690639191,-0.1317066394685848,-0.46488180481485059,0.86309827743667022,0.19734809610923668,0.2110180214167775,-0.10846337886769329,0.97144587604351507,3.1416435659449649,-5.2335167971203029,0.35672821737959554,,0.4822015617103527,0.15,False,2
-0.54589786717492139,0.81961138655348653,-0.17387551192086825,-0.83432430906027688,-0.55078799569512227,0.023141545091935934,-0.076801470851566717,0.15770148645470045,0.9844956958996901,4.5330788473474399,7.9617698416349096,-0.35038044382713457,,0.09448950050185899,0.1851851851851852,False,9
-0.6980294760612038,0.70285889701236237,-0.13690953743362091,-0.69935138416885756,-0.71022908493967363,-0.080512659668268011,-0.15382617466096504,0.039547664865585669,0.98730617854486014,1.7155399338687671,-8.9101728866435987,0.45330934595503042,,0.7394883426155126,0.7671232876712328,False,2
-0.71453795730701464,-0.5510269352799696,-0.43105083709869385,0.66377002621929748,-0.72861886989893243,-0.16889018538694583,-0.22100873254320436,-0.40679707351844124,0.88638100223125238,1.6076259436489324,11.830847863763555,-1.3120180978753699,,0.3044258086033433,0.1818181818181818,False,1
-0.40440384952563546,0.91444194426041947,0.015920334986208678,-0.91412884128529137,-0.40359587515908213,-0.038455572872948693,-0.028740007294002778,-0.03010481907935067,0.99913348049644601,-4.5771972582270397,19.753703660194514,-3.1950749992031042,,0.1753273132077581,0.2727272727272727,False,1
0.96829430773570468,-0.076305475628956815,-0.23787309220605776,0.10693195361451893,0.98716558583037795,0.11861561216108735,0.22576910971790487,-0.14029105652608725,0.9640263111326266,2.5399461247161694,14.176157980090016,-1.2205098400092598,,0.1583912066949268,0.5555555555555556,False,4
0.37174306792856832,-0.88511033214720902,-0.279976412173088,0.92812322207024578,0.36080438552758409,0.091692311771537791,0.019858904828877422,-0.29393859105316777,0.95561798255823838,7.9618509594367319,2.7165264816429446,0.78459698077106432,,0.1973558816416942,0.3888888888888889,False,1
-0.50248778370664604,0.85247430093365939,-0.14419983867277036,-0.86276175649702647,-0.50522895529844414,0.019643173221486336,-0.056108633486742596,0.13428056067693761,0.98935360325443755,-25.365788597828583,18.50843364619961,-8.1708364601115218,,0.1029410804161612,0.25,False,1
-0.40131601682832657,0.91561950011467541,-0.024215401024963307,-0.91551476570894852,-0.40179482499700142,-0.019840170728074313,-0.027895670021286581,0.014207378906132884,0.99950987087606202,-10.939267049205805,19.955955269161709,-4.7400911717678813,,0.3774194593497755,0.5333333333333333,False,1
-0.48834623732982074,-0.7520893247617646,-0.44258287366910154,0.85366164242136011,-0.51694548219192571,-0.063475733157039804,-0.18105179574992597,-0.40881415829292261,0.89447818935677614,-26.082317133820943,17.191047721727021,-8.2498677762630646,,0.455193578222313,0.3611111111111111,False,2
-0.89843870228879319,0.3981057375402352,-0.18525582303176141,-0.40159947151704223,-0.91559848383275844,-0.019931906090162474,-0.17755495686367739,0.056491044783222442,0.98248816743635048,2.6319328081580138,-4.2218390466191487,0.094357096559273976,,0.09886028227956514,0.2580645161290323,False,2
-0.36140384137297926,-0.88959122839314031,-0.27931113441257482,0.91948530640994874,-0.38973111256550946,0.051540578136587772,-0.15470628538316702,-0.23819552108390968,0.95881638440240902,11.2557510412854,-7.157778265093536,2.3851515102424994,0.1887744243782688,0.1187342414033357,0.2857142857142857,True,5
0.35987977927652676,-0.85165203395783518,-0.38101884142829789,0.93285833127217255,0.33553629958484449,0.13111340677828709,0.016182652563086541,-0.40262166448962178,0.91522342465631346,2.2906643382301985,-15.877505240508929,1.5114899617114232,,0.1586458156097192,0.2857142857142857,False,2
-0.95099925295274246,-0.18251745034566597,-0.24957524156583474,0.21223204137812093,-0.97233048321920978,-0.097626799677010184,-0.22485102066880402,-0.14581087655595831,0.96342161423863737,-4.0467043282329973,7.7802620684135828,-2.4115450553208637,,0.1542085923552755,0.1549295774647887,False,5
-0.83805500025154467,-0.39226589672409579,-0.37919821046600954,0.49120272810562554,-0.84497924797442059,-0.21149456350973489,-0.2374525141053975,-0.36350727194902638,0.9008211624874285,-13.775762894012381,16.066751777172389,-5.2289659000831463,,0.1234120222332753,0.5,False,3
0.87893877001851173,-0.38871473145591501,-0.27634669548866175,0.43841095155134185,0.8866318011373967,0.14724091405483747,0.18778305599333017,-0.25056916562301323,0.94971186005061259,8.4492048538150435,-4.8941415387131046,1.5293333529744797,,0.1319288993508388,0.2285714285714286,False,5
-0.79558368091623188,-0.50948143807554236,-0.32783421254691775,0.56028362377312069,-0.82460217882563169,-0.078188922538179745,-0.23049700126344463,-0.24588597140239368,0.94149414309174639,-1.8253388019397259,15.653233469534987,-2.4122397993669451,,0.09708619297230886,0.4666666666666667,False,5
-0.26747134441798631,0.95489247286544066,-0.12899397342573446,-0.96355414629723146,-0.26440171591140482,0.040683409106394397,0.0047420532102069868,0.13517432407091567,0.99081048391875781,5.9471019857432887,-9.0100970601090236,1.3901754075879493,,0.385196364769831,0.4615384615384616,False,5
-0.55281906965115757,-0.74682814963598088,-0.36964684651884777,0.81066028044508709,-0.58469198362496932,-0.03106757141126338,-0.1929274110610619,-0.31683276218850631,0.92865279564823389,5.3355310659739965,11.429989296670181,-0.32326942644601631,,0.1857618627577652,0.25,False,5
0.94992493645552811,0.21408560674162294,-0.22761803110921022,-0.19180336173288978,0.97453728421716723,0.11614022601403667,0.24668620862935264,-0.066666593258546417,0.96679960685520361,9.1122066367416625,17.643389691701707,0.24877939661099452,,0.1654537917676853,0.5,False,4
-0.6424433369230369,0.7554295314435352,-0.12881297242978024,-0.76012435879034179,-0.6495250364160895,-0.018115911300569491,-0.097352544993779655,0.086275431564725141,0.99150342001001468,-18.064530281884998,12.159600915263113,-6.0408682679447478,,0.3197848102271583,0.1395348837209302,False,1
-0.36245041002755662,-0.78938455024605236,-0.49548131357670377,0.91916958672948468,-0.39067987883626987,-0.049965018803434597,-0.1541329656575976,-0.47354119578482012,0.86718035309402552,-1.1697937581232825,-12.382055331665835,0.19870281421757324,,0.2891837269621174,0.5652173913043478,False,2
0.93241944066762017,-0.25360897474370231,-0.25744217718651541,0.29929942013832167,0.94117796910860563,0.15685626404280867,0.20251874918127802,-0.22330812433507904,0.95347765460759604,23.821783296639818,-7.1582098194668458,5.6116478269834493,0.5142998674922366,0.5502756413430924,0.9333333333333333,True,5
0.83437697874351802,0.53559871131781567,-0.13018862384069824,-0.49397131409552392,0.8313932762201004,0.2545143632621733,0.24455551147659882,-0.14805147986664471,0.95826580921773274,17.492152756404575,-5.7498804007294391,3.6782134371896156,,0.07989669925605408,0.5,False,5
0.60678488812509801,-0.7030935279685081,-0.37077161497586292,0.79046359289641099,0.58278094980605044,0.18850377409605013,0.083542850372186186,-0.4074627043938559,0.90939250968970275,-11.620977495335689,14.916440276809881,-4.6900935327533837,,0.3099116045090894,0.3142857142857143,False,4
-0.83059715928868816,-0.48904193073295471,-0.26635755849336729,0.50363465607935165,-0.86377914865496763,0.015418026616092297,-0.23761416661764215,-0.12134072825677911,0.96375097171869051,-10.404438155645041,12.682560009536468,-4.2619417068010499,,0.08452305490919389,0.2833333333333333,False,2
-0.9671639634110818,0.14631300958231902,-0.20781330829841818,-0.1232667420531956,-0.98510503771200331,-0.11988901108118613,-0.22225925893550566,-0.090335861657472663,0.97079362066097408,7.6980245183937095,4.2858388135053653,0.5545210565205041,,0.7781612430807279,0.3272727272727273,False,2
0.62358483779068064,-0.66392219297912336,-0.41273389944050209,0.7766087306096594,0.58658918553635209,0.22976511256640467,0.089559084510864223,-0.4638107901737421,0.88139589362555193,-8.3682447653237606,14.899031966142658,-3.9478501902670002,,0.3875308220527658,0.4700854700854701,False,3
-0.50516422751922374,-0.81460528118828435,-0.28500410364600387,0.84296926151840035,-0.53652070312921096,0.039349196292426877,-0.18496466519318999,-0.22037189243161942,0.95771827885661553,0.65874530172178636,8.3188008852658086,-1.3248322255080458,,0.1082151328579436,0.3626373626373626,True,4
-0.36877254201083304,-0.78574565768590487,-0.49659900693277043,0.91618032843606412,-0.39744425532217542,-0.051494365693610072,-0.15690894826508273,-0.47396394940875691,0.86645124306864452,3.8463500509636632,-16.830575738526328,1.988367072134809,,0.4604599802509659,0.25,False,1
-0.81112448969972362,-0.51797811118650883,-0.27161689664124583,0.5347819001020776,-0.84487122990085906,0.014174773685042767,-0.23682352402701848,-0.13375829401374562,0.96230106372691804,2.1825184723820605,9.2104663815080663,-1.0619587742445005,0.3246749449961136,0.2058686777180362,0.6486486486486487,True,5
-0.85699119045983618,-0.39609532030065153,-0.32965830295953302,0.44677328587501958,-0.88988087144304551,-0.092226165854411984,-0.25682626521186025,-0.22631953489633194,0.93958487515585154,-14.86507769486402,19.508117797103434,-5.727258426719275,,0.3152480264943788,0.1666666666666667,False,2
0.84824359180532993,0.5202318758611344,-0.099204860259966166,-0.47270533361085992,0.82817402806872331,0.30112696127758443,0.23881473266329184,-0.20853434865851644,0.94840969464284264,0.76859668547521509,-7.8369683462448219,0.046618751262191498,,0.5777789601712563,0.2093023255813954,False,1
0.98458368901551518,0.060834697868862503,-0.16399420373843795,-0.015417451619727195,0.96410381145709523,0.26507761678318936,0.17423335360990291,-0.2584627251057805,0.95017880328953941,-13.29491104218652,17.944824668783742,-5.2718441024057068,,0.1193724631213751,0.5,False,2
-0.89404016383249174,0.39276836406883159,-0.21546507290293215,-0.40458817370659167,-0.91442167816719722,0.011891349572366081,-0.19235538763220789,0.097805964463222539,0.97643914206891713,-2.4354086182427701,14.442130639992762,-2.4818829376108678,,0.07238996087237579,0.25,False,5
-0.93525574802553191,0.28282566814125076,-0.21285282996863747,-0.28002853142543854,-0.95899068740348714,-0.043827879952141463,-0.2165195311580802,0.018614588736852858,0.97610080919608055,16.068137979654342,-5.7150623064591644,3.4120239688831098,0.8701819053796818,0.7008041927549871,0.8863636363636364,True,5
0.74351106634029085,-0.59788390464740138,-0.29954320355017372,0.65609025563859369,0.73884753923124447,0.15378520809238891,0.129371058145199,-0.31086838104817238,0.9416071255990367,6.154793246500522,1.4997626716495904,0.46093172892969603,,0.183998598621163,0.2,False,1
-0.89759158372029835,-0.34396072079909368,-0.27571791995054762,0.3650327324631828,-0.93059042418936466,-0.027432948028277129,-0.24714459950593903,-0.12526964897543136,0.96084705441637441,-6.7442956755223582,11.178975920545373,-3.2982376775870943,0.7555558862408863,0.4698382963496646,0.3333333333333333,True,4
0.68538832486567136,-0.66873891708162425,-0.28815118413486435,0.7192661255349414,0.68345884765939569,0.12466051585824436,0.11357413788262585,-0.29269824792196225,0.94943596459562807,8.0779659778112105,14.478205873008577,0.20789751838622814,,0.1924039992762309,0.2352941176470588,False,4
-0.82836199341755734,-0.4524257992192377,-0.33034422056716356,0.51107262405503073,-0.85181829260186614,-0.11493637078987978,-0.22939307052044536,-0.26403880887035824,0.93683633928639121,-4.6354634124218697,11.253931321591374,-2.7896785027374711,,0.41106240842479,0.46875,False,2
0.063485411620865392,-0.84386894933447876,-0.53278025381995286,0.99622634201937521,0.021927816835811652,0.083977653667573399,-0.059183426548528754,-0.53610107927324613,0.84207657301698924,-16.363344630812211,21.250921456668259,-6.0659086118040886,,0.2859610063543032,0.375,False,1
-0.91260575807681443,-0.32388196540373448,-0.24950190943409289,0.32979001978324818,-0.94386376887129297,0.018966514267104814,-0.24163872449673471,-0.06497428951742179,0.96818855008995985,5.0592413457254795,2.091187484394649,0.09021851969603345,0.2015351623166571,0.1255625988715576,0.5862068965517241,True,3
0.12095450845013885,-0.94732899333191711,-0.29654305805114356,0.9899177830020488,0.092930592972679082,0.10689568647076797,-0.073707460829252419,-0.3064827618031476,0.94901819104568341,-3.2238251792659423,18.83763696793018,-2.8139509531537263,0.5188611298673403,0.4585442659521021,0.6111111111111112,True,5
0.58146031517210972,-0.76693889686518835,-0.27149333390556663,0.80972832189238297,0.57794938660100881,0.10156057922670531,0.079018647199866121,-0.27888928807454494,0.95706677843919419,0.3249124554097339,6.8193311353028108,-1.3425073196691282,,0.08790899228787918,0.4177215189873418,False,5
0.4973216530559012,-0.83004886892589835,-0.25236887406450054,0.86577890622036024,0.49349776431940184,0.082986999919443083,0.055660209715948331,-0.25976687973371443,0.96406592577882755,5.3633715078090907,2.8964707898811466,0.072914646827841309,,0.09468269525080256,0.3125,False,5
0.64957705439589475,-0.71627905984252938,-0.25493912770199972,0.75377642759623342,0.6505402103456962,0.092836048621418671,0.09935163613456216,-0.25247127193896846,0.96249026449253305,3.9168145946430064,5.7135675895858746,-0.40503911095768913,,0.07398633225517601,0.1764705882352941,False,2
-0.81735951281711705,0.56478582604848715,-0.11375586798972279,-0.55498627694974556,-0.82486275598930037,-0.10766460039956341,-0.15464041905280543,-0.02486773967343367,0.98765780324903474,-20.45188728041617,19.714236687325446,-7.0072822257037881,,0.2444700490695808,0.3684210526315789,False,1
0.26337066040797658,0.94717270258422614,-0.18302941489159744,-0.9572983832145141,0.28005344447783553,0.071762620708684194,0.11922961348232583,0.15631359414777141,0.98048475743045704,8.4730853864806548,-5.9347132034894896,1.6197177968205858,0.1974574462591964,0.1964252946843943,0.3461538461538461,True,5
0.650692647160242,-0.71217582965911885,-0.26344765434701495,0.75270836551548814,0.65070161818539263,0.10008756453184048,0.10014587068172449,-0.26342549561547557,0.9594674631508574,6.6288183681186998,5.684629441566762,0.27063537889196149,0.5004103327062974,0.4507903513847207,0.897196261682243,True,5
0.30795151151417866,-0.917707836416918,-0.2509545646827564,0.95140129632682824,0.29671238583985027,0.082445942512982526,-0.0011999599005211303,-0.26414785077339353,0.96448145292070475,6.0276240358396045,-6.1723445560281212,1.1328688896564805,,0.07452029344462913,0.3103448275862069,False,2
-0.15684401176930995,-0.93125546622519562,-0.32888176081656195,0.97830032204789241,-0.19214395064246573,0.07751891454668107,-0.13538255372498531,-0.30958675497701671,0.94118415057293781,-9.3703234633392594,15.232465122956864,-4.1985514591789697,,0.1531363796355062,0.1578947368421053,False,4
0.7181242275101456,0.68563097312936394,-0.11919631935860539,-0.65110399637580851,0.72242290271935683,0.23274177865177081,0.24568512320937985,-0.089528310115964987,0.96520645559453855,-9.2569887589382152,-1.8904128330065586,-3.0961687739528165,,0.2755596198394898,0.2746113989637305,False,4
-0.97350335185204395,0.021480154387552932,-0.22766165004304531,-0.015390134495021563,-0.99947553661838129,-0.028492024526578882,-0.22815426292984384,-0.024233337964154174,0.97332336745711312,-32.709734774572397,16.055172895653438,-9.6593118240501763,0.3680882029807227,0.1232096513263535,0.5238095238095238,True,3
-0.83341761444789231,-0.4823436930518204,-0.26973995199287376,0.4983727656012496,-0.86690107741820044,0.010349322592667062,-0.23882978548528744,-0.12580573812150442,0.96287758818073932,13.901163844446732,8.0010705815981638,1.9086599235088135,0.2769744549698167,0.1017410824063548,0.4117647058823529,True,4
-0.33834032690170418,0.93142206744375111,-0.13408488158945012,-0.94098006740193663,-0.33624645516884255,0.038663084960137727,-0.0090739155988617121,0.13925248172006285,0.99021533536423734,9.4956802421906445,9.4479501324161035,0.75709144841722953,,0.1616458229472145,0.16,False,4
0.19780650659258217,0.96521582095767811,-0.17097077212972978,-0.97174113955469199,0.2160048966917765,0.095189507311074839,0.12880894241701149,0.1473102290344164,0.98066709579512279,10.181044138230085,11.615684397156611,0.81481728230401707,,0.286562996988584,0.25,False,5
-0.13687836126920505,-0.89374012265785041,-0.42719188588711432,0.98606935764726245,-0.16407611524692683,0.027317582517381461,-0.094506804651166593,-0.41750164258001365,0.9037482184312281,-1.036775220920451,1.5853058037482566,-1.345622917624725,,0.3179303274300554,0.2885057471264368,False,4
0.85105508121471429,-0.40033744050572972,-0.33975753482143811,0.48999683689982698,0.83806629507467567,0.23989161070778228,0.18870174500195713,-0.37064109160902725,0.90940465835847162,21.842847376535524,-5.6225817783281631,4.8777429142061504,,0.2383478059261215,0.2380952380952381,False,6
-0.6679415243711545,-0.70057221240242462,-0.25110295743043765,0.71273822889251615,-0.69926757247891547,0.055037070730602836,-0.21414559789054569,-0.14220913222792109,0.96639444618389858,16.900199854329443,-1.8920314864970207,3.2032932781651575,0.4775310437345969,0.4950490344428525,0.8157894736842105,True,4
-0.81685520328906736,0.57509224364961831,-0.044905324334930302,-0.55577837719672218,-0.80548289031865605,-0.20568837800051415,-0.15446026123296289,-0.14306021353944828,0.9775867240311179,4.7130833352672443,-8.4950037985489519,0.94971199918328408,,0.3807600771030325,0.103448275862069,False,1
0.94619705448901514,-0.08058556258976704,-0.31339607715861073,0.13622036530531986,0.97769366245377076,0.15987218167592737,0.29352196877303821,-0.19396151551229512,0.93606825838064645,22.35548188872318,-4.3977921047687802,4.8765069744464631,0.4049399246161615,0.3468279584936322,0.3333333333333333,True,4
0.89781814321044939,0.43004654639383072,-0.094776313796646777,-0.37557228201979592,0.86014621102943745,0.34509992267478917,0.22993051711459386,-0.27424161534391794,0.93376843687981581,11.293725800877052,-2.2168476384069553,1.898130347610903,,0.6910045220424562,0.2602739726027397,False,2
-0.28203183047470709,0.95665836247906377,-0.072545324439019593,-0.95939670938525945,-0.280906692142603,0.025483020430023855,0.0040000774770302117,0.076786768445985504,0.99703951354587783,-11.769875413808183,18.631330398435697,-4.8884339816233293,,0.5781470123350021,0.1304347826086956,False,1
0.71676739145557977,-0.57686415197535357,-0.39175535313728793,0.6867935050345485,0.68122800470729028,0.25346220042618689,0.1206614602444552,-0.45072847232927449,0.88446857278446867,15.319594582400335,-6.5865961400841968,3.279652248664032,,0.233413449621515,0.1875,False,1
-0.33326620675818946,-0.86168360377327113,-0.38266826680731919,0.9309061394436835,-0.36508191300369358,0.01135589466409586,-0.14949045113005166,-0.35244370300215799,0.92381602131326013,-13.371431784283088,20.667582758647789,-5.3408178239666757,,0.5060594255653356,0.5333333333333333,False,1
-0.96142126358072011,-0.15895480687200669,-0.22450506298775372,0.17019571348086066,-0.98490635716915276,-0.031510105054258185,-0.21610778108988349,-0.068504284392092427,0.97396334118504424,12.280232239764384,3.0699497958272546,1.7431050141506141,0.5213864793976215,0.4047031112738259,0.2307692307692308,True,4
0.50571230425073543,-0.78252682467848977,-0.36318980435581338,0.86081526124212437,0.48553951555969332,0.15247447275761664,0.057027636651596825,-0.38974754327469563,0.91915434023306164,5.3108900919602533,-4.8077885722435152,0.81833033376706077,,0.8378464882989429,0.8315789473684211,False,1
0.16323877101595996,0.98642123444621987,-0.018062443655135235,-0.98016543888334307,0.1642345479106726,0.11091765274833623,0.11237800521375416,-0.00040187830607207875,0.99366544794412826,-31.077582954376311,11.177440982728973,-8.9493362712198721,,0.2985681223365568,0.1764705882352941,False,1
-0.963624191734478,-0.10834414775598956,-0.24431529373148814,0.11509005265268479,-0.99326382459655604,-0.013463080190830409,-0.2412108971097229,-0.041091609786558528,0.96960238382579933,3.3401277193236925,9.625163034159371,-0.77524312447851729,,0.08707860417162315,0.3636363636363636,False,4
-0.67474578790573336,0.71243868489215323,-0.19274138624750792,-0.72920365289948696,-0.68383672055195666,0.025087292057737156,-0.11393048012501422,0.15747526756251287,0.98092883829796695,4.6744473621677081,-7.4632484417893785,0.88657853494334504,,0.1310504293373222,0.3,False,3
-0.021612480249109937,-0.90355258519274029,-0.42793180121252927,0.99673800005043189,-0.052763950769925266,0.061068197571374896,-0.077757700280740083,-0.42521605248469491,0.90174555654928834,-0.33081345631477832,-13.390873637175831,0.53304454196505435,,0.5728024634166142,0.2962962962962963,False,2
-0.63019853651126256,-0.6611827690720703,-0.40704686519030242,0.74830734454807202,-0.65704096327197015,-0.09128685928464314,-0.20708916599975946,-0.36212500392106406,0.90883417566720781,-12.291464763583599,12.651201263309982,-4.7109537151801106,,0.3538537623290269,0.2291666666666667,False,1
-0.97031807291264982,0.010775782460428311,-0.2415920526247666,0.050276924161343953,-0.96818971610485849,-0.24511406431632682,-0.23654823667902705,-0.24998511183900424,0.9389102063471696,-29.06876653844569,-12.81020842334069,-6.2080342619562829,,0.5442355739776036,0.2222222222222222,False,1
0.90193497995060345,0.41760439007207578,-0.11009025994171853,-0.3569858685050511,0.86437338758440263,0.35414649020364297,0.24305221996352938,-0.28011644048215789,0.92868745988217505,-7.6051632284211044,6.3032524340588232,-3.2731277758528972,,0.5275665335205816,0.3345794392523365,False,1
0.64190220161506517,-0.64216287523617688,-0.4190327018624439,0.74653325078498955,0.6481470621744071,0.1503113145012111,0.17507046876652024,-0.40930700881256932,0.89544296496358677,12.272671507196252,-7.4322555629216973,2.6455581653451246,,0.3172223553593737,0.1904761904761905,False,2
0.55418085666931427,0.83201456329370882,0.025206042300326248,-0.80960990652942355,0.53172657915723587,0.24859333109953569,0.19343054916606339,-0.15817272674176278,0.96827992397053908,-31.695092829453337,-25.559213976948282,-5.6351802886882956,,0.2770913081341631,0.3333333333333333,False,1
0.73453541446242376,0.67235577556889636,-0.091626611634744809,-0.64050830025597694,0.73157192437289542,0.23356291823090974,0.22406883362867613,-0.11287262966940945,0.96801494165524016,7.8910405808969921,8.3140141274700703,0.41838012432423094,,0.3706283766174225,0.4375,False,1
-0.95105246609424787,-0.20194462310254965,-0.23391788289059909,0.22411443674241163,-0.97188849507096275,-0.07214895974531868,-0.21277200468972066,-0.12104182065992383,0.96957565546565228,22.875461182673504,3.1039010184002116,4.4760782044225902,,0.5163576952530597,0.96875,False,2
0.6000715525080067,-0.71404540557211704,-0.36062902081222142,0.79370786951254202,0.58764869290965149,0.15715225609401751,0.099709326266363502,-0.3805366900877355,0.91937472107545948,14.297840198438569,-1.7160253477975487,2.6366970190321535,0.5585193841140642,0.4845840079987587,0.6923076923076923,True,5
-0.85981519049557609,-0.39285052238142415,-0.32616913596736818,0.44934542932096344,-0.88553810433804903,-0.1179446943009064,-0.24250056358989416,-0.24797325023078107,0.93792470051095611,-6.7681685120908899,9.0477167029509058,-3.1709281808143039,,0.2073344552523544,0.6571428571428571,False,3
-0.84448209591586521,-0.44205634573649077,-0.30238415446522193,0.47409328004975548,-0.87965179361276102,-0.038056324119858743,-0.24916972426282258,-0.17549617998108091,0.95242613326327663,4.4403599321888443,-11.175525929992942,1.3349790355807327,,0.1991307212001625,0.1,False,3
0.88996015618423518,0.40739036709040838,-0.20494879654800052,-0.38630064469037967,0.91229513159174325,0.13597575072710824,0.24236900032043818,-0.041841148119355798,0.96928147924518049,4.0465027830351161,-9.393168494739129,1.0263749485703491,,0.8712610838746033,0.275,False,1
0.25136571089784493,0.95388284900638332,-0.16408165575800326,-0.95897699737573483,0.26840168959460781,0.091234048068587065,0.13106638733497797,0.13441742221240036,0.98221869189948363,16.180619872679788,2.4432352320383708,2.7618091269310714,,0.1367896499767252,0.1851851851851852,True,3
-0.098126172032855577,0.99516523292766401,-0.0041729526966873542,-0.99388179272494381,-0.097784282890669455,0.051353832470529048,0.050697499465279933,0.0091865767066897086,0.99867180312472126,7.7118304006517677,10.521431378300369,0.21799284450324063,,0.3861043469818799,0.5,False,1
0.62567316457713085,0.77954800615929876,0.028948181654483318,-0.7523113377363746,0.59316733902671082,0.28667081997524263,0.20630255025410005,-0.20114028439135068,0.95759168947606343,-32.700673015739426,9.7220508111924406,-9.1903191996107836,,0.4627063395875155,0.3333333333333333,False,1
0.36990683114529321,-0.87092403024965759,-0.32351239513462504,0.92886706158006782,0.35393837965734681,0.10924104227414971,0.019362804126940844,-0.34090901563206877,0.93989686927721816,-0.76594537872073032,-5.8862575790823151,-0.58784758290660766,0.5828729224835447,0.2171200874826263,0.2702702702702703,True,1
-0.50744067903976908,-0.81582498667002734,-0.27736897515855952,0.84077728056416956,-0.53925553983758767,0.04792731206309693,-0.18867305515833363,-0.20888526486883541,0.95956731101986747,16.171316390378305,0.55011601437371671,2.9372138343875358,0.2810679137703051,0.2963806345660261,0.7818181818181819,True,3
-0.96846157255046283,0.022066631876629269,-0.24818389603418556,-0.0019763343086410378,-0.99671955644789567,-0.080908713356547146,-0.24915512556595462,-0.077866485421731635,0.96532820007098208,16.685805629120289,-13.713714374669408,4.5209180396464292,,0.6701276600049523,0.2272727272727273,False,3
-0.96242110642263334,-0.10801330187120504,-0.24915605658124237,0.1264188892033386,-0.99021811959508022,-0.059045237557129031,-0.24034117076528805,-0.088324414770004189,0.96666173990217896,11.174762719246599,0.50717666253514437,1.6945776883181072,,0.6594179448018638,0.2424242424242424,False,1
0.81009253572555895,0.58053827745208375,-0.082008487211402692,-0.54617363656680396,0.79808613178111865,0.25446588175636592,0.21317702099693603,-0.16135003771806047,0.96359832038420112,5.5128288944522028,-16.103325619352049,2.2264790711302447,,0.2824990308656948,0.3333333333333333,False,2
0.6029404919084016,-0.74558731120683375,-0.28383503058047344,0.79306033419168198,0.59881988937257202,0.11166936206317885,0.086706802207391867,-0.29242828430092715,0.95234848085760282,16.487018963348419,10.438487439474642,2.4345797476015134,0.1788083235670181,0.1566911651945447,0.4615384615384616,True,3
-0.93088064807559034,-0.25662306819757974,-0.26001119188841137,0.2683817287311458,-0.96325926152979879,-0.010141141964827773,-0.24785573772187242,-0.0792224459729029,0.96555234831282954,28.611274630380155,-9.5445182509974931,7.0009445079664783,,0.2606853040316177,0.4545454545454545,False,2
-0.1331443081296787,-0.9410906163513264,-0.31083925914876143,0.98504482717334008,-0.16026088829263599,0.06327034173055425,-0.10935850068337166,-0.29776651843203761,0.94835426863021455,11.96473956234084,-8.5066197350527428,2.671517508855787,,0.3017774548739168,0.2363636363636364,False,2
-0.83558758010912715,0.54571637316613686,-0.063142980811571936,-0.5251615100097704,-0.82722707004270135,-0.1997517534161459,-0.16124138541835484,-0.13374982111002931,0.97780990022672842,8.5416950021209974,-0.46502750236280904,1.1461739783378853,,0.6794255952754572,0.3269230769230769,False,1
-0.43035744789870506,0.89662343633733277,-0.10420595207927286,-0.90233272863023772,-0.43042733210957013,0.022977350059324941,-0.024251059375301393,0.1039169148102083,0.99429028001660813,8.7193602818509639,13.184734666528298,0.43334105000253953,,0.3532589880652515,0.6363636363636364,False,2
0.93709894064899724,0.28912851434155906,-0.19557678192763842,-0.25030289000019301,0.94710916028936465,0.2008300320010101,0.24329825049120157,-0.1392441765052253,0.95990469350727903,9.839026602339672,-8.2590729601370771,2.1868331278373132,,0.3852483306985243,0.7321428571428571,False,2
0.9672957096048912,0.13214045145322004,-0.21651307413113005,-0.086220795364171182,0.97404875926956958,0.20927252330916399,0.23854765692989471,-0.18376048447681587,0.95358644061149811,11.488768738157134,-10.682414879554925,2.8945675212699862,,0.1020621358444841,0.2666666666666667,False,2
-0.96245392564956023,0.16272474299762257,-0.21726274190046438,-0.17105434665653901,-0.98505922058058126,0.019968536227812035,-0.21076729227196214,0.056382532450525415,0.97590888844338841,13.418693398138091,-13.778468727209821,3.7479551542230953,,0.1643747923812285,0.4166666666666667,False,2
-0.21599229590975633,-0.91670685618927716,-0.33614858012968818,0.96912173804756918,-0.24322128096505111,0.040576659909111197,-0.11895539059366862,-0.31700465028338748,0.94093446464002817,17.822762075382308,8.3099982417227096,2.877780872094807,,0.3092148538893447,0.7317073170731707,False,2
0.30534006324445917,-0.91709378353418125,-0.25633267052958991,0.95181730738146453,0.28588594564064884,0.11096413589197121,-0.028482611308824221,-0.27786366852849553,0.96019816838240113,10.709248813576984,-11.039261914005326,2.7473267379322319,,0.1015366867779983,0.2105263157894737,False,2
-0.84192044889640039,0.52973529120536034,-0.1027155245406341,-0.51451473854119278,-0.84546620042038234,-0.1430436568695424,-0.16261777748442305,-0.067582728550241916,0.98437189783523016,6.8576587306259924,-5.8293680398289407,1.2981791481631841,0.72331426285326,0.2918649601849194,0.2258064516129032,True,2
0.57013059230869012,-0.75514645531192948,-0.3235814252140764,0.81762404483662299,0.5600179969415694,0.13368157841136794,0.080262251518037037,-0.34078391119796581,0.9367092915359998,5.7633488567183315,-12.956223684409345,1.852872557151888,,0.1528170506565986,0.3809523809523809,False,2
-0.94095490006220306,-0.18130739690350636,-0.28588722230453867,0.23520249291245937,-0.95751153369239095,-0.1668875375029846,-0.24348236769157391,-0.22427503355059394,0.94361912122910374,19.836133561263622,17.410060446010348,2.8030782709524527,,0.3479646445638389,0.1764705882352941,False,2
0.36915489572033633,-0.84790564049574568,-0.38050057527053494,0.92917036489166904,0.34516617085477191,0.13229794973671277,0.019159748766387055,-0.40238829420468325,0.91526857518121718,26.720825835528764,-6.7396124499896688,6.2731853447861212,,0.3833727432188597,0.3333333333333333,False,1
0.94770514767622771,0.22823094527638599,-0.22308202232862079,-0.20863818340641646,0.97200120067214979,0.10809150899478587,0.24150582082602179,-0.055895451605176734,0.96878823124406455,12.228784170474194,9.6239646192144246,1.3857426866091147,,0.07154004474668402,0.2857142857142857,False,2
-0.6347586483104255,-0.64713380854273361,-0.42225500853879716,0.74422318047561486,-0.65901385029735926,-0.10877776776074832,-0.20787812784870691,-0.38329959425653926,0.89992672201957091,10.495117109563674,2.3940690315598139,1.4551119086907811,,0.2081648518637233,0.3333333333333333,False,1
0.95454062178613264,-0.12139883544001369,-0.27223982830209381,0.19984208054920979,0.93828288136689897,0.28229129879540088,0.22116813559350776,-0.32386348557322675,0.91988972084182663,8.1955790895004323,-11.34975479929496,2.2643762640167955,0.6548674413204203,0.3337555674210488,0.1428571428571428,True,2
-0.034846760742812753,0.99223408493860832,-0.11940361783370039,-0.99596564002476917,-0.024592659802969669,0.086299739129772735,0.08269309013324265,0.12192916701863687,0.9890880299924556,-7.9430658969890384,9.0463267248424142,-3.4977951694589664,,0.3224019356975184,0.3333333333333333,False,2
-0.0084868242260034681,-0.8920200135429015,-0.45191621928569792,0.997045946082177,-0.042049062940244415,0.064274860613956208,-0.076337115583790902,-0.45003574496340792,0.88974180133316061,4.5462874200291816,4.4274860928900619,-0.19256542045583089,,0.5299043484504272,0.1111111111111111,False,2
0.9143037063552778,-0.24318744899280181,-0.32389596662721226,0.35622746947415801,0.86337501555972573,0.35733118041850392,0.19274522701493929,-0.44208986321744276,0.87601702626338418,11.390193612360028,-14.588632093881795,3.3555311219656443,,0.1770121460928192,0.2352941176470588,False,1
-0.21636164382493456,-0.89897365449754241,-0.38083330684264849,0.96837570088805547,-0.24724195664005522,0.033465158095629235,-0.12424226740904473,-0.36154914381883385,0.92403791891508913,27.546005906427887,-3.4182132885173702,6.1551522756790806,,0.2329441929326284,0.4,False,1
-0.97196445349787453,0.021271727655533465,-0.2341636494828534,0.017371080917867879,-0.98668130221124573,-0.16173513351917931,-0.23448528031483071,-0.16126847636556471,0.95864963977795681,-4.9785469005237566,7.8330412295707017,-2.6454543512421016,,0.623972817311715,0.3611111111111111,False,1
0.22550058648136234,0.96927108024584996,0.098300857044103823,-0.96602694258600608,0.20938141224917464,0.15149709701005848,0.12625938259985109,-0.12912396060989162,0.98355760944741832,2.0736020646789184,2.3062288933338055,-0.62984805838459257,,0.3787309347109955,0.2072322670375522,False,1
-0.41853488366563291,0.9066454268803984,-0.053128345276847483,-0.90761483838380896,-0.41964949991978406,-0.011384303343101795,-0.032616810091237125,0.043455346436725856,0.99852279721873993,19.34353650755644,-13.325127281491149,5.0902479586391483,,0.2680059758769909,0.3043478260869565,False,1
-0.97255313715888803,0.050415217522446175,-0.22715347508803516,-0.017598148883986732,-0.98938600762949225,-0.14424157882813204,-0.23201444040891775,-0.13628511932393658,0.9631176800851482,18.727850825537551,-10.163462360830223,4.6008076709216601,,0.1676805570153819,0.3571428571428572,False,1
0.92446363142206056,-0.27887714933143298,-0.25998948009239176,0.3261737618944876,0.93157699183363829,0.16054589791641866,0.19742763542507577,-0.23322059057245506,0.95217145772360801,23.594067563892285,-5.5282273538895268,5.3708044554965637,,0.1796196823189989,0.3684210526315789,False,1
0.34754660679341121,0.93115818744947598,-0.11025328136701198,-0.92518026216452287,0.3596632708362128,0.12117678867085922,0.15248881469659026,0.059889578034951763,0.98648892534849342,28.073232031548894,-10.552520865236078,6.9987681221170721,,0.1085876405637531,0.3333333333333333,False,1
-0.91532546445365026,0.35962284859662469,-0.18124762312913031,-0.35334230587563059,-0.93309372243197419,-0.066972531955529241,-0.19320587206708373,0.002740789173092506,0.98115441143252624,-3.1754550311509306,16.323717688609808,-2.7045606375297981,,0.1331710592322952,0.1818181818181818,False,1
-0.070462710491501948,-0.9078169975830539,-0.41340452988505239,0.99334537018156588,-0.10170945894385175,0.054038518671380827,-0.091104236833634777,-0.40684577527687238,0.90894253568106409,13.526912553609996,-8.0781237908597348,3.0819306280700345,,0.0837801120754266,0.1923076923076923,False,1
-0.91806116321184672,0.34161119333378559,-0.2011603668498822,-0.34547496339211675,-0.9382793433967922,-0.016701000691599334,-0.19444986570149098,0.054163330251676321,0.97941593992783305,19.586633971745417,-9.3821721984321904,4.7244337400997809,,0.1195523627692405,0.1904761904761905,False,1
-0.098157491535563926,0.97643954026000246,-0.19217422062358352,-0.9938790935857994,-0.086348891145825182,0.068907302450152336,0.05068978386732409,0.19776170816091407,0.97893863576669726,25.273396883061434,6.542158491479757,4.8551916487251763,,0.4406921779954341,0.8085106382978723,False,1
-0.92857337214752522,-0.28170180536323192,-0.24165178541378729,0.27994201461589097,-0.95908328836970658,0.042328647778400563,-0.2436882454928255,-0.028343232438228311,0.9694393741661117,-4.5378876506288588,9.1710713650950169,-2.5972423445268427,,0.215243283121427,0.1764705882352941,False,1
0.26676674330554134,0.96202946488122199,0.057747842959761847,-0.95421980368033854,0.25524062543431975,0.15593841538297493,0.13527775475077664,-0.096703318599969945,0.98607727752004393,14.175457742641884,-5.009982824329712,2.7084440430500796,,0.3062528309654855,0.2222222222222222,False,1
-0.54716890633398541,-0.70654407101047234,-0.44877796699617456,0.81467390877202184,-0.57261018147315601,-0.091782364533690097,-0.19212654763823292,-0.41582815656618116,0.88891750680216997,15.050845444423583,-10.223734559241155,3.6499510322946893,,0.1271551168112783,0.4545454545454545,False,1
-0.51490599458718322,0.85512143455379641,-0.06032535872121178,-0.85516845280286091,-0.51728137451919276,-0.033270060208796463,-0.059655126091109054,0.034457390240610564,0.99762415477416233,11.767940026777962,-12.555039555594352,3.1972486508959674,,0.2281700190061295,0.3529411764705883,False,1
-0.96858391879872241,0.15475062845300502,-0.19467263607891175,-0.10726519218436817,-0.96621047627149625,-0.23437468738936218,-0.22436437058981315,-0.20612995545677165,0.9524552853930881,-17.667498914023319,10.85809383531006,-5.9057994368613622,,0.2538085647695202,0.3478260869565217,False,1
