axis_00,axis_01,axis_02,axis_10,axis_11,axis_12,axis_20,axis_21,axis_22,location_x,location_y,location_z,dbh,dbh_approximation,score,reconstructed,number_clusters
-0.17600358448157202,-0.8649812487159334,-0.4699257150012785,0.95838713429023781,-0.25956557183899009,0.1188268266968526,-0.22475951387334847,-0.42945681189814977,0.8746713712233265,-12.932823075177646,14.269056710144662,-7.6124390997934812,,0.5325080667575072,0.5714285714285714,False,3
-0.36788058641692134,-0.81185329211540824,-0.4533851632099517,0.89926523803466007,-0.43468465804946793,0.048695787486001493,-0.23661341001728281,-0.3897992818589967,0.88998349089306306,-3.5811643040694787,10.991812804324834,-4.5284522482936058,,0.3288708168390139,0.1538461538461539,False,5
0.88970471800528173,0.36925794557429686,-0.26846616991605038,-0.31975335611094868,0.92373785131268926,0.210870038905489,0.32585780029781236,-0.10176910966726142,0.9399253918809759,-15.300600886672933,4.6536784460428571,-6.2877770373245383,,0.0945969937314976,0.4054054054054054,True,4
-0.16504205877697647,-0.88527829940724601,-0.43479127340975154,0.9638881645509787,-0.23819106790613451,0.11909920826051863,-0.20899934227935793,-0.39943378395968399,0.89262081936197657,-12.61609277885977,8.9283537228167589,-6.3621397665729651,,0.08025302942678354,0.2666666666666667,False,2
-0.95307560675883951,0.090026863374250934,-0.28903641928356189,-0.1274695353435058,-0.98533666505491602,0.1134159338795286,-0.27458770067244409,0.14493729806177852,0.95057602235169525,-0.9479325629326516,-18.517861380542978,2.0247666741459835,0.1814030105258067,0.2086268343580732,0.8064516129032258,True,5
0.66848695514747902,0.71325226610833303,-0.21070452223191469,-0.6796140425943179,0.70090580108611733,0.2164620315723659,0.30207605649283137,-0.0015042922439124362,0.95328264077270619,-0.63014618449350757,-10.626023812497172,0.59219061458330458,0.8132265426770042,0.4726986508428692,0.6612903225806451,True,3
0.64018131265993994,0.72168818485474784,-0.26331359775380969,-0.7015567577309908,0.68887423203615683,0.18240177663217677,0.31302715952929,0.067959225110752974,0.94730963318197614,4.5887003453538924,2.3386950589994857,-0.73953680196663552,,0.2011514327194046,0.2950819672131147,False,5
0.90452871982454319,-0.2767114061546912,-0.3244358067730308,0.37487059358078156,0.87863714378275959,0.29575125973301863,0.2032236036511661,-0.38913695181666902,0.89848349993189436,-9.0739280389511716,-20.567034641278557,0.032794668453767217,,0.3191010124609434,0.3513513513513514,True,5
0.95224034225190024,0.117181273622711,-0.28196964322448387,-0.054151598110360209,0.97360212458535889,0.22173521918037459,0.30050945910250049,-0.19587611420240614,0.93344877356761702,1.7157850267648218,6.8501093025716386,-2.2424930018140832,0.08202461647056977,0.08533445871576543,0.3484848484848485,True,5
-0.64211227253406067,-0.6926290306582884,-0.32856788545216375,0.6982314036077969,-0.70534106491317905,0.12233923803518848,-0.31648813007288645,-0.15086088968484973,0.93652349435903937,-0.64212512842086356,7.5483426827558739,-2.9500137072424,,0.07921356140138631,0.3058823529411765,False,3
-0.032432812243602567,-0.91592854044545635,-0.40002877582422658,0.98122223230931049,-0.10531828869035226,0.16158895039349416,-0.19013427758273024,-0.38727634431345509,0.90214521537461034,-10.31429386903511,-7.115281498770897,-2.7434028348003592,0.4444895267317079,0.1295811328885783,0.1382978723404255,True,3
-0.70678295661535584,-0.54732043506457462,-0.44821668152667138,0.63060045698574274,-0.77458925582417104,-0.048523689174770956,-0.32062581912164989,-0.31694136070018142,0.89260700086325206,8.5580678860549693,-9.2867743705812487,2.7536311592370515,,0.3017548714356254,0.2105263157894737,False,2
0.8927533641657841,-0.31854470955377684,-0.31862312970965373,0.3940360690237486,0.89493802311124848,0.20933588105731299,0.21846511638929084,-0.31243431758536055,0.92447703601332565,26.749590293733476,1.3441650000302867,5.6298941906706554,0.6798408993994144,0.5171139229138685,0.9024390243902439,True,5
-0.92892619767408691,0.24757087065836503,-0.27532668464248472,-0.28598652798862834,-0.9520330958039307,0.10883331430675652,-0.23517615755805799,0.17983783944276832,0.95517041747574305,-13.577550852814763,9.3765729675139262,-6.7101956683016004,,0.0858709285921719,0.3265306122448979,False,5
-0.65969515575135462,-0.68751599273607056,-0.30351945771289579,0.68241068031176599,-0.71718028252500277,0.14130854805633258,-0.31483005713341267,-0.11390435500669549,0.94228861451037393,6.9675793039184652,8.9549915232487205,-1.4023557429774061,,0.0961895143693307,0.2424242424242424,False,5
0.2546696577885143,-0.89846319256362572,-0.35764124064522768,0.9630744349814272,0.20223676308453309,0.17772991965984525,-0.087355584178033879,-0.3896975535790122,0.9167904987768184,9.6702632209716128,-20.011486617522639,5.2913887368966712,0.5439146325666634,0.3371412877561671,0.7317073170731707,True,5
-0.86575694842013218,0.43680750185848771,-0.24426238470630307,-0.46755731331045208,-0.88001015790805803,0.083500184122841575,-0.17847987290497028,0.18649752893479341,0.96610745089200289,-6.6596649462918078,14.734039023068421,-6.1446622967814895,,0.1019969124296359,0.21875,False,5
-0.82869792847304191,-0.44218862327078756,-0.34311654695507698,0.45314443323334114,-0.88989528917074823,0.052407031411301611,-0.32851159184132911,-0.11205175483497229,0.93782969576798991,4.7562206568857839,10.982865759964747,-2.4914534018752312,0.1833813510812012,0.380092683169693,0.34375,True,4
0.28155180831423493,0.92466577355047985,-0.25636260737337779,-0.92642450389999931,0.33154168797848699,0.17837530015676367,0.24993242648488873,0.18727871303666063,0.94997919231670969,2.7521489804398542,1.7995629696610207,-1.0870671903243649,0.1331842906186578,0.1226179799480537,0.5300546448087432,True,5
0.20217795514050393,-0.91623648520936374,-0.34588260671273424,0.97458807767730216,0.15344820845091636,0.16319229814076713,-0.096447671327333034,-0.37008694991095775,0.92397699982258186,5.6666490599170363,10.272514936470651,-2.1265130642533174,0.4145294770618151,0.3522357358493933,0.7428571428571429,True,4
-0.95284690375542713,0.098723433314411413,-0.28694330749873215,-0.14090330866202691,-0.98141990627251108,0.13023526857249534,-0.26875460109882876,0.16452553384405527,0.94905337737217899,-22.878730463500283,19.3439759227503,-11.306413748333236,,0.171475908533603,0.4,False,1
0.72796664331985905,0.631049395161143,-0.26803213814834354,-0.60464140507150699,0.7752045174001948,0.18293913598649347,0.32322335541660774,0.028889739858411895,0.94588162337796944,-8.4309542825949286,-15.485466655297897,-0.69237097385154445,,0.4790286074353191,0.9222797927461139,True,5
0.14557656231934629,0.96103298127421188,-0.23499590082910349,-0.96738933059283716,0.18803663999923748,0.16970593705860532,0.20728084223686377,0.20262732027295208,0.9570667800736683,14.396968644444872,5.5769644336369311,1.2113238146471934,,0.07582983216622334,0.2631578947368421,False,5
-0.10899587979900489,0.99334927996056177,0.037109381410573128,-0.98569136074051178,-0.11283371423334615,0.12522417615551115,0.12857853455518831,-0.022929477406650967,0.99143421340878657,1.927467130468927,13.858600175231924,-3.7170060201744062,,0.4419708776481685,0.1851851851851852,False,3
-0.95591557891404233,0.1743422389428978,-0.2362841291957832,-0.1897359810931,-0.98085428961426036,0.043876189715427505,-0.22411082853818298,0.086773534362055815,0.97069289183873564,1.6840034180311954,15.925633395307242,-4.2631503696752322,,0.1435855703958661,0.4,False,4
0.41805250483482914,-0.82460912198465119,-0.38111927154242226,0.90833073862512326,0.37346842889110993,0.18829923497014744,-0.012937251256042059,-0.42490131626214978,0.90514722502399014,-15.808723786368933,11.763099835749406,-7.8852488343179878,0.8343541632765896,0.3632573261499941,0.3,True,3
0.69393252517007153,-0.61310404556014564,-0.37757261530581293,0.7137015991880522,0.65509711111171665,0.24794717649027664,0.095329312530329544,-0.44153278964406101,0.8921665303303129,24.505467931323235,13.81191633971393,2.402777212942202,,0.1156489278521788,0.3571428571428572,False,1
0.095636084245283581,-0.88740643519951523,-0.45095848828547147,0.9864666911196579,0.023878782537346915,0.16221365866032209,-0.13318110489728785,-0.46036900689666638,0.87768056306797371,14.562132004220757,-5.57078851867983,3.5410198476974153,,0.1378527103446695,0.2727272727272727,False,3
0.71725056456083891,-0.62434271682172637,-0.30943141338400926,0.68884895608672758,0.70226128122425591,0.17976709540818098,0.10506542407179255,-0.34208955676099506,0.93377512915031258,7.1635078921451871,-15.785429210069289,3.8039698070646915,,0.08582962907066372,0.35,False,5
-0.77631270532075503,0.56889879197256232,-0.27146408243031012,-0.61532616641396587,-0.7773951050333292,0.13050118618814105,-0.13679288170026743,0.26834868205821083,0.95356000983354938,-5.9575664876791823,6.5148633690797517,-4.1969875016184206,0.473762323585914,0.3905635950874123,0.9839816933638444,True,5
-0.9561095639656354,0.051072569162147162,-0.28852399271571449,-0.083082565269092898,-0.99153234537626955,0.099804285584028818,-0.28098360991656951,0.11939514542815027,0.95225679845640476,0.92075703248611862,4.953850546248896,-2.0990662573726784,,0.1186982157252802,0.4615384615384616,True,7
0.8998931300209746,-0.31057640454717184,-0.30616115279310574,0.37995876276105339,0.9029347488657623,0.20084864423692506,0.21406469382441712,-0.29707092794360213,0.93055100377603417,-4.193329638368966,-8.9538739726050203,-0.72705521606943824,,0.06950921553509845,0.2244897959183673,False,5
0.47739460432636105,0.85762866526346204,-0.19122621232061754,-0.83001263620925392,0.51156839731996917,0.22220890755422645,0.28839801575780966,0.05263883910090339,0.95606262196838754,8.1346702897214715,9.3910049149429025,-1.1708102612167679,0.3632375063624278,0.3334980382914156,0.78,True,5
0.92696543823544209,-0.1919804871851617,-0.32230198394847598,0.30420559578108475,0.88742347658050447,0.34632142398247145,0.21953139140553671,-0.4190740576007056,0.88101243035137189,1.2849611568899362,9.8565508151610999,-3.0429023448386192,,0.3434980824224483,0.2105263157894737,False,2
0.27719546151942348,-0.87001279353320526,-0.40772590695414707,0.95625781084613515,0.20853410480565709,0.2051451347915911,-0.093454134787020457,-0.44675638352624725,0.88976123677633789,4.884215631903448,-16.698453683027108,3.2797111722408023,0.6674020725802762,0.6054532730865081,0.8,True,4
0.1191796137391772,0.9573214360535266,-0.26330949041269974,-0.97341919065019544,0.16490063204746677,0.15894294833135986,0.19557939294030935,0.23736775185934805,0.95152785110806948,-2.2586219591067209,-7.1451905695774247,-0.57753228161473125,0.2150061985298688,0.15687082161169,0.5842696629213483,True,5
0.072750445149951756,0.97811519255699508,-0.19493086676992777,-0.9817196364580596,0.10469615957059886,0.15895052552232108,0.17588043701088019,0.17980373817126041,0.96785158346541045,-1.944753321142229,-12.415200780056404,0.50716742388230729,0.829705532083495,0.2554937411788673,0.7450980392156863,True,4
0.81557308680481866,0.52057040170807667,-0.25267963302401664,-0.4777656157719416,0.85214654269292245,0.21350945216209144,0.3264667769708236,-0.053410922497095059,0.94369842475882748,0.64234333311018466,-12.270627373459337,1.2562862119733582,,0.1403579301198899,0.1904761904761905,False,5
0.94241927855917429,0.23446211563270639,-0.23848148719144119,-0.16397174498013398,0.94543887400851923,0.28152904354910435,0.29147756388472856,-0.22621417251476311,0.92944498379693552,-11.915444018000624,-8.8101691339894881,-2.920671013042679,0.528712937060848,0.328681530568519,0.3243243243243243,True,2
0.36585528012750868,-0.87383574546008258,-0.3202514698780366,0.92981511382202564,0.32843553107375978,0.16605407563932184,-0.03992202538642653,-0.35852641727565643,0.93266555635153947,8.718862529063923,6.1506847273159266,-0.43175407373792374,,0.08986479847784051,0.4242424242424243,False,5
-0.43603695020902966,0.89989769015213894,-0.0074783227566708188,-0.89981586764378829,-0.43583557354317004,0.019461684684325381,0.014254206006099029,0.015215127115497051,0.99978263513525545,-11.17502588930639,-14.721813163551266,-1.6132285042755143,,0.4165737477212841,0.1,False,1
0.32261734500246514,0.93414808602149457,-0.15259555067542996,-0.90679021184946307,0.35125265260551053,0.23313748246817184,0.27138452497805599,0.063157956109818253,0.9603965390308653,-9.476713748806862,-13.595713704224227,-1.3326474097397731,,0.1870562793578823,0.1470588235294118,False,3
0.90554644131667072,-0.26518946621186329,-0.33114979937934524,0.36470090772047215,0.88537739893246814,0.28827089580365362,0.21674614304890677,-0.38181331625526677,0.89846519187088114,2.5734908510185122,10.609605878617426,-2.9589146988707231,0.6383846411244248,0.4137183988582484,0.2,True,2
-0.44810818826091819,0.86915298072614122,-0.20921794308419828,-0.8939190102747937,-0.43291583721608407,0.11615799996914389,0.010385310917445656,0.23907524753173925,0.97094550379245648,-12.320297463412876,13.313582752522809,-7.295065030752947,,0.15832456797392,0.2173913043478261,False,3
0.92489893396980316,-0.14227639743420115,-0.35258954702978329,0.26962593264059342,0.89927260431804712,0.34439895407902743,0.26807427774632281,-0.41360151094523717,0.87009767943295047,17.894599767448685,3.9574567256342967,2.5269400823069463,,0.3262150671550393,0.35,False,5
-0.89936140966093936,-0.20419929729549188,-0.38658983664436164,0.21148657146306879,-0.97708372385357245,0.024100345873677015,-0.38265191088440059,-0.060083638076117649,0.92193680452190108,4.1985774859934271,6.0941974811335422,-1.5688805556529197,0.7975725106471468,0.6219385638714812,0.24,True,2
0.90274074779218272,0.37512586607525067,-0.21057000469416939,-0.27911192535372464,0.88322137800612932,0.37685080676348437,0.32734641498105077,-0.28142597967182292,0.90202202997754277,-2.2957894691773291,-13.83261231508537,0.66832738631528332,,0.4061930872887635,0.7164179104477612,False,4
0.95008052901374096,-0.078224473485382057,-0.3020396002793434,0.16940571837277843,0.94227091446572664,0.2888377162604055,0.26200895208288905,-0.32558632572615576,0.90848492201498254,6.0193031509679615,-12.783721814170015,2.9355851026758009,,0.3465783621246937,0.3414634146341464,False,4
0.44924989106098007,-0.80616492040013565,-0.3850618865818069,0.89336270497730086,0.40111077294178255,0.2025172219483701,-0.0088098091544147605,-0.4349807684786634,0.90039664499395722,0.41858552031208418,9.3179159824460793,-3.162736411381855,,0.07513477283106337,0.2545454545454545,False,5
-0.49140479236698781,-0.76719922601733415,-0.41222163654660426,0.8110330742551376,-0.5756008522032855,0.10444621298597286,-0.31740617905613849,-0.28300001155698645,0.90507696410621785,13.306263529732028,7.053016317335592,0.57967898269007578,0.271318790140241,0.3239979921342482,0.2916666666666667,True,5
0.9566819133995399,0.039914950302791068,-0.28838604910175697,0.022811256640764627,0.97723487120760155,0.21093044603928418,0.29024018182302819,-0.20837179088875707,0.93399241625248119,-3.5108073806387163,-6.0991446647011323,-1.1716608984187713,0.1988347796892626,0.140006411852895,0.615909090909091,True,5
0.41018015413534248,0.89588340185480031,-0.1707195695712041,-0.86769581673266283,0.44099148372942754,0.22941334072532779,0.28081348040673559,0.054031856891915836,0.95824023483814758,-1.9550524774106126,18.312054975171087,-5.6926164778535568,,0.3383444174475068,0.2758620689655172,False,5
-0.44729149981115351,-0.75617828655722752,-0.47762402906058293,0.85050785516899086,-0.52483438452830899,0.034427563268896247,-0.27670688913095665,-0.39082383212410032,0.87788953163328121,-9.5894014124349773,8.2419184431492987,-5.5026599892844184,,0.0840157707606872,0.2352941176470588,False,5
0.29891337625719427,-0.88765430776153398,-0.35031503451452939,0.9521528341460318,0.25292524563547258,0.17156281808105697,-0.063684958366972189,-0.38483587414978182,0.92078530399065883,-7.3739367166440264,15.508182601307983,-6.4587327160626007,,0.1075183023894471,0.3529411764705883,False,5
-0.17677867968976532,-0.89978910108353005,-0.39890960376811613,0.96404299983970665,-0.2399956540147071,0.11411915051432449,-0.19841973910677685,-0.36439217832624382,0.90986149907964176,0.068968494326159591,21.360019399212163,-5.8216393518721476,,0.2044840369514489,0.2352941176470588,False,4
0.826442734076273,0.53137546804966984,-0.18609814412703973,-0.4488735323363674,0.82137863636768305,0.35192284337143709,0.33986020546749252,-0.20730954554423989,0.91734278929189528,1.7958574920287966,11.009455935305921,-3.1483001641452693,0.6945998785173723,0.3986953099696867,0.3055555555555556,True,5
-0.92535944367349787,-0.21749039302386591,-0.31049610133880573,0.2095275977404554,-0.97600845110328049,0.059208860486317183,-0.31592417727895949,-0.010268024021136815,0.94872887691548291,17.994016844118583,1.782248783089402,2.9523461053033819,1.006515667889095,0.6730356724777854,0.8311688311688312,True,6
0.37215440204507633,0.90204441692608706,-0.21867091926213691,-0.89114327923206649,0.41313011539300226,0.18758241824564492,0.25954721519983859,0.12505749736757382,0.95759901077338683,6.585634155714998,4.701022685849594,-0.70147005239151217,,0.08606809292967446,0.2666666666666667,False,5
-0.65482094246698164,-0.67023677746261501,-0.34927381156219356,0.68765969387250803,-0.72010276341086343,0.092607535067111085,-0.31358201276511749,-0.1795401689443524,0.93243318742181802,-16.997713520504366,16.299069968065105,-9.147770696442322,,0.07179837665626454,0.5,False,1
0.85186085270213252,0.4590609338484164,-0.25218276437499665,-0.41206554307959686,0.88460404546850824,0.21835217184004835,0.32331884547627615,-0.082089839535529174,0.94272274948943446,-3.264836324445743,13.104556999109334,-4.8705802782986964,0.7139519413209235,0.6852000344303601,0.6606060606060606,True,2
0.92931417796666349,0.2302323380688728,-0.28873556957445334,-0.16372691408297732,0.957692925876512,0.23668070755967874,0.33101156510763952,-0.1726769533939751,0.92769284438954547,-1.333859578843728,0.60598610330159075,-1.8438646117453199,0.3229887108442763,0.2372649897783597,0.7744034707158352,True,6
-0.94408399516687747,0.20283362421887985,-0.25993062719883753,-0.17398228175943187,-0.97615470916291303,-0.12981582882241149,-0.28006352083684238,-0.077333722691347889,0.95686149448662072,-4.7632019906092822,15.916155243005553,-5.9376958653531995,,0.4209907719026448,0.3564356435643564,False,2
0.89871893078897724,0.33704741352994283,-0.28054112795505237,-0.29563156769898985,0.93817540543179778,0.18008021774397975,0.32389235807804245,-0.078904687285720546,0.94279785251292758,-13.442050120710789,-7.1629616204358095,-3.5695495256216634,0.9473148729005939,0.8435929974950115,0.7590361445783133,True,1
0.941146914082715,0.23858174060963197,-0.23941854389387157,-0.13443542601504774,0.91413289803120046,0.38247635347721987,0.310112241526735,-0.32778010584042006,0.89240719398182111,-14.316359624281352,-12.719189743497907,-2.8139822789825244,,0.56124724296053,0.3611111111111111,False,2
0.62196864444712263,0.77263328090598771,-0.12725100612984502,-0.71959664175739635,0.62805560355179935,0.29618715707920601,0.30876476239377754,-0.092649727919914437,0.9466152066284802,-11.450805537971464,-16.728060717319011,-1.3782575906130643,,0.28079207156888,0.2666666666666667,False,1
0.015725537155408587,-0.91736773730220045,-0.39772998634527901,0.98720430631377476,-0.048883655971815113,0.15178289025568326,-0.15868322241722158,-0.39502762275044906,0.90486065898977885,-0.3701411170776211,11.333971607114579,-3.754636497987998,,0.08370039279368144,0.25,False,5
0.086883402051268141,0.97760556837255153,-0.19167323009480625,-0.97835552695384864,0.12000284560657876,0.16858167137971686,0.18780771370434418,0.17287761489939191,0.96687206648027813,-6.0677425924700295,16.857514265918031,-6.3843384786239747,,0.2079869073522637,0.7160493827160493,False,6
0.53183723842283481,0.80861342781980439,-0.25158194723842953,-0.79404668966266834,0.57942236894368204,0.18373778327674023,0.29434504660777228,0.10204921713172821,0.9502352081565234,-9.7910594293284099,13.744245128952064,-6.7656200476271966,,0.08255338840434509,0.1923076923076923,True,4
-0.95657778013406758,-0.047822458357589005,-0.28752732571081913,0.016973203944593077,-0.99391407895792361,0.10884261112761257,-0.29098257834728541,0.099236163397513955,0.95156782363240278,2.867008194375213,-13.492228651745686,2.0640384295258931,,0.1037985373050957,0.4482758620689655,False,5
0.92877091476062357,0.28106679901632331,-0.24163203923617557,-0.19939575684655164,0.92841479053762455,0.3135080682575333,0.3124514683055688,-0.24299677199851227,0.91832818139921968,16.10632517096964,8.5758601328705861,1.1211758972351584,0.4001621835739624,0.2731483505861114,0.3846153846153846,True,5
0.84469936693995551,-0.42596953939145088,-0.32408784457593381,0.50265773337641295,0.839363111093965,0.20689313862849076,0.1838972065261634,-0.3376677645930925,0.92312637173172496,-18.555092876645393,6.8866910437726609,-7.636551031530594,,0.1917681548089878,0.3529411764705883,False,4
-0.59143125572606925,0.79177562719439365,-0.15264477040242436,-0.80407542071976623,-0.59332097055936972,0.037854242679221634,-0.060595276586669258,0.14512609026433293,0.98755588721852738,-4.8474591189231191,2.3439183799983834,-3.0759500293598232,0.6674678970768464,0.5385587624302457,0.8765880217785844,True,5
-0.084905033289530377,0.99638728836870127,0.0018726717198545018,-0.98703846924186334,-0.08436497688313413,0.13651963562867955,0.13618441745949833,0.0097428051799699489,0.99063559505422705,5.4064964901372905,4.2357750822508562,-0.91748807831033297,0.5811280618594392,0.6390138442638786,0.5824742268041238,True,2
-0.57589350069179013,-0.71779563099788291,-0.39130053409279586,0.7600068734554104,-0.64642542672556003,0.067258605272563526,-0.3012245477405322,-0.258657301855234,0.91780181522782123,6.958451768252722,-8.9750111179753915,2.3227761723766012,,0.08153034709079067,0.3793103448275862,False,5
0.24082336557381176,-0.854937745995628,-0.45944048261512271,0.96698173149760602,0.17068679665566849,0.1892415081247181,-0.083369284173450131,-0.48984433029212571,0.86781455077514424,-10.461596502431549,5.2414635830508072,-5.1304914400401049,0.327879086593057,0.1528128179039946,0.2648648648648649,True,5
0.3836982502043752,-0.85300256127738006,-0.35378281931762867,0.92282985618513447,0.34004846335813221,0.18097541021115618,-0.034069184366873242,-0.39592129649969854,0.91765223132435836,-10.496556641553651,12.799339114870108,-6.7243777164744847,,0.08657745861555231,0.55,False,1
-0.96009072834041043,0.0017388921150874107,-0.27968333809684148,0.0028705236345743035,-0.99986674226688288,-0.016070401447176974,-0.27967401282357901,-0.016231881062346729,0.95995779729545128,-20.21606785233941,12.621106923967085,-9.260962184871314,,0.2122426331140793,0.4375,False,2
0.59068054575347506,0.77881250231392374,-0.2110629742704826,-0.74973339278796047,0.62642671779822601,0.2132824581797497,0.29832253117562535,0.032259160994469599,0.95391981524911318,16.723598295834524,-5.258712995387949,4.1638909185110311,,0.1227982926719712,0.4482758620689655,True,5
0.67084513333895124,-0.64944013133630463,-0.35804234789383171,0.73665244843688882,0.63922436949042349,0.22076090156888456,0.085498405174488021,-0.41184914866908906,0.90723222024637418,-9.5697145671329373,-6.6774628100234912,-2.564022973700256,,0.08199315579052129,0.2307692307692308,False,3
0.59078402379006079,-0.72663962391809112,-0.35066949423438676,0.80536689603683342,0.55726213451977424,0.20209670011769532,0.04856336069941472,-0.40181310379657953,0.91443306458971529,2.5997559757238475,-3.0199753224464754,-0.23063925330706736,0.6645327928200252,0.5039052791522323,0.9942528735632183,True,5
-0.6325386556918039,-0.68038957410652712,-0.37008766056536357,0.73660020362453615,-0.6761412303757971,-0.015911524320279452,-0.23940549090590468,-0.28267130033493215,0.92886056375058879,-28.450721177053833,3.6321003076611311,-9.9294898302117414,,0.2153723355946872,0.1333333333333333,False,2
0.80986338389903589,0.56500832555124336,-0.15775579696918354,-0.5043338996503034,0.80796726284923948,0.30469036713920694,0.29961411362470863,-0.16719597549488796,0.93929595373087427,-10.161246175223262,10.751317562277261,-6.1667373040851965,,0.2540463753938659,0.25,False,5
0.95699740669716393,-0.028728937509574195,-0.28867042059149772,0.082874560520072457,0.98068923980149403,0.17714520077092302,0.2780067819199849,-0.19345093198828678,0.94089795733615855,2.8194606008187244,-10.79120881264522,1.5621448816357308,,0.06974531969759977,0.25,False,5
-0.95753129334154985,0.02234360081930397,-0.28746232061626203,-0.018206190001638256,-0.99968872425912458,-0.017058406572388052,-0.28775398679650521,-0.011100364480153346,0.9576400289206406,-20.506804663467101,2.8717172066910077,-7.4281708160841182,,0.2879644260251594,0.3548387096774194,False,4
0.66724352910440821,-0.64950261683138277,-0.36459899012131436,0.73772793102895828,0.64376454814835704,0.20328479118486803,0.10268190029420227,-0.40461532012088869,0.90870395073172427,2.3229653352870701,-15.726610535730002,2.438198174300974,0.2163540618035508,0.1926356990360139,0.1818181818181818,True,5
-0.054499434116198023,0.98635039090509213,-0.15537927159819792,-0.99052431462872481,-0.033759161139144046,0.13312363114217063,0.12606107174821882,0.16116210907205722,0.97884390011336198,6.3430042546570853,-7.4153405821588203,1.8137451832079823,,0.1670864054234822,0.3823529411764706,False,5
0.83622014542061518,-0.45306536889247445,-0.30897838096386643,0.52121134981989714,0.83180011456634351,0.19091175507636893,0.17051274794468257,-0.32068729459980921,0.93171082524064819,-1.4392437594222902,7.8667794513404088,-3.303547636070284,,0.07413849977101918,0.2432432432432433,False,3
0.46431336165127962,-0.81684817805962129,-0.34230418664218221,0.88566496483137702,0.42680446940228717,0.18285380764006146,-0.0032668428680505679,-0.38806829154017458,0.92162483084971536,-15.963394994151225,12.419588884629698,-8.0990554063648954,,0.1051313110534675,0.375,False,1
0.38371388303769194,0.89271694323585749,-0.23626280965010632,-0.88471133989763517,0.42870888951587882,0.18301511715317917,0.26466866270993716,0.13879894563608108,0.95429835568843202,8.5566823732296484,11.178481609992687,-1.538601473476422,,0.1677178204274382,0.5833333333333334,False,9
-0.94209773385917595,0.19003568337343832,-0.27629386330896571,-0.22108203666994972,-0.97148719982742715,0.085646679056045186,-0.25214002641244826,0.14177115227101927,0.95724936535078231,-15.467048904578363,9.899931967994192,-7.3302984097483437,,0.07032619114824355,0.1724137931034483,False,3
0.84070367379646715,0.48996278774156243,-0.23055107784098502,-0.42825088643661119,0.86217401223015855,0.27066058246668845,0.33138876132328343,-0.12881164257731861,0.93465985770501203,-20.775058041602943,4.9721332060613932,-7.9055300563640394,,0.1740908430501081,0.4259259259259259,True,4
-0.42173530138204118,0.87574320496468083,-0.2349748380707771,-0.90663354180187949,-0.40373158617629795,0.12254153256488051,0.012448150383818565,0.26471615984249891,0.96424602579956853,11.912141410760443,2.2332141000624071,1.1361051147631684,,0.1187181138252242,0.3846153846153846,False,5
-0.44483460282551651,0.8757305975597599,-0.18766485186813703,-0.8955469204318568,-0.4323872699038096,0.10505694708179147,0.010857690089574684,0.21479564549300084,0.97659865924706413,-11.493215935512215,19.650468799387369,-8.3426650712141139,,0.2046335148444454,0.2,False,1
0.830302630816663,-0.46905207967432178,-0.30097788591874769,0.53090445265464781,0.82996832768359952,0.17115208790299569,0.16952286987422605,-0.30189852864046829,0.93814672359622076,-3.460221516379633,-10.102962963655381,-0.24104218758561727,0.09044068884549619,0.1383613453317061,0.6521739130434783,True,5
-0.49607495443426008,0.86487937146860505,-0.076767912509834474,-0.86803982922310974,-0.49607382500521147,0.020435631309396213,-0.020408196033984333,0.076775210535495381,0.99683954204368797,5.8324124149576164,9.2199067570909818,-1.8447336498619078,0.9818063067979204,0.6523037398885694,0.3421052631578947,True,4
0.61779635277184042,-0.71745840767593971,-0.32184017735036735,0.78466145111090824,0.58919200769571278,0.19276717876240682,0.051323227123147686,-0.3716264405590638,0.92696262871545476,-7.5542241601581868,14.214429684967367,-6.2771452373049934,,0.07371387725436143,0.3928571428571428,False,5
0.725782300724782,0.67192038729609271,-0.14752303240684853,-0.64329348995055635,0.73888966087478569,0.20053816305027475,0.24374892357070382,-0.05064644299665913,0.96851504896408869,-3.8892704175263555,-4.4804274673713032,-1.5296708341314191,0.5971428959885569,0.2086585309360189,0.2406876790830945,True,5
-0.92620218922577369,0.24982824154647276,-0.28237449318091984,-0.2883941364803011,-0.95187013819817279,0.10378854488994646,-0.24285453818523878,0.17756432561859986,0.9536732058469749,-6.6589417988697912,1.6426920323090546,-3.449856186790845,,0.08491503170469765,0.2681388012618297,False,5
-0.91261830803038457,-0.23116390946959589,-0.33718106531430614,0.25059833472454013,-0.96798034900596464,-0.014646452525367948,-0.32299891405552028,-0.097863634190760232,0.94132587907797982,-10.946790622842762,12.054981687221916,-6.680994677491535,0.7446156133846334,0.4440715093954567,0.2093023255813954,True,2
0.63483207664624297,-0.66541319070720417,-0.39270029296382936,0.77159640415329289,0.57251243013181519,0.27725170232529167,0.040338859164921387,-0.47901440790170613,0.8768796801522154,22.834075136391352,-4.4447650299614399,5.6585586677548632,,0.5058129869687185,0.4166666666666667,False,5
-0.053593312380581515,-0.855749881959601,-0.51460654523063065,0.98259668487689067,-0.13698181735473935,0.12545810688487141,-0.17785249994593944,-0.49892696984661056,0.84819830642524774,3.066353174866896,0.80687758384842401,-0.85291306162589131,,0.3665082451348646,0.2982456140350877,False,1
0.9570142173661742,-0.016775171457140272,-0.28955548929625424,0.069249781653424228,0.98266893515374021,0.1719483399884035,0.28165272144959425,-0.18460866043173071,0.94158981886681437,-11.755441985917459,3.338099752263965,-5.1050957060977575,,0.07880949538154731,0.359375,False,5
-0.73535311841311812,0.64862825628251797,-0.19630888006404978,-0.66860783969374227,-0.74164907927391011,0.054038874083633601,-0.11054115948445731,0.17099131078525609,0.97905190040966195,4.8281086396014441,-9.4676189299477294,1.8998144039039628,,0.2157455141107531,0.2571428571428571,False,5
-0.49914433156952021,-0.76316611364833264,-0.41040518910086732,0.81753002678699538,-0.5717500797706514,0.068894858907683945,-0.2872274213296373,-0.30113008694110155,0.90929702472578977,1.9988716017080901,19.051326731136843,-4.8999579669881745,,0.2357652115710798,0.3846153846153846,False,1
-0.94459264095052486,-0.14147103229641617,-0.29619366921508983,0.13417652526404972,-0.98993873994292503,0.044921612040071543,-0.29956869450958573,0.0026903868121959107,0.95407094028097439,-2.1917298403784899,11.628773019153018,-4.2537572640129806,0.1863159042510957,0.2241932943408244,0.2875,True,4
0.16113207874412902,-0.90347704504106341,-0.39719728383192859,0.983150564788564,0.11174068407937301,0.14466854004032312,-0.086321608856187365,-0.41381547651742034,0.90625897581162618,15.003356449117714,-8.3220172873432539,4.2487642462715112,0.6436787407781162,0.5055270093887474,0.3125,True,5
-0.10688600509611232,0.98376185782646719,-0.14418040435652316,-0.99021867874769953,-0.092245761655274247,0.10467897456412809,0.089679151276943231,0.15395884691194267,0.9839991480096878,-8.8986380652845423,-11.063713159244466,-1.5984616692382936,,0.6851273101697946,0.4659685863874345,False,5
-0.90621825738522011,0.36816510103417938,-0.20790124665856796,-0.36221016747942247,-0.92965237712304083,-0.067455557843718733,-0.21811067043183108,0.014174487291297791,0.97582110007613887,-15.041679344549824,16.638838425918056,-8.65716961887248,,0.5341790713611294,0.25,False,1
-0.95204894215991942,0.1639185752963998,-0.25832830353055891,-0.14907944317429625,-0.98588787383748555,-0.076160487413379385,-0.26716686051046801,-0.033997071829795542,0.96305039730638187,3.6350688628815724,7.2525490059168565,-1.8719652883610287,,0.2014345437514952,0.2368421052631579,False,1
0.1640661454429202,0.95421479135581111,-0.25011283828961534,-0.96353276336914107,0.20935258043568422,0.16666166619575598,0.21139279513201925,0.21364837706546008,0.95376488567338558,-0.79790727485400859,-7.597776960662987,-0.060897954419789901,,0.08919316106854099,0.3113207547169811,True,6
-0.35815480201532252,-0.78811222010009174,-0.50060390162509716,0.87603198363013757,-0.46911740811084651,0.11178918133883817,-0.32294442470866619,-0.39850719684375357,0.85842816392131682,3.6905997605069256,-6.3439448244979078,0.88642106733363513,,0.4603059437978731,0.328,False,4
-0.83437494994239203,0.48154295606723613,-0.26820668218867888,-0.51975547231628227,-0.8493475117917767,0.091994854260421519,-0.18350120409934431,0.21616009269785658,0.95895887420626424,-7.4463616035357765,-15.038118556277874,-0.46124109499204224,,0.1236275047783744,0.5555555555555556,False,3
0.32653864678334243,0.92341071401408614,-0.20170564047864731,-0.91166906717195961,0.36402856259420185,0.19063766043835648,0.24946347251394221,0.12163822943300767,0.9607143784818104,8.5262515911025272,8.2719255084056353,-0.86100091126001199,0.1251864699027222,0.1861466141289813,0.423728813559322,True,5
0.016508238245355647,0.98662527960223623,-0.16216669115402102,-0.98398272096541128,0.044823017141463299,0.17253666849641422,0.17749783917428405,0.15672094558209232,0.97156217624211516,-8.3645170478287945,-7.9084897904136442,-2.0824226885389412,0.9309454910572249,0.331579992047866,0.3664596273291926,True,5
0.48519599702580418,0.86787073602049136,-0.10670159337791651,-0.82504186956203407,0.49480406067156013,0.27290081533868354,0.28963901315209417,-0.044377101101643252,0.95610664413447932,3.6839192971658568,9.7743621522183961,-2.5064364489797812,,0.3998501917034933,0.2916666666666667,False,5
0.43842745025932983,-0.83688788533690395,-0.32771945049909446,0.89858133797873152,0.40075542038386941,0.17873631995009062,-0.01824691468319628,-0.37284549133558492,0.92771401288073208,-9.4095230987122367,16.728690481582511,-7.2674408161004678,0.2966678872365447,0.3080637998396693,0.8857142857142857,True,5
0.03358272489895188,0.97080178508942361,-0.23752072468639462,-0.98548291050058301,0.071737998090456889,0.15387362587939821,0.16642005197589838,0.22890511942104386,0.95911772614376034,18.213710124777815,5.6213654372468929,2.237538643927556,0.2827190901601421,0.2815609405890614,0.6153846153846154,True,5
-0.81403861536428646,0.54360417457624244,-0.20453761042673435,-0.56347654546468562,-0.82454621295513408,0.05116371187210246,-0.14083790472376534,0.15690138331012143,0.97752065988826631,-26.619635140020456,10.384226253119934,-10.614040722475254,,0.7210689037011726,0.5068493150684932,False,4
0.29370077023374391,0.9245532276583881,-0.24277806076860403,-0.92283635825583643,0.34046352942674979,0.18016004277138556,0.24922462447601842,0.17113127813681245,0.95320573445508106,-6.7148491983790004,18.217712671374549,-6.9348014896430179,0.1142249375416954,0.1364703564460793,0.3928571428571428,True,5
0.47569099164030088,-0.78584464659799491,-0.39517878471084439,0.87954482980455739,0.43052006861751835,0.20261629470908685,0.010907466999242804,-0.44396020309352041,0.89598011430657387,-18.787086424717138,10.181413850857789,-8.3318905874193021,0.771736400453615,0.4420344601150292,0.7883211678832117,True,6
0.87294276710725982,0.40385921474604125,-0.27362138077977549,-0.36015813192145874,0.91187781746978935,0.19688820690274567,0.32902438415103086,-0.073325170789055399,0.94147032558800847,4.383656635957875,-10.828353008002297,1.990780289152096,,0.08016364390994495,0.1290322580645161,False,5
0.53268323853820265,0.81771317280206191,-0.21815988266965372,-0.79134078621465698,0.57263939483983606,0.21415854769453926,0.30004720870826368,0.058560144325735836,0.95212519242110605,10.610915934194617,-12.373419247542717,4.0875768327505364,0.7407700982766083,0.7830041576881894,0.7159090909090909,True,2
0.85998729717362887,-0.37375779167022183,-0.34745785624417119,0.47546911834309391,0.83413307129902781,0.27955524832721612,0.18534013651132591,-0.40561944298942287,0.89505413314889137,-7.9739701023661711,23.959455151003901,-8.2715512076981881,,0.434671006806701,0.1111111111111111,False,1
-0.9571248922719815,0.055465006461927729,-0.28431597501991801,-0.033065010951190056,-0.99600154148827891,-0.082991773108966521,-0.28778228862135696,-0.070032581068748587,0.95513181914576784,-10.368449821845932,18.602605485185983,-7.8919919357398554,,0.4547813702659383,0.3181818181818182,False,1
0.90364597153595316,-0.21472294319303661,-0.37056445565294116,0.33821223509977927,0.88859456378037216,0.30985833093331361,0.26274786803255368,-0.40533166528965797,0.87559682443340214,4.006308984214705,-2.8903331589302796,0.10049690469591836,0.3525059201139858,0.2493349095116896,0.4931506849315068,True,5
0.22649936603144039,-0.91109859753451461,-0.34437970723896594,0.97059993182658688,0.18156151529862849,0.15802274678251421,-0.081448201487695659,-0.37004697233338663,0.92543580476514609,14.79693770291142,1.2784338436620124,2.1649814852030924,,0.1383517904117568,0.5757575757575758,False,5
-0.95936410532308325,0.06738389886327599,-0.27400715974518575,-0.042859721263179149,-0.9945989823141772,-0.094529935326568365,-0.27889703783095754,-0.078944756340028191,0.95707061794599624,-14.40728305275058,11.728402468262029,-7.5380094163602172,,0.1868488185791636,0.2592592592592592,False,4
-0.35676590445351358,-0.84989812665760089,-0.38780312495306923,0.89748053465989497,-0.42705005931263623,0.11025849966175733,-0.25931983982343926,-0.30870928257014457,0.91512392577670665,-9.535020510107497,6.9605204973136505,-5.2663782744483241,,0.07052285044146059,0.2368421052631579,False,5
-0.76389211969901771,-0.44588182867375326,-0.46653855609187489,0.55720509653097938,-0.82040931570037279,-0.12826158860683068,-0.3255630658745608,-0.3579356779794321,0.8751518385787469,-13.90397162703314,15.81689134883336,-8.1659185568153507,,0.2516848429877906,0.4444444444444444,False,1
0.81163268458307425,0.51429173849505871,-0.27704944149411692,-0.48196717026998714,0.8575245929801496,0.17988668437705424,0.33009094519300747,-0.012473177219896714,0.94386672139218275,-8.5834113795183509,8.9002491406479951,-5.368796199394219,0.4039099589364732,0.4036581423329421,0.973741794310722,True,5
-0.94111486092181862,0.21592518744953249,-0.26015213237063822,-0.22636662675339622,-0.97398568443823874,0.010489842785481679,-0.25111943143531207,0.0687619075815947,0.96551065826398097,-12.738045216514948,-15.646531180489415,-1.8911435199058788,,0.2092893586686918,0.4,True,1
0.92999407861805672,-0.21107795879544772,-0.30092708260656659,0.27916350137270107,0.93817715998795548,0.20467377941071968,0.23912079214632512,-0.27435326093866874,0.93142446552344405,-5.7921547148345098,3.2027967774637314,-3.50346608285717,,0.07719267785650548,0.4025423728813559,False,5
-0.26543077233068557,-0.85824484954723379,-0.43927472420523161,0.93447369836447758,-0.34114683946006508,0.10187119804647674,-0.23728761485790137,-0.38345092535037023,0.89255810773472566,0.06238254884692862,-15.932195185690988,1.7572216091338173,,0.1753253350338475,0.5,False,3
0.16795646627245769,0.96754867429560909,-0.18878609139997019,-0.96323104459519848,0.20181347449689915,0.17736199209394254,0.20970593736303952,0.15205553058109572,0.96586879826112537,-3.8491910634436759,-11.904621796544403,-0.07375161127838982,,0.7398030362055805,0.6432748538011696,False,1
0.0010473202851867384,0.96560697386761429,-0.26000399062023555,-0.98664457930395855,0.043348474491939341,0.15701396081028934,0.16288455190819545,0.25636708403663866,0.95275628624124897,8.9301095470371905,-2.84726173690995,1.4087271593387187,0.5500112904084148,0.5337690166097631,0.9045454545454545,True,5
0.19815207394681383,-0.79848509247528909,-0.56846927154007654,0.97571558254551971,0.10545107743035634,0.19198742731396207,-0.093353401482930892,-0.59270703333392771,0.79998969685119148,12.25872567010313,-14.681412685684586,5.0306528249210745,,0.614749622889385,0.2894736842105263,False,2
