axis_00,axis_01,axis_02,axis_10,axis_11,axis_12,axis_20,axis_21,axis_22,location_x,location_y,location_z,dbh,dbh_approximation,score,reconstructed,number_clusters
0.80318864835738057,-0.59492602593357757,-0.030838592975766972,0.5929264585513998,0.80335559416849445,-0.055299223031444099,0.057673303178679199,0.026130690482009326,0.99799347548738737,-0.18029247901665996,-18.809812987222859,-6.5263240872474224,,0.073018885348366,0.2222222222222222,False,3
0.73007018844894134,-0.67625760912703414,-0.098352254859323793,0.6797738277758405,0.73341524975858796,0.0031007245167194442,0.070036155013732976,-0.069121035288357127,0.99514683312140262,4.5139234127815513,10.223606803655372,-3.9491096635220653,,0.2627225039885949,0.5194805194805194,False,5
0.90657188251595622,-0.42194109313109185,-0.0096506869607298623,0.42133057006944136,0.90612268974096688,-0.037712356881460074,0.024657099513817754,0.030122832933412808,0.9992420339335365,-11.134936372707786,-12.818973107797893,-5.6629322417294627,,0.08795454895158202,0.3877551020408163,False,5
-0.064239944720633449,0.99445347979117771,0.083279685599241038,-0.99027858658950185,-0.053207487265691716,-0.1285195869942421,-0.12337564769673658,-0.09072618051086323,0.9882040324372906,-3.3093776048942476,11.297723403543243,-3.8913456181716684,,0.07115949024188972,0.2972972972972973,False,5
-0.38463329139173902,-0.90718385486898845,-0.17051300424953536,0.91493085028652243,-0.35020522751640087,-0.20064355911458903,0.12230605196449293,-0.23318180050173384,0.96471108502371339,-15.518853016029693,7.5489196845221116,-4.0910094686995482,,0.3717667305760551,0.4117647058823529,False,1
0.92818082108253641,-0.36472886164671264,-0.073845926471560769,0.37114888208283797,0.92172131697244231,0.11259805134747029,0.02699760550881616,-0.13191918480827977,0.99089275806028099,-15.952010944600881,8.2241779179861361,-4.0871747451621347,,0.3174911986399704,0.4444444444444444,False,3
0.99980060721705044,0.0079979659662203096,0.018296949167040787,-0.0063857292174213272,0.99622826330314418,-0.086535945469867648,-0.018920049439149676,0.086401851463989557,0.996080695422221,-7.0998282733974101,11.74621644435932,-3.8771981761252867,,0.2508851864878044,0.7411764705882353,True,5
0.74197075162499504,-0.66993403832613829,-0.025841594863191417,0.66699432600545694,0.74151589144299845,-0.072613716431694814,0.067808353538242508,0.036641056610428407,0.99702530567729564,-8.9118320823826398,21.872503092411179,-3.5016646687194402,,0.5271374927621053,0.3333333333333333,False,3
-0.96019830731521927,-0.2790622137742016,0.011978792611524462,0.26787111180554174,-0.932148742282083,-0.24360580806293219,0.079147192553185516,-0.23070111205924648,0.96980034997187747,-9.6152925715269806,2.0854897879107579,-4.4824158685617705,0.4835320731682093,0.2185365609675514,0.2394366197183098,True,4
-0.96155051343891385,0.27298369786822008,0.030008512184924424,-0.27422769020269877,-0.94850058339797094,-0.15857432711444983,-0.014825114888361343,-0.16070639063802092,0.98689091189282196,-16.356869384413979,-14.750706035429026,-5.7089783130400038,1.06493365028003,0.9526233593679161,0.7565217391304347,True,1
-0.23267189378391839,0.96688874344189479,0.10483295115735008,-0.96423046783809008,-0.2152628865232582,-0.15466575114876971,-0.12697793011284778,-0.1370694987625958,0.98238920890512005,-4.6887145989208063,-14.785823027985197,-6.0175704899382936,,0.6416527228152998,0.3951612903225806,False,5
-0.59077027312267727,0.78492127988211691,0.18678615789928496,-0.80585234120194627,-0.56256800438099763,-0.18471395352307229,-0.039905996716021075,-0.25964557541965017,0.96487910465047333,-10.45877908449182,-6.8674608119120446,-5.1404979079951527,,0.6395710721885854,0.5646067415730337,True,5
-0.76623026832203067,0.64147368531221205,0.037452462657607599,-0.63983409651356726,-0.75630636302428111,-0.13642952095368893,-0.059190411772664556,-0.12849979105412956,0.98994156335272077,-10.143385509724421,-4.2870323182495973,-4.9605841297438058,,0.06745803160765382,0.1205673758865248,False,5
0.95550685377720768,-0.28716447019556551,-0.067403408237886001,0.29445058962904669,0.94213159103987276,0.16027138057615187,0.017478634154007116,-0.17298737590350113,0.98476893996822024,-15.021990638750021,8.9384613573009677,-4.0522398619962852,,0.08265917704934335,0.5,False,1
0.50205990243089116,0.86445585070788311,0.025533048153229342,-0.85682532147804213,0.50120278311406408,-0.12102123232213113,-0.11741474713652814,0.038882545899510276,0.99232148257469388,0.77872596428538776,6.3174960230465214,-4.2618041746884554,,0.07012040346628906,0.3188405797101449,False,1
0.99850241239787874,0.048571826167819666,0.025173600027411362,-0.051041020647634314,0.99271981211135629,0.10909715327560678,-0.019691283525071521,-0.1102186569702089,0.99371228281068291,-7.9487337410283576,10.689542552953641,-3.9459710714560541,,0.2053730811209021,0.3333333333333333,True,5
0.60563795488870475,-0.79560968668251197,-0.014418531658421257,0.79539077373822664,0.60580954034496992,-0.018663276216250815,0.023583567379318035,-0.00016517861282761351,0.99972185535062363,-6.9691639851732905,-14.210225770493947,-5.8978870745927692,,0.5444734602483052,0.79,True,5
-0.78786709002580757,0.60961039070836409,0.087410640054074507,-0.60678650601826578,-0.74416358177747755,-0.279339756694715,-0.10524060323094263,-0.27312219810281413,0.9562053546885606,-30.787855143831642,-15.061383281244927,-5.2872174011178181,,0.2959167145060565,0.6,False,2
0.72010748112788237,0.67957143800158959,0.14009952275474766,-0.6865421563449986,0.72708732369979145,0.0019726318039707813,-0.10052404281969547,-0.097604735374499776,0.99013546166555289,-1.5611724752639626,-13.461716736819819,-5.9489589466509045,,0.121743898930942,0.4333333333333333,False,1
-0.29893142914089421,0.93517894043738103,0.18994828252501006,-0.94929407230680729,-0.27111064403913065,-0.15918474478368586,-0.097369219751119965,-0.2279021019014664,0.96880331698129163,-8.2313391474215898,-7.319832119086203,-5.2386619282008393,,0.1402191590771681,0.1566265060240964,False,5
0.84627448329584909,0.53162239115411991,0.034599597482058965,-0.52623879483349012,0.84429176393393646,-0.101213379379997,-0.083019453952314817,0.067446649856751112,0.9942629027015748,-20.532254022316174,-19.52743154095808,-6.1098411915062982,,0.8982569289560287,0.4782608695652174,False,1
0.97844869041117699,-0.20648476656020728,0.0014837153469949398,0.20639969699462582,0.97778248781601318,-0.036613817075747929,0.0061094445885684114,0.036130979766766005,0.99932838796259249,-4.8290244208397715,-18.111101380715866,-6.3414613402354139,,0.1665577297523533,0.4444444444444444,False,2
-0.46513300815006858,-0.87783527288580909,-0.11426512331751211,0.87717701192098785,-0.43965777740874723,-0.19303245458048862,0.1192131472893669,-0.19001650570805256,0.97451626619152243,3.938842940337183,0.34762547816127221,-4.7663751603343592,,0.3699842807706433,0.3478260869565217,False,1
0.8635445486788258,0.50258885975102829,0.041173419839060268,-0.49771905778892428,0.86259681908491848,-0.090567473290829967,-0.081034264115791232,0.057716252119666522,0.99503883455896869,-5.1776373472586448,13.410502797853809,-3.761247141479958,,0.2275624392221887,0.4358974358974359,True,5
0.32536923548620728,-0.92838699298446847,-0.17953398524061667,0.93969114477307181,0.33862829527788624,-0.048077334288279074,0.10542965917707969,-0.15306361061483456,0.98257626577856805,-0.359687390747358,20.931626167892702,-3.2351794956631497,,0.258432061354642,0.2777777777777778,True,6
-0.79274564331646369,0.60735291104475153,0.051737669528429064,-0.60649780226617056,-0.77743946702665656,-0.16657818271194352,-0.060948837963260172,-0.16343291147983266,0.98466995617625797,-3.9250728952012945,0.76574069135781919,-4.646056275662664,,0.1225735967867804,0.5071315372424723,False,5
0.99011048714646166,0.1374217349998689,0.028222154280354902,-0.13819159602936498,0.99002584431872653,0.027420984078835878,-0.024172422912384313,-0.031049868447720542,0.9992254998947564,-7.074761641819272,-5.9070559153168389,-5.1386197198860817,,0.3134547273237444,0.2,True,5
-0.39306562986871002,0.91810197419309858,0.050874115212462476,-0.91408414646327918,-0.38414566542041678,-0.12993183183194804,-0.09974760047447076,-0.097574959500078148,0.99021691738635986,6.3586561823571595,-14.882722931577336,-6.2376245688155878,,0.09517333149826954,0.25,False,5
0.75417536463669843,-0.65569389078542817,-0.035847467996633881,0.65377402122535944,0.75485013056009886,-0.052733381877374447,0.061636422234957494,0.016334074202988456,0.99796500413291289,14.126421235303406,9.9614137391888882,-3.9504417707478794,,0.1610653085815692,0.45,False,3
0.75423749314912325,0.63657126319669122,0.16094356402260065,-0.64318044109474515,0.76558808317374749,-0.013921461687549722,-0.13207847713120191,-0.093015664135227494,0.98686542248889564,-6.8531489136309238,-9.5809637504750143,-5.4861843295588484,,0.3116822252194988,0.1753246753246753,True,4
-0.62175985178583026,0.7299630741043901,0.28384608003516898,-0.77859943190034964,-0.53682337805276803,-0.32496705282300326,-0.084838737329807387,-0.42305386326103217,0.90212405877916846,-5.5614124770649376,-0.45714645896918377,-4.7152170886904221,,0.6021589422417657,0.3645320197044335,False,1
0.90384261705000413,0.42166695718454517,0.07256377073255528,-0.42158465610149348,0.90662592901526218,-0.017198912087645374,-0.073040408980135335,-0.015046662618001581,0.99721547150055534,15.151964246182086,13.877287673092066,-3.5716388935836481,,0.8972102683046659,0.7790697674418605,True,4
0.74956038362016919,-0.66108044523430487,-0.033643368380702102,0.65870955115205809,0.74995492233906558,-0.060575091254259111,0.065276018017648235,0.023243480553073598,0.99759650264199484,2.8288397286606775,10.88244203417473,-3.8943951227779618,,0.1000218049486593,0.1739130434782609,False,5
0.69311123611336878,0.67243303093317086,0.25967409051237128,-0.71338519898105102,0.69153967158976093,0.11337742496763518,-0.10333620976290994,-0.26383081989705987,0.95901768817070365,-16.303338286289659,6.1777183949889851,-4.1520820937701926,,0.3573154969114782,0.1666666666666667,False,1
0.9191717824864547,0.38004707390467668,0.10338015233674484,-0.38803988687078295,0.91878863270887368,0.072474096077632014,-0.067440940666522411,-0.10673176669320625,0.99199800881885003,-9.3409399927659997,-8.9464565741793276,-5.3529126905494184,,0.1019118038472741,0.3362068965517241,False,5
-0.80122306355090833,-0.59467195259725869,-0.066384269433815202,0.59246223489622296,-0.77287502880295744,-0.22727228180004933,0.083845707438546496,-0.22142596651475191,0.97156597238537434,12.295037916567827,-5.6405115229832141,-5.3984637002469817,,0.1326634961027389,0.4666666666666667,False,6
-0.95173986913493114,0.30254466939760338,0.051555256939726138,-0.30146079161850164,-0.89006696699499732,-0.34190961580668522,-0.057555300501105217,-0.34095090157297392,0.93831757422570206,-11.263665189000113,4.0470002601043449,-4.3356814578896792,0.6484813696079909,0.787782980271809,0.3333333333333333,True,4
0.72109075587002291,0.69183766209840603,0.037266219301274564,-0.6850075398942016,0.7199714476748863,-0.11138125884107339,-0.10388836357789408,0.054788354922740395,0.99307877032890335,-12.041345141041219,-7.2005130306939638,-5.1210410078519351,,0.08837340712934998,0.4180790960451977,False,5
0.99312735599548208,0.10723284357154465,0.046895330609596553,-0.10535543067556817,0.99359603897401982,-0.040830681629173443,-0.050973404836132961,0.035609389136827124,0.99806496953089829,27.537837002166455,10.273785018977851,-3.9056806202716157,,0.2252560136312066,0.4285714285714285,True,5
0.96382404137110833,-0.26650371328921441,0.0043575311959579942,0.26649177033276505,0.96321441143544761,-0.034642949469879031,0.0050352378267871055,0.034550953765765037,0.99939025309130514,-0.045300380236892729,17.880796337080341,-3.3819363813948096,,0.1247766727306729,0.391304347826087,True,5
0.14045975947522873,0.97734649797411921,0.15831891506035001,-0.98241542875332233,0.1574445991407423,-0.10035498766298216,-0.12300805386472558,-0.14143910738949259,0.98227490937378459,0.54462565069426849,9.952270326219768,-3.9845461934046336,,0.09604267439059477,0.2222222222222222,False,5
-0.92679200641988047,0.36686007752073901,0.08043792860143642,-0.3753302468391625,-0.89696588058803006,-0.23362237664357599,-0.013556645745377027,-0.24671013879128889,0.96899449161164852,-5.0831362398491544,-21.491936150679091,-6.6955523645554145,,0.3826458233497246,0.6511627906976745,False,3
0.3691270882168588,-0.92718510847193558,-0.063819803920331042,0.92156804919706381,0.37404495215048322,-0.1039360595263355,0.1202394421297043,-0.020448677185308271,0.99253429570857121,-18.863522370038424,-12.227777634247001,-5.3642781004816262,,0.1354224028155698,0.4745762711864407,True,5
-0.5024150440517331,0.84903242134389201,0.16347192730687643,-0.85862845700843204,-0.46769962993984815,-0.20979568386754263,-0.10166757755457749,-0.24576615645987254,0.96398272806784602,-12.174061122187151,-10.769035111033309,-5.4482296770357008,,0.3222985122167238,0.1904761904761905,False,3
-0.78883638591727867,-0.61441889446061926,-0.015052520810754366,0.60757749914635717,-0.77589238541485528,-0.16982517123885282,0.092664657685798291,-0.14310984726788617,0.9853592404960424,8.2430884225306276,7.765734308222159,-4.1801688482888366,,0.09258039250350772,0.45,False,5
-0.99860615394357521,-0.037779308364539764,0.036857470959321771,0.02785773415088318,-0.97039810975410723,-0.23989884375218234,0.044829632543653006,-0.23853769606741884,0.97009797010448795,14.794099549996323,10.663882945064437,-3.8652434871872905,,0.1667967897098528,0.15625,False,4
-0.39647812914188141,0.90759800745342611,0.13809761032951795,-0.90861300212813989,-0.36643347976114188,-0.20037194732254487,-0.13125359223976119,-0.20492037911518346,0.96993821078842279,20.59719311205178,16.332202198950956,-3.2515689005065354,,0.6279789011743612,0.2777777777777778,False,4
0.99965584330478474,0.012422400190206365,0.023105820048535661,-0.010626901119368178,0.99703060731491244,-0.076269502750819937,-0.023984660080979305,0.075997710825869744,0.99681948417455635,-18.643429382482097,6.0162681870177597,-4.1793370799359728,0.5453262242919223,0.6145138624622273,0.9663865546218487,True,5
0.42858912354912843,-0.90331155296887911,-0.018428278496469611,0.89752030282092998,0.42800688719766083,-0.10614805949991173,0.10377219858718371,0.028954149690888043,0.99417955521930801,-8.6588364476825479,-12.685149746166866,-5.726538943565485,,0.4085627019632478,0.9059561128526645,True,5
-0.06957516876005844,0.9862194699955823,0.15010147532133911,-0.98801647306032969,-0.047342628001233726,-0.14690855841428643,-0.13777788230857807,-0.15852391799211243,0.97769495374119297,-10.183396039641693,-0.57911663723317275,-4.6502256735056564,,0.3523307278246506,0.2866141732283465,True,2
-0.10355928499014996,0.97957267849190477,0.17237413391957884,-0.98718049326263801,-0.080067197810659435,-0.13807214620076058,-0.12145018820102488,-0.18446303528605598,0.97530674169667841,-6.6966371231988919,-11.862085811520119,-5.675479351392644,,0.07343501969958205,0.2647058823529412,False,1
-0.60982045422445907,0.77346848994067574,0.17281640164742934,-0.78764045530368154,-0.56725937362838053,-0.24049805861949669,-0.087985946482854738,-0.2827778246249672,0.95514144246906585,1.1615757862548137,7.9773948250014275,-4.1386673707196122,,0.09917546127829825,0.3333333333333333,False,5
0.10413380337064702,0.98372387091982183,0.14643598184219242,-0.98265087756828429,0.12448528590069316,-0.1374796945316118,-0.15347118234328574,-0.12957916258699209,0.97962025132875308,0.45425489624276644,-8.7157874697757478,-5.5284318350271127,,0.2434053981813635,0.2258064516129032,True,5
0.4393821039805183,-0.8771907849421946,-0.19359672908949158,0.89205279050279951,0.45144618946549214,-0.020932199436654114,0.10576003809483933,-0.16350126858707853,0.98085786407236097,-12.015814878129103,-15.235551107062106,-5.8905999377027074,,0.4809134216759819,0.4464285714285715,False,2
0.81765660940742113,0.55814555703549884,0.14110707372025416,-0.56853368287093153,0.82140889804413797,0.045352768990775713,-0.09059315941932812,-0.11730711562155186,0.9889549636312952,9.4634086708158698,17.34350085707031,-3.3276164571267479,,0.505233234593736,0.6153846153846154,False,4
0.50865269385511636,-0.85521590053387886,-0.099389136770374822,0.86066622361802247,0.50814817091589337,0.032234886659090398,0.022936620436013976,-0.10193723494807429,0.99452637550449885,-6.3182813616051599,-26.028145684646613,-7.1711910283300746,,0.6171004146301713,0.3333333333333333,False,4
0.62989063282981073,-0.76780296830118067,-0.11711700363805819,0.77218569242970159,0.63528720840488428,-0.011807592641664727,0.083468838976727966,-0.082998582548290928,0.99304792845806378,-2.7152654955518396,-6.8597349407420767,-5.3139409093752867,,0.07789572221606743,0.2978723404255319,False,5
0.56093356294105845,0.8265369442573175,0.046799762221881258,-0.8208151672979489,0.56262990805667634,-0.098539574252048234,-0.1077775445066764,0.016860199818238709,0.99403205912193771,-22.352358335040975,-16.394512000096253,-5.6860429659138889,,0.2045333923132593,0.3928571428571428,True,2
0.99534715914303451,-0.09620732073680055,0.0053088814770339103,0.096327874875015387,0.99484419146165781,-0.031717112684860022,-0.002230091467668005,0.032080931277740914,0.99948278651530498,-8.7737561242457822,9.525539631634059,-4.0091874033568526,,0.140147211214086,0.2,True,5
-0.36583770027430607,-0.92833398324788396,-0.066021152709752728,0.91965993394467749,-0.3497119680874996,-0.17868168701139661,0.14278789498720851,-0.12608550639738531,0.98168939187588056,10.602670629266461,9.2454286067441558,-4.057652414342912,,0.2699855519208974,0.2857142857142857,True,6
-0.37644432405120914,0.89680996831224336,0.23242536786121351,-0.92250736859065652,-0.33976901730919351,-0.18313156410812076,-0.085263273368843054,-0.28335295236248564,0.95521792204810085,-6.0615848638524197,-11.434165175295258,-5.6483286133211168,,0.3684788620586871,0.2641509433962264,False,5
0.8845754031295453,0.46155742065655453,0.067015696781212525,-0.46017035089896119,0.88710997641597311,-0.035765037351853199,-0.075957911580888104,0.00079823562990982873,0.99711070523194645,9.6953246306067431,-1.7234308053463288,-4.9959206911472185,,0.08561558963467844,0.3333333333333333,False,5
0.3048434824929831,0.94739641203711811,0.097521739323833359,-0.9441632973454307,0.31405742503423523,-0.099617276245990719,-0.12500447642926507,-0.061708769555558707,0.99023527943241063,-0.26616333492329491,8.873584662053057,-4.0485835085628912,,0.092364999000753,0.2325581395348837,False,5
-0.33177592282976459,-0.93387327631024186,-0.13343702943348612,0.93520336857873099,-0.30704235586350986,-0.17640762768310264,0.12377154935385025,-0.18331856288810644,0.97523069479543512,4.0780008579150895,-7.7821791059543655,-5.510334767272786,,0.819620353130947,0.4117647058823529,False,1
0.75484414363603614,-0.65570403195254401,-0.016203126227934576,0.65494704716741747,0.75484667430421248,-0.035367551492191091,0.035421522060206628,0.016084799440759679,0.99924301098476065,-7.895472516044741,-15.395683453902647,-5.9855346656774362,,0.6421124886692108,0.425,False,4
0.080158100428929679,0.98120957745451942,0.17550625073526049,-0.98468624658719661,0.10529498904254128,-0.13894589257890586,-0.1548149692944561,-0.16168095247756792,0.97462382224543531,-13.469442022205845,-13.195852043254993,-5.6400771543086616,,0.3926244724525555,0.452991452991453,False,4
0.49724730704393932,-0.86451905104927773,-0.073156858943005346,0.86207780205230344,0.50182371184572527,-0.070674078968516213,0.097810934185396464,-0.027924408717731126,0.99481317268698488,-24.681440730878954,-7.606518860262975,-4.65018335587233,,0.4962107691749709,0.3636363636363636,False,1
0.91666039794016752,0.39523364602400785,0.059363961279078642,-0.3986181618221723,0.91486708685493667,0.064201047149362783,-0.028935720376158054,-0.082514110551659275,0.99616973736717263,-4.4737900622594768,-7.3109319551183543,-5.3188374529207181,,0.3716816890853911,0.154639175257732,True,7
-0.83071451980756106,0.54929541719132668,0.090487188228496676,-0.55421573720767026,-0.80067709504253126,-0.22751067250925161,-0.052519550762089182,-0.23914584279652365,0.96956225311265531,-11.060472340823409,-20.181247747377142,-6.4264688460172028,,0.1952560986347714,0.2631578947368421,False,1
0.99817830206605618,0.050122801486055878,0.033582466492424315,-0.053940047735926359,0.9907455108337786,0.12455442189244531,-0.027028661357369695,-0.12613896120511187,0.99164429808844468,-7.568224481520673,-18.961411375288044,-6.3748376752025431,,0.213026647753136,0.1666666666666667,False,3
0.9799226518647427,0.18713847952680621,0.068780708361909693,-0.19441690444969278,0.97335808621889763,0.12155699591749047,-0.044200267268083147,-0.1324885861977585,0.99019852095463656,-5.2082221373867625,7.4022818520147151,-4.1448728235913057,,0.137251388813582,0.1818181818181818,False,1
0.98175228275723148,-0.18928424251198678,0.018273774586249229,0.19008995346310217,0.97951350054459407,-0.066476400649188944,-0.0053164737713347586,0.068737019047520845,0.99762064800158357,5.1040759509461573,7.7535450027960939,-4.1668581848599269,,0.1483081775454883,0.2083333333333333,True,5
0.35178817309296317,-0.91594206045985072,-0.19311971197285627,0.93119016432864532,0.36348117514815037,-0.027682362083296538,0.095550819617136379,-0.1700928487429238,0.98078461635417735,-9.9701981366661503,9.6331082848315948,-3.9943135827527079,,0.2081377718945245,0.5925925925925926,False,5
0.96798731958583417,-0.25005795476768145,0.021715625214041634,0.25076685603625959,0.96718638383417543,-0.040822577570035455,-0.01079504676795907,0.044961296502390356,0.99893040237150754,5.5651838622292509,-5.2816555311333344,-5.3077390092752159,,0.1460758738180194,0.2678571428571428,False,3
0.90681520676025162,-0.42152759063205381,0.00081922176323989682,0.42032412899607557,0.90407603345009235,-0.07729264081940565,0.031840341895966885,0.070434480739783673,0.997008112580266,0.5039014113009268,-20.236233171925321,-6.6947325645671976,,0.08934776994830373,0.3333333333333333,False,4
-0.59336539170294522,0.79637053195215635,0.11709606213469062,-0.80089228827125747,-0.56954777370221832,-0.18489693361025997,-0.080554667877415553,-0.20349277458693094,0.97575695548331731,-1.0461591977625031,7.3244327188794607,-4.1760266496741432,0.8276038644772049,0.7730839711714041,0.6731707317073171,True,5
0.30109346642347534,-0.91964008247022666,-0.25220000632682571,0.93015409496707269,0.34151383723041345,-0.13483938073183727,0.21013349112666982,-0.19398561208067477,0.95823457368882514,-11.763307997687473,-17.480737307775723,-6.1219103100628827,,0.4703545731124745,0.3684210526315789,False,4
0.2405766030476543,0.95144258565567086,0.1920414128955083,-0.96223445898161097,0.25974773737821344,-0.081461394999505859,-0.12738816277197129,-0.16519115935106932,0.97800006996821398,-16.407070335739718,9.752276166237408,-4.0391962226354181,,0.3241013426568805,0.3636363636363636,False,3
0.74219000959893389,-0.66791104286967007,-0.055216197481211399,0.66699392433205018,0.74417592432674462,-0.036349670652793958,0.065368911232065202,-0.0098505058339714013,0.99781254400771568,0.4891702140028415,5.3053567519565465,-4.3419016936684942,,0.09669047236701299,0.1363636363636364,False,3
0.47155797878137368,-0.84805489586516714,-0.24173532271214765,0.87613629641088808,0.48167791868895082,0.019276222630306927,0.10009127214217044,-0.2208829469347991,0.97015074137700918,-8.4663996469524072,3.1339280404670311,-4.4140797818646753,,0.1817600125017224,0.425,False,1
0.99894355706997007,-0.045951019924571124,0.00052302608772100689,0.045610087474054706,0.99279330638456376,0.11082044359510619,-0.0056115692106424968,-0.1106795128553551,0.99384030695333359,5.8270767654475204,10.941337392948087,-3.9001831827677167,,0.3426422528329876,0.1666666666666667,False,5
-0.99061963665813457,0.13400689018092013,0.026737405471443151,-0.13664153557848024,-0.96948901695595591,-0.20351937685765772,-0.001351377837791233,-0.20526373129662531,0.97870576497337847,9.2841723535091738,-3.7181789064626924,-5.1757624617342568,,0.08427720209308387,0.1388888888888889,False,5
-0.54668602766716312,-0.81512990890155967,-0.19156622553997582,0.82355336853165584,-0.48208501116076191,-0.2989212123525043,0.15130841461617631,-0.32118106050678513,0.9348521220161381,1.0939044360210683,16.175019735551594,-3.5169818001833302,,0.2776278237133894,0.3529411764705883,False,4
-0.0054123134814256565,0.99788200770109947,0.064824421086523337,-0.99023491000487074,0.0036822812214057461,-0.13936019450565151,-0.13930373243537056,-0.064945665840228289,0.98811767043108045,-15.264905765755346,-18.526597060193982,-6.1381934702419487,,0.2284070604437387,0.6326530612244898,True,5
0.20701377320537021,0.95480189555740225,0.21330409734289862,-0.96465861417000798,0.23554084534634287,-0.11812818580309931,-0.16303084312754107,-0.18131147347458029,0.96981807251442842,-7.2674711499100919,-1.056174898550245,-4.7498701779208101,,0.2476148682604968,0.7119184193753983,True,4
0.27703306699123542,0.93791567967648148,0.20872675346115568,-0.95271420830495324,0.29635160826230283,-0.067166670114078231,-0.12485318212723427,-0.1802495550545164,0.97566478916447175,1.9129119224280817,10.122494012515105,-3.9619198366799639,,0.1249874141603858,0.8,False,1
0.79111570272755005,0.60937239814566568,0.052926602725816743,-0.60474757258491429,0.79221119935522089,-0.081742211059020548,-0.091740494605981035,0.032660312220856913,0.99524719826537944,-11.22329365805227,-0.36834350322256293,-4.6092430466031979,,0.1385414146993905,0.7381615598885793,True,2
0.89000266038180575,-0.45440572222666359,-0.037559341327730887,0.45303567612178453,0.89060543924455082,-0.039757109413266378,0.051516411697499563,0.018368211553800144,0.99850321388072105,-3.8961305505247528,14.414296812553305,-3.6893907136998103,,0.2256971620427607,0.475,False,5
-0.15536120536161252,-0.98564629790454605,-0.066062631613130418,0.98121692922870607,-0.1462301431794045,-0.12581765782560758,0.11435136056723456,-0.084368955503764276,0.98985132504009332,-14.180642071283836,-8.4873441251437711,-5.1678943102485242,,0.1115553421123922,0.578125,True,5
0.89628618406881433,0.44053397292239094,0.050998970073703499,-0.43744001174945418,0.89713053897446515,-0.061668729190928306,-0.072919903784918874,0.032963839894659272,0.99679289368022606,-5.0490213480065291,15.314511245362155,-3.6408220292253031,,0.08301788364303483,0.2666666666666667,False,1
0.92586383895490154,-0.377734025550162,0.0096518214530897893,0.37676945689578295,0.92096013042501201,-0.09938417639645554,0.02865184228194401,0.095652726616729092,0.9950023255373005,-12.319722279212053,1.1475332970451753,-4.4808846801246123,,0.07701530953958123,0.382716049382716,False,2
0.96205882357930417,-0.27154021417041474,-0.026622022114967395,0.27223458703021725,0.96184401558456889,0.027284048611561806,0.018197516250621926,-0.03349629490609711,0.99927316016686429,2.7475694099028591,12.941488364832797,-3.7342948714529927,,0.2375709595142944,0.3333333333333333,False,5
0.86180746377007145,-0.5065748322036675,-0.025881166280180223,0.50519782132260538,0.86179625163351781,-0.045633123948628729,0.045420884195368869,0.026251857996037943,0.99862294347299374,7.6903050217161733,-4.2497834265410992,-5.2326388160656165,,0.0851103723693688,0.2727272727272727,True,5
-0.39476620043564131,0.90441872254119016,0.16182219041456636,-0.91390410119755128,-0.36840797749087295,-0.17045485013744754,-0.09454597192848703,-0.21517977701923013,0.97198699721449522,-1.0850299866513256,10.74923629505696,-3.9110992503744986,,0.3143064204970664,0.3661971830985916,True,6
-0.02506640347501659,-0.99823980803517465,-0.053749056463574356,0.99193187491253787,-0.018152452953090044,-0.12546570839987342,0.12426918744935886,-0.056460376421723191,0.99064090110644654,-11.819149135850937,-12.202039630824981,-5.6094564440969856,,0.4876386550689341,0.8603174603174604,True,6
0.65376049889321386,-0.75605915836471005,-0.031173051498763437,0.75250110307747742,0.65391420312542969,-0.078347334466564014,0.079619720886710599,0.027762636828703845,0.99643862632991176,0.90483564993395849,-16.492474855049679,-6.2980693268032253,,0.09654389058575785,0.3571428571428572,False,5
-0.25500989200525626,-0.95378168260389251,-0.15896684216764898,0.95682131634074008,-0.22518828870849603,-0.18380207622470374,0.13950958237856048,-0.19897421078578409,0.97002388623514479,-20.124545202142802,-17.055031841237582,-5.829184425881845,,0.3975302134782339,0.1818181818181818,False,4
0.53382278505943648,0.83921741856820498,0.10366946765131074,-0.83443234037284497,0.54265718960367226,-0.096155311404737653,-0.13695219418207485,-0.035175260385155692,0.98995292694428294,-14.559781510669637,5.7097866671425193,-4.1844141672790016,,0.4266846164270148,0.7735849056603774,True,5
0.66689437658200745,-0.743862323170009,-0.043826186822651235,0.74205107806197257,0.66832957082265909,-0.05192092363455774,0.06791235550591089,0.0021045028197366165,0.99768907132308571,8.1104132446220394,9.3645076006529635,-4.0255035997137893,,0.6617464817314496,0.6515151515151515,True,4
-0.60908439039798246,0.78820874020727971,0.08799538189229944,-0.78839380801202341,-0.58965197648402179,-0.17534466093037426,-0.086321543439742229,-0.17617471012986008,0.98056670484411246,-16.342805127085299,2.267090943543753,-4.3521325383197205,,0.1098996119646961,0.3043478260869565,False,1
0.98612478915126334,0.15619802776067168,0.05621455634489482,-0.15619093767630179,0.98771641523024345,-0.004546875027448341,-0.056234252988499739,-0.0042964180888268233,0.99840835812929363,24.92302524864153,13.471670247588838,-3.5855284140241981,,0.2526866847920531,0.3571428571428572,False,5
-0.95740868997851647,-0.28678242949815169,-0.033532648042754805,0.28230174639189237,-0.90535766370282067,-0.31722740228211532,0.060616205240095075,-0.31318259674782206,0.94775647544956532,18.594253480263795,8.3924767196686929,-4.0458410684272916,,0.4226333531035511,0.6041666666666666,False,5
-0.65103844746717965,0.75431431826962969,0.084609982702674696,-0.75428967929373503,-0.63047050840551744,-0.18317755796451016,-0.084829355947557736,-0.18307606966589307,0.97943204618044355,-8.906877856255095,-19.200772993954175,-6.3741368231933313,,0.1656650417251181,0.2941176470588235,False,3
-0.35399527158002347,0.92532137436988837,0.13589592279830676,-0.92846334061005242,-0.33022827696315965,-0.17001502944493196,-0.11244186427751822,-0.18635889897764635,0.97602622297232988,3.1134988458917223,20.653187303149274,-3.1621720695043254,,0.695283375168647,0.6582278481012658,False,3
0.95749092091089416,-0.28840726588947463,-0.0056908132429366737,0.28801375802265777,0.95691344454715166,-0.036942317666486923,0.016100048536384998,0.03373290125476406,0.99930119574133514,1.0405680868126881,-5.8337340693559057,-5.2850835684077619,,0.08562898711460368,0.1733333333333333,False,5
0.95685053115819241,-0.29053895238698679,0.0049171300734243695,0.29015103668332715,0.95437963249541125,-0.070511651445108237,0.015793572549531208,0.068895821526403916,0.99749883651176574,-3.0890605420355821,-10.677266770552496,-5.6479077276521554,,0.07275370118896925,0.3333333333333333,False,5
0.91526966629412965,-0.40278536449020452,0.0067370701589613939,0.40184189950012761,0.91169286221300316,-0.085669205645860863,0.028364163445501009,0.081117662332912857,0.99630085771802979,-8.0324830404943288,0.39463288551429077,-4.6063591685380691,,0.08104215010855367,0.4041450777202072,False,4
-0.26680554577760424,0.92521153385962829,0.26981182026633149,-0.95310418796492347,-0.21180930800906556,-0.21616943337217431,-0.14285379808055784,-0.31483397950957775,0.93833488569919654,4.1423777128125545,6.220856665252958,-4.2901534813252109,,0.2666804192017378,0.1911764705882353,False,5
-0.55851444985893006,-0.8294276334637386,0.010555100450408743,0.82160278127473285,-0.55490693949044989,-0.13056476671355535,0.11415112395591995,-0.064250208965290906,0.99138359455233893,-11.21067810695493,-1.2095908779285733,-4.6855269272689624,,0.1286766823008594,0.5887445887445888,False,1
-0.58278719131002743,-0.80133291631987746,-0.13499869209459059,0.80479433752859675,-0.5461445752646793,-0.23244822475310623,0.11253961047949754,-0.2441140310003577,0.96319425659722435,-21.050826200505067,9.8443590594148258,-4.0408136216044044,,0.4056004509183717,0.1052631578947368,False,1
-0.68515252874210042,-0.72837941847779286,0.0054254120819541216,0.71997088221189764,-0.67833527220608281,-0.14663965100927875,0.11048955210936739,-0.096564388979858751,0.98917509959340344,3.7099711329947387,8.2495800512424609,-4.1240800720116866,,0.08800003018827972,0.325,False,5
0.056078017767138104,0.99248575539671069,0.10875330458395174,-0.99142730231478193,0.068228413342403468,-0.11143064137665291,-0.11801338969855346,-0.10157218589456156,0.987803589234448,-14.199467798415458,14.710370320588403,-3.7558985407142558,,0.113661839515936,0.1818181818181818,False,3
0.63530597199919359,0.7376904918990006,0.22847113626007617,-0.76459027220958475,0.64243254238411485,0.051789421008113207,-0.10857272947030883,-0.20758893671795955,0.97217220479073241,-4.0665211610855767,-9.4886091936706656,-5.5145888313704896,,0.7376071416778903,0.2875816993464052,True,1
0.84554370849494243,-0.52698708787191528,-0.085676404224840227,0.52768652532848259,0.84928626661797357,-0.01611732983024658,0.081257418192879696,-0.03158237721234157,0.99619264474209235,-0.77445353008917517,14.09314258091268,-3.6589542238648267,,0.3478907029392308,0.639344262295082,False,4
0.044178921547477316,0.99552558579197314,0.083528623384155731,-0.99097987980706592,0.054258403141554508,-0.12253531534256951,-0.12651917130805215,-0.077361707078365524,0.98894290308866983,-5.2251720241998481,6.5160785069336162,-4.2088610483232962,,0.08921790608111689,0.2783505154639175,False,5
0.22170150795809462,0.95990622995916075,0.17154728518603468,-0.9691549603574896,0.23633038572292375,-0.069904303147430749,-0.10764341216990847,-0.15075801295336116,0.98269268713406754,3.536495372240116,-13.210798539241827,-6.0279028145639506,,0.1334615741951773,0.1,False,6
-0.28042330021084938,-0.95824290648328703,-0.055975931196524525,0.9519610627518742,-0.27016393472199535,-0.14415818873671893,0.12301588394665905,-0.093712221988338493,0.98797019780296524,6.4704265616440395,-8.1191440885305006,-5.5714438642048867,,0.1561032630048074,0.3571428571428572,True,5
0.066460115901804742,-0.95508491383071947,-0.28878341428705068,0.98939246591934316,0.10054880908240971,-0.10484505412345779,0.12917275787239488,-0.27875211992929633,0.95163630356274387,-18.574012698761887,11.743017324759004,-3.9799736496365652,,0.4543995054855876,0.25,False,3
0.89495151325601174,-0.4442511723742294,-0.04126360096862796,0.44541247536054313,0.89497959531563165,0.024884749584073274,0.025875001719204656,-0.040649966946989483,0.99883835753000594,-15.906979330298492,15.065209526502487,-3.7821844580937296,,0.4915450182602427,0.3255813953488372,False,5
0.20441032589595781,-0.97125419665696455,-0.12199059038853587,0.97272127656788654,0.21550305889709226,-0.085858894228487595,0.10968015672513669,-0.10111239826169496,0.98881067254480937,-5.9826587735875592,-16.518785883757321,-6.1601771252534787,,0.1843404248775046,0.2380952380952381,False,4
0.9653320873019462,-0.25254888843873347,-0.065977421695831082,0.26017570141653173,0.95131911691128601,0.16522875715670227,0.021037243585722953,-0.17666634299575268,0.98404595300972797,-21.80886928707158,-13.087895345282766,-5.3162976364547987,,0.5268970265634624,0.2105263157894737,False,3
0.93946169125292722,-0.3384891758983965,-0.053261697943410055,0.3418310059745624,0.93658058601819372,0.077255221494968607,0.023733816014482999,-0.090784820831691745,0.99558767684415861,-18.454421103624497,-30.399331993339661,-7.3853575068052102,,0.5897012377560571,0.3333333333333333,False,1
0.11758610630702157,0.98378739488125744,0.13541000434349448,-0.98550349778845459,0.13239344530008995,-0.10608879058739346,-0.12229621192121029,-0.12097246510807093,0.98509354846907871,-0.030009180096843086,3.9924171482131294,-4.4519038687818666,,0.2601932259372361,0.61,True,5
-0.99627397790314165,-0.085100034676253974,0.014005179440220249,0.081467279968708672,-0.98189194241884503,-0.17103010175828423,0.028306240434795554,-0.16925187594543634,0.98516625969498162,3.0053253129877908,6.3901818243412203,-4.277236188951183,,0.1050019381796077,0.4024390243902439,False,5
0.27387066966272816,0.93351898705364555,0.23138097827787255,-0.9394782802843169,0.31115926870592464,-0.14338922683527591,-0.20585290178307639,-0.17810729998720068,0.96223820986217201,-17.936695252624951,9.2237309013395947,-4.0895154532784872,,0.4953521962362469,0.1666666666666667,False,2
0.89203792659088643,-0.4519304342480619,0.0052172908479000517,0.45128489023319546,0.89001405383155341,-0.064937907492760294,0.024703954554805802,0.060281560884601876,0.99787566762932489,14.839909892110768,-0.66435292565900372,-4.9280751390353315,,0.1168633412705086,0.4,True,5
-0.8776393144340574,0.46348337056702554,0.12219819543489906,-0.47746347230336006,-0.82292307559986133,-0.30793870211664254,-0.042164752765016661,-0.32860428611491527,0.9435260233672258,1.8462707527005235,5.5996342631414322,-4.3314509424151515,,0.0794993090858601,0.1923076923076923,False,5
0.41283325985625535,0.9028774863410346,0.11992057461067206,-0.90267719244813083,0.42313867892064683,-0.078278634602624991,-0.12141905036039095,-0.07593354370622965,0.98969263468502977,11.343805844529967,1.0238419727293477,-4.7451705283979484,,0.07582266212950736,0.2666666666666667,False,4
0.97764446242641934,0.20872747473062198,0.025380038997942458,-0.20541443992400701,0.97388553502260478,-0.096705080241130004,-0.044902260050758938,0.089329759690231408,0.99498943767058223,3.3261221314282619,-4.3371778517023225,-5.1897829965953468,,0.0735147062688907,0.15625,False,5
0.75096141060294486,0.65755935176043623,0.060602464451795013,-0.65372542025577074,0.75325791334073799,-0.072426451666320849,-0.093273976524279822,0.014772098766021185,0.9955308887228943,-3.2260229100818325,3.1811416501407432,-4.4723942152923799,,0.09130899420277336,0.4173228346456693,False,5
-0.93257322729617964,0.3598430748210335,0.02863803823122732,-0.36008566158769906,-0.9217447822443966,-0.14396135844100752,-0.025406535563475736,-0.14456665559033774,0.98916883798575428,-5.9769358604004807,8.6987426282791454,-4.0623478411658791,,0.07624442960293021,0.25,False,5
-0.99153279602373268,-0.1284115032506927,-0.019318391295795337,0.12484468579916547,-0.90172532100394753,-0.41389038390380212,0.035728403785612595,-0.41279768809094147,0.91012172255677259,-15.267347160300092,17.474889249682608,-3.6394355367221873,,0.577548570210267,0.3103448275862069,False,1
0.99371230497023322,0.10729582959397663,0.031991559863284592,-0.10414357815456951,0.99068318629827334,-0.087754997094542736,-0.041109245674286705,0.083871504920565637,0.99562824416669216,-3.2679987113789917,6.2490887917255264,-4.2304879101489474,0.3062736769565145,0.1129934432478838,0.2941176470588235,True,5
0.91004587899209455,-0.41262188032942759,-0.03949280950900369,0.41279244276197646,0.91081582835520569,-0.0041141239920248068,0.037668253584515199,-0.012558291724150376,0.9992113850336497,-3.4492992445630923,-13.125051784352648,-5.8791360476453747,,0.6547089170918311,0.9,True,7
0.99977639136351792,0.0046829576435834051,0.020621279782091516,-0.0025287182640230063,0.99464920081665031,-0.10327910194584955,-0.020994591114953609,0.10320386243987381,0.9944386305456,-4.3644176605232783,-6.1813450238762737,-5.2274502759565769,,0.6998678975317193,0.8126410835214447,True,3
-0.6142401253642138,-0.78107321100084404,-0.11239976623367483,0.78126126889870129,-0.58187212915433739,-0.2259549845260958,0.11108509401060557,-0.22660420201361631,0.96763145748700508,-3.2724560421423656,-20.41158568169207,-6.6072743004756811,,0.4762926922264711,0.1818181818181818,False,4
-0.98122845849432827,-0.19284892985305685,-4.9953750096132926e-05,0.18818985301722571,-0.95746610099416918,-0.21873098698716745,0.042134207743843508,-0.21463446997524932,0.97578519810265829,4.4908988890310759,-17.653957027618731,-6.4791610235731021,,0.1477972737906701,0.4838709677419355,True,4
