axis_00,axis_01,axis_02,axis_10,axis_11,axis_12,axis_20,axis_21,axis_22,location_x,location_y,location_z,dbh,dbh_approximation,score,reconstructed,number_clusters
0.99126304469605919,0.028276725795578717,0.12883323716409628,-0.058729468969912463,0.96920501060298214,0.23914952832189632,-0.11810345335514422,-0.24462639718631146,0.96239778683517063,-28.328768351612666,15.258118974234755,0.26909257542966958,,0.5595103899850691,0.282051282051282,False,2
-0.63078180292141373,0.70386269062976003,0.32663684703757168,-0.77485452997700355,-0.59382215104470815,-0.21673880663774431,0.041409835514386102,-0.38981093579845988,0.91996340136692456,4.390592964859521,7.1804307212871263,-1.5098409094671881,0.3919593901517512,0.1714134157509783,0.3235294117647059,True,2
-0.75631385476700941,-0.65309501022489347,-0.038160984091242828,0.6456682798058857,-0.73577450082436935,-0.20432414538951954,0.10536520080166004,-0.17917251897541503,0.97815918075946584,4.6634568646136847,22.40402342611727,-1.5247271617762459,,0.5328201892279458,0.25,False,3
0.46738102953027755,0.8423795824382152,0.26823797703985713,-0.88260046060985853,0.46201826687999903,0.086922655277357916,-0.050708975206390103,-0.27737296220147178,0.95942318070447796,22.7585854520947,4.7440520112329905,-3.3072664037552451,,0.5771933705528011,0.2608695652173913,False,3
0.93077142017447345,0.3304453423676264,0.15643030107346989,-0.35433329009823794,0.92074916816230923,0.16330612008303305,-0.090069322827210432,-0.20742913256328821,0.97409479623365725,-11.80146209692545,-18.664088174272983,-0.14971501286856126,,0.5498663544480265,0.2258064516129032,False,2
-0.57782781285406981,0.77357931125129298,0.2601731498372884,-0.81572237442980899,-0.5578117150285109,-0.15311139223305709,0.026683825566732745,-0.30070108044522442,0.95334507586298345,-12.192170133108549,-5.5080886285386699,-0.25935545393571419,,0.5632431915512744,0.1818181818181818,False,5
0.40210665135004342,-0.91557132487603543,-0.0062761456959159467,0.91540974221152849,0.40187971732725508,0.02275294849441286,-0.01830969153968643,-0.014894356841008718,0.99972141786100344,-22.754154679541394,7.1023263594716308,0.24812784537950264,,0.07813741509319394,0.3043478260869565,False,2
-0.99469299920308818,0.042440212946133857,0.09372654726090697,-0.053683890087875309,-0.99121172267306912,-0.1209022778136082,0.087771733954600292,-0.12529225499037352,0.98822971699804163,-8.2150182854820919,2.4635745568751801,-0.60860427839013531,,0.1514933064118986,0.4575707154742096,False,5
0.9782735896643654,0.16933536061682147,0.11960902729295018,-0.18669219491124561,0.97041859778211725,0.15308092447398131,-0.090148810998349746,-0.17208509733082145,0.98094847527901452,-3.6556825551596961,15.624951194762971,-1.0026591531474838,0.1906055451448819,0.2843289401792576,0.2156862745098039,True,5
-0.93216194207014125,-0.35302362973389573,0.080302120803428689,0.35085133961929466,-0.93556827686581401,-0.040191252900083359,0.089316578771074601,-0.0092906496994205126,0.99595995531185555,11.040073446648055,3.7591102529318539,-2.1431020208242333,,0.0779446679467944,0.2571428571428571,False,5
0.32861809049675811,0.93313135932410041,0.1458630071135994,-0.94327403081190475,0.33201329004272623,0.0011305002729300635,-0.047373551630916208,-0.13796028950738673,0.98930415198002264,25.055616837053769,18.982212530605569,-3.0897204422790563,0.8798256447435651,0.3156336379466186,0.3571428571428572,True,5
-0.99558032086670678,0.033429862147459438,0.087762571861516675,-0.042515898371057258,-0.99368987302258494,-0.10379226675461989,0.083739017719626663,-0.10706484282509408,0.99071938324744135,6.7636396757124935,5.156716825624259,-1.7371144633590454,,0.07220883434714553,0.28125,False,5
0.10351584013743179,-0.99439844980448699,0.021358695350483403,0.9945196563555696,0.10316405356016528,-0.016965587977876343,0.01466710479410935,0.022997849453121444,0.99962791825633301,4.8208853771412699,16.428049471118797,-1.5489608870969704,0.2608331095467398,0.1504118406959202,0.40625,True,5
-0.58537422669181793,0.78020526552284764,0.22049208234169926,-0.80947641829450556,-0.57773342562872687,-0.10474739680008757,0.045661175522041818,-0.23979956747608816,0.96974802113137937,-21.296268721974656,3.3284914412158857,0.11888580376648425,0.1866675286010375,0.2718784548439493,0.4044943820224719,True,4
0.12413353447069943,-0.9860200157118405,-0.11115482101749964,0.99198725356657991,0.12597041141599305,-0.0096303794898336213,0.023497965470322239,-0.1090687125774671,0.99375643975546057,-12.817237148610946,4.0871854715267641,-0.36593806677559948,,0.3162646644832825,0.440251572327044,False,4
-0.078939784532255863,0.96625310420817778,0.24520083406477183,-0.99686865293927052,-0.075372366651895742,-0.023914329017029431,-0.0046259274792797627,-0.24632081713357268,0.96917730877358244,1.5711833514394835,-8.2120462529219047,-1.1443912025675897,,0.1438958192306901,0.1578947368421053,False,5
-0.32427420235526777,-0.94305086337659028,-0.074170821564282591,0.94421891291292059,-0.31792058121655786,-0.085890328538588398,0.057418517782988482,-0.097885510284167851,0.99353990392535874,1.5850858445071165,7.9434895272548882,-1.2715466155342663,,0.4018675377045818,0.1688311688311688,False,2
0.57530616429188697,0.76447411108882979,0.2908644887274825,-0.81492086832575394,0.56623441167928024,0.12362268965452319,-0.070191136868948761,-0.30815243712351659,0.94874405389434813,-12.621850592641584,-15.51750164707085,-0.018733277872653609,,0.4769566285021773,0.4313725490196079,False,2
-0.98343943303321835,-0.17036377295986915,0.061830950325704064,0.15058653183027254,-0.95793702094128186,-0.24429564126580666,0.10084928352066692,-0.23093905856961375,0.96772753047557136,-6.7302700300283389,21.10622148457151,-0.84327423851467831,,0.2203553003960461,0.3888888888888889,False,5
0.94707709527884798,0.29802295367091131,0.11927822384427611,-0.30624787351099536,0.9502158245891803,0.057464133773134966,-0.096214424948511651,-0.090951667305053899,0.99119653885909897,-9.395507979122085,6.1424336681357197,-0.5510619504262918,,0.0767201238762868,0.3,False,5
-0.098696490404258555,0.95709599629400111,0.27244496079002178,-0.99506596731348829,-0.092132095366082606,-0.036815726231162457,-0.010135259066986703,-0.27473429141890804,0.96146676783037943,-14.923928001684102,16.545187355573542,-0.32695560420717912,,0.06638056334695334,0.3333333333333333,False,2
0.59006810437309265,0.78491603012936662,0.18901443819850938,-0.80464915197193188,0.59089381329691315,0.058174252365472703,-0.066025558932840261,-0.18641707822349829,0.98024961031066882,-14.408820207564705,13.944064262779078,-0.38083161773572682,,0.07122657091756876,0.3478260869565217,False,3
-0.65680980725262494,-0.75333607000305025,0.032949092994022745,0.75065282977642966,-0.65736766569880034,-0.066242593867907873,0.071562603679631326,-0.018775455415764558,0.99725938252218116,5.0428360489686881,10.259462255882559,-1.5551374949701662,0.3456395852413411,0.2291233706470384,0.5657894736842105,True,5
0.31003065652237138,-0.94601262116057905,-0.094557456719174454,0.95071394535780751,0.30900170149844869,0.025708803419369056,0.0048975625059314437,-0.097867609942998007,0.99518739180394888,1.1479533484462994,-13.52148308739592,-1.0880890500471894,,0.3823283207681065,0.6,False,3
-0.85810115887148197,-0.5067739218958387,0.082719968748365791,0.50599516086744434,-0.86195419812166807,-0.031683710628050206,0.087357302626336925,0.014668075086500747,0.99606904843545252,-3.3329123158597791,-4.2907528667276758,-0.86592919909506949,,0.1120459358509345,0.6614173228346457,False,5
0.46697798031341753,0.83335736323280518,0.29571450936345139,-0.88222600506847504,0.46179400698458334,0.091780014676620961,-0.060073637174051314,-0.30374627612332639,0.95085717006177728,16.930977058199936,-2.1051627545069733,-2.7533703024435821,,0.3069438227578229,0.3,False,4
0.74851628796918335,-0.66065788856002727,0.057048408638982105,0.66097219881461911,0.75024260269198639,0.015867876358266145,-0.053283384267529633,0.025830048187339569,0.99824530530908961,-23.586180958310528,21.076383752960787,0.020090532541225566,,0.2055358197279634,0.5,False,4
-0.93439114603356921,0.33526952214370531,0.12044722386009399,-0.34990133552904523,-0.92723606609535769,-0.13342538411784644,0.066949545249109801,-0.16681614206525666,0.98371242400276715,-1.1592153311619047,20.8464555890112,-1.1617896975581259,,0.6135276510011902,0.4285714285714285,False,5
-0.94216746022036235,-0.33453771079577516,0.02012453620421191,0.32273681337703169,-0.92184130606060366,-0.21459160219290987,0.09034061209196835,-0.19568629613747418,0.97649651679401583,-40.617718193059368,-2.6601585717303378,1.0333055020493966,,0.684626889888226,0.2333333333333333,False,1
0.33441645538794851,-0.94053581797307273,-0.059649052595017821,0.94201716368065147,0.3317386133082767,0.050528761822971571,-0.027736216339311448,-0.073088080765776692,0.9969397347649227,4.7682021173450471,11.87735793914141,-1.5566242266993733,,0.4258387539654981,0.5588235294117647,False,7
-0.89141480596957789,0.41607979389965405,0.17960303117331039,-0.44786143253859201,-0.86938823041612112,-0.20876839334153449,0.069280451374828189,-0.26653650767267656,0.96133163327488247,-24.268624029056475,16.752734434517503,0.028196476058587223,,0.6287187619980777,0.2380952380952381,False,2
0.97211987312865988,-0.21898219131901586,0.083843617249260344,0.20980519207209644,0.9719771359227859,0.10602937622625699,-0.10471262410955649,-0.085482437543979523,0.99082189076727134,-18.79945681885712,12.316397953911252,-0.18196275416964933,0.1339711349459861,0.1956107282112081,0.3111111111111111,True,5
0.18296335467039049,-0.97767002160202954,-0.10337185162530024,0.98303589023090399,0.18056042177303153,0.03222378945869106,-0.012839367807254318,-0.10751401280684847,0.99412066052591319,-1.7347498144748492,-8.1092927300423998,-0.91014410989792582,0.5140535136769173,0.5462380775763838,0.2276422764227642,True,3
0.92451984630000239,-0.38111066454750153,0.0042089387715047444,0.37357845872767265,0.90832522985397302,0.18810744797956394,-0.075512839782894539,-0.17233670003481416,0.98213943656134373,0.34542691394365166,-4.8274435292031157,-1.1456612966151549,,0.314977709138945,0.2626262626262627,False,1
-0.080681007918138828,-0.99069470939420856,-0.10961098366330692,0.99639632457858729,-0.077276564096391165,-0.034967084633100554,0.026171345544226225,-0.11203716088771999,0.99335931829958868,-10.378838323065201,-5.9515441529414908,-0.33739896803487751,,0.7220498367738868,0.463519313304721,False,1
0.22270448306915852,-0.97418333360920095,-0.037007374116015818,0.97488469154060775,0.22248146880062747,0.010091295263202127,-0.001597316710155474,-0.038325299194909637,0.99926403919131801,-27.316380953152237,18.903156441720835,0.2685936214031906,,0.169017910622921,0.1764705882352941,False,2
-0.83856158363708488,0.49463120200604704,0.22837347580250272,-0.54095784581704653,-0.8056924947579428,-0.2412969393500502,0.064645800304765619,-0.32588276710003328,0.94319740383982242,-16.45397949088153,13.395010030739099,-0.28745278364124904,,0.2940158827800545,0.2916666666666667,False,1
-0.6757852485836634,0.71873674544088217,0.16349858883110874,-0.73599581986327234,-0.67009371992277944,-0.096356419940967955,0.040304477921256493,-0.18545052513567895,0.9818266913189897,9.4853979999570477,15.588677299347482,-1.8837289948520455,,0.2614218358109547,0.28,False,5
0.2129913374884663,-0.97485753847939283,-0.06547877384903604,0.97694537889721722,0.21148918722993171,0.029155622720083658,-0.014574525935589489,-0.070179080606131414,0.99742793215301073,-21.755167698574677,2.336828890186132,0.13865327856099927,,0.1147931720929551,0.1875,False,4
-0.060484858868277563,-0.9775476270189879,-0.20184701820247924,0.99715045069254193,-0.050041361300838319,-0.056452111057260987,0.04508392763887064,-0.20468634314166234,0.97778880153126546,8.6207362112215087,9.9184570766155034,-1.8132217968075581,,0.4528926679859286,0.1842105263157895,False,3
-0.17447470867591661,-0.98457697784964193,-0.012913199484239662,0.98314291574885881,-0.17346251572203283,-0.057799332627773037,0.054667936171822286,-0.022780042314475168,0.99824470267908993,6.2426906156985158,20.287949233680468,-1.6470127019663481,,0.311616997814875,0.875,False,5
0.98897321114720182,-0.12454170381582501,0.080133336657377624,0.12057731821383375,0.99131148372946032,0.052560941377192374,-0.085983126051296571,-0.042319100141048852,0.99539740596291482,4.3740502311194334,-12.365897336129644,-1.3501548020561991,,0.08461319002425652,0.4285714285714285,False,5
0.36009121449099679,0.91769757147620334,0.16782575652466583,-0.93106734616188858,0.3648371080115238,0.0027352383524015568,-0.058718942066897761,-0.15724201704527063,0.98581287976881193,-22.480274603323206,21.957828366010045,-0.043586119337559244,0.2789060393985251,0.2400328255695468,0.7777777777777778,True,5
0.023089550121747255,0.96931789708701399,0.24472369534228522,-0.99971702207244173,0.023787925098539661,0.00010197114787269257,-0.0057226264760206107,-0.24465679840608268,0.96959285400620654,-17.719649835545958,6.6906629518610723,-0.015259260317062928,0.2028540066380264,0.1559218368277685,0.4415584415584415,True,4
-0.99648683520642101,-0.027837789290848861,0.078987624015984151,0.018850497037396632,-0.99349258910000915,-0.11232601731034672,0.081600527092263786,-0.11044244152842468,0.9905270420778558,-0.60650009355106893,2.0611682282377468,-1.1333767304579512,,0.2302617240896038,0.8098290598290598,False,5
0.76585402565282656,-0.64224198913523878,-0.031509344375486234,0.64048075423955242,0.75757399941984094,0.12596046543166858,-0.057026439833601096,-0.11664845817515226,0.99153473079124455,1.7368654319177719,16.910105816012852,-1.3448023185252169,0.5642666638294239,0.1761272430042186,0.2083333333333333,True,4
-0.015165793796932376,-0.99788266567172301,-0.06324700981393605,0.99959246917978717,-0.01360104073267078,-0.025097953104655686,0.024184587190278762,-0.063601865089660883,0.99768226830968143,16.338135926729631,17.093784622058322,-2.4367483313507563,,0.1288693346225401,0.1538461538461539,False,5
0.41327473613041921,-0.9105654942740995,0.0086297806285862144,0.91050632586903324,0.41335125491165131,0.010907365192246363,-0.013499001029944308,0.0033497313814860458,0.99990327345742092,6.4949930260409898,-20.745833730955642,-1.4189372553613755,,0.4853483671501327,0.7777777777777778,False,2
0.99230320454707011,0.050246460912667795,0.11317969522562907,-0.06000557276638481,0.99461180207436084,0.084538124011416041,-0.10832211908282005,-0.090678863800464526,0.98997154614527327,5.3542136186385179,-6.6464818595578752,-1.5573854117535624,0.6492650191356638,0.3763282238774041,0.7818930041152263,True,5
0.84501091109780391,0.47266290250345838,0.25009266427199855,-0.52298614799927723,0.82802704000007221,0.20213042826254055,-0.11154393361603523,-0.30159741647720745,0.94688803416651979,-1.9978699906356892,-10.248213037819806,-0.81012645893240232,0.4321460256773195,0.2639030633360254,0.625,True,5
0.99358873949338522,-0.049963035464419527,0.10141554042219281,0.034723616609872471,0.98855314162822638,0.1468228750109897,-0.1075903676054453,-0.14236004096706104,0.98395016720074824,-8.1839627156435562,12.157292374340035,-0.60294742422218028,,0.1696626876739994,0.2,False,2
-0.32813699069750435,0.89913288242001954,0.28963110172606149,-0.94440472696467859,-0.31895592637503312,-0.079792410146666479,0.020635576627644849,-0.29971182289210863,0.95380658217268188,-13.156155913836699,0.6368810792638302,-0.29407472228182913,,0.1065882899506095,0.5208333333333334,False,4
-0.76955760101969273,-0.63388184396860892,-0.077297520010478848,0.63492883877498973,-0.74661321277396842,-0.19858016064847742,0.068165008652955786,-0.20189729665918749,0.97703173602347915,6.4412751386004192,13.767446225044747,-1.6671858156186026,,0.3328488222741856,0.2777777777777778,False,3
0.94884635252190164,0.25195535609036451,0.19028688300369306,-0.28969070819968668,0.93440461726851431,0.20728556343857077,-0.12557823413572736,-0.25180649269758587,0.95959553841537526,-0.65532888631124431,6.5909459385848699,-1.1320181646130945,,0.2820266038889568,0.422680412371134,False,5
-0.43476954905944432,-0.89689082520363717,-0.081007943290671236,0.89926384833078443,-0.42760197895149704,-0.092092772148903462,0.047958005546038934,-0.11288664784774391,0.9924498145708649,-20.690092568865587,13.221287186710235,-0.047569994285027783,,0.1609658866504473,0.2439024390243902,False,4
0.94875258875727231,-0.31598446911140599,0.0047265851053537034,0.30543029078810852,0.92069758575809468,0.24295738936757763,-0.081122517191386467,-0.22906280985703484,0.97002544623578502,-6.4115708697872362,-13.518785254420788,-0.46514813864160914,0.3677794906081961,0.3297693980072604,0.5042016806722689,True,5
0.51351944070048627,0.83720121455673491,0.18812737803782931,-0.85766949458239661,0.50755116924171895,0.082430872033122299,-0.02647304450637835,-0.2036809685417188,0.97867933510852823,0.35585930781453096,-7.5030138297220557,-1.0788060266101669,0.7797896560707787,0.4298007207194539,0.2063492063492063,True,4
0.58931641795949719,0.77929633209710802,0.21308070373307403,-0.80562845911367353,0.58662425753259018,0.082672645660256588,-0.06057182009413449,-0.22038422641907074,0.97353060935758584,5.3372825931526187,-14.016368696935983,-1.3859013021642292,0.4106368115925976,0.1999148613063405,0.125,True,5
-0.81487872028683594,0.56656526645717165,0.1223783888928261,-0.57717911574117331,-0.81254057650069977,-0.08149895638687224,0.053262928720894019,-0.13704601557223783,0.98913166466342994,12.730339267658328,5.6077256469368804,-2.254736915644632,,0.1184493834010108,0.3488372093023256,False,4
0.33972360338217306,-0.93953931083618691,-0.043055274920672737,0.94044066030799733,0.33872270681975708,0.028953278297199032,-0.012618943873799648,-0.050327043208991118,0.99865306837627554,2.2755676326525731,-3.5701837453075931,-1.325142341428478,,0.08483545050682371,0.3090909090909091,False,5
0.55126923405766559,-0.83159084298267205,0.067519637505263033,0.83379935096963143,0.55199213882517884,-0.0091280336231156153,-0.029679519943810052,0.061329834033460699,0.99767618872725039,-8.7878187924733258,-8.0521326578046928,-0.43065788099892965,,0.07530424495512275,0.2681159420289855,False,5
0.99484811837529596,-0.043805401212621824,0.091423783501523873,0.032422914233384219,0.99194260305066562,0.12246888129514227,-0.096051944268436801,-0.11887371062463843,0.98825253094772392,-18.158564667339355,5.1441061228283393,-0.016483084150789258,,0.3220133704808655,0.4225352112676056,False,3
0.91124550592572773,-0.40951138537484205,0.043955126874366944,0.40540370504098538,0.91065809766355887,0.079684785868003552,-0.072659919276075166,-0.05479283172245724,0.99585053181821825,-1.82982601079968,-15.936405110558804,-0.86384745748034741,,0.08263986967160236,0.25,False,4
0.95511450148637955,0.28159071580557926,0.091994335817621495,-0.28165905284280141,0.95943300768343887,-0.012509265334365985,-0.091784895283046994,-0.013963256769500061,0.99568095314627181,-5.4432076419926325,10.832206433505357,-0.76935487542764758,,0.07991101269384378,0.3015873015873016,False,5
0.48048552903736458,0.85097426109185892,0.21207655067179942,-0.87543349834643069,0.47985033464747295,0.057964181281526486,-0.052438977474903212,-0.21350986698012958,0.97553251629226245,-10.54413473410907,11.198015942918623,-0.41682745349135897,,0.2054908787220896,0.2439024390243902,False,4
-0.26632050597599038,0.90726972357100988,0.32547663017192935,-0.96387918229285974,-0.25180135412884558,-0.086792856856581502,0.0032109249663763439,-0.33683486569870147,0.94155826331172787,14.928410272948227,-1.4177013997281118,-2.5510870243729582,,0.3985534050280228,0.2564102564102564,False,4
0.93149625784398571,-0.36372608009661278,-0.0042497388393498148,0.35903748627674742,0.91748866144927355,0.17119182094975915,-0.058367842779433063,-0.16099035613841106,0.98522855224546879,5.8899314358321702,5.614519961988198,-1.6663649154374243,,0.1901379267571567,0.2926829268292683,False,5
0.13082872156293684,-0.98921755535640787,-0.065821529828001921,0.99131639216335132,0.13141595623972607,-0.0046537161316779034,0.013253536978609629,-0.064641121743743021,0.99782055958837923,8.3966855248812955,11.457018785611941,-1.8221007915022462,0.6930144658867765,0.6302636263267217,0.2857142857142857,True,3
0.54123637261721191,-0.84035018926498439,0.029576145091377265,0.8405116362340016,0.54169812246682914,0.0101653072335549,-0.024563760123460184,0.019357260090618986,0.99951083944616637,-20.191234787981333,-0.43462733892640426,0.054412114366671913,0.3365613595229217,0.2551768574401044,0.9056603773584906,True,4
-0.60969334642695561,0.76568898778807204,0.20492534568173737,-0.79161254615767351,-0.60134599822855306,-0.10831697549447812,0.040293921234683325,-0.22826161393143635,0.97276566320823132,-8.0737692652650441,8.2401910967470773,-0.60958334911934209,,0.07529142916795861,0.3188405797101449,False,5
0.02313927249142643,-0.99967506139973639,0.010693254135119623,0.99952415326486066,0.022914904491271905,-0.020648830289311745,0.020397085790093319,0.011165964695745031,0.99972960350470885,-22.934908936875409,13.32958118918077,0.062096404167449659,,0.1065022573152884,0.2352941176470588,False,4
-0.11764942755173145,-0.99244959260726573,0.034675904175997196,0.99235932265938565,-0.11880227380396,-0.033301568581896458,0.037169704434602741,0.030493046300459507,0.99884362499820911,5.0695240056307762,-16.878826225245227,-1.3599621533875899,0.2094503057787769,0.1361106893171501,0.5,True,5
0.59633303220429967,0.79601834215291256,0.10364223877432359,-0.80062451507354315,0.59914641510715316,0.0048948061759901511,-0.058200520317944059,-0.085897451768809738,0.99460259763100634,1.3354930682646451,5.5881807814412303,-1.2822382257092584,0.4377807724920736,0.352050546945303,0.9375,True,5
-0.011117131231943099,-0.99829885274832597,-0.057234692229011938,0.99924368522764095,-0.0089582457641620896,-0.037839230509005201,0.037262137966795651,-0.057612068477072037,0.99764341457253058,-2.0599190407383516,15.935366782126415,-1.0838304228379629,,0.1433931195852488,0.2222222222222222,False,2
0.45853434694234863,-0.88778004526686682,-0.039910448508060997,0.88836704593837601,0.45672666546052298,0.046954709540530326,-0.023457288097263978,-0.056985474318216531,0.99809939953486138,7.2782414373735405,17.294089406716026,-1.7350599562876363,0.2092598281370978,0.3128587294770082,0.6101694915254238,True,5
0.83427205601424581,-0.54437907059087998,0.087416040040573448,0.53872506971627365,0.83859201687064489,0.080862404738062749,-0.11732619406151958,-0.020368032389901189,0.99288453882795702,-14.64679882922325,0.15249135356969612,-0.18007027957574276,0.3897816846967559,0.5240206713282126,0.9291553133514986,True,4
0.99246715382628181,-0.088065585527581092,0.085166902148913329,0.085328126431390663,0.99572836194936476,0.035272369488631175,-0.087909381841000847,-0.027739535960758441,0.99574216478414412,-6.3799955994946904,10.964057768637826,-0.69959368068260874,0.1913642767092265,0.1776664408941434,0.5490196078431373,True,5
0.36542037164080032,-0.91784058296576054,-0.1550374672489519,0.93065580559304384,0.36358044615953755,0.041097818511352233,0.018647345812738095,-0.1593044990937231,0.98705336890293627,3.5852511221644576,14.601134928981251,-1.4461225269023796,,0.6107960685108228,0.8439716312056738,False,4
-0.98558332850690022,-0.15365045205500577,0.070831074766317864,0.1427642578248986,-0.97992035347229889,-0.13919219639918998,0.090795755721097743,-0.12707336240934655,0.98772895639897962,-35.252384048292413,3.6264330108167595,0.77096484220108952,,0.1966251187900824,0.4444444444444444,False,1
0.43203846882190838,0.87391670798351795,0.22273829703325118,-0.90025796081152487,0.43260539758557426,0.048868946942849961,-0.053650400310686693,-0.22163519009191424,0.97365264702532661,7.657033297612867,5.3603033159008273,-1.8157481299667781,,0.1722603740772196,0.4791666666666667,False,3
-0.96760719845645171,-0.24008146504575295,0.07808456721236301,0.23477307377350601,-0.96942633103641485,-0.071373612240208023,0.09283271689548403,-0.050729467124744396,0.99438855978889995,-10.033270283925418,-13.932998816010134,-0.18253083258480662,0.5265727228498575,0.5237769973776627,0.6593406593406593,True,4
-0.75035186273264165,0.64319384562316595,0.15255739590770034,-0.65841615921798591,-0.74773641247024314,-0.085897722593601358,0.058823833386576013,-0.16489977082644616,0.98455463139792054,-19.905677300185687,6.6269005107655845,0.082235426594986616,,0.102930236763663,0.3448275862068966,False,3
0.90455877176030508,0.41412008492020669,0.10138039108806178,-0.41786729361046909,0.90832908720759109,0.018033143466563328,-0.084618871194016315,-0.058675587754231227,0.99468428259400243,-22.742778974040178,3.5457160734496562,0.21372252364834998,,0.1179604474054155,0.34375,False,2
-0.85986765216808037,-0.50484459187762487,0.07589175717340628,0.50308727998900138,-0.86320804280690111,-0.042131503020271438,0.086780236622292506,0.0019526611056015566,0.99622556564584586,9.7109931778523624,3.2081509021394439,-2.0320824102674746,0.123259246313942,0.08715371399770916,0.3958333333333333,True,4
0.94739760364886294,-0.31396533694543316,0.062157443618070282,0.31113621572905026,0.94898768933834921,0.051152915323250281,-0.075046891089496678,-0.02912271761018231,0.99675464957872151,-15.273313662742627,12.497704880003901,-0.33921558937973645,0.2269478845755986,0.1977096624966454,0.7076923076923077,True,5
0.9281154627746625,0.3566900253833033,0.10664855156368257,-0.36338215409959307,0.93023497001656563,0.051149884068467551,-0.080963558719417753,-0.086227178721888634,0.99298024945572283,-20.966207245433907,8.1579644112742216,0.13062556738774533,0.2337728648347384,0.1602493850805488,0.5333333333333333,True,4
0.48995443113327053,0.86258016925537284,0.12609562649134137,-0.86980847312215026,0.49336671616706251,0.0047437815549497761,-0.058119493268482522,-0.11200328113899065,0.99200674872518557,0.16887570670340568,6.2456083665110178,-1.1854620281996995,0.2388952845630816,0.2190167398508881,0.5329949238578681,True,5
0.7089092999269474,-0.70459009055054811,0.031629239242415744,0.7042822386241322,0.70958239474679607,0.021894141316377722,-0.037869946338285825,0.0067549510265318136,0.99925984498575904,-19.802642714234455,16.686848991974284,-0.18717438060322067,,0.1049077420771361,0.52,False,3
0.29112056776687584,-0.9549218731097382,0.058077803674735466,0.95664577756253466,0.29113054267003319,-0.0084772281097982936,-0.0088131319555222846,0.058027781115955357,0.99827606668891633,-2.4435063265947758,2.4217693234962718,-0.96446084844215851,,0.08818446730635468,0.2139737991266376,False,5
-0.99514235421244046,0.056713667575510267,0.08046896769970216,-0.066064175256323007,-0.99072399163247882,-0.11874972484814035,0.072987804462273237,-0.1234889967322665,0.98965814708202871,-37.803004982356086,4.8704774359298844,0.95301753200935224,0.560701720525194,0.4068915430682257,0.6590909090909091,True,2
0.59709152780739028,0.7909493937764418,0.13371897361749252,-0.79877743722188199,0.60156682611968404,0.0084828944076988308,-0.073731358361817767,-0.1118767634362428,0.9909829850189924,11.131153641693773,-7.1647257906460311,-2.104838827046783,,0.0958981455990149,0.3666666666666666,False,5
0.11697709460127209,-0.99225280235568603,0.041841791978028203,0.99303068518373294,0.11747049074017689,0.0095258642016070282,-0.014367241286011669,0.040435875439386315,0.9990788369069179,-20.570332439522694,9.3111704645717523,0.0071988680570734421,,0.1174366438137207,0.2916666666666667,False,5
0.95605466887456148,-0.29031777618195187,0.04092748411420976,0.28284091955326129,0.95004079758025162,0.13199809528680861,-0.07720417313473657,-0.11462142803963798,0.99040468692587269,11.510847358187698,8.3851021824215906,-2.100674794678786,0.1858466511618438,0.2725859270159819,0.125,True,5
-0.91533478898836351,-0.40034156137434318,0.04346099750328726,0.39043821189366912,-0.90871725699734862,-0.14761757865677338,0.098591210363308437,-0.11815067105847221,0.98808916205347097,-19.827822479684993,22.677440908220937,-0.16466672848159525,,0.1930963201987768,0.4516129032258064,False,5
0.027416295474477829,-0.99812501573402246,0.054724763210214654,0.99948849188085975,0.026469737325638138,-0.017947356452600753,0.016465155334254095,0.055188821077004901,0.99834016882420884,-0.91890580566010316,4.9563997163779048,-1.1417920818129241,,0.0945117223024895,0.5370370370370371,False,5
0.99295768308648102,0.057085307673679156,0.10380899405797864,-0.074791664115602424,0.98161602295082506,0.17560236463392115,-0.091876256880365839,-0.18212976454716864,0.97897267698728252,-9.4226719866578215,-6.0973377046211787,-0.38010002752001804,,0.1104621119497543,0.3482142857142857,False,5
-0.55370402374855032,0.79866932510511157,0.2356674844368899,-0.83189774997050381,-0.54307078240199869,-0.11410634905777796,0.036850884367668854,-0.25923239465280556,0.96511169192166235,9.8965230632531203,4.738106283124317,-2.0202315339122725,0.5010385954086457,0.5057343530163906,0.5052631578947369,True,3
0.96560324695018596,-0.24740921427139301,0.079994063360175421,0.24292738138147521,0.96807701791770751,0.061750908938247237,-0.09271815816979477,-0.040194129834745497,0.99488078435178873,14.227696093979251,6.2378864032487504,-2.3967810948994814,0.2424839140492299,0.1276800407658773,0.3055555555555556,True,5
-0.86027563180439637,-0.50779149910476451,0.045537136059285228,0.50036336026030337,-0.85806016904741234,-0.11562549028369007,0.097787243710843685,-0.076684677291239983,0.99224851485712684,18.963928299842486,8.8821490298324282,-2.795559382390564,0.4310674199835758,0.5663989509764551,0.7764705882352941,True,5
0.85643248907334779,-0.51608820235643826,0.013280024402490404,0.51183269832402145,0.85216983789597145,0.10878352957459178,-0.067458732466464222,-0.086368598280016223,0.99397675256776707,-11.472425524970506,16.220062235963145,-0.51111309667788196,,0.1405593758311367,0.15,False,5
-0.35666025073281077,0.91003708906140834,0.21124857888242987,-0.93423353864227865,-0.34768313879147517,-0.079524400507224979,0.0010774150241331382,-0.22571870000676836,0.97419192546649636,-9.3347535574538938,1.4963056402989658,-0.52138506972808374,0.3191519801612368,0.3896273858968173,0.5185185185185185,True,5
0.8137121466621603,0.56091266932535966,0.1524779320582435,-0.57508220380191766,0.81502846442678689,0.070774720377006245,-0.084575417496979624,-0.14527759484660172,0.98576945539552907,-14.82651704958422,24.254847967905608,-0.41627493958235656,0.3466063646053776,0.1485268193389912,0.5,True,5
0.75139769237118925,-0.65786654015125845,0.051118717204800906,0.65776218263011677,0.75292688237094907,0.021213696161400439,-0.052444437273333484,0.017684036659541692,0.99846725326697994,16.95162436610655,7.5594259828370802,-2.6073083021572896,0.2255134366386242,0.1874958159110877,0.5,True,5
-0.43390166114977796,-0.90055233570993098,0.027107915796862156,0.89895133730596333,-0.43474628965633633,-0.053685722365146453,0.060131868483209769,0.0010743730429038645,0.99818986376103869,-6.7813174732094286,-11.130767728878551,-0.42380095799983819,,0.08888810446908345,0.2962962962962963,False,5
-0.74425583687066499,0.62433571044508385,0.23725128017985048,-0.66545138161313155,-0.72352802029475638,-0.18352564550363148,0.057076334790521335,-0.29446922506669992,0.95395501334994681,14.005576248258958,4.8639232103779735,-2.3865966935390674,,0.302544174803428,0.5909090909090909,False,3
-0.19916444817140885,-0.97974514367738463,-0.020808075960060457,0.97987531991316956,-0.1988121196779831,-0.017835315926876188,0.013337166477268729,-0.023941480942680851,0.99962439219970489,-3.7036789692862762,-7.977760768466216,-0.76962671322436249,,0.07259653644574246,0.2333333333333333,False,5
0.82681633300586288,-0.56175405997195627,-0.028409990844084854,0.56073189236470522,0.81923637727240495,0.12013119094840169,-0.044209686267080738,-0.11525681870765217,0.9923514344130091,-8.2628320131384871,-9.8867779426780942,-0.38086568513328445,,0.2333515582782001,0.2702702702702703,False,4
0.20788867502540689,-0.97768514717741428,0.030233289348983006,0.97812411372564256,0.20754787804172747,-0.014039104985846578,0.0074509693737235781,0.032490480283535156,0.99944427145606163,6.9776524125957256,-12.317954436470337,-1.5595462024009359,0.1025890609976352,0.1383560633049178,0.5333333333333333,True,4
0.99549296128027931,0.02852502740930811,0.090443832585303391,-0.031047347458867929,0.99916377325931405,0.026604819525388887,-0.089609297827784026,-0.029292951669444369,0.99554612988314251,-8.6974074947750282,-11.097919171361209,-0.30331217807422611,,0.07285042714834791,0.1777777777777778,False,2
-0.77588495501612031,0.5975579640855917,0.20230426623656811,-0.6282203572677888,-0.76120229912679838,-0.16096658820515755,0.057807605848757784,-0.25198321246059158,0.96600348930222568,0.71496769968077434,-10.07487100643511,-1.0346052817146603,,0.1037173065313447,0.25,False,5
-0.60710522421239943,-0.79462010658295745,0.001460461605642574,0.79205191243924566,-0.60528871621017322,-0.079242274260483941,0.063851505349095325,-0.046951637274218236,0.99685431684972126,-21.856287694936107,7.7105121684583695,0.18438732478211903,0.4364409153590074,0.4607071410969777,0.2477064220183486,True,4
0.99521825709391931,-0.042696865496960779,0.087849862969024833,0.041180943062729604,0.99897108745463625,0.018997272387528085,-0.088570597126846951,-0.015288692110058132,0.99595256173080748,6.7519435057591073,-7.2492756760996553,-1.6699988296505237,,0.1332050060481716,0.375,True,5
0.85442173984619652,0.49530505502908712,0.15695984499492488,-0.51246193609593638,0.85317707770004669,0.097322341422781622,-0.085710294195051828,-0.16359027033977597,0.98279803058367798,-5.0558803343355443,4.3025098244587046,-0.8501556305599548,,0.07475380428436504,0.2515337423312883,False,5
0.92873228202503189,-0.36835780640434856,0.042057993123225695,0.36317467631540407,0.92669689612084361,0.096628242264859165,-0.074568779041756503,-0.074467369907707276,0.99443155018897633,-0.93921774528711821,-15.196613972302082,-0.90681437785462682,,0.2701456666891255,0.5,False,4
-0.85751606230339472,0.44981586113643851,0.24966356154185487,-0.50948988860320932,-0.80980550591606415,-0.29092111645447044,0.071317994242466473,-0.37667059038118522,0.92359786164711322,5.6773315557339989,15.856452523244158,-1.5860764945966352,,0.3415766823954033,0.3103448275862069,False,2
-0.99236202444310584,-0.088255211488153157,0.086189501033259799,0.082173589355783713,-0.99403311869075084,-0.071733256989536517,0.092006052276836517,-0.064102859461347042,0.99369296553478292,4.357068066633202,4.3336807698875353,-1.5593271492361513,0.1570445241701714,0.1274408078421878,0.4266666666666667,True,5
0.31535394427465163,0.92099694270237531,0.2287280511072014,-0.9487410666961299,0.31132311323485035,0.05448217626023337,-0.021030411187387042,-0.23418486436710453,0.97196459354579956,-7.7730485413708035,10.311443483293726,-0.59347972250282388,,0.220707012384925,0.2564102564102564,False,5
0.63597369818252647,-0.76936943065922758,0.060067748310848504,0.77054696703572245,0.63736115489960543,0.0053037549989522065,-0.042365396399521152,0.042911972596651804,0.99818021208385732,-2.3235725415454498,-3.4499561401523757,-0.95828762325861205,0.2511066481653786,0.2214253934814737,0.8116817724068479,True,5
0.72379943570740191,-0.68986942148458685,-0.013948411026592819,0.6884190230387266,0.72061042403075948,0.082461296961747033,-0.046836156845440798,-0.069287791700482673,0.99649665144104671,-5.4711493653915086,-9.4924023079460689,-0.57441731466898949,0.216784028099395,0.2036811657500512,0.4868421052631579,True,5
0.87347111254710486,0.42439317521100112,0.23861820630464642,-0.47900803942823306,0.83682367248214751,0.26509892368059762,-0.087175189755129279,-0.34585629097620207,0.93422904701327991,-7.247328342047747,-15.418853855354456,-0.42660461549240841,,0.5242973952116423,0.1363636363636364,False,1
-0.30206260853098466,0.94546293868277875,0.12189344570066601,-0.95326245967515666,-0.30051266084607586,-0.031350018266054415,0.0069902433096212142,-0.12566611416183543,0.99204796469220025,2.8223575374060821,-10.262860210650691,-1.2482183523591304,,0.07071394490048476,0.36,False,5
0.72770178816887698,0.67260953517533795,0.13433733913933088,-0.6808122825678089,0.73211765220676339,0.0223244088850688,-0.083335127051140295,-0.10770402275901139,0.99068415758045592,-21.49305495577228,15.619032492644205,-0.078149915189475255,,0.570288774933148,0.2413793103448276,False,5
0.46165431052668354,0.87411370953753742,0.15099841181501572,-0.8849974905677841,0.46545998218106011,0.011244851120904325,-0.060454439546294592,-0.13882444952720607,0.98847004656317783,2.4808175815125564,5.6380038681572522,-1.3743461631355611,,0.1449619290268112,0.2181818181818182,False,3
-0.61262913501475025,0.75518535865856673,0.23319652012585956,-0.78960754654829912,-0.59775247325337011,-0.13860700975583615,0.034719812284259258,-0.26904842461388007,0.9625006388817281,-13.490964922677232,-17.324281370117305,0.017127338731031127,,0.2007257085093255,0.3333333333333333,False,5
-0.93414381410777581,0.32800425621436774,0.14067175434122389,-0.34844425813704571,-0.92346123595822449,-0.16064228787537016,0.077213557977223179,-0.19907926458516198,0.97693680086110501,1.1144750843503863,-9.1469286489884052,-1.0835447559618829,,0.08559373987394674,0.2727272727272727,False,3
-0.81878184890048622,0.53501175976535342,0.20822752177337139,-0.56595224558536428,-0.81309923214948887,-0.13626332740247457,0.096407155481238904,-0.2294167726882454,0.96854199949270392,-18.730737255114718,-0.49454698798194402,0.02215963555003754,0.1960107194469081,0.1530648258682676,0.2222222222222222,True,4
0.72301321991816214,0.6743469429790685,0.15002694530768831,-0.68646188705692845,0.72568565893626746,0.046372427502515759,-0.077601297938965169,-0.13651565810931782,0.98759379992442609,-3.3466422176053472,-17.829654261271127,-0.72943972227616827,,0.1786797552981204,0.3809523809523809,False,3
-0.99536112994966142,0.014838509092958294,0.095058085575239565,-0.022723738529117798,-0.99633906117298521,-0.082414239596038358,0.093487179295300496,-0.084192005729945202,0.99205436014291859,-17.590378549438192,11.152518836020015,-0.20976506163732855,0.1298050846924398,0.09200083943279197,0.3673469387755102,True,4
-0.39948066049407016,-0.91583365529670357,0.040791147533520596,0.91515057887451512,-0.40101274704712947,-0.041087646456769107,0.053987219569663319,0.020916322133560136,0.99832253685446948,1.6015287546046069,11.560692709402144,-1.3128833989609701,0.1774604633676332,0.1545434735810536,0.5609756097560976,True,5
-0.026931682762967691,-0.99906088494353351,0.033941606317300865,0.99943486407879722,-0.027593954778534276,-0.019197034236483914,0.020115589162423345,0.033405416260300816,0.99923943138625437,-2.5221382170247155,11.064895820295909,-0.98788361252394363,0.2077680408227989,0.2170279161523324,0.5102040816326531,True,5
0.48581014881400031,0.8558164593490909,0.17767016411459408,-0.87014192154561887,0.49276880553226948,0.0056516071343417039,-0.082713576142126308,-0.15734386610697096,0.9840738651749138,13.36978032756832,-9.1585050602129918,-2.2827018286863874,,0.1707297146897722,0.4583333333333333,False,5
0.67135234759575158,-0.74078410422143348,-0.022911488614274042,0.74081107443160898,0.66981659828452922,0.050444788254359323,-0.022022201914397729,-0.050839311515702673,0.99846401388705619,-23.5740706711833,10.105062782009259,0.11795002112507154,,0.6059816562662346,0.35,False,2
0.64645533448640868,-0.75643308466118497,-0.099521298946658426,0.76283075557524715,0.6385064194969664,0.10197446057548956,-0.013591867515659876,-0.14183984169170877,0.98979630250183703,-2.8895814335981496,-12.9928686602947,-0.75188728902338986,0.7893943259899319,0.8500182060242754,0.52,True,4
0.95917973664841261,0.23245649386146258,0.16105344226286178,-0.26581972147452865,0.93545607936041542,0.23294162200612314,-0.09650962894077024,-0.26624406481511531,0.95906203630027953,4.5787647828585474,8.512765658330661,-1.4936034491695811,0.3941662674681528,0.2404562976608342,0.5961538461538461,True,5
