axis_00,axis_01,axis_02,axis_10,axis_11,axis_12,axis_20,axis_21,axis_22,location_x,location_y,location_z,dbh,dbh_approximation,score,reconstructed,number_clusters
0.92952704749356974,-0.19803680707006358,-0.31106412686676405,0.26073670525163323,0.94947921861559514,0.17465847804112486,0.2607601167978163,-0.2434556149745033,0.93420207933025723,-2.9968494113770245,8.3315862975148693,-3.1742290142557903,,0.08700384024643269,0.1666666666666667,False,5
-0.0594112582229607,0.98578405736238073,-0.1571626375654443,-0.99559066860850998,-0.04706589121609886,0.081141989522653821,0.072591480051207108,0.16129040310631276,0.98423365258955575,-2.1105061222188231,9.909192452919708,-3.0064250312639649,0.2411609489326617,0.1768229916019038,0.5128205128205128,True,5
-0.94214784609144753,0.17880419922514026,-0.28352512136440855,-0.19517940439874878,-0.98029768487947155,0.030355380387962948,-0.27251135059625659,0.083937520569794061,0.95848424944638488,-7.5187760533129975,8.104469311239459,-4.7917540109292993,0.09655409066266082,0.09747238426656532,0.3666666666666666,True,5
0.85821431410147031,-0.37342340838766541,-0.35216920526854845,0.4513641865603934,0.87573123702472411,0.17136269019194356,0.24441473392988486,-0.30602248049332037,0.92011503588991428,4.1452822544441599,2.7902333199336349,-0.088445743165864954,0.3710101646438649,0.3726381219346272,0.3206521739130435,True,5
0.33645091097085594,0.93278941612659116,-0.12924662343402216,-0.92123702329441914,0.3544816858998478,0.16020324988351853,0.19525145689218443,0.065166245279411783,0.97858583121648768,-16.12167754225127,22.698681451844184,-9.7041441796412169,,0.3324341232046741,0.2083333333333333,False,3
-0.34580286661284659,0.93035454081669366,-0.12190490484020025,-0.93815809376263748,-0.34513348188353726,0.027244647008194886,-0.016726283209157491,0.12378735018048692,0.99216778993540267,-3.8880207201034676,-15.860761077760303,-0.52221375944941784,,0.1123240281179906,0.3888888888888889,False,5
0.28934716124041948,0.93904105702781859,-0.18568821583015849,-0.94025724079464812,0.31518151926964688,0.12875143123131366,0.17942837405311679,0.13734082833212435,0.97413703114998151,7.9631137639151666,10.999305170315836,0.2878101820938424,0.1871907073586446,0.0791679121000578,0.3333333333333333,True,5
0.9207689711144158,-0.22529521271478983,-0.31847538203242365,0.29130630075968506,0.94007653409856895,0.17719127849567018,0.25947088655687089,-0.25592611661379888,0.93122321806555686,4.6474890667627093,-8.8528153894081729,1.4713204499218056,0.2464403202295191,0.2710937492672844,0.5409836065573771,True,5
0.53737185327196324,0.82811556419021182,-0.15954969024408586,-0.8122149731534869,0.55911696183027004,0.16641832945613166,0.22702054685939083,0.040160121259981668,0.97306157871125898,-36.428623678773974,7.7250532403997614,-15.214931850090316,0.5715081132773705,0.5901822787823174,0.881578947368421,True,5
-0.80985978780748857,0.52490067622605385,-0.26192824244407004,-0.55086816264519578,-0.83398042451138188,0.031951821790315894,-0.20167149396063461,0.1701644252752183,0.96455828071425465,-24.221722392511559,21.073476018319916,-12.489699760838729,,0.1125851610559818,0.4615384615384616,False,3
0.51756011755258635,-0.76135624295910265,-0.39047176085621588,0.85139273139452654,0.5036856290886238,0.1463940025348236,0.085217026746547117,-0.40821251616872078,0.90890076465788128,-6.7695162944422327,6.6594391024493493,-4.3784480056634809,,0.08691187880439374,0.2877358490566038,False,1
0.64846348863653114,0.71938347883661757,-0.24896287731761602,-0.71437272911076588,0.68805876720957448,0.12746268775166414,0.2629956421847649,0.095197390946221039,0.96008892762538245,-4.8550073719058542,-14.363309354783478,-1.0350150693288223,0.189616293404267,0.2082177152102808,0.4352941176470588,True,5
0.74109476930691243,-0.58458308634943612,-0.33021380658613281,0.64954021758155123,0.74873648563091499,0.13225422802004913,0.16992954025138529,-0.31250006438277078,0.93459491819221807,-12.978396601968903,12.328535544230649,-7.0655757262758447,0.5325706393446017,0.4039564716907801,0.8308605341246291,True,5
0.58224729351901017,0.80453422226156346,-0.11710155592378035,-0.77559690096429745,0.59285199186149562,0.21673938949908417,0.24379814684358508,-0.03537231906222274,0.96918071722449939,5.7901937914948105,12.506157709540412,-0.65546669738041197,,0.282890678946919,0.2142857142857143,False,5
-0.15734206472348014,-0.89028207306480867,-0.42736554031412111,0.97862527619519546,-0.19859452140325184,0.053411467499894186,-0.13242372695416429,-0.40982684934987101,0.9024998116850379,-10.234543173233572,-10.09933804643925,-3.1172397825441975,0.2535159635161494,0.1799033753958875,0.6559139784946236,True,4
0.32472730522047344,0.90957204514794199,-0.2592891666260676,-0.92764481033758928,0.35975719355031316,0.10024902763888353,0.18446485599698537,0.20797465320128253,0.96058277130490866,-6.8835760092458305,-20.081768003993194,-0.91125447711695617,0.1697443514996079,0.1544153425149667,0.5897435897435898,True,5
-0.37858871858554394,-0.84057627832411752,-0.38743012593050891,0.90495510662797995,-0.42401175490223697,0.03564108153052048,-0.19423397526616132,-0.33711355953669309,0.92120986253339843,-2.9021232978560247,16.877538138707184,-4.2673105500939839,0.1275261477518213,0.1738273989532548,0.3962264150943396,True,5
-0.94289840354728516,-0.15891958981834511,-0.29272370003118975,0.17557545017458392,-0.9839665372144889,-0.031354663737952149,-0.2830474551801751,-0.080959357792022985,0.95568285560740807,2.0068829443960885,-8.2942727811245671,0.57224250139971788,0.8831443703406627,0.3165655257548738,0.6187050359712231,True,3
0.54497991296847836,-0.70140372319220567,-0.45937970302678838,0.8321649506986919,0.51943989926040912,0.19412286286004166,0.10246164789574851,-0.48807274882792467,0.86676790582141405,1.6398750253114116,6.1624756522568953,-1.2947482992041501,,0.317046416646675,0.3272727272727273,False,4
0.41504866051714295,-0.83478916069113684,-0.36174807061754088,0.90949343477766842,0.39100912366292362,0.14118625042358768,0.023586044586682606,-0.3876066593918896,0.92152307409842726,-1.2608856609931327,-6.8209639589931621,-0.71341803453799146,,0.3311177580202584,0.2711864406779661,False,7
-0.16791192840355657,0.96976758174508926,-0.17707744547536028,-0.98496654378216497,-0.15764706117354527,0.070627981233784665,0.040576987685315688,0.18627463997985541,0.9816594453122528,-10.763544743057057,-6.0186494777597694,-4.1448680295634359,0.357617105145104,0.3692040118860352,0.8678500986193294,True,4
0.91192473294099063,-0.27667245887009001,-0.3030604427392064,0.32347570413743004,0.93909580549421989,0.11602817302689225,0.25250099065805515,-0.20384165081244565,0.94588151007975618,-6.2410347936475334,3.5733161662689783,-3.7353983198488057,0.3498076509683593,0.3051543893233255,0.9070727929788333,True,5
-0.65660107738662088,-0.62454964035030347,-0.42286259223657341,0.70158690460002682,-0.71154468214867184,-0.038470515979093525,-0.27685888186670271,-0.32193463939789302,0.90537685384996847,-0.65481593816832218,-11.978183097447166,0.22314982639761824,0.8135353029541239,0.6464543625027731,0.3442622950819672,True,3
-0.4910115359583625,0.86961885403164085,-0.051679011876259784,-0.86766472813988582,-0.49348760469872088,-0.060232080743219729,-0.077881904815872149,0.015265409310456446,0.99684571332821426,23.907804515451307,-5.1297281165731885,6.9632961701295608,,0.4990074084474064,0.65,False,2
-0.36828144777166566,-0.80784620962284093,-0.4601665750847338,0.90579601414895461,-0.42332149975105871,0.018234269943710912,-0.20952889055944435,-0.41010170622239861,0.88764533152290337,-3.4749168404425959,-12.688091021380654,-0.63684035735427269,,0.2495010330854437,0.3658536585365854,False,3
-0.46712682325946059,-0.81605760367641467,-0.34035645795758512,0.85708061231880361,-0.51250134967238081,0.052489909232283812,-0.21726793361826327,-0.26719347684009193,0.93883027803504171,-16.080288964193326,-8.8093014733762534,-5.4388229067390341,0.3866277000149938,0.3816022465670569,0.9836065573770492,True,1
-0.81515221122464299,0.53411263823114474,-0.22416637173613488,-0.54324439548897108,-0.83922704206700249,-0.024155716368873106,-0.20102835448115053,0.10208653949095031,0.97425147633933062,5.3489029233881125,3.3913473950962247,0.29025613741925149,0.2200544819707929,0.1100163154229069,0.3636363636363636,True,5
0.049840353132256036,-0.86249988349156304,-0.50359695211219502,0.99614460995939236,0.0064814007135137221,0.08748661322534422,-0.072193180069187499,-0.50601575313603753,0.85949764533107731,-14.6053865745971,11.825971954890816,-7.5480190567869121,,0.09481688158519239,0.45,False,5
-0.90226498860606119,0.34426954110280417,-0.25960811505915982,-0.35652904908664579,-0.93428422637091035,0.00014666929645844318,-0.24249727316627168,0.092690168968316694,0.96571403898025043,-21.587594638726483,24.676061347073972,-11.905908725527887,,0.1954785506466636,0.4333333333333333,False,3
-0.15462371483545009,0.95405253918168975,-0.25666176047759004,-0.98724918907229187,-0.13926005410960951,0.077108209715248691,0.037822552618610429,0.26531187272785034,0.96342050253409772,1.8613907889554659,-22.175832760327474,2.2061269254319025,,0.6344599920470115,0.8208955223880597,False,1
0.95138647179584623,0.16107787529313428,-0.26252180742730902,-0.076388168650976987,0.94911524017084503,0.30552431747013009,0.29837665621492832,-0.27061814234542436,0.91527984357764058,-20.539784510873162,13.81808396445839,-10.084096643610852,,0.0688234684337774,0.3571428571428572,False,1
-0.93718915321435903,0.19842717082270264,-0.28688525402441029,-0.22095131152043501,-0.97410040480459181,0.048051215353303325,-0.2699203753604979,0.10842075096044979,0.95675907715914543,1.7349476689594712,14.967833504460327,-2.3397271628126601,0.2494319213851671,0.2281203146265882,0.4516129032258064,True,5
0.39116288611520966,0.91618953524383373,-0.087111032801299781,-0.89301814017812264,0.40073860614567303,0.20476125331036493,0.22250887137107089,-0.0023032703082376815,0.97492794457183396,-15.230256838172817,-13.088914766944582,-4.5985752466067797,,0.7550764762736638,0.5294117647058824,False,2
-0.95560244214711954,0.013191753909733775,-0.29436363598659254,0.014323974626953971,-0.99573654880442164,-0.091123812068783838,-0.29431071389493885,-0.091294594603654758,0.95133931942436101,-0.18631984621755004,-5.5243813398897599,-0.58316464078307573,,0.5133570752195105,0.3333333333333333,False,1
-0.26234059578183289,-0.89385645448190942,-0.36359049848127761,0.95077783142469363,-0.30382630144797224,0.060918747687416883,-0.1649209722145436,-0.32971232511005233,0.9295648743333268,-5.0346280161233272,17.616360866594125,-5.1151043583337277,,0.1357378761989555,0.3333333333333333,False,5
0.0003667477420170968,0.99989744172766915,-0.014316826553285367,-0.99697302759142836,0.0014786953845539429,0.077734134813099626,0.077747332759877816,0.014244981095909937,0.99687132206835127,17.511395084824244,-5.2861957358915097,5.1320391570486619,,0.6508364130284126,0.2380952380952381,False,2
-0.4419022631321366,-0.825673566051638,-0.3506929599553843,0.87276442133253307,-0.48609077135138273,0.044699293765195658,-0.20737563669531112,-0.28631961918560594,0.93542312403244843,-7.1266722744307369,-14.070114212932218,-1.7650403404484289,0.1655374571447051,0.1261224343956581,0.396551724137931,True,5
0.19176497134267242,0.98128582571161038,0.017444885308536662,-0.97101788093973951,0.18711482429694087,0.14870210968114678,0.14265507583413536,-0.045455151367132129,0.98872815199778197,-12.75610599215541,-10.738206269622228,-3.9181352756435577,,0.5666323615972204,0.3114754098360656,False,1
-0.65473453404862658,0.7190807445944094,-0.23290678967706718,-0.7425326907747416,-0.66950103243838388,0.020336437612324072,-0.14130779545003827,0.18625587324293341,0.97228640668661126,-3.4648044262651645,25.148288530530923,-5.5198773633929497,0.2211428603609353,0.191064419691664,0.3181818181818182,True,5
0.42257442631329412,-0.8085905950415746,-0.40940457231973482,0.90554159085216679,0.39549336249649142,0.15355594243840945,0.037752900059726618,-0.43562168200347118,0.89933779454971718,6.7220921402835438,-7.6866405621050875,2.0463701509963461,,0.07278687398582132,0.3703703703703703,False,5
-0.51307975719165866,0.83235475469991882,-0.20960611891971942,-0.85263611403573547,-0.52234730031237742,0.012843476881759366,-0.098796861297259675,0.18530747471381151,0.97770154956049915,-19.954780237630914,5.5993047082741141,-8.9746048212843306,,0.1092084213884185,0.3055555555555556,False,5
0.87527466329088177,0.40911974604919349,-0.2579055974454158,-0.36992134104541058,0.90986365326657914,0.18789979750803032,0.31153244652876605,-0.069059147526140133,0.94772272786019218,12.867397520918271,10.111721834024539,2.0558275374122368,0.2226318380683218,0.1495287240263225,0.4468085106382979,True,6
0.47196317565534152,0.84288165688222272,-0.25845942295997815,-0.85442192584662346,0.5095612474487291,0.10154067032988706,0.21728767442695185,0.1729099406916059,0.96067071307090079,-4.580012641555002,-24.079700098971248,0.42842042933035884,,0.1916164589293856,0.7777777777777778,False,4
0.93689381319160836,0.23723622917232645,-0.25680528493662769,-0.17532558867713208,0.95431462990881155,0.24195975925145999,0.3024746613491851,-0.18166606372711105,0.93568505413498626,-1.8857637729791863,-17.263179099932479,0.38267860574717039,,0.2021080166840081,0.1666666666666667,False,1
0.024607264510110229,0.97380875192908201,-0.2260331772100152,-0.995417487718397,0.044766446776897277,0.084498463816610608,0.09240404578656336,0.22291810134956716,0.97044784116045091,-17.23984646601216,5.0710138263892013,-7.8411684146511949,0.126209052294915,0.1041183775233142,0.3333333333333333,True,5
-0.82737416602407532,-0.47584687868444064,-0.29836510761522023,0.47995966208734914,-0.8749217022092729,0.064426219602167656,-0.29170312333769099,-0.089898626516229208,0.95227492080046516,8.0455027116848914,-4.2457695576369243,2.0601107543149011,0.1858910656633393,0.09684647496563839,0.2459016393442623,True,5
-0.94651397239819901,0.16641754043901419,-0.27643534920341051,-0.18452980995651547,-0.9819854078852347,0.040662119200581062,-0.26468858927500954,0.089497826424439375,0.9601719063651607,-1.5026118319598893,15.595855488610281,-3.592273753244474,,0.1288209301271969,0.3846153846153846,False,5
0.89308122239721843,-0.34093779003811675,-0.29354276268614732,0.39397262225395047,0.90771490540861788,0.14435796969121811,0.21723605390412715,-0.2445712039937441,0.94498329247728741,6.2132009388890497,17.497875239178093,-1.0117358781400407,,0.2760184473632156,0.5555555555555556,False,5
-0.72059430654163059,0.65705537661995195,-0.22140929843753465,-0.67412029152547659,-0.73861873186066851,0.0020497556307816495,-0.16219025227612993,0.15073354304650491,0.97517881491921998,0.1143591307254273,6.0494173383041216,-1.873225730450258,,0.0872230284476678,0.2317073170731707,False,5
0.37976475747492539,-0.81437219668580674,-0.43883556629464771,0.92315304123224862,0.36424519649690329,0.12293859968529701,0.059725969591631456,-0.45180013511957406,0.89011765877454274,-4.754249326843893,26.247008865272168,-6.0414379725876612,0.3827322724721051,0.4507555576179652,0.8541666666666666,True,4
-0.41468693018739655,0.89394410433512528,-0.16999614188629031,-0.90949620945961029,-0.41316721935639061,0.04592922629337666,-0.029178672182835166,0.17365709652582184,0.98437382021052722,8.096574447295092,14.763964934680844,-0.050033215311108402,,0.2740512773720706,0.3125,False,5
-0.25031911332351514,-0.87512220229198534,-0.41412736272861284,0.95512317993430151,-0.29318394943812631,0.042224198560199336,-0.15836682940918589,-0.38497311964277331,0.90923904694826752,10.440998181466998,-8.7995689056235467,3.3449451668363399,,0.2573223574854303,0.3076923076923077,False,8
-0.93652206319986764,-0.15300809363641776,-0.31545989986305967,0.21710154645771756,-0.95957919077132825,-0.17909409583877864,-0.27530590924556969,-0.23621240424751483,0.93188537729383769,11.007025785388043,-14.397609814498212,4.323218066041961,,0.3699835221640806,0.1,False,5
-0.25652195587462434,0.92622152619502307,-0.27624295568795937,-0.96652459381515232,-0.24429040786828518,0.078437275411640139,0.0051667886265964469,0.28711649384267257,0.95788173761627726,7.8529758762467718,4.5272874890773105,1.0024948596101215,,0.08618919055371448,0.3333333333333333,False,5
-0.32456562898038277,-0.87620381822633353,-0.35626397714358315,0.92863150874483325,-0.36675346846039564,0.055994770635879598,-0.17972388113676968,-0.31266397665523382,0.93270604385908851,3.0821398092228267,-14.364846350284507,1.8234862239703051,,0.592264463142727,0.5223880597014925,False,1
0.45188415937472864,-0.82400666064109984,-0.3417802360074354,0.890418607417644,0.43997541890387221,0.11651752797234141,0.05436368337979075,-0.35697990696881732,0.93252878558783181,1.8825810063779755,-26.135111980131533,2.7445849093348653,,0.2125806992169898,0.3333333333333333,False,2
0.76520045988939733,-0.56332458667514929,-0.31166274437655539,0.61748820082163802,0.77916644426902881,0.10774030801521546,0.18214438786608356,-0.27489100053008159,0.94406480698967887,10.661143131226355,1.983013421674122,2.1653336704768256,,0.08547910384964959,0.3478260869565217,True,5
-0.93528761753601186,-0.1235278515029288,-0.33162922426541408,0.17531055064026446,-0.97576348593653994,-0.1309649966486377,-0.30741386324955677,-0.18062804161048976,0.93427524170660814,-4.8137894419136726,2.9180119620364744,-3.1362668251103054,0.1713874007450512,0.5503907099483154,0.4467881112176414,True,5
-0.92125288044063769,0.29634041497310254,-0.25194342367562861,-0.30506860153726889,-0.95231914536509599,-0.0046253353594861574,-0.24130121971495092,0.072598924404305085,0.96773091174117942,0.32252268182278931,25.852219226360496,-4.2274831322126385,,0.2386933346815955,0.6451612903225806,False,4
0.91563166553300634,0.28645784262651852,-0.28206481076344064,-0.26282875212764106,0.95745377920593422,0.11917763103578977,0.30420338612231418,-0.034988070567503901,0.95196435583990413,-4.2666584355515917,13.206921462253405,-4.0729832483419655,,0.08444805762859262,0.2444444444444444,True,5
-0.9457456402358404,-0.13446582136232221,-0.29577715743488081,0.15302884368057579,-0.98739472358111147,-0.040420698237021491,-0.2866136022185411,-0.083490135522338887,0.95440140417634312,3.0027046062247527,16.05821151325005,-2.0782743327820539,,0.2576263335981152,0.15,False,5
0.21840472069994124,0.94439864568676701,-0.24578563017593502,-0.96422390613996756,0.24762002317018056,0.094639225236593974,0.15023859958134669,0.21632272684625636,0.96469313309758575,-35.110680126477511,9.0261967839631527,-14.82143728756971,,0.1940284754169885,0.2608695652173913,False,1
0.7484362434800802,0.61425448785021053,-0.25006921762044693,-0.6009921107417584,0.78761244972316635,0.13592318370035084,0.28044905468122483,0.048559789918709115,0.95863980437464558,5.3314015137429056,7.2832893333753477,-0.12487159565746152,,0.08891591140853788,0.2291666666666667,False,5
0.9190647701967356,0.28779014974782913,-0.26925225698468341,-0.26058697887492366,0.95629436906852883,0.13264805361808371,0.29565922042795145,-0.051748520712655052,0.95389083022114729,9.3832692778253808,11.222018422028745,0.76921747197589085,0.1859226899445272,0.153936746453311,0.4634146341463415,True,5
-0.54973692905327798,-0.73121896797840502,-0.40386647509253493,0.80134795353437072,-0.59814753956011113,-0.0078088593573525239,-0.23586175230704265,-0.32793039167906246,0.91478461509355824,-25.193905144357764,6.4099082069182778,-10.938584619869735,,0.2412332177705724,0.1025641025641026,False,4
0.92347333498569084,0.26035087253674838,-0.28180564710409745,-0.23471822131698911,0.9644012310851654,0.1218097781920869,0.30348699502976106,-0.046343161855556855,0.95170791485467576,-12.723606772085205,-15.409065807344751,-3.4188484631050056,,0.2756736837238387,0.2,False,1
0.89987414153032019,-0.29667345145806684,-0.31970516512097197,0.35692416990165143,0.92219359635731557,0.14887614912261021,0.25066245499692802,-0.24808029756012207,0.93574809624032607,-22.857817134128872,16.710476997461697,-11.267580075692363,0.3198171116315784,0.3295938210301754,0.7714285714285715,True,5
0.93319528760572823,-0.19518397003848978,-0.30174454929704303,0.28595227592485806,0.91186169620835467,0.29451577696519987,0.21766453795658919,-0.36112527580887432,0.90675833830635844,2.6920450276196148,-12.493426162919473,1.3261135588902058,,0.2161548815485158,0.4210526315789473,False,5
0.4503246256739632,-0.82242354127706563,-0.34760214364255088,0.88808151986472395,0.45281892247636796,0.079159569996961832,0.092298134251824426,-0.3443465437617062,0.93429466027212238,-1.2385764038414695,20.010973734664798,-3.9814007225438548,,0.1477937510061094,0.3125,False,4
-0.64637963743804694,-0.60616863100069718,-0.46341445283482469,0.70470135658213107,-0.70713200242088969,-0.057968346392900258,-0.29255659680951196,-0.36403835229679293,0.88424358392937907,3.7534852227990743,23.372038172162398,-2.7580241093279638,,0.412118531367652,0.3225806451612903,False,2
-0.46555732438897546,0.87586219681847111,-0.12697161057535858,-0.88234757761975513,-0.47048715332810515,-0.010226965423151255,-0.068695924015392984,0.10727185435862574,0.99185362795431342,-3.5802105163147964,-7.9660893868271447,-1.2143144696102739,,0.3155500979317581,0.4114583333333333,False,5
-0.95265768089430614,0.14239126483912329,-0.2686411560625025,-0.10693555958506594,-0.9840218847940454,-0.14235770559616223,-0.28461927048130808,-0.10689086931955152,0.95266269630273614,-9.6404187075360728,-8.5620760677500023,-3.2070551676559225,,0.4265717810528367,0.1560693641618497,False,3
-0.80998631948585331,0.52806925005692518,-0.2550784769244156,-0.55213520741158717,-0.83327747690892662,0.028202113623948928,-0.19765848067392994,0.16368113397887818,0.96650898153978038,17.440526575639026,2.1303364974007493,4.3074497788528721,0.175534303538298,0.1823284368306431,0.4705882352941176,True,5
-0.56297434302798299,-0.75124697966764964,-0.34451105153890765,0.78909315558672311,-0.61253211798153751,0.046221166658122675,-0.24574759591580364,-0.24582998185999352,0.93764371651513601,-20.886656095311295,13.021970445657242,-9.9887513882689003,0.5429035623445307,0.5274139729981092,0.8914285714285715,True,5
-0.52696058106883403,0.82040247708314884,-0.22192864077318025,-0.84518384045006212,-0.53330211035644692,0.035399645922596486,-0.089313055270110214,0.20622471889954103,0.97442010625454811,-3.0620634348167939,6.7198595906572116,-3.0847511527648646,0.4796134961091514,0.3196309512951216,0.7536231884057971,True,5
0.27747263382786841,0.96044144762345707,-0.023688882700224234,-0.94614428681784546,0.27745670181388671,0.16681956462151334,0.1667930634006613,-0.02387476294163432,0.98570283031748707,25.45066927295596,-4.3117758951987337,7.401717366523358,,0.3549708027669079,0.3636363636363636,False,1
0.8805018589549326,0.39078030083242471,-0.26834163459706989,-0.36261628311314742,0.91983709243308642,0.14969687573710772,0.30532917908073159,-0.034503331224173039,0.95162157002472425,-18.003713441883484,21.805980354086849,-10.269990500759503,0.1472221234298021,0.1324289629512047,0.4583333333333333,True,4
0.95081382768638978,-0.057421097382116745,-0.30439428814580477,0.096528346094880063,0.98866245752138382,0.11501662265936236,0.29433882428341801,-0.13874207243375228,0.94557669908698772,12.733380027451867,4.0423432233790493,2.6329207200112887,,0.09511663338170011,0.15,True,5
0.94276750128373943,-0.15928460942567019,-0.29294684112194591,0.19486764905284659,0.97608069419328702,0.096400610868230568,0.2705846223934974,-0.14796922525735917,0.9512565744849838,-1.24544076496962,2.9314736347781616,-1.9238880893005741,0.3572808468686022,0.2362189417125576,0.8289760348583878,True,5
0.68058566164102063,-0.65830426887706039,-0.32161879103512347,0.71790785943658098,0.68685770817809744,0.11329075017634585,0.1463265612520222,-0.30799671799318229,0.94006731630111862,9.2252059841793717,-3.682809740844601,2.314988006131367,0.2122832096656079,0.2095405832993607,0.62,True,5
0.59501545666799294,0.78192712297707012,-0.18586710488674857,-0.76436359772366291,0.62201871061540948,0.16982642350141325,0.24840470366142003,0.041020702055731245,0.96778737602933051,8.7296522387885123,4.4342357054013606,1.2674133553595268,,0.0803956600195922,0.2692307692307692,False,5
-0.93148340383610362,0.24357567265669586,-0.27020281284202774,-0.23490237449461368,-0.96987599867102836,-0.064509081985927058,-0.27777606598607085,0.0033821430651223491,0.96063990041721081,-17.572737652449373,6.9630630271875598,-8.2644589239830388,,0.1422923521112648,0.5,False,5
0.65726664355748066,0.74532606828927228,-0.11175692906992227,-0.71320565512169964,0.66304001727766027,0.2274107055326729,0.24359444322297596,-0.069763797322795307,0.96736485351391244,10.29428671506297,-8.0076762596112303,3.1733692876851958,,0.2605856228484848,0.3333333333333333,False,3
0.13152044793945106,-0.89296619444979397,-0.43048083272505877,0.99023122964751886,0.098057243326512833,0.099130665598337026,-0.046308569450701151,-0.43931327387305164,0.89713954532969498,-26.904285274242742,11.106371729505049,-12.143530112159183,,0.210871233731016,0.48,False,4
0.30078271245139826,0.94701114419138599,-0.1126927356474336,-0.9375427259835748,0.31527159855579456,0.14702875942944615,0.17476669260951175,0.061430545507888373,0.98269165623451638,-15.17706790841503,16.88845567158069,-8.5419049793439417,,0.108116056270584,0.3448275862068966,False,5
0.45969267878762565,-0.79723841769841808,-0.39127170408142131,0.88573871130881776,0.44354251687360985,0.1368830559799796,0.064417205450496937,-0.40948863362875654,0.91003817643591312,-6.5315659199997818,11.539284118737942,-4.7722730790621037,,0.08019225190210263,0.2388059701492537,True,5
-0.37605547779473486,-0.85885696890577423,-0.34777432996493601,0.90927833127961954,-0.4142749579179042,0.039864464219022712,-0.17831206881735367,-0.30123241227348901,0.93673039873272534,0.94466132632146649,1.889470960875745,-1.0958495100659478,,0.1576872534062353,0.2112676056338028,False,5
-0.65399662859129282,-0.65956004499895027,-0.37049825483017618,0.71699288215772272,-0.69661344542891845,-0.025513027707691871,-0.24126669211970569,-0.28233004567108122,0.92848270236175157,-0.60453408178361645,-13.83091232596848,0.43767975084417454,,0.3255018201550322,0.2307692307692308,False,2
-0.9105332375624503,0.32960333552395432,-0.24958137852317216,-0.3441577236385075,-0.93877896770217562,0.01579591909320098,-0.22909536126688385,0.1002780684473024,0.9682249864749799,7.8465436753429758,-10.161445974530908,2.6821870189867307,0.215854505169798,0.2302372082616191,0.2631578947368421,True,5
0.75229351572634306,-0.49718411422153619,-0.43227586419073194,0.63669547192169118,0.71728402901616017,0.28305917712160178,0.16933204726369028,-0.48817166886669067,0.85616299819917263,-12.26898117083298,21.529731097284422,-8.2028360298253151,,0.4296219418492996,0.2790697674418605,False,2
-0.8842683412412965,0.39554651801143154,-0.24821855846692434,-0.40270693723032958,-0.91502708223873686,-0.023506626219663471,-0.23642466746287927,0.079173170068501719,0.96841880700261629,-4.4949754183518174,-21.177105577196969,0.022799336717173466,,0.4375279676247507,0.5714285714285714,False,1
0.94436219259510989,-0.057504084966517779,-0.3238415189704994,0.15003104591264682,0.95150989615551318,0.26855093144593978,0.29269563450675867,-0.30219562824483093,0.90719736982114219,-3.1568272675080276,-26.253777743877926,1.1046642860364901,,0.3610917549669953,0.2,False,4
0.35042264119791544,0.93651904583603307,0.011664018271766496,-0.91725359386654215,0.34064312209813191,0.20641731493784732,0.18934047922932443,-0.083032163368205153,0.97839452306909735,-24.349784060914288,13.482941188518563,-11.495652563008615,,0.3593559648811627,0.131578947368421,False,3
-0.95644758036229105,0.053405862060700283,-0.28697707210973128,-0.0042280031695855333,-0.98555238643461007,-0.16931809584992596,-0.29187351714110421,-0.16073054311673374,0.94285499547973084,-9.1699898049932251,20.82084122943143,-7.0527017076965999,,0.5318456039593084,0.2068965517241379,False,3
0.76080437629747977,0.60155761344137249,-0.24352646410056358,-0.58367051897722066,0.79829689247103708,0.14849510681482675,0.2837347815891883,0.029163490562781613,0.95845921380866794,13.827812617721445,5.3114214996637559,2.9211078964727086,,0.3262773141067825,0.4864864864864865,False,8
-0.056710604342586457,-0.94269560820050824,-0.32879917523402008,0.99344706697977314,-0.086014281316350402,0.075262663511977038,-0.099231207109376413,-0.32237638512940897,0.94139610889705205,10.223989368860034,10.841626576392349,1.0557941829978805,,0.1026825270266118,0.6818181818181818,False,5
-0.95283622960871073,0.12936714959333065,-0.27453098213344418,-0.10043977442560177,-0.9880410783486,-0.1169900816696442,-0.28638256102352122,-0.0838985584013969,0.95443494311544197,8.3380161071030621,-8.1301729643611118,2.5778332454970836,0.5479874618588358,0.2548608464863156,0.3333333333333333,True,5
0.8248002912983613,0.50554169098560242,-0.2532431206361927,-0.4838840706557046,0.86280031565767812,0.14639611151488024,0.29250758219199174,0.0017927566565739406,0.95626152300705203,-11.634175221528745,19.712239438789531,-7.6058050651846747,,0.2197415728786077,0.2857142857142857,False,5
0.42611149491310701,-0.71609518199137545,-0.55284417717079837,0.90313420205134232,0.37231777193699905,0.2138412724077243,0.052703007390498532,-0.59041270906765608,0.80537893316338316,-32.353240649995975,17.428455786714682,-14.735375681510993,,0.3644136364012597,0.1176470588235294,False,1
0.12443416142017591,0.96418600070111737,-0.23422530931486071,-0.98369310833295509,0.15077260447769117,0.098058606747506341,0.12986149579419615,0.21820398206952651,0.96722438664412069,15.479948829962721,-8.664205157293404,4.8668885347267832,0.6303047370681426,0.478292457024495,0.4285714285714285,True,5
-0.66760008568624796,-0.63695262777733752,-0.38548861923441968,0.68041360697575148,-0.73215531669320688,0.031399294261461964,-0.30223740508739561,-0.24132953032195373,0.92217818709868826,-6.122457752366179,7.474877543458506,-4.1833023007657424,0.2570905160662972,0.2506990196230883,0.6749311294765841,True,4
-0.83563255219955057,0.49653879384564958,-0.23487755088721229,-0.51908953462328034,-0.85368396405439806,0.042068332043915753,-0.17962263985659965,0.15707614625613422,0.97111420107434832,-25.595905788110336,15.401617332525383,-12.121396402784921,,0.2202767604493855,0.7105263157894737,False,4
-0.67187560717618255,0.7206918511176037,-0.17084034714995927,-0.71649768332049035,-0.69086715880848104,-0.096610758594826707,-0.18765457169492852,0.057496300859963323,0.98055083351625094,-2.9382610950654482,-9.9438810050765554,-0.81498101578806603,,0.7598010818754117,0.5789473684210527,False,3
-0.9518433102879712,0.10241959716953833,-0.28897151896971934,-0.05889562597624947,-0.98607898871888355,-0.15549769531414226,-0.30087475450908657,-0.13099028255093423,0.94462475511513222,-10.53776122197765,-14.671742530271688,-2.8609122572337666,,0.5597733833276569,0.4897959183673469,False,3
0.19464293146072989,0.9806307619183624,-0.021850354957894336,-0.97031866896030594,0.19575981401449269,0.14198512557346216,0.14351240329488657,-0.0064345937263842745,0.98962759970814407,-0.92536598547779814,-3.5660679601390832,-1.1253875748931592,0.8050307629141411,0.6556774951821527,0.3747927031509121,True,2
-0.96025892305607508,0.082541052167502182,-0.26662665920397033,-0.073429500225951364,-0.99633010727458649,-0.043982108121137897,-0.26927849744781973,-0.022655949445877115,0.96279582402862118,-23.40820165636044,5.3688036044817533,-10.219168796576783,,0.08549385228793877,0.3055555555555556,False,5
0.21839038151000961,0.95128563116755815,-0.21762649011104895,-0.96140587573880687,0.24797959467848366,0.11918415464311452,0.16734510258388585,0.183198713306718,0.96872795359892083,-12.39668969705637,-20.969158585716954,-2.6123524253466415,0.261741684007322,0.2644549214723549,0.3888888888888889,True,5
0.51025712666742074,-0.71610221578570021,-0.47627227636292246,0.8563393887624664,0.47424254932041632,0.20439387385144153,0.07950167255494997,-0.51214414080499293,0.85521217431704188,-23.513619631543044,8.5007650112248001,-10.59301925535242,,0.1728588986457202,0.2,False,5
-0.17127710170858912,-0.85694586656791449,-0.48611514706134507,0.97568279029366889,-0.21603163821316612,0.037059735774794912,-0.13677443896820601,-0.46794669895523711,0.87310860709411786,-15.466237481643983,-19.141318071079723,-3.7458241105597927,,0.3113384616367305,0.3333333333333333,False,1
-0.35502342383013491,-0.87536312826347273,-0.32817337218110371,0.91569395746380688,-0.39632846173665132,0.0665456736515075,-0.18831607683944995,-0.27688110100591645,0.94227061458455319,-15.933039459808402,-9.6119892793242965,-5.2533379904408939,0.4592394809878104,0.4687222526792588,0.9259259259259259,True,3
0.19430434142580685,0.94222018617290515,-0.27288632005173646,-0.9703273143119352,0.22542758035756694,0.087448894300151875,0.14391221631004739,0.24779735023286265,0.95806354028023721,-12.737516572414496,-4.2607822401361588,-5.0562037389089802,0.1874722353500857,0.1234537471023503,0.7326732673267327,True,2
0.75474276444085719,-0.56010504243453607,-0.34153433350628315,0.63354409502458742,0.75742462226406182,0.15789180234458478,0.17025051889392545,-0.33554475562516484,0.92651199549104557,-0.14379669672172715,-22.555331247104974,1.53260274798935,,0.1288151162834819,0.2380952380952381,False,3
0.73789943903932997,0.62472377141513435,-0.25539112610717929,-0.57468541939951601,0.78001839417154606,0.24760446983777429,0.35389417428808401,-0.035937642979105344,0.93459477808409652,19.12029247470015,3.0102191054698326,4.772844105737537,0.1710784011780363,0.3223107822190298,0.3333333333333333,True,5
-0.59292361910426361,0.79104245639901583,-0.15064333401286695,-0.79757196951208764,-0.60268264232361146,-0.025545764628176662,-0.11099790699337694,0.10500221338638546,0.98825806337567945,0.44164857644333283,2.9293650160942901,-1.3233120606424187,,0.07783764270221898,0.3406593406593407,False,5
-0.40598093455628692,-0.86162197324704715,-0.30460967810407741,0.89141859470414875,-0.44680363433322734,0.07575883685947904,-0.20137618973574167,-0.2407780877997111,0.94945960558784703,-20.036340879833386,6.9627545975620553,-9.1202406763086064,0.3332947443873527,0.2929057443573211,0.9116022099447514,True,5
-0.5709443241526414,0.78876819987174163,-0.22774394742556223,-0.8143821375616872,-0.57924416069906404,0.035467397938039033,-0.10394379605508978,0.20572051226635218,0.97307489850192364,7.1436931318156631,8.8394876851586019,0.33506808110775504,,0.07714118287794565,0.3846153846153846,False,5
0.93406996081478233,0.2602542722575189,-0.24450157888075286,-0.19032568691792395,0.94218723478208666,0.2757885920644762,0.30214142583017667,-0.211070908429833,0.92960186661382815,-8.6032608308909104,10.659865424974756,-5.3748323609752813,,0.08554473218799376,0.2763157894736842,True,6
-0.76535065774254663,-0.56884816967194041,-0.30108160115479604,0.57744266539372224,-0.81349980817539602,0.069123297675881643,-0.28425048614918147,-0.1209538009302651,0.9510898165601801,-20.495191888411732,8.9357241979440207,-9.5403469460030283,,0.07979303906839345,0.4117647058823529,False,5
0.83833723074996547,0.50162841315838869,-0.21344700197162972,-0.45422235922338022,0.85924518164555119,0.2353290594050183,0.30145105062020677,-0.10033271117188597,0.94818806739426587,1.9249775370602602,-4.6685785851807706,-0.056218115806465088,,0.09340236688246835,0.3018867924528302,False,5
0.80790282164045546,-0.50690810766329408,-0.30056147652453646,0.55419684974125882,0.82694771430093017,0.094991207747519874,0.20039681265493189,-0.24331388821373531,0.94902026810814666,2.0552478447991143,-6.5201410350104476,0.34256607274687983,,0.07457254700157859,0.3333333333333333,False,5
0.89810576707626744,0.38111740355781315,-0.21944374187864152,-0.32226325103570319,0.90987180172598559,0.26130384891120023,0.29925311723731152,-0.16395983998912378,0.93998124592700916,11.18969927124045,-5.6312765234395146,3.1884950958719762,,0.3874544094298117,0.1481481481481481,True,5
0.84206013466003049,-0.44001847754915902,-0.31195908230351732,0.49447403205277657,0.86078893478295515,0.12057297118631383,0.21547659093693244,-0.25578535761561144,0.94241375710865583,0.3297000363200096,-20.013198917831595,1.4939817062006144,,0.0982161514582926,0.2380952380952381,False,2
0.17258083785796777,-0.91727540434844279,-0.3589173818327055,0.98439831273504974,0.14793306499936229,0.095266836644673419,-0.034290177728181291,-0.36975889557561264,0.92849477265845415,-9.9323005181006376,-2.8151228124424206,-4.2111203342293884,,0.07246487880554447,0.248,False,2
-0.33930445824646327,0.93767544717619022,-0.075081558168481805,-0.94057801669202201,-0.33934206199116701,0.012647508817419884,-0.013619072280363367,0.074911419199719192,0.99709718690993587,13.09676702841328,15.138085734884541,1.6478049320618231,0.3584387532431543,0.2977434870347617,0.1,True,5
0.54288822033572903,0.82334925662264513,-0.16543391985818015,-0.79906879160605837,0.56704086406205734,0.19988427843377127,0.258382364920555,0.023678262239728104,0.96575250110748789,-19.30010796306588,9.3508811429339911,-9.0371549505749211,,0.1185391176204844,0.34375,False,5
0.0045338887638834797,0.961401259527635,-0.27511281691581674,-0.99637989479138178,0.027698387187762529,0.080373531729752465,0.084891395960918603,0.27375247492191873,0.95804646722689424,-5.4928521823166578,11.874837471197909,-4.4562663140245391,0.6468419169429995,0.3480174550805404,0.9302949061662198,True,5
0.2376665665226696,-0.9026661452159781,-0.35875957609275511,0.97133974709718074,0.21945302844568215,0.091320665871447992,-0.0037011979832920344,-0.37018130502085922,0.92895215299096168,16.805381114265568,9.7963946501351433,3.4390658090336941,,0.1655827503657327,0.68,False,5
0.93461748932631972,-0.19200604266505122,-0.29937239055309395,0.23997223903232828,0.96171297061125915,0.13236875255089206,0.26249471068800367,-0.19555521403985809,0.94490988201132042,-2.2125383593777195,25.75217861025039,-5.0720804231396812,0.2504598942138644,0.2263499182966665,0.3333333333333333,True,5
-0.93854634692178573,0.20842492496940235,-0.27511780264328345,-0.21991651332342019,-0.97545391482975197,0.01124220667748535,-0.26602158154450473,0.07105427991900537,0.96134479114298566,-18.820285839837805,11.212587813035928,-9.0815914581646133,0.2413471908138164,0.2000760245981455,0.3425925925925926,True,5
0.68718762218175411,-0.60662653680334566,-0.39972167412609461,0.70383527130033485,0.69223478245940429,0.15945819774149722,0.1799696718721584,-0.39091591269653103,0.90266032725874656,1.1112766142416679,-18.002015995728815,1.4909608802741934,,0.5676939251018198,0.1621621621621622,False,4
-0.28727789710712048,0.9262260295787148,-0.2440834938388117,-0.95781658452705887,-0.2798251634021991,0.065461960953311096,-0.0076681313650029254,0.25259299289129761,0.96754223665098293,-8.8459743352028735,-16.888529331577338,-2.0140708847044229,,0.2125594302256946,0.275,False,5
-0.50241079917822173,-0.69074105429321564,-0.52005786676388044,0.83453166374247667,-0.54471429749109057,-0.082723855809563665,-0.22614219217190434,-0.47556611530121129,0.85011562678085195,-17.549853958794909,-8.3776410818730689,-5.9384587249899807,,0.3811453375345638,0.2857142857142857,False,1
-0.94408903178835712,-0.043391715575189886,-0.32682267221899441,0.051272911359586622,-0.99856386375288086,-0.015533787935657448,-0.32567927262513102,-0.03142242871516826,0.94495801089572551,-7.334121362861187,23.618362088051505,-6.6892989488100083,0.6287499320339363,0.3668950423761612,0.3529411764705883,True,6
-0.49833764081984694,0.83760287571175318,-0.22378788694098703,-0.85578421800369597,-0.51658492018853175,-0.027809934369066397,-0.13889912871545487,0.17765540473965669,0.97424103239849091,14.658372878320227,4.042098136195329,3.3078615941830454,,0.2511115704300635,0.6818181818181818,False,6
0.38680544096458835,0.92075876118831346,-0.050841464722730989,-0.90028571279900926,0.38899268703007439,0.19537227225761286,0.19966768934950541,-0.029799213615210013,0.97941044547102141,-15.589533739627921,-24.560266501950512,-3.1549759033145683,,0.6575370925513866,0.3170731707317073,False,2
