axis_00,axis_01,axis_02,axis_10,axis_11,axis_12,axis_20,axis_21,axis_22,location_x,location_y,location_z,dbh,dbh_approximation,score,reconstructed,number_clusters
0.90571405464464694,0.41474076114848446,-0.087590822927576237,-0.3653088775051887,0.86851583834659996,0.33500695896802318,0.21501505815884947,-0.27142280593767243,0.93813548338279362,1.475400999929847,7.7359497396871166,-1.7618815412060675,0.2243252825512801,0.2160810641113104,0.3,True,2
-0.45029951175319455,-0.8363759363050367,-0.31257901862522486,0.86713657763498697,-0.4930979959240987,0.070203433983824323,-0.21284855048206974,-0.23943612840486642,0.947293953834907,-3.3624337722212183,-15.673766101026757,1.1151506572084586,,0.08988466165189044,0.75,False,2
-0.62400471844723437,-0.75295363706863738,-0.2089950520483613,0.7485984102960076,-0.65271755913843021,0.11644830653409757,-0.2240949161803481,-0.083789070990667888,0.97095873245192166,-17.407651347448109,13.009036892354604,-5.917178835914509,,0.09812065684135542,0.4117647058823529,False,3
0.077661591803976249,0.99599624307770185,0.044273704764532129,-0.98410267921069516,0.069468560693427051,0.1634504079086887,0.15972036166001402,-0.05626369033655737,0.98555761030033529,10.758428234730719,-8.3593321145622372,2.7464190365685495,0.6673758232706937,0.6290923425990899,0.3773584905660378,True,5
0.77763563310771733,0.61662199083744906,-0.12271977239557025,-0.58382568708810523,0.78065511390133147,0.22299139049703531,0.23330321304530233,-0.10175909568859262,0.96706499121174783,-18.690319043271806,-7.602276324946085,-2.7732760898302415,,0.1043406522150966,0.3157894736842105,False,1
-0.022491921787897756,-0.93868460272643151,-0.34404262825790888,0.98577110101375442,-0.078163142709177832,0.14881484982338311,-0.16658166123681942,-0.33580014849035922,0.92708619362680345,-13.407658581232518,-5.6706969399061462,-2.2522568295733332,0.814498341391551,0.7587024772237263,0.5885167464114832,True,3
-0.36657663202844898,-0.81777209750580671,-0.44370076559730481,0.90663148310584529,-0.42105859190883493,0.027000296684418501,-0.20890410884416899,-0.39237540534633997,0.89576817011284804,14.820631118560813,-0.48703098132456818,2.427445750254718,,0.2656520956211648,0.6,False,3
0.080691586353017111,0.99186727685126408,-0.098428517226929871,-0.97950953099799742,0.097190852512621079,0.17639449218145592,0.18452627611242078,0.082178119347721845,0.97938593522908768,23.12207786868974,-1.288941868028999,4.4236829279793302,,0.1869687729073939,0.2,False,4
0.0866507129224907,-0.96199909860366928,-0.2589389662367434,0.98768815199115712,0.048973816245159119,0.14857213648150919,-0.13024503202164339,-0.26862483058740988,0.95439872800919423,-3.0717245202207142,-6.3564135934464394,-0.50176286563318184,0.5286580353072625,0.4385414915935288,0.8389513108614233,True,2
0.89365717185339477,0.41310353836380814,-0.17527785309700419,-0.3871088545260537,0.90723482343668049,0.16453482880941339,0.22698809207207302,-0.079186120849035577,0.97067294405601046,-2.0746878737397521,-6.518316750067493,-0.33036799404064227,0.5543138324665686,0.4445924394430885,0.8664688427299704,True,5
-0.72564189037945959,-0.65728762423122811,-0.20351124283191965,0.64816425018453039,-0.75223611011793268,0.11842271495522974,-0.23092629064108416,-0.045976229370292193,0.97188437307307285,-14.169817468293319,-7.0795960698072049,-2.1628676544208809,,0.08075565076102183,0.3214285714285715,False,3
-0.56506531943374205,0.82418550204382968,0.037675495935737408,-0.82490567348436594,-0.56522243096760361,-0.0073643319030064214,0.015225459814010869,-0.035240058907915317,0.99926289014534064,-19.802544209174727,14.36128161884824,-6.6352345701661193,,0.2076887130380024,0.2,False,1
0.18705974967603589,0.98222951593343977,-0.015291438137094687,-0.97181360320023646,0.18730485234613234,0.14316149245718635,0.1434816039989594,-0.011919325348165477,0.98958120384187354,-24.944449356964309,6.9921224484970086,-6.2562166139000936,,0.168817533490938,0.4375,False,3
0.98136407429132466,0.026535679831612875,-0.19031660827738178,0.030530133392995405,0.95630723803419382,0.29076515857031254,0.18971680116778841,-0.29115687211413582,0.93767542954658667,15.347774682870527,-4.5625542416018643,3.1902229813012566,0.8402140538771302,0.6871750286343672,0.6732673267326733,True,4
0.74564118192435835,0.64747843285348372,-0.15745128391995672,-0.62259584764109521,0.76116393279449834,0.1816696945362069,0.23747344760733172,-0.037431890179490265,0.97067255821882525,-10.629969744380549,-6.3953042576665657,-1.7188619107340495,,0.08394145528856603,0.2307692307692308,False,5
0.96683511564476932,0.19284053380919597,-0.16745861481676894,-0.14734054423647558,0.95670065841956697,0.25102711846266235,0.20861597057815548,-0.21802838966463214,0.95338502092280764,-2.143284599710626,-8.1080390036965024,-0.055332376072840708,,0.2944433900051273,0.1875,False,2
0.37264372156616565,0.92797422933171714,0.00069747654006593884,-0.90570244747639095,0.36353622475254216,0.2180469901831833,0.20208842968511098,-0.081885548107557604,0.97593802241665484,-5.7025474013077684,-13.880206544009656,0.44707523163844165,,0.2073863101915932,0.1764705882352941,False,4
0.20352549687682614,0.97619881819549725,-0.074921555474758275,-0.96723923487337571,0.21233668674746717,0.1391452262302833,0.15174200025902429,0.044147466686371595,0.98743372767116244,-11.300293298559781,5.799156297442285,-3.7824146090189386,0.2847770321513269,0.4119879104939746,0.8511363636363637,True,5
-0.87470800445262509,-0.43735170307743987,-0.2088286253409013,0.42739761670941911,-0.89925661650220468,0.093106470817644435,-0.22851079663249205,-0.0078118814808770115,0.97351003607056541,-16.628087228140931,-18.423786718561029,-0.57087123486575231,,0.07248610851113463,0.2631578947368421,False,1
-0.97183016433464375,-0.1370477754249689,-0.19173950803203121,0.11591798631763471,-0.98629229073128488,0.11743312008159479,-0.20520514646899765,0.091898990718619317,0.9743949011399512,-2.8228120440619242,-11.672208496240806,0.41217833444646623,0.4366503381889555,0.3755775188025355,0.8288770053475936,True,5
0.45160494239115856,-0.85614748677527908,-0.25112637634516322,0.8910706153224176,0.41852042048801424,0.17559560399812044,-0.045234218428168882,-0.30307117732128541,0.95189375823160194,10.949424854547511,-3.6768789219846987,2.0163110439724181,0.1444789375864932,0.1177348780948248,0.1470588235294118,True,5
0.98214394422125473,-0.0280529105692175,-0.18602770502834656,0.069195793550278953,0.97337178173720573,0.21853905068130616,0.17494346225128052,-0.22750913987428026,0.9579323443172808,-14.584110675817467,-11.484038898286606,-1.4500041222865665,,0.08027672279425885,0.2173913043478261,False,4
0.9294672129561401,0.3442491797534365,-0.13260166770682869,-0.30222476845844026,0.91669341305047913,0.26140653358343408,0.21154406011464458,-0.20289329389842076,0.95607710040627025,-13.377752186308824,15.027536345905217,-5.5324382141421422,,0.2285352012349335,0.3888888888888889,False,3
-0.16599769791775371,-0.95065119669494036,-0.26212032830073956,0.97183015919312565,-0.2028028191211213,0.12007147137931361,-0.16730482948401026,-0.23480485254569816,0.95753630492651431,0.27841993219586636,-11.99327689045268,1.0547276183298213,0.2815672486862588,0.2312073155217559,0.34375,True,4
0.55995683716895472,0.82834357193358144,-0.01718334496122001,-0.79772181205649617,0.54462701752554077,0.25888476654784914,0.22380404615877841,-0.13125676598770047,0.96575535737856977,-30.881787778743018,13.238643707716866,-8.2927150110914898,,0.2363238787805254,0.1578947368421053,False,1
0.76109666354085814,-0.5995638190486603,-0.24749766793802289,0.64684850118573722,0.72989955917310423,0.22098337048898997,0.048154805167710424,-0.32828320152985879,0.94335107692341469,-9.7210276297883524,-18.173765539971935,0.52406555850496683,,0.1379816619629252,0.2777777777777778,False,1
0.018368565668216836,-0.97511037940083822,-0.22095778732610266,0.98946883161934662,-0.014006178388875534,0.14406685330354718,-0.14357585816960733,-0.22127714511827429,0.96458405439814765,-7.134065395816604,4.227936606657952,-2.8820317186622542,0.1688869527017276,0.08965733675177524,0.5558375634517766,True,5
0.93531274685025467,0.32482648987165808,-0.14027764275567739,-0.27870853052665773,0.92061774435425026,0.27346759184913366,0.21797160501107232,-0.21668114882875913,0.95159742493932087,-3.2451482091870432,10.179710706064,-2.9859360546249496,,0.4971370497657708,0.1551724137931035,False,1
0.97559665497604375,0.15748593020395876,-0.153001139170103,-0.086087192328693704,0.91537816292937091,0.39328337639546113,0.20199050006502262,-0.37051450797485019,0.90659739535454087,1.177763495420916,12.213020574961435,-2.3442608212297684,,0.6767122374394569,0.4333333333333333,False,2
0.98148076166715248,-0.04379525240345751,-0.1864872390920701,0.084317159623785068,0.9729054450490725,0.21528030933376791,0.17200619486007654,-0.22701755628317191,0.95858066852455004,-1.4003683087899299,11.920073666345008,-2.881028405271358,,0.1224979324568017,0.2745098039215687,False,5
0.9018211017591653,-0.38013548848106732,-0.20546462181880876,0.41819321723339881,0.88750113985038637,0.1935359393607432,0.1087802072155829,-0.26045870529035153,0.95933733866487736,8.3478869164130405,-4.616047778662411,1.4930797164114116,0.5885786903218537,0.5208346084466013,0.9695121951219512,True,5
-0.94511548956237801,0.3119078857486095,-0.097314861131799296,-0.31123189763979414,-0.95006898256760375,-0.022441797042428158,-0.09945560457209926,0.009077398900189014,0.99500059474776548,16.542009136653359,-13.055909223515306,4.895308932380491,,0.5845355852509652,0.1923076923076923,False,5
0.9752886994919665,0.12859356005361192,-0.17965424836614691,-0.076050288168587304,0.95886491710942168,0.27348569323863281,0.20743265488524687,-0.25306474872940893,0.94494969529482231,-1.1934050014342994,7.8772426392314037,-2.2939732548107665,0.2137011048897935,0.1461249723701379,0.1818181818181818,True,5
-0.60364228935561481,-0.76903730475832222,-0.21023227723536636,0.76738534074964393,-0.63196524974855151,0.10834972040944207,-0.21618447054325007,-0.095924694423838802,0.9716289043125611,1.3628030043855219,-5.8722831675859499,0.20617135590845903,,0.1154749134105558,0.1020408163265306,False,5
-0.56730207351445616,-0.7739992525823276,-0.28123569188173653,0.79221598442862617,-0.60618277335038984,0.070258660028604467,-0.22486038201956221,-0.18294152698398092,0.95706332408194816,-6.7765485346604004,3.3195306894063679,-2.6949412510410431,0.2019276995158139,0.1648198683652436,0.5675446049277825,True,5
-0.37937825010676324,0.92398276663322698,-0.048249251918955516,-0.92281046866130934,-0.37408867434130849,0.092078785062892909,0.067029711882316156,0.079457603125006021,0.99458207656814501,-8.9597306635065888,-6.846875282206863,-1.3577820706774113,,0.2154390463177923,0.3666666666666666,False,4
0.74270365376930325,-0.61117111825425663,-0.27360765137248694,0.66836880871503412,0.70157752705990639,0.2471277181162656,0.040919655601837662,-0.36641347919576833,0.92955190497845741,9.0803755078200847,0.72556093989325587,0.93605284226302321,,0.1440627370477036,0.2857142857142857,False,5
0.90430734762613496,0.39496972669671732,-0.16194794232254078,-0.36338335430496793,0.91132511746797051,0.19349177782546698,0.22401062216657225,-0.1161268498888611,0.96764342393850578,-10.778424151248155,-13.320092412825273,-0.52584076966816673,,0.08127866003230798,0.4482758620689655,False,4
-0.93561309206710219,0.32168906389951196,-0.1454107565487911,-0.33080749020788597,-0.94272051513493271,0.042946883077664366,-0.12326616070518104,0.088284633494073408,0.98843880797640737,7.9427491100620884,-3.2414623726155853,1.2600657513027174,0.6988189237045734,0.5898088534717627,0.61,True,2
0.48883614409819354,-0.83938444580360161,-0.23764043504040211,0.86319965941193499,0.42599635447801121,0.27094917228617793,-0.12619656181659805,-0.33758089121635138,0.93279878305626251,-19.334599879698281,9.5279612610800548,-5.7172003270430602,,0.2872727194471068,0.25,False,2
0.95774159798456526,0.24191769430131013,-0.15558554133951547,-0.19649419715682745,0.94532143109711642,0.26030255932701557,0.2100501415702119,-0.21873093309460939,0.95290908114777439,-12.73105002054511,-2.0784182138100724,-2.7791137614847541,,0.06984710289338956,0.1904761904761905,False,1
0.81567536018592535,0.55352181643114984,-0.16818830375600113,-0.52738134701933792,0.8309662343116917,0.17709893350868902,0.2377869247911443,-0.055755862190505712,0.9697157636285817,16.109353326835581,-3.6422682295130122,3.2310983741650352,,0.07629181292196874,0.3125,False,5
-0.71732012505457488,0.69526451807026812,-0.045377176027237259,-0.69572013958090917,-0.7182746008276949,-0.007421939593929533,-0.037753484252571912,0.026245908601792017,0.99894235404674714,-6.9769921708215321,-11.79262494797754,-0.19660828850592335,,0.58069603800451,0.4411764705882353,False,3
-0.93810223141191884,0.30426512725053889,-0.16548998688498989,-0.32112501576535468,-0.94308658268862644,0.086408459090482226,-0.12978030539986204,0.13420294293309754,0.98241877142001732,2.6524470750908451,8.1569406890027203,-1.5457350441935316,,0.4554336813318897,0.3333333333333333,False,1
-0.80933716698878,-0.53978723598172507,-0.23152341134707449,0.53726310841152647,-0.8396580496907442,0.079515482325907827,-0.23732193845188787,-0.060034152452973,0.96957423546043808,8.6370959594375964,2.8248137114088654,0.48967133473279434,,0.09427782139384494,0.4,False,2
-0.85323131617219028,0.52085764161861303,-0.026526180851532327,-0.51453696982691077,-0.84899951909190763,-0.12021448857375952,-0.085135349793212009,-0.088922065592327473,0.99239348973397723,7.7158180827714355,0.93487137223270311,0.60512342369661831,,0.3533917408622775,0.2380952380952381,False,1
-0.6574899316680739,0.74378532673703956,-0.12037598384140683,-0.75335420381553675,-0.6516696824043976,0.088227368930567526,-0.012823156731874966,0.14869436023476773,0.98880005758788414,-13.721138071598785,0.47003847313759356,-3.3074370294722133,,0.1385622040227342,0.4225352112676056,False,1
0.94363357002787307,0.29921730631746607,-0.14150861852399604,-0.26099238747977277,0.93557696105838217,0.23786282520471652,0.20356487711306781,-0.18752267472730061,0.96093526695041187,-15.607886582512231,-25.626262907829684,0.8221102010029282,0.4894326243197549,0.3583485202186147,0.5526315789473685,True,3
0.95090899416307617,-0.24683798368268059,-0.18666305106055728,0.27919830162218201,0.94444819472489938,0.17339525902448716,0.13349304547824439,-0.21699911818334328,0.96700102870503479,6.0811361806082642,0.96948393232789498,0.17550513184593677,,0.09288161492001576,0.3108108108108108,False,2
-0.54274917997288175,0.83688535066656733,0.071036874075796896,-0.83961656193630951,-0.54280224331517613,-0.020242370766867301,0.021618431048887804,-0.070630266116647328,0.9972682733082785,-8.3275053727394095,9.4758885657202221,-3.8485640961119021,,0.3112413503028852,0.1639344262295082,False,1
-0.40592201229593755,0.90911712144607115,0.093452551742720769,-0.9120533824069339,-0.40948559319372779,0.021912932411066732,0.058188895621826886,-0.076338774291902334,0.99538256161433791,9.4281119778022227,-4.0447936922869641,1.6847527631413723,,0.218179386275126,0.1764705882352941,False,1
-0.36904549435181361,-0.86701778186694789,-0.33479185925757593,0.91070483091409193,-0.40924949434251062,0.055960363920688261,-0.18553202971013411,-0.28424464340936711,0.94062896438751065,-1.8567914521383351,-11.550669686055874,0.58270626834493311,0.5728172426681979,0.2595448899254638,0.5454545454545454,True,4
-0.044983356655609645,0.99880504234302714,-0.019104580972637536,-0.99230003876923523,-0.042464908870986022,0.11635018080413885,0.1153998729746753,0.024191298119875443,0.99302449638098356,-13.326237456873754,-11.607330989699411,-1.260390787563564,,0.2298743108587013,0.196969696969697,False,4
0.60784429815634455,-0.74207107333491718,-0.28258774092020711,0.79405623798697611,0.5680547909158028,0.21630636937357051,1.0620393572746689e-05,-0.35587115173496264,0.93453503050984643,-13.505790701274977,7.1250524215431037,-4.3239313195782003,,0.2858233340397064,0.108695652173913,False,5
-0.45797759676744354,-0.78151368194949666,-0.42366600735114252,0.85993584805026491,-0.5102683684908218,0.011684577689727083,-0.22531501968841156,-0.35897431251199075,0.90574311195799595,-10.301638931337832,1.9154899369354454,-3.0424138842892057,,0.4283253130205436,0.2589928057553957,False,2
-0.29231276705897496,0.95282239170072081,-0.08174800357222306,-0.95272641279001447,-0.28274115769844599,0.11121969302067972,0.082859088738636955,0.11039441841443398,0.99042790943932002,-14.882334837262682,13.866982091485662,-5.6041730324741952,,0.2570486328078849,0.5294117647058824,False,2
0.65709188146725739,0.75369498614003294,-0.013195725716959261,-0.70879696922814461,0.62371780209238947,0.32951928587874413,0.25658744264444922,-0.20717135714286428,0.94405662598001339,-20.558884238668526,3.9211509554807149,-5.0200818366950228,,0.265488528935913,0.4242424242424243,False,3
-0.36950334318914851,-0.90359655039011921,-0.21674997922749506,0.90498951999161281,-0.40286785126904978,0.13671672582098335,-0.21085836022646431,-0.1456391723985552,0.96660642631097327,-11.891767064579968,-4.8848970303514267,-2.1528584080601623,,0.1659928081277288,0.3773584905660378,False,3
0.76853564797346252,0.61952817894867129,-0.15980548577114648,-0.59318498011081977,0.78354806699988966,0.18488917240244898,0.23975933175777642,-0.047299706016836016,0.96967943189787442,-10.844681666442968,12.257220123427208,-4.6640499362269452,,0.09104553153420018,0.2272727272727273,False,2
0.2786146055133481,-0.92427206953568153,-0.26095026934431564,0.95261358713448441,0.23142303905073777,0.19741005699632463,-0.12207069755437971,-0.30358609729819686,0.94495197038041978,-11.066980801560291,9.3111487956094727,-4.2742139684133198,0.2948934288791983,0.1723744744275012,0.3043478260869565,True,6
0.49134722356087607,0.86594865041149038,-0.093331884956521532,-0.84324168605493444,0.49978979337609192,0.19787274025573998,0.21799395587550247,-0.018522885509617865,0.97577432734938641,6.5878753363387954,5.9547645046588844,-0.41963068567467177,,0.7022864436178619,0.3111111111111111,False,2
0.079063623652744025,-0.96233690039260944,-0.26010888788667397,0.99075858237834946,0.04700980760482544,0.12723014356904983,-0.11021059322288849,-0.26776438921503803,0.9571603089398123,-15.644103266959277,12.004992932904193,-5.4927010578885183,,0.3217305293577485,0.509090909090909,False,5
-0.84948861954579835,0.52088891213090693,-0.083927507297987244,-0.52219477987822038,-0.85279497968154161,-0.0073030471650915307,-0.075377033173974733,0.037622650744448843,0.99644510085646454,-13.954894135669733,-1.2849479343483881,-3.1408888471903031,,0.2065246447318185,0.3815789473684211,False,2
-0.054438653901677188,-0.93359279273713613,-0.35417641128489707,0.98120997073861049,-0.1157710632248847,0.15435042676622454,-0.18510382568847494,-0.3391187966908572,0.92235297768611113,-13.509766801869395,-9.7657995389057533,-1.5708337779635368,,0.2451498556108101,0.1428571428571428,False,2
-0.64485357874817306,0.76034267808979816,0.077735923812017299,-0.76425520492286603,-0.64029274207016085,-0.077066115774594851,-0.0088229090430802376,-0.10910644494029012,0.99399091542554319,-13.686668060079166,-22.798590626712638,0.6744541954428096,,0.3598777734758937,0.2,False,1
-0.81882455763134676,-0.5294952885030586,-0.22172298769612034,0.52740367194142568,-0.84641898778532021,0.073622441817541739,-0.22665328288496589,-0.056653654511769166,0.97232641267628361,-10.32087555281662,18.824611069249752,-5.5212512822904891,,0.1796268270761363,0.36,False,2
-0.13472999417193865,-0.95296544956097728,-0.27148605970376272,0.97756856912578183,-0.17259614981884408,0.1207073391517032,-0.1618873723543704,-0.24913333982178446,0.9548429492128232,-26.455931767556631,5.7845770108576389,-6.3217403715513996,,0.3890085360742594,0.3928571428571428,False,3
-0.74140591182570015,-0.61099215084913705,-0.2774993072255264,0.62996906094774918,-0.7761888036460568,0.025882877411795346,-0.23120609022798827,-0.15562625965835081,0.96037711923298053,-16.875577237222192,9.0662717060562397,-5.2026182027533734,0.9149663548101556,0.8571726320274189,0.9263456090651558,True,5
0.76726718762319268,0.61880342067567318,-0.1684737052387778,-0.59701266680435028,0.78511965071226641,0.16481204367584021,0.23425827300642893,-0.025873937186579932,0.97183002675494157,-16.446664444139465,-5.6545211914936573,-2.7291716666645986,,0.1294768234890772,0.6904761904761905,False,2
0.84410103869329245,0.51940756085089612,-0.13307600162248362,-0.48750916066501004,0.84678590668543319,0.21281082328355916,0.22322243333635156,-0.11475806712319453,0.96798880741749593,-7.2852360669559042,6.497039482737728,-3.1986394425400184,1.176370123120409,0.8488779847457251,0.8587132234076948,True,5
0.73633489097148896,0.66452143817094178,-0.12736634778947545,-0.63519826703852666,0.74375190075705988,0.20822168876347757,0.23309673933639541,-0.072418011098653409,0.96975334068991836,-13.792749927432533,13.721740952310723,-5.3738292107806238,,0.2671574622644234,0.4411764705882353,False,1
0.54878617747046343,0.8344090371616717,-0.050943990031091874,-0.80955876913560543,0.54566011264072312,0.21649397402365805,0.20844263175511807,-0.077566746585405938,0.97495388049443388,11.413769551730509,-4.6624632145910327,2.2719807967188919,0.3375101514459328,0.1730120308514246,0.3103448275862069,True,6
-0.96771843435044358,0.16024750811249278,-0.19452960690358675,-0.14531203499430267,-0.98538789357611312,-0.088854440966375209,-0.20592582233450474,-0.057718587451262543,0.97686392110594911,-19.80320773421305,-20.439673876878008,-0.81270560318852092,,0.4013539537831323,0.5,False,3
-0.75942192348053084,0.64839660633222462,-0.053480679071853054,-0.65058350979507162,-0.75627733988580903,0.069178623562283964,0.0044089590447716764,0.087329411266195187,0.99616973202765124,-3.6544714108330796,19.084432786704134,-4.2838894161158789,,0.1554780143487883,0.2857142857142857,False,2
-0.53190476600016245,-0.7988830804571877,-0.2808258244277903,0.813374611682114,-0.57425419953236101,0.093026100586980146,-0.23558238681464289,-0.17893556962963814,0.95523976097314633,8.9510018925896553,-2.4463064704335835,1.3371964756048924,0.215154488539734,0.1389647102109147,0.2903225806451613,True,5
0.27966551499357961,0.94536301365134523,-0.16755886172752088,-0.94078142110377938,0.30466492098179931,0.14869298446499674,0.19161815527065745,0.11605196397821316,0.97458423146871687,-16.579585488950645,-7.6921790634358693,-2.4289788119389906,0.3173042929012194,0.32978819727376,0.8738738738738738,True,2
0.91636693157490701,-0.34737978702385436,-0.19899479963871386,0.38300130807873123,0.90540473390707576,0.18317277589379624,0.11654031373722637,-0.24406874315634852,0.96272987067406901,-4.0954241771631352,-1.8840515995595688,-1.4683204557131309,,0.06510692943795121,0.1776649746192893,False,4
-0.97907451927606015,0.1203168545186457,-0.16412477029105302,-0.11478205960532116,-0.99246674513462263,-0.042835015987490205,-0.16804215095359973,-0.023100093519876935,0.98550911775704064,7.5707215392462723,7.3207248825986024,-0.32602716084432276,,0.4333568104989487,0.2173913043478261,False,1
0.0091250395321955009,0.99075095632188648,-0.13538565729353785,-0.98894607831064762,0.028979460005176514,0.14541611015220782,0.14799455343872134,0.1325621870861966,0.98006371155522209,12.097547316243475,-3.6937940290382048,2.2902949275330871,,0.6316701364053163,0.7741935483870968,False,1
-0.13607513193471282,-0.88349607899401494,-0.44823903987844721,0.97877185941419043,-0.18988369013334463,0.077135150484282752,-0.15326188595942414,-0.42822758274490635,0.89057954820926322,-2.3977070380260161,-0.83286357198039462,-1.4195645504335928,,0.4974604145789868,0.2717948717948718,False,2
-0.61939818966008697,0.78475449622862892,0.022500295437123591,-0.7850749007929011,-0.61920824654938722,-0.015444984630951869,0.0018118473511429534,-0.027231012727850085,0.99962752520876086,2.8753387190821282,-10.58494326132886,1.3583899573097589,,0.2878901977609916,0.2727272727272727,False,7
-0.2390254284746357,0.96587306272637996,-0.099780114462152888,-0.96611529645801608,-0.22625258714060234,0.12422157929291208,0.097406768206105304,0.12609121108050184,0.98722486192148506,5.1817977284425183,-7.7786831998446608,1.3791985075748219,,0.09055135007900049,0.3421052631578947,False,5
-0.57996976462797656,-0.76061678489662921,-0.29171420714611401,0.78258234336713184,-0.6196652808258426,0.059831560142119544,-0.22627405500273284,-0.193589891968941,0.95463239299746971,-15.406220565275715,-14.94076098384361,-0.99810688278594284,,0.1301025140396794,0.2333333333333333,False,2
0.42661007894536618,-0.87345458203274895,-0.23469327572008503,0.90288860899983714,0.3961210182197995,0.16697394606000132,-0.052877218918616992,-0.28313465356699941,0.95762141145075041,11.781153207019901,0.062633166177338273,1.6190091090667391,,0.0732789827984558,0.391304347826087,False,5
0.86382157944820048,-0.43377340969991024,-0.25622823403546235,0.49570696925952207,0.82259480389021133,0.27859000204667339,0.089927078831445781,-0.36766617691887316,0.92559964501003567,-19.381059175742347,-11.272906044912189,-2.29678632834811,,0.2033421706288157,0.3157894736842105,False,2
0.22580485883467435,-0.9140270532613427,-0.33699660477969196,0.97294430365093254,0.19423078675000005,0.12511508091224918,-0.048903453046339203,-0.35613052015358504,0.93315567023690194,-17.148266846105997,14.280543888338503,-6.1057907853280238,,0.2216213010810363,0.1052631578947368,False,2
0.72785531589463359,-0.64834928632295263,-0.22331556606838476,0.68478605537891546,0.70431765364594046,0.18709543319189892,0.035981904931648351,-0.28910179122101143,0.95662189857346169,13.842639465341017,1.8418762186896607,1.8306448372364588,0.1642552968614775,0.1177448258499029,0.5185185185185185,True,5
-0.1693001682988298,-0.95451295736556541,-0.24544340943531878,0.970050135642746,-0.20539898866954023,0.12966876953616738,-0.17418434876153915,-0.21613946810977336,0.96069950711538632,-0.44307098419365598,-7.2882703979593346,0.11313792847845268,,0.120705861380486,0.2340425531914894,True,5
-0.98701473565643905,-0.04312545652257517,-0.15473237087555344,0.039850516081529903,-0.99891240292243122,0.024206355689598474,-0.1556079945410456,0.017725864928265396,0.98765983301309745,0.34468203435037625,-3.9172070204703524,-0.35477968511336011,,0.6349671758068214,0.2522935779816514,False,4
-0.88467930036675424,0.46004215958053141,-0.07552315480084007,-0.45929254867985309,-0.88784216353555967,-0.028047234723977521,-0.079955551588089563,0.0098744142599903467,0.99674952004666983,-11.303778541239508,-3.6032312562353725,-2.2742303741602847,,0.2985044452673987,0.2631578947368421,False,3
-0.69207563575742315,-0.69152003804365492,-0.20695736608069995,0.68625227693316415,-0.71924233112885361,0.10838948987969825,-0.22380600258931141,-0.067011238583055716,0.97232729423201836,-16.810173258322749,-11.337893390381248,-1.8756491048584651,,0.1092207210010924,0.4761904761904762,False,2
0.20471991487063923,0.97765889558281882,0.04767431534006214,-0.9619469732148237,0.19194732506748763,0.19445885200287991,0.18096346918148934,-0.085669762969333513,0.9797514554899015,-17.328391288388818,11.028521044847297,-5.5804632782064099,,0.299655924765956,0.2857142857142857,False,1
0.96708928524299542,-0.11236802193845687,-0.22827996410949286,0.20356185419455333,0.87996012210468377,0.4292234325178278,0.15264627701017905,-0.46156647533280543,0.8738738484265236,-18.368144499451375,5.9516723937724025,-4.9738137700621188,,0.2533444489594564,0.2631578947368421,False,1
0.23303837440052974,-0.94592141378943551,-0.22566744335715128,0.96763280081978487,0.20243908807588176,0.15068237586613539,-0.096849774570808622,-0.25347799619217437,0.96248066298081159,-1.5590105467628423,2.7600647897281361,-1.7327091450920709,0.3881787173451051,0.2564334366496663,0.8914728682170543,True,5
0.9088485870922729,-0.26140928200969671,-0.32505296955966234,0.3634868304814729,0.8786028308395466,0.30973277144543299,0.20462543782949613,-0.39965266534818783,0.89353577279993512,-30.127606131286871,6.0257093466890632,-6.9615743344920844,,0.4935171990391762,0.8043478260869565,False,2
-0.98042886334257673,0.099732290875385501,-0.16974308257343498,-0.110467684759504,-0.99235679413653444,0.054998943216538893,-0.1629605306467162,0.072673676718662886,0.98395243897433038,-9.7511668500397946,7.7092669678158359,-3.7814602956935004,,0.1038096611454551,0.2475247524752475,False,5
-0.13353871759208963,-0.95135034836327281,-0.27766873351700955,0.97595572747214032,-0.17494183506533809,0.1300221994826197,-0.17227254255448313,-0.253629393038449,0.95183732962558376,-4.8365862485562072,16.99837911416817,-4.2283337426314356,,0.1223664853934767,0.1333333333333333,False,4
0.3016445543960633,0.94966815670802074,-0.084504171127774322,-0.92552329547674617,0.31294963875758802,0.2132349716424593,0.22894801229332765,0.013889410940961744,0.97333955633717506,-1.8449554724419606,15.885025636596843,-3.4855420024524011,,0.3053024319302938,0.7575757575757576,False,2
-0.50057661334288939,0.86507243338987239,-0.032752697035336148,-0.86568320264637899,-0.50004012001808495,0.023504702257383353,0.0039556074214335962,0.040119363918490344,0.99918706447226557,-10.237275385534801,-7.3908349407414313,-1.4604929018129731,,0.2271850275164417,0.2647058823529412,False,2
-0.048503248874118929,-0.91493938330428926,-0.40066614497287323,0.98031754749789624,-0.12046553650040669,0.15641470705589322,-0.19137643772514676,-0.38519343114133897,0.90277410224773114,9.1804603876369715,-6.2786823491204604,1.9950156041676499,,0.2468373834316928,0.3095238095238095,False,4
0.43807631978896527,-0.86827913367668241,-0.23276701669658426,0.89754800433630277,0.40808851223849946,0.16694713561750696,-0.049967168741869475,-0.28205515808196058,0.95809611722795518,-17.704373308565188,1.5801297491343544,-4.1342241272331774,,0.113740505439448,0.4,False,1
-0.00083200303286526823,0.98880115348873154,-0.14923667990915776,-0.98946912980032209,0.020786757622641087,0.14324368006907684,0.14474166277595329,0.14778426698025973,0.97837092224266364,6.9749693956204242,2.9427580412141476,0.15112069450437812,,0.08011653953605652,0.2777777777777778,False,4
-0.51933604950518575,-0.77867590577884327,-0.35207087559729422,0.8256956330812194,-0.56341411665288055,0.028129249312040458,-0.22026527006078778,-0.2760948513025055,0.93555055656511443,8.2613181921370948,-1.7094357365191393,1.0618087799370013,,0.3142228453736237,0.2272727272727273,False,1
-0.90225627192531466,-0.33919232330270011,-0.26623708904649301,0.36789463403271222,-0.92759361044506206,-0.064989476928442091,-0.22491589099343434,-0.15658435960852646,0.96171418847005585,10.769165016928762,2.5732819940450784,1.0208079871798124,,0.3034659744867006,0.1153846153846154,False,1
0.81934799265868963,-0.53253643412897578,-0.21230594257196561,0.5687445627869756,0.80162506584465787,0.1841924974308124,0.072100549418348703,-0.27166560351789637,0.95968708996152963,-28.69482790674132,9.5967695082279256,-7.2705858023219134,,0.08633650476638546,0.4210526315789473,False,2
0.076691253498080994,0.99682922929588014,-0.021211771691111575,-0.98486958665497759,0.079052734967422655,0.15421596018643913,0.15540382530345917,0.0090638135215366789,0.98780944435933582,-7.4251111693096394,14.039429789966542,-4.3088838940263763,,0.3555836606114735,0.1403508771929824,False,4
-0.83720673405833557,-0.48984102958398873,-0.24318850750698268,0.50285882317272279,-0.86431318652466693,0.0097836372030831176,-0.2149834607701725,-0.11409855974408731,0.96992970377218823,12.309959994807668,-9.5622396134555245,3.267224693681968,,0.3939270436450594,0.1428571428571428,False,3
0.46399965215359251,-0.82088166354961301,-0.33295287541837881,0.88559909032517647,0.42118140653991509,0.19575615954620701,-0.02045908151815197,-0.38569355352803103,0.92240008063223566,-7.420069520515435,-10.24257981099049,-0.57251277039327442,,0.3545454077681725,0.6263736263736264,False,4
0.77912032161872324,-0.57460608095847465,-0.25059803703596872,0.62416352106488326,0.74820656670104457,0.22495962419359364,0.058235928880931306,-0.33168476792125801,0.94159109560169285,14.904780123756614,-9.2936189067881845,3.8499862898564685,0.6033634077567356,0.2020845564933998,0.4210526315789473,True,4
0.68563699443401671,-0.6692337816931947,-0.2864054072536249,0.72575359145089635,0.65893919363714593,0.19768880490547328,0.056423721603723914,-0.34340251095391605,0.93749190882424793,-9.6987519184044348,11.363686324262108,-4.3473017842847046,,0.4230605515775688,0.4456521739130435,False,2
0.7151274728933974,-0.65124605767538479,-0.25391193330635958,0.69826747331187988,0.68214324894106382,0.21703254050665699,0.031862724738273229,-0.33250437634172564,0.942563316963828,-12.86010494572351,-16.883559001801139,-0.1733586721703966,,0.161925180635403,0.4,False,1
-0.38275738294020556,0.9216527263394021,-0.063663473325856687,-0.91993669425757962,-0.37389537851342086,0.11797764400403282,0.084930938786765997,0.10372317946077894,0.99097337889538972,19.495995543321865,-3.6701591686700121,4.0075929335277882,,0.2452096203045741,0.15,False,6
-0.79207803784725128,0.59382329163900127,-0.14137284133478448,-0.6074804443822639,-0.78953291464260666,0.08720829312099887,-0.059832195791028706,0.15495701017692681,0.98610771893533633,-12.082989966747265,-6.5029270656583513,-1.9436161384376995,,0.8021351957674242,0.3207547169811321,False,1
0.56307871407283938,-0.73853692064914767,-0.37081744645600567,0.82630861834061464,0.49636138753209808,0.26615679631231526,-0.012507158514327266,-0.45627687844694187,0.88974995430211312,-8.0206886090739644,-14.525244659341345,0.12766498767918918,,0.464287082472514,0.2857142857142857,False,2
-0.43096906720271688,-0.83220295066266214,-0.34886087774753261,0.87627807666248769,-0.47825825209714934,0.058359032391489721,-0.2154121525706279,-0.28054820122278162,0.93535571378783466,3.6216341279675834,14.926018292995041,-2.2345830133973119,,0.3544304467862531,0.25,False,4
0.12792277801065233,-0.88174639629104801,-0.45404741546867977,0.98396769943172602,0.055469784820086056,0.16950123730241784,-0.12427119272411682,-0.46845105998360587,0.87470582201055558,-9.6302217181321534,8.7914030554959712,-3.9678702141076374,0.619387777582698,0.5539884129800365,0.5789473684210527,True,2
0.18764333861796903,0.97210716296685296,0.14070409084613944,-0.96591448389423595,0.1566155374187061,0.20610866852799276,0.17832326622074396,-0.17458303797215327,0.96836025092771094,-10.684395054958339,0.20912026732844241,-2.8350252678534305,,0.4747536045674747,0.254278728606357,False,1
-0.87427760503583674,0.48482591061399294,-0.024135155481465609,-0.47607931224113581,-0.86609267534875523,-0.15242036006795104,-0.094800621246957623,-0.12176745913645898,0.98802101602478176,-14.090553369687596,-17.145187302337185,-0.33522918312117528,,0.3330893696015885,0.2352941176470588,False,1
0.25643536009276524,0.96602258360854598,-0.03226877829053762,-0.94796886082128506,0.25787908198098342,0.18669070140165231,0.18866887662592755,-0.01728430024372804,0.98188864335921278,-9.9869116777688021,10.411005587911177,-4.2346688177635832,,0.3774787708266678,0.1666666666666667,True,1
0.79131694009051667,0.60727527040632545,-0.070952422641555185,-0.56521259005413771,0.77083836628035096,0.29384169396893489,0.23313564371428708,-0.19241870757066243,0.95321708577152608,-14.846783230519224,-2.5957391168174833,-3.0228880866659171,,0.1652395535537153,0.1666666666666667,False,1
-0.27788848087595797,0.95363287360128479,-0.1155955647220437,-0.95717263188432422,-0.2647052632966484,0.11726754177814044,0.081231428450373455,0.14323220995993874,0.98634983097372908,-19.840199501505804,12.393520406230159,-6.2848764228560157,,0.2574125107537307,0.4,False,2
0.83019610940130228,0.54987402014812758,-0.091722308633606933,-0.50842355370338643,0.81431778978365976,0.27998576264066755,0.22864800452783671,-0.18580930872266133,0.95561236430753971,-10.522747166687505,-4.6371949892524951,-1.995722993801184,,0.1209565497601592,0.2203389830508475,False,3
0.72215893782148655,0.69129603925112415,-0.024418325910073674,-0.65209126232924375,0.69213270910437308,0.30940151677342409,0.23078876514769114,-0.20751409374678598,0.95061792891679364,2.7269525839607627,16.352977955635414,-2.6411927588727053,,0.2702648182272778,0.1666666666666667,False,2
-0.96752573958375276,0.22026071796997757,-0.12401273870962598,-0.22119508825450515,-0.97520886493907188,-0.0063563099616653906,-0.12233836755079623,0.021281115186874755,0.99226026724917737,10.336701511236981,-19.163281211433503,4.6846868543226066,,0.6889872375349457,0.5555555555555556,False,4
0.9795232684098838,-0.046821800441401142,-0.19581084149516276,0.10958241469865365,0.93988492479546515,0.32343163501895522,0.16889600656152423,-0.3382662370761349,0.92576999941773919,-11.523192790052059,10.602321147386762,-4.5429970686539178,,0.4632809664339796,0.3846153846153846,False,1
0.17229679768544048,-0.86960619371320436,-0.46270820325878892,0.97863587510560157,0.097618018118075647,0.18094901628633958,-0.11218572753981368,-0.48399978346517203,0.86784709029991591,-5.3058025816702274,-6.933672120013525,-0.80329344875821584,0.7067769586197528,0.6700100576897505,0.3583815028901734,True,1
-0.9064505420121779,0.41565620017353838,-0.0746815783384666,-0.40745513123172911,-0.90727144878082677,-0.10410972221687353,-0.11103031531416763,-0.063940921829729699,0.991757948088545,-5.2815638816258215,-8.1879336407657597,-0.58143859967587797,,0.4849859968227437,0.1935483870967742,False,1
-0.83652750826850297,-0.48211407576748833,-0.26036079938606327,0.49660331976009298,-0.86790088253249176,0.011541269539224464,-0.23153157606111607,-0.11964144786060787,0.96544241321814384,0.057093497403060731,-16.924076204405445,2.0396210871323448,,0.2548938063599971,0.2222222222222222,False,1
-0.5425188610031112,0.8324960891682105,-0.11235455921111182,-0.83992901834623224,-0.53536194509215274,0.088920368235200484,0.013875503443969359,0.14261083151985082,0.98968157562793635,-4.2383314520690254,8.1880401595922052,-2.9638912674594202,0.4005731044189065,0.2764408707663077,0.4206896551724138,True,3
-0.81862392316450039,0.56857693528283504,-0.081087243677044327,-0.56999982955534667,-0.82161806301447937,-0.0066296934476952063,-0.070392234867471495,0.040792489415497901,0.99668495828804815,5.3159876265360655,-9.6170166934530794,1.7368735343859936,,0.6640316643379631,0.4838709677419355,False,1
-0.51139188044279293,0.85728990863986465,-0.059433636616291252,-0.85899634051065021,-0.51193613457795195,0.0068323570382023968,-0.02456891545217918,0.054547288270256816,0.99820887680678638,13.483664870323935,-6.3839815992206139,3.0638504847202577,,0.5382446143093544,0.2058823529411765,False,2
0.89242999892616637,-0.33461223324128553,-0.30266045394455099,0.43910722158271198,0.79831033891963554,0.41217162775708782,0.1036993007235503,-0.50073471633120847,0.85936674295096527,5.9793243092229753,11.419608356197662,-1.2590579477710615,,0.4536321902647303,0.3333333333333333,False,1
0.95464247649423561,0.27877412971538307,-0.1046074886152219,-0.20967138475505373,0.87883129840337515,0.42859474957299315,0.21141346335522546,-0.387221556151087,0.8974206449397516,14.171122925098526,-16.311075001548005,5.0107412645434852,,0.5864574804127921,0.2962962962962963,False,1
0.98164847507161213,-0.035314023240845233,-0.18740115034898813,0.079546927165149772,0.96895427270596224,0.23409379270592148,0.17331635170450993,-0.24470500029097408,0.95398160625057837,12.905685747112102,-12.586186572541445,4.0135619153055195,,0.1001755433005202,0.4666666666666667,False,3
0.93870880508579524,0.31523291818233429,-0.13947754854688171,-0.2689074475721786,0.92281632666922875,0.27586013099563123,0.21567235310677635,-0.22144578236435336,0.95102429074047579,-1.0940722803791441,15.108641722752516,-3.2215569045017416,,0.17688358138546,0.2,False,2
0.50602449627355583,0.85911606957039033,0.076542721254332369,-0.84257487063945347,0.47339965417343838,0.25682748060785376,0.18440931792619017,-0.19445396996305653,0.96342143272173686,3.2875251221833359,5.4455992179457064,-1.0413761437443123,,0.5591450291355705,0.1896551724137931,False,2
