axis_00,axis_01,axis_02,axis_10,axis_11,axis_12,axis_20,axis_21,axis_22,location_x,location_y,location_z,dbh,dbh_approximation,score,reconstructed,number_clusters
-0.33824420070553946,0.92789390715254372,-0.15685585025193216,-0.93828166463584184,-0.345323288563677,-0.019476760094031292,-0.072238345061772374,0.1405870671319141,0.98742943953377371,-18.567213495754942,22.64743431635225,-9.4875794209611968,,0.3794998757573646,0.3571428571428572,False,3
-0.87913859838703623,0.435385079739742,-0.19379153017120304,-0.40359303343232528,-0.89643387161426824,-0.18308188656322175,-0.25343241345765549,-0.082741441627957241,0.96380800248096898,-20.155972694682024,18.267734895626933,-9.5911716678512207,,0.5614798944999942,0.3008130081300813,False,3
0.58615147016924984,-0.61621678215364439,-0.52602597978677168,0.79501584217539212,0.56256835257851878,0.22686264427455116,0.15612900021641465,-0.55117485979432823,0.81965237096108212,4.8268763018014003,2.4177547989187653,-0.17156235130255051,,0.5506580730011874,0.2773972602739726,False,2
-0.86561542167538974,-0.38111658065128551,-0.3247461989160278,0.38980109279097397,-0.92000028981823123,0.040676464857852951,-0.31426907231972173,-0.091376247936988231,0.94492609843111963,-3.1575153278135257,4.5413381033734526,-3.109483541357938,0.2701699029243622,0.2349427615598932,0.8813209494324046,True,5
0.80824666011468893,-0.36823040225783071,-0.45950376197207266,0.52617794454634736,0.80194853265642085,0.28286979627241032,0.26433710879562861,-0.47040931307027711,0.84192693928292761,41.031204608897447,0.42668457114871561,12.331921616569934,,0.2929638044379863,0.4615384615384616,False,4
0.27131947223768527,-0.88360680931944835,-0.38160811116768534,0.96148410945442631,0.26693874506897047,0.065513461575714554,0.043977849552852728,-0.38468521274583423,0.92199958559827955,-25.642343165798209,20.967800598447607,-11.572385269095662,0.5764011550537165,0.4143970779075805,0.6521739130434783,True,5
-0.79380943874844756,0.56151613286167479,-0.23359410842301745,-0.55883499147577098,-0.82500377907705824,-0.084096473236678571,-0.23993754865829053,0.063783987368635608,0.96869065015576961,17.229638230119303,10.432398310286359,3.4464668311762594,,0.2790431630284897,0.4482758620689655,False,4
-0.92050941269691355,-0.20014232886343875,-0.33556738419206006,0.21555249321977638,-0.97645163399324986,-0.0089066906677141358,-0.32588271479647513,-0.080531078901447783,0.9419740981193947,-19.641497867157383,-23.825480544772859,-8.0855627405600341,,0.1132300739776652,0.25,False,1
0.47492970743436352,-0.7745821005686695,-0.41768928939456512,0.87353837999975881,0.47246094124737692,0.1170955065877394,0.1066417913564206,-0.42047975988657249,0.90101292990834669,-3.9134610231894085,6.8186082489060835,-3.4814763769334673,0.2167895785970181,0.1747721610054162,0.5815217391304348,True,3
-0.17275202630969774,0.96876306119027367,-0.17791815162918015,-0.98412830011382235,-0.17721130875773156,-0.0093616752480940729,-0.040598353673176407,0.17347703975345674,0.98400075729513836,-19.280962763943442,12.358444129521356,-8.8141365610725284,0.628072363453639,0.3326885189355461,0.4444444444444444,True,5
0.95163936536996629,0.066757144357249387,-0.29987664456491736,-0.014080473982591303,0.98455753345330066,0.17449413621316642,0.30689453975376296,-0.16183308375489491,0.93788367853999233,0.61609880161431474,-13.827259991582958,-1.0683025233232477,,0.7031256883223049,0.2692307692307692,False,3
-0.91872912880964441,-0.18800896413100521,-0.34725986995772878,0.22328200043420032,-0.97264192067577093,-0.064131446469341227,-0.32570222007037974,-0.13645630637876213,0.93557348203692248,8.8406076580937505,-12.458298117862403,1.9229550381593412,0.2192054750846829,0.1130093989047967,0.4444444444444444,True,3
0.95215006738454011,0.15867303959615336,-0.26121469270493519,-0.11715931232721935,0.97887627522323106,0.16755576188274496,0.28228344746837208,-0.12893449620024733,0.9506271356188819,9.5786259958950364,-9.3828529303060275,2.0390370371845203,,0.3665542013151137,0.3157894736842105,False,2
0.85973804655953545,0.40674875785983688,-0.30887851864037758,-0.40213600431663654,0.91193828036958535,0.081579451020548713,0.31486048550150625,0.054074215445477372,0.94759635599431913,9.7757446057156407,12.0880225431113,0.82214067793800927,,0.0904741772277596,0.5,False,5
0.55154166291053408,0.79121051208699444,-0.26417365432025475,-0.79912302010285197,0.59199216753404937,0.10463112500605881,0.23917398022272054,0.15339882379396727,0.95878287846782473,3.8162058312951732,19.177649147926875,-1.9150502081646219,0.1662618502175461,0.1348673827104384,0.48,True,5
-0.38114861851425336,-0.803179104581495,-0.45785265814270792,0.90668099249559908,-0.42153913800163856,-0.015307938464416838,-0.18070779853639712,-0.42096090209959247,0.88889628779269036,19.749813878907105,2.2825850105524723,5.039743512760932,,0.4122771789780171,0.1956521739130435,False,1
-0.22211530295859158,-0.85607072940534201,-0.46669872342552821,0.96639128909129457,-0.25683251514807592,0.011177456382302456,-0.12943210019186877,-0.44853089683779646,0.88434572765508557,-5.3185468904149724,3.8761473190624702,-3.7904927562595794,0.2300810881253208,0.1854314042495651,0.3545150501672241,True,5
0.49211643922136961,0.86008969582463601,-0.1344140073964194,-0.84289810385404929,0.50937519354362493,0.17337733047213033,0.21758721646118728,0.027975477452214681,0.97563988022937664,3.4042284909212275,-17.947406206246203,0.068233311221499143,,0.214545784364228,0.1111111111111111,False,3
0.2583427034333674,-0.81861427587569557,-0.51296170901466875,0.96545443286000687,0.23747302354239111,0.10725810533753269,0.034011551768502263,-0.52295050475369598,0.85168420434111181,8.0052869249162963,12.407424278782313,0.10197602578400868,,0.5975388041643915,0.1428571428571428,False,1
-0.94881092007642454,0.063751012841678098,-0.3093438965057973,-0.066041918569457722,-0.99781212113860906,-0.003071791095681467,-0.30886291932731968,0.017515115487218527,0.95094527591974265,10.448270131887249,-8.5849315993124016,2.2963024743117795,0.1516962867978381,0.1205449858486074,0.4210526315789473,True,5
-0.94569392871162439,0.077843124432429189,-0.31560012860670861,-0.067111304073956102,-0.99674150098894121,-0.04474877732191241,-0.31805513054102225,-0.021138310833896588,0.94783653957400449,0.68297872292157269,-11.627817847220962,-1.0511242366249063,0.3292019782151139,0.2745307175118047,0.5960264900662252,True,5
0.47076781574595039,-0.77923739223656296,-0.4137230356145854,0.87525660255018967,0.47145461842706216,0.10796491307870487,0.11092133856966302,-0.41294022485603643,0.90397833344929235,-15.672416883309236,24.365552288968882,-8.7993676737302415,,0.2107216323156265,0.2142857142857143,False,3
-0.017033582355534739,0.98576002676355201,-0.16729323568889154,-0.99578927099276515,-0.0016517896259736079,0.091656965729451007,0.090075439759323056,0.16815005568287308,0.98163739431931352,-5.2906383116799152,-5.4855193182619306,-3.3549924399437971,,0.2774360572335047,0.5613207547169812,False,3
0.25855627774236334,0.91528490259649853,-0.30887246286927561,-0.95664500572786404,0.28699390353569171,0.049647077953097633,0.13408573472203814,0.28264473533441981,0.94980680631999403,-6.379019728156953,-2.161789149075708,-3.9026690701888649,0.2913787541325982,0.2419903105337858,0.8829321663019694,True,5
-0.42970183592430017,-0.81343921621043414,-0.3920114459224871,0.88506910546891948,-0.46543921826892992,-0.0043603487994460649,-0.17891062223280982,-0.34883086966058591,0.91995000604603883,4.4271982056214334,-14.948808169133066,0.42669058423080475,1.199474354211619,0.8710349126076466,0.7530864197530864,True,3
-0.00364114923867845,0.99761675219004531,-0.068902523770965785,-0.9974886714943425,0.0012503179750078686,0.070815160420731105,0.070732540408740982,0.068987335466360822,0.99510685620820549,-10.610558493166788,-8.3616302370032631,-5.0562693835690853,,0.448047196070395,0.5833333333333334,False,5
-0.049310051925317872,-0.86308753864803778,-0.50264144219273765,0.99614220935913744,-0.079073402201510198,0.038053853909629481,-0.072589376028587532,-0.49882591922909436,0.86365704118766384,-14.231270698650912,19.824774700080084,-7.849200890896074,,0.5069957430118408,0.1707317073170732,False,1
0.7278458851140629,-0.52652450772514303,-0.43933166319686284,0.65415926246176059,0.72530332347334592,0.21450116152133966,0.20570859694726257,-0.44351666453845251,0.87233992309115038,18.085825899287659,17.30340857205681,3.1298101039718382,,0.3211266063936019,0.5769230769230769,False,5
0.52126828256653834,-0.76310765948039894,-0.38202889633178155,0.84257893784413906,0.53125324909555915,0.088491348881428858,0.13542566629547892,-0.3680172351504199,0.91990390994965687,0.37124704655739194,18.375822354470547,-2.9521566200693328,0.1822050545163986,0.1304301803370697,0.3870967741935484,True,5
-0.44940390939019481,0.88821385837194322,-0.095458200385488079,-0.89146070826116131,-0.43898980591886561,0.11218625551210051,0.057740210004113779,0.13551417673196822,0.98909149023401188,-18.775433631736739,-7.3943622956418054,-7.8379586617544046,0.5880619886468157,0.4212628462539808,0.9423076923076923,True,2
-0.83683607763685031,-0.32871661729045537,-0.43777935616300157,0.41745273986185827,-0.90049560767945802,-0.12182311164894744,-0.35417310618848441,-0.2846981666030266,0.89079086478571168,28.78046729896672,-2.3713637699604959,8.4017336370019819,,0.4569371498515125,0.2682926829268293,False,4
-0.93588089298995025,0.14456507874822921,-0.32129097737542006,-0.16461487178899062,-0.98570125366702732,0.035985865352187486,-0.31149461973239378,0.086567756848435484,0.94629653140651537,2.2872538821359791,15.897852254461359,-2.1039855046642431,0.2572954229535538,0.2689727192558583,0.6846846846846847,True,5
-0.9105899751014489,0.29599178170380136,-0.28846969062373262,-0.2898904911539722,-0.95487071234705967,-0.064694867186876767,-0.29460040798215403,0.02471412279705866,0.95530090115686583,-2.0124659048037801,4.0867407264204996,-2.6563821532324439,0.231488754157522,0.2471945511829618,0.6099009900990099,True,5
-0.80946835130493999,-0.43143264101761408,-0.39827988211837856,0.49999327597520044,-0.86210774548425684,-0.082322288328492976,-0.30784364897663552,-0.26577455002429984,0.9135623549293892,8.9523792404844666,-19.224122069750017,2.1576534053953607,,0.4735997651187792,0.6986301369863014,False,5
-0.26610156606915719,-0.85450262874300376,-0.44611121259932179,0.95280020455567294,-0.3033330745202818,0.012681328823899191,-0.1461565145116997,-0.42168033315933595,0.89488768563011389,-21.194918533764341,9.8820626780064238,-9.1952799844230615,,0.208069640523432,0.1481481481481481,False,4
-0.63257748071713382,-0.60371653521775159,-0.48515160104264188,0.72552927059671224,-0.68111618530774454,-0.098427738058082359,-0.27102215480836289,-0.41425485780676252,0.86887277802134644,5.3901247566027317,26.956607145167542,-2.1522787983646543,,0.2917302405687535,0.1071428571428571,False,5
-0.9243468085217954,0.2512037111362162,-0.28719274553331708,-0.22950203423917051,-0.96735688502103045,-0.10746847576146491,-0.30481435966117942,-0.033426823268183276,0.95182501208496484,27.317643410342331,1.9395828248660607,7.659185941120592,,0.1355124255913391,0.3333333333333333,False,4
-0.94117473039331034,-0.098379327610394418,-0.32328259273893284,0.095863096837937381,-0.99511140959161015,0.023739190492506598,-0.32403764215553776,-0.0086481442822114764,0.94600465964325675,-14.209861430061032,7.3142405996789881,-6.8083738417366995,0.2429794794834401,0.2267309878182382,0.8840579710144928,True,5
0.92404398761024076,-0.18642139506012742,-0.33375106355665785,0.23607670277148496,0.96494956593161552,0.11463038697016661,0.30068338725295146,-0.18471437050814987,0.9356655930180765,6.8228538200997235,9.9297911105561063,0.023386677044289379,0.7285800139098808,0.4178023273534689,0.6699029126213593,True,5
-0.80879921428436019,-0.37700019608174745,-0.45134763002294109,0.5034638902407419,-0.84052079304775795,-0.20012223184350766,-0.30392094728178903,-0.38909593753815053,0.86961854234753289,-13.082088429652561,-8.216925564451472,-5.9298732751430263,,0.07487527382597106,0.5,False,1
-0.32095526326185403,-0.86866315796942128,-0.37737519390006025,0.93660966548711477,-0.35024229652423167,0.0096264345190364906,-0.14053488357212626,-0.35036359929653982,0.92601041829309061,7.6973185448851149,-15.066602160488491,1.5781532655680162,0.5656725515920917,0.3115888444072061,0.492063492063492,True,5
0.19947056086113188,-0.8589359507977935,-0.47163601195926219,0.97983912078561619,0.18036542264791408,0.085927944762525035,0.011260227698309352,-0.47926751062442269,0.87759663885640105,26.238424264261912,-7.950817727299583,7.908467844062959,,0.1121051959006494,0.4166666666666667,False,5
-0.82489994436365111,0.52539130085161978,-0.20857627568419285,-0.50327357703516074,-0.85061106793719832,-0.15223835837585084,-0.25740199775269801,-0.020610485005997436,0.96608458193925129,1.4296675147868048,18.601334559407888,-2.6313743310209303,,0.2788061700399014,0.35,False,5
-0.60733534156705704,-0.65216534343253496,-0.45367846291084968,0.75335649564605911,-0.65405555850496988,-0.068303124794128825,-0.25218598960195354,-0.38326451859554767,0.8885440537385908,12.978094871462551,10.494696824032339,2.0358851446327426,0.8038324030608053,0.3694447714713698,0.3125,True,3
-0.2040613197188188,-0.87036911407747208,-0.44812563311488007,0.97089632971760798,-0.23855787302594836,0.021223999581005921,-0.12537661159679292,-0.43075253507940453,0.89371861275637232,6.6528997383702446,-10.477030972316896,1.0055202768041009,0.6477186022809359,0.3818159141037561,0.6746987951807228,True,5
0.086464018259442207,0.95974472089223917,-0.26723406269768102,-0.99241811433875349,0.10649362215654225,0.061362812617185326,0.087351358768727821,0.2599022492389339,0.96167591264510699,7.7239777501993885,3.7098543560370643,0.79064443532846373,0.5475557666885222,0.4802859009237157,0.7698744769874477,True,3
0.54108326141031027,-0.72184555786919891,-0.43147177753137711,0.82560301765725708,0.55358293950524795,0.10920433289919992,0.16002675231601748,-0.41531303816908199,0.89549233322790311,-2.6082606334779599,22.508832877936513,-4.3567311616972013,,0.1238928281575253,0.3888888888888889,False,5
0.42547321689462364,-0.82760548711982673,-0.36611705695650953,0.89859207538714392,0.43430726146192389,0.062525872188003873,0.10726054147153585,-0.35559297002415496,0.92846583992769194,9.2223383973845063,14.663444910819655,0.39995663387722896,0.4382839503185212,0.4029568978901167,0.3636363636363636,True,5
0.93918745290778938,-0.081807642929980592,-0.33351827215134777,0.14310296454936466,0.97610031846199785,0.16355338527701005,0.31216737471709455,-0.20133474080900088,0.92844808810488177,-14.449283059509751,29.089552342899559,-8.8599609731856948,,0.3802651619945472,0.7777777777777778,False,1
0.59099617876890953,0.76925155629720354,-0.2428488414937941,-0.76937303253994038,0.62800564205456555,0.11693609514572209,0.24246371580268208,0.11773256423761227,0.96299033735401174,-21.096439844531709,3.1739374785782144,-8.9277442447719189,1.04675271216987,0.6517360668563714,0.3076923076923077,True,2
-0.60903669868304677,-0.69519345265069565,-0.38181194723169831,0.75277358500664615,-0.65827586649586034,-0.0021939246491303743,-0.24981238835073347,-0.2887541289414397,0.92423742817837296,-4.0235684582083531,3.2128167125031704,-3.2837406196453016,0.2507567862850733,0.2318318412189432,0.739454094292804,True,5
0.84430050323583561,-0.41111680003359702,-0.34371447011414819,0.46725893440020405,0.87882609164248737,0.096611535913551483,0.26234661892027533,-0.24217282543366617,0.93409130932825513,-2.1234348864786443,9.6684047923539378,-3.0967916827017694,0.3748914715680416,0.365857095125796,0.9106145251396648,True,4
-0.64176801013583418,-0.64208152085256087,-0.41936278059211984,0.72436880189756625,-0.6870907452145526,-0.056534473359140192,-0.25184054479725115,-0.34005533140971855,0.90605668231962744,-10.975834410750101,-48.867506043685751,-4.615704852758971,,0.5250633585164298,0.4210526315789473,False,3
0.68906413514747689,-0.64220402370006979,-0.33580442164584462,0.69715531037931999,0.71395272659460562,0.065161164799617755,0.19790172021327751,-0.2790080574671075,0.939675163556565,10.350103316459668,-2.9900053733211931,2.0184801966453203,,0.1525822711226393,0.3387096774193548,False,2
0.92191197248624179,-0.13448597527529876,-0.36330680896561612,0.21589299673558521,0.95703699995658653,0.19357271159599254,0.32166524361058274,-0.2568923960890015,0.91133844859338387,7.5405745833693514,13.369091153569597,-0.14022606192067891,,0.5567885272070905,0.1666666666666667,False,5
-0.9286792972088237,-0.065429940041671741,-0.36506668689688437,0.17601822092365677,-0.94415506767076685,-0.27854765138927307,-0.32645420634232192,-0.32293982587744197,0.888334126341914,-21.806821175344343,23.724471516964666,-10.602638706409268,,0.2451682365054151,0.1666666666666667,False,1
0.32654429575047123,0.89950691865786825,-0.29026905828809296,-0.92878114535331568,0.36233362117786294,0.077973912306108145,0.17531231259957902,0.24413449213653624,0.95376304331852946,12.169572452810533,9.7124592169056232,1.7782515921613304,0.5218119832250854,0.4330586648324327,0.4516129032258064,True,5
-0.72290233419719485,0.64328973494510311,-0.25217163227950257,-0.65996448189094059,-0.75092351255851619,-0.023680391238424067,-0.20459496048210052,0.14930571054397487,0.9673927366609123,10.639936186687422,-7.5334731835104796,2.2627311209558165,0.757829703039279,0.5315057951655626,0.8074074074074075,True,5
-0.67807744903465628,0.69051289922168846,-0.25179934296799222,-0.71162137502802014,-0.70249050820715153,-0.010104676248606094,-0.18386405769993319,0.17233404158005863,0.96772671059488669,11.190885677861877,-12.959459539635906,2.8317116704677847,,0.08985781588395717,0.4285714285714285,False,5
0.9396382237647225,-0.029956270962265177,-0.34085573234187194,0.15246524177107582,0.9284580174569701,0.33870349846371678,0.30632394371313176,-0.3702274053199045,0.87698193245820422,-0.74133341033437039,-5.483582460786053,-1.7366241666247879,,0.5998243668749923,0.2754491017964072,False,2
0.51733666432351799,-0.68703343044407406,-0.51024292371267976,0.84600427444151238,0.50045103753539111,0.18391717335920826,0.12899435403654777,-0.52681479144192445,0.84013488925570479,-12.94649369085408,26.269845958052326,-8.1153330037686651,,0.2003855834683947,0.3846153846153846,False,1
-0.35429297372796387,0.89584899312372079,-0.26819968360572716,-0.9324684494906309,-0.36008266793630223,0.029035546428711406,-0.070562592579464289,0.26037483321375465,0.96292568080687002,3.8687471294191904,21.322397936380025,-2.0157377128459193,0.5357790167457371,0.2179751285987352,0.3529411764705883,True,5
0.94432788861556349,-0.038193789749397793,-0.32678138442611615,0.081251684493098927,0.98954693239653946,0.1191429072653122,0.31881499737293451,-0.13906150800698108,0.93756007511034622,9.0804918566724488,-7.3569489050792631,1.7405639886658588,,0.1240394629375722,0.3188405797101449,False,5
0.57174621973121376,0.78501358534356891,-0.23845320515586166,-0.78364442302176751,0.60859015185544496,0.12457706583255737,0.24291496143702077,0.11563605791708498,0.96313063683980527,-35.908099296919872,16.684233846576621,-14.532804898280228,0.5781357710108375,0.4012686285386559,0.8,True,5
0.50994345601895763,-0.78292035736424448,-0.35636131339987526,0.85208523019290716,0.51654033651750675,0.084479827399684806,0.11793401608756145,-0.34673014690825982,0.93052123730435854,-1.8385844983700443,-6.7602799247115373,-2.0974866748375969,0.3990240106965723,0.3331212987653445,0.9169675090252708,True,5
0.87571153893325782,0.3865988607796772,-0.28925874476496272,-0.36258518285277108,0.92215436001533313,0.13477136743512913,0.31884366977371276,-0.013139906718389313,0.94771623236951263,10.293875471083163,10.048979092156513,1.1825761320486241,,0.5751595927026889,0.1666666666666667,False,1
0.82881680290405069,-0.3430962437716425,-0.4419815321183661,0.49820957660858067,0.81206190108816445,0.30387939478776055,0.2546564843066193,-0.47205978044191227,0.84398438296554201,-16.18851537571032,-7.810024600698859,-6.9312461142444022,,0.5830093418197997,0.28,False,1
0.63822789303719529,-0.69403434059724867,-0.33313884586016979,0.74952400426868659,0.6589618075876037,0.06311183063351565,0.17572399828804819,-0.28997529241751197,0.94076320411304437,-7.9850839841866685,18.897978112088982,-5.7355493788860654,0.7077657528217813,0.6607695682226442,0.9510869565217391,True,5
-0.57928892129990006,0.75172715695702463,-0.3151676175505761,-0.80073058407019515,-0.59713880502046723,0.047495044723969017,-0.15249549958540282,0.27987770370652332,0.94784681967824369,1.9508288709183681,-5.0975099522335841,-0.83911898641754668,0.3276982615052685,0.2653623485090144,0.8900634249471459,True,5
0.94170691252212679,-0.010899018111426309,-0.33625779145210799,0.10957368295265654,0.95491590670275117,0.27591523903230164,0.31809070862292294,-0.29667629249784727,0.90044515577435225,1.2055022480354372,-7.7085369267672599,-0.98446378552351232,0.4667905217832418,0.3015998931604436,0.2805755395683453,True,5
0.84876060622444549,0.44890129290838798,-0.27945135989414677,-0.42392389752105336,0.8935539707784641,0.14781688136541699,0.31606006143147813,-0.0069950361840329656,0.94871339562415391,6.6041997001620079,27.47392353430666,-1.7109962451306362,0.6720841203849344,0.5126859943220738,0.8085106382978723,True,6
0.35757603684570338,0.91618431354587293,-0.18095767871576479,-0.91764883226954752,0.38067421321812339,0.11405158493023507,0.1733781950190279,0.12527348882840503,0.97685544196093999,7.2011497478050064,26.480299277215806,-1.4475350405314609,0.2701284522118254,0.2042831055303281,0.5,True,5
0.33145979120704649,-0.73779754449320267,-0.58803842574510456,0.94149172298914019,0.29899398711794811,0.15555041372574771,0.061055240200332005,-0.60519201829428648,0.79373476592433978,24.593171142010881,-18.569407443131546,7.7901343199084279,,0.3108112920682153,0.1,False,2
-0.67896913203125653,-0.60233094407397536,-0.41975987368932288,0.68283280560325244,-0.72813430082733632,-0.059664055767919562,-0.26970405510617274,-0.32713586438915587,0.90567204267861046,-14.956382957827785,-8.8317415317077614,-6.5567327162972955,,0.078187123012292,0.5,False,1
-0.31473440202028585,-0.87363921198086392,-0.37107517226889342,0.93562079942914333,-0.35139131811793034,0.03373219866707234,-0.15986236536628742,-0.33656896595021862,0.92798995430914899,9.8697313643223197,-11.049475817442929,2.2210359439565095,0.2059401582156549,0.1368439286113615,0.5,True,5
0.95839077219469926,-0.0019787274771094071,-0.28545264477601123,0.041849197791795502,0.99014558449278844,0.13364268088308509,0.28237523336197795,-0.14002787632113203,0.94902919946478081,-25.828616077011695,22.162270381307817,-11.711042649365341,,0.4678670052777259,0.6875,False,3
-0.92639494679061685,-0.17494948351213674,-0.33344426937592964,0.18089824788045566,-0.98341069747263576,0.013387457195685917,-0.33025479023716231,-0.047917411399425319,0.94267475579342142,-8.7859591435566955,-13.819343500740668,-4.297660423662391,0.3283873597435856,0.3343331229671568,0.8538461538461538,True,5
0.60128061568899249,0.75263766039371538,-0.26832475352404722,-0.76427824759862883,0.63969490036769749,0.081665137550430408,0.23311023453343913,0.15597110822404375,0.95986073570863861,-0.50926792902462581,16.071894574697758,-3.0336699354984327,0.2630559004710795,0.3217799266640022,0.7195121951219512,True,5
0.72229182644100076,0.63375121032076465,-0.27686444494280693,-0.63165781509073915,0.76754096085055945,0.10903796610077182,0.28160774508403752,0.096126358682545363,0.95470246730335728,5.1923796702902401,3.4425764975725506,-0.11505305415516182,,0.8133808132867433,0.4409221902017291,False,1
0.94264512569035286,0.23686874231183513,-0.23518793746241973,-0.19827702865890098,0.96415288057311033,0.17633899962506788,0.26852632444215768,-0.11959273304921918,0.95581964370031747,27.295546783233871,-8.8352381867155128,8.2980750378185455,,0.3461789896513642,0.3214285714285715,False,5
-0.94817721268732302,0.0064973859980532109,-0.31767555353802768,-0.010737620584773191,-0.99987508014714277,0.011598603576440686,-0.31756050895014865,0.014408611173123847,0.94812853299507094,-12.9791172376194,12.143999559253913,-6.7587879255868319,0.2225031276233377,0.2039959948015499,0.8687782805429864,True,5
-0.46618456965044003,0.88133590403985862,-0.076934850815999711,-0.87785072326471714,-0.47161989527702075,-0.08338334391535232,-0.10977274107649847,0.028665286133895351,0.99354327871885628,0.44784417363153101,-17.094566553338009,-1.0301626612006631,,0.1199162490164084,0.1538461538461539,False,1
0.25744858090498479,-0.88036756873826183,-0.39833801237628863,0.96478103090388301,0.25723324009222087,0.055032922870766651,0.054016577067150816,-0.39847710612473153,0.91558626316497815,-15.79326449046154,10.668696328669361,-7.5730403831833737,,0.1339958883499798,0.2285714285714286,False,5
-0.11563363503842243,-0.87727711951992771,-0.46584731191090833,0.98481327642999039,-0.1624034647750654,0.061383427700653213,-0.12950549414997087,-0.45167462868294067,0.88273345738625941,-1.601114892563281,15.001738394032955,-3.2885057735953982,,0.1673378436004736,0.1666666666666667,False,2
-0.88240381337113816,-0.28078848679520574,-0.37751998070477477,0.34425666310898118,-0.93225899699381398,-0.11126775107442036,-0.32070369510366492,-0.22814685666769161,0.91929220150043067,27.805666905723424,-10.478795097036647,8.5048342113043667,,0.1289581550414393,0.4375,False,2
-0.92894092695645258,0.18639667387633582,-0.31988284448079418,-0.20996754926438374,-0.97686823752173246,0.040522521850090143,-0.30493012721145418,0.10480804591738827,0.94659013888260157,-6.2365294775351607,26.532833358884833,-5.9500543996994733,,0.09094561544190623,0.4,False,1
-0.0098265306361426871,-0.87881304131406468,-0.47706506653912639,0.99833148162977503,-0.035770074846475791,0.045329400309022223,-0.05690072128325796,-0.47582364397095867,0.87769822134697473,-5.5108857705691747,33.118633314023356,-6.425036500442654,,0.2178907088363129,0.1578947368421053,False,4
-0.6019198609935642,-0.60375622760418446,-0.52265753469231813,0.75916508022884532,-0.63566455353595608,-0.13999627258989372,-0.24771124702487463,-0.48104988619383038,0.84096976467069473,-10.087539424810643,19.680277952367401,-6.5231680550703306,,0.4433717304149771,0.3333333333333333,False,1
0.76587930934860615,-0.45038328993960736,-0.45889407890588152,0.60046355269204177,0.75621603160299156,0.25996314245499175,0.22994000391439806,-0.47464956092869026,0.84960896235270933,27.552943304720795,-1.4429236835172976,7.9872300246324812,,0.4407735669199114,0.3157894736842105,False,2
0.63355902493545502,0.75958665609521303,-0.14707506180494775,-0.72981437401204463,0.64983783484718838,0.21232467564210922,0.25685393010083396,-0.027182720305590657,0.96606788493798135,26.535740268527292,-10.808946421105741,8.1295792994960774,,0.3463209654602388,0.125,False,1
0.45875124933407491,0.88325885696902273,-0.096959181206324768,-0.86463890070312488,0.46888446495272407,0.18040767698989357,0.20480933236871185,0.0010724326427398734,0.97880130121639553,-10.401800226491966,-1.9925452427094297,-5.2565329261968161,,0.6065015643173972,0.2264705882352941,False,1
-0.79901605043638657,0.52314269656465051,-0.29647102754924254,-0.55065594263635642,-0.83465634995658922,0.011261008676383244,-0.2415603112771291,0.1722512598160309,0.9549754549240973,-37.810320676993705,16.772185913513848,-15.094182662045391,,0.08983553152373833,0.2,False,1
-0.016317161523086161,0.97920914610399512,-0.20219594067664573,-0.99859814089957877,-0.0057757227456192283,0.052615530204209712,0.050353780709435123,0.20277102656210491,0.97793067625226648,-19.900025066254848,9.8681989012063482,-8.7825145744436401,,0.2168490771335443,0.3166666666666667,False,1
0.47689681527501421,-0.6843965498164164,-0.5515168086105211,0.87156427959573435,0.44943093423712221,0.19592738931429771,0.11377668528005941,-0.57411949797070361,0.81082776712230886,24.131772017005218,-21.366503393872144,7.7783466558344942,,0.4181352168724968,0.1764705882352941,False,1
0.58282362970788182,-0.69601322355502793,-0.41938312947788908,0.79786967019006938,0.58797469521575263,0.13300280890542215,0.15401495396525416,-0.41213025904740441,0.89801338716780787,-11.920616218949098,-8.6952685295274605,-5.4509516631599331,,0.1764817414176139,0.3636363636363636,False,1
-0.14708167013040904,-0.91394703519267473,-0.37824304246630702,0.98351261120392408,-0.17580815830811611,0.042360772834629266,-0.10521371542953975,-0.36577630914922227,0.92473659263094143,-10.013731641180975,18.756318865040924,-6.3734355783094339,,0.08302668822121165,0.1666666666666667,False,1
-0.90409775695863925,0.28855746539582688,-0.31518539786401006,-0.31703114713867053,-0.94748681000618262,0.041952313502924173,-0.28652835393080528,0.13785258078340459,0.94810240394435186,1.9169731930015244,3.7845345690269752,-1.2332804659847834,,0.0935152931267808,0.3134328358208955,False,3
0.79756334621685776,0.5808414652623578,-0.16283703818002937,-0.54018744016903264,0.80784035128132814,0.23577848995463227,0.26849625370756081,-0.10008575859499724,0.9580671180410415,27.29432816302047,-0.60560638844647496,7.8201786445915777,,0.2944918028964077,0.2857142857142857,False,3
-0.28259396296854261,0.93716503742391066,-0.20460289519939939,-0.95539323377114072,-0.29406579842356806,-0.027369235682320331,-0.085816204519070488,0.18774184090860474,0.97846235503170564,14.220733656443434,12.743325894700529,2.1638071054450734,,0.1540164223695239,0.1,False,3
-0.04274404398904879,0.96317526672256559,-0.26545499105757397,-0.99823107309261783,-0.030182667541476735,0.051222371015419092,0.041323981122621999,0.26717487186109973,0.96276160934583499,-18.916174206740976,21.886573240864088,-9.5522219184507584,,0.8355751112137833,0.5512820512820513,False,1
-0.32014912371761561,-0.8302059369146978,-0.45635801833038164,0.93457379029390641,-0.35566523696677776,-0.0086063760694344849,-0.15516561822299904,-0.42925556667905423,0.88975462313860421,5.3141363147849017,31.268821220151015,-2.6204613542048927,,0.1753124461373937,0.3076923076923077,False,2
-0.91908583148813361,-0.15885567161522321,-0.36061906487794348,0.22174737377545309,-0.96499205469851435,-0.14006582949609592,-0.32574428096507774,-0.20869884993553817,0.92213635296203789,13.130878687390947,7.1503804757745613,2.3593843036874382,,0.3982980284066562,0.391304347826087,False,1
0.52800593431029663,-0.70694795999128213,-0.47056807711241289,0.8394725628424704,0.51828143695056417,0.16331003749663175,0.12843500133454178,-0.48125765861606951,0.86711909012290411,8.4592477907326895,6.0662432897921876,0.9310584878438567,,0.6567994126378243,0.5777777777777777,False,2
-0.89427699420674689,0.38646542707875137,-0.22563938332078204,-0.35351773831694938,-0.91923064490263007,-0.1733211763379261,-0.27439727828062266,-0.07522961614106409,0.95866920182482829,-9.2878734400127705,18.846451162665044,-6.1715068517624685,,0.435629228033324,0.6142857142857143,False,2
0.93185854714719751,0.25294917392898802,-0.26010836879530935,-0.18934290571612872,0.95057633205369962,0.24607702248342411,0.30949783870600334,-0.1800593023089255,0.93369681133028148,23.167706204631443,9.3640740540522298,5.5866323684546302,,0.4208489985286639,0.3529411764705883,False,3
-0.71267259793733262,-0.47844962825339576,-0.5130143481165419,0.6436283710076971,-0.73683208488837426,-0.20693235298770887,-0.27899872433979206,-0.47766560678286107,0.83306379102295025,-14.758701553177596,16.152188247679387,-7.6000106122858755,,0.2334713475947343,0.2307692307692308,False,1
-0.51783879469434024,-0.72132427966429624,-0.45992854475048267,0.82595936660144442,-0.56157744647952479,-0.049212765913701405,-0.22278713480103154,-0.40536656888835876,0.88659113315824789,21.20166814436535,-4.7509252660452548,5.9926148717434531,,0.6854673892489538,0.2241379310344828,False,1
-0.91531448216517686,-0.14027923275205345,-0.37751971550793184,0.20095549907461158,-0.97142934986770813,-0.12626125932872795,-0.34902189921317023,-0.19143342204039951,0.91735323556170789,-15.298440854926511,22.431963449889899,-8.5070105291578688,,0.3852130228097759,0.4166666666666667,False,3
-0.40736842566812631,0.86780159280714197,-0.28455467188233075,-0.90901655994441888,-0.41530444883654521,0.03480098451753029,-0.087976471374385828,0.27284173122519612,0.95802793810334719,-11.653405035516082,-5.0660213902503175,-5.4771383017936142,,0.3920464725916034,0.3461538461538461,False,1
-0.81209614041655975,-0.40103148201266425,-0.42387923888208379,0.47301141943677216,-0.87779414456572802,-0.075747190367254941,-0.34170170588239474,-0.26201372139803919,0.90254570742772511,25.011492380017842,5.5118366948616346,6.5451173728249934,,0.2601359883609766,0.2857142857142857,False,3
-0.71813447475198045,-0.55698892438708048,-0.41718846374608759,0.64145181690097242,-0.76227587760475679,-0.086458388929817054,-0.26985633727437042,-0.32969504778206993,0.90469814452160813,-26.928963943689958,14.97680997552545,-11.415991414013511,,0.6788445117513456,0.1842105263157895,False,2
0.23296634402406477,-0.84324378567993996,-0.48442398832451011,0.97189506367058132,0.21922832733006684,0.085784180994039588,0.033862483146075123,-0.49079410999748663,0.87061729469782345,26.38629766073602,-4.9866209221087541,7.8245240596842294,,0.1569674117673953,0.2258064516129032,False,3
0.21640100999652456,0.94488641645389015,-0.24568325721019518,-0.96839630952996814,0.23970537257258059,0.068919678239089247,0.12401286449890303,0.22300447161608036,0.96689700334524276,-17.961459252449718,2.7656025989435458,-7.8433751484646033,,0.1796910116598037,0.3157894736842105,False,2
0.94508722151164326,0.12342182722701206,-0.30261724388961986,-0.029318000436941858,0.95423385542188055,0.29762090655240386,0.32550053546159269,-0.27240558314880547,0.90545270427757696,26.663485548633069,10.658706969450582,6.7582025681426261,,0.4426454660228058,0.1363636363636364,False,2
0.70864802251843095,-0.52846019562776703,-0.46749096442367688,0.67549904615989753,0.69950495283613645,0.2332249120372499,0.20376216238003028,-0.48106407327379641,0.85267715964920565,-16.41640853680568,21.122107044766253,-8.6194798400748738,,0.3604816748593963,0.4705882352941176,False,1
-0.29318431741613776,-0.76966107014326268,-0.56715499920847134,0.94345918729562095,-0.32889574640824654,-0.041380549803609903,-0.15468586854887562,-0.54721972287234866,0.82257088264221312,-8.2310050226546956,29.271072856108422,-6.8771991031213586,,0.2606740663865976,0.25,False,2
-0.40383370805144392,-0.81324985897357571,-0.41897852346019082,0.90402893185072786,-0.42492904703944667,-0.046550997400497417,-0.14017855263289936,-0.3975675689258471,0.9068020740603423,-8.0816796707217637,9.4328234267315079,-5.0035088175276723,,0.2069843583055898,0.5208333333333334,False,2
0.87816578098883413,0.37132335617822682,-0.30156894113421123,-0.35617241474432426,0.92839261764811809,0.105963948924496,0.31932126780950354,0.014356624011720109,0.94753776456219307,1.2904843024869548,27.102610844080196,-3.5975559226447977,,0.105101735896605,0.2941176470588235,False,1
0.325513092524502,0.94235857793708477,-0.077469588765726571,-0.9313603751268088,0.33368920899507226,0.14566867694838798,0.16312289305546823,0.024735043736344386,0.98629564501348954,-14.57648731011755,20.642118097490656,-8.0315591681166545,,0.4946004866885734,0.2307692307692308,False,1
-0.91283254867892749,0.32572272155064064,-0.24625484104475509,-0.28190307122873592,-0.93899284948784856,-0.19703575067103207,-0.29541055584413384,-0.1104406504704433,0.94896547156338884,26.061916784373224,8.9064267557483774,6.6851200453602955,,0.2210795293707492,0.5,False,1
0.9280498408773743,-0.17692935733474685,-0.32774913479762641,0.25739596212102384,0.94068865563356086,0.22102527422472601,0.26920403327452513,-0.28948377445970325,0.9185468593345093,11.93295447282536,-32.050692886147651,3.5883070219697335,,0.2929591475145781,0.1666666666666667,False,2
0.62591853896769156,0.75296766857754949,-0.20313953985731112,-0.73718683342274627,0.65623148905941442,0.1609838668780447,0.25452220964916744,0.048989007376689958,0.96582530612505268,27.938537855673552,8.9481208548235127,7.3323945116359166,,0.5237827121698659,0.5,False,2
-0.78607683585509203,0.60149418413283684,-0.1424357911004803,-0.57130602247002171,-0.79495541121726543,-0.20409635681675373,-0.23599287451431644,-0.079060993105079386,0.96853328417133333,29.766731318270999,7.8395250670753898,8.0017858370553618,,0.2336082674421148,0.3461538461538461,False,1
-0.3139886497012862,-0.79291655035615394,-0.52220156264613016,0.93594157707593539,-0.35087621680596898,-0.029987410367383213,-0.15945059472881942,-0.49816586058382994,0.85229471615715069,29.999617888847361,-11.807870826653302,9.3680441343117025,,0.2404469158728725,0.25,False,1
0.68579645979952697,-0.59384746896117824,-0.42074742938589549,0.70131502553901071,0.69374089300691411,0.16395367737012528,0.1945262210594082,-0.40751534569678793,0.89223920130308909,-18.475259444346715,19.930241448524416,-9.2244653900928189,,0.6062718424742518,0.2727272727272727,False,1
-0.80179156713407695,0.56277407913000599,-0.20103636171612382,-0.54607358137697082,-0.82661048084945477,-0.13608363851677202,-0.24276310797732695,0.00066993224165001752,0.9700853697463856,16.55775448693846,-23.941669314411822,5.1908948528021845,,0.4027640620446791,0.1875,False,1
-0.91605836514570138,-0.2302228824417511,-0.32838163171346518,0.23439030682405901,-0.97175571248236492,0.02742297075111173,-0.32542012186327646,-0.051848429659002458,0.94414696135103193,14.698000480242236,10.724676666402784,2.5257354461205739,,0.1566720041946752,0.3888888888888889,False,1
-0.071680813562969986,0.99695649114392149,-0.030653152088328528,-0.99693367510615494,-0.070644412257733991,0.033654337849595421,0.031386436661177783,0.032971529881987427,0.99896334758135885,-2.9502074732094377,-8.8643191504196484,-2.3885451546647238,,0.3362039144323842,0.3085106382978723,False,1
0.80205618756331798,0.52401863956510186,-0.28654901392211302,-0.5151079443868648,0.84975421251844219,0.11216765994127113,0.30227417623894715,0.057638907827108149,0.95147678830519211,19.707370111177728,-26.512268965031165,6.3776706568103307,,0.1671922774074974,0.3333333333333333,False,1
0.91522001140047016,-0.13253429720600057,-0.3805351374002594,0.27260730596358729,0.89909793139887284,0.3425027977835256,0.29674498726583065,-0.41720207312329938,0.85900223673412068,20.034114892651541,-24.649909929202394,6.4180533800200346,,0.3240265891321421,0.2,False,1
-0.94613408857775239,0.0020602734414085569,-0.32376850017333719,0.015377463640012872,-0.99856534641864159,-0.051291154635264867,-0.32340967833870665,-0.053507048182133934,0.94474503213919525,-4.7339380733868257,22.637509506465339,-5.0418003898517085,,0.1805038699273125,0.5,False,1
0.07229578774222585,-0.93655984328058606,-0.34297081366929066,0.9968959118330678,0.057105626881547536,0.054198600987308568,-0.031174669930041407,-0.34582453257788087,0.93778117523334992,-5.4699356186162786,9.5033821161461951,-4.1917605742715649,,0.08943967154193269,0.375,False,1
-0.93271069098114412,0.25190055001858191,-0.25806371273352796,-0.188538186521548,-0.95062741209720225,-0.24649721213949283,-0.30741522270805488,-0.18125572065375495,0.93415322328708195,5.2496311469456369,12.742740323966109,-0.83346327863418801,0.8409420370055852,0.7730233221663447,0.3559322033898305,True,1
-0.92264071815473625,-0.094070191574084638,-0.37401190390163636,0.20594109536212432,-0.94012547203707042,-0.27157386116510496,-0.32607111255669408,-0.32758952346540376,0.88677095896953495,26.248905003970197,-13.122977610537056,8.109243627659497,,0.297046040304976,0.6923076923076923,False,1
-0.88011075682016282,0.39567310559891006,-0.26238873686794151,-0.38449562422063088,-0.91822843068225179,-0.094971911858174024,-0.2785106293925379,0.017301519948346694,0.9602772967861154,11.950165337126867,18.35809495734026,0.91018466161919265,,0.6609791686767206,0.6739130434782609,False,1
-0.19617571809596993,0.97938454576322831,-0.048176749056853818,-0.98049562309543414,-0.19652423705102218,-0.0025607307963543893,-0.011975839019806235,0.046734738382386953,0.99883554377490136,-20.506205392697449,17.554632699805527,-9.6451281925469932,,0.392899127444078,0.1904761904761905,False,1
