axis_00,axis_01,axis_02,axis_10,axis_11,axis_12,axis_20,axis_21,axis_22,location_x,location_y,location_z,dbh,dbh_approximation,score,reconstructed,number_clusters
-0.5781280464624774,0.79274216806713216,-0.1932040808619335,-0.81322090945260217,-0.57914746800040584,0.057096083384093901,-0.066631181308486137,0.19012644549600038,0.97949590116574459,-15.903037894054693,19.057335656470212,-9.1900885272091255,,0.6309022247678024,0.3333333333333333,False,1
0.74097767084830146,-0.49038919630844413,-0.45877066977759684,0.65365640160248828,0.68327113092322633,0.32538265210515127,0.15390061711478945,-0.54097966485890547,0.82683468859309095,2.545077981731795,-23.360173320576706,2.4963603610592333,,0.5434473848616747,0.1153846153846154,False,1
-0.89841444202050091,-0.20266761573627856,-0.38958609818724999,0.2353250294064389,-0.97119498478457411,-0.037449059589673872,-0.3707743530826425,-0.1253241359877037,0.92022836298121413,-11.177292324976131,-22.538391942560086,-1.8018528948013846,,0.5566872881282747,0.58,False,3
-0.25276214726067248,-0.86359741506481646,-0.43624626256913923,0.93297887172651606,-0.33696971827607103,0.12649835523382794,-0.25624543278679629,-0.37503454995281899,0.89089133148639132,2.7558857843321842,17.80200501524148,-2.7790879667206037,,0.9388538167968041,0.5344827586206896,False,1
0.85077208917070735,-0.35307470209265374,-0.38926225996144703,0.47512650540690876,0.8333005868548804,0.28260384959715312,0.22459219965957883,-0.4253802847917324,0.87670403053857127,-9.8267915242075414,-24.411976636484123,-1.2073186464922632,,0.1851719292279555,0.5675675675675675,False,5
0.51671726519103245,-0.67023415445986168,-0.53271891842600605,0.85440306118469189,0.44347685271316567,0.27078347465429331,0.054760176147703038,-0.59507517113646968,0.80180225979051278,12.821705660441411,10.749575177997704,1.4899824374651482,,0.3509740036891025,0.4705882352941176,False,4
-0.88609029411033902,-0.24133077066243758,-0.39573153755409424,0.26237176601392243,-0.96496636219401888,0.00098804492687773471,-0.38210606784267254,-0.1029532853556213,0.91836570817528651,-9.542807139476011,14.042391887189961,-6.1880364494970346,,0.1832632595873394,0.2291666666666667,False,3
-0.60737613861495587,-0.68984469318308705,-0.3939651323763555,0.71456404694632081,-0.69110468202684494,0.10850134235238974,-0.34712022276566235,-0.21561219299405771,0.91269870887353099,2.4502094864301709,15.511021370039487,-2.5951897484825364,0.4199296247677756,0.2031060967615522,0.6944444444444444,True,5
-0.92552366178065604,-0.108788961322345,-0.36272705079512851,0.12097051273146943,-0.99259552874168167,-0.010965918634914029,-0.35884827787466367,-0.054028494486034806,0.93183090485879538,-0.27866914685855498,11.802624399708169,-2.9089233842532969,,0.1281192056947999,0.2553191489361702,False,5
0.80991061015511479,0.54019699941114829,-0.22854322432608237,-0.44936743311520455,0.82186820024757645,0.35014507204480616,0.37697972573285987,-0.18088632687133144,0.90838671453152375,-6.5707414399362341,-26.086855978196365,0.011054905679137689,,0.3394737901815603,0.1363636363636364,False,5
-0.44358339055428103,0.88967696706232136,-0.10820660748382391,-0.89622761783411786,-0.44075821094206408,0.050082497127580491,-0.0031357065793071737,0.11919351394241604,0.99286609045646657,-21.404898901432293,-19.597346215072346,-5.3250037265828913,,0.2882234860576483,0.2,False,1
-0.87586936728278342,-0.29317712673131979,-0.38327538900537872,0.35123510459319479,-0.93197492424492323,-0.089758798343546331,-0.33088782503601444,-0.21323675325852651,0.91926238599362819,-13.783874840599353,-21.438842446745831,-2.6517559978718328,,0.3616014242337544,0.1428571428571428,False,5
-0.72539353930329387,0.63292484687605266,-0.27057411432723022,-0.67386573247924741,-0.7331524159520133,0.091610641161016637,-0.1403894145840317,0.24878439097067667,0.95833039140063858,-6.3978384362907752,14.369521395681256,-5.1957723744560083,0.8289981416621888,0.5178764659063837,0.848314606741573,True,3
0.44714223712552237,0.86639059837593657,-0.22233117375701117,-0.84928124842415842,0.48923206833786625,0.19842717652820868,0.28068698019945026,0.10009652519263867,0.95456561052180888,-5.9965978555767387,-23.811196009720639,-0.091837549860890044,,0.1547377672131038,0.1111111111111111,False,3
0.7838024477476383,-0.45381983826698868,-0.42391187445050038,0.60428375413920099,0.7147192984388312,0.35216114056286846,0.14316028565299216,-0.53218782289190991,0.83443469113965085,7.985736280592465,17.041474788907482,-0.96448184310829987,,0.4510533501490353,0.1304347826086956,False,4
-0.94722474455059291,-0.020206393169985064,-0.31993278198103736,0.00094546863817562051,-0.99818321772292851,0.060244252384415414,-0.32056885282279102,0.056762360163781916,0.94552294793332159,7.0009223409822026,8.917796524188752,-0.063259986214459885,,0.2331748579197041,0.5208333333333334,False,4
-0.37158071799369358,0.887521153927329,-0.2724591186706587,-0.92800324809049106,-0.34648132331685727,0.13696957372386168,0.027161398137581588,0.30373819964584664,0.95236829248306576,-8.4348979490632079,-23.767194808865113,-0.86355237740574964,0.1599214509413205,0.1296253369881941,0.4117647058823529,True,5
0.11926350727649256,0.9669399845768879,-0.22539583416416273,-0.96431384929802777,0.1668574828472103,0.20556600027707619,0.2363789666703279,0.19283580228873903,0.95233362718719927,12.939797983140036,-28.983746727822947,6.6792488509301,,0.4148413836603876,0.2857142857142857,False,2
0.74600024313465729,-0.4252320309104004,-0.5125049825424618,0.64720797061354551,0.64422128997482542,0.40755462494918226,0.15686134009796282,-0.63573315898338112,0.75580279871913869,0.33631534457575435,18.575458927541106,-3.7025795012724814,,0.7717920610880646,0.6666666666666666,False,1
-0.74889303640781979,0.60216912299432646,-0.27667953905578146,-0.64343821806185464,-0.76063510073595664,0.08614814603801102,-0.15857641551397608,0.24254193625153764,0.95709295765985758,-5.8624271160621273,29.803391101266008,-7.4602881256627844,,0.3548004669766352,0.5833333333333334,False,1
-0.22570345448919163,-0.84748424919845156,-0.4804460406665691,0.94195419093165933,-0.31567621464521955,0.11432772932910198,-0.24855633731194354,-0.42675399806891351,0.86954055242654993,-19.084069615553222,-20.58363541103023,-4.3843913423572696,,0.3933242389664747,0.125,False,2
-0.94128513848507678,0.0095242542690683763,-0.33747826100024259,-0.049297142149483691,-0.99276573042007143,0.10948057489525417,-0.3339941314499752,0.11968915190659468,0.93494514655826555,16.684944786620669,10.267043861202415,2.7913598072229182,0.467047493439336,0.4135467959055287,0.7868852459016393,True,5
0.91254741939070805,0.27508959109064962,-0.30262670773898764,-0.19847635846471312,0.94487772251859337,0.26040972450863514,0.35758123901282363,-0.17757197515840084,0.91684450761533076,-12.81939732193786,-25.577347860809553,-1.8829546545710514,0.3673357767888442,0.3730342870215903,0.75,True,5
-0.76164470486457481,0.59010100389104825,-0.2677277511923869,-0.62631153176395216,-0.77637415281925415,0.070548139689705219,-0.16622637796465245,0.22141359497773239,0.96090832613095289,-23.421430264803099,19.777058111554197,-11.89960736334792,,0.1636780123604158,0.3448275862068966,False,1
-0.89379040083862871,0.31587880730239998,-0.31836975117924993,-0.36739985729581409,-0.92282138951956127,0.11583621154113521,-0.25720821182019005,0.22050229509553959,0.94086272836682228,23.171932280818918,0.46370741187694275,5.9949141047770995,,0.1452347474368655,0.4,True,5
-0.90674246644574275,-0.2190619391206387,-0.36031925617790145,0.20912379488524641,-0.97559998262428527,0.06687235838735936,-0.36617664856826132,-0.014715323040954159,0.93042899853299721,-19.917924531917297,17.855201454906332,-10.359819043873701,,0.08817782868837137,0.3181818181818182,False,1
-0.93639737847948146,0.21375778232358661,-0.27832994821408885,-0.21553255691309944,-0.97618705583918441,-0.024587576589154336,-0.27695787854339293,0.036965423142825485,0.96017076137769153,1.9301664240020684,17.675203806361576,-3.0479042621828394,0.9008772565478119,0.6224916905137642,0.8,True,4
-0.88082764640169819,0.35689563975116378,-0.31107581015092056,-0.40210868465718869,-0.91079020575844727,0.09364724671740271,-0.2499025071056902,0.20757336876654511,0.94576002956415839,4.5475940226315466,12.414407956727675,-1.4315724435354293,,0.07688338611731418,0.2608695652173913,False,5
-0.75773923334683746,-0.50319253562791355,-0.41548589186072166,0.52874156468342925,-0.84658744171330957,0.061008698637442571,-0.38244426002107479,-0.17345597603330393,0.90755132766982816,-12.363389367509127,19.489681433716541,-8.0707899254654638,,0.5612084581344781,0.8958333333333334,True,3
-0.41494295745283888,-0.79691989575441302,-0.43902280329279952,0.8508377290673339,-0.51081332708543092,0.12306463207378383,-0.32233135257966239,-0.32247236257187895,0.89000790699941368,-7.4365472139527142,-25.334250581092583,-0.32784458814254935,0.2591583509305988,0.2108169086086372,0.4,True,5
-0.88806719277920432,-0.24250700919811002,-0.3905470670726548,0.27069694924205279,-0.96249848452461906,-0.017883762435748879,-0.37156402245146186,-0.12160188229464462,0.92040923476575898,-22.386348595196896,18.328139075764373,-11.306049416989488,,0.1298911037876043,0.4782608695652174,False,3
-0.89941254451917863,0.30236190847964539,-0.31564909482221387,-0.34726902375856039,-0.93284571056097432,0.095932817251277808,-0.26544547443743116,0.19589833227604858,0.94401405895894897,-9.0558894532462748,-28.493215024337669,-0.50711813938713868,,0.1914225764736202,0.4,False,1
0.6897412546457441,-0.57890420597372849,-0.43488725199256323,0.71889333819253798,0.61913313409716531,0.31601666184777699,0.086309732603603834,-0.53060727715415834,0.843212041831084,-13.789792985293596,22.325518022453192,-9.0338460404269814,,0.4460196360774267,0.26,False,2
-0.93499244295291029,0.13970321263906715,-0.32599408583480999,-0.14798198826714565,-0.98898987155759988,0.00060423917914936842,-0.32232043492377627,0.04880621205140645,0.94537161523696156,22.862552696320563,6.9360048167232273,5.052106452965055,0.2502681116066899,0.2772378752361654,0.3846153846153846,True,5
0.52758374337843505,-0.71490416200048201,-0.45887627186114877,0.84846102768834741,0.47019284220405971,0.2429662026581107,0.042062788980660459,-0.51752365191791716,0.85463441978936905,3.9663677647456579,-30.665778703920033,3.9581180723676432,,0.06991081853254766,0.2,False,1
0.88939349326321371,0.40001429013721107,-0.22128665081084528,-0.26810170931910626,0.84849886217362758,0.45625777182447236,0.37027110014316711,-0.34646536417956991,0.86189388199632011,2.251566110759371,6.1037339176351013,-1.2559856679806445,0.7314015227577875,0.3732231606484067,0.5211267605633803,True,1
-0.23390269425361523,0.93688329152149474,-0.25988310389240482,-0.9711253633603969,-0.21221894708616454,0.10898920651045035,0.046958047862296168,0.27787194274609728,0.95946971040021511,-2.2154964653882456,16.185877707894004,-4.0993306139353072,,0.1302477382690211,0.1818181818181818,False,2
-0.89015201431277957,0.2979616800102865,-0.34474371446097241,-0.34215594938027821,-0.93673664603038687,0.073849592330778091,-0.30092972222527531,0.18369347628369728,0.93578737384740818,-13.813911732469366,-27.021927517457765,-2.0380662214787524,,0.1398485101008268,0.4,False,2
-0.11534065321275366,0.98505842749963346,-0.1278922520264833,-0.98116285041933071,-0.09289327578027029,0.16938211319919758,0.15497094783691046,0.14501977012380379,0.97721710566269238,-21.099189187520238,-32.853315441496505,-3.4577085623092292,,0.3812793166765421,0.6842105263157895,False,4
-0.93072502477241847,0.21042313300163898,-0.29912043286969825,-0.21565495784632599,-0.97634161601521252,-0.015811008604845356,-0.29537072877771853,0.049791102966067882,0.95408436662946194,-18.871988897635923,17.045292739945616,-9.9412409817009859,,0.1152369627660186,0.2666666666666667,False,5
0.20751290485591992,0.96333889809778339,-0.17004870399390512,-0.95244248030191514,0.23861830810458803,0.18951154253406455,0.22314057460398046,0.12263551870911121,0.96704126774215426,-9.8080751441621867,12.508760316072111,-6.0561244580549305,0.5763879090791444,0.3660421877582127,0.6704545454545454,True,4
0.92986052397524821,-0.057801778172625731,-0.36334330927176628,0.19192915694168494,0.91876183857136728,0.34502156845712434,0.31388310669440289,-0.39055811145723579,0.8654142111768367,3.7657331774688831,16.141087340778025,-2.2208968299589222,,0.2554749125908376,0.3157894736842105,False,4
-0.85506162127370433,0.44030626574808757,-0.27386130827073368,-0.44657019482572025,-0.89373308271157037,-0.042617343420144421,-0.26352359461365432,0.085857843030481273,0.96082451356741028,17.028669897119254,2.0365083999105211,3.917443955177994,,0.2576087961033591,0.4285714285714285,False,5
-0.90476950427002367,0.35951874595054722,-0.22833837928198147,-0.35588588881094618,-0.93270425605455776,-0.058378119899128694,-0.23396020663398936,0.028443664459068291,0.97183001582783046,-27.56386773308267,-13.344352678624361,-8.1915924518813359,,0.5835210620702347,0.3928571428571428,False,2
-0.93437059569523495,0.15072877673533541,-0.32285046966668995,-0.18311136553979238,-0.98043641201347453,0.072212670690801742,-0.30564982857885825,0.12659098649593908,0.9436911064684782,-13.515871665005703,15.378520546985715,-7.8208548492358343,0.1779278578167016,0.141905234655401,0.4513274336283186,True,5
-0.92951888213026579,-0.13610007536796564,-0.34274103525568117,0.099436744791854145,-0.98748106261303159,0.12244788591820702,-0.35511544819748653,0.079736569185491046,0.93141564190538839,-11.789456266992827,-30.868426757594605,-0.93356576731723828,,0.1557392904222763,0.4285714285714285,False,1
-0.19296705022960287,-0.82526428415868169,-0.53075660977301453,0.95193571243323749,-0.28859177093388627,0.1026313263261637,-0.23786995800207744,-0.48544170715061291,0.84128724704394997,-3.4192723386603348,15.758000061154009,-4.4654350357858084,,0.3619476846414069,0.1875,False,1
-0.93653697922028745,0.013384504658458522,-0.3503132049866034,-0.048173090022185255,-0.99470494260481324,0.090782325125924296,-0.347243200006354,0.10189667409980702,0.93222273511041565,-7.5937262843616145,14.785990169709812,-5.5883244865777773,0.7863926767955647,0.6085700924428813,0.650887573964497,True,4
0.69762278083512741,-0.57630385001460338,-0.42567162005260606,0.70374691511503951,0.66263530533607229,0.25623179269605983,0.13439767529957614,-0.47831822522303763,0.86784154100478172,8.7032722042303856,11.205994530062069,0.091751155736898612,0.3588168800850368,0.1561484102718544,0.2727272727272727,True,5
-0.91722572818735981,0.22113167625520294,-0.3313574283273743,-0.25884425828683733,-0.96309722735605252,0.07377926952078441,-0.30281448694391078,0.15344221197456615,0.94061622040088577,-8.9554039788388948,15.906459208548542,-6.2778304968852003,0.2496805733941792,0.1342611701802058,0.3333333333333333,True,5
0.80374169545819008,-0.40449610915137268,-0.43632806999251678,0.56305706153533597,0.7540878067008685,0.33810993070341278,0.19226552586770934,-0.51743064991018306,0.83384620290335243,6.6947785032718761,11.411013633301833,-0.68976493862999244,0.7309071182443266,0.4766799589333305,0.8309859154929577,True,4
-0.37388210338324696,0.89451941912982036,-0.24504526432756846,-0.92745869448946305,-0.35896474960308028,0.1047123610577974,0.0057046284383666379,0.2664194387465873,0.96384030828365641,20.556752841284869,12.5996462761772,3.6983044395724942,,0.1020597410507536,0.75,False,2
0.69314113855473758,-0.62246776489961431,-0.36344083934516741,0.70958457944751507,0.67787331442506327,0.19229533067828561,0.12666920167639104,-0.39117981958589937,0.91155540813239011,-24.58648194156228,-17.199247441115105,-6.6445842914014843,,0.2219810087011703,0.75,False,1
0.0048471265066085262,0.9798069705072574,-0.19988698284285317,-0.9933764860029306,0.027666009124300457,0.11152465644691943,0.11480271086127805,0.1980224544957572,0.97345130596983498,38.658447094081147,-4.5940069010802631,11.487937301596807,,0.5859024253563198,0.3571428571428572,False,3
0.30386384517821036,0.92948362147120145,-0.20910992566182679,-0.92246357842275972,0.34191213099587975,0.17932384437473886,0.2381757965809953,0.13840625742587875,0.96130952238515333,-4.9457348441464744,-24.480992209077055,0.24632605466936106,0.8641295065700656,0.5623169858846773,0.8604651162790697,True,4
0.010466282864542081,-0.87640798838141332,-0.48145560005492194,0.98540822625347213,-0.072761410445833632,0.15387139039444536,-0.16988550425208815,-0.47604077036655013,0.8628580998019526,-21.165919561187366,20.585830578461831,-11.227586388664889,,0.2011779089163591,0.16,False,1
0.67678329855980646,0.72460052969327016,-0.13007090050714715,-0.64267348265930357,0.6677021201375033,0.37569225897061631,0.35907542588858626,-0.17066912764795872,0.91757118927678571,-19.136669982128211,18.826869657419103,-10.23768513774974,,0.1153368976763126,0.1111111111111111,False,1
-0.29858806884857186,0.93067867402890914,-0.21138204949586323,-0.9525287782834958,-0.27681049782861117,0.12674728728310794,0.059448226912422061,0.23919271309901446,0.96915053233091775,5.322036154065577,11.924432893731963,-1.0832237703833441,,0.1546913268961771,0.4166666666666667,False,1
0.90576070785758089,0.29605459643040144,-0.30323129131698234,-0.21282679911584829,0.93651896261700573,0.27863414406147013,0.36647277344904455,-0.1878401144356498,0.91127043062384361,-5.8496644772882949,22.503752086570586,-6.3406882826852726,,0.1613189201456692,0.2692307692307692,False,1
0.94575077905895155,0.043986393989381561,-0.32190163257305476,0.044686426229194748,0.9637649530704302,0.26298334271207163,0.32180520073524271,-0.26310133480650211,0.90951586044597799,-14.567218066928136,-19.150770093178,-3.1977114687612138,,0.1453116522639583,0.4375,False,2
-0.89479038200320971,0.35620112391515141,-0.26920425627417655,-0.36598706066743458,-0.93050340015515098,-0.01472731216868689,-0.25574136094609562,0.085347417191648831,0.96297049522825617,24.082437175759608,4.8130951345889921,5.7313211651129992,0.2448596607641232,0.2066842433592362,0.5517241379310345,True,5
-0.69493874576686565,0.66759184672179794,-0.26717272656945323,-0.71013879472568453,-0.69555161758169315,0.10913679262761364,-0.11297358920353212,0.26557310381525867,0.95744863813804759,23.937932244051865,3.2987871176908445,5.8696735075394528,,0.1553225376300204,0.2941176470588235,False,3
-0.67238231689393524,-0.58762843670357823,-0.4501053657818942,0.67410417598846617,-0.73729883902609394,-0.044429515929000241,-0.30575411664155072,-0.33329152756720815,0.89186948473902961,-1.1721746492968699,7.1483368999265666,-2.4360065050196589,,0.4660193790228206,0.1785714285714286,False,2
0.4717705341873662,-0.76542042365844043,-0.43768040636873629,0.88129712680642336,0.42474261500085508,0.20714508269563081,0.027348443380041471,-0.48345143090983866,0.87494387054023037,26.302428704332328,2.8302164359106268,6.6779363844081594,,0.5148403932338956,0.2333333333333333,False,4
0.75514455738249664,-0.47122776172149378,-0.45574235488765463,0.63514783010172904,0.69803431692934093,0.33065892745554915,0.16230813711166497,-0.53915905721033752,0.82641610563650181,0.39271143468262137,12.388197267534098,-2.7610028128364998,,0.3258335097097009,0.1891891891891892,False,1
0.049877048304431328,-0.92422750257712305,-0.37857073781856426,0.98618981593385058,-0.014362335031705534,0.1649950613830484,-0.15793013328936403,-0.38157207289382661,0.91074739976939434,6.2173231611681725,10.464165309647544,-0.60886147230587195,,0.07468420357727815,0.1739130434782609,False,5
-0.45632799383790307,0.84841085739343824,-0.26826065514123887,-0.88979100156251012,-0.43713960581778843,0.13107607929692838,-0.0060609882247856239,0.29850960132364301,0.95438738588653793,-13.23265609059403,17.074284863601356,-7.9491656307027263,,0.09449702337511873,0.3,False,2
-0.72382899631947895,0.60866310984304828,-0.32496277141132085,-0.66322861815592227,-0.74363852187081969,0.084436655836015728,-0.19026135746946304,0.27664230968160564,0.94194991817394669,6.271491637795914,14.144818666011689,-1.090110224122367,,0.1172044140725242,0.3076923076923077,False,3
-0.80747782390657263,0.54859541317475513,-0.21684703489493873,-0.55668494888098408,-0.83026735867742285,-0.027531451182107647,-0.19514464273580062,0.098484444245963615,0.97581728958503366,-20.886770488508578,-15.727127100136659,-5.6063279909167649,,0.3439837890184808,0.2682926829268293,False,1
-0.053688599241775804,-0.82498454040364844,-0.56259936225207086,0.96631856872849309,-0.18493200980231189,0.17896529127457647,-0.25168622934513596,-0.53404181469755585,0.80712662086723974,12.753457519845332,3.8956285723903878,2.212482527064747,,0.3030370860864665,0.3888888888888889,False,2
-0.51786678554351595,-0.74350196558742632,-0.42310615641758281,0.78658383640783835,-0.60828879566202654,0.10616312624432564,-0.33630322736000268,-0.27783010679131781,0.89983919176015648,-7.5052498741689941,18.690434968326528,-6.2234251944521608,,0.09127656686868393,0.2333333333333333,False,2
0.93460995657926671,0.15161594616650423,-0.32174032064840336,-0.06161134255062848,0.95993024567349461,0.27338245355240653,0.35029740440375928,-0.23568310993633024,0.90650162722343153,-23.137821695834749,-16.657097122662222,-6.2133804558058232,,0.7278050983349071,0.7142857142857143,False,1
0.30282616085523834,0.91852388440198429,-0.25418534592845315,-0.91330249456197121,0.35590304639132481,0.19801912785449477,0.2723506374667729,0.17218273825347474,0.94666690811445253,-20.522457588042922,-17.860043206687703,-5.2020263585331685,,0.4384974836164695,0.7666666666666667,False,2
-0.8505477630597742,0.49453184091713925,-0.17890433497576311,-0.4752702175970378,-0.86845597347596526,-0.14107601638541714,-0.22513712048278334,-0.034963987945016234,0.97369954119723301,-24.19980400062969,-15.012353608029054,-6.7753040495466657,,0.7010144724020009,0.32,False,1
-0.66654072352215288,-0.58346912283187957,-0.4639905673484786,0.654091528389114,-0.75632864419604773,0.011456633805896788,-0.35761394879976222,-0.29585598636898758,0.88576605204392189,-10.284513172596313,16.033056560435686,-6.7784129773888431,,0.2827582424638531,0.3333333333333333,False,4
0.3987999067529136,0.89326896870881489,-0.20743477026708301,-0.86736486818567515,0.44085827873907346,0.23091592302062625,0.29771936418566031,0.087832383601445657,0.95060436175086771,-4.0998578706150459,14.864076361288246,-4.4968676461151169,,0.2341187734840022,0.1428571428571428,False,1
-0.31472098594164527,-0.82567797741704574,-0.46819502199021229,0.91048705799678231,-0.40201536876050153,0.096937920860320853,-0.26826110084818972,-0.39577711011231387,0.87829178573117883,5.1848884545860505,10.566504636522421,-0.98952061325938312,0.1415262204919502,0.1338606955613756,0.36,True,5
0.37737644285862321,0.90775913699758637,-0.18319489505106443,-0.87856628419982863,0.413485552501071,0.23906271591402745,0.29275980708198168,0.070732220877634061,0.95356627891669876,-4.5438788836434219,-30.153029360076367,1.207428175834123,,0.3470775551324773,0.3,False,5
-0.64106887478545393,0.70488176480891029,-0.30359907019157184,-0.76039607298309475,-0.63697636331596608,0.12672381295026322,-0.10406012672104045,0.31209423291153787,0.94433504637398613,-17.740882725335506,-23.41712593175243,-3.6211445388606394,0.6914833293442307,0.5706402730340153,0.8441558441558441,True,5
0.8141110827308855,-0.40344694099544065,-0.41767656239747031,0.54534575322308054,0.77831997051756074,0.31115274855783503,0.19955238514309315,-0.48109104054738522,0.85365698983182825,-10.257546979565792,-26.832110185095576,-1.0619271219011988,,0.3322723345064763,0.2307692307692308,False,1
0.85372161337217223,0.39453159877617489,-0.33985912438586957,-0.31622914513575834,0.91133302767366597,0.26357397526663368,0.41371310666683264,-0.11754543903641652,0.90278709291494263,-7.3057993408735395,16.827818667955651,-5.8900958882651837,,0.4288484584149582,0.375,False,2
0.80455614755974325,0.53098816344370303,-0.26597175734748213,-0.46166066238291203,0.84092844400884503,0.28232744263538001,0.37357574631123414,-0.10435958192492995,0.92171049653807136,-19.33909143388934,-16.995190250126118,-4.9466772219061239,,0.1252096474806733,0.3846153846153846,False,1
0.88663662338703342,0.36185616909905488,-0.28798543531539744,-0.27068950208104109,0.91096278730538927,0.31124587323837305,0.37497025419619767,-0.19800735599910271,0.90564363600606534,-16.480668738723431,-18.14160600488556,-4.0010084986789414,,0.5164470657350078,0.6710526315789473,False,2
-0.71310984756576501,-0.50792926152913775,-0.4831999695645649,0.59887553716166808,-0.79967479681153342,-0.043223955554258009,-0.36444812565584001,-0.32020006968596681,0.87444238179484834,10.234399795615261,6.1339072085452315,1.2362185194893329,,0.1627877073641225,0.2692307692307692,False,2
-0.71085079997061429,-0.47654172738345202,-0.51729983785376676,0.60169054701133995,-0.79289086812452336,-0.096397909115987557,-0.36422469139026264,-0.37977895321770461,0.85035776051879031,15.432774657048059,3.03949093115998,3.2547638924046458,,0.5143443270130481,0.3636363636363636,False,1
0.0639388636158712,0.9937129149647822,-0.091904648150719526,-0.97835788881899954,0.080577450470550455,0.19058624258140217,0.19679345290212813,0.077729769765917334,0.97735890019326899,-9.6061807260715657,21.910760511907146,-7.4550782301494145,,0.08087554688596571,0.2857142857142857,False,2
-0.78138912945643058,0.59252740530046832,-0.19581190549917141,-0.6051616844758726,-0.79608026787252484,0.0059617737573424145,-0.15234947984698335,0.12315632777857487,0.9806233501801036,12.75910933149158,13.096484931152776,1.1926691955329445,,0.2713643427917929,0.3888888888888889,False,3
0.87686424839747501,0.34591918255016418,-0.3338397954500909,-0.30436962926079064,0.93699841630487746,0.17144415016500625,0.37211317991436582,-0.048722551102939604,0.92690770540978962,7.7369399329739768,10.174920252725851,-0.0473486098335862,,0.07608095291224354,0.2142857142857143,False,1
0.88692838000766649,-0.20991120363967264,-0.41145514375630377,0.38038198717489358,0.83726790174488386,0.39280020944571664,0.26204502012031416,-0.50489577864571566,0.82244310449774027,-2.8033369111578286,17.438329617415523,-4.4873510902956975,,0.4510547880467733,0.2307692307692308,False,2
-0.52714599909733151,-0.66922527340330806,-0.52369325857217619,0.78324583735603659,-0.62168281827217775,0.0060358702441223322,-0.32961045781364029,-0.40699877997781564,0.85188552000632833,15.872891978710301,0.81824153860329063,3.6739716786933694,,0.5418650977005588,0.3018867924528302,False,2
-0.87605609863869849,-0.31907333666811416,-0.36154932978145571,0.30657284853215272,-0.94727881633754607,0.093144686703107007,-0.37220800714227675,-0.029241237073943827,0.92768860587675706,-13.113211164813174,17.88068152904021,-8.0001214048492599,,0.07246048832858595,0.4285714285714285,False,1
0.19691753412231106,0.97928950296335981,-0.047069673261705858,-0.95081604446365187,0.20246007790517995,0.23443286127401763,0.23910736991084744,-0.0014093404144257526,0.97099211089169668,-18.430167499996728,-16.39112561638656,-4.672799966795635,,0.4175050293651426,0.4285714285714285,False,1
0.80523315021651765,-0.47840661741020662,-0.35032368205776088,0.56902000739889114,0.78962031228987173,0.22959963762822283,0.16678070923265959,-0.38422242365245862,0.90805138851855816,-6.2636845709348838,-29.909066385037232,0.59485543438369981,,0.192914754515397,0.4090909090909091,False,3
0.7541992087495285,0.61428230016500907,-0.23203622395128504,-0.53965321268681465,0.78116051723635904,0.31394690052272189,0.37410956090213027,-0.11155941024857549,0.92065006078672773,1.2960485955487395,-27.213472472261884,2.6668628124678286,,0.3996352561478357,0.1739130434782609,False,3
-0.52974247803830643,-0.69359098550182197,-0.48816436964658183,0.76932959375632681,-0.63525259681537771,0.067720856536545374,-0.35707825911494329,-0.33968468182997213,0.8701203559264149,-6.1162018607029056,-21.156787094885875,-0.50140111502184526,,0.2846080775903016,0.2941176470588235,False,4
0.90324019043522075,-0.17330276488128402,-0.39258541754253778,0.33907110770782145,0.84895025178507189,0.40535694629777108,0.26303600951264705,-0.49924905776432416,0.8255679475495018,-7.4127245369164685,13.119596420434885,-5.3768983799865007,,0.1338940347891661,0.1764705882352941,False,3
-0.9336471951066917,0.016127718941574963,-0.35783070263903966,-0.026852132612561499,-0.99932620940747952,0.025021793809318404,-0.35718605521991575,0.032970045086717685,0.93345117605765282,2.5072232000278336,12.86449090604245,-2.1341883443332765,,0.4819727102899955,0.4591836734693878,False,4
-0.52630141481178461,0.82637734989448641,-0.20026806122914001,-0.84928711118915601,-0.52236904782694726,0.076432850531336208,-0.041451459987447703,0.21031180055748938,0.97675520116924652,-23.68900244280168,-12.521265242031159,-6.9694920117518322,,0.2474218392584112,0.3076923076923077,False,1
-0.90951151654180995,-0.12475933016839194,-0.39651470441050984,0.19883640390430493,-0.96826291995784131,-0.15142985939741865,-0.36503819767282442,-0.21656875899042322,0.90545297330624908,-10.45021587721374,19.094713009520415,-7.3570589554768793,,0.578237060143383,0.3469387755102041,False,2
-0.48778995345483078,-0.78883680499768249,-0.37389498042843994,0.81225210871605802,-0.56706238883862459,0.13669952103409455,-0.31985539419377029,-0.23701633328883082,0.91734169454978298,5.8161832527523876,12.98737820139209,-1.0705063663428072,,0.07854671876304789,0.4210526315789473,False,4
0.93089624046566033,-0.04916175253184342,-0.36196037293451794,0.20412601519063089,0.89175849337940671,0.403855617031735,0.30292698692802505,-0.44983320416981992,0.84016982153432518,10.299588570477605,10.797022300361082,0.66052720159583178,,0.2818202592583829,0.2727272727272727,False,4
-0.82797151690132686,-0.42187210170020173,-0.36944160161948486,0.41789312475537416,-0.90349839226252693,0.095162973162978906,-0.37393649659040346,-0.075594874072804796,0.92436838518612885,-16.412040974017685,17.283477087681582,-9.0404145487113556,,0.07610103290028644,0.1923076923076923,False,2
0.37070664614158289,0.90427437609624395,-0.21181226414493978,-0.89388182549146122,0.40929042244418612,0.18291154187615005,0.25209495148159983,0.12152860910586522,0.96004110985221958,-0.40796384155589449,-26.473585986816577,1.9895305310790448,,0.229953365016369,0.4761904761904762,False,4
-0.32180313152548318,-0.82738105143728835,-0.46030787551694091,0.90756253603085624,-0.40807603096926942,0.099016140813548592,-0.26976468956042621,-0.38589447867376242,0.88222018997270291,21.531392405953003,0.15478285762151656,5.4941339771194411,0.3572614737146613,0.1297503036308529,0.1764705882352941,True,4
-0.11526263396497016,-0.80537485687015131,-0.58145151571979015,0.97025641511701122,-0.21672604635886117,0.10785318610937632,-0.21287793247714604,-0.55172562089415489,0.8064005364043455,-9.9723730309003926,17.766172589766104,-6.9862307630306013,,0.6145148580548525,0.3714285714285714,False,1
-0.55691976630340534,-0.68392086462445845,-0.47126704195380981,0.75950847289250645,-0.64898806240122386,0.044287407524016012,-0.33613576647695997,-0.33326677871044819,0.88087797151643443,-0.51079865605375796,-24.044568748121517,1.6115693655024883,,0.4940938681883392,0.2903225806451613,False,1
-0.90336961111485803,-0.23530844906699377,-0.35854327425274257,0.27297480183400075,-0.96029884117412356,-0.057540361515411725,-0.33076895754873886,-0.14985349324364194,0.93173806795944503,-10.671042902077817,-27.99337196937789,-0.99375050931687725,,0.7016207752472973,0.6363636363636364,False,2
-0.64769110222670923,-0.66709514203740305,-0.36807649689493799,0.67459875550577642,-0.72666160550960934,0.12992086109727152,-0.35413663347133417,-0.16415536100991576,0.92067380884072936,-17.525097645736412,18.064261330045213,-9.570993107442094,,0.078961104994376,0.1,False,1
-0.3227610903030172,0.92622423574214974,-0.19476638239254565,-0.9446743377787109,-0.30254415659788531,0.12671791053686757,0.058443768947278346,0.22489041427403259,0.9726297483826476,10.310645443924985,14.704203843494769,0.10432327359341786,,0.3989487439836324,0.2727272727272727,False,3
-0.69044053887322032,-0.55650222367442603,-0.46216570332065626,0.60285890218097349,-0.7957678505954292,0.05757318837690642,-0.39981621570617837,-0.23886984532198752,0.88492270320872712,-6.528268791700734,11.51298253382426,-4.8634839140321686,,0.2444767480512421,0.4074074074074074,False,3
0.69459242142555888,0.68552103750107052,-0.21817945650687473,-0.62177107118898101,0.72460167916386831,0.29724256354938461,0.36185923109779339,-0.07080475758279825,0.92953998470907928,-0.71880141487949978,-10.586699480635495,0.0777402232157441,,0.319610555059992,0.5675675675675675,False,1
-0.27994952799811029,-0.8111899663524168,-0.5134190298993605,0.92290340883676425,-0.37466653231378227,0.088737182293817704,-0.26434363947542977,-0.4489942405567478,0.85353770403875751,-25.128998066885952,-15.589825818370262,-6.9724489691904203,,0.2654758734025976,0.1818181818181818,False,1
0.64970270776562034,-0.62471999731594241,-0.43314122001443056,0.75290105199261237,0.60751024152291377,0.25312311698694789,0.10500665421980718,-0.4905672547147224,0.86505339209277821,-1.2860222581652374,11.397430847171327,-3.1285105461562077,,0.1468777424330653,0.2307692307692308,False,2
-0.66745972856552505,-0.52155980264451618,-0.53148178050489125,0.65255456402222822,-0.7534986901527515,-0.080076619008596139,-0.35870607984392405,-0.40026877995104937,0.8432762608300457,3.8748047283583462,-24.546643496349272,3.0834344858799909,,0.4361801609353565,0.2,False,2
-0.66244010741094927,0.73219145702808053,-0.15833121722663102,-0.73970498286636344,-0.67273675008694989,-0.016180340080531819,-0.11836233529312912,0.10639988410494236,0.98725347416274589,3.1028007427317332,16.291458049158226,-2.4584620843567078,,0.3203495005484848,0.3571428571428572,False,2
0.58405642433438354,-0.64631816900313233,-0.49107119403419863,0.80872565661201579,0.51519380321535735,0.28379245491372729,0.069576616267241265,-0.56289268030854189,0.82359633615252748,-11.575336729635918,-20.232652833696999,-2.1807109728800578,,0.6849552034020381,0.1428571428571428,False,1
0.0093584386956544318,-0.85240081609041629,-0.52280519159011174,0.99504506758848676,-0.043815309981569198,0.089249829574314529,-0.098983499094570646,-0.52104996626006306,0.84776718476677526,-7.533950318911014,22.947766621067782,-6.9437879488194714,,0.36466685821504,0.1428571428571428,False,2
0.63548143338982188,-0.63087674541973915,-0.44514927822632266,0.76615531512364021,0.58672809715236462,0.26221398345580638,0.095756884476334347,-0.50768560359789983,0.85620438387970355,-5.6136802688077774,18.188769134341857,-5.5560293332683584,,0.1990851938020532,0.2142857142857143,False,1
0.22437923230751883,-0.79256868728413532,-0.56699985541955045,0.97040744256542788,0.12844216087398011,0.20447984429681293,-0.089237635125068007,-0.59610191011833313,0.79793430633765838,1.0095606131903749,-32.65251882945919,3.2332812023549971,,0.2675254603766292,0.2,False,2
-0.88640328290654935,-0.25991123039054626,-0.38306053355751007,0.27714903256328377,-0.96076880552378929,0.010569582850191328,-0.37077976455266237,-0.096795943351276906,0.92366276938556358,6.0881491433704458,-26.216066674343768,4.0167589337225955,,0.1735809308106916,0.2,False,1
-0.80955850348553926,0.55048731680536578,-0.20390866453067699,-0.55316800008939915,-0.83163066721904144,-0.048944836478502812,-0.19652021043991896,0.073172039586453547,0.97776564651833064,-11.732148589850421,18.861548734542438,-7.8050851755093671,,0.6282430016922145,0.6,False,1
-0.81373040826548737,0.4880174901395421,-0.31572417072816228,-0.54610610797906856,-0.82791086487895504,0.12779561277029494,-0.19902497705573954,0.27641007422538588,0.94020557825120332,5.570236243525267,14.090399434794186,-1.3381500449378501,,0.126912507911304,0.3333333333333333,False,3
-0.63998712077007058,-0.57873894349265731,-0.50544803940013272,0.67346297604025263,-0.73919371718895188,-0.0063457364731435151,-0.36995149026790192,-0.34446173046273687,0.86283370999003939,-15.16052279705611,16.687143562779518,-8.5658412062955485,,0.6587566450519557,0.6232876712328768,False,3
-0.0079234711292221656,-0.81698700731492302,-0.57660163760075323,0.98429245363045836,-0.1080724123500849,0.1396020036208839,-0.17636775309391578,-0.5664385081961143,0.80501045465333188,4.6552970317232631,-28.707731108112458,3.899286175838216,,0.388523203129765,0.1111111111111111,False,1
-0.57940972310029415,-0.64840515595280279,-0.49381689573227672,0.74030942742628392,-0.67212251549293633,0.013902367827667281,-0.34091982113190261,-0.35752213623951962,0.86945477033490493,-1.0564662805115299,20.537594673467598,-4.3400532283007784,,0.4844706947703713,0.375,False,1
-0.80152029083481402,0.56181601545722071,-0.20476324903616791,-0.5665619758476298,-0.82302667900281934,-0.040430349654940467,-0.19124003478274532,0.083605325340930459,0.977976174899436,-3.2563715533577393,-25.156624470463875,0.86552089483935057,,0.3492640406681109,0.1739130434782609,False,1
0.27509006543363007,0.90802001303009672,-0.31595112254357216,-0.92477278950000252,0.33977495298877103,0.17131336527504737,0.26290824197827001,0.24505639607710822,0.9331809144220613,11.152380760213418,9.8937150785291941,0.97599308473839264,,0.07746531673777357,0.2857142857142857,False,1
-0.92605680900250897,-0.12760669139419917,-0.35515534461910681,0.12061375364041817,-0.99181649575139308,0.041861213410453998,-0.35759070028855539,-0.004070757528108683,0.93386954121027443,5.3712063848799936,17.030958000697964,-1.80319649154232,,0.9168913632119338,0.5974025974025974,False,1
-0.91032206581018515,-0.23936486132382914,-0.33766581062124218,0.20651385149787427,-0.96968258793270112,0.13064343764480857,-0.35870010543431746,0.049194936970821682,0.93215561605230179,9.9839058284302951,12.88229356579385,0.22620295639517149,,0.06843647110143994,0.2,False,2
0.62366484225169927,-0.67130992790614485,-0.40048114217002873,0.77772469237175734,0.58442995944638976,0.23148633950353897,0.078654099794095572,-0.45583396450477331,0.88658272563221219,21.145359835278953,3.8722732499714154,5.0215984407821619,,0.4362973308944898,0.125,False,2
0.83802217045889327,0.46631629628682936,-0.28331599608334956,-0.39698329056150755,0.87729823776138283,0.26972591465361817,0.374330213627386,-0.11356458003315584,0.92031515109095607,-16.193426695720962,-19.484480742564212,-3.5807004990228619,,0.08765663886557146,0.1052631578947368,False,1
-0.50205752812486648,0.82707037251427495,-0.25277032531974025,-0.86431381419479769,-0.48998370978492461,0.11347949038237465,-0.029997817340427946,0.27544611642660904,0.96084835843139649,20.71235633235926,14.547449513192481,3.4651825307469131,,0.3743332870546128,0.3,False,1
0.37326427206921359,0.87667263851927157,-0.30351090271734643,-0.87850638605029208,0.43915527495291518,0.18806694060861512,0.2981615549756455,0.19643759658651905,0.93408348544539466,12.491406114044592,20.57257300169794,0.057975207983345114,,0.1697742338933644,0.6190476190476191,False,2
-0.51358534895622632,-0.65120118755533873,-0.55871916260678556,0.79353427030868129,-0.60817725723486449,-0.020586054210227162,-0.32639462492997651,-0.4539354988418442,0.82910138807508105,0.15934038711589799,23.244483461903609,-4.3605024929595411,,0.3776945255374409,0.3,False,1
0.35101107513599694,0.91330563878597759,-0.20655274215950106,-0.89203722357134241,0.3932266208269567,0.22280578187323591,0.28471181376086713,0.10604543759516771,0.95272952524325971,2.2763350613004198,-27.566622728171318,3.0348598462341627,,0.1519197731103089,0.3636363636363636,False,1
-0.090085782090262578,0.98370604036355325,-0.15558591844201439,-0.98589460988780486,-0.065957116224628715,0.15382287545584342,0.14105449322640815,0.16724857240523835,0.97577228130801652,-4.7070786661853408,-25.734867358379908,0.55024148859046407,,0.1042543857488511,0.4166666666666667,False,1
-0.66721983535337748,0.73369847902652696,-0.1284688023808627,-0.73635221642044957,-0.67570824141703389,-0.034695617213008956,-0.1122635501117964,0.071448683369681243,0.99110644280068927,-0.34000310882236856,17.499496058400183,-3.7153694941484439,,0.2558472210972115,0.2,False,2
