axis_00,axis_01,axis_02,axis_10,axis_11,axis_12,axis_20,axis_21,axis_22,location_x,location_y,location_z,dbh,dbh_approximation,score,reconstructed,number_clusters
0.6691566243924737,0.71653009584628791,-0.19701277567249015,-0.69631658786271466,0.69717513596580161,0.17055802314254315,0.25956236533614829,0.023053232692513193,0.96545115203387066,-1.5176201155896243,25.325516050716807,-3.1505924365164502,,0.2658586178719891,0.2051282051282051,False,2
-0.95043107361732226,0.25126736254520488,-0.18315427055409367,-0.24065912784928595,-0.9674395969752847,-0.078382462242017559,-0.1968856482465054,-0.030419380728029521,0.97995443914024782,-26.028590540223359,7.7574148705035713,-8.8736985869509137,,0.3082204111254434,0.5952380952380952,False,2
-0.31712909026635089,-0.88976641682111968,-0.32824512731210742,0.93213611658536655,-0.3562208778083909,0.065030349611322827,-0.17478958854573748,-0.28534612264883552,0.94235141535697109,8.4949077825647681,3.7244068369599455,0.99344914094128534,0.334557874596901,0.2494896892097468,0.8378378378378378,True,5
0.0066742386093996443,-0.94025080564224983,-0.34041721024073723,0.99900786601322367,-0.0087201021387610326,0.043671998607763697,-0.044031104718048414,-0.34037094809603108,0.93925975081950497,-17.50963620079936,-13.284158123865859,-4.5468506362107934,,0.1112544983501271,0.3571428571428572,False,2
-0.56327210837375696,0.80549244484310933,-0.18413705012531817,-0.81989281935620362,-0.57250534115520513,0.0036604804191756046,-0.10247095537916615,0.15303449169855166,0.98289376214026702,2.6816301411343182,-11.226202083960159,0.87420633596047015,,0.09668252237092527,0.25,False,5
-0.54773321876913428,-0.74669259121411036,-0.37741024798322642,0.80569290547428118,-0.59232775744654576,0.0026018890747347007,-0.22549337712051459,-0.30265161817558994,0.926042512463916,-14.981192989919814,6.5329621429442408,-5.8176943052847889,,0.08018340498546081,0.2535211267605634,False,5
0.16803662303726569,0.96116321784330816,-0.21892684162369885,-0.98080387132852809,0.18530124576958801,0.060722436571748972,0.098931589015861271,0.20452070061814023,0.97385000062302229,10.59730591996461,-6.6861817485301023,2.5029995688224891,,0.09220533593628553,0.2272727272727273,True,5
-0.84130924925569062,0.46980217145890873,-0.26736616616416026,-0.49705922412484888,-0.86674383358625418,0.041076205430975898,-0.21244028532561895,0.16745461066419978,0.96271910676898464,24.184262902540357,-7.8376460026641785,6.8115774470567727,0.5984386179812113,0.5929547350231825,0.9775280898876404,True,5
-0.23756664183496271,0.96053730398049464,-0.14467265930071568,-0.97136427308164464,-0.23435113513464956,0.039127924065423189,0.0036796287620840529,0.14982534205862413,0.98870563223296615,-5.379389740167511,27.786894984420773,-4.3319439523679435,,0.1452469355319311,0.2727272727272727,False,1
0.62058879351840524,0.73974827950139466,-0.26008081885078926,-0.74527041958640827,0.65956710537285379,0.097689483566934243,0.24380638024643597,0.13320554224506442,0.96063246482009379,-13.684279096219054,-6.6218132740018625,-4.2006644387059549,0.3999509563672499,0.2063116669503104,0.7407407407407407,True,3
0.1365430131411082,0.99063406707737323,0.00038821139904049451,-0.98377598064101668,0.13555168265906115,0.11751834427911276,0.11636505264104907,-0.016428221877011373,0.99307063598205658,-13.014207622511604,20.44513726497734,-6.1646028483563073,,0.1439008378500538,0.375,False,1
0.88373540874789358,-0.35834873146416191,-0.30099487368262429,0.40913291713733119,0.90385069639309834,0.12515660088229014,0.22720471702825751,-0.23375223055136235,0.94537712648041783,-0.39361581116720906,-13.714692609251705,0.22081103368989019,0.2376531045833891,0.0991555462783509,0.4444444444444444,True,5
0.90921479101349301,0.33019261875461059,-0.25357700669079269,-0.29462788339107421,0.94064817846153592,0.16845003616945245,0.29414770801552331,-0.078446407674071614,0.9525351893721552,-8.2886031919441816,-0.80459448503112541,-3.3545619193083525,,0.06721743244091714,0.1864406779661017,False,3
-0.87355561630102729,0.44575274227765066,-0.19546119303045031,-0.43719329613551006,-0.89510989358500748,-0.087408810885434271,-0.21392196484489581,0.0090978655843963613,0.97680838540560644,11.367686073858234,20.445832248293321,0.78603832740391266,0.5282292849573097,0.422995884047453,0.5652173913043478,True,5
0.59152817310313355,-0.65149018792875601,-0.47503153101433615,0.79393766038504099,0.57335441109388885,0.20230598286137846,0.14056106092228179,-0.49681511079247098,0.85639788290295771,6.8873364781412443,4.6204742207577869,0.42830981465621298,0.4572162289682974,0.3246135323236682,0.2702702702702703,True,5
0.65349769102350641,0.70711173311453335,-0.270062520018434,-0.7176361915409627,0.69225694175309194,0.076017255838656497,0.24070534771277757,0.14412953717547872,0.95983728417688274,-19.700087208891397,3.9257085580896911,-6.8936492446923658,0.1309363548310942,0.2698316687428425,0.4210526315789473,True,3
-0.94044757372145171,0.17604030059951159,-0.2908060756694546,-0.16678680922452413,-0.98437199291956001,-0.056514952218652617,-0.29621026543679596,-0.0046467322290016794,0.95511145241246853,-4.5554648688613621,-21.372792035171027,-0.12112870005179942,,0.471095082220554,0.3571428571428572,False,5
-0.94496416880644374,-0.2119163676554475,-0.24926727180211067,0.23243871974840813,-0.97101767186340471,-0.055649999916390816,-0.23024978009472064,-0.11052662144793196,0.96683447638033548,-28.372591775106805,10.153737119863697,-9.747237383833097,,0.5918751672238665,0.75,False,2
0.26782240773839228,0.96343725749520148,0.0077336138600236359,-0.9512307590033785,0.26313685241229212,0.16099391301663896,0.15307253522127295,-0.050474228797250942,0.98692509907705539,-17.531977621294278,-5.5044862515394017,-5.3538082077495739,,0.3675497203580654,0.5714285714285714,False,1
0.9513782457764669,0.13613448313979912,-0.27630931211877646,-0.098847474638708618,0.98452352711515767,0.14471558766863693,0.29173380027148299,-0.11036678421059859,0.9501108160220938,-11.546527417169864,17.581569646205047,-5.5787821956470456,,0.08360125181405567,0.4285714285714285,False,1
0.46529824160047695,-0.82313357193375258,-0.32549757160244086,0.88265411896920287,0.45909151724599145,0.10078038033007408,0.066477459564914201,-0.33419470604477819,0.94015671343741403,-7.5216791678617687,16.224198064326153,-4.4601421933419267,0.2219554932946582,0.1228898384961949,0.4642857142857143,True,5
0.95689207796018139,-0.038130980892010224,-0.28792981685344493,0.077905881686015324,0.98871324241025016,0.12797186363155846,0.27980033012090916,-0.14488668875649965,0.94906249672263765,-30.002700532931723,9.2882325095992933,-10.102404535328485,,0.126059405491716,0.4,False,1
-0.28457650481024932,0.94912692189768932,-0.13481208788161536,-0.9583996503360287,-0.28490898378062018,0.017233142396946288,-0.022052735561856371,0.1341080053170304,0.99072131286458509,-7.9979070824539349,4.483986728668433,-3.6841021945209875,,0.2718991901009512,0.2763819095477387,False,5
-0.59666918341691166,0.78728582988465468,-0.15545709254784026,-0.78613688030187101,-0.61234519868201032,-0.083798347718392993,-0.16116665594917265,0.072210662051538421,0.98428193587825275,-11.89245722018331,20.189446394115077,-5.8038181926969843,,0.2165696425489205,0.2121212121212121,False,4
0.71607201840683288,-0.62279398595298419,-0.3152277200938377,0.6790412210403669,0.72612597192319372,0.10790779872931183,0.16169070654422976,-0.29132237119622717,0.94286127901077565,-12.636640924745022,23.975698324679129,-6.2220309089968735,,0.1180903565813736,0.1666666666666667,False,1
0.59562450401209033,0.77659044495146079,-0.20527720533572602,-0.76880526324141196,0.6251908828489785,0.13444265400095662,0.23274431772367155,0.077740856778205192,0.96942583097147539,-4.1046284593205957,-9.2466069534242337,-1.2431549577779266,,0.07227839668260339,0.2093023255813954,False,5
0.95729295152943439,0.062100770587128463,-0.28237156238642086,-0.033726238266332767,0.99397775450849379,0.10426295792204848,0.28714586154856225,-0.090286864131706016,0.95362232375337996,13.123150837464397,-6.9698153345975671,3.2963225424075855,0.5298264974626634,0.492738255144312,0.9583333333333334,True,5
0.20901968465049031,-0.90372635853661298,-0.37361670240336226,0.97786776665985886,0.18954421668402721,0.088586798391737484,-0.0092413395278674801,-0.38386411503003459,0.92334334829246401,-12.335788815780592,-9.7134508152323296,-3.5403356421306107,,0.09912962777440065,0.3225806451612903,False,3
-0.53593012956843677,-0.74271072248955727,-0.40144698145558183,0.81437965113527877,-0.58016754687452654,-0.013834788410954951,-0.22263126473507799,-0.33434473265274234,0.91577776764334351,-10.981562807672386,0.21688675938760493,-4.1625056647238994,0.728294539471481,0.5385495684747575,0.54375,True,1
-0.8859939026307897,-0.36286980884534237,-0.28868721192600383,0.3616731495964719,-0.93040466053724502,0.059495382270762981,-0.2901850054052294,-0.051697867258917812,0.95557312287383234,2.7391995401591824,-4.7166923705097767,0.20238419830666388,,0.07327417605537465,0.2,False,5
0.85466938167342554,-0.41902779883210772,-0.30652235128271538,0.47072378147256383,0.8744804222831527,0.11706029471879062,0.21899627756228102,-0.24433521000747904,0.94463799180663199,-7.3886641553934194,13.636342633907937,-4.1667155071644375,0.3143574018699354,0.3403446587906248,0.7903225806451613,True,5
-0.94549331463881114,-0.11681888015202216,-0.30396667780094117,0.1279169304919823,-0.99164284499367672,-0.016784721217702941,-0.29946560882148571,-0.054752326095556046,0.95253479302348965,9.5087199164134155,3.4587802776080379,1.3247082278818958,,0.09229085072875466,0.3243243243243243,False,5
-0.26996519012163989,0.94658432226775024,-0.17634317950941852,-0.96266117387529904,-0.26152663413645655,0.06990911206908379,0.02005643127823474,0.18863175892240466,0.98184306235274754,-14.277572198517406,-2.5294014261970679,-4.7174495441130215,,0.08888840156365799,0.3043478260869565,False,2
0.8594294141146589,0.43062221793676614,-0.27558227006422981,-0.42223530884915622,0.90177282012541149,0.09232077146623037,0.2882679762228047,0.03701737838208588,0.95683399165274519,11.222147196678479,-13.626658961853636,3.6000811537207364,0.5433616056820841,0.4874605663792458,0.8888888888888888,True,5
-0.091782043730012211,0.9943625079490005,-0.053096697017014444,-0.99502648991750076,-0.089509451647391422,0.043707464216559709,0.038708407500188953,0.056844180451105092,0.9976323963954068,8.0555024154121817,6.9770323118319135,0.66338965514644144,0.6766902628827364,0.4383863700005606,0.25,True,4
0.21806641999866788,0.93779590249345735,-0.27015899343802552,-0.96594152275765666,0.24691079900557322,0.077408216276115466,0.13929828097139277,0.24407765690638689,0.95969895608857669,3.7112963709098081,1.7984200151308156,-0.31737478191996621,0.4736453381165211,0.4332288678684984,0.9782608695652174,True,5
0.87117071771425136,0.42974552512359737,-0.23744549739567264,-0.39575084477680966,0.90085400860297926,0.17844697823831057,0.29059051852336204,-0.061488525923021384,0.95486978783713561,-17.708583198310833,-3.4452980117703342,-5.6153729850401133,,0.09256229637451686,0.3571428571428572,False,1
0.19214670785919225,-0.93036641829118727,-0.31224664990181028,0.98110287872721158,0.1747419334120284,0.083080672003820799,-0.022732883936148633,-0.32230976470385719,0.94636125848667929,4.9819354937519309,-7.9155245255543063,1.1629481670726645,,0.087475959521601,0.2222222222222222,False,5
-0.46744819689248135,-0.79092289689359774,-0.39488372262149074,0.86002498188433174,-0.51023700535124117,0.0039024229719268888,-0.20457080377420028,-0.33778568581222612,0.9187228182120768,-0.17579278411125837,19.513313933497322,-2.6433036762907767,,0.5381634076110018,0.6382978723404256,False,3
-0.38233586167922018,-0.85668801696726982,-0.3462729132616294,0.90588855031795501,-0.4213970526378556,0.042313808986703824,-0.18216811816792566,-0.29750658078909092,0.93717907099462128,0.97716967539573063,14.509145476895981,-2.0363111700333278,0.2239174750038236,0.1667828296987743,0.1944444444444444,True,5
-0.17414661523452443,-0.9323411244684866,-0.31688007830596804,0.97649106346338299,-0.20501988714499256,0.066573634805423193,-0.12703605542722873,-0.2978369914901311,0.94612629554494332,-13.89669904146535,-0.7913519520521568,-4.8609329339340226,,0.06975787948638079,0.2533333333333334,False,1
-0.87670878943395303,-0.34673147471547988,-0.33340513339011379,0.38815772862130099,-0.9193251489399672,-0.064613065536769335,-0.28410434041176413,-0.18606062175574628,0.9405669400904223,2.3378830509021649,13.400728253248072,-1.6010681858512561,0.1691843385194837,0.1295528794622055,0.4615384615384616,True,4
0.41891926266164742,0.87415403146567261,-0.24568553201874066,-0.88704715498327125,0.45179868632583936,0.095001536147203663,0.19404637643384212,0.17813667872326505,0.96468301917590438,-4.396928278710929,7.4025051141392826,-2.9857883201162871,,0.08709657247709854,0.3302752293577982,False,5
0.68358470610711675,-0.63867020513089068,-0.35328786938488838,0.7169815393474479,0.67817049891983161,0.16131412408649204,0.13656288592224403,-0.36357274852894889,0.92150172800472541,-14.479043478816436,11.829140991320523,-5.9808603642972784,0.424241246407318,0.5007377042297304,0.9522184300341296,True,5
0.95358192633768391,0.098370323522933373,-0.28461340307881422,-0.074079560702914063,0.99272532043162731,0.094913944497027641,0.29187964719756232,-0.06942418615954378,0.95393215373416884,-9.6289031959068048,0.22191781814146888,-3.7980346305651982,0.2674025462984875,0.306199336909953,0.595679012345679,True,3
-0.94328459383700647,0.20856376648741426,-0.25829310935125005,-0.20751505798176367,-0.97772015105822296,-0.03163553264149839,-0.25913640373474867,0.023758399004761538,0.96554847767274321,-6.6516433571651232,11.02171477096325,-3.8206670160022029,0.2220073409596948,0.2058883738852416,0.525,True,5
0.88823254265501261,-0.35438600756689387,-0.29232431956545762,0.39527578778872946,0.91381952962109192,0.09322509786042088,0.23409400196632482,-0.19835429141786476,0.95176445264545684,4.2584475961182369,4.4739959003732537,-0.36264973515308285,0.2920520326020473,0.2693084136708907,0.8712871287128713,True,5
0.069233365088342047,0.99031460664086701,-0.12034833207106724,-0.99724708723854016,0.071914211037780618,0.018071891020576797,0.026551612997902853,0.11876584578302413,0.99256721975020457,-26.00481728607356,11.10323637882686,-9.1370601140023222,,0.1935967224411678,0.3043478260869565,False,2
-0.55292716739694281,-0.77875868770335777,-0.29632153799705119,0.80496348478831248,-0.59109320852989611,0.051406293265415834,-0.2151867461342597,-0.21010408172231562,0.95370380052287329,-5.4369546510069702,6.4523066790597099,-3.1471713796510739,0.3869460650597075,0.3889476092651461,0.9670122525918945,True,6
-0.84515454271930257,-0.36697821006280473,-0.38863966892228941,0.45109206284368586,-0.87973684160488064,-0.15026323689611554,-0.2867573011456816,-0.30230792722350125,0.90905454587581014,-4.9570069430531838,3.3724943930885076,-2.7456527219994831,,0.1300235011020056,0.3052631578947368,False,5
-0.26673435359909059,-0.91197427067691539,-0.31169811393940627,0.9516084435201061,-0.30043089110838284,0.064673409443632451,-0.15262422753716443,-0.27936393699103446,0.94797765579023696,6.0184270260122243,-5.451649954992825,1.1126113692258988,0.3564775611200952,0.3279451459673288,0.9352226720647774,True,5
0.924234046078515,-0.22231447511702673,-0.31043147749991307,0.2992544234643324,0.92670445870564422,0.22730076166196594,0.2371459847991699,-0.30297709545198431,0.92302040146743869,0.4231081056568532,-12.702581335741089,0.4121675269947615,,0.513219397546131,0.6206896551724138,False,5
-0.40450921895152991,-0.84945405638097438,-0.33882163136543009,0.8933117358489161,-0.4463548319165288,0.052550039194692338,-0.19587351627471128,-0.28141636434769657,0.93938192206338766,14.165910680644892,-3.4163624025135646,3.2833477698206179,,0.177962631241424,0.3396226415094339,False,4
-0.50775303145770923,-0.79849956130533151,-0.3233965207615882,0.83422898004481816,-0.54942831571175244,0.04680314890614045,-0.21505549957834144,-0.24602230892612301,0.9451053674653267,-14.431460878651274,7.7784599410830646,-5.6818682761495385,,0.07887823490148992,0.1555555555555556,False,5
-0.82258844527218178,0.49358105802305274,-0.28235790916058834,-0.5300655751786294,-0.84534416175747451,0.066511158410468188,-0.20586096209637286,0.20437951791556125,0.95700066715826215,-4.6266761423972405,-1.5044346617571449,-2.2124791475222598,0.3784159432213795,0.3470888077287081,0.9538057742782152,True,5
0.66758189436766269,-0.56711072456986866,-0.48241044805261202,0.73060830026227352,0.62372290368315353,0.27781513819251841,0.14333850110962879,-0.53791743371905587,0.83072192013979662,-7.9997476107585577,8.3696851577608715,-3.9665928300350695,0.6467259149095242,0.3488541202823517,0.1954022988505747,True,4
-0.090046360904290107,0.99212630181231753,-0.087046275854327032,-0.99523532126803926,-0.086356906079860865,0.04526742838748532,0.037393959250076041,0.090707695508856129,0.99517526385409893,-15.066320853897984,20.812069696337648,-6.7156514614338398,,0.4823334443743604,0.4545454545454545,False,3
-0.3588109297026823,0.93116117016889133,-0.06475794851289382,-0.931855410852511,-0.3613528903656803,-0.032704462834115183,-0.053853597751645714,0.048610326002512694,0.99736494134049769,-4.4700831192511181,-13.354301490829943,-0.90600729479979814,,0.2562427226602207,0.1111111111111111,False,5
0.93381201424946614,-0.11512015912817733,-0.3387365805543574,0.24573278434191248,0.8945245800252456,0.37341822991148971,0.26002023141080122,-0.43194111252919909,0.86360659710548293,-18.422091691669142,13.338954667611258,-7.1780400708682128,,0.3383728225412421,0.2962962962962963,False,2
-0.56817760032810904,0.78151200941126708,-0.25770757387270304,-0.8161384161067039,-0.57524032820761239,0.05492404353685984,-0.10531998974663793,0.24153166241625895,0.96466064282223407,5.891893072489033,-4.1668289909221592,0.88135035801522799,,0.0907711115911768,0.3333333333333333,False,5
-0.12160652295802861,-0.9393786377394302,-0.32059262083346757,0.98632875543683207,-0.15055200829695384,0.067005066944112651,-0.11120899141926224,-0.30806146749726254,0.94484426889881934,5.7855320753908615,4.4032631127570996,0.13372553837160001,0.1463771473903789,0.1138432026046593,0.4271844660194175,True,5
-0.87020835317951073,-0.3955528689730603,-0.29372665848333535,0.40108118535759407,-0.91498873952875959,0.043925952325703323,-0.2861316214764672,-0.079583505720429271,0.95487965776242978,-12.491910316350809,7.7127388383318305,-5.1867741203810347,0.3627641014240597,0.3133319651156868,0.966711051930759,True,5
-0.92828819167809329,0.2923918661463667,-0.22975645758598834,-0.2719953345174615,-0.95520121813397096,-0.11665835107746832,-0.25357360113338095,-0.045799885227203199,0.96623123491296081,-1.2007385109239512,-10.827349718270728,-0.317876175394882,0.9713098479709787,0.508306268489469,0.3478260869565217,True,4
0.52988192135172885,0.8159379621342111,-0.23123665663746323,-0.81809728233896994,0.56363584796618516,0.11415545329519955,0.22347703697291435,0.12868516944742014,0.96617707544222808,-11.963172941860941,-1.9741511623717185,-4.1839947979878636,,0.2584188565937264,0.5,False,3
-0.079840364491344434,-0.92539403084878591,-0.37050155717260619,0.99177445321168767,-0.1110506851278284,0.063648875004186256,-0.10004474076405971,-0.36237222989914197,0.92664848612803341,-21.229972348689898,14.630064926550965,-8.0548535728535118,,0.2211164411244412,0.5,False,1
0.48681769957714327,-0.81632571599817605,-0.31083894990570765,0.86990438363677958,0.48534770187239673,0.08777227134293375,0.079214207740357603,-0.31312926034985639,0.94640117054281947,3.5112280598634085,-3.0186128900323426,0.20338627509223822,,0.09227818118576323,0.3861386138613861,False,5
0.95255201011050084,0.12196384938541199,-0.27887181190923083,-0.084073989452136746,0.98599291593260152,0.14404698548851602,0.29253415583833436,-0.11376637980448916,0.9494635214130841,7.0715559259130032,-7.7772101215616578,1.7339527426445622,,0.1171533716182159,0.1935483870967742,False,5
-0.21532183828000587,0.97615296673538288,-0.027602382024563776,-0.97648380806159807,-0.21491115307595723,0.017104644897896225,0.010764690113494679,0.030636282693458666,0.99947263075558368,-3.1436905272627023,2.2867737746608978,-2.166552231796377,,0.462812140310689,0.3380281690140845,False,2
0.47439166950912337,-0.75503932836056609,-0.4526236367327412,0.87717382263302024,0.44882002160829937,0.17066538339950832,0.074287473962452638,-0.4779918418052253,0.87521721325618751,-28.099459175000927,8.3374281415579397,-9.4508683941774194,,0.1268035245982501,0.1818181818181818,False,1
0.93221892473971857,-0.26489298925833327,-0.24657570966927828,0.32822944676814653,0.90584541553752385,0.26778632045705347,0.15242475727846827,-0.33056888448769045,0.93139191856981696,-17.601960270455905,-11.157231125272542,-4.8187571790201602,,0.4666402038575723,0.1818181818181818,False,2
0.75475988460080068,0.65234412052161472,-0.069171273071026051,-0.59726919053069327,0.72696414800413423,0.33881062787261179,0.27130615665737484,-0.21440680011954807,0.93830842126792169,-2.7067237713307035,-16.259320048776285,-0.16657775175463427,,0.3763804860833513,0.3125,False,1
0.94258463788613966,-0.15140090032773268,-0.29767762395082265,0.20182114602838488,0.96840023385707186,0.14652375944316567,0.26608725154889462,-0.19818868394921377,0.94335508697289294,-1.661423491055658,-4.5210512109546759,-1.111011625214227,,0.08024378422757712,0.3511450381679389,False,5
0.92360810012014805,-0.16573496089776191,-0.3456587914818145,0.28539540808156622,0.89929275266469744,0.33139403442233006,0.25592486873769704,-0.40472764637589259,0.87789406753925814,1.4946111784412413,1.7744143414614877,-0.85648091050689046,0.1266087718260476,0.6183471216770202,0.1625,True,5
-0.41935812564576119,0.88897120473220126,-0.18403521296711417,-0.90686481157089072,-0.41951961725968134,0.039993802879721159,-0.041653042978459731,0.18366678494291688,0.98210566443706315,13.010151527090235,13.614307311927504,1.7446051706274439,0.2662237688256336,0.319809901498537,0.6304347826086957,True,5
-0.55975476217064446,0.79568176197362295,-0.23144143943951637,-0.82310079333668218,-0.56616725335324114,0.044268784024078425,-0.095810700006883007,0.21527929508663141,0.97184110577356897,-5.7091373102971055,-9.4594883923341726,-1.704179553320091,,0.07348456113584761,0.3333333333333333,False,3
-0.93174316346654062,-0.18925804605860103,-0.30989686887002338,0.21303968658752023,-0.97603168881191005,-0.044454857706019146,-0.29405572477347758,-0.10744084156898476,0.94973032819368985,-3.8061694790373011,18.934526170100305,-3.5575288593442482,0.3696250868121461,0.2539889114301849,0.7790697674418605,True,5
-0.52820727626717956,0.84874002999396614,-0.025247470848554332,-0.84401733535835477,-0.52805713468622273,-0.093757133710232879,-0.092907539591732868,-0.028213897157565143,0.99527491935353862,7.0672345285873659,7.1835756721899626,0.29394785234664311,,0.3126494569272062,0.1578947368421053,False,1
-0.9515534089644716,-0.051343235435088189,-0.3031665912714484,0.073333730527734814,-0.99540350987923498,-0.061595588210394889,-0.29861057224247428,-0.080843829048085292,0.95094479411260524,-10.381109857125942,-7.0384227079035142,-3.2456752150720347,,0.1370170597227877,0.2452830188679245,False,3
0.94249814503878127,-0.15073065253950796,-0.29829099380214663,0.19662965185436154,0.97179153284787867,0.13022287317059461,0.27024808345313162,-0.18138767066751338,0.9455498328061428,-6.823087450861685,15.046940218770292,-4.1679709832980105,0.1212210642398646,0.1266951755502085,0.3636363636363636,True,5
-0.59806776163264674,0.79012808206763052,-0.13421090277560677,-0.79275414420094159,-0.60782353016575497,-0.045732078774887913,-0.11771074440317006,0.079045367384606824,0.98989696966254226,-10.354792393052785,11.83123932477657,-4.8379450253302174,0.8431053842691618,0.6589894543224321,0.4634146341463415,True,1
-0.94128770186154731,0.22026246726312113,-0.25585524782456592,-0.23941919292409128,-0.96983048123591631,0.04590520368421265,-0.23802502470073245,0.10446666061894973,0.96562456702143906,-9.8189306006048334,6.4682256448289177,-4.3568569561583965,,0.1893031343809266,0.7127192982456141,False,3
0.95528266542909979,0.079346451537200255,-0.28484938082981404,-0.056462779231505333,0.99454713363660152,0.087680975910820233,0.29025330952829459,-0.067676728671488398,0.95455375789119234,-1.8183064319023796,8.3495026831467722,-2.3439010454349574,0.4788666434318501,0.4434319552080399,0.9086206896551724,True,5
-0.22302033297873891,-0.92306382572726764,-0.313392891929276,0.96427797822527972,-0.25603725573033026,0.067918365615279322,-0.14293324241694672,-0.28705068770484415,0.9471916336731212,4.874058950184871,-11.898956522118356,1.5434289558213745,0.4501241485792182,0.4420650054753426,0.8412698412698413,True,5
-0.06890656345821973,-0.9109331629800429,-0.40675872221201614,0.99334666764448509,-0.10036097091898744,0.056480734731364397,-0.092272874627243276,-0.4001605279127014,0.91178795150443426,-16.211318283138841,-6.318809768790171,-4.9176529866274272,0.3970298429970599,0.332750504534098,0.8426966292134831,True,2
-0.95055850300914713,0.13164704393343427,-0.28126071211706294,-0.14739224993486352,-0.98844149390733504,0.03548151323399916,-0.27333872213088956,0.075182903281425392,0.95897522076330421,4.8835203131963008,3.8180329463742542,-0.11239595906705965,,0.0655525610241935,0.3125,False,5
0.69413380836469074,-0.59501921015551429,-0.40513009716761184,0.70323225394405653,0.68073976291739358,0.20507991660797309,0.15376167629774573,-0.4272534549059599,0.8909611844368015,-12.50506810056144,-4.2568637950587949,-4.1392288211168671,0.6384019990341867,0.6174752090157904,0.7251908396946565,True,3
-0.52762264175503559,-0.75075017295521129,-0.39747770467682364,0.82819651416813189,-0.55869948851552931,-0.044106864003690849,-0.18895735451998527,-0.35246142957805315,0.91655117633037941,10.173575441141292,-9.5211381308269942,2.8121611886618996,,0.4577218474667781,0.3823529411764706,False,2
0.49626983526162216,-0.77952354825616832,-0.38217703793335661,0.86430510719511711,0.48509759756998533,0.13287965422992637,0.081810343391519394,-0.39626172985280916,0.91448548876853131,-1.5201891031160339,-9.547712233820894,-0.49691653374104272,,0.1851075428341077,0.1538461538461539,False,1
-0.1568206525602921,0.96556283106784124,-0.20759504375302246,-0.98720088396621275,-0.14707640431686617,0.061668030530813468,0.029012025556513325,0.21460883148993876,0.97626909805628403,-17.603824952701075,-2.0731450035629737,-5.7040430256185157,,0.1089555267705399,0.3,False,1
0.85766894654981496,0.45772484945278175,-0.23429029070270618,-0.42456923277826392,0.88742308407121329,0.17950274771048016,0.29007748051547694,-0.054481483560600535,0.95545110981505954,-13.49516758528763,-12.050523312674148,-3.6363780981992546,0.7782647341039647,0.3066754939699357,0.8247422680412371,True,6
0.37026158504387813,-0.86740905285161229,-0.3324272757639839,0.92864949445041434,0.3543924579430659,0.10961798305963455,0.0227260884840539,-0.34929574973672539,0.93673689161795792,2.1133677558944162,9.5151233433472626,-1.3293615137356825,,0.07872097904230192,0.3846153846153846,False,4
-0.52749824408219015,-0.67391508629905861,-0.51728527810941705,0.82191983289909643,-0.55886974734084438,-0.11005632101020316,-0.2149264776088006,-0.48322154542788298,0.8487069855120557,8.069694418631995,12.099318636226382,0.26308671837464898,0.1873534513241879,0.2088217607150712,0.5,True,5
-0.89277252677651442,-0.32986679834522131,-0.30683075266757659,0.32968917587188418,-0.94254257798572583,0.054023476350014393,-0.30702159980365623,-0.0529281024928695,0.95022963183669884,-24.283700387049109,6.7950256952344699,-8.4094624682011343,,0.08188708635772418,0.34375,False,3
0.4498016737982779,-0.83019918361329237,-0.32931408985357641,0.89035803428287086,0.44583154701496608,0.092178101923306707,0.070292425169493356,-0.33466931023633478,0.93971028926458311,-10.298983851572327,-14.447024063999978,-2.5140229955031832,,0.1103877680098836,0.2380952380952381,False,3
0.40347642563357261,0.90832109736686373,-0.11027038603456987,-0.89554422303480574,0.41673726717659759,0.15598267447113551,0.18763613337239521,0.035816675228698136,0.98158537439624649,13.484441787953903,12.135320225963937,1.9666841355038038,0.4570203529608091,0.3898709204069853,0.4444444444444444,True,4
-0.84894994709420679,0.49162158749965662,-0.19388708578206174,-0.48458428630511835,-0.87054833506023699,-0.085578418950156901,-0.21086027789724202,0.021302840847338106,0.97728405910304827,11.541777879108114,-7.1522738932647405,2.9134388037931429,,0.5089105864712069,0.15,False,2
-0.82877872659747009,-0.37129772262854349,-0.41864522391917086,0.48183078029163001,-0.85394887982424739,-0.19649531752810873,-0.28454335610418779,-0.3645672939496496,0.88663733661469224,-13.37063953103053,-9.1883883169118068,-3.8907826664674889,,0.3473954923207649,0.2272727272727273,False,1
0.73318047209507109,-0.60456960602157495,-0.31135508156021036,0.65881214998888105,0.74496552060629895,0.10484714652680595,0.16856140235972139,-0.28199639108099045,0.94449197405368146,-12.062570195294576,12.44117226730865,-5.3696655930735577,,0.4862368497324315,0.6695652173913044,False,2
-0.40063235311514916,0.87872584867500592,-0.25948911443027967,-0.9148342872476547,-0.39931635976409319,0.060205246456028608,-0.050714342285945749,0.261509708605906,0.96386758830835262,-7.9657835035559277,-12.735496784501379,-2.0018955471781146,0.3281629487586644,0.3096015350354027,0.75,True,5
0.94748359334786503,0.17882511693558112,-0.26513471649256715,-0.12850705062925225,0.97206694981199926,0.19639700359671458,0.2928494122841791,-0.15201125825468592,0.94399777493839399,-11.676519083510231,-6.1851582346582701,-3.7078363805812362,,0.08053004787802351,0.4444444444444444,False,1
-0.66878389917904146,-0.6646169674778396,-0.33318520786409311,0.69818431953590643,-0.71545587757595031,0.025720482036918513,-0.2554735840611751,-0.21542324336660629,0.94251051668633956,10.124693526135886,11.089095239062171,0.95961971143153635,0.2591170945085003,0.2719961648953203,0.3461538461538461,True,5
0.68008503852737789,-0.65750706608167642,-0.32429739194739138,0.71819351906671669,0.68634660535030201,0.11457053065549537,0.14724948061633295,-0.31082598890180019,0.93899137114322684,-8.1493591285911045,15.587340615843695,-4.546701539311595,,0.1393124249870012,0.3823529411764706,False,4
0.21418462833786875,-0.91985437806156767,-0.32862268355172169,0.97674417673243918,0.19831895567756969,0.081488680430028382,-0.0097856120420837314,-0.33843391523298039,0.94093927902763042,2.4654090354302842,-8.2028934692608111,0.50992857463906327,0.3519420018588983,0.2199486412979364,0.7633587786259542,True,5
0.7154991303938647,-0.62920297608529052,-0.30358624687399349,0.68032618219989804,0.7263195309214816,0.098062351671329318,0.15879949691020914,-0.27670119964939305,0.94774425131131868,-3.8266042467442811,9.880739881500066,-3.004400270688929,0.3962952080993162,0.3907397216168258,0.9163879598662207,True,6
0.68428307452327786,0.67938179822428424,-0.2649472516606054,-0.68250081199731916,0.72463120346161647,0.095405768131542307,0.25680598813884864,0.11554216205051442,0.95953149674449045,-24.603567256831194,10.820597648467905,-8.7548567606942793,,0.06406264783737552,0.2666666666666667,False,1
-0.4329837803131858,0.87938309987305474,-0.19801618530655613,-0.89938831707014555,-0.43613813656308875,0.02973518039307689,-0.060213794959584122,0.19096829447040253,0.97974762536258853,-13.509037149318832,-5.3158989109461379,-4.3043748807551738,,0.1445918081177578,0.125,False,1
-0.5260485363709223,-0.78723818643838483,-0.32175918820635674,0.82412471248207075,-0.56528299547693939,0.035687438980168927,-0.20997951247289637,-0.24639637342668372,0.94614873645945496,12.222539573470369,4.7338238462897815,2.0937098326005334,0.1187593520643057,0.1290343450009429,0.4324324324324325,True,5
0.74337832730456666,-0.5485114582324162,-0.38278432920067951,0.6407205726045323,0.74823351113694303,0.17211554448394323,0.19200471435666971,-0.37320476015108928,0.90766315154102339,-21.269700564109666,6.6469008464113148,-7.4883596338914842,,0.2109574850591976,0.2325581395348837,False,5
0.96347021280175404,0.011596674215926861,-0.26756432159552407,0.073429238771551095,0.94933834543870899,0.30555662776828396,0.25755251102867144,-0.31404175363608061,0.91380768274074042,15.621517831383512,-7.2905997268006555,4.1492605087861918,,0.5412120680312071,0.40625,False,4
-0.58492867970845597,-0.66167467441069827,-0.46908961286519424,0.77042033742578619,-0.63408317035926631,-0.066264898308822873,-0.25359602389481506,-0.40015641730532941,0.88066105758918534,-8.9543200508740739,-14.047763299663838,-2.1503378464027403,,0.6198537916440251,0.5,False,3
0.61675030094883077,-0.72751916616989698,-0.30055769684868255,0.77725021530075777,0.62323921282752226,0.086342263168489586,0.12450369108766449,-0.2868601513797075,0.94984740061546669,-0.057082880493456223,-3.236395296321811,-0.85552178019498548,0.2383129350904871,0.2012546264202464,0.6763392857142857,True,5
0.93046503310131035,0.2720344699767282,-0.24542222662232033,-0.22119755571570762,0.95109702645593408,0.2156063255381816,0.29207270245809247,-0.14632735018157239,0.94513588603314891,-2.7121245268379015,-14.891410375840966,-0.33813218545563384,0.4815944927307083,0.4110494411179553,0.6764705882352942,True,4
0.85874355285160697,-0.41071385882320105,-0.30638804905928407,0.46074522504487558,0.88056734328398556,0.11097293156499945,0.22421718942611329,-0.2364641201373662,0.94541597820933554,4.8839233843273533,9.7082585947775701,-0.55761741312895141,,0.1227768449818352,0.40625,False,5
-0.96738986479056932,0.14010327151491631,-0.21101640412844846,-0.12388156851010225,-0.98836128719260175,-0.088291126181852697,-0.22093032042696148,-0.059270897494475561,0.97348690501014901,-4.5438975999984867,-15.560490891221136,-0.79593737632485173,,0.3163123933781778,0.3125,False,4
0.56881278921447842,0.82228297279690754,-0.0173989503799718,-0.78949557063609033,0.55181745708721552,0.26868985466480222,0.23054013700880549,-0.1390978314068142,0.96306959173565543,-14.310650266090718,1.4617202666773972,-5.2321771789956584,,0.07646738402933517,0.2,False,1
0.18802934544073172,0.95338528489232077,-0.23601157557187602,-0.97372804290906423,0.21237843941168869,0.082152887505802241,0.12844712416249496,0.21436393592170533,0.96827136654480317,-12.93749128729835,-3.1566310302499465,-4.3504988306394337,,0.1042466598677116,0.360655737704918,False,3
-0.92593138364297722,-0.13165144108739346,-0.35400419608334688,0.18459052441905585,-0.97545604583552459,-0.12004932710191941,-0.32951086640610516,-0.17650325975045958,0.92750697475423971,6.4005096328132973,-9.7311023662210783,1.810580898543922,,0.1307217906808255,0.1666666666666667,False,2
-0.17430920979700079,0.97490927310943554,-0.1384492996918979,-0.9846461033815721,-0.17122766729473463,0.033957871669023795,0.0093994933603582173,0.14224273323455036,0.98978717629929558,9.8992122316632241,15.05740287259971,0.53823804565020861,,0.4217707826037111,0.35,False,5
-0.6359907034159622,-0.6961407777143207,-0.33302228569837627,0.73358328140545248,-0.67933133362707299,0.019092102945244542,-0.23952326486351855,-0.23215718114192277,0.94272564876180032,-15.686625143970719,2.2342137367682247,-5.6650366842239297,0.6931769309177733,0.3496211117857945,0.3174603174603174,True,3
-0.48263106470046124,-0.72356797030842968,-0.49347405983479764,0.84766548050300317,-0.52763197666792971,-0.055387095618974702,-0.22029636526668223,-0.44503245897488375,0.86799517389732983,-4.4444249067297319,12.16578154144351,-3.3287071154702104,,0.6410553516026145,0.4626865671641791,False,2
0.66289313973898745,-0.67216995500257959,-0.32978816970718516,0.73512632018572943,0.66785780708639331,0.11642698520506523,0.1419928824173014,-0.31961461341056063,0.93684818419914873,-8.7510386079658335,-5.9948618359541772,-2.907449522534086,,0.0808150133442937,0.2168674698795181,False,4
0.11790084674548061,-0.92296510374630869,-0.36638068672251778,0.99277501780895139,0.1012707061312869,0.064358434521872843,-0.022296958338175285,-0.37132150671114589,0.92823659931217395,11.968941027534662,10.142015793039906,1.6261244231695922,0.3161368896808121,0.2691056841495886,0.5753424657534246,True,5
0.6219874096525142,0.744072039332772,-0.24390256767185528,-0.74704722361020681,0.65722154339963412,0.099901394323018755,0.23463185617054669,0.12006932653501129,0.9646404764964982,20.202623647975116,4.8615372391146012,4.654550070498523,0.511420452857284,0.5497463975008856,0.8703703703703703,True,5
0.81318908797519496,-0.40890874407011535,-0.41414628601627351,0.54310418290314821,0.78893025487945423,0.28744895103121348,0.2091921454337522,-0.45867493059774034,0.86362952377161328,-10.488336307547609,-5.5300514039253894,-3.4548361733754636,0.7787602751336171,0.3662043772556619,0.3333333333333333,True,3
-0.73580449120241853,0.66060645375184079,-0.1489659826529737,-0.6586767073680444,-0.74924369299285598,-0.069129470424833805,-0.15727919728031595,0.047254648150668571,0.98642295813257252,-1.3667683274751112,20.627083329050024,-2.9751838858815969,0.5237510286561313,0.486749023281707,0.4090909090909091,True,5
-0.89192247200972785,-0.34090227603401013,-0.29708574876437455,0.34342500535878595,-0.93808242552832277,0.045394147301369495,-0.29416588792444215,-0.061538614785612948,0.95377116189990441,5.203577838581233,-8.6908261351449863,1.3151923755444341,,0.07669287348813823,0.1891891891891892,False,3
-0.92407832989006677,-0.19362223576020757,-0.32952946764561641,0.25498350162570549,-0.95457904981194741,-0.15415009425496198,-0.28471504021789695,-0.22647133920065543,0.93147628976500663,-7.5292898578474965,-8.3043493190436877,-2.2891254256581623,,0.2469938833910363,0.4444444444444444,False,5
-0.26691572378015971,-0.89324930424118432,-0.36174808482084964,0.94794312919603219,-0.31099023715783397,0.06847551535073082,-0.17366582913442516,-0.32463941976468819,0.92975772485411401,-22.078007475686796,8.3384728215993942,-7.8594015290647175,0.2387854684279058,0.1993782826501377,0.868421052631579,True,5
-0.040816823358538729,-0.94576804988581076,-0.32226818450804062,0.9956887748333646,-0.065388687646757634,0.065788929149734679,-0.083293760881304316,-0.31819351870053136,0.94435958938066744,-8.3868393593015522,12.669151899151764,-4.4140849003028908,,0.07573847650783175,0.3023255813953488,False,5
0.22484002656453214,0.94869795559788128,-0.22230418686759129,-0.96457861030540171,0.2490086287339161,0.087079316472713275,0.13796763024623121,0.19485094780486739,0.97108086230951129,-11.55725083443534,9.3111545331014192,-4.990985595379426,0.2446817965984219,0.1671896426128764,0.4758620689655172,True,5
0.52547702250771344,-0.79824866104415637,-0.29440274108377779,0.8457496255741761,0.52775990518350546,0.078594232115599835,0.092636222168067314,-0.29029047111800133,0.95244420976796307,-13.048534625432438,5.1886122965092127,-5.1309977023837297,0.5256682754060635,0.5081581470204449,1.0,True,5
0.95375232085239747,-0.075073555628498767,-0.2910678129130051,0.12571191652778671,0.97918224461118564,0.15936952619968189,0.27304399739158564,-0.18858974808693871,0.94333497889399209,-9.6281354733096478,-3.0732462227762083,-3.5048106795927763,0.5857827672684206,0.5125888572241437,0.9480069324090121,True,4
0.9494133846575662,-0.053948096099158439,-0.30936035292251252,0.12512411512600538,0.96854318138933226,0.21510011993991696,0.28802461847383748,-0.24292737332690301,0.9262980678169922,-15.391333054708181,-3.1123250170694101,-5.054465034200045,,0.2968192560011267,0.4883720930232558,False,2
0.45147683526023719,-0.80728266104827318,-0.38008337558254246,0.88992675545594224,0.43832481483487679,0.12610204845136769,0.064799977986574386,-0.3951785189895709,0.91631593950020807,7.3699642671628789,-12.637408557228348,2.4153441404586027,0.2676641463329859,0.2386755900843,0.4705882352941176,True,6
0.48166970313049667,-0.77446163228452136,-0.41012617229990705,0.87439493858742712,0.45598183000401565,0.16587363286212148,0.058547318118491731,-0.43850855273914902,0.89681796409067771,21.85382892981654,8.9352139912707322,4.8232288058201114,,0.2655575020005002,0.8529411764705882,False,6
