axis_00,axis_01,axis_02,axis_10,axis_11,axis_12,axis_20,axis_21,axis_22,location_x,location_y,location_z,dbh,dbh_approximation,score,reconstructed,number_clusters
0.85340132902556554,-0.36430819361832173,-0.37280787502405777,0.42145742272255843,0.9031109518334669,0.082245057666146953,0.30672432647160036,-0.2273106876963871,0.92425647891131302,-9.0356054730142983,14.100459114744263,-4.4711224435427903,0.3227474622504394,0.1636967609687772,0.5555555555555556,True,3
-0.8836386387671763,-0.3047520542234482,-0.35539969263391147,0.32983430207333847,-0.94397909063547436,-0.010621187260145791,-0.33225305002886579,-0.1266083010296318,0.93465407978401538,-5.781390084835702,-16.587521943024658,-3.4473986049557417,0.2117440975472813,0.1728505826789303,0.5333333333333333,True,5
0.29792701063406446,-0.85016008009320132,-0.43412824666286448,0.95143637316974106,0.30138720985518791,0.062726210991221998,0.077513380420805161,-0.4317332370244707,0.89866461369306894,-13.78018244515153,10.742063072801072,-6.113012276184679,,0.1970028822994231,0.5822784810126582,True,4
-0.24284263097639219,0.9281666247853112,-0.28201803703860462,-0.96827245357568004,-0.24959312775961698,0.012317719825687695,-0.05895686751343323,0.27606156416606675,0.95933002692670288,-12.545582690552951,-2.4947408970329019,-5.6307463718856701,,0.1160955023636123,0.4262295081967213,False,2
-0.83193796324136571,0.43874762015726593,-0.33967595017037144,-0.46784597937617739,-0.8837996495511562,0.0042800741581919682,-0.29832761337052693,0.1624767837556792,0.94053279041246429,-1.4883801453862366,-5.5968940627378281,-1.9151880003146136,,0.2591286295739677,0.264,False,1
-0.94151144588767444,0.15829421103773522,-0.29748805020444546,-0.13441636926136219,-0.98594566171372899,-0.099213869103421434,-0.30901203364447627,-0.053423729744549439,0.94955645864955673,2.2535345591031724,-15.974145446948206,-0.69327372747225624,,0.258900260926039,0.2352941176470588,False,5
-0.93099757983161702,-0.052771454656581021,-0.36119064207299356,0.075716251606060533,-0.99589199452798149,-0.049660693488990632,-0.35708620190424706,-0.073581986983963288,0.93116869341762765,14.155899604794518,5.1231471416024528,3.3501657696666065,0.3412019453952541,0.3260800723015564,0.5918367346938775,True,5
-0.8011020574282659,-0.45634026277768547,-0.38728420849835077,0.50553636552898529,-0.86229541418713618,-0.029658081522257723,-0.32041922025987324,-0.21954540131788175,0.92148322830544593,-3.0784304014327102,-10.44078020089766,-2.4644010508473668,0.1741722421325001,0.1381772879274596,0.24,True,5
0.71645288862584933,-0.5923516416677933,-0.36853058352482387,0.65158674400617422,0.75691663944538023,0.050119018008585023,0.24925884821829172,-0.27603755821297704,0.92826359028064231,7.4861314194564166,6.1319391306074182,1.10927642521285,,0.07487230942166692,0.3461538461538461,False,4
-0.48496751073243599,-0.76902318284208038,-0.41642509264622929,0.84771259601264182,-0.53039930773083421,-0.0077413771487552033,-0.21491828236679189,-0.35676311273741274,0.9091370706853944,-16.342078244421952,-6.9726415941564142,-6.8556021535534812,0.2778802602324623,0.3085128116629434,0.9803921568627451,True,3
0.020109720673094796,0.96260978438464229,-0.27014440979113852,-0.99925570800696029,0.028247584303013166,0.02626983053908738,0.032918522900614908,0.26941506451569597,0.96246137265972653,16.083497296700411,12.935343036338173,4.1977855022568464,,0.165691059647692,0.2307692307692308,False,5
-0.66324530445129026,-0.63548989965585789,-0.3952951474009056,0.7014599099441301,-0.71197438689226278,-0.032349144510481889,-0.26088246561332734,-0.2987391166967841,0.91798435677888146,16.000254985534475,-5.3601387484509164,4.0899765504325742,,0.340227576711077,0.7207207207207207,False,6
-0.077579007985019169,-0.89761252251096912,-0.43390466343605333,0.99572804399404402,-0.091616077389031506,0.011495945704539306,-0.050071548047319808,-0.43115919773946765,0.90088544570372731,8.4201161295716105,-6.8041377001128112,1.4031522488027979,,0.1189114639750995,0.2745098039215687,False,5
-0.41862826771543488,0.84986601864724343,-0.32012204519254556,-0.89843832279086555,-0.4389982514115166,0.0094400952520342172,-0.13251020191030893,0.29156180409360016,0.94732927790888766,13.731507294393561,-11.408316031219973,3.3903185964477376,,0.07970961057401937,0.5217391304347826,False,5
-0.86565691719785753,-0.32521313013016989,-0.38062385855124631,0.36623028152712328,-0.92972562340302989,-0.038544079706382656,-0.34134071336432453,-0.1727619320880186,0.92392631319881202,2.2056158966540247,-13.570958926053432,-0.7062107638757914,0.4484874170958819,0.254427273348978,0.898876404494382,True,9
0.53560826106173454,-0.73333573176623457,-0.41873917322995741,0.82845279513598058,0.55241139018242225,0.092236772645763757,0.16367576764386177,-0.39630841589803156,0.90341014084112847,-12.11082212998349,-10.818318552907787,-5.560036147916378,,0.4497924722305309,0.782608695652174,False,3
0.92361055187924423,0.1764987006935905,-0.34028187890452549,-0.14666182521111271,0.98285805487323386,0.11171550025197881,0.35416642625051964,-0.053275253394791361,0.93366369207153899,16.324412071786188,-1.4048100795162615,4.196662988113987,,0.07673626573158004,0.2666666666666667,False,5
-0.90671820695686767,-0.17448837475984991,-0.38394778322916445,0.23036942147571793,-0.96749239737131987,-0.10434745170649608,-0.35325914400318975,-0.1830635630112194,0.91743975773658892,8.2383293330165408,5.9750300276796313,1.3984631468539492,,0.08348380514691969,0.4,False,5
-0.92610807416542851,0.21652973678900916,-0.30893155884707446,-0.16677757528539811,-0.96950614598008444,-0.17956356336619711,-0.33839189610202608,-0.1147724095456974,0.93397977422401934,-15.262689796961915,-16.57675408084329,-6.5321917524088748,,0.3869498080563595,0.2894736842105263,False,2
0.75711999765875437,-0.53766102666371596,-0.37106593693321832,0.59704083890011928,0.80004065900843657,0.058967623479233414,0.26516324373987094,-0.26618708522440687,0.92673237227857974,-11.660073105409694,-7.9617626665754466,-5.38938285538174,0.1741588437711934,0.1257845193213732,0.4032258064516129,True,4
-0.88614993690910915,0.31097207916088604,-0.34356171978021438,-0.3311879415898496,-0.94356479214715294,0.00017425779545997278,-0.32411855340517215,0.11393791731753058,0.93913008382006535,6.907886624959688,-12.706389951247443,0.96722696054118706,,0.07391048923854815,0.2142857142857143,False,5
0.074368367260254725,-0.90701923580685595,-0.41447008556395348,0.99721068803456647,0.070281638996011392,0.02512637836339927,0.0063395284264874084,-0.41518260692902509,0.90971600694004962,6.734759478172287,12.851613399888945,0.94547143284746749,,0.08329509650948533,0.3888888888888889,False,5
-0.83129109490403674,0.44099127341372307,-0.33835161046785434,-0.46665290257228137,-0.8844188330754289,-0.0061964685395016483,-0.30197712505107488,0.15274169199808946,0.94099935784858435,-14.20347478652274,2.7395020812563198,-6.2083596182002552,0.4288090071286042,0.3741654700551549,0.9380530973451328,True,5
-0.26125302491875463,0.90928389254102204,-0.32395934889465516,-0.96240349508759848,-0.27121636197472049,0.014872714626905242,-0.074339556186303335,0.31566515132755113,0.94595409118169094,13.9929792270074,-5.187259118709572,3.355648307804894,0.1891191470397002,0.1899775453524996,0.6779661016949152,True,5
0.91925683514462908,0.20318855864406887,-0.33716654738574842,-0.19477967087098277,0.97907254071546734,0.058973212837278591,0.34209319030824331,0.011461660137394386,0.93959612573255258,3.8486639357465404,-9.3427029354167708,-0.21744123098319362,,0.09689207401724224,0.4126984126984127,False,2
-0.099025775818987888,-0.91370667932105953,-0.39412434571785943,0.99305854121411496,-0.11600566732309196,0.019427271311696522,-0.063471485291756752,-0.38946474720185831,0.91885177327023282,-6.7983654025405995,3.7076819908336964,-3.7108387271163532,0.1841976070444674,0.1763321805090755,0.7086397058823529,True,5
-0.67883528171279717,-0.60125655352314966,-0.42151300946396841,0.68393814627166249,-0.72664178139758229,-0.064964094712622905,-0.26722887638949089,-0.33238874585763645,0.90449237102962776,-15.19700227553149,-5.3332426923921883,-6.5239959797412794,,0.1093172828167412,0.2916666666666667,False,2
0.90880049793531437,0.30368503532302704,-0.2861067183296761,-0.2291350199595602,0.93633584785937796,0.26603067988784956,0.34868151310423212,-0.17621174573311327,0.92052736139944891,-11.001880585755943,-0.84189012277302644,-5.0828088489005863,,0.2489634009984179,0.2721518987341772,False,2
-0.5899105119167497,-0.72253926270087221,-0.3604755217567473,0.77192500521958962,-0.63562176960024896,0.010805199071986045,-0.23693326960740566,-0.2718859684976937,0.93270608762204199,13.57522972682983,4.0466228921657716,3.1963838311300674,0.2144055613556197,0.1573568602054526,0.4615384615384616,True,5
-0.1120044737866784,0.94148475772736517,-0.31790163387251519,-0.99355819275889024,-0.11165156446532853,0.019391899188394016,-0.01723703725869178,0.31802575228979496,0.94792536912304082,-9.1130521847879322,-6.1106065451529501,-4.5317563474610409,,0.09781091332581379,0.5432098765432098,False,4
0.23708387873943015,0.96743121500293083,-0.088702190952771875,-0.96490062700296009,0.24510813079109897,0.094280349115759762,0.11295138091746888,0.063236448809593948,0.9915861722970879,-7.5648126079476832,-10.900210121395988,-3.9782086616069035,,0.465104149772565,0.1052631578947368,False,1
-0.38930410809878918,-0.84185727658095999,-0.3737895628359566,0.90553439217404375,-0.42410166272955846,0.012051732655908004,-0.16867061394146846,-0.33378751555100605,0.92743523679817952,-7.1372900642029933,9.9592983707827418,-3.7838450202991236,0.2567330012260252,0.1655318236487451,0.5956521739130435,True,5
0.48695480106357469,-0.76761763249062431,-0.4166991624789107,0.85929555556872705,0.50651256599349526,0.071106741385891126,0.15648057355777253,-0.3926935074331841,0.90625914578494404,-1.535829959655659,17.648567548883214,-1.8855666874121233,,0.1520766404840373,0.56,False,3
-0.10178171014050888,0.9907577879288727,-0.089663198354533569,-0.99479915819790676,-0.10171895407703996,0.0052810254887684337,-0.0038882296245771053,0.089734386049964254,0.99595814250932579,6.1075620643014252,-9.9327864863053357,0.64881823739351352,,0.1207133009083738,0.1891891891891892,False,5
0.76040050431715367,0.55853774669620326,-0.3314010539357794,-0.57821040426444936,0.81458005084759344,0.046174334445375449,0.29574279608227017,0.15650855017109933,0.94235941778536936,4.6847630080044782,-6.5490581840006801,0.10283885541487699,0.2850101914992529,0.1778345089344716,0.7483870967741936,True,6
0.15777568302526959,0.94173037877860699,-0.29707024006354482,-0.98369558647297872,0.17618628281973445,0.036074740466811944,0.086312380337312838,0.28653496720586658,0.95417392836360859,-0.32521314819520719,8.2105736920155472,-1.5154464936873999,0.1662907829487556,0.1139660011226654,0.4947368421052631,True,5
-0.83452939180360486,-0.31898938670038418,-0.44922874506026239,0.44155132828115434,-0.87488296793873843,-0.19902818118008392,-0.32953470031098936,-0.36445241607542811,0.87096573853839354,4.4829771153345073,-10.961904315407978,0.023770629575695108,,0.3693469770647956,0.6382978723404256,False,7
-0.094381388526893109,-0.85810123832872742,-0.5047320262064231,0.99369788179139151,-0.11199740514765419,0.0045935785064568739,-0.060470432634788032,-0.50111759699585268,0.86326385349907042,-25.06889845130129,14.891459918252533,-10.060463474835124,,0.7344355075688939,0.7083333333333334,False,1
0.73555288191883883,0.59476393309671471,-0.32437296710456154,-0.61232543450251198,0.78852607307702816,0.057307890722226668,0.28986120844673224,0.15646883384574606,0.94419170927982188,-15.189505330251853,-9.099704007888624,-6.4608832948719028,,0.08032591226819205,0.32,False,1
-0.45829368553229172,-0.78352602693147955,-0.41958772970881747,0.86953123978852787,-0.49302040370911321,-0.029091314138911546,-0.18407151010695447,-0.37817700438746121,0.90724849546277675,-2.8180988516569827,-27.899706139283353,-2.3129825263469419,,0.5221930763055822,0.5588235294117647,False,5
0.46682136265533297,-0.73387947178173729,-0.4934559111673269,0.87208279369847586,0.47463988457299777,0.11911582979433499,0.14679719446801365,-0.4859402235562415,0.86157569767631592,7.2542781181623521,3.8453139325200598,1.0085611271952943,,0.3889403386907974,0.1896551724137931,False,4
0.95457838641787152,-0.020473367157173905,-0.2972556903090347,0.074983194470300579,0.98203581640687732,0.17315650678246913,0.28837063777521166,-0.18758064007601039,0.93896532350124207,-6.0614513401338712,-2.3932526727157475,-3.4760512694072689,0.4307149380833825,0.2647539252982251,0.1704781704781705,True,5
-0.68728812455350807,0.67296124964702009,-0.27341944027673626,-0.68038342010191133,-0.72823914844075199,-0.08213491540578205,-0.2543883556654048,0.12957970192823506,0.95838179518918354,-10.902671952504887,-15.504956668467306,-5.1040733700877761,0.4104466286558136,0.4301410602585468,0.2580645161290323,True,5
0.92117477869208586,-0.15232056940009311,-0.35809980625409238,0.19222919462447258,0.9782134417503533,0.07839897392794791,0.33835626761686238,-0.14105639480916782,0.93038601109852614,-7.204619574246367,-4.51086137953566,-3.854803021824305,,0.0701772589363219,0.2321428571428572,False,5
-0.52398829970503369,-0.7642831609065589,-0.37590891413600241,0.82303406134848833,-0.5679428640396067,0.0074724190663259908,-0.21920582937604971,-0.3054703801372064,0.92662648959890537,10.667017324464599,-15.806278237040718,2.335426610559177,0.6538537348247656,0.3488320782962547,0.8243243243243243,True,5
-0.32435497035606703,-0.80654395276674606,-0.4942476155336607,0.93520172859747608,-0.35190902347109132,-0.039468544790963789,-0.14209707960971057,-0.47502304307793025,0.86842473969329981,15.167786858140053,14.381472076119215,3.8616107365188008,,0.7158079160586054,0.8478260869565217,False,5
-0.16187268102597174,-0.84395516225257983,-0.51140680406569217,0.97927772088657838,-0.20129825673664989,0.022229647095127196,-0.12170612356267103,-0.49721091695779063,0.85905117632498496,4.2758572671678419,5.5110155469635176,-0.07152529928275099,,0.3440290779457376,0.2226890756302521,False,2
-0.93428592413735079,0.038831270579300359,-0.35440364612121988,0.021340725524675173,-0.98617749623235484,-0.16431226174259059,-0.35588535428266527,-0.16107786424609147,0.92054306594369661,-2.0979255461455728,-15.155431266123092,-2.1707511588941339,0.1598117091422298,0.1864834246001819,0.3,True,5
0.67727646346618675,-0.61577640495416297,-0.40263632615110795,0.70541675299049167,0.69896681254252879,0.11761207235861736,0.2090066904074758,-0.36368229825750881,0.90777276302996091,11.64636536447574,18.413559867401197,2.7178190075162396,,0.4582874851596356,0.88,False,2
0.52976941112683174,-0.66575587448719253,-0.5254650194067394,0.81390924067106418,0.57330275707860001,0.094210915908552947,0.23852907366730564,-0.47759089638713859,0.84558312229108967,-15.430257196979264,-6.5971271293686833,-6.658413869064427,,0.195888721122045,0.5,False,2
-0.506032585665944,0.83245285162774874,-0.22572831470834362,-0.84601433779362489,-0.5299981913700581,-0.057979801587119587,-0.16790104970444217,0.16162972177572182,0.97246340319152869,19.581113698919889,-5.2824328085970853,5.3872944604466344,0.7810863482904588,0.3228574074605937,0.5,True,5
-0.92609525812731863,-0.12647662105146756,-0.35545919203404946,0.13859818732312595,-0.9903101970835011,-0.008732469477839306,-0.35091040928538925,-0.05735309825843074,0.93465100801064782,-10.842204942247967,-7.9782717166641959,-5.1574126360200321,,0.1097996113864904,0.5681818181818182,False,4
0.11261440213895725,-0.8914395488949981,-0.43892314486339229,0.99350396129735741,0.10829399620370408,0.034961253877594051,0.016366896998108105,-0.44000902383032714,0.89784418672202726,-23.591963749747443,12.785846733770091,-9.5451199592206617,,0.1474674363002444,0.2156862745098039,False,2
-0.80775226767447295,0.48903209806261139,-0.32921707296436936,-0.50696355434265239,-0.86123804108405355,-0.035454071105671559,-0.30087244578892702,0.13826295112640288,0.94358843131463122,-9.5041799296346348,-11.281099906698607,-4.6770601699354319,0.2840853631351348,0.1750359614396957,0.8018867924528302,True,5
-0.35631097372459958,-0.84789514645977249,-0.3925765028798705,0.92070010790613033,-0.39020573224440214,0.0071272593084594719,-0.15922877034338959,-0.35890570785872311,0.91969173724751985,10.633093262332176,-5.7037959146145356,2.2193378445287779,0.3013956150121109,0.2995800020913851,0.8345864661654135,True,5
-0.61078332861960916,0.74481296923567242,-0.26869567606996403,-0.76374845093475208,-0.64370985258162028,-0.048227890106431276,-0.20888281206245787,0.17575911511979392,0.96201699791489648,-2.2822781389800344,-11.443254024306706,-2.2416231332216228,,0.08123106636447312,0.4166666666666667,False,4
-0.9015641157356209,0.30730044034312853,-0.30454652285450251,-0.28091084816537554,-0.95114011364311812,-0.12814671124131805,-0.32904595515042884,-0.029982054363832514,0.94383782283571716,-1.7719427818099109,-3.2128766241024231,-2.0775112458041751,,0.9200826371752684,0.5949895615866388,False,1
0.67826179914018336,0.68404793461237168,-0.26840148095655303,-0.68909723698994974,0.71894271610172,0.090919574004168224,0.25515863653801618,0.12328744509004512,0.95900692181194946,-7.0206836680901414,-7.6752657129086899,-3.8234484676086584,,0.117374894285727,0.4193548387096774,False,5
-0.17490446124410364,0.9407309733494954,-0.29057471537940205,-0.98332258068313483,-0.18184228313312908,0.0031759067350967222,-0.049851095831174898,0.28628415926460471,0.95684703500538115,16.389655576919196,-11.775557161396394,4.3179621046978438,,0.1040516636194455,0.4166666666666667,False,5
-0.79090336113729609,-0.43023567916041622,-0.4351656394053951,0.52741823126044085,-0.83987650459293983,-0.12820868288402551,-0.31032544638788323,-0.33091497006047327,0.8911752913507196,-8.6345003588975597,6.510293516838944,-4.3274549347519802,,0.1243440324604255,0.3004926108374384,False,5
0.91113985232924144,0.22443136454828749,-0.34562223901890848,-0.21418461121022561,0.97441629600305657,0.068101647589538614,0.35206408765759434,0.011976839761762365,0.9358992646065859,-9.7955925685703154,-5.5242565817038836,-4.7347594004554541,,0.09648249105422299,0.2127659574468085,False,2
-0.8783692888837431,0.36562478275205779,-0.30787320536769724,-0.35631636754410667,-0.93020153208282175,-0.088112178108059075,-0.31860012329885062,0.032305230974005117,0.94733855272847167,1.0509636900624943,5.9319193754343749,-1.0429130482229809,,0.09257466262414497,0.3565217391304348,False,3
-0.58126201793962085,-0.71580293246865756,-0.38698918378945713,0.77774252054254178,-0.6285584760903391,-0.0055510246913728946,-0.23927189187385473,-0.3042045430368534,0.92206754511523992,9.9409021173016168,6.6147202824061822,1.9446746138731295,0.3181243166110312,0.2637685440066849,0.4210526315789473,True,5
-0.11627970509572755,-0.90908473215581498,-0.40005497115276722,0.99074612219073355,-0.13455636561063819,0.017796230996499976,-0.070008224851621226,-0.39428357084064136,0.91631834763813291,-11.879088239626855,12.620506064132782,-5.4394479030030745,,0.1137382754605746,0.1607142857142857,False,4
-0.3451176839942322,0.88113452591943908,-0.32325799514812176,-0.93353699535278512,-0.35785150079723249,0.021236329364143835,-0.096966295701915936,0.30910233032103485,0.9460725589974347,-3.3956606174377915,-5.593227495768117,-2.579325103413546,,0.1085973930822574,0.1568627450980392,False,5
0.89631904813954177,0.25827285901888702,-0.36042654485544912,-0.24804298428146046,0.96582242816629849,0.075244369887074669,0.36754161926368856,0.021958313805158905,0.92974781019578678,6.9214161076147569,-17.529838112520842,0.95323268183869203,,0.09198857391768796,0.2727272727272727,False,6
-0.29685498222986328,-0.80466025061981583,-0.51419743348033442,0.94785110376848558,-0.31370050794635368,-0.056305207566114408,-0.11599743363614196,-0.50409708627074512,0.85582166542053251,9.9514079960310333,15.51257460764346,2.092198713377682,,0.3814298934181931,0.3529411764705883,False,4
0.029610461886655188,0.95832451039442468,-0.28414319158506463,-0.99899458033497412,0.03794565639041899,0.023873743369032353,0.033660793338973947,0.28315059586444119,0.9584845804985096,-3.2554480191924426,-2.9411447204295813,-2.5486650860217885,0.3114798076466478,0.1879501158157963,0.6938775510204082,True,5
-0.31639191642850573,-0.87236191970703048,-0.3726671923630544,0.93844154203541175,-0.34524834779168412,0.01144773031260559,-0.13864929643130333,-0.34610440533483033,0.92789445154442407,-7.1866755388135246,-1.3126932154756634,-3.8979905141392859,0.1635743962146886,0.1396840720587859,0.5193236714975845,True,5
-0.89838148181792732,-0.18337133676857109,-0.39910608361478789,0.26844919480872664,-0.94844070156378779,-0.16850894760735266,-0.34762874296175961,-0.25852502484072698,0.90128745059383231,-7.0748434006647996,-20.100510397283305,-3.8941217293712045,,0.3575474658655159,0.2916666666666667,False,5
-0.38586681095198966,-0.83537424326077347,-0.39148011175822572,0.90700203675922286,-0.42110126766650358,0.0045855953033085359,-0.16868345953401481,-0.35330382967943474,0.92017514333602946,-14.263884869920807,-0.67928135247186716,-6.2294196318842321,0.2595690341581849,0.2841392807091004,0.9158576051779935,True,3
-0.80093790601033765,0.52881230209540331,-0.28081314048373185,-0.52591370413811245,-0.84552284701742775,-0.092227387316747886,-0.28620490302492374,0.073815068408175186,0.95532093516283334,-14.566602244667461,1.2619362460507322,-6.3191449390964669,0.9588131213524909,0.4120542128215725,0.9043478260869565,True,2
0.82155554438666045,0.48246814187530673,-0.30376138589841906,-0.46552844082095662,0.8752655969933113,0.13112362680597386,0.32913486335292463,0.033684221756368843,0.94368194585375031,-9.4290277207603861,-14.680544958094019,-4.5734293040961536,,0.1616595343674348,0.5,False,5
-0.62943363396922558,-0.53966035089333431,-0.55908854942842301,0.73455832758027206,-0.64790979284273387,-0.20158611986185748,-0.25345091006103837,-0.53756823381982755,0.80422822020684048,-3.1667593951682083,-7.6264666076964609,-2.5745077031971251,,0.1348424768644082,0.2580645161290323,False,2
-0.84118808575163007,-0.38547954695838804,-0.37922041514963928,0.43201668021478085,-0.90086027485503883,-0.042571741851887834,-0.32521407166005079,-0.19964038685812019,0.92432652430265771,6.6138776625793971,-13.974894577406367,0.81914449800012112,,0.07469885634870138,0.2631578947368421,False,5
-0.88489616460140608,0.35867341162822614,-0.29717362208764425,-0.34910938330962843,-0.93306980749497714,-0.086622011212258515,-0.30835274663750267,0.027094614451118451,0.95088614750076828,12.490679289340003,-8.5463159623249041,2.9323672581105367,0.2439372747287622,0.2571421709129996,0.4897959183673469,True,5
0.88937496806568506,0.32589980887349645,-0.32062670000232391,-0.28534066370232453,0.94364599429542662,0.16766914769304631,0.3572014443085002,-0.057632907495754462,0.93224759380623101,8.2318214326092249,-4.107780726497233,1.3275671363056241,0.4460651373373713,0.279060382157936,0.462962962962963,True,6
0.084955802538000197,0.97318772399242204,-0.21374790171034261,-0.99594637974050038,0.089304026415148716,0.010751723016967118,0.02955199311240218,0.21196802762797132,0.97682968575212348,-3.4903485100650515,3.4079932929255694,-2.6451845222211636,,0.1936944941067912,0.1661016949152542,False,5
0.27962510937140667,-0.79473381545584521,-0.53870953284680545,0.95961755877414256,0.24929712420217026,0.13032683820641947,0.030723591934918817,-0.55339778318631017,0.83235025948400709,-15.306831013635778,-0.92068345548325592,-6.5090110042571183,,0.2970100066101691,0.1555555555555556,False,2
0.55200095431029261,0.77893692840427442,-0.2975772303262485,-0.7996381105558632,0.59566634061150958,0.075897976317832114,0.23637647638285725,0.19605833884486501,0.95167604213945467,1.6716113616761565,7.7102587559584972,-0.84544334752228101,,0.1427946940233986,0.125,False,5
0.92853943967883035,-0.070033342019541006,-0.36456801829905267,0.14359072307230561,0.97336260990475665,0.17873705236176815,0.34233932465975458,-0.21831298780644048,0.9138617106250424,6.2746632547880523,15.247122708395244,0.81479278680640221,,0.1013198645295119,0.2307692307692308,False,5
0.41412034196946745,-0.69901000760919185,-0.58300030156877991,0.89840789687916089,0.41675937956997039,0.13847335615783868,0.14617658222934929,-0.58111670841806817,0.80058464762015968,-6.1984413255147022,-9.9652836732192203,-3.6090321520514266,,0.7238994091700404,0.6122448979591837,False,3
0.91698580406889862,-0.18739600887308339,-0.3521644090400905,0.21903728424131139,0.97433670947575191,0.051871424504792797,0.3334062135718347,-0.12470249567031427,0.93449964383368755,4.8375862055770948,11.459918274304622,0.28828068471762669,,0.1960622129827739,0.8,True,5
-0.93511534782791461,-0.03371119449954188,-0.35273622102371821,0.054712148353285209,-0.99726277115167261,-0.049734757438389107,-0.35009408318228896,-0.065806691455363067,0.93440013499595131,-16.675720704747615,-9.8799940761379439,-7.0003693383806773,,0.1859079023906823,0.2666666666666667,False,1
0.88656655176604737,-0.29144625613746378,-0.35924758742838653,0.33134050386957964,0.94199400130178013,0.053486185196874175,0.3228207239089731,-0.16645233940956547,0.9317083228779105,-10.794015610526914,12.666520336992166,-5.0823865958682335,,0.1291932621604527,0.4545454545454545,False,4
-0.60216291525599774,0.75169422976915301,-0.2689899782931654,-0.76621763388674025,-0.63877795366221102,-0.069808763318958411,-0.22429971246393254,0.16406861627647501,0.96060976891853389,-12.322750439098641,0.48805158350227595,-5.5299586921317658,,0.1354311774758025,0.2377622377622378,False,4
0.50500129974359231,-0.7603634542757487,-0.4084373938061186,0.84530256742785537,0.53134793296440697,0.055972704368540099,0.17446276610543229,-0.37351946607413072,0.91106857684069953,13.525829084713664,-9.5779708595003878,3.3086686614527023,,0.09125301545883138,0.2631578947368421,False,5
0.62871419582923849,-0.5825926153321298,-0.51507698892812559,0.7471973859157367,0.63608935910839814,0.1925782794339955,0.21544030830716171,-0.50594087776096686,0.83523008911735142,12.491877563782705,-2.0408937467969128,2.7927764912517339,,0.1970758931230786,0.3103448275862069,False,1
-0.74504459399830891,-0.54449989181522684,-0.38526409223687313,0.605236294797312,-0.79463532663862568,-0.047367975658097194,-0.28035260015544111,-0.2684670658966038,0.92158985135197335,-15.749935321678711,8.6197651595641833,-6.6633847694164405,,0.6091389462931996,0.8293172690763052,True,5
0.94354372584658985,-0.037857339416412235,-0.32907758852259555,0.098396270188234589,0.98063835320860926,0.16931212073963203,0.3162963980645056,-0.19213339654682193,0.92900018649233973,-4.5170411241966404,3.5048427541009062,-2.9090399301788565,0.3628705981994618,0.194127246345463,0.807733619763695,True,8
-0.34485969025347812,0.89464987119727724,-0.28403063568032821,-0.92931125142775428,-0.36800831809672202,-0.030829787242270583,-0.13210750170999719,0.25332091460895634,0.9583194259815595,2.3307780064518062,11.890351435274074,-0.54754751774498145,,0.1230020947698319,0.2903225806451613,False,6
0.38552624606874231,-0.82065414671113734,-0.42177753031421694,0.9163830623344511,0.39392790255632332,0.07115399253808985,0.10775711883062873,-0.41394151648921679,0.90390310557488995,-13.296457066075671,12.778069564467609,-5.8787926197136802,,0.207363640396745,0.2156862745098039,False,3
-0.93289092561287545,-0.065056190040069198,-0.35423468639677863,0.080822667508281001,-0.99628052498378883,-0.029879959084190076,-0.35097324303427974,-0.056504934965871917,0.93467907593917154,-11.591057438907223,11.384598547052869,-5.3246202550164297,,0.07086522581044169,0.1818181818181818,False,3
-0.67830025996492516,-0.64037560729758403,-0.3603163039743929,0.68325544808911554,-0.73009159838295967,0.011324779342605019,-0.27031601874113648,-0.23850647695370325,0.93276144349081869,-18.224144237205387,-4.1642234300825232,-7.5474710122383106,,0.1198020586236429,0.59375,False,1
0.39198695558357516,-0.8108730644522959,-0.43454700551040781,0.91149257455070454,0.40629718757526068,0.064061547806473218,0.12460944262473785,-0.42119765991061209,0.89836797477123809,8.119956788197559,12.229874070369581,1.3757039406861011,0.4028909019477718,0.4052915646181532,0.3958333333333333,True,5
-0.44674055988418176,0.84789282046309689,-0.28548316440992488,-0.8811145899931041,-0.47229759715504349,-0.023917755389205254,-0.15511270565512536,0.2408583499252383,0.95808522784543515,-0.16293044179324734,10.971318595354342,-1.3930919173542142,,0.379560936513803,0.6887417218543046,False,3
0.43134251278256369,-0.81387622602866538,-0.38929310984367588,0.88777839810641801,0.45971782746188217,0.022561803326174287,0.16060246735970685,-0.35533787839050257,0.92083757506897512,-2.3100669043383277,-7.7047228476084229,-2.2545859643791113,0.3396400864120425,0.320122156006473,0.919093851132686,True,5
-0.92811898811602789,0.14238669282227059,-0.343978449333117,-0.13861867205878495,-0.98970363405965966,-0.035659227217667594,-0.34551412077531418,0.014585829981135584,0.93830018965607265,9.3426620353600978,8.0229140560362744,1.7960730492953549,0.7365493865936942,0.3271748176268492,0.3333333333333333,True,4
0.65212137126720748,-0.59034822487576133,-0.47563293675124574,0.72387533872870646,0.67129370114133868,0.15927730782620364,0.22526031855827849,-0.44816708959271057,0.86510349016116106,-8.5727665355628737,13.095664317249256,-4.3144392270563507,,0.1372180769437169,0.2203389830508475,False,5
-0.80635074418856578,0.50117863052196832,-0.31403575856050414,-0.5229355604075121,-0.85219660991756163,-0.017301378739767798,-0.27629129014109022,0.15026948576853538,0.94925349861827335,20.564753273018979,-2.6949153749440256,5.7368802115637791,0.5481853591108586,0.5023253013264743,0.65,True,5
-0.89418127477684906,0.29014532916751418,-0.34096266042005935,-0.29985634451473647,-0.95365303802330759,-0.025140718429985342,-0.33245453898647487,0.079759457315048313,0.93974060701669149,-0.71426836867094701,9.5068363865139052,-1.6315451262315703,0.3551926599898283,0.1009945001217897,0.2,True,3
-0.65078223980314298,-0.6625780974152401,-0.37077316675078481,0.71403624727427228,-0.70010534403681335,-0.0021782629706067966,-0.25813700613294233,-0.26616305543162022,0.92872090209493252,11.081103676364563,-10.211710982113459,2.4080257910283582,,0.08610033010952764,0.2380952380952381,False,5
-0.90494190905536165,-0.16895186736889373,-0.39055781613968688,0.26549677020066237,-0.94142554052444005,-0.20791685035437252,-0.33255316304051946,-0.2918445102461748,0.89679160098147448,-16.645063664568546,-13.490409154946349,-7.0182357515635587,,0.237937987312794,0.25,False,2
0.28918605551731003,-0.80391545881560122,-0.5197031463938242,0.95047490044848493,0.30571863172757258,0.055978405051083285,0.1138810296396271,-0.51015297048230757,0.85251103089420255,-24.173196480447999,-25.544266206676998,-9.3810460935206432,,0.3990135134459084,0.3636363636363636,False,2
-0.38511451214137604,0.87531423497274286,-0.29242401165463827,-0.91528868854351619,-0.40279837849769012,-0.00028793041150895066,-0.11803994731615328,0.26754150394604886,0.95628871921814818,-10.23520487403677,-4.7064628121120204,-4.8765459973440217,0.3326088303959533,0.3549472604834678,0.8757396449704142,True,4
-0.23514031142155348,-0.89519669209637509,-0.37859201841069423,0.9656380316479426,-0.25951906803203306,0.013894069341712355,-0.11068977269676825,-0.36231579566380151,0.92545936617057611,-10.461507129390181,-9.3875254042534682,-5.0418504151179953,0.1996726933184556,0.2429274843581014,0.8742138364779874,True,5
0.58635412580576518,-0.69787138251066938,-0.4112959671856794,0.7966488899750751,0.58878108709975141,0.1367017833647933,0.14676302413086584,-0.40781413039064907,0.90119268183983881,-6.7578634418660402,-5.7201617945774412,-3.7166898104865562,,0.3238482367414907,0.3125,False,5
0.84314420537594847,-0.34260474588292184,-0.41440298869513503,0.44489852261469753,0.87733432872665451,0.17986044649397182,0.30194892534370943,-0.33601557067530385,0.89214370072737159,-16.976293291785161,14.495653343835004,-7.2271785212861896,,0.1712401488832638,0.2777777777777778,False,2
-0.49851003871957789,-0.76257427614397366,-0.41227201537249708,0.83702362366046368,-0.5471667505573754,-2.2776961540790092e-05,-0.22556416987214972,-0.3450927707848695,0.9110608019347064,-1.1770640713520133,-8.1520677036877309,-1.9373242045455299,,0.085352621946158,0.3692307692307693,False,9
-0.93339302772974997,-0.037951125391363139,-0.35684333798884349,0.077966562195595321,-0.99208544207605232,-0.098426067686180188,-0.35028370068401893,-0.119692053630528,0.92896455332419214,-2.5538375542101632,4.5527399584262689,-2.2782849380849983,0.1791789634614757,0.1238500865609265,0.4939024390243902,True,5
-0.9287440189402314,-0.0582422436211395,-0.36611799783775151,0.079425529648835369,-0.99591071779864393,-0.043051450774535163,-0.36211342494134341,-0.069062893305783871,0.92957204360150847,14.597772950510924,7.9201531742298217,3.6309738611871585,0.3378497774900346,0.3162651275489194,0.4117647058823529,True,5
-0.51649765968004213,-0.70658219518393439,-0.48370628380670522,0.813543310936375,-0.58116909979283538,-0.019742306771672768,-0.26716558306735738,-0.4037128668930911,0.87500769843998571,-11.483062451653135,9.0683129196926799,-5.2946014420864591,,0.09648997735456205,0.1066666666666667,False,4
-0.55753968432614998,0.7874997972096065,-0.26266627076259053,-0.8133264837375298,-0.58155393712121684,-0.017176992459623921,-0.16628148198955683,0.20405657944217626,0.96473383952969949,-22.173592647271526,-12.152553987046433,-8.8187269705154918,,0.2007273438670086,0.52,False,2
-0.39506660437788083,0.86957742538723914,-0.29623888901059625,-0.9102224752857645,-0.41411605971755322,-0.0017130582781227921,-0.12416691825920201,0.26896652271409038,0.95511234211955609,-17.399160591475976,13.189163540286041,-7.3249516464681239,,0.07493589766954784,0.1851851851851852,False,1
-0.25138775514974104,-0.83815635243197173,-0.48404351605894552,0.9575209362069419,-0.28835666560775258,0.002022405735890305,-0.14127226651454144,-0.46297339262371401,0.87504159011805427,-4.0085169245840859,-13.11913084514301,-2.841591017054216,,0.2160583247208552,0.2222222222222222,False,3
-0.20942552810322268,0.92715431196973008,-0.31068606337366517,-0.97633188831861628,-0.21581969762531009,0.014067763472790869,-0.054009184690133993,0.30627885972240798,0.95040847431841147,-13.408255504296717,-9.8855255954580965,-5.8932829663983162,0.1923775519125662,0.1231731330853874,0.5,True,2
0.90609453108915061,-0.1899775754450643,-0.37802277915272176,0.26326751165680118,0.95262760761273613,0.15228545078263575,0.3311841150121313,-0.23750613053571773,0.91318558898045599,1.148631669906045,19.700071246762427,-0.97796449062433122,,0.2677961786628317,0.1666666666666667,False,1
0.6604138027448061,0.71762920488394888,-0.22104735565434158,-0.71463830793117811,0.69104630052857385,0.10838403647694198,0.23053350728561739,0.086390594530910997,0.96922183590506705,-14.969410370071989,-20.902692282961677,-6.4590598470738083,,0.1964527729020952,0.25,False,3
-0.74964171803129953,-0.52106842960497446,-0.40807473121486926,0.59265467017418239,-0.80295524236240345,-0.06342965145312833,-0.29461455583153545,-0.28939690812401614,0.91074238567250554,-27.24221849126711,14.711994636305615,-10.837013879050527,,0.2611515694993242,0.6333333333333333,False,1
0.13347626490425882,0.95401704755278127,-0.26839441068301573,-0.98791205979487995,0.14962200963473565,0.040534138016009809,0.078827969776253989,0.25973972975180026,0.96245593352081127,-6.6951810725836385,8.5358698951164733,-3.6684241141004392,,0.1066526770873698,0.1587301587301587,False,2
-0.90523405878125707,0.26707738482233995,-0.33048595936721908,-0.25722380230498537,-0.96350796683873152,-0.074083151701715436,-0.33821178919454781,0.017946262974595534,0.94089888792317589,-7.7741992416104804,-18.612455736023875,-4.142216059509586,0.2061121794799586,0.166486476384487,0.6388888888888888,True,5
-0.73421565874152528,0.61358097573682391,-0.29059551385490229,-0.62909050843750958,-0.77580901201632801,-0.04863649934035013,-0.25528904922182444,0.14710120015858305,0.95560909280904227,10.473941992176819,-16.95295832617704,2.2498497685306664,,0.1703777024488297,0.2857142857142857,False,2
-0.86432133852288007,-0.3286515025948244,-0.38070567846590025,0.37725585754419622,-0.92425258833835555,-0.058610330987324835,-0.33260583537065375,-0.19428160693183186,0.92283693873044281,-6.8467459102250858,7.3661870604111463,-3.7434234088735989,,0.1220463217530024,0.3467153284671533,False,5
0.93208930914254928,-0.042018940985316146,-0.35978316856217463,0.089928019792611419,0.98899612112985547,0.1174717993659755,0.35088811755080185,-0.14184879621827193,0.92561139144517979,13.870058842396869,-3.506344237161287,3.3736142786839602,0.4091478410336776,0.578967682621429,0.8333333333333334,True,5
0.83407813953044296,0.46866926563906902,-0.29096868663615749,-0.4469652281232056,0.88329161524256006,0.14148500730098354,0.32331987567454828,0.012043333737984246,0.94621309233505635,-4.2351009422160883,7.4330645118093557,-2.7552381958969852,,0.1284859640556879,0.303370786516854,False,3
-0.36344377609992523,0.89187297536522314,-0.26920478715545304,-0.92556040927305805,-0.3785715493950898,-0.0046379709886363828,-0.10604975436330798,0.24747965128831556,0.96307178953476624,-15.90843557248783,11.483217673173687,-6.8230196076151071,,0.150706371861772,0.1714285714285714,False,3
0.65481035749607419,-0.62034447181757657,-0.4317361833356525,0.72126534739554238,0.68359106446241724,0.11171192968312282,0.22583111911836096,-0.38454647686919691,0.89505548027216575,-16.317768016429422,-5.5943373249946307,-6.9131431078580814,,0.2986049025395067,0.3666666666666666,False,1
0.55049962363302962,-0.73129701109356637,-0.40268454892819966,0.81274838982503039,0.57968593390996959,0.058346146948578315,0.19076220594423712,-0.35940075068444299,0.91347735669295371,22.242131846138918,-10.535645874711042,6.3828181815352654,,0.2465834139562531,0.7272727272727273,False,5
-0.16237873674466485,0.98113823583767135,-0.10488521359347747,-0.98627358044845004,-0.16461174953519922,-0.012938177010543256,-0.029959478677075303,0.10134463030818858,0.99440016871735037,6.2939417994275368,-15.638761973825808,0.77389482663737752,,0.1381702496971318,0.1111111111111111,False,3
-0.87257035043940145,0.35226035171899039,-0.33842817279427967,-0.32838353096270678,-0.93590204298883661,-0.12748185173501406,-0.36164242025310933,-0.00010264568364241888,0.9323168717433673,22.603227594163229,-16.928712990528258,6.4499984787250213,,0.3971934401260743,0.2051282051282051,False,4
-0.62976606630472598,0.75789553178969904,-0.1702617532632674,-0.76330643852059965,-0.64444462512491052,-0.045325556373992507,-0.14407630840658742,0.10141739515893536,0.98435589565720938,-15.473583226845735,-12.613271296445495,-6.6752555282199673,,0.4786601769638166,0.7843137254901961,False,2
0.090291879056980037,0.96962547806775534,-0.22731873846701836,-0.99477027178002797,0.098749605860037698,0.026088727933268892,0.047743931122694483,0.22377432297822791,0.97347088781153956,-7.0667785679849908,4.9855910108506052,-3.8141912530470532,0.1883686389646925,0.1338444594364723,0.251004016064257,True,5
-0.34627021432649258,0.88947539550953481,-0.29821210480703708,-0.93262469648023305,-0.36078351018999788,0.0068142710643449809,-0.10152888350336287,0.28047955283432385,0.95447530416266901,8.5163263008285135,8.995359028588231,1.575908129547551,,0.08903044591889761,0.1304347826086956,False,5
0.30057765098740719,-0.87150224035944179,-0.38747505826229361,0.94959284584925652,0.3113791401527834,0.036283028947769067,0.089030909457355381,-0.37884941088272622,0.9211659031005266,-18.524484188341329,11.984636009681951,-7.7628592354492554,,0.07650427661247838,0.2142857142857143,False,2
0.91270165609126619,0.28537957953483373,-0.29246227543527836,-0.22896903285545225,0.94997544038784509,0.2124143230885272,0.33845068911364035,-0.12690610010728354,0.93238724401080297,7.6579698581932707,-15.883742888642287,1.2346015629730778,,0.1814502446905996,0.1481481481481481,False,5
