axis_00,axis_01,axis_02,axis_10,axis_11,axis_12,axis_20,axis_21,axis_22,location_x,location_y,location_z,dbh,dbh_approximation,score,reconstructed,number_clusters
0.42779026790781655,0.88277559498728664,-0.19417192273395525,-0.87240374478819915,0.45944975039290875,0.16678618930661304,0.23644701893423448,0.098046803919027592,0.96668486668530129,-26.525195062194626,-10.155159715074443,-7.8179463214434408,,0.1338982697616262,0.2777777777777778,False,1
-0.9096968947276235,-0.22875093853355083,-0.34658991307154002,0.28274039108667015,-0.9524597214008732,-0.11348281965622289,-0.30415363054067734,-0.20122993621474317,0.93112678073393151,11.005799690223283,5.7903357696093645,0.49650421173364473,,0.1112664722352146,0.4074074074074074,True,5
0.29889222136632604,0.92204399257701031,-0.24596405379516206,-0.93180628984232849,0.33760610341130881,0.13326348768401475,0.20591376402994038,0.18935943254054965,0.96007422999002712,6.4898798324104314,13.072024607147508,-1.2213079600220833,,0.07269827419598532,0.2777777777777778,False,5
-0.91648404846352405,-0.26213748325869679,-0.30222661825640867,0.29021594512792181,-0.95558901008464436,-0.051228400316190539,-0.27537555103061617,-0.13466099537819176,0.95185856208700403,23.984023175521699,-0.56131295310128948,3.6624267071994945,,0.2185290103588429,0.1176470588235294,False,8
-0.13976663887613155,0.97854664187773022,-0.15136629851814942,-0.98777998258106603,-0.12714176269858776,0.090142543729606894,0.068963705450165128,0.1621155200704501,0.98435896170191384,5.6543228367782232,17.40646247183172,-1.9219815030688689,0.1819666217567221,0.1834713469624684,0.3529411764705883,True,5
-0.83331032515458148,-0.43673431821889436,-0.33890564657533284,0.47296034247258267,-0.88063593004275675,-0.028086886013711856,-0.28618598225451969,-0.18369402278682731,0.94040102592107477,-3.086924366481901,-23.196130816844153,-0.64717221182789153,,0.2296458672190936,0.5555555555555556,False,5
0.80718647458763293,0.5522132011383708,-0.20859188798057829,-0.50703914753377277,0.82954854366656949,0.23400965058924098,0.30226031514410534,-0.083125171814480536,0.94959407522361861,8.3724499333942966,9.0926640056995751,-0.41961792747685489,,0.4033176554701317,0.2318840579710145,False,1
-0.75698789130229238,-0.55642053379648249,-0.34258651752710001,0.58292427858228513,-0.81194634579534164,0.030698810871333637,-0.29524331975682538,-0.17646337047452346,0.93898459040590232,-0.85480757991552236,16.735876359658164,-3.4992478694792726,,0.07990121686794788,0.2424242424242424,False,4
-0.79884803168273955,0.55423867610490352,-0.23379758806732173,-0.57914110487223702,-0.81369994254709233,0.049879696733479847,-0.16259582689595048,0.17524809102624517,0.97100499672642249,-18.074440180833953,25.429881126423748,-9.2522775407577438,,0.7577706987088881,0.4883720930232558,False,1
-0.33021986386407143,-0.86345623458405385,-0.38131112292656949,0.91942018298668959,-0.38565309817102938,0.077059814350985481,-0.21359159306095399,-0.32513846101163374,0.92122940277906373,-20.382627954377568,-20.612472799588161,-5.3192170570170134,,0.06873128052277513,0.4444444444444444,False,1
0.95763341845060368,0.063529405281607582,-0.28089544412677414,-0.0040955083672005108,0.97827085044608353,0.20729054483673959,0.28796087004630799,-0.19735794342276525,0.9370850438941557,-12.892908335135838,20.457100013183137,-7.1644205613154224,,0.1468841613505242,0.3888888888888889,False,4
-0.76791594016059528,0.59952587562124438,-0.22555228508674177,-0.62094022212953937,-0.78319203238914559,0.032302955652378854,-0.15728429479445449,0.16486044056334903,0.97369537625905977,-4.3320591655385847,17.760802658943838,-4.54759915333113,,0.1092154826740241,0.3333333333333333,False,2
0.29114854724782968,-0.8572622626754639,-0.42465743420788338,0.95654017455421569,0.25332495761625029,0.14442077521089594,-0.016230154012499512,-0.44824979513801178,0.89376098776991919,4.3063012904146802,17.096988819009283,-2.2459703191707177,0.6514073799647466,0.3665437034137047,0.5068493150684932,True,5
-0.87939456008302141,-0.28410240271889686,-0.3820353811700411,0.31747817149916713,-0.947912552062247,-0.025872848014532324,-0.35478559485685757,-0.14404033605968652,0.9237854530516697,-22.384314507883587,-17.152398210554907,-6.1682073744148767,,0.2773289630609855,0.1111111111111111,False,4
-0.95754930190316201,0.12354622385060599,-0.26045280761977241,-0.10079867794163466,-0.9899681228669468,-0.099008798763098857,-0.2700721402699377,-0.068552507463616075,0.96039658098645153,4.9206503653246347,14.122306343536051,-1.749013820432707,,0.2472231998322186,0.3461538461538461,False,4
0.94938461540259766,-0.11139633570740451,-0.2937000313718468,0.18213661135384374,0.95700053821528064,0.2257791501892964,0.25592011808648307,-0.26784478013697649,0.92885093901657556,-12.401119853474221,-21.369889368657955,-3.2136274283696094,,0.1771328266996589,0.4347826086956522,False,5
0.91587912033018082,-0.27774206040794158,-0.28987028965308681,0.34304273880110575,0.91651702739271723,0.2057139223656298,0.20853564754988388,-0.28784698431556915,0.93469620589867708,1.4285778362759243,20.799354069916145,-3.3003087182556512,,0.4221173509717355,0.6176470588235294,False,3
0.071578026150914562,0.96293728790870003,-0.26005454375452675,-0.98792697389702278,0.10435739690911541,0.11449815700273498,0.13739316001536833,0.24871934638340748,0.958781417381251,-4.2821791465784163,21.392369515521068,-4.9253167822602721,,0.1749175964006656,0.425531914893617,True,3
0.91155745635961161,-0.25146096074706525,-0.3253158295800534,0.34376137484656827,0.90017068508898501,0.26743383269516435,0.22559060467757219,-0.355612321111897,0.90699986557585399,0.30854553691742376,-25.636976446056085,0.092103112807382592,,0.4686538077721282,0.5789473684210527,False,1
-0.92344599708611863,0.33106669587071152,-0.1940163223826129,-0.3429097718899099,-0.93888861531793066,0.030017600983238635,-0.17222188829540244,0.094249726321241095,0.98053893868644382,11.888097134015128,21.609050718582221,-0.69250673688421083,,0.3380914594259437,0.4736842105263158,False,3
0.15640436551231163,-0.93568999412642295,-0.31626240582842791,0.98459140563751846,0.12234775922443006,0.12494314610051989,-0.078214054960896812,-0.33093090019587917,0.94040805021124663,-9.768571909221766,24.710457180403967,-6.8409990842878416,,0.1322470555998617,0.2916666666666667,False,1
0.11897800635311304,0.96522571614736885,-0.23277360437137068,-0.98136338060502704,0.14994804695422448,0.12017278569663184,0.15089781049343801,0.2141375728414201,0.96507769152844591,5.0508678283988822,7.962514163337068,-1.0758512446682171,0.4822890442760083,0.2187722797285276,0.7706422018348624,True,4
-0.49205925324319316,-0.78931414759517893,-0.36723407753617804,0.83377893389210234,-0.54860973997704499,0.061968077266191614,-0.25038047187330892,-0.27570007183244538,0.92806200746290879,-4.2117288845468401,13.321989615732143,-4.0386132986930461,,0.1873094842700624,0.6751054852320675,True,4
0.47880240680361258,0.84980051063999484,-0.22042537820104152,-0.83990710330533547,0.51647985829856291,0.16674715526550027,0.25554708579106972,0.10529790163104268,0.96104528449797366,15.778309039282162,18.166123340780768,0.6161131278641695,0.630099737778096,0.2141780238429056,0.5151515151515151,True,5
0.73097476100326486,0.65250064423378362,-0.19979691702004687,-0.60725421469087149,0.75554058537449498,0.24576562532652205,0.31131690849742033,-0.058320949293206553,0.94851486512186345,-0.38976880352424803,-23.95170488592775,-0.0015161324733040115,,0.3101563327743282,0.6888888888888889,False,6
0.84832476909886601,0.47454213606817469,-0.2348506913534841,-0.43995059542588844,0.87854530404110021,0.18601511318099134,0.2945989811892803,-0.054478526441017056,0.95406683751142596,-28.899942820180669,-13.532789507956014,-8.1405020889344577,,0.4914002808057074,0.6888888888888889,False,2
-0.83378050655031832,-0.4649419199855821,-0.29772315653441628,0.4630641609884143,-0.88257370071240615,0.081457017002252941,-0.30063540993168436,-0.069947650789215415,0.95117068733444443,12.14941664452234,8.6745167874964775,0.48002527867428629,,0.08869063597059593,0.25,False,4
0.93418595645083802,0.25169774319915111,-0.25287317935773335,-0.193010793986477,0.95260491971481642,0.23513974640591695,0.30007237822689398,-0.17085699577009811,0.93849051930303151,-9.3074858090209425,-25.35282683644283,-2.1905343058963922,,0.1112133748070596,0.24,False,1
0.029469142342477932,0.98735746742826846,-0.15574595071215974,-0.99534889373364377,0.043283506522157858,0.086064614135881415,0.091717770321844458,0.15248530938022209,0.98404069073916245,-7.6848936976913471,-24.005722139716749,-1.8839384164952202,,0.3137562694224824,0.4166666666666667,False,4
0.83134280061204835,0.5294597342855577,-0.16894240924286175,-0.46517891157734742,0.82925074883109273,0.3097608364315711,0.30410150952310383,-0.17892899522810377,0.93568514286186633,-3.77707175141866,16.13015099080393,-4.1867216280988515,,0.3168122532830223,0.2272727272727273,False,1
0.4460192786274938,-0.74157177175856059,-0.50113681806815857,0.89501569139798665,0.37186299986932553,0.24630229694334846,0.003703409779311842,-0.55838088851522738,0.82957643897169075,-8.6439501133545118,-24.08691768022544,-2.0889915401068659,,0.3431636051116873,0.15,False,3
0.68053913689731971,0.71015179794298611,-0.18041869922321116,-0.6625151553860289,0.70156567773549916,0.2624486020297222,0.31295391359571983,-0.059076422554804303,0.94792922956476511,-17.163628116814895,-19.002828209813849,-4.6184830561840995,0.4056693434383832,0.4561534639314266,0.40625,True,5
-0.43468916275450065,-0.80492035163619158,-0.40391652517031285,0.86856337864057009,-0.49323143054060864,0.048170667540959951,-0.23799787618436485,-0.32988783464798055,0.91352669773958883,-22.213557260519796,-10.403158429059644,-6.7410946190315153,,0.4162309705762547,0.16,False,1
-0.78554128267049361,0.56793181652678837,-0.24572005412049042,-0.60112469568787052,-0.79460406220580393,0.085167391413607588,-0.14688088185519366,0.21461089465033234,0.96559213462145788,-24.403539810168432,-20.653265920209783,-6.320212004169389,,0.3505359272497689,0.9285714285714286,False,5
0.07270039356741409,0.98945628951085496,-0.12526333830197911,-0.98631066653877264,0.08996441557130519,0.13819433057385952,0.14800649258389564,0.11350178447199191,0.98245174083752773,-2.6494005497506503,-26.968518462270552,-0.51110562783575975,0.5060071589598186,0.651641462945823,0.8961038961038961,True,4
-0.50801673202695574,0.85911644058032832,-0.061951121904614548,-0.86035916248141076,-0.50956378367887178,-0.01126329868014514,-0.041244533152145851,0.047578271169307101,0.99801562943553268,-4.6496306654347066,32.363402306727643,-6.3766041447377493,,0.4279204695958768,0.2916666666666667,False,1
-0.95874395529731216,-0.054040298749969178,-0.27908721628172067,0.071339065694614165,-0.99608551420496927,-0.052195652087522332,-0.27517406470575206,-0.069952087188562273,0.95884615012590979,16.023534393064971,2.633831109253868,1.7444722068333876,0.1662514891052193,0.181841760655524,0.3513513513513514,True,5
-0.25982111704451583,0.94590432888898046,-0.19431414700640365,-0.96475765175021888,-0.24558809806045415,0.094494229879134001,0.041661259308161128,0.21201765652920296,0.97637741309020576,25.879422151175181,6.0953244001980948,3.7734083783352363,,0.2591333089873745,0.3461538461538461,False,5
-0.65921546293251809,-0.65393033671132417,-0.37122781167267049,0.7018825196322479,-0.71224482147712342,0.0082609269278611508,-0.26980715717962839,-0.25511258104537793,0.92850507210623934,-16.753771614681341,22.071277830527833,-8.482612279002284,,0.624564149961495,0.6944444444444444,False,2
-0.83230470243840338,0.52157450965920771,-0.18769366844057006,-0.53762219285970503,-0.84202989447994592,0.0441365443460843,-0.13502318335620636,0.1376433350215287,0.98123547239207998,13.501453921686201,9.0132088558395616,0.8476793437958291,0.4558158177442155,0.4238624241873922,0.8055555555555556,True,5
0.33072316621425651,0.92643402568433209,-0.17983932657664159,-0.9163295142804958,0.36082145601166205,0.17363207693308044,0.22574855168458602,0.1073679325308397,0.96825085513846332,-8.0864424790288698,-22.986245964708164,-2.0411196998257743,,0.1262676546595184,0.3846153846153846,False,4
0.1556606312054466,-0.8705747846990286,-0.46676472889343484,0.98313985824892691,0.090641107967689261,0.15880871723135764,-0.095946792624879068,-0.48361527456505082,0.87000602250350489,1.7765840185392954,20.196562594859916,-3.1244153492922657,,0.4360163808423005,0.6086956521739131,False,2
-0.77801630950266187,0.57770319936444081,-0.24687979988639891,-0.60889404685508441,-0.79016976435154396,0.069855445092454171,-0.15472123917645425,0.20467231602909977,0.96652500288352006,-10.435463145986052,21.313667012627935,-6.5739467154396545,,0.2016321183337233,0.25,False,2
0.23650009764928293,-0.80524931365636176,-0.54372901951968422,0.97019804303400015,0.16532678048474367,0.17715194875457857,-0.052758516894195605,-0.56942128385801216,0.82035110799255795,15.295391287960809,-1.3377393592685238,1.7877798991156204,,0.3520451893762626,0.32,False,1
0.18687718956500371,0.97790085190337039,-0.093738145207530932,-0.96711609431218915,0.19989047377302754,0.15725857247581571,0.17252065424934632,0.061267628821891296,0.98309862247687085,-2.5245138114752232,17.3472888008287,-4.0635979299446445,,0.2586140560117095,0.2857142857142857,False,5
0.5665879174717815,-0.65469054711908758,-0.5003582909155192,0.82155621294322545,0.49557737517800565,0.281866021694818,0.063431228502804984,-0.57077434483742173,0.81865323948912416,-26.34406554331953,-13.690111637079642,-7.5057848179174584,,0.3185619580079725,0.2916666666666667,False,1
-0.90222407706466279,-0.34461070870462784,-0.25929746279304861,0.34633145389987224,-0.93723568681002256,0.040543697529296471,-0.25699462796801592,-0.053223367197506179,0.96494613029937681,3.994365530978977,15.725322935078367,-2.1874387805855009,0.5802043027642353,0.1758622221415835,0.25,True,5
-0.01720562292315438,0.97349768611049547,-0.22804872654180114,-0.99268334014789394,0.010631229321161898,0.12027785812833953,0.11951465488652983,0.2284496270529498,0.96619201775150354,0.081504868181155321,21.739241530801404,-3.8185145867539099,0.6984327996761321,0.5428637449407903,0.8777777777777778,True,5
-0.7389356305437691,-0.54665348680324888,-0.39388335745336417,0.59963544710983219,-0.8001428397889977,-0.014448754402789102,-0.30726448620411101,-0.24686312260086662,0.91904686181797901,-23.740265364332476,-14.973681919246037,-6.7074340735685087,,0.4296584414731339,0.25,False,3
-0.77005666299240105,-0.50993503868294221,-0.38337839285024078,0.56123385007128468,-0.82721641671674884,-0.027010469238144708,-0.30336331570440461,-0.2359645232608667,0.92319631847570849,16.922484306965924,1.1979275541068342,2.0355375326807699,0.4422631764461732,0.3054822241909095,0.225,True,5
0.65950888420898146,0.72545294266884996,-0.19689098410676717,-0.69214281623827834,0.68823501432512368,0.21741869051818552,0.2932342980948342,-0.0071128777582424862,0.95601414915827865,-13.748012361522091,-21.310932021479545,-3.5492660345954632,0.3658741240575932,0.50199525888935,0.6666666666666666,True,5
-0.77071759759687331,-0.5077995637496644,-0.38488178420153019,0.54828709205959691,-0.83627264437952598,0.0054156203065764824,-0.32461615707683733,-0.20685180037438505,0.92294998956960872,-4.7989136434046431,-21.710339023741486,-1.2148757834729513,,0.5170399648950091,0.3157894736842105,False,2
0.95250751692799973,-0.0080241645162714981,-0.30440933458005726,0.12729980391679255,0.91860517775284911,0.37411133012567754,0.27663006004121032,-0.39509510271512277,0.87599981146808736,-13.042370862412467,18.459086562717623,-6.9920885507860113,,0.5764237605699578,0.2521739130434782,False,4
0.49948293929082332,0.86163414382376147,-0.090018862215059725,-0.82808950843225149,0.50538309541359272,0.24260192269355163,0.25452811118191332,-0.04663184606328083,0.96594042857253826,2.1346690902259007,12.317616734769141,-2.2792919673288567,,0.3864917553595543,0.3720930232558139,False,5
0.50696766037445484,-0.8059248559846236,-0.30572686803847532,0.86099634451836238,0.49028570037846608,0.13529680975697289,0.040854449702191376,-0.33182082290079529,0.94245734939517056,-13.455965784157927,25.357539633147578,-7.9675610509034325,,0.1130461477131962,0.5,False,1
0.45385714326194887,-0.83393519466301336,-0.31395188263883056,0.89101102276703903,0.42892785476498441,0.14872878912417936,0.010632535809434962,-0.3472362114023706,0.93771742154723292,-19.846653737273623,-12.933087522428824,-5.8996390903178115,,0.1467539538530479,0.35,False,4
0.53848677618944607,0.82090035431010089,-0.19014363034992487,-0.78182891411581168,0.57090695867931618,0.25061682621888065,0.31428576315447182,0.013705941233084468,0.94922948029089749,2.175573400915606,17.36650388874607,-2.8166231925001415,,0.328264580820135,0.4482758620689655,False,2
0.87187816086532433,-0.38037510463220398,-0.30845299865966591,0.44408644451212348,0.87959895487889161,0.17056643390932019,0.20643571010530276,-0.28569294417608881,0.93582254687591193,-7.4829442770545684,-20.83018195848955,-1.9614460705088861,0.1458267052797882,0.1212688975094125,0.3333333333333333,True,5
-0.7431412627568319,-0.58261690599829319,-0.32908753308680322,0.60034461687182672,-0.79773463826177093,0.056619677766493265,-0.29551210564239416,-0.15548951013601472,0.94260044963731127,-18.633876791197892,20.107554756686735,-8.712846410401653,,0.07356851212689118,0.1904761904761905,False,2
-0.78898373251105214,-0.53846677885924932,-0.29590234520509007,0.53742329130276811,-0.83823461536617583,0.092406361075518417,-0.29779334411337732,-0.086117696595200854,0.95073806410330952,3.7433308269273327,12.561924276532171,-1.8853328589940286,0.5200439564176315,0.4673972161180873,0.928125,True,5
-0.96692434699074514,0.1089630867206032,-0.23061733007048502,-0.10415787532282896,-0.99401490576256446,-0.032946989696682402,-0.23282706931272995,-0.007836635385010126,0.97248657725497034,12.022012644258245,4.8638848144762505,0.79675279921476694,0.3317529816686319,0.1184326146156339,0.2941176470588235,True,7
-0.57501008989284208,-0.65927280834832891,-0.48448195084433687,0.77727453722300732,-0.62502995935195582,-0.071985024117891927,-0.25535796503376723,-0.41796759932439903,0.8718345001253468,4.4244512921185715,18.058070903613611,-2.2703232262888764,,0.275751554693567,0.2272727272727273,False,3
-0.44336806367575005,-0.74593203105490269,-0.49700117219049061,0.85792163606608229,-0.51374863851378649,0.0057273724276817872,-0.25960590610020939,-0.4238487247492157,0.86773096755062917,10.833738913591709,-24.466971764300943,2.2979841161111172,,0.4567833134519534,0.2307692307692308,False,2
0.32630417781954246,0.94484624745992341,-0.028127427866992211,-0.92137357520438035,0.32456382852146964,0.21384353188858229,0.21117840432347595,-0.043862169079816965,0.9764628982562541,11.921298840938615,12.844416634750246,0.097355412123752302,,0.1811243160525846,0.5,False,3
-0.68328512145270226,-0.65056522500368241,-0.33149107200235883,0.67264310782229686,-0.7374634061393518,0.060819191909351741,-0.28402938633269437,-0.18141833595657492,0.94149598781843968,16.701346640596196,11.869191993936532,1.3122832228356309,0.377754207966194,0.2481789089948175,0.4,True,5
-0.96909699885009204,-0.0053386199545096685,-0.24662219274981059,0.0013298002162588658,-0.99986432145923931,0.016418596293180154,-0.2466763840563751,0.015583254147799212,0.96897261248140343,19.509794089576424,10.333033664985145,2.1189918221207464,,0.5093938681869078,0.8372093023255814,False,3
-0.43364907344350917,-0.78680329109155589,-0.43919137312689038,0.86567691935743885,-0.49905804131627673,0.039300670342585595,-0.25010388320336258,-0.36315513561707879,0.89753350638376783,21.149858348953288,6.1492122541621308,2.6458855996722837,,0.2524401209144432,0.2142857142857143,False,4
-0.66881682256664465,0.71591369985615128,-0.20037872194954337,-0.73606024059786224,-0.67553302713223928,0.043248716334348028,-0.10440009608651213,0.17641627932769799,0.97876346290883665,9.9891418214225087,11.173445106149998,-0.20172368505193985,,0.08754060507725392,0.2727272727272727,False,1
-0.89428828114090808,-0.3242260710585812,-0.30842490992128874,0.32082788584887834,-0.94502714625172624,0.063191459146440421,-0.3119582309793707,-0.042439930410321708,0.94914746716776721,7.2455186432991301,11.429521802640847,-0.86680943699883051,0.3345576856993805,0.08477451433670784,0.2777777777777778,True,5
0.39215453748423484,0.90251153773582138,-0.17801051369020049,-0.88738532651664337,0.42213666564246433,0.18533191253319722,0.24240895407034005,0.085285167373849308,0.96641830446889754,-1.197418967106924,-27.869541875688515,-0.16985670913657711,,0.2426357947309355,0.2258064516129032,False,7
-0.6114627249215262,-0.7272343465890474,-0.31183896673241829,0.74230012645468635,-0.66368702172137861,0.092249983544506864,-0.27405083159315075,-0.1750706781268829,0.94564602223204797,9.0592900611430576,11.674222216403523,-0.46618733873600676,,0.07651358482652491,0.3571428571428572,False,5
0.93601812013476304,0.22912765303327809,-0.26715276041030617,-0.18912506437326165,0.96760527794531581,0.16724752948303379,0.29681945489673417,-0.10602143513379893,0.94902985542446228,-8.0193179927725726,19.655347176541401,-5.7682843726236364,,0.534268549810329,0.78125,True,2
-0.44243188345711693,0.87413049830063005,-0.20037440066355863,-0.89680184798026663,-0.43107533118578134,0.099601728409940901,0.00068844735938970725,0.2237631130990122,0.97464331694034212,17.256676150578787,4.7059937847220557,1.8549602523589122,0.2958612961627593,0.2207182781898644,0.581081081081081,True,5
-0.59543002037251469,0.77923248868232475,-0.1956011743858837,-0.78988554663394384,-0.61227340259023721,-0.034671367140169801,-0.1467784522945445,0.13385816770942097,0.98007044485562078,-18.893940947426543,-17.958585557582722,-5.2145843146151165,,0.587688322319272,0.8709677419354839,False,2
0.76496764877093626,-0.52327148889959607,-0.37551490681285221,0.6202673317415156,0.75556274246552457,0.2106973644169183,0.17347314924254287,-0.394096296738215,0.90254926479893582,-3.1717620240350763,20.31602404958296,-4.5528063732853106,,0.3836052586460156,0.3636363636363636,False,2
-0.13442695940851829,-0.88680944398850914,-0.44215201304186225,0.97508409878500657,-0.19784092814478804,0.10034922743817878,-0.17646640723041634,-0.41764575563939282,0.89130894190263166,25.574411566912762,4.8853284701539028,3.7921272168400675,,0.6429834440508557,0.6190476190476191,False,6
0.19122251570904367,0.94946425599704387,-0.24890073537433349,-0.96486517697766527,0.22838079544137968,0.12991305757860114,0.18019195248890238,0.21531335039319346,0.95977654764048859,4.1747171879875893,19.620870738800576,-2.5271928608650049,0.3667036271888885,0.3760169990352247,0.9181818181818182,True,5
0.54958842637876804,0.81781182713754741,-0.17069381062140171,-0.77727329450292715,0.57544151373470043,0.25438806953802173,0.30626587672000694,-0.0071329982939783432,0.9519192891691306,-20.750750980037818,-15.453501538310729,-5.8962287193319707,,0.4360151495197767,0.7352941176470589,False,2
0.7327613214674471,-0.59833914753107742,-0.32411589021993953,0.66757582163431595,0.72441831871044871,0.17193202693504861,0.13192182583086182,-0.34235707097781692,0.93026247254253025,11.371910231442003,14.684445956465547,-0.1093319201065899,,0.1449984987831537,0.3636363636363636,False,1
-0.38397611631393441,-0.7741168848538138,-0.50329453671254532,0.89515884923863065,-0.4457393870938372,0.0026520601390746107,-0.22639120285523212,-0.44951023055925893,0.86411085856637848,-25.667430172533308,-17.841905079304372,-6.8886394744278849,,0.2713505250351725,0.3478260869565217,False,1
-0.054899082816856855,-0.81936594006890084,-0.57063608978128433,0.98847719018516933,-0.12533784432187101,0.08487207588116745,-0.14106358562541971,-0.55940135952261738,0.81680547486824984,8.9814034728047627,-24.417843413205702,1.8669092227234165,,0.1457097897703705,0.4615384615384616,False,1
-0.91848038745891714,0.32558168556729933,-0.22447793627988444,-0.33820525792878936,-0.94087716378493114,0.019166798828884279,-0.2049658053496746,0.093523947153561382,0.97429065988860808,-9.0979440575536366,28.909824253330921,-7.1322504630862751,,0.6196501555040258,0.9347826086956522,True,3
0.19707046590156577,0.97951257250981805,0.041453006700827133,-0.96374303818913143,0.1857925595246406,0.19152149009253749,0.17989604723651631,-0.077693275902628034,0.98061264884162902,-26.3875244365355,-12.331608194780408,-7.5908761182377074,,0.6356655858573963,0.7931034482758621,False,1
0.86975111918756098,-0.33843374840561002,-0.35915955870909855,0.45129251149531419,0.83993839301448436,0.30139436791104468,0.19966987689743723,-0.42422410808483646,0.88326997366568971,15.276112969400399,8.0831211420736899,1.2887614310646474,,0.3096945380692278,0.1428571428571428,False,1
-0.24489184491783925,0.93452098316617194,-0.25826055896103878,-0.96827608831652245,-0.22208124215775044,0.11454841193191748,0.049693068804316766,0.27811949572764932,0.95926020714350879,1.3460298961742139,13.630060105760322,-2.6031454930612044,0.2074799948732478,0.2354063179748158,0.8,True,5
-0.72036624732672339,0.68506509487530387,-0.10843562835113441,-0.68197067061706462,-0.72808616095148504,-0.069329262573892561,-0.12644553819935805,0.024007457475121924,0.99168299766359591,8.856761958255488,10.327419054116662,-0.39840829970006281,0.2890503856778545,0.3160827518438147,0.5573770491803278,True,1
-0.74853644287277976,-0.58981421744962692,-0.30300558177309228,0.59549216383611148,-0.79894699742347008,0.084099810450483953,-0.29168866364867807,-0.11748567658359833,0.94927068810563364,2.527760147720759,-28.825883647984174,0.74763810906918426,,0.2721723499634485,0.4615384615384616,False,4
-0.75625889985111061,0.62700172102845453,-0.18692596990077223,-0.63750902350856897,-0.77042658455469382,-0.005012260621775233,-0.14715543259132163,0.11537642583624275,0.98236121616242345,-19.180253409929232,21.580215452578862,-9.0901673520421582,,0.09977189173978854,0.375,False,2
0.50371722988535461,-0.74662720597149101,-0.43453051402614762,0.86386848181463727,0.43509495008099186,0.25381810522752624,-0.00044547042213141652,-0.50322976831386157,0.864152533896001,17.751573411415098,6.7585840115235865,1.8573185133831667,,0.2283055687840076,0.4545454545454545,False,4
-0.95974520185532086,0.033586538390745123,-0.27885675884693295,-0.04508391889861782,-0.99837275407328663,0.034918249968513268,-0.27723020717885777,0.046084578364651914,0.95969767315781285,19.292354094446619,8.0300765393735034,2.1551679955544856,,0.09829449142868293,0.2631578947368421,False,4
-0.036386284426621077,0.975705533584735,-0.21604339850537727,-0.99119332824928652,-0.0076919569729986363,0.13219916728946715,0.12732566253402344,0.21895101171278883,0.96739269695931618,-19.996883714010487,-14.038882184806617,-5.7987345002586039,,0.1409636773131741,0.7,False,3
-0.88162164834625356,0.3969440559598284,-0.2553011664787207,-0.42434567665947648,-0.90346609375311138,0.060661059493757323,-0.20657690061487013,0.16181604950268286,0.9649567608217996,-3.2515894837534169,23.465055504239249,-4.8937745083221529,,0.281165902932944,0.3333333333333333,False,1
0.95768270200000527,0.11767853501897961,-0.2626701442603544,-0.029316593303958562,0.94773561558585628,0.31770700386857725,0.28632914564713624,-0.29656190811681243,0.91107993886765837,-25.043034686869404,-14.219876907117794,-7.1625848239053065,,0.145537330028594,0.4210526315789473,False,1
-0.8182591269821492,0.53629577188856503,-0.20697547237501404,-0.54032280689841228,-0.84043222621549996,-0.041532366702138904,-0.1962224896790202,0.07784933007359765,0.97746417650533868,9.5858463543533468,19.262847540333148,-1.051780707512074,,0.3358299816807346,0.6346153846153846,False,5
-0.61019475859970285,-0.70424783651913192,-0.36290128318259324,0.74005519590059232,-0.67019196413615556,0.05622311115420317,-0.28280852815639568,-0.23425993247980711,0.93012989438925686,20.568267013369233,8.3890944250104287,2.3963366966894508,,0.1979290278626891,0.3636363636363636,False,2
-0.61156371004654264,0.76300043273718443,-0.20933267350554163,-0.78619348551779589,-0.61574473254362849,0.05251883161452444,-0.088823599811578974,0.1966945957255688,0.9764331027412313,26.032776777923448,-2.2826440079137744,4.1990117412588734,,0.1405861375233224,0.1052631578947368,False,5
-0.29756312495328657,0.94560004035769474,-0.13151711045928696,-0.95398425561061972,-0.28916329891285492,0.079363887309570239,0.037016573518979412,0.1490810190378388,0.98813188545231834,27.173358079708649,2.3266429026897368,4.2867733529575336,,0.3080583991625779,0.3684210526315789,False,6
-0.90684100672781476,-0.27927378881905607,-0.31566681706434185,0.28660407844296076,-0.95774894325063475,0.023980490448562819,-0.30902668288797425,-0.068724905099546998,0.94856702276766591,1.6669971727266346,15.088902771175018,-2.6683568353370815,0.1443667346669353,0.1177512600723535,0.2058823529411765,True,4
-0.94918354745098088,0.1456278643903508,-0.27900379632090383,-0.18177106934197262,-0.97736423206486878,0.10825172622422372,-0.2569238634277608,0.15346557592292168,0.95416898157925811,-18.467182704163658,-15.583244242892215,-5.2788090482313468,,0.09290640001306028,0.1904761904761905,False,3
0.21389247012799509,0.96007635893686494,-0.18028698298289689,-0.966828430757386,0.23443780275339443,0.10139872839128695,0.13961660611028393,0.15261815635988782,0.97837360024049802,-18.495922845781063,-19.290706531936177,-4.9691641975446936,,0.1565072559895515,0.3571428571428572,False,2
0.86674205430194684,0.46217303925865044,-0.18749478149234922,-0.40659659499153256,0.87247488802897066,0.27104755800436081,0.28885536215506447,-0.15869357750475505,0.94412866083654601,-21.943822394835731,-15.699488945932442,-6.1737943569947022,,0.3980896296080372,0.4081632653061225,False,4
-0.8808264066093463,0.42817144583840994,-0.20202488556687928,-0.42622236782503908,-0.90292456786732089,-0.055332792331742195,-0.20610515419387815,0.037368940448668231,0.97781605003418737,-18.726376638424057,23.793968642600909,-9.2007249858917675,,0.5056896281188942,0.7058823529411765,False,1
0.65262868777998662,0.72840504032622777,-0.20857107449001439,-0.70349162143553201,0.6847744205931765,0.19021969264848837,0.28138111958086076,0.022585174974436018,0.95933027441793761,-11.438697671978861,-23.269026396383008,-2.8619626866629613,,0.1084533634197691,0.5238095238095238,False,3
-0.88036433132961922,0.42726153002493056,-0.20592772781562727,-0.42611979052377924,-0.90316069905819951,-0.052179266003596847,-0.20828002363770329,0.041813115615306026,0.97717505858265652,-1.2794567564878723,14.109787433517781,-3.3561189082752496,,0.07838393062784324,0.2916666666666667,False,5
-0.41191497785730996,0.90800024279265379,-0.076561152716590031,-0.91112772374900075,-0.41162627395123957,0.020250471821252738,-0.013127148691778501,0.078098461454117751,0.99685922189932297,22.509188540066976,8.0015528151635404,2.9202112961914604,,0.5597638524322458,0.40625,False,4
-0.73281696937275964,-0.56088430594909144,-0.38521174013694121,0.61717156706066123,-0.78628560031253603,-0.029226897766321008,-0.28649353607230343,-0.25915969995576316,0.92236527672480584,9.8448831079533416,5.2423639151880952,0.31786061697116591,,0.08938715767225144,0.3061224489795918,False,5
-0.43760783887104715,-0.81218281792143299,-0.38582178480719725,0.86692108911558963,-0.49497874009447207,0.058684513298894868,-0.23863613432431144,-0.30879623884964769,0.92070498981327353,-6.3069465138847551,26.080342044056582,-6.0155241809029993,,0.08505551809365883,0.4666666666666667,False,2
-0.93468271487966992,0.27655867373389387,-0.22334619425394414,-0.24991734900781548,-0.95803323926377271,-0.14040523897159066,-0.25280336463361541,-0.075416261166364795,0.96457391960471917,-1.9422830028663933,15.736232268193399,-3.7032882215219729,,0.504609082112681,0.3483146067415731,False,4
-0.20044904127430113,-0.86655357568274383,-0.45706135509761203,0.96293036943282406,-0.26022248675303972,0.07105885597185875,-0.18051394814855401,-0.42587457996400302,0.88659210275318034,6.733884405557589,9.1250186386634766,-0.77843039593387553,,0.08437871486064147,0.3392857142857143,True,5
-0.93389431297426284,0.23673542677974255,-0.26795102146053118,-0.25593575543654867,-0.96592192848377445,0.038622754475935731,-0.24967639312408382,0.10464781785397362,0.9626580560795972,10.296908609730407,13.450152718506821,-0.29639200686748196,0.1480748454637964,0.1603976148663913,0.25,True,4
-0.86964856814104441,-0.35282443076801223,-0.34529159993179748,0.38701140882424961,-0.92147913382631186,-0.033141746522787216,-0.30648578657109388,-0.16245346095401936,0.93791008932304398,20.597251484402445,-0.36662848203950854,3.0180852440399955,,0.1098934452443256,0.2380952380952381,False,4
-0.25970081476612056,0.95260622048286658,-0.15841993405869531,-0.96456009960084987,-0.24795256689387968,0.090240450069438191,0.046682984778307707,0.17624106578230983,0.9832394345550346,-23.870244167549068,-16.348048922800984,-6.6055667392928727,,0.2146377818434253,0.1428571428571428,False,2
0.23979764942460813,0.95909200256177107,-0.15046467343694025,-0.95184818649533898,0.26276246806192932,0.15792693007697731,0.19100292457438356,0.10534901992926141,0.97591980551886415,-3.7552121473061906,29.408106809181632,-5.6935340490840503,,0.1909384093359385,0.4,False,1
-0.34641789037537879,0.92515059032057512,-0.1552128553225019,-0.93744265140914274,-0.33531136699086223,0.093635263046119979,0.034582084189197185,0.17794008091549043,0.98343347871471232,14.690910493077212,5.7689440226574664,1.3251074024917335,,0.1951326580673901,0.3870967741935484,False,5
-0.52547842724940841,0.83216807926311165,-0.17711214060880257,-0.84801094467850913,-0.52914028916665679,0.029799196064493522,-0.068919229544092936,0.16585186835297039,0.98373944597280383,5.8375115973043403,27.156834595471729,-2.8555000190843218,,0.254471629363025,0.3333333333333333,True,3
0.85029374008494396,0.47085445135431964,-0.23515237870831976,-0.42841779239155248,0.8787412156945118,0.21040929400119357,0.30571023982638679,-0.078166242583066675,0.94891057944663004,-14.573349930350775,-16.45694897159899,-4.228666304830937,,0.1171147561357598,0.2564102564102564,False,5
0.95002805520506206,-0.047393607766598733,-0.30854584791591649,0.13220745231193817,0.95647267081627552,0.26015614452625446,0.28278593295366139,-0.28794769650831487,0.91494165945107198,5.9831191903884875,21.972980916327064,-2.2689261682854318,,0.3347571656717385,0.1111111111111111,False,4
-0.81212155428792243,-0.49440151326930137,-0.3098801780333717,0.49817207860288659,-0.86400810091820268,0.072901177275819629,-0.3037814364990869,-0.095169035010059355,0.94797663136482757,-9.9494584227759084,19.589362026544247,-6.2979390466617016,,0.09378535219898562,0.282051282051282,False,4
0.61628787373555682,0.76727835039700532,-0.17740684794718731,-0.73589414815675203,0.6413056257558597,0.21722545219778727,0.28044439626270745,-0.0033207508089493076,0.95986452857625204,8.6833385591971552,-27.70159598864258,2.1954905925743602,,0.1678712375728801,0.2,False,6
-0.74512950972089786,0.62837343626571651,-0.22344761878057684,-0.65406031047699764,-0.75400265777591102,0.060705043658627347,-0.13033466155182155,0.19138133833390863,0.97282375553627098,18.158304321296697,3.538145356497191,2.1983426772209564,,0.1085379406197688,0.4583333333333333,False,3
0.52351603632865795,-0.79763510049050834,-0.29951495150030194,0.85071647095873393,0.50876175521614309,0.13207180800196142,0.047036642591163982,-0.32394401197565964,0.94490625532846662,-31.694217082597902,-10.408061859195156,-9.2175652533043682,,0.3482187361675134,0.72,False,1
-0.17514129673680792,0.9782913462133499,-0.11077711000663251,-0.9818819293811305,-0.16529123382862534,0.092664366259095507,0.072342262420651782,0.12499939977249064,0.98951591554879981,-23.839420405981318,-23.467881964257945,-6.0167941785628791,,0.1878912172502619,0.25,False,1
0.93015731901380316,-0.20627796964020029,-0.30373798103986149,0.29907920961334072,0.90554154845261736,0.30090884068617207,0.21297649697117782,-0.37073427581915508,0.90398955108493007,13.803941465837116,12.516681025300398,0.5719260828774102,,0.4992366908602027,0.3076923076923077,False,2
0.62359902174390469,0.76824484758084732,-0.14465169976714834,-0.73247381212233376,0.63885791443483353,0.23525024913685122,0.27314167502419079,-0.040748243268331791,0.96111040262579817,5.6525411635502847,-28.845662487805214,1.5409325387675665,,0.1639347484630598,0.2631578947368421,False,4
0.84811810639648733,-0.44589057403509247,-0.28614205141693339,0.49871652297389246,0.85418920793250153,0.14711433228776599,0.17882255818343026,-0.26747409788295362,0.94682633024564378,-0.17577700454059592,16.565829254017078,-3.3156997464031961,,0.09570618971210065,0.3333333333333333,False,2
-0.83009787621990461,0.48775502853952002,-0.27024534784083842,-0.51404255565779133,-0.85717201122126696,0.031880937120708552,-0.21609666093674459,0.16538190745453391,0.96226350747531197,9.691554172144615,16.424450654574187,-0.79165707741948588,0.4260895412063094,0.1928540541316893,0.1739130434782609,True,4
-0.10465810216218939,0.98726882701600183,-0.1197787328963523,-0.99185178760029757,-0.094821527074027037,0.085081780878413074,0.072640987644039284,0.12770724805505973,0.98914819198555948,-3.3564293381913886,-25.315862456157724,-0.65797204382226038,,0.2162409702630457,0.2777777777777778,False,4
-0.66886319742987299,0.73871492034255259,-0.083200297999370787,-0.74205514828549446,-0.67016416953710012,0.015301724466323566,-0.044454246443743656,0.071973969822056422,0.99641535899501987,-9.9235110620525315,-31.676829590432849,-1.9733750422537215,,0.2074649773076852,0.25,False,3
-0.87881076211936393,0.41802264214431428,-0.23010587788639575,-0.41730239995963891,-0.90714817749834831,-0.054229982937027493,-0.23140948850707879,0.048365842452203364,0.97165343302680762,-5.5560146037378333,-20.223580373581882,-1.5447938170050637,0.8382475608041677,0.4422165927352451,0.3108108108108108,True,2
-0.95670102583688021,0.015878216231676873,-0.29063900187683211,0.043400900236005083,-0.97956702712191335,-0.19637922811295797,-0.28781853488155595,-0.20049020331387019,0.93646365084492089,18.634686507320087,0.7425261515815883,2.4010836876689368,,0.1077788405163902,0.2,False,1
-0.49199325712037689,0.86033731944995551,-0.13327539799132959,-0.8698825442535898,-0.49200339628368245,0.035171255994385378,-0.035312804348895915,0.13323796308479988,0.99045476981133773,-12.216387715811505,-24.003472895021783,-2.9987778855321285,,0.2894960217129788,0.3125,False,1
0.91782504866884262,0.31265633986546121,-0.24462868429105006,-0.25197039459277376,0.93498649598523276,0.24962205946994864,0.30677043580631935,-0.1674701927722953,0.93693416751018954,5.0871512922539681,-33.448673679496892,1.8266380271136391,0.319076859112649,0.3459516517817586,0.25,True,4
0.58465151897754242,-0.6759363111337926,-0.44865655533836968,0.80322403674072873,0.56003548281180171,0.20295665742635599,0.11407781624478788,-0.47903064753999958,0.87035388811576408,10.418643051711539,9.2656699934500892,0.00073215106912032047,0.5046375968187422,0.5475745252048613,0.392156862745098,True,3
-0.37025726137119219,0.92838589882268407,-0.031767645004008749,-0.92892587950078254,-0.36994715386898008,0.015356227985346846,0.0025041556663491227,0.035195542493863752,0.99937730762358268,-13.586286796750169,-25.921384486157695,-3.2431613609260013,,0.5803538421437109,0.5454545454545454,False,4
0.95287921517983076,-0.0098225728270885937,-0.30319089422561107,0.096532191959045888,0.95733813948520496,0.27236964332059371,0.28758083592939759,-0.28880305356775932,0.91317580950005806,6.6195899387848902,15.218304047159428,-1.4410551008371373,,0.3217279702510786,0.4,False,4
0.95902992572060242,0.074703165562128623,-0.27327831715548262,-0.0021613177703177495,0.96651004824870446,0.25661967060181196,0.28329654123873638,-0.2455153023525905,0.92707351705939967,2.5326963979862094,18.630656651641079,-2.8515328234154,,0.1349468162779433,0.1764705882352941,False,1
0.099440436358672543,0.98830022313985322,-0.11564717272165148,-0.98354348850444984,0.1152439281735376,0.13914396587573707,0.15084364699016192,0.099907487010970214,0.98349615566196236,-17.667115188331334,-14.981834158850932,-5.1477596643260304,,0.4401641412610209,0.4166666666666667,False,2
