axis_00,axis_01,axis_02,axis_10,axis_11,axis_12,axis_20,axis_21,axis_22,location_x,location_y,location_z,dbh,dbh_approximation,score,reconstructed,number_clusters
-0.94558107317513207,0.0069606725404921521,-0.32531213179152868,-0.009462555060863579,-0.99993656713169876,0.006109154163473296,-0.32524897248828466,0.0088549845091336205,0.94558695800262449,-8.7157181749697603,-8.3160559864029047,-3.1891965344990982,0.5269284878806612,0.4720296474009979,0.703125,True,5
-0.42651109035110213,-0.81581338299712836,-0.39055961635875042,0.85143767364679557,-0.50783805322506748,0.13097480517834731,-0.30519203413989432,-0.27667496420773924,0.91121281075180194,4.5075088915666202,-17.739766257323161,2.0437408067470919,,0.1427704228722885,0.4117647058823529,False,5
-0.73624598708761091,0.64779977513817066,-0.19569695405990092,-0.6610656822434573,-0.75032070000444018,0.0033182683491797538,-0.14468590206851492,0.13181160220473853,0.98065880471591027,-17.44559144512559,11.912499929617065,-8.8578119221460536,,0.3837310472405404,0.2580645161290323,True,3
-0.58261811623435411,-0.72051088041226186,-0.37605877445298136,0.74008500994720006,-0.66155446704764354,0.1209126344959853,-0.33590223084550075,-0.20786957049278265,0.91867291947469532,0.51532969785045224,21.879164131568675,-4.5240623846364638,,0.1767446462310583,0.925,False,5
0.8898298178216304,-0.27474464392895254,-0.36430519615821749,0.36066297737810027,0.91257090447498246,0.19270848724038167,0.27950869765409458,-0.30286915481452636,0.91112302297639614,-18.795445609720641,15.8176801775887,-10.006281000634507,,0.3814245664794639,0.9076923076923077,True,5
-0.69367971900900127,-0.62059050151171213,-0.36561711785560014,0.63436044892917409,-0.76680164942806384,0.097990056989362459,-0.34116750764099835,-0.16395932382101211,0.92559282185104863,-13.285030907498031,15.275660863275618,-8.0747222765859963,,0.2792916954842255,0.8632478632478633,True,5
-0.83650224834756604,-0.3989193430016521,-0.37566919795026593,0.40250926588108271,-0.91252205150367127,0.072730986514704138,-0.37182022455662339,-0.090370699337010127,0.92389547964691365,4.5717540047590255,-23.549351486830723,2.7821652432119195,0.1717908351418475,0.252060577305139,0.8,True,5
0.57912663943944609,-0.71971336034188349,-0.3829164588222479,0.81340046594599269,0.5416312407744559,0.21216804899882424,0.054699337202729681,-0.43433659523751822,0.8990882629347714,5.4294661090141911,15.991304419905482,-2.0544554891363647,,0.08511005438486025,0.4375,False,5
-0.79485252024740982,-0.47351701016630543,-0.37946160825504033,0.4830995058899179,-0.87221958087232376,0.076471368183281083,-0.36718433853482346,-0.12253425572495508,0.92204176570732044,-16.46299211365929,16.041978637765503,-9.2032255188126619,,0.09294748644361368,0.52,False,3
0.2201299033818036,-0.85254834711094762,-0.47402968417126312,0.9713185976923655,0.14678352342757547,0.18706891518133489,-0.089905547181766465,-0.50161331031839262,0.86040750781090325,-8.9988183709954388,7.2686139108650671,-5.3805219909962894,0.3387967931331347,0.298964348646751,0.5663474692202463,True,3
0.36754522636518838,-0.84969117882904033,-0.37806799282176556,0.92954292172361563,0.32281499393788715,0.17815845857664561,-0.029333653875487364,-0.41691171764415302,0.90847353095250682,-1.228220624879369,-4.473581558739772,-1.2876305802791048,0.3094542700108716,0.2472647502510448,0.5421686746987951,True,3
-0.90049680495360562,0.29475474475573071,-0.31972667188136161,-0.34081141086792083,-0.9350216296987196,0.097888376315921038,-0.27009829042510625,0.19711466825057472,0.94243977052642514,-7.8719564379270626,10.285419490143932,-5.495960900957817,,0.1086731131750572,0.3839285714285715,False,5
-0.53391864667123301,0.78620782964519786,-0.31114004458016276,-0.84403769600345069,-0.51747168363470097,0.1407956830355736,-0.050311494332261258,0.33778736690535682,0.93987682613053058,1.295824126650267,6.3583231565969349,-1.9170224993239551,0.2240803705365372,0.1785486995479651,0.5708333333333333,True,5
-0.80087005592617844,0.50737360865529191,-0.31808674093854716,-0.56580498999801698,-0.81509724866881283,0.1244234242651869,-0.196142465606363,0.27962206002502343,0.93986149869713165,-15.132352628331281,12.827843524155373,-8.3324119444814002,,0.08429959295486689,0.3333333333333333,False,3
-0.43006561378482355,0.88108643845691637,-0.19680004016054151,-0.90270273899300402,-0.42283950060302372,0.079589708783956575,-0.013089417649858881,0.21188073224598153,0.9772078706439562,2.6435800620205869,-23.932337319719714,2.2634560372129799,,0.3641294056914657,0.2916666666666667,False,4
-0.31898978247397436,0.92810768210001071,-0.19199387777778379,-0.94639702776674006,-0.3010743568500705,0.11699101453357455,0.05077582605418729,0.21902137355577991,0.9743979953870251,14.626399576959528,18.880083353677076,0.4605906885889795,,0.267607958272366,0.32,False,3
-0.41696009917509619,-0.80888505097737107,-0.41454704196415415,0.86200942018240689,-0.49655081325979028,0.10186780339160764,-0.28824301416111442,-0.31486864587693852,0.90430841012949703,-0.834670698841259,-17.727282901568678,0.53271472632218198,,0.1306242517204809,0.2666666666666667,False,4
0.83894989972479961,0.4486372143952671,-0.30803849696329244,-0.38284187990960877,0.88882557522835015,0.25183564443356643,0.38677533625998678,-0.093347451382713692,0.91743724176715569,-4.9896883146457158,9.967546846193315,-4.525357568124349,0.6609646570684907,0.3973904433517507,0.3461538461538461,True,5
-0.58591087010298526,0.76335905886384159,-0.27201360176592959,-0.80758027564045753,-0.57786913310711008,0.11781919792003569,-0.067249912205489176,0.28870436826024687,0.95505352575434566,12.507222902431392,-9.1291375042532561,3.2714153109821544,0.3296286531035268,0.3152548599773118,0.2166666666666667,True,5
-0.94413926258230496,0.028176970447298902,-0.32833993236728548,-0.055334435956162387,-0.99574693704866823,0.073662321139163614,-0.32486790091967355,0.087715994519859106,0.94168293563037309,-14.429571288648242,5.7299257970617052,-6.9590267963047632,,0.113032957896516,0.3169398907103825,False,5
0.1509583056871022,-0.92279716625551644,-0.35448128285548142,0.98212870802961938,0.099230336074097952,0.15992667465651836,-0.11240458535197631,-0.37228850419185644,0.92128523207443191,-0.9232153414828369,-18.805186468935517,0.5829782047183627,,0.09290141614694276,0.4,False,4
0.15212204056343726,-0.91163657049217472,-0.38180839188797722,0.98182302597592941,0.095022605408542099,0.16429927000702946,-0.11350079487953482,-0.39986181088300948,0.90952080886534692,0.12180850196789511,2.7152572023667156,-1.9118072846113112,0.221406865600522,0.2105046785961428,0.8349056603773585,True,5
0.94008027386340487,-0.066953912278636576,-0.33431460082307218,0.13187855706904586,0.97561555212647433,0.17544896874687069,0.31441552900308822,-0.20902504175227096,0.92598672076988731,-3.253310248605124,12.349179826928777,-4.2334685263722402,0.3288585967610106,0.3026251118196267,0.8661971830985915,True,5
-0.25857913798522075,0.93729473111390726,-0.2336994146867471,-0.96356863367691403,-0.2331499532605481,0.13105948072768031,0.06835435313734696,0.25907467325215761,0.96343551734740507,-21.033129977541371,21.52615646476972,-11.576408973337275,,0.2538957715937271,0.3870967741935484,False,2
0.59042716517557636,0.74064238356856582,-0.32069396982887988,-0.73430784938710258,0.65785518290166234,0.16738739695063254,0.334944390834092,0.13665803302877622,0.9322750865798598,-16.684024765416222,17.430218138788412,-9.4753539805269114,,0.1070890944371491,0.625,False,2
0.16716611014253677,0.98069232529146644,-0.10147933156179473,-0.96033822182296158,0.18526085364131603,0.20839605517860005,0.22317255952675841,0.062617722910580709,0.97276566009073751,-6.3721165046753958,18.780298360129841,-6.3214439285519051,,0.3100642401274804,0.2424242424242424,False,1
0.53166069174743935,-0.74318940569164971,-0.4062098178507339,0.84556699415198422,0.49322733133966584,0.20431166883056257,0.048511516688434231,-0.45210209785760075,0.8906460160250782,0.28622757813504701,19.678168181507374,-4.2964184594881711,0.213415856038063,0.1625512871650883,0.2758620689655172,True,6
-0.59480346726325817,-0.63652334782644981,-0.49096523604366699,0.73487525983298307,-0.6781106722420589,-0.011147586143552185,-0.32583306740877466,-0.36742882829635237,0.87110783966151839,-3.3778795171448563,-20.66934523387971,0.087666933756648371,,0.2065479831543421,0.4285714285714285,False,3
0.035298612334906193,-0.90692298117486403,-0.41981509523137406,0.99224537626076426,-0.018290156449879573,0.12294138223630541,-0.1191768486593115,-0.42089924731928013,0.89924451755331769,-14.702271263367884,15.563861742774355,-8.5644634520842402,,0.2846106651539171,0.5869565217391305,False,4
0.32793261043575389,-0.83543297820314633,-0.44103508017323723,0.94382598039753207,0.26964369027289625,0.19100994482657696,-0.040653680515171486,-0.47889875676037841,0.87692830894773532,6.5414860939304731,-18.443594951246226,2.6898782774060903,0.3652756313482931,0.2917031806426305,0.5254237288135594,True,5
0.029411857542399809,-0.92628730533335513,-0.37566843175089476,0.98729540361507351,-0.031790304745464543,0.15568289091849125,-0.15614969944400772,-0.37547463896042504,0.91358418706821076,-12.145307675069493,7.170041071192256,-6.5162233170276993,,0.07777133525841917,0.3554216867469879,False,5
-0.37523720631175606,0.87474106953984476,-0.30663512561289635,-0.92631740682125996,-0.34186377417370922,0.15831999787658954,0.033661562935859771,0.34344900810454398,0.9385678867363404,-8.2085699868222157,17.444487490145796,-6.6892090969814069,,0.126073069993747,0.53125,False,5
-0.24184231819255156,0.92268033875630029,-0.300288670455298,-0.96699418779170432,-0.20359830952571106,0.1531991159743884,0.080215546549992522,0.32742742834226729,0.94146521192280608,7.5577149899665139,9.681753180805897,-0.55832802947331961,,0.1016522832202663,0.4285714285714285,False,5
-0.13100401167070594,0.94395067358250306,-0.30297702020008044,-0.98423510724215935,-0.087207458934577375,0.15387044153504165,0.11882425088422063,0.31835826508716925,0.94049391941282168,9.0275289693105965,8.8809076291035645,-0.038907165088544311,0.2170859843025596,0.1958796399312695,0.8461538461538461,True,5
0.93924469294331081,0.062811557381896629,-0.3374523892893439,0.076424462767285539,0.92016879437136267,0.38399048341838482,0.33463219849344727,-0.38645064125242923,0.85946331719685898,8.1935183471164876,10.958698583860837,-0.4616508714536261,0.2691635965859119,0.1353546362234304,0.3636363636363636,True,3
0.22845651195955621,-0.90416228782665908,-0.36096839115819485,0.97030727486983703,0.18120919853287268,0.16020929655218338,-0.079444411244244797,-0.38685111301266317,0.91871366697296919,5.7096194545096033,6.3247774981151705,-0.60497359386548877,0.4094647936133454,0.3608539600289556,0.8944954128440367,True,5
-0.93978894907767452,-0.07688830135136375,-0.33299387427816851,0.046224084122409213,-0.99400718870965954,0.099060803754899174,-0.33861492175999447,0.077703911798725336,0.93771106256279801,16.340480754783901,-6.8983575348572588,3.9314443121228542,0.1531123897907974,0.1061239419375279,0.4090909090909091,True,5
-0.47077375859672288,0.82475269609003732,-0.31329707708328308,-0.88208738518128094,-0.44690825220915859,0.1489793912304824,-0.017143894562335199,0.34649098747235729,0.93789662675567043,-7.4904754427969031,13.192353272799885,-5.8643099641430432,,0.162213092707065,0.6428571428571429,False,3
0.46035738326835351,0.88012025679143568,-0.11601471137615105,-0.82776866823125139,0.47279585848568167,0.30209784523138827,0.32073370818324465,-0.043039630390660444,0.94619103708017693,-16.12111564536259,12.466135054115593,-8.5688390474417329,,0.190801221622293,0.119047619047619,False,4
0.5136851057211983,-0.77162803952275127,-0.3751236873119006,0.85719324117246554,0.48026782508428117,0.18591009514563062,0.036706395198171315,-0.41705273624697592,0.90814076868097138,-1.6836826317315068,-11.979505817882925,-0.47475899900343782,,0.1673724581841677,0.5070422535211268,True,5
-0.3737778708748416,0.89009525016507363,-0.26080749390660984,-0.92732698245053236,-0.35291274640494147,0.12456829871244277,0.018835362047517692,0.28841469979614009,0.95732031738496093,1.5035239559272644,11.461187851564134,-2.5848873228188398,,0.7790832585544515,0.84,False,5
-0.4873803438132906,-0.78806909187260321,-0.37604189513873176,0.81683807703178957,-0.56368380510249716,0.12262187315555909,-0.30860323455117356,-0.24740184781092539,0.91845324830624497,-17.388691192037069,6.7772058428805915,-8.1253256273040577,,0.07057352629431843,0.2142857142857143,False,2
-0.84811037667036115,-0.39742701988673312,-0.35037202064093054,0.38292000652093888,-0.91683548910825263,0.11307057317284415,-0.3661708038471424,-0.038268130024625147,0.92976044905898003,-11.960156889361683,11.655628415736466,-7.0536973887499075,,0.1114614869919481,0.3421052631578947,True,5
-0.88348918114316843,0.2756489394214135,-0.37876711710340416,-0.28876420752574383,-0.95712403130726564,-0.022996111544292985,-0.36886596380664216,0.089057570649430748,0.92520627421944068,8.6956860660133248,0.44683610580045963,0.95949719057516725,,0.6295896486674454,0.2631578947368421,False,2
-0.27112081945415278,0.90671134083154781,-0.32306043655323419,-0.96054568283599751,-0.23324038201687466,0.15149559525527592,0.062012034667770055,0.35138791755562654,0.93417398751639624,2.6552811794495841,3.8660255858789174,-1.2026034354064692,0.2113966877560455,0.1520480400050589,0.6285714285714286,True,5
0.84185456303999673,0.45744480417384653,-0.28640032441163454,-0.40052959175570535,0.8852198818113346,0.23656248006380287,0.36174153869406034,-0.084439398270477167,0.92844657746311687,-7.6651698731565983,-1.9244568557946273,-3.7129944002309889,0.3245186739510725,0.2716465475394101,0.7246653919694073,True,5
-0.19442687058961036,0.96784123010716183,-0.15962939985286617,-0.97773082828456681,-0.17810625526594787,0.11099814979140815,0.078997591195590924,0.17765560824189133,0.98091684940442203,8.162718914303845,12.116286164882284,-0.63169087060010387,,0.3621143610501553,0.2333333333333333,False,6
0.87603354423013724,0.35173953175729389,-0.32991594563273763,-0.27472937490554544,0.92625322900104512,0.25802853781926061,0.39634454701382238,-0.13540405298327302,0.90806208074564521,-15.010965868749107,7.2593127087429998,-7.416715229332616,,0.3575932724923953,0.2277227722772277,False,4
-0.66463943784893553,-0.64341925637500197,-0.37982374620564385,0.65794267871157097,-0.74490793629175622,0.11056038159936896,-0.35407040145385255,-0.17641946314223689,0.9184281811001398,0.59406978089550699,18.521240950719736,-3.9479884424159999,,0.08509507565050037,0.2857142857142857,False,5
-0.93611535372133181,-0.062508279187277263,-0.34609357052715106,0.035252278114954801,-0.99579954251103953,0.084501763428410842,-0.34992187901714927,0.066902811359842274,0.93438680021565879,17.248279698772663,-8.1501936325287865,4.3776953731462935,,0.1362189647261179,0.3333333333333333,False,2
-0.42945694678768792,-0.71029486473576853,-0.5577167166096002,0.85179875255494664,-0.52375092889756658,0.011128774630340066,-0.30000935985671118,-0.47028307391286389,0.82995675452967654,7.7862649055940549,1.5267910416032913,0.55523481058391333,,0.3520057428331692,0.2857142857142857,False,1
0.91481476318007715,0.2675045407534517,-0.30258101352210748,-0.17864559180280748,0.93993807680812957,0.29086451192206403,0.3622149936118127,-0.21203238536252145,0.90765773613200418,-9.6346292328081571,9.0556559837246766,-5.9382188184540183,0.2777684467386873,0.1486105589590248,0.2909090909090909,True,4
0.93345995799529369,-0.038760465557612117,-0.35658117326799699,0.18449087462292635,0.90443832953355541,0.38464844371376172,0.30759652793926606,-0.42483989264228522,0.85140791728724208,-10.675067538332263,-13.410326004022306,-3.1307053976505879,,0.1788275749793927,0.2941176470588235,False,1
-0.88890492947928035,0.36446409086513631,-0.27751387860300669,-0.38381536754579859,-0.92325573287310514,0.016870546897721744,-0.25006757083460107,0.12151040361546944,0.96057349111355672,-1.2290158921241698,-6.4057055142415917,-1.0781917042813793,,0.3353356507040035,0.1733333333333333,False,2
-0.88364380639026519,0.35759917986033024,-0.30215302413072609,-0.39647557496927188,-0.91482836144425561,0.076786636532695476,-0.24895931772261348,0.18764832975659065,0.95016175594403551,-15.089018736644761,17.075574920725018,-8.9300175418244425,,0.2256811110882262,0.3829787234042553,True,5
-0.80784082057008322,0.49645198879583963,-0.31769266822089337,-0.55223942757668332,-0.82590561785672978,0.11362889167140164,-0.20597287018059546,0.26723647433190933,0.94136063415474236,-8.0403215909805574,13.767724270377235,-6.062276154826332,0.2303231359176884,0.2339475167471287,0.5052631578947369,True,4
0.80863407287633993,0.51324996248563781,-0.28755071238290014,-0.46299417266552279,0.85674683565869447,0.22720311544206742,0.36297015340271421,-0.05058987643100965,0.93042642489425498,-9.8496215936203573,16.259895618252582,-7.0430887111768783,,0.1148166512661516,0.4137931034482759,True,5
0.93733679479041265,0.13670919463590131,-0.32048452261230737,-0.051720676504935489,0.96421310633169399,0.26003472306608721,0.34456451464697735,-0.227164437534109,0.91086311461487124,-1.6105433832342966,-8.2870984325714012,-0.90535596240880611,,0.1440217127226063,0.509090909090909,False,5
-0.84185809644751619,0.42927031771389201,-0.32711150969597103,-0.48669027597624259,-0.86578867292718364,0.11637245851641011,-0.23325419763839633,0.25717108733448013,0.9377928935128842,-3.0481754899007742,-15.243684701982165,-0.48488251495130741,0.405447619981709,0.3485021990231589,0.8514851485148515,True,5
0.81719886165261735,0.53441731086524313,-0.21583363584304771,-0.44979642608258025,0.82549592355691981,0.3409393718452689,0.36037368882453819,-0.18153406853390017,0.91497332549344013,4.8453017150913151,-5.1537523932108629,0.47318883003453394,,0.3484274099831568,0.425531914893617,False,2
-0.92140798893905607,-0.055736173354272139,-0.38457872652957259,0.050208996282991525,-0.99844046984179236,0.024406656353472361,-0.38533929803685962,0.0031791762965387299,0.92276948271306447,8.8046495157217919,4.0920300804522123,0.59059852410938596,0.5200372312392054,0.2697128403870405,0.5294117647058824,True,5
0.9073283683989396,-0.16611306453654845,-0.38621455395776466,0.31748269324582001,0.87292842725316444,0.37040612897561193,0.27560836596137483,-0.45869642540965316,0.84477074874104607,-5.6310959947352641,13.845877145410158,-5.3282092168517927,,0.4151606131233417,0.2168674698795181,False,1
-0.032806030641035815,-0.92133264877967691,-0.38738858352589967,0.98330064781760163,-0.09917262805859986,0.15259300719703539,-0.17900726341426293,-0.37591347426844657,0.90920045067540589,6.9657416262185485,4.4420501259206349,0.022362272308336342,,0.0877640148798341,0.3846153846153846,False,5
0.57688672570266764,0.76090462322904484,-0.29702838257769248,-0.74743763138153929,0.6384106781694,0.18376287218597884,0.32945211018114401,0.11599982908587303,0.9370193950763448,9.267164109858836,10.72481327621643,-0.094140234350911303,0.3643113849643052,0.2927582550827487,0.5862068965517241,True,5
0.14776236906908999,0.93618860534716597,-0.31893130530761338,-0.964943921810961,0.20718674235141241,0.1611113948604857,0.2169089902405428,0.28394462314320634,0.93398390828798028,-13.645902202914993,-0.74294955680273,-5.8253360350236099,0.7989449954093578,0.7958305099557407,0.7009132420091324,True,1
0.14067678627241506,0.98505165520649629,-0.09941467889103503,-0.96720601222850588,0.15818389281609224,0.19872188093559029,0.21147711865139709,0.068198919555146925,0.97500068495279224,-17.884708131154074,13.994762713114158,-9.4295688500351353,,0.3167985789029041,0.2439024390243902,False,2
-0.35432288986663868,0.92764141445628889,-0.11805378393804336,-0.93496933721935105,-0.34914062313349514,0.062714940305821934,0.016959604245438853,0.13259800701176142,0.99102479300991653,-3.1868378385134859,-17.965189600383432,-0.18720134649945391,,0.4506868197482029,0.1333333333333333,False,2
-0.94042334544426887,0.12218479416284023,-0.31729293628883876,-0.1145934670283205,-0.99250062297060582,-0.04255409166446808,-0.32011289986165492,-0.0036591636125070694,0.9473723353907999,1.288298448593802,2.2122644947009524,-1.3856641324186845,,0.2699625363454772,0.2258064516129032,False,5
-0.89245440954846011,-0.26784114713015345,-0.36302375512012036,0.25440432976376837,-0.96332674775637062,0.085322998391886645,-0.37256350314403769,-0.016207928958925116,0.92786515138995562,-7.5077511622022044,-10.73562979696066,-2.3601916416153523,0.7987166107418171,0.3728223046289768,0.7669902912621359,True,3
-0.53310451926825597,0.81219663311499402,-0.23693079304393747,-0.84545749630061773,-0.5218889424856703,0.11328527556694784,-0.031641641627012385,0.26070780745473682,0.96489908573243621,-12.795942302229976,5.6955927998877973,-6.4100927978143334,0.6861692021064616,0.642940097925693,0.3394833948339483,True,4
-0.90246958877674821,0.27624525225417512,-0.33051051714000684,-0.32885892677415124,-0.93741789215430971,0.11445305478633955,-0.27820935932150265,0.21198173524150279,0.93683685682722828,14.555809316878966,5.3871366380829731,2.1993559765757063,0.2587615987822822,0.2287551852577928,0.53125,True,5
0.26751525340442162,0.94167382952697098,-0.20417146710541434,-0.93314641654596064,0.30600208888480102,0.18868091288090191,0.24015277321613493,0.14004685066843683,0.96057978592850457,-14.158407523274864,-2.4781250744733834,-5.7279196026238832,,0.2706431602526366,0.3492063492063492,False,2
-0.60556129534577841,0.72829066432665812,-0.32076194573823386,-0.78456462826052065,-0.61385530532188337,0.087407140501267952,-0.13324361771422288,0.30458885794265694,0.94311810816865016,-10.676019180174778,9.2282798306055422,-6.2702979745806369,0.3832622844358146,0.1913293276255234,0.3636363636363636,True,4
-0.77444536133327568,-0.48604131431097936,-0.4049669407398922,0.51325441070867972,-0.8569496861471485,0.046980265009781197,-0.36987064251905366,-0.17146742021491712,0.91312355768941955,-17.665345426601696,5.5282911473858176,-8.0067138559372086,0.1013319118893035,0.1496666210899992,0.5661764705882353,True,5
0.86459836588617189,0.38280728993284896,-0.32546619560444451,-0.34004264909331122,0.92265285169766831,0.18188653620256015,0.36991980550460657,-0.046586414633772416,0.9278949528190169,8.0152065378041328,2.5166357015676271,0.57328122411076032,,0.08480191565204251,0.25,False,5
0.86088321013085789,0.40905460414210326,-0.30257962480136708,-0.34952158593415472,0.90760975917941211,0.23254931951816762,0.36974959023758508,-0.094439694368611465,0.92431941700188303,11.459383370777772,3.6351830332441657,1.3851278628143691,0.1530708057499816,0.1359455303785959,0.7857142857142857,True,5
-0.52428565007219396,0.79492722344400002,-0.30531175305905189,-0.85026642411570985,-0.50831567338680905,0.13660960511911374,-0.046600055256000722,0.33121878813999855,0.94240254097344722,-10.084285383054832,11.984546506769997,-6.4170519498844794,,0.09062945430901033,0.4347826086956522,False,5
0.51830630547456991,0.79769749679191881,-0.308281166011173,-0.79249739966339194,0.58349625338947797,0.17742602347796682,0.32141320015217745,0.15235099570514368,0.93460297927814628,-0.31291284962741361,14.210921672616244,-3.6178903971913039,0.2551850085712032,0.231694329678106,0.779874213836478,True,5
-0.90552079187529211,-0.16340067610652814,-0.39157670325170518,0.21355556804521239,-0.97297427327486152,-0.087835544639640217,-0.36664167089739141,-0.1631602972330739,0.91594355861504051,14.52009679672806,25.688929803205571,-0.59578349392495178,,0.316410482860784,0.1724137931034483,False,4
-0.94217056467118165,0.025296631482750572,-0.33417765859316745,-0.068345701087890523,-0.99069471951563337,0.11769807928188011,-0.32809067681052795,0.13373127218218225,0.93513231931665342,4.1324695478567293,1.2486319010685598,-0.42249016247950816,0.2440315319516048,0.1989820872056154,0.8181818181818182,True,5
-0.36321537104422319,-0.73198002518335348,-0.57643719256288906,0.88797594684652759,-0.45927924596885356,0.023691602822411839,-0.28208741917926949,-0.50325720755381065,0.81679793767242126,5.6211733332513321,-4.6348155556378616,0.67338021649564639,,0.5942999809537576,0.2203389830508475,False,1
0.36455422777210078,-0.80494940674659055,-0.46814171742304606,0.93105697185326064,0.30684880706644668,0.19742523842035811,-0.015268601013972316,-0.50783881515714246,0.86131678704345804,-6.7227840385217323,-13.351135727176432,-1.8484043100995076,0.202396483895185,0.1946806461665233,0.3181818181818182,True,5
0.73935127071018203,0.62002855080082619,-0.26253436859022272,-0.57501577382271407,0.78429183510891953,0.23290164713146411,0.35030923247083434,-0.021234725647177849,0.93639336182631294,-15.092864947890625,24.123989245167426,-10.033583902325407,,0.1714277124529792,0.5833333333333334,False,2
-0.89175835439104778,0.31675509615714986,-0.32316133189514729,-0.36961190694429003,-0.92187439479802058,0.11633846509555207,-0.26106335556484428,0.22319007431841176,0.93916564838529193,2.4679510872884824,2.53463951978584,-1.0839936134730492,0.2236628604816857,0.1605526490449849,0.7166666666666667,True,5
0.036194579044513633,0.97229560619575983,-0.230935503160971,-0.98309055640227472,0.076151151659301752,0.16653516149338773,0.17950741032185039,0.2210028422291947,0.95861088736053957,1.3854590449489712,-6.851854816915651,-0.23252728982430476,,0.08061853528717969,0.2692307692307692,True,4
0.73496520669629395,-0.52755126267238095,-0.42604672302301705,0.65489045448050809,0.71520101040033612,0.24414341554228353,0.17591087964133451,-0.4584508479380483,0.87113614461156252,-17.077777897053757,23.520928264197046,-10.596129713740861,,0.2745160022996054,0.6857142857142857,False,2
-0.89668138626013372,-0.23240467348268601,-0.37676326689051298,0.24708089058448005,-0.96894682698479739,0.0096477968508080214,-0.36730576505492785,-0.084440003668287411,0.92625933773318292,13.21501636251322,20.398117972209651,-0.18061740410460023,,0.239611710896822,0.3333333333333333,False,5
-0.55357001310161347,0.77329225958856107,-0.30915905591636433,-0.83021358058964523,-0.54166445145042219,0.13170054153052796,-0.065617461084688744,0.32957351728458295,0.94184693316136492,-6.4615086152300982,-4.4490174904885125,-2.8858778938203473,,0.1581428990250748,0.2222222222222222,False,5
0.69884491551857419,-0.62450660918686907,-0.34872235250375905,0.70245713474574301,0.69110803274748844,0.17006957669347481,0.13479524434726087,-0.36381476351821662,0.92166645807881398,4.9916917719218006,7.7671744913623426,-1.1029277684955656,,0.1098563445652801,0.4857142857142857,False,1
-0.56383868824977912,-0.7169833762831086,-0.40990336881567868,0.7605678625375204,-0.64422839942985122,0.080661613194624698,-0.32190442697775273,-0.26627919089130125,0.90855540964236092,-6.4602954641849859,-9.8614566766763421,-2.1625033818567165,,0.1281447528716383,0.3061224489795918,False,5
-0.59265200985972721,-0.69183122615277681,-0.41247199872133533,0.73271038254578613,-0.67574646133020744,0.08063631507771267,-0.33451321426639535,-0.25443324177404569,0.90739442083446642,-19.09905176916979,18.366199157878714,-10.447428055637355,,0.151324547166991,0.3611111111111111,False,4
0.93769376637963031,0.12981750399009814,-0.32230081624247225,-0.067284005641061309,0.97786683141226882,0.19811441797260149,0.34088599718626844,-0.1640849648246599,0.92567427383546375,7.5158104256559692,-10.413949567021596,1.9899475855619033,0.3824190998288249,0.315766268617902,0.4285714285714285,True,4
-0.66852798333436425,-0.62653226158701469,-0.40065903295638683,0.65493004090434914,-0.7512332125000416,0.081946945994915962,-0.35233077784933037,-0.20761981029643223,0.91255522427552738,-1.2422462032502162,6.6801251209056964,-2.8444283848378644,0.2459438403038389,0.1721904888753763,0.4747081712062257,True,4
-0.23343810135522727,0.92482101832792341,-0.30035435221512791,-0.96916918730267299,-0.19624262924278632,0.14899636522732465,0.078852642433483,0.32587561204665294,0.94211854150869789,-0.16834563705706096,-4.2643697060293313,-1.0095217232154807,0.1697413875938039,0.1177251342596201,0.4905660377358491,True,4
-0.25901281200410026,0.92918307873701422,-0.26368763605169726,-0.96311500871584654,-0.22784233588608582,0.14316895600739285,0.0729509643802147,0.29104411378135747,0.95392425308785433,20.907639504402535,-1.180869556420062,4.6021611320900666,0.3781264444392694,0.1869862308785449,0.225,True,6
0.086099068484893349,0.99114852415493737,-0.10105223140298963,-0.96993453616451974,0.10656342210165572,0.21879495566694948,0.22762676899115292,0.079176007322130537,0.97052419542388213,-13.495439323682398,18.469118357809027,-8.5873675693169194,,0.5179116386782803,0.1428571428571428,False,2
0.93789293136377438,0.13749648852453394,-0.31851462280606413,-0.026222306472157456,0.94357807509103819,0.33011029497846933,0.3459324210610315,-0.30125592417563263,0.88858068187865702,-3.8792301405805034,13.464189718471157,-4.6748914715568191,,0.2765464708323349,0.4958677685950413,False,4
-0.70662688358909465,0.66113337368938341,-0.25215294878953598,-0.69861511325762982,-0.70843194086715811,0.10030507807295042,-0.11231816824180135,0.24703612560369664,0.96247482134834095,15.193373219752303,10.404841135569091,1.7482308001655562,0.2884161606253115,0.2501599730332316,0.1764705882352941,True,7
-0.87261432409502016,0.3758317092843918,-0.31192109207388119,-0.42861163589040185,-0.89546850422062996,0.12011754046857648,-0.23417153320492165,0.23850929593045003,0.94248448729473322,2.1213535349412007,-6.2235904170651217,-0.11682010801450371,0.3064088459691095,0.2084111012936164,0.3611111111111111,True,5
-0.65706086583447287,0.74199324931423738,-0.13310535887391181,-0.74583203897483663,-0.66553345711792633,-0.028280507338081018,-0.10957001518431461,0.08069222656960931,0.99069832761731647,5.6534200243370467,2.0295485019952522,-0.10975374228107758,,0.6861477010729857,0.3884892086330936,False,2
-0.56288526080233037,-0.73477813676389103,-0.37849870925179674,0.75734785351372302,-0.6419172944003867,0.1198599846814721,-0.33103536359375269,-0.21918776627236919,0.91780842835903409,-8.3967916615977956,12.951015378570498,-6.1525189961859184,,0.2497997683461379,0.815028901734104,False,4
-0.035348451754076381,-0.92539497411853122,-0.37735212843543459,0.98380861028991551,-0.098606278031881794,0.14965767689004195,-0.17570175092472662,-0.36595210589483174,0.91389712271848367,3.3855728402376952,11.721322829275703,-2.0481892507186252,0.3607304701488717,0.2862906495198353,0.8132530120481928,True,5
0.35304733014271034,-0.84656183767769555,-0.39835993481632276,0.93526079799220563,0.30777328915401214,0.17482231614499735,-0.025393353817182579,-0.43429098248879361,0.90041463788125486,10.077640729621017,-3.6599287288898212,1.8468376871142795,0.4485145952935322,0.4186326974949193,0.8072289156626506,True,5
0.64150800211106385,0.73540156007850277,-0.21829344621764885,-0.67155341859579021,0.67591938033177057,0.30356053311361891,0.37078766052793677,-0.048140801052968724,0.92746912297617756,-11.60620730139617,15.016178181526962,-7.4498166369004153,,0.1026047276326296,0.28,False,5
0.47216123556636985,0.8372253951133749,-0.27589382995219525,-0.82356207892285538,0.53056498223487669,0.2006148094891505,0.31433941812744715,0.13249315983610938,0.94001930448684912,11.04489272143557,-20.801183813000904,4.3858890883736787,,0.2175560783807351,0.5,True,3
-0.48843100020146329,0.83675213722131436,-0.24755003312009499,-0.87231244785517903,-0.47552265112849884,0.11379455866002192,-0.022497807873285647,0.27152176546141937,0.96216930917672161,-22.596193369257353,21.618603493468445,-12.175859774834313,,0.3464195906258661,0.5714285714285714,False,3
0.080699232644124444,-0.87988393455161329,-0.46828612574858608,0.98717446963049138,0.0056269657526700871,0.15954592995803751,-0.13774687060113638,-0.47515534194028514,0.86905304824573459,-7.727530842913259,-12.922643956350175,-2.1803846835654301,,0.2404404651533665,0.3809523809523809,False,1
0.76806156155290117,0.57196971305934918,-0.28797931350658468,-0.52331714182137135,0.81980059090785284,0.23252131133090853,0.3690807591040593,-0.027886170227199497,0.92897887746128538,4.2095491228305075,15.228712278876106,-2.3349620136170168,0.2748385201705023,0.2158189971706232,0.7469879518072289,True,5
0.89110139948276301,-0.28932481728621667,-0.34961328055747476,0.3661950520746749,0.91346798293913145,0.17741879263804408,0.26802887843642575,-0.2861247878940455,0.91994191451237817,0.45532484245160432,-10.003068978484368,-0.013148326610492159,,0.07661194508240125,0.3157894736842105,False,5
0.94067797341738868,-0.038903919827718278,-0.33706295457880442,0.10905046091075359,0.97536419933244589,0.1917620286598184,0.32129884422840188,-0.21714318705088417,0.92174610876036667,3.1238131151169859,8.5469041498359317,-1.819092480042809,,0.08596340853048853,0.3846153846153846,False,5
-0.86777679883221759,-0.34900151797868095,-0.35378152560172715,0.3377474917528599,-0.93639974352871724,0.095300325991069357,-0.36454088827340198,-0.036789411084286544,0.93046035918189995,-8.684665658629287,6.5891100531916953,-5.2302849030566714,,0.3182020283663113,0.302788844621514,False,5
0.88375498482729209,-0.26754670894645366,-0.38392171770405703,0.39271571173200959,0.87018169427602632,0.29758727913962457,0.25446315362294247,-0.41376633197835855,0.87409720624736054,3.1259606855133413,18.281462453012765,-3.1789831722038975,,0.2936640272398893,0.25,False,4
-0.16755648587717881,0.93939006755314625,-0.29911724293826458,-0.9807940909606645,-0.12811112316805753,0.14707308134823788,0.099838745871216647,0.31801547305613415,0.94281407696308195,3.3379093855413937,-12.052690544505042,1.0009934125714437,,0.09726743083154588,0.1111111111111111,False,4
0.77824081999411454,-0.50126046837736704,-0.37825807187288146,0.60088901692487917,0.76939937104634415,0.21669563256452937,0.18241056831757202,-0.39593250772775884,0.89997990749264378,0.061638582983879808,32.861818940549554,-6.3682917984555152,,0.3672503216926635,0.6666666666666666,False,4
0.92887293323876174,-0.14423444574806624,-0.34116198287055299,0.2175972839950748,0.95786218789465283,0.1874872022289405,0.29974405064051901,-0.24838770835413132,0.92111728376151825,5.3020022333510681,-8.3858322467286488,1.1634396706484902,,0.08468226396516079,0.5,True,5
-0.86500036414941184,-0.33637791295679476,-0.37232280308385174,0.3352552394559154,-0.93952767228525569,0.069940527790451013,-0.37333402528934129,-0.064324588495232093,0.92546423641120634,6.0876243107465751,3.4370958121041988,-0.086394384732767587,,0.09633116971679648,0.2884615384615384,False,5
0.82699697625651525,-0.31306385258625458,-0.46697647206945292,0.51037720101745065,0.76640031050265278,0.39005855553112861,0.23577767906265734,-0.56091139074303842,0.7935913922104606,-4.1757515226280546,-14.021745789620816,-0.98227324264401739,,0.5500119866696331,0.1566265060240964,False,2
-0.93844095028839192,0.12837319856322682,-0.32070064657319558,-0.13573688514373605,-0.99074473229191118,0.00061110335007905081,-0.3176540269433013,0.044104391238000348,0.94718040617415056,-16.799444150666016,5.8616661530999794,-7.7289454107069577,,0.2879322471463626,0.1451612903225807,False,1
-0.65595303077491596,-0.64825264142304528,-0.38664471327725036,0.66814899052896037,-0.73698760544129338,0.10210874537002057,-0.35114462529324514,-0.19135773387546495,0.91655860140730394,11.222599456079566,13.838834057867549,0.13504655847346203,,0.06161500146379128,0.1176470588235294,False,1
-0.21010870890916164,-0.84254779129722279,-0.49595115668853673,0.94370580787312763,-0.30733783459561376,0.12232253926651135,-0.25548713984671167,-0.44233095619259066,0.85969159968368636,-6.1080194558199201,-12.05276960491984,-1.8408855206496815,,0.2391466943388382,0.2777777777777778,False,2
-0.23368932038869153,0.96390591272444448,-0.12757230479663581,-0.96908393986274011,-0.220218765647752,0.1112655056910653,0.079155663324739306,0.14962983215734327,0.98556851324105543,6.1302434745215999,-6.3069046157889606,1.1056322247490717,,0.5554683517437573,0.1573033707865168,False,1
-0.94128790119976857,0.040987974262035952,-0.33510755440728135,-0.017954948018074235,-0.99727569884557643,-0.071545791866014063,-0.33712713758551471,-0.061328349545389189,0.9394594864311262,-2.0900945707574867,-12.982245727760144,-0.50802115970778439,,0.3677190426138245,0.2608695652173913,False,2
-0.90683781158700261,-0.19025433328599239,-0.37609636018180082,0.207137766377258,-0.97830116454007487,-0.0045582013749397854,-0.36706828958156656,-0.08203730935029814,0.9265693447649922,-4.1376643767848833,23.091551117646269,-6.174375956128622,,0.3727909215494913,0.2941176470588235,False,3
0.50119330592366118,-0.69725095593417996,-0.51249036532034831,0.8646019941090668,0.42787584387365529,0.26341156772631125,0.035618280137270419,-0.57512030626494137,0.81729307561105846,-9.503769427794861,-6.8122798386604577,-3.7209814932914176,,0.5548393526241998,0.2845528455284553,False,1
0.21134437062368686,0.96375726087592484,-0.16280509548110464,-0.95516919796462552,0.23898203781783267,0.17475522555863479,0.2073291109933455,0.11857287931635091,0.97105875827641774,14.000755238529967,-9.7722018163302717,3.8198434319322536,,0.1685613423869589,0.1176470588235294,False,3
-0.1001265086244358,-0.89883294762434762,-0.42670131771018266,0.9756199726081396,-0.17286880811265135,0.13521110986085125,-0.19529554864044563,-0.40276011153866353,0.89422812594694734,-0.26668211754412602,19.087130453157936,-4.31092116205176,0.1078817196786718,0.1629060097966445,0.4166666666666667,True,3
0.8630761862458215,0.45038316474397205,-0.22859243568100174,-0.37798254470446518,0.87615698011925403,0.29912897232974056,0.33500551134885165,-0.1717671420950875,0.92642719965595832,10.311523864484798,-15.99498295827339,3.4877515534877084,,0.4429567212423253,0.1538461538461539,False,3
-0.44495027184982849,-0.78027617623003498,-0.43953196059968147,0.84572468058811312,-0.52753502762234405,0.080352717910643648,-0.29456581645686353,-0.3359700633082191,0.89462567386352898,-5.2959341099872397,11.949709539802907,-4.8437102858257042,,0.1310568210054475,0.2,False,2
0.0338890225969916,0.96056777633552481,-0.27597297188899961,-0.98334734494384535,0.081378608967928479,0.16249775750556064,0.17854840615169768,0.26587039900724357,0.94732961401637727,15.901299414976252,3.1684049981085209,2.8014607403296927,,0.2603198922192338,0.56,True,4
0.54552935483329557,-0.66557626313495477,-0.5093191150609595,0.8354764659644679,0.4798556627352184,0.26780145212539141,0.066157371733559109,-0.57161768770066479,0.81784865425887554,10.076052280861445,22.224327336722915,-1.4776468859997627,,0.2803299061300874,0.2105263157894737,False,3
-0.84055871189503162,-0.31666458716907631,-0.43952769092561667,0.39401984267258494,-0.91419093004438301,-0.094885757650228275,-0.37176526927301495,-0.25293968185641591,0.89320328140056571,-3.3824809172939148,-16.6541176239127,-0.38850223745144691,,0.712577486981406,0.2692307692307692,False,1
0.36573787866621044,0.91924115946971352,-0.14571031139050009,-0.88593202129672199,0.3918257668065247,0.24818747371207689,0.28523719559314886,0.038317870546979604,0.95769070322672534,-0.035998739656109557,-12.163713827909792,0.026128584413822709,,0.5302959421119259,0.2040816326530612,False,4
0.92131251115106649,-0.095359763999899927,-0.37694797015821635,0.22419113756788636,0.92236403066974848,0.31461552530457332,0.31768158686416376,-0.37436761389914452,0.87116433526110781,6.7252029306886998,22.320444828665615,-2.5811954798059102,,0.2213745600427207,0.3809523809523809,False,2
-0.32258120607272422,-0.73725911218064855,-0.59362476952639787,0.90704771701881726,-0.42004308883586838,0.028779203814117166,-0.27056571205461055,-0.52916236168857,0.80422720075396403,-17.805556072022604,9.6894957446340602,-8.6662802029350985,,0.6926142758315688,0.5116279069767442,False,1
-0.033203357810362488,-0.82330485709438495,-0.56662743431192086,0.98320047881977879,-0.12871947475931525,0.12941450948886174,-0.17948357996951622,-0.55281136846349233,0.81374764848744474,8.497792337837101,19.765293851841371,-1.589249196438371,,0.4874695836360406,0.3823529411764706,False,2
