axis_00,axis_01,axis_02,axis_10,axis_11,axis_12,axis_20,axis_21,axis_22,location_x,location_y,location_z,dbh,dbh_approximation,score,reconstructed,number_clusters
-0.94921768047405541,0.11385958800149232,-0.29329471406008228,-0.10271637320428868,-0.99328849237735084,-0.053172526613730661,-0.29738046632422288,-0.020346133068989813,0.95454224271004784,-1.016859330589722,-14.859551047766605,-1.0692762756386525,,0.3540744800666789,0.5074626865671642,True,5
-0.59013951858579883,0.7679883780144019,-0.24885578120294824,-0.80291245460459559,-0.59044871600102233,0.081865157506517475,-0.084065086951388215,0.24812127076805021,0.96507455470979187,-11.302293954091779,-7.0430634792421607,-4.8853401863147381,,0.07652413011714931,0.3092783505154639,False,3
-0.15210400375399002,0.97469078905109485,-0.16383600880441071,-0.98749854694621586,-0.14293083591921169,0.066463493156364503,0.041364136895587281,0.17189718404438212,0.98424609031303412,13.676428306448708,-3.5244830226884409,1.4702202258945256,0.3637214797762079,0.3077095732221468,0.303921568627451,True,6
-0.94433548102707654,0.19723131169388997,-0.26330649243963816,-0.21861160256065756,-0.97430381561060764,0.054231375719875852,-0.24584439489079002,0.10877446655404421,0.96318671550570201,-0.4347123272768072,2.8229466090053466,-3.2345412277465875,,0.07765024069964635,0.2548076923076923,False,5
0.66165461487558941,-0.66784624483535737,-0.34087323724978313,0.73970699761539072,0.65576123994616531,0.15103229410656421,0.12266510625544293,-0.35207753328433145,0.9278979913027946,1.0425907172813194,-8.8131199045255126,-1.2470885876642412,,0.6443610475213625,0.7333333333333333,True,5
0.60925147409296432,-0.73715353377541082,-0.29226239744102378,0.78751745489334601,0.60563706591947675,0.11410522609747123,0.092891870224780404,-0.29968051659537787,0.94950654996122619,-5.9133179354821888,-10.355843642579776,-2.9639505204006578,,0.06710533170996927,0.1063829787234043,False,3
-0.89905369495709186,0.38799171211602568,-0.20289131305523334,-0.3820386640226765,-0.92153852779158052,-0.069377236810758747,-0.21388995482670553,0.015138465080802119,0.97674045380501595,1.7189958827956704,7.5917741151106419,-3.3022994146018347,1.086177006381756,0.7381086896628385,0.7372881355932204,True,1
-0.30269948414229647,0.93343142167692905,-0.19255857115738922,-0.9530397000694254,-0.29445022582253877,0.070812390191521857,0.0093995952874550426,0.20495083688349197,0.97872713361242247,0.75386576842754527,-12.983317419453282,-0.78500938154810185,,0.08714924425199608,0.3333333333333333,False,1
-0.74654753759536363,-0.60384130222593579,-0.27936079867509089,0.61005263752634808,-0.78882405155710578,0.074782318312409168,-0.26552316953035371,-0.11459623646140452,0.95726963235623241,-1.6744117936619654,-5.5340463337868808,-2.3961048017103059,,0.08062964973028584,0.5294117647058824,False,5
0.61743270739938272,0.78637875168486071,-0.019629333458607096,-0.7469814914152394,0.59395617377505117,0.29872180221330813,0.24656744172038195,-0.16977786231738837,0.95413834120131902,-5.6975163766105057,17.103579625395358,-6.5627263960899649,,0.4276875749020814,0.2941176470588235,False,1
-0.68983954829400929,0.71066482658978103,-0.13811915818464274,-0.71321435183478288,-0.69986773576372296,-0.038864389534010446,-0.1242846971529826,0.0716983729597616,0.98965279637280623,1.1147896270873634,12.463196083076319,-4.1558287736627948,,0.1052881303315079,0.2790697674418605,True,4
-0.46643979715750816,0.85280407353791676,-0.23485980453197636,-0.88343217514861805,-0.46248990067005369,0.0751710295950868,-0.044514127418652585,0.24254546776911648,0.96911825311713951,-22.340949212706136,7.3569929309977615,-9.6167392953422617,,0.2337147446248317,0.8083333333333333,True,4
0.81878335943590108,0.51578314885866039,-0.25211416791665436,-0.50181614616559067,0.85630872269929625,0.12213077776144785,0.27888055822946278,0.026516311631642295,0.95995964470340034,-5.5995282176623018,8.0664698427292585,-5.2938653535566536,,0.08162876284658427,0.4,False,5
0.95560679188521624,-0.013808790678995223,-0.29432121330755134,0.12788157994943999,0.91935138886436962,0.37207435453520565,0.26544671934774472,-0.39319504205055616,0.88030432129711911,8.8456798034093786,-5.091437976828205,0.45319121130701895,0.6837479262653993,0.328601981822747,0.1739130434782609,True,2
-0.39445391871123492,0.88440206092626517,-0.24947765559810237,-0.91870243397269036,-0.38539960308412652,0.086330665207979648,-0.019797571214794391,0.26324919861601248,0.96452470968971171,5.8482529289011396,2.5015455092070464,-1.4740039300389915,0.2183162633308248,0.09436124193233056,0.3571428571428572,True,4
0.93729409842559319,-0.18061901556993917,-0.29808814849151838,0.25980861432973279,0.93217111918513618,0.25210412229314183,0.23233436460545279,-0.31374157482182263,0.92064486489183439,20.251608872613339,3.880092414539706,2.075977258053511,0.3288954366579189,0.2559557686781161,0.1904761904761905,True,5
0.90948377280874626,0.320571869476935,-0.26471294546665464,-0.30253726145664045,0.9470596643812722,0.10746719281877823,0.28514991220038194,-0.017654138384384732,0.95832033212805179,-3.1535132930814451,-2.1523603752728486,-3.2594559003734656,,0.2860241571039864,0.8722466960352423,True,5
-0.94141869329827821,0.2126125210573433,-0.26177616354092198,-0.23369654087878408,-0.97092564780018953,0.051858588730054785,-0.24313940587624522,0.10999682874257338,0.96373436536045731,-10.354480592743252,-10.742244917726584,-4.1631572703728041,,0.4119466176488755,0.8577235772357723,True,3
0.40887799901811173,0.88633609814746839,-0.2173179767982093,-0.89082242573559467,0.43934348559840025,0.11581324392659098,0.19812669614541312,0.14623823981083139,0.96920595824186606,-9.240498439936891,7.1573614835441877,-6.1488934297025031,0.3358133444143016,0.3879972821476085,0.7442455242966752,True,5
-0.89828558309180739,0.40425408643234312,-0.1722255637591758,-0.3857788662300452,-0.91319279671824738,-0.13135289259155564,-0.21037508783046344,-0.051551426989555851,0.97626060700801987,-16.614627849230228,-5.4844610972450596,-6.5101281914932132,,0.5295216753235967,0.575,False,2
0.9559466933610129,-0.034112600197480497,-0.29155145336614807,0.14917714050119987,0.91186057423485745,0.38243492767784937,0.25280842589603614,-0.40908021666152905,0.87677892089860665,2.7931328492423457,-4.733995726661953,-1.2313822632179476,,0.3146363276366273,0.1428571428571428,False,1
-0.94843110703707478,0.17561293597290911,-0.26389113650026819,-0.20063796927643343,-0.97709922140738192,0.070862661604800176,-0.24540342395544759,0.12015493433089827,0.96194591909674398,-6.6481404010527028,-10.02741703021815,-3.2358974483635032,,0.2120461463590999,0.7424242424242424,True,5
0.50067904598607083,0.83006062412788495,-0.24560100403480381,-0.83656789615425409,0.53688821918796148,0.10911093080541541,0.22242897301053882,0.15083235849646071,0.96321075139134105,-12.45312626600516,-6.384570897007567,-5.3120999384405359,,0.06728221514946586,0.2058823529411765,False,2
-0.95268342084524926,0.18876608928241775,-0.23824706332632273,-0.17365176486858985,-0.98129422158695401,-0.083106649782544853,-0.24947818382499604,-0.037802304388448262,0.96764230042836863,-24.062883882769764,12.609666719486908,-10.753592695823389,,0.4221978687135479,0.2608695652173913,False,1
-0.72501597310493826,-0.58352188021338058,-0.36586070307555818,0.6354337731892501,-0.77162815047284949,-0.028529235677165629,-0.26566098440149888,-0.2531643985833939,0.93023224447271025,8.3579036823626165,-1.8299714077896707,-0.0072848184152812089,,0.1718814771439728,0.4,False,1
0.021039940220435635,0.99960835008332871,-0.018451757618352271,-0.99448767464129939,0.022821250230031072,0.10233990191748214,0.10272091268121633,0.016196820108410975,0.99457834136699041,0.48471567352838996,12.119889962170653,-4.2056621801913883,,0.3258458039135342,0.24,False,2
0.8418435047088767,0.5213875888901186,-0.13947937385443199,-0.46850698550495162,0.83424328846068019,0.29075649638722378,0.26795656012223107,-0.17942440695083628,0.94657602128820151,3.4839001020832407,-6.111387929893219,-0.89330821992950249,,0.501770838953818,0.7906976744186046,True,2
0.73509409236233958,0.65573130357646336,-0.17220085041573541,-0.64237727952621049,0.75487651098642128,0.13233625319418124,0.2167674009681701,0.013338315893750563,0.97613215458083613,5.7448498311692262,-14.471191966038729,0.70700704779377932,,0.6093912516164857,0.1081081081081081,True,5
0.70600892978586349,-0.63274567458246977,-0.31809480090028869,0.69638848287031663,0.70196264173385092,0.14930348467337146,0.12881953263460411,-0.32692714923543453,0.93622869380541496,-21.187943812287269,11.508405910751735,-9.8970378378089663,,0.07802418076433656,0.1904761904761905,False,1
-0.10596282183871891,0.98734871678180403,-0.11795928050518623,-0.99166730341492915,-0.09618813181612719,0.085695989611452958,0.07326554255404652,0.12605695049083432,0.98931380537583369,-2.9786653473367273,7.5116688489028824,-4.4983634486588411,,0.1045841504882264,0.265625,False,5
-0.36150543661780665,-0.8620424887435405,-0.35524156133061457,0.91423378344291129,-0.40251980814075539,0.046415442107025542,-0.18300384834049335,-0.30799440198674571,0.93362146496178922,11.723382169650867,19.192427796092684,-2.5990172555631679,,0.2334698757504781,0.4117647058823529,False,3
-0.19882219401908413,0.96650664276221165,-0.16227952631788367,-0.97917537500794416,-0.18896924916201863,0.074203826378396065,0.04105265087043513,0.17365348360358918,0.98395078509488898,-16.913040293546167,-8.6873903847998051,-6.2145021043255495,,0.2217461447802354,0.2790697674418605,False,1
-0.36696514959391174,-0.81023063667342843,-0.45701520147505864,0.91119206229488292,-0.4119798922246749,-0.0012625424124087931,-0.18725812290609958,-0.41689193299740834,0.88945798754486882,3.1852115030022015,10.587065319840741,-3.3374072422958472,,0.2679563801837977,0.3888888888888889,False,2
-0.6256268102449728,0.76165937445139775,-0.16871897229714594,-0.76862432166554506,-0.6388122882158781,-0.033697367383423493,-0.13344566852048845,0.10859952916425755,0.9850880142497016,-0.55108218990666946,-11.719889851998657,-1.3064099846302786,,0.3297540676575841,0.1764705882352941,True,5
-0.60102822272721135,0.78828928371767615,-0.13177663169638054,-0.79263174085267274,-0.60904927718942792,-0.028176255036779452,-0.10246950218592733,0.087515616497339271,0.99087891187110222,-5.641913972364641,12.532819962601671,-5.9148069778287802,0.5381849236976152,0.3216427501572899,0.1875,True,3
0.36023736522316058,-0.83787264204044987,-0.41012007560863462,0.93282017154665164,0.3276391641247649,0.14999701892804904,0.0086930002157626085,-0.4366028101739412,0.89961237091064217,-17.935479102885303,9.882453961017136,-8.8485794244999738,,0.08800741936342525,0.2272727272727273,False,2
-0.7167819646699416,0.65819961292079654,-0.23021052251105234,-0.68457348776044802,-0.72702728046125054,0.052824930862358899,-0.13259998106860149,0.19545997804162182,0.97170604711742659,0.23011485145827604,15.464908631113222,-4.8421425171924373,0.9431044515325496,0.5081892162251165,0.2916666666666667,True,5
-0.5205083205473896,-0.76751150989517014,-0.37416195747212527,0.82313987809110967,-0.56751915143788167,0.019046097956815555,-0.22696217600536414,-0.29807397559945281,0.92716777108204507,-5.7958237666933456,2.4899589044669161,-4.6785174144055262,,0.1869856434463554,0.184257602862254,True,1
0.95964452433887215,-0.033978034999014271,-0.27915565558309374,0.12710331230035632,0.93790060914634799,0.32278041354020925,0.2508528152297661,-0.34523606488968706,0.90436990473521717,-3.9316285044896673,-10.010779758470004,-2.4498620008650898,,0.3035308159604266,0.2727272727272727,True,4
-0.72164100657404695,-0.59366807544450539,-0.35607930834129353,0.64042426842523736,-0.76781564108378353,-0.017773511726693406,-0.26285169591006402,-0.24086792543864383,0.93428669499896422,7.6066144838679426,3.5612637745120304,-1.1017308074308567,0.7082835265623464,0.6604164616600298,0.8223684210526315,True,7
0.28590302105864412,-0.91295856480386639,-0.2911462201382764,0.95814725507221998,0.26772517607498514,0.1013758733288596,-0.014604798769967772,-0.3079446200973211,0.95129217951479361,5.1667822882303156,4.491635058718833,-1.9859805741731744,,0.2785323993216899,0.4166666666666667,False,1
-0.4635531088899108,0.85581257177369552,-0.22957211771596681,-0.88546168313449303,-0.45700936457356051,0.084261784889136562,-0.032804312812966654,0.24233712609950189,0.96963735199027112,5.7096460966556668,3.5751725427191756,-1.5836663041518433,0.303963200161888,0.1854421003231562,0.7622950819672131,True,4
0.95769246814392439,0.1092803327481877,-0.26623851211807326,-0.081335691677790686,0.99016316240756597,0.11384821944301513,0.27606093841703772,-0.087376888737782918,0.95716019432214738,6.6216236059699218,-6.3431656307242656,0.0017560832858565091,,0.07214779371881136,0.1764705882352941,False,1
-0.29708151647823033,0.93786076018069497,-0.17933144476160895,-0.95460920431682916,-0.28748467131511829,0.077934785509622045,0.021536935728817139,0.19434443205847091,0.98069689615460964,1.6754463035181628,-7.1770766870301301,-1.2332816783003109,,0.1004518364932254,0.3015873015873016,True,6
-0.79026338755303693,0.57568236907439718,-0.20993710541514235,-0.59078446004986485,-0.80674527607679991,0.01165252296105436,-0.16265761604298962,0.13323614173585879,0.97764545233870648,-0.43872827060978892,1.3828083533634556,-3.0181562044068824,,0.1105795315539135,0.2808219178082192,False,5
-0.35216124017352962,0.93352343357500844,-0.067204612087039317,-0.93591924637702584,-0.35171526324361729,0.018749342989396151,-0.0061339367866415362,0.069500881777146806,0.99756303171864669,2.5211346851259337,8.663217442690625,-3.281266673330447,,0.1772529804714671,0.1914893617021277,False,1
-0.96007981781219454,0.036107675308417228,-0.27738597515650798,-0.026290555136768399,-0.99889208188135181,-0.039030955219426247,-0.27848797126681335,-0.030180201102084192,0.95996541881524766,-17.840866663884377,12.227870005345942,-9.1383220150917488,,0.4548864269896267,0.2,False,2
-0.048475113944960804,0.98661436466083552,-0.15569925745783364,-0.99804335257337706,-0.04168171182778347,0.046605807397802804,0.039492147474131219,0.15765383073050687,0.98670443393342455,-9.0080498343806177,-6.3972537780953633,-4.3164197918450791,0.4094282807338407,0.1654739574265215,0.2105263157894737,True,3
-0.56340774622497269,0.81398889048146328,-0.14139942597639449,-0.82257930588244521,-0.56863537343738235,0.0041349255959586967,-0.077038931895840684,0.11864189078266579,0.98994399070041472,6.7922753280404544,1.2340106298636258,-0.92109603768416104,,0.08132159441459252,0.2352941176470588,False,5
0.087197044646071031,-0.94434901830111395,-0.31717756389554763,0.992759559631609,0.055970373548733653,0.10628157904768909,-0.082614358104666302,-0.32414849825124642,0.94239196670834202,4.8113139481298353,-6.5412217445377845,-0.47126686487524955,0.2266607342961136,0.1516194856927173,0.65,True,5
0.90583527463606484,0.34610459795335335,-0.24428275113186471,-0.31387208557176216,0.93559656751391473,0.16168913616880098,0.28451145692895641,-0.069790186500167828,0.95612894566812179,-21.357067500232649,8.4830724033857674,-9.5692604515555111,,0.1880098180123992,0.6363636363636364,False,1
0.69087615911196343,-0.59239808169851682,-0.41443292047159813,0.70512925382932912,0.67869707123398371,0.20533636037610625,0.15963354335725941,-0.43409077195712209,0.88661284309267441,2.3398841869135265,-9.3226431247571853,-0.86597867383991134,,0.2773224552201055,0.2,True,3
0.95043578377734839,-0.10885488592452328,-0.29124291360631827,0.18309922281576943,0.95301507379450967,0.24132331782218533,0.25128966457019181,-0.28268866784999591,0.92571087362599125,11.254535252494257,-0.87527542060228636,0.62734171753908052,,0.8099036244463075,0.6637168141592921,False,3
0.82629678037853915,-0.48267011726478165,-0.290281223360489,0.53489781133592118,0.83389350823620878,0.13603656989776597,0.17640284057832323,-0.26767737076770337,0.9472227103563281,-3.4212910306895647,8.9749708872067337,-4.7928283156916942,0.1345670552729614,0.1314592862160703,0.5178571428571429,True,5
-0.93364242425147137,0.26827421926017064,-0.23736210084632775,-0.28901546833789793,-0.95564276161153816,0.05671835012497161,-0.21161730245719929,0.12155597665199103,0.96976402379182924,-2.8014321624856087,10.57079064693454,-4.8808006043969856,0.4283501238288936,0.1972499231222726,0.3061224489795918,True,5
0.16589947449561196,0.96071846180456921,-0.22248011486409594,-0.97346019407225559,0.19560974786327712,0.11879426374059682,0.15764712150523136,0.19686762986516254,0.96767273465381209,-2.4520334799725561,-11.445372810962585,-1.8559870613351097,,0.09770643899336631,0.2272727272727273,False,5
0.69306546859595053,-0.6416389353841806,-0.32857226425693919,0.70913863104103581,0.68875428496261182,0.15079766878466044,0.12954789926942856,-0.33751594265263685,0.9323627675160463,-3.7910355951076085,8.051275642411218,-4.788413626613468,,0.06818715807432105,0.2758620689655172,False,5
0.050448725074302987,0.99448058298860464,-0.091996174904310668,-0.99269904733458003,0.060035939766959603,0.10461494805866434,0.10956061135004891,0.08604682443266054,0.99024866394540523,1.529319352932305,-11.629051221029689,-0.79701746785502081,,0.09943903016365155,0.2727272727272727,False,5
0.68020210642165468,0.73022313336187672,-0.064025541174646761,-0.68607519698464992,0.66495935841918608,0.29517770195802012,0.25811996920427793,-0.15685415886710416,0.95329473634552042,-1.9411373029197112,15.413561765847948,-5.3852656950412525,,0.5114246223721866,0.2424242424242424,False,1
-0.96181359632272589,0.057909260569000032,-0.26750910913293585,-0.055663145075570325,-0.99832173608363273,-0.015978909326304039,-0.26798548507156378,-0.0004783338937439964,0.96342283084201685,-22.87740077330314,3.7162782731412056,-9.3395759776280887,,0.348476559523129,0.3243243243243243,False,5
0.90946737313497839,0.33843046738663024,-0.24152415189258136,-0.30163937704506683,0.93686246373858917,0.17692487177761676,0.28615167904247529,-0.088054203659615624,0.95412979924067176,-8.4373349584101227,7.4197375346493111,-5.9221306608462871,0.2724606366977286,0.1282588701757782,0.24,True,3
0.4696942109141436,-0.82140219531063341,-0.32355182239111507,0.88202747705446682,0.45223147162392041,0.13234132307709137,0.037614863480698604,-0.34754155091403838,0.93690981019177766,-6.4382080731613494,-3.1842901859087283,-4.0256123233198284,,0.08325444552398607,0.2797619047619048,False,5
-0.62323772468243943,-0.70520257230549765,-0.33802968885345719,0.73823851799929585,-0.6731533797531184,0.043225199469256737,-0.25802834936273789,-0.22260696157277515,0.94014228262772936,-20.112888792699152,2.8606775968765072,-8.4733852352450807,,0.1281580553104522,0.4473684210526316,False,4
-0.59223020711239915,-0.68929795121640958,-0.41729092517387195,0.76867773709908993,-0.63862079306380826,-0.036028032901837523,-0.24165661230727437,-0.34209913346194493,0.90805851387053182,-12.696790243012037,-11.0052265067901,-4.7633827859417677,,0.2048982008894627,0.3,False,1
-0.66741349164784713,-0.59128313187640003,-0.45270684678372713,0.69935599327581355,-0.70653084910661912,-0.1082374885604809,-0.25585235163200964,-0.38884240666253955,0.8850656229598205,-12.683112006765887,13.435449798664884,-7.9237697504990789,,0.3224977214575241,0.3076923076923077,False,1
-0.3266853650741407,0.93823502337969866,-0.11398119647587227,-0.94513122928825466,-0.32405720287259376,0.041399138764752638,0.0019056942168044488,0.12125168110210535,0.99261996663348717,-18.851937669568347,13.696350085531972,-9.6031820956186866,,0.3766136299699216,0.1538461538461539,False,1
0.50567406272120385,0.84557444884440425,-0.17116539881796711,-0.83319356232039343,0.53012179054743014,0.15735111977561117,0.22379059408045804,0.06304552837646879,0.97259602680293056,-4.7351784000830515,3.5231446289090731,-4.4605651198695382,,0.07432657274209474,0.2185792349726776,False,3
0.32892161809277765,-0.89990489496290926,-0.28632455216593727,0.9443572177880728,0.31347725228563805,0.099606513396551577,0.0001198448991484441,-0.30315539302681405,0.9529411279381107,3.439136920943016,5.4452874936410653,-2.5658652941546674,0.1532263641534303,0.1040279237870125,0.55,True,5
-0.55125976174859426,-0.70362365055777509,-0.44835971435069155,0.80102696165449627,-0.59665947112321216,-0.048510640291958895,-0.23338483622431475,-0.38589018372422912,0.89253587285096336,4.3907987611582584,-5.0144421094471294,-0.75478336085697362,,0.1465618632747587,0.15,False,1
-0.63101548991891776,-0.70720750945321176,-0.31886829578271664,0.72670684081056536,-0.682720867922196,0.076088001831377483,-0.27150804592408762,-0.1837110641103287,0.94473997794204445,-2.1874399133506457,-15.665381957553135,-1.3215710919410775,,0.1012696621099749,0.3,False,2
-0.86763226372243774,0.43935278050436111,-0.23277325707856503,-0.45767998598675647,-0.88865589988805482,0.028630787996714799,-0.19427631192463823,0.13137665643955623,0.97210950451465217,-10.88088791500774,17.839033389881777,-8.0660774248665881,,0.1935453141614981,0.5,False,3
0.89701207110481906,0.37696433017709308,-0.23079696286211901,-0.3295497263593789,0.91835439291330712,0.21913965153136869,0.29456123667024037,-0.12051183672555438,0.94800346785248191,-20.457471214591965,14.060284423874474,-10.10735927318412,,0.2767697118347909,0.2307692307692308,True,2
0.38680907326864289,0.89464867046392937,-0.22356765703959833,-0.9008780707635835,0.41839302557380686,0.1156113219735746,0.19697066394348076,0.1566876912470069,0.96780758674301837,16.846744987266952,-3.3996069150105508,2.347528642389741,,0.0815236835082441,0.2777777777777778,False,4
-0.96031516580195009,0.04713051224387807,-0.27490634249941281,-0.048338829073356585,-0.99882815570642502,-0.0023818001427181323,-0.2746964505314759,0.01100137190229936,0.96146805973036731,0.37122036704271832,18.7915350552618,-5.3154626796797517,,0.1796243392012112,0.1111111111111111,False,3
0.74756333686341003,-0.59075586327226104,-0.30357300174272617,0.65022774735536437,0.74415743470286444,0.15308033494090639,0.13547300080389324,-0.31182883507767151,0.94043066925068441,5.0361599264944346,-9.8477939537709158,-0.04181383155994408,0.1645450652123841,0.1383070347977218,0.2307692307692308,True,5
0.89975053114430925,0.37446015343839062,-0.22411732461465489,-0.33508415731467339,0.92180364251892144,0.19492729966724526,0.27958467272411214,-0.10028777655200921,0.95486898192998482,-12.141570536265071,-3.4892416203632277,-5.5758878129800706,,0.1280510306536752,0.5692307692307692,False,4
0.53139744549578116,0.84306121120837108,-0.082852574350072844,-0.81616819057821144,0.53572264647555157,0.21649649129147855,0.22690579456868973,-0.047424046739045628,0.97276138912995835,-11.920350515297102,15.690655073113945,-7.9984888615597853,,0.3108234644151252,0.2666666666666667,False,2
0.50418502372251028,0.83687894429822207,-0.2131457117659819,-0.8319900176316728,0.53686642979522714,0.13988226163519449,0.2314952967452743,0.10680856308939568,0.96695494126437864,1.8398009247396883,-5.6182613107447219,-1.4514124771075871,,0.07107039470224524,0.1707317073170732,False,3
0.64173591243070849,0.7596948369768507,-0.10506556699243785,-0.72463273054193156,0.6454948560814443,0.24133751593927541,0.2511621478727849,-0.078741002299384966,0.96473697453389728,-28.420608863182675,12.277558810493264,-11.912491431527299,,0.1547497461004775,0.1666666666666667,False,1
0.87400306952087625,0.41832013327601159,-0.24723854991490984,-0.39460096071492773,0.90793046219165241,0.1412528145819032,0.28356430711735142,-0.025894824200857564,0.95860353734412229,1.8354621920248104,-3.8546791883105014,-1.6350678727746411,,0.07702083050310646,0.1785714285714286,False,4
0.021843822919735637,-0.94580577089478157,-0.32399736286330927,0.9955012799867865,-0.0093085383465617393,0.094289727216278998,-0.092195710013649512,-0.3245994375472302,0.94134752148136069,-9.8929596385612069,-14.106040519873257,-3.6409849499930198,,0.1294012421498234,0.3333333333333333,False,1
0.66369407916340173,0.74631182825926357,-0.050287416753706127,-0.70312962138181112,0.64540138645014999,0.29843891486147711,0.25518406066781807,-0.16271356848321011,0.95310303210751757,-5.9343704375426345,14.806147922596578,-6.2914702402590805,,0.1184620767488414,0.3636363636363636,False,1
0.90122822817814185,0.39203967741015555,-0.18464173978553508,-0.33150310173397057,0.89813201820362176,0.28890235620058013,0.27909384492611983,-0.19915764914667766,0.9393842964999598,-9.0177287461474727,11.177733043861979,-6.6800502994960143,,0.226374869098474,0.1935483870967742,False,2
0.92892163074930045,0.27382508989744797,-0.24924771627582665,-0.22936372506808927,0.95396957425944784,0.19322094350804192,0.29068348000694932,-0.12231872926867093,0.94896851524228509,1.3881648531268169,-2.0684930350947868,-2.057694800860645,,0.1711725676862279,0.2048192771084337,True,3
-0.96134172104003079,0.11207184718220339,-0.2515193759076258,-0.090292352849778212,-0.99122332421862369,-0.096558855325822424,-0.26013340117071437,-0.070115779922573992,0.96302356720965365,-22.42899658030915,19.878023698590567,-11.347659965250937,,0.2487717629677911,0.4285714285714285,False,1
-0.57883025360870388,-0.75600812771505754,-0.3056259942087029,0.78157770955931261,-0.62124472389242691,0.056491388333463816,-0.2325764851125402,-0.20617153989965897,0.95047434195148095,0.43332236008884389,-5.7057420002216146,-1.8113822626018437,,0.6383052745496085,0.9271523178807947,True,2
-0.96307382000987873,-0.0032455090619260205,-0.26921791151873453,-0.003204275719647761,-0.99971835865523129,0.023514590891679968,-0.26921840544192494,0.023508935293193495,0.96279217909821446,-8.9547555777994639,12.192430481815148,-6.7472045819915722,,0.1727665893516369,0.1578947368421053,False,1
0.85744419027453234,0.49328087678157578,-0.14650405170524716,-0.43175611968586569,0.84456083634281964,0.31670750990420726,0.27995734260465194,-0.20830499350116122,0.9371408197300044,-1.9533838769905296,14.581792486695109,-5.2478897642901261,,0.2847852933312774,0.3,False,2
-0.057792971220635203,0.97934321975633176,-0.19377004514318888,-0.9955075587819685,-0.041952678427514691,0.084880346257096215,0.074997819204679683,0.1978050320140016,0.977368147846288,-21.698266210708216,4.6363028800291319,-9.2071964902853889,,0.1683375998754271,0.3684210526315789,False,2
0.26172058450274449,-0.89339743787330372,-0.36516209229458407,0.9651410301872162,0.24315197225994686,0.096849936681740148,0.0022643976463384563,-0.37778053997991295,0.925892399858528,-3.5925458398437931,-14.513327533879886,-1.8517092706879861,,0.1622898944573601,0.1739130434782609,False,3
-0.045610810272258828,0.97227775953005091,-0.22933733300431716,-0.99537806846848609,-0.024811437555015206,0.092773344115644765,0.084511270243999181,0.23250881895033282,0.96891562806679277,-24.974418573747673,7.8701852063219437,-10.452037880477848,,0.1659296687692874,0.4857142857142857,False,2
-0.69372426781153285,0.69717063650215871,-0.18083070493842379,-0.7032816832731652,-0.70985470308811083,-0.03874499291719255,-0.15537539773662934,0.10029658071372534,0.98275077292023505,-19.996171973583881,6.1411376810791944,-8.9567995700043923,,0.2677673318644558,0.7115384615384616,False,2
0.93957922289645923,0.22331181973811254,-0.25946621180134349,-0.19242967500683664,0.97138690093840041,0.13920599434670294,0.28312842329594928,-0.080866061178616472,0.95566677041289161,3.2784240785382464,1.6228833891880443,-2.0882634702214231,,0.07206095378011114,0.3538461538461539,False,2
0.34227798925419234,0.92077535176144765,-0.18713238538716309,-0.92189348435880702,0.36758145732592634,0.12245928191413864,0.18154388331443558,0.13060101002186314,0.97467183944771085,-17.084393986978522,10.208885178873157,-8.6932886908437741,,0.112367696111586,0.4285714285714285,False,2
-0.8531716520713597,0.51024889753027969,-0.1083706356489629,-0.48546903240840716,-0.85270735997704505,-0.19289887716993714,-0.19083487803405066,-0.11196526608779944,0.97521578561650502,5.9632519639052513,-5.3209612876348125,-0.29712300088608662,,0.4689026306490846,0.1379310344827586,False,1
-0.95300707451988076,0.14025701465593657,-0.26852464645700896,-0.1654002072507566,-0.98349818760474805,0.073308160661561594,-0.25381151935336582,0.11427722790643377,0.96047926985727083,-18.187635715709892,5.5243375794347633,-8.3666485916629352,,0.08452786072285837,0.2096774193548387,False,2
0.93584019359566184,-0.20580920003430006,-0.28608688406160343,0.26169212232269756,0.94952804512334976,0.17295584592165025,0.23605161546805406,-0.23672571618958704,0.94246515592325775,-2.1015519828174818,-3.3959538614633735,-2.8127925149344577,,0.07381305385430212,0.2598870056497175,False,2
-0.14234724348354272,0.98821700503519883,0.056253117530494778,-0.98813108790361204,-0.14519052972129015,0.050166355236116143,0.057742665257693095,-0.048444411839900114,0.99715541595602086,-22.437073127503382,13.523350654500454,-10.533477191868402,,0.3179332226398847,0.1612903225806452,False,1
0.93794070481404379,0.22754656502415357,-0.26170555018692893,-0.19232185315058581,0.96925671108075617,0.1534722542534645,0.2885819451276519,-0.093616177932150879,0.95286749980032193,5.953217839888465,-15.869048488044903,0.95896326016154398,,0.534410684657777,0.9456521739130435,True,5
0.68149688778154516,-0.5780030183287177,-0.44885911235816511,0.72185172507133433,0.63181791888344629,0.28237599825291315,0.12038305094823831,-0.51644808856329683,0.84781442124070461,12.717281461048135,-3.1891986518750461,1.1946514772315151,,0.3899026827297288,0.2173913043478261,False,2
-0.83050613563329112,-0.45033682491188998,-0.32780528184233909,0.48635480416246102,-0.87315049650920573,-0.032668255445029395,-0.27151162616645347,-0.18656086024138366,0.94418032296931642,-12.009567077870143,-7.6443407819868625,-5.0208345951302622,,0.1177136728832137,0.3846153846153846,False,2
0.85167509422544918,0.46936552429832379,-0.23312129563004469,-0.44448325219242202,0.88259642193092769,0.15316068201457694,0.27764036521464036,-0.026824626649445599,0.96031050551818786,8.7962648399470762,5.9569444543036782,-1.1560461441140653,,0.1035474540641704,0.4782608695652174,True,5
-0.54040928262525301,0.8029897862398413,-0.25132689956897092,-0.83825338586554998,-0.53962579843563485,0.078327892526502046,-0.072725981171785442,0.253004744732576,0.96472769774968281,-14.645435511412121,2.4549160778312,-6.995988804883285,,0.07066710557771286,0.2362204724409449,False,5
0.95898417392850166,0.075548945536548298,-0.27320635238402224,-0.026332515453754639,0.98340405966033884,0.17950781061959387,0.28223386186732563,-0.16495093898452912,0.94505832356716213,-9.9697044497735501,5.6650161134702621,-6.1341552817809717,,0.08485244432716248,0.1714285714285714,False,3
-0.81648627796555318,0.54675221640090754,-0.18550517985935866,-0.55870249448417031,-0.82923190844762829,0.01503212125650194,-0.14560796870749682,0.11591572746180648,0.98252830166661209,4.3103549555172531,0.85146480333011088,-1.5710612981722001,,0.1399193821060326,0.1944444444444444,False,3
-0.82832087240698982,-0.4666979940003792,-0.30996373131536781,0.48537482349697431,-0.87409934622722996,0.019016141575259965,-0.27981389002371682,-0.13469712439822601,0.9505581895016445,7.8674129947244937,5.2878549174535916,-1.3033451176756776,,0.105496190841236,0.3333333333333333,False,5
-0.23723764492309582,-0.92317475696776508,-0.30243456801240692,0.9580168823984867,-0.27392694120915445,0.084662175257197228,-0.16100295919897603,-0.26965236690469535,0.94940278499268616,-3.2179832522889997,-17.428949359171739,-1.3763599482037387,,0.07871809402635624,0.2105263157894737,False,1
0.13722975283128991,0.96370980312887844,-0.22897906081377975,-0.98345161791993285,0.16016167667935075,0.084682657810940254,0.11828317779180947,0.21356884762660644,0.96974091239614812,3.3164297915559455,5.8413846921150556,-2.694508934361592,,0.2131108437332359,0.4814814814814815,False,2
-0.87777900792868646,0.43136280034562174,-0.20839901083670076,-0.43758464085226018,-0.89900252870922948,-0.017723867089632639,-0.19499665466343344,0.075634567840346389,0.97788328384203138,8.0914349377104511,14.280978335769369,-2.6007021433413287,,0.09898008336871819,0.1875,False,5
0.64974808390324579,0.72668476111692393,-0.22306206630554704,-0.71756806862380396,0.68318412498433334,0.13548253858300319,0.25084555877185655,0.072032696255452361,0.96534335669470739,-5.9567312138097313,-15.029675980328793,-2.4658860891896537,,0.09838238308456568,0.15,False,2
-0.58785186873301842,-0.71911575473921208,-0.37054380539006954,0.77230224035120587,-0.63521061878442509,0.0075312238061385067,-0.24078918160002269,-0.28174456706272655,0.928784457748422,-4.0886876544422162,24.537306368888341,-7.377200651046107,,0.2031887271063672,0.2,False,1
0.089540603220150117,0.97190971754660604,-0.2176556484758643,-0.98907351774890928,0.11246707351003966,0.095313870259716049,0.11711557053940486,0.206742976457641,0.97136053287266388,-17.376306732670368,6.2994909189128538,-8.196648867157089,,0.07943812994888334,0.2727272727272727,False,3
-0.79628404977716194,0.55060536317654851,-0.25053032972417655,-0.58360726827290699,-0.80821644395715053,0.078668520618442844,-0.15916742282740678,0.20885380953786908,0.96490715499057311,-21.550126298723278,5.4945580899693827,-9.2396141813749804,,0.08815662613674591,0.3333333333333333,False,2
0.79665270388697484,0.56555043665704241,-0.21330066335245909,-0.53565924522825137,0.82406940688442898,0.1843333546557539,0.28002436035293554,-0.032593193064999498,0.95943944122323599,-12.460692794028111,-0.40943731820684637,-6.0515982567464892,,0.09096556960900688,0.243421052631579,True,5
-0.52706347199228287,-0.75979122527714915,-0.38068542194742339,0.81753480263621536,-0.57562873988522978,0.0169823525080081,-0.23203651214842044,-0.30227280362280362,0.92454865162413469,-5.7591250667069573,-8.4864862187119101,-3.228914519202736,,0.1957895741874809,0.1486486486486487,False,4
0.74314528243391154,0.62677659346578596,-0.23427802090603025,-0.61341108458440419,0.77801896726859043,0.13569571798439606,0.26732364374519269,0.042867102231669285,0.96265283515972289,-8.705280724278083,13.010159836012367,-6.7726695220464377,,0.1415956567173639,0.3636363636363636,False,3
0.74901859888847422,-0.57960109678252847,-0.32098864018472251,0.64571563914191177,0.74711157812840256,0.15772001519794651,0.14839963573641107,-0.32540260975440594,0.93385796011937638,-0.22556667343802439,-13.320229018663637,-1.0205986431416281,,0.08436212310708265,0.3076923076923077,False,3
0.96441530456122604,0.047071717097478039,-0.26016797223634697,0.017251923520785969,0.97072279957612817,0.2395821727882049,0.26382852662839651,-0.23554511209655643,0.93536784673437956,-12.550925141200286,2.6268837998205083,-6.436672996685723,,0.2191246927561091,0.3253012048192771,True,5
0.90057702536536322,0.38645182593002347,-0.19903770401465551,-0.34875551528892929,0.9156589097473965,0.19984581946031116,0.25948142889160342,-0.11056105659571377,0.95939858287617474,7.2194871927126352,-8.6584523078995996,0.41878847485149734,,0.1445887507908589,0.5238095238095238,False,4
-0.96765973388911941,0.15925484430307549,-0.1956336729084317,-0.13909584359105245,-0.98382535256628978,-0.11287170568176066,-0.21044473313754733,-0.082009573915609063,0.97415986577196245,13.438286404034539,0.71525369166141695,0.93952671159790746,0.8202469247241161,0.6598333020503009,0.3636363636363636,True,4
0.86202124160838878,0.46102986762417009,-0.21064387048849226,-0.39692922024109401,0.87244011235663388,0.28512356000503047,0.31522463916186755,-0.1621718579457771,0.93505813474654398,7.4174904191531983,-10.35443542378286,0.71802264504738311,,0.5864446870716956,0.6666666666666666,False,2
0.21167704080013816,0.95190545492002454,-0.22151486471927473,-0.9643619349483703,0.24024384963797729,0.11085554173680667,0.15874157873957503,0.19015493052936272,0.96883549355638343,11.324843616460733,8.167369760997909,-0.80981008827415191,,0.1450707506236496,0.4583333333333333,True,4
-0.67850265563088141,0.73166912797320005,-0.065531927125475536,-0.72501067524269602,-0.68134307105741199,-0.10065356578971417,-0.11829483118873531,-0.020782364951842325,0.99276101163423869,17.289873691403315,-6.0747360717954475,2.7605861084649619,,0.4489945784910782,0.2962962962962963,False,1
0.077986131420403546,-0.86620392332365603,-0.49356755011323983,0.99648864069145926,0.05259449789628487,0.065147584482664028,-0.030472155797837699,-0.49691506518694295,0.86726401153932864,0.47624399450429244,13.510141306452748,-4.4546221238204655,,0.3319422037084709,0.1176470588235294,False,2
-0.70611305632703758,-0.64078096964027276,-0.30133718760113648,0.66077400702368616,-0.74924286239618476,0.044864738829438311,-0.25452320783447674,-0.16743620306028215,0.95246157643151363,10.070551211314896,9.0913941668818214,-1.3178043982170582,,0.1820070359763622,0.2857142857142857,False,2
0.96320345790587925,0.033408681957203895,-0.26668887987323386,0.0099409229880413792,0.98713744283093918,0.15956455437013831,0.2685894203581064,-0.15634426414511465,0.95048208522865907,8.2160414454105073,-3.9510933320362049,0.16232594896860267,,0.8670536496624921,0.8531073446327684,False,1
0.64212200796565444,-0.69905420171050869,-0.31464670657268773,0.75944570026472169,0.63602897417602622,0.13678220775384986,0.10450624495972327,-0.32678795430596075,0.93930190976327887,-10.424628727036657,3.7238836518361085,-6.0909670380196701,,0.07923380796683334,0.2041666666666667,False,2
0.74539708222713852,0.6369337192194614,-0.19671966634917706,-0.609961996629513,0.77072414562420888,0.18420275247555246,0.26894154099916467,-0.017312673770848969,0.96300089244605458,-7.299708538602788,6.4118336048902744,-5.5232966830023269,,0.09269934670447548,0.3766233766233766,False,3
0.74007242095957926,0.65347324747331115,-0.15895133397273875,-0.60517385539958313,0.75018199376466055,0.26644245339676009,0.29335544391715862,-0.10099351993056097,0.95065392885960498,12.135512627685998,-5.2206834807411244,1.3524807674844361,,0.2456372776827487,0.2142857142857143,False,3
0.10646003560338828,0.99141756796138358,-0.075877972804110516,-0.98614977193152265,0.11503852629551442,0.11947704711434394,0.12718053364698656,0.062107514885819087,0.98993321413920454,4.3830956433690451,7.943126596022335,-2.6807939835574852,,0.1593810255069328,0.4,False,1
-0.52833555560166823,-0.76528033931435246,-0.36770578312828639,0.8176780846566265,-0.57524224542400371,0.022336269872588674,-0.22861340852921885,-0.28886391491229918,0.92967389341757489,-25.301827015230717,12.944676647026375,-11.211283107462664,,0.07760283166277779,0.3333333333333333,False,1
0.95573120720319604,-0.15287518098541286,-0.25141010046654966,0.20739204877163034,0.95610226555606681,0.20701931287892866,0.20872565171590421,-0.24999527362979362,0.94548186946050805,16.817204495379741,0.67854431807551996,1.73672176919017,,0.2596284966734111,0.1538461538461539,False,5
0.94478871429639122,0.24732895899637342,-0.21494806670436226,-0.18219448971475882,0.94172543604773584,0.28276911256054976,0.27235905209071243,-0.227994712970438,0.93479353741977533,9.3234209464904652,8.076243710730088,-1.3590757446915953,,0.195999027855617,0.2857142857142857,False,3
-0.64438029941937869,-0.65320374877920784,-0.39761651412005261,0.70822073974069721,-0.7058909572909412,0.011888659134602769,-0.28843961850157163,-0.27393944403037052,0.91747466857837523,-5.5488233481510862,10.301367653433804,-5.5898492546423704,,0.5699236058039036,0.2,False,2
-0.90462412139286208,-0.28625607091763478,-0.31577311610868852,0.30601877501859687,-0.95192638853988887,-0.013735360844280495,-0.29666093158741114,-0.10905784091115706,0.94873530502742798,13.425552076254666,-8.5121280974661016,2.0725248728129855,,0.1829597995420543,0.2142857142857143,False,4
0.32438474236556464,0.91275319408495126,-0.24830655570915816,-0.92888533854323974,0.35697113119444845,0.098709874547416004,0.17873602535537439,0.1986283418384065,0.96363904811847856,11.602176478706482,3.2230500976035161,0.02847029323741165,,0.07660761476383554,0.3333333333333333,False,4
-0.079597937451132944,-0.93620528096017197,-0.34232125300047045,0.9895776310616583,-0.11555441808628653,0.085926064515586889,-0.12000116856065471,-0.33191391709753038,0.93564569746301507,-15.017310373791616,7.4347533133041139,-7.723783811374159,,0.08265850260169241,0.1052631578947368,False,1
