axis_00,axis_01,axis_02,axis_10,axis_11,axis_12,axis_20,axis_21,axis_22,location_x,location_y,location_z,dbh,dbh_approximation,score,reconstructed,number_clusters
-0.49079719340276295,-0.78554998907663964,-0.3768677879703492,0.82496823338201897,-0.558126389460882,0.089007568767562051,-0.28025975247709667,-0.26721928831776515,0.92198065223323722,-8.6788706324832336,4.5988849120092956,-4.6529689097895393,,0.0655025801780087,0.2592592592592592,False,5
-0.78885586296834431,-0.48272281645051723,-0.38037495966289764,0.49755262390879113,-0.86493496036755779,0.065794382552389813,-0.36076005031315195,-0.13735427482264034,0.92248901851783605,6.6590375378418258,-6.6574889303666245,2.0577712881323107,,0.07699974539383514,0.2033898305084746,False,5
0.49433790874690353,-0.73269460270122844,-0.46774849133720131,0.86642957120893216,0.45877158441874516,0.19704931226629857,0.070212748916739537,-0.50268006972865364,0.8616164560795897,-15.942145786130325,-18.259604582021787,-5.3045479249220069,,0.2117820620417921,0.2307692307692308,False,3
0.64616315085648035,0.73484711357983934,-0.20608954883400976,-0.68988438476923908,0.67787647720989763,0.25405317808889732,0.32639350196778666,-0.021981840434303512,0.94497834925691637,2.7521564922930315,9.8987867569911874,-0.71054660562838245,,0.07033980525590422,0.2857142857142857,False,5
0.53147810723185895,0.78096097865456382,-0.328071594857199,-0.79583060042618292,0.59301827846936417,0.12240497059569302,0.29014595802551046,0.19603385223000994,0.93668887674687418,5.8440234868368623,0.61515350803436508,0.89802403454066182,0.2949034177628211,0.1997696965304796,0.6814516129032258,True,5
-0.17440715662145811,0.94087180952695793,-0.2904175989100638,-0.98432223545016884,-0.15871074368445315,0.076945673286489921,0.026303621758260468,0.2992843762654448,0.95380133235690268,-5.4140328823695141,5.7138508722302834,-3.4279744751559704,0.5084300454399462,0.3683884986289178,0.6775147928994083,True,5
0.92916453539923416,-0.034064847166891718,-0.36809353749260909,0.11542362064660802,0.97269660964509597,0.20134222950430689,0.35118464367502533,-0.2295667479676301,0.90772708138207114,-18.090070550912902,9.2314695458147789,-8.653338261720954,,0.1416848710993849,0.1904761904761905,False,5
-0.8482101634361644,-0.26736135701196923,-0.45722797751265776,0.37017556533768814,-0.91665520514188537,-0.15070927547172647,-0.37882656911906293,-0.29708776424317451,0.8764869028493657,0.63500972687216639,6.5496061863100579,-1.2890678183895843,0.5923778264803261,0.3141609559159342,0.2222222222222222,True,3
-0.61619692615061539,0.71836616877200588,-0.32287984725957003,-0.77112145410716815,-0.63368428816000444,0.061773181517510746,-0.16022812243229967,0.28704402189033418,0.94442187515899989,-0.83777276205686924,3.7796288812274184,-1.5810929120841177,,0.06686720727171551,0.1233766233766234,False,5
0.75059262711667574,0.61034885951854434,-0.25315010922869441,-0.55874413002849066,0.79078772111804163,0.24991954162818106,0.35272610518190028,-0.046141627770887539,0.93458827561117008,-2.8011375714276561,-25.871125729871931,0.64971394800371696,0.4600850482422582,0.328078376048487,0.1666666666666667,True,5
0.072471247535899147,0.98417850191143463,-0.16168053270556529,-0.99034252489536179,0.090219184820446649,0.10527194343325577,0.11819306944347865,0.15248991791492006,0.98121211940631392,6.9293429719912849,-11.840123626017697,2.7281804150178446,,0.3547496258715075,0.2608695652173913,False,3
0.54918803340549838,0.78672642544062543,-0.28187592213173712,-0.77382967049213613,0.60609340695288705,0.18395223052269269,0.31556321875375931,0.11709958822155672,0.94165149679066984,2.9760688208158328,-6.0638548054333654,0.57685064523100205,,0.1264881588400601,0.4285714285714285,False,2
0.89566236303005442,0.2487064228999048,-0.36869234689609659,-0.17041894702037302,0.95766831452311751,0.23201030549291901,0.41078743158461573,-0.14497073693260992,0.90013175229259046,-9.1592873352307098,-14.196022946056514,-3.1451933222516728,,0.25724104094894,0.4166666666666667,False,3
-0.19822597850660603,-0.78248665962931441,-0.59027204655756538,0.96430898091621087,-0.26354578429524933,0.025530548457513361,-0.17554102303859953,-0.56414381772945099,0.80680053430089049,0.76669696395503251,6.6377481991642062,-1.2222023904839003,,0.2543010777377657,0.3238636363636364,False,3
-0.80525183137643797,0.50210714879239138,-0.31536946459108606,-0.53372202326805862,-0.84549604737931661,0.016650397731071589,-0.25828335204488689,0.18172739198461024,0.94882288392456515,-4.7997705162794526,5.0483898553876276,-3.2117009286817981,,0.250611932907596,0.1394230769230769,False,3
-0.018993375820588777,0.97996500381602747,-0.19826205630627664,-0.99283447625202248,0.004912983033180475,0.11939667232837807,0.11797861857265612,0.19910915070275145,0.97284972717584639,6.7165306934792612,4.338967945634745,0.97026407946597482,,0.1012586440803958,0.5,False,4
0.87307269234479479,-0.27630298723172392,-0.40174710095859884,0.36265039498426349,0.918733906056454,0.15624564275527836,0.32592754547532565,-0.28210754883391237,0.90232287236407371,-5.7556871242130825,6.7529539420184834,-3.6343505821619377,0.3300324359364634,0.297551029591606,0.6988188976377953,True,5
0.76123997525681641,-0.51661314728128671,-0.39194968570866839,0.59575385273346715,0.79586308476771572,0.10807079743041031,0.25610749115211501,-0.31577334650052102,0.9136170678219786,-6.9356939522810537,6.6570903338984779,-4.1314986071421833,0.1796096012353555,0.16238453206409,0.5625,True,6
-0.42722053424546325,-0.76223971950193525,-0.48628512740226154,0.85383309586864353,-0.51704001071840744,0.060321403462441962,-0.29740823713944209,-0.38943579359108982,0.87171560910178103,-5.1743994881909989,1.2861783321935607,-2.9763120795360249,,0.1645440434713774,0.225130890052356,False,5
0.6138027181450938,-0.64770952475501198,-0.451351963260748,0.7808974551775586,0.58210437192619646,0.22661346977093294,0.11595424828313813,-0.49155556321340271,0.86309196530789667,-5.3136085282198806,17.319103094560607,-4.285901092401823,,0.2213163317640948,0.3333333333333333,False,3
0.90686749211058593,-0.14001127861985613,-0.39747728691371798,0.25909002112361823,0.9291160223245063,0.26384802067487906,0.33236081704560205,-0.34225759147040324,0.87886064218035098,-3.4045335194363138,-13.02449958287796,-1.1963909955155279,0.5227840746817035,0.281856937212344,0.25,True,5
-0.41946916075014723,0.88669382201917912,-0.19447284944842358,-0.90315326763846837,-0.42922441330181849,-0.0089765349477791134,-0.091431932788967399,0.17187340986531835,0.98086682717265128,-13.665314821439122,-9.796932923937737,-5.2562456357335101,,0.2363939400778509,0.2916666666666667,False,2
-0.49790062428212262,-0.73959073703723976,-0.45288023806320349,0.82147894883048123,-0.56959658349770426,0.027056768027780981,-0.27796997134194013,-0.35856000021816997,0.89116071573858413,-12.022498074249153,-13.184453466260855,-4.3412968209190561,,0.1439093784457158,0.2222222222222222,False,4
-0.045726533695079813,0.96518725719266918,-0.25753182845839967,-0.99515205690046282,-0.021542033240247456,0.095960014853352968,0.087071624327402924,0.26067124766028571,0.96149312679822063,18.395259626859549,0.021647989010754737,6.0512897615233339,,0.6887318735607691,0.3269230769230769,False,1
0.17372803102235043,-0.84054569655654032,-0.51312912920373044,0.98479315305933757,0.14881464011973822,0.089647356756803326,0.0010084267678078795,-0.52090031185085139,0.85361692121767385,-6.7039743205054529,-13.036616042742349,-2.4705927885020222,0.4004128362540849,0.2514620860174955,0.2040816326530612,True,5
0.7558499948941616,-0.47209096561254493,-0.45367488954703117,0.61457185131245862,0.75052709642572335,0.24292080418348333,0.22581458055863754,-0.46242750536466559,0.85741972072570072,13.492446688554816,4.8061969615733089,3.626241153013182,,0.5942552822721765,0.75,False,2
-0.54140449845312377,-0.74698543204406653,-0.38586776668784101,0.78724569336128847,-0.61152503622311449,0.079254957929607781,-0.29517009899179653,-0.26086374678413848,0.91914346990821583,7.8361291699977969,-5.9865375096098443,2.4155362847076916,,0.08029530522175528,0.3461538461538461,False,5
0.92448123121141323,-0.02085793188669241,-0.38065653785957831,0.11705507962461832,0.96579929926322483,0.23136512675150275,0.36281201947000696,-0.25845049858739838,0.89530485216378752,-2.3221230062009162,12.48717153112146,-2.8622456116726527,0.5959044043614639,0.2486323475124267,0.2894736842105263,True,6
-0.39782153774583312,0.87961800269214951,-0.26078764051506609,-0.91492916539204483,-0.40146855060496178,0.041564710875552677,-0.06813696809044105,0.25513755547748329,0.96450100122520199,-25.9067456992281,4.2144428521479611,-11.221397767988254,0.2720884499381452,0.1984965108981931,0.2142857142857143,True,5
0.062060731593253204,-0.91895245260841196,-0.38945456145626978,0.9945057791480244,0.023978321951481904,0.10189845591358487,-0.084301369118727335,-0.39363870480603963,0.91539163708400362,-9.3579813226664417,14.69870050486419,-5.682765907617549,,0.07041998034038019,0.3333333333333333,False,2
0.9227337952780279,0.14484068656450083,-0.35718835166803858,-0.10340007669580324,0.98575987609261229,0.13261180499932845,0.37130953016467055,-0.085432091168377411,0.92457048979917689,-20.536619561172056,4.5432455362259789,-9.3054256224678937,0.372327043061616,0.2815993416111328,0.8115942028985508,True,5
-0.68283325117513716,-0.59732315609259334,-0.42064688075056089,0.64280190448386376,-0.76484520017387625,0.042632515324602174,-0.34719513631603649,-0.24128171701678511,0.90622219700905682,3.1413056284357133,7.2412910580506864,-0.38370714132214673,0.33781639832018,0.2293548349909616,0.7547169811320755,True,5
0.379699213243053,-0.83968965858990141,-0.38826509593289743,0.92363056977437885,0.36781452155108574,0.1077916894496188,0.052297973582765958,-0.39954193145816563,0.91522192224936094,-16.15085619994203,4.2229147516977656,-7.4419481766213735,0.3683731529415398,0.4464155098259798,0.948170731707317,True,5
-0.93148058037167936,-0.023409082265723857,-0.36303711002859768,-0.0054052496933378741,-0.99692681246567505,0.078151864103050098,-0.36375089232356844,0.074759249959490084,0.92849143392887712,-5.3680653546236066,13.357615251881585,-4.0513785042376327,0.5636710830322428,0.4968188293530378,0.9661016949152542,True,5
0.5641140102327995,-0.71156999541338972,-0.4188597916802938,0.81203465467483993,0.56999772549218386,0.12530886856424897,0.14958309752837756,-0.41081715465779578,0.89936319825345867,-4.5419290528086416,-6.4120760000413259,-2.2611501855036056,,0.1169826413106085,0.3656716417910448,True,5
0.50603980023977613,0.7947919858596445,-0.33500659663142529,-0.81389314764514098,0.56858547511701341,0.11953452096463701,0.28548496420927783,0.21217034830353457,0.93460263134188981,-0.15444786042210432,10.368228527930802,-1.8354126601804228,,0.09851544648450605,0.21875,False,5
0.78996056088382149,0.52226024786338365,-0.32125775593718486,-0.49514651732899251,0.8523824130313209,0.16814918474935503,0.36165209611598881,0.026238434720466719,0.93194383195465813,-0.72308828302109618,2.8310802132020747,-1.523617868223462,,0.07062400388726814,0.2887700534759358,False,4
0.56645295433331988,-0.73629821406992491,-0.37012969414043628,0.81278252377257598,0.57331833222218709,0.10339564298292343,0.13607211167956501,-0.35940371435950563,0.92320818374170344,-13.216750473855837,16.506432118009837,-7.3138528987692881,,0.1518123586000402,0.2727272727272727,False,1
-0.068931675389063959,0.98390545732488954,-0.16485895539628995,-0.99421553453780309,-0.05410852732808822,0.092777896904894616,0.082364403790511617,0.17030067033539459,0.98194388163048707,-5.7543001176885191,-4.9519085014965318,-2.7555173520056955,0.6467348433543406,0.5826550647686843,0.3184713375796178,True,4
-0.56374353374953712,-0.7259077158787185,-0.39401930940415403,0.76881643131994792,-0.63553101008370849,0.070863461349565907,-0.30185182306563052,-0.26297970121232395,0.91636627702149343,-12.389587652954223,-1.2317350370377693,-5.6333889908979442,,0.06921887974738393,0.4444444444444444,False,1
-0.46886995131546766,0.82263699252686373,-0.32160433342818723,-0.87848379056365999,-0.47216279417771329,0.07299675000435929,-0.091799773803292364,0.31675017651242432,0.94405620977196758,-12.630200717329371,-5.1109447050145009,-5.3312753543665607,,0.2197559786507402,0.6875,True,3
-0.19223041187926099,0.93314462402749909,-0.30379035435199259,-0.98093906144637166,-0.17375556340241158,0.086991734753506078,0.028390605443411682,0.31472228207626191,0.94875911520641976,-10.923776175821169,14.578335754957445,-6.259975472162381,,0.08022076330523797,0.24,False,2
0.67898854912512241,-0.53998609467874403,-0.49738271754310159,0.70414828275410279,0.67070127194502682,0.23309869091389668,0.20772516951830944,-0.50850252837613574,0.83562876481345927,-0.9332275903795284,19.319025711025436,-2.8077263028600492,,0.3247048197792604,0.1578947368421053,False,4
-0.91611062415030708,-0.062100121601168415,-0.39608698440627343,0.14583507485679281,-0.97187118917665538,-0.18492842558640907,-0.37346145083589166,-0.22717827040778896,0.89939789759264877,-10.770330614242226,-16.234182069674823,-3.5807617047814366,,0.4020968766912756,0.1578947368421053,False,2
-0.62165044343193687,0.74599813218766409,-0.23882527704033718,-0.76342217858824157,-0.64527357902952065,-0.028435636901904371,-0.17532057329492234,0.16464748701073617,0.97064612583607934,2.7958951586797554,25.546502969103397,-1.9188777640834391,0.5242742044353899,0.3355964219522388,0.4166666666666667,True,5
0.89250888364979253,0.35803942006064404,-0.27429120709355514,-0.2682502983234204,0.91027260897045492,0.31534989267085289,0.36258746538676412,-0.20787388253640754,0.90847057129201658,12.574342935536524,-2.4442027776246382,3.8606087565833747,,0.2698529504332762,0.2142857142857143,False,4
-0.84904732293677998,0.40032241977109995,-0.34476166208338449,-0.44245682718795271,-0.89539796504449887,0.049944371744372031,-0.28870503890416738,0.19494728626677793,0.93736063288819704,19.432781108304336,-12.819186367068106,8.0160938890532663,0.7164728021310546,0.6976105972532949,1.0,True,5
-0.20133466518268822,-0.90048510012764416,-0.38547494995639203,0.96301977354176305,-0.25390409040195128,0.090142268912704437,-0.17904543658900507,-0.35307123548267982,0.91830465223224678,3.089770438822919,3.8057677496780262,-0.20371869200581252,0.2492978334886824,0.2117799697436928,0.8211009174311926,True,5
-0.85196550663445159,-0.28315263733743823,-0.44043087933744607,0.36071591705885492,-0.92711151800526481,-0.10172639953504313,-0.37952444280374381,-0.24553781205921618,0.89200469738879828,-16.237068436914814,2.8567877979287997,-7.4221668161450678,,0.2998502437770411,0.4705882352941176,False,4
0.66444168658973635,-0.60862659142778874,-0.43369449769253199,0.72526694437004957,0.66513114705097987,0.1777313045773839,0.18029172062498511,-0.43263637090475737,0.88335760937711005,-2.4547874118043227,-16.845840698912131,-0.34052691554790032,0.2559278659825159,0.205557481582991,0.5384615384615384,True,5
0.62906919308937348,-0.65342657464899756,-0.42107678854143049,0.75936875223843026,0.63238545620799524,0.1531265257898097,0.16622589578563321,-0.41607973553044575,0.89400593132885875,-14.53379495252474,-1.9128398712009413,-6.3667786967104423,,0.1251355870599454,0.4,False,1
0.4583713199591572,-0.77085748118292297,-0.44235107860523959,0.88423651986744067,0.44569610445511237,0.1395734910584896,0.089562882778617889,-0.45511946363329342,0.88591464817471344,-21.009642768442987,-21.356026321420959,-6.8728768049797084,0.3066826755532985,0.2615797651853868,0.7894736842105263,True,4
-0.34684270939167872,0.87430410910889511,-0.33954743370719564,-0.93717821453176242,-0.33748684065981538,0.088315494611736461,-0.037378190818963875,0.34884804310295231,0.93643361413094472,5.3327505434678422,-4.4816192720400494,1.3227912714573238,,0.09511443613376507,0.5,False,2
0.46269896799173432,0.83532106874172962,-0.29689792376431295,-0.83722616267108396,0.52185423173945489,0.16346410417787788,0.29148244811383911,0.1729360371114102,0.9408140674489115,-1.1225916642744904,8.3483472731594812,-2.0891720605459105,0.4377325275964135,0.3790238755187116,0.3316195372750643,True,4
0.76181593048924878,0.56533520599598319,-0.31627929574077407,-0.5415700910550082,0.82371956327580786,0.16789257741598776,0.35544102819943441,0.043384166906745875,0.9336913245470031,-0.57039967452201035,14.520269792192121,-2.2482766778391605,,0.08182223431823461,0.2222222222222222,False,1
0.55425777606969484,0.77591357727143428,-0.30125809245914748,-0.77704144046968926,0.61207979015911507,0.1468500264608982,0.29833691936981027,0.15269725303561338,0.94216698703378032,-6.5629842491572905,2.8995193095201088,-3.6380469708701622,,0.07758897392397282,0.1367924528301887,False,4
0.26366292469413533,0.935286819128202,-0.23605174878993407,-0.9231874899791821,0.31561219832557563,0.21934857787101469,0.27965464503146353,0.16008593390160458,0.94666032624124408,-5.4621789463401011,-9.2949406051552206,-2.2600859985528015,,0.7384781225714474,0.5215311004784688,False,2
-0.46320571148982181,-0.74348475141150117,-0.48235971355595864,0.8472899096643457,-0.53110736996150509,0.0049770024671579177,-0.25988512428415955,-0.40639314215566136,0.87595909504077607,-7.0126282318800781,13.227960759714914,-4.6368647815155946,,0.1578912155381199,0.2564102564102564,False,3
-0.87007628137475534,-0.24139881386199116,-0.42976025555546793,0.32093554848885031,-0.93918330259253657,-0.1222092379795266,-0.37412249104436152,-0.24425670266627156,0.89463457618033182,6.2733773735308169,-15.191162965724985,2.9356981561682289,,0.1284161974193886,0.3214285714285715,True,7
0.048606984876906324,-0.86942446354210556,-0.49166905863161581,0.99473750357929613,-0.0023125433963337595,0.10243022559709107,-0.090192349974967986,-0.49406047639693179,0.86473671465274937,-5.498385063075121,-22.817187286983216,-0.82912728840643124,,0.3211476421833728,0.4897959183673469,False,5
-0.5905605422060064,0.73444559378431407,-0.33440681177295661,-0.79474496347127099,-0.6012356470123249,0.083042999697259923,-0.1400667306193577,0.3148100483346698,0.93876298629692823,11.125704060992904,-3.9292214122008229,3.4775268851051937,0.1324861014195661,0.1068538104405517,0.4444444444444444,True,5
0.27713682444438881,-0.86036714459649266,-0.42774239564924932,0.96078993873041751,0.2522379549336386,0.11514646206157463,0.0088246343426765794,-0.44288191494999507,0.89653652197718325,-12.827222905520081,12.234958297041249,-6.7502628792851613,0.8037990211979574,0.3754424657342291,0.2222222222222222,True,3
-0.75726902012805797,-0.50791479540026951,-0.41056813291802602,0.54858362056489574,-0.83580243881722327,0.02214259503971415,-0.35440039842274751,-0.20846305159592321,0.91156103126291754,1.3888983942238371,18.428999220600264,-1.8492539823859035,,0.1440378157435613,0.3043478260869565,False,1
0.89723340126161066,0.2668734856306737,-0.35178227119605887,-0.23809332254745313,0.96335024579036777,0.12356323763140058,0.37186528934392005,-0.02710805420855926,0.92789081253032668,0.27543055839584385,14.621156998256392,-1.9548372807578516,0.1503666693794868,0.1330066148000865,0.7222222222222222,True,5
-0.93150537691474911,-0.01532351762459842,-0.36340462653428357,-0.01149523440261797,-0.99737283818335865,0.071521194341978289,-0.36354586005749323,0.070799798457924917,0.92888201412955407,-15.120877682500984,-7.5217502414795208,-6.0243508028650252,0.3577168888228306,0.392679775243453,0.8666666666666667,True,1
-0.41324091626712567,0.88830675555848149,-0.20035731369698118,-0.9083199179350685,-0.41772953042048644,0.021376765356592428,-0.064706041488700489,0.19082229283771843,0.97948965321284465,-4.1838339912164075,15.158150634010273,-3.6783417802128175,,0.2404665396571808,0.3055555555555556,False,4
0.87721242636261942,-0.24488824034243253,-0.41295049192002692,0.370507845016607,0.89230795676104668,0.25789619439238709,0.30532326445286673,-0.37923114329246876,0.87347664201221276,-13.656453701142008,-7.7426336532657913,-5.4731139431969806,,0.5473757032746327,0.2352941176470588,False,2
-0.46341978723438187,-0.78266835136403545,-0.41553862945909381,0.84424401314665865,-0.53243880402158061,0.061326717163831222,-0.26924737151115108,-0.32239598593216212,0.90750574719346222,9.5914569569112604,-3.1106211123444667,2.8051836747911643,0.3316672890903065,0.1996709974238321,0.5507246376811594,True,5
0.10292945224835305,-0.85703134719995255,-0.50487899320182383,0.99260047552653796,0.055626496897099781,0.10793511396874855,-0.064419126386064951,-0.51225283089465723,0.85641532762793593,10.545111121998771,-12.077491060987278,4.3013202658439473,,0.1061846975590079,0.2941176470588235,False,5
-0.92970933405160661,0.19862289438628422,-0.31014432124888691,-0.1667996225492745,-0.97787564340327882,-0.12624227483708736,-0.32835718371117967,-0.065636665547833012,0.94227033702702534,8.0998155388342798,-10.989781789961063,3.2073493554901846,,0.276417873024239,0.16,False,5
0.90007019696758495,-0.22565359865021387,-0.37276546775008568,0.29333839907516868,0.94637149555773503,0.13540153626835974,0.32222076928520471,-0.23121731295909287,0.91799364378476322,-1.5745363991328127,-3.7499250303512639,-1.3095867099720209,,0.0733789725131107,0.3484848484848485,False,5
0.18334118649921199,0.92134779174267212,-0.34278893795448606,-0.96876904178343071,0.22855701650210286,0.096167738299664907,0.16695075026808517,0.31445180371332077,0.93447713194404303,-2.9099690958350317,1.0440534985409633,-2.1375576045181308,0.4163587952182476,0.3892883326269255,0.957034795763994,True,5
-0.10380338933796744,-0.89604125987202832,-0.4316652834881437,0.98398481906921897,-0.15575313043177214,0.08668816644744981,-0.14490939308156572,-0.41575356037880495,0.89785869981254862,14.889509737704881,8.6993771190463978,3.8989931513834022,,0.2863384650580519,0.4210526315789473,False,5
-0.25603007620132756,0.90905722489955831,-0.32873022668787066,-0.96666344277387239,-0.23963597830866717,0.090201919628215416,0.0032231172658607199,0.34086589702985015,0.94010640448681593,-8.8059162451506854,-0.58241545464474065,-4.2570438753734843,0.4249224037689194,0.3689170953845404,0.9638447971781305,True,5
-0.67471395531795053,-0.61700524482998886,-0.40505012819587327,0.65639285686615478,-0.75255754060682833,0.052967589438171675,-0.3375048087869203,-0.2301340390470053,0.9127589101825393,-7.6465115508011685,-11.251982906515332,-2.9303758459571529,0.2369543746430381,0.2113544851216881,0.8698630136986302,True,5
0.85984795463240904,0.37719193132373513,-0.34407519797092934,-0.34805400953541543,0.92611981966263313,0.14546644312134002,0.37352362891895419,-0.005322271350062191,0.92760539674308329,11.048754985614236,12.882061887363552,2.1635362441511252,0.1562140454970976,0.125839114585779,0.4583333333333333,True,3
-0.36987285134364123,0.89142279847768502,-0.26183863006274977,-0.92822277897597449,-0.36667239493498266,0.062879467099867178,-0.039956807042654294,0.26630198862730436,0.96306111146910056,9.7985349134759048,2.7476150101099543,2.282916577487319,0.4823829328631882,0.4633322393463319,0.36,True,4
-0.29361226185871081,0.89449169152119001,-0.33715938884417057,-0.95578049173324553,-0.28082581994769751,0.08729553524013231,-0.016597930846035225,0.3478814060139836,0.93739161295659479,-7.5288563552838399,5.0679497723060383,-4.2558795036796013,0.348336495636632,0.1623477185674615,0.5486600846262342,True,5
0.30568081941577907,-0.85996529173220948,-0.40867949992290209,0.9518332635357144,0.28679099697293797,0.10846364590137485,0.02393063033537593,-0.42214999830771505,0.90621007711266777,-12.657969441470041,13.078482032386393,-6.8677644818970558,,0.09111127949161672,0.2272727272727273,False,2
-0.52590186712263121,0.78794050218951706,-0.32027642930172678,-0.83878445332134532,-0.54285908398660432,0.041769077074298444,-0.14095342146732034,0.29060932528492389,0.94640284923181595,6.6022244849069605,3.4130620776658374,1.0772652083448062,,0.09565068688590823,0.2857142857142857,False,3
-0.67167718899690965,-0.6352866803585534,-0.38113066990235761,0.66092271178748885,-0.74626807808878504,0.079152540509729682,-0.33471020723109551,-0.198732959985709,0.92112664047384751,-4.0378368450385702,11.859052398850706,-3.46028499012515,,0.07369336165183853,0.2537313432835821,False,5
0.88673817663697563,-0.17597062728954083,-0.42746899820438317,0.31758205827344288,0.90384506766624495,0.2867154162548744,0.33591225395531038,-0.38999798972139321,0.85735904127497065,14.729394484872325,-1.7832193040093169,4.6422856926037293,,0.2888295111545346,0.3611111111111111,False,5
-0.57584474563160792,0.74314100919311243,-0.34079945625530539,-0.80605536296009372,-0.58574565246133048,0.084715892640769785,-0.13666594591097353,0.32348643105715141,0.93631135214209915,3.9829609958975483,2.255887416122548,0.14531644411445233,0.2738876676558307,0.2548823156223273,0.9134328358208955,True,5
-0.71908436555702848,-0.56937807474129043,-0.39840467268262247,0.60433624398515084,-0.79540192969573542,0.04597254008884559,-0.34306760181830953,-0.20771224865231691,0.91605689907474208,2.0135748511445568,-25.165968226859338,2.4287085882745276,0.3591218982357532,0.1582113002326107,0.6111111111111112,True,5
-0.84487184320800057,0.4162867529960475,-0.3360013509412193,-0.44687810359910052,-0.89446085297945377,0.015483636877061849,-0.29409442204500974,0.16323333534323456,0.9417342242664517,-3.7880343425697873,8.2529670700758277,-3.0736888254953754,,0.182492744883657,0.3209876543209876,False,5
0.79623792299068286,-0.38682629641615313,-0.46515651816614034,0.54914408250252444,0.78475704918583233,0.28739719971775463,0.25386206223842367,-0.48427449876501716,0.83727669452932163,-5.9141389843839738,-11.453769372253229,-2.3836831994937082,,0.2775395131528831,0.1818181818181818,False,1
0.54498170426911985,-0.7440225548098286,-0.38655579150516312,0.82968585896529223,0.54503057093988194,0.12067747169200058,0.12089796294790378,-0.38648688810256426,0.91433668190653117,-1.0832345328397408,-7.9920384504647686,-0.80375572093970094,,0.1156114970551662,0.3823529411764706,True,5
-0.64878843442867473,-0.63180099796094069,-0.42414745823492678,0.69933632899930553,-0.71477519769970488,-0.0050115561578502332,-0.30000377713183002,-0.29987316607010295,0.90557927205613975,3.1664191912008106,21.999241699943209,-1.4774457181482274,,0.2080037147197624,0.25,False,3
0.35985881958521254,0.86415653133028525,-0.35176003088177626,-0.90289423671910463,0.41755742781358979,0.10211655975954786,0.23512470577581607,0.28085455993611619,0.93050367484332208,9.0077902577470113,-7.5900502270636823,3.1294153716611905,,0.08813477790947435,0.5111111111111111,False,5
0.91952904547918179,0.15185394633288343,-0.36250063931429666,-0.056265577140847907,0.96370383959213013,0.26097719131064345,0.38897367436518293,-0.21957979993276863,0.89469782167630929,-3.1043035213932959,10.418761884666264,-2.9456742324514602,0.3440619884048324,0.1758964609249712,0.2714285714285714,True,7
0.19232841972448267,-0.86172558619080719,-0.46950909796338874,0.9805280274597985,0.14940310057112541,0.12744999374473481,-0.039680805587613791,-0.48487908559129039,0.87368055147409229,-14.202246618419274,-0.93451386849135976,-6.2635992369262308,,0.5110834432530567,0.9883720930232558,False,2
-0.18151776351629409,0.967007928579943,-0.17873714664716905,-0.98335698872408328,-0.17705310988476089,0.040758177187389097,0.0077675128288616502,0.18316075546815075,0.98305228925057198,18.656037918011041,-19.950009976126736,8.3975999875615965,,0.3900995880832339,0.2,False,4
0.86123120180125867,-0.33621777666882424,-0.38110159235541202,0.4152139202577933,0.89790494920802644,0.14616464213990071,0.29304985491911273,-0.28412023658937602,0.91290605962074878,1.5505507453399534,10.214863234146641,-1.1968780920135385,,0.08203806285709009,0.3333333333333333,False,5
0.28864060499059963,0.89310697279355888,-0.34503121061461473,-0.93361457498928069,0.34243634793748329,0.10536210409262084,0.21225085752063771,0.29171438558762386,0.93265872146406781,-9.1447578681946258,6.823514717510168,-4.9717411375719482,,0.07611702928743518,0.226890756302521,False,5
0.89077443669203304,-0.25674194241437864,-0.37497263625667931,0.36741836895763813,0.89245832166321626,0.26176685475167621,0.26744091887461974,-0.37094705700324437,0.88931076447557511,-9.8442177052208102,12.174784517348554,-5.6119192335526158,,0.33346169853852,0.5256410256410257,False,2
-0.38312047664855287,0.86702296002882728,-0.31857477482600177,-0.92218198077647962,-0.37877718174364999,0.078155236046651977,-0.052906471284290865,0.32372678816123668,0.94467024507129227,-2.1987408087310514,-3.0005683349312378,-1.620626877205896,0.359467246951362,0.2740026289065042,0.8973418881759854,True,5
-0.55347025776733316,-0.69005013998197795,-0.46637053731750217,0.77490561308472283,-0.63189104503966653,0.015329644760037994,-0.30527358971380536,-0.35290864470785066,0.88445662636090661,1.7726331335532961,11.798159979330409,-1.2770128480644749,,0.2680606907394484,0.2666666666666667,False,4
0.83402548661006481,0.42471272064422688,-0.3521655755576108,-0.40686667277373506,0.90456850073462891,0.12733945996719107,0.37264057518052818,0.037080080928773101,0.92723463553053309,-4.9672606244965438,8.703483684160636,-3.4848422475831971,0.1894524930139546,0.1706346486634587,0.8,True,5
0.64778506200782227,-0.62224578796784824,-0.43952780662410212,0.74057939438727793,0.64964355619375536,0.17177139023977256,0.17865238327124283,-0.43677617752368697,0.88165180014521727,-0.29944127486872218,7.6953970549783346,-1.6435462004454739,,0.0775052967591303,0.1923076923076923,False,5
-0.91747614177553194,-0.099966863425097044,-0.38502487645557587,0.13840380604365246,-0.98765436832687048,-0.073370533577733391,-0.37293687903627148,-0.12060462238984967,0.91998511363656676,-8.2087669217972739,-2.2215423113433763,-3.873378321756797,,0.09306889445771714,0.25,False,3
0.1926851177905721,-0.89837072026209208,-0.39471824680118822,0.98063399405984175,0.16192212102772482,0.11017348327127362,-0.035063015789804378,-0.40830292149047054,0.9121728505201584,-5.9010433062334444,-13.895519200430027,-1.9860085752658052,0.160258366100234,0.1437319673451481,0.5483870967741935,True,5
0.59171144856385727,0.7617394318460613,-0.26387610655249272,-0.74539709115192943,0.6416405519466758,0.18077770493013839,0.30701911689779982,0.089724244596462943,0.9474644171634572,-17.029252670027351,9.4167214815993088,-8.1446238209163369,,0.1751270413636957,0.375,False,5
0.49211469423130383,-0.75603753567379139,-0.43154417198466727,0.86734117153727663,0.46821989547139276,0.16878809685846852,0.074447430298003908,-0.45735913037465403,0.88616037261037861,1.4253129938055131,12.713803768147235,-1.4584577305972386,0.1869399019619496,0.1405495419562687,0.2325581395348837,True,6
0.66003075235676711,-0.62819207708679725,-0.41198800981185879,0.73689197482089785,0.64804857411092021,0.19241430050118685,0.1461151032163272,-0.43059001367679139,0.89064168818549216,-6.398534911988575,14.543268972639851,-4.4978265136420754,0.9044899589339301,0.4032133728999602,0.7956989247311828,True,4
-0.87652358652577611,0.34230447481954579,-0.33842879425738182,-0.36724486875867846,-0.93006570545865308,0.010439822801138712,-0.31118741721736032,0.13343698905555768,0.94093408978385706,3.2496639737992155,-20.510172021020072,2.3914174000662811,0.3346736167418954,0.2055800641259967,0.3888888888888889,True,5
0.92406297431173545,0.13266561735172064,-0.35847936269586855,-0.090693436363684252,0.98715327055879276,0.13154132820382214,0.37132508682648363,-0.089040745716588238,0.92422368801905241,-4.5051870367801854,-3.0639901195712738,-2.4356241087709507,,0.08824006376265663,0.4099722991689751,False,5
-0.32587805124260882,-0.73191656799268678,-0.59841593663281278,0.91837352046561849,-0.39536860209740926,-0.016545252585783224,-0.22448512785016855,-0.55496108509817832,0.80101474480857482,-19.680101621033984,-12.014906727804142,-7.2748105745105764,,0.6091660387928983,0.3809523809523809,False,1
0.74278774745416154,-0.49676621017517075,-0.44887603484723104,0.63089093410189456,0.74377418343096835,0.22085423548041144,0.22414948471949125,-0.44723964100892966,0.86587164869291799,0.92152530658357557,19.68172742593493,-2.1422921522059237,,0.4265015057161817,0.375,False,5
-0.81430794452639466,0.51379670754905138,-0.27002872956956087,-0.50726454786224484,-0.8560670676519293,-0.099155706663499613,-0.28210857832279562,0.056232721733703292,0.95773306878436104,-14.848228699891001,2.5057076317165952,-6.8104736376683901,,0.343595652342137,0.2962962962962963,False,5
-0.85733136736928928,-0.26599734682749715,-0.4407134420521302,0.30599949743751359,-0.95180449370635367,-0.020796954786224536,-0.41394109978678534,-0.1526879734658998,0.89740690250642852,12.318726016478875,15.386323955733639,2.497368451047556,,0.1920087715954317,0.2857142857142857,False,4
0.46415446136356847,0.82937591416266532,-0.31096017269602017,-0.83857228054514743,0.52451175421343599,0.14725471127693898,0.28523177645137321,0.1924136499804191,0.93894612252440035,14.739676994161021,2.2398486708575094,4.3740322872721755,0.6611206241154821,0.7108601807484477,0.7290322580645161,True,5
-0.89187984066007353,-0.24723483834294768,-0.37871530802662401,0.25651699978054265,-0.96617250682149314,0.026640493348720387,-0.3724907765942041,-0.073386795622991025,0.92512972040705621,2.9482255886406912,-4.6987698435595897,0.51805727377166122,0.2357460086432974,0.2135055143228642,0.6904761904761905,True,6
-0.18938681397788013,-0.82079135705131812,-0.53891945862175317,0.9661173674102701,-0.25378570527473182,0.047011149597266134,-0.17535640016708093,-0.51175615676615238,0.84104445122263294,-5.3801445653505287,3.2407206092822372,-3.2299637320440922,,0.1126813218385978,0.2424242424242424,False,5
0.90345658770034998,-0.13380567246213301,-0.40726187663197377,0.28047898281800782,0.90297223143336702,0.32553446738805131,0.32418780720165341,-0.40833465598354857,0.85332588990641856,-19.888594154621636,-0.66097921188067332,-8.5470877424903939,,0.2753570412448798,0.2142857142857143,False,1
0.90527574616412054,0.23641882736946487,-0.35296169972426611,-0.18910607519433348,0.96824497906935136,0.16352538895103658,0.3804138742627442,-0.081288366770650891,0.921236932442556,-9.7235866496973671,-7.6404430603957474,-4.0185899322076528,,0.1027283511585631,0.2075471698113208,False,5
0.31284185555543187,-0.84411649426768931,-0.4354277408685186,0.94954254849275532,0.28873486846595625,0.12247907712679597,0.022336562280687214,-0.4517737485037997,0.89185287920615453,-11.082937127609144,-5.0014348525719745,-4.8136600819673587,,0.1457822540505889,0.36,False,1
0.78620209290802801,-0.4593530408071187,-0.41337761551430313,0.57622349779809523,0.78661555511275838,0.22181625062194232,0.22327729327534879,-0.41259029600307051,0.88312881164172941,2.8291557752599692,-2.5960740756996654,0.15038016137639093,0.8257940791728355,0.9106965405796379,0.8492063492063492,True,2
0.49627045109974854,-0.76540122963816404,-0.40972746677961386,0.86467203753761601,0.47807467946007853,0.15422992044247352,0.077832556592988406,-0.43081963572651905,0.89907537760004841,-6.8769239802624629,10.609827476127922,-4.4130979313818939,0.866796202669514,0.3588364437630299,0.2666666666666667,True,3
0.93733478975321438,-0.032093515328052678,-0.34694884088606598,0.10464746558402678,0.97570784109994935,0.19246588467288284,0.33234379769319711,-0.21671228643056573,0.91792340913874659,-3.2770527821502045,6.805286403057428,-2.8006343973718937,,0.121724889354872,0.2583333333333334,False,5
-0.15261912943030637,-0.86396225007363137,-0.47987147422996851,0.96931056058096532,-0.22554928624899792,0.0977985512100394,-0.19272892486119075,-0.45021855794744348,0.8718708686506127,4.1646777941390534,4.9920413158113526,0.083673406787053664,,0.1852313004963021,0.1568627450980392,False,5
0.91970778289829613,-0.11576104381301311,-0.37514927004010207,0.20661597345158242,0.95522780334735846,0.2117774379551195,0.33383743587404163,-0.27228518954857078,0.90244852593460601,4.2736288416789847,11.518435359957467,-0.28867768459127741,0.7951608686217976,0.3344867436893692,0.2580645161290323,True,6
0.86333567338523065,0.37195234263495758,-0.34103221236246628,-0.33898044236851166,0.92808815648177545,0.15409293783268693,0.37382318648275342,-0.017430680039150243,0.92733618318345268,5.4453204678860976,8.5421115491067656,0.32599734081038872,0.4824964722563157,0.2065797024322302,0.4523809523809524,True,1
0.68560632674894573,0.6750805276512335,-0.2724155757440293,-0.64006698539227236,0.73728034928993103,0.21617571732682445,0.34678266815495201,0.02615277685161857,0.93758083029159844,5.1749382286435095,3.2050973290092322,0.53986665453771354,0.3319235612508392,0.1349306410958802,0.2857142857142857,True,5
0.80684870047979151,-0.44532494739712619,-0.38817633333295759,0.52960266269360601,0.8363981930947656,0.14127661609641801,0.26175598217025575,-0.31956807383335228,0.91069207308756484,6.8423462198687108,11.170538399764252,0.65099332689584366,0.4029424412218682,0.383195404471017,0.9112149532710281,True,5
0.12461978201485359,-0.8961546494498086,-0.42588349838900935,0.99052937523702267,0.087434202939491432,0.10586225459950123,-0.057632167433857261,-0.43504264667481379,0.89856353634623376,5.8784687813506613,-2.8735266840895397,1.3464272081535822,0.2025821526242067,0.210891894633175,0.6597222222222222,True,5
0.20958066929069488,-0.84565638967500201,-0.49085763074592909,0.97778364917469818,0.17926369595537398,0.10864466263480781,-0.0038831000857967729,-0.50272238652586565,0.86443919602217445,-3.2811046275671294,18.039552035192852,-3.5652960517030667,,0.2473695765056925,0.1052631578947368,False,3
0.37362922077240202,-0.78856922854073164,-0.4884258154353478,0.92628683879791429,0.34496889612486198,0.15162174308509463,0.048927473415003322,-0.50907271828793887,0.85933175772815151,-8.3439156684038061,-7.1289359771913743,-3.4835230429276778,,0.08400535724487437,0.1857142857142857,False,5
0.042197122623635043,-0.91620974037931791,-0.39847097068211601,0.99521709592644658,0.0033755798406163405,0.09762959303647839,-0.088104113513585047,-0.40068481016230401,0.91197003683628908,-10.987388527996531,4.4218604896646179,-5.4701764801533397,,0.06546111631541104,0.1666666666666667,False,5
-0.75344282516864292,-0.46847142011308873,-0.46136583937166342,0.55040330367460488,-0.83322856589728955,-0.052785985610075609,-0.35969447105282926,-0.29370850432013718,0.88563830200824811,8.9445072011732876,14.711809725874931,1.182333149130314,,0.1946052085919611,0.4375,False,6
0.5551589647134989,-0.72714417257457398,-0.4038067312329951,0.8214451772939716,0.5554973154114542,0.12903702286996774,0.13048503591873423,-0.40334115195638998,0.90569838828374893,-8.3570827188330217,13.211418008123614,-5.2075438339562199,,0.06620822546855872,0.25,False,3
-0.044774256204339377,-0.92282285146431653,-0.38261370962972147,0.98994113918008053,-0.092438250556828666,0.10710607262353523,-0.1342080733048249,-0.37396945684007621,0.9176791587535077,-12.704528948647139,-11.235333403870531,-4.780486338421376,,0.08278165420340694,0.1724137931034483,False,3
-0.56770084432973134,-0.70410514387538448,-0.42655796524685385,0.7671764074354499,-0.64041984510703365,0.036094069700174328,-0.29859020617185084,-0.30675457349697155,0.90373974152791581,8.4474964116116649,5.3070769500387209,1.5851760187798125,0.16533097980155,0.1192413159873533,0.35,True,5
0.92402009374970429,-0.091018158516495043,-0.37135234100117587,0.18239492515235092,0.95854685696639219,0.2189064052934922,0.3360341613965101,-0.27000669958376328,0.90231780684769125,-8.1201145407780899,-17.934888207887756,-2.3895719610681261,,0.1149726959213403,0.3870967741935484,False,4
-0.90870849379427698,-0.1279480858125121,-0.39733884864564994,0.15281407529742388,-0.98775554502283291,-0.031414036156461531,-0.38845428520886471,-0.089265170215265199,0.917134121974158,7.4819037383198062,10.256177573529175,0.91943558067470799,,0.4110680234791502,0.1363636363636364,False,3
0.63387829440498678,0.71047262198974048,-0.30565824262605684,-0.70223089502728975,0.69430077556635317,0.15753794183349326,0.3241451495108289,0.11478277941827764,0.93901801665229967,-0.68458794768036302,5.355237287894747,-1.6204360839358802,,0.08387040657204445,0.4189189189189189,False,5
