axis_00,axis_01,axis_02,axis_10,axis_11,axis_12,axis_20,axis_21,axis_22,location_x,location_y,location_z,dbh,dbh_approximation,score,reconstructed,number_clusters
0.69295865893576392,0.69308824354590004,-0.19858747106604061,-0.67004626062051809,0.72078262581281893,0.17751173187943847,0.2661696933056189,0.010054500725345222,0.96387374763542322,27.79952445964441,-4.1973207496400757,7.3776870938534502,,0.2442862868814418,0.2222222222222222,False,6
-0.6046381245850837,0.75856590671803525,-0.24287960693166136,-0.79311144369662223,-0.60149044522704076,0.095830486683708777,-0.073396022887435491,0.25057336144455156,0.96531135617410302,10.78109831637512,-5.5064692160351738,2.715050452657628,0.1474280161217606,0.1690631901626044,0.3181818181818182,True,5
-0.65822739348200199,-0.63642449998394568,-0.40212007446790665,0.69818730205734103,-0.7158465952068378,-0.0099067339052504588,-0.28155139800004791,-0.28727601353221743,0.91553334310294598,-12.665152666308904,7.7091662892409403,-5.4779797492869893,,0.2917236645769775,0.1794871794871795,False,4
0.94151599492150906,0.21395715075560851,-0.26032665815759765,-0.15239601407371345,0.95939761429348402,0.2373429429800184,0.30053799460535008,-0.18378943203708292,0.93589441630457504,-1.5499423642357613,-2.3953335687085939,-1.1329766406147439,,0.1379133980697151,0.2683823529411765,True,5
-0.41984952990676072,0.89379065577419048,-0.1576852430882944,-0.90758945580009509,-0.41399531802337663,0.069923217712075242,-0.0027842337472147177,0.17247069404819379,0.98501071452902234,4.0915508648582737,7.8683872492268856,-1.4139774203563233,,0.09419627573236343,0.2444444444444444,False,5
-0.93246776435397438,0.29189013396023983,-0.21284740575673719,-0.2990105736872436,-0.9542488788965795,0.0013243669604986741,-0.20272282866989949,0.064878554402003935,0.97708455515107795,1.5269752190413008,-5.1749327884192011,0.16867972783567314,0.285219238749635,0.1371464020458474,0.1914893617021277,True,3
0.50529278191627447,-0.78049265224655795,-0.36811740563636208,0.86008598800645764,0.49020943865747063,0.14123313876737145,0.070223199715393536,-0.38797670811565688,0.91899008492010992,-9.6200852512258468,-6.0570227330308155,-2.6883212363318814,0.3095801616915431,0.2228769998726191,0.7029702970297029,True,4
-0.6728612441734737,-0.62414287286634507,-0.39711889949921941,0.68626196664087014,-0.72707833539371325,-0.020040143295708412,-0.27622863579203905,-0.28601183271195751,0.9175483487627325,11.102528272667186,0.50152067725444893,1.7659972509019195,,0.1729402145267194,0.2647058823529412,False,4
-0.35576322726533477,-0.87046805886337586,-0.34017331556778685,0.91851757080388374,-0.39285075237022915,0.044651522781180314,-0.17250506731770818,-0.29656979762068214,0.93930205838640712,-17.319733774515022,2.5193675218706164,-5.9529142189124089,,0.1427978700200489,0.25,False,4
-0.96394253953113229,0.0049932447742041825,-0.26606361643204196,-0.02955565346866678,-0.99564700272750906,0.088394056970862361,-0.26446406907236375,0.093070475803838329,0.95989407889794565,-5.9859151286310963,-2.6356432547842328,-2.2946409671214689,,0.08515610782043834,0.5065502183406113,False,5
-0.92853773374910131,-0.22668225675041265,-0.29399461130882043,0.23550348421739922,-0.97185770878628519,0.005541010209224706,-0.28697697804100863,-0.064091718242013027,0.95579101571799596,2.9874216034531726,-5.4009989179792148,0.61206335375807341,,0.08095481231218873,0.2463768115942029,False,5
-0.80512422063168765,-0.524356785251886,-0.27717314284130196,0.51895159529866552,-0.84907024791598229,0.098838028313308013,-0.28716585989491739,-0.064262554136913841,0.95572281182705532,-4.2813512286278419,-14.228803001144268,0.053813740595021364,,0.06824017271706267,0.3846153846153846,False,1
-0.20489378405152911,-0.93000074926673282,-0.30515101772788289,0.96249696174445121,-0.24808028587040104,0.10979877228440356,-0.1778148922046395,-0.2712098414987506,0.94595300410986438,0.52767751427223697,5.38249403816737,-1.8740198538606498,,0.07838152417743767,0.25,False,5
-0.89129649598997129,-0.33577441963022397,-0.30470657255462286,0.34351068004186769,-0.93868256064108813,0.029588224777162386,-0.29595771477218308,-0.078298080885016719,0.95198657637413731,-6.9292840622334326,-3.0474003513249075,-2.5056516109023659,,0.08059495748987552,0.4163424124513619,False,5
-0.80134838238894746,0.5759324702969234,-0.16168660952688624,-0.58217451845850032,-0.81299540061280473,-0.010550290993035283,-0.13752672504000735,0.085675365421501073,0.98678575773045163,-12.443688612846364,18.719240437825668,-6.8260863241272025,,0.2222961275153131,0.3548387096774194,False,3
0.2730298986139717,0.94100807660829378,-0.19989615859441817,-0.9429505192302613,0.30293304391686754,0.13811549220360045,0.19052294545861381,0.15078252770537337,0.97003383270510379,12.027107708755821,0.10198513126690537,2.0857448248489745,0.2757960427541812,0.1573992183936456,0.5161290322580645,True,5
0.95824045443151518,0.094950491352412014,-0.26973994083713426,-0.060253717735735159,0.98912993615334999,0.1341322440887868,0.27954377294067484,-0.11227810827230326,0.9535454396162184,14.043745911099517,-2.9597710833602164,3.2175150558426036,0.1647246112449505,0.08235526923096552,0.3636363636363636,True,5
-0.37378486963161645,-0.77521773310228836,-0.50923701507080654,0.90246431725891074,-0.43071189330592763,-0.0067395132785360301,-0.21410984869660676,-0.46208736322103927,0.86059993111929978,-15.850916774488841,-4.5790295383476129,-4.5376520582710702,,0.5870078203694495,0.2903225806451613,False,1
0.89066832573571575,0.40583957139190746,-0.20494920303228908,-0.3499093346479743,0.89970370133584376,0.26095345816600218,0.29029879616930809,-0.1607093404099974,0.94334464372658366,3.4866406015330127,1.2015611374931874,-0.42724033842844977,,0.689435462334792,0.4657894736842105,False,1
0.78556380185191144,-0.43981514778031222,-0.43526101250049165,0.6015800021444474,0.7075394300979192,0.37079570638910975,0.14488276032660957,-0.55312800565483422,0.82040136221269666,-0.084426031224354436,16.864624828789147,-3.5579033579988573,,0.7301328066106377,0.4838709677419355,False,1
-0.0056766926896215748,-0.89234358652015044,-0.45132105950914991,0.99100703488082864,-0.065358913743867111,0.11676159133434727,-0.13368931137834084,-0.4465995252914805,0.88468979424011018,-1.5803087077224229,1.8775689844817149,-1.8423086218901561,0.3509461683528323,0.1658535659735644,0.2878787878787879,True,5
0.70901793138124458,0.66419943976272688,-0.23692335722494876,-0.64665240542643809,0.74639217023791704,0.15728761796064608,0.28130808651025768,0.041687317332879559,0.95871159794670568,-1.6626187578529648,9.6467210862974468,-3.0286630916034367,0.4782001942614177,0.420242275673398,0.8722826086956522,True,5
0.47587741234193182,0.8611111155798008,-0.17896461954156578,-0.84729203409256593,0.50342456619209441,0.16929239533299439,0.23587474936081754,0.071072869501742769,0.96918096856818192,-8.0263324981312909,11.208110852668703,-4.9002812377095699,,0.07622951037442338,0.3448275862068966,True,4
-0.78881390362534465,0.56625130823090031,-0.23902318166684217,-0.59636082139816526,-0.79923527160475083,0.074677649428640164,-0.14874944083475422,0.20145082911141138,0.96813798980397103,-4.6556999481372987,4.9260889810559982,-3.2188251466942281,,0.1255852540954377,0.3939393939393939,False,4
0.16684714459811423,-0.8133509242689565,-0.5573350018887111,0.98322435723264545,0.094996896936192454,0.15570951453570625,-0.073701381831732665,-0.57396503688232448,0.81555640071840807,1.6251183959873186,14.691011420834277,-2.8703914258803369,,0.10785707552951,0.4545454545454545,False,1
-0.27886495886654739,0.94603196686420632,-0.16509952267465736,-0.95949267825884643,-0.26729428964469376,0.089036863663340265,0.040101559620849436,0.18324104451344794,0.98224975669205217,11.687157527259325,-1.6956922774464704,2.2915622061189445,,0.08189916658159299,0.2857142857142857,False,5
-0.94782490918179141,0.18815595669692889,-0.2573427238023101,-0.21267709184590661,-0.9745563647960197,0.070769671749522825,-0.23747925412232637,0.12180815980479637,0.96372525963911138,-1.1754137098558908,-11.358468146646988,0.53967153823348479,,0.07229653693938579,0.2222222222222222,False,1
0.50425042814000054,-0.80712087179339176,-0.30706254091976698,0.86278197652337196,0.48593856684060477,0.13953841852094059,0.036589161059693315,-0.33529033325220781,0.94140407143828186,-1.6789231836100031,-10.03682669708752,0.051312538138599574,0.2796789795854115,0.2424922686361662,0.5148514851485149,True,5
0.116226058136955,0.99183790001293992,-0.052431703270716362,-0.98231399687644561,0.12259170124163005,0.14152910063766908,0.14680161767013905,0.035055026524112548,0.98854460201086847,-21.086526029026427,12.230426833703518,-8.1901756141031328,,0.1271022637952773,0.2727272727272727,False,3
-0.60898798685226063,-0.7266957434464808,-0.3178787950247664,0.75088501401187613,-0.65731190512609972,0.064130765720378652,-0.25554907082988071,-0.19963555754490261,0.94595999733694902,-4.9485293370856587,-1.3102133324896155,-2.2705413776514911,,0.1126301170882605,0.267175572519084,False,5
0.39906329657358891,0.90867374952966862,-0.12272123794809336,-0.89162500125079536,0.41578390747784066,0.17924452411992128,0.21390030965928608,0.03789141325090789,0.97612032984131125,12.49976454959628,14.033153584024598,-0.0041204113887689103,0.3371820192712587,0.228018765877876,0.5666666666666667,True,5
0.49331492079210987,-0.82470757307858267,-0.27658237078799375,0.86929981508236787,0.47873212418014938,0.12301782300025513,0.030955135626166905,-0.30111953139043468,0.95308384069480978,-9.4386355448390145,-12.769718778042176,-1.4619987925085345,,0.08032338148616361,0.2916666666666667,False,1
-0.95984115800566971,-0.036805352853779512,-0.27811925032195023,0.053333911497531049,-0.99721682753982599,-0.052096955340774409,-0.27542774965988509,-0.064837989425289122,0.95913272796030591,-7.4260924930572765,17.49514000667924,-5.4826777351492604,,0.120891475016542,0.2857142857142857,False,4
-0.85853798604161347,0.48142958334122654,-0.17645986174624248,-0.48002347264480383,-0.87562521773773061,-0.05345973972789797,-0.18024980508625582,0.038807658337554882,0.98285501139319731,-7.2713790665770111,2.7845001928862656,-3.5028953622307881,,0.09846144319177645,0.3472668810289389,False,5
0.29790826124521447,-0.91179940585839392,-0.28261725240708924,0.95397418344865459,0.27369649030741716,0.12257034105718455,-0.034408214067655832,-0.30612427977813406,0.95136953920913003,-1.035741198040798,-4.65564501104308,-0.67075665495823067,,0.07862693521237704,0.303370786516854,False,5
-0.9616965088848739,0.067696971539377204,-0.26562557264511066,-0.095015088031547748,-0.99127402490607774,0.091367065143095491,-0.25712245690527197,0.11310582474347722,0.95973700281071539,0.2430281110477861,1.551244083012514,-1.2956649377138649,,0.1423240084089159,0.5358851674641149,False,5
0.20964893506603016,0.9479151204323506,-0.23980043469810558,-0.96140068812189627,0.24453972944627564,0.12613103345761187,0.17820224719240313,0.20410106608752263,0.96259374292455946,6.0292423588583839,16.911929234032993,-1.9584569585789731,0.2524551455796809,0.1157039781789966,0.3333333333333333,True,5
0.9625004069018005,0.087044204285674248,-0.25693632132133748,-0.018606900798084126,0.96607717131348259,0.25758237965674263,0.27064136778504139,-0.24314235658809813,0.93146929336195927,1.0818386775737392,10.640199472773054,-2.5012689504584,,0.1363137299534415,0.3137254901960784,True,5
-0.62596571592389716,0.75828237746510851,-0.18213939308602722,-0.77556685062869735,-0.62975657473243141,0.043620141989222733,-0.081627095340746997,0.1685659888801383,0.98230470053802266,-12.872432891614919,11.431579026217364,-6.0321057136719718,,0.2811789505490366,0.6428571428571429,False,5
0.53025398107907085,-0.76023865441214566,-0.37532373211323378,0.84738112378249708,0.48975490178198539,0.20514718432781448,0.02785581818774685,-0.42682235709733851,0.90390637174154453,-13.113115115069297,-10.185376840906692,-2.9066866752655462,,0.4382565609936009,0.6732673267326733,False,3
0.92709601147574994,-0.18956397909958422,-0.32335504222710038,0.29156041386949461,0.90685985568312422,0.30429874665307788,0.23555362567790475,-0.37639168425765934,0.89601550737232094,16.658394207007774,-0.26908694375605724,3.5487067847305616,,0.289514035692992,0.2,False,5
0.65414376315062017,-0.61562017500455968,-0.43944025448120017,0.74347975914953546,0.63014736459780774,0.22394674953074759,0.13904598112169717,-0.47320830404568559,0.86990810785743999,-4.0496286448285748,-10.068225227421268,-0.56436041597663256,0.8247413253309617,0.6709775265847981,0.28,True,4
0.41278988524686511,-0.81861028844734707,-0.39935160734123931,0.91081954609648563,0.3726803627735828,0.17753056540084292,0.0035021545471417836,-0.43702007145107458,0.89944493553659288,-10.381955432177243,19.556029274091991,-6.3918150886946732,,0.2038719637965989,0.2352941176470588,False,1
-0.80384642962120889,-0.4868479670989545,-0.34177474236234878,0.52676695591389622,-0.84952080110863271,-0.028826769519907397,-0.27631049879156205,-0.20320793639856174,0.93933968448170879,18.413860980349874,-1.404494264765322,4.2093144634673001,,0.3050528312546001,0.5714285714285714,False,5
-0.95511888929612476,0.1418251247003289,-0.2600644945267892,-0.16713461047157388,-0.98285772119909265,0.077824943699582469,-0.24456886411040443,0.11779785177610025,0.96244986197966897,3.466577298268585,-6.0612037844689883,0.83553699442267082,,0.08318131162787716,0.4782608695652174,False,5
-0.05560084412002643,-0.95125770688609879,-0.30334356960868947,0.98863340184892812,-0.094956342345523151,0.11656453061277287,-0.13968730393903644,-0.29341449885471088,0.94572479558277556,-16.915043427957642,5.0904723974285684,-6.2437008228779192,0.3615730924535374,0.1785971686673025,0.5542168674698795,True,5
0.21766343805984689,0.96386763408801179,-0.1535637056388891,-0.95924218056539401,0.24030725142804407,0.14868377159343196,0.18021394717423012,0.11494176294401878,0.97688859363553127,1.8879888592506093,17.022687795380797,-3.0255579641755004,,0.7589231659644982,0.6222222222222222,False,4
-0.90605875357859278,-0.2114534912327673,-0.36653097564746046,0.24599302136432744,-0.9679992613181968,-0.049647391950372904,-0.34430359931847188,-0.13514751619211623,0.92908028736134818,-6.9493322840951572,-11.300860934976821,-1.1181561725117617,,0.2236590867823282,0.1818181818181818,False,4
0.56637448898074827,0.82412316619846915,-0.0063988410517449856,-0.7842865490145936,0.54134992638938573,0.30304268054679184,0.25320850551783303,-0.1666171183678794,0.95295550189933242,-11.234927668191453,-9.1060529878209628,-2.6124993961061813,,0.6294465594198602,0.5585585585585585,False,1
0.60599182785117012,-0.62367870893248933,-0.49375983291667352,0.79223419897779324,0.52912418197291433,0.30396146798814605,0.071685971763046683,-0.57537159130061144,0.81474453258465651,-16.734506884567189,14.604537487760767,-7.3609105967613138,,0.2875756064097525,0.5,False,1
-0.82690743132260724,-0.44968960428821109,-0.33764383574790796,0.48007726817402296,-0.87719460243128344,-0.0074462103106615052,-0.29283086689421139,-0.16825245692273111,0.94124449221944972,-1.9727734914686681,-8.3634543252897782,-0.20820337012497186,0.3858333904138424,0.1498747048815236,0.1578947368421053,True,5
0.88385198471464643,-0.37090508987754928,-0.28501768965961877,0.42585979952158454,0.89012109451415855,0.1622586461559182,0.19351770013984643,-0.26479020262057035,0.94468886323950152,4.1162278815178892,-5.3790042221202388,0.96902027796184131,,0.1097920497462837,0.2676056338028169,False,4
-0.10829020528527862,0.97649579346079129,-0.18635771192159442,-0.99202624631787395,-0.093988320326859942,0.08396500615497085,0.064476026984770993,0.1939643291832685,0.97888747103471707,3.5229990293881954,8.850553169422092,-1.6887924351073391,0.3899246897695419,0.289763191415984,0.6268656716417911,True,6
0.2280293010943997,-0.91101985486427084,-0.34357744670668,0.97171146749494863,0.19065385759831097,0.13938411143920082,-0.061477327375319482,-0.36564180645266053,0.92872310598629038,8.2294850251772331,13.679664117062252,-1.1984002744073876,0.1942566609442166,0.1932939771191378,0.5714285714285714,True,5
0.96771844804242535,0.008524260767699722,-0.2518895438415914,0.070929259025059893,0.94982230466280571,0.30464180569841853,0.24184715324459941,-0.31267383412015998,0.91855594708438038,2.6062144980145985,15.737135263079869,-2.7307405062878805,,0.259827020439093,0.3333333333333333,False,5
-0.82864417559802983,0.50056364783314067,-0.25056908172286868,-0.53461035974705606,-0.84038423068238677,0.089140944977585596,-0.16595358838719154,0.20782295178433302,0.96398600986376459,-24.697729623003433,-5.9791673616660681,-6.5570934559754077,0.5989590446788658,0.5693873063313124,0.9830508474576272,True,2
0.31260083030584296,0.92853315584680751,-0.20026707014701195,-0.92894593933610892,0.34286197300289972,0.13966069332319458,0.19834354711725341,0.14237923290188592,0.96973604210383901,-2.9967378231042368,4.6937892663097847,-2.6795775468917311,0.3425583586470462,0.306810148115912,0.6733812949640288,True,5
0.6920451638664481,-0.65737537541618585,-0.29821319046194167,0.71414746972911003,0.68370658349504121,0.15012894179687314,0.10519925212933592,-0.31686420353515421,0.94261879562708784,-17.735301715051243,-0.7418082258503117,-5.5539748376486147,0.6676910259805061,0.6369961880365632,0.9647495361781077,True,5
0.88990877863579387,-0.29105381730380864,-0.35121224514505545,0.41222525947128841,0.84279695675864519,0.34606881560203484,0.19527596155384391,-0.45274823590075686,0.86999214578522155,-11.900627957581101,10.796505734514714,-5.7260557698865018,,0.1139114880813723,0.2608695652173913,False,2
-0.33737862677931679,-0.77510194117057363,-0.53422152987886218,0.91856276029285266,-0.3952187137998513,-0.0066800947274225086,-0.20595659153248413,-0.49296972427929175,0.84531812552927177,-13.959580729899457,-4.1283323132996763,-4.1246668570991343,,0.1811641999489217,0.3333333333333333,False,1
0.59530178780596987,-0.72703091286497334,-0.34211377226551259,0.80064612034004801,0.57259852493484154,0.17634261886133074,0.06768730619137342,-0.37888914075381841,0.9229634053413972,-14.912118864409759,17.058188407145149,-7.2474822542566519,,0.5402092542391146,0.125,False,1
-0.74727115422685197,0.62369472033359574,-0.22932666196599866,-0.65332636312270065,-0.75262220998432439,0.082002879749299512,-0.12145157598538905,0.21110354062949946,0.96988907088612775,-0.37066786770884597,-9.0988418708795855,0.31694076556150103,0.3481074962942011,0.3282952794254347,0.3235294117647059,True,5
0.23501051044011115,0.97155786710834857,-0.029075261693669752,-0.95478418026815037,0.2363503138491404,0.1803488238195349,0.18209126583215135,-0.014623269240830183,0.98317288963048377,5.0943707256779938,1.0564126709470936,-0.031943280047658847,,0.3047213284176594,0.1,False,2
-0.94979358493260657,-0.15037619352389395,-0.27437045475439298,0.1372699777966703,-0.98830058537589682,0.066474853451226681,-0.28115671647067159,0.025474563135112378,0.95932369272133922,-6.9768926220136951,-1.5270274253402205,-2.7918940650404362,0.5025097899085934,0.3902425457892474,0.9535845588235294,True,5
-0.9614243312817492,-0.104499467976366,-0.25444668677760163,0.095476569556029026,-0.99429333001422993,0.047592000956334493,-0.2579679822870567,0.021462410905381441,0.96591505062964755,-17.21522944341514,10.932535450474981,-7.0561132381989724,0.3006758184515839,0.2327355389759672,0.325,True,5
0.70558534760895286,0.70046892283383266,-0.10720356982658788,-0.63891709639356475,0.69428606090412981,0.33128810659340668,0.30648696738290593,-0.16525784029279234,0.93741964191401095,-20.111285126449054,17.781271998541516,-8.5870176725213856,,0.3747909561546094,0.1153846153846154,False,3
-0.20657811027269141,-0.92985480414588517,-0.30445940215894363,0.96327633027707593,-0.24783511855904708,0.10332698358489326,-0.17153482411479437,-0.27193344262087504,0.94690443387929379,-15.470734649190971,10.672421620562835,-6.5921676997654766,,0.07543800979022594,0.2173913043478261,False,3
0.96389320136967882,0.017559250130443776,-0.26570955776593536,0.04440768786443456,0.97325119321936415,0.22541089626639521,0.26256019045515516,-0.22907157752969076,0.93733044267014642,-5.1921731060417935,10.226175046466148,-3.9883869052198251,0.347482841664193,0.3175621911497325,0.5510204081632653,True,5
0.94926240471045997,-0.13610734701604296,-0.28350604418877784,0.20443725101818452,0.9520929891666956,0.22742988012957827,0.23896923944190526,-0.2738498312358088,0.93161149227168538,-6.2597687193418787,-16.655574631485802,-0.17212746220606656,,0.1288687464688731,0.3125,False,2
-0.80705629530561696,-0.46962172480818343,-0.3579323564526663,0.51209016295525134,-0.85846515621304198,-0.02830619318418448,-0.29397925302993017,-0.20613833014823624,0.93331837420660502,-21.063195074268233,3.1862938127176288,-6.978957248094007,,0.429348242738954,0.2051282051282051,False,2
0.24366465567210707,0.94655265613527673,-0.21134238746509715,-0.95255015411008503,0.27455058729776438,0.13141605274587659,0.18241639038487711,0.16929277650776003,0.96853715279345209,14.325970602592641,17.294181088009797,0.32118264873805741,,0.136323315687236,0.3571428571428572,False,3
-0.58718046354491937,0.80360216846565513,-0.097173340317558948,-0.80705579206373457,-0.5904435156268214,-0.0061158278768735641,-0.06229006122611927,0.074833212489762824,0.99524868177803205,-7.4770619837682046,-5.5085647430780744,-2.1742692925666161,,0.1283286972833922,0.2906976744186047,False,5
-0.87083042319568926,-0.3988765034416103,-0.28731848015575118,0.42662062587349114,-0.90360718340743196,-0.038586262760175155,-0.24423188902378476,-0.15617808135805022,0.9570575694738489,-8.7351183146171749,-4.3541786295412424,-2.735881104565733,,0.3907762761663983,0.4201680672268908,False,2
-0.18635344561996617,-0.89925674190515781,-0.3957394413546455,0.96877878240951509,-0.23522936080028664,0.078325082640404053,-0.16352389445797774,-0.36878782511846731,0.9150166533925419,3.9001364236920111,15.912726876017141,-2.4412651364840694,,0.4675761247587629,0.4838709677419355,False,5
-0.97351011540459342,-0.074205862013578802,-0.21626730045884487,0.084641839386420781,-0.99563271458791325,-0.039385995830825693,-0.21240012766055,-0.056647927456564287,0.97553943953315259,-21.354945943525866,-2.5198744778136843,-6.1814165471252762,,0.2473908226346019,0.1142857142857143,False,2
-0.82118973966083353,-0.49763933208195266,-0.27928928844622986,0.49179931070988392,-0.86540518783870513,0.09595467079376499,-0.28944921741310048,-0.058557288418136899,0.9554005414024318,-6.2448340035096574,3.0778925190053967,-3.244548083510681,,0.07861688819073341,0.1571428571428571,False,3
-0.016137033470186933,-0.90210294995267948,-0.43121904391788779,0.99289091973208354,-0.065323960603098696,0.099500762231774009,-0.11792886696802136,-0.42654782599117769,0.89674396261019829,-23.475134684669904,11.667597622724989,-8.7299249901804057,,0.1198837529154123,0.8,False,2
0.92631321581915183,0.32264455532086889,-0.19453615890260811,-0.26469929872136239,0.92477415373292737,0.27336248068081215,0.26810092774028388,-0.20172569372627591,0.94203430778048214,1.2448376136236952,-9.7638932836026093,0.87632585652119421,,0.2975949754124716,0.2,False,5
0.80651445685598311,-0.44302032275338926,-0.39149383712873687,0.57067525260651819,0.75638240391808054,0.31971145601243733,0.15448037721596156,-0.48126775569384328,0.862854078268525,-19.633512676242241,-0.051845939314461867,-6.1338079523373743,,0.1814357648702801,0.125,False,1
-0.25422547317546096,0.94577757666756201,-0.202173648781307,-0.96589559536192293,-0.23766555862234837,0.10276566111870265,0.049143744761158653,0.22140428568020407,0.97394303459354814,15.034903936039159,-0.66112015986016548,3.1571606500840126,0.2354335950433743,0.1426566791092108,0.5147058823529411,True,5
-0.85457367435790266,-0.41801980156397373,-0.3081611276505386,0.44200997237935169,-0.89696473671973287,-0.0090247104389715727,-0.27263715706344982,-0.14392257148105239,0.95129137177136402,-14.050755713113997,3.2105982450496384,-5.1946624939649055,0.4037423024156885,0.2100236489284975,0.6,True,4
0.88964639455629935,0.40840615117864065,-0.20428829710100163,-0.35681729437597454,0.90089017024204798,0.24714028323092854,0.284974930629322,-0.14697386448176353,0.94720006971711623,0.21534383664240372,-4.3712095127823067,-0.34136141981738322,,0.08178441599269573,0.3186813186813187,False,5
0.952160711988843,0.023461902247876285,-0.30469577891367422,0.049872222827271051,0.97175206292128924,0.23067442337304328,0.30150081249503558,-0.23483497897700439,0.92409403889090391,-3.9744887429641076,-12.433575563549834,-0.12042414583028088,,0.1611481150973873,0.2941176470588235,False,3
-0.54924803676107181,-0.67297606073196137,-0.49540873609152175,0.79740891905369371,-0.59938285240964806,-0.069851356829293748,-0.24993121039143418,-0.43340906534008372,0.86584696809153705,-18.792259222071461,22.15806295579852,-8.7554143612094766,,0.4227238948797281,0.2352941176470588,False,2
-0.68746098623807694,-0.67029009793018135,-0.27947911731884056,0.67285109244414931,-0.73268841282091579,0.10217189982907333,-0.27325592362707407,-0.11780863438099566,0.95470012352989642,-16.650436319131643,6.3999544685655332,-6.3223124486251718,,0.2517782185310295,0.12,False,1
-0.1965641040696243,0.97125290427560007,-0.13427713479039591,-0.97865437686581125,-0.18596908806166157,0.087470617506138285,0.059984694987114194,0.14860448923813224,0.98707575299243233,26.453553042137759,-6.4660313503498275,7.3671413953385381,,0.1583985980190625,0.4090909090909091,False,4
-0.94334754751428629,0.22879812807183977,-0.24030568280755107,-0.24188126864288914,-0.9699567951016449,0.026024363889490712,-0.22713180419854878,0.082675463270356603,0.97034834533508851,-10.003431040123132,10.805383111550677,-5.2474683656753491,0.2566060127360748,0.2185193956830516,0.4016393442622951,True,5
-0.38913069158703312,-0.83035910131783375,-0.39884968061117687,0.89538761880503404,-0.44268702975021829,0.048054196295238244,-0.21646781967684983,-0.33842570314556475,0.91575636852537445,-15.482434455256824,9.0419758151281702,-6.4007694220140863,0.4475229747340021,0.3784016753163726,0.1063829787234043,True,5
0.23283932258067902,0.94928378977264738,-0.21129632352469216,-0.95544674738047231,0.26381546386313776,0.13237414379989176,0.18140386649751289,0.17106047907555483,0.9684167231714842,3.0708183448569555,5.2456013914920261,-1.2160657901404115,,0.4610254282539706,0.4727272727272727,False,1
0.9448310951627219,0.24072938588254178,-0.22213411351304452,-0.15225629203852151,0.92320045708229814,0.35287240977117595,0.29002107362792151,-0.29958350891804869,0.90892106259897942,25.585032135290813,-2.5794730742585137,6.421341296319687,,0.2190831374786284,0.4090909090909091,False,4
-0.49482868662420448,0.85072245518226197,-0.17724524011219805,-0.86838974091187082,-0.49167469031225053,0.064461281288601249,-0.032308339059452212,0.18581523929704585,0.98205339369720768,5.4550124232706976,-6.1880959973051999,1.3876091071582175,,0.08305785217185563,0.1818181818181818,False,4
0.96227223251685412,0.066102184527202054,-0.26393683283649627,-0.026908656506874244,0.98840483860652706,0.1494382789789806,0.27075463935457117,-0.13669812076227059,0.9528932516541605,-17.489651642177005,7.0586375304764566,-6.58683445629564,,0.07723767078854692,0.3333333333333333,False,1
0.69218129079792157,-0.54329511476956105,-0.47509523143981558,0.71401612242051671,0.61143957371795088,0.34106102769911967,0.10519523559977437,-0.57530171732677771,0.81114850455879406,8.031293863890415,22.095272196172303,-1.8519798048118685,,0.4223122516522485,0.1904761904761905,False,1
0.062798944936505105,0.99783562183102514,-0.019502931060586565,-0.98853523297688339,0.064878441181045965,0.13634104676603406,0.13731127294655074,0.010717260611263379,0.99046996655465991,-21.389445742502751,0.094147260210752065,-6.6337535617699066,,0.2401536560847369,0.3888888888888889,False,2
-0.08989837685644296,0.97074472246591559,-0.22264987231783706,-0.9912140989461361,-0.065428917863272137,0.11495071447207646,0.097020059209302775,0.23102757521952516,0.96809780890115127,12.678301662608847,-8.836309510454619,3.8166621286881171,0.4577641307601555,0.3634242544132026,0.6875,True,4
-0.26308976264702333,0.95677885023970111,-0.1239274324930906,-0.96364902003389008,-0.25441256112246075,0.081577049044656291,0.046522499696995886,0.14088463534788592,0.98893234174276912,16.940195901577276,-7.2252067910461406,4.7017944366117828,,0.1074763255845658,0.2105263157894737,False,4
0.77332262227983095,0.60434366304598619,-0.19167905155860088,-0.56735141775997378,0.79457455424410639,0.21624903817942637,0.28299203281363428,-0.058480891613745978,0.95733771192827655,-10.143020566718151,-11.721923452050296,-1.869814672141457,,0.7909079232016726,0.3555555555555556,False,2
-0.80897532735351241,0.55007376344992764,-0.20731081616092992,-0.56084871645688994,-0.82787857093296624,-0.0081110442391463256,-0.17608985485239359,0.10970837048294559,0.97824150211695693,29.353797713515004,-8.8804800540838631,8.5712770264170484,,0.1110714930839728,0.1,False,4
-0.79631562982407322,-0.50990874127648034,-0.32538360940238803,0.53277853242235629,-0.84597263656775334,0.021847964859111946,-0.28640609820283269,-0.15595952599453544,0.94532966374899607,-10.823699432998986,-11.080585251623813,-2.2098159374637802,,0.0985348839862996,0.2857142857142857,False,1
-0.1795599166444071,-0.8915582968001704,-0.41579086057949022,0.96943714647674784,-0.23219453483375843,0.079229521167021921,-0.16718210240834597,-0.38885665919476553,0.9060025624876632,-20.115661027870949,12.912988104618307,-8.1010610043269473,,0.1369547008886295,0.2413793103448276,False,2
-0.22750998691522203,0.96582645466199624,-0.12417111310153639,-0.9721932785068863,-0.21801931746503556,0.085485708970049354,0.055492657891539281,0.14016717407124646,0.98857155949026443,-20.202370238676963,-1.8634852775629289,-6.0723595040317901,,0.2844855421139065,0.1875,False,1
-0.92117269982532624,0.33231863090488911,-0.20249736948913316,-0.32333236672148236,-0.94315166792296357,-0.076948761682149064,-0.21655723891572698,-0.005409144815164954,0.97625493772147665,2.8145071517173452,-2.8634350387135132,0.10490816096469045,,0.3825967836759381,0.2350230414746544,True,1
-0.79795951797659437,-0.50058292780166558,-0.33567445548339525,0.52706588863310644,-0.8497055647643692,0.014212749482728146,-0.29233911252166606,-0.16558135644442989,0.94187082855775295,5.9284615206626983,20.087254515061325,-2.2652225247970477,,0.2941815657404279,0.8421052631578947,False,4
0.92672947848780363,-0.16548918356016942,-0.33732151402825361,0.28850708041953194,0.88855534913739886,0.35669742929703618,0.24069926931655297,-0.42788166780536985,0.87119523650360597,31.621640883152981,-9.194996428896113,9.2185677240407351,,0.4095343930330484,0.32,False,4
-0.86142357277153336,0.48711710476615738,-0.14375797201464313,-0.48798138503902805,-0.87228139425963946,-0.0316122932393543,-0.14079629302264415,0.042919639708361379,0.98910783456526408,-18.525686547302513,2.8773002511728074,-6.29622354804415,,0.361741865676374,0.3636363636363636,False,2
0.71141935807654866,-0.52804545682424009,-0.46373536902120338,0.6936179635855626,0.63372051421301956,0.34247982489046608,0.11303370092750939,-0.5653019594808304,0.81710285586440401,-5.9440613490386127,19.075810152352098,-5.2151284496470414,,0.2690137232573528,0.2,False,1
0.55502804172141584,0.8227270645806094,-0.1227356920763617,-0.79521811542781573,0.56808402009628989,0.21191671714772997,0.24407380399855119,-0.020018074777842731,0.96955002701452431,7.4329216894169328,5.9704173289870477,-0.20011827653279773,,0.1991629033365651,0.5,False,5
0.96193495073149038,-0.0014522052861701273,-0.27327466340846795,0.059444683102813443,0.97715307935880624,0.20405437792512071,0.26673485001403674,-0.21253176374229038,0.94004402513317453,-3.2833567193185078,17.334107999805994,-4.4425808147438044,,0.1280646790281674,0.3888888888888889,False,3
-0.6731289638292669,0.72475579570300852,-0.14705928957069503,-0.73624703260585378,-0.67546426943401394,0.041089264985507301,-0.069553612653931521,0.13593033992774992,0.98827386773804449,-1.4393717604761225,16.824425861571832,-3.8766966150135738,,0.4490698968063642,0.1052631578947368,False,3
0.94375124009634925,0.24949735445922158,-0.2169900157483097,-0.17521070843193801,0.93387428595720545,0.31173710988378933,0.28041898021956463,-0.2561833096549595,0.92505962369290029,-0.14817302610171929,-0.92225343107198132,-1.0363916427484368,,0.3876752993951655,0.1735537190082645,False,4
0.5632211583878407,0.82418086066401586,-0.059226984216483564,-0.7728604845934115,0.55079641658915623,0.3151348581585045,0.29235012929413073,-0.13171642413786308,0.94719701515262322,-0.60459363296989987,-13.354651379310143,0.91525391089392172,,0.1763770458775462,0.1818181818181818,False,3
-0.61179836245795416,0.78323770611463883,-0.11064112894419362,-0.78855199913143448,-0.6149253519947584,0.0072495613620399413,-0.062357905349564272,0.091681553184937134,0.9938339823360911,-15.498853185985265,-0.082229729653450712,-5.0859160953485665,0.716364800357812,0.6826759439202453,0.3013698630136986,True,3
-0.20205569003546958,0.97738811418562654,0.062337567910173641,-0.97733301716641341,-0.2053328763225935,0.051561453213488054,0.063195503642952428,-0.05050627832018334,0.99672235059195835,-6.5149468085813016,-12.378865661586497,-0.81286079665726985,,0.5107285680367927,0.2352941176470588,False,1
0.88369984161081883,0.41354584775348791,-0.21921318788536248,-0.36541645647384408,0.90223783189894202,0.22899281217626982,0.29248145800223552,-0.1222568055207815,0.94842388741993477,3.7667268813464179,17.537798248258525,-2.6473193161212811,,0.1464845065296444,0.3157894736842105,False,2
0.8789219150365668,-0.32902144741285744,-0.34531312516439649,0.43708747136567916,0.84540412991048586,0.30699576463764255,0.19092095129558331,-0.4207573460709183,0.88685536931550846,-10.304961838459407,-10.264460736510335,-2.1069166068076353,,0.565436900378443,0.1428571428571428,False,1
-0.69578699884338868,-0.562635207875257,-0.44645500904310131,0.6637419772685591,-0.74120064682342768,-0.10034036456060558,-0.27445771960747067,-0.3661464515841959,0.88916237895008143,15.031536570919714,-4.6511908911942079,3.7453379061197003,,0.7126023672113925,0.1692307692307692,False,1
0.96213800955016149,-0.0052746332081474862,-0.2725117040117222,0.09354745265677418,0.9454716121867851,0.31198125688949613,0.25600649343382209,-0.32566180125007088,0.91016760353589676,-15.295147576135152,2.964347403802845,-5.520772000135028,,0.1206949266663083,0.1818181818181818,False,1
0.85452687875876621,-0.4387188822675428,-0.27804595990720604,0.51508765232933718,0.78467049613893791,0.34493031601604068,0.066847018607066877,-0.4379702670627218,0.89650070901943835,-13.013513110397266,0.51855184885389327,-4.5862283824700469,,0.3494561317102425,0.1666666666666667,False,2
0.92466284485934158,-0.23939261214446583,-0.29612463691371288,0.31147111215804391,0.92286080114589075,0.22652524803958485,0.21905334881635594,-0.30169375028166168,0.92789897694378665,16.801907229252645,-6.1806167566196786,4.5576856612361949,,0.0915721150350261,0.3333333333333333,False,2
0.80044377950329249,-0.4384735112515305,-0.40869393901211459,0.57499572001365362,0.75429024736512829,0.31690084363383075,0.16932122672737854,-0.48865857473353247,0.85588732875240525,-15.015329205161882,5.4151842592744535,-5.7476126217922836,,0.3967521238345164,0.1333333333333333,False,2
0.0099022545480086065,-0.95556298645053117,-0.29462064469518773,0.99297049292227435,-0.025356457729339095,0.11561423025352632,-0.11794721506064315,-0.29369444832540131,0.94859476357519301,10.032455001679077,4.5027397072837347,0.78798014805915517,0.2179987775810643,0.127257825284032,0.2777777777777778,True,3
0.94275463745087495,-0.16076385858482375,-0.29217918361475798,0.24627893249386432,0.92636610995629132,0.2849430078702222,0.22485635631342576,-0.34058891951642462,0.91292869761448658,10.821974426091812,5.0596175334215001,1.0089283501017619,,0.1385633210457068,0.4193548387096774,False,3
0.59843809308080287,-0.72238635989611455,-0.34645316535695614,0.79820456643132465,0.57476028620289954,0.18033325686667695,0.068857235480334789,-0.38445878900085384,0.9205705408506204,3.6007537634640658,-12.666263899962615,2.0227891346543876,,0.5034711451440638,0.4615384615384616,False,1
0.96289232532809022,-0.050857609757420937,-0.26505069959165117,0.10630714091019763,0.97415957421473709,0.19927848794403422,0.24806684908661461,-0.22006050871413319,0.94341730474308894,9.7839747507336376,-9.5754982137515388,3.155649723522004,,0.1470692309325053,0.1666666666666667,True,3
-0.35357762216711314,-0.87018642280429592,-0.34315951781891901,0.90996220928385463,-0.40495957332511484,0.089311374681992531,-0.21668327756865879,-0.28068368947875083,0.93502140279391444,17.844913154087145,-8.9641203423174058,5.3339316423912093,,0.1356689265393067,0.3571428571428572,False,3
-0.67307760693342344,0.71232224017739054,-0.19890591040348327,-0.73313615538120347,-0.67803996871283689,0.052660977020579008,-0.097354572145547241,0.18127003882759532,0.97860270810262862,-9.0990244195584165,5.8906793112965588,-4.4257285649790319,,0.08192064106179643,0.3176470588235294,False,3
0.29919742462466148,0.92624717010969682,-0.22923150080594831,-0.93217221862340016,0.33504467641607072,0.13711316359845852,0.20380347377975933,0.17265933125385399,0.96366638387269377,13.902559170089837,5.7886430007557346,1.6900975118228168,0.6679272306041426,0.6930586846915997,0.8793103448275862,True,3
-0.30576865394881309,-0.88930626090328724,-0.34005867814326551,0.92944731788815105,-0.35626018684071736,0.095949791780593707,-0.20647811877497585,-0.28672818764542707,0.93549651676353962,-11.212168159020175,10.094677759640208,-5.4596435559068652,,0.08890775862272884,0.4137931034482759,False,2
0.81668523205060062,-0.46932248215640598,-0.33579999924509718,0.55467188781811494,0.7989773271681242,0.23232375585714343,0.15926182409713238,-0.37599419997365779,0.91283297101464511,4.3394095644861732,-3.7928929262336801,0.71991560032226465,,0.3644678109263159,0.2916666666666667,False,1
0.96033285443227712,0.12427459709523346,-0.24963299704721156,-0.072537448205751476,0.97571409617231697,0.20668894778975799,0.26925661979931653,-0.18038244661678351,0.9460248652370562,7.4176298829434018,4.0022244917475431,0.12975100208523035,,0.07452320141831192,0.3157894736842105,False,3
0.93260056710712824,0.2269809692688371,-0.28059904101981742,-0.15879336877185446,0.95623834292707299,0.24574966439482832,0.32410005903354566,-0.18462900938331489,0.92783149366066864,18.845283396287382,-0.31826458350094328,4.180993835781468,,0.5347304890430885,0.5357142857142857,False,2
-0.33124496045770851,-0.8899751093246272,-0.3134024265285581,0.92797257133646593,-0.36737862920762693,0.062448776198675504,-0.17071521027301115,-0.27014301320623135,0.94756481013031457,28.625429142378337,-5.4822465151147401,7.8785571230049936,,0.4592645481286939,0.1666666666666667,False,2
-0.58686581042039254,0.79216949586155416,-0.16749928473300277,-0.80710678996030294,-0.58883633371651534,0.043016295694409762,-0.064553467448247873,0.16043460325548364,0.98493329110080574,18.775312903900954,-14.844034283108979,6.5582705694722554,,0.256678002236848,0.24,False,1
-0.96201757267505295,0.0054226557538700482,-0.27293366349531561,0.031161143088622705,-0.9910863287011622,-0.12952556590519954,-0.27120319508775992,-0.1331107954533623,0.95327348809665502,10.820191669096076,3.432767791903109,1.2213162860278013,,0.3859669058214026,0.2380952380952381,False,1
0.16552668742959778,0.98286264430279002,-0.081129145088008725,-0.97234551230808408,0.17639048333701107,0.1530705787617751,0.16475776292154914,0.053548294298348814,0.98487941380395594,30.151177911820678,-6.4955517160853047,8.4071652560590469,,0.4951052628107848,0.7083333333333334,False,1
0.95876935841941369,0.17411461856757277,-0.22460057203198625,-0.071019850371537449,0.91205386385319698,0.40387365633779493,0.27516812716815736,-0.37127058735041696,0.88681489204864306,-11.32856721344943,1.4233887565975873,-4.3153205104535806,,0.4145418772547554,0.264,False,1
