axis_00,axis_01,axis_02,axis_10,axis_11,axis_12,axis_20,axis_21,axis_22,location_x,location_y,location_z,dbh,dbh_approximation,score,reconstructed,number_clusters
-0.9694927423025691,0.23216782211361683,0.078625218585801127,-0.24295447481215435,-0.95269526930132464,-0.182605714641212,0.032510702720724496,-0.19613726373613297,0.98003736050352086,6.1907310058325837,-27.034312558379824,-1.4585600409502244,,0.3601070008629907,0.1176470588235294,False,1
-0.98818244515266429,-0.15301478088667089,-0.0090516253957796111,0.15325549125191251,-0.98518179586060062,-0.077003788906890622,0.0028652213241597349,-0.077481003704689397,0.99698971136701175,-26.077572863719304,3.6619491900172956,-2.4388383520235242,,0.3261933199230543,0.4363636363636363,False,3
0.88690405831060781,-0.46194129419296653,-0.0033811346471085552,0.45947500032975219,0.88136444827535443,0.10990647564295307,-0.047790327725899952,-0.099030046125446164,0.99393618232774061,-5.0018340157483978,1.9418824367280689,-3.0567063582824101,,0.09991762645004416,0.303030303030303,False,5
-0.98845137118768922,0.11094297402749026,0.10322569113894406,-0.12448752992682798,-0.98290340275729082,-0.13566044280060571,0.086410310090255793,-0.1469440620170647,0.98536323299990813,-0.39314023104711671,-23.58161367326095,-1.3647661758507743,,0.373506350296537,0.5185185185185185,False,3
0.74615743389265399,0.65840709975628786,0.098737909828205406,-0.66464043830834829,0.72802089635774658,0.16804363192858551,0.038757858712992699,-0.19101221284770364,0.98082218721387371,6.7584830614796223,-18.810124157151396,-2.0970781730379566,,0.1922013187731851,0.1428571428571428,True,5
0.45106566944330295,0.86456379585022058,0.2215156986642767,-0.8895879272284567,0.41552824390057164,0.18965652704371844,0.071924137666312116,-0.28260523955858419,0.95653604061477604,16.939654039274515,0.56664998215260587,-4.1660415674751272,,0.4324023121301059,0.3863636363636364,False,5
0.39842651193211187,-0.91530721645103663,-0.058898337007650334,0.91229069795502071,0.38884059312037739,0.12856389682385433,-0.094773398242081697,-0.10495566994902755,0.98995066055394865,2.7266025043024262,14.66109648208225,-4.421452614967273,0.1215005874293882,0.1283044112403068,0.5,True,4
0.79579127998634958,-0.60500540775983891,-0.026166682614349832,0.60286887324921112,0.78742301775433121,0.12850724795858942,-0.057143331762469919,-0.11804002580487177,0.99136329967528625,-5.4733341191135185,-9.2774072108913739,-2.2246373904733763,,0.1460612538265163,0.625,True,5
0.97446934181697875,0.22225406668732925,0.031821874547693543,-0.22448723220209968,0.96204506309676641,0.15516049480902164,0.0038709736534300945,-0.1583427497932382,0.98737661971047863,-4.7818834581228051,3.6248952976471696,-3.2127842782107217,,0.06862730450278376,0.304,False,5
0.56787833919630804,0.81573092991439189,0.10998746225203646,-0.82062160753079016,0.55069490562374734,0.15269347783593462,0.063987257522288926,-0.17696940668107719,0.98213413542841632,11.123561031025718,-21.299140073360693,-2.1528921039828024,,0.4673435887648899,0.6326530612244898,True,5
-0.16273444028612077,0.98083081357654667,0.1071840337155362,-0.98319821464387525,-0.17030707848409188,0.065702128879589372,0.082696872164912116,-0.094691151418617558,0.99206593187003322,-22.769560358350841,4.404619908646179,-2.5737150256583607,,0.4326741211778294,0.7433628318584071,True,5
0.97996404229484191,-0.19914619530198399,0.0033568893185303289,0.19703087167738378,0.97174554729591034,0.12995932793232509,-0.029142947949772433,-0.12669405750592774,0.99151364306169842,7.0602795130899239,-13.991112598497933,-2.4421336827712179,,0.08927666048331022,0.4482758620689655,False,2
0.25064018670826504,-0.96165794947489291,-0.11132603028308809,0.96223221534889214,0.2348523144677756,0.13767190756974665,-0.10624810846132661,-0.14162760536305799,0.98420168707817024,7.7604063247524788,-3.2421015644900293,-3.3091959341248143,,0.3288065175710607,0.2425249169435216,True,5
-0.67656537334380973,-0.71337855943365069,-0.18262071769797461,0.73490636138845833,-0.66981125996851565,-0.10613913514895761,-0.046604029685537951,-0.20601919075601072,0.97743754657640947,15.613559900505871,10.706079564613205,-4.9009336135553632,,0.5403308453572722,0.3518518518518519,False,2
0.93136160809529434,0.3482292155632376,0.10631071627244344,-0.36405468361718474,0.88630186944406875,0.28623973091857946,0.0054536503866045166,-0.30529561026677315,0.95224201128142816,-3.0440733996733971,-17.160513094785653,-1.7366257014596049,,0.218482706254454,0.2105263157894737,False,5
0.76319078294078024,0.63872338364151993,0.097837968211566789,-0.64612557956820293,0.75249767224203401,0.12754994589561935,0.0078462896896486917,-0.16056055698660576,0.98699480407865281,-31.134452205795778,8.0356899489743832,-2.6218097079346174,,0.1890974746530512,0.3333333333333333,True,5
0.64151996676281919,0.74368065493676361,0.18812553180644431,-0.76408574270780794,0.59773856094535094,0.2426552916168086,0.06800816153439676,-0.29941225130546562,0.95169700731530305,15.23159461334931,-1.0929136826728545,-3.935554377759328,0.3295236015673546,0.2476361630431009,0.4583333333333333,True,4
-0.98980750708061083,0.13959613611323318,0.028178319842082838,-0.13991193543758057,-0.99011784252094281,-0.0095555347199432622,0.026565941522508199,-0.013400623266454295,0.99955723900489746,-3.2318422280952976,2.1187343498014277,-3.1575437600932665,0.7761199257341116,0.5696846114861172,0.9740381607757272,True,5
-0.39512241521044988,0.89545806630980984,0.20501982459986234,-0.91410977750182165,-0.40537093689351672,0.0088157925136514437,0.091003250897053412,-0.18392730901845436,0.97871811739816039,11.849127950992973,-8.2507248897286427,-3.1640227858123593,,0.503584206954586,0.1666666666666667,False,3
0.97231930813066048,-0.23365452588563615,0.00085180365690845639,0.23097035575663166,0.96168789861621384,0.14767897757224513,-0.035325030756764353,-0.1433943799048179,0.98903498118809952,6.3221301639263103,-12.605846176510944,-2.5151880170538901,,0.1462548995278796,0.15625,False,4
-0.95014871250819732,0.30271422375343138,0.074709590123172881,-0.30954471578082404,-0.94455510835109002,-0.10953408702330841,0.037409798865857477,-0.12719963060173675,0.99117140844739771,10.241396178959493,-4.2057982364296072,-3.368462520923722,,0.2829550252386722,0.1428571428571428,False,1
0.88360936772781085,-0.46464381238129904,-0.057798035255805028,0.46569575168328642,0.85930256833539509,0.21148655493041019,-0.048599919010199777,-0.21378780055926175,0.97567044856561913,6.4567195320892337,-1.4981489702970034,-3.4016829301115887,,0.3480647216765226,0.5,True,1
-0.50115310385727196,0.86185597561053529,0.077780741823639976,-0.86218991117030619,-0.50498183015157661,0.040272922577143253,0.073987320335060294,-0.046878870732745714,0.9961567386252328,-4.0240355457804657,3.3148921613073168,-3.2215140200968215,,0.1241678020099466,0.1403508771929824,True,4
0.24964036961461916,-0.96792555951566339,-0.028280684131850232,0.96520753980895646,0.24638031149201814,0.087585085517098121,-0.077808039138751839,-0.049161502676233808,0.99575552004495416,-21.576992014301489,-5.8658891353575635,-1.8373598759770819,,0.3735876165037594,0.9035087719298246,True,5
0.14905502931579168,-0.96700446652198935,-0.20660338807045606,0.98494130743346275,0.12668311687383213,0.11765206674934477,-0.087596912884700298,-0.22102884342468518,0.97132539924961125,5.0197027943502164,-7.4217631137179954,-2.8697720049171211,0.8768073119247382,0.746744920494004,0.5523809523809524,True,2
0.97192426283003319,0.232317164116629,0.03730901471635914,-0.23527892478778059,0.9613570345611504,0.14295621585121335,-0.0026561010907187668,-0.14772063957551801,0.98902555971541872,12.51486772361786,10.161940567024976,-4.6828916451715275,,0.1917118443220538,0.3888888888888889,False,5
0.74324060761836819,0.65840113224638397,0.11874909786503321,-0.66842313405061959,0.72325961713002873,0.17351092211982716,0.02835336052440815,-0.20833500734539287,0.977646465580155,12.714865335639365,-5.5493360695114333,-3.4152770115341444,0.4771140476570737,0.208515495734765,0.28,True,5
0.98649462077699623,0.1597437910810576,0.036197850614391951,-0.16373094917007885,0.9556199434121857,0.24491365833035128,0.0045320483134531908,-0.24753271493671794,0.96886893622106707,13.979827427103034,-7.010990379073367,-3.3877986167007221,,0.5654823347793011,0.1666666666666667,False,5
0.73996206532775788,-0.66773376721045474,-0.0811650047915633,0.66902942137864163,0.71810278813390094,0.19164555565960642,-0.069683392610006806,-0.19611221736866224,0.9781023581369731,-42.198259725823561,17.217207813872808,-2.9988680895036266,,0.3015644572406351,0.15,False,2
0.67176388597228254,0.73848470812331846,0.058082849202116746,-0.73923226920369656,0.6632677766286813,0.11666837040946317,0.047633325218508653,-0.12131031429381149,0.99147106562650866,8.0052396043942196,-7.3373933060379661,-3.0358590700452655,,0.4195006914789557,0.7441860465116279,True,5
-0.078591979838140577,0.99354510306742216,0.081801154489825417,-0.99362974806181747,-0.084717322470685599,0.074316209806531169,0.080766481115199046,-0.075439402464129071,0.9938740725484918,1.9946241943088439,-11.740662757895402,-2.3614974094331802,,0.6456174673073339,0.823943661971831,True,4
0.11970923486401459,0.99155464665186666,0.049890698445346181,-0.99022753043901923,0.11562563629640572,0.077975317836438351,0.071548144971861377,-0.058737508749891303,0.99570616550111957,22.201459957154309,-12.508934424950999,-3.4379230284188713,0.4624201669104475,0.443783593684321,0.8095238095238095,True,5
0.88378388077138059,0.46573924788880938,0.044866524989622902,-0.46654639183265123,0.86989900716603596,0.16003181433539859,0.035503751303387072,-0.16236585326820163,0.98609168606974706,-33.044804771616064,-3.9780410212574804,-1.6632780509658653,,0.1674895777476717,0.53125,False,4
0.47457057151151122,-0.87981053452343205,-0.026761838442657872,0.87556566734423646,0.46872268760191338,0.11697779402639369,-0.090374414649722512,-0.078945965500665849,0.99277389153214957,17.602569619149438,-6.1299084179536774,-3.6637274369255075,,0.27749514899254,0.2857142857142857,False,2
-0.75081200271796655,0.65332924093192712,0.097171186665332143,-0.65899730103648113,-0.75090563037390612,-0.043165860345895105,0.044764872403154472,-0.096444995806311468,0.99433116665558208,6.8129538039342732,3.3837635359024856,-3.7875896859500382,,0.1184573879101805,0.3448275862068966,False,6
0.89460026180178442,-0.44590133798370851,-0.029366109182499399,0.44404567872532408,0.87965683601181854,0.1703739594628369,-0.05013787779260602,-0.16545648262312532,0.98494179806140758,6.8016691669543423,-20.363462920151381,-1.9757935689361821,,0.1712229898062429,0.1,False,5
0.60242453765479653,0.78910143166158009,0.12001502814669288,-0.79638961873393044,0.58418904204518796,0.1564823898307805,0.053369013521251514,-0.18984755385301202,0.98036200186043421,20.249971471626026,-9.3700313938126012,-3.5804518906882703,,0.3350742288538914,0.2941176470588235,False,1
-0.48059398341180753,-0.87174826031759478,-0.095312086020713921,0.87294517985538655,-0.48593543425231173,0.042818999349189486,-0.083642908101165425,-0.062623672610809561,0.99452608791982711,-4.4626469436553498,-22.560532642772699,-1.2438274679511045,,0.6708356481597686,0.4666666666666667,False,2
0.66691490555389088,0.73520291948664607,0.12124840587965421,-0.74356298557267375,0.64607865157878897,0.17232661564710861,0.048359024352202726,-0.20508301527051609,0.97754916071328957,5.948627084468006,-24.306531899581678,-1.6524286546497691,,0.1181133479986899,0.2777777777777778,False,1
0.53924930603444532,-0.83361212474761881,-0.11958683629534482,0.83807100072873097,0.51724881505490561,0.17346659926867655,-0.082747711019173137,-0.19376400284381157,0.97755221217233768,12.141868205190097,-24.165680089013147,-2.0183256709892534,,0.3826983476319923,0.4117647058823529,False,2
-0.89044119541239042,-0.45196236163565989,-0.053333865200917756,0.45465211620586071,-0.88862662225080769,-0.060284155933818348,-0.020147723000010546,-0.077927850553171488,0.99675539595533535,19.724563965674253,17.841510381347167,-5.7702628479926137,0.4387099012716907,0.5191276686563662,0.625,True,5
-0.89221913349309423,0.45096323551710743,0.02402452998028877,-0.44932244490926065,-0.89179626449507998,0.052997765362191258,0.045325029835581836,0.036490859739985448,0.99830559390691609,-10.455081051621823,16.351228219755079,-3.9118996134565887,0.4170644338699898,0.4073661622797086,0.9359605911330049,True,5
0.88957772254347778,-0.45628005832829843,-0.021447235865814138,0.44972869500202867,0.86665167714694236,0.21600687810846281,-0.079972348009369157,-0.20180034407878622,0.97615626038229775,-1.8118718500316084,-7.4338894933046866,-2.5689608302221507,,0.4598181328421411,0.358974358974359,False,5
0.89244528717988669,0.43974887184830708,0.10080842771590132,-0.4508393482105138,0.86090592437132463,0.23576444067644195,0.016890574162234544,-0.25585526981185608,0.96656752967083159,-0.42329083258533401,6.3468678370874017,-3.6144809612173261,,0.1370281938204748,0.3214285714285715,False,4
-0.93967345899345456,0.32155501818815568,0.11668830593205079,-0.33977177001032,-0.91686902992945174,-0.2095383646502012,0.039609781207818634,-0.23654503214872497,0.97081281048327117,18.181587439464508,0.24978147016961511,-4.2129329021369086,,0.562426837508222,0.4761904761904762,False,1
0.81819612989037349,0.57391963290351444,0.034224961655368022,-0.57076985871795216,0.80366629029938652,0.16835160294904394,0.069114842194025111,-0.15727920652241018,0.98513267623410905,4.6638085205110693,3.0069115966000051,-3.6448721686579053,,0.1795636049101925,0.3571428571428572,False,4
0.90762233645379986,0.41490920814564319,0.063812564327894644,-0.41697805506391061,0.87351261090340626,0.251207126068975,0.048487070083320337,-0.25460963765865335,0.96582759147068586,15.585291668130006,-6.5455788195526052,-3.5242416938031598,,0.2461499453273036,0.1052631578947368,False,4
0.53207000919574543,0.84429667301539801,0.063754476310056638,-0.84470263619810171,0.52413827213449837,0.10842752456752063,0.058128837201660108,-0.11154460820224686,0.99205788070383794,11.472058833033763,-9.9020431167643164,-3.0188095557871542,,0.09518130690082513,0.4166666666666667,False,5
-0.4448725306543394,-0.89559135639431398,-0.0021339683684612337,0.89318254217011928,-0.4438481996089278,0.072275321282142951,-0.0656763110392731,0.030247281790389539,0.99738243623625455,-10.739148797552131,-8.3710965512863531,-2.0589028159705109,,0.1061201735794436,0.42,True,5
0.10601867049666266,0.98853319893658587,0.10752746675301911,-0.98666735478965217,0.091152620562549747,0.13482852352885744,0.12348106129488794,-0.12038818199799105,0.98501731616084176,-0.93185438333270787,-6.6588744571286238,-2.634214136277524,,0.2870744258743888,0.5818181818181818,True,3
-0.049459022174698719,0.9981736768846653,0.03468596113804482,-0.99578478186249531,-0.051966961484164964,0.07557845675300344,0.077242950076916145,-0.030801715677062646,0.99653639219787848,-6.9060312455904969,3.1541057357569739,-3.0724902708929438,,0.7102901947256283,0.9986803035301881,True,5
0.42682215114698541,-0.90384129948297964,-0.029895762896745004,0.90096465696628436,0.42214706892509457,0.10027232467424348,-0.078009859555606978,-0.069733475080980795,0.99451078639964707,-3.0119193551406802,-6.3051670543972129,-2.5938343507615982,,0.1218020049857553,0.4867549668874172,True,5
-0.99199325096743984,-0.12584785245608487,-0.010569203718448952,0.12622244263533741,-0.98522236808255037,-0.11577901539131143,0.004157524530239369,-0.11618607258188937,0.99321876317746682,5.6949295135074918,-9.1340589542188066,-2.7603051779185264,,0.3899628514098016,0.472972972972973,False,1
0.38554247691110555,0.92119422603100398,0.052518534103587325,-0.92027835009412207,0.37979865547189623,0.094025207523200705,0.066669009631842011,-0.084582381314786723,0.99418361680618628,1.3949288686855652,7.9969552783616633,-3.8307330533549897,,0.09029231830752131,0.3114754098360656,False,5
-0.75304397340302764,0.6343991090133827,0.17453522453764395,-0.65514266898911111,-0.74751226751093769,-0.10960608190461024,0.060933220751932332,-0.19688367226279133,0.97853153357728517,-1.8030717337662479,30.307310762646459,-5.6128194088425332,,0.7461685898402353,0.1904761904761905,False,2
-0.71533620552289423,0.69530842359379941,0.069572330330482365,-0.69664726590803339,-0.71738265801868917,0.0066864696890759356,0.054559141955954842,-0.04368429985185366,0.99755450075446195,2.6443477368864703,-13.215069181418372,-2.2821984286210069,,0.4834232934137168,0.8052631578947368,True,5
-0.98439979146190848,0.17199669450941737,0.037070037059422314,-0.17221051317037625,-0.98505665870312675,-0.0026302658095836706,0.036063689818826079,-0.0089730832196914332,0.99930920843059667,11.341460604423178,4.2871643377144961,-4.1473168766086621,0.7425234285530623,0.7191922754985739,0.8837209302325582,True,4
-0.96690810744340905,0.25170941731201874,0.041606261507712496,-0.25156921586056369,-0.96780058730371565,0.0086575311656156978,0.042445746447733898,-0.0020958175079069698,0.99909657499035986,-26.689012678592331,24.400240056523629,-3.972129441486052,,0.3082245049720807,0.6829268292682927,True,4
0.98252135736958202,0.17895648596894942,0.051248009154299945,-0.18614882741056407,0.94361719151923273,0.27374296323929026,0.00062957629089826356,-0.2784980646234379,0.96043658386938469,2.2359240810214249,-19.254928869452964,-1.8054819493117518,,0.4919378295139514,0.3225806451612903,False,1
0.12935201961878326,0.97827145271528437,0.16202783656788056,-0.98730348571277993,0.11186840475318061,0.11277094979369441,0.092194805276302055,-0.17455779793611192,0.98032121932546123,-15.287010430464889,1.3629875662896096,-2.599131432304421,,0.367775225737256,0.3043478260869565,True,4
0.82839062276029751,-0.56003917347472565,-0.01118482438627369,0.55729197790336993,0.82198361740847381,0.11733961000714525,-0.056521035795140527,-0.10343624551299785,0.99302885941286645,3.116016974256949,-12.00148437541208,-2.4100513659518938,,0.1965204986720047,0.6976744186046512,True,5
-0.96239417006422523,0.27077931509365988,0.021817972953494066,-0.26952150173859629,-0.96179503418242518,0.048046564108158031,0.03399443376440768,0.040359320353990535,0.99860678133768022,6.4788958947772723,-6.4823791371061441,-3.0291528918314827,,0.2445660892723923,0.5555555555555556,True,4
-0.99505992769713503,0.093335367904378949,0.033826755527635088,-0.092336386666193371,-0.99527633415796624,0.029983501505183641,0.036465490382050186,0.026711940461792472,0.99897784772634568,17.198108432838289,-3.1975414457708884,-3.8474147879472858,0.4723401604589257,0.4308426901165935,0.8452380952380952,True,5
-0.061603614471833518,0.99328831129428163,0.097894460160738661,-0.99507879213533068,-0.068747430993656738,0.071358168237883546,0.077609227070622178,-0.093016780087945145,0.99263522327971709,-37.772917334936672,12.132176042690915,-2.7725815966317731,,0.6460803599315023,0.98,True,5
-0.5450254261426154,0.83774520556851084,0.033619271334089214,-0.83527586183923175,-0.54601428696006926,0.064673279368044123,0.072536332184571645,0.0071672158096203233,0.99734001801328953,19.480930023969886,-8.190729005369823,-3.6170927625934737,,0.07646721522427505,0.1818181818181818,False,1
0.64344377586768953,0.74212634192993931,0.18769283393571007,-0.76173543036935698,0.59647434654442266,0.25293771572151008,0.075757781231645657,-0.30572348049845899,0.9491016342071944,-13.573222390192278,0.82136639393780331,-2.610799927019769,0.444774387761793,0.3913450729956878,0.2841163310961969,True,5
-0.98826137265486658,-0.15254699796901811,0.008298959510765893,0.15200843584910276,-0.98729278171010149,-0.046329241455488807,0.015260889522900133,-0.044523887900453404,0.99889175021981214,0.50622724437930655,-19.6086990945454,-1.6867755736905157,,0.6036276303040136,0.5691056910569106,True,5
0.21344328837007137,0.962621690827689,0.16673764721206041,-0.9742500506644014,0.19703664098158535,0.10960566085338515,0.072655360643134798,-0.18583875392053409,0.97989037964002945,0.61352360433272191,-9.567294843666021,-2.4742312325541569,,0.7689603294954226,0.3008849557522124,True,1
0.83714075543876576,0.54114811433160925,0.079712445319139957,-0.54587411249477513,0.8172243754166677,0.18483985915618789,0.034882787896821831,-0.19824993967257995,0.97953057763827089,16.117741122797305,-9.2091243051914287,-3.3473418168012543,,0.2147920411079154,0.2380952380952381,False,3
0.63828944667394638,-0.76660149964554081,-0.070062279479589235,0.76674031737559167,0.62501480133080489,0.14651206035064934,-0.068526403491246973,-0.14723667633651341,0.98672462884329204,5.5966155565338038,-21.274020286996183,-1.8297562929391418,,0.1088009158445063,0.2272727272727273,False,1
0.021149401467618716,0.99408077096660163,0.10656511442310709,-0.99543609256887244,0.011016510927505961,0.09479252131999108,0.093057446928111617,-0.10808356619501673,0.98977687096122369,6.9013355561853649,-10.556411062919988,-2.7082102732532785,,0.1131684228737987,0.3684210526315789,True,5
0.64844500851253295,0.75495099269166632,0.097816509695715703,-0.75946266613252933,0.63272209027560167,0.15125876909504166,0.052302291403484247,-0.17237098105871584,0.98364257492384133,25.411657149325737,21.463327132662414,-6.458911223730694,0.5768406705726695,0.5877755010581323,0.8636363636363636,True,5
0.91872845370020151,0.39388215814687055,0.028193507323518396,-0.39437184927822488,0.91152586101543398,0.11658237086689338,0.020220604800815757,-0.11822626693605942,0.99278077990453362,-3.5378558996735325,-15.28642697952864,-1.8505543870592349,,0.07409841552496312,0.2195121951219512,False,4
0.9968437957195323,-0.079277104631478787,0.0041937592592927453,0.077820903966052304,0.98624675550208463,0.14581235944705773,-0.015695663139281488,-0.1450257837174517,0.98930337521700451,8.5752878851733563,-12.884376232696924,-2.6148681561246749,,0.1610263959107257,0.2666666666666667,False,5
0.65054597699766803,-0.75589004047933639,-0.073621861673670158,0.75642568187910864,0.63622283283857439,0.1517916162658047,-0.067897861570710871,-0.15443689222140838,0.98566684367240343,-24.038606572290114,-4.8786608765096062,-1.8373097381494186,,0.4580865471393174,0.2407407407407407,False,1
-0.37555955316532552,0.92555883648582282,0.047915156571497829,-0.92302877168055197,-0.37818997588340569,0.070641551449556902,0.083503944075429631,-0.017696958617770032,0.99635029431396704,4.2421416601220026,6.9329549257082075,-3.9061354515717155,0.3340837723080003,0.2194883686157222,0.6568627450980392,True,5
-0.082247183759720746,-0.98562363311595624,-0.14758541461438041,0.99462408330747198,-0.090526726762313103,0.050277675428300944,-0.062915289623165491,-0.14265681051041812,0.9877705709053235,15.351304906925698,17.019146594326145,-5.3962280778111325,0.386529553175632,0.3090286260824236,0.4166666666666667,True,5
0.75162061089176369,0.64855941822643315,0.12015464332468567,-0.6584069200778575,0.72678091144801982,0.19567788415754939,0.039582633518772822,-0.22618617947296493,0.97327952168898624,13.995315426422959,-2.6222146370590291,-3.7417321479083925,,0.1690438346531548,0.1052631578947368,False,4
0.071423750930930299,0.97516015499781172,0.209669549309382,-0.99318428468799091,0.050118609069352935,0.10522880629255532,0.092106592878898663,-0.21575633740309072,0.97209340004890654,8.9580868161547365,-10.09121125129667,-2.8362405018126693,,0.6061578884776176,0.4819277108433735,False,3
-0.6758179572877101,0.73247285005861995,0.082180365869650121,-0.73368572286938794,-0.6791917273327841,0.020096208108327129,0.070536151476325332,-0.046713182825746671,0.99641483825021282,7.8973491870312769,-13.85993941257364,-2.4977607461837126,,0.0962149946239726,0.4,False,4
0.78555185820397588,0.61286432002209801,0.085472822090610412,-0.61830838461526128,0.77192753162602257,0.14772483688338675,0.024556457129397104,-0.16889408267197653,0.98532825456882378,3.9119289877984209,14.556741217298502,-4.4829673398288943,0.4841906452163099,0.163577853804376,0.2,True,4
0.80555611767239921,0.58561274129829344,0.090205645664057213,-0.59169382075377064,0.78702240217548336,0.17462577403045815,0.031269214290996161,-0.19404498371004036,0.98049415119856476,6.5709692510398314,-30.868085824258667,-1.1912767083943927,,0.4516232582418489,0.4166666666666667,False,5
0.24769242888603091,0.96757732806499896,0.049422412801642272,-0.96610313891613853,0.24284076589641498,0.087596160847533383,0.07275428268440863,-0.069444053981892739,0.99492931292511289,-14.244548776183576,-7.7735258656205612,-1.9518121746220327,,0.4459759250496436,0.8888888888888888,True,4
-0.70855527671887286,-0.70319934446673127,-0.058822629789923996,0.70423691212021333,-0.70995259000854627,0.0042061321360362114,-0.04471902773127151,-0.038444790046481214,0.99825958882299415,-0.53354005553712502,11.14724256962144,-3.9640916818936929,,0.606003950605682,0.3493975903614458,False,1
0.91655226313082594,0.37211936913740801,0.14648933088296487,-0.39950390190057167,0.83536875317640147,0.37756546264551671,0.018126812074375588,-0.40458153854233414,0.91432226121578086,3.8158792935324666,10.81339143640006,-4.1659118137943558,,0.4329704504322139,0.2181818181818182,False,1
0.99566384246549788,0.084187967881954359,0.039571440089393353,-0.092774899670526309,0.92979725324205609,0.35618799229431175,-0.0068066730467391846,-0.35831474143193714,0.93357603615056439,-8.5232029290706119,-24.372417379258565,-0.93677202584178443,,0.746214977709883,0.3636363636363636,False,1
-0.5153333614759501,0.80171815048287332,0.30278628393013141,-0.85382701870542488,-0.51064411353008743,-0.10110396355077708,0.073559150882154548,-0.31062935550812221,0.94768056581218563,-10.16706485109618,-14.45665682371628,-1.6216130437884353,,0.3143311117981975,0.2542372881355932,False,1
0.62095235997602616,0.76989364001245386,0.14724791919948282,-0.78212156438269298,0.59609206832563977,0.18154917958181446,0.052000241997251437,-0.22789916442943492,0.97229519472462311,7.9091517651138856,13.6206693714451,-4.6439782744891289,,0.1396590705594619,0.2903225806451613,False,1
0.8536158031984582,-0.51305630101033184,-0.09007381708046755,0.51815112401361574,0.81856401997331463,0.24793619721321941,-0.053474042425053991,-0.25831410569057495,0.96457988242965165,1.9900640609562059,-10.591529155930868,-2.4460586372753301,,0.455974664705031,0.5046728971962616,True,2
0.52283537443930217,-0.8518247534021085,-0.032214293820460142,0.84734341716652462,0.51521828507090561,0.12868275763734535,-0.093017765074587269,-0.09457646758063866,0.99116244236779716,-29.786446389790395,-7.085458815712907,-1.5101147955672396,,0.1952311143368692,0.3571428571428572,True,3
0.9038567225080304,-0.42328661082569569,-0.06222114007905271,0.42358630060016972,0.86492043519470274,0.26923463136541048,-0.060147079072085344,-0.26970555403680868,0.96106255935854368,9.6824860538958646,-23.167510022538483,-1.9478202135824372,,0.2221216535414655,0.2727272727272727,False,2
-0.1740711448944757,0.92224322741067311,0.3452052520027355,-0.98158492606515968,-0.19051247729307508,0.014001032723013715,0.078678265339176032,-0.33641109596860996,0.93842277523108808,-4.4503905633759961,-13.350495018117908,-1.9598301781208032,0.4631553569021311,0.465893694468469,0.1511627906976744,True,1
0.97218991730847948,-0.23120496290791862,-0.037296512041762875,0.23336170659519137,0.94295867081017715,0.23742632339082703,-0.01972507487218314,-0.23952705540429803,0.97068929691772898,8.0955417618905692,-18.437148863891935,-2.1952340513059223,,0.5593796510068041,0.1333333333333333,False,3
0.13188107192787871,0.94962256273307122,0.28429627365730281,-0.98843143717318149,0.10430755142915471,0.11010553447767024,0.074904451636153599,-0.29552821026617493,0.95239298614697843,1.4248612183147051,-20.697446033600276,-1.6589767372159119,,0.1121991115223159,0.4,False,1
0.92401869404713965,-0.37527625148772975,-0.073192814679700999,0.37997658533696083,0.88002237992060617,0.28491824342175059,-0.042511735404264742,-0.29108133898996469,0.95575331882485626,-12.152129707947863,-18.480404719245673,-1.229907367063644,,0.5451879496677315,0.3888888888888889,False,1
-0.47864348035304649,0.87589924203444647,0.060835322954718933,-0.87463102869580733,-0.48172822671767102,0.054391904047954208,0.076947919777186985,-0.027174130840385703,0.9966647301149133,7.5706013554093037,14.269255123314718,-4.6965920956767295,,0.1665227244656195,0.391304347826087,False,5
0.48492691049379694,0.86845388793353218,0.10312000781648623,-0.87212906760668507,0.47143272694869437,0.13092774112926325,0.065090559334166936,-0.15342434127233151,0.98601429532776852,14.58821880121911,-14.849424576684454,-2.8508105984131635,,0.1880624521583008,0.3333333333333333,False,4
-0.32480542418371733,-0.93798874988547731,-0.1211550308865251,0.94564126135495408,-0.3242827459752487,-0.0245622776990191,-0.016249345951355507,-0.12254715725398027,0.99232965944041063,-1.6306752393602502,-21.700685103762531,-1.4347453119229796,,0.5119732429077958,0.2244897959183673,False,2
0.8896255916459338,0.44633244453573212,0.096714299063694303,-0.45651835259175699,0.86330431661779983,0.21516656491189243,0.012541947039129059,-0.23556953509278947,0.97177656572930216,9.1245395195706003,16.85611563911338,-4.9732499919027449,0.8093212664981574,0.4856085409292394,0.3809523809523809,True,4
0.34318192847490292,0.88413505936551773,0.31706680805309756,-0.93680988342492211,0.29778106967868551,0.18361284502562075,0.067922060375340876,-0.3600439297387904,0.93045954365174777,-1.4548089715471983,13.233164395101518,-4.0775022457264871,,0.3541199126679422,0.2,False,1
0.2447446872864458,-0.95779755528870048,-0.150744423207127,0.96640505747306127,0.22838861733449034,0.11789785563160037,-0.078493967510565948,-0.17453504678152559,0.98151730219564748,-33.50516251539014,12.306473540632107,-2.900065855241087,,0.1917549345292019,0.2105263157894737,False,1
0.95582203490331519,0.2727357521296721,0.10963323904523116,-0.29394596272389223,0.88673524293298589,0.35678618238225535,9.2690943195618269e-05,-0.37325034286768144,0.92773065754967321,11.31561365041599,-18.835793521356734,-2.3267979736630622,,0.2424158471896357,0.1428571428571428,False,3
-0.95573802770672933,-0.28563768171718007,-0.070540323067642574,0.29416177254764708,-0.93241077389161753,-0.20994999476652174,-0.0058029274404219691,-0.2214074603848549,0.97516412081200543,-7.5456998478151869,-25.621118985085506,-0.86634939750163364,,0.4327684573996773,0.4,False,2
0.60291076839390623,0.79074069019969362,0.10596115428393341,-0.795200070488986,0.58488417376428892,0.15989793986908848,0.064462805159123365,-0.18066450714675272,0.98143001921096729,19.782572405358405,-2.3639529271306716,-4.1070343096539741,,0.2278817500195511,0.3529411764705883,False,3
0.244998030541909,0.96066234473862866,0.13078159056942287,-0.96711337034135081,0.232649678438242,0.10279034988547034,0.068320523545861808,-0.15166405811485101,0.98606811100377667,7.670035332513911,-8.5657763407963809,-2.9190009521406854,,0.1627930991914353,0.2765957446808511,True,4
-0.68353329978498423,0.71443270623109612,0.14955980861302065,-0.72692287151618329,-0.68483142452048473,-0.050882795283972118,0.066070923648134883,-0.14349853050312505,0.98744255771752443,4.9567923653481145,29.654994738435636,-5.984159010941001,,0.2738025988893219,0.4666666666666667,False,1
0.96478458950367518,-0.26303276088247945,-0.0021124769269035421,0.26084029966742323,0.95564436920300766,0.13677052928169961,-0.033956353244056749,-0.13250511806389889,0.99060050462395743,9.2281479998923412,-15.704766581003982,-2.453661438389255,,0.09514573623626515,0.3571428571428572,False,3
0.78135653135658523,-0.59140231922911402,-0.19931198588351712,0.62126669590591854,0.70677770217408931,0.33836810172895737,-0.059242412717151458,-0.38821202521295006,0.91966393862949269,-9.1660326854283625,-16.240379414269505,-1.531087341089153,,0.3258639994969433,0.3461538461538461,False,1
0.94992995671775138,-0.31219488351960417,-0.012939553098626287,0.31020952506972516,0.93730588064587561,0.1588324169137903,-0.037458348685265971,-0.15489364354563201,0.98722076117904456,-41.708852168270816,2.4338199559669822,-1.9060687143777357,,0.8823955350296746,0.5416666666666666,False,1
0.14744476956784849,-0.98841677542739492,-0.03594882447029827,0.9859303009067536,0.14398570151118534,0.084909125035249028,-0.078749486861843909,-0.047962441702275128,0.99573998739879566,17.189022674733685,-0.79038179899313965,-4.0758559744136749,,0.07448099967561186,0.1904761904761905,False,2
-0.94330161397402601,0.33034110855147886,0.03250872305983267,-0.33073060912317104,-0.94369710056526579,-0.0072833078837920423,0.028272411694389633,-0.017621985861245713,0.99944491411547665,-29.870544634518119,6.8992255007873933,-2.5604734786827392,,0.1892013545169582,0.1666666666666667,False,3
-0.76276596254375451,0.61956487696259743,0.18527668395948202,-0.64381652041770987,-0.75446664838525912,-0.12759453166788529,0.060731988456931604,-0.21660895574429936,0.97436758252182831,-7.0446308071837267,-14.308814949453543,-1.7672980421349138,,0.2594745310732503,0.3076923076923077,False,1
0.56342016985518095,-0.80865676055744051,-0.1692097981947395,0.82304070651957306,0.53157644030137663,0.20007619430676415,-0.07184502496429504,-0.25199351523652819,0.96505831982663948,27.68105434073275,3.6386694138064168,-5.1200653418085933,,0.2306028372445901,0.5,False,1
-0.89791028350496749,-0.42490871525556617,-0.11493348718233837,0.43965278235971661,-0.87848417408474,-0.18700531234703419,-0.021507062546711378,-0.21844482045248043,0.97561227271805862,7.4437423303747829,18.361480271317351,-4.9698547123411938,,0.4403932081111865,0.4,False,1
-0.8433465562657193,0.53564689761487472,0.042999850119642392,-0.53433471282391365,-0.84438684992609125,0.038694474324870401,0.057035083116774153,0.0096565391032412996,0.99832547325329235,3.1557995722282461,13.827136753938834,-4.4031960522774343,,0.1593391970071822,0.6190476190476191,True,3
0.32800680978677454,-0.9125733175422226,-0.24417508645127056,0.9414983715691112,0.2946144094824773,0.16365563252758525,-0.077410264604995394,-0.28357060820062802,0.95582182497498547,10.586760946646418,-3.489812185067978,-3.4401214733980212,,0.2621904262714037,0.2903225806451613,False,3
0.15616249054563805,0.97475682126841923,0.15956947056774778,-0.98484176768584064,0.1413119982655737,0.10058633986590891,0.075498140162610125,-0.17285849281096471,0.98204886451495343,13.587030903489959,-11.549926723174369,-3.0489035661028514,,0.2611283771313114,0.1363636363636364,False,3
0.12966874490697219,0.99011747762005031,0.053417198593329843,-0.98867459899562427,0.12499905005674734,0.083052843333336471,0.075554972669517495,-0.063581585354719153,0.99511247007998471,14.136414438283962,-3.9114341319221819,-3.6333319539343982,,0.0789935868625214,0.2432432432432433,False,3
0.83632517050370025,0.54682374139666634,0.039293829374474148,-0.54737128439973826,0.82884334305058593,0.11577300935585733,0.030739001228722668,-0.11833219564295383,0.99249816386620093,7.245615921999387,-13.166331720824433,-2.5083265697430579,,0.06642432852485572,0.1153846153846154,False,1
0.4913100436762799,-0.85794530351401022,-0.15014758459950575,0.86609548573693851,0.4629978204552086,0.18844529137079546,-0.092157748284717927,-0.22262720954991178,0.9705380337725622,7.662713007522993,4.0645119078067191,-3.9075960035739485,0.468266100584762,0.4201255945873911,0.1627906976744186,True,3
0.86869208083193106,0.48827297067160491,0.083448036594135966,-0.49437026814182394,0.84397563613771787,0.20809412193360058,0.031178625326838901,-0.22202394401834483,0.97454259096525298,-7.2865017735984621,-12.660648397694185,-1.8865625486837148,,0.6251032015418272,0.6859903381642513,False,2
-0.81491743690654284,0.57653709536382047,0.059283629233713761,-0.57683955513352969,-0.81674413070876639,0.013607078530463904,0.056264541756091364,-0.02310849675404486,0.99814843521329355,16.45708871481752,-13.532396410834108,-3.0724762818270568,,0.09594437556697326,0.1,False,1
0.63311134294119897,-0.7465251457792097,-0.20462217416135792,0.77099854607117746,0.58468377406800054,0.2524007256283744,-0.068784223447838064,-0.31756116113424337,0.94573973139746481,22.410794833240764,-0.62121519031826611,-4.3960305479524981,,0.2928742152100446,0.1333333333333333,False,1
0.80906197686343106,0.58453288678682314,0.061155718117776828,-0.586728647974047,0.79725679578299413,0.14188409080788836,0.034179105318671965,-0.15067483480162577,0.98799234962479299,12.164976802435032,-14.114562692642835,-2.7255224224566539,,0.138349045584412,0.4210526315789473,False,1
0.49975297392790707,-0.85599035656009026,-0.13239136877584562,0.8629966780201207,0.47900505537797289,0.16059542536629451,-0.074052000489174263,-0.19451135287811441,0.97810103508026058,6.9414924181964013,-25.554036478996817,-1.5975080285902576,,0.3672109899381082,0.3636363636363636,False,1
-0.10552627618194522,0.9935871098903919,0.040606158336253216,-0.99131567455023428,-0.10833169848634754,0.074548484183625821,0.078469347048290283,-0.032386697311089799,0.99639031679914181,28.489224461361221,-0.41039233305131417,-4.8095531194453738,,0.1751149343893492,0.1875,False,1
-0.034814117372606784,0.981827040271679,0.18655733762819807,-0.99521778004731432,-0.051106328837796651,0.083244900326800611,0.091266354749504106,-0.18276708167522432,0.97891094914024734,32.028380131182296,-4.3494343911123154,-4.6742043766203034,,0.3703413946924271,0.4090909090909091,False,2
-0.89336020306067931,0.43339690416736654,0.11863671879112367,-0.44515316259649473,-0.8895928586780778,-0.10228982167989178,0.061206285769685863,-0.14419316643692848,0.98765485941961118,12.498984216369911,-17.130300684862263,-2.5444767289367247,,0.2319964389137685,0.2105263157894737,False,2
0.40724896746265055,-0.8760857737247667,-0.25811237005940479,0.91007712286317233,0.36547773009777418,0.1954115125668654,-0.076862923062401209,-0.31448329984222811,0.94614604854570294,12.292074142108886,1.88686701139985,-3.9917549406938835,,0.3644069738833156,0.3142857142857143,False,2
0.89250976058122222,0.43566729340064297,0.11670619832814556,-0.45094826490765433,0.85709307976942384,0.24907250949902315,0.0084846711206938569,-0.27492810346038299,0.96142734945686437,-12.705638773136435,-13.457959088177509,-1.5907700329872836,,0.6492235658755543,0.196078431372549,False,2
0.98015598922185998,-0.19214551917092035,-0.048727161368739426,0.19609179335443599,0.903856213475832,0.38025248709268566,-0.029021463980283109,-0.38226174909827093,0.92359824047297334,12.147549827843489,4.3001502522662687,-4.2097917687481257,,0.6516590068692134,0.5357142857142857,False,1
-0.7481224717790752,0.6587154968571588,0.080041623043229038,-0.66114623399635686,-0.75023829219844773,-0.005306806157407834,0.05655461512204249,-0.056889358577719165,0.9967773956049637,34.462584610613966,5.4088097920861475,-5.9983550961299441,,0.3094107599382238,0.9787234042553191,False,2
-0.94160220755665047,0.32834812281081893,0.074651141793375037,-0.33443516419836106,-0.93774456607174228,-0.093745665235975315,0.039222489365904625,-0.11323709219832358,0.99279351190386533,19.155330453277895,1.051180755031667,-4.3198162275610654,,0.4867700304757776,0.2,False,1
0.070152330905729393,-0.98893983684339093,-0.1306776552156467,0.9944651262832771,0.059062009128652032,0.086895291495410226,-0.078216130528672559,-0.13605027813956649,0.98760951734137692,-12.319772607505996,17.216493810428471,-3.8702741361927062,,0.4096079036789009,0.3170731707317073,False,1
0.80871266927659824,0.57296044320896666,0.13304190719207298,-0.58750368936067887,0.77578391688002712,0.23021452885922442,0.028692046617669283,-0.26434001745492169,0.9640026564448988,-16.843421186543246,-11.157207691703338,-1.5946357246695035,,0.2453651149783839,0.2222222222222222,False,2
0.21679708772559542,-0.94657964210158629,-0.23871741434703542,0.9730459825563148,0.18983987756336013,0.13092874672028812,-0.0786164014994164,-0.26066799198513457,0.96222225050646248,21.785325671893748,4.199935269996141,-4.7699483520046204,,0.5692638430918847,0.1621621621621622,False,1
-0.13742665345806807,-0.98250444718932628,-0.12569377937079101,0.98768597406237069,-0.14550559906377886,0.05748510486689215,-0.074768519844803677,-0.11624599732587731,0.99040220948154711,12.999658829373461,-19.746414392644809,-2.3804731823173939,,0.6992907598077941,0.7446808510638298,False,1
