axis_00,axis_01,axis_02,axis_10,axis_11,axis_12,axis_20,axis_21,axis_22,location_x,location_y,location_z,dbh,dbh_approximation,score,reconstructed,number_clusters
0.91072575980769233,0.34416796626560675,-0.2283133842316232,-0.28917190849705404,0.92605640998223238,0.24248532505491954,0.29488675412583731,-0.15481581484917728,0.94290713525442804,-12.650608431441631,11.654860943394064,-6.508105577088382,,0.1108792109856908,0.2352941176470588,False,5
0.95284455769663634,0.066129630649124305,-0.2961656982469677,-0.031768432045360999,0.99234165718365908,0.11936834648838207,0.3017913444638245,-0.10433075945377546,0.94764818210057122,6.2075248715236633,14.774374388885956,0.085954576620622836,0.2420564737200198,0.1843377163004087,0.40625,True,5
0.94633957973285021,0.13005413230579738,-0.29585016900660716,-0.1126329555747845,0.99078223449184799,0.075262082975618538,0.30291123642007811,-0.037901009030452112,0.95226482470210594,13.658562155877613,6.9067194239755851,3.2274167633606661,,0.08428960667490877,0.3809523809523809,False,5
-0.95243586438812455,-0.005527987482898216,-0.30468896530993156,0.019714993033306438,-0.99885865212893632,-0.043505311363823185,-0.30410071239137926,-0.047442959662688002,0.95145778797669311,4.6505778141201297,24.868865642485787,-1.2833114083719024,0.2805300949891935,0.1937466150431362,0.25,True,5
-0.1444393179144195,-0.87958373142754742,-0.45328770427666593,0.98158803135384076,-0.18522757134713247,0.046644222747682457,-0.12498888007862821,-0.43820452555951067,0.89014300740715535,8.40900700818929,-0.14387100389807825,1.7892818206253527,,0.2505325968591502,0.7758620689655172,False,5
-0.37983122525648427,0.92065756919710484,-0.090099281907443818,-0.92229656163440044,-0.38441491152890678,-0.039927787211245319,-0.071395327000592312,0.067932437570736443,0.9951320973660619,6.5089190428323347,-16.927111152479775,2.4230134996121864,,0.208962779717277,0.7,False,5
-0.35788118307316547,-0.78700656096233068,-0.50253530403783109,0.92534782223148904,-0.3710207356884111,-0.077942424780535521,-0.12510981853392114,-0.4929140763778958,0.86103614710123166,-6.5923261320763791,-14.831823136063692,-2.4854991875158374,,0.6409581008714517,0.2676056338028169,False,5
0.96323428887814144,-0.0091500396539504758,-0.26850694870664665,0.086533644268580304,0.95672613167414944,0.2778255520671532,0.25434549954544389,-0.29084598286060409,0.92234320137074199,9.2596425427324611,-14.640058821673467,3.257367264644297,,0.4241540730924667,0.3333333333333333,False,3
0.39015815242782143,-0.78615647113627563,-0.47930639364050631,0.91329380231439949,0.39653420790430266,0.093032535254152685,0.11692325152944011,-0.47404496079197633,0.8727028866684915,-24.536586995453696,14.516330381763053,-11.542293228905484,,0.3763179764727462,0.2,False,4
0.048986294954412271,-0.92231515430057387,-0.38332114350000046,0.9987699350946575,0.042283353646007951,0.025898547361978556,-0.007678519235721314,-0.38411830749386988,0.92325195163096829,2.525312325659383,16.603477098232066,-1.4238034957279777,0.3404409111039705,0.2351984219996161,0.3125,True,5
0.80073564563375932,-0.47926131069756073,-0.35934805117036994,0.55057107924421256,0.82517862893472504,0.12630010708336922,0.23599557731311338,-0.29897964214618966,0.92461735927397914,14.343979310608356,-9.2387834719877127,4.4415991729099451,0.2210752153237839,0.2094577070926254,0.55,True,5
-0.36590306888918778,-0.82627317904058017,-0.42823775846560586,0.91666321592924271,-0.39946581683305882,-0.012474363476936215,-0.16075911401762569,-0.39711420873606279,0.90357999783095988,13.066747467988746,2.5594430261138261,3.2937577073087763,0.1334214883529913,0.2860221194999733,0.625,True,6
-0.91272624465449781,-0.23164339108641102,-0.3365592692006647,0.28599372453055172,-0.95051174274431616,-0.12138787597740328,-0.29178483827649493,-0.20704773911141988,0.93380556963471162,-12.64159110404627,22.626316391663583,-7.5401164426840568,,0.1171247476285447,0.3181818181818182,False,4
-0.90658748403195411,0.30724302771132617,-0.28931100172546381,-0.32064329422759047,-0.94719933654314037,-0.0011378572477426657,-0.27438478759489004,0.091734065510118187,0.95723447992719879,3.4427450982844308,24.322055810382608,-1.6495174096939231,0.2818986732080745,0.2777433582177373,0.5405405405405406,True,5
-0.81163320517968573,-0.478050250505486,-0.33573724583577713,0.55604925766937463,-0.80838732742745611,-0.19318165518504446,-0.17905519622476362,-0.34347909229869844,0.92193348450881984,-5.3056357549386037,-20.143281643983428,-1.4593826377031238,,0.5355802984929721,0.375,False,2
0.76454345502774879,-0.50150017427778448,-0.40493318038113896,0.60718688286652134,0.7711802150571887,0.19132476363289996,0.21632705482456277,-0.3921462113851153,0.89410511364561074,2.1693786164690771,25.110572981749169,-2.1582258927127662,0.4665782698788702,0.5388573197555069,0.4905660377358491,True,5
0.4573619558642863,0.88267629399791847,-0.10817856230369077,-0.87520856670301572,0.46833691139724687,0.12112184853501545,0.15757539813576987,0.039282278917933455,0.98672533993273226,-18.786980401456496,8.3848177133077026,-8.801294542518745,0.5368050521369205,0.4004550135814231,0.2244897959183673,True,5
0.47563522416205589,-0.75934602078667768,-0.444032379733448,0.87305205913677075,0.46918890761539572,0.13282270516638386,0.1074766745547853,-0.45083854059531098,0.88611137829312092,1.5522082729304727,5.4615039661450115,-1.0010196643705527,,0.1632694417302714,0.2945205479452055,False,4
-0.42520931628297859,-0.82733774958566142,-0.36702763582146586,0.89447821857244647,-0.44604885209712142,-0.030808084041407054,-0.13822356472622152,-0.34139811020767663,0.92969972383614419,-19.673817280006883,6.2033911963693793,-9.0064969237550088,,0.1477177964018715,0.2448979591836735,False,4
-0.95191526983351837,0.14134596463672289,-0.27180624963141492,-0.084474582780929397,-0.97391278141911553,-0.21061324519714045,-0.29448491289329004,-0.17752524459748595,0.93902258950934436,6.9801159834874076,-10.993500444610108,2.1357911161207483,,0.4573859318560934,0.3709677419354839,False,1
0.80489032390344173,0.54349652218445899,-0.23825007210914051,-0.53328358971940903,0.83857638311460059,0.11134748590972146,0.2603078550919925,0.037432339705560841,0.9647997929734301,17.787203703346922,-8.408535083516707,5.5970052280223346,0.5763398491930669,0.5765854159407329,0.5098039215686274,True,5
0.92295787399201745,0.27292586304117544,-0.27140419326046927,-0.21969051866809564,0.95252868960073334,0.21077279590795042,0.31604562778731754,-0.13490948362046667,0.93910307867974785,-13.667543873711342,31.230668000191336,-8.5824751466993145,,0.3507996799533912,0.2777777777777778,False,3
-0.83198904595860768,-0.40349855762062636,-0.38076651822732377,0.46427439395279785,-0.8820985001025895,-0.079696444315435905,-0.30371617428883668,-0.24308671315980063,0.92123033784201702,-7.996094450066364,-10.468765572258798,-3.0556821223905857,0.6094402929288408,0.4250344364167717,0.3687150837988827,True,4
0.74736299962710639,0.6138307523259624,-0.25428400320766914,-0.6181662737031024,0.78269283892824681,0.072542249389328906,0.24355493188271918,0.10297440162188598,0.96440513673778161,5.3314480352758711,-15.49110339076795,1.9652534746664714,0.2337366394766733,0.2031899171559869,0.2631578947368421,True,5
0.68370434976853056,-0.64597313710732041,-0.33951004144696323,0.70440914860655468,0.70574040905744495,0.075751081727062936,0.19067279162738587,-0.29094532331549561,0.93754717501246954,-12.416890658134083,-10.712157416175778,-4.6483371055512093,,0.0784890230443964,0.4594594594594595,False,1
0.81420768857286552,-0.47597803949284473,-0.33243156557309461,0.5321698657515912,0.84075692703629756,0.099614374597313732,0.23207988679496533,-0.25801685131213559,0.93785192359146241,-2.756805551644149,27.050444512747962,-4.1612999518953746,0.221216513748538,0.1485954149808756,0.28,True,5
0.10810408407228368,0.98026723202365273,-0.16549822001332631,-0.99185211023791875,0.11763696567354105,0.048897195458537032,0.067401026872599398,0.15886377223208833,0.98499715910692398,3.9747189858082148,9.3554945698443586,-0.38911703439807227,,0.08427826481281268,0.1521739130434783,False,5
0.57383049404239028,0.77030763103726563,-0.27810918300700155,-0.78952161226108031,0.61057092398812363,0.062119003154853851,0.21765612300077902,0.18392743228252909,0.95853873775357912,-12.73755394260799,-6.731474216859767,-5.4510169942781665,0.4586928866518489,0.3720701271601814,0.8705882352941177,True,2
-0.57221937606454309,0.79065089275527722,-0.21779841928165855,-0.80576556509177466,-0.59146621101214536,-0.030159166819894077,-0.15266577798786168,0.15823680676827456,0.97552768961990088,-10.941604191353447,7.316428014535509,-5.7203810528293397,,0.06789878679298339,0.2388059701492537,False,5
0.77598925436399091,-0.48758282039561901,-0.40012956697383828,0.59633884984262353,0.7737958650752097,0.21358823788047288,0.20547664898959878,-0.40435498321099234,0.89122185468739701,-0.56157098593832844,-22.373903316853731,0.21674109935248606,,0.4818098910677235,0.2941176470588235,False,2
0.81659548926624492,-0.47416395439477788,-0.32915095512960152,0.52605375465428839,0.84606291294821079,0.086284381829585588,0.23756947220581126,-0.24361053279013803,0.94032688688006627,-4.907307511357569,10.664024054218734,-3.6290994663144778,0.573713504376254,0.441077768683927,0.9536178107606679,True,5
0.37087166854434339,0.89855141534793792,-0.23464773480123913,-0.91678876808273624,0.39455275858559713,0.061858511215798287,0.14816396386596231,0.1921808384535604,0.97011028504124863,-10.738661824080625,19.794630960167503,-6.7332170710304915,0.2336682944182459,0.1733837448207241,0.6216216216216216,True,5
-0.20626817156368737,-0.86876951584826456,-0.45021435975826618,0.97446134331872147,-0.2241200405136359,-0.013974899557403171,-0.088761093826329976,-0.44159906677090977,0.89281114041538234,-5.2566869076419582,-17.224915242294845,-1.6496174513613997,,0.5158496807950844,0.2950819672131147,False,3
-0.87961958502484039,-0.32047653534556175,-0.35151696393436171,0.37789426649437757,-0.91962044464403236,-0.10721082568186779,-0.28890363270717606,-0.22714098724276138,0.93002239915121387,-16.939007586484294,6.462535341023087,-8.0124202268739211,0.2405201644797665,0.1380599770230201,0.2537313432835821,True,5
0.33053456369679435,0.92624167754629239,-0.18117189897442942,-0.93463866196689049,0.34791355620064929,0.073530462861042978,0.13113913892698625,0.14502590178326308,0.98069873766281601,-27.930228660779704,4.3298556713249967,-12.121479762130244,0.8470931583989568,0.6295959111620796,0.6901408450704225,True,5
-0.55823696422296554,0.79854520870066403,-0.22516003516685915,-0.81650770434974074,-0.57692492759108482,-0.02174388791220596,-0.14726391449586262,0.17170666144688468,0.97407913533866464,5.9276888580244558,9.1113608688030574,0.44237614949119858,0.2445971818902204,0.2320103879721092,0.6589147286821705,True,5
-0.098115712888891871,-0.92215591685271925,-0.37416810646797238,0.99307263440312632,-0.11515093807343435,0.023388122208633563,-0.064653303735713527,-0.36928136491614549,0.92706592205825833,2.988894690483205,-15.351338238494186,1.1384554562775748,0.1898491791512196,0.1473268769881752,0.4285714285714285,True,5
-0.39163511455604572,-0.85158784596533821,-0.34845383862254664,0.9071691042887754,-0.42068007637478827,0.0085140804085489935,-0.15383807484031298,-0.31277214381305957,0.93728727335006978,-6.2098834668653602,-11.043824685931604,-2.4355055790471214,0.3519955912025527,0.3967689742391764,0.9265402843601895,True,7
0.8037222744338629,-0.4912412055308048,-0.33572694793164765,0.54533898926321966,0.83385145509923897,0.085423284988644987,0.23798296655060738,-0.25174159135415619,0.93807797054096131,-17.730574720839705,12.913374368072178,-8.5571221671765478,0.2493893090974856,0.1607279505482135,0.42,True,5
-0.83118366579615743,-0.44043454526772363,-0.33933924772780899,0.48695091615786057,-0.87122867545807925,-0.061962894643336888,-0.26835148400313003,-0.21674410348236556,0.93862104953966574,11.113115733516336,21.714778537026572,1.3340625418636347,0.214452628873294,0.3178492228352176,0.7941176470588235,True,5
0.64057071423010703,-0.69984011588665596,-0.31605849500762123,0.74819221160801752,0.66146160672553467,0.051739320803211128,0.17285130766017931,-0.26961519805794726,0.94732785793321805,8.4876340706884807,-6.8892608328799412,2.34425979397392,,0.07332305746235161,0.1612903225806452,False,5
0.070922963197954408,-0.87339707385693577,-0.48181685801698904,0.99743001707718326,0.057175421355158115,0.043177913639613839,-0.010163381554946466,-0.48364090249998687,0.87520750859688479,-6.4918463455005808,10.040194736001878,-4.2319093653619797,,0.08028829236211373,0.3809523809523809,False,5
-0.42595789446627025,-0.82164368560758394,-0.37876315296376101,0.88944867301249808,-0.45694581585021876,-0.0090321344811775846,-0.16565304168100875,-0.34073769277578525,0.92544956345749418,-0.75879034200535633,12.654742152744269,-2.1944332015534282,,0.4100911576158546,0.2142857142857143,False,3
-0.95310707131225758,0.002865198473993788,-0.30261973044115298,0.060470072591054219,-0.97798709881144152,-0.19971130383434096,-0.29653040474022907,-0.20864569297276281,0.93195316076963419,6.1683058976327771,-8.7563411955721335,1.7033520319532802,,0.3411048657602533,0.2325581395348837,False,4
-0.64999175283225064,0.71354871371379891,-0.26145545396384695,-0.73594389239524816,-0.67681553999555288,-0.01753031849851559,-0.18946585047493242,0.18102198202956238,0.96505633696997151,-11.551272959933069,23.764846592840303,-7.2272080673473003,,0.1553748912765495,0.3571428571428572,False,4
0.24930524575113208,-0.79331964818416478,-0.5554195083411464,0.96735252195732013,0.23098480973088323,0.1042838239440817,0.045563062932382145,-0.56328496649434978,0.8250054871439817,24.771963733300048,10.278660578261309,6.7251383826745244,,0.2627005156744813,0.2777777777777778,False,3
-0.60723085798859344,-0.72257825231760575,-0.33038062047291866,0.76580596172471394,-0.64307083104353779,-0.0010654801074720735,-0.21168824741426306,-0.25365444119630121,0.9438471859194526,17.439876702677903,11.224638449409733,4.3443865045004086,0.1742484538590464,0.1834367043217238,0.5862068965517241,True,5
0.72240436755138837,0.63308792609816333,-0.27808561194604153,-0.64605153886370692,0.76131617771484505,0.054909804966816134,0.24647380971315044,0.1399905546041729,0.95898556076048447,-6.8559221577355585,-3.4592286733511193,-3.4015525667265814,0.3178260858828947,0.3055358937434169,0.9232693911592994,True,4
-0.34189745638101876,-0.87258307411286018,-0.34886230534688173,0.92968704010144398,-0.36821812892875921,0.0098700048439930299,-0.1370698244968824,-0.32095823451027888,0.93712201708872445,-12.884517431915944,10.809996775119405,-6.6103557901692582,0.6614534154186962,0.5968246563314258,0.98125,True,5
0.50411936143312941,-0.72400170473096948,-0.47083457920473942,0.85794738740882082,0.48229026696162292,0.17698129514857083,0.098944175506357007,-0.49317099462634334,0.86428723245957451,1.5768849586243379,13.282557316291111,-1.5205333587326733,,0.4291933403437801,0.1149425287356322,False,4
-0.70000261496444649,0.68987811035712521,-0.18456579285723251,-0.6883381307507983,-0.72063171828975303,-0.08294904670491926,-0.1902286960409327,0.068979123253635033,0.97931349615826591,-1.0662595593858124,15.680731222444942,-2.8227710345052448,,0.4316182297243966,0.3623188405797101,False,4
0.83908718229036627,0.50473889047932541,-0.20290725209738716,-0.46730505431093466,0.85972714973198716,0.20614367375490208,0.2784936026760178,-0.078152929896533357,0.95725306623542328,11.305044499955555,-5.1264528133213645,3.1474543311384258,,0.106487101459121,0.4347826086956522,False,5
-0.93043735818561757,-0.10412792066578389,-0.35134555444802562,0.18255354034295856,-0.9630478371452702,-0.19802289836801845,-0.31774286365050297,-0.24838727726604462,0.91506460596590677,15.885350993278767,-4.0921786046558726,4.60620982894664,,0.5154655833710856,0.4074074074074074,False,2
-0.76435700208802526,0.6028477784405798,-0.22876391627235296,-0.61095579481438511,-0.79055291835020502,-0.041941626943845414,-0.20613439824961133,0.10770626405753478,0.97257800229135294,8.6018253563119345,5.3601082169596621,1.5912351151926656,,0.119237031657358,0.5526315789473685,False,5
-0.60183210967590772,0.74648385274878748,-0.28383088159742736,-0.78284973447918504,-0.62171576975969312,0.024815214244123064,-0.1579379782981773,0.23713152303613927,0.95855319925064408,-18.62973076027928,6.5628383727471533,-8.6605718637925939,,0.0858407155185911,0.2456140350877193,False,5
-0.47621441223989591,-0.80108481633515582,-0.36260577851473869,0.86216203411529158,-0.5064552907928731,-0.013403930695474166,-0.17290592964150503,-0.31900808056407542,0.93184622338110634,17.690422682883209,-10.367517146934755,5.5832536040802587,,0.2069983293643094,0.3076923076923077,False,5
-0.41932879910589027,-0.82498189060005345,-0.37890399631354282,0.89368609820606926,-0.44851917106659089,-0.012478423736608877,-0.1596512327344326,-0.34385379650034342,0.92535185228035088,-12.731981518212603,37.027020452157537,-8.3679520021383897,,0.09021432740694246,0.3571428571428572,False,2
0.56884197709032747,-0.7327580968859585,-0.37347607225636026,0.81440377487702043,0.56520512621270458,0.13149013943616722,0.11474012622456589,-0.37895743395657422,0.91827336163204776,-35.485461456201783,12.531864825355878,-15.303774393228133,0.7157634064566047,0.5337289544756844,0.2380952380952381,True,4
-0.43790196895848482,0.86072782562986272,-0.25959483001163697,-0.89362752931046707,-0.44831988534349554,0.020955172728129669,-0.098344824168599979,0.24115739796258281,0.96549024074154355,1.650805455397194,-18.365666370135436,0.83736248712286632,0.5731408774658667,0.2716649633361386,0.25,True,6
0.49859260698432217,0.82680025856231021,-0.2603972824394955,-0.84720988435423839,0.52835849525765133,0.055432051572610025,0.18341435089178676,0.19297314043764588,0.96390899101345517,3.4019355801819984,11.104008006199299,-0.67444169331262671,0.2252789907579997,0.1994698091864615,0.7297297297297297,True,5
-0.096055674322089918,0.97323925555569224,-0.20875502119932104,-0.99497205556755342,-0.087907290877786454,0.047988715863258508,0.028353413731064227,0.21231500101483314,0.97678985676237695,-11.340904426402249,-2.3820101496870563,-5.2857738059840305,,0.1773895304561647,0.75,False,2
0.95370018096340348,0.063815807005228653,-0.29391071366427363,-0.035096543776640898,0.99416749189863374,0.1019766182363098,0.29870419723416269,-0.086939869037462619,0.95037743119586071,-1.6459440108201377,-22.59859615970074,-0.11648618062720159,0.2202009134746317,0.2416221190514822,0.7254901960784313,True,5
0.9402692804561239,0.21861350269643851,-0.26096324773675661,-0.16298232891684075,0.96208125578020731,0.21871538065993659,0.29888198455471388,-0.16311895571996687,0.94024558791491364,-0.45582076446632874,9.4021918937916258,-1.9009290740402982,,0.0896359130698178,0.2941176470588235,False,5
0.08878853843538434,-0.90178321282519713,-0.42297001372339915,0.99590477537492839,0.087637316980190422,0.022212137626208196,0.017037424333515537,-0.42321003974288907,0.90587139729262911,2.3175247505901977,10.770711981194983,-1.0153375405321567,0.5192650799142163,0.4336570414255429,0.5134328358208955,True,6
0.9192153801931463,-0.24338718047707658,-0.30952506392178936,0.27738618246071589,0.95818092809839361,0.07032933106727815,0.27946375542499113,-0.15050577865291198,0.94828688696820052,18.489288771735307,-3.7152755494347045,5.4674513540095102,0.234053380933992,0.221192129239065,0.6304347826086957,True,5
-0.10742625193654362,-0.92296760737484562,-0.36958137957913917,0.99248186587144749,-0.12148191796575766,0.014895956622259492,-0.05864594027891086,-0.36520260040710883,0.92907896023141578,-0.71719025323866603,-4.2379720778855736,-1.2452087110955452,,0.0890575638714276,0.2706766917293233,False,5
0.50469582528926271,-0.74342998217182832,-0.43885531276673007,0.84717977328416705,0.52427598270291698,0.086145955790607395,0.16603781398758705,-0.41526684862734375,0.89441874351856998,-27.435868143143775,6.8785317349891475,-11.944898010596276,,0.4860959238921295,0.25,False,4
-0.27680123777079108,0.9297132621359615,-0.2429286417388177,-0.95933049466132614,-0.28193250685733567,0.014108989687195988,-0.055372166125346817,0.23695423985581526,0.96994155052401976,-40.401208472646658,7.9854078069459788,-17.027953819449813,,0.07452411408935086,0.5,False,1
-0.78514728613356366,-0.50778254045499571,-0.35454284746158699,0.56065228097737807,-0.82597463566148321,-0.05860819975688409,-0.26308317869442471,-0.24479132511784463,0.9332011831513537,27.927511181368661,8.4138479577456629,7.8948034498889337,,0.2125857606450833,0.1333333333333333,False,5
-0.13493292870981621,-0.86293459486768598,-0.48696713413774828,0.98824870724964986,-0.15282468828002863,-0.0030178256255018014,-0.07181641434369665,-0.48165184483468149,0.87341508058778072,2.0891848940136963,20.342911199000564,-1.8861610721815147,,0.4384566434952634,0.5094339622641509,False,5
0.93864217950907314,0.22521185549265843,-0.26120964567184612,-0.14535699361978166,0.94513688292289488,0.29255361379516981,0.3127654124935752,-0.23663451287660583,0.91988146196310294,13.11366188823815,-14.372211404098165,4.4882448900348733,,0.5588032086085342,0.3714285714285714,False,5
-0.87231391302635375,-0.34207187726137028,-0.34936409078142788,0.3915012532400014,-0.91669671054846447,-0.079961925821816354,-0.29290818672778673,-0.20652837978473415,0.93356886328290378,0.87161027600408536,-19.255733716991994,0.61153839738127591,,0.1696909244061448,0.125,False,4
-0.32895731895645802,-0.84201708184999413,-0.42754451952726419,0.93417456913970165,-0.35641954145000571,-0.016822153406167446,-0.13822068107787638,-0.40493498780098969,0.90383776142457128,-0.32574616846292537,-11.513842664986782,-0.30203518380037403,,0.1430834349693922,0.3225806451612903,False,5
-0.93129166217544523,0.23345804694011435,-0.27963043518437852,-0.20528566377703336,-0.97048603822531221,-0.12654898599894765,-0.30092131232287339,-0.060449896018491177,0.95173114578710449,-9.0690867327698808,17.675070139015219,-5.8394253347390173,,0.3854237516016802,0.3859649122807017,False,5
-0.014197437264236251,0.97460501119223752,-0.22348043523786598,-0.99952937848808021,-0.0077548614917898086,0.029679684339194056,0.027192909266187778,0.22379663599397798,0.97425644026786851,-8.5405470432197497,3.1120639076365442,-4.4832219845051231,0.1422553910591405,0.09463287971052134,0.4047619047619048,True,5
0.39187050014702624,0.89361803066446166,-0.21882487606734727,-0.9060794786599039,0.41610586056027538,0.076654361642313831,0.15955403306064495,0.16823414658969538,0.97274857103740875,-11.384391226564317,3.4487348504791973,-5.5995169331842591,,0.1535203011290926,0.2745098039215687,False,5
-0.85594176300796032,0.43875481098990482,-0.27360174372989488,-0.45129851489261119,-0.89217371207263119,-0.018860486268053495,-0.25237541242076217,0.10733258274986508,0.96165813462253591,6.0886271108363097,19.169659616744511,-0.32241792135324843,,0.1190074214405919,0.4210526315789473,False,5
-0.89972067521580668,0.34974129851789476,-0.26112014610180795,-0.33669815884223181,-0.93684228402372416,-0.0946619495756503,-0.27773558724344971,0.0027493592396445887,0.96065362363460993,1.0788687089978577,18.415735488913839,-2.1149400499041104,,0.5162917378030789,0.4166666666666667,False,2
0.69923300925045861,0.6677084706658758,-0.2554184742253075,-0.66788838310479159,0.73755503174044124,0.099687927393554587,0.2549476544081431,0.10088594230809714,0.96167755519009157,19.453651825392217,2.0529521874840326,5.4109108481535637,,0.1404693480601016,0.35,True,5
0.5773857841626806,-0.74526074127731445,-0.33348475790901355,0.80198378330814912,0.59427848500573777,0.060457369857048832,0.15312631242733274,-0.30235659372679835,0.94081497791666435,11.578357952770446,-7.075389180270272,3.3778171449851171,,0.08058235192435577,0.2222222222222222,False,5
0.83439870254611259,-0.33656375213778589,-0.436467233519654,0.47488502434290236,0.84095793425483401,0.25937225462389873,0.27975528385395365,-0.42369162554950085,0.86152329486498302,7.1198964968594085,25.283415526522987,-0.40485893447091703,,0.2759000173028269,0.2380952380952381,False,3
-0.57046989240226487,0.77184803482749886,-0.28073958216730999,-0.8071628153433914,-0.59005718131755724,0.017908442213352672,-0.15182981060871353,0.23681877862303677,0.95961688954603874,-3.3662737251492238,-5.8945373408273651,-1.9487006970257841,0.2069101576036516,0.164015936456043,0.7724867724867724,True,5
0.20099817292453245,0.96822486660414442,-0.14879631101067575,-0.97489551932338214,0.21256897751543827,0.066280888657542586,0.095804284268461853,0.13173851937617576,0.98664406025089912,-7.5111167923731887,15.109317310490162,-4.9285069236774106,,0.1502486760410029,0.3333333333333333,False,5
-0.91603221952878056,-0.23403577699882688,-0.32574871890727763,0.2646292129959017,-0.96292891918123735,-0.052338095433682064,-0.30142387499059675,-0.1341460088448809,0.94400661856612178,-14.382439491891263,22.467491618583576,-8.230291104770048,0.2605280392635425,0.2365353945448657,0.4680851063829787,True,5
-0.56653920718445305,0.79112703888879654,-0.23054573312437321,-0.80806039777999417,-0.58819191699562312,-0.032690401047563232,-0.16146739690243228,0.1677744829229332,0.97251221206599414,-26.653169712768221,5.8341805131862863,-11.572218081382715,,0.1571915500020322,0.2857142857142857,False,3
-0.87560287085827149,0.38617192012464174,-0.29015661400698656,-0.40588886360391241,-0.91388241893444611,0.0085530558778161431,-0.26186607826726371,0.12526041860768189,0.95694095146103475,-14.765250747941387,2.9826752713963329,-7.0118520521771455,0.1175089804132459,0.08527637690686911,0.3984962406015037,True,5
-0.045941192463708078,0.96498288716527725,-0.25825846416560622,-0.99848960883721727,-0.036560953050368168,0.041009727579550896,0.030131509738357605,0.25975242865123294,0.96520503932101009,9.4479031858470002,14.343009247736338,1.3298947176019549,0.2723830984541006,0.2511830077685064,0.7439024390243902,True,5
0.69975458496423293,0.65724338610419353,-0.27995473249049918,-0.67484612330159877,0.73671752238923316,0.042778523460632406,0.23436345851334495,0.15899189799157201,0.95905961529338724,7.5603136325626235,2.1579855863316366,1.378594548890703,0.4201740343608525,0.3646639791783741,0.7491638795986622,True,5
0.95334646371789133,-0.025846212801959735,-0.30076983459181605,0.06070822571401837,0.99238807600312517,0.10714671221027998,0.29571106074553311,-0.12040714219103688,0.94765874061401456,-12.604123252880433,-12.293379312764939,-4.7202881511994628,0.196551034079824,0.1270606434853194,0.3859649122807017,True,2
-0.097552779420984212,0.99521032401468057,-0.0063139687864393057,-0.99522880159081994,-0.09753946270520808,0.0023844704402381164,0.0017571884764661094,0.0065164553075022225,0.99997722379006415,-7.4654010491192242,-12.532731600849546,-2.8089117441985421,,0.7550178986869513,0.7362637362637363,False,1
-0.31894417408266013,-0.82347659470845291,-0.46921307716867883,0.93946920154715519,-0.34008006106993666,-0.041751304255309214,-0.1251887900855386,-0.4541275702157257,0.88209745312345178,11.563441273497977,-18.522473560224807,4.1402274588147252,,0.4525537209548539,0.875,False,5
-0.94585059237708025,0.15624904978795612,-0.28452221589937066,-0.13390905138834025,-0.9862867386040044,-0.096471940014453458,-0.29569413733823352,-0.053147941580443628,0.95380305799969034,3.8476833177195235,2.0397141283723879,0.14655500273130687,0.3527227500092716,0.1990941418459095,0.2933333333333333,True,5
-0.69283123896575649,-0.64416711542090965,-0.3240888793579319,0.6809886098057456,-0.73229395418821464,-0.00027923865782764415,-0.23714845061272022,-0.22089430067272972,0.94602659598041572,7.0797107752619262,13.346395345246108,0.52522174856278547,,0.07616955848408655,0.2413793103448276,False,5
0.93731980796172476,0.24208010025553334,-0.25065674270377525,-0.20600376737320006,0.9650937868949947,0.16172949738599815,0.2810587579682301,-0.099956028117117401,0.9544709356561919,5.3035093879134969,7.4170063897742562,0.3831050505096803,,0.1563204259945888,0.1428571428571428,False,5
-0.73233002820504456,-0.533530154528017,-0.42312918121834786,0.62623605873706711,-0.7717229555515257,-0.11077941420807019,-0.26743434432896546,-0.34610584231435471,0.89927171499453262,-0.043883270418014764,21.560686519192185,-2.817260327451407,,0.2793969559255179,0.1935483870967742,False,3
0.018183975440150567,0.98378656683969234,-0.17841898425605793,-0.99911216828441562,0.024661856516066075,0.03415652235217443,0.038002871249494058,0.17763947685960008,0.98336158051748279,-1.3041777032910067,-7.499688175946134,-0.92488543594219186,0.3890614083895093,0.367302451481953,0.8868940754039497,True,5
0.42725844081627551,-0.82056516187786965,-0.37963540385953431,0.89825116006082006,0.43305107989268082,0.074910717879186892,0.10293239626394279,-0.37301417843847362,0.92209833775104177,1.5758664927260018,10.326134807415983,-1.2906584214767347,0.1129701433168589,0.09054777709251462,0.2916666666666667,True,4
0.43086875920501583,-0.76038757499880594,-0.4859658919395129,0.89616643997588419,0.42380330065644861,0.13144000233433878,0.10600860437757528,-0.49213971404483914,0.86403742838940933,-15.260426698363236,6.0744829063263044,-7.307219611429189,0.3010466463082664,0.162253039803374,0.3043478260869565,True,5
-0.90241979523199245,0.3233175967603602,-0.28478806997231515,-0.32167523835649747,-0.94531454354078637,-0.053902270810864711,-0.28664185703023509,0.042966794101751304,0.95707382181463851,-0.46029977185957593,22.618415089602145,-3.0074266712394269,0.7892958579404105,0.4632690449191175,0.5,True,4
0.93668348559886516,-0.10508270744777745,-0.33403842952840901,0.20217409629053576,0.94115128693137018,0.27085030902055734,0.28591901405024844,-0.32123492914512131,0.90280586933275042,1.2050071964495757,9.1807885700963894,-1.3531048327149833,,0.215768497484979,0.1875,False,1
-0.9566338838368561,0.074907836244744314,-0.28149676439409554,-0.053311203769609072,-0.99507050264560137,-0.083621829191109165,-0.28637305712627636,-0.064988543865533654,0.95591158655933728,-9.1019894473752814,5.0337286112223909,-4.9509919164164238,,0.1788648777242066,0.4708171206225681,False,5
-0.30443842710336039,-0.82256570173975785,-0.48031542805141325,0.94256451596113089,-0.33290613235970185,-0.027306414782321223,-0.13743863122787364,-0.46104140091610535,0.87667066181521314,7.8689159318439437,-8.5353883430085169,2.2351311812021493,0.751994430960865,0.5626819433044025,0.3821138211382114,True,3
0.82874566839625263,-0.41267477496590771,-0.37799490369750455,0.49886494118855251,0.8508623463470375,0.16482426405646708,0.25360281458885725,-0.32516580028602543,0.91101746127994609,-38.215134119317071,8.4910060770225257,-16.206133625345984,0.2571017988671456,0.57908562617082,0.8085106382978723,True,3
0.83826834040332943,-0.39940703369201125,-0.37118756837318456,0.50975244633831929,0.81569395366714148,0.2734882399719723,0.19354232852156089,-0.4184703040697354,0.88736912932681877,-4.8254016160082385,-14.86198654602704,-1.8201706497860739,,0.4313501188579416,0.2,False,3
0.55060992137726383,-0.776211497881374,-0.30712281751390441,0.82190536411752457,0.56842854319400826,0.036885820001440792,0.14594617814716662,-0.27273558960849453,0.9509547892750444,-12.128835642195016,6.7403596688278347,-6.1975546986581245,,0.07642407661528207,0.5376344086021505,True,5
-0.45661954457083942,0.86970399454104752,-0.18738610779687942,-0.88205110400041109,-0.47004918980202431,-0.032242969747144121,-0.11612252773503542,0.15056135309502533,0.98175701551179129,6.5512821125442127,-13.638457006544851,2.2030282594170298,,0.1469462242943343,0.2,False,5
-0.96142848320167729,0.15663329981319871,-0.22610015718294194,-0.12519190112205716,-0.98113026202964748,-0.14734448351764168,-0.24491275912448396,-0.11335527477477234,0.96289580022906329,-16.746719872785693,26.028246542797703,-9.4825211721500846,,0.4674058604114505,0.3333333333333333,False,2
-0.20657095928985328,0.95579016915131332,-0.20926918390382843,-0.97802647182041091,-0.20786166070258166,0.016054607702601899,-0.028154203888395853,0.20798721730834677,0.97772626958660658,-11.950461666997747,-14.283224406880052,-4.3119125382304215,0.2019168808251032,0.2159968654922334,0.7604166666666666,True,4
-0.90864656988095049,-0.23796723099878872,-0.34312243880916865,0.29104803820025371,-0.95015606783751916,-0.11177873774259227,-0.29942019054059499,-0.201432479313324,0.93261594763027766,-8.834017172351821,20.751405138933233,-5.9503407192519866,,0.1902315738899866,0.2619047619047619,False,4
-0.57661767610850956,-0.74210383154423487,-0.34175131134581976,0.79069870203586556,-0.61218703609890746,-0.0047534651815386054,-0.20568815765138043,-0.27296325034663615,0.93977840247697753,9.750562365418217,1.2296756588274511,2.2235013634490235,,0.0764549912593824,0.2765957446808511,False,5
0.099806364837730796,-0.88177228439305944,-0.46099493274235037,0.99480789345779996,0.079165093119288821,0.063954226955455121,-0.019898358021035418,-0.46498443684456853,0.8850952089128078,-4.7650505713076923,9.1560986562904603,-3.5268220192151989,,0.2728373572138932,0.5454545454545454,False,5
-0.2687376558111611,0.95323537285729665,-0.13828375277931815,-0.96143821583136946,-0.27417576588107179,-0.021545452943018725,-0.058451941696696118,0.1271612100333174,0.9901582687503786,-4.273061974911613,-26.485407134071838,-0.78419316398520511,,0.6070013923305887,0.1470588235294118,False,2
-0.5257034429895785,0.80758027304386071,-0.26730131428652781,-0.83937133065135472,-0.54348728174032923,0.0087945362061353366,-0.13817257075655756,0.2289883778206008,0.96357286362454841,0.82051200648019251,6.8571224098690404,-1.300440034545884,,0.1143913713423001,0.5944444444444444,False,5
0.29962813734641258,-0.87880371357497844,-0.37138526130845045,0.95222725146388609,0.29955658801191237,0.059406330876377755,0.059044397531447218,-0.37144297487701672,0.92657642724961398,4.3790294560439342,18.474700523601168,-0.94580539413449538,,0.6750247891998699,0.5974025974025974,False,5
0.95129294723789137,0.122161385362216,-0.28305180526156526,-0.05590982961477671,0.97127787320267611,0.23128636790639784,0.30317621853947169,-0.20419571237729528,0.93079981282703095,-18.892902384789998,14.000688979111519,-9.3431331973500242,,0.1359906728214614,0.2307692307692308,False,3
0.58646963979592126,0.7861093995290267,-0.19515474262685906,-0.78503782038204795,0.61099223352652143,0.1020005448028414,0.19942161910747325,0.093383631019498786,0.97545400470251187,5.4020642696800829,5.909193114373533,0.40876915151514659,0.6207307936993727,0.6113255796141666,0.7282377919320594,True,5
-0.53905473771296419,0.81857083673192621,-0.19839802166655934,-0.8306913343707677,-0.55560867902103772,-0.035368104243992046,-0.13918296142317055,0.14574217319806437,0.97948319138257034,15.365909438763648,8.6606726490298289,3.7318505986210937,0.1374657275707168,0.1266149134372884,0.2592592592592592,True,5
0.70187924197349127,-0.63304887489418005,-0.32651899130361273,0.68460945669926776,0.72610720168307552,0.063860969785197619,0.19666067599967624,-0.26836067830288585,0.9430308186141978,17.401803551782113,-4.4214633913677828,5.0605802437006346,,0.106999228990098,0.4242424242424243,False,5
-0.82621033404875466,-0.47408890626599243,-0.30432908646161572,0.49159551339253982,-0.87055683362069414,0.02155575674009234,-0.27515511102534856,-0.13179722452247505,0.95232303158371723,-11.525616353986296,4.8123464793584763,-5.7852137712509162,0.32631373848776,0.295225315308066,0.959731543624161,True,5
0.77959186242486378,-0.49438463940268579,-0.38447412964152294,0.58255444508333709,0.79780546425600551,0.1553600969261503,0.22992791599667786,-0.34509458055138154,0.90996861699703069,11.165211391935067,-10.188527377198643,3.4355114956278263,0.1869051525890027,0.1859873491966689,0.3928571428571428,True,5
0.055305191048536526,0.97645512417594615,-0.20851073428872396,-0.99803237631511987,0.060240796158699546,0.017390293412171465,0.029541693754425807,0.20713869012983527,0.97786545668686753,3.610569244196475,-21.13610520561198,1.6630854701256195,,0.1821111063066998,0.1428571428571428,True,6
-0.79008166938141289,-0.47410416585310622,-0.38858228939081907,0.54678297739595594,-0.83162663248925739,-0.097085116081671197,-0.2771269227944001,-0.28917535174234393,0.91628504550014245,-5.056115304607359,22.829274748492782,-4.764201303901312,,0.170954994944089,0.5,False,4
-0.69253437115406447,-0.61873544732464913,-0.37089431243173843,0.68001457786768604,-0.73153534194838843,-0.049358052715724257,-0.24078272084532679,-0.28639568730066717,0.92736249203744525,21.122560816529148,10.667048156354918,5.5745955646549401,0.4276541172401924,0.400713930466894,0.4571428571428571,True,5
0.34099422410222335,-0.84577131044687115,-0.41035817227625143,0.9370030781375589,0.34099671715036695,0.075805477726963527,0.075816691365841363,-0.41035610062195427,0.90876823227524972,-8.5691398476615266,-11.369933582277211,-3.1939858087001016,,0.1095169423160089,0.2692307692307692,False,2
-0.86722251219004798,-0.38091306698069732,-0.32067171648609877,0.41029441159942076,-0.91155946075399708,-0.026792635558440376,-0.28210567197606512,-0.15480498994942316,0.94681138825306277,-10.674514496619086,9.1212463665547467,-5.6427105491663117,0.2207841180392912,0.2169742681806933,0.472,True,5
-0.358576910613157,-0.79041408702964322,-0.49665699451454337,0.92321503284744177,-0.37902939116971818,-0.063330275177116924,-0.13819045661557239,-0.48122997792594768,0.86563335543737618,4.4820642178412147,15.933872779005483,-0.72725757646244604,,0.32304249973316,0.3255813953488372,False,4
0.92610901939867907,0.26051121486006074,-0.27286625134037817,-0.24373353936096126,0.96524602245202384,0.09430841919533843,0.287951464623804,-0.020833220410686443,0.95741836777258638,-15.101146406892321,14.34074380769186,-7.9527451609278366,0.3632257852083997,0.3243941419188224,0.9819819819819819,True,5
-0.74843320486658049,-0.49797800579247359,-0.4380247066092165,0.61284047058229962,-0.77176097656057974,-0.16973966146639258,-0.25352375720946663,-0.39547806614932657,0.88279261648769125,-21.792952200717615,12.441720368084626,-10.22541450278073,,0.326757185535953,0.2631578947368421,False,1
-0.88858098956466636,-0.31882933264343066,-0.32980552092168319,0.3584074081404619,-0.9312744364274661,-0.065360950473056775,-0.2863004624067424,-0.17628323999419127,0.94178355502887989,21.093736617464863,1.3070176899869299,6.0275644672099524,,0.2751530503650269,0.7631578947368421,True,4
-0.44902425662182499,0.89208853838300139,-0.050549546495468167,-0.8858864674128335,-0.45185435776772043,-0.1050371659039368,-0.11654348467429508,-0.0023830761634874853,0.99318273098557808,8.2856825378437673,-4.3814097621357435,2.0670346441157066,,0.6834430885628886,0.3939393939393939,False,2
-0.95205725587227685,0.18488116935956497,-0.24373332713683515,-0.15461463564051778,-0.97827373146997154,-0.13811162428112075,-0.26397215002098523,-0.093805434448433811,0.95995793891255476,0.085577173074847926,-10.0602016949858,-0.21243992800458819,,0.3752971752223718,0.2608695652173913,False,5
-0.30939927981913529,-0.85072833048575536,-0.42489221380994902,0.9428506552439202,-0.33257309543716979,-0.02068279713794953,-0.12371227729498312,-0.40700914473787703,0.90500764004854173,-2.2960591236583299,24.789515422367401,-3.8292233760099856,,0.1826387063405555,0.3571428571428572,False,5
-0.87385502466775422,0.41813226685694643,-0.24807822007582447,-0.41111714088831791,-0.9078813675329378,-0.082061677745075404,-0.25953822903520929,0.030279199124035719,0.96525803688426925,-15.069098648022877,-19.940743051679338,-5.0962498410726829,,0.1383019153566834,0.1764705882352941,False,1
-0.33333622388754935,0.93431869605574902,-0.12623603306931069,-0.93896656555524882,-0.34106330215155534,-0.044917843835824631,-0.085022059571455338,0.10355866997100494,0.99098277041534166,15.775854902970119,14.414993052145556,3.5838974137550608,,0.2567302308214827,0.3809523809523809,False,5
0.13703780530404394,0.97472761147780074,-0.17642767169645923,-0.9884996710130991,0.14606312775004798,0.039165841225094963,0.06394560441849903,0.16903149450518309,0.98353409373590017,-4.3457391516492923,17.625769975626692,-4.0475161918225275,,0.2415630985885432,0.4090909090909091,False,6
