axis_00,axis_01,axis_02,axis_10,axis_11,axis_12,axis_20,axis_21,axis_22,location_x,location_y,location_z,dbh,dbh_approximation,score,reconstructed,number_clusters
-0.80672474664784533,-0.57751118726480422,-0.12520388065058916,0.58371783036717895,-0.81178593275897404,-0.016646137271950898,-0.092025418539684475,-0.086512588440292942,0.99199137818025296,-3.0076028883280839,-1.2999004268787009,-1.3911200877709826,0.3911017726352792,0.3941201267365709,0.8844743276283619,True,5
-0.99527865646429048,0.019814480971316127,-0.095014642716134273,-0.02014614293775898,-0.99979383828606694,0.0025325579846766609,-0.09494487301254699,0.0044347794817462321,0.99547265347651825,-11.890285095009752,-0.39879698409676934,-2.2425469378791227,0.5529770911080563,0.4831371739283798,0.9515570934256056,True,1
0.74123374763044103,0.6686763270248175,-0.058689871786642631,-0.66046146776006653,0.7421413417198186,0.11409153568310113,0.11984648921829993,-0.045806097704441107,0.99173515639768517,6.0809278142474188,8.2817074734134177,-0.39733422787133355,0.9708986108203723,0.5429171844441828,0.8717948717948718,True,4
-0.82266478037932755,-0.55401891486032206,-0.12761544224906773,0.56118667338123596,-0.8272746966243254,-0.026193395053593919,-0.091061389967076745,-0.09316446909698331,0.99147778843257117,4.0065868382520753,-12.465172512824825,-0.65401439676336315,0.3025718645048796,0.255422585249472,0.72,True,5
0.94937630790386951,0.30786716585620855,-0.062469465969238809,-0.29834771918396796,0.94589860911272805,0.12753219098066879,0.098352755164969136,-0.10243841792155568,0.98986519591568001,4.3937603681238961,-5.7058720141666681,-0.78855441009244642,,0.07733963772487562,0.24,False,7
0.93302062517337236,-0.33826733526965236,-0.12266916030795359,0.35041044980815028,0.93164841946172061,0.096144366344201537,0.081762030713159087,-0.13268923243446273,0.98777959987520192,10.896658548358584,-5.215084107721335,-0.15459948806797189,,0.08616512807155612,0.3333333333333333,False,5
-0.71325447641833128,-0.68472925034215981,-0.14971274359611469,0.69578647160275819,-0.71747225974972251,-0.033387758598195941,-0.084553165545687467,-0.12798206989844696,0.98816565007123813,-1.6882548258741172,10.014882163488098,-1.1517757412510345,,0.09364838319061182,0.2155172413793103,False,5
-0.085286598333521882,0.99630490625021795,-0.010135577262398873,-0.99622529587019659,-0.085105900979539933,0.017092263946054585,0.016166508993513691,0.011555059506826254,0.99980254279870562,-10.488377868155156,-16.425064242229904,-1.9342080301792342,0.224792254000278,0.1784233914347626,0.5121951219512195,True,5
-0.14157264785337956,-0.97644127100497169,-0.16284848681513553,0.98927760101955531,-0.14551383129633283,0.012472089738986152,-0.03587497039410438,-0.1593366535975286,0.98657225651219504,-1.6912940267585967,-3.5401137462875232,-1.346138973738211,0.1569764642301097,0.1453472710471074,0.6842105263157895,True,5
0.076983178554680981,-0.96061982134159318,-0.26698904296855119,0.99664246701286396,0.081631131473268309,-0.0063365069956577112,0.027881591886586378,-0.2656048140001207,0.96367873257316961,-8.0161604872499979,5.4909177699848568,-1.7924876056814381,,0.3215095081580566,0.356234096692112,False,5
0.72777688244932404,0.68098232513368728,0.081264273994546679,-0.68091057147342537,0.70333869393923176,0.20414572065950853,0.081863319185559932,-0.20390623939294747,0.97556170615115378,-11.04911212012844,13.772928653754084,-1.935253802860192,0.3156805124239951,0.3607804704356758,0.45,True,3
-0.30003881109470226,-0.91239076764621319,-0.2784237758360999,0.95292724563419973,-0.30003285271822855,-0.043702995524094956,-0.043662070094017638,-0.27843019664489504,0.95946352157410841,-9.4513691198570946,18.370266954320972,-1.8133369546809293,,0.2903818415126148,0.2173913043478261,False,5
0.39112377823425337,0.91916761381647039,-0.046401377250025785,-0.91794164831790281,0.39324522307113902,0.052357662430087958,0.06637258758836663,0.022115429967939845,0.99754979192727966,0.91309717740053808,19.145245013456869,-0.81932503273805057,,0.2637363935295048,0.3333333333333333,True,4
-0.95325846384034207,-0.25897570501466866,-0.15565951730911257,0.28541674222031493,-0.94085553184425952,-0.18255999413452328,-0.099174514756023929,-0.21845469189333119,0.97079450102104314,-8.6711692841120129,-6.4934026378705658,-1.9656050252346402,,0.4902902021662658,0.2666666666666667,False,5
-0.99336147315388501,-0.057233061352016869,-0.099786573955720839,0.062068889428312422,-0.99700904847654481,-0.046047912233151939,-0.096852654164355248,-0.051935863756872341,0.9939427696991151,-0.88315450908609794,7.4262203361254659,-1.1621965724582906,,0.0698151472541086,0.2,False,4
0.78394428336834243,-0.61351467628024525,-0.095032113324075754,0.62063451046139784,0.77831276063670529,0.095089700043750891,0.015625779930474162,-0.13352523588750886,0.99092222014785192,-7.4578817598426328,-3.4267327607811486,-1.889340948129328,0.2389542456485884,0.2091404689546297,0.4313099041533546,True,5
0.6479173179899903,0.75858177589905607,-0.068969836323507311,-0.75737261220791186,0.65123080712319614,0.047803369452726369,0.081178047069520254,0.021263234173191745,0.99647277912970322,-9.0939665742368661,-8.9762156216701907,-1.9706370184784987,0.2996909466429727,0.2930550767874476,0.8734693877551021,True,5
-0.21766048989451059,-0.9559075745349096,-0.19714111718681906,0.97465987697600731,-0.22355353246130794,0.0078703454298089982,-0.051594915951042694,-0.19043247378232656,0.9803435303898056,19.470890782736948,-1.2620501853274741,0.92793814409703756,0.2523199191971345,0.3139193075964095,0.4411764705882353,True,5
0.88250908566821895,-0.45619327376583207,-0.1143040274174873,0.46444507702143917,0.88361444137890011,0.059298308721286552,0.073949199749520772,-0.10541923902906991,0.99167449291536103,19.62975819725537,6.2502464524112149,1.0166129485558446,,0.4861323089163057,0.8666666666666667,False,1
0.97042899497077695,0.23716910609516445,-0.044926393512374055,-0.22239852080145434,0.95082608157564674,0.21556590764967204,0.093842760324561639,-0.19919984364833843,0.97545525711082448,8.5157764655258781,13.395754697165597,-0.11122214600378266,,0.3714005557815068,0.3421052631578947,False,4
0.11825583538692544,-0.97738106975639805,-0.17533340206241149,0.99298224540870805,0.11663739280734381,0.01954428054919638,0.0013482210578087267,-0.17641418049846283,0.98431510159045876,-12.580708220964814,10.99948045433133,-2.1430584926902743,,0.1899476760471421,0.2156862745098039,False,4
-0.25302289341567341,0.96717095759354865,-0.02365912498678277,-0.96740568443174835,-0.25319277131252943,-0.0044342174307525697,-0.01027896574091202,0.021766013476531565,0.99971024978272494,-18.093069929349017,6.3693029277089348,-2.7400015776813111,1.093429110720975,0.3607032957206748,0.8832116788321168,True,8
-0.94230772837374799,0.32541647279501013,-0.078487351087685828,-0.32382479875461884,-0.94555603940178656,-0.032577232269459938,-0.084815356856161123,-0.0052816270657857836,0.99638268735305724,-1.7044237138331957,15.233520473503686,-1.1032069233659587,0.1646312433275625,0.1842599887241273,0.5942028985507246,True,5
-0.64910861600888914,0.75884812225943798,-0.052986148815994914,-0.75917152719673808,-0.65064179508829012,-0.017995743331732848,-0.048131039016402442,0.028544383468800165,0.99843308301337286,-10.838085687701183,8.4510045545436796,-2.0305483635057597,,0.1309297621572592,0.2909090909090909,True,5
0.9938500130613861,-0.04421705316431173,-0.10152341477386527,0.060220221780893257,0.98520942275472412,0.16042418210470202,0.092928340276483432,-0.16555133803375607,0.98181315842103611,-4.4402830319625215,13.351989527800809,-1.3491328005212084,,0.1584984003202388,0.2424242424242424,False,4
-0.45251290672070493,0.89154793374970598,0.019348154377350435,-0.89153504843118769,-0.45180837662279072,-0.032162839306869542,-0.019933054707685485,-0.031803657653007716,0.99929535208061082,8.7720774379134987,-1.1298038914213988,-0.33247061526497201,,0.113181179551808,0.1333333333333333,True,5
-0.61919264411334984,-0.77432867769129943,-0.13044373645661608,0.78155630933397324,-0.623795600264335,-0.006984585250241291,-0.075961864222635997,-0.10627392904989827,0.991431110661815,-2.6627018718809063,12.196654170908149,-1.1830627227183439,,0.0696614385396046,0.3243243243243243,False,3
-0.84468186265218692,0.53149474019781962,-0.063449917639693543,-0.53047106548345835,-0.8470441714346979,-0.033415869334051509,-0.071505241704900024,0.0054325666639371759,0.99742542960773051,-10.069227594927886,15.748391600092564,-1.8492822375731719,,0.07285476862357057,0.2727272727272727,False,2
0.26945723834980334,0.96276209308414196,-0.021953332802555778,-0.96053993561419793,0.27032808106378642,0.065465721401693988,0.06896251729142773,0.003446840381205879,0.9976132970746816,-13.143320653523784,8.4519605616828084,-2.2277706748713859,0.3851611922456651,0.4935631892160329,0.841025641025641,True,5
0.65928618243753356,0.75055788956394054,0.04477258156803568,-0.74723921646218694,0.64742945052910894,0.14989549682546591,0.083518159869096956,-0.13227985863652719,0.98768758014423796,-3.93632850142414,-16.259690070210922,-1.3106184028637888,,0.4836329358941448,0.6629213483146067,False,5
-0.99438042230644808,0.053092959659253272,-0.091589919577812581,-0.047593892488133283,-0.99698924175449644,-0.061214975484940426,-0.094564248696202821,-0.05651185238881079,0.99391348386472111,-25.455848043467984,9.9770750435181377,-3.4633103428786294,,0.1191302311585288,0.3793103448275862,False,2
-0.92485591694786118,-0.35928095659984483,-0.12473462675308136,0.37170748258313713,-0.92331193022803382,-0.096584817079541974,-0.080467883520302028,-0.13569183366467635,0.98747792177773797,-0.67095302195947892,12.963127307390083,-0.99126059288553048,1.106965200859757,0.6623035193451737,0.308641975308642,True,5
-0.60151264001974236,-0.7759711615407543,-0.1898717997849361,0.79544357592641579,-0.60374292776451999,-0.052573707228241034,-0.073838075637674347,-0.18265605281899838,0.9804002779246378,2.8394154741780318,13.944705157380136,-0.65298766169054101,,0.1600707052140631,0.3023255813953488,False,4
-0.73767858270712594,0.6712497065441092,-0.072485447364644212,-0.67313501034537848,-0.73951643740367312,0.002167177220752152,-0.052149462725254198,0.050391172582368783,0.99736711559146596,23.45136194434626,-5.5829056236217394,1.3920034717997021,0.5823472973091977,0.5759646273440266,0.989247311827957,True,5
0.97965705770378941,-0.16491572823249789,-0.11434531854299418,0.1820003366307818,0.97018908091970213,0.16002819979761637,0.08454541239733851,-0.17758364183034589,0.98046729848416436,-5.9752886425323402,0.31219469607689526,-1.6246299980822048,0.6405009156870751,0.4921790696836343,0.135048231511254,True,4
0.48620233466935731,-0.84632664379875755,-0.21757412934077835,0.87384170186972676,0.47169252311404553,0.1179272814565214,0.0028230897056842411,-0.2474618670313409,0.96889352073892898,-2.9712671403316007,-11.057102279942971,-1.407138166767266,,0.105002903326249,0.4047619047619048,False,4
0.96628462690026551,-0.22264252912854499,-0.12932255812293722,0.24330771371800031,0.95389637064241428,0.17573579749314161,0.084234056423367579,-0.20127597546273582,0.97590604334638187,-9.5717091319427094,12.963469878670505,-1.8111104024228082,,0.2842431822924826,0.1739130434782609,False,5
-0.02502230950875986,-0.99078889739775999,-0.13308360086869872,0.99936583582816485,-0.028165275488680086,0.021786313045594738,-0.025333973362299662,-0.13245406014908734,0.99086533481785544,-11.032777629417547,12.716483310736924,-1.962136642695828,,0.0747483527754507,0.2857142857142857,False,4
0.97808866713342668,0.19011307494589352,-0.084850326810061799,-0.18100051994949531,0.97790210872948957,0.10462445947497279,0.10286579121928484,-0.086974044846925516,0.99088553552859759,17.230003345670216,-15.731791708881284,0.67275892108996471,0.3844354077456874,0.3861672174404627,0.3333333333333333,True,5
-0.2868453779020288,-0.94298866780993007,-0.16879603537493276,0.9579747246644682,-0.28273180767057338,-0.048447413092611122,-0.0020386466781420233,-0.1755992520296808,0.98445962162312095,11.209174377499288,2.4313929871916771,0.016830740797693963,,0.1677748759715862,0.3636363636363636,False,3
-0.30801187434791305,-0.94208716852209007,-0.13266669577070561,0.95011111894789058,-0.3118016378820731,0.0082825277327965748,-0.049168556133704674,-0.12349698587450719,0.99112610073977925,-14.492943087044054,-4.9384663206003498,-2.5001932453700819,0.1895591127232502,0.1500830569096257,0.8181818181818182,True,4
0.86452574464350007,-0.48356618965203302,-0.13696341509328322,0.49751443857314792,0.86203281881130067,0.096844218740656685,0.07123636894063784,-0.15186559688638004,0.98583072594766319,-3.5659848940562493,17.379051398514644,-1.2793129052753012,,0.4392687241096083,0.1333333333333333,False,2
0.95921167321243195,-0.22627348045278636,-0.16944992775681186,0.26568883434024726,0.92634587149377334,0.2670070592200926,0.096552624407247226,-0.30113724181878249,0.94868011063258251,-4.4913990120472187,13.626849650351446,-1.3517394042740116,,0.1324605353413955,0.3809523809523809,False,2
-0.025576197087432001,-0.96557512260738976,-0.25886394253404499,0.99964087188150286,-0.022630999168666489,-0.014351485658888646,0.0079990878563938762,-0.25913803363912513,0.96580717232536328,11.287277117274078,3.927766557727896,0.092408831485943546,,0.1675917735050681,0.2105263157894737,False,9
0.94963729336199065,-0.29197019393888002,-0.11376474369243403,0.30187854134102898,0.94978474989775052,0.082330280817452098,0.08401403057778617,-0.11252703991912584,0.99009055543072133,-2.5460393803629664,4.7221850244800034,-1.283076946062875,,0.0705303465095477,0.2819548872180451,False,5
-0.90125557466667572,-0.42080105034686788,-0.10327083402013222,0.42230306541878415,-0.90641996476509312,0.0079352638989761033,-0.096945913117258725,-0.036459888949652852,0.99462161972663776,6.8521840720717169,5.6485845157814962,-0.36998932567896942,,0.08532700753333686,0.5294117647058824,True,5
0.89502613474521053,-0.42373134504926746,-0.13921194397675721,0.44061612720242088,0.88843302196326879,0.1286242354082418,0.069178367805183757,-0.17646107986735576,0.98187363785767179,-6.4504860793930838,-14.724397539449971,-1.6241777956837171,,0.17818830296789,0.3888888888888889,False,5
-0.54328465705409756,-0.83284316674393533,-0.10589636923683905,0.83691368321326143,-0.54723946629249187,0.010220243750577181,-0.066462532753606057,-0.083073618795872869,0.99432464798984732,-8.9873454308363776,14.406638677381308,-1.7350346715239391,,0.07268765241967233,0.2222222222222222,False,3
0.75382354810328356,-0.64650097579458554,-0.11741612590111199,0.65441682049798411,0.75475079168042591,0.045715068709124992,0.059065077450946982,-0.11130018308349468,0.99203003274663748,-11.370961345772491,-16.414219953436774,-2.0162460053353208,0.2211688940683707,0.1969462992175518,0.6470588235294118,True,5
0.19683569360251715,-0.96653019655603012,-0.16454509676492485,0.98043131814759588,0.19349770732582219,0.036236275402130029,-0.0031843554111606436,-0.16845775851830896,0.98570373007085821,-1.1051656081676291,3.3048007778665478,-1.1752648728998789,,0.0726459150871402,0.2564102564102564,False,5
-0.99058110508756891,-0.053787174096525378,-0.12592066608067612,0.065542984323780654,-0.99367727134001838,-0.091156994400806407,-0.12022142674841166,-0.098551612492977836,0.98784330145302424,-12.374552691361213,-5.6678328865377559,-2.3198191590084285,0.5079970333151012,0.282819879731267,0.3392857142857143,True,5
0.33407359727959685,-0.93196747011921177,-0.14082423882367551,0.94249101259059598,0.33193254206930262,0.039134111736003084,0.01027242846775183,-0.1457992529302139,0.9892608629974039,8.1653544672874148,-10.832847447662347,-0.32330914043719444,0.2028413979674805,0.1918238156948133,0.45,True,5
-0.9952223915460966,-0.011706425828808896,-0.096929618587835997,0.016105669809841312,-0.99886933731362337,-0.044728675082320916,-0.096296410967621884,-0.046076095417885238,0.99428567055238093,-5.7104701586168902,7.6550970570200159,-1.5035581037293024,,0.06983123562792826,0.2982456140350877,False,5
-0.55136569058692053,-0.82724377150283479,-0.10799823032519786,0.83145744026321888,-0.55549615793555607,0.010126378907206468,-0.068369585888350862,-0.084212594239829811,0.99409951146595654,6.3165651105393898,2.8415888765586548,-0.47001638879762048,,0.0754077157237251,0.2745098039215687,False,5
0.15690316040445071,-0.94534805203537475,-0.28582942250233356,0.9875847500006063,0.14795675481062501,0.052774617688322201,-0.0075999882457267673,-0.29056128306921913,0.95682620206588909,-15.851407138043067,-1.8839447742645135,-2.6276889248142581,,0.0919030171004582,0.5833333333333334,False,1
0.94939974417913797,-0.29209858101160235,-0.11540599951301092,0.30753814961805404,0.93916942464255526,0.15290872553937765,0.063721364408588624,-0.18066325245489651,0.98147866860687694,18.086454939779475,-5.6260149239145996,0.70583473411452413,0.5541540248426164,0.3705298771657093,0.5434782608695652,True,4
-0.34003200518293047,0.94007024385822657,-0.025419914705000948,-0.94007050890153809,-0.34051402563386945,-0.017822363485785857,-0.025410111075682126,0.017836338159793103,0.9995179794761927,-11.470112624801853,15.124960250187227,-1.9910405169795491,0.04426493652099685,0.1215157149830907,0.5483870967741935,True,4
-0.089387942607651344,-0.98219073441927285,-0.16526087539795947,0.9950728677678341,-0.095212680049282031,0.027650196927527935,-0.042892698081016353,-0.16197501899602215,0.98586221637334714,3.875962980562508,10.888721418693088,-0.58853554476271996,,0.07260108134693877,0.2285714285714286,False,8
0.89230731901871096,-0.41158003557614681,-0.18544412296101259,0.44509857558765092,0.87068544929009517,0.20927041454622916,0.075331974854544903,-0.26927443753472763,0.96011268653990367,-13.807398207694622,14.498452495756711,-2.2560129484255711,,0.08359384470385271,0.3076923076923077,False,1
0.049216383899830171,0.99475740156933579,0.089640725001805102,-0.9946136829981842,0.040615873926692928,0.095362321584366846,0.091221538841513419,-0.093851280269348025,0.9913982893081833,-1.5062288027139132,7.8656638706310247,-1.2068131503445219,,0.2142711580221785,0.2432432432432433,False,2
-0.7397392626342405,-0.65430542667455904,-0.157067603093621,0.66716975831522751,-0.74356678637399887,-0.044642443829242262,-0.087580459618303033,-0.13781452327555724,0.98657833965042019,-4.9640844198800131,10.441743794598613,-1.4054024877216789,,0.0750012558699644,0.4067796610169492,False,4
0.88218143195800469,-0.45936949774506985,-0.10361267128091087,0.4675990535147051,0.88055681894936955,0.077271040849199238,0.055740885000830159,-0.11661626448831627,0.99161161782026075,17.842925368289684,-17.905236745595275,0.82018930458124673,,0.2362833549366941,0.3529411764705883,False,5
0.90021763058974635,-0.40584895002349103,-0.15778101070855136,0.4283477639364055,0.89050789302125244,0.15334238030476263,0.078271391364045012,-0.20562665739557934,0.97549539571555999,21.167207116902052,-16.101073627251996,1.1631349333382035,,0.1956684418320988,0.24,True,5
0.79067748788210013,-0.59875932258795639,-0.12773560102987752,0.60961731793245877,0.78923834802541859,0.073956444499076596,0.056531724131573556,-0.13634553025354626,0.98904704668008214,3.8569824857443802,-10.561853876066555,-0.73909576034166447,,0.1019347714735477,0.1875,False,5
-0.6420548849586909,-0.75279107099355691,-0.14515897537890546,0.76410358759397889,-0.64378536012554544,-0.041062361281721443,-0.062539844312972423,-0.1372807835073557,0.9885558933883879,-4.5459372067216091,15.146291834758141,-1.3589038192374643,0.088138836688336,0.1665724562362302,0.5161290322580645,True,4
-0.98230707837608555,0.16389708623140603,-0.090612079200809756,-0.16401236098835256,-0.9864386521195988,-0.0062234273110050239,-0.090403258875247791,0.0087481843444291163,0.99586681843277147,-20.221636605464241,-9.3628076157030211,-2.9592861837596605,,0.2289535782153318,0.8461538461538461,False,1
0.99140238070174014,-0.067542314391806135,-0.11206852950548031,0.095022538196376377,0.96044412563705139,0.26175904714832443,0.089955748974929375,-0.27015757863861406,0.95860463483674085,24.966724474256694,-13.648808747017315,1.5957795071871621,,0.1976783104700793,0.3333333333333333,False,3
0.11520795797338491,0.99079127455114513,-0.071132107327983432,-0.99271433551138,0.11738366339341814,0.027190506404616895,0.035289863839373936,0.067481299940485073,0.99709623390550439,0.35665140202218842,2.0590245643272747,-1.0705608506466977,,0.1151016607119055,0.6443850267379679,False,5
0.99474686591821226,0.039787260539429666,-0.094316735761269227,-0.035177715184200493,0.99812739162661124,0.050042366441613348,0.096131166123754025,-0.046461639913212172,0.99428371952690742,-9.4852003301893575,11.992581898333603,-1.8112396664703085,,0.08036077648394493,0.3714285714285714,False,5
-0.017324905837543779,0.99812984091258627,-0.058623103956845495,-0.99962881779411661,-0.016058323051750995,0.02200810978485384,0.021025562376707493,0.05898263253348799,0.9980375618112588,4.6514098007853102,4.5649883763793389,-0.62342869000892587,,0.06949652070737493,0.3548387096774194,False,3
-0.14851194135298063,0.98880351491968133,-0.01455376783009675,-0.9889092265296352,-0.14847099265202204,0.0038608322266098921,0.0016567921196255237,0.014965734977164843,0.99988663448236259,-16.840957439568118,14.504428253887221,-2.5683121965429976,0.622751312350451,0.2116039950871681,0.7647058823529411,True,5
0.99213958685111014,-0.074063128491003563,-0.1008647272391776,0.080331566303297713,0.99498668554671477,0.059567902766690495,0.095947275407733734,-0.067202295964409423,0.99311528623767775,-5.7920266017865325,15.562335392868572,-1.4712687883399536,,0.07952225965207922,0.4102564102564102,False,5
0.22100130828787978,-0.95944999275378384,-0.1749689490732835,0.97527349227639382,0.2174510077426868,0.03945471447998012,0.00019234877774482184,-0.17936212152083203,0.98378310229719523,-25.520869716692555,13.718751557011904,-3.4723866720383696,,0.3691472578679933,0.55,False,2
-0.099376206876751763,0.99250878481355997,-0.071068147398810996,-0.99500926877661222,-0.098472678128992783,0.016114797880687246,0.008995807658050109,0.072314892864567645,0.99734128146515888,-4.2731080608856713,11.128095111028964,-1.3468244143967008,,0.08246480844321047,0.3188405797101449,True,5
0.4042484291921829,-0.87964835913203876,-0.25060321580531419,0.91439969881763072,0.39507254826032423,0.088265918753050315,0.021363480472034915,-0.26483286406223444,0.96405765170694824,-16.828151367661476,18.049459639824985,-2.5173369508509826,,0.3075340142889391,0.5714285714285714,False,2
-0.96694007392437409,0.23917162545668236,-0.088452399716082403,-0.23996708529686447,-0.97077956058203552,-0.001686039820753233,-0.086271034613319281,0.019595365078462941,0.99607897792001854,1.3010079242823425,-10.187440664599743,-1.0196648790339131,0.2123933378654679,0.1667568946926321,0.7761194029850746,True,5
0.85580837951311228,-0.4771458598066316,-0.19980952435889934,0.50477814244675323,0.85474075376969016,0.12090190549873772,0.11309749980943366,-0.20432834437397671,0.97234710017680592,11.896421015950933,0.39510156463922796,0.052508562559155425,,0.345589017563147,0.1428571428571428,False,2
-0.22265162573518218,0.97485769916025,0.0088724261318068598,-0.97428272841571584,-0.22217857269927846,-0.037547928626499888,-0.034632624334718337,-0.017004358891042431,0.99925543936993177,6.6887529504292607,9.8806321273820696,-0.30952045054199534,,0.2698904165891998,0.5263157894736842,False,4
-0.63777405184267699,-0.75430309380725735,-0.15579185302503165,0.76621801105996912,-0.64194463982116168,-0.028583892880138798,-0.078448826144681377,-0.13760058894378999,0.98737625027080878,2.5815219495030108,12.681584755531476,-0.69981570262388459,0.2087219481115219,0.09651747903242311,0.3125,True,5
0.72726918398108398,-0.67626243531431796,-0.11725464858262737,0.68432418639325021,0.72758392378408243,0.048187568606168067,0.052725154800188745,-0.1152855256903733,0.99193210736299364,9.8293337673435079,-8.5285279143858936,-0.22250367204755567,0.2466546529971398,0.1974859788839241,0.3636363636363636,True,5
-0.14491693708691641,0.97590396246472866,0.16312736554909296,-0.98944369832083989,-0.14301700944470946,-0.023394504967414978,0.00049919788182414652,-0.16479560387077255,0.98632761278712133,-11.901203271252353,20.81394834439908,-2.0594582116017675,,0.3714477536617438,0.6,False,3
-0.98911083189035542,0.13968311668447897,-0.046350718985544347,-0.13509390751481637,-0.98668104051163485,-0.09060993569831996,-0.0583900538580409,-0.083361569132218594,0.99480724283766009,28.585299600854672,-16.533914166797228,2.0107599535977019,,0.3074980065739156,0.2083333333333333,False,5
-0.29781753788341453,0.95185050160648976,0.072700321323465142,-0.95219526052478509,-0.29076986780590031,-0.093686017154515105,-0.068036019601368972,-0.097126240365893582,0.99294390247847797,-10.489062471630447,18.577818385832042,-1.8928526671421948,,0.5231909586944765,0.2,False,2
0.89334001155936382,0.44824257322128702,-0.031972164441497405,-0.43902545827608613,0.88572739575814996,0.15080990481051845,0.095918041747042979,-0.12068792796068847,0.98804562309235888,-20.244647178826668,-15.749889831909632,-2.8605588513004387,,0.2156224612350975,0.25,False,2
-0.98854967533171023,0.11516416511874468,-0.097502587012203115,-0.11603116038727612,-0.99324025667470506,0.0032499753764846998,-0.096469213849559046,0.014526100415047278,0.99522996497592431,12.664102080004302,-0.050159660440634357,0.14644352355855605,,0.08735914768875563,0.3571428571428572,False,4
0.73932350956553716,-0.6513457971443245,-0.17073195584342457,0.67101561442939206,0.7337798785276417,0.10632560867403681,0.056024935480928795,-0.19317283041458821,0.97956391531843079,-10.651955522935696,9.7066609790387304,-1.9870776107089683,,0.0820476310624521,0.3636363636363636,False,6
-0.88945860038667213,0.45417720454171762,-0.050857301077157684,-0.45206922033371483,-0.89069522359962894,-0.047910736622119296,-0.067058319581161263,-0.019623596293177066,0.99755606170454048,-10.917770797137148,2.0306038885862949,-2.1269394412378833,0.431938428843922,0.2787455041693133,0.4166666666666667,True,4
-0.65080719060993408,-0.72497303491198306,-0.22553070589370228,0.75475729540494907,-0.65000231278490117,-0.08853484289975333,-0.082410106682428014,-0.22784005798978027,0.97020486614518808,5.2201157774997009,11.032002666952311,-0.45343532475085052,,0.230013292088492,0.1875,False,4
0.36686336887641929,0.91894080761414443,0.14477244447100185,-0.92983396160980258,0.35743133988432008,0.087473659495424155,0.028636906496091203,-0.16670521698484683,0.98559083712074491,-16.592187557520145,12.119814991452953,-2.5352709598842318,,0.474590109245855,0.2222222222222222,False,4
-0.80732276387402968,-0.5699266277619075,-0.1530150120044996,0.5831614981000165,-0.81020374347490587,-0.059097894996292762,-0.090291871530838813,-0.13694353955988028,0.98645519153597105,8.706248042728566,-9.0045563695712119,-0.33224463408855637,0.2720498315923359,0.168887893205393,0.4193548387096774,True,5
-0.48540016268655234,0.8724982485441618,-0.055977570072654324,-0.87385070281370858,-0.48619392617905316,-0.0006444676761481645,-0.027778251490269468,0.048603214234944028,0.99843181855857144,-15.007992533220392,14.37362150522617,-2.3787875043094933,,0.1027746604867015,0.5666666666666667,False,4
-0.41222717811867415,0.90722905795727771,0.083691039055953431,-0.91089551385889755,-0.40854672881265075,-0.057956304300889216,-0.018387943116339494,-0.10012495580240055,0.99480494408377229,-10.75348523386374,0.2847201847372598,-2.1493292369379238,,0.09991301534511556,0.1808510638297872,False,2
0.80997392017531677,-0.57529657473834261,-0.11391268467628948,0.58279903973735636,0.81126650309295267,0.046818161439206259,0.065479217443741439,-0.10430969299956053,0.99238700113881595,-10.791120565938369,-26.623797247630783,-1.5460001348381851,0.5621424669228644,0.4892674451560239,0.7027027027027027,True,5
0.58134345175902569,-0.78380061871169504,-0.21839501185710491,0.81320853152353634,0.56862431964431814,0.1239284768177599,0.027049498225200912,-0.2496456953688565,0.96795937488593253,-13.261758840496235,9.4234783025814384,-2.254052405955401,,0.1794895381584833,0.2388059701492537,False,3
-0.99076383847570171,0.1061476299617486,-0.084378297105340977,-0.09895829454649506,-0.9914324802285357,-0.08525780368003491,-0.092705298172988226,-0.076120416455757234,0.99277963813187642,1.7059666685584971,1.3705523872606278,-0.9854269069404018,,0.08453169037419547,0.2763157894736842,False,1
0.65856361756941939,-0.74073552236357221,-0.13268326014477069,0.75112332830635631,0.6577953611761973,0.055848084023155463,0.045909773337068083,-0.13644100821908844,0.98958382362905351,-13.397566027012846,-1.9244520566435144,-2.3758359319824636,,0.09301109123541912,0.3157894736842105,False,1
-0.93847544603226207,-0.28589549363431133,-0.19372042719894134,0.3312802549511889,-0.9037365904190845,-0.27113385590361722,-0.0975562907967608,-0.31862821886531267,0.94284613180979648,-21.828083505172238,10.516048701236768,-3.0985904947257104,,0.3002574687895531,0.2777777777777778,False,1
-0.25216307635585272,0.9664999814744325,-0.047870332489706104,-0.96768216802408469,-0.25196803325880418,0.010165230144904187,-0.0022370987821430342,0.048886562832876797,0.99880183187828986,-14.053868034732444,6.0185652847567725,-2.3781776123507967,0.09046904561195059,0.1124939134999697,0.2258064516129032,True,5
0.98376508017702569,-0.14326638115500537,-0.10807872619085331,0.15387686092234651,0.98329760395235311,0.097199453363921662,0.092348138567994731,-0.11225224315045583,0.98937922719790128,0.36870420669482978,1.0018304506721871,-1.0757398918211198,,0.06713655782531147,0.267515923566879,False,5
-0.86366854753895528,-0.48299160407673825,-0.14420731737096357,0.49713982496382886,-0.86345132313944351,-0.085462313353178429,-0.083238419175787684,-0.14550231255936294,0.98585011163614122,-11.893085122878286,8.2677396831216239,-2.1301885133466989,0.5146689469877411,0.3578626159834385,0.2439024390243902,True,6
-0.7486896488657323,-0.62028453918971715,-0.2339036128910959,0.65720879320750081,-0.74071927525041403,-0.13932536525429562,-0.086835544634946027,-0.2580349699453599,0.96222530754145652,-8.047219689828168,21.422652255900825,-1.7057120579198588,,0.6021228580996738,0.3703703703703703,False,1
0.99535669300418694,0.021777975725424201,-0.09375912470299351,-0.0019808601621609471,0.97849687620096093,0.20625212594778103,0.096234764429423372,-0.20510871029350311,0.97399655393484275,10.429152823494389,-0.61242456474720597,-0.088621658256185024,0.6071298579720683,0.5547465150246522,0.6428571428571429,True,5
-0.8344117528018874,-0.54001047561948023,-0.11020759051582348,0.54363512899297262,-0.83931469432211581,-0.0034191255850761285,-0.090652486512365599,-0.062765676258567604,0.99390270981265016,-4.3506964999248412,7.571604897246452,-1.3917118608964101,,0.08851075543984019,0.4587628865979381,False,5
0.96427189647001266,0.2625290627249342,-0.035471127736410576,-0.25381931179604722,0.95391126303056417,0.16009078431569632,0.075864791817457228,-0.14536778696878278,0.98646476869389133,-17.26615663494303,-14.378431322914603,-2.6261182884874081,,0.2647092989181663,0.5925925925925926,False,4
0.031203602084646214,0.99108616646104575,0.12951658529505733,-0.99878873383693023,0.025985879304188431,0.041782762441113883,0.038044715498548112,-0.13066347893094299,0.99069655036055215,-17.923913484061238,8.9447245119014305,-2.7346936792342569,,0.2065787895648671,0.3584905660377358,False,4
0.8973422628215475,-0.4240042245367498,-0.12246338607639014,0.4344926073143201,0.89741086008568416,0.076615418745036662,0.077414711415270815,-0.12195968914056246,0.98951139290117751,4.5517202687461227,8.2675878716176729,-0.54623231351064261,,0.08751474816370705,0.2307692307692308,False,5
0.87387918259799369,-0.46902468922462665,-0.12787108789560206,0.48223376050122896,0.86961802022297441,0.10590136512962606,0.061528647431144771,-0.15420875397076858,0.98612062433765035,-10.718341630626936,-9.0985124812216931,-2.1099487020735337,0.5698815381604229,0.514361715037654,0.935064935064935,True,5
0.99314702887609041,-0.014704117821097439,-0.11594295128939974,0.037918345094025342,0.97892843364081195,0.20065223874872695,0.11054943753779681,-0.2036735395888454,0.97277742116654153,9.8710803115337562,7.0572820951502164,-0.017806474370788854,0.5544504572016439,0.5139420664794063,0.3333333333333333,True,4
0.11739470327939897,-0.96264036197635849,-0.24401232988512567,0.99307389871018137,0.11261519914278299,0.033496994232205791,-0.0047660615295026763,-0.24625464547101811,0.96919344521175987,7.1746100669195654,-0.40178932441938137,-0.46622092185775937,0.2000509206717335,0.1652255174557145,0.3389830508474576,True,5
-0.13365491855555497,-0.97687669615252681,-0.16687804906587544,0.99051779423306396,-0.13708082938750124,0.0091293768736522077,-0.031794056890782962,-0.16407549094413693,0.98593527739799802,3.3702512939543285,9.9738271946969057,-0.65235260920457638,,0.0829470192659065,0.4230769230769231,False,5
0.17751248961253938,-0.96974058378078665,-0.16760822235218664,0.98365454016068654,0.16960717597857589,0.060474386957150683,-0.030216910047668851,-0.17560354787154595,0.9839971200781531,12.121871489477211,8.2022945905800331,0.21238006540427137,0.1292994685260939,0.196808605628299,0.32,True,6
-0.93516598381322946,-0.32727400318844302,-0.13548545883467686,0.34062948284035344,-0.93582234814906129,-0.09059849957194735,-0.09713978658894272,-0.13087497675944679,0.98662840133439622,-8.8341952269814907,-10.490227901274986,-1.9169185350559401,,0.2984088351298261,0.3142857142857143,False,2
-0.86547285304695976,-0.45757172702440674,-0.20392365058191952,0.48999304933771048,-0.85791547451363126,-0.15455694805081641,-0.10422836581030584,-0.23368601416848342,0.96670951921586057,-6.5205032503942677,4.6274474906150296,-1.6619133211824031,,0.1588353832379591,0.207843137254902,False,5
0.68398883009283074,0.72741671713664757,-0.054992726231591259,-0.72485712202798269,0.68619345746742344,0.060997471867392919,0.082106229687829047,-0.0018597201524944568,0.9966218482892113,3.7866605441897452,2.3172087631345453,-0.7828483284425255,,0.08253518723004387,0.2702702702702703,False,3
-0.046128096396062766,-0.97933693568531033,-0.19690445684489186,0.99856203595505288,-0.050595911134497476,0.017717621899385649,-0.027314081939085907,-0.19580403514477523,0.98026257744996514,-17.177449625820501,-6.3443347271896045,-2.7991573325076637,,0.1725056384471534,0.3333333333333333,False,1
0.61331560894543624,-0.73763436283524852,-0.28238185244191027,0.78519677467062565,0.6081141363203717,0.11688978678299633,0.085498472914635332,-0.29341565052322016,0.95215401441011638,-20.881667238670843,13.872203511991302,-2.9506214306074736,,0.2422112142605904,0.3461538461538461,False,3
-0.98358191693177366,-0.14912343778384271,-0.10163076792165357,0.15196198010555256,-0.98816868976751837,-0.020741194891930888,-0.097335344491177755,-0.035844676964283256,0.99460594701927518,3.0800160612461633,-13.593968982918662,-0.70921805872232757,0.2216060659333435,0.1027525873353847,0.4545454545454545,True,5
0.050072304767929975,-0.97898700704323427,-0.19767954961441678,0.99852754537509925,0.044935290823710256,0.030390142575655414,-0.020868766671934165,-0.19891017992832771,0.97979550667395565,13.617245231366876,3.9657938136919122,0.3340983331906216,0.4394273140258433,0.3979521529559838,0.5647058823529412,True,5
-0.75701911708347691,-0.61030263289392706,-0.23335113595801399,0.64664687551090061,-0.75098155711109593,-0.13369562173454191,-0.09364760948441081,-0.25210592448757829,0.96315768598714968,8.5987832295177089,3.9595215033949627,-0.19508996856306901,,0.0944434448280942,0.3333333333333333,False,5
0.57662134578100144,-0.79925975248496939,-0.16938616132191067,0.81642531810829111,0.57154025555120436,0.082410170708719421,0.030943877285867144,-0.18581061418048705,0.98209820899764799,-4.8553267304799252,8.892752937816029,-1.403496092586219,,0.1429797736455102,0.2975206611570248,False,4
-0.72248930161293812,0.6881869456261358,-0.066392295672149687,-0.68979747623528787,-0.72399996908986786,0.001867227168041892,-0.046783018652876873,0.047146289648707207,0.99779185030650763,-0.75118811734109603,1.8310244297346396,-1.1443050823610932,0.4664539900990927,0.3949937780204661,0.9144295302013423,True,5
-0.92957056241038305,0.36469433007963448,-0.053820210960305419,-0.35966625621541842,-0.92923846950921418,-0.084593444924292119,-0.080862560187210344,-0.059278262389688904,0.99496097107777559,-28.764578869319141,-22.148815525106222,-3.5184017148556803,,0.2816158742206982,0.5,False,1
-0.94059029256898841,-0.31797372036454763,-0.11909078336509496,0.32891273949676603,-0.94033764021041677,-0.087071994350861437,-0.084298940217039084,-0.12106954844647147,0.98905806357223069,-16.696185697827346,6.2819775553061792,-2.614957018223802,0.1083852242675911,0.1857171292729289,0.1458333333333333,True,4
0.93779484759464715,0.347096210281788,-0.0080650252915342446,-0.33321521056050357,0.90632913415619321,0.25987520857289309,0.097511267431264412,-0.24102224251654916,0.96560852903039451,1.1815237010304005,11.198070677935679,-0.84609409957636394,,0.3426912076331334,0.1851851851851852,False,4
0.63881663480928719,0.76751697794002305,-0.053207101638325628,-0.76488806022037081,0.64102859980012106,0.063471171177268845,0.082822475350929875,0.00015103678321988501,0.99656430538356833,5.1829279609316279,3.7250681956630611,-0.57466812585107441,0.6353415602055954,0.5447504067820952,0.6458333333333334,True,4
-0.79916799428220053,0.59852751135742788,-0.055635735487627749,-0.59780745455327411,-0.80105416548716124,-0.030634477899966032,-0.062902815481506891,0.0087773631548597394,0.9979810587884661,13.118799420681411,-5.0597878159948468,0.10393955924567504,,0.3127388621084123,0.282051282051282,False,1
-0.55841086368659931,0.82269512690813729,0.10653654527152091,-0.82901450844018454,-0.54874384188280112,-0.10777356258092043,-0.030203511591637054,-0.14850226987257886,0.98845071891836178,5.5523997141911376,-9.2859279828132681,-0.62478718600416161,,0.2144851916958987,0.3,False,5
0.79967719524742265,-0.58057903055217763,-0.15311555337165569,0.59480120485200016,0.80082612155416588,0.069921740132240909,0.082023838655745238,-0.14698813666281119,0.98573149364954848,-15.142965118727833,6.4310383547230723,-2.4691167850014279,0.9025333346915585,0.3292752442531674,0.2037037037037037,True,3
-0.31395839348019744,-0.93468197295569133,-0.16673253010432848,0.94709896949755434,-0.32063427630163455,0.014042892764622037,-0.066585802841183928,-0.15350332339133396,0.98590215567662287,6.0163968941778201,11.58886963761579,-0.3625166760865936,,0.1133250978959078,0.4,False,5
-0.70157206375220693,0.71177047867787802,0.034342758263337922,-0.70827455181954468,-0.69120366297365443,-0.14347353601492563,-0.07838238709871341,-0.12498112647303061,0.98905809708946824,-3.175423570120671,14.153036869499337,-1.2282186883586224,0.7976839903702739,0.2367796240591566,0.1739130434782609,True,4
0.51710442817734947,0.84545209221434792,0.13346823640761396,-0.85312625854011725,0.4965164079572475,0.16014694383151346,0.06912739940658949,-0.19667795097472052,0.97802821342314461,-21.279569666312309,11.97186710785793,-3.0461767659490073,,0.5708933454556125,0.4375,False,1
0.54020417259288256,0.8315289829212823,0.12937929693400446,-0.83852773290331961,0.51889117083272285,0.16620226828736609,0.071068228240603548,-0.19827128736593302,0.97756728849782881,-12.23183961509856,9.361420446004832,-2.1505350559931213,,0.2555319532191559,0.1764705882352941,False,2
0.89592204477548276,-0.41405223455540729,-0.16088640944775517,0.43851614345816819,0.88219860163998309,0.17154946572645607,0.070903325816862012,-0.22424623591964965,0.97194976416683987,8.5082734675420877,16.471757576266402,-0.057534073892753175,,0.4247151934215601,0.125,False,4
-0.5702244246677074,0.82023933377358949,-0.045293938259339236,-0.81972504694470805,-0.57174573689905939,-0.034024399322379134,-0.053804766739381213,0.017727032137679552,0.99839411026293179,-11.910047966996101,6.4567683941330714,-2.1333590707436607,0.1619842393865085,0.2073189900339094,0.7333333333333333,True,5
