axis_00,axis_01,axis_02,axis_10,axis_11,axis_12,axis_20,axis_21,axis_22,location_x,location_y,location_z,dbh,dbh_approximation,score,reconstructed,number_clusters
-0.28673149669690534,0.9345385383535576,-0.21076709689595496,-0.95619317809765325,-0.26562889703150588,0.12302802616207179,0.058988600267020713,0.23681007029647602,0.96976354625481564,10.719370762998533,7.4089580048015815,0.53349528749336461,,0.3471351205603673,0.4102564102564102,False,5
0.11377998968063725,0.97878374131407031,-0.17040100260123403,-0.97871273149975702,0.13991253716021829,0.15015282596633261,0.17080838137679105,0.14968924371718309,0.97386735604332642,-7.5310675003895255,11.661725343139995,-4.6778159756464248,0.640222777454181,0.4920401476516489,0.6515151515151515,True,5
-0.55514201949960951,-0.77947997036558647,-0.29022114668776594,0.78294551288958492,-0.60749248643506903,0.13397463480451891,-0.2807377103845542,-0.15285239521775296,0.94753495093544482,-11.861394023615313,-9.3852377157589615,-2.9621301164330496,0.4331591588056956,0.3581121226282534,0.9719298245614035,True,4
-0.49240596919635587,0.84469800347513402,-0.20981335616428473,-0.87025299168244463,-0.48170120607008288,0.1030712304107383,-0.014003284170271663,0.23334359000356342,0.97229351383041562,5.1297557067242208,-24.055888673269713,3.1884546118826695,,0.161812053663086,0.2333333333333333,False,5
0.94244557929903217,-0.15383693381825433,-0.29686786261417519,0.2458216632922216,0.92063503899159171,0.303319690816793,0.22664518507119544,-0.3588388534904593,0.90546487359239702,-3.4096746106860198,33.941068453585189,-6.4380386814120456,,0.3648255027860121,0.1666666666666667,False,1
-0.81995780704439936,0.52282640437499817,-0.23307025883893853,-0.55468313281426673,-0.82628420150727933,0.097882789655934985,-0.14140656575382049,0.20953989889228319,0.96752116976008429,11.153309212183148,4.8322891802738521,0.94451480555011125,,0.1355822403621489,0.4038461538461539,False,5
-0.32186626583071404,0.94619708094507149,0.033364516049530724,-0.94476068941954405,-0.32328181736146994,0.054000984166719695,0.061881714970589322,-0.01414038806017856,0.99798331788552863,3.8797994190535396,-20.620305734003413,2.3953327433406395,,0.5994461010561722,0.4477611940298508,False,1
-0.51188663469301965,0.83671139000655204,-0.19464357953952741,-0.85903618786230829,-0.49998204019862658,0.10988533761068331,-0.0053759804361624974,0.22345471423114835,0.97469948677642559,-7.6364228482983583,-31.685151376673979,1.0511765754605218,,0.1992885449233208,0.7111111111111111,False,5
-0.96127168919771555,0.13748020780938786,-0.238863835704899,-0.13424937386990665,-0.99049868387801221,-0.029823863791648364,-0.24069450588351099,0.0033984844581465314,0.97059497481744628,1.2746296724949076,10.077820553687745,-2.2208946870012234,0.3758165493441437,0.29748481880064,0.2093023255813954,True,5
-0.90332053478223395,0.3901725196568705,-0.17826221233157391,-0.38137115844433633,-0.92071739164256206,-0.082677229233577815,-0.19638750201467303,-0.0066999725018462436,0.98050347241654945,13.368849228041709,4.5512208040268582,1.4901091673025781,,0.2912966578457568,0.4528301886792453,False,6
0.68124075925811323,0.71606450230180008,-0.15219282660068267,-0.66595160980475965,0.69251587416834293,0.27736297053374959,0.30400572580772089,-0.087597902761035906,0.94863434794866541,12.496710654786739,-24.424329282364653,4.9484754875607049,,0.1476044013784009,0.1176470588235294,False,4
-0.89608022552033273,0.36628770303933444,-0.25074598308567025,-0.392525701359838,-0.91762953190290564,0.062286563170741882,-0.2072771169314119,0.15423800044678954,0.96604701542667126,-3.8782657493579409,-31.765865857438325,1.9550678423068346,0.5050498044252242,0.397110604521595,0.95,True,5
-0.39346266968028126,-0.77070277359933459,-0.50120291532907046,0.88661308067594902,-0.46227444128687634,0.014818438082676383,-0.24311390898582824,-0.43854255859517194,0.86520289618009905,-16.942186240025567,10.42538219487168,-6.9755169246116528,,0.1689058907617849,0.1111111111111111,False,3
-0.77783250988154518,-0.52753068913399459,-0.34159619229902122,0.54843809395460741,-0.83518707089376765,0.040966006777906364,-0.30690754906130036,-0.15547967273474336,0.93895358122512318,-25.423313841784321,8.0085728345465999,-9.0282115252395716,,0.1064728864269438,0.5384615384615384,False,4
0.951484853923381,-0.074483003112311819,-0.29854456116595568,0.14238369359722106,0.96670847179865804,0.21260671285336991,0.27276997003338616,-0.24479994444458919,0.93041363416918565,-10.24074853082729,-21.805759816880034,-0.91807848299717909,,0.1542749138169571,0.6470588235294118,False,5
-0.44409802358154199,-0.85034818507248766,-0.28228515652597419,0.85674057467707165,-0.49523803110544207,0.14399611192252965,-0.26224517755903298,-0.17789675851664835,0.94846202357094933,-11.152753698518506,-4.6087253388747751,-3.3682648786976288,0.4137319174437254,0.3850708407805644,0.9867549668874173,True,3
0.90961862311896302,0.36107536773137361,-0.20547150481956553,-0.28810191912206889,0.90458414617628524,0.31420503924142218,0.29931796583791009,-0.22661002030840588,0.92685309193123,-9.2808665627946567,-26.02064002188969,-0.10012816588213083,,0.1953534483274078,0.2857142857142857,False,3
0.94393472755286278,0.1961220196551397,-0.26556239102345336,-0.12511356821235128,0.95692575034293881,0.26199180021477558,0.30550585128419033,-0.21407770023287015,0.92781297312234723,10.316209264155962,-28.092996709458156,5.0292883255094676,0.4002530283566765,0.3171367560845363,0.8064516129032258,True,5
-0.95247593998775648,-0.11968446446279711,-0.28011642706327339,0.10089780114926841,-0.9916259672575457,0.080607535527272872,-0.28741819265259361,0.048513606614961985,0.95657577457592269,7.9736143185276687,8.9102353917692021,-0.33666874478453307,0.4170853470249029,0.4783282032733393,0.6511627906976745,True,4
-0.23912681395795857,0.94820769513907488,-0.20909455690036274,-0.96690611137138893,-0.21280930519378494,0.14072942626045717,0.088943457538903981,0.23582698425324797,0.96771622641094712,-7.9543084586014503,17.24147353264361,-5.5662829340219693,,0.1072400574371788,0.1666666666666667,False,5
-0.38428968481236309,0.92319497420925334,-0.0056989245994110704,-0.92231922858257942,-0.38363902463829092,0.046350181891938139,0.040603925101516891,0.023068124530527701,0.99890899630396446,-18.944859216307908,-22.249540364166663,-3.1519722083792825,,0.5397645817265118,0.65,False,1
-0.88819581192982733,0.38813084309734541,-0.24589153768859107,-0.41595266395219893,-0.90657182828265359,0.071490569415253336,-0.19517064590092734,0.16577686449197843,0.96665735924257279,-11.766147274349628,11.656694104792145,-5.8656657614931342,0.2252129244364155,0.1116590689698921,0.2093023255813954,True,5
-0.025293740666409985,0.97785412590690912,-0.20775354420547321,-0.98866260788757498,0.00630011760438259,0.15002185268523605,0.14800835938567827,0.20919277464818437,0.96660845671189666,-10.224891720197338,16.920522480796553,-6.1148480834096155,,0.1052849969170901,0.3846153846153846,False,5
0.42974210307691896,-0.78365274987251821,-0.44856447971308189,0.90230802235312291,0.35394438999173644,0.24609673218182812,-0.034087499764922771,-0.51050145583594431,0.85920096947638425,-12.692052290866819,-32.152316285010876,-0.1053515915965187,,0.595072921076611,0.9310344827586207,False,2
0.95101468743065298,-0.081640833046451755,-0.29817082129319705,0.17349659377323554,0.93923659353425015,0.29619850322927571,0.25587105393198184,-0.33342074882295458,0.90739220186977465,-0.057320737195178273,-23.560816761985791,1.7988934974738808,0.3378711186264409,0.2039837245707131,0.6829268292682927,True,5
0.57170269324247802,0.78873050174650416,-0.22596509941582893,-0.76827230845530559,0.61129201855383897,0.18994664543794679,0.28794737470595799,0.065009719789283299,0.9554370966907586,-9.9581462138934764,-25.140574803633967,-0.40436245026955353,0.3621388143320612,0.3278077207911047,0.9710144927536232,True,5
0.56199858652440304,0.79132216069716999,-0.24076300948055895,-0.77665535795702301,0.60498169488840137,0.17550955474448174,0.28454181362538222,0.088353759623007566,0.95458345337600448,-20.922331428394674,12.344979700424943,-8.424334352715654,,0.1000885332063627,0.4615384615384616,False,1
0.91705058593234245,-0.28938827868563677,-0.27435861021756436,0.35398881063906484,0.90754367927885748,0.22595661562197444,0.18360322650620678,-0.30433352487092286,0.93470367542668409,-5.1117854085216416,-26.844304163424198,0.98244326080643585,,0.1584640360671989,0.2857142857142857,False,5
0.95055113198408736,-0.13023448261503837,-0.28194241437173706,0.19379875816562206,0.95812500581665705,0.21080444625836164,0.24268206941847545,-0.25502049479762412,0.93598608986242005,-19.247693982427403,-26.108046438281548,-2.5928316991928608,,0.4393653849596214,0.5087719298245614,False,3
0.6118596761942996,0.76357675702784034,-0.20634503331617976,-0.73922513016718738,0.64483780765720777,0.19424316910808762,0.28137864804692242,0.033685871559076486,0.95900537979752432,-5.4986359298105825,18.721850811045002,-5.1227747579296095,,0.1988599372372427,0.4821428571428572,False,4
-0.93330494824613719,0.26754867744615579,-0.23949859869336787,-0.28088966877756966,-0.95947017850424554,0.022758966036644956,-0.22370263197669615,0.088513737678638821,0.9706299246823451,10.428374424346853,-25.866297204928955,4.6926919746233011,,0.2899112769573653,0.3777777777777778,False,3
0.23532419088234491,-0.79632085304838651,-0.55722134218446717,0.96773499784493477,0.13885101991800086,0.21026023926029033,-0.090063861407521706,-0.58872191505669313,0.80330256292404911,-11.885719924813287,5.6312047602193376,-5.0057241392732656,,0.5322640589084447,0.1782608695652174,False,1
-0.94213646946962071,0.277192497734291,-0.18852902189091503,-0.2473035044683472,-0.95437519135739468,-0.16735880854981158,-0.22631802750332156,-0.11105094921414851,0.96770234943687317,15.263838737517867,3.7712496810142713,1.9909912792034468,,0.5029020528718487,0.125,False,1
-0.63787112877635488,-0.70676897489558987,-0.30593796625887437,0.71215331679253047,-0.69253233053396657,0.11505053040551744,-0.29318607820798165,-0.14448732570793291,0.945074249069772,3.0559999489019782,9.445972392342366,-1.6775861895038671,,0.157192248919121,0.3898305084745763,False,5
-0.23432429619334688,0.97118028283576807,-0.04360025739064452,-0.94701825456387467,-0.21790149079873922,0.23595627948939896,0.21965552516675982,0.096580528776377961,0.97078506978887469,-4.6360389110568185,-30.109934057559528,1.593842277992719,,0.320690276428732,0.3333333333333333,False,2
-0.77487722753210231,0.62331435593393958,-0.10509279679797964,-0.61914985074815632,-0.78192066757228562,-0.072481252347405545,-0.12735283495352318,0.0089041175851629628,0.99181750948414471,-18.897922042155233,10.78287096661853,-7.5907255225200752,,0.2177208845582879,0.2195121951219512,False,2
-0.44288159718189224,-0.78752602511945713,-0.42855413968034872,0.86031836200221423,-0.50784184006952038,0.044147270319129572,-0.25240484717897693,-0.34914098188890902,0.90243690521066644,-7.6586195316689336,-29.23233222680085,0.64019272282792805,,0.4588171259564113,0.3255813953488372,False,4
0.16955461332851243,0.96092148640429498,-0.21881757257034815,-0.96417131523271826,0.20770600463819022,0.16502087904156523,0.20402183211957844,0.18299757540415945,0.96171044468424594,-11.901329047510549,19.748119874216059,-6.9418532418514909,,0.1083423637194387,0.2368421052631579,False,2
-0.0042488156532206663,-0.94698186460797606,-0.32125892309653736,0.98730800076672931,-0.054976666571382983,0.14899824748870125,-0.15876038292833078,-0.3165484390046821,0.93519635722994021,-9.2645174241856392,-28.473570173739315,0.17177517623222152,,0.1095840656274077,0.4210526315789473,False,3
-0.87610947956619301,0.44384921693348933,-0.1882287237426421,-0.4492381192143004,-0.89327925166540934,-0.015404245807104144,-0.17497797592569642,0.071063712059080866,0.98200440771380038,8.1141286349694486,-21.806478203401085,3.6254857099541482,,0.414102500221791,0.2631578947368421,False,1
-0.86702496959068343,-0.40034450600279936,-0.29663441914189542,0.39334846327704687,-0.91538499881909396,0.085716336684168781,-0.30585076188209959,-0.042362488717527749,0.95113654698250216,-24.473367739453476,8.6524999911612248,-8.9248520011701995,,0.1306899812869624,0.3870967741935484,False,5
-0.90883366747454475,0.34194231008759285,-0.23894941187776236,-0.36592157131400715,-0.92850742805921582,0.063050453495179584,-0.20030668613867131,0.14473911914482601,0.96898287852640785,-6.7042569514996337,20.044739970700935,-5.6245289471044666,0.2042027928443634,0.2718596994318884,0.75,True,5
0.89574717186765118,0.37321903021003539,-0.24154618519071122,-0.32235576343442096,0.91943553378218623,0.22522224801133217,0.30614337469838582,-0.12387838676600177,0.94389108451162751,-5.104945102574808,14.978278367276763,-4.5092717747067184,,0.07800349626061477,0.2857142857142857,False,5
0.87772293646368904,0.43745343802619013,-0.1955426714674447,-0.35853617589611697,0.87031179940017822,0.33765245800765664,0.3178903228777929,-0.22625618529421451,0.92073551101104079,11.147046211951739,-24.714318025328097,4.6656174770948704,,0.3745307415795456,0.3636363636363636,False,2
0.30873137088455821,0.94145008950931341,-0.13548678752796567,-0.921281293451502,0.33140369443567524,0.20350029398188665,0.23648619191840786,0.061994518122914538,0.96965507308250543,-12.725846768529161,-22.486796244149339,-1.4761403059832747,0.2769509220983459,0.2528842450717602,0.2916666666666667,True,5
-0.97081817130081693,-0.0029401638807516582,-0.23979873583589326,-0.0082522794281148192,-0.99892309505400168,0.045656872998216663,-0.23967473408012471,0.046303408126068882,0.96974842935656935,-19.174912097257259,8.2164772436175024,-7.3314660505292055,0.8239909747570102,0.4347454470911287,0.15625,True,3
0.5706421879077257,0.80285812325644168,-0.1725871585635177,-0.77053621804371808,0.59615480654695152,0.22555128754642742,0.28397434754352058,0.0042755762315465351,0.95882234505935493,2.0006112021167795,15.654397431933509,-2.7630068810509285,,0.07468180010832606,0.4,False,4
0.85793778119872477,-0.39737727886165558,-0.32562871776966362,0.4755236400245576,0.85414017771727468,0.2105274912853376,0.19447372925309039,-0.33546364192503619,0.92176141901079101,1.4719297839238941,-31.616160724933771,3.2750165880834503,,0.1145349146162403,0.3076923076923077,False,4
0.85882196715100712,-0.33805310409870792,-0.38489599575483352,0.4747421910545937,0.8075135051866994,0.35005969630018285,0.19246994771018255,-0.48336532534959575,0.85399840835807261,-3.0531753249396205,-23.505843851190569,1.055429421415266,,0.4028608310195289,0.1578947368421053,False,3
-0.10221822730138891,0.96678694985557512,-0.23425291374135779,-0.9858411481409044,-0.066986210257876738,0.15372078020720384,0.13292352929254297,0.24664922709029916,0.95994556831946121,1.6529998268414987,13.466659521669058,-2.5500770358858094,,0.08954735636217889,0.2340425531914894,False,5
0.37103316902338102,-0.86160264135562969,-0.34637447350154049,0.92751926915499439,0.32569574778177096,0.18338561891014887,-0.045192840480019744,-0.38931114585364129,0.9199969776490966,7.6948635050200629,15.904690794767616,-1.3834517293655149,,0.1040997141621309,0.4545454545454545,False,1
-0.71795161512516847,-0.60704507318055534,-0.34064902387409896,0.62607462356278254,-0.77703419346525993,0.065179965606879511,-0.30426311651247268,-0.16647564780774365,0.9379284698830237,5.7319722575632852,17.132576839415069,-1.9876955928640052,,0.6108085993908403,0.6666666666666666,False,1
-0.96279798396675742,0.044049892149308913,-0.26660766881540088,-0.071373824634082095,-0.99304090553099156,0.09367783675604574,-0.26062582225606801,0.1092216413712197,0.95924179111917651,19.770982588532522,8.1491279598196513,2.476204421201841,,0.08394120090899265,0.2727272727272727,False,1
-0.89028598948948878,0.40415304703856963,-0.20988370943968293,-0.42161249106588927,-0.90568840868221168,0.044400605355092757,-0.17214460286612837,0.12801883044350507,0.97671767402660414,-4.8346602688998681,10.242359151027559,-3.8251956379429588,,0.1900741765509527,0.2195121951219512,False,5
0.42822318439185064,-0.82755909084403168,-0.36300255579087004,0.9027617051662733,0.37372409455521272,0.21295916236257584,-0.040573489307508787,-0.41889885689780426,0.90712597783060278,-26.107558406036251,6.2193907250225511,-9.0197514612649243,,0.3012758425828473,0.3947368421052632,False,5
-0.96123601535875314,0.11175456893655582,-0.2520639583499234,-0.10440807496182618,-0.99363123845320289,-0.042378247400292529,-0.25519458587515731,-0.014417985010371198,0.96678221179759405,5.9142177910406808,11.73599448207095,-1.2631668796105109,,0.74710297165529,0.851063829787234,False,4
0.9594129522575634,0.071670168775741117,-0.27274562131789515,-0.0093764434766051234,0.97473851193040106,0.22315222532486342,0.28184901871065277,-0.21153775139999328,0.93584876469677414,6.7315236805186034,-27.985924060740516,4.1540186454471373,,0.2768918862273512,0.631578947368421,False,5
0.92609450275291938,0.3081929313964244,-0.21763751746447901,-0.23562730927940292,0.92295983908386769,0.30434340235994883,0.29466717342210208,-0.23056940923626426,0.92736670440116031,-24.570973941151632,6.0756103695993193,-8.488175420742726,,0.1228693896289698,0.5555555555555556,False,2
-0.57455996482387228,0.81521893251434385,-0.072793810806709158,-0.8179203408644119,-0.57514058194383233,0.0148198178650292,-0.029785278609293947,0.068054412579070467,0.99723689969168461,-2.7330749259188951,21.518233939405825,-4.7066577666622846,,0.3154735248797397,0.2142857142857143,False,4
0.2836510453796634,0.95757005221568958,-0.05100666186554173,-0.93341426144528283,0.28790150044775015,0.21412739799122288,0.21972687815918551,-0.013127114670623746,0.97547310463940673,-15.503855678688717,-25.484767198603123,-1.7931204371999825,,0.3300263838941228,0.2941176470588235,False,8
-0.47059396934158082,-0.6988006682732224,-0.53871972494074616,0.84034288655566047,-0.54109868031810426,-0.032187748807688599,-0.26900771184974648,-0.46785664917675779,0.84186994648013203,7.7643008095335837,22.487984767006644,-2.2095089845800095,,0.7768853632806336,0.3928571428571428,False,1
0.96538968500353928,0.093069198518900886,-0.2436408840400501,-0.029634097336759091,0.96725646604061577,0.25206497015185436,0.25912270522631398,-0.23612084446246828,0.93653743675654988,7.6389093280853313,-23.728926514093867,3.7829490678906628,,0.09346284398860912,0.3529411764705883,False,5
0.9608769020446889,-0.0083700386158807524,-0.27684927590761499,0.11361732500426043,0.92348726999992892,0.36641829322095165,0.2525998467455558,-0.38353774860064005,0.88830856847295747,11.933001970740166,9.5776466198504711,0.51366406196597214,,0.4752369766696808,0.3902439024390244,False,4
-0.10202740453195278,0.99212845312900477,-0.072605380078347215,-0.98618310731936987,-0.091300236962983394,0.13822859895265865,0.13051163765115018,0.085705304516996289,0.9877354469772075,8.2096329533655492,-27.593853572795673,4.4525669908993857,,0.1521590700400977,0.1428571428571428,False,5
0.60510874994405317,0.76665435303688156,-0.21467301579552911,-0.74926239169737063,0.6395459995552788,0.17200808946319096,0.26916401900901027,0.056762817252509173,0.96142015448422824,14.952769382053095,9.1904208311011004,1.1698016680681924,0.2162235700110284,0.1757486163017155,0.2,True,5
0.78587321450534198,0.60668253825457907,-0.11974802086056469,-0.53008036246027823,0.76062254524721973,0.3747908123148454,0.31846208574494578,-0.23106198613926679,0.9193433844349761,-9.2803406954524306,22.823030006891649,-6.6227408525873646,,0.4433007932578011,0.3125,False,4
-0.95725353627604903,-0.0908234928074583,-0.27462112162259766,0.072352042146534026,-0.994427110015497,0.076680537709732224,-0.28005508258952588,0.053533316920223402,0.95849013281060647,-13.620402322890209,14.652602475005729,-6.6703893439642927,,0.08565463973264083,0.2173913043478261,False,5
0.19303219736508409,-0.85972995117221473,-0.47286676964852248,0.97640770212268446,0.12077603784566107,0.17900041317774384,-0.096781041614082561,-0.4962635990476485,0.8627606100445061,-5.4074787984429538,24.522008965526734,-5.7632829738073657,,0.4584632801511125,0.3333333333333333,False,4
0.49165474226708217,0.83974837523603252,-0.23043064183118778,-0.82779636791518152,0.5328410905579779,0.17559483329363287,0.27023839044947495,0.10441761585780898,0.95711450403065601,-13.158433077821243,-24.049681027979663,-1.3910768466850945,,0.116957498022485,0.4,False,4
0.71818405258895546,0.65834597508148274,-0.22537134622865429,-0.6284824842005049,0.7527149862668564,0.19603549806718309,0.29869957090706828,0.00085237509221278152,0.9543468131641849,-16.300223967259132,14.604128757053925,-7.4503461247854279,0.1992172446253317,0.1581790009909872,0.3703703703703703,True,5
-0.74217398385467404,-0.56529495616641434,-0.36002692985677398,0.60251569222053269,-0.79803155503152168,0.010976238061587096,-0.29351766270072283,-0.20877559653078184,0.9328773402628675,-28.467122788332961,9.782607093413187,-10.206957190560001,,0.4062413995627624,0.5333333333333333,False,5
0.78361565099018016,-0.50426513029965925,-0.36285422677309837,0.61142504367380657,0.72944920435119731,0.30669736588351809,0.11002693984529097,-0.46219101747575353,0.87992814244857953,6.196087959007361,23.421551687944795,-2.7668896012135944,,0.2467444267975008,0.2571428571428571,False,4
0.88580939676897819,0.40219317667331361,-0.23147864098704513,-0.31145091765355626,0.88505629406215069,0.34593884175346834,0.34400586984605108,-0.23434164157998538,0.90925461589868295,-5.1437671417360651,8.2361483325379812,-3.6261841546402676,,0.4911922913816605,0.2367688022284123,False,5
-0.95877018475339304,0.16855316501531356,-0.22880026964858546,-0.16472530173873634,-0.98568704476593949,-0.035869551818660916,-0.23157138811828029,0.0032985366315686215,0.97281232098543202,16.31684202896033,9.4192480333683637,1.4747163414317435,,0.3296009575244622,0.4166666666666667,False,5
-0.13285125051877852,-0.91266190134878045,-0.38652140828423454,0.97525974001030369,-0.18989415072661947,0.11317531106585538,-0.1766889491468947,-0.36192328654874795,0.91531008401695269,-16.116227870344325,21.306199124858416,-8.2667479327110911,,0.2638406042009821,0.3823529411764706,False,5
-0.49447931049311095,0.8688022832200365,0.02593846884281667,-0.86918897628251524,-0.49428827570982464,-0.013770403217128913,0.0008573232829666988,-0.029354610667841674,0.99956869290175787,-19.795452844715548,10.798766752444886,-7.8783645866714318,,0.6997812084343147,0.163265306122449,False,1
0.057150441707588824,-0.87315178488782375,-0.48408654965805237,0.98768357264546724,-0.021292111201381175,0.15500905240300275,-0.14565365542586406,-0.48698316864938829,0.86118082079972513,0.093970537894683986,24.630439290797309,-4.3547475520811911,,0.3846720109455646,0.25,False,4
-0.032875586130382869,0.99231738958951254,-0.1192702567903621,-0.98874156137820268,-0.014861064461627096,0.14889349739481933,0.14597712368716373,0.12282242092273915,0.98163401137017448,0.89381585692632026,-25.861795588862748,2.3589289993819795,,0.179116953310145,0.2777777777777778,False,5
-0.42400923596540518,0.89440148208628212,-0.14234520244074156,-0.90533111038443892,-0.42280982361924535,0.040092812587070731,-0.024325878938132151,0.14586926301632236,0.9890047571781253,3.5995340751269005,12.265950223152146,-1.8902042993370152,,0.2550505824633719,0.2121212121212121,False,5
-0.2779375983658316,-0.90343631508014577,-0.32642536054822968,0.92987003086519571,-0.33829896486926153,0.14455288328894225,-0.2410236857933139,-0.26335647886998004,0.93410435601372288,-10.036101846359676,-28.353200669875488,0.028147496647221517,0.2920811880025133,0.2223499946692111,0.8857142857142857,True,4
0.21178164099701713,0.97321924687615735,-0.089402651226997393,-0.95356302767369361,0.22581372447341594,0.19931310567351831,0.21416369624749551,0.043040206194321251,0.97584909277016862,9.5453398954301676,8.4614218552361038,0.085516527319034641,,0.5057306995313873,0.1388888888888889,False,1
0.40849983108890509,-0.80331879286104357,-0.43336682503003465,0.91195537503036694,0.33929293446397324,0.2306896152323501,-0.03827900147025444,-0.48944787430236403,0.87119199743072628,13.480692428884955,-25.13012791796886,5.3377747236730224,,0.5614698824093464,0.282051282051282,False,3
-0.42032194256323063,0.90346180199078896,-0.08417978940000409,-0.9069450734079797,-0.41545522921551614,0.069624610149558258,0.027930242048133519,0.10561119666512492,0.99401517931975925,9.0134951207385754,7.8119480186669037,0.081992697341404713,,0.190647341663708,0.1111111111111111,False,1
0.42916137708069063,-0.73067036491413673,-0.53098147826308217,0.90289110502245151,0.33099191752377688,0.2742845292853221,-0.024660999443301301,-0.59713077995542674,0.80176472031156498,-24.090651729698763,10.180378852844514,-9.0129609642275152,,0.4617752639574376,0.1,False,2
0.18808404013663832,0.96864399309003457,-0.16233671333519517,-0.96410577733227643,0.21362863818414923,0.15767959621369473,0.1874151647023459,0.12685274769660967,0.9740554072748705,-11.830815153515754,14.351094986284453,-6.1739561293202216,0.3624656365387349,0.2004429376878988,0.2142857142857143,True,4
-0.9292377892574365,-0.20896729851679405,-0.30471265015838661,0.23875441090964419,-0.96899692074125776,-0.06357121097754892,-0.28198131549296473,-0.13182426083447762,0.95032042068362554,-14.790263912827893,20.27432784117304,-7.7752468085668074,,0.2354108691457818,0.1428571428571428,False,3
-0.94622970696126774,0.21674176299759818,-0.24015068152450858,-0.22665686747276351,-0.97387233357927039,0.014118863845947127,-0.23081595718543174,0.067791489595370999,0.9706329418719587,-15.024197942083998,9.5313092873627578,-6.4152356481618371,,0.06826888699024261,0.2,False,1
0.66914755707294848,-0.67190388830926118,-0.31746922959272805,0.73987778508691338,0.6422866180162774,0.20012187149858315,0.069443574203721992,-0.36879949185445993,0.92691128205977935,-8.0868364257517751,18.278971167267805,-5.7477946998714105,,0.09982748633720193,0.4,False,1
-0.95312477315236932,-0.10915060489743035,-0.28220438028806377,0.094280774175027338,-0.99336958233834693,0.065787601460276901,-0.28751400387494619,0.036097345268922415,0.9570959613541028,-4.0576609779187311,12.829184817261121,-3.9786117546402924,,0.07258864324892693,0.2878787878787879,False,5
-0.93271457092422561,-0.18643097835227407,-0.30868595610466515,0.19231149306271592,-0.98126591153091591,0.011554241792091524,-0.30505707469525484,-0.048587047430514708,0.95109383343619602,-17.040582243375965,-23.5843798988777,-2.4163028332169723,0.3228396505247774,0.3592600820372474,0.9213483146067416,True,5
-0.94377609658730099,0.18863707387282913,-0.2714824743351501,-0.20274530584728506,-0.9789218335929728,0.024624879123847754,-0.26111495642212745,0.078282169589696748,0.96212830820894235,-20.204990445579384,22.604735014719026,-9.7295154044425374,,0.6022107872715945,0.25,False,4
-0.32820450237905618,0.94361421924836375,-0.043289835416831068,-0.94279608346164412,-0.32439508318298521,0.076833423821203298,0.058458101470202806,0.066030562916004648,0.99610371705635892,6.5909568192870189,8.8525411483562628,-0.67644615798101881,,0.4930131990780306,0.3333333333333333,False,3
0.098848530476359442,0.99294095065179655,-0.0655533106820059,-0.96737054602786532,0.11132873213958641,0.22759644126818687,0.23328779372357933,0.040916768187376967,0.97154651117724988,8.8235631423872487,10.013684394217645,-0.21034633965211874,,0.3262882366865487,0.5714285714285714,False,3
0.25040481583019747,-0.88938220981509786,-0.38248753322619355,0.9594987074741288,0.17530953759099638,0.22051937870651728,-0.12907229975684997,-0.42221540816749537,0.89725943324182089,-13.061395569958178,-36.293288969626794,0.2889949656439994,,0.3444003567928228,0.4117647058823529,False,4
0.24655910137970541,0.94569640976327396,-0.21181810613752533,-0.9429107098249434,0.28458331631446204,0.17300788818110671,0.22389283781366404,0.15706889137037483,0.9618738797469385,-2.2405206498261188,14.774323789386433,-3.8133879916581215,0.1558865169648454,0.1157797988861708,0.4,True,5
0.90961222159721422,0.36235002740180927,-0.20324385344429957,-0.29471227592402566,0.907576434947998,0.29908140889524254,0.2928314886426337,-0.2121496461674878,0.93233161851904855,6.1026642664551138,-23.489211525303983,3.3086571706157959,0.3485263213742316,0.342800025049194,0.8085106382978723,True,6
-0.69504767414518431,0.70467846060780892,-0.14260784628055834,-0.71348663219503705,-0.7004846863486206,0.016063308191644143,-0.088575145183932558,0.11291355696498255,0.98964891366037577,-2.6220922872062147,12.771205777860494,-3.6394343656820012,0.7518708976904631,0.6051094459645264,0.5804749340369393,True,5
0.54771549207780112,0.80667631466995715,-0.22199338523583981,-0.7892842646870265,0.58620018462463497,0.18275582908214924,0.27755736209913773,0.075117686975437692,0.95776784444249763,-6.5754765146255982,-28.824550349507131,0.87851402359638264,,0.1286250960341029,0.1875,False,4
0.0472150598907203,-0.94923991963286858,-0.310989249162894,0.98866960561301054,-1.9792836565245275e-06,0.15010799756540907,-0.14248911908117798,-0.31455297641489149,0.9384845635235578,4.5157212336840615,11.526159673867269,-1.5777725617483405,,0.08318331940642626,0.3333333333333333,False,2
-0.15046487233648945,0.98861038990592254,0.0031335543434964364,-0.98174838827580901,-0.14979192519707085,0.11718567004376525,0.11632035209117556,0.014555964956498746,0.993105079824673,13.992317646942857,7.2230816759979373,1.2184837141853644,,0.1880875155899459,0.1538461538461539,False,1
0.82633624991968702,-0.4337753671162527,-0.3591759080893786,0.54203001796910322,0.78569579686558166,0.29813683839501259,0.15287858479552763,-0.44104540091800104,0.88436818839214104,6.9936451316020261,14.915762360161255,-1.4277656600539574,,0.6017329071168148,0.6,False,3
0.86953628395381088,-0.33256271079518213,-0.36511463169306047,0.46338254938606349,0.8051102356629285,0.370235224357783,0.17083109732209634,-0.49112071002895569,0.8541763192505305,10.151756242219848,6.388467668764199,0.48493630184133979,,0.1838838235671664,0.4117647058823529,False,1
-0.55092235013833235,-0.77406627151799834,-0.31193905080364825,0.78477606424543234,-0.60767190026600804,0.12190730336836866,-0.28392092755819454,-0.17764084250341483,0.94224871343460659,-13.167906163412539,16.763933524834112,-6.862049747934134,0.2282112669167932,0.1522590957220583,0.5581395348837209,True,5
0.53218129343346865,-0.79114171609330852,-0.30145954285179871,0.84655393310844229,0.50204306806848142,0.17691578828079119,0.011380213447373277,-0.3493530347103363,0.93692206072894413,-3.4541574342951979,20.607403672712554,-4.7742831126908021,,0.07951951823478266,0.25,False,3
0.85030535598691304,0.51596022877341186,-0.10375858472462443,-0.47297103471400254,0.83563004411913555,0.27932208950782433,0.23082287993510137,-0.18843426357629295,0.95457494541231558,-12.909371517896338,20.80562115023773,-7.3318990906850514,,0.2647038180564299,0.1578947368421053,False,3
-0.60833405120455397,-0.72610927929466018,-0.32046060080335181,0.73702315069356894,-0.66662883888543767,0.11136815751362346,-0.29449373081065944,-0.16843783924179087,0.94069237098255265,-14.604287044338083,-29.431909896213842,-1.0316040335940591,0.2016099473812366,0.2131695455263366,0.125,True,5
0.84317576092151181,0.52234613734116542,-0.12731515620379288,-0.45453749565658241,0.81904670208427544,0.35008308277766981,0.28714160485146389,-0.23731205744681144,0.92802623139310525,4.4295545287436733,-26.577279337337465,3.3653487368278108,,0.4580692215283964,0.1333333333333333,False,3
-0.78403377603580338,0.60630375053626695,-0.13299172951990637,-0.60818851498396787,-0.79319968246155148,-0.03067562525018383,-0.12408774426443372,0.056833316184700639,0.99064231985859275,-21.699523332098341,7.2090233059523996,-7.8973664449292764,,0.1098894711794238,0.2352941176470588,False,5
0.84648259272456761,0.50074399794098701,-0.18089408155152614,-0.44439004344805361,0.85162555430266473,0.27794136889444165,0.29323149472478333,-0.15488500180700399,0.94341185423796392,-10.557120521420316,14.695638704865919,-5.941070363743723,,0.3812276941385369,0.1578947368421053,False,3
0.95763087643987821,-0.07060219222423858,-0.27921037756881861,0.14867093010120458,0.95150980817408781,0.26930659013725144,0.24665777715659667,-0.29940677247123598,0.92169166512805367,-9.4126357715366229,19.354660880118161,-6.1931950342048037,,0.3139352202676068,0.1875,False,1
0.95217990875248104,-0.10392676534066984,-0.28731976753078226,0.19083189273899273,0.93668391062389622,0.29360933277397577,0.23861393522125018,-0.33439868274882756,0.91172414188397954,-6.0690569766557072,-25.318446720605969,0.54135669086739746,,0.09642683785392517,0.1904761904761905,False,5
0.88714161818583193,0.39737699626221279,-0.23467269147526354,-0.34322641347438371,0.90804506350130232,0.2401037103928769,0.30850507026001101,-0.13246012793492393,0.94195484824450504,-9.1064830135967725,-23.357456142917581,-0.45495076895719083,0.1236837833734766,0.141660261705394,0.2702702702702703,True,5
-0.95925717537668298,0.11959396208863952,-0.25597452162332096,-0.097003640669737962,-0.99033061592369132,-0.099174416363384615,-0.26536006705072135,-0.070303309994214622,0.96158279904472777,10.495889533930603,12.367517085471494,-0.13419838219788474,,0.2723322354356524,0.1818181818181818,False,3
0.95717130519957716,-0.02243943620315518,-0.28865128478048213,0.15292486722197399,0.88575206191818623,0.43824339104294985,0.24583953605488287,-0.46361595799817634,0.85124800499135034,-8.6006532102405799,15.737136523960647,-5.5214623602811095,,0.6222556043676506,0.4130434782608696,False,1
0.20887478934567291,0.95647161311062512,-0.2037973888187955,-0.95435923288467794,0.24485192068067624,0.17101459454313539,0.21347078719012086,0.15877528224677306,0.96396090831728642,-4.1383569069089186,21.886772069891897,-5.1588482917029648,,0.06920704580960726,0.1111111111111111,False,1
0.92327689577435634,-0.24794195938214003,-0.29340170160892748,0.35150036084681624,0.85338718657273938,0.38493870436476396,0.15494279606947498,-0.4585358160179096,0.8750643607043791,0.7732345783876895,-29.204015516895737,2.800942425682905,,0.5404533079596936,0.4166666666666667,False,2
-0.4132287903513493,-0.76784085958745973,-0.48955324651436283,0.87993929154393224,-0.47508013475448901,0.002389300906120162,-0.23441162518510944,-0.42978980898765884,0.8719701314084265,-14.626786671238161,-22.460878103258402,-1.9845837541756359,,0.3912530763061337,0.2388059701492537,False,4
-0.93217070943170111,0.2567484249854341,-0.25522150133775567,-0.29161734117971833,-0.95028966218522815,0.10912783452060523,-0.21451595465342618,0.17615278655583017,0.96070448161114841,13.226693561269391,6.596502061997783,1.1071378187841345,,0.08067171473281712,0.3225806451612903,False,4
0.31907782030313536,-0.77554477158694979,-0.54471979205344345,0.94564468420773506,0.22243964523101445,0.23722718111370428,-0.062813022696363782,-0.59080530760449923,0.80436534776561563,-10.012525347794583,23.418301034735489,-6.9149419179091396,,0.2809885742595012,0.4,False,1
0.047915355053281372,-0.86868105680074992,-0.49304902424165831,0.98829901937310349,-0.030330626023077085,0.14948277971462562,-0.14480734462133135,-0.49444238762527393,0.8570633338692879,7.9609261137227518,25.999596177750792,-2.6352887683047412,,0.120414382221469,0.25,False,2
0.90506918966684302,-0.11231155596420128,-0.41016566934923487,0.25613538402579916,0.91389547188174558,0.31494401331665228,0.33947669576240747,-0.39010406415589077,0.85590559769363361,-14.177675879542525,-32.400179668150642,-0.42984317632237407,,0.3292970148003623,0.5,False,2
0.39630246524271678,-0.81451622844942617,-0.42368345452125911,0.91775289262019044,0.33839305861781571,0.20789364099595103,-0.025961204321429926,-0.4712254783771801,0.88163062809681192,-12.351387526276037,10.546276422738444,-5.8781534163643832,,0.1950796511106372,0.1279069767441861,False,4
0.62892212674677184,0.75973337592411361,-0.16511255553490795,-0.71597793507926522,0.64874624210650522,0.25788351989283931,0.30303886709125316,-0.043971705216404033,0.95196320000954482,12.320277849879085,7.5608538173515889,0.81318721008652683,,0.6056014865032331,0.7962962962962963,False,4
0.38095920076794459,0.91861025943182473,-0.10500132673849852,-0.88968585874434303,0.395115177182018,0.22878607805276024,0.25165285633306445,0.0062600341068242138,0.96779731962451299,-27.594581446989526,11.186444357108302,-10.162651603294757,,0.415512916708453,0.1470588235294118,False,1
0.30764325828883832,-0.86785864082332587,-0.39009871209441005,0.94916700936641618,0.251207725202578,0.18967516212978566,-0.066615418334207602,-0.42862111281041254,0.90102515375172687,-7.537772843238149,21.590635583925099,-5.9461477311722737,,0.7381570518608811,0.56,False,1
-0.19930591994614288,0.97584938434720092,-0.08941548715749098,-0.97468011900881724,-0.18797074339156569,0.12110187957988552,0.10136969903960755,0.11128781918077074,0.98860467600482682,-21.187166922875665,3.8128839621070481,-7.2379944603452167,,0.5750780835982702,0.3310810810810811,False,1
0.82423410105171524,0.51012074893965775,-0.24579456496170476,-0.47404510000459632,0.85904054786612372,0.19321123229124795,0.30970855626718397,-0.042733577232813319,0.94987075518292707,-15.872034322741778,13.607331085735884,-7.1715990514815431,,0.07678591086535254,0.2,False,1
-0.5740404444138324,0.81676913470673473,-0.058015073623865099,-0.81866423932150867,-0.57389640418727372,0.020779329080933828,-0.016322727508175316,0.059423041417703298,0.99809942927313844,17.774511598507914,5.878374879369308,2.3157174211643716,,0.3752976155069524,0.125,False,2
-0.9010868787521108,-0.32312725282137827,-0.28919062126024819,0.3085647331662365,-0.94635146088255051,0.095951643714487708,-0.30468055794032634,-0.0027732597375243057,0.95245055863472516,-10.054075831985006,7.1874898965735543,-4.7535593600824688,,0.07529737123398292,0.2446808510638298,False,4
-0.92299324398604821,-0.24259702750681783,-0.29871416739245743,0.23768594859957803,-0.96988112222232126,0.053254094632164087,-0.3026365169546324,-0.021846990676728253,0.95285562789120415,16.125342900332129,6.2116982270415919,1.8675373214871593,,0.2926401653194491,0.25,False,4
-0.34978023729389734,0.93607885529915391,-0.037552127242677785,-0.93416344963810383,-0.3454804558410533,0.08934150206984097,0.070657164950642171,0.066329716520451165,0.99529288842403274,-16.469152092953678,-19.968380333129698,-2.8497486099581399,,0.1829213571082918,0.1,False,2
-0.77195650120592141,-0.54604770563852967,-0.32544594545455557,0.55597142626189711,-0.82818089299496456,0.070796763050121905,-0.30818652375829803,-0.12628662496464405,0.9429065462328784,-5.8995052799280403,21.337659907761722,-5.5096051265001122,,0.7402454646208074,0.3125,False,1
-0.076829661669284177,0.98762487768437013,-0.13672711533092607,-0.98743981104337564,-0.056382467685865953,0.1475928077660813,0.1380573165551412,0.14634930241236321,0.97955196851877568,-20.637225735906746,14.935783361461775,-8.7117792721037635,,0.073623722231475,0.3846153846153846,False,1
-0.17506474993048543,-0.83835837472162722,-0.5162437107276836,0.96502449012731373,-0.25003719440763028,0.078798063854887301,-0.19514114580552847,-0.48439306038265301,0.85280906202199402,-16.537437502122831,9.2918106959470812,-6.7624213494408627,,0.337319130712844,0.32,False,4
0.84844382542964714,-0.37175298280677699,-0.3767529626486989,0.50511637309618118,0.78135082721414539,0.36653558414147402,0.15811554231152339,-0.50128894321143402,0.85071080320723447,-15.232725310668226,16.322433681228873,-7.4264862521235706,,0.118273085000834,0.3125,False,1
-0.93252910391450539,0.25312778732104324,-0.25751853066986141,-0.29158445106726771,-0.94853561025114208,0.12352612671534616,-0.21299760150811983,0.19028010766091213,0.95834518957437353,15.573338870659089,11.194261502923371,1.1235200392304812,,0.09609935209103676,0.4375,False,4
-0.81599392394407777,0.54123345277232748,-0.20302774610011437,-0.55578910600528897,-0.83112484545851828,0.018164826104247939,-0.15890999254983759,0.12766299722981841,0.97900448078959856,-20.597405956545483,10.009798315330986,-8.0148236576895773,0.8083758421246505,0.341558497588176,0.2051282051282051,True,3
