axis_00,axis_01,axis_02,axis_10,axis_11,axis_12,axis_20,axis_21,axis_22,location_x,location_y,location_z,dbh,dbh_approximation,score,reconstructed,number_clusters
-0.31969286598376051,0.94385989572537943,-0.083216396703810092,-0.94703889223923954,-0.32109736470961281,-0.0037173865573883746,-0.030229257770650622,0.077620742188016456,0.99652456686065582,-27.442867140276302,20.481977203603829,-11.04289288337187,,0.5314395968051494,0.2222222222222222,False,4
0.71872069137647943,0.64796504122986964,-0.25215446284230014,-0.63625357514496583,0.7591629198060319,0.13730640664888871,0.28039606969885461,0.061749222955062577,0.95789617264183768,4.9484518726755828,-13.305291978684862,1.9575149381233794,0.3177421094416769,0.2401705375569935,0.3611111111111111,True,5
0.36561949163831059,-0.85891242318572725,-0.35859703935108661,0.92995249411447645,0.35318931386734859,0.10220404718099937,0.038868316459652233,-0.37084600290030512,0.92788064755573962,-5.7192582718807534,-8.5045254008238889,-1.9909199838363691,0.1324151764406393,0.1310121192725544,0.3214285714285715,True,5
-0.76559086395557152,-0.49536554923732873,-0.41046754032025617,0.55648141583259514,-0.83007224933180646,-0.03617312154329265,-0.3227987962504073,-0.25611136936503831,0.91115745270576198,9.8416404027000137,8.3618645713407496,1.6005811242227328,0.6405710670612732,0.3703016620476609,0.2857142857142857,True,4
-0.46776417491957717,-0.71094638853054393,-0.52512085208757808,0.85308484887552594,-0.518555503861162,-0.05784833648703927,-0.23117724213431656,-0.47503202213184903,0.84905927983180185,-15.123208020173184,14.888249366461558,-6.7519944324760139,,0.1078225110830112,0.125,False,2
-0.75777486483868584,-0.55468186693531807,-0.34366448858132104,0.5885914422524261,-0.80840084855017535,0.0069413378080314253,-0.28166889840008968,-0.19701800566574146,0.93906684379631522,-3.7003589988142607,-10.483371622332678,-1.137345618346437,0.2324903851362079,0.1167956033324895,0.1875,True,5
0.77257408550031048,-0.52744819861322922,-0.35345110014401893,0.59548644717681309,0.79507043598723204,0.11514726678392492,0.22028430185125392,-0.29943513420894913,0.9283390688531713,-20.717648962753913,2.8604896971968907,-7.5981775186013509,0.3261021111271954,0.1859629420305097,0.7808219178082192,True,2
0.021305647925144413,0.95672150247948673,-0.29022411350520644,-0.9961078875994791,0.045147199297951482,0.075702091501190671,0.08552862461534963,0.28748164652538127,0.95395972518888972,-5.0595586153596681,-4.818190287840836,-2.1014732529226627,,0.07528842467316224,0.2929292929292929,False,5
-0.35220486088719488,0.92928066496273076,-0.11130670102853138,-0.93519786527911641,-0.35411471622251928,0.0027785845364508704,-0.036833255962694975,0.10507242017326757,0.99378221848356552,10.254296420817219,-0.24503451515126357,2.3894446924659496,0.5079961972072597,0.2698674130460273,0.2222222222222222,True,4
-0.065206477828060647,0.9904195636273283,-0.12172593492559544,-0.99509635252057371,-0.055447701908428293,0.081907274117280701,0.074373143334862044,0.12646991870530211,0.98917844457568194,-12.041469562144851,-6.9446528165929671,-4.1169082432836923,,0.3039064824492462,0.4923076923076923,False,2
-0.7611459677926391,0.6059758815717764,-0.23119266135912692,-0.61609480124931071,-0.78692661826668997,-0.034259208060375163,-0.20269191297775055,0.11636033867542689,0.97230461276122748,-12.573637433062057,-23.69828245251442,-2.7389222423496555,,0.3018232315056584,0.6764705882352942,False,3
-0.081377127330710883,-0.90010564306752527,-0.42800419912122051,0.99104982895670746,-0.1186699515575439,0.061136561256014403,-0.10582060136042272,-0.41919837060194592,0.90170656336326593,-13.338403425914638,22.702073292390534,-6.7053066000884156,,0.0831270352165557,0.125,False,1
0.93711622862842403,0.15398487858518717,-0.31321211855281711,-0.10236803683517116,0.97920911030137159,0.17512939027276081,0.33366743784156072,-0.13205368404516821,0.93339587820728376,-4.0149068862783439,-16.783029440094797,-0.60344515853964242,,0.2552667323865365,0.7547169811320755,False,6
-0.35157987605830709,-0.81212242974917181,-0.46567021576339529,0.91491896539913664,-0.40343387940367526,0.01282153275840521,-0.19827979600503762,-0.42154271912536045,0.88486544652201138,1.2491616053515107,11.333395553817235,-1.487258798228281,,0.134921184564982,0.2173913043478261,False,4
-0.3390421038496258,0.91175252304024301,-0.23185725899132567,-0.94010530106250856,-0.33762278390931111,0.047041244663560675,-0.035390319741278695,0.23391920082600687,0.97161171913142985,-9.5921658696275074,21.808188160477108,-5.3928244942227606,0.1927880766615002,0.1690463661747597,0.3043478260869565,True,4
0.70612900852590843,-0.60701316757679835,-0.36457761547659545,0.68084722257648,0.72348123700291056,0.11411379940494949,0.19449648538755676,-0.32880072094373702,0.92415431778397716,-3.6898784459189744,-11.708884526647092,-0.99404119359239917,,0.1290672031233704,0.4285714285714285,False,5
0.79741777951917425,-0.51075498304593592,-0.32133196573085659,0.56257375572413693,0.82186231349973438,0.089739105295878571,0.21825593755302519,-0.25233248887650439,0.94270497016841903,-1.5669112748667167,-7.7214723211317962,-0.7081996307232965,0.457883129852327,0.4104391167904769,0.9380530973451328,True,5
-0.7190105407618399,0.64038589501971288,-0.2700550827760288,-0.67023533219146803,-0.74170500164220643,0.02565716315431648,-0.18387072022363687,0.19944822886838601,0.962502967395792,-34.874296192846508,1.0642667587171444,-11.793728469146636,,0.1925037766163855,0.45,False,1
-0.85297787256765767,-0.41462826395037583,-0.31703651468474336,0.41643103293019013,-0.9068017696484153,0.065541936004336165,-0.31466481170071581,-0.076118022149810866,0.94614592055419922,-18.048697494629266,5.7498861151332807,-7.0739044541763372,,0.06607263559414535,0.2692307692307692,False,1
0.37526176859060939,-0.85667632377403502,-0.35395519676825415,0.9253974707335918,0.36812472172604749,0.090131628266619135,0.053086026354586785,-0.36137219807163606,0.93090923739468545,-3.0942289501195068,-7.8743001931721723,-1.1703092257161287,,0.0705677327614595,0.2105263157894737,False,2
-0.28067040553973316,0.95516506500508902,-0.094254029346149709,-0.95887066881442662,-0.28337227719029123,-0.016346039500828344,-0.042322144812563425,0.085789574621931264,0.99541397666732201,5.0407078105395957,-10.640294266759758,1.7155254099992816,0.4559071427203827,0.3624100153946491,0.3191489361702128,True,7
-0.83093027827932231,-0.35350485197182635,-0.42963844366050985,0.46136012195227116,-0.86938763234770899,-0.17695192169917356,-0.31096898641316867,-0.34525275430215208,0.88549354889572429,-18.682596403623094,-0.79447212951327417,-6.7590223527802555,,0.5100050772605814,0.2388059701492537,False,1
0.94788221268197215,0.1200444222789859,-0.29514174147489119,-0.036196661853656005,0.96088410176700745,0.27457520762454496,0.31655822932247257,-0.24958180953570006,0.91515015587449078,22.390210051013153,1.9058956131302645,6.4035174562990935,,0.2067575161853331,0.2,False,6
0.53420101187954605,-0.73312448471339553,-0.42090113901079718,0.83823603643959077,0.52386707663930232,0.15140552574934535,0.10949715119998937,-0.43369548755677501,0.89438168471406954,-11.466866830153018,24.838876002877516,-6.274736990916236,,0.1994824031458517,0.4,False,1
-0.29638357407091248,0.94594902513121593,-0.13167087329494601,-0.95506736169860529,-0.29329826987944024,0.04269027411240367,0.0017639838482899906,0.13840724958985673,0.99037382922912187,7.217007748389161,0.0024049337988602398,1.2727323246831579,,0.513114990197424,0.2751322751322751,False,5
-0.11002170506564446,-0.79936377810588455,-0.5906883904959821,0.98725723906933238,-0.15663483431686928,0.028083315041598257,-0.11497116299162624,-0.58007161534659901,0.80641090812906269,-9.2434877052088531,-6.6128180935579701,-3.2479610508413472,,0.2897498924767799,0.21875,False,1
-0.22321861737578477,-0.85724476952213413,-0.46400954083271373,0.9648608848464244,-0.26200731283988754,0.01989072426524801,-0.13862511226404028,-0.44326467617594367,0.88560685696555996,-8.654240130716957,11.435638923782248,-4.5906120191125535,,0.2342972912664108,0.3114754098360656,False,3
-0.54423969616064016,-0.64474219745789108,-0.5367593985578103,0.80442584631162328,-0.5826669031222641,-0.11575118915906471,-0.23812226042266924,-0.49477952546874693,0.83575774616100262,-16.477891596553992,-14.649631803078499,-4.6612290293276599,,0.5920829294091232,0.2647058823529412,False,2
0.63159625891025384,-0.65666396012098149,-0.41216332831633651,0.75966687565296109,0.63037741082796883,0.15978284624293693,0.15489481516900144,-0.41402507580586867,0.8969898733194841,6.6883638387007416,-8.0576076480527608,1.9261017175980684,,0.3889905190232993,0.5,False,3
0.48033941489397458,0.8701190281339074,-0.11030377771689484,-0.84794806933970235,0.49284158741273676,0.19516977588644435,0.22418322462304174,-0.00021586059836614657,0.97454698973513665,-26.206706179238576,26.083103020166106,-10.993865935227372,,0.2992793465116984,0.2222222222222222,False,2
0.94563352298104864,0.0091103947814465958,-0.32510650704250121,0.10801402781897071,0.93407269347174349,0.34035448154059056,0.30677387439084902,-0.35696667073743432,0.88230640141271721,1.7597554590360029,-2.0599130277509077,-0.38323307390415667,,0.2782050824722156,0.2051282051282051,False,3
0.055666070372460921,-0.88255586575243095,-0.46690088073944014,0.99667685781169602,0.021265048584042844,0.078632301322815637,-0.05946872885720704,-0.46972645394388324,0.88080674881236709,-5.0698498129476368,-19.520093656566573,-0.68532005730779,,0.2730592601103483,0.25,False,5
0.12324111669010027,-0.93118475939408196,-0.34308391251873455,0.99168828237057705,0.10268594204561879,0.077523853845758051,-0.036959136432981328,-0.34978642223275269,0.93610014477925285,1.7838420830702879,-18.055256978932871,1.3309007059290634,0.184021568981933,0.1526108014673077,0.5384615384615384,True,5
0.44889543069017318,-0.8146512848197518,-0.3672004581247299,0.89040726410861415,0.44240909537510403,0.10700045024202068,0.075284768234331445,-0.37498996849370475,0.92396684312857968,-24.652899369853742,3.8729862541693301,-8.896305837941231,,0.1647574034787528,0.6190476190476191,False,2
0.94197771102689609,-0.080789302008885761,-0.3258083495084908,0.15326809270117811,0.96703831387905492,0.2033366451225613,0.29864173132412841,-0.2414746118557238,0.9233109596126623,-20.955503174936727,3.6579956912014606,-7.7825340699768759,,0.5280581806276072,0.1818181818181818,False,1
-0.3385258413351474,-0.83823050670823274,-0.42751593230192964,0.92330130230384688,-0.3835106798432808,0.020838992541950728,-0.18142480511867573,-0.3876714795671744,0.90376759402948659,-26.465466181872959,5.3391121960308681,-9.6088043240909204,,0.1690334266832107,0.2,False,5
-0.60931260350543115,-0.71299806739927774,-0.34694654789222118,0.74514675465749214,-0.66446950241274982,0.056891074754842813,-0.27109862639423626,-0.22386164532641328,0.9361578384647059,-15.751503504830744,11.81158332179765,-6.7336452143940502,0.5696011592003463,0.5330618777811728,0.9719887955182073,True,6
0.71412727543553123,0.68131435402516238,-0.16072643055297586,-0.62782453949226646,0.72492131579226982,0.2834174192270611,0.30961037141922204,-0.10148811215743306,0.94543195471719266,-4.1838161640174034,-0.93932795706447003,-2.3091046982791803,,0.4598473420126312,0.2424242424242424,False,2
-0.90328695494686739,0.31382224983004225,-0.29255473425399586,-0.33733639261347526,-0.94082882288510106,0.032330855960861889,-0.26509778430108188,0.12789339912694966,0.9557020682296401,0.079108512057414065,17.571401700176782,-2.2130193291875786,,0.1278652334966556,0.5333333333333333,False,2
0.50007253166279142,-0.77311829897522144,-0.39014812426311485,0.86059529138225854,0.49384809963746529,0.124458020774679,0.09645313642931827,-0.39799767621699089,0.91230183722210223,-13.571667520205073,-12.159758789933042,-4.0610561340920261,,0.8023689267635318,0.4722222222222222,False,1
-0.30850393749423338,-0.85145216449415706,-0.42409259853098946,0.93342997405101191,-0.35681010531735063,0.037350131011097153,-0.18312237463969053,-0.38433808075915921,0.90484829423759472,-9.6353390459780979,6.6025443647737623,-4.6728499391405967,,0.1770138219509323,0.1705426356589147,False,2
-0.13701547258012531,-0.92590903428685478,-0.35202161936396642,0.98283664023513317,-0.17138810868736135,0.068251408863739593,-0.12352691562959486,-0.33662824662608704,0.93350014712826146,-28.613520366434432,-0.28649114905301298,-9.7753635774650807,,0.3385864624091889,0.8955223880597015,False,1
-0.95346005715460824,0.013997608608481329,-0.30119426681790645,0.026196480804465707,-0.99129892384565421,-0.12899685258141105,-0.30037920001923202,-0.13088357626414701,0.94479724050195779,13.02715743402779,-1.47993422863909,3.4165134183591848,0.5256763449069983,0.4494437921234954,0.3440860215053764,True,3
-0.52174967418953455,0.81019807604631167,-0.26712610328076947,-0.84742737897090081,-0.52826322025353756,0.052960433324046347,-0.098204454347157077,0.25400206238969059,0.96220519508479063,4.6314445579902186,17.238048777988478,-0.68906918454081301,,0.1339976133814432,0.4166666666666667,False,2
-0.06279292764423447,0.9695757226619649,-0.23660085854111654,-0.99628164683520182,-0.04688367376652685,0.07228278711761936,0.058990918090864972,0.24025994081136665,0.9689144608396113,-0.18061980668203254,-10.019059564856414,0.02517022758260741,0.4638297011327584,0.4246876688679538,0.8425925925925926,True,5
0.61017622627298884,0.77367353067299438,-0.17062895659072194,-0.76106733788306946,0.63223552560951013,0.14510254086281715,0.22013968315329546,0.041322004951970609,0.97459274151202091,-5.9182874890075032,-7.0958801215178831,-2.1735762704379407,0.1676811518089986,0.1398102150682104,0.3243243243243243,True,5
-0.89008217443340754,-0.21050329249670335,-0.40427971332227797,0.3141731328373723,-0.9259455879451467,-0.20957101604961054,-0.33022562795616978,-0.31354924974071086,0.89030214120150775,-5.2602752114822193,-10.664429645849062,-1.5914622979685975,,0.3949611203372151,0.2857142857142857,False,4
-0.081403811194522793,0.9643183385616495,-0.25191975197810212,-0.995551670108349,-0.066641223564515253,0.066601947916738263,0.04743723924814864,0.25622078220848193,0.96545358205197518,-4.285995896575713,6.8405275816053353,-2.948325039480014,0.7259074342797919,0.7307652339636564,0.9623131903833658,True,5
0.76099060714380373,0.59627131075472295,-0.2556439316896601,-0.57863661361200569,0.8020124194496121,0.14817472266283516,0.29338194427492226,0.035165366760808225,0.95534833006293696,-7.5452338829041361,-1.5135729036223355,-3.3028036461007888,0.4512236126757856,0.2563138739721578,0.3397683397683398,True,4
-0.72649843245378753,-0.53017027800160643,-0.43717216741907228,0.62325299895771002,-0.77631762091217515,-0.094269033894921417,-0.2894058170327799,-0.34095516975837203,0.89442375040169242,0.026170760898107465,14.97114074410759,-2.0280091957578166,,0.3456122338905227,0.3333333333333333,False,1
0.088730286477963605,-0.93133036334972408,-0.35320063783126193,0.99480996478499917,0.065131606252499905,0.07817293541526571,-0.049800303473056383,-0.35830382103717656,0.93227587204869333,-19.374293656575663,8.9272994156560888,-7.6715110218612459,0.1640112658493109,0.1021400661827103,0.3636363636363636,True,5
-0.9302642827039399,0.21572946978317856,-0.29676448607000272,-0.17751037984814319,-0.97253754571158957,-0.15053500332961106,-0.32108944138898765,-0.087358560246530548,0.94301116248969263,-0.22329870671792812,2.7953716454644604,-1.3316342409731332,,0.6562358041058937,0.2716488730723606,False,4
0.91134979662193671,0.29835042075354895,-0.28359932057982179,-0.27147750120895903,0.95352542367833204,0.13072579216206295,0.30942125740565396,-0.042146089204569137,0.94999062765390796,-26.602944041528424,16.562647704620034,-10.495450743422765,,0.242746000884293,0.4814814814814815,False,3
0.27938801862238444,0.9589954588014159,-0.047644989752539391,-0.94465244542943838,0.28341906523057592,0.16524342894048277,0.17197119640928266,-0.0011590781198533295,0.98510129638706267,2.8843048269790885,10.085483232883156,-0.92450135225280849,0.6929553381081279,0.507387039150647,0.125,True,4
0.51734871725325893,0.85532024303655629,-0.027885239971967901,-0.8225144699289072,0.50597363291171127,0.259731841628427,0.23626309807918996,-0.11143592172190975,0.96527808627152201,-26.973095519142063,12.176360197511157,-10.194582680780016,,0.5355500447163977,0.2068965517241379,False,1
-0.95054700487900456,0.025019792492410015,-0.30957131892213408,-0.015414789004835602,-0.99932203092882255,-0.033434454986277895,-0.31019796226843482,-0.027009044483834965,0.95028823823121189,-24.677409930518191,15.912700985685005,-9.8267214299194148,0.3912265412396218,0.2299774558987534,0.375,True,3
-0.38961828211021604,0.87741770109234107,-0.27988528374195387,-0.91940294292369018,-0.38831359273822652,0.062536247392914288,-0.053812849661963272,0.28169261883223135,0.95799449148035165,-16.574642794559548,17.210667328336978,-7.3308100812673,,0.2413279342944433,0.7857142857142857,False,7
-0.87598523968069042,0.38877635754474404,-0.28548695885417336,-0.4117164085076882,-0.9110301330866637,0.022664853267252059,-0.25127566302189613,0.13739374229686396,0.95811455512927546,-7.9961135287401452,24.747321719922407,-5.1696939307886156,0.4088333682910867,0.3403333342390522,0.8615384615384616,True,4
-0.81505371948375216,0.50470464545960569,-0.28453585926416231,-0.53259400845433746,-0.84600172301011445,0.024994135761394046,-0.22810317076762116,0.1719136571521056,0.95833952123991317,-1.6540627021014824,-5.480047297840029,-0.93300474673292944,,0.07347648172557891,0.4444444444444444,False,2
-0.82581587451300698,0.51881343629869203,-0.22104470072422042,-0.53745032275642424,-0.84276729575006271,0.029840170628553313,-0.17080776320569421,0.1434430323510657,0.97480706013990193,2.1890500715287819,-3.5057298888867687,0.039841637829368406,,0.206070416857146,0.25,False,3
0.53532004200871919,0.81215813586376262,-0.23201641100163911,-0.80949134727747563,0.57172934695116662,0.13360131929621899,0.24115598957247719,0.11629581327412916,0.96349316163023613,-28.857460335947131,0.94916615167851492,-9.9472497004274132,,0.1263693451944502,0.3333333333333333,False,1
0.79154122941628269,-0.48891713658366592,-0.36663676259888267,0.57155203656565223,0.80462528816126011,0.16095469905866439,0.21631170017318962,-0.33695426871645195,0.91633567493683554,5.3500635753646453,-6.5205699135105206,1.3304052436115044,,0.142408136319301,0.44,False,5
-0.88229983802583056,0.37862340995610677,-0.27962708962617294,-0.39424411143350441,-0.91900566367355263,-0.00041320205703752888,-0.25713532705484149,0.10987676537441138,0.96010859803006499,-14.056844286774048,16.256670505093538,-6.5390715700300692,0.7324427712071901,0.6163968360227025,0.7325102880658436,True,6
0.47176562984901904,0.85754437008209816,-0.20507277691994352,-0.8489191024369217,0.5046089695617233,0.15718188621959212,0.23827200425322992,0.099937186163882696,0.9660429653026803,0.10425155991401562,-13.776505385984585,0.3613287362614318,,0.1429415478363062,0.2916666666666667,False,5
-0.95011854637537951,0.032607107065163239,-0.31017982591132043,-0.024284898351963374,-0.99923495813875562,-0.030655214001446954,-0.31094210320503546,-0.02159340182279481,0.95018352619488666,-1.1139631756514181,-10.483567042966673,-0.25246615818971491,,0.07225384132642595,0.3333333333333333,False,5
-0.91297172593727394,0.27754480364111411,-0.29908445230558012,-0.28210750869132706,-0.95895218980627139,-0.02874110655016604,-0.29478463524933984,0.058134152075785164,0.95379370892417903,-6.97675293120734,-7.2808113888768302,-2.4326468340792498,,0.1131119271745842,0.2580645161290323,False,4
0.91606451027866342,0.32504788154692255,-0.23488228479340306,-0.23983313828112837,0.91345991271978644,0.32874162139313057,0.32141231897694372,-0.24481597692106857,0.91474546112787325,-16.02311749784289,-7.7461683252447751,-5.2536292764609298,,0.5035574190475738,0.2424242424242424,False,1
0.90947321725443675,0.34935197061416629,-0.22541443548465018,-0.26691907880722326,0.90630203444385826,0.32767488114231164,0.31876742692058146,-0.23784411489655011,0.91750613324571806,-3.1866384073657916,-7.0050164065754563,-1.3269914159995639,,0.1407380708975261,0.1875,False,3
0.25967321388490333,0.96569572739329645,0.0012586043928062285,-0.95208723734251344,0.2557954546235876,0.16762630427058034,0.16155406054997901,-0.044726362340844261,0.98584980500660935,-2.1867311650463357,20.866410298775271,-3.1150787072715498,,0.6403979033102649,0.2,False,1
-0.28718784857089835,-0.879358870539237,-0.37980405005367868,0.94184707782110699,-0.33146595687088476,0.055266639444710011,-0.17449132251507937,-0.34184542740780877,0.92341457760169243,-8.0376036781867519,-11.718484611677505,-2.3904441149825106,,0.08699383946370165,0.4285714285714285,False,3
-0.59010269934586712,0.76154914328052714,-0.2679957212222166,-0.79763223717615384,-0.60124870519849227,0.047778747519167011,-0.12474621614335557,0.24195639455453874,0.96223463079026794,-3.2388063862403964,-12.61005025919056,-0.7701706336507298,,0.107493876410343,0.1764705882352941,False,3
0.32626881971793636,-0.88029163238887853,-0.3444347532203853,0.94485916398673298,0.31453743896997904,0.091144718533209282,0.028103692108973052,-0.35518001271514388,0.93437537481331012,5.6477783377679875,-17.673923929146991,2.5816819874385177,0.3851260840832966,0.3733419162043038,0.8461538461538461,True,5
0.21161550589743294,0.94287099660002072,-0.25731918201769927,-0.96714581901616603,0.23996865784548013,0.083928588760859305,0.14088237087486882,0.23110458027119071,0.96267483116281449,-12.84040962856548,13.499430699838838,-5.9820881204468641,,0.07319685169757555,0.2727272727272727,False,4
-0.89366999383986623,0.33252015021482828,-0.30130431761154919,-0.36197960139827323,-0.93104387786852405,0.046130962000464418,-0.26518806587363725,0.15029187331538951,0.95241148803106646,-12.448488161416291,-8.5184521339491717,-4.0191969418553795,,0.1146222854830679,0.4918032786885246,False,3
-0.34362138772187473,-0.82979574326267114,-0.43973101592137276,0.92104597473826089,-0.38917780182767231,0.014661206738417934,-0.1832993571143624,-0.39997457797681435,0.89800984552160068,-8.4591092844413058,-12.793721721103385,-2.3357574149587164,,0.1309083504446946,0.3636363636363636,False,3
0.79036664843676752,0.53278013030204507,-0.30243328817140375,-0.53232299032342856,0.84158934582442491,0.09143088629090422,0.30323719265940086,0.088728269171403626,0.9487752627666326,-18.390247948614455,16.682367528751652,-7.8523011026766518,,0.07128021982193646,0.6153846153846154,False,1
0.48773785331694591,-0.7959596314320091,-0.35855271798216237,0.86815651410653838,0.48539952234298545,0.10340005185484155,0.091739050878890532,-0.36171199709136048,0.92776526002217752,-3.0569281980100276,-7.9016557308719086,-1.116146674951817,,0.0677246706886381,0.2962962962962963,False,3
0.94465519842408918,0.15086005220197907,-0.29132078665958444,-0.080148762688375008,0.96721598356960137,0.24097596761297538,0.31812376825673611,-0.20429019990470262,0.92577685340098537,-16.665884635270093,7.7463109471694169,-6.7792683877571589,,0.512480021240272,0.1730769230769231,False,1
0.94473744291969786,0.0035027529042361838,-0.32780923517747834,0.095876613410470546,0.95327095131648498,0.2864998575516291,0.31349455967606621,-0.30209638213367684,0.90025492887029146,-22.090937375276752,16.922335938909843,-9.0788685108099898,0.6383100848366839,0.4649507038124025,0.3617021276595745,True,4
0.7867577513986812,-0.47324775547084813,-0.39629383360821635,0.58050444110057453,0.78551974208353914,0.21441391899669449,0.20982572405832911,-0.39874214316875978,0.89273616975262271,4.5739781988645518,12.302623355711725,-0.4970023521829241,,0.20543898806349,0.5609756097560976,False,5
0.92908771671865809,-0.19871357076426732,-0.31194379531676136,0.26906249266967763,0.94182759307409203,0.20141042664828168,0.25377428884914793,-0.27106032855875029,0.9285068166689634,-8.3664432229989139,-6.6094639685507595,-2.9460940081376763,,0.0708357839332265,0.2222222222222222,False,4
-0.72787315788864171,-0.52202871819551688,-0.44461970649574278,0.61853488408621637,-0.77973519379098,-0.097095956312261505,-0.29599875539208909,-0.34568633895901546,0.89044129052029342,12.157031623439931,-6.1931066850915961,3.5264748139309625,,0.3655142642484777,0.2105263157894737,False,3
0.26362808204144206,-0.88581227895050885,-0.3818859002629662,0.96462404753867637,0.2424276961360185,0.10358213676249214,0.00082539036343373673,-0.39568348285806398,0.91838657444676319,4.2834237952512613,13.003125699300215,-0.55202925626725585,,0.1349033452113378,0.2307692307692308,False,3
0.66371909441882659,-0.59928858800586937,-0.44758256443899269,0.70993659689306998,0.69314019100242452,0.1246864227131822,0.23551431399331232,-0.4005120021960078,0.88550728060316108,16.245400743508178,3.2052683341813313,4.1977545523287647,0.5433029590466667,0.1852060089946938,0.3333333333333333,True,5
0.071868859667242241,-0.93014982681128322,-0.36007800084574892,0.99581481407548544,0.046479126803437507,0.078692736891008336,-0.05645992453003941,-0.36422656472933285,0.92959737869011483,5.0084083000920989,2.8501201317369644,0.37936859471425732,,0.06876967582066736,0.2,False,3
-0.82274998670060961,0.51291660646600157,-0.24494696200514163,-0.49807339433626602,-0.85820789103408246,-0.12410523607480814,-0.27387105220979058,0.019893983468232956,0.96156064612860925,6.5163853509966989,1.4530544631397437,0.97848403692275687,0.3730266624335455,0.2630386187769559,0.303370786516854,True,3
-0.61188997187157323,0.74658105309388556,-0.26116545231754734,-0.77784702753451573,-0.62784543379163305,0.027642594355700233,-0.1433340994973728,0.2200609970626784,0.96489817778512554,-13.495748346909423,3.7090311646808019,-5.6050203899126982,,0.07030189299025098,0.244131455399061,False,5
0.5297813315225085,-0.7846583714867722,-0.32193629932948586,0.84125580164176605,0.53440143507307525,0.081876629119102831,0.10779803789637073,-0.31420748916530322,0.94321431116058041,-21.388059212452301,-0.8553314304089622,-7.5357020424024546,0.5473478992612373,0.5052343342696786,1.0,True,1
0.54954716276668136,0.81683021336168604,-0.1754603044411859,-0.804220430834929,0.57409431978279535,0.15376999258896909,0.22633473998211731,0.056604898486196792,0.9724034507058249,-14.350917417247858,-9.3325197452446087,-4.5216494177000479,0.660094307445377,0.4178288458311369,0.8622448979591837,True,4
0.81332462361816027,0.55685457482170508,-0.16857057606983436,-0.49304873543251038,0.81349741970548917,0.3084232361883808,0.30887861872389322,-0.16773470312564823,0.93619392663196144,-1.4841836091457834,9.8944861045293155,-2.2152433730892862,0.3734319816881246,0.3534096076665274,0.3454545454545455,True,5
-0.68406064564304703,0.67434212052950981,-0.27807146125084692,-0.69779698336720697,-0.71602165055505207,-0.019808229099146757,-0.21246270987173968,0.18048739683474463,0.9603561300360266,-4.1142886441799114,19.047942174855944,-3.5464968790263462,,0.07840743321433707,0.2857142857142857,False,2
0.75920924513532384,-0.53743205871991018,-0.36710775578994498,0.62367729468051125,0.76201011416894648,0.1742619235640061,0.18608587856430631,-0.3612580354321655,0.91370929602069928,-7.168637400333342,18.227169795039902,-4.4860670729550716,0.4365394035566866,0.2757205049519431,0.5894736842105263,True,5
-0.78883101620569174,-0.52368888071594832,-0.32170729566855066,0.55517015110140777,-0.83170385919430045,-0.0074022920333348119,-0.26368870130882593,-0.18444144549364139,0.94681023546763599,-2.9702112923054993,-5.5259189531377393,-1.3400463566556766,0.1181350062734583,0.181950324026914,0.3793103448275862,True,5
0.040833808612056724,0.9792588565980952,-0.19845576798980974,-0.99064134467513831,0.065568753928540668,0.11970991908982581,0.13023949590837677,0.19171027693488371,0.97277173243422432,-3.831724479946168,4.3049575638994737,-2.5685851508766646,,0.6784079576714268,0.7687861271676301,False,4
-0.91295804801481206,-0.18267208218242656,-0.36488150536320729,0.25154536649257631,-0.95603130355774979,-0.1507616503418048,-0.32129819663530496,-0.22942331400449673,0.91876678859768013,-8.3216366392446233,15.429104326178464,-4.679468871512876,0.4276056164105022,0.5791653335869883,0.2650602409638554,True,2
0.91759952633291053,0.24488642865641042,-0.31311618663608898,-0.21864416176891069,0.96877384783644049,0.11692716652919981,0.33197264917156621,-0.038831286459317702,0.94248941182059243,17.442437979546561,-3.2320146190228818,5.0930885906405301,,0.0955742599545146,0.28,False,5
0.93503507381652418,0.2010208591636852,-0.2920616799821929,-0.16581384098909488,0.97603446306174224,0.1409343714365657,0.31339301343420245,-0.083350711435899436,0.94595849699326617,-10.891032124676702,16.28185561306821,-5.5348895690459559,0.2574857816215154,0.2415346530412616,0.7596153846153846,True,4
0.23503325924314961,-0.90301995076154506,-0.35960302498193564,0.9719582139710562,0.21548641006774297,0.094142643739755116,-0.007523120611577172,-0.37164576629195278,0.92834413180325015,-0.89899533192057057,13.582917434180201,-2.2683653882117878,0.1679806773483592,0.1181875170470162,0.5172413793103449,True,5
0.031778882193765075,0.98454657868379736,-0.17221537982579657,-0.99545234073851885,0.046658235838417772,0.083052070092502303,0.089803897269094893,0.1687929010073444,0.98155194289696457,-25.575419503923939,4.6838912794605569,-9.2456957738416978,,0.4779936445836244,0.6111111111111112,False,1
-0.65253966723778245,0.70467644167815535,-0.27860921597286969,-0.74016994497285482,-0.67149908770939926,0.035177091470518958,-0.16229736670718078,0.22917261561813476,0.95976011430495356,4.8267394176922727,-5.3603258647361622,1.05138498702343,0.155556554214359,0.1115000615100458,0.3333333333333333,True,3
-0.76658667387552493,0.57462377064362913,-0.28662238860172384,-0.60916833952732186,-0.7919523599972722,0.041537857579284097,-0.20312263673452419,0.2064436526174856,0.95714273373408909,-9.6504168684940108,14.163038958170366,-5.0874068744427721,0.142807937751436,0.1392023124506308,0.3787878787878788,True,5
0.86737772923053447,-0.36745273946068802,-0.33561042757595638,0.4324174065395105,0.89029216778530551,0.14281121280132178,0.24631496372840259,-0.26899505616828057,0.9311125594687778,3.3487351471563453,-12.099398200558463,1.3107207653868371,0.2501126405838185,0.2306063872340093,0.5789473684210527,True,5
-0.94936057526963857,-0.035828927645185922,-0.31213904925128699,0.0244535421484759,-0.99888903538394758,0.040282989786263657,-0.31323557013866432,0.030610176960016767,0.94918201345494468,-10.21860143671843,-0.22284798603907655,-4.3143317932869927,0.5495506053264376,0.4971751769081864,0.9758971612212105,True,2
0.61789282913310106,-0.71170192129688603,-0.33419878355286275,0.77347449614053698,0.62654960953513195,0.095774686694951233,0.14122908880975815,-0.3176727278406109,0.93762379580526356,-2.4391517571369277,-11.053765471650127,-0.6000184534033508,,0.07069121354164606,0.2,False,5
-0.94474497250163503,0.19589551547229622,-0.2628343279534231,-0.20480913771205511,-0.97877918105204975,0.0066732187677810417,-0.2559495146362436,0.060135361950532894,0.96481790209373142,-23.741455159412759,10.640310192944495,-9.1866341105087663,,0.1894214899531562,0.5714285714285714,False,4
0.68024515875834002,0.67663893447405044,-0.28182667783526477,-0.6791927446360746,0.72644540455240647,0.10475824472759453,0.27561520208355111,0.12015334601463265,0.95372922458207743,6.2494515559111976,3.3840094865177739,0.6867289228739698,0.8272237593727267,0.7529648953945843,0.9512195121951219,True,5
-0.025171611975171936,-0.90919589329418671,-0.41560704706195267,0.99529968307521854,-0.061682654440368814,0.074657826190953583,-0.093514334841990801,-0.41177430439280066,0.9064750362921663,-5.7463403518727194,-12.440252332404269,-1.5467124211547114,0.436242009311551,0.3545868975520453,0.3478260869565217,True,5
0.28826047744143379,0.95650524055942876,-0.044761835614590462,-0.9412838447066616,0.29163352769478984,0.17010176136224864,0.17575727819775744,-0.00690002222048125,0.98440935024707821,-20.845687326998718,5.755318242989941,-7.8764604256509037,,0.4709435022266872,0.3870967741935484,False,4
0.67979741981280406,0.70928508632206189,-0.18652113643487911,-0.68021656654194163,0.70485203617784398,0.20121886019416532,0.27419133942877566,-0.0099132949644323287,0.96162406166089742,-8.0158596665111528,-15.680742169115724,-1.9654267187603907,,0.2777155475179801,0.2857142857142857,False,3
0.9427006654432738,-0.094029469863564405,-0.32011547005726787,0.1473171980668328,0.97817895110745678,0.14650454861216208,0.2993544696952864,-0.18526844957383548,0.93598210616761313,6.3608237261163101,-13.976176324191236,2.4913729621358796,,0.6508710717285304,0.3846153846153846,False,1
-0.54727982528772434,0.78458662475878482,-0.29139083905067492,-0.8285141075029101,-0.55717510759701094,0.055859405142881485,-0.11852917995875614,0.27199214643786646,0.95497178271110594,1.3768274942747081,-13.570172160582889,0.77373509230818416,0.1003532561371764,0.0955641856410621,0.3157894736842105,True,5
-0.16154478106125797,-0.91169235043981312,-0.37778345895684562,0.978099307430218,-0.19882415478133689,0.061568663133238208,-0.13124415612284382,-0.3595636433581898,0.92384466110844987,7.9105608023313003,-12.190042146458593,2.8049777419560211,,0.260672735241048,0.3043478260869565,False,1
0.33695292088323092,0.93059642705913614,-0.14301405194255998,-0.92707566785718909,0.35443933072006367,0.12207975633109822,0.16429678991205537,0.091449717241134904,0.98216267188338546,-20.589417451082529,8.5137916092987513,-8.044527006291684,,0.3080966564350873,0.3333333333333333,False,2
0.34907169981135094,0.93311840780800459,-0.086249553046194721,-0.91837641567886963,0.35895127106748115,0.16654952453811428,0.18636981385311918,0.021071829747176973,0.98225366910765965,-5.8563270972817936,-3.3795156480659321,-2.5078884951497233,,0.2895873949217019,0.3603603603603603,False,5
-0.21142324758157388,0.94649599042287136,-0.24381458220436469,-0.97736099464622939,-0.20266376400316471,0.060769111431741157,0.0081053393633081089,0.25114286546405795,0.96791609378101984,-23.906298248472911,4.1024736927288572,-8.7446655881768312,,0.1032018089793987,0.2083333333333333,False,1
0.50939448985825664,0.80756391212361822,-0.29725036843988001,-0.82779102980446606,0.55422799202025663,0.087139794792374756,0.23511542841189553,0.20167265728599018,0.9508148477100572,-15.335057895236059,3.5836859757950323,-6.0645864625934962,0.368146741778682,0.4117446217436392,0.9686137750653879,True,5
0.88199891348056081,-0.29610110979572779,-0.3666088506799135,0.38803980681492822,0.89775786748049269,0.20846083494006845,0.26740049541117539,-0.32612105751486775,0.90672048112924042,-14.087154578188754,22.730588463117886,-6.9747411420941896,,0.3690159057718251,0.25,False,4
-0.88513021945981518,0.17989301048802572,-0.42916546852766901,-0.14478477853708169,-0.98294243878117027,-0.11340868550024273,-0.44224638212537898,-0.038244827368937521,0.89607782623862109,6.2700002403446042,-4.342914856674132,1.3322399525531488,,0.2272774699307033,0.2222222222222222,False,2
0.70099644553495599,0.66895801328583393,-0.24718244235387718,-0.6459221506525521,0.74246667150715828,0.17756074171241626,0.30230540624299029,0.035191165961812737,0.95256129629253217,7.5384850156344303,-17.892648361035452,3.205822068411512,0.4487186227898601,0.2968386901379141,0.3333333333333333,True,4
0.031710488952604872,-0.89526706058443606,-0.44439997201045112,0.99806962812421074,0.0046086364633751587,0.061933657133641323,-0.053399085257949189,-0.44550606135321158,0.89368500434502207,3.531115749889584,-24.799567395871399,2.5415670481599668,,0.2896483092715205,0.2631578947368421,False,2
0.95307235717878558,0.14294369658665504,-0.26687109545212151,-0.080209524805133284,0.96923558007544963,0.23269899537028821,0.29192381559613761,-0.200373376280256,0.93521708494116118,7.4517946282116112,7.5145685121878385,0.89577988252305585,0.768814457340289,0.3971362095961184,0.1379310344827586,True,3
0.19145782457955363,-0.85748607456271642,-0.47755788480380856,0.980750391994891,0.14811566160330614,0.12724157885566323,-0.038374079912513501,-0.49272647860535945,0.86933770611427486,15.564675291293373,-6.0677602961156589,4.6563663140024216,,0.5877100346545684,0.6231884057971014,False,3
0.48884775349112175,-0.80403760530907187,-0.33845443290867927,0.86756339754251821,0.48874219374649186,0.092004452589796767,0.091441922284940608,-0.33860684768728283,0.93647412006318409,-4.5915426671620354,-14.909082551520848,-1.0123858621533628,,0.0693007199950098,0.2307692307692308,False,3
0.94429050964866557,-0.04936966681753651,-0.32538910458985726,0.13163376964310872,0.96281517482212531,0.23592263524678125,0.3016421457240494,-0.26561169991279809,0.91567594747947034,4.2642318864097417,-23.143452376376413,2.6391786292177031,0.3799178210352175,0.3402478634049491,0.3333333333333333,True,4
0.64146057669633627,-0.68091243890885944,-0.35339295279277033,0.75199456861284575,0.64922549118036998,0.11406327357387341,0.15176461155745294,-0.33891667433278788,0.92849501373891019,-7.2022980901212996,-9.8760967375621576,-2.2846908434518647,,0.07780416326813407,0.28,False,1
0.93521423258932956,-0.14545289585629922,-0.32282780897773922,0.22887372061857816,0.94398578435319314,0.23771339665508162,0.2701687605415552,-0.29619975358886386,0.91611928633848538,1.6977653674865103,-9.784315450947533,0.53114304472450269,0.3582382436041783,0.1640126206022936,0.2068965517241379,True,4
0.86094190797434655,0.41060845259167977,-0.30029940018880702,-0.39453680914904982,0.91161036657485806,0.11535703610850526,0.3211226203804044,0.019163460374343383,0.94684371702330228,1.3760106624103192,-21.468467765626134,1.5272842253676131,0.3184474976495729,0.3255605585439786,0.5757575757575758,True,4
0.12247267241209157,-0.88027423484498168,-0.45838599016584591,0.98593088213448743,0.054972529838687181,0.15785536613193279,-0.1137573741159334,-0.47126987218706984,0.87462218551957094,3.5372293211081884,-18.202117933252165,1.9308740477293651,,0.2454997649315807,0.3,False,2
-0.85826165508130636,-0.39060759288417024,-0.33288532529736198,0.40729729753177601,-0.91304823520813649,0.021256330977352876,-0.312243243066056,-0.11733979957602281,0.94272770649591597,4.9878661786412879,-18.937773020041881,2.5127217467451541,,0.09099685157338488,0.5,False,4
0.60250372796799134,-0.70381596959184312,-0.37634072159702048,0.7828252670443413,0.61299568894842671,0.10686854826186797,0.15547944900091429,-0.35899772461415053,0.920297112165541,11.20944499468807,9.8496467383767659,1.9948514055073556,0.1340755727478331,0.1287722028433864,0.3888888888888889,True,4
0.29130413647360731,-0.87192049407767946,-0.3935689927836058,0.95652632352359679,0.27155137792902784,0.10638252465174131,0.01411709884495059,-0.40744877119974515,0.91311894426083418,4.6056542066996622,-16.857660691260982,2.1554220714594408,,0.09458230090993307,0.3214285714285715,False,4
-0.091281187081690696,0.9895276554589908,-0.11181575902702473,-0.99461263003786393,-0.085054164883006184,0.059257954784294409,0.049126989060194734,0.11662250262229268,0.99196054902803088,7.4111222112447175,-11.163641052018429,2.5384190860485405,,0.5234387197513024,0.4444444444444444,False,1
-0.69946684109162227,0.69408593404574637,-0.170267009056806,-0.68352096434388143,-0.71928711426604053,-0.1241979812768372,-0.20867493744030952,0.029508700592790815,0.97753977263004854,0.75457648046429415,-8.9863417593621548,0.19911963564002277,0.3885557830141469,0.4153445680771143,0.6323529411764706,True,4
-0.76609010620224494,-0.54589557463723049,-0.33926976106119322,0.56882609275938389,-0.8216006567673656,0.037539805480645373,-0.29923707219381063,-0.16422661900836927,0.93993978117428034,-5.2157654437892296,-17.013082376087482,-0.99003169075561248,,0.07957483096956172,0.2173913043478261,False,2
0.10507343045955873,0.96384449703463759,-0.24487417125435246,-0.98791211617013119,0.12938712097179178,0.085373436447667067,0.11397028093197449,0.23294368088161699,0.9657888053822169,-14.888629944367519,11.795032859783788,-6.4427193778833365,0.4173077737577154,0.2113985504760077,0.4761904761904762,True,2
