axis_00,axis_01,axis_02,axis_10,axis_11,axis_12,axis_20,axis_21,axis_22,location_x,location_y,location_z,dbh,dbh_approximation,score,reconstructed,number_clusters
0.24008123743047835,0.96488967720468088,-0.10653126422650441,-0.95871864106153459,0.25289905055131207,0.13000245194368223,0.15237967946867054,0.070922359338166097,0.98577403710532641,-11.329299556162711,-0.88576461873710732,-4.2397751115523192,0.4722668386932905,0.2721510751683965,0.2857142857142857,True,4
-0.54500357560819046,0.80356684516993593,-0.23927270617001881,-0.83415114421041314,-0.54847846980199144,0.057993420110600116,-0.084634338106623824,0.23119622295206821,0.9692189305342479,13.975250081701196,-15.435420824346245,4.2586576053489731,,0.158861448879684,0.3333333333333333,False,1
-0.4738299942712712,0.84900865651894186,-0.23381496462969822,-0.87839392380105086,-0.47452156571449694,0.057038568541423362,-0.062524004656446738,0.23240822882970891,0.97060659590482712,3.6909225284238492,-3.4991745299619179,0.11937327751522993,0.2411583717523153,0.213781128980655,0.7708333333333334,True,5
-0.60262861151609559,-0.69759134649117216,-0.387562988277798,0.76273630489015021,-0.64631226000775466,-0.022666975232448108,-0.23467442507589709,-0.30926812940279214,0.92156450580032401,-5.6905371699433545,15.508236015650354,-4.7178173542703661,,0.08395320706985382,0.28125,False,5
0.62233948876720502,0.77765654084384706,-0.089128363632209329,-0.74347117807240537,0.62288363382339662,0.24344729633041751,0.24483498135806314,-0.085242496430725984,0.9658103067919982,-13.371446633380716,-8.5560289844498953,-3.7828298595677534,,0.1442118567654304,0.4444444444444444,False,2
0.93215987909117748,-0.096929551082247933,-0.34883036269756601,0.19969336343740943,0.94133157126666667,0.27206145176353708,0.30199423903739669,-0.32326387837743731,0.89682771172873621,-7.3618575203411512,14.627345697201584,-5.0754344420296302,,0.1386070899656182,0.2941176470588235,False,2
0.19365607266888818,-0.92994692586891203,-0.31256365845284145,0.98069860969411216,0.17473606028821409,0.087735660816973773,-0.026973365798501826,-0.32352128879243147,0.94583635647800413,-4.9764977120057159,-3.7917176958399219,-2.0972813314787349,,0.07414611276980304,0.3125,False,5
-0.20314153371388674,-0.90800998619615414,-0.36640330545510869,0.9668938359204734,-0.24504520139299887,0.071198028998400484,-0.15443389310433864,-0.33980982069729015,0.92772811664749766,-18.390426555006265,-18.259881488259577,-4.1560421043560938,,0.3246154032008294,0.6,False,2
-0.25428866442783854,-0.86439781316620246,-0.43376686795673114,0.9566620078386554,-0.29062382387991975,0.018319272680016742,-0.14189812508140337,-0.41030989945028074,0.90083889154025876,-9.0386559389372678,-11.413645932766196,-2.3569874215624425,,0.437342034334506,0.2291666666666667,False,2
0.23384368018397564,-0.92406436385822754,-0.30236101713895669,0.97214986057352515,0.21724673052660642,0.087911925598158497,-0.015549335191276589,-0.31449786886843917,0.94913081746001682,13.175210666011917,-9.0899348991910447,3.2403843560552041,,0.1032290224844107,0.55,False,5
0.92160953694872894,0.2999186787771016,-0.24634254103940106,-0.26718566268076738,0.95063707295420918,0.15780043467270477,0.28150965003528811,-0.079611190454942971,0.95625016355102299,5.9252538979640388,16.204154142328377,-1.7622606353298993,,0.1207377730070932,0.2173913043478261,False,5
0.85031418551988935,-0.38882809307253124,-0.35465264688315351,0.48573265649954073,0.8392135752433586,0.24450840790688602,0.20255757777369637,-0.38017534002725628,0.90246171028006172,-17.564918216220907,22.967872196643032,-8.4374189266679274,,0.3668735916505916,0.3692307692307693,False,3
-0.20713859546971286,-0.89520034545177218,-0.39460099311819052,0.96805438547813871,-0.24580881226829598,0.049484690236403353,-0.14129511323247468,-0.37174503266927073,0.91751911242346607,-14.834523650413487,28.234839519969032,-8.2090923223424834,,0.7594928017420185,0.8160919540229885,False,1
-0.87424521817639056,-0.3233272970347813,-0.36215294764491063,0.39146187877065969,-0.91068555680418173,-0.13194473880228219,-0.28714612301937903,-0.25712113024883726,0.92273280445343431,-22.892625488063661,29.220052696542261,-10.445693749364079,,0.2186991820085732,0.2,False,4
-0.32383345249543954,0.926000609988192,-0.19404835826767586,-0.94609742861778934,-0.31816113540081059,0.060606497038470292,-0.00561699276223597,0.20321506396417408,0.97911801493504613,-1.0619069383164832,-5.5741857532317738,-0.92120802871829921,0.9326999106649763,0.4488978105033661,0.3614457831325301,True,2
0.44911565643499529,0.88892503878403684,-0.090041115984657388,-0.87036811120938162,0.45804420710343779,0.18070654478683695,0.20187738391106932,-0.0027892224332889959,0.9794068317626955,6.2889842185693485,9.6962100681067938,-1.0092812188478659,,0.2557477729881545,0.2857142857142857,False,2
-0.050962230052397271,-0.90270538091460073,-0.42723043708976594,0.99437992921666141,-0.085613674628802094,0.062280455101270858,-0.092797669578251557,-0.42165542091188579,0.90199517655942374,20.454739249178274,15.81659420335321,2.3607523709732385,,0.3361131470936044,0.2352941176470588,False,5
-0.95968908955724308,0.095404045445414865,-0.26437647304070133,-0.075983265246798909,-0.99366865072596267,-0.082759627638607849,-0.27059821652632171,-0.059335324024527181,0.96086207362746923,-7.7387414600406252,17.46065573525464,-5.4041839292259937,0.4768727404664867,0.6327235747273908,0.5616438356164384,True,5
0.91299562661524913,-0.28001515069999777,-0.29669934472439824,0.33562054186000645,0.92898777792037235,0.15601461584148307,0.23194360879969411,-0.24201905679724345,0.94214061502726221,-19.160276444196551,5.7676350539809009,-7.0245976975789199,,0.5352744257137885,0.3043478260869565,False,1
-0.16524223855061582,0.98609117440065919,-0.017866123471806272,-0.98529013487098249,-0.16425354407832601,0.047160612629925922,0.043570089794513052,0.025396240407545179,0.99872752953368593,7.0394201353260906,-0.74743358973115559,0.54132922066147571,,0.3590980385287161,0.28,False,4
-0.8374314630535763,0.49279406956003524,-0.23635259612368562,-0.51036172684938097,-0.85981892049320485,0.01556700771561878,-0.19554910497178157,0.13366162114967545,0.97154264887156438,-0.043931989231127372,-10.459292933245347,0.0042135571080779118,,0.4775455103917028,0.5882352941176471,False,1
0.83653451519490629,-0.461746035877453,-0.29495864665928967,0.51082928277385986,0.85194466691584647,0.11508139890698915,0.19815006623356346,-0.24694307616352332,0.94855451524228651,-0.78114615273014198,9.7873133151714615,-2.8885675014879659,0.2487565514386686,0.2019010216251874,0.6416382252559727,True,5
0.62914835899669197,0.74560225238684397,-0.21965796959690415,-0.73951571493883417,0.66119881439444461,0.12622454278739009,0.23935089247854163,0.083026556468673102,0.96737673178068506,-3.0027363943525085,17.941351467394341,-4.3289406322051232,0.6414139268383445,0.2313984993874915,0.4081632653061225,True,5
0.063038864167008088,-0.92778161141855275,-0.36775995311905224,0.99583352052851182,0.034146023569716702,0.084555593937755427,-0.065891585170822428,-0.37155797742474905,0.92606855492220774,-14.74952279543202,22.751631573069421,-7.7156165828099743,,0.09401824433478737,0.3414634146341464,False,2
0.73551640995895839,0.62927329602722049,-0.25105921530213721,-0.62352962910402243,0.77366940761121428,0.1124564331459702,0.26500266472337008,0.073829307416174855,0.9614170900581922,7.4139993939988003,16.403962117799189,-1.3667069314434632,0.2048667191234386,0.2072031677279827,0.9038461538461539,True,5
0.44602603595169926,0.88399606943291809,-0.14004186688403694,-0.87194813807048666,0.46447412846443925,0.15482321693664866,0.20190893929845338,0.05305405935790744,0.97796628112477502,-0.73678721859359664,23.445523576354212,-4.1314209652659084,,0.1142974794032974,0.1153846153846154,False,3
-0.9329965054281335,0.27187954634020561,-0.23579447224380695,-0.26485481038619446,-0.96231843475140644,-0.061604866308567555,-0.24365847055701659,0.0049741752529854216,0.96984834242595286,0.78312298022848892,-8.1347733258581361,-0.083707560747074153,,0.09451631555038675,0.28125,False,1
0.77922419907786689,0.60885483267778306,-0.14867898404402954,-0.56546112104738477,0.78527220868022019,0.25219293974717633,0.27030236431687171,-0.11244265649386306,0.95618684410804944,10.263279311265507,2.3786068402203373,1.0635358988093235,,0.3159107870153143,0.303030303030303,False,1
-0.43297579625085802,0.86795080736946439,-0.24329684717979996,-0.90050818799266663,-0.42853185405095096,0.073793315563262338,-0.040211481185107367,0.25104152256220469,0.96714072953761498,-2.0139797498197787,-7.9190559788793555,-0.81709340917973317,0.3140939464296119,0.3451279796029177,0.7041420118343196,True,2
0.75205365114920575,-0.55725636286062363,-0.35196683344385993,0.63932594279328314,0.74659666391961932,0.18399934862812631,0.16024245587430463,-0.36339890956832016,0.91774919659999032,-9.8262520510727427,-6.7717543853435229,-3.0182922073946292,,0.09999314158331624,0.1578947368421053,False,1
-0.9649175370591615,-0.046473724564029664,-0.25840731336560263,0.086960305655214495,-0.9852275765287436,-0.14752805728962262,-0.24773383280455208,-0.1648235886408411,0.9547047358799059,4.7240232173633672,7.0115440026558407,-1.0313846106934046,0.569837892086955,0.2267197266083568,0.425,True,3
-0.6539700134071712,0.74902527442242484,-0.10622786753312849,-0.74642674500359962,-0.66171278580361292,-0.070592516935960067,-0.12316791752545073,0.033125932144370956,0.99183281691624348,11.141316997210721,-5.1573853663180911,2.2356826666909946,,0.4738547929630538,0.2307692307692308,False,1
0.40511215559389691,0.8782018836864508,-0.25425497611577819,-0.89392469290311316,0.43881077767495907,0.091344101147099815,0.19178838548812166,0.19028019572689689,0.96281392922308318,-3.7458748879486512,-0.56863789664531583,-2.1946599843829135,0.2367133354382354,0.2015088138827392,0.828693790149893,True,3
-0.96145991842967449,0.014791456147565173,-0.27454696880176832,-0.015919625797940946,-0.99987150471026243,0.0018813779232443317,-0.27448386249041684,0.0061795544719009943,0.96157184980576005,-13.559552218986358,-0.63328039478748444,-4.830096655119041,,0.06912741076426485,0.1,False,2
0.26149165001055191,-0.91607662120852829,-0.30401602104153252,0.9651547671232712,0.24493161753410128,0.092112855950474581,-0.009919298058994705,-0.31750925467975777,0.94820329081833565,8.5122410237737718,11.45378304902389,-0.61729612400631351,,0.08200007944750046,0.4137931034482759,False,5
-0.81901006383542163,-0.49114773699396647,-0.29664189822411546,0.5057375798063749,-0.86212640237820171,0.031105734101800897,-0.27102032342223265,-0.12454704640466938,0.95448206768067867,-13.527625736616555,0.18574129986430221,-4.8824657081854532,,0.100877260880321,0.1956521739130435,False,3
-0.24326340334736171,0.95882885490910363,-0.14652693808838765,-0.96989743916522908,-0.23873674600801228,0.047997120811969482,0.011039659985335432,0.1537920449802434,0.98804156431205103,22.710685488813738,12.281519120674007,3.3277762136103091,,0.3013721899638037,0.7647058823529411,False,3
0.18644774262804453,-0.86423580447907311,-0.46726193245899761,0.98223198116613553,0.15361671428417573,0.10780649454918263,-0.021390989770355993,-0.47905989119205578,0.87752153603641014,-4.5472592394692475,12.178956346143398,-4.0728534576030668,,0.08841775231590883,0.1724137931034483,False,3
-0.23285962027343285,0.94334344184246255,-0.23638855297778172,-0.97238806331218863,-0.22199273367779371,0.071976944379651256,0.015422437358727989,0.24662193115592351,0.96898904611911862,-13.862979815750995,-10.611997648680653,-3.7672816781161207,,0.07905864079031098,0.3666666666666666,False,2
-0.51314110294988047,-0.68298873918251468,-0.51981976743219382,0.8304458077943796,-0.54812393486703581,-0.099598756732294333,-0.21690082706186581,-0.48279036255476099,0.84845005571578702,-11.613381350282127,25.271274105712163,-7.1166650260032185,,0.2020384435235683,0.25,False,1
0.96127813684027275,0.027193746938459572,-0.2742350155620909,0.058873327242638024,0.95188103512514044,0.30075974848451958,0.26921789497036508,-0.30525889847232501,0.91342144157622407,-2.1168658460872578,8.6435255124770745,-3.0842873066929699,,0.2858314819532881,0.3225806451612903,False,1
0.89950868394180639,-0.31152259630565765,-0.30632956028477071,0.37337507785845159,0.91221117683899033,0.16870631311310916,0.2268814200137903,-0.26612861710271873,0.93685664880573893,-0.11216260646640941,19.303293529146114,-3.612227862656213,0.2009441849212581,0.214405095994309,0.6666666666666666,True,5
-0.83814563981552581,-0.40690197816376478,-0.36323913146113368,0.46880302176234417,-0.87780404001911772,-0.098406270697607656,-0.27881107087904305,-0.25276638916701499,0.92648450567872476,3.7141351967743486,7.3730452607541679,-1.3300335469358486,,0.08490004417223995,0.2619047619047619,False,2
-0.94971242077112994,-0.088697214224548571,-0.30029838831043276,0.13471962643502672,-0.98148346100067285,-0.13616474593427907,-0.28266046785188359,-0.16977343717715218,0.94407628925993514,-15.692599903168192,14.561446845374299,-7.0717358764619451,,0.2143461929203694,0.4,False,4
0.93959263196311493,0.23859251357168909,-0.2454369540802086,-0.19246994984623672,0.96120636811650528,0.19757944300575603,0.28305653916985241,-0.13840495063335365,0.94906431039912409,-6.0962905699054764,-8.7249753745483876,-1.8537491575510665,,0.5265180912294952,0.5714285714285714,False,2
0.013260110744917165,-0.92624781101564213,-0.37668177823165888,0.99635359656401024,-0.019514063712293521,0.08305848500541399,-0.084283332142212827,-0.37640960921071698,0.92261157916906789,0.74853173307396137,19.820977576997386,-3.4359569068296341,,0.1690585887819308,0.4444444444444444,False,5
-0.40828201450678414,-0.83676352266606169,-0.36487340786328248,0.89294341605471295,-0.44911542995560066,0.030779641004015701,-0.18962555828480029,-0.31324453341004882,0.93054823084776139,12.398485312569132,18.625025000556985,-0.15675157786919058,,0.1906336371222525,0.36,False,3
-0.1373007478626519,0.99042386876438093,0.014459073903717701,-0.98951298841657154,-0.13780636292131107,0.043283392811869929,0.044861457747862384,-0.0083645992251010215,0.99895819886947246,-1.2725257569894461,11.501848246950681,-3.2582499178105744,,0.2136705533295665,0.1604938271604938,False,1
0.92780182585522597,-0.23797254038543417,-0.28732010365132998,0.28699067724088795,0.94733367153150638,0.14211004876310374,0.23836971937837381,-0.21430815384660024,0.94723381067101697,-18.244292063712241,-5.1964789422150819,-5.445261129968209,,0.2571871564296785,0.391304347826087,False,2
0.38785362644111931,0.91338061175533125,-0.12371508608868273,-0.90228397435450314,0.4036581009670267,0.15147200119737214,0.18829018582898982,0.052877174595011761,0.98068894677534402,23.465544964811446,-8.1110712628328727,5.8980392040868557,0.7212004211654487,0.4949442285764891,0.16,True,4
-0.81120528317430318,-0.45873339328737595,-0.36264260978702956,0.51594537052952116,-0.85336250302282468,-0.074651276370695963,-0.27522057186782606,-0.2476612854639752,0.92893354148888263,0.52655953832334101,12.927656096552013,-2.8686161898413634,,0.1716153237451658,0.3333333333333333,False,1
-0.22778192468892441,0.972565972302188,-0.04723160281960806,-0.97346915929742206,-0.22637335953727966,0.033360125727823799,0.021752946507999027,0.053577342335221934,0.99832673895198998,-10.070355480013978,30.441769766060418,-7.2068422588762546,,0.2019874212710402,0.1111111111111111,False,3
-0.85144379698631878,0.47447347921600441,-0.22342421107431451,-0.48407529170322633,-0.87492563600517281,-0.013275670355207964,-0.2017785234755089,0.096850652974585005,0.97463089345784626,-19.947097994384059,31.863516617697062,-9.9019470337778568,,0.1008186606203363,0.2666666666666667,False,1
0.20451917461951222,0.96528607247406484,-0.16246447457998184,-0.9679721168547577,0.22412765199167387,0.11312283856242045,0.14560868176270875,0.13412529179947841,0.98020840533788134,-12.220070664161357,-8.233482765224629,-3.4954601481957521,,0.1600372385044238,0.5862068965517241,False,3
-0.81268146656314255,0.53858551884473671,-0.22242857908894653,-0.55415826254934353,-0.83235994917304557,0.0092485166886649706,-0.18015952362579923,0.13077673303532766,0.97490511955960835,-14.640686905396635,1.5472868850741019,-5.3753335962351789,,0.1287014892526375,0.603448275862069,False,6
0.61194973171673905,-0.66195744230556852,-0.43281620860138814,0.78348332594093517,0.58213568848247033,0.21742106192264385,0.10803427152686759,-0.47215504314929169,0.87487039691850865,-22.834527710835776,-4.5006696514421467,-6.8202954229639348,,0.4103730334359903,0.2,False,1
-0.6138812382081511,0.7875474507193938,-0.054026273621375548,-0.78765334044318025,-0.61563617115498082,-0.024378680323908275,-0.052459895775031989,0.027588360426452213,0.99824187535098596,-13.478310564886353,20.059390061071031,-7.1874798977222136,,0.2860333856556953,0.1142857142857143,False,3
0.95904028696100074,-0.016398953688703248,-0.2827946291987834,0.086752026279435818,0.96735707423199346,0.23810581023933416,0.2696586989551305,-0.2528860716829488,0.92915704852656256,5.9348436292325344,-7.1239512175959305,1.0945588148505125,,0.07873102943460689,0.2553191489361702,False,5
0.55300782308708785,0.81087138970354966,-0.19149396064814794,-0.79450668287762849,0.58243132955934251,0.17185132298159464,0.25088140319136437,0.057108105448971436,0.96633181973106996,-14.456000951713705,-4.075504833452821,-4.5952870788055815,0.8144672366020606,0.7201485911427532,0.696,True,4
0.32999738631449782,-0.80958316272986452,-0.48546557823383291,0.94352804539047208,0.29882261071901689,0.14303801901839225,0.02926691967452659,-0.50525256055499657,0.86247509962049551,-14.858397650309907,-9.1338433623999151,-4.0923394379981994,,0.325291186322298,0.2444444444444444,False,5
0.54567793284537824,0.79947505271187502,-0.25114783235564569,-0.80839327542941442,0.58115860029289124,0.093568122488964817,0.22076210237741711,0.15196815915497652,0.96341568014899481,4.7046102122044973,13.587037899098227,-1.8559032595101641,,0.1424455586677476,0.484375,False,5
-0.20399955390786784,-0.88551855719816364,-0.41742192906347708,0.96871820470668046,-0.24414156463059219,0.044496475024353999,-0.14131249723664735,-0.39528696067212998,0.90762271723846433,9.4727399188920938,-3.0657943650284847,1.423087689851257,0.3472617784138179,0.300692079988421,0.4715447154471545,True,5
0.96059781687628099,-0.036686282532857786,-0.27551034624209947,0.086546651015994,0.98145083554505286,0.1710670471067782,0.26412404549839452,-0.18817112977775377,0.94595460488742544,-2.1049410262926598,4.2968683015224807,-2.3678149835730133,0.4640497454614929,0.3706813828591748,0.9663825757575758,True,5
-0.56142032933293284,0.82509329175085933,-0.063468682981720953,-0.82340971823719011,-0.56462377013141529,-0.056537015442446811,-0.082484239247592461,0.020519700541664826,0.99638109785635121,14.802351597067046,-9.6980783030221627,3.7726863714569334,,0.2863777477627281,0.1666666666666667,False,4
0.17786948032186775,0.97825749525873695,-0.10665233677764133,-0.97586136539741963,0.18930574746469536,0.10889412060123882,0.12671639000031848,0.084708954349205418,0.98831540995693856,2.0155657306402937,24.778121146602111,-3.484826086750906,,0.2370188416248527,0.3,False,4
-0.86802968508272205,0.48279857172937629,-0.11588789820884621,-0.45020197868393752,-0.86375833286659442,-0.22636192434371122,-0.20938635152334359,-0.14431590882364531,0.96712474596411147,-11.607938759676157,0.27329344742983097,-4.360137557837465,,0.09090476962734761,0.3333333333333333,False,1
-0.13653150733988498,-0.84184969349567718,-0.52215729532846045,0.98313750896397023,-0.17987662047186312,0.03293994346900056,-0.12165437095155508,-0.50885508248307343,0.85221283671364978,-1.5667576222196775,13.221128236815868,-3.5208089777311051,,0.1074552382276899,0.2884615384615384,False,3
0.2012141476631695,-0.93211215461603214,-0.30113086523510374,0.97894216613970886,0.18054801599686957,0.09526095356067274,-0.034425312400597756,-0.31395755308106882,0.94881270687605623,-6.79753381415438,11.230851570603233,-4.5104199084746304,0.1893766711495948,0.1321148542349286,0.5348837209302325,True,5
-0.94667631631968252,0.18942411736902676,-0.26061936972980765,-0.19354605412077144,-0.98104018635643242,-0.010003883646691109,-0.25757305187786328,0.040971410919106423,0.9653898002535668,6.927648267434444,12.886019079960258,-1.1644947317468595,,0.2041494676423702,0.2982456140350877,False,5
0.18002751114438156,-0.9261491235049949,-0.33141800835514279,0.98335819434359584,0.16108217228683361,0.084019018017694527,-0.024428607174015828,-0.34102834897158446,0.93973555234930484,-4.2177347596363743,14.33246095967057,-4.2185917639251445,,0.08502543115373776,0.2602739726027397,False,5
-0.49846217474632115,-0.80349724054686278,-0.32546527430855943,0.83969425820329247,-0.54082988276970889,0.049158830780710844,-0.21552033103072057,-0.24878750438251729,0.94427525890257669,6.1611259319048894,-8.6784125206514631,1.2889054518701004,,0.07823780671012387,0.24,False,5
0.10769265370842206,-0.92901415334805448,-0.35402682838484884,0.99274507722834893,0.081334100645521573,0.088554930472919888,-0.053474330067027433,-0.36099510654741773,0.93103331254724764,6.0316058365367073,4.7256157821264191,-0.4064692066516416,0.4456990639839687,0.3810779321524914,0.6868686868686869,True,2
0.91386880553141647,-0.28448704244371992,-0.28967383202181907,0.34417478403280483,0.92129117370022717,0.18101461625522969,0.21537763187608916,-0.26512203971695936,0.93985253084926301,-14.540407986035941,9.7164717709519213,-6.2321747491292507,0.238934553443714,0.2203684000542353,0.5227272727272727,True,6
0.95475474390161441,-0.067368692876021666,-0.28966331872975953,0.14416691146525748,0.95675196718794353,0.25266890374671724,0.26011397624105215,-0.28299670051464465,0.92317581579127872,-24.596490697597194,35.68499753552873,-11.55707209715073,,0.3007384023647164,0.55,False,1
-0.72949391236843997,0.64903638816479314,-0.2158480916185869,-0.66700796976915255,-0.74491184385033293,0.014377522593605224,-0.15145626458426603,0.15446071257603455,0.97632109891607033,-17.676837055842032,-6.0619265933707176,-5.1889494160955669,,0.4647716254944285,0.4230769230769231,False,1
-0.74715940911578282,0.64624132778416021,-0.15532212860220862,-0.64541753689127168,-0.76125845764123257,-0.062623986961039754,-0.15871049254211064,0.053457524572861903,0.9858769054114126,-6.7532195018723016,13.757640912757246,-4.8208726684665324,,0.08431199969405832,0.3207547169811321,False,5
0.95147132888207331,0.14963138108778162,-0.26891031982641622,-0.075353924664341279,0.96051147159633143,0.2678423024272521,0.29836906064983204,-0.23458082343962794,0.9251744381041469,4.4725948677836618,-6.8622892753093865,0.67850017344843705,0.8202219815330141,0.4468876610533299,0.6494845360824743,True,6
0.89494171355125274,0.38156460772690304,-0.2312742516497735,-0.34905936262306553,0.9215962614407992,0.16975833488674941,0.2779152581473846,-0.071195372241158461,0.95796363618892966,19.50573061316031,14.01319092809563,2.247077387429206,,0.5048885342023656,0.4705882352941176,True,5
-0.93448191080951892,0.2378417858335907,-0.26490534777780278,-0.25687767279920315,-0.96564992694526486,0.039167330874974982,-0.24649020180740613,0.10464943144658084,0.96347863334422268,-13.177728504892109,-3.0196602736475486,-4.4142606660552977,,0.08306505098482268,0.3484848484848485,False,3
0.063814506089387268,0.99745276990166909,-0.031869744712755887,-0.99287179694676009,0.066677909570228358,0.098790946969125965,0.10066431165154698,0.025338275214250916,0.99459774188808991,9.4479645133025549,-13.074306957010162,2.7930503555486288,,0.4337525258676768,0.1904761904761905,False,4
0.43540162832019158,-0.80467516206742928,-0.40363759191616599,0.89896292814305712,0.41247229131337293,0.14741866477198901,0.047865184430708918,-0.42704155822408157,0.90296424717092849,-20.687919465925475,-10.788332393039015,-5.5653177137207237,,0.1327784032919486,0.5,False,1
-0.66573416889141224,-0.62522279350911214,-0.40730145451142608,0.70163860154173174,-0.71028869509505743,-0.056508782031855387,-0.2539710400754856,-0.32339824999035338,0.911543900591822,-5.3657247775259149,-7.2751840465989766,-1.7606991053814021,,0.434253479890695,0.7037037037037037,False,2
-0.93559502464508826,-0.19215931386067592,-0.29620389591622681,0.2089176872730415,-0.97759584969476099,-0.025685688701333614,-0.28463195499423516,-0.085913635449633097,0.95477929252785287,-3.8831615953025227,26.719033782429296,-5.2722373822501645,,0.09025845919476702,0.2272727272727273,False,1
-0.78345756950704548,-0.47843687464700868,-0.39660105113339711,0.55925183157212099,-0.82108729270301861,-0.11424993061203711,-0.27098270362763194,-0.31130983720343602,0.91085375313220784,-18.330101008164352,26.006786884999187,-8.8890852065938937,,0.07569037853290514,0.25,False,1
-0.93604079526565531,0.25220143622338193,-0.24540184425815492,-0.24820143903166514,-0.96753697429437779,-0.047626138158491815,-0.24944673832514014,0.01632908264859205,0.96825083826393088,-0.037344851339516372,7.0139769883600218,-2.3130496500431086,0.738309280967326,0.9017777901747094,0.5635245901639344,True,2
0.045989574381884099,-0.93576301397927497,-0.3496177065261391,0.99485227806383791,0.011267521434315312,0.10070743662669798,-0.090298969425826242,-0.35244946393653609,0.931464154700267,0.43865198785596016,-9.6384674057522375,-0.001987431132621887,,0.1675978847508957,0.2727272727272727,False,4
0.57888829596460933,-0.70400792075823648,-0.41141364623071958,0.80959170694616245,0.55638775169414822,0.18706666674939623,0.097209098541185437,-0.4413677800592104,0.89204533174408474,20.030161115981922,-4.3385983064410638,4.4655412518400386,0.7745136610949368,0.6260992135038447,0.4861111111111111,True,5
0.023338600235091822,-0.93123285178023252,-0.36367662215809649,0.99891434659852341,0.0070516685063635454,0.046047824388588329,-0.040316719840687507,-0.36435648716131391,0.9303864317393904,14.087982399419271,-7.9151508235292347,3.4276370532857787,,0.2780800092898134,0.4473684210526316,False,4
0.29072142390248829,-0.90231093348628022,-0.31830179546340642,0.95678248686324907,0.27657262736749499,0.089860194874138974,0.0069517275469619111,-0.33066986724247993,0.94372088690563294,3.8570800348791892,10.959457568828595,-1.8091636805406714,0.2053082299475805,0.1778103418181019,0.4318181818181818,True,5
-0.69240771998534012,0.67060960141943915,-0.26618473244865909,-0.70778507075753327,-0.70293255248770048,0.070186325348181491,-0.14004228974655242,0.23699913319923271,0.96136339016282268,-12.472763370685406,9.9520952376525234,-5.780190890415656,,0.0942213222506629,0.4285714285714285,False,5
-0.58893908510052684,-0.66693756323929343,-0.45644828927425041,0.77968340910988621,-0.61752734019887812,-0.10370036482909131,-0.2127076293877159,-0.41695835625075861,0.88368613973114074,-6.1614980623964071,21.142720715064247,-5.3987605389012749,,0.4202190238784887,0.1212121212121212,False,3
0.98395357135150585,0.041603604801911706,-0.17350651138243706,0.0034659825529632943,0.96779527816892719,0.25171469269566205,0.17839102104523089,-0.24827694138082049,0.9521214229230559,1.4973626236975268,14.53771057685168,-2.7606895628691706,,0.2276751787023442,0.1515151515151515,False,2
0.45424767124680054,0.86489973615180837,-0.21355912429908075,-0.85895105842025699,0.48879758991659572,0.1525778336798857,0.23635171335443711,0.11412871021902904,0.96494171072565937,-19.650575999072053,1.1951848743874778,-6.5953679036944273,0.4887053694037012,0.5809613258192767,0.9782608695652174,True,3
0.86249211754846855,0.44702737688665617,-0.23722114467432062,-0.41594430760797663,0.89319357385483567,0.17086711969524249,0.28826668231913388,-0.048700759113825418,0.95631090965567145,-4.2060963923321717,10.905535156259768,-3.8494666875954966,0.2842627979698255,0.2757256033753587,0.530188679245283,True,5
0.94407671189148157,-0.11841797321760344,-0.30772771354429962,0.21361808732118542,0.93059591221003657,0.29725167946911157,0.25117021087980551,-0.34636459374047451,0.90385014984210132,1.487324975203977,25.443887732117968,-3.731057215512958,,0.1666732181160387,0.2631578947368421,False,1
-0.88398966371665866,0.3898214389203945,-0.25807270332242044,-0.41418072529774258,-0.90905262556519961,0.045581254314169345,-0.21683311839740921,0.14718209711459529,0.96504965108278484,2.8632683881157162,-9.8950749681853782,0.67420009522805235,,0.0674249084279927,0.2083333333333333,False,4
-0.7689890906863488,-0.51443875710707598,-0.37948457622347542,0.58097687335940562,-0.81006209147226216,-0.079153525386521664,-0.26668642827656791,-0.28133996009403373,0.92180593175970371,2.025938538807269,17.155164774333851,-2.8995127641160527,,0.09952187750016164,0.5833333333333334,False,2
-0.29584074230486762,0.95017911333392691,-0.098172846431475835,-0.95516648029736106,-0.29550363076759845,0.0182920507193347,-0.011629708029734329,0.099182946049812343,0.99500125281530361,8.9776928342457882,5.1151384587717166,0.2819234644452312,,0.4306408372115437,0.3,False,2
0.94268692430198842,-0.094649280725232682,-0.31997324326926546,0.18677989062714662,0.94429731813500983,0.27095358905232958,0.2765043131804053,-0.3151889728737724,0.90785531676110598,-7.4380872610061584,18.461827912668753,-5.4229147113449354,,0.2187562417032268,0.3076923076923077,False,4
0.90624256936639347,0.39788651988236545,-0.14286610082205448,-0.34925559957175012,0.89505174271190324,0.27731372853892855,0.23821194687919164,-0.20141672017060833,0.95009808609413582,2.9258461859269635,8.7946270138022076,-1.7898848584337985,,0.5753888151109527,0.3840579710144927,False,3
0.2392957176026074,-0.83899013062167882,-0.4887055557863772,0.97071195916780439,0.19565623450893332,0.13941639152692464,-0.021350687709219648,-0.5077540729695863,0.86123745245846084,-8.4113792169081769,-4.4813011182575631,-2.9307368471652566,0.2233057269958643,0.3332878020701541,0.2254901960784314,True,5
-0.97160769318175977,0.097920945214035562,-0.21538333045620978,-0.082886646940582731,-0.99351885938876505,-0.077782258888479741,-0.22160391311744981,-0.057721439060691507,0.97342690591733516,-9.1105531451690354,17.120679773100754,-5.7293670669867138,0.4704099221381688,0.1606141618120121,0.3478260869565217,True,3
0.06133061872363739,-0.91034859031680426,-0.40927252450559637,0.99741994454991612,0.040570985980362212,0.0592237225326505,-0.037309642467047946,-0.41184880624422043,0.91048808414728433,-0.75684644815981439,18.034974821161924,-3.7165769184852251,,0.6469917463083927,0.2686567164179104,False,4
0.048028289698334059,-0.90247338740600846,-0.42805965520307782,0.99550895322391453,0.0082477441566384084,0.094307469308389139,-0.081579454764536305,-0.43066664572526586,0.89881646225470824,8.8940773845846159,-10.094825977777139,2.2440815720333096,,0.1751579749791378,0.2727272727272727,False,5
0.27325155879619889,-0.85662612203452226,-0.43763600476142767,0.96193528360167568,0.24155761168175013,0.12779057242525158,-0.0037544343931015245,-0.45589648746914657,0.89002488557100634,-0.82112533566235524,12.968303184592132,-3.2703808820889289,,0.07539807463498632,0.125,False,2
-0.68995505452395478,0.72093009061047897,-0.064975589179424614,-0.71355648142002592,-0.69248162474748076,-0.10633130870332311,-0.1216518415821104,-0.027000071100941353,0.99220553596531857,-16.354869044541164,-4.5747934369151171,-4.9630800036093161,,0.3314732756616697,0.2894736842105263,False,3
0.70598404863366926,0.68160029863755078,-0.19237348042808242,-0.65978901219373076,0.73169933609607851,0.17115648087343455,0.25741985638880521,0.0060921633069960235,0.96628044742869912,-12.992862041602704,-12.364077113153762,-3.3439802363348528,,0.1389501518002367,0.1875,False,1
-0.1581101430054592,0.95940517109540924,-0.23354421498761829,-0.98666142532476608,-0.14422747614679945,0.075482891441880695,0.038735183682223992,0.24236367879637824,0.9694119004558337,10.068070691934212,6.8057126219771931,0.39198938997291527,0.4501263640386121,0.3687092706788825,0.8409090909090909,True,5
-0.946767672042654,0.21473436270298443,-0.23983354362865214,-0.19880347024701958,-0.97598539022509589,-0.089048853361004071,-0.2531958834433844,-0.03662883483964946,0.96672135233769063,-16.496122437444889,3.6361025196588357,-6.0460540120832231,,0.07137286252866692,0.2173913043478261,False,1
-0.8063688774071468,-0.51558694264295801,-0.28972286434664646,0.52739686861150048,-0.84856895449344205,0.042228810647359331,-0.26762245146459956,-0.11874693278562576,0.95617853428430621,10.659473485303533,15.198677484737336,-0.29876108623423819,,0.12532156630491,0.1052631578947368,False,4
-0.87647718201985514,0.46472546741726084,-0.12576958826498025,-0.43157577771889338,-0.87418957713904222,-0.22256444304469583,-0.213377828006723,-0.14079354798878957,0.9667714721483367,10.863710544559822,-7.117757925751949,2.3750637054899362,,0.4355018957119964,0.3157894736842105,False,1
-0.8655524021178056,0.442858623026335,-0.23387021870968439,-0.4554761896016542,-0.89024796339354328,-6.6178598422242385e-05,-0.20823179366767014,0.10646503503435936,0.97226782134403578,5.4873438002818835,2.7516301729512902,-0.22502219143544336,,0.1597410168559671,0.1914893617021277,False,1
0.89123199763775374,0.40968935791259731,-0.19457686501684815,-0.34571036476547817,0.89133588924360507,0.29326553878700767,0.29358111328956599,-0.19410039299155901,0.93602092250129931,10.852508048917981,8.3359056854221283,0.32644483478919117,0.3715538249308706,0.3609619380681267,0.5555555555555556,True,5
-0.93285307412047802,0.26104978035295712,-0.2482703250121685,-0.259986013856224,-0.96487733305082191,-0.037669679636090483,-0.24938407066836948,0.029406535709042322,0.96795807809763512,-2.1015666276568332,9.9184683085711356,-3.1817331692727477,0.2745966812085002,0.1643788543016512,0.4671532846715328,True,4
0.88668356702361306,-0.29986504531700003,-0.35195625661055696,0.40697738053753352,0.86742546091452999,0.2862559719691864,0.21945765810536291,-0.39705670168661,0.89117019246867801,-16.850022303051386,1.5715102859522756,-5.9370124527128372,,0.3899071661507378,0.1764705882352941,False,2
-0.3276120429037313,-0.85551684221639213,-0.40095047328633537,0.92899969454855758,-0.36899937724445325,0.028267067797924025,-0.17213342752972322,-0.36322223538392895,0.9156635249094347,11.19031336669209,-11.774706874236232,3.0522535522214613,,0.1111363039081692,0.3,False,5
-0.96149344288096728,0.13268610696170124,-0.2406756246823758,-0.10226652305543742,-0.98558063259031026,-0.13480495141141999,-0.25509197862546673,-0.10500101752950564,0.96119866248279417,-5.8343992387183317,10.418265869920852,-4.1815583987447829,0.4163181426571552,0.4026737149494247,0.1949685534591195,True,5
-0.68458796002610645,-0.63335747407650278,-0.36082909391944207,0.68424992506758897,-0.72901080975857713,-0.018581692607014547,-0.25127945604902158,-0.25961808351225268,0.93244682726744921,-2.3807635684500816,-10.742867835312143,-0.62148389236788715,1.508482911930928,0.3302839054401729,0.5,True,5
0.30427353094334414,-0.88675119271578051,-0.3479797991039299,0.95256082468263914,0.28582452258356661,0.10455724541994937,0.0067448978643894625,-0.36328592665697618,0.93165328413835469,5.036384131798175,15.603352662218121,-1.917619000252595,,0.1219272046815783,0.4193548387096774,True,5
0.9629630382566059,0.076370131965588131,-0.25859193702659111,-0.0038239484360672853,0.96282163112615293,0.27011087363142539,0.26960631366858628,-0.25911794530509119,0.92745367865511363,9.1777858373309442,-12.004291491903839,2.552182836285168,,0.2416042963266711,0.375,False,4
0.78523364369094195,-0.51625275807086102,-0.34189357203678966,0.59438851885299038,0.78318429336591844,0.18255040750618717,0.17352352425995413,-0.34656233553165522,0.92183736858474619,-17.572827807869544,29.271951740004038,-9.014381759812661,,0.1409142330715666,0.4230769230769231,False,1
-0.42358937443842792,-0.8018261857363369,-0.42148168374246031,0.88440969833230598,-0.46671035746943812,-0.00096318560487272664,-0.19593755984655309,-0.37317048395909769,0.90683640340643101,4.4008764367738022,4.8191868604427297,-0.81991581705793926,,0.07327154327051362,0.3333333333333333,False,1
0.54318865765217206,-0.774827646946318,-0.32340098906104536,0.83593215649394781,0.53509721870460802,0.12201801618601008,0.0785080374064209,-0.33662008861953541,0.93836208576453395,-11.887741721515734,22.864422853098528,-6.995090099888194,0.6309733929706716,0.5058770254404651,0.8548387096774194,True,3
0.6858530439319096,0.70491794908451844,-0.18082114695966783,-0.68213305066382424,0.70928745131372584,0.17778023681203448,0.25357465039194693,0.0014129640316603853,0.96731478858293407,-14.431070737897906,-12.51690223743211,-3.7429470387160877,,0.18672158655849,0.2068965517241379,False,1
-0.91748597119971931,-0.26518982097729032,-0.29646897224117907,0.27720627258592256,-0.9608091556359516,0.0015648914177527479,-0.2852650961662283,-0.080747292810117555,0.95504120309707596,-13.666897752574556,25.612077011287294,-7.7017061038844457,,0.4552417629087763,0.7142857142857143,False,1
0.66905473669493909,0.70301801508936368,-0.2411046033693203,-0.69393745840579457,0.70706768202389203,0.1360371157392975,0.26611381611515805,0.076295239020348626,0.96091751642659518,6.0758106893237391,-4.9197810474575689,0.9382027585313214,,0.1379007586174744,0.2413793103448276,False,5
-0.95319239795275434,-0.065041796199801369,-0.29528599227220781,0.11082518300831171,-0.98377937536311155,-0.14105289582756259,-0.28132193532722094,-0.16717567214541282,0.94493929082585892,8.8578315534148313,-4.3142074028631292,1.446560345180715,,0.2236166412945036,0.1538461538461539,False,1
0.90270250495871696,-0.31036278404415163,-0.29799853996558701,0.3693944104363821,0.91416544766043784,0.16688110690593305,0.22062628374610255,-0.2607229882157599,0.93986571718316747,-16.905044924864534,-10.767962560943202,-4.5705735203996802,,0.1609910472158149,0.1904761904761905,False,2
-0.39751925062352972,-0.86243402012659498,-0.31334646369791164,0.89886318275255706,-0.43464189339369774,0.055958942083319266,-0.18445439565282828,-0.25941084294111694,0.94798870799652901,-2.8334891037420702,24.424526561878853,-4.7839720214655141,0.2586454275734343,0.2304820427484347,0.7096774193548387,True,2
-0.9351411782104565,0.27153154643395361,-0.22755569890984084,-0.25587048468238999,-0.96190328057178709,-0.096293166391150167,-0.24503320567539269,-0.031822918100334649,0.96899227551101819,-11.569444906374486,12.34479422252341,-5.8153051417354655,,0.1153955995204626,0.1363636363636364,False,1
-0.66754317383987138,0.72886515598059609,-0.15212394767811097,-0.73740604317795866,-0.67544960216037042,-0.00040302112106488375,-0.10304580799051349,0.11190808433164659,0.98836134187694891,-3.2643690988077232,15.234803503591488,-4.0921411003408013,,0.1740301935729962,0.3125,False,4
0.040764465473380029,-0.92936238980134711,-0.36691117014530833,0.99710006843866439,0.014219975446846729,0.07476125880362644,-0.06426283431565516,-0.36889475561604412,0.92724697217337859,-9.1530838724722461,16.158498175487701,-5.638212311251209,0.5900758254115666,0.3110516950701738,0.24,True,3
-0.51152214271434338,0.82784954842264913,-0.23023948985641754,-0.85767343311653688,-0.50822875347042784,0.078101320552145151,-0.052358185979088367,0.23742084854180676,0.96999482526386083,12.175295056756957,-6.2312379658297754,2.6434626813126711,0.1527189450889926,0.1523355325397943,0.28125,True,5
-0.81592882196054128,0.5454127389480431,-0.19179442558968632,-0.55801105472427859,-0.829708389596994,0.014410101937926245,-0.1512739908232143,0.11878102721208166,0.98132932661510774,-14.26242232048086,-1.9608620175047877,-4.7910750678592064,,0.1896002228072129,0.3555555555555556,False,4
0.74687305005569193,-0.58747137907147928,-0.31154137104462276,0.6521813099142757,0.73857592579379494,0.17077804553378484,0.12976974261748597,-0.33073097921073902,0.93476030793530063,6.8575340147774044,-10.134472198465149,1.7273307294193483,0.7867514424104813,0.3800025284006867,0.2857142857142857,True,3
-0.55598483642836882,0.80161488531805003,-0.21975995380926283,-0.82661539681248197,-0.5609557389397456,0.045118119454458552,-0.087108251126187544,0.20674195168637924,0.97451009127594157,11.236299563897195,10.022729067260686,0.21945575184013669,,0.09227354798624582,0.24,False,5
