axis_00,axis_01,axis_02,axis_10,axis_11,axis_12,axis_20,axis_21,axis_22,location_x,location_y,location_z,dbh,dbh_approximation,score,reconstructed,number_clusters
-0.58149819013738901,0.81308870000120326,-0.027324362706102751,-0.80328555942100222,-0.57915704383745981,-0.13895837002189648,-0.12881057756499897,-0.058854774689980294,0.98992118403616525,0.039293272740407101,-16.227016790392458,-0.30656861377700817,,0.5936066133314213,0.3333333333333333,False,5
0.77429112378411857,0.59779900651418472,-0.20762852270288368,-0.60076106160154663,0.7974837693135205,0.055729566164502142,0.19889545618869936,0.081584223304231443,0.97661896971917128,12.438787906512534,24.766090885281344,2.2790141636451748,0.2131223680108992,0.2436688102605642,0.6,True,4
-0.26940077773312299,0.95127664466994821,-0.14998655360488761,-0.96165226353714406,-0.27405550810648177,-0.010885885833660057,-0.05146013010743182,0.14130224266437352,0.98862810562280834,-22.589580662309238,16.066778825272298,-6.6941361205479204,0.3148268384553902,0.2278868419187094,0.4347826086956522,True,5
0.76139307050524097,-0.57757343678511608,-0.29443083620237737,0.62427288433228134,0.77568302590280791,0.092731921223051614,0.1748255075040695,-0.25441062958629301,0.95116311612648785,-7.0019879726947591,-13.11528187720093,-2.1996961937192867,,0.109725185602771,0.4,False,4
-0.62465772475888814,0.76515354388208734,-0.15602173304937608,-0.76703187009673379,-0.63867933842487123,-0.061243880715338844,-0.1465088296143108,0.081417178493548098,0.98585313606601332,-11.71154191258595,-8.3659298186253377,-3.5697683928750914,,0.08771102423302646,0.25,False,2
-0.61489021857438142,-0.69429323090102202,-0.37398787229878105,0.76229829446215702,-0.64476889800468817,-0.056341622499763079,-0.20201814116963698,-0.31973422977660648,0.92572063439653551,-8.7944310229272773,-5.8116471227754607,-2.9858441494881918,,0.2690588762670325,0.421875,False,6
0.96309069423534099,-0.00663092676654976,-0.26909542078509163,0.034632624103139498,0.99444014217606314,0.099445386904480917,0.26693987342661929,-0.10509440726826491,0.9579656932979973,1.2078771937031487,-17.982389549649071,0.047421712574646592,0.5289678306263994,0.468407634586529,0.4,True,5
-0.60306582981952783,0.7687691830224137,-0.21285099985467718,-0.78505450629229756,-0.61930063967317284,-0.012495593245486184,-0.14142498737578871,0.15956397129505903,0.97700476560265992,-11.307074129507997,-9.2884097563756942,-3.3917422667014496,0.5746997728373492,0.5071261641331263,0.9558441558441558,True,5
0.97148390245431837,-0.033342107374106776,-0.23474950723692928,0.075776283529814484,0.98180035029010071,0.17414369648265629,0.22467083060899726,-0.18696624306566118,0.95632977671270625,-2.0711135936938003,27.605245298510795,-1.4502465015806352,,0.119913343001214,0.25,False,4
-0.96948589717594236,0.072578920223664911,-0.23415677550762182,-0.069146616751857903,-0.99734487811178718,-0.022845995184221805,-0.23519319838960392,-0.0059577213221761148,0.97193038073100524,-19.767810339070632,5.0220787624903309,-6.1113636787217409,0.3071883979289216,0.2286507693814722,0.8571428571428571,True,5
-0.88108118334193486,0.43327735638389875,-0.18964883549802358,-0.42561296979575958,-0.90121757083744169,-0.081611824850904374,-0.20627541856074397,0.008810360880291801,0.97845430615780393,3.8628784434931216,13.391196237641585,0.0029025337366506468,,0.1405925489429385,0.4,False,5
-0.97090706915804481,-0.0014095013316055716,-0.2394524511566607,0.013875945690301135,-0.99863349932623002,-0.050384443577848048,-0.23905422228050396,-0.052241241652986575,0.96959988215779946,10.258951238264723,14.651341511057662,1.7482178258597068,,0.08954404686050967,0.3333333333333333,False,2
-0.90723752865644547,0.36528675247093745,-0.20853214396486061,-0.35959337064338182,-0.93077235879897791,-0.065995635348999104,-0.21820328683747345,0.015113059419677291,0.97578630911091413,2.4887010849378113,3.6525950000773655,-0.31681815001803104,,0.07396196428887437,0.1842105263157895,False,1
-0.90652884603319139,-0.32112304368380606,-0.27401722961335706,0.36002729197399408,-0.92705336663802163,-0.10465373590552168,-0.22042186902302413,-0.19352531157540792,0.95601367847747787,7.9281032312424076,28.127264304707108,1.084294313836399,,0.1411576265537308,0.2592592592592592,False,3
-0.19021232459697246,0.96208209750905149,-0.19549247868907937,-0.98142887956521996,-0.19138009083513846,0.013077277518311704,-0.024831953744577105,0.19434942367940866,0.98061800696739654,-13.61186205643941,-7.1128712865143706,-4.059236074791932,0.3072495572452774,0.2791201733010644,0.7243589743589743,True,2
0.34016002765220066,0.93995662500834609,-0.027797458347366522,-0.93531072489527856,0.34124442228219665,0.09352054403797383,0.097390982557538835,-0.0058126899288843681,0.99522922442634698,12.573181664849402,-3.2082394936632754,2.3524213738221813,,0.5663924489755681,0.4823529411764706,False,1
0.93682605510490058,-0.25514555203645617,-0.23928579095425259,0.2842465998172104,0.95396741858104994,0.095655814136743011,0.20386469279633709,-0.15762903146889062,0.96622578907273793,-13.685289933810004,-14.993274502205306,-3.7357308237797868,,0.1923275310131293,0.125,False,2
0.6266172225227391,-0.71754596717512431,-0.30410301121265337,0.76585509003086938,0.63921038522936058,0.069828822764964979,0.14428041277906162,-0.27665478200394023,0.95007646749230423,-14.136618143139813,-8.876864581687018,-4.1217566580501037,,0.1498139079494495,0.4074074074074074,False,3
0.96597173204390907,0.12062440250220802,-0.22879765386270304,-0.096541867500601036,0.98881151429660874,0.11371656437804135,0.23995474721619572,-0.087758433870677735,0.96680927621376223,-25.447541871916346,16.383056125424684,-7.4370416749895334,0.559887458196944,0.6363851033756015,0.9927536231884058,True,5
0.91050484974560542,-0.31258353708780984,-0.270688845228992,0.35125097929028926,0.93009640791633075,0.10744031612364922,0.21818264857074254,-0.19290465085842473,0.95665256365090234,-8.8684981068532185,0.84704791622362974,-3.2930718185473102,0.6104879223314107,0.5706631440257173,0.8509923664122138,True,5
-0.96340277874582292,0.18648017308872947,-0.19256227810665638,-0.13686028909880252,-0.9598603148052256,-0.24482123545519194,-0.23048719524654729,-0.20950732948231618,0.95025382489131249,15.437510392709862,12.502797794825161,3.1080061892208599,,0.4153961612733281,0.2105263157894737,False,4
-0.66177104437261847,0.73258507289680219,-0.15930535395510292,-0.73305650405932921,-0.67683055289352145,-0.067294609933962427,-0.15712175752036422,0.07224620155161561,0.9849331143154213,2.8623958697489851,10.26925641901496,-0.27385863773548008,,0.1224417022917139,0.1896551724137931,False,5
0.83393735774514222,-0.47507655632243739,-0.28080375529872242,0.51515293413051821,0.85263121216440563,0.087392622685064675,0.19790386002746019,-0.21753685130540601,0.95577810212954839,-8.3704070213140991,8.1810602303425135,-3.4166871759050004,,0.07692191362197638,0.208955223880597,False,5
0.38466523561283217,-0.82194183418188183,-0.42005270827914976,0.92040470666882701,0.37601113956970506,0.1071018153971377,0.069913034927651246,-0.4278168348034192,0.90115754638464263,-29.262957861806093,8.640164905185804,-8.2500457813382582,,0.2009506425898243,0.3888888888888889,False,2
-0.89340934252440285,0.39648211954697471,-0.21123843298427761,-0.39045355911293661,-0.91785171352945183,-0.071374015909784372,-0.22218407878638619,0.018712585352864075,0.97482515062100084,-10.069458719707123,0.6321869722378417,-3.5931111753081435,0.6485322652764618,0.2668611676798006,0.1942148760330578,True,5
0.60463756319594575,-0.72277886296152105,-0.33467018455267211,0.78458590590864197,0.61287104822936078,0.093883089487724808,0.13725295414665731,-0.31934275238103549,0.93764696612302878,-7.8947839268836608,-9.1812232297441572,-2.6510239925286117,,0.07533493192320058,0.3125,False,3
-0.88710310293398431,0.41032260414416549,-0.21138459095508152,-0.40995961802724734,-0.91085888691712236,-0.047636117716013011,-0.21208770910132935,0.044400998327187524,0.97624144298206195,6.5418210341905265,-8.4114032059821735,1.0016851242262819,,0.08246308142962963,0.4285714285714285,False,5
-0.75394825917124897,-0.60221675385378604,-0.26248238773383159,0.62596137989308376,-0.77980345775405613,-0.0088835892051626932,-0.19933482730067903,-0.17100160423992541,0.9648958897064398,-4.2664600395947936,-11.053953817039838,-1.6423779144366535,,0.09761791877580588,0.3170731707317073,False,5
0.1124967324457751,-0.88164910056517698,-0.45830050039427128,0.99354296604504067,0.10664081859950918,0.03873125909199028,0.014726160784399674,-0.45969837859301005,0.88795300602425509,-9.6584689378885589,23.88924652009911,-3.3407202946009535,0.374527650863255,0.3516718779773859,0.54,True,5
0.96644264444925065,-0.056553083436832706,-0.25058005456086674,0.077720616770710377,0.99412042773386111,0.075392843765346246,0.24484305323762134,-0.092338095692039254,0.96515571560512869,14.343862701713626,-7.7532820808726539,2.9602394806440864,0.3350403812026458,0.1951761253297331,0.5882352941176471,True,5
0.88829573359392955,0.41734103468935718,-0.19172154402476504,-0.40060406387189734,0.90823350550904802,0.12094744098188828,0.22460426017363089,-0.030632666145199189,0.97396846256780467,-15.786245185261221,-13.537995689157201,-4.2659944860225583,,0.1562700251008094,0.2727272727272727,False,1
0.52988562065703682,-0.7801986400118035,-0.3324324159053067,0.8305920475158709,0.55660245859716573,0.017622533500704429,0.17128362333947725,-0.28545364808900653,0.94296242510949346,-4.6124438620207906,9.7804646705002174,-2.2608361335862877,,0.3761813190583528,0.2337662337662338,False,5
-0.95015691160955429,0.20551039029001023,-0.23445110962296839,-0.20942664075584805,-0.97778871263218903,-0.0083495862656211787,-0.23095957538563847,0.041166891210459224,0.97209205408014276,-17.484474898135939,21.57722362630096,-5.3897922217603824,,0.1251929196038013,0.25,False,1
0.76141442609723342,0.62546293885051196,-0.17042354255061526,-0.61237089988313398,0.78021996229726753,0.12750957379417152,0.21272036270028655,0.0072747891605998705,0.97708603752961665,-13.133589261545254,-10.708489246316329,-3.7778851128022457,0.8950711929590399,0.3393388123957303,0.1666666666666667,True,3
0.96778478693502468,0.037955024715603414,-0.24890163172620258,0.0050227221598637189,0.98546520845176,0.16980310713657013,0.25172877952120026,-0.16558302760236818,0.95352759924964925,-13.507886586963695,19.961026663355586,-4.4213250280066783,,0.2031920487379589,0.1666666666666667,False,4
-0.91729124552777319,-0.242430710676143,-0.31591790294183641,0.32527381421364054,-0.91380715407124136,-0.24321478358670715,-0.22972530697556456,-0.32585861303528418,0.91708366447435097,-5.3910123689848524,-14.74788807579365,-1.7629413880233777,,0.7949923361807678,0.3673469387755102,False,2
-0.94773416952363476,-0.19370443542938284,-0.2535321194884993,0.21424938504467911,-0.97518222372678209,-0.05582859066164178,-0.23642577043402757,-0.10722976369587106,0.96571457110908521,-8.5282582068201638,-0.66592587622916211,-3.0863251702445424,0.2654345121621324,0.2266728546735818,0.6206896551724138,True,3
-0.95636408887681956,0.1792839981352472,-0.23070539117986028,-0.17393442881183502,-0.98379626535305764,-0.043493939247640626,-0.23476486956253129,-0.0014684311415535597,0.97205107876555052,-5.5901295592751401,15.77812734918497,-2.4804633269582981,0.3942627024160648,0.3507524406746505,0.8104265402843602,True,5
-0.46506623812221126,0.86087256218996211,-0.20642632057793731,-0.87856309801635457,-0.47747789927153028,-0.011905398403752624,-0.10881303673163568,0.17582174887009031,0.97838971563559651,-5.9454170379002598,-0.68606618092086191,-2.4721606421925331,0.4335159547357597,0.4256364234739823,0.9234296194406235,True,4
-0.57531103990568977,0.80326151082167996,-0.15423408376589653,-0.80319843311351946,-0.59044372698987757,-0.079047342158289333,-0.15456223473611072,0.078403765794601205,0.98486718145270935,-33.859561968303552,7.8251715789363772,-9.293105931993896,0.3800083908536381,0.3651037081896493,0.8524590163934426,True,3
0.38129086593723593,0.92200348982132052,0.067281797762387047,-0.91821022270811237,0.36926557833469043,0.14329312464827151,0.1072719090309824,-0.11641519408759535,0.98739062185054005,-13.246146066265482,-15.739475503388505,-3.6147197013808996,,0.09769894522112768,1.0,False,1
0.32936117868858389,-0.89777222876748308,-0.2924486950333901,0.94181276433417593,0.33440095924451929,0.034127926886395619,0.067156019164960432,-0.28667232812082066,0.95567203860932537,-10.668604551023313,4.0858939173007176,-3.8977668266826164,0.159543649011605,0.1470819869713733,0.6581508515815085,True,5
0.32338911020812322,0.94490075349966252,-0.050813870493863461,-0.93165642045567865,0.32733653304024235,0.15769308279345931,0.1656375489510416,-0.0036551570367414077,0.98617992384986564,10.759611639415375,4.900267989084603,1.9055677118602938,,0.4522766026567817,0.3076923076923077,False,2
0.94826103148371843,-0.17998764009658211,-0.26154438549106501,0.2155974531355353,0.9697689121530938,0.11430658433737099,0.23306384183503512,-0.16478078296290827,0.9583989457398342,-10.927773872097767,-13.988547455284291,-3.1082823206740309,0.1697455414342386,0.1287327847761972,0.53125,True,5
-0.85439923316894639,0.50003115863084746,-0.1413180482408633,-0.48435060705420496,-0.86487722814637025,-0.1318782380837458,-0.18816599003682319,-0.044229183037246614,0.98114083574241184,-3.6519738388298855,17.945072892027561,-1.9380423966536373,,0.1160955816586118,0.5333333333333333,False,5
0.96200818993499659,-0.11941379087928899,-0.24552105621683415,0.14823931018635766,0.98363292212625431,0.1024274446856904,0.22927134451009179,-0.13493191267155741,0.9639647449618326,-4.21188217134703,-6.0595208309926125,-1.8732995096998104,,0.1413200573953785,0.3389830508474576,True,4
0.69767614754552498,0.7083686296681686,-0.10706015901388366,-0.6976810979039163,0.7057540273635966,0.12309483534109635,0.16275465822403656,-0.01118648122095256,0.98660315419335254,4.6326402883952271,-7.8852197643781174,0.50400717816767415,0.5178275031732811,0.3808608953229947,0.391304347826087,True,8
0.46690948089513373,-0.75665549065993831,-0.45767674739318448,0.87837778074906403,0.45665659313388424,0.1411284175270994,0.10221551221114092,-0.467907281842805,0.877846663524953,4.1321369298543758,8.5883342084418537,0.083164099631033633,,0.1442505999592936,0.3103448275862069,False,2
-0.9520893538219416,0.20857887136087108,-0.2236531170378446,-0.20691345172335671,-0.97786396230746531,-0.031127073686275236,-0.22519477310729188,0.01664108296265461,0.97417164222891761,-29.459260887303952,11.029713758970647,-8.3086339420048869,,0.1343296424415357,0.6060606060606061,False,4
-0.4229784105780004,-0.82230233236435057,-0.38066801595754807,0.8965531195276577,-0.44072955950134901,-0.044158342892035893,-0.13146013863575701,-0.35996712290137589,0.92365680984875087,-27.675168443583566,10.529065909444967,-7.942322328084817,,0.08118838057701099,0.4761904761904762,False,2
-0.11957374427161506,0.99138667982321704,-0.053428183105581395,-0.99190749475036877,-0.12160352538642567,-0.036498006406361597,-0.042680692811999515,0.048631611968863231,0.99790446675941702,-7.569687473967158,17.536418187540342,-3.0231352306713779,,0.2434644795711153,0.21875,False,4
-0.76610735949842135,-0.55080921507260305,-0.33119287781210005,0.60794407095468861,-0.78823151933948887,-0.095368121040536782,-0.20852702537896217,-0.27440896579897822,0.938731164485199,3.2512842529841421,-8.6596881406931665,0.13094172916054547,0.6980836642776806,0.5546806189912737,0.8783783783783784,True,5
0.036012239307304697,0.99886288362938713,0.031241932201102524,-0.99882657962283972,0.034962751580371168,0.033512234196894426,0.032381822972335411,-0.032412122878856919,0.99894988454450195,-8.3069524277755562,-19.965729558676159,-2.2034999034823426,,0.5230949090462801,0.2,False,4
-0.82436952842553923,-0.50596184118144794,-0.2538060201644835,0.52396511070430929,-0.85173065672142678,-0.003930797057703727,-0.21418553491792078,-0.13622592876969941,0.96724715195381039,-9.3250893146399996,-1.7704569771882945,-3.2398485727948723,,0.1283350294197444,0.5602094240837696,False,2
-0.58783867985456462,0.80819861621229627,-0.035506101157022185,-0.79914248504182472,-0.58695531417845859,-0.12982583625320637,-0.12576555596831748,-0.047942214281330636,0.99090088758754447,-9.2001023796491666,6.9735109879047128,-3.651059687379254,,0.1148315822000019,0.3823529411764706,False,2
0.24980369928744733,0.9626342105992689,-0.10456332247126562,-0.96635266092301231,0.25468340314412757,0.036040239870740301,0.061324110668817121,0.092042059662140574,0.99386498716064597,-11.478352017202576,-1.6111319664588466,-3.7753512992015246,,0.181362829480574,0.1052631578947368,False,3
0.97017549349407906,0.057143470432494174,-0.23557193298534307,-0.014549713001894445,0.98379230140459228,0.17872049000777238,0.24196656313441908,-0.16996273557455599,0.95528260260560105,-7.22259540478841,-10.604468993437036,-2.4186618276754213,,0.4136848270989762,0.35,False,2
-0.9286932153623455,0.28924131321707114,-0.23209561492715108,-0.29574597217156062,-0.95524055994582924,-0.0070563856666864058,-0.22374814342078189,0.06208812577975472,0.97266738043018086,1.0805649468563165,10.159397160485753,-0.7293429672603351,0.2131802354255794,0.1291353403555636,0.6050420168067226,True,5
-0.71774901370487709,-0.61813240290137883,-0.32054435856686447,0.67024960095660524,-0.73807853728245532,-0.077495452902098708,-0.18868446078886938,-0.27046701330542616,0.94405813855421794,-4.570961066786623,-12.720996863910322,-1.6482175370404146,,0.1520560137653611,1.0,False,5
-0.75873352571146946,-0.52665549681151391,-0.38335026364887365,0.62009614048399275,-0.76419803151046073,-0.17743208614112987,-0.19950993338252526,-0.3723376912343882,0.90639970772719591,17.213806636703005,19.065080240037641,3.5330679117046153,,0.3206849195210816,0.3529411764705883,False,3
0.1337586487959343,0.99101262415048486,0.0016132720340008011,-0.99016596053103045,0.133576690034902,0.041576898453124608,0.040987735701641562,-0.0071586768113599819,0.99913400446004386,4.7256034807024738,-9.507792546903481,0.56835202292665432,,0.3320233210996869,0.2,False,4
-0.92854741022393594,0.31898482260784528,-0.1898641354028246,-0.2980817374997361,-0.94553945612171153,-0.13077620076372909,-0.22123965452775196,-0.064836871168327176,0.97306176340535633,-5.6078559836459352,6.7600102749142028,-2.6160130047550889,,0.1400838973173248,0.4481327800829876,False,5
-0.51561957312415241,0.84196265996076791,-0.15885633460160059,-0.84934442579221414,-0.52669461248468952,-0.034739481218017475,-0.11291812160570731,0.1170113858194636,0.98669034321900995,-6.3495281999526885,23.333559998999238,-2.6018425132815213,0.4713024036031552,0.3919570905135711,0.2758620689655172,True,5
0.1405197247945911,0.98987654786163204,0.019965643921260379,-0.98896563509873592,0.13937773217897628,0.05020777197207197,0.046916729824300403,-0.026800518020809572,0.99853920939360707,-4.9927612137957693,-10.014411302561092,-1.84411696816867,,0.1568349637979037,0.325,False,4
-0.2518011404983625,-0.89741863890331675,-0.36226505792394903,0.96473591103735157,-0.26242172408099385,-0.020480739373606071,-0.076686423822308711,-0.3546471842257839,0.93185007759943206,3.2714914412263663,-10.286735404735309,0.19627983639823393,,0.08676290693049221,0.3181818181818182,False,4
0.56363105384213252,-0.69916479500766782,-0.43987341879987818,0.79656954802786273,0.60099712144697071,0.065417239066944494,0.21862522795755671,-0.38726095779763436,0.89567402567349519,-16.315343019423313,-6.6056587852429054,-4.6761944505993505,,0.4372683511066645,0.1923076923076923,False,2
-0.81858129469643337,-0.4781329219310213,-0.31829793109414878,0.5311204350886598,-0.84107608994384675,-0.1024797265609302,-0.21871384822261297,-0.25294252289892727,0.94243532017066389,-23.396101348734916,11.317398170097169,-6.9398414403329225,,0.2072541441215604,0.375,False,4
-0.79398914980910573,-0.47151813939921206,-0.38373411915402889,0.57249465551485845,-0.79228731154122956,-0.21102294988387876,-0.20452652491140769,-0.38723566492289385,0.89900914367952189,-6.3892496908706411,12.062314165490719,-2.7542416035091795,,0.09750167474558497,0.2352941176470588,False,4
-0.8769996329865255,-0.3786640324668738,-0.29577896182356495,0.42768927896046838,-0.89574064253176844,-0.12136960895977553,-0.21898293176358335,-0.23294259342743767,0.94751476176549609,7.3800743414334553,17.954698305228124,0.94983549936297873,,0.1112097080659073,0.4375,False,5
0.16115356742530049,-0.9436872434000031,-0.28893583085211583,0.98633791316338293,0.16413415005210821,0.014053534899613163,0.034162095407070034,-0.28725314172481275,0.95724531015128145,0.28170526885836977,-14.542080644974615,-0.34062727620965305,,0.1081691058174736,0.125,False,5
-0.96213850185661576,-0.11553281350675017,-0.24686367138224471,0.1323682467570558,-0.98980027030464546,-0.052669461315959877,-0.23826067761082531,-0.083352227973010312,0.96761782517498363,-8.6392481689602185,-14.896188696667013,-2.5652263881499544,0.1775688657859892,0.1507016497144923,0.6129032258064516,True,3
-0.88887086728754183,0.40027543971781582,-0.22290839743312327,-0.4048293206321536,-0.91399485709342498,-0.026955933730432206,-0.21452692708376486,0.066279510902538641,0.97446663564768499,7.5256255564743446,23.02198735595589,0.97174626413441068,,0.1705231504766468,0.5925925925925926,False,4
-0.29820385008175032,0.94887689906788875,-0.10347508981261,-0.95447470364870568,-0.29561490143535579,0.039873175746101358,0.0072459568819803338,0.11065469020638782,0.99383249878648638,-35.017847551451212,22.003730995907112,-9.6994599653376845,,0.1573056405648757,0.25,False,2
-0.8487853241533263,0.49147062101674005,-0.19498744108109403,-0.48859456774494392,-0.87000986681697579,-0.066016513170868193,-0.20208617437139195,0.039235956959502202,0.97858148245785215,-6.6100736220529281,-4.1410110638345392,-2.4914304172491621,,0.08182845472853284,0.310077519379845,False,5
0.74769993471513285,-0.59077383623282065,-0.30320138860127682,0.64144885615936342,0.76065732242323503,0.099718617999644155,0.17172120590896905,-0.26904778807243684,0.94769463181686242,-37.579689261379578,10.873440430763925,-10.161315917520422,,0.1956897197737514,0.375,False,3
-0.94030855851871409,0.30640290393967656,-0.14811169850417621,-0.25402160631702836,-0.92152814215901957,-0.29369866654968446,-0.2264792226686044,-0.23854379821382807,0.9443537568269349,3.1071534343773388,0.21052206403448043,-0.12701892253221586,,0.6806398263855318,0.2780269058295964,False,4
0.61657841856384632,-0.68915992771176515,-0.38064372817323688,0.77483613870781787,0.61685152275171995,0.13828650343126034,0.13949914664135274,-0.38020099015546949,0.91432335372729878,-5.4454541175258413,-11.372658513314208,-1.9537138453745981,,0.09434884191774827,0.25,False,5
0.41373640864261424,-0.8049521351887281,-0.42529312740581426,0.90624866005367544,0.40869309018098887,0.10808942681516318,0.086807547566027932,-0.43014185810430083,0.89857800529066467,-19.420466730532542,17.913246333890651,-5.9277536534122319,,0.5205304037227229,0.44,False,3
-0.44626137135411653,0.88655130520829928,-0.12197365154246899,-0.88963767236263835,-0.4542588679445162,-0.046836874436205725,-0.096930905032036302,0.08761086763197197,0.99142762495425907,-0.13062477353654856,-0.64649594294259427,-0.98820481375217084,,0.206075748345179,0.4086956521739131,False,4
-0.82180401928299229,0.5650987043932314,-0.072812143104096283,-0.53550756018682144,-0.80969928787849577,-0.24003898889933592,-0.1946016620511698,-0.15827355275645155,0.96802875764347707,-17.481389855975575,-11.358838158333233,-4.7820318502194805,,0.7957874376311651,0.6153846153846154,False,1
-0.25837817294979043,0.94700964567026713,-0.19082308757224287,-0.9648327062881169,-0.26285782043764938,0.0019013446602523885,-0.048358749155419788,0.18460362196404528,0.98162260270323809,-0.048819428900644141,6.6569412074797896,-1.0869082469018525,,0.07880860380549652,0.2666666666666667,False,5
0.94054344076071383,0.25997549155096694,-0.21861102404689009,-0.2429297486501433,0.96466405798941657,0.10202152931694916,0.23740929481125034,-0.042848559091572008,0.97046423309723251,-15.17932203457165,2.1859811923873766,-4.8276162197365746,0.4051147436829951,0.3561749424832205,0.8199233716475096,True,5
-0.067072147537185406,-0.93402217867659565,-0.35086164903702022,0.9977459759059718,-0.062057739066576419,-0.025530463869380283,0.0020723388214945147,-0.35178318146575999,0.93607921601199873,-7.5647869666367047,34.252606769638618,-2.7721161440306403,,0.409612005285895,0.3157894736842105,False,3
0.069629419818467195,-0.9031213614561211,-0.4237021953889164,0.99757241993247847,0.062608701822553264,0.030486348521186157,-0.001005428169613614,-0.42479637114473856,0.90528836962398829,-10.600008484345114,-15.260863436301088,-2.9960209777053524,,0.2785755366876258,0.1875,False,2
-0.47731671548012305,0.85841480961861782,-0.18786369460515101,-0.87237844505542217,-0.48857094281197272,-0.015946235997931178,-0.10547322753167687,0.15627683279120511,0.98206565452967476,-1.9126373306521482,-9.1473787277974949,-1.1840877871834961,0.4634670082661355,0.4181467990315347,0.3083333333333333,True,5
0.73288355099485925,0.65858016722168267,-0.17074502635047806,-0.65328328611713637,0.75128944496636396,0.093728960103737144,0.1900069702962516,0.042852458790514983,0.9808470920660598,-12.202568045701438,-13.800113127678895,-3.4101458187712654,0.7390871984130046,0.8913465139045399,0.6847826086956522,True,1
-0.85229564390362833,-0.43652375552033312,-0.28816513711641656,0.47331483524493245,-0.87813346954155003,-0.069675507949217008,-0.22263243725917647,-0.19577696630948044,0.95504250028084836,11.503164094429934,20.110938904534812,2.0133497706302235,,0.2724154811733813,0.7,False,5
-0.87436041008252208,0.45106782906700515,-0.17897398375490831,-0.43887267450505163,-0.89239088065759653,-0.10502043463984276,-0.20708609043850829,-0.013278919381397358,0.97823260089150343,0.34912329780506851,2.836106646575018,-0.9052941583840235,,0.07374851529444268,0.1857142857142857,False,5
-0.86819837188922211,-0.42201303168195592,-0.2610298606280666,0.45444410651393025,-0.88746545092221363,-0.07671784325818172,-0.1992790533489634,-0.18522978839818341,0.96227739471854179,-10.270984163713027,6.7467853812627201,-3.9840394151035441,0.2613716376039505,0.2185221847363703,0.4146341463414634,True,5
0.14153502672740045,0.97692161676690925,-0.15997496961338509,-0.98870736684606197,0.1475415813562595,0.026253085822852178,0.049250167041359566,0.1544526997641146,0.9867719009892687,-1.9817692464422656,17.434193935330452,-1.5422054891655332,,0.1673559884583531,0.3684210526315789,False,1
0.96088073493533643,0.14262356127998457,-0.23741679173542332,-0.13529340397237635,0.98969142119277931,0.046974308499254755,0.24166900519448967,-0.013015782159756996,0.97027144724714787,15.4766966481164,-7.5169197396396399,3.2841061265937603,,0.08787908606187175,0.2941176470588235,False,4
0.96573902046346194,-0.097697618519623747,-0.24042320954905411,0.11494379622858762,0.99163301573458329,0.058752751541505187,0.23267158843063582,-0.084374981130255891,0.96888843242988254,5.3830903994409969,18.78912953379189,0.39948390038910531,0.3361558669820226,0.2944718349741431,0.7938144329896907,True,5
0.95868259723858129,0.13327314313203859,-0.25132836503585265,-0.11030764742747394,0.98850279855900436,0.10341392633505186,0.262221091201497,-0.071417690810628612,0.96236147718431309,-6.9047312436141999,-16.131120693347647,-2.0429328574032737,,0.1081048614230779,0.2631578947368421,False,2
0.75121221106468006,0.62531763915639893,-0.21132454686377855,-0.63119834348698356,0.77419068724672324,0.047089605644275431,0.1930514571988553,0.09801341714435452,0.97628095594100595,9.5982288427918281,-14.764150344713283,2.0010271642460959,0.3885765162913845,0.4150635842420062,0.717391304347826,True,5
0.94636682057631261,0.23789153469777208,-0.21862629903884068,-0.21762884554343645,0.96948394890152223,0.11286522232176802,0.23880436867803093,-0.059232512537033218,0.96925950238253422,-7.8878726984570724,38.830236738092054,-2.8361273354343774,,0.3413672091513924,0.64,False,2
-0.20352599961199552,0.95617666836455228,-0.21048360115981346,-0.97841787775355926,-0.20647726406802069,0.0080991305216131272,-0.035715878459857041,0.20758930198411063,0.9775638381853079,-1.1208438417641582,2.2001399502480812,-1.3409878572300109,0.3622889507785396,0.2417239357335633,0.7679127725856698,True,5
-0.33744833292075072,0.93685274981734423,-0.091845238138320018,-0.93814588924104125,-0.34273314058074783,-0.049155720397437125,-0.077530078738124619,0.069576716704195879,0.99455928299097485,8.8304928727770218,-8.1473529289402009,1.53217245787412,,0.2199215408270336,0.4444444444444444,False,5
0.74847859175024589,-0.55374144650839918,-0.36489753097322331,0.64883165765856798,0.72523959544922578,0.23031502168264723,0.13710316448427939,-0.40914293298483029,0.90211129173565241,-5.0295855717687745,-6.9832456214322915,-2.0253769103422412,,0.4767085725458619,0.4313725490196079,False,5
-0.96368176019612184,0.11287014752732527,-0.24202850010373453,-0.11592050763307798,-0.9932571286372669,-0.0016469126694265424,-0.24058242033738272,0.026468966893535159,0.97026774285049522,7.7493316528966361,1.4807953907634814,1.0770755027473347,0.1215891297206499,0.08559918314775218,0.25,True,5
0.95588524834189237,-0.14999051662625568,-0.25255937306809151,0.17616291470213985,0.98074526818529895,0.084293216902618609,0.2350532269210637,-0.12506623786751678,0.96390270082600149,0.83194672763374655,-7.3770960272996025,-0.54007974610010856,,0.2593940248794225,0.7017543859649122,False,5
-0.017620596526919257,0.99669580476553932,-0.079290524911926785,-0.99979257188445836,-0.01675405246192262,0.011580800091649102,0.010214097253067274,0.079478138433637963,0.99678427843161121,-16.750815638321281,-1.3706934367332142,-5.0210262834663828,,0.1317134829208198,0.1904761904761905,False,1
0.88971816083361499,0.4265515680407217,-0.16265101931697104,-0.39472967375345885,0.89780558036371161,0.19527832579747625,0.22932526886790308,-0.10953948908854265,0.96716649103909891,-8.4932360113204002,-12.166392695792879,-2.599552710870785,,0.3881070981924233,0.3333333333333333,False,4
0.65715219164646432,0.74168033530935418,-0.1343922513750459,-0.73549972715277256,0.66996483171351373,0.10093203468315015,0.16489738740333704,0.032517756418424082,0.98577454174119683,2.4968086861845857,-5.9895376978669903,-0.1310696179312773,0.3034571471872187,0.1530890249021698,0.3035714285714285,True,5
0.94276294795685323,0.27848723189862051,-0.18341997063882279,-0.23279124835170889,0.94347062386667757,0.23594791075886587,0.23875983466771736,-0.17974438397364373,0.9542985370309327,14.561301042301912,-12.952424213759894,3.2712074388769805,,0.1911849336815594,0.1,False,4
0.92752759125183237,-0.20498298517028579,-0.31252926784103169,0.28609330390227899,0.9274607055710653,0.24076391150647844,0.24050610996157931,-0.31272770170277442,0.91888965369017428,9.8680405109062814,1.8887545697474841,1.5887562727618765,,0.339282379714778,0.2,False,5
-0.6119940374979117,0.76055481323980367,-0.21684020412453756,-0.77848132742913556,-0.62765284370348862,-0.0043278903745592005,-0.13939196860355624,0.16615740684269997,0.97619751855868486,-16.44567532519056,-0.16453419565567848,-4.9970467221392205,,0.07724271578068986,0.3333333333333333,False,1
0.73772831900196068,-0.59031640204402436,-0.32754155892090686,0.65256722186505756,0.74785046990260207,0.1219659608816181,0.17295360155215214,-0.30372062844702152,0.93693160452931912,3.2383115535989173,-4.2398917896579444,-0.038130183283165447,,0.0806179886035293,0.5,False,5
-0.96239667208608859,-0.069476363077992931,-0.26261317661358252,0.11890688317917303,-0.97694755518510623,-0.17729813183014215,-0.24424127147195318,-0.20185764635331216,0.94847229370101516,-0.74653667242304567,-8.0031509043119016,-0.91946692706487509,,0.1357696986688818,0.2903225806451613,False,5
-0.3209113278566279,-0.80862053290706715,-0.49310115941294114,0.9425562470095229,-0.32365879672033326,-0.082660174986925961,-0.092755813168874213,-0.49130216472822191,0.86603610897972616,-17.954810691933378,-4.7147432704114376,-5.1736553857948708,,0.7168641973264646,0.2608695652173913,False,1
0.40646831975063247,0.91109108010120654,0.068531370912278233,-0.90661223063973817,0.39289292088862321,0.15391366401345297,0.11330387589812443,-0.12469240744979129,0.98570484184203899,1.858418281870327,2.779580176257495,-0.47491622743053175,,0.4669766904524085,0.2019230769230769,False,1
-0.46385610513517522,-0.80976284619239269,-0.35933500616447106,0.8765087633329397,-0.4784220313533688,-0.053336176430981888,-0.12872412955381013,-0.33970059293753252,0.93168321098348805,10.921301394138963,9.8892022958231021,1.9361623427617218,,0.5480110460023548,0.5423728813559322,False,2
0.0038829126631887236,0.98037044194073353,-0.19712615138073647,-0.99989670824780974,0.0065342695509163998,0.012801412290455911,0.013838201633316291,0.19705608310926853,0.98029454975797381,-2.1482599699442391,-0.36482678979706151,-1.478976583838848,,0.07350724660332646,0.23,False,2
-0.8660263204380656,0.4431528085133748,-0.23154697280511866,-0.45530129815816545,-0.89033675671575541,-0.0010897414188954062,-0.20663770276499732,0.10447989255152901,0.97282311436788271,-13.70664558754301,-0.95328955867364218,-4.3421067822670327,0.5826104488148977,0.4576705691152967,0.986734693877551,True,2
-0.85373602414678629,-0.45412239811042798,-0.25476979532211508,0.48802909545770101,-0.86843908241777656,-0.087413741002823092,-0.18155550958529654,-0.19896333246054249,0.96304267261394971,6.3642765581430467,12.942832803284752,0.65654081049286728,,0.1395139338446565,0.1111111111111111,False,2
0.8237813831714017,0.52902198355952668,-0.20376450537558283,-0.52877607464236742,0.84661785978656667,0.060283184854671913,0.20440179946864853,0.058085629902385347,0.97716219941871529,-11.006449530242312,-16.581317977318214,-3.0129027186340878,,0.6072907028462727,0.7777777777777778,False,3
0.81753277486936526,0.55023737704341436,-0.16993819735062299,-0.53548081357016841,0.83490664124099445,0.12724464118347606,0.21189728717618428,-0.013028020420024503,0.97720510148653483,3.1621791838496973,28.099936799866963,-0.06658388374177121,0.3391697723447324,0.1793879017667074,0.4137931034482759,True,3
0.17126665060161081,-0.93665137733422688,-0.30553548358513449,0.98483071689208834,0.17152731028517609,0.026207649496836852,0.027860248698133749,-0.30538922568458304,0.95181995533727359,-4.7013809364415362,6.7393249831220858,-2.3335696247924762,,0.07315707316370038,0.2467532467532468,False,5
0.85946110325850489,-0.37507782707978271,-0.3473373513153819,0.46875006861971596,0.84932685010083975,0.24272880930536378,0.20396074415114307,-0.37143037750148644,0.90578114879611926,3.7088008784752917,-6.8570443487120816,0.21723744322458066,,0.09010031653202888,0.4761904761904762,False,5
0.08855197665788099,0.98693650688853396,-0.1345915257385909,-0.99521382573558514,0.093270641281615829,0.029155248921205492,0.041327817444469728,0.13136559231996719,0.99047215642828723,13.231399693958069,23.269576408458828,2.489315048151401,0.6298960521585217,0.6073014395024385,0.1621621621621622,True,5
-0.47297428002302228,0.88071804038679946,0.025120982742323217,-0.8749465027873693,-0.46613546615247431,-0.13109669887135963,-0.10374944673036104,-0.083984882759053775,0.99105125587483733,-6.6274678229609316,18.611255309999564,-2.7302679475556362,,0.6993674172477723,0.2857142857142857,False,1
-0.56284156522703466,-0.77297087050963176,-0.2927890124242426,0.81643621279638268,-0.57518085690335097,-0.050979331955467694,-0.12900109645844446,-0.26773683944408572,0.95481710390891616,4.974811509622886,-10.984942102919357,0.6853887400085239,,0.499005849840994,0.5818181818181818,False,4
-0.88413225245178573,0.44382757397116357,-0.14603850436580904,-0.41653338005428436,-0.89030512968565689,-0.18400195476124104,-0.21168397075613446,-0.10185215087702484,0.9720164792258611,-9.1233728118546722,-3.3819189570288692,-3.1640370454103319,0.6092514959905818,0.4364715549658278,0.4105960264900662,True,1
0.68838960887793943,-0.66314796109885243,-0.29386140964630475,0.70208528032705819,0.71095170542921104,0.040298035874877791,0.18219771002115873,-0.23405651932328667,0.95499818859792285,9.1541402759285422,3.8029604091995171,1.4568644326080835,0.5135031325041544,0.449175127168563,0.917910447761194,True,5
-0.43133313134156176,-0.77370036899076466,-0.46404683904821276,0.88722717268926954,-0.45706234841880516,-0.062625503588332299,-0.16364496279717428,-0.43872741956873579,0.88359412485013178,-16.111640066960394,9.8282192001175837,-5.2711559337571341,,0.3619360519993014,0.3235294117647059,False,2
0.43946134918971358,-0.81353503977408581,-0.38083390293950065,0.89347626373768851,0.4395936506299109,0.091965148089960577,0.092595295267616423,-0.38068118076107238,0.92005866655809421,-6.2733147248925745,3.4309520210497024,-2.6864369612745072,,0.2436007288751325,0.4918032786885246,False,5
0.71782002205904183,-0.64670071887552183,-0.25790036087031593,0.67736844451018186,0.7343292778549575,0.043960232789107566,0.16095467160978091,-0.2062491015517384,0.96517091843677472,-1.5497445003097505,12.26505844260473,-1.5022499260468192,0.1592825976574762,0.1283728614541917,0.391304347826087,True,5
0.87782466789946989,-0.40081846217476969,-0.2622373215372642,0.43018821721694284,0.90049118920231364,0.063668798769188489,0.21062276751313949,-0.16870144797498299,0.96290075877852033,-0.19352475217659929,-11.696800361302904,-0.58771938009052416,,0.2143185492006281,0.3684210526315789,False,7
-0.88051559319839479,0.42559576843908536,-0.20871160011178772,-0.41485237747747716,-0.90490881439005144,-0.095065990451240812,-0.22932464986512704,0.0028774165383364247,0.97334573787442102,-19.85171281937917,14.675484155796537,-6.0482560084720962,0.1798553392323543,0.1571598914482595,0.2105263157894737,True,4
0.0031097470134992407,-0.96362805951131969,-0.26722891384721259,0.99990111760615641,-0.000668544750120038,0.014046638668266487,-0.013714389649991193,-0.26724617110515547,0.96353069465698005,-10.944384592605365,-2.8220404070932976,-3.6118346103234655,,0.0711303740493501,0.2840909090909091,False,3
-0.81037723705318443,-0.5195080936790869,-0.2709244807468833,0.55505587783093213,-0.82877268517253855,-0.071054970250038901,-0.18762117724654823,-0.20795955595697346,0.95997453973258995,-6.6113180565473684,26.507359185255897,-2.605104199662319,,0.4775013167475609,0.4594594594594595,False,4
-0.22708457934158666,-0.92206846755825134,-0.3134044271544858,0.97135353039166739,-0.23759054995712561,-0.0048009964292118259,-0.070035082786396294,-0.30551672901143617,0.94960761131809279,-9.9251042560246301,-9.9393020421603335,-3.0511399965759831,,0.06522313282847422,0.2608695652173913,False,2
-0.85807995737770903,-0.44013633284979642,-0.26453505486457374,0.46420718307410008,-0.88510755646398975,-0.033110491883313373,-0.21956884553387571,-0.15121052210702463,0.96380750156607675,-13.812477549481828,6.7073817925810442,-4.78957665009258,,0.08494387985442146,0.4708994708994709,False,5
-0.94338027507389399,0.26066158461681893,-0.20515651319554323,-0.2426417144471292,-0.96397048802140706,-0.10902245930966645,-0.22618279114835843,-0.05307010956102378,0.97263811793468125,-23.339378008487376,13.358757425231174,-6.8942931208883431,,0.1173977160527775,0.2,False,2
0.48685322804049319,0.87338079209731256,-0.013413662513352909,-0.86338003872669855,0.48349391889357812,0.14425165205713933,0.13247204639030727,-0.058648293993946859,0.98945011725541954,-8.4511761113378565,-13.699417313631443,-2.4899118125905084,,0.3467829530496726,0.1875,False,1
-0.95286883658704336,-0.17957949152414426,-0.24452440877177142,0.19616040028960707,-0.97953745835573514,-0.045027380961004448,-0.23143482369659871,-0.090871194016124035,0.96859710327803894,5.8920965552339357,-6.653112992926439,0.76310657623209133,,0.08548149736401082,0.5,False,5
-0.31276537269714472,-0.85387302938934262,-0.41602724829400739,0.94464688844083844,-0.32533051085761822,-0.0424536790415668,-0.099096305686233066,-0.40627688635533865,0.90836061881433006,-30.711345078336713,8.715079684665513,-8.575956177875625,,0.2417816138945027,0.3076923076923077,False,3
