axis_00,axis_01,axis_02,axis_10,axis_11,axis_12,axis_20,axis_21,axis_22,location_x,location_y,location_z,dbh,dbh_approximation,score,reconstructed,number_clusters
0.14930571389839742,-0.95314579675121813,-0.26309863916937304,0.98338159224005517,0.11534137956529483,0.14020346002644957,-0.10328817861064052,-0.27965953639284424,0.95452715826415113,-5.7195304667702302,-12.868504354512465,-0.23189953079891523,,0.2345575563348163,0.1785714285714286,False,5
0.79364157859238404,0.60345553290862397,-0.077294660432396772,-0.58590106567217792,0.79233741231132671,0.17006283043627762,0.16386880720136063,-0.089681909289225759,0.98239715450150011,7.0741485162792141,7.2696703317333835,-1.6341144767253939,0.1916111503914207,0.1225528427491814,0.4705882352941176,True,5
0.24774659036996285,0.96806529564629762,-0.038356359646170596,-0.95378787067443904,0.25065834301274764,0.16570785386464035,0.17003036409529643,-0.0044697251987447228,0.98542868683749552,-8.1155730119443312,-12.892365794791042,-0.49980021612260622,,0.4178065474640175,0.1,False,2
-0.90095196092332397,0.42542991713407918,-0.085410477786437289,-0.4291391830646889,-0.90273119036403715,0.030264822855895414,-0.064227141202050586,0.06392013416145248,0.99588608323532291,-13.197899919824426,-11.251278511933602,-1.3643944890316246,,0.134381233815158,0.3461538461538461,False,4
-0.93467027307991646,-0.28510533165365187,-0.21238274525812101,0.30232217319035176,-0.9517392449106159,-0.052855589055783136,-0.18706358335650958,-0.1136105609511367,0.97575604339516675,2.9298894051372861,-7.1690651169407067,-0.070151727289371565,,0.1954372566755593,0.1627906976744186,False,2
0.37325339117673639,-0.91537848012187895,-0.15087791125551109,0.92627082463531207,0.35858913087946598,0.11591460065293299,-0.052002551903593416,-0.18301932505849994,0.98173298877579029,9.1936002838858943,5.3204650617938825,-1.0521549542784789,,0.07947674104828002,0.5625,False,4
0.45818259755409962,-0.8703782044049202,-0.18030665155630188,0.88879215676036316,0.44615268242862088,0.10486317772701781,-0.01082632808666896,-0.20830162087370696,0.97800471643113585,18.913928180392794,23.417435152582865,-2.5071396739406042,0.5430162078118254,0.4369035353989593,0.8181818181818182,True,5
0.023379026192877565,0.999694207833975,0.0080567957323899875,-0.9849523377960363,0.02165239338722931,0.17146447483582933,0.17123759343203465,-0.011944232240097608,0.98515735895936918,-13.187459833759013,13.259221946081944,-5.0702879934211289,0.3692321675995172,0.2407181653646346,0.1846153846153846,True,5
-0.97297645186116488,0.20341734139649251,-0.10926211302570177,-0.20888529859456906,-0.97707795398300679,0.041056106384294605,-0.098406077834227973,0.062769873821472713,0.99316473295507224,-10.648351810664755,12.447046619155763,-4.6415923319431318,,0.07366807450249324,0.3055555555555556,False,4
-0.65998671592926772,0.74891068819900608,-0.059584527338849044,-0.75119129212088742,-0.6566325676199104,0.067418942313253127,0.011365625308540253,0.089254984410830907,0.99594395942702052,6.6793523480784547,-8.8210816648227102,0.54992977946458366,0.3188546458912216,0.1215810081815623,0.103448275862069,True,3
0.64013116669557901,0.76785399102701402,-0.025146329530217171,-0.74660711386544054,0.62946872194671721,0.2152834076659928,0.18113505168926514,-0.11903519040456721,0.97622779948886662,7.699677436535711,-10.124426820845358,0.91267350605462916,,0.3131001557229328,0.7142857142857143,False,5
-0.91601087046892316,0.38735045344946994,-0.10432502765518743,-0.39463685242482832,-0.91680923920895652,0.061012897073635004,-0.072012775887267413,0.097058977501227536,0.99266999299637615,-0.16350956564179439,-5.9674539144419896,-0.57624543468806022,,0.06976732594168936,0.2571428571428571,False,4
-0.84593391180256661,0.51220966945915181,-0.14844888472115339,-0.50102838764246738,-0.85869660672716874,-0.10775292279857501,-0.18266464255240261,-0.016774746131996532,0.98303216440430385,-11.871916312785,15.70134100871886,-5.2477453780602898,,0.7356773109716911,0.4347826086956522,False,2
0.44657300416187568,-0.87641380804092028,-0.18019819374525292,0.89380195940699814,0.4277057123032208,0.13485503707094665,-0.041117019761280564,-0.22128411768224249,0.97434220371876679,0.87925474472632403,12.240887977457719,-3.1288443028469013,0.1822862149724594,0.1581910542450803,0.3703703703703703,True,5
0.30170479250842425,-0.93746886602162671,-0.17356941959220248,0.95129487015810577,0.28391212745728489,0.12013315068519079,-0.06334262536650262,-0.20136044577524076,0.9774669726844355,-15.845596563951769,-8.9864443972533081,-1.944593581098131,,0.09721065835799159,0.4,False,2
-0.98986647719367649,0.07582297688571385,-0.12006345615701799,-0.08321267984449475,-0.99485568679809233,0.057773803393856113,-0.11506523037511071,0.06717915317777387,0.99108372710737136,2.9950683643522176,-3.6202728048997628,-0.59655671916957109,0.181425269555915,0.1322093444529713,0.4857142857142857,True,5
-0.088847529645996792,-0.97099670010529682,-0.2219719010605376,0.98779932168362128,-0.11451243072764508,0.10554337160724418,-0.12790080749229957,-0.20988642546260974,0.96932402830495579,-11.67840341793652,-9.3476604796071872,-1.4114229771154123,,0.1175790727085018,0.1794871794871795,False,5
-0.65899644564847104,-0.67650110107498562,-0.3287399350048823,0.73423912557608295,-0.67341189888323494,-0.086077412343451967,-0.16314591964235808,-0.29809843120487561,0.94048962472599407,-31.446349665995765,16.748771177810344,-7.6332828848437027,,0.2623955658722187,0.25,False,1
0.40154656963512603,0.91063518767161011,0.09748798586776744,-0.90761936128196041,0.38145283251516815,0.17527359068690462,0.12242323080358782,-0.15886249255392562,0.97968120376945322,-8.9760294553871631,15.129530005428984,-4.7740533498086402,,0.5931091952329441,0.4137931034482759,False,2
0.55716184447210815,-0.77278359641378214,-0.30393451955679501,0.83007716221764749,0.50803050375273751,0.22994980326461936,-0.02329342888318936,-0.380408360016602,0.92452522723846942,14.804014486707072,5.0072293469953992,-0.40547651767764264,,0.2235599351239025,0.3333333333333333,False,6
0.39795011700277533,0.91464088035658886,-0.071188231878597852,-0.90565286008725776,0.40404860751849275,0.12859867720212301,0.14638511329109363,0.013295967166420078,0.98913831988446499,-4.3208600415235301,-13.963469783394482,0.10669554528837433,,0.1642055930229885,0.5,False,3
0.84640224347396775,-0.47653289020905815,-0.23773861022399256,0.53049577162099038,0.79358429447667944,0.29799027476110745,0.046663460378371588,-0.37833896456610422,0.92449021052500246,-21.734964170616532,5.5252819434714793,-4.9564457935313984,,0.1791815791677463,0.4375,False,4
-0.98853359718623046,0.012889926630814131,-0.1504499153389747,-0.0075502924398300631,-0.99932295985159691,-0.036008540619088994,-0.15081220215262911,-0.034459711329257625,0.98796164296848032,-2.5291652294112703,10.60010817756636,-3.3181092377757055,,0.2281900403658165,0.1714285714285714,False,5
0.46875126867385103,-0.86349354320063776,-0.18614819087883624,0.88271489796335723,0.45004120678831933,0.13519364299423414,-0.032964481342719364,-0.22768797298786242,0.97317600151590455,-7.4301385444554402,12.944106909324713,-4.2626079000026014,,0.1377184365803433,0.28,False,8
0.11749225510360096,-0.94168217192715664,-0.31532563654930523,0.98906342142321879,0.082454827814049753,0.12228961432907021,-0.089157828558504501,-0.32624513551118206,0.94107119452357257,6.1961157321259277,-7.8677627461081654,0.40791268547616633,,0.2374162258122188,0.1538461538461539,False,2
-0.94356751708639963,-0.2810656548586532,-0.17516403271871964,0.29472413497185246,-0.95387910932491549,-0.057029194791790805,-0.15105636353527616,-0.10543596375233263,0.98288617478481011,0.43032651336244782,11.097714171822137,-3.0181883782968417,,0.09947882463323578,0.2631578947368421,False,5
-0.32984285850507039,-0.88048835523394609,-0.34050542578735177,0.94141054984639838,-0.33366495467171464,-0.049131198457045167,-0.070355279340693272,-0.33676097505700431,0.93895802906602266,-29.681631419396698,14.790133271844317,-7.18126993846169,,0.289776106487323,0.1290322580645161,False,2
-0.23497435446433937,-0.94235126545947867,-0.23824597631646555,0.96099353028333911,-0.26201092866071712,0.088553418996179828,-0.14587147595616987,-0.20814505939192346,0.9671593181855308,23.081887139709615,-5.9025066350652429,2.1909014583567061,,0.2114320099490614,0.6388888888888888,False,5
-0.79624632196636558,0.60495486126916698,-0.0046271569930534107,-0.60413510049479391,-0.79552313499571525,-0.046515825658957122,-0.031820985295566401,-0.034242627139169826,0.99890683618715292,-2.0263661369467694,-7.1168346095327868,-0.61227486419921995,,0.09992813332031851,0.2608695652173913,False,3
-0.76392663304745989,0.63725599876129835,-0.1015917878743868,-0.64479889274857827,-0.76003309256025275,0.081142381795878418,-0.025504651163692285,0.12749309885652976,0.99151148380287557,6.2324410824041827,12.055530836982335,-2.4959556839614083,0.3446830852351463,0.3017072154063483,0.7647058823529411,True,5
-0.95581375597617924,0.27527171014220364,-0.10317727211986344,-0.27949863121821056,-0.95971563804220106,0.028747334561629354,-0.091107513597158712,0.056315004151985364,0.99424747486403309,2.3367519661940932,3.3591048971635642,-1.6531955799969171,,0.1087794123415632,0.3717948717948718,False,5
-0.82947625991100782,0.55640011531807465,-0.048867636714719456,-0.55541752912524989,-0.83091445767661254,-0.03305347734179892,-0.05899578446338908,-0.00027513272424889434,0.99825819391454806,-29.274496927022234,10.881181244386838,-6.5658227121228245,,0.1924891729384336,0.4186046511627907,False,4
-0.69348869861082163,0.71312882322273785,0.10257049472446544,-0.7204147819837694,-0.68465230510334429,-0.11069671637385685,-0.0087158934336141192,-0.15066022237349047,0.98854718177536849,-16.621099288395865,-2.7005447932107689,-3.0209813107006349,0.8709642943721692,0.6723448994292287,0.46,True,1
-0.057353705380739181,0.99826904199915223,-0.013018151373919692,-0.99321308953487031,-0.055731939469335801,0.1020867753412938,0.10118454059636206,0.018784853182317651,0.99469031262761476,4.6306691383365282,3.4859427847974018,-1.3719363906443827,,0.07552108321892942,0.2142857142857143,False,1
-0.94474544114716885,-0.30154259143000961,-0.12856172441794483,0.29107639770289062,-0.95206319985559262,0.094075470666044131,-0.15076664794293826,0.051456088409472217,0.98722929901499901,-31.611168068058639,15.245604428744304,-7.4358481831724585,,0.1052447534329626,0.4117647058823529,False,1
0.76575185286694336,0.64207269780500076,-0.036969589722532392,-0.62143579436788476,0.75349700956350762,0.2146154935162134,0.16565522421342463,-0.1413679854573171,0.97599868820533797,-7.4672465806541819,3.6245611950809065,-2.9510297544600421,,0.08866811104676163,0.2024291497975708,False,5
-0.98058955472554687,-0.13460917025076133,-0.14256400824736892,0.13097420873464141,-0.99078094218021262,0.034624864748106117,-0.14591052672610319,0.015280572531539562,0.98917977248507227,4.0270716285908295,5.0852337848509519,-1.6727965989735671,0.313952402767931,0.2551811617413012,0.8608247422680413,True,4
0.029451173401788714,-0.94692423162838069,-0.32010487022264983,0.99446373139188737,-0.0045589151084830803,0.10498144235605546,-0.10086880256740391,-0.32142451034113018,0.94154753933117119,-12.751009020940165,6.0392188987125577,-3.9800320805573386,0.7791337713957278,0.688642241129175,0.6026711185308848,True,3
0.96203158852220194,0.23081081356442198,-0.14567632280909412,-0.18713025047316492,0.94631722105688509,0.26356400833388771,0.19868943616433227,-0.22629645483945321,0.95357874477349591,-2.9753009315541235,22.797536790481146,-5.1020402622726273,,0.3919467951887042,0.4347826086956522,False,2
0.76402678965751292,-0.59497501751824189,-0.2495351542664927,0.64490777982732217,0.7155934199648164,0.2683654463995907,0.018894978270120252,-0.36596555279455689,0.93043656095617067,-9.3449254621768869,13.504647754222507,-4.616137238920559,,0.1141588771973431,0.1739130434782609,False,2
-0.25526825563167876,-0.95400238783577085,-0.1572181976439371,0.95717697843395044,-0.27231312438587019,0.098274077168189658,-0.13656628289154543,-0.12539938712311849,0.98266201925500984,-1.9596701721215262,-5.0519021459611491,-0.94225636826154191,,0.08552472127329042,0.1842105263157895,False,3
0.82552077422302272,-0.54187997094057849,-0.15773886147572772,0.56375964376726861,0.80477539583548785,0.1857730505677167,0.026277659439591081,-0.24228631688824509,0.96984886722782992,12.193221653832504,2.9270690612639347,-0.35229244053244346,,0.115367711000781,0.3888888888888889,False,9
0.60115517599900681,-0.73702451063600949,-0.30888076193145497,0.79853322463235188,0.53905451916263925,0.26788974323141845,-0.030937736307992167,-0.40769485659263421,0.91259397345152915,-8.8401381785354172,-9.7172686840847806,-1.0250686849146571,0.6572460113354721,0.5080233810197792,0.5142857142857142,True,4
0.37524715647144036,-0.85883574345092084,-0.34869863396807643,0.92536572843803355,0.32528825254875682,0.19464280460916963,-0.053738628494274361,-0.39571292438443328,0.91680065514956621,-11.3976036646376,19.633982396788848,-5.665699406718578,,0.4121023404863496,0.375,False,1
0.36513280162874723,0.92906357760062275,-0.059320367081417733,-0.92005554449645177,0.36984653115982102,0.12927234209368041,0.1420416566225558,0.0073764601930478013,0.98983319585622143,0.14846705123208409,-2.2760181279833014,-1.1461896123054249,0.936296658504047,0.3909509882243899,0.2688172043010753,True,2
0.98504721730649469,0.051583857726921804,-0.164380915250955,-0.0083359113919581028,0.96727705904597949,0.25358549569055994,0.17208280639854281,-0.24842342213521301,0.95324357384491865,-36.482776709762547,10.888065041442069,-7.4658396529372952,,0.569665535918608,0.2777777777777778,False,4
0.65783080697527907,0.75281908246735485,0.02284859880309878,-0.73871820221074946,0.63900157983278949,0.2144117503629849,0.14681296644633607,-0.1579253305971241,0.97647608411011155,-6.9853661064872918,7.3749037235718653,-3.466836905825164,,0.3190252561325783,0.1081081081081081,False,3
0.72369611821280011,-0.66783955807654471,-0.17393749783140722,0.69001581402176004,0.70458204150886283,0.16565724609292223,0.011920775294121694,-0.23990513010631687,0.97072314470453325,-36.660909206459984,15.829810966706294,-8.0796395569270594,,0.1429699487721802,0.3636363636363636,False,3
-0.98818310761496386,-0.015947353023010244,-0.15244614706837212,0.0074508071030466201,-0.99839485910958359,0.056144374402667743,-0.15309680368298167,0.054345075536917101,0.98671575515289123,-3.5548044575379687,2.4637446718029241,-2.2844882607941397,,0.07582166821242889,0.3028571428571429,False,5
0.80684579092894948,0.58058124920167575,-0.10920294288918983,-0.56487655214053556,0.81231547704585272,0.14511390902869858,0.17295765522826337,-0.055398364842206532,0.98337005784737586,0.16859353202872729,-8.8311375374481358,-0.085299807069178474,,0.1010605902820636,0.275,False,4
-0.067133628877201951,0.99770047091773861,0.0093191310915091419,-0.99273310010852622,-0.067728472703419224,0.099467813558842252,0.099870254944565556,-0.0025737746181055676,0.99499713962479419,1.3155322626788977,2.0280195583829261,-1.5908571654269177,0.3393171773710466,0.3288002466888924,0.6557377049180327,True,3
-0.88502845559549326,0.45487931796037651,-0.099042611426386679,-0.46150984851711246,-0.88520962762517552,0.05841724814991911,-0.061100675184219438,0.097410067506392473,0.99336699474083212,-17.775268313190715,15.815297970112855,-5.955348843259018,,0.09726169206824774,0.3478260869565217,False,1
0.75901902993290127,-0.61268239892695497,-0.22025074402786726,0.64566503668160835,0.75183383988176333,0.13365080476966834,0.083706466934488341,-0.2436517089079297,0.96624379539513239,-0.84914538312537657,-6.879756568854364,-0.48918451948051161,0.3474993787896574,0.1347312531603566,0.2380952380952381,True,2
-0.33631690513276286,-0.89515022138931022,-0.29256968480789158,0.9312143119083609,-0.36243710218281411,0.038461048586355448,-0.14046652490525263,-0.25950997689490296,0.95547042197707455,-6.9133692693259787,-10.681883330721098,-0.68955534197340884,0.6391159190263348,0.2233135193212575,0.4423076923076923,True,5
-0.96721446993173321,-0.19756897831343942,-0.15957026027070223,0.20867374737859989,-0.9763830970868459,-0.055958152918677714,-0.14474610982561201,-0.087421659394463822,0.98559931876958462,-1.201454437238064,2.625859148442653,-2.0245084005693599,,0.08121614747977227,0.2191011235955056,False,4
-0.67032691066105432,-0.72223023237249107,-0.17042688840316578,0.72375354315757601,-0.68701571888413204,0.064731837398409736,-0.16383724121963839,-0.079955571746422371,0.98324181407029321,1.9667149752458049,-3.7008206129081276,-0.69806304367784511,,0.07425989846501493,0.2307692307692308,False,3
-0.65940754841204696,0.74527078966502935,-0.098757962561398932,-0.75178564059875952,-0.65372619896602491,0.086373649772061065,-0.00018890931101771258,0.131200254792045,0.99135586822077948,-1.1607608025755403,13.245531369327336,-3.5101948935419389,,0.07429195778153529,0.1875,False,3
0.79214415462062315,0.61001353713307993,-0.019776825194280395,-0.58438525151638565,0.76741516670664844,0.26375716050703912,0.17607247402847342,-0.19737640796962952,0.96438635279979845,-10.060432567073121,8.820797980740922,-4.0282736752450532,,0.4020715271776112,0.2037037037037037,False,3
0.76916449014894639,-0.59039879002012352,-0.24457157610132418,0.63690719661814021,0.73954360141571474,0.217771633830248,0.052299235079807008,-0.32327160461112026,0.94485991536429292,-6.2012472824068547,15.830656919021125,-4.5523088839101966,,0.3920859852606609,0.303030303030303,False,2
-0.97430753989609853,-0.17057039852840017,-0.14707330433316282,0.1700223614298583,-0.98530399680855174,0.016383848354635008,-0.14770651412658475,-0.0090428435215814465,0.98898989512816404,-9.4701598808232266,27.035370657610727,-6.5247165409307568,,0.4351106950541326,0.75,False,3
-0.87387329783430134,-0.40410815675199951,-0.27026294044634525,0.45901097428688431,-0.86899407921954441,-0.18481941393041454,-0.16016986238493355,-0.28556240636308933,0.94488080055407742,-26.903781485195648,8.4480470807243719,-5.9744205962060235,,0.5329379990551051,0.3571428571428572,False,1
0.39373468713289028,-0.89993276639234732,-0.18733395880561021,0.91684601448148551,0.36982440249115767,0.15041042866594656,-0.06607860378201616,-0.23097819658027285,0.97071246557708524,-3.1091714683657647,-3.1781888613811939,-1.4171781712312881,,0.110263285722007,0.562015503875969,False,9
-0.9008872503567279,0.4213586839055819,-0.10420662954942975,-0.42860071241952752,-0.90148740975806163,0.060182051819256746,-0.068582734402833689,0.098880278847999548,0.99273314591423512,-2.1677484450115876,-6.0634929577963277,-0.79704291991902387,,0.07664604510309199,0.1403508771929824,False,5
-0.71750182041373434,0.69585058638948605,0.031354411561783258,-0.69640857755076635,-0.71569416701365185,-0.052886221422530674,-0.014360738723878552,-0.059781441301152524,0.99810818474715524,-13.12847312891345,-6.2090917511198596,-2.0557797441046537,,0.1226784139568398,0.1379310344827586,False,1
-0.85346358348514484,0.5165354226926272,-0.069217546680343384,-0.51951118827815501,-0.85377100951393647,0.034397508156470621,-0.041328403290179103,0.065316310499784674,0.99700839648629902,-26.81909257375878,7.3567113788620988,-5.8076674076909542,0.2615922685547078,0.2628766064731602,0.9354838709677419,True,5
0.54295849838832844,0.83617387146036293,0.077519840782086208,-0.82468464083461945,0.5135222302366369,0.23704464183833562,0.15840237434889029,-0.19263482483647357,0.96840100787889283,-28.239411381757375,14.79840060934883,-7.021254925011216,,0.1622027418222153,0.1666666666666667,False,1
-0.92162320658309815,-0.34444670015423801,-0.17879355648441525,0.35484327771574931,-0.93448150808834596,-0.028819425755470418,-0.15715251619822329,-0.090004343194025976,0.98346444005809397,-17.111307345240022,-12.568451362139449,-1.5743216983468216,,0.25308522280364,0.4285714285714285,False,3
-0.59095528281136733,0.79991494465726243,-0.10444106008320783,-0.80660899871948633,-0.58392229681383201,0.091742435483288295,0.01240068151687887,0.13845877580574828,0.99029055862422988,3.7754843933126252,14.346899755039061,-3.0772513938958994,0.2040730357486437,0.1874220008408753,0.68,True,5
0.052433988831678234,-0.96159907621562568,-0.26940284600659858,0.99444914854675748,0.025635443301907243,0.10204761144359732,-0.09122262750999964,-0.27325819414606822,0.95760555113376478,1.1915014836933113,-9.5459183030524724,0.12445337259272628,,0.1782165290855848,0.2941176470588235,False,2
-0.17012209437812606,-0.95357724215902884,-0.24849329214443888,0.98005854308803075,-0.19000453282423174,0.058168115204225136,-0.10268264276189307,-0.23364229228165623,0.96688549173767546,-15.42439030950576,13.632341439025691,-5.4262517069216178,,0.5187061185469108,0.4285714285714285,False,2
-0.79180767249088058,-0.53418616974944788,-0.29611779047026127,0.58749910740450451,-0.79869206533997283,-0.13013755630823826,-0.16698924690975137,-0.27701285315194962,0.94624440320940939,-0.75860927738109418,14.820708670651136,-3.6985592085634686,,0.1713692670383356,0.2727272727272727,False,5
-0.92305573351302994,-0.33600441309905082,-0.18726758183595141,0.35177608958332995,-0.93431407343934736,-0.057539507910951457,-0.15563320862265667,-0.1189884303246993,0.98062228091282966,18.978419312878721,-9.126945069730878,2.1683092907980517,0.8436197804178948,0.3731050318032784,0.3888888888888889,True,2
-0.98261515054215454,-0.10650919955927968,-0.15206333001174102,0.12486106565650158,-0.98528510979051576,-0.11671746530923646,-0.13739425100105501,-0.1336751391782765,0.98145492864294415,-6.6967599008336158,-11.794107487256206,-0.49014767334102383,,0.1668803470558703,0.3846153846153846,False,1
-0.2515954155575566,0.96579359561420386,-0.062789151459542059,-0.96400010276735071,-0.24430350502127396,0.10497427922523965,0.08604387680107578,0.086939795864202377,0.99249076729213592,3.0429430389492254,-13.546426263811798,0.8936382344237499,,0.449818806063028,0.53125,False,7
-0.33476582323733339,0.94125147709149382,-0.044469095620582558,-0.93976805450598566,-0.33003573319601048,0.088951776507313202,0.069049600449718473,0.071568650167889478,0.99504275334825742,-16.192680056525415,3.5793365901881771,-4.0032834017658026,0.2754623591228396,0.1595787157255696,0.3255813953488372,True,5
-0.63796446189174727,-0.73169389758963799,-0.24005288082682652,0.75319081998431092,-0.65779375875924928,0.0033105329994845278,-0.1603275835735562,-0.17869362374596248,0.97075416804564962,21.25615535438072,-7.6675483321065618,2.2229438073793237,,0.2765237079446067,0.25,False,6
0.98837870158866448,0.11118964707937462,-0.10365521997598566,-0.074145770495919638,0.94790425122846389,0.30980628660595522,0.13270247534794613,-0.29852033914855608,0.94513261511343394,7.275313484565836,-8.1652372767480816,0.55621820708640768,0.7788476716873047,0.5526670783877343,0.734375,True,2
0.98515772791710277,0.12823422429622053,-0.11410624366948073,-0.10515066677798106,0.97627112458520304,0.18930934624917301,0.13567456799768446,-0.17450121781893058,0.97526495711593797,-0.75346822981318962,9.3673366263840592,-2.921317075905256,,0.06718497580171938,0.1842105263157895,False,4
-0.89207184565173114,0.44143060116991401,-0.09667909053296847,-0.44714008069529465,-0.8932002234708537,0.047530085497731203,-0.065372551054085487,0.085629347436404851,0.99418008651667122,-1.9412695518965495,-10.913786465673091,-0.038657787732443848,0.8007670173350305,0.3411019522600893,0.8382352941176471,True,5
0.72643649985991599,0.68217645824319539,-0.083218336260970027,-0.6681163862390076,0.72939458874725638,0.14698308863658202,0.16096740698105033,-0.051174346356256534,0.98563212212508888,6.2225720490600187,13.73615939349037,-2.7145314554099778,0.3181066233321612,0.2657494821637972,0.375,True,5
-0.43336295481974973,0.90120933355577482,-0.0042762719572913416,-0.90011733514298209,-0.43259350606513458,0.051494091752078565,0.044557068631057899,0.026164778275983791,0.99866414375042856,-3.2510800337497963,5.7001023592006561,-2.7171534621970692,,0.07114841651182552,0.1486486486486487,False,5
-0.9630189840612613,-0.19459055750345117,-0.18635705317511694,0.22643893696209072,-0.9593568805203323,-0.16840363305396855,-0.14601316435546344,-0.20437438863221954,0.96794176741481286,-2.633905714453606,-8.0268220950673257,-0.5638344368582332,,0.2703373211228068,0.1666666666666667,False,1
0.78539436489342807,0.61492255308374155,-0.070893901730850445,-0.60056838392337908,0.78473662776715858,0.15331680035889766,0.1499109996808474,-0.077837515052849152,0.98563076931733828,-9.5872798209022783,-1.4201942809528125,-2.3695775222536479,0.1315944228454831,0.1866951635126559,0.25,True,3
-0.89911227348892231,0.4341759182928735,-0.055573299669191348,-0.43223089017123378,-0.90069644223223611,-0.043844914550887751,-0.06909107933275084,-0.015401004017008911,0.99749146955345114,-2.5468852817510923,15.572895883951576,-4.0618031338949931,,0.2534534645199166,0.2,False,4
-0.18817185608308235,-0.91879592884859207,-0.34699480357708645,0.96560584135363337,-0.23762175322201812,0.10555217448937682,-0.17943442178687272,-0.31519826066611989,0.93190844225764113,-7.9362495858316997,-8.6215362185807063,-1.0943368837836094,0.4908693713831802,0.3035722691666581,0.25,True,4
-0.96390606712434113,0.25312045550184115,-0.08255379317405781,-0.25476603496754013,-0.9669523132901866,0.0098737657291444458,-0.077326329201655331,0.030549285250171768,0.9965376962177096,-13.167996248283972,15.048120760649347,-5.2922965732405896,,0.3052159645720293,0.1,False,3
0.66514236776819669,0.73775897583558303,-0.11531402418504275,-0.72882915901248091,0.67501971083257017,0.11470155605166095,0.16246134177974866,0.007751358690231358,0.98668446266553655,2.5405511230440525,7.0279626339835097,-2.1475343195222014,0.2054178379543022,0.1819164385578032,0.710691823899371,True,5
-0.52665189574740268,0.84988179464719948,0.018404234103107764,-0.84984715624220741,-0.52689141511985282,0.012051875374041232,0.019939702422538064,-0.0092936430022918654,0.9997579889488486,1.685216094989928,-4.7975406747083715,-0.56718452489461868,,0.179545274452213,0.1212121212121212,False,3
-0.53721754879914507,0.8434304532136927,0.004730312250111085,-0.84333128033634241,-0.53704591412749669,-0.019340054943748741,-0.01377159643991431,-0.01437903719679838,0.99980177356353472,-10.47204374791888,-7.4862468015376429,-1.5728461518553261,,0.5311558738758381,0.4210526315789473,False,3
-0.64631937693729136,-0.74797392357287995,-0.15101745809800668,0.74650324341461616,-0.66079517533072585,0.077991306125062401,-0.15812707094880935,-0.062327729901117013,0.98544968593963411,16.56581783248641,-1.289997712939603,0.77313321015003578,,0.1447602589745055,0.3571428571428572,False,5
-0.34332268453256415,0.93921751147552568,2.0568774847018467e-05,-0.93735821722726742,-0.34264441305542676,0.06288385165064847,0.059068662435102851,0.021570172452327022,0.99802085187560319,-4.8461828931997077,10.665774555567113,-3.6434408286490192,,0.1349598978173546,0.1153846153846154,False,1
-0.97750363067873103,-0.10510777154026063,-0.18286335983935836,0.12639162846851001,-0.98598489187574445,-0.10889880277511611,-0.16885439959615034,-0.12956137292656281,0.97708855401258621,0.54707992910359349,-2.7496793315665271,-0.98696854140336188,,0.2787585561781276,0.28,False,2
0.99015320666163442,0.082762931503083351,-0.11290227857177478,-0.051170532344514338,0.96468324918494608,0.25839466976227304,0.13030043728730042,-0.25007304115196238,0.95941923585664435,-12.832718841103997,14.155806836044651,-5.1169871350793352,,0.08172457442304373,0.1538461538461539,False,1
0.12844830017872358,0.98766315060809851,0.089568605616481972,-0.98465222344513181,0.11625146559811578,0.13017524960931551,0.11815681548583654,-0.10491471620880671,0.98743702041045189,3.5549154621133194,-11.761416742041424,0.73607396262817693,0.4181298357661768,0.3077255340348844,0.2666666666666667,True,6
-0.71006717199021885,0.69815114518042898,0.091594703695507984,-0.70336158161116391,-0.70935278188973017,-0.045837935585511039,0.032971150651042849,-0.096972208949552094,0.99474081745758747,-14.538250347480997,13.674161264775691,-5.2780629548606344,,0.6178227223892395,0.1515151515151515,False,3
-0.93639526121377303,-0.30781102635021684,-0.16857131082606097,0.32426121884428799,-0.94256988231503913,-0.080104175335810726,-0.13423329218195851,-0.12967030889852815,0.98242914974065865,-10.147608640688834,0.508931613397126,-2.7448055229699602,0.5482923115179531,0.5498152816050842,0.4606525911708254,True,3
0.73646662728468204,0.66707685965469043,-0.11236267266829411,-0.65614593970345814,0.74482582974529643,0.12127237589367511,0.1645886165765772,-0.015586746211685154,0.98623913967959187,-1.2935509590822709,-4.2545980387326159,-1.0028494193898008,,0.07567013403911935,0.2314814814814815,False,4
-0.46949514685969507,0.8824537955482501,-0.029147998176236339,-0.88221699251887187,-0.46752648896057025,0.055786738846786442,0.035601758189040753,0.051906462436680192,0.9980171511407806,-26.261190509337808,9.3558807036558438,-6.0539969377226246,0.09051083068288421,0.1000777153202135,0.3478260869565217,True,4
-0.92923815007646837,-0.31856135628849497,-0.18717671522413706,0.33145001256493734,-0.94256847423946155,-0.041298432665130683,-0.16327078615957591,-0.10041580378370762,0.98145775086720166,-5.8536830029645062,-8.526028539357343,-0.84795387775444353,,0.2073888820180774,0.1774193548387097,False,5
-0.28156150373328365,-0.94105510838246742,-0.18745240089877321,0.95092894396229921,-0.29977554803030471,0.076607860809946277,-0.12828586496647906,-0.15668408914242946,0.97928179451034869,18.530446397474257,-8.2610903367268804,2.0007250327592176,0.2794344503347291,0.2124882983206024,0.3076923076923077,True,4
0.71799832415405418,0.69460595511060719,0.044732243816419326,-0.67770455673894914,0.68297886518541151,0.27250028162428108,0.15872914126660792,-0.22596999100528656,0.96111530155223124,5.5277898334622968,-10.554188467182911,0.7454880905261716,,0.1729529018611531,0.1875,False,3
-0.46302653370845026,-0.84075126361851826,-0.28061315330148384,0.86860920779038109,-0.49343682083215989,0.045145852398832224,-0.17642129470022497,-0.22283944123721808,0.95875862979447579,-13.508561130963106,8.8755367355682182,-4.5009894047684984,0.557193021161158,0.2724709441051556,0.3109243697478992,True,5
0.7511683305005582,0.65598964390582482,-0.073645952647186402,-0.638754699351885,0.75047724287321305,0.16963591007007239,0.16654901173193909,-0.080383425018642429,0.98275120537874938,-4.2147405445412121,13.581928387171031,-4.0044086922635529,,0.07365967362811433,0.1875,False,3
-0.90788841126155306,-0.39316849393370429,-0.14545503798383058,0.38885452594812503,-0.91945891524041512,0.05820189717337218,-0.15662308369660513,-0.003720021884827826,0.9876514421042194,2.6029095665767876,4.9085943939605299,-1.8396767517145525,,0.07823766110186643,0.3478260869565217,False,2
-0.57060097075070515,-0.80807243491879588,-0.14640174897439173,0.80480765691092848,-0.58570527689410157,0.096093516929834213,-0.16339879912622857,-0.06299419451672944,0.98454688253089007,-7.004008494400372,-5.0775637020348992,-1.4863235676378883,,0.0844324381968818,0.3602941176470588,False,5
-0.53096635029516659,0.84662652609508393,-0.036031377525720235,-0.84668649424145181,-0.52830809067177464,0.063344627237546094,0.034593573440024478,0.064141146255069906,0.99734106404666578,9.7685076888884872,-6.4095812874968123,0.66370660209445664,0.7074312709429508,0.3510603592019304,0.355072463768116,True,9
0.91867533683104452,0.37928711686777533,-0.1103490302471971,-0.36259849212013812,0.92054116078807069,0.14534890714123999,0.15670979232507565,-0.093516064251449676,0.98320739761067177,-10.170950274199587,-10.554244276962308,-1.0603687693622565,,0.0864175251383141,0.3243243243243243,False,4
-0.92628794880476961,-0.34575727103747639,-0.14980836232924594,0.34382164613812199,-0.93820497714501327,0.039472731184932199,-0.15419893497014001,-0.014944242538284712,0.98792679793040949,-6.3824378257478473,13.306323486267276,-4.2223580381789159,,0.08168328728411278,0.4285714285714285,False,1
-0.91979688170879625,-0.34784481745511431,-0.18159757533731569,0.36649618204314,-0.92689868643862083,-0.080866393675986761,-0.14019359809411944,-0.1409354747676263,0.98004231898701555,-15.744716060525676,7.5084867487315234,-4.5416648429887152,,0.2884157398792069,0.3115942028985507,False,4
0.0035843127461377385,0.99982933514408379,-0.01812328026263979,-0.99405352790455148,0.0055348822521199392,0.10875177579686042,0.1088335259129892,0.017625710306126141,0.99390371665144295,-0.30246634511455872,-13.9607573086631,0.53023822848976487,,0.09805673319724575,0.2352941176470588,False,5
0.3849012467117659,-0.91246615060654601,-0.13876798721968442,0.92153850541943838,0.37160598739980411,0.11258673615451281,-0.051164570838008835,-0.17121481865157218,0.98390430051152478,-13.652363919386618,7.7559590881291856,-4.3264526956847185,0.1318632372760458,0.1152420097297343,0.275,True,5
0.97477839684885093,-0.17762208221737846,-0.13512021664261781,0.19833756721851931,0.9670520050982444,0.15960146886951099,0.10231953120799799,-0.1823754790102797,0.97789053487041566,-9.5612613694479354,-5.5791518629594075,-1.7451643078064378,,0.07678289980097189,0.4757281553398058,False,2
0.94314419532716065,0.3218300261666065,-0.083093086826070972,-0.29610470592609239,0.92709319356289566,0.22982648580564885,0.15100009916919221,-0.19215526198091268,0.96967794929241402,8.6054341245939305,10.618953835094237,-1.9391477747055423,0.4298989100892858,0.2102816387373647,0.2083333333333333,True,6
0.55820882868707078,-0.8098193682170669,-0.18054222341690357,0.82919743209411467,0.53692653480143715,0.15537539970872732,-0.028888097624010858,-0.23643706792005248,0.97121727266818814,20.452485234356118,-5.6569835780597852,1.8503136578549151,0.2522860936500232,0.209221649819358,0.2962962962962963,True,5
0.9809924527235595,-0.050672903378979617,-0.18731274532865899,0.095925740866347045,0.96574209521725807,0.24112332480417953,0.16867738419437539,-0.25450827567787254,0.95224654248404517,-27.723538910905027,9.0181005096144506,-6.1431633391204015,,0.5597940993881357,0.5641025641025641,False,3
-0.94807043435182115,-0.26183267353871187,-0.18057159958177185,0.27677474936905228,-0.95888222547015067,-0.062774324282381055,-0.15671052810723235,-0.10949214010595285,0.9815565605890324,-13.578136960454353,-2.7032961478683486,-2.6653861555772833,,0.3135921505735795,0.6474820143884892,False,4
-0.45038293898939474,0.8878711506082293,0.094021424073954446,-0.89191084574792212,-0.45220625133443332,-0.0021329536528887638,0.040623287711623539,-0.084819373799140951,0.99556788935954554,-15.430663349937081,-5.6952340728107371,-2.4339765009110073,,0.4135041313078952,0.25,True,1
0.94155959299130454,-0.30730043180531824,-0.13795643318930126,0.32580953343319879,0.93480649331633392,0.14136820002270839,0.085520060629600866,-0.17805410600680904,0.98029743168286709,-17.360491553613191,11.663685471102085,-5.3235615939958514,,0.0813854410139775,0.2333333333333333,False,2
0.53356434279772091,-0.82994608799967917,-0.16278385395629436,0.8453878862366706,0.51765330652781272,0.13173600891599649,-0.025068184998705806,-0.207905135229629,0.97782771531902246,-14.017145375073168,15.702357646306101,-5.4785860736200176,,0.1126460044783116,0.1666666666666667,False,1
0.34780972660874127,-0.89656607112042708,-0.27422194330876426,0.93289788351900993,0.30179681371518513,0.19652028434010099,-0.093434110484902258,-0.32417273689661863,0.94137245745286791,0.83366917338241375,17.038639687301345,-3.8419614248895768,,0.5022088258832991,0.45,False,5
0.96122875200281632,0.25831076631935485,-0.096513389364456192,-0.23205559695538747,0.94681557626199198,0.22291358071986078,0.14896135822684423,-0.19187447081667425,0.97004881382538377,-0.73677487450001955,-2.5987378157148724,-1.1673967949144335,,0.1391199126688344,0.1714285714285714,False,5
0.32627437607708459,-0.93127352580309686,-0.16209457626268059,0.94324890734259281,0.30953093482046251,0.12030003818027246,-0.061858954990475189,-0.19214635184525186,0.97941474828595831,5.3699969846076394,-9.5611724749086129,0.56777664813561912,,0.1559577468179161,0.4090909090909091,False,1
0.1412126517218921,-0.94811398370166,-0.28484883868999722,0.98351984617208899,0.10154304401278172,0.14959185271346895,-0.11290570924139086,-0.30127874820834388,0.94682808191282097,1.3305564987324756,-10.911856607622338,0.33994717395658525,0.3097530919136224,0.1702870587646641,0.25,True,7
-0.13064217241263884,-0.97722789563353907,-0.16720724500736139,0.98412480877814346,-0.14825724059112588,0.097561013523269444,-0.12012902869285548,-0.15180721526973093,0.98108286390975197,-5.8422117204140864,-1.8765308838466588,-1.8444938827810704,0.262704460944758,0.1121705025076367,0.1436950146627566,True,3
0.95741172706901301,-0.25028623799081173,-0.14394298851675688,0.2746205840673373,0.94332124368273063,0.18635601955230566,0.089142131886347425,-0.21794914610814961,0.9718805739562264,-2.3475496527786444,-1.6006152683680133,-1.5437056233360584,,0.1125369171425654,0.3821138211382114,False,5
0.84840545259809108,-0.48623533106050099,-0.209244810760775,0.52746712214583613,0.80982496151897509,0.25683061880542812,0.044571549861059157,-0.32826625554460326,0.94353306376284851,-14.898771354200044,16.436370542083242,-5.6799032313780842,,0.3346049510194311,0.3448275862068966,False,2
-0.73690379862966282,0.67067570144523081,0.084657516241154931,-0.67572882353199504,-0.72728034321703328,-0.12022420479329608,-0.01906170541267023,-0.14579919705218691,0.98913055029439789,-19.403301247084524,9.0618309894640721,-5.1852358035876307,,0.14485367128826,0.2666666666666667,False,1
0.87697446007542768,-0.42892425493784669,-0.21665590206921642,0.47417293363648422,0.84554897889751868,0.24537105226968819,0.077947580988655341,-0.31791651075616834,0.9449091315077025,-2.9408857260542094,-13.989769974441824,0.26556003873717265,,0.1655261099217687,0.1666666666666667,False,3
0.87592208487221535,-0.46595637263842937,-0.12508061412844321,0.47894744502266323,0.87102104261806823,0.1092322673150931,0.058050375876252829,-0.15558599588063898,0.98611518178479285,-12.29379338255214,17.041166512167969,-5.4549131516628151,,0.08052815207643294,0.4,False,1
0.68081199702933559,0.72340157986697451,0.11482673446064515,-0.71393603038445586,0.62035852996034324,0.32473164124293341,0.16367763811778085,-0.30306014015605792,0.93880998196055465,-28.403155471858561,8.1517819240907912,-6.1239103641092445,,0.7127555673504886,0.4838709677419355,False,1
0.96299234986589077,-0.21726137553960165,-0.15950933765273248,0.25330061114408498,0.93176107845220679,0.26011553793577247,0.092111532903357773,-0.29089308582402451,0.95231122965445114,-1.5676569634599735,-13.599361070624866,0.36630743960171569,0.5620504103435462,0.638306521525948,0.8604651162790697,True,4
-0.28529440034223824,-0.91210116544688458,-0.29441224350185685,0.9436473137113579,-0.32107115574685174,0.080268675538580095,-0.16774043179478154,-0.25492111905021658,0.9523016174529394,8.8762660462880003,-10.123104483825056,1.0733400355078104,,0.370521555010285,0.125,False,2
0.98034437852568157,-0.14329613870871144,-0.13561384930849646,0.17278946555694219,0.95537454281816325,0.23958982350577843,0.095229722700636427,-0.25831318116998497,0.96135612566218209,-3.6839857134343137,-12.049215743834754,-0.10185139136709048,,0.2629337302285836,0.2222222222222222,False,6
-0.71918738614957767,-0.65121299010594469,-0.24226255410321507,0.6751173905971084,-0.73738042095370049,-0.022059549122649638,-0.16427419918139763,-0.17942061283870997,0.96995991214683297,10.265308508738048,13.456950725942672,-2.2181278806822173,,0.3274532244288392,0.4210526315789473,False,1
0.81987732724876727,0.56291181961518744,-0.10455358243951438,-0.5478207429886206,0.824367585470414,0.1425149731679963,0.16641394717635077,-0.059568174079769803,0.98425506390467121,14.489499991310941,11.073366578179552,-1.4444274703472411,0.3153883555011553,0.3795774894188082,0.75,True,4
