axis_00,axis_01,axis_02,axis_10,axis_11,axis_12,axis_20,axis_21,axis_22,location_x,location_y,location_z,dbh,dbh_approximation,score,reconstructed,number_clusters
-0.69683820258779638,-0.66622680054886874,-0.26562825460523953,0.6939161646040849,-0.71990394123646373,-0.014787558735705381,-0.18137495944965737,-0.19462827549619566,0.96396211464041015,5.4119293291905617,6.1542461069446786,-0.34776449879578109,0.2989002497015918,0.1100218424755571,0.3666666666666666,True,5
0.95326435966407075,-0.18867903866384186,-0.23598152674126632,0.21899588478259191,0.96956995077301755,0.10942994565611024,0.20815346031843965,-0.15599465031499637,0.96557641128528149,-10.558087982367798,25.863575034845201,-4.1797415656837442,0.8408527982504024,0.4794033444350305,0.6578947368421053,True,2
-0.6641784035245859,0.72531628999017972,-0.18106166840724147,-0.73474848093187595,-0.67801926875214069,-0.020845646286767803,-0.13788298683968642,0.11918955774602806,0.98325079774413249,-3.8433717070534739,16.962760726083754,-2.5915847921441268,0.4299113658826032,0.388574832251852,0.8809523809523809,True,5
0.50424862798241588,-0.79199362814272734,-0.34420838769438961,0.86133264698073597,0.48986867858718142,0.13466532213011756,0.061962830979634009,-0.36438272560670165,0.92918557718919703,-5.2351046833511186,-8.9064471193497337,-1.3268859623608638,,0.1004697409155709,0.3888888888888889,False,9
-0.81337229436200242,0.56322153539974729,-0.14562627793857805,-0.55025958302489719,-0.82609274316156389,-0.12159428845578615,-0.18878533325859598,-0.018769170406648272,0.98183899708082867,-12.031943080941861,13.832513191867823,-4.0197525196412185,,0.1964167529232869,0.3023255813953488,False,5
-0.94576536525260801,0.25108682562645473,-0.20611472505726797,-0.24902639059898452,-0.96781559369339132,-0.036315745746885932,-0.20859945032009272,0.016981831489589067,0.97785371437931157,5.9322104385878536,-10.318478275011294,1.363379325137712,,0.1277251033228352,0.2,False,6
-0.64699691414365856,0.76244480258182534,-0.0085390927237739278,-0.75167077107904534,-0.63965435338250498,-0.16072759596361605,-0.12800798800862948,-0.097571672194193687,0.98696186541892883,1.9673557235417398,-5.8073639341255374,-0.10133070398215978,,0.08890130107232927,0.3,False,1
0.2541172796274882,-0.90681761974186192,-0.33631267106731044,0.96686886112298953,0.2469098786218622,0.064808311424312204,0.024269602086939832,-0.34163916105247827,0.93951778591461499,-0.58240495486307342,-12.869581117684236,0.19904868528520733,0.5425224759220602,0.5237687217370102,0.7352941176470589,True,5
0.82740434481594194,0.52509017018408333,-0.19920432564518464,-0.52512900932717044,0.84910831781175022,0.057048998115343239,0.19910191797862384,0.057405381271711381,0.97829599225300068,-14.935102066695762,12.131041153517543,-4.5554529379636657,,0.1203133218447751,0.4651162790697674,False,5
-0.34212316825994138,-0.90024023568561329,-0.26929399509177998,0.9352139977580981,-0.35405379367889189,-0.0045485798773853385,-0.091249745956337364,-0.25340368828076765,0.9630472753861089,17.954109764491669,-10.480485491895918,4.1146184851096228,0.5897762849743705,0.5073838344018542,0.7818181818181819,True,5
-0.9684609859186627,0.12760781066004492,-0.21400833023973612,-0.13324889248831465,-0.99100894684946561,0.012083042454138016,-0.21054227937420886,0.040218328195749928,0.97675710116335945,6.3006954506752786,5.7878536460745131,-0.10050919134229473,,0.09257394101877617,0.1724137931034483,False,5
-0.45191973197470442,-0.80121279566643777,-0.39220735830971198,0.88430160727598328,-0.46022248914170544,-0.078777711678656812,-0.11738493609072716,-0.3824307996861448,0.91649738691956573,-14.980003938921859,6.487129496272602,-4.3163193713564958,,0.1231527138012409,0.3090909090909091,False,4
0.89101203591585365,0.42623964255673441,-0.15626042034434967,-0.39958988474244289,0.89970437436979633,0.17567003942441192,0.2154657185368633,-0.094084036121759113,0.97196847597153713,2.5114495120372058,20.598649982531107,-1.6502354042792609,0.402175720901404,0.3242571391720306,0.2727272727272727,True,3
0.95214566452987359,0.23102429138608177,-0.20011599213087278,-0.21538252111441827,0.97170043642231407,0.096998100265319187,0.21686171426824499,-0.049254833734797186,0.97495895207869898,-9.3462605895999911,20.64508702497406,-3.7813735146174614,,0.09768072481685353,0.375,False,1
-0.67709618005533478,-0.68028317073605937,-0.28063422914492686,0.71693099409209027,-0.69581375899477149,-0.04304837399592501,-0.16598407352695196,-0.23034326646737413,0.95884892810522526,-18.699111408559201,6.5864659610041159,-5.1088761354576375,,0.07762346818373736,0.1875,False,4
-0.29664341560840424,-0.87713253226684851,-0.37767870580074669,0.94768808202597954,-0.31918313483028116,-0.0030701182121195686,-0.11785577271437073,-0.35883233867512815,0.92593162250721217,-22.400343136563571,20.305647835092877,-6.2855935891411763,,0.3845966482398005,0.6666666666666666,False,2
0.0069349519154264811,-0.96548072691865694,-0.26038216603783149,0.99958944212057566,-0.00054590086135122905,0.028646975291054692,-0.027800245376748824,-0.26047392948406889,0.96508055540256399,-10.369085830044359,-2.1205255434037413,-2.9137368367664602,0.506115355382865,0.3036456240483099,0.3033175355450237,True,3
0.68269975574508213,-0.67745830118205297,-0.27380886337942373,0.71882040732067232,0.68995901931790404,0.085169088765930545,0.13121838866922639,-0.25496431479993964,0.95800570596090351,-7.6377348270057839,10.718928812583687,-3.1167317597238728,,0.1027618643312547,0.4744525547445255,False,5
-0.37925177042425345,0.91226375246135849,-0.15473506575819185,-0.92291533272744242,-0.38493217706248761,-0.0073829315674233259,-0.066297686586070936,0.14000737483095782,0.98792841428226963,-9.8221445238081042,-0.73736109734319011,-2.882650759923048,0.2656806856091502,0.2322208480917532,0.78580814717477,True,4
0.77492659254729768,-0.57296111233362368,-0.26684141342087586,0.61107131641003687,0.78703317687220165,0.084679541586820561,0.16149496098621444,-0.22867956239215151,0.96001303914071656,-19.445567418050231,7.6435438790819248,-5.3146735854228551,0.1986725211678048,0.1033485487630158,0.5396825396825397,True,5
-0.21490923099116993,-0.87957487806167833,-0.4244550109464702,0.97459059504945944,-0.22124600238667677,-0.034976827601366924,-0.063144235492442996,-0.42118670481236559,0.90477321203347794,3.9374886184292093,12.329095337788825,-1.0167355489071574,,0.1302396796814934,0.3157894736842105,False,5
0.5404153682870837,0.84135595515249151,-0.0084490501581340194,-0.83232410479914998,0.53603096447305831,0.14109354944991886,0.12323885056843763,-0.069216774379637663,0.98996021326871952,-11.510607486520032,9.4988778293956724,-3.7782825295503821,,0.1176257971133974,0.2253521126760563,False,4
0.93640498101957215,0.32199652204210322,-0.13951326572954956,-0.27758295492563612,0.92288398296865781,0.26689484280266357,0.21469376948688298,-0.211195155656316,0.95357390461925784,-22.251450943376156,16.61622667818542,-6.093001757446598,,0.7697691770338355,0.4871794871794872,False,1
0.63932445875818,0.76454857304806279,-0.082034845545855356,-0.75558334359555945,0.64443256017133754,0.11747547093743302,0.1426816292117393,-0.013120778985554027,0.98968166490255693,-10.583087558416404,9.8948029212009239,-3.6251242327229898,,0.1741332992675758,0.25,False,5
0.96126144219352372,0.18238592227748221,-0.20666836987555437,-0.16865131716134366,0.98222679583507255,0.082384796918550385,0.21802103791095623,-0.044338435905646331,0.97493637234932939,-19.554135866782602,3.1307026946613159,-5.0706246483422008,,0.08221267233761156,0.2285714285714286,False,2
-0.64278055366383746,0.75462598951137727,-0.13180582606844515,-0.75545187062265662,-0.65295603545587122,-0.054229944997939733,-0.12698673554485593,0.064715003791436243,0.98979105738531259,-11.760992077258361,5.6086697829310008,-3.6560854760628856,,0.4360440105134552,0.2912801484230056,False,1
0.50615525410835649,0.84911537078057442,-0.15102961909066689,-0.85401916694270941,0.51788181010736367,0.049494375987583064,0.12024192793274999,0.10393035102455647,0.98728940078526473,9.9517011274228242,9.5273365190635264,0.53924407123016393,0.5849580299771515,0.4959641716544728,0.7536231884057971,True,5
-0.76817347577299555,-0.59362886245281821,-0.23982136014502153,0.61310348321775754,-0.78995733075724295,-0.0084578040379810204,-0.18442784492881709,-0.15353237198019576,0.970780191788567,-8.4550694336905163,19.356548630439026,-3.5582565291545825,,0.06722363663264479,0.2222222222222222,False,1
-0.093895531026504025,0.99457846154092222,0.044691308910614597,-0.99558191600292401,-0.093824630776009277,-0.003686080261374531,0.00052704952196073671,-0.044839965417456301,0.99899404388623025,-30.934433499022397,22.688514971472141,-8.1377008425487762,,0.3804264622204779,0.1666666666666667,False,1
0.97551655639621759,0.12146125120456004,-0.18334288274347826,-0.10190991942361469,0.98840449148201215,0.11256522349845972,0.19488924167315758,-0.091124780789906892,0.97658305218043484,3.6443741541647854,-8.8135623383103674,0.70561247015358031,0.6070275998984385,0.8136831651629294,0.6637931034482759,True,3
0.019737055193435278,0.98431196963775502,-0.17532939023488037,-0.99946869456443332,0.023974121846167526,0.022080988822361571,0.025937949763993259,0.17480042308172128,0.98426217790408488,-13.725584044436985,-19.640625486128396,-1.9842044956612728,,0.4556093069676559,0.4230769230769231,False,1
0.0090105669975093887,-0.97224968062914252,-0.2337720432363859,0.99982475775451163,0.0049233616581212487,0.018061403354018898,-0.016409249328248311,-0.23389381998358699,0.97212366369200687,8.4422604024980838,-3.266191327036188,1.1502059276557348,0.1160546383568208,0.1093901018298239,0.3108108108108108,True,5
0.31001519821863821,0.94743258913056438,-0.079133216330514677,-0.9445935981132012,0.31638766257698986,0.087417283031584136,0.10785875614438403,0.047648043217139807,0.9930237422642838,11.003399869304374,6.5467033017190701,1.0393845882225157,0.6531384974213187,0.8257341014964099,0.9090909090909091,True,5
-0.61667136658328903,-0.75019881655257747,-0.23857527382235547,0.77201216290885377,-0.63560001185218784,0.0031377148201427278,-0.15399235681387857,-0.18224807427408257,0.97111893888766088,-6.5122594549498629,-4.2696651899726623,-2.0414341630617585,0.1617814583659093,0.1550333733218722,0.6422018348623854,True,5
-0.80919599346981697,-0.47721762188124123,-0.34273194411727959,0.5532621511924336,-0.81524030471098219,-0.17112637912568304,-0.19774437086885202,-0.32809539305019042,0.92371563635619192,-4.6338429578070368,17.684192739770918,-2.7948036102478824,0.2377588417256146,0.1831930095344883,0.25,True,5
-0.96044742216978507,0.2179922682112071,-0.17326315317328778,-0.1821662831451287,-0.96247422447610531,-0.20114376078867149,-0.2106091036315996,-0.16162530191543237,0.96411672905734902,6.7411516824276987,0.87597584157600705,0.39862040240453556,,0.1322453219469266,0.2666666666666667,False,5
0.045866036828981264,0.99831190630484812,-0.035632069762828983,-0.99869067034723102,0.046634008515265092,0.021028889918326136,0.022655057426575205,0.03462090379783242,0.99914370407525499,-12.83940454916949,4.5765389942025987,-3.8095833686681622,,0.08674517675109039,0.2127659574468085,False,5
0.89525040968079361,-0.34997047403370024,-0.27576687848796771,0.40319839284647407,0.8997225762684482,0.16712373188415164,0.18962531469292496,-0.2608063516433074,0.94658453767749429,-3.6794690682069193,3.848463108789022,-2.1853132947283833,0.2967623573881696,0.2482386037244432,0.6640190627482129,True,4
-0.76905926907102939,0.63551290398304361,-0.068346101037087159,-0.62320646188621465,-0.76929766594212834,-0.1406940192021624,-0.14199136072028845,-0.065608307759239592,0.98769124904180905,9.159486678155055,14.210578212511754,0.065810077336221615,,0.2358809554529458,0.2857142857142857,False,6
0.83613902937279383,-0.49619794131424688,-0.23379291391106619,0.52133069850187708,0.85141824855547898,0.057456669119148707,0.17054567235514626,-0.16992518666232398,0.97058724727801116,1.5669388106122593,-7.5997589495971081,0.051636785545747944,,0.07624143760705455,0.4285714285714285,False,2
0.90442193751392352,-0.35188923441868591,-0.24123624446544517,0.37880066183815125,0.9224692972095978,0.074568453763030257,0.19629319278706409,-0.15882179449263789,0.96759734397093033,-7.4759258222171825,16.649805678869747,-3.2642740482011376,,0.07257008077381899,0.2962962962962963,False,2
-0.19502603594830123,-0.85795578908189141,-0.47526488328421934,0.97874247969492179,-0.20159806835409785,-0.037701157495936548,-0.063466556097907467,-0.47251463767460922,0.87903464860055736,4.5921226146359935,11.131123233644908,-0.75454932390660889,,0.3162997756216819,0.4166666666666667,False,2
0.83589033863783602,0.51277522000996101,-0.19582879133483086,-0.51219308699204225,0.85693700410242268,0.057595248393660217,0.19734635393005581,0.052158841472000561,0.97894528542039205,-12.035566495958211,21.869014601489454,-4.3172897032364421,,0.5878369737114737,0.7333333333333333,False,1
0.85232137357115934,-0.45768125292978135,-0.25313266654147365,0.49330679765396823,0.86427941706909961,0.098333578288819556,0.173771918163316,-0.20868387562847807,0.96242109313466262,9.2350001131315125,-4.4828694420855069,1.5260874039356038,,0.0830891656759773,0.2826086956521739,False,5
-0.95493745204208969,-0.19251761645050919,-0.22590137238090405,0.2025448480827084,-0.97902905773247229,-0.02185608909708257,-0.21695632556464853,-0.066626357184538521,0.97390496524342873,-3.8508413338689214,-3.3868873566541193,-1.6391762947694737,0.2676772529673229,0.1932883463634867,0.7690839694656488,True,5
0.40280196789980971,0.91041247656071689,-0.094338206356825244,-0.90811328894459631,0.41039567607624833,0.083100201565024415,0.11437145228713855,0.052196854124567871,0.99206585432683336,27.162609494618575,-8.3735946191533852,6.2041936974957412,,0.249243579177331,0.5,False,5
0.1668485370615917,-0.95595853015588583,-0.24146398137735767,0.98593112485521017,0.16426031917992434,0.030957464118518459,0.010068898755407604,-0.24323206237070727,0.96991586290396625,-5.8709840950877821,-2.5191878602301085,-2.0866997652931203,,0.08362125661627927,0.35,False,5
0.80695306166227299,0.57921917645133081,-0.11546385540473812,-0.56581180696549072,0.81420715357659457,0.13009116097239695,0.16936279217210054,-0.039646647976118221,0.9847560042629484,-16.503947203460783,15.442816654956298,-4.9526075756330297,,0.2601013043936253,0.375,False,4
-0.97425704948961589,0.073028018238754239,-0.21328410646812884,-0.065422089077515816,-0.99695162676128657,-0.042513576169945028,-0.21573861912166192,-0.027465659470406377,0.97606479588669404,-17.041293433650583,3.0885188364674412,-4.5466898062515488,,0.1427426918206525,0.2222222222222222,False,1
-0.16461475459133496,-0.89490046445206139,-0.41479530047279967,0.98465649641619268,-0.17378348882628217,-0.01583928902301179,-0.057909987361625462,-0.41103826796887299,0.90977688233375442,-20.656537482451672,9.7502185666029231,-5.6100900566055438,,0.3617163122308835,0.265625,False,1
0.2276576731112071,0.97152934836823712,-0.065595038934202043,-0.97110015111379089,0.2314825845328555,0.058140429691929896,0.071669242917472356,0.050463237283968121,0.99615108357239579,-14.660878715486056,22.380444675172395,-4.8447852376989378,,0.2659838060996254,0.2,False,1
-0.095711049664063963,-0.96357836499910687,-0.24971209317502177,0.9943987203222393,-0.10385687325016506,0.019619757903499641,-0.04483949145224414,-0.24643555827913061,0.96812134343890865,2.7656449364425599,12.187051513523317,-1.2142849319498497,0.4257412662198262,0.4349853256184291,0.9,True,5
-0.97531343871119913,0.083570036120705377,-0.20440094259107655,-0.043786802038966115,-0.98043296759881815,-0.19192162987161085,-0.21644032026527996,-0.17823368118332522,0.95988871368263551,-7.1741679307964725,25.102788701231951,-3.4809627062613311,,0.5683351662690146,0.1428571428571428,False,1
0.9716161461023578,0.11068858578047974,-0.20906960948717013,-0.090631846234988919,0.99052090821705108,0.10321917860990955,0.21851300437556967,-0.081341055825360886,0.97243801836208388,-4.2962491105043412,19.517249900492057,-2.8291144324246318,,0.1289903454595135,0.7142857142857143,False,1
-0.51231069023188947,-0.82382061378331439,-0.2426053440874866,0.84808540242112451,-0.52979704656552562,0.0081387745173921566,-0.13523648499692553,-0.2015804696793046,0.97009092737204117,-20.605865068635747,3.3588809183520381,-5.2930878713957874,,0.07736013429449079,0.3793103448275862,False,2
-0.71840432894011752,-0.64443135357778747,-0.26192260438152432,0.665731299943504,-0.74612736006282776,0.0097876882463714607,-0.20173511453297366,-0.16733855829299071,0.96503924815148934,-16.827790765667263,7.5724641778672535,-4.7569837747572477,0.3137995083595342,0.2460907166718344,0.6228070175438597,True,5
0.65955304198412834,-0.68025546499429657,-0.31975347872208887,0.7404817707193504,0.66110954728296101,0.12091697037080881,0.12913764765481583,-0.31652277775337595,0.93975358425571809,16.137841393028669,-3.0759442153513876,3.0673422220900517,,0.2101490824256113,0.3,False,8
0.5778724904591569,-0.76515125570149545,-0.28391361480027022,0.8085339411940009,0.58408129573376721,0.071567492000623067,0.11106867563731602,-0.27091067877141373,0.95617527337815222,-2.8378101261352064,-3.7830144607189378,-1.3999489088713959,,0.07100761226765943,0.2096774193548387,False,5
-0.95513645885012588,-0.17083172132116684,-0.2419315356990254,0.21171542498094531,-0.9650578829046409,-0.15440162391875842,-0.2071012404607451,-0.19869525820728376,0.95792967934267548,13.0910385555991,-8.3603498969200043,2.8385297366388529,0.4959415293698252,0.2485319397498877,0.5,True,6
0.79814781451687722,0.59756292953807644,-0.076672103295817556,-0.57658978897199809,0.79455552422435261,0.19033059180749382,0.17465474924879382,-0.10770359402748034,0.97872143861182737,9.0921088449477203,4.7483748806261721,0.63977854208074936,0.6324063769866688,0.4451778610970918,0.5,True,6
-0.90836877457381293,0.36112837498394257,-0.21083753499015209,-0.36609091326997595,-0.93043432060930942,-0.016413965195684988,-0.20209802720566461,0.062275772285433753,0.97738330023887188,-13.066277231717329,-7.4247392992613612,-3.0015055697964521,,0.09092262050239415,0.3421052631578947,False,2
-0.67117268697646004,-0.70369173488719938,-0.23312049782943037,0.72237757410978565,-0.69145884032023808,0.0074372418443707719,-0.16642675470025553,-0.16340934610490948,0.97241941616028305,-18.330775070799834,2.5719259154898593,-4.7696512992453526,0.5509574128662581,0.5377838523267522,0.9945750452079566,True,4
-0.61466841859951016,-0.73742983016691377,-0.27996424906829148,0.77492951739059257,-0.63078889709196784,-0.039869918262777013,-0.14719707284168035,-0.24145934002538386,0.95918215624632297,-20.226500895989115,12.283622265842929,-5.6212670231658919,0.6591975316551495,0.4587598508204321,0.8850574712643678,True,7
0.84467601884380217,-0.47337713718459135,-0.24987298609714809,0.50118406230212842,0.86335318783899395,0.058615772131597452,0.18798127269630138,-0.17474369527730516,0.96650281017507211,-22.164358649398331,3.0363950975279659,-5.5800802919501091,0.1929155824532227,0.193228429091353,0.5172413793103449,True,2
-0.73798660942047623,0.65347768107285786,-0.16835285758106372,-0.65786220931933448,-0.75226725283755402,-0.036211791694473618,-0.15030993934385672,0.084029165459856628,0.98506143031110838,-21.833925541091656,1.53698868399529,-5.4396429971101323,,0.1481658925206976,0.3333333333333333,False,1
-0.4935191629744089,-0.72269498795487142,-0.48389129994446745,0.86010471837719493,-0.48810743853120858,-0.14822618485203057,-0.12906862206719594,-0.48934965294297528,0.86248374359303981,-8.8805704688602205,9.4157183415361665,-3.2730483218781048,,0.2046402900800121,0.1645569620253164,False,2
-0.1915319875680776,-0.89237519409369459,-0.40863432394313581,0.9804446346567296,-0.19313485843963096,-0.037778893953327022,-0.045208584484086482,-0.40787919709363152,0.91191597445554218,-15.950122559150014,10.196766174782654,-4.6753306975724733,,0.2392488868034702,0.2894736842105263,False,2
0.29948218056786652,-0.9167598439365312,-0.2643138514489598,0.95293882591511347,0.30108467797030664,0.035434598276853441,0.047095834060359658,-0.26248696203237193,0.96378554522112192,-1.188090986901545,-10.347438770912849,-0.23025555782008364,0.1571586932164139,0.1129544641419846,0.52,True,5
-0.74435436321408643,-0.56186396661525206,-0.36089536569970948,0.62914191844430967,-0.77122285566877513,-0.096931694250711187,-0.22386832831011533,-0.29920593228322651,0.92755527148852956,-9.9833606702231776,4.4391100845881697,-3.2660963579180944,0.4750390411181231,0.4586200710316059,0.6853503184713375,True,5
-0.75208052862924513,0.62864407762266816,-0.19794317903555145,-0.64121601570930942,-0.76736004904918842,-0.00075915815613857712,-0.1523709278525085,0.12635338853062886,0.98021320209033802,-13.4267420468164,6.4290891823718663,-4.0433197407128576,,0.07768483896312584,0.3939393939393939,True,5
0.24756555668653696,0.96820454302813042,-0.035934078563043009,-0.96509672154827708,0.24970202848517259,0.078976040842510531,0.085437773843031237,0.015128113896976325,0.99622865195228516,-15.137248740864484,10.158386460275214,-4.5425522485361061,,0.1488156758329154,0.2244897959183673,False,4
-0.18013933008182093,0.96845902194728606,-0.17215383982525168,-0.98339955440976123,-0.18119380911585287,0.0097015423913214202,-0.021797663736178502,0.17104363872121492,0.98502230203617758,-14.438034559425853,4.2360546493004332,-4.0959490491892696,0.6250189709075433,0.5849417099028601,0.9683666881859264,True,5
-0.61308908289431241,-0.75217145061181279,-0.24157790735150481,0.77357130582630307,-0.63363558354261285,0.0096634399051608103,-0.16034092190703891,-0.1809531877396299,0.97033331005838785,-4.6824149047755919,-12.665524022714148,-0.69015061810091571,0.1921371000375486,0.1293765416035689,0.6190476190476191,True,5
0.533427267037904,-0.76538669607473042,-0.36005354636815201,0.83912537553114364,0.53240402218981075,0.11142065022172121,0.10641407294240815,-0.36156488024685418,0.92625422128694668,4.6053209303197749,1.502786431430851,-0.17528540675129506,,0.08909231487714446,0.3636363636363636,False,5
-0.94118075761037912,0.30956815709538088,-0.13544865306278356,-0.26939702059899773,-0.92941048091192635,-0.2522328354188742,-0.20397065180151777,-0.20090722755448887,0.95813999974953168,1.3473756047790235,12.629171601471175,-1.6181367667571236,,0.4877834120375309,0.2236842105263158,False,1
-0.89149125604571844,-0.30383477257160463,-0.33604727549913105,0.39096971556106558,-0.8907226710073074,-0.23185298114906336,-0.22887992901984019,-0.33807921309948885,0.91286166737458307,-15.298155425865215,20.603368720204227,-4.9013693156210953,,0.3720089460834048,0.2380952380952381,False,3
-0.92477687004018472,-0.29900335675292183,-0.23533961266468403,0.31864240403495603,-0.94658335203968447,-0.049466918158887409,-0.20797778484612828,-0.12073504168964022,0.97065353794167863,-3.9238297564293516,-9.8759853762389724,-0.91887388857482311,,0.08798581154233685,0.3333333333333333,False,5
-0.30094290285974867,-0.92004558852092966,-0.2508973580202149,0.95018116478539061,-0.3116814235640743,0.0032317630096846302,-0.08117341501641126,-0.2374253677437356,0.96800830133130866,-3.3689055415279308,15.055466796158868,-2.5206051023853533,,0.07972842242787198,0.3333333333333333,False,4
0.97289894906691154,0.09910134927757884,-0.20891758536767943,-0.090439113261964757,0.9946137075108733,0.050639309077667199,0.21281071800284829,-0.030372609417653195,0.97662126891660206,4.9324085628754606,-6.4472885801747122,0.73716216787357225,,0.08191218008545151,0.2,False,5
0.20886447994694346,-0.84518453944216576,-0.49197431163062511,0.97780922585474694,0.1888553444005297,0.090679527594149226,0.016271043292721055,-0.49999675316875003,0.86587441350976246,-12.865001135123309,-4.5515526301520461,-3.2115302525961877,,0.4102667008130676,0.3186813186813187,False,3
-0.64481931312947149,0.74344864787515164,-0.17746030933097467,-0.75465618610070995,-0.65608838063372721,-0.0064867231591992681,-0.1212521925375666,0.12973875585198966,0.9841065801196589,9.2838621130688495,-7.2357249448813477,1.8210307445290475,,0.08570203022872135,0.2105263157894737,False,5
-0.59582728918318228,-0.75176393091740101,-0.28256120334581936,0.78969127114837889,-0.61246408400421526,-0.035713331921493348,-0.14621059379086637,-0.2444150935938583,0.95858422910395691,-14.714046844974892,15.123145087542612,-4.5945660600993303,0.6630760896160153,0.7485773671040986,0.6451612903225806,True,5
0.63617180623160818,-0.72129034359868971,-0.27390814735472568,0.7633796531442969,0.6399567994796399,0.087788381720305925,0.11196846931751539,-0.26494439988620422,0.95774084534785942,-15.318053516086339,-4.4900798802350899,-3.6554622009338456,,0.1214079658769156,0.2916666666666667,False,3
0.58442624764582163,0.79589355968552533,-0.15811199421209843,-0.79612090926664214,0.60008920877649397,0.078002816221306531,0.15696324057268329,0.080289371408073157,0.98433538895430195,-2.3679649012266948,13.348703307190075,-2.2721756653106242,0.3559733500828726,0.2960879881957671,0.6136363636363636,True,5
0.45431257625635979,0.87522816458179198,-0.16605945615380574,-0.88275332832580666,0.46735993581572371,0.048179370315871176,0.11977747862190297,0.12470104376913271,0.98493807180851167,0.32202685245461415,-8.2433958629917292,-0.16996569045853704,,0.0841933329630424,0.25,False,5
0.33677662667350594,0.91883353551098168,-0.20573390033439878,-0.93563453660629903,0.35108727385487543,0.036410713350174109,0.10568593868595205,0.180229465286734,0.97793037697298668,2.0720540538902821,-4.5037650949644465,-0.21615945574435835,0.4655851075740242,0.4207544758709822,0.9250493096646942,True,6
0.76017949312598232,-0.51638339476941109,-0.39430359855971842,0.63074621520278462,0.73211181903596279,0.25723820951642529,0.1558407848994848,-0.44425271415521195,0.88224326335067038,-7.6112932412105616,18.873047961854688,-3.3887360798803803,,0.09177194160108476,0.1428571428571428,False,1
-0.71691105854396175,-0.62975763688581188,-0.29907165181838258,0.6750150843681002,-0.73429367421626501,-0.07188487936628904,-0.17433637031011159,-0.25341294124408364,0.95151915965844869,-17.313294384272528,17.71913147682103,-5.1488369589583369,,0.08376429391469647,0.3333333333333333,False,1
-0.65010833149494085,0.74023467300211876,-0.171498647826476,-0.74968525142856501,-0.66164689730254478,-0.013978808261227053,-0.12381914678817844,0.11948226720045663,0.98508517738989732,-23.053045605397696,3.9049548648078942,-5.8477745619531003,0.254646438546471,0.1235889009854476,0.3636363636363636,True,2
0.90635592566997081,0.37808525337176202,-0.18860137111310174,-0.35929606074367809,0.9245684638617957,0.12680495402907432,0.22231796314514599,-0.047166691796765761,0.97383264807046976,-12.095682074030993,11.83124598887129,-3.9961117249467026,,0.2959600046121637,0.2093023255813954,False,5
-0.75945831332044467,0.61947929311415828,-0.19866674540861223,-0.63162271880347554,-0.77527054919042682,-0.0028838601355825402,-0.15580696845704012,0.12329225831640386,0.98006285901439505,12.324734994957089,-3.2487820875241029,2.175672167166617,0.1700144608781733,0.1390609750745669,0.6379310344827587,True,5
0.95917799424740824,-0.16715903971428356,-0.22811275894460195,0.18738291180339955,0.97979455168127516,0.069930543110781548,0.21181411594980848,-0.10982027106817779,0.97112012045210616,-16.212321763670726,13.650214055111022,-4.8444278378538028,0.7640978550265148,0.6984615238274847,0.9262295081967213,True,5
0.95529124823204403,-0.12314479556653551,-0.26880102376318948,0.20899511256198705,0.92432400212832133,0.31929012201238621,0.20914032125935189,-0.3611931594235393,0.90873529017485388,-6.3669330795710835,14.205230180817294,-3.0342349290767032,,0.208334696648756,0.4054054054054054,False,3
-0.96012450643031522,-0.16930495077456875,-0.22247868615929445,0.19556836736069003,-0.97540080334465729,-0.10171669736318154,-0.19978474876681432,-0.14117048727627085,0.96961690769208575,17.924660233201568,-5.0874871149763887,3.678686783670289,,0.215334054165753,0.125,False,4
-0.87469522774517794,0.44578387505780209,-0.19022354033678951,-0.44864616084267828,-0.89319901660840562,-0.03020164053331886,-0.18337088351463532,0.058925830229433582,0.98127614136431296,11.33730892493449,-3.2437660806764286,1.926077602269054,,0.1132576645212316,0.2432432432432433,False,5
0.2899874303308061,-0.92127921456972717,-0.2591368346104489,0.9556481856722554,0.29329906124870847,0.026687185912963842,0.05141824064923485,-0.25538259430198762,0.96547185099107069,-1.8493986181105486,-7.5984455127544681,-0.73674132766540268,0.2984484648650844,0.207162805790974,0.6992481203007519,True,5
0.5435667912726696,0.82910134611067754,-0.130866731077837,-0.82171802486220058,0.55743371135993169,0.11852065244529514,0.17121516008257054,0.0431116610322205,0.98428997436779009,-13.195545108264151,17.695351780783483,-4.4059353501847083,,0.3019053891342592,0.2105263157894737,False,3
0.97205847659386624,-0.038820794060829687,-0.23150650969356673,0.048107188113303917,0.99824268011524386,0.034601301249589649,0.22975642871058483,-0.044771615392124396,0.97221781814639485,-11.334768168227667,-12.462691100065184,-2.2450392446326517,0.3912138905399601,0.4229109124190494,0.8349514563106796,True,5
0.86406207265874202,-0.44656556383005885,-0.23232720846646762,0.4697401864496672,0.88119698348851672,0.05325442258603362,0.18094444403438262,-0.15514855298030183,0.97117868318925116,-7.4226296184606415,0.62101123253934332,-2.6190420622066668,0.08852851239373842,0.09182775094727436,0.5429292929292929,True,4
0.88503068362768345,0.44433267300254842,-0.13888543746529591,-0.42539523252501366,0.89308209171174335,0.14643521983719571,0.18910204965178382,-0.070518459754795496,0.97942205491366507,-24.269538194236709,1.2796121645821743,-5.9053624939087763,,0.3725777864600209,0.24,False,2
-0.17346124152927209,-0.93364576370149799,-0.31339557369141474,0.98304943043061188,-0.18332921297339227,0.0020535336878538951,-0.059371836902474884,-0.30772713171380262,0.94962044912165966,-3.3147097585295651,7.4137513168215019,-2.2199385608308431,,0.0744957537250555,0.3152173913043478,False,5
-0.96213844510384239,-0.14959355008439484,-0.22784069484249381,0.17125480448057934,-0.98210543876530698,-0.078362612832422948,-0.21204104412938846,-0.1144144961128323,0.97054001395293732,-7.2445012222935627,15.43566464650017,-3.1762286429044524,,0.1456243326566601,0.1764705882352941,False,5
-0.87808864587077573,0.45420025355951815,-0.15054055818714845,-0.43335234282703988,-0.88826260443330252,-0.15230000831149995,-0.20289425068035952,-0.068495804483461695,0.97680205149713939,9.1423057614999692,-6.23219567048125,1.6806882112464805,0.3624852736754808,0.2229563311879978,0.3548387096774194,True,5
-0.17202252018766928,-0.94247723614390633,-0.28660933672653954,0.98478419893980973,-0.17181373689385052,-0.026079135972043064,-0.024664429179702407,-0.28673454477114313,0.95769252203832367,-9.8311864898590553,14.873341345811269,-3.6551080754403307,,0.1495221949849,0.22,False,4
0.39977227679813382,0.89713803645093737,-0.18795071230669336,-0.90981570406293522,0.41330361916044633,0.037623171441847014,0.11143388777253577,0.15595980873877069,0.98145760311592889,-5.7145938984925344,0.36497442634914284,-2.2835716946721876,,0.08356828786107623,0.3436426116838488,False,5
0.93898560935909181,-0.24148844538140021,-0.2449272466750258,0.29214016743763821,0.93579656848333082,0.19732943263570876,0.18154929905136843,-0.25684258440160668,0.949247985961445,-8.1574688017495323,13.240248808936737,-3.32186933391087,,0.5495903003741371,0.3964757709251101,False,4
-0.24150096176767485,-0.88912360022560466,-0.38876279269902891,0.96700328431721694,-0.25399252668132982,-0.019810212259094975,-0.081129116752276423,-0.38071908267368737,0.92112488105745038,6.1295819944982588,-5.10848116931456,0.79481586495340217,,0.1253751861783873,0.2857142857142857,False,5
-0.95427900718669134,0.21035079317049518,-0.21237730635669624,-0.21502094114505985,-0.9766087819112893,-0.0011322379786252654,-0.20764770962347545,0.044585097356527936,0.97718708433023893,-13.116388070624579,11.924535637826303,-4.1887357425414606,,0.1356172601723789,0.5575221238938053,False,5
0.26730102439870101,-0.86522705648573395,-0.42418427962436145,0.96296631532573251,0.25597374796061678,0.08469543023668856,0.035299262079939213,-0.43111434803312687,0.90160655555324398,19.934934278515392,-6.6920895333958308,4.2936148131204535,,0.2007040401106259,0.5714285714285714,False,5
0.16062903624127642,-0.94707121609271827,-0.27794680132150956,0.98690455689171064,0.15832100224995985,0.030884556544409528,0.0147549416323936,-0.27926792135014034,0.96009984887104161,-11.057888635374132,-6.6861815602105512,-2.6591874365563974,,0.07126254413247693,0.3043478260869565,False,2
-0.66207954616833942,-0.65971473888763543,-0.35556594021355153,0.730915831927064,-0.67323407256639511,-0.11188355631653843,-0.16556787485468327,-0.33396458918586996,0.92793045643842254,-13.017708073789525,8.1522163257279843,-4.0184724708266923,,0.1097547337956875,0.1066666666666667,False,5
0.239431357557717,0.96339908736672553,-0.12056045570181897,-0.9676971145726927,0.24688989576086107,0.051065387679694832,0.078961506227749945,0.1044393500178586,0.99139169993605147,-6.445054336345879,21.861489148316036,-3.2754207862959968,0.2322280273205742,0.1835784700008159,0.3636363636363636,True,3
-0.43397290606072253,-0.81055850966526921,-0.39327143198359726,0.89302060639895198,-0.44471759859222926,-0.068850955325319291,-0.11908699908915177,-0.381078941836962,0.91684084046052505,-7.888497270084093,-4.296952802074677,-2.2850109173766602,,0.08484474124075927,0.253968253968254,False,5
-0.74857989410496384,0.6525021995064324,-0.11776681103379094,-0.64794111542048816,-0.75759095575564139,-0.078919292349253906,-0.1407140827687631,0.017228563391105206,0.98990036039695606,24.080258673243794,-9.3716935040307607,5.5735189267929677,,0.2933973065250893,0.1666666666666667,False,4
0.42836214876078316,0.9036071375043192,0.00010276329763134195,-0.89361631794252838,0.42360905105350088,0.14834166027246304,0.13399905154844577,-0.063635783304703347,0.98893616642699134,-13.713391378251524,10.262860616095208,-4.2416525558372706,,0.4082398484747362,0.1304347826086956,False,3
-0.64060853483198155,0.75744292082876319,-0.12609887702439787,-0.76056654735256868,-0.64849518310561749,-0.031504357428862012,-0.10563726685510026,0.075724627270156095,0.99151729620626439,-9.3136883426801074,-7.8514451632854776,-2.2200721871678959,0.3202762900283465,0.1690091884697609,0.25,True,5
-0.95661969098799993,0.19462372984110587,-0.21679568860279194,-0.2012951857397208,-0.97949013289401121,0.0089066133452888555,-0.21061579953088477,0.052160170110989501,0.97617636810258712,5.9803121521484623,0.30148306977159678,0.28467384707127619,,0.09275475908876404,0.3,False,5
-0.76683068268322663,-0.60081805885422934,-0.2258060323601091,0.61501546375954874,-0.78845977507513743,0.0093360818919498538,-0.18364826008488605,-0.13171500766086564,0.97412754469047547,-9.1948423901323899,17.188521173981211,-3.5748859676881075,,0.06641454726427912,0.3181818181818182,False,2
-0.86609673399653408,-0.40391214075299575,-0.29450200324084302,0.45685182170816957,-0.87871236723565571,-0.13838709719131032,-0.2028863237442689,-0.25440038958193911,0.94557790869821712,-15.105225762123471,-8.6684783925814699,-3.3322314886718098,,0.08087170302914233,0.3448275862068966,False,1
0.85728127587185865,0.47026971915623023,-0.20955955068724214,-0.46017460639147512,0.88243215409219822,0.097738554606941572,0.23088556834927856,0.012644550957765857,0.97289874584105984,-11.260682070980298,21.134273271103876,-4.1182077130983847,0.8134290250279004,0.6635143317877941,0.7295081967213115,True,4
0.85725921816222606,-0.45279965856883492,-0.24511038753148728,0.48214211242149091,0.87300074709643694,0.073543721681770771,0.18068097936869831,-0.18122407337053661,0.9667017217970385,-0.17854511004894336,11.655060730827271,-1.8359746535813966,,0.09834811592626316,0.25,False,1
0.12601131799259846,0.98448849280803485,-0.12208011822706705,-0.98907049030904326,0.13417727407734273,0.061123026111315745,0.076555293334942862,0.11304364931184817,0.99063637143639294,-18.240784270173403,10.350759728811646,-5.1219143440344039,,0.6108284523004992,0.7551020408163265,False,4
-0.97149135766525074,-0.084850240555802564,-0.22137068157131948,0.091958003375384192,-0.99552021391820089,-0.021982477009480098,-0.21851376981083107,-0.041712592317931507,0.97494194291002667,-17.621535579267231,-9.4227274475760936,-3.7595824065998698,,0.5077894518560577,0.7333333333333333,False,1
0.92103771629062137,-0.27706015448068894,-0.27372832511323286,0.32673354148139161,0.93217517229296265,0.15586738283430296,0.21197810745731907,-0.23299596339791839,0.94909333734838275,-6.2225988105959891,-7.2323202074633866,-1.6860206514120988,0.4216911399596763,0.2795592414534214,0.1304347826086956,True,5
-0.28091908802937021,0.95801726309651536,0.057335761875202979,-0.95968254202415493,-0.2810061891854515,-0.0067037432474002859,0.0096894021902191041,-0.056907339144729119,0.9983324447480727,12.250090417403804,-4.3890178238861326,2.2551276729104792,,0.3147436382674015,0.1818181818181818,False,2
0.26586393556824189,-0.89683163609943883,-0.35356666168541939,0.96265090958965871,0.26646048395639854,0.047979545182578798,0.051181969778145958,-0.35311729918106227,0.93417802317797194,-12.329464956281727,8.9560279267285399,-3.8827206046072114,,0.3326633008620066,0.2924528301886792,False,5
0.49394893400802953,0.86280003075384792,-0.10765945162172066,-0.85969940905076647,0.50315795256225226,0.088028409341102593,0.13012062353867551,0.049073227981462825,0.99028301087385373,-1.5038518595359176,-3.1754960562847159,-1.243632534190984,,0.08723127514079815,0.163265306122449,False,4
-0.7952096562576797,-0.52227699869953026,-0.30800704411418167,0.56870246491912568,-0.81862909724860422,-0.080149282796839666,-0.21028340160235004,-0.2388998488223632,0.94800197955658216,-7.1820021078092537,-5.8405580384996165,-1.994580634155398,,0.5168818100525906,0.4285714285714285,False,2
-0.086901204986509287,-0.96256446052817335,-0.25674469790046339,0.99518601799167206,-0.095600316587600737,0.021572414381119755,-0.04530971381252491,-0.25363406473984923,0.96623847524188866,6.5409287623015091,1.8287779099901802,0.32041970447873491,0.5813277315966643,0.3819162503673561,0.8409090909090909,True,5
0.53680722617303367,-0.80597876099393528,-0.24947191977273639,0.8372934882762274,0.54529036374793416,0.039975413617282768,0.10381529954029323,-0.23034030483249482,0.96755657589157684,-3.9581357930824659,-8.1893599850885312,-1.1427724268827277,,0.08798462282225347,0.3870967741935484,False,5
-0.33253292991978856,-0.82355950536949363,-0.45953410279816664,0.93835082092386757,-0.33772209493114047,-0.073766682634002184,-0.094443567226491637,-0.45573405370992059,0.88509145566921976,-9.5696592871528452,23.682413891515282,-3.8883366382444935,,0.6167248692627485,0.4655172413793103,False,2
0.92039762107338996,0.35009692506730133,-0.17406999218953814,-0.32067227388316066,0.93065477448878864,0.17621289250172947,0.22369066114849012,-0.10636650685080944,0.96883881752090684,-19.113644563462511,14.829797935542398,-5.4218488997354939,,0.1356990457447901,0.5,False,4
0.71525191908800489,-0.65230825533309045,-0.25081593303700905,0.68372506499630592,0.72743952708871584,0.057894472315949179,0.14468838148491023,-0.2128982725464082,0.96630202204591897,2.3521975193999562,2.1161948606984828,-0.73886303051572921,0.3340330075701897,0.2909556864900222,0.9246861924686193,True,5
-0.97379548371295832,0.12162648381613898,-0.19217011821500324,-0.072743398235708939,-0.96716601618108422,-0.24351241273810209,-0.21547796618997239,-0.22315218031409237,0.95066942230604023,5.3937422329926852,3.24525032177517,-0.13760919245053763,,0.2233414470541838,0.1296296296296296,False,1
0.11856789232285402,0.97718544481818215,-0.17621084343935317,-0.99179471512278683,0.12509372710831898,0.026359106446540874,0.047800606320701995,0.17163963957559913,0.98399945943162592,-13.932203526927971,-0.23922730050323507,-3.7117149838579246,0.6284565426745545,0.4756070067186945,0.8613333333333333,True,1
