axis_00,axis_01,axis_02,axis_10,axis_11,axis_12,axis_20,axis_21,axis_22,location_x,location_y,location_z,dbh,dbh_approximation,score,reconstructed,number_clusters
0.4069462331670558,0.90719948231548886,0.10669518544739642,-0.90993117417916558,0.41284850600478135,-0.039766434923766067,-0.080125037086233739,-0.080902474474703695,0.99349623454535596,-7.8401717381399845,-20.477224719094469,-4.1438574729527922,,0.3964103786418147,0.2,False,3
-0.80925899221349751,0.58696404740666308,-0.023939310215280972,-0.57526435700566181,-0.80006908105873631,-0.17017751053735675,-0.11904118228771679,-0.12394624877671043,0.98512259355560672,-10.898878341149876,21.952236864761993,1.5825113637757369,0.2132001499658171,0.160792887128232,0.6666666666666666,True,4
-0.39986934493982457,0.91014611012986979,0.10834465927244749,-0.90526078976475488,-0.37365232817792271,-0.20220494593780391,-0.14355281081151905,-0.17893573109551136,0.973331698161232,5.3378220390208782,-3.0624678140677757,-1.7624043217284591,0.5388484083299075,0.4400815879064733,0.6781115879828327,True,5
0.99650878547160526,-0.050174091631664149,-0.066729311451899892,0.058740558735230992,0.98932993769278132,0.13332599575578341,0.059327794813056764,-0.13678024314108983,0.98882322881740847,-8.211098739531641,27.496477576096883,2.3680902615286517,,0.3479452002464399,0.2,False,1
-0.84603301101028905,0.5244196996395305,0.095979804703121563,-0.52109733402561964,-0.77539220895936167,-0.35668542268575243,-0.11263086944641965,-0.35178246248940104,0.92928111265248314,-15.61549879166942,-16.936660190810937,-3.6334779476693706,,0.3531672358366103,0.3,False,1
-0.72255524499515311,-0.66973323482467351,-0.17138060596600149,0.689479406311992,-0.68009853349440219,-0.24916687783577318,0.050319640317256956,-0.29820023291413239,0.95317603562421749,6.7516152331365396,-17.589361392944387,-3.9389804388817429,,0.2098794760043288,0.1875,False,3
0.85685789706082061,0.51397185321431693,-0.040342017152716333,-0.51497555679800722,0.84957293980855197,-0.1141314849006977,-0.024386884694273123,0.1185696168860154,0.99264622389168078,3.2482454612032132,7.7812523968946801,-0.22435399854776725,,0.07219672025891291,0.3064516129032258,False,5
-0.96855281473023769,0.24880778300710091,-0.00036358386495656189,-0.23778932276961712,-0.92608850450948976,-0.29294422641886136,-0.073223514357768443,-0.28364549869594197,0.95612946195305049,-2.4929786146656654,-9.0941636977995817,-2.5974488957198085,,0.2185184297506746,0.1891891891891892,True,5
-0.20572313512798304,0.96467244747627912,0.16457539534583948,-0.97136510504069751,-0.18086577451700242,-0.15406947886469832,-0.1188605249121362,-0.19155845240680591,0.97425742744365118,18.585083565729644,-9.7284296712341192,-2.8814545123057944,,0.4492467388173228,0.5,False,5
0.96937885470084761,0.2413035863868542,-0.045576476999823916,-0.24485772410874043,0.96389998345314576,-0.1046017057380659,0.018690398689205287,0.11255843413919256,0.99346930898793828,-8.4828886815889497,7.191987665476903,-0.33276077133934068,0.2774542106748353,0.2420315287213694,0.856418918918919,True,4
-0.51238416002679044,0.85867428171629534,0.011872256426084929,-0.84756338219337346,-0.50343262411570922,-0.16790445539324514,-0.13819835642500183,-0.096094073152183046,0.98573178065153855,-10.478124778320947,-13.850153466170346,-3.2565050500029806,,0.10015959070548,0.36,False,5
0.47033979429172174,0.88235687306638277,0.01506075888318395,-0.87788941108871754,0.46956161686423764,-0.093925874316656596,-0.089948095054461386,0.030955395658258826,0.99546526994954232,1.8059722070360431,10.519895904351275,0.22080722781329784,,0.06894703358830982,0.2564102564102564,False,5
-0.99848967973813973,-0.018317778741164813,-0.051795930712927311,0.026399912205424161,-0.98677266548054132,-0.15994608871733845,-0.048180951547001777,-0.16107192692216271,0.98576591048058071,-19.249356314444487,12.361311796281308,0.21833883658018699,,0.0862873364398195,0.3333333333333333,False,1
-0.67963399135088909,0.73330941711710695,-0.018839760291161429,-0.71561062144159238,-0.66843858419302249,-0.20270988540770599,-0.16124229060776027,-0.12428659593615189,0.97905759064018605,2.5981893973992163,-11.955955792774562,-3.0356746978428362,0.2657541467074306,0.168639065853312,0.3125,True,5
-0.98491076690930424,0.17296323870407448,-0.0058736090373965218,-0.1574780743204221,-0.90977553557082158,-0.38406917473959934,-0.071773514157093266,-0.37734890079848199,0.92328563821372167,-13.772812526661264,-22.003846745402015,-4.3583053014399811,,0.2807174608368473,0.5,False,1
0.85343101882959904,-0.51422582070656875,-0.085013536675808049,0.51080508730964891,0.85762189904511676,-0.059689538922914495,0.10360337290868053,0.0075155569922637395,0.99459029631554396,-8.0608769271958707,18.512805696810961,1.2024579610603889,,0.08737905293326616,0.52,False,7
-0.47107598090472003,0.88174166833966161,-0.024880726039371765,-0.87075373519617738,-0.46934357389614018,-0.14664427122906606,-0.14097997324641998,-0.047415608780114325,0.98887633563932076,7.9373237803597441,-14.624650252524491,-3.5585658719083075,0.3713083043918369,0.3345349763101836,0.8648648648648649,True,5
0.96224491001941981,0.2699141971169679,-0.035086455170354067,-0.27145364637113684,0.96109644523890925,-0.051054292874800879,0.01994118886958525,0.058651079647647875,0.99807935548363713,-5.2077690070106613,-9.8609890743250492,-2.7153266088272527,0.2554560732989339,0.2204145783617441,0.4824561403508772,True,5
0.91326337841599847,-0.39860656277588902,-0.084040524487818652,0.3950877486776368,0.91695133298952747,-0.055730815296071871,0.099275739680109498,0.017693531041588478,0.9949026417043263,0.51205246245368163,6.9969598122958843,-0.27379415847134486,,0.07371783770447045,0.1875,False,5
0.91780947519832123,-0.38989893097878614,-0.074863815410262685,0.38582303422946063,0.92039085213873517,-0.063413449340854536,0.093628806967485267,0.029317280244463204,0.99517543357184657,-3.3688023783677972,16.840535786372339,1.023631553245228,,0.3138347145963485,0.4857142857142857,False,3
0.53042559395852196,-0.84407240960032237,-0.078679454912037788,0.83643651849211786,0.53619945040208938,-0.11342001552319965,0.13792258628134366,-0.0056494902428045023,0.99042689960110752,0.1784984112090959,5.1437486554061511,-0.52021272219230408,,0.0685917999896832,0.2314814814814815,False,5
0.38485764919259358,-0.90345781517176427,-0.18880827858707622,0.9090475110790921,0.40643846800194594,-0.091871618735826513,0.15974107943437879,-0.13627820050652095,0.9777070315835138,0.54689003604047526,15.474440607081512,0.89924343351822489,,0.2654256356824258,0.4583333333333333,True,3
0.99051913773315137,-0.1182263537944365,-0.069959753093103386,0.12391579396785228,0.98877292069437817,0.083504414894224957,0.059301886898243318,-0.091381839388265884,0.99404861331844652,-6.2757813383589109,6.2960768625523853,-0.42245629215571295,0.3483383444241816,0.3565272005849473,0.2,True,4
0.8075086330914979,0.58728124790346081,0.055050370967454798,-0.5890028966077806,0.80783861642438248,0.021733789388494643,-0.031707968562251512,-0.049975050520165612,0.99824701304595043,-3.8540636424833039,18.555911347908097,1.2482338809019911,,0.2488183688060785,0.2941176470588235,False,4
0.8048738894352796,0.59153179541643586,0.047625173141246653,-0.59281323808510544,0.80512722052840213,0.01851009225428632,-0.027395015173893963,-0.043131123050739517,0.99869375654802439,-2.2544797542977228,17.25863098518694,1.1100612336305082,,0.4553037258830703,0.4,False,2
0.8902925201004217,0.45220207824435732,0.053782051696871676,-0.45517167826574073,0.88728877349395141,0.074413545382202143,-0.014070250814742936,-0.090729889579367728,0.99577613708048196,-9.0738951165860264,-18.793781309318536,-3.9576708475063551,,0.7433468484764276,0.4642857142857143,False,1
0.99851836695155738,0.023552545540956201,-0.049054545752024489,-0.024910181317970993,0.99931820010402528,-0.027251014798684192,0.048379269600750369,0.028432596423708441,0.99842427541276535,3.7009411884041454,11.269243848549738,0.38512006523369563,0.7125117701388219,0.8536584161344088,0.7288135593220338,True,1
0.85010492264605864,0.52655906131105268,0.0075614445816679296,-0.52599401301864057,0.84971377444462859,-0.036287736049648037,-0.025532699847148836,0.026871108467757032,0.99931277624587067,3.9081163218551809,12.976744624256163,0.60745791351827483,,0.06880942067153245,0.25,False,5
0.74255222052435854,-0.66448658770906677,-0.0841057343414017,0.65927404956139701,0.74727264119378933,-0.083314628356465026,0.11821136734367885,0.0064167342176637762,0.99296772261374078,-25.688514828389422,-8.9413978549934647,-2.5770765787864804,,0.1157077486338252,0.3571428571428572,False,3
0.94039454965788294,0.3388267115784615,-0.029232695645042096,-0.34003440282082181,0.93826225549798248,-0.063565279879253117,0.0058903201981513748,0.069716564952432142,0.99754944975133875,-0.63991443670006998,-10.714364575488911,-2.8265389064757649,,0.09182270520396106,0.282051282051282,False,5
0.80705879175209283,-0.57727041639166565,-0.12415704979841433,0.57842698472822174,0.81517436724307424,-0.030215465048081758,0.1186521385979632,-0.047430131233716061,0.99180242622070802,-6.4132888237145647,-15.057350426703088,-3.3853172750033629,,0.07865319275008424,0.3076923076923077,True,5
0.87245076621328055,0.48750739825806572,-0.03414962924412094,-0.48829573071157673,0.86674575366116757,-0.10158286213324182,-0.019923350689739397,0.10530116406757237,0.9942407781535153,-0.090819095357120613,4.0890072262556947,-0.68776529269204345,0.7677041030619307,0.5866935381748375,0.9863744075829384,True,5
0.95735794549290543,-0.2760523286898639,-0.085210774122224164,0.27504551961951446,0.96114221311578418,-0.023571344979143191,0.08840659669298824,-0.00087062724389123589,0.99608409066171089,-11.389777229376522,-10.681333120879932,-2.8354854210476477,,0.08286172725772274,0.3111111111111111,False,5
0.21505801926579618,-0.96214363625844956,-0.16742064256489206,0.96660215022188811,0.23417388179486759,-0.10412913267451025,0.13939272411390358,-0.13943534807390937,0.98037107881231045,-8.5638516779188762,-3.0233034664272131,-1.8010690613189506,,0.2370840487930753,0.3309692671394799,False,5
0.99325259629060791,0.10652342897637172,-0.045847999313849183,-0.10976892524281932,0.99109981137051417,-0.075312329351625212,0.037417415904938439,0.079836852270409805,0.99610542313881101,2.2696592807077987,-5.8652002481768974,-2.1421315523303623,,0.08635265770171109,0.4133333333333333,True,5
0.91077062866899028,0.41280739073340067,-0.009323095503925679,-0.41283501410599033,0.90992938578367177,-0.039947015100729483,-0.0080070645058302713,0.040231468320615658,0.99915830371106262,-3.8198408676270827,-8.7542490785231344,-2.5598954213400904,,0.08684638685365592,0.2777777777777778,False,5
-0.38346956125303344,0.91275093468156121,0.14084327044748463,-0.91281977797692115,-0.35139666603049768,-0.20803950595215304,-0.14039639784044,-0.20834134093018625,0.96792703089274312,5.2853294687581744,2.7827551820624508,-0.97839328608579612,,0.08679239412014333,0.2916666666666667,False,2
0.93083292066072243,0.36516697892708333,0.014253115992548929,-0.36542224495246722,0.92963109942368016,0.047461583182818359,0.0040812630555997799,-0.049387209736809858,0.99877136863562732,12.816488123149137,-4.6682819965169937,-2.067073839586699,0.3998693625189671,0.2385436769400774,0.3478260869565217,True,5
-0.82352767567793372,0.56597635594163043,-0.038378795024513419,-0.55482172739108671,-0.81770063495232614,-0.15342269197655736,-0.11821598118389694,-0.10505444356901679,0.98741508276870726,-0.20594686371364931,-15.570872521296966,-3.4281335835731004,0.3602027628132339,0.3280283052511151,0.7213114754098361,True,5
0.36301241291476705,0.93125073898465449,0.031528545959714487,-0.92626716871112347,0.36433306650804836,-0.096387493051334566,-0.1012478159649762,0.0057859994276870629,0.99484441093718035,-21.139909373646507,-10.625495815059738,-2.7384377529263473,,0.3624973157162603,0.8048780487804879,False,6
0.99851895180846539,-0.012874130906596559,-0.052859811130218481,0.011258883930860421,0.99946393731907679,-0.030742080789677689,0.053227252530578431,0.030101407808397745,0.99812863140779484,-2.0992042463872984,7.3549561285719971,-0.22919652621426251,,0.08440201645407133,0.4563106796116505,False,5
0.56234035609596655,-0.81703524925571358,-0.12738416455555204,0.81550324153090448,0.57346046446069832,-0.078086866713344374,0.13684950477969987,-0.059970802680758495,0.98877485600483206,-22.482525372929626,-10.704735828954551,-2.7394683964584825,,0.08659448921032653,0.2222222222222222,False,1
0.048037605523380364,-0.98853403955431418,-0.14315320847962792,0.99010363972900706,0.066045511629325759,-0.12382557485832567,0.13186042261025216,-0.1357882286358148,0.98192381879298307,6.5992941515397465,-11.861497770684958,-3.0686839691956855,,0.07989538772428705,0.2173913043478261,False,5
0.49023452461279365,-0.86367121460580132,-0.11722689085277938,0.86174211955757685,0.50045288119754172,-0.083351263226752348,0.13065462203108014,-0.060157682488776038,0.98960114338024918,-16.553527413818319,-9.9339346112812272,-2.7142668440043893,0.1222722894366703,0.1504549401412222,0.3939393939393939,True,5
-0.97587363339614841,-0.20934550647875275,-0.062008955477047038,0.21752406355357903,-0.95668103133660265,-0.19350629461563523,-0.018813118224749931,-0.20232613078366571,0.97913747930756523,-11.285316564778357,-15.728804348700379,-3.4859127882684633,,0.07658713504980481,0.25,False,5
0.99225140627953556,0.1170706120466217,-0.04161272078720242,-0.11912781926199699,0.991569682421231,-0.050971831249623921,0.035294608854119079,0.05553410391902025,0.99783277851940011,-8.5681988274913259,-15.525187992896347,-3.4558929749455656,,0.0919204936531592,0.35,False,5
0.77477786828547046,0.61356539196162518,0.15250168721033722,-0.63066571610483635,0.76701288095895637,0.11811856320246975,-0.044497295929035036,-0.18769323437465518,0.98121926215550026,-16.326327609538229,-7.4916200765205394,-2.4130249899754834,0.2061732743972368,0.1620319144108292,0.2413793103448276,True,5
0.58266002505040448,0.81053544504071096,0.05949443285652059,-0.80865474237317003,0.58550210343668341,-0.057138380346329301,-0.08114679812318272,-0.014818205150295801,0.99659200174920115,-22.875025465967941,-2.9837787476101094,-1.824031127497757,,0.1665669846756578,0.32,False,2
-0.7196419264745948,-0.68717973319521952,-0.099496291115201849,0.69226924834059655,-0.69901279274160522,-0.17928860361307741,0.053654314475908967,-0.19790181876205293,0.97875231017290165,-19.255862909399788,-10.812546978055975,-2.7777047637678631,0.3486230477054423,0.2038965440692298,0.3859649122807017,True,5
-0.97924980485469848,-0.19298468705656005,-0.061860571074926818,0.20084633610442676,-0.96489383962825936,-0.16923542040855985,-0.027029039299651697,-0.17814822145931167,0.98363237148104332,-19.813187539697726,-5.3053800001370401,-2.1045188656672189,,0.1059757581841625,0.2166666666666667,False,4
0.230190017699507,0.95664766558512138,0.17843149857028784,-0.96623678295512061,0.2464908348535208,-0.075024979825079108,-0.11575420085698779,-0.15513707572257601,0.98108789245419192,2.3066183001802911,-15.77444395096137,-3.5651554312134932,,0.3786669308962903,0.4210526315789473,False,1
0.73818733925911439,0.6745876520861871,-0.003309351960098527,-0.67282331036604137,0.73588355620046475,-0.076053827923649522,-0.048869675522065281,0.058368582016389156,0.99709822156483918,-0.45888000066766477,-13.320291307622993,-3.1811356827130473,0.7827988088833993,0.3929873991456751,0.8043478260869565,True,5
0.7942554830920755,-0.60213629483388609,-0.081179492619088578,0.59558099032401346,0.79801068707886835,-0.091990365107326513,0.1201728402878148,0.024714889270058285,0.99244529456566399,-7.2723990021531124,-14.045987095365366,-3.2496475400231164,,0.1094991925551877,0.4651162790697674,False,5
0.39067070748735705,0.91225281467105501,0.1231714270278069,-0.91504825804814693,0.39943335174044875,-0.056032873926326443,-0.10031492288977058,-0.090817397243751263,0.9908022590827551,-5.082014140455243,-19.928584666811791,-4.0854489307965158,,0.3110591596169796,0.4090909090909091,False,3
0.3692917807203332,0.92793509290440634,0.050596877857225324,-0.92421266676216629,0.37241670346974676,-0.084479261201160671,-0.097234393548643744,-0.015564778611350985,0.99513979438971767,5.0932981609437151,11.886204560411441,0.46218357590951387,0.209898278682155,0.4193083449426799,0.3636363636363636,True,5
0.98560801734639591,0.1644378908513344,-0.039204798110323215,-0.16530302824368667,0.986041394497709,-0.019931813527121853,0.035380008422462257,0.026125627061903415,0.99903238516809267,-6.2758167071519573,15.513072100792714,0.80001006878339398,0.5387566986870373,0.2681227398851527,0.9,True,3
-0.31263563807881417,0.94907144347586714,0.039017342063336943,-0.93840169786861183,-0.30223477251548142,-0.16750043498398043,-0.14717748211041048,-0.088980545408251427,0.98509961491135034,3.5074919696664817,6.0472680722316765,-0.43321781647799068,0.8966976232817498,0.9006794347952762,0.8163265306122449,True,5
0.95699243650844146,-0.28161239283396966,-0.069713246000763729,0.27707431917722219,0.9584314703147605,-0.068109752332288387,0.085995919194551323,0.045864767661167309,0.99523923001923109,2.7827309479851876,-14.679076296657174,-3.3970401056638031,,0.07780782393062013,0.2727272727272727,False,5
0.21324170276892718,0.97175000756124363,0.10114296320026518,-0.96995377857536247,0.2229768282359145,-0.097319070573176875,-0.11712234469811478,-0.077351515011492469,0.99010055019570697,-26.53361255050995,-12.854828798972157,-3.0837990491998326,,0.4169559273781837,0.4137931034482759,False,1
0.65298598414991993,0.73386049841079615,0.1872380126363771,-0.75448282853861404,0.65187063099079645,0.076291165229239899,-0.066067888903267341,-0.19108492699300189,0.97934753010968822,6.8670393888567034,7.3944902126201093,-0.29403254038209842,,0.1500725204315745,0.2068965517241379,False,2
0.98999828171953541,-0.12492231336505408,-0.065557744133634271,0.12383374772005191,0.9920926560976624,-0.020429504220417241,0.067591457433423791,0.012106912926454836,0.99763962308110921,2.2337894750801794,-25.656060402723288,-5.0254530946075331,,0.1834061479807684,0.2592592592592592,False,1
0.043464219400169285,-0.99076701725173533,-0.12841954352058205,0.98997979883125065,0.059998374676440647,-0.12782876414259514,0.13435348725645985,-0.12157677641016054,0.98344711494810111,10.969842068652694,-8.4392251185645044,-2.6174101594987,,0.09570990773517012,0.2727272727272727,False,5
0.99676596498713776,0.063007718484014597,-0.049876231360238665,-0.062650750220845375,0.99799767959636843,0.0086899376885206103,0.050323896312051739,-0.0055370508128689735,0.99871760099052542,-3.7739119384067643,15.797368737299559,0.90810399735098546,,0.1748808427453515,0.35,False,5
-0.63761768024691901,-0.75588879373407314,-0.14857935705805841,0.7678646842360829,-0.60813536722487171,-0.20138322133010822,0.061866958382959636,-0.24249434351654164,0.96817817204423839,-28.279032025987039,0.12987603996474781,-1.4972108902235772,,0.1562444623010784,0.2424242424242424,False,2
0.83677376482171439,0.54700939070288401,0.024298003805940056,-0.54716129888742693,0.83702705532566957,-0.00047080002306446045,-0.020595618609737323,-0.012900974215051986,0.99970464906310419,17.269055434544516,-10.258565057505994,-2.9501540740401073,,0.3741758092484349,0.7,False,3
-0.85579088785616908,-0.50350673465830487,-0.118755734245056,0.51675939903626289,-0.82132890533338077,-0.24161654076563477,0.024118038270786183,-0.26814137580314407,0.96307763072992569,-12.583145483312171,-9.0739780268741086,-2.6332450724058609,,0.06582964649056834,0.3571428571428572,False,3
0.22396973752077504,0.97222806239445048,0.067898095463775149,-0.96934128476050918,0.22944571890101936,-0.087932563574821349,-0.1010694332314213,-0.046122193906265853,0.99380969651918361,1.9904653074578884,13.312415751861714,0.63361312799125813,0.5311318494439474,0.1550575613069923,0.2142857142857143,True,4
-0.95979126698825878,-0.27367503028198337,-0.062471606456287562,0.28056225181579308,-0.94254653553537582,-0.18135835025251223,-0.0092491442374564338,-0.19159333534968512,0.98143081629856055,-4.2892207088134793,-14.290573768052512,-3.262402592438812,,0.08892902191021371,0.3103448275862069,True,5
0.94507878512580812,0.32675041351489265,-0.0077625493862943998,-0.32684242407708536,0.94483681724979673,-0.021387346555612502,0.00034601812485806488,0.022749857958277428,0.99974112860997,0.59282698014401358,13.080332969920985,0.59939943393339501,,0.2712927511575572,0.2333333333333333,False,2
0.30236859043595182,0.95152138233410533,0.056394099680442615,-0.94688502311005662,0.3066362455965076,-0.096865710632526247,-0.10946226988164298,-0.024109579993652992,0.99369851545873145,-25.546528970763244,24.22192565581139,1.7527239351013943,,0.614085911151537,0.5757575757575758,False,1
0.1852227017832592,0.98223383097708972,-0.030153806197221602,-0.97592176545944853,0.18026225536995599,-0.12280971863598641,-0.1151922673039437,0.052174903670313827,0.99197203639032605,-4.7613575424654666,9.9339007613707277,0.050584939402627385,,0.06862685633951547,0.1808510638297872,False,4
0.82238312202315822,0.5687542387332144,-0.014304423597052494,-0.56799066620111893,0.81931255114504842,-0.078189172169813706,-0.032750629304662132,0.072426234605930506,0.99683591268621252,-8.1438276356460229,9.0627102649154949,-0.10709931653383642,,0.08418691052926494,0.296875,False,5
0.75076186371686982,0.65982087646370335,0.031512457394523234,-0.65881232080544094,0.75138902570352051,-0.037159897837079667,-0.0481969910193581,0.0071374389653259887,0.99881234825251097,-21.707516560180711,22.288618787273791,1.5520086398694573,,0.3102992930412536,0.3461538461538461,False,1
-0.96951369131876486,0.2430533105016954,-0.031117368134686452,-0.2282344047391025,-0.94193613081517569,-0.24630343472701247,-0.089175438540276597,-0.23169249819340854,0.96869310281535859,-4.3449819962795546,21.32161792078217,1.5688520507125832,,0.8035712588711048,0.5087719298245614,False,3
0.57049682040514871,0.81761647837668072,0.077696024316123602,-0.81773817298632223,0.57427601546672014,-0.038875937296225432,-0.076404570207601247,-0.041356406354801228,0.99621884608995903,9.297415091079916,4.4071965791424148,-0.76972511663137355,0.3812693104735131,0.2016104818687535,0.2653061224489796,True,2
0.88112911472423494,0.47120638016849686,-0.039699250292527376,-0.47266329723061118,0.87510766867983325,-0.10380739698516221,-0.014173589396261576,0.1102320983482124,0.99380480671879279,-2.5440975626841604,-12.382858613956733,-3.0677761381102173,,0.09161475923347119,0.3265306122448979,False,5
-0.99753557608090415,0.059608497028203693,-0.037008127958312209,-0.040882043818142817,-0.92248072576990336,-0.38387233434604928,-0.05702133763944537,-0.38141334227458823,0.92264425939185113,-6.1030993930021973,19.798968084043128,1.3678324628282472,,0.3265142489432449,0.125,False,1
0.1933373039182239,-0.92830228429945194,-0.31760912436208866,0.97168227626883208,0.22598639253700675,-0.06901959412465139,0.13584638713876082,-0.29527109467831458,0.9457064765289579,-2.765644941673655,13.270836266594678,0.5533715423309028,,0.3258122410338802,0.2558139534883721,False,2
0.18467790669620032,0.98279634410908323,-0.0023273985757484676,-0.97634953672720026,0.18319459696863191,-0.11480993761030572,-0.11240842010673072,0.023475213467004194,0.99338474995431048,-16.741187812592887,-11.632254023771848,-2.9225260628613134,0.2071844770713304,0.1665292834737236,0.6753246753246753,True,4
-0.54830592851691851,0.82135130436444737,0.15729794522504631,-0.83620490813792703,-0.53598850412322174,-0.11609338936301668,-0.011043566418574291,-0.19518800748655954,0.980703666442716,-17.074705956864445,-16.013549347853388,-3.4951271657394267,,0.4436467322069719,0.3846153846153846,False,2
-0.047795941819696874,-0.99089646185358748,-0.12585606791733675,0.98963253746034507,-0.029892627329366334,-0.14047729934458966,0.13543629035590857,-0.1312655046742775,0.98205212618131443,-1.7290372955671249,-14.916623891872396,-3.3087084607155313,0.4475437529384307,0.2282642089299526,0.3448275862068966,True,5
-0.98048276685097147,0.19459650241560306,-0.028031146174909042,-0.18588908226434808,-0.9639987016729803,-0.19013614140328022,-0.064021816618894667,-0.18121452596418397,0.98135747950295571,11.256863452829343,-9.7352871312531928,-2.771535372027178,0.6909792765645644,0.2545469421633916,0.2941176470588235,True,5
0.99116924072466239,0.13226359062092349,-0.0094804449978604585,-0.12820400829991363,0.97409855398934098,0.18626792362538125,0.033871352159788218,-0.18340760538193582,0.98245324661834776,-18.657809422343366,-8.2299797724060966,-2.4914897613669624,,0.4423106600548241,0.2950819672131147,False,3
0.041272027250402923,0.99684047255022556,0.067865249225848634,-0.99036431800393809,0.049801379113647494,-0.12922205795828523,-0.13219356032438817,-0.061878064968317319,0.9892906386318131,6.2744931497158021,4.1479819460884793,-0.77564747749202778,,0.09211296116088691,0.225,False,4
-0.63748985511059064,0.7696843268636655,0.034535801880147064,-0.74850267087708622,-0.6080757176966094,-0.26455183468957877,-0.18262101828909771,-0.19449925071367233,0.9637528755603656,-12.370776980509474,19.524264602371655,1.2488029937813248,,0.3846255718364845,0.2307692307692308,False,2
0.90194930471531864,0.42976748966756301,-0.042277139784935844,-0.43178318885449296,0.89587983398524129,-0.10470243970998223,-0.0071224677043292585,0.11269085093040274,0.99360457052611395,2.173573813130512,3.0722918035985916,-0.90797380476352707,0.1370670978745928,0.2025129168304005,0.3454038997214485,True,5
-0.44654831887077029,-0.87458329499853582,-0.18894088764265246,0.88973584839598774,-0.41168325626755264,-0.19719791223037003,0.094682199978460058,-0.25616587715472378,0.96198457596200071,-3.3225773614905445,-15.781276867894817,-3.4793857312917726,,0.3242062154866852,0.4074074074074074,False,5
0.2548726450798342,0.96609485133694795,0.041239216896636455,-0.95993743260569631,0.25792343185848721,-0.10952455788873675,-0.11644767182040114,-0.011672254220124908,0.99312823855181331,8.5808423591160032,-3.5674826085580214,-1.8831352805344812,,0.1601293572919634,0.5588235294117647,False,6
0.96617804916701422,0.2575957808302522,0.012016280883679547,-0.25671743727168883,0.95638104590796646,0.13939674468451752,0.024415870012746223,-0.13776686367351432,0.99016370190240965,-10.377668319824657,14.88662464455556,0.65773871019781871,,0.3798096499271975,0.2608695652173913,False,3
-0.99878392634333379,0.0069216648112672826,-0.048813512826219915,0.012296059076475702,-0.92383616054712636,-0.38259058456362116,-0.047743852058489078,-0.38272554006988602,0.92262759852978193,-0.88433454743554185,19.304557587443355,1.3696352133543193,,0.4103190848974878,0.2727272727272727,False,2
0.53632939464988516,0.83132657945942545,0.14576315967616449,-0.83870462741550966,0.54428207562473296,-0.018209066572545882,-0.094473956127065703,-0.112486178875112,0.98915192522472362,16.673981607946345,-7.9251937124740595,-2.6329918125675702,,0.633508286223405,0.5,False,4
-0.15364988754874065,-0.93316048090928139,-0.32496650431301055,0.98065286817485986,-0.10363697950774275,-0.16607025205897846,0.12129164932789169,-0.34419601006936484,0.93103031231837419,-1.7825400866066847,10.359407749323527,0.16541999712245328,0.9477651473947946,0.5674255524557783,0.3310344827586207,True,4
-0.94601907775407312,0.32007343399020255,0.050999033118800649,-0.31577852515450122,-0.87476683592582616,-0.36751449742230102,-0.073019364394529718,-0.36378012537525728,0.92861843229896135,4.477759553901433,-18.813519037621006,-4.0671550814028432,,0.4543873231889977,0.52,False,3
-0.27548271476939146,0.96058694270701539,0.037175252037822237,-0.95129063755561549,-0.26684096633960358,-0.1544086188720617,-0.13840302295223567,-0.077901374723018446,0.98730743897427764,-10.147255271094684,-5.1338193710149014,-2.0961198323017625,,0.5679260299297093,0.6247422680412371,False,5
-0.35375908064604278,0.93497926392834552,-0.025851284000544678,-0.92489977532283341,-0.35379539826625428,-0.13924518581766374,-0.1393374266600316,-0.025349402155333583,0.98992044596630513,-16.165248259459908,17.787057633798412,1.0233320821937342,0.3639258877828528,0.3362404944548912,0.9047619047619048,True,5
-0.15288229729715405,-0.97961923940982809,-0.13028103834117249,0.98072483829886969,-0.13416298358630077,-0.14205310760021178,0.121679064414549,-0.14948725568867549,0.98124806530757969,-8.487522053418985,-10.161052659499832,-2.7487734915275253,,0.07434096858289868,0.25,False,4
0.46262949835841644,-0.87543120882445224,-0.13997909081287549,0.8754039031382872,0.47604234306202853,-0.083974365030448722,0.14014975425912515,-0.083689224086336916,0.9865871275021455,5.9663068303351103,-9.5141058331318096,-2.643008776833303,,0.07810249888957217,0.4,False,5
-0.95143270677902902,-0.29997505687372739,-0.069215386473923501,0.30776474710531793,-0.93229445061066585,-0.19002083517277038,-0.0075276098683664354,-0.2020940934667845,0.9793371801762194,4.0577858176962183,-16.204037222215167,-3.6645361007426058,,0.08788365487486396,0.1052631578947368,False,5
-0.38352642617999544,0.91293818035009477,0.13946812998193531,-0.91278760115743474,-0.35175138696060215,-0.20758072392336391,-0.14045026021640392,-0.20691747299430815,0.96822460399165311,-23.080586309192501,-0.45333817467106141,-1.5375737749605685,1.041605298911502,0.538454378635488,0.4148936170212766,True,1
0.14104060903967069,0.98982093615170552,-0.019027899450033053,-0.98223188850005394,0.13750394344817693,-0.12772307054647036,-0.12380655804656264,0.036703949269286079,0.99162732732246828,4.3900090248731649,-6.6316831985596192,-2.2762608554132817,0.4096939288816133,0.2311961548442877,0.7534246575342466,True,5
-0.9911593949807338,0.12909041784565897,-0.030638501299182472,-0.11637654477479487,-0.95678877237527804,-0.2664802898581613,-0.063714626010885497,-0.26055883995182855,0.96335327754425126,-5.3135411476330807,14.225831924498532,0.6291766871757013,0.3184983695577755,0.2059478146090792,0.25,True,5
0.50243352163210431,0.829453860893136,0.24406320695638037,-0.86016153533673922,0.50813376039021596,0.043843068766263038,-0.087650952462060852,-0.23196201025420038,0.96876774116984565,-20.719156454710038,19.990886531683806,1.239512437018172,,0.4493223008801812,0.32,False,1
-0.37394765295438198,0.9273171355140245,-0.015687033880704481,-0.91691883999773927,-0.37219034267691342,-0.14399371401294725,-0.13936640092615554,-0.039462374486425297,0.98945425730186443,1.4294058588454908,-7.5738198121467617,-2.3622026270486232,,0.09224492824472254,0.4482758620689655,False,5
0.59367598476060623,0.80301560881663769,0.052103331135045748,-0.80159790080278404,0.59582700084187579,-0.049305075766540474,-0.070637316958484395,-0.012494681453287828,0.997423807811046,-7.5177310304823592,-16.344814531753194,-3.5958432221204646,,0.1328159023160306,0.1764705882352941,False,5
0.11030717394844165,-0.97980892932452102,-0.16675367879433325,0.9845824795601299,0.13064102447957004,-0.11631966156310111,0.1357559144889616,-0.15135185740143323,0.97911334734156352,-4.6441388429850452,12.441975700178295,0.38363277433576182,,0.07791683932440199,0.2888888888888889,False,4
0.9026091979883627,-0.4214201250444507,-0.087759409263761134,0.41821035237394072,0.90679584144586722,-0.053116881532576349,0.10196439022555412,0.011241892367435129,0.99472452617894669,-29.124094866454669,-14.467536752712682,-3.304261242323256,,0.2140794543709471,0.4375,False,1
-0.80039947007628798,-0.55676564608721313,-0.22219969315614835,0.59828470821272117,-0.71865110093498175,-0.35439526385627451,0.037631053937105807,-0.41659645997299055,0.90831233247025545,-31.502813017292265,-15.463039247163689,-3.4254038628936847,,0.6441082403279371,0.3333333333333333,False,1
-0.58375682109171434,0.81180896338145425,0.013934877194483469,-0.80043995654586997,-0.57253508081936355,-0.17748086430939836,-0.13610235043430569,-0.11475969764988862,0.98402559011519819,-4.3878793358825936,10.978468757552958,0.21811851822568781,,0.07480947703260526,0.1707317073170732,False,5
0.73168708435936469,-0.65938426529030691,-0.17276111040756151,0.66982531998358585,0.74251304844230759,0.0029006209330874611,0.12636475493814708,-0.11784211293282704,0.98495948400375744,-12.071649824868677,15.431448968687615,0.73106024993272345,,0.1902337628948104,0.5,False,1
0.65048819091694388,-0.72157972121910863,-0.23703970005666761,0.73901449606605452,0.6733393914951461,-0.021717238894059396,0.17527888658317264,-0.16104896704511917,0.97125719669501731,-13.543091249513738,25.82477421218125,2.0089826200757446,,0.3200984119114225,0.2962962962962963,False,2
0.8208527102348252,-0.56464364105958154,-0.085897536117871875,0.55951392481772666,0.82518793931002632,-0.077517951161882953,0.11465162901243967,0.015569952737599493,0.99328373616834331,-2.2590861140957754,5.6719120334307513,-0.46540968181406722,,0.07812405489929702,0.3563218390804598,False,5
-0.9100134866109324,0.4137237829942827,-0.026609877322439891,-0.39987201829234242,-0.89286615411987358,-0.20710480393751324,-0.10944324178780565,-0.17782761937361416,0.97795680610898672,-15.662787598793207,9.8578165932433919,-0.089173235956563721,,0.3565787634179768,0.237037037037037,False,3
0.93011649672955221,0.36585574034561091,-0.032138446877693322,-0.3670868495457062,0.9288223342735098,-0.050361853076678571,0.011425734206319194,0.058639991566113131,0.9982138067503239,-24.790200373018468,-7.0680936794003664,-2.3714696349065099,,0.148944021453179,0.391304347826087,False,3
0.02323555534348316,-0.99107484944063029,-0.13126595816933159,0.99309463678365595,0.037984194023770443,-0.11099659182111593,0.1149919621513555,-0.12778045159803333,0.98511370147307598,7.4332748845882453,-15.748371540553334,-3.6968144394417748,,0.1527431168114522,0.2857142857142857,False,5
-0.25309141112098005,0.96643228314333884,0.044197055503107693,-0.95515182232610096,-0.24235627697962803,-0.17014238541792648,-0.15371966017370539,-0.085276474522153797,0.98442784853393561,2.7459448330214311,2.0764073488669168,-1.0465513080193671,,0.1300843319979595,0.2247191011235955,True,5
0.94292806443352117,0.33243185319456259,0.019383711855151298,-0.33223324798086412,0.93523271366887972,0.12231451352815838,0.022532958965488296,-0.12177370104079613,0.99230208681383303,3.4353828282422683,14.92156795013492,0.83804029920439571,,0.59279421799259,0.4545454545454545,False,3
-0.58625419154982061,-0.78432711054802562,-0.20282259871536246,0.80735855178751104,-0.54496356950460423,-0.2262451696023024,0.066919292777497835,-0.29638773856586409,0.95272037696376266,-1.6456707257221792,-24.85873431124746,-4.8724995835359515,,0.3173649273388,0.5714285714285714,False,2
0.18646254110076407,0.9651582952743486,0.18357882729050962,-0.97532693687810379,0.2043270027195121,-0.083593314084532661,-0.11819089206119356,-0.16346235353369087,0.97944421587500619,-7.7162885056766672,7.3952023492142311,-0.27734960128130853,,0.1081616839484388,0.2137931034482759,False,4
0.16322464052684868,-0.96497449305914795,-0.20538243466791967,0.97695476350196431,0.18711107266602062,-0.10270752921082653,0.13753947359104823,-0.18388494835361713,0.97327756522653175,-18.053769664749499,17.131169808367009,0.93667273856909783,,0.0937909853188969,0.3928571428571428,False,2
0.93034386323192175,0.36350473937030431,0.048214112063079795,-0.36662082562974102,0.92461901294306248,0.10329013079072219,-0.0070332326330849147,-0.11377163688514208,0.9934820321873995,-19.232870764868736,-14.459407948051485,-3.2930502012572966,,0.2664370330743157,0.25,False,2
0.083816429922588989,-0.99325533845963143,-0.080116407161550995,0.98707156319183753,0.09377898534234036,-0.1299816565757792,0.13661820966860314,-0.068186028844660046,0.98827431933514354,-1.3354426719006436,3.3102173995784767,-0.87042128437774147,0.2408987924010164,0.2051444037902048,0.7973856209150327,True,5
0.71798802081574331,-0.68996507067846058,-0.091877109275147653,0.68340054649233895,0.72382178082205617,-0.095109004103494238,0.13212454359074549,0.0054982589292519556,0.99121787419804064,3.8304257913827882,-12.358696054783794,-3.124311000175549,,0.09685513658659488,0.3142857142857143,False,5
0.18226976745440412,0.98019192783343523,0.07746945515680087,-0.97595753204501245,0.18993296555418518,-0.10692223454642888,-0.11951831456612094,-0.056118207437220312,0.99124473228224896,5.4463819243745428,5.871788521379,-0.48753585841157127,0.988228372925978,0.8744534647395128,0.7368421052631579,True,1
0.19532626967572497,0.98070674109018741,0.0078699653640679212,-0.97323364316965222,0.19481619212665177,-0.12191360501600629,-0.12109469095420008,0.016153614627605454,0.99250951459276748,-12.777612140505351,11.061103788809826,0.09097692727907207,,0.07753490090508876,0.4642857142857143,False,3
0.93519573293961511,0.35390081127424894,-0.012773287398465612,-0.35394671127706462,0.93293590138481208,-0.065972187196253154,-0.011430952177555829,0.06621797102551312,0.99773970235005582,-11.74312521406039,-14.596591435087099,-3.3144033360823988,,0.08048270868432104,0.1666666666666667,False,3
0.99402833689464798,-0.08139159495369476,-0.072684755770071524,0.085264178299585366,0.99500758730706362,0.05186444929114277,0.06810055322358087,-0.057752138248472647,0.99600552467261583,5.1721750129279798,8.0480473890861219,-0.21353786515112183,,0.252566990373128,0.1785714285714286,False,2
-0.24253475211239803,0.97000024335115487,0.016625941070486899,-0.95799784698637314,-0.23676015692385105,-0.1618170363801916,-0.1530262042502932,-0.055173870555681376,0.9866807106762826,7.3218943081454952,2.184433307697768,-1.1023935052037166,0.2655293586578876,0.2876024788099419,0.1153846153846154,True,5
0.075721358108688283,0.99611158808772948,0.045033098977483026,-0.9873871182467937,0.081202702301541418,-0.13591467860101697,-0.13904299567567685,-0.034173457774524747,0.98969652931454954,8.1476745100566053,3.003251607841396,-0.9572635277348891,0.2265552189971816,0.3427786841296238,0.5384615384615384,True,4
-0.96111042825546611,-0.23060714093614146,-0.15194436892446078,0.27251850996272942,-0.88107286893459069,-0.38658021335172182,-0.044725903303206471,-0.41295392742608422,0.90965303682067944,-15.221483456726874,-9.3140236739616746,-2.6513801105219037,,0.2965295870088339,0.21875,False,3
-0.97190861437285536,-0.22038872426331382,-0.082598156913006843,0.23486952203795455,-0.93081157446816865,-0.28004663978300448,-0.015164198808360604,-0.29157953126664787,0.95642638191385265,-14.919645339790115,14.02457947796924,0.50902831798502612,0.5963899470401766,0.3787174694161907,0.6140350877192983,True,4
0.57802049155889823,0.81316174448488265,0.068266306801472942,-0.81241625794231209,0.58130495416781858,-0.045435383688946049,-0.076629858208279777,-0.029198074701142811,0.99663199690995585,-0.58068383864198703,9.3244998503691843,0.020201503023017615,0.3302510105024117,0.1656312241336064,0.2394366197183098,True,3
0.31829279144456707,-0.91352055995015202,-0.25331775591692574,0.93745033643314846,0.34304771809988888,-0.059204136914884471,0.1409842744273366,-0.21862856550510726,0.96556977205657057,-2.0598086949507581,-27.377035293262161,-5.20927172870788,,0.3560224137852911,0.1875,False,2
0.10719179034943077,0.99423704539017776,-0.0016179170229221607,-0.98667024037839934,0.10617530612266331,-0.12332331945496017,-0.12244082992741877,0.014815597982130894,0.99236522572242358,1.4910743735675995,-10.885286751287383,-2.8495486289408087,,0.09015601291525836,0.2727272727272727,False,3
0.80192617224054263,-0.55427813863402375,-0.22291289623535224,0.58548292889991349,0.80336765127446585,0.10867454555932958,0.11884508505786004,-0.21766065771781024,0.96876193352104822,-9.8249152542467044,11.094746351063094,0.12168382460458096,,0.7117179546113639,0.2242152466367713,False,2
0.87979210902070315,0.46961713100742875,0.073658639474651316,-0.47495726850673475,0.87479821246924183,0.095622594365782895,-0.019530437719795124,-0.11911271017390612,0.99268863410311226,-6.7566623389097904,-1.440271003464705,-1.5758070965972626,,0.3278674325222539,0.2950191570881226,False,4
