axis_00,axis_01,axis_02,axis_10,axis_11,axis_12,axis_20,axis_21,axis_22,location_x,location_y,location_z,dbh,dbh_approximation,score,reconstructed,number_clusters
0.14686659211657441,-0.97991610584186961,-0.13488747025491188,0.9721666112652716,0.16816133669451772,-0.16313750268442773,0.1825439236486999,-0.10717364579419236,0.97733900238664317,-10.825911999929625,-18.28070164602266,-4.2510569406500984,,0.5996775325455679,0.625,False,4
0.69645896455942713,-0.70081367868935585,-0.1542890094812476,0.70000011979081811,0.71081369773812464,-0.068874664432546071,0.15793904829918556,-0.060033947644210994,0.98562223095494417,-2.0631110419483663,-9.2308918106417703,-2.5534195296415554,0.4984389908298531,0.2002482636607518,0.3116883116883117,True,5
0.9560315466256728,-0.26999498903081731,-0.11448313305798405,0.27268827727877976,0.96206700384677946,0.0082573327419401266,0.10791100634900302,-0.039112478923338835,0.99339087407788074,11.425625016339216,-0.67630881478573357,-0.59844738862134639,0.5236598090069209,0.4534080843426628,0.5555555555555556,True,5
-0.83020567933176326,0.55435232786882815,-0.058753949583811096,-0.53808835546016598,-0.82443793909668106,-0.17539386048602554,-0.14566897996299619,-0.11399816298707885,0.98274359174309145,3.8447622285997212,-5.630381231589384,-1.7581977450142368,,0.06479771457196185,0.2083333333333333,False,1
-0.2445569803660142,-0.95911996990734905,-0.14241055676874675,0.95639851161655998,-0.21441790807438599,-0.19830997875708212,0.15966768718775615,-0.18469933411339529,0.96973830781617709,8.8155596675639547,0.21097995417542603,-0.68849703139285912,0.3622412299309929,0.2949300830461765,0.8235294117647058,True,5
-0.27458035688761878,0.95552676705369322,0.10758357242342295,-0.93922184452731405,-0.24253802805503877,-0.24297660733059046,-0.20607754456558022,-0.16776144488854142,0.96404779094956239,0.95972117055323669,-13.01461167838157,-2.8040490689567092,,0.2848975864220015,0.6923076923076923,False,5
0.87239485888736623,-0.47835222522119331,-0.10053038750957055,0.46919129265514536,0.87716395980783024,-0.10219059893571475,0.13706473318649623,0.041982570671400189,0.98967202783363284,-5.1439283811361252,6.0434998082041229,-0.87394328534960419,,0.08686176617239752,0.4086021505376344,False,5
0.45546840098461533,-0.87619293478965365,-0.15758958318750294,0.87155743825967713,0.47494812108232431,-0.1217042073824818,0.1814832430797565,-0.081915952689711385,0.97997633092651304,-21.109985639170084,-8.7462408434319538,-3.6345457946570079,0.4153398996226011,0.3687813566540284,0.8165137614678899,True,5
-0.47525319618700396,0.87967211471222506,0.01764568252466206,-0.86258489653849313,-0.46188076120666516,-0.20643027561583774,-0.1734407558151092,-0.1133275475110776,0.97830218807759506,-14.657164820360789,-12.940630240428112,-3.7970198897876841,,0.08668197306421549,0.375,False,3
0.65227773929076505,-0.75312991123857709,-0.08561009066401952,0.73935282907074029,0.65706221767685724,-0.14705997499885148,0.16700642194484983,0.032627885302961852,0.98541578845167455,1.1703624275774738,-6.6290195206476046,-2.0403884618732788,,0.06722748695835634,0.2978723404255319,False,5
0.67740209283111608,-0.72829046468152381,-0.10353455308250283,0.71684095942158532,0.68513776622484313,-0.1293262548285255,0.16512251065062145,0.013388067313907001,0.98618219215824066,-4.7925233033392143,8.7397629933211061,-0.49046970306616805,,0.06595909003092044,0.2380952380952381,False,1
0.040954960054169841,0.9920769769415192,0.11876852726854045,-0.99552588570723743,0.050647043163281232,-0.079768965805238262,-0.085152229176821234,-0.11497020849504194,0.98971255878907849,-16.238835208006691,-7.5235977429983514,-3.1561293593930109,,0.2003345889001117,0.2592592592592592,False,2
0.66288998435403235,0.73235509753292527,0.15566913554282583,-0.74451200879365198,0.66676648970764618,0.033530836031704203,-0.079238484369354378,-0.13812479618259449,0.98723999274460361,0.19581184021240741,-15.09795618621111,-3.1111902706827936,,0.147528822498591,0.5,False,1
-0.98856079982782941,-0.132803048002956,-0.071490527238835089,0.14490312207598732,-0.96778122317170789,-0.20591889007301947,-0.041840533653307505,-0.21392254326600862,0.97595415631381432,-7.7232154977103882,2.8711149167688887,-1.3820218102111115,0.369612066798551,0.2788201738940372,0.918091809180918,True,5
-0.62850853584079913,0.77779259615203467,-0.0039620381539317989,-0.75924652218034638,-0.61461217808087132,-0.21400137642486292,-0.16888380304903042,-0.13149352807558767,0.97682532376158804,3.0242439553816021,5.2790915876445785,-0.37097338727852197,,0.09857785229882576,0.3571428571428572,False,1
0.97766680995758704,0.20487288341503374,-0.04684773578910905,-0.20690215366936218,0.9773918185499435,-0.043551484918587985,0.036866075385587116,0.052271738758571745,0.99795218212739056,-16.614363373565336,-5.219293283329991,-2.9082391713466138,0.6874205670967605,0.5243964858507184,0.6410256410256411,True,5
-0.96725161274166893,-0.22761678127259774,-0.11231615436678276,0.2501418683145164,-0.92988487628183492,-0.26970940394884169,-0.043050706902021063,-0.28897182863631998,0.95636913317495642,-11.340654177482076,7.0679420466577465,-1.0466677731544951,,0.3495551693695231,0.1688311688311688,False,4
0.78599165339202859,0.61474263975543797,0.065639985257321148,-0.61823648463636516,0.78169888139383259,0.08203967267182849,-0.00087741810740369491,-0.10506353170414034,0.99446512479991878,-7.9733099825034568,-14.43384254258258,-3.5498775367073567,,0.4996960988361195,0.125,False,2
-0.984027225450678,-0.16204354507402749,-0.073704199823910771,0.17419650285491939,-0.96182370979951015,-0.21107043767573075,-0.036687844921136283,-0.2205380710157549,0.97468813538879873,6.6019547320620759,-10.432367084130059,-2.1638410772259302,0.3960170431245691,0.3468279208160389,0.7777777777777778,True,5
0.077143993639365097,0.995260324312498,0.059208876823929474,-0.98597597573143059,0.084969433859899052,-0.14363694019987117,-0.14798709242978836,-0.047297802897279251,0.98785765083602395,-15.454762995941094,-12.433918248301856,-3.775986811312726,,0.2566143347725631,0.2692307692307692,False,3
0.7988985768078839,0.60143070192460168,-0.0064942094836723183,-0.60119275719685783,0.79816412433293416,-0.038746604004477797,-0.018119952217837729,0.03485887850061891,0.99922796494158517,4.0279573574418732,-18.852367851042864,-3.3393978301045841,,0.1987147589236928,0.4347826086956522,False,5
0.97171661785135222,-0.20548083588899146,-0.11638058546806684,0.21339199247440102,0.97511967832243651,0.060045570162602202,0.10114678511615562,-0.083181963373728102,0.99138796080543423,-19.479452056694736,-6.1834533455190801,-3.1882535347719285,,0.1969434906022383,0.3,False,1
-0.96603684379332344,-0.24656164261896527,-0.077331577139428148,0.25744598368652016,-0.94409516951960537,-0.20592687142145058,-0.022234700751609583,-0.21884164886690174,0.97550702242664633,-2.3228821930754924,6.7581558391160783,-0.58709345717766015,,0.07307925987632365,0.325,False,3
0.037216871727358637,-0.98143565678438072,-0.18814610293875958,0.98666187610144451,0.065945931712094966,-0.14882700137610388,0.15847159589910248,-0.18009771148695003,0.97079944767720006,-3.9850943205740954,12.128822023455045,0.12401151193076666,,0.1799113893540101,0.2916666666666667,False,5
-0.97260391252596778,-0.21874908262141166,-0.078679528414137057,0.23072270997614047,-0.94973258670323379,-0.21160114568510868,-0.028436955541091748,-0.2239572562036683,0.97418401082817974,-0.24435916827409826,-10.887715501764024,-2.6133344760273518,,0.07714409336425336,0.1923076923076923,False,6
0.10025278199634884,-0.98654076161400106,-0.12917703114741086,0.98138468881005747,0.11942300591544378,-0.15040690884166882,0.16380925575552424,-0.11169364947116041,0.98014848691238354,-9.0325154314647218,3.9515652137970432,-1.3230873607569371,0.3087802661800384,0.2826955771541001,0.5040106951871658,True,5
-0.584456688643469,0.78597213199802363,0.20163875327523531,-0.79308427624421018,-0.50079154251564073,-0.34673500215438469,-0.17154506659798543,-0.36256811590001276,0.91603310609311839,-28.768576089408992,-9.7673212526510049,-4.31161219393534,,0.1110351092125704,0.3333333333333333,False,1
0.81914725005080269,0.57244618829127347,0.036099089254423303,-0.57254988877949475,0.81982664122055804,-0.0084204040048574125,-0.034415223271028139,-0.013770978752765464,0.99931274011262117,-11.791229975662143,10.647804202312118,-0.63239253172197019,,0.3696637551427027,0.525,False,4
0.99389502703745602,-0.082058877609560515,-0.073749683631007493,0.074353016182661602,0.99202558022038156,-0.10176874359524921,0.081512601570281104,0.095663936746685593,0.99207061592981904,-17.780588911203417,-18.628303623840473,-4.8166914015512257,,0.3811914093551135,0.7,False,2
-0.89721919432578201,0.44148622986041386,-0.0093608854834038926,-0.42176276002338198,-0.86303063918664003,-0.27801850672672801,-0.13082007334830015,-0.24549546771526859,0.96053010558774665,0.49703010839971945,-18.530565199405846,-3.4593276368279184,,0.6823086853074678,0.6078431372549019,False,1
0.15934912914123955,-0.97582915589547004,-0.14955037126755433,0.97208193280865707,0.18152326835343871,-0.14868093002557911,0.1722340586205709,-0.12168303723453083,0.97751146668490085,-20.176793605858705,-15.051306599185118,-4.4601585742431435,,0.1084197809903737,0.2692307692307692,False,2
0.60448219556866711,-0.77378915155707495,-0.18934525125565321,0.77648594272001081,0.62541848580038617,-0.076949973212269485,0.17796307481806589,-0.10050903716450042,0.97889073825916106,9.8879347239354693,-4.2476879902293359,-1.1924175470009231,,0.1619839715858697,0.2352941176470588,False,4
0.85138906158031158,0.52430796396202572,-0.015421567604878547,-0.5236912232555373,0.8479858503902632,-0.081654762402578254,-0.029734971103324896,0.077596111139011201,0.99654135640704189,4.2963544639001157,-1.2278205842496333,-1.2325085983030641,,0.166699765733332,0.2972972972972973,False,1
-0.31763036775275083,-0.90997209818541347,-0.26657406101360936,0.93749373680408676,-0.25921781843709107,-0.23218875092868635,0.1421845383097633,-0.32366171094022,0.93542859371353826,20.314245876453302,3.7137849250846222,0.68766275802375443,,0.6556381846864845,0.5714285714285714,False,4
0.88025621442668467,0.47247753386162433,-0.043749022380397032,-0.47446474491749996,0.87534137455141703,-0.093062795083791255,-0.0056747505297219183,0.10267647244852936,0.99469861727658593,-16.627424260766805,-13.952986454707954,-4.0674076670268917,,0.2002286599985885,0.1714285714285714,False,5
-0.98638272242391178,0.14495214140878879,-0.077704579045247024,-0.10801962708608787,-0.92725216506538155,-0.35851803656963327,-0.12401969628964218,-0.34524237729828133,0.9302831912109647,-27.401299848732084,-7.0397996852942351,-3.8324230533795389,,0.3396548757834467,0.34375,False,2
-0.90658453160078178,-0.37662969612580716,-0.19040629994402347,0.42192701185146381,-0.79919651338929187,-0.42809173042292487,0.0090600073005378395,-0.46843890208071076,0.88344943900889561,0.53251740692861482,-5.9351471587463198,-2.0121642754597664,0.6183312284561601,0.3425841431233278,0.1917808219178082,True,1
0.10706649189593431,0.98791777574454287,0.11205014360121898,-0.98188953038541826,0.12277817564924194,-0.14428606898708918,-0.15630008455724195,-0.094572659644317117,0.98317154943336316,-28.771530091308151,-6.0873346516092219,-3.7771335640581016,,0.5782218623491138,0.2571428571428571,False,1
-0.96703253903673558,0.24396274914169805,-0.073008530154977339,-0.22577166768091406,-0.95398271884722197,-0.19734266191941879,-0.1177931344210867,-0.17435351780818201,0.97761220752973843,-6.5630105699339962,-2.1831034960031395,-1.9478890642966162,,0.09856882291148701,0.5374015748031497,True,5
-0.61075811297357319,-0.7807804414262064,-0.13174380335811126,0.78595127195551995,-0.5775685668356203,-0.22066977299791263,0.096203563075712775,-0.23832006396807701,0.9664100690502927,-8.0882656194568572,-7.5892164180392099,-2.6959395965610007,0.6770119903887971,0.5009288491613026,0.8568019093078759,True,6
0.6966728092851554,-0.6827225241462761,-0.22031103428123444,0.6985381078382813,0.71552350327644842,-0.0084040559679242899,0.16337536136285438,-0.14804077574214478,0.97539346933287441,-4.0124424072367146,14.4724177203852,0.51873172897477537,,0.2159489597142496,0.1428571428571428,False,1
-0.75137344822327268,0.65903182664143189,-0.03339150758394363,-0.64066865746763835,-0.74068739497750113,-0.20230139460730046,-0.15805572638688087,-0.13061100411183857,0.97875387762256871,-2.9337903344309066,8.4314550341544106,-0.42869037763869317,,0.1083618193754829,0.3478260869565217,False,3
-0.97038906994371354,-0.2133711530399138,-0.11321574088523825,0.24019590531332857,-0.90190873040539243,-0.35897990067585206,-0.025514309798350829,-0.3755441293229756,0.92645325134437473,-7.4660777135749248,-20.680274969866126,-4.2909189359304296,,0.2869915829351828,0.1052631578947368,False,1
-0.24111748519991866,0.96980408988527367,0.036638580385486674,-0.95458623323449554,-0.23018788638694293,-0.18915247891552908,-0.17500709028506473,-0.080582654476683946,0.98126395742809558,-6.0999946733139181,-12.625281596707159,-3.2038862857663806,,0.0968584122889437,0.2307692307692308,False,3
0.99780004597949135,-0.027839053434743532,-0.06016689577485726,0.020562717975549524,0.99276044077095627,-0.11833799841857488,0.063025731830602783,0.11684046535389224,0.99114886005236524,-1.9211849855741727,-18.464183090571119,-3.6165501868765988,,0.120939828301378,0.2941176470588235,False,5
0.11386433535023295,-0.98493190601310299,-0.13016932685025145,0.98073973411032256,0.13236206921995894,-0.14363097357125443,0.15869621001292153,-0.11130778566303742,0.98103317465737505,9.0902134374260051,-5.8193168652926994,-1.4797447025435075,,0.575442533704801,0.1176470588235294,False,5
0.40737630570811323,0.90030964031961813,0.15325500675400561,-0.90468456693208421,0.42077142186392325,-0.067061500859433326,-0.12486144281769813,-0.11132817294006384,0.98590854444380926,5.6831500787053439,-12.754479418006413,-2.4465305273753919,,0.330544818182728,0.5789473684210527,False,4
-0.97624763120784375,-0.20678427022390244,-0.064659323759541698,0.21629006421081676,-0.94755596049660029,-0.23527921678517444,-0.012616286488259583,-0.24367594734674261,0.96977464495619448,-1.9041447942222729,9.8780945698821796,-0.1188821135901232,0.5211708585467827,0.3141801644380103,0.6145833333333334,True,5
0.85429064335945215,0.51794920744553807,0.043773452857108028,-0.51899951090616614,0.85461131409194335,0.016703577616890203,-0.028757683280381488,-0.036988110692250935,0.99890183467634308,-7.8767298933677559,-16.626322275080501,-3.8079068036893382,,0.1642235580611931,0.2142857142857143,False,1
0.8546639000775742,-0.51060406737742248,-0.093984595981596614,0.50082520781567064,0.85853544143615956,-0.10995911519473918,0.13683467806291541,0.046908231427460013,0.98948263688847382,0.14552180831285155,7.4233607112258673,-0.34622039717275854,0.2245419193057389,0.1848502171757731,0.6363636363636364,True,5
-0.7103019276380157,0.69538028020014908,0.10916701655024834,-0.68478178734527817,-0.64675412910545715,-0.33583180344518926,-0.16292659486384006,-0.31329756206169962,0.9355744557715705,-0.86660117701234796,-0.97593017546449734,-1.4424988265304393,,0.4138543366124952,0.2838370565045992,False,2
-0.40667289203315032,0.91263172943784399,-0.041478733209746002,-0.89588062691572912,-0.40727791803311125,-0.1775460498003158,-0.17892753058843586,-0.035043172029738591,0.98323797469972651,-3.4966534051126947,10.568587138157682,-0.10847628686642669,,0.1078994327810949,0.4473684210526316,False,5
0.98630057196690446,-0.14552380628352965,-0.077678848746037976,0.13936950552652197,0.98704157405767623,-0.079530321331151399,0.088245808212338878,0.067614738678021508,0.99380124997227315,-7.9324213960381567,-11.38470554086607,-3.1578845502523256,0.2765973356210677,0.135575667748873,0.4189189189189189,True,5
-0.15092674924035163,0.98841865153027131,-0.015801445213001135,-0.96720483741623597,-0.15095315058086339,-0.20427420005556976,-0.20429370729998456,-0.015547206719878089,0.97878616945727082,-12.622528899170504,-19.955356183673086,-4.604778072309073,,0.1671055421575773,0.3125,False,4
-0.26995052531363539,0.96282906638565413,0.0093221674423347098,-0.94653577048909254,-0.26358150540732894,-0.1859968418867014,-0.17662601469634293,-0.059033710116650762,0.98250611804830579,-11.653106048278044,-8.0505066850290223,-2.9366133467632149,,0.06736485959788863,0.125,False,4
0.88282940397311271,0.46916722669095445,-0.022234137707536357,-0.46931454867704547,0.87922587163442212,-0.081888467129090231,-0.018870555914980207,0.082728350931282169,0.9963934574612836,-17.399894884791411,-8.8956166309045237,-3.4293059563290873,0.2169340843349567,0.17989011012534,0.6846846846846847,True,5
-0.99303761657013589,0.10821766732657831,-0.04653201645211421,-0.089787485397274339,-0.95105674607414303,-0.29568441489686126,-0.076252865800178621,-0.28944775387841398,0.95415171656922737,5.1051149875984194,8.1142856854619509,0.23947946975630841,,0.1581749348110839,0.2592592592592592,False,3
0.41400687631568889,-0.89577493327713931,-0.16181957630540905,0.89296446515861261,0.43416814740175308,-0.11879597529260705,0.17667136249918383,-0.095316780757985012,0.97964378269788233,-2.9195136176706953,-3.3433515221374104,-1.8652396691105504,,0.07840085110382661,0.2123287671232877,False,1
0.98994611908897867,-0.12052133914390796,-0.074035721862004092,0.11246722081250736,0.98812155765956955,-0.10472302292779792,0.085777651771190525,0.095343558247972277,0.99174180125536482,4.9447128320450444,-14.120985528724656,-2.6926257362884383,0.3524423718324605,0.2934021024590573,0.5283018867924528,True,5
-0.57145237333553844,-0.81118252095785659,-0.12419783694427285,0.81478904177450073,-0.54281292528314118,-0.20364907451237929,0.097780378468126872,-0.21757078351197492,0.97113436338573367,15.514806073934592,5.3731902795017925,0.54548375893556389,0.1245882379040991,0.1497531204016387,0.2,True,4
0.14221724937777766,-0.95402088236085048,-0.26385300831872677,0.97576644473005425,0.17990649643085088,-0.1245531929773169,0.16629521736444355,-0.23974529935204011,0.95648737164706543,-10.954276086313978,-5.9970146202700949,-2.6426655354795523,,0.1760889682357972,0.3818181818181818,False,5
-0.88253700360954146,0.46861877959976844,-0.039049669221584177,-0.44272063655625382,-0.85600671525642114,-0.26692871970460003,-0.15851458995031645,-0.21828637805033801,0.96292480595867258,-6.7414887883405017,-16.853087292768475,-3.7872449001304873,,0.4334615652769468,0.5652173913043478,False,4
-0.88436545993788729,-0.45865521151707084,-0.086793607005822782,0.46652085912456875,-0.86205985472390168,-0.19801791554069303,0.016000664690083009,-0.21561123305996319,0.97634818323579575,-4.8051748595215731,9.4861527323851611,-0.36684590107717308,,0.07229106240936962,0.2258064516129032,False,5
0.98313316042829713,-0.13149340229020393,-0.12711677316709671,0.14422695712286687,0.98480303949181824,0.096755145841216889,0.11246232126960233,-0.11345685771174449,0.98715741790903355,-2.2896557325303561,-7.0304192999960682,-2.2815083576183079,0.769698836016018,0.3105202335228124,0.1917808219178082,True,3
0.16142290245594115,-0.95951701400199696,-0.23080239687532006,0.97455581292544524,0.19183808350340195,-0.1159272065175706,0.15551081652388501,-0.20621651136229319,0.96606994383721567,3.4677827052497734,-14.820158738088628,-2.870908944053459,0.7809249158185004,0.7010032164435215,0.5660377358490566,True,5
-0.88004324009034007,-0.46538142082223494,-0.094572875206236653,0.47453895101068277,-0.85407741412218241,-0.21298956467406371,0.018348829526082591,-0.23231853959562576,0.97246666606890886,4.4366717206262418,13.446514180005002,1.0124230512792296,,0.08800961094794635,0.3846153846153846,True,5
0.45282618738275665,-0.86762091642592609,-0.20538351784072675,0.87328145984256134,0.47804861441231328,-0.094069198751300889,0.17979971055494237,-0.13676062166684835,0.97415019193431129,2.4156603939075425,-21.844388161057442,-3.7961015823866151,,0.3224835965495538,0.25,False,4
-0.31153306003005149,-0.93853159806632935,-0.14867949401102168,0.94202265614809,-0.28450989461969978,-0.17789726014524188,0.12466141268254932,-0.19548032968702606,0.97275226696905814,-6.9964472962767976,-3.0809253222709034,-2.0964284277621936,0.8218675451717137,0.4248667523333796,0.6952461799660441,True,4
0.87296887732692463,0.48711131768293203,-0.025453946722793587,-0.48762180461582388,0.87019239057345654,-0.070641199390015189,-0.012260296969335845,0.074079467960092571,0.99717697403468619,9.7208018483539913,8.6437979553620945,0.66345917264417642,0.4606457598281118,0.4576708935869027,0.2413793103448276,True,5
0.73899666545421105,0.67366496913286,-0.0077095921279484031,-0.67086542733391596,0.7347789431577848,-0.10019722101940066,-0.06183451184928139,0.079217511038601973,0.9949377262367779,11.31729079484162,1.1700714461428081,-0.38838065920420456,,0.1859122812830421,0.4666666666666667,False,1
-0.85090356720285076,0.52230650933972489,0.056205245509782419,-0.50585072930000419,-0.78580192996226628,-0.35585160746332278,-0.14169742054150813,-0.33122686661701922,0.93285079398741666,-18.581220288267218,6.3606817977031582,-1.493921618086181,,0.07678353436090626,0.3846153846153846,False,1
-0.13928449106770588,-0.9691144002832397,-0.20351193997323164,0.97747120469892002,-0.10163905299701954,-0.18498526127860149,0.15858711969278458,-0.22469263910846543,0.96143816410522254,-4.051598886193597,-4.0025849748047344,-2.0385639226007997,,0.105045047493096,0.3056768558951965,False,4
-0.65510012200985124,-0.73774461159898852,-0.16302367373892657,0.75130895345711213,-0.61327612465258752,-0.24377705262448979,0.079866680147963665,-0.28217952262303181,0.95603139614469845,5.1828314731572256,-10.680341471312875,-2.2797744676836249,0.6308098549465555,0.400276276330831,0.2307692307692308,True,5
-0.94858698379379769,0.30849004970246185,-0.070828125850957213,-0.27820527197871747,-0.91934305619758605,-0.27822683491088857,-0.15094555581478489,-0.24421759612250607,0.95790041493044087,-6.624824733945232,-13.667379915394003,-3.3672358591172418,,0.4787942285345758,0.2786885245901639,False,4
-0.88143466362352441,-0.4655511848332351,-0.079592889526986565,0.47205295816149018,-0.86284787611102454,-0.18071952684112388,0.015457634161487037,-0.19686451430124324,0.98030884141430885,-12.022201386121647,-10.532744419118135,-3.333939865388714,,0.09825150933284801,0.288659793814433,False,5
-0.35504042979726702,0.92399023993446805,0.14208564218532502,-0.91663765488972149,-0.31422376648886446,-0.24706038575988526,-0.18363469946511665,-0.2179574753923246,0.95852638778124433,8.0585692889837048,-4.5767613780460934,-1.3623317648883897,0.611279209534285,0.5877755229868331,0.52,True,4
0.27925801854046012,-0.9356075917283424,-0.21599396607578514,0.94191658812915924,0.3106218216293834,-0.12769974524159011,0.18656929031322253,-0.16778712175830091,0.96800794505214971,-15.39641118362038,-15.29658924438025,-4.1717803440796644,,0.473030207744201,0.5,False,3
-0.74049674095521945,-0.65982528726332934,-0.12765252415273212,0.66879700082622562,-0.70479211141071185,-0.23659807982964848,0.066144903965038915,-0.26057373233136211,0.96318543474159712,3.8011295680643205,-7.456787065468621,-1.9739363364576807,,0.1088870703374601,0.1475409836065574,False,3
-0.77622983165919379,0.62924208719544794,-0.039008257385545655,-0.61129721275681748,-0.76634139441649796,-0.19757678223800573,-0.1542172691953998,-0.1295193534020877,0.97951098563324934,-18.859657208450887,-14.99386582692979,-4.3337351821495149,,0.1406143913170546,0.1333333333333333,False,1
-0.98221296144281667,-0.1657474362609358,-0.088235399623161015,0.18225512769801516,-0.95460072087323622,-0.23562795279015103,-0.045174847000427266,-0.24751818333452702,0.96782952120570453,-4.5815726057268291,-8.8847754316764416,-2.651532640787043,0.2014886661006441,0.1477267879042381,0.4202898550724637,True,6
-0.59858325870844264,0.80024757100803823,0.036081955181470858,-0.78264859199089076,-0.57462985016302648,-0.23929420543819008,-0.17076083815869236,-0.17147699670029584,0.97027644295529947,-5.5960817352865488,-15.347689865899705,-3.5152977339705016,,0.5829378693837846,0.4090909090909091,False,1
-0.93017672519795591,-0.3360527067893796,-0.14778307805543189,0.36710828848205096,-0.85329399952245133,-0.37029833230350662,-0.0016626568454715662,-0.3986952829398791,0.91708195213606947,-16.261500212915905,5.4536141355139991,-1.4828543323475309,,0.3836553079847745,0.1666666666666667,False,1
-0.9796199747947435,0.19795601274559127,-0.034031191589686399,-0.17720393928313039,-0.93152272979599116,-0.31759119599882824,-0.094569915330866644,-0.30508821821121296,0.94761685834677956,-1.0779572873281837,-14.525759595212609,-3.1341109865648802,,0.5250203115935649,0.6027397260273972,False,5
-0.92069509926991422,-0.36814160776913624,-0.12958507170781047,0.38988955751910181,-0.88248677139667453,-0.26306507036745186,-0.017511913599657557,-0.29272658734564727,0.9560358141529266,3.3900441139715625,-2.5303734607924935,-1.4144422643752284,0.6920537855274123,0.5891757105868861,0.9767441860465116,True,3
-0.99791270856336345,-0.001415565550426962,-0.064561770901240018,0.014350610476502693,-0.97962249418341374,-0.20033429279286843,-0.062962576715724167,-0.20084263756493406,0.97759805076998629,-4.4383171627469231,-12.453193480390087,-3.0951667267645364,,0.08589892054079308,0.275,False,5
-0.94783259485886073,-0.2780133339121903,-0.15595498802586527,0.31858085308277828,-0.84294919987918615,-0.43352380150585634,-0.01093673498664146,-0.46059226284216803,0.88754445254182235,4.0073740390535626,-12.108631981434256,-2.5167901546390827,,0.2447838187888859,0.1818181818181818,False,1
-0.67435841235458815,-0.71706554304230086,-0.17623205913808779,0.73395346861436284,-0.62475854472186643,-0.26643773513892965,0.080950834433907701,-0.30902065914509175,0.94760392286333872,2.4793981164422889,-11.21531215870848,-2.5142872007772734,,0.2793286248743644,0.4583333333333333,False,4
0.44229454584826527,-0.83616804440545289,-0.32434323829553957,0.87733553318008706,0.47844448263234141,-0.037057242993545375,0.18616631524657817,-0.26816763144315436,0.94521332222608856,-10.421188708091274,-4.2947109596704811,-2.4068174234477984,,0.6946030342165852,0.5243055555555556,False,2
0.78869398329052121,-0.60469960045469784,-0.11090623937028543,0.59575999410099156,0.79627889343800784,-0.10492832455503708,0.15176241349595354,0.016682837740308362,0.98827620267555405,-4.0970185528441814,-10.285565922373952,-2.8016420817824894,,0.0709359128811278,0.4150943396226415,False,5
-0.99756344818195786,0.02345300118963943,-0.065704821638300756,-0.0033818601121893095,-0.95694993978198384,-0.29023331265283514,-0.069683067337077881,-0.28930393963175743,0.95469759643566732,-12.786986765038662,-6.998087024717055,-2.8952016310692463,,0.07395215782788116,0.2903225806451613,False,5
-0.73551026880423431,-0.67083927841426427,-0.09486467741026039,0.67475216255772374,-0.71266748261224377,-0.19187125462351706,0.061107803161286826,-0.20513342429686265,0.97682450554285605,-11.388446202475665,5.6251165249973116,-1.234495001685691,0.1757254395498823,0.1749198232182597,0.1645569620253164,True,4
0.977911491077468,-0.19115578449358273,-0.084549285468821983,0.18353889920597208,0.97886119824156936,-0.090245371379038833,0.10001293964735436,0.072733902904516479,0.99232413619309556,6.9242775812022908,-4.2555675752069799,-1.4405353102640415,0.245894723872768,0.2174635075499954,0.5411764705882353,True,5
0.80140254342799144,0.59291647219023214,0.078765604121568494,-0.59493741560241764,0.80376728393840924,0.0027613016111894262,-0.061671994482601362,-0.049073519088828253,0.99688933930540968,14.72639820390614,5.3314072991875889,0.51660934296132432,,0.6671307419124897,0.1666666666666667,False,2
0.9824850286190574,-0.16433461531170648,-0.087848180116410476,0.16048081380548124,0.98580631158536003,-0.049313532004921057,0.094705210731735101,0.03435185946674961,0.9949124950524223,7.6279208183397653,-8.304499935763765,-1.8854787398109794,0.413623933673092,0.2469687021397447,0.2727272727272727,True,5
-0.61285819085674531,-0.76507910707642091,-0.19763298766891907,0.77703441438613685,-0.53804631358031185,-0.32668590924958696,0.14360486328599753,-0.35377976815779388,0.92423888626416661,-0.66749086019169157,5.9010063662272971,-0.5861346110152631,,0.3932662511192604,0.2711864406779661,False,2
0.56097744363792468,-0.81876467372016171,-0.12218312812077226,0.80961386895349641,0.57341697882329834,-0.12537285031182976,0.17271274106912507,-0.028589814009168761,0.98455722617190267,-24.930716469401563,-9.0446257294422008,-3.9706858880540192,,0.1251569223546426,0.2142857142857143,False,1
0.40506764437956699,0.89489384722245935,0.1873104526719557,-0.90778579229674949,0.41804420936160336,-0.034117361026217263,-0.10883546655824095,-0.15621792862093709,0.98170810325495039,-5.8013673096540961,-19.451154962657785,-4.0135538464261824,,0.3398943484209023,0.1,False,2
-0.95517166320912028,0.29450082784803427,-0.030271375904388866,-0.27470200332391198,-0.91976816784370929,-0.28029507093642436,-0.11038977838618844,-0.25941430149135608,0.95943645803648692,-6.6781606811569434,-7.0417166167991185,-2.5337895132614445,,0.07222514533014754,0.1935483870967742,False,5
-0.8263521226793441,-0.5497720430386408,-0.12203634719402462,0.55899328040274643,-0.77446382535472125,-0.29619638026401868,0.068327752838198433,-0.31298000560746642,0.94729870383212911,0.51998797427753407,-16.551288587748225,-3.2636528928915438,,0.2510073455710893,0.5,False,2
-0.8775382806746066,0.47933433154804994,0.01285163608417824,-0.45986401771678426,-0.83369582874900983,-0.30573902324675423,-0.13583685494015696,-0.27420770179899445,0.95202861570127262,-16.698925688980971,6.6953789064998066,-1.3522758005078839,,0.262350022636853,0.375,False,1
-0.86458562283783058,-0.49124107323765298,-0.10570671098108328,0.50178387659941115,-0.83294475626120723,-0.23327231769291329,0.026545093086789158,-0.25472581530201333,0.96664891095564642,-2.9901498697633402,18.560323483603032,1.2702534501563765,0.3342403391511777,0.3429463522068239,0.9090909090909091,True,5
0.49162229723696599,-0.86439465245014113,-0.10549597942598267,0.85313855641155023,0.50238024445644069,-0.1406011861397416,0.1745340093605364,-0.020880009470443453,0.98442973582732141,-10.774400962508949,8.7015347683887025,-0.82258260921617132,,0.09065519379828432,0.1481481481481481,False,2
0.92753855168704635,-0.34966309185969241,-0.13193921829924776,0.35343061812329574,0.93544437192199648,0.0055340050999092838,0.12148676186021745,-0.051764362553606218,0.99124236060720139,-20.78401914260537,-9.6877671903492271,-3.7555614573059675,,0.2049478014502574,0.4444444444444444,False,1
-0.98222798772432596,0.17971267533122276,-0.054143646500004597,-0.16143211390876852,-0.9560528215629468,-0.24475022978635969,-0.095748904588874348,-0.23166000238889742,0.96807323615685614,-5.3444239623801284,16.720456171776263,0.75818580296618521,,0.1148195082325129,0.3448275862068966,False,5
-0.93208480831325546,0.35677607688311225,-0.062679670352824582,-0.33917143952264961,-0.92032413062703788,-0.19484924736247186,-0.12720316318306232,-0.16035686935545887,0.97882839646525432,-11.631852966298473,-2.3883719161640045,-2.2683311930203125,0.1425829337284639,0.1122835152263355,0.5951903807615231,True,5
0.65945465675364812,0.74535730100725484,0.09778573270734045,-0.73089216682103786,0.6661397756371138,-0.14850737286002352,-0.17583002066080347,0.026463052532141915,0.98406478988179691,6.7610863858262347,6.066367314616997,0.0058176595341538403,,0.3895769420514761,0.5714285714285714,False,2
-0.99331459097818597,-0.08375198305685741,-0.079446388740350371,0.10359724107954149,-0.95035679323937272,-0.29341025405476739,-0.050928724611424891,-0.29967911318244994,0.95267974373953901,-3.0022569446144605,-10.79349685048188,-2.8059145404136894,,0.07674649298020968,0.1428571428571428,False,5
-0.52165999250074369,0.85037014116356291,0.068858370889721993,-0.82661866139596984,-0.48381371972253251,-0.28744716599782572,-0.21112186257244703,-0.20686930082955485,0.9553180891819395,-15.292744988083113,5.7895115069713343,-1.4089290486261152,0.6706956568749199,0.3148354069233578,0.6717557251908397,True,2
-0.71897666103032865,0.69503383080144798,0.00073139260574243276,-0.67595574188446328,-0.69899572218292649,-0.23342839455257636,-0.16172939098105882,-0.16832395673650496,0.97237371914375725,-7.1452344291365764,7.3581906790812832,-0.82400893713630963,,0.07101918647057914,0.175,False,5
-0.2148168374230093,-0.91138033245102579,-0.35105500421021429,0.9662538203886013,-0.14600743625307439,-0.212215416836845,0.14215231599945119,-0.38479568368195299,0.91198958375396477,0.55957939736323314,-21.050543612574796,-3.7714825282625668,,0.3071048506637753,0.4074074074074074,False,4
-0.22314847267780927,0.95224764332869127,0.20839670082924555,-0.95899178358452808,-0.17613064261392505,-0.22206475575779872,-0.17475559550104836,-0.249404134904293,0.95250094978100419,-8.9225182134586039,17.573394282740448,0.70132335409739155,,0.4924034946201319,0.2307692307692308,False,3
-0.34326552456665194,-0.93319748130076952,-0.10635431602845163,0.93014629462386833,-0.32203863491971463,-0.17640574881940027,0.13037120173361808,-0.15947908487618478,0.97855494033068258,3.478081184442039,-6.6514735395525415,-1.8879551092338247,0.2529301203607291,0.1936396778507561,0.6041666666666666,True,3
-0.97993388498767287,0.19036797221252669,-0.059072973589089264,-0.17494416295120785,-0.96346735607200684,-0.20279347532136635,-0.095520264354050893,-0.18838972620423622,0.97743807484588263,-4.9143307860867607,-10.499156654539867,-2.9012606544731634,,0.08945519414343017,0.2837837837837838,False,5
0.53093886792684253,-0.84135920847128431,-0.10108709534424576,0.82910747682139718,0.54042085449166954,-0.14326929855816967,0.17517051807715589,-0.0077448273749242402,0.98450764712393846,-15.263314234346856,-3.8163370326812744,-2.6362984675565619,,0.07771157198249241,0.4625,False,5
0.64911525895263489,0.76015800699802427,0.028446177100725702,-0.75314934648694198,0.64748342137054438,-0.11632403421729441,-0.10684307409067877,0.054083485899910799,0.99280387492785704,9.6590207139102855,-1.9700751087856654,-0.90807681557258801,,0.1942842820888849,0.4821428571428572,False,5
-0.95029397398404081,-0.28539050431690655,-0.12447338291924491,0.31107333141116167,-0.88723772842774706,-0.34065025427721707,-0.013219133647130586,-0.3624382337724773,0.93191404174714854,6.1257051443247814,-5.5389986211409505,-1.6200699172212585,,0.1117198450259947,0.3333333333333333,False,2
0.26647156913932535,0.95681553233749461,0.11617633114427038,-0.95114491936369916,0.28054465466330503,-0.12891097357661141,-0.15593667050776919,-0.076149417709949638,0.98482740669286195,16.330687548029168,7.0830344684184414,0.90888017706987145,,0.55776306890857,0.6071428571428571,False,3
-0.42917406090720961,0.90304213710211678,0.018014551408699973,-0.88580817268491263,-0.41691857424801582,-0.20377140047518344,-0.17650355987636812,-0.10341083630376272,0.97885274290156921,-19.879061561251479,12.201123168583095,-0.76107243142038583,,0.1130987821356854,0.3684210526315789,False,1
0.77418722236316373,-0.60641688062115029,-0.18136347930971092,0.60835073711988985,0.79200685283988481,-0.051327630963727902,0.17476706032687306,-0.070595410278400522,0.98207574182052182,16.552449780458836,-3.5996630994605319,-0.65122032138831309,,0.325829165767375,0.5,False,6
0.90849085530537166,-0.38090543649211239,-0.17191688188560078,0.38748351745763066,0.92186232784135425,0.0051353875785060954,0.15652759988314,-0.071280410756902224,0.98509807304509078,-1.3227401049019802,-16.447780926906809,-3.368811898921162,,0.2822194351372688,0.25,False,4
0.93759271931586874,-0.32656705414913051,-0.11947322641593637,0.32595513119408948,0.94504971500557788,-0.025185087177142629,0.12113275830310601,-0.015329556817963438,0.99251793915961362,-4.2058509385034251,-23.887451776004138,-4.47665108949084,,0.2075748194810687,0.4347826086956522,False,4
-0.98757383028570611,-0.13110662041943902,-0.086654392946999115,0.15159634564140795,-0.9400964761451337,-0.30534761097423557,-0.04143039612398796,-0.31468979904295508,0.94828996232972673,7.5654790217837995,4.9793381626493778,-0.093539478524765865,,0.07491370551821677,0.2,False,1
0.85306843876548066,0.52167378394107844,0.011432494514462967,-0.52146110815773594,0.85309972031720138,-0.017296816863786646,-0.018776353776283713,0.0087937672990838212,0.99978503599301694,16.656241880538417,4.3718093417978432,0.51015170821668132,,0.2559630994555817,0.1904761904761905,False,4
-0.62925306688714688,0.76312206379380176,0.14725927327067967,-0.75864084311326674,-0.56194027137288061,-0.32967742198968536,-0.16883319867108981,-0.31916742810077298,0.93253820504364682,-10.203334296639303,-9.529113658178737,-3.0989219769997307,,0.2567638871924781,0.275,False,1
0.91206923314737576,-0.40056618466299887,-0.087615327714309701,0.3900233184265251,0.91345701095894172,-0.11609522045939771,0.12653665488513219,0.071714857836315787,0.98936618809013144,-1.567725918223253,10.914826683761161,0.079037173889897186,,0.08124106963961028,0.4,False,1
-0.29388534709656083,0.95574004351585928,0.013869822718342709,-0.93905958739515227,-0.28598829640724532,-0.19072961395475255,-0.17832132257018879,-0.069077228797816276,0.98154462067622461,13.512642204427129,-1.4376405082093746,-0.56016196860684364,0.1863833026574141,0.1563626696236191,0.3529411764705883,True,4
0.29286390128704459,0.9542525821417509,0.060272255630046047,-0.94690832538560743,0.29820018330294384,-0.12017185191847327,-0.13264749767092077,-0.021878303268127022,0.99092178359734917,-12.675228588628102,-11.362242660832772,-3.4905556074845112,,0.3962346545678813,0.1666666666666667,False,2
-0.36637471540078625,0.92861483440032921,0.058686090742542454,-0.91730566788617385,-0.34990216961797516,-0.19004942346803769,-0.15594832342443687,-0.12346238709940231,0.98001895869050637,8.3529918426968095,-12.013718428479431,-2.2344441666341277,,0.1816288618844287,0.1818181818181818,False,4
0.50909419347086748,-0.82935263381252622,-0.23021144837403973,0.84281843849790139,0.53460166877174653,-0.062113891155063189,0.17458574369691857,-0.16240463212202427,0.97115629718552732,12.787352210309194,-9.5626820432138846,-1.6765936857055939,,0.1150803955200829,0.3571428571428572,False,2
-0.89773934860479787,0.43944461418382863,-0.030862485827615561,-0.41058043000066075,-0.86004538792775087,-0.30289542948792914,-0.15964890374539442,-0.25924961286187231,0.95252394498189052,-9.7615310865753067,-7.5255227167641943,-2.7951410080967021,,0.1926697747158282,0.1515151515151515,False,3
0.24878252353796459,-0.93648033601627345,-0.24720808287135257,0.94863827993929783,0.28709449649750618,-0.13289907416778021,0.19542944971495915,-0.20144808347485185,0.95980518848796437,-2.2058758928676956,-13.235432610530317,-3.0184876152388234,0.268016118446924,0.2151411437824139,0.2941176470588235,True,3
0.96716783843343257,0.25391939293995835,-0.010550553966775025,-0.25240465341366763,0.9645824281271318,0.076633088698640495,0.029635506324831005,-0.071454049831835564,0.99700353837260858,8.8927805875576471,-8.7838602897309794,-1.8442902979325837,,0.4830273858789387,0.1818181818181818,False,3
0.85743648603340139,0.51022116539496754,0.066910647894741729,-0.51384444837353072,0.85592172168740011,0.057981800760058405,-0.027686734989790858,-0.084097376455382511,0.99607282664418029,-13.561088358509059,-13.99955787663254,-3.8516157717481785,,0.2898581461054619,0.1142857142857143,False,1
0.014417609105390888,0.99719004170434244,0.073512946297753623,-0.98832876505228684,0.025362968704153589,-0.1502097599649698,-0.1516521833601675,-0.070489293826824367,0.98591727580861976,-10.189665747246197,12.106828712652479,-0.37565189193580528,0.831183625863686,0.509473524330427,0.5263157894736842,True,2
-0.99668267182135539,0.041238587239775068,-0.070164311537355417,-0.011084706492682022,-0.92286988778227486,-0.38495233407098811,-0.080627420726541277,-0.38289757004608688,0.92026554313403841,2.3809296473037826,15.070777904217106,1.100843857992627,,0.3593821380585768,0.3076923076923077,False,3
