axis_00,axis_01,axis_02,axis_10,axis_11,axis_12,axis_20,axis_21,axis_22,location_x,location_y,location_z,dbh,dbh_approximation,score,reconstructed,number_clusters
0.87926741298428912,-0.46224165939557765,-0.11498462846458911,0.47360169061925422,0.87417236638738971,0.10735041912939577,0.050894548887881995,-0.14884663974673909,0.9875497064601888,5.2694781976073806,-20.628078269952169,-2.1320024243217834,,0.137881264257069,0.3846153846153846,False,5
0.85518569348307405,0.51773990462065089,-0.024552409765106635,-0.50873216060087223,0.84749117084351644,0.15149357779343339,0.099242221016273349,-0.11706453991574869,0.98815326496554801,-2.8288927603612652,-7.3756242936601506,-2.957129956008187,0.8931268577150199,0.4020686289762312,0.6220472440944882,True,8
0.44786336668013682,0.88539021863792366,0.12450929895482961,-0.88860670222779858,0.42535800767110027,0.17160621802810283,0.09897743955957744,-0.18749593609025791,0.97726595172852937,13.855500317089772,-1.328852771390693,-2.7079018876488226,,0.266468934864374,0.3448275862068966,False,3
-0.98873364881904058,0.14947121682691414,-0.008007935643354884,-0.14817514602014145,-0.98493585133250239,-0.089137505360140853,-0.021210794301399459,-0.086946673888084816,0.9959871375198095,-27.911753908718705,24.286416669226782,-5.2562149474253346,,0.2920934615216807,0.5714285714285714,False,4
-0.99695351494828,-0.040282963315558355,-0.066790507549999767,0.039405563097961144,-0.9991194909202703,0.014402932345615738,-0.067311890696977156,0.011727136467917522,0.99766306117900416,-11.762329782039838,16.191175543409422,-4.1582694442537234,0.4124119998257534,0.4065203355435121,0.958974358974359,True,5
-0.78275592529790916,0.62056489110028201,-0.0468228293112486,-0.62209365414736095,-0.78231051648254846,0.031460153693087071,-0.017106924931108405,0.053753806697799597,0.99840767293971566,-12.194476269218764,-8.5794321811256928,-3.228402109394692,,0.1096068025278657,0.2941176470588235,True,5
-0.29740659859172192,-0.93538064677250754,-0.19134356732732541,0.95352504488863787,-0.30115120462589662,-0.0098965005174094234,-0.048366350743281529,-0.1853941681817842,0.98147322863130693,14.098752407089403,16.853001495224092,-3.5160182068716166,0.3773465837038845,0.3486136252951112,0.717948717948718,True,5
-0.99260534110788468,0.11020612251603176,-0.050884647626572181,-0.10737499432803189,-0.99267512407419978,-0.055377871368680887,-0.056614904372913402,-0.049504632149451007,0.99716801192105697,9.9811678544429281,4.0516059279403809,-3.0352124572201742,,0.770161638682747,0.875,False,4
-0.31639562943809879,0.94748077813014464,-0.046625966438935344,-0.94846793131842111,-0.31505913292975357,0.033857436673602123,0.017389333886733881,0.054935578921564053,0.99833846627059741,-8.2868551704256177,2.9613295664986961,-3.5228057817970928,,0.6988094244523608,0.9965893587994543,True,5
-0.84222100329784721,0.538536459787615,-0.025342909923485039,-0.53869647431179613,-0.84249969918058087,-0.000604520198863992,-0.021676950154663029,0.013142996616181762,0.9996786340979481,15.769826863391581,-3.4065614115603795,-2.5511469749484452,0.4793203931026956,0.438464176465494,0.8333333333333334,True,5
0.44566336568078097,-0.88645973035785541,-0.12479307249987107,0.89516397373609846,0.44255524780089295,0.05316307712020802,0.0081009021150417679,-0.13540309855306037,0.99075747601880571,-4.4649855018070861,-6.461016716089734,-3.0757008204214529,,0.1797604982566555,0.5612244897959183,False,5
0.60058635278760641,0.79938020272594978,0.016950644090977726,-0.79828678655616336,0.59829942188651009,0.069108669355596508,0.045102541559361428,-0.055037198875726202,0.99746512093646633,2.6023458976612468,14.351659976548616,-3.6500463492736519,0.4019478105770702,0.1599691085136503,0.2580645161290323,True,3
-0.015038482905105297,0.99931980194957859,-0.033671612129026765,-0.99886364797417548,-0.013491445203386502,0.045709885824032778,0.045224515338861834,0.034320756660930193,0.99838711373624334,-15.696072001733194,-7.9718082649598525,-3.3736561569325203,,0.4514805117092637,0.8888888888888888,True,5
0.7706037397963692,-0.61790840234055522,-0.15607396492942494,0.63600573429055629,0.76129138645778782,0.12622254495417462,0.040823794059093123,-0.1965315018568799,0.97964727663404427,7.0175572956823249,-12.980395822630868,-2.3608719637913964,,0.2168864330202356,0.5238095238095238,False,6
-0.52255550559885933,0.85225770408487245,0.024342337527464147,-0.852597132795888,-0.52246222499442496,-0.0105523742401787,0.0037246095835851353,-0.026268408437810697,0.9996479870442363,6.3690756201830174,-14.081552581958492,-2.3431292633899496,,0.097473438373562,0.6111111111111112,True,4
0.84876757063762476,0.52044067623174683,0.093461829413653802,-0.52618907382878044,0.81390266919401288,0.24634833805421075,0.052140863217972136,-0.2582710738784027,0.96466438867648774,15.676336891100989,0.16677798901905275,-2.7167027796345757,0.4348535688976478,0.3279216343105851,0.3125,True,6
-0.67824883229108435,0.73375814862383459,-0.039717764588452463,-0.73464740826383024,-0.67829940759494634,0.014251287225447461,-0.016483538061292012,0.038844471736244134,0.99910930332397307,20.749351488716645,-12.758170974927211,-2.0635828852153733,0.4914708290042471,0.4408684589060836,0.8571428571428571,True,5
-0.70229281958481071,-0.69785410518311963,-0.14065718409909,0.70757737233205542,-0.70599005996612607,-0.030204261167773416,-0.078224406186829187,-0.12073807646345178,0.98959752382906929,-1.8638201300103083,10.964353383512082,-3.6026237379303843,,0.606003950605682,0.3493975903614458,False,1
0.47402763593476122,-0.8410794350581261,-0.26054401603645566,0.8804862129012645,0.45061430137477609,0.14727790155794424,-0.0064675544752561299,-0.29921920947496999,0.95416247852254377,14.302025759370547,-6.7866299581301019,-2.4636268419435829,,0.2762433416617419,0.2307692307692308,False,4
0.90674877498447215,0.42132819775502856,-0.017006141263036973,-0.4161016460301421,0.90057736405313715,0.1257769117370498,0.068308705412745613,-0.1069717772667292,0.99191277823870816,-6.1814216979166048,3.4676015895371313,-3.4619772839317089,,0.1002805481094563,0.1223021582733813,False,5
0.91185421302915759,0.40433484010857379,0.070959363408570647,-0.40275826102525264,0.84771816459090155,0.34519515726404298,0.079420887409358543,-0.34334712827837516,0.93584457691761158,2.4888613990940089,10.623422243803411,-3.4638148086860165,,0.4329704504322139,0.2181818181818182,False,1
0.93097538979311134,-0.3545973792232669,-0.086864965593466514,0.36195416624394361,0.92757084871833173,0.09274428363303272,0.047686529945207695,-0.11778378180353759,0.99189363119532181,1.6552224085961602,-12.260110387566453,-2.5647172438116224,,0.2096652208064786,0.6741573033707865,True,5
0.99283036458913243,0.11360083061494873,-0.037184922124491232,-0.095598531626524624,0.94138725003212376,0.32349801580196569,0.071755054878824581,-0.31762382901877856,0.94549791926729676,-10.08168171112044,-24.617737282319069,-2.4867567651177143,,0.746214977709883,0.3636363636363636,False,1
-0.84972869764245784,-0.51130666586223705,-0.12855595609575746,0.52108060705526138,-0.85158803120796833,-0.057208618706063724,-0.080225565462462706,-0.11559982070997439,0.99005077652514828,18.480088476165061,17.674318680531176,-3.4537487882348228,0.4442391587068338,0.5540260471589817,0.7735849056603774,True,5
0.69134367943973662,0.72214736882828412,-0.023390053294371257,-0.71036021638977842,0.68526225715535261,0.16063624089544487,0.13203135941659672,-0.094439486512466697,0.98673649142912934,3.3047920370675667,2.7885040567275134,-3.1225233778414307,,0.2130162164279647,0.4042553191489361,False,3
0.12606655287262977,0.99183160345431465,-0.019424073621588236,-0.99078880977182004,0.12686165100609248,0.047367245380642305,0.049444500985994989,0.013273729440244034,0.99868866491464447,0.5318806398913708,-12.089409112949978,-2.5966164979598534,0.6849537674201832,0.4699805630715382,0.2926829268292683,True,4
0.39201313520379516,-0.90325857907490126,-0.17449825545054293,0.91987098799651457,0.38222649101795142,0.087978832717999444,-0.012769779559913479,-0.19500474069031218,0.98071916665184911,-43.514714781898164,17.110428285950995,-5.7438714122514147,,0.2258151303900462,0.1111111111111111,False,1
-0.33021452510123056,0.94235340543486446,0.054114939503625607,-0.94369652193584008,-0.33080577916529952,0.0021002278533401447,0.019880691596764168,-0.050374554451144866,0.99853250441108921,7.5016365956945084,-10.475977381471838,-2.4549553618105588,,0.5538504982594348,0.6904761904761905,False,2
0.45241732197316409,0.89164743950946657,-0.016834797142932591,-0.88907109975244736,0.45242669459598528,0.069732815818137242,0.06979359829959822,-0.016581002176113094,0.99742364319442101,10.026655869189822,-10.13705741457871,-2.4110737336456132,,0.09236060089392385,0.1578947368421053,False,5
0.93985130558606078,0.34128792688353632,0.01421528584714743,-0.33530326453403209,0.91382772947667357,0.22910827491020386,0.065201565786406152,-0.22009414304575811,0.97329714065949846,-1.7422676489430715,6.2168946659767608,-3.4179131525598536,,0.1559918963094157,0.1875,False,3
-0.51986678867696057,0.82439478749448947,0.22385655313753716,-0.8542464408314161,-0.50207970444549588,-0.13482948012500973,0.0012411114218322424,-0.26132203262610298,0.96525087666709708,-11.662957934179675,-14.677047686705331,-2.9517085812235786,,0.3143311117981975,0.2542372881355932,False,1
0.38690813639713245,0.92100175713650045,0.045363612523436327,-0.91931006219106071,0.38142639005939916,0.096865466088402796,0.071910385508397401,-0.079181262415635001,0.99426315638180052,6.5868770432971209,13.477236197109567,-3.5248774025499374,,0.108724366432352,0.2903225806451613,False,2
0.76231733664404455,0.64716588125000318,0.006971398556762258,-0.64247190409934729,0.75540023668321876,0.12884228677688003,0.078116135944433923,-0.10269763660787792,0.99164059252345405,24.231672778432916,21.315547655586357,-3.5828827135955876,0.4409637996615206,0.6471603648346788,0.7948717948717948,True,5
0.82661778002656339,-0.55264034997329758,-0.10626236081203716,0.56185548251651141,0.82116139756251871,0.10006186046296681,0.03196032712747178,-0.14241700296861612,0.9892906219889801,-6.9341964557141589,-9.5079952621285972,-2.9837556769216693,,0.156948681090003,0.5965909090909091,True,5
-0.17593114947862129,0.98388811126948406,0.031818471768758981,-0.98283010105477842,-0.17738452064568611,0.050790986365251853,0.05561675200680135,-0.022336435209506254,0.99820231444249152,5.2450285902954734,-19.058009099466144,-2.1809768654345931,,0.2083262850130128,0.4,True,5
0.85526346730537517,-0.48987133792429954,-0.16896885444673646,0.51701922660274624,0.82862504058900555,0.21464310245606658,0.034864320097828902,-0.27093655048576232,0.96196562557868492,0.52275379177786729,-10.823162633928998,-2.654865335220074,,0.455974664705031,0.5046728971962616,True,2
0.52894073273760356,-0.84103179941955764,-0.11352186404436221,0.84841757360298553,0.52084918572262329,0.094359665820212352,-0.020231709088180946,-0.14622461522322444,0.98904450852840309,-31.221778086863171,-7.2544795268594946,-4.2123619983992251,,0.1952311143368692,0.3571428571428572,True,3
0.57147730767505467,-0.78096237907835275,-0.25201477987758847,0.82058566606281458,0.54656057883423947,0.16706495238866625,0.0072699012866136829,-0.30227354520146088,0.95319350207952169,8.2200077665051872,-23.39335268633064,-1.9689123944334948,,0.2212685410679571,0.2727272727272727,False,3
0.81792239677339351,0.57383279131108056,0.041459383408382511,-0.57056291730356901,0.79978239903790138,0.18656385391393907,0.073897971924199862,-0.17624994129166405,0.98156764817315445,12.548882178115731,-2.8522852113184802,-2.6464924792749813,,0.1945469571600074,0.1666666666666667,False,3
0.83820843882802654,0.54529675659135657,-0.0076197328318158702,-0.54098929430420772,0.8331882312303055,0.11457728739828471,0.068827294917908566,-0.091917455307795728,0.99338511408417118,11.198803460686479,9.9904191325104268,-3.2618715518288766,,0.2320214115407561,0.391304347826087,False,5
-0.1802141599890166,0.94671770421007018,0.26692404364288141,-0.98317227478746971,-0.18162565471562342,-0.019606112270239215,0.02991880058901427,-0.26596561823727322,0.96351811362681705,-5.9380529884402229,-13.5782309021678,-2.7891392519100076,,0.465893694468469,0.1511627906976744,False,1
0.87340920576143655,-0.44521848397522168,-0.19732425298979786,0.48087315706467554,0.85247720441525798,0.20504541635208157,0.0769244181377301,-0.27397649074172753,0.95865505601077394,7.7622266558029294,-3.5812127257486566,-2.7449459262699181,,0.344324240747213,0.5405405405405406,False,2
0.0061946115391949231,0.99978453475056539,0.019811886873125829,-0.99910196595875711,0.0053575003828848075,0.04203045094920134,0.041915252656095268,-0.020054457440740019,0.99891988183814484,-39.060099174958324,11.972112817123095,-5.3836083568195052,0.9821243821078188,0.6338016589557454,0.8392857142857143,True,5
0.97058588226101317,-0.21048346025912898,-0.11687496786290569,0.23086171635355945,0.95141138105255185,0.20376273438969622,0.068307489178714598,-0.22475118900913724,0.97201902757151848,6.5841324854375998,-18.69183409848214,-2.1714334840829115,,0.5593796510068041,0.1333333333333333,False,3
0.12501148836803014,0.97072472202362703,0.20509910245576843,-0.99084126724415766,0.1115135105057382,0.076146701180537207,0.051046164420074383,-0.21273986703680756,0.97577458363658998,-0.10898146200074607,-20.948095207182472,-2.2723997219842298,,0.1121991115223159,0.4,False,1
-0.0028725439100710974,0.99611564388248064,0.088007797973110605,-0.99890008431638244,-0.0069771834335391773,0.046367450480471022,0.046801389340583685,-0.087777804278336036,0.99504004292885895,9.5668338767019883,-21.552101369148819,-2.0082113143291855,,0.4709032166407855,0.275,True,5
0.92448990439666612,-0.34984790629881451,-0.151409574092852,0.37832817231282045,0.89075050028909564,0.25185579260594015,0.046756932139350199,-0.29012064506522339,0.95584716383104629,-13.67459199512148,-18.705271163552865,-2.8872567847171617,,0.5451879496677315,0.3888888888888889,False,1
-0.38880726234844598,0.92129935009913466,0.0060349193880182561,-0.92112039355966213,-0.38885110125369449,0.018222009282287482,0.019134610359280015,0.0015259622217419153,0.99981575208920292,6.2726962974411586,14.068369842574155,-3.5454381501938377,,0.153825610919863,0.391304347826087,True,6
0.86504267014346614,0.50169542708101844,-0.001696253830390626,-0.49640804228980995,0.85640587466339102,0.14194376841563255,0.072665221262036755,-0.12194538239731378,0.98987326932840891,4.9624448162422912,-31.128878610563234,-1.7185673360352653,,0.4216875752387558,0.6551724137931034,False,5
0.29633822429538459,0.95491546069661426,0.017891890454396174,-0.95260717859125965,0.29417014211583492,0.077482196561210248,0.068725687467343005,-0.040004879828881221,0.99683318036270196,13.066690858065947,-15.098587752648406,-2.1557329282837712,,0.1664636792051149,0.3333333333333333,False,5
-0.54196046396951558,0.83999725560346528,0.026143184056155795,-0.84040368727858195,-0.54167186310721138,-0.017698449833985275,-0.0007056220737305767,-0.031562688361563868,0.9995015251618582,5.26781764656329,3.0028620059855444,-3.089080907934532,,0.07035047483949776,0.2452830188679245,False,4
-0.92113352713464947,0.38813026681376622,0.029460501889050979,-0.38649793909203356,-0.90302633633540585,-0.18751740975777642,-0.046177573194040089,-0.18411499631406911,0.98181938250687451,-2.9154859581724932,30.231562796511163,-4.6711045858483864,,0.7461587888548964,0.3043478260869565,False,1
-0.3221150485826802,-0.92483344944488,-0.20229924929287751,0.9466481760148765,-0.31690468009987177,-0.058554714400336785,-0.0099562203814803889,-0.2103675700260908,0.97757166446099131,-3.1721146507064408,-21.94906602033852,-2.3397192996777867,,0.5119732429077958,0.2244897959183673,False,2
0.94100020934086415,0.33835028837175807,-0.0061390861857561624,-0.33047582060362007,0.92270201853397371,0.19851125154432187,0.072830886420611182,-0.18477030971472988,0.98007938180083642,12.537943585225914,-7.2505442593786871,-2.4899695039664613,1.116471872212137,0.5578846892080491,0.6865671641791045,True,5
0.89636779117837451,-0.43566701220717224,-0.081969734734706645,0.44136059237109992,0.89436182136439835,0.072922972975521541,0.041540467496578977,-0.10154401489124057,0.99396338091497838,-6.3844382352894344,1.7474996436612484,-3.4032603234522254,,0.1014693882831336,0.4004106776180698,False,5
0.37842649519284183,0.91395713801708933,0.14654602554717427,-0.92209636281319851,0.35840347589123261,0.14589464059982724,0.08081884324049729,-0.1903399546513915,0.9783859239791699,-15.010921312137425,0.64407277117758022,-3.7061070196085266,0.6869910947256571,0.3612308279952287,0.2307692307692308,True,5
0.71339250825463718,0.69958639714765347,0.040620217775425495,-0.69774439894392182,0.70374753457743522,0.13376158386684356,0.064991406420714562,-0.12376704125956599,0.99018070905734701,11.278119325167308,-5.7983318617421071,-2.5714949882932778,0.4945753848512909,0.2085393014394288,0.28125,True,5
0.98313211700603609,0.17864755467410418,-0.039195557403776261,-0.16633442336397294,0.9624442834934307,0.2145550297126399,0.076053271562795954,-0.20441637013649405,0.97592512392335518,7.8704567788607882,16.631725884279366,-3.6237699628074163,,0.4456759125648536,0.3809523809523809,False,5
0.33618544855217175,0.91081293785578266,0.23958116874306581,-0.93967022425072511,0.30731042613868931,0.15026700117806938,0.063239337744538937,-0.27564486975268648,0.95917709102159943,-2.7707340887818446,13.055134837565097,-3.7384636188798761,,0.3541199126679422,0.2,False,1
-0.94374468314340587,-0.31475703058329524,-0.10136066661649508,0.32271580873269606,-0.94354072135519884,-0.07473562696943456,-0.072114352472691476,-0.10324204009462021,0.99203860878725225,-0.99112311201286307,-19.871125326727121,-2.3408627486473117,,0.6252038447641945,0.8278145695364238,True,5
0.79787301141773292,0.60104196824504896,-0.04633799800720205,-0.59716181135759749,0.79855043667889281,0.075597428104813374,0.082440455525857492,-0.032645864792757481,0.99606115214108315,-5.0401463131695099,-15.516501234183954,-2.6762638667827101,,0.07460698918394218,0.2380952380952381,False,4
0.32761871769435957,0.94261037139804238,0.064433403985414264,-0.94429101465995446,0.32441628235177394,0.055394542849700662,0.031312225228763063,-0.078992173523065784,0.99638335045971405,-32.483067271264808,7.9153095836453486,-4.879859379859278,,0.2115253401747131,0.4444444444444444,False,4
0.25062939863726463,-0.94015313729385808,-0.23086139342739739,0.96777405635194491,0.23729554111025328,0.084286428452600454,-0.024459770866185282,-0.24454632404865265,0.96932905403865099,-34.810174519665395,12.187483751626543,-5.1633335626404397,,0.1917549345292019,0.2105263157894737,False,1
0.99299033630239142,0.11525389965179206,-0.026205545693935,-0.10030570295365195,0.93899937438752024,0.3289664737550293,0.062521659967054583,-0.32403196372410442,0.94397792798352231,9.8397429503532141,-19.034998980843383,-2.0643302716409555,,0.2581430771197004,0.1428571428571428,False,4
-0.95194875282746405,-0.26672965798586562,-0.15049538710864188,0.29717548453897641,-0.9232801392339236,-0.24339374660252067,-0.074029071176541228,-0.27642191310916492,0.9581808924069658,-9.1133025406687658,-25.870848433215592,-2.3875801712871207,,0.4327684573996773,0.4,False,2
-0.24419263179003051,0.96962531219405379,-0.014025424487008512,-0.96909163998205916,-0.24348380749051815,0.039711822003050817,0.035090624051735297,0.02328925594566186,0.99911273571161952,2.8627496356074293,6.7753125675520804,-3.2972129154439243,0.3427353232131509,0.247419023637696,0.78515625,True,5
0.29359448479108613,0.9520534110078881,0.086003378355175367,-0.95400347667237972,0.28610545851770219,0.089560220541204619,0.060660077458493666,-0.10834190876397831,0.992261248768745,18.41322964665099,-2.5915719861667541,-2.5140502645865643,0.3637015435379912,0.3304941102941641,0.3529411764705883,True,4
0.88602023900789029,0.46185031898889395,0.040772771775521098,-0.45762731319711247,0.85700540056177954,0.23689446093975436,0.074467296744233108,-0.22855202090071733,0.97067945041491743,-4.5534981519224313,-17.389036204567027,-2.5745435340282645,,0.2227107713132416,0.25,False,5
0.083597133808145235,-0.95641483580478437,-0.27978952995344514,0.99582181669415049,0.069825698456089574,0.058849649370924052,-0.036748178390561152,-0.28354018002326592,0.95825598756143937,6.2646758778602809,3.9418714329974422,-3.1051834360394945,0.4678208687616568,0.3927697770105048,0.1875,True,5
-0.552710677775201,0.83193621261823392,0.048918757217512272,-0.83336646972266448,-0.55151708818577327,-0.036458587206155371,-0.003351688419431377,-0.060918302451018758,0.99813712815986622,-24.17366425822518,4.2928692997786664,-4.2920904682419048,,0.4905957610370744,0.8907563025210085,True,5
-0.71983490893801183,0.69391639840321018,-0.017825148002816565,-0.69357904050546859,-0.72004753903481111,-0.02190105251870493,-0.028032453437378611,-0.003401993096787112,0.99960122448767141,1.1536923061869138,-13.436423211149872,-2.5239214372668215,,0.4744188144547133,0.7608695652173914,True,5
0.95559489568562617,-0.28891135480394642,-0.058039851868563967,0.29356654090432138,0.95045827497554813,0.1022142533699483,0.025633599065446058,-0.1147139773342935,0.99306778318657529,-23.021682193935483,-6.0465197174209315,-3.8268770783883732,,0.3614961038879195,0.9090909090909091,True,5
0.91539692670584294,0.39949094640323246,-0.049552500636674046,-0.39085063657119684,0.9114919862653551,0.12813328555035314,0.096354794740003497,-0.097925189383976763,0.99051825365044388,-34.442910511907357,-4.1355068963965174,-4.5140882003245757,,0.1714591406582785,0.6,False,3
0.98047832832467641,-0.17949984609891567,-0.080262400513040094,0.18764310440331003,0.97615405620692319,0.10914817415175529,0.058756387359490944,-0.12207810533113224,0.99077980557903245,5.5603637005657909,-14.222098013279055,-2.367964192311367,,0.07883224435542255,0.2692307692307692,False,1
0.44501592738934742,0.89471141661417075,0.038109124236380874,-0.89322439456684688,0.44042490473809459,0.090421702246373026,0.06411712189805685,-0.074279097104807193,0.99517416084462629,6.2404896838451087,-8.8066511863565324,-2.5728748322084645,,0.1584478759307883,0.2765957446808511,False,5
0.28645000115846864,0.94868517585724921,0.1339508639203727,-0.95499311318397218,0.27147681670258073,0.11953447939494108,0.077036034474131043,-0.1621628043101572,0.98375234398234968,10.428774944707005,-8.5963031174383531,-2.4687151800982345,,0.550508116674141,0.15625,True,2
-0.96906056720493794,0.24532849091532782,-0.027120999864529163,-0.23375498155029073,-0.94747587314291082,-0.21828439800522131,-0.079247874980135274,-0.20519113371996966,0.9755082639085364,3.7280123885506815,29.672748435630325,-4.5069033127705058,,0.4223734748317917,0.4666666666666667,False,2
-0.021689560680320033,0.99909578767887097,0.03656733514808734,-0.99763782975310444,-0.024013485823534859,0.064359250649150934,0.065179165405918366,-0.035085033004697563,0.99725659529333222,5.4289081745759997,-10.795857020297278,-2.4989940488186742,,0.1071715270331433,0.28,False,5
0.9946538947501874,-0.07995956536883668,-0.065345983536177765,0.086653582824912451,0.99047516009338588,0.10700520464719662,0.056167483848662131,-0.1120956071575025,0.99210875846053415,7.7288791067851399,-15.949064776531053,-2.2532598198796308,,0.09115654714049035,0.3571428571428572,False,4
-0.98080251571152044,0.18861740843418512,-0.049496448453641206,-0.1865261740637493,-0.9814657130494201,-0.043966356427757938,-0.056871887282664242,-0.033889929831213056,0.99780612400052116,-4.6212870410251723,1.907673597125203,-3.3438852687635627,0.7744507177508705,0.5595582428746867,0.9762962962962963,True,5
0.70694781294360376,0.70675708848734509,-0.026818047041982488,-0.7030626557434827,0.70636893671956569,0.08213298567927009,0.076991505201394222,-0.039208967221298491,0.99626049054264054,6.583824562209486,-7.5572284871365945,-2.6369674300914139,,0.4025486520863037,0.9726027397260274,True,5
0.13878882509365847,0.98994363125624452,-0.027372777796964815,-0.98879101859090823,0.14005765696033906,0.051731753118698515,0.055045286656314862,0.019886167604144075,0.998285809152341,0.049717215571582749,7.8056786073087308,-3.4250916457306255,,0.0921480677363942,0.2804878048780488,False,5
0.78375059519372858,-0.55730796816475781,-0.27412193117944011,0.62049836877386322,0.72165282129060448,0.30691852318210755,0.026772726466523358,-0.41063978636194087,0.91140451336065309,-10.673896124542178,-16.4650123795798,-2.8608429386449674,,0.3258639994969433,0.3461538461538461,False,1
0.94987933130007696,-0.29815595528502009,-0.093980222903522107,0.30834716010790642,0.9430827142206305,0.12456734319892108,0.051490628490122231,-0.14730247949822745,0.9877503200259502,-43.070384157226563,2.3145128950819052,-5.1998034800937685,,0.8823955350296746,0.5416666666666666,False,1
-0.94252409383280333,0.3304160039255597,-0.049735268115497708,-0.32855824781510279,-0.94354879779408762,-0.042013616530881898,-0.060809623722939236,-0.023257913302766026,0.99787837892775244,-31.215908983895666,6.7603064213390809,-4.7669022128196694,,0.1892013545169582,0.1666666666666667,False,3
-0.76535143098005054,0.63506512089342337,0.10454415010611726,-0.64314433154985751,-0.74844262754439517,-0.1618610579161297,-0.024547013913626251,-0.19111756983350153,0.98126016866520238,-8.5376399123434883,-14.535532450312056,-2.8377375484988931,,0.2594745310732503,0.3076923076923077,False,1
0.56764173950073349,-0.78506921232976112,-0.24788946615075905,0.82326889535013015,0.54251720471952203,0.1670431337478166,0.0033438788190311361,-0.29890034197913357,0.95427847300418511,26.345058256572539,3.4185261930718731,-2.6259422584436591,,0.2306028372445901,0.5,False,1
-0.8003023703352653,0.59760080104717139,-0.04888147525940547,-0.5989637395629035,-0.80054126577409046,0.019393825863934511,-0.027541872205412703,0.044799156025501177,0.99861628311119832,5.0362426477387396,-6.7161241004645813,-2.7263999111741462,,0.2446115425741685,0.767175572519084,True,4
-0.89298661825205239,-0.40575846828873974,-0.19476900429672583,0.44294163061776121,-0.86905303990466798,-0.22033956907040941,-0.079859949213864662,-0.28303158700828912,0.95578005276691569,6.1695650327691407,18.187032433281779,-3.7136100064002049,,0.4403932081111865,0.4,False,1
-0.67906041081153623,-0.72355825585621436,-0.12385640415731952,0.72812329022909239,-0.68534642822982328,0.011693910320554876,-0.093345769558288022,-0.082241860964702485,0.99223124502841298,1.8747741595847449,13.640206516410192,-3.6361029978358084,0.1793900371941496,0.1565099211922551,0.6190476190476191,True,4
-0.60229674473498129,0.79781919278930868,0.026891762654400728,-0.79814798339730164,-0.60126670892687739,-0.037922833953471916,-0.014086443144587728,-0.044304405573910112,0.99891876134462354,12.108181415215673,-11.757545989774162,-2.3073427846192196,0.5107891650329581,0.2132899358877713,0.1363636363636364,True,4
0.63864173282253689,-0.75772926035952815,-0.13410110026554264,0.76934143719228498,0.62515189685540584,0.13152512640935521,-0.015826879551453212,-0.18716696784713321,0.98220060885267924,1.4216553482213223,14.490376203526591,-3.6896165810558994,0.1159210741275416,0.1316213974707827,0.1764705882352941,True,4
0.99792696831860772,-0.029576092127821179,-0.057157857525269251,0.036998005338797879,0.9903584335647122,0.13349651931117701,0.052658460890749832,-0.13533450351516352,0.98939964557044491,4.8396234025955858,-12.84612917176778,-2.4377951070804551,,0.1380940172799935,0.1428571428571428,False,4
0.71363090665659212,-0.65799934246212888,-0.24034931741924195,0.70027570355265067,0.67917252809559658,0.21986044686135706,0.018570624069474732,-0.32520999738575301,0.94545945948095989,3.3291660230954934,-7.9468394268202358,-2.7063023840611256,1.577338771148082,0.7295185911999669,0.3495145631067961,True,1
0.39311633378890376,0.91695392768496253,0.068227872687710828,-0.91636776093481243,0.38459345274713563,0.11116655442782424,0.075694615579238955,-0.10622321124479395,0.99145698573622187,-16.619569275811038,1.217006166439117,-3.7975614449898201,,0.3570278310314626,0.9157894736842105,True,4
0.92604360909926942,-0.37404768245604053,-0.050314662829679987,0.37433432759990226,0.8932798082618113,0.24884733338348414,-0.04813569597220374,-0.24927798819993485,0.96723494528075504,-1.9226870188693466,-23.893924401923339,-2.2335696752325851,,0.3253776997053257,0.3428571428571429,False,2
-0.56663636015234664,0.82393732269362518,-0.0071079973100889038,-0.82396153465933419,-0.56664496842382184,0.00093228847451355679,-0.0032595636416631255,0.006384984919785619,0.99997430327605885,-5.4021089054888556,3.1248437455198177,-3.4254844087679395,,0.128116607921285,0.1623376623376623,False,3
-0.071007507303785466,0.99743482940776973,-0.0090385281321518698,-0.99694727388955406,-0.070672035127187172,0.033190307849852378,0.032466397870555372,0.011367697008386142,0.99940817911103585,12.710971274154522,-4.1204694785143161,-2.5869014068486647,,0.07856962980100146,0.2432432432432433,False,4
0.89874397843724374,-0.41082291759067818,-0.15324422209361593,0.43640827566444906,0.87198428041825604,0.22179096382638863,0.042509741876151516,-0.26621033993017423,0.9629771423870267,10.579213114934102,-25.309369181705055,-1.8244235895811693,,0.5691733085125027,0.2352941176470588,False,1
0.67292478964672131,0.73920324636268953,-0.027400511779463236,-0.73574822166964604,0.67268959690852426,0.078506436175645775,0.076464251705417055,-0.03266904923483193,0.99653697946098485,5.7437104789884383,-13.371821974522337,-2.3848558525124663,,0.08608778772598381,0.1153846153846154,False,2
0.86305761669197933,0.50509574556107639,0.0031365723427064715,-0.4978696971535746,0.84963033694038959,0.17393692881837478,0.085189875725749264,-0.15167919556307255,0.98475179954502812,-8.770319462660936,-12.880863169668139,-2.9241980306182778,,0.6251032015418272,0.6859903381642513,True,2
-0.39193122968721766,0.90895773833328564,0.14207653261501244,-0.91855924592148641,-0.39524826030794397,-0.0052654017600794745,0.051369474671410557,-0.13256938804861046,0.9898416713921484,15.021394671163979,-13.94654270821197,-2.1565620428487051,,0.397178319399383,0.1,False,2
-0.69679137371068545,-0.70071212523372239,-0.15324587783303306,0.7134641547307442,-0.69907808653867121,-0.047526085845306029,-0.073828730428751002,-0.1424512073373585,0.98704456438977917,6.3962050050791959,-3.4405283495550285,-2.7864848125063637,,0.2518203107302584,0.503448275862069,True,3
0.88397445516390472,-0.42732236457675582,-0.18969649271983835,0.46538957909460094,0.84306242871900261,0.26955200046107397,0.044740387658442668,-0.32655985364852619,0.94411702648412488,20.714383537710034,-0.94400723563622813,-2.5683984487393623,,0.40555984208234,0.1333333333333333,False,2
-0.1331492183934237,0.9909057855917861,0.019416738190144854,-0.99068892363306316,-0.1336304364726193,0.026045403412105421,0.02840320812835093,-0.015768022350996357,0.99947217431960333,10.673215720331218,-14.334188392264588,-2.2320453897215846,,0.1051542692917352,0.4210526315789473,False,2
0.31936301825933266,-0.9029318859451938,-0.28761305935535164,0.9474203478421267,0.29780914957607468,0.11706577178440825,-0.020048617483335009,-0.30987694295031243,0.95056527033380345,9.1518839564408303,-3.7110856577427005,-2.6956551921590792,,0.363247697901079,0.1578947368421053,False,3
0.50438208719397759,-0.83698071674974639,-0.21227809568329714,0.86347638131183579,0.4881338833562478,0.1270190963444697,-0.0026924031019424019,-0.24736327882009773,0.96891906744418399,5.3843833544193931,-25.823521087061881,-1.9227378962864796,,0.3672109899381082,0.3636363636363636,False,1
-0.99176161157223597,-0.075812389413056708,-0.10325399470782415,0.077581681924108428,-0.99689831191663403,-0.013222644500670566,-0.10193129274892376,-0.021124329794047825,0.99456712908143374,27.155093117954728,-0.64237958927283079,-2.4534678436690074,,0.1696320320834613,0.1875,False,2
-0.042466304268978051,0.9935116803517291,0.10550428430361586,-0.9976688484123124,-0.047814471284043619,0.048689272365457573,0.05341799237508759,-0.10319068436884705,0.99322615790669966,30.641000671586184,-4.5970524288552346,-2.2118523157714014,,0.3703413946924271,0.4090909090909091,False,2
-0.94105095454748222,-0.31849825665094844,-0.11393841079977141,0.32766429611548298,-0.9419562763861139,-0.073174329022892143,-0.084019104948910059,-0.10619432135058819,0.99078936011468688,-27.393006411750221,3.5555766870331391,-4.4269946219798717,,0.1636496670015035,0.1538461538461539,False,2
-0.89548906020845631,0.44353922705985094,0.03704452869351807,-0.4442090327967454,-0.88541382740335162,-0.13682357042822396,-0.027886882736422428,-0.13897952475849487,0.98990252725667272,10.998601665165936,-17.382050591704118,-2.1257580440182453,,0.2319964389137685,0.2105263157894737,False,2
-0.94762157730018337,0.3167552522663874,-0.0409811712469242,-0.31529096445991056,-0.9482157345652491,-0.038451637843198272,-0.051038749642324549,-0.023516608695607472,0.99841975899438529,-6.0832805612444156,-22.652224389497416,-2.4257157017017446,,0.7599276893397782,0.2794117647058824,False,1
0.4124347232879953,-0.84717993488199839,-0.33493843756679909,0.91091519237081031,0.37889547358140302,0.16331482604948869,-0.011450385775383203,-0.3724572163790873,0.92797872315734575,10.920545879295478,1.6692308046078721,-2.8929423360655711,,0.3644069738833156,0.3142857142857143,False,2
-0.59109369333344108,-0.76138585938714132,-0.26627019890843395,0.80313193262479299,-0.58614864293338997,-0.10681229885041599,-0.074748541790442297,-0.27698617567064621,0.95796206291666564,14.265411049037496,10.451299198548924,-3.2246079070540961,,0.4149113114506967,0.1636363636363636,False,1
0.95454352767178685,-0.26961196088643463,-0.12710642913272924,0.29353395984234132,0.92438426660940343,0.24362171919652742,0.051811853848097889,-0.26985758872406862,0.96150528527349044,-14.087673512171667,-13.825090573417038,-3.0977620121766343,,0.6173529613049714,0.196078431372549,False,3
0.97927885899017886,-0.15983712729886668,-0.12435838963149712,0.19391158167173078,0.91715644748500746,0.34817000061787173,0.058405606138975011,-0.36507005296727241,0.92914618957299322,10.791566940102726,4.0906049439162766,-3.0158389455736643,,0.6516590068692134,0.5357142857142857,False,1
0.57321823974556096,0.81940125346527282,0.0015605904463318263,-0.8174689323094545,0.57173362581139664,0.069751027414623606,0.056261837259745234,-0.041258295360990134,0.99756321039424101,33.185905915235011,5.1868326833499339,-2.86749487075368,0.4105742512051286,0.350839301061498,0.9787234042553191,True,3
0.8297717554356786,0.55808336935990688,-0.0046676252083678177,-0.55133429159359715,0.82097830535447791,0.14840862862473825,0.086656406538572706,-0.12057186645807093,0.98891510870480648,14.702381702490486,-9.3910603629270142,-2.3322497039365175,,0.1572733686554068,0.2903225806451613,False,2
-0.94173129192727745,0.33628880059505645,-0.0072122395494881586,-0.33264532231565908,-0.93428035458024239,-0.1283250115407269,-0.049892517940991282,-0.11844856115527423,0.99170594180621574,17.78751661740575,0.82255666143324968,-2.7115186469987518,,0.4867700304757776,0.2,False,1
0.076612350670013138,-0.97439859184998412,-0.21137154947055076,0.9963538493083699,0.066835323464190799,0.053028732832590054,-0.037544036719673338,-0.21466351282461477,0.97596619898876991,-13.616297716207274,17.063212242010781,-4.2542580605178975,,0.4096079036789009,0.3170731707317073,False,1
0.80346016136024978,0.59295572043749545,0.053434845442013101,-0.59067287366455024,0.78268124432565012,0.19625398364801216,0.074547470941831825,-0.18924477108047866,0.9790960582061774,-18.314760993746724,-11.359873276427113,-3.3901497222201482,,0.2453651149783839,0.2222222222222222,False,2
-0.1268563256009877,-0.93573156494116938,-0.32911078837948538,0.99067756373127569,-0.13612891504989566,0.00518490181223355,-0.049653170840142716,-0.32538493643696631,0.9442770810336506,20.626867445976892,4.0782201046803781,-2.782015539155303,,0.6378276168581676,0.1621621621621622,False,2
-0.864581919189362,-0.48229635321689862,-0.14102600003021107,0.49941936204000226,-0.85574834633915609,-0.13518531191426786,-0.055483383371938533,-0.18730989138719159,0.98073268465883334,11.421308589358254,-19.888781208280978,-2.0048608244247546,,0.5295680704922805,0.7446808510638298,False,2
0.6048124171974284,0.79607856602110627,0.021467573816863761,-0.79280569052101424,0.59934133157786285,0.1106756763700653,0.075240129460952432,-0.083957638034029086,0.99362469672127529,-10.292262650058435,-30.617096059776173,-2.2282977745732793,,0.3612479966017594,0.2,False,1
0.85302608493575638,-0.51489100645312957,-0.085051454384151209,0.5206403251381595,0.85081450604011677,0.071051587960750909,0.035779187514641021,-0.10489007477066568,0.99383998810442198,20.193164643494232,-18.789650422444037,-1.8056177232399759,,0.09964420927696277,0.1538461538461539,False,1
0.48778806936970598,-0.86570433029889959,-0.11233348513381904,0.8729518360072609,0.48310344491322887,0.067573319620426661,-0.0042298217608179971,-0.13102318121121162,0.99137028127393823,15.806467456314275,-1.0217984703789469,-2.6657333839217934,,0.07752438617680663,0.1851851851851852,False,1
-0.77237313711339828,-0.6186412096041024,-0.14395412757257303,0.63015187612991963,-0.77476280495292482,-0.051489892905489637,-0.079676534033240071,-0.13048237367954871,0.98824389706357452,-1.1904551359208604,12.539498151418128,-3.6439909821680332,,0.4399504344629194,0.2352941176470588,False,1
-0.12548738446044791,0.98130358879915347,0.14593211761355865,-0.99151223769003549,-0.12909138808172835,0.015456261968244234,0.034005864967298238,-0.14275391459793457,0.98917385783025613,9.7053592708554834,7.1589240505906089,-3.1668884911018216,,0.2685896058763325,0.21875,False,1
0.62796725292853317,0.7752387789513816,0.068278582728124537,-0.77469310257943302,0.61432844629563044,0.14983710117273294,0.074214055712127788,-0.1469877399035931,0.9863502817218589,15.010532709155452,-12.304820982611234,-2.253441346715062,,0.4181218727591932,0.3157894736842105,False,2
-0.795842893485048,0.60037875153982256,0.078609437021458797,-0.60484293209561735,-0.7821861404161744,-0.14949872653245438,-0.028268646648245216,-0.16652386147436349,0.98563212568196279,8.3720852854063565,-37.110334195764658,-1.3806040767325967,,0.7105766014500853,0.5862068965517241,False,1
0.63433668723640957,-0.76621598712631933,-0.10261592614198997,0.77289475289833032,0.62587288765366555,0.10448363241336864,-0.015832503534410212,-0.14558911213446968,0.98921845022205823,16.16584978788967,-6.3176354821644329,-2.4457748241365276,,0.1513660553806201,0.2083333333333333,False,2
-0.99066714014541213,-0.11322650463929078,-0.075883964599110176,0.11576166768183295,-0.99282770390576947,-0.029872841390111093,-0.071957304921955054,-0.038378496640260974,0.99666907108829395,14.740072934823543,7.3944608799843552,-3.0529689680605085,,0.2617042632034028,0.6666666666666666,False,2
-0.69466375253266233,0.70839163822750406,0.1249942310932497,-0.71914606813144888,-0.67993869635463922,-0.14322116425525555,-0.016468260634236211,-0.18937966123347683,0.98176582763038578,16.053546675731589,-19.048915027148876,-1.9161178824539529,,0.4306244701660716,0.2,False,1
-0.45616402351894875,0.88986564434841986,0.0073156445631981995,-0.88986730540818082,-0.45619973510418077,0.0042403368331194319,0.007110725180105526,-0.0045756638039058661,0.99996424980504506,29.228620608082394,2.1134832609853218,-2.5379387577213044,,0.1214299695116447,0.25,False,1
0.55930092255105546,-0.78200404059071671,-0.27504937471903335,0.8289608379865705,0.52862733389535133,0.18269392694694592,0.0025312285834090641,-0.33018604204067414,0.94391248033033948,23.937450822407577,-2.9339863077605557,-2.3987065741445437,,0.4429505795224714,0.3529411764705883,False,1
0.99685191350419067,0.042859020527472279,-0.066703574885153355,-0.038049985768647279,0.99669531413680368,0.071768024640114905,0.069559047765472587,-0.069004022615816479,0.99518841619906173,4.0670550616657994,-21.48672248552699,-2.1244975870796199,,0.06819753545587152,0.2608695652173913,False,1
