axis_00,axis_01,axis_02,axis_10,axis_11,axis_12,axis_20,axis_21,axis_22,location_x,location_y,location_z,dbh,dbh_approximation,score,reconstructed,number_clusters
-0.74895895871326601,-0.63162330463382599,-0.20028100061309967,0.64955336903604288,-0.75957443272368674,-0.033572338709345409,-0.13092325590614473,-0.1552375025434691,0.97916312168453301,10.760204366502107,-17.418624436939883,1.8041234026417994,,0.1619336890837751,0.3333333333333333,False,5
-0.62982669955412585,0.76407275460699864,-0.13968233315645404,-0.7676119760029414,-0.63976362405892107,-0.038397390899070134,-0.11870207591115277,0.083038129785475853,0.9894516088097054,8.9796845216025094,7.1607209176540536,1.1314483515074187,0.6530132048044636,0.5418558820167437,0.9728682170542635,True,5
-0.9791764033302357,-0.05749028292985519,-0.19470089504136392,0.097892435335773395,-0.97390823724622178,-0.20474329421983081,-0.17785005556730774,-0.21953954721781208,0.95925582872459159,10.635274899294995,18.499422529003617,1.7950057045077068,,0.3623076501967352,0.3333333333333333,False,2
0.28909939249800809,0.95284288257434047,-0.092260405292325778,-0.95580552134240837,0.29268616998585811,0.027759885993579786,0.05345415445641144,0.080157638603135406,0.99534788207185099,-5.2784857633477325,-3.3694756229959215,-1.9470766293259254,,0.0852140844374308,0.2738853503184713,False,5
-0.94682936585105504,-0.25739018668145275,-0.19304000560033477,0.26852542906493543,-0.96269103602532724,-0.033467343814166252,-0.17722371711366053,-0.083524014250813614,0.98061995346609609,-13.474879470431917,-14.709908047730874,-3.1807442860011461,,0.1349716797444437,0.2352941176470588,False,3
0.92706090568085375,0.34227780409894654,-0.15298360036095232,-0.33141744246504834,0.93894795533705866,0.092407878442719305,0.17527280447383414,-0.03496629791043173,0.98389877630898459,18.702293206052836,-14.306714582114633,3.5025740650802124,0.4578126963871604,0.3895600502665341,0.6571428571428571,True,5
-0.66272454154160121,0.72849331303676212,-0.1734752861337828,-0.73793028815039596,-0.6747245546760543,-0.014341030209693488,-0.12749537979373746,0.11850851521272125,0.98473380156940293,-5.0754365138842612,16.978544043520873,-1.4484471835920887,0.4042232754368649,0.4052029881079061,0.9641255605381166,True,5
0.64071034515395109,-0.72271277596703509,-0.25918429170520235,0.75548515846443698,0.65361674671877978,0.045025812027368842,0.13686646394449581,-0.22465838925528997,0.9647777874643203,12.978778767915443,-3.179572012497538,2.0749119350990344,0.7553143486657605,0.3943837773944986,0.4166666666666667,True,5
0.63374054221033671,-0.73366992899713601,-0.24515578811092054,0.76439571092964465,0.64256334158629291,0.053024043242859885,0.11862597637664415,-0.2209995188564787,0.96803258746485055,-14.787004001120795,15.418868666131354,-3.2965813961285448,0.5232952787635029,0.4769904696532458,0.6205128205128205,True,4
0.97229788783447724,-0.056158714284731695,-0.22689869131949764,0.094397998790246337,0.98236912735925919,0.16136888001038041,0.21383600056354268,-0.17831740358499445,0.96045669784831789,16.650663631250683,11.517280949811211,2.9223713248828576,,0.2705413003006636,0.6206896551724138,False,3
-0.7394658704484951,-0.63774715044436858,-0.21556622773973275,0.65944263901310307,-0.75061131832750372,-0.041449422795525381,-0.13537219911519746,-0.17280399560986973,0.9756091157876603,-11.230335014939925,-13.345227440655933,-2.7623350520352838,0.8100895530504115,0.8053821196389055,0.9306930693069307,True,5
-0.7623325962660038,0.64645988130197796,-0.030637143100613079,-0.63164616632880621,-0.75350570420193674,-0.18235206140119783,-0.14096855405535214,-0.11966108641566363,0.98275586549527505,-6.9191386416264429,7.2248510739313394,-2.1535137629266647,,0.1199128076626595,0.2464788732394366,False,4
-0.97496914078923691,0.12432358167891341,-0.18433345205693186,-0.10771216764334308,-0.98938165021968349,-0.097580936407424157,-0.19450774650453123,-0.07528344603632306,0.97800773989914136,-5.6568639742123157,-5.1698751174589814,-1.9803110201762202,0.1635426100751682,0.172991418916526,0.6013071895424836,True,5
-0.90596757807440009,-0.36766915368173592,-0.20986219504465936,0.38831952313695345,-0.91915521062666528,-0.066042764392025555,-0.16861404279802977,-0.14132619080979797,0.97549793047576372,-8.3311580537660213,-9.6671895831063406,-2.4318565882349801,0.626394905680947,0.6629576374343894,0.6,True,5
0.76123477759218983,-0.60746123016921738,-0.22696358127565824,0.63586039003155104,0.76791661324375293,0.077366914719214988,0.12729170347314533,-0.20321153743217296,0.9708253670363991,9.1775053354037635,19.695973473321111,1.5013328398088963,0.2628118482491327,0.2306436933263283,0.16,True,5
0.6561044960051261,-0.71495461347650557,-0.24159219977168653,0.75009393427835713,0.65300783635706217,0.10459376374854552,0.082981805720757779,-0.24984128226722552,0.96472449621350098,0.66185686477733685,15.730287706622931,-0.44904241821647362,,0.4957004125229451,0.3846153846153846,False,5
-0.52901989748781342,-0.74564772474804975,-0.4051511059346129,0.84304406930138864,-0.51637426263684694,-0.15044706079550993,-0.09702909500628526,-0.42114972570845755,0.90178615162240772,-6.2209810804207155,-12.554109885433686,-1.9667348471716224,,0.4188419993556398,0.3650793650793651,False,2
-0.22354378180888912,0.97414516013747765,0.032701446379428761,-0.97162104256947834,-0.22005158213014364,-0.086774713126693021,-0.077335161800948737,-0.05117136096243291,0.99569109896918961,12.665998693027786,-20.829302255520822,2.2705241745363427,,0.2556220750783278,0.4166666666666667,False,3
0.90457886073781202,-0.33396869903763099,-0.26495658657484633,0.38228694429620835,0.91052862022671133,0.15746213503159773,0.18866313080978353,-0.24372636256907798,0.95131681539952651,10.806930205534806,-6.8562267413157141,1.6027027586346596,,0.2846346809121051,0.2222222222222222,False,5
-0.19216102721461106,-0.95030519380211553,-0.24493709039781791,0.98078172886640325,-0.19456137555097996,-0.014596967683020469,-0.033783723028318197,-0.2430347912880661,0.96942908471012557,-4.1597723169172998,13.308314552939676,-1.4184225763900464,,0.09840558760464942,0.4137931034482759,False,5
0.25627716140336454,0.95795414808631485,-0.12901886182747832,-0.96554985569379292,0.25993722210276543,0.012087875545124995,0.045116435062298794,0.12147629698719724,0.99156846286958367,-12.099751474954777,17.167317166263889,-2.7433679139898119,0.2401518172139686,0.2613323853169898,0.525,True,5
0.4808651322028808,-0.82979107625645798,-0.28322340015729008,0.87136066579097471,0.48817340306130858,0.049166234916370288,0.097464428094646199,-0.27043205858161801,0.95779287267524238,-15.059980346746796,3.965310297571508,-3.6589091771849866,0.3776761730205184,0.3288554985995037,0.7123287671232876,True,5
0.71451984703799554,-0.59735725866562173,-0.36417810712382487,0.68646293298444772,0.69907336630541062,0.20016260929756577,0.13501862770443296,-0.39301492852296815,0.90956541058403095,-10.933243294252147,-8.4584951224810716,-2.830908758476983,,0.2211314303644446,0.2666666666666667,False,3
0.9772672343066765,-0.077885044145772547,-0.19718689776197446,0.10495244642193235,0.98584320452459662,0.13075993301744476,0.18421112002436685,-0.14848264542055509,0.97160648786856252,-6.1072661105523496,-18.358262380982865,-1.8469214417879769,,0.1198297792153512,0.3333333333333333,False,5
0.30904867770766431,0.94365344562878617,-0.11835154988449824,-0.94930461134757327,0.31361251138723983,0.021632095959950495,0.05752972867462957,0.10566630141301854,0.99273609940623986,-3.4486682093347092,-2.7655992562447298,-1.6014806069320453,,0.09271334571073972,0.3265306122448979,False,1
-0.88863646759491965,-0.3838422974320399,-0.25097872252945469,0.4134160641755853,-0.90735838093649968,-0.076078422866558693,-0.19852553070573081,-0.17136469661627468,0.96499831834652472,-7.8873899356560937,-18.552642414377274,-2.1661255167994029,,0.2469074405881124,0.1428571428571428,False,2
-0.39484921509867055,0.91832734980354747,-0.027730415409014303,-0.9155729174010242,-0.39581260835279597,-0.071123919961807058,-0.076291088979914434,-0.0026940066348866698,0.99708194852304388,-11.312666722074573,9.3144714969399569,-2.8936241609298645,,0.1150641899156045,0.417910447761194,False,4
0.61884160847377445,-0.75535116227793009,-0.21559147772342813,0.77614716978228881,0.63024243881234177,0.019749409075073762,0.12095715960841069,-0.17955247134264529,0.97628391135684189,-10.755926086640118,14.707472714823794,-2.5701970753510688,,0.09250850278276904,0.3488372093023256,True,5
-0.19184311337852139,0.98133597297915098,-0.013263784765233239,-0.98119938321614175,-0.19207153713793937,-0.018875778069585077,-0.021071075565779918,0.0093932293984473059,0.99973385309089591,-20.896867481310789,-12.466669840705167,-4.4751660899154464,,0.3053409619160183,0.8709677419354839,False,4
-0.94828071336819353,0.27433154330975762,-0.15970564485702635,-0.26046817755583013,-0.96002683977038827,-0.10249290415061867,-0.18143874209952102,-0.055593806001838171,0.98182957360204592,8.3839614144518535,5.1562046004745268,0.9436579863238842,,0.09144150641313031,0.2666666666666667,False,3
0.6757364452768474,-0.71064965082183984,-0.19585027523954718,0.72696587657401213,0.68645282762579352,0.017410621514751645,0.12206912312942766,-0.1541414585092179,0.98047923993680897,-4.1095395597768603,-10.337971377334458,-1.6301393583317922,0.1315836458714965,0.1311003912162573,0.4769230769230769,True,5
-0.87950113750236547,0.45499627204039456,-0.13948527363628577,-0.44629629789826081,-0.89032989083803971,-0.090179265702443376,-0.16521913816006031,-0.017061005529226736,0.98610930351355031,-1.3154469334157639,6.4224211526302115,-1.1111108656505206,,0.1640697935462938,0.2047244094488189,False,1
0.9027368480521023,-0.35241100206512349,-0.24672387154957459,0.38254010850105519,0.9199617150905377,0.085635904594260334,0.19679748107370759,-0.17168846318588787,0.96529468197639601,-15.732883887962945,-6.523473327885366,-3.6109844380114162,0.3883528392400218,0.1676433049259899,0.5294117647058824,True,5
-0.61012154634967142,-0.75822859532751408,-0.22987191195870738,0.78364761362354585,-0.62027597990012939,-0.033972436195501519,-0.11682515286533467,-0.20086589055038767,0.97262776932976369,-7.0266099460629672,-3.8194948979610208,-2.2738458359060001,,0.07080985541422098,0.2521008403361344,False,5
0.69340906819591774,0.71983716905256334,0.031911035615627331,-0.71730856518574859,0.68542573618191061,0.12513985172857564,0.068207671524786878,-0.10966316715232378,0.99162578794386425,2.1534111162581673,3.1415109963735199,-0.56894997894803401,,0.4479592432283206,0.2734375,False,4
-0.26782326693207831,0.95191961546237769,-0.14872707684812272,-0.9621089444837424,-0.27243618349920529,-0.011176084500664962,-0.051157371259743567,0.14009843546002276,0.98881512516114267,-2.0433382826132678,-11.8696483711803,-1.2064877310816977,0.1691108250713824,0.133601427439175,0.6190476190476191,True,4
-0.84415228182397017,-0.46881802253217136,-0.26003189581358777,0.52324770153001543,-0.82608605974098315,-0.20926935930798127,-0.11669947701228231,-0.31271629898462489,0.94265038503912901,-20.173866498316819,15.426569598604591,-4.3889875144268107,,0.2209039006364833,0.36,False,2
-0.79606338576648739,0.58345367229953038,-0.16082567619067667,-0.58577105257735429,-0.80960183480284087,-0.037644960436847466,-0.15216885293782856,0.064239250961275168,0.98626464948892878,1.3495920505853096,9.341028714791431,-0.53868579707834463,0.4295931628707554,0.3879840173361074,0.9263456090651558,True,5
-0.92639735348604879,0.32951796794006799,-0.18222473009636544,-0.33368279158245812,-0.94264961384720036,-0.008215845389379646,-0.17448134013636729,0.053194119208543313,0.98322258295151299,-7.6202907797639741,5.8238401152287569,-2.332354823983763,0.2083977939234978,0.1875176662362139,0.8303030303030303,True,5
-0.97988648895259722,-0.068237872195013455,-0.18752616235194386,0.07794203232601922,-0.99594796881421976,-0.044862935834816986,-0.18370494921215483,-0.058576754887294018,0.98123455678131966,1.1233397638148539,-11.330049672417438,-0.63347323676377065,0.7200104146049062,0.6891477241927948,0.9767441860465116,True,5
0.73411303852075283,-0.63803536903865887,-0.23235514741346103,0.66573213764187489,0.74367212083808676,0.061257632985313892,0.13371150879639518,-0.19965631606309411,0.97070005041284857,-6.9880139363043794,20.547503899756286,-1.6745409301420382,0.6629287615028704,0.5734822880716834,0.9583333333333334,True,5
-0.8321778330822851,-0.51902649382254384,-0.19517057369580704,0.53221738526294027,-0.84640772133354547,-0.018401741516383144,-0.15564288917375166,-0.11918669379269439,0.9805966668678896,-15.168547416260282,9.2153973487087928,-3.6095407895756737,0.3231676988097426,0.2920986487918788,0.9324894514767933,True,5
0.45228451848550039,0.88516871106567829,-0.10915616010407153,-0.88903451791407306,0.45721329361088836,0.023950576251451718,0.071107948188877709,0.08621111932813641,0.99373603266086663,-19.11704222081719,24.876436488555544,-3.6985050515805531,0.5670704255968341,0.5741967796114178,0.974025974025974,True,5
-0.75765822568209595,-0.57387077607389325,-0.31084778497619625,0.63783174365286011,-0.75199591168799107,-0.1663514820892836,-0.1382920093317476,-0.32430615346134989,0.93578888590434395,-16.12668208497427,11.601222515008885,-3.6675214634316067,,0.2997660199713237,0.3026315789473684,False,2
-0.7907892551667367,-0.51326818298879229,-0.33347882428157549,0.59390623190789782,-0.77522642226153926,-0.21517291169786476,-0.14808018643221926,-0.36821157852375874,0.91787389756286342,-14.395643580237259,5.0505405692693932,-3.567664728447324,,0.5818169860992234,0.2054455445544554,False,1
0.84226555564339456,-0.50165028317098515,-0.19732138042086711,0.51573936615064908,0.85640380878387889,0.024195505842918203,0.15684909938935798,-0.12214544483908749,0.98004022893236931,-6.8135451805179459,-1.9889869090175363,-2.2360730373658697,0.1750052375698039,0.1443334727211442,0.5623268698060941,True,5
0.31522730273185756,-0.90274270911154897,-0.29272401465943976,0.94739098905879793,0.31738744247160844,0.041418899207063313,0.055516317084178597,-0.29038046164863379,0.95529949546209647,-19.803330712957454,4.8223155816791188,-4.5199940480138308,,0.4094385558458141,0.7209302325581395,False,2
-0.52819346009703905,0.83196659590971511,-0.16983301210635712,-0.84325186402384256,-0.53742342530425968,-0.010117102082700859,-0.099689330076153923,0.13786821687625267,0.98542092135509796,4.4376179542639544,19.349355104479113,0.4246475810194853,0.5158007947827696,0.4822344170468454,0.9494949494949495,True,4
-0.21762969533939938,0.97027833261937235,-0.10581716758565406,-0.97515883070309317,-0.22073682179055132,-0.018452924093020785,-0.041262217684663462,0.099172641162654465,0.99421437157011905,-0.63947296194441994,3.3865146864504396,-1.0744519877398997,,0.06784327307478404,0.2,False,5
0.91695914952202828,0.36451480002182401,-0.16221861382988617,-0.35981389856849427,0.93118578766460858,0.058540475300303318,0.17239453734031596,0.0046892874185269356,0.98501681918570616,0.79444275233572004,-7.0117255769098614,-0.77645642346873189,,0.1080298609685259,0.1621621621621622,False,5
0.40410649818507816,-0.85863925411575837,-0.31533564564782079,0.9144669771034134,0.38721064205437555,0.11755027208468692,0.021168039870023733,-0.33586686346136174,0.94167157975415638,-7.6502810789959117,16.902615680656581,-1.9448541366810903,,0.3996868673956858,0.8760330578512396,False,5
-0.7829874328080535,0.59981185796384051,-0.16479203594415689,-0.6057879010549464,-0.79544558832233214,-0.016950957317581096,-0.14125048318535877,0.086556635011450292,0.9861826656027769,-1.1541122457038615,-7.3866390358662652,-1.1236293860480615,0.2211926512342877,0.1760284344835584,0.4631578947368421,True,5
-0.8935412209476844,-0.39709526189849487,-0.2095219307019843,0.41658991263739698,-0.90730218328093049,-0.057057803168564368,-0.16744232187857233,-0.13826822191459001,0.97613778108036064,9.4901933788703108,1.2854309270548345,1.1883579633530923,,0.1091083960502282,0.4166666666666667,False,1
-0.9625335670800157,-0.14119400410808033,-0.23150245235882216,0.20236877288273142,-0.94229582238428478,-0.26669357487397893,-0.18048826002307974,-0.30355038514396998,0.93556461651389378,9.2929881025703605,-6.5007844463967404,1.1985503005853562,,0.1671301736564066,0.1428571428571428,False,1
-0.72175470022177124,-0.5858364791784878,-0.36859974548490337,0.6789722952916748,-0.70268310374392218,-0.21268069479659921,-0.1344127037676775,-0.40377230635168926,0.90493157182700912,-10.719905241753739,7.5544355842970923,-2.8518257310983905,,0.179350503855377,0.2336956521739131,False,5
0.21257411282117744,0.96533252194717112,0.15147728750345699,-0.9763496073709883,0.20358009716645617,0.072777662948287483,0.039416884006826525,-0.1633654373140534,0.98577788732877436,-2.2484227116326858,18.751109968018831,-0.85966703552441681,,0.2913914179255608,0.3125,False,1
0.68543592142169751,0.72599485401584418,-0.055759031262248016,-0.71658216642942274,0.68616764051642776,0.12523564933131551,0.12918047987256617,-0.045885085274347231,0.99055891423441444,-6.7307779983062277,12.249244207030879,-1.9616485503921224,,0.09893202670345883,0.3555555555555556,False,5
-0.23943472894668213,0.96608845204685034,-0.09666495433170047,-0.96663509186780816,-0.24653069506613406,-0.069564470528594588,-0.091036310030358863,0.076783586865487197,0.99288300974693244,0.56421103594274657,-8.6984919111568271,-0.82209192986551238,,0.1700817615989421,0.2142857142857143,False,5
0.92799243808163412,0.34288572839285475,-0.14580607712919813,-0.3161675474933896,0.93170554688381102,0.17878158690970855,0.19714998548140861,-0.11980881090487347,0.97302504184334349,-19.814359059316242,16.411200343691426,-4.228100097147836,,0.2842681654862996,0.2413793103448276,False,3
0.98089371783192147,-0.00031784817009885419,-0.19454411656591275,0.024971492946566972,0.99193217096215047,0.12428593142562225,0.19293506383726683,-0.12676934638490361,0.97298797215549082,-1.8719588169916523,-22.073004077260116,-1.0056212038763834,0.3318922801188953,0.3121359887439704,0.4,True,5
0.43504031528030107,0.89785293061050453,0.067823587894953352,-0.89666128279165624,0.42513063048198924,0.12354145445318057,0.082088172249340216,-0.11456029862092013,0.99001892403966096,-12.060812078419053,19.090755865145461,-2.7213588289881376,,0.3936409165165351,0.3055555555555556,False,5
-0.020665710209967748,0.98908476128429301,-0.14589127258582055,-0.99978054917297698,-0.020945367447213908,-0.00038089090446056682,-0.003432479700965383,0.14585138524434299,0.98930055670933914,4.4722731486217331,26.221567188032513,0.69968530156240238,0.4979698159512608,0.512574588785084,0.8924731182795699,True,5
-0.13884367040372653,-0.93932866006001636,-0.313662403833607,0.99031000242537848,-0.13262915572407966,-0.041177738502327907,-0.0029213498711431786,-0.31634028425379723,0.94864128640554024,15.351322986024753,7.1880623384339728,2.5600798175430461,0.5386616862449887,0.3633562132125536,0.275,True,5
0.33929648234904336,0.9405525896070499,0.015450671475355587,-0.93853279146129909,0.33736750357441597,0.073070971553892,0.063514537055927023,-0.039293685439779374,0.99720705466173509,-5.7613745396396405,11.082701141033242,-1.7936833743765321,,0.07558119228106158,0.2222222222222222,False,5
0.94887057935485453,-0.18534499722267253,-0.25552271061357845,0.26059326719633996,0.91676107789313865,0.30272144812045965,0.17814536964715069,-0.35383097386285822,0.91818727349519591,-18.368523043162959,28.777447609473114,-3.5088032325336007,,0.3608932553263748,0.1851851851851852,False,1
0.25825473161250878,0.96490087621393317,-0.047652834976885189,-0.96051136015460137,0.26174141984738269,0.094389385792223598,0.10354912174281455,0.021394583844030535,0.99439421316117482,-0.10588413632424573,-11.077060748730684,-0.88336180509797291,,0.4383861327854533,0.1333333333333333,False,2
0.88854970816100909,-0.35595727526577819,-0.28943709906013815,0.42335603202887273,0.87926155524559824,0.21833182913139243,0.17677411086398742,-0.31653362483700592,0.9319642579390004,-22.623336574217777,8.7940582993028027,-4.9849928499558267,,0.4888539390234895,0.5,False,5
-0.92867676256240606,0.33806141281622365,-0.15255802778388361,-0.3270635718384135,-0.94041832336541298,-0.092966644851179989,-0.17489680000762781,-0.036439789287061847,0.98391221717377164,-9.4341039530244846,16.031074039274863,-2.3158822106638737,0.2187209766439964,0.190547161498357,0.3604651162790697,True,5
0.95599135397792678,0.23801639586716833,-0.17154802947820469,-0.23010175978661715,0.97099823986336609,0.064927639148115335,0.18202667733756397,-0.022596758188935681,0.98303391358426606,-2.4773773641769035,10.037784467622705,-1.2133391834293235,0.6408661248467435,0.7607503389696022,0.7203389830508474,True,5
-0.81390651278209514,0.55715325370560109,-0.16473141878873404,-0.55994338887593254,-0.82785741590491746,-0.033399104559359724,-0.15498254645289308,0.065056520168951235,0.98577282346313533,1.3363236017658808,7.3300765528563447,-0.5959815431445119,,0.07474833918928162,0.2528735632183908,False,5
0.021135029889614351,0.99098970741760717,-0.13226001022203138,-0.99977054200051008,0.021410824345653657,0.00066328639915556918,0.0034891058414515323,0.13221564352680165,0.99121483531433396,-20.689347952708189,3.8097073186148864,-4.6507180896666078,,0.1103746141551728,0.25,False,1
-0.43862110820019351,0.8879039883959513,-0.13870122866001189,-0.89485715610704575,-0.4457318968814043,-0.023531813923193957,-0.082717553187003773,0.11379623672629918,0.99005465652240021,-0.0066225435862417859,5.2195741731419032,-0.90010681648674851,,0.06675660981218015,0.1111111111111111,False,1
-0.31431952417398518,0.93923377643419226,-0.13799691999535654,-0.94739765133944243,-0.31959164072182428,-0.017287955843319384,-0.060340094129422706,0.12530401584106468,0.99028176629409603,-7.7460033696530894,8.2833189566688166,-2.2621488903194029,0.2218516170021425,0.2052162185766101,0.6525821596244131,True,5
0.90209406095163991,0.39214665112569463,-0.18013136652643899,-0.39701466690689863,0.91776071558321493,0.0097274453475872241,0.16913207695935148,0.062739723804688508,0.98359446297766839,-10.005705209386152,-6.2300088950163977,-2.7161445332225673,,0.06965542908431369,0.1617647058823529,False,5
0.52053685613577927,-0.77659575447753737,-0.35488084694971223,0.85101560749178307,0.50565372502409911,0.1417277184415448,0.069381677766337704,-0.37578364053896618,0.92410650808963068,6.6097434092507283,-2.480238123152295,0.47726283635536493,,0.2628162107663062,0.2051282051282051,False,2
-0.91719432107633747,0.34092958655323519,-0.20620764873776187,-0.28956083697714891,-0.92585266867837346,-0.24279900656762907,-0.27369526681038736,-0.1629842106272095,0.94790666629780396,-14.571169938295908,27.770105707403182,-2.813465924569043,,0.4809537602195271,0.3636363636363636,False,2
-0.20573809138579727,-0.93324170859576527,-0.29450254852918645,0.97663007175070604,-0.2149238403357942,-0.0012024173671597626,-0.062173472680397981,-0.28786742815499372,0.95564993753062599,-20.238503076809646,14.479735284129388,-4.4082685930342338,0.1961425753089943,0.259457840731199,0.3170731707317073,True,5
-0.73099037367775821,-0.63035515780354978,-0.26135311098380637,0.66911578212448974,-0.73728810118200439,-0.093221917848584218,-0.13392962219906626,-0.2430198158296919,0.96073108902112614,2.5266708677975158,18.19129211499574,0.030451113190097124,,0.1846368793872254,0.45,False,4
0.9287205504959235,-0.30857463544639657,-0.20557196658512172,0.32956164012138878,0.94104474818290895,0.076314528615906221,0.16990369168164418,-0.13862350549777322,0.97566195953130186,8.6632506209339848,-14.631827144156453,1.1971144255416495,0.1979455447073451,0.2108012326615912,0.8888888888888888,True,6
-0.98068248135290992,-0.062726281370720657,-0.18527623806873156,0.068457868947631714,-0.99734831148451608,-0.024695460273796276,-0.18323588880633893,-0.036902021684278141,0.9823761244294188,-3.0146187987174731,-1.3589717177656226,-1.5650857560447233,,0.1940298565443661,0.8269689737470167,False,5
0.97042961831425179,0.17653549618017975,-0.16462555842539811,-0.15808557700312101,0.98019994088518481,0.1192351719597502,0.18241520288080923,-0.089684416021394486,0.9791227702800378,-4.8680968375017422,-1.1655540867631917,-1.8717460255450371,,0.1167609029537141,0.484472049689441,False,5
-0.1130195087647247,0.98823557601067702,-0.10303900691207495,-0.99338139253169111,-0.11452521548433979,-0.0087968170416940234,-0.020493892026156754,0.10136282023065402,0.99463841624205818,-5.832211048974683,23.623686327320328,-1.4195031149445292,,0.3388360740150382,0.3793103448275862,False,3
0.85352490893522104,0.50667551796151789,-0.12155307205312849,-0.49588451262263855,0.86151212345458139,0.10906608676297838,0.15998056121958612,-0.032814335879441894,0.98657459900032907,1.2330234922794143,-5.2608555398038792,-0.75298076310354078,,0.08056119775009615,0.2258064516129032,False,5
0.10576173511797729,0.98609414215101898,-0.12819047624641336,-0.99423831064242585,0.10712581344260828,0.0037738236784422333,0.017453854466315071,0.12705275640342056,0.99174238593223552,-6.433906968684437,21.907028185133502,-1.548273540603236,,0.07865098572444994,0.2105263157894737,False,2
-0.40632134209668458,-0.88615474412943152,-0.22278405780856841,0.91058094089665909,-0.41292654183717548,-0.018276244749602804,-0.075797869577614363,-0.21028894527124786,0.97469648735603942,7.7759459487540736,-0.14792372128381542,0.7251416674197102,0.7958289835988829,0.8752135391328701,0.7738095238095238,True,1
-0.086914245066133003,0.99591549843313332,0.024458822237956174,-0.99590903334528413,-0.08625204975288002,-0.026940326922455762,-0.024720665562364033,-0.026700260188067149,0.99933777312780658,-7.0048686278575385,15.288660334460717,-1.8494355170331909,,0.118761240609243,0.21875,False,4
-0.68886382938820345,0.72254638614725719,-0.058252419916775808,-0.70883326762621579,-0.68824643440245581,-0.15450645371197072,-0.15173010006904838,-0.065142654212476669,0.98627299026952564,-9.9926090728814572,-16.247165464949024,-2.5937134066659788,,0.2358165319740768,0.2857142857142857,False,4
-0.88044309617913685,0.45450673800455949,-0.13506879543015191,-0.44811135384129969,-0.89071868691163225,-0.076265558051702237,-0.15497151012045715,-0.0066216232809514775,0.98789674822630758,10.657453207591146,16.025786857541448,1.6322398484246838,,0.2638156541733189,0.2916666666666667,False,5
0.57509839127846263,-0.71960345556544303,-0.38914355588548311,0.81187639963921188,0.56051834463868366,0.16332757584798965,0.10059101380240172,-0.40986589521669642,0.90658226095618122,-22.053248730435136,-10.249625733146749,-4.6813971167893493,,0.2154275538322861,0.4324324324324325,False,3
-0.54631787235076246,0.82627355354722154,-0.13714516782804356,-0.83119949617916866,-0.55500933680156794,-0.032741924417776125,-0.10317063488043264,0.096107495917488447,0.99000968143086254,11.806065046406122,1.3166574258223946,1.7616222445947045,0.3467415870214081,0.3036654058204027,0.6981132075471698,True,3
0.98044213157969429,-0.059967195667074993,-0.18744909193509735,0.089587790521094501,0.98403554362614454,0.15377931157976668,0.17523485501752867,-0.16756486601977524,0.97016223450655958,-8.0750706376143153,21.728075003462344,-1.8474733001036716,,0.1847410514734232,0.3125,False,3
0.93561220905564757,0.31412317320951577,-0.16110998205820973,-0.30573866143397854,0.94915007539972274,0.075086651764880274,0.17650400893625975,-0.020994437870202408,0.98407599727253969,2.4423202592345792,13.15571178400997,-0.23323264690745424,0.6386868741398708,0.5300558248819544,0.9367088607594937,True,5
0.047415102191373584,0.99680687607396123,0.064248423294688883,-0.99824634336649842,0.045004983779587976,0.038455030755615294,0.035440739828591382,-0.065959102834036054,0.99719273498844385,10.218599190443637,-10.816276388865971,1.523907997243785,,0.6848298622284822,0.6739130434782609,False,3
0.5531908102364429,-0.7757828117343617,-0.3035472887170575,0.82644423231814812,0.55688368138365207,0.082888456836035754,0.10473709151019912,-0.2967180385923987,0.94920416520149409,-2.1752495390542794,14.037374966368667,-1.0511548299914488,,0.0813259437700288,0.2432432432432433,False,5
0.83381378116388627,0.53017284643921669,-0.15385490320338074,-0.53352497820148492,0.845495824243511,0.022088658218461288,0.14179448499955252,0.063667606247803238,0.9878465265102605,10.642329524442227,-16.47305714483015,1.7307345955030047,0.475991117874801,0.4142964118488449,0.8873239436619719,True,5
-0.23983569857304013,0.96301373579324734,-0.12281442245728219,-0.96976751965254537,-0.24352336095497334,-0.015726744613691411,-0.045053252012838607,0.1153296030632539,0.9923050373450395,-12.609127460539991,-9.7453991379994669,-3.0844958505379734,,0.07933314025120512,0.2222222222222222,False,3
0.97759937848329126,0.1071107028568004,-0.18118154575619455,-0.10333363493840042,0.99418856419012858,0.030187062195385469,0.1833619782820288,-0.010788705533699587,0.98298626071446571,-12.258034622996666,-13.437735474829759,-2.9940119496595821,,0.0778507185118132,0.4705882352941176,False,1
-0.75774106838212862,-0.55533468773867833,-0.34268332010953706,0.63203437706326027,-0.75522974661910403,-0.17366800520504913,-0.16236076957617379,-0.34818301856326794,0.92325920850365961,-2.9307921939829198,6.7144382492692252,-1.4029122801843497,,0.3952881217774585,0.2818181818181818,False,2
-0.95285875385052243,-0.2253505848968225,-0.20316817934186648,0.26032335940891188,-0.95116092759442572,-0.165905510347818,-0.15585873012599377,-0.21097394081822382,0.96498603748403566,14.228587979438435,-2.0772987786824095,2.3442547103591354,,0.3474175025893636,0.2857142857142857,False,4
-0.36005084430483641,-0.89461288091369562,-0.26463405453318828,0.92970595197520034,-0.36763944916033769,-0.022092493815136265,-0.077525688499120948,-0.25398627664577383,0.96409581416908752,13.257440084743932,-8.1869538839982319,2.156821533340243,0.4142403888883163,0.2178386459160994,0.3783783783783784,True,5
-0.96099101344030757,-0.14893098471977786,-0.23305757631402979,0.18941364865573132,-0.96841023449911279,-0.16218534896931472,-0.20154091840094343,-0.20000294874769342,0.95884309389093147,-14.432761716284022,2.6646615088401404,-3.5621774096342307,0.2743370188056825,0.3278953668792843,0.2526881720430108,True,5
0.96498651233694932,-0.14878717346239509,-0.2160171475157551,0.19132235233996733,0.96263914025333652,0.19162892043587873,0.17943463573923987,-0.22624823240279721,0.95740009861694597,-12.485048157924604,-1.2166593139458379,-3.1592149197926496,,0.08299743593155937,0.1428571428571428,False,2
0.67127735565213287,0.73786666914609267,-0.070281507894527667,-0.72479113719476529,0.67329840600801238,0.14610634452680932,0.15512742901433346,-0.047138466567318488,0.98676919577836575,-4.6329451645529192,20.16364438664689,-1.2722418453661049,0.509634457471123,0.551705128619199,0.6071428571428571,True,4
-0.40095959511416718,-0.85152480651902718,-0.33784154121217369,0.90957360709279056,-0.41397214215193734,-0.036095966566182101,-0.10912037557713006,-0.32176477340577514,0.940510592300287,11.837094351180868,-7.9758355913797816,1.8337107209804901,,0.6627309753792054,0.2083333333333333,False,3
-0.6156203148195486,-0.75775359544729204,-0.21638187670916709,0.77953706561701219,-0.62580301726232257,-0.026316286109381391,-0.11547117090727731,-0.18487853356210493,0.97595406475777735,-9.5250198833984534,6.107966343023735,-2.6554554341876289,,0.08074832314912735,0.448019801980198,False,5
0.27672003535763173,-0.8740772919099129,-0.39926796740923753,0.95882695690695086,0.27875481348436687,0.054282784267687463,0.063850518715413973,-0.39785002416328796,0.91522591174695433,6.0236733093250239,-10.066582418147902,0.43908923365885782,1.163052342154762,0.6650674564523019,0.509090909090909,True,3
0.48789329729437608,0.86096996419170457,-0.14384314795970152,-0.86750688984740887,0.4965434917808047,0.029603324769387727,0.096911952423308273,0.11034165817976842,0.98915761734298024,-20.802161924134868,12.125425393997363,-4.6116370866229879,0.4277496335163096,0.3756045294732037,0.85,True,4
-0.8578772583660037,0.50567274097328363,-0.091332845214600042,-0.48935823562283404,-0.85819648929811898,-0.15500742880420054,-0.15676455851541951,-0.088282868060281003,0.98368237170364881,23.737182298823292,0.032526890974557729,4.4931234048230193,,0.4143543188201302,0.5714285714285714,False,6
-0.73487232467499475,0.67377248728853678,-0.077416418153958416,-0.6639778782923913,-0.73801186455762935,-0.12029906446231034,-0.13818843499043065,-0.037001664086783181,0.98971452110682168,-16.945785476206215,-9.7210801346126612,-3.8050192453405272,,0.3377759341441094,0.2222222222222222,False,1
0.020268080987911809,0.98841382639473796,-0.15042377699280687,-0.99979327979899624,0.020280111694060667,-0.0014542140296558848,0.0016132457454075206,0.15042215548711785,0.98862054023612911,-18.091665789506912,6.0820306608932668,-4.1950519665603077,0.1386688555452829,0.1467099097044557,0.7333333333333333,True,4
-0.82889191047603616,0.54277786966043973,-0.13538975202821549,-0.53701010082399103,-0.83984684882484539,-0.079230184475268056,-0.15671104734636357,0.0070324054101334049,0.98761945754108849,-2.7313730245870134,5.5755960987660211,-1.4117095673526303,,0.08026798835268631,0.3353293413173652,False,3
0.062633205583114304,0.98910354635709585,-0.13323384007901035,-0.99798055089566395,0.063484057047377765,0.0021434865971772833,0.01057835489905406,0.13283052768328985,0.991082312082608,-7.1371836147893104,18.816978721209797,-1.7892508177955022,0.6138080959166297,0.6616613432107638,0.9213483146067416,True,5
-0.82906739314088829,-0.51823156491367872,-0.20996024089739151,0.53677556992849329,-0.84280896056943844,-0.039307041504075386,-0.15658622276085565,-0.14528971440188559,0.97691947146656133,8.5575139671990001,-12.16467787512622,1.1654997341782254,,0.09653083564849249,0.25,True,5
0.98021139267374335,-0.041626572459148095,-0.19352739893333767,0.047969487660277033,0.99845054290789059,0.028203574605863934,0.19205351839060497,-0.036928875317849989,0.98068940253351755,-11.83424928734223,-3.8594868533693978,-3.0317807183419681,,0.08127757656899823,0.4772727272727273,False,5
-0.97629883267980178,0.16204040627200184,-0.14346949516625948,-0.11519665968443786,-0.95026281214412911,-0.28936191431057423,-0.18322204808811779,-0.26597649255364064,0.94640698777178256,-19.284782087258076,-8.6495980625561799,-4.2362660093887188,,0.490235778641648,0.12,False,1
-0.78731742505794011,0.61600504024594971,-0.025866244252329085,-0.59596306721080039,-0.77111126083821036,-0.22408803165095806,-0.15798510917434661,-0.16101308580389267,0.9742255855186096,-6.2127406590311249,4.3109621119004133,-2.1245899863846049,,0.3823234450738517,0.3800803930326038,False,5
-0.82922755389953007,0.53620801080243496,-0.157678892072138,-0.53214312491542959,-0.84370493399803392,-0.07060934040630977,-0.17089575319194567,0.025356527732886838,0.98496278510524871,2.9454450853585574,11.674273645589867,-0.16358986697437569,0.355653015996057,0.1602687600781599,0.1842105263157895,True,5
-0.73277478559080467,0.67414591531702317,-0.092565644078798054,-0.66519478612734295,-0.73832777139434513,-0.11130138587123396,-0.14337716035459741,-0.019984665352016984,0.98946632233715737,-10.116057110356913,22.276907149401598,-2.2140304423438542,0.5210901120744936,0.5663700835503469,0.8764044943820225,True,5
0.75385618695194789,-0.55559475480205467,-0.35073539574829726,0.63706178429766824,0.74871396784384381,0.18324758482173484,0.16078909285688803,-0.36158244259362571,0.91837084275704572,-24.740768494692681,-16.489712487664079,-5.070348788934905,,0.2486851656190458,0.3,False,3
0.67339451782243498,-0.66495654984599684,-0.32306750097092585,0.72495783020469851,0.67956689170615492,0.11236095461383276,0.14483082472867023,-0.30987356536778699,0.93968207692531291,18.808182930666728,-5.3992341656039251,3.4064138827752073,,0.4115106101769343,0.1666666666666667,False,5
-0.43225729779861988,-0.85308170406237649,-0.29224174016363258,0.89808030894930557,-0.43647268077939949,-0.054252719846709853,-0.081273533068007428,-0.28590768637320196,0.95480438189996142,-0.60119484120082267,1.4943682502715339,-1.1096677434289939,0.8849470072921823,0.7950577422183388,0.9811975701475267,True,5
-0.082598839252630396,0.98627145455383103,-0.14298968384603108,-0.99646464240077104,-0.083944598957867184,-0.0033942231667916951,-0.01535083708535924,0.14220380528689333,0.9897183587075189,-5.6178997221456699,-7.1653825767600345,-1.9606257991439975,,0.09772122632717652,0.3150684931506849,False,5
0.54178597296553743,0.83984383180560984,0.033619899997736263,-0.83450121712409686,0.53270128641956693,0.14084409133982526,0.10037767737992684,-0.10436320053069553,0.98946078459876452,-12.068384963312981,12.012077548299519,-2.9099886330874702,,0.09478731634697476,0.2142857142857143,False,2
0.98045945144090052,0.084030332355630177,-0.17787120993688216,-0.069819126456639805,0.99395639786148482,0.084711089776093415,0.18391452814022002,-0.070636976113250746,0.9804008690043764,-19.20812459778135,17.401586510402005,-4.0448838373893858,,0.08355604971370745,0.1904761904761905,False,1
0.6650539149717819,-0.66179000242416297,-0.34603075422877216,0.73623860818764564,0.65865580728028816,0.15532301616267644,0.12512394652753289,-0.35805938086772571,0.92527697354791916,-23.153433608167752,-22.443654031916083,-4.751553722704668,,0.4522204281919504,0.2777777777777778,False,1
-0.042444341171266088,0.99410388807407934,0.099779444869855044,-0.99906083888386554,-0.041359579459085249,-0.012916090570895326,-0.0087130999767657934,-0.10023395084983358,0.99492574445826298,-12.985548596090167,2.2842901703972354,-3.2967187411186796,,0.09956351488520125,0.4090909090909091,False,2
0.55264820956328198,-0.77571653731328583,-0.30470282277193284,0.82482637141052018,0.56143881782555105,0.066692659749043856,0.11933739352044091,-0.28818450266683848,0.9501096141658677,-10.93265059209809,-11.060928471752879,-2.8167106618360531,0.4674101970938898,0.1993584217841977,0.3513513513513514,True,5
-0.8888188841733432,0.43097334503579948,-0.15576574400524412,-0.42676225945261248,-0.90228483445685115,-0.06128663325778734,-0.16695797388491079,0.012002223870067774,0.98589095825979578,-17.315974362939347,-8.8447037622081961,-3.8653684184276651,,0.1938315193847777,0.5,False,1
0.35184992961540096,-0.88288641701138149,-0.31098746226567137,0.93375088077845436,0.35435034912768248,0.050449209295592684,0.06565759419212952,-0.30813536754143378,0.94907411491147908,-21.047286301464371,15.433811161490418,-4.4863338218549931,,0.09139899070706359,0.2857142857142857,False,2
0.46195628232545588,-0.85622963461864843,-0.23122976888986196,0.88184372615646456,0.47124295744328809,0.016784448116793582,0.094594058262268702,-0.21166220224905252,0.97275437613025173,-15.262661224977,-9.9965419229534227,-3.5298432722260609,0.5106701515321604,0.4812156385791903,0.9085365853658537,True,5
-0.54541071999317114,0.83555593413225904,-0.066131894369496819,-0.83196267242210598,-0.54926828300133612,-0.078373879481826114,-0.10180991215396554,0.012273313535142188,0.99472815761999511,-0.57702190041654844,-3.4767057545816362,-1.0939493538458542,0.486447219582162,0.3545950274706858,0.4230769230769231,True,4
0.98252203926702109,-0.012126038433462079,-0.18575091263971213,0.025818788838974358,0.99710817185814904,0.071475056884130958,0.18434704363635512,-0.07502168223661411,0.97999383400964601,-18.531921010878897,5.3360177400793587,-4.2812440754426708,,0.09275529593158519,0.4210526315789473,False,1
-0.91244979734069531,0.3909898257094363,-0.12067445265932902,-0.38233693384137535,-0.91972650617115381,-0.089003499183901741,-0.14578695536192468,-0.035072924570209801,0.98869411528965445,-1.5916105000086864,-5.6817893314127685,-1.2448849374002207,0.5092714915762694,0.2718419901799984,0.2156862745098039,True,5
0.75327078577042872,0.63945950605066981,-0.15386573181262067,-0.64069225414691777,0.76629110400392908,0.048076807304355595,0.14864911295040209,0.062365728135507621,0.98692145440920764,11.14948898770052,10.956135510620289,1.7086830916189237,0.2047612814970841,0.1422959743147039,0.4615384615384616,True,5
