axis_00,axis_01,axis_02,axis_10,axis_11,axis_12,axis_20,axis_21,axis_22,location_x,location_y,location_z,dbh,dbh_approximation,score,reconstructed,number_clusters
0.19427088281410548,-0.92599478468803242,-0.32371667059512721,0.98050454965027711,0.17338407060380126,0.092459678649478946,-0.029489866153255891,-0.3353678917121049,0.94162557580114725,-9.6781443591010614,-6.1134606592945415,-2.2463595184495131,,0.502054719091041,0.3673469387755102,False,5
-0.97219185454690793,-0.085138243723007018,-0.2181615855470565,0.090764091450813433,-0.99574582889719532,-0.015878411033399945,-0.21588162880558454,-0.035238099971466715,0.97578347939214904,5.8799361320392851,-12.657448656150775,1.6117872902392711,0.6022025507320168,0.2628612546091202,0.4285714285714285,True,6
0.17425636741243178,0.97503171896997465,-0.13765124561252579,-0.97174357658346466,0.19287736313449003,0.13606154548241106,0.15921413186334868,0.11005212307239845,0.98109091853011143,12.927247693740577,-4.3785008376209431,2.1916904648631248,0.7387671052256571,0.5236552798210043,0.9024390243902439,True,6
0.26213300637201986,-0.92861069567237642,-0.26261847393744375,0.96462144916816339,0.24419786868381108,0.099362270178356346,-0.02813799522139139,-0.27937354350966997,0.95977011644027121,4.5113401281548295,12.999163119968498,-0.90476580495978332,,0.08846871620473783,0.2352941176470588,False,5
0.49696532215016509,0.85577395623356312,-0.14379292198344734,-0.84070219129723422,0.51587163792559232,0.16460947339687027,0.21504719046807103,0.039081824628871775,0.9758213549904855,-9.607908136745003,1.8201780218692187,-3.1033618496283846,,0.7635493786495864,0.4828178694158076,False,2
-0.058684110360602636,0.99496796664492115,0.081209116124089598,-0.99572897694782614,-0.064148442599787983,0.066398657956748333,0.071273976019443158,-0.076965723945747272,0.99448292980819275,-11.444660873694138,-10.734183098759768,-2.0092478522897128,,0.6862295538117511,0.3529411764705883,False,1
0.8286752655443258,-0.49078797649586303,-0.26911794143486167,0.54763874503165955,0.81030630670819759,0.20855573415533302,0.1157113184402907,-0.32020439009485357,0.94025530540847935,25.173241678073357,-2.1783642517263959,4.5811711428320381,,0.4227400869439314,0.1875,False,5
-0.98075331798236187,-0.023046582453254132,-0.19388600853030624,0.016254630427960961,-0.99919965572847336,0.036549076346073836,-0.19457316427564991,0.032694082481789934,0.98034299136293879,12.530373511108069,3.736026636902086,1.4150380728154999,,0.1046833981862303,0.3548387096774194,False,5
-0.33576443657844129,-0.83957394794999074,-0.42705717304926394,0.93086238544212252,-0.36509757593825004,-0.014106006274469063,-0.14407450328966465,-0.40226775407392618,0.90411458982484971,4.0703677947455228,15.097143513663658,-1.1471412805120145,,0.2884261001889474,0.3,False,3
0.83100621265699659,-0.47794859620933144,-0.28459412135004486,0.53727090668833355,0.82218017586724035,0.18804183374241468,0.14411331427654711,-0.30916807369526883,0.94002470970490237,-2.3717041886609298,12.561649371885466,-2.4088094404289069,0.4533073902591302,0.2615481974140791,0.4383561643835616,True,3
0.65509472108620692,-0.72224929271193072,-0.22182620580558979,0.75243576395592737,0.65026144819146892,0.10488312598314656,0.068493266275217651,-0.23561835279335225,0.96942904036443156,14.607015273350113,-3.3968832320235895,2.448294374619342,0.2252084892595853,0.1202780736735463,0.4615384615384616,True,5
-0.31162772296067248,-0.91665542283040702,-0.25026185901562176,0.94139357727473616,-0.33362085100038791,0.049751989343672157,-0.12909800520620845,-0.22009080756220958,0.96689903375605502,0.08245425618594987,7.1457394109672228,-1.4960127467271866,,0.08590799613429817,0.2117647058823529,False,6
-0.83125814015647481,0.54237557003488246,-0.12181397888968146,-0.54875901159482054,-0.83563376533394251,0.024078152489215583,-0.088732472168168736,0.086861678910523238,0.99226085134896425,9.3193065315762951,13.592392567349856,0.074187041733457831,0.5374189131602324,0.4376700433969302,0.90625,True,7
-0.48964853899315819,0.8522835888390401,-0.18400269687565218,-0.87164931479710972,-0.48372978077685097,0.078949168477637249,-0.021720503576029893,0.19904316965228211,0.97974998664923585,5.9766592299735271,-2.4458692789216063,0.55284150646016994,0.2338320401657266,0.2094902775939684,0.8850574712643678,True,5
-0.094835453292305846,-0.94542216020708092,-0.31174216235251195,0.99154424840083999,-0.11757263152722364,0.054924309544837888,-0.088579005763534807,-0.30389737627222252,0.9485779590696819,-6.4072981705530898,21.362779297631832,-3.8859986395561092,,0.1812625608463595,0.2105263157894737,False,2
0.75782332721230583,0.65192387551409636,-0.026439842426736748,-0.6220242507386351,0.73411171737489933,0.27233401900224458,0.19695084723328629,-0.18993484921824189,0.9618394444118693,-2.385775969177542,3.9254008483226945,-1.75690713875855,,0.4548032962876579,0.3466299862448418,False,5
-0.55978581821915596,0.82799962193977183,-0.03250328888444981,-0.8275752005589001,-0.56062342871755433,-0.028647139348811815,-0.041941925809469593,0.010862653477359707,0.99906099794698433,-7.3713112617436121,21.919570636571081,-4.1219185746145142,,0.6035024977548584,0.6486486486486487,False,2
-0.18255057673996003,0.96853214647055574,-0.16917673653622589,-0.98201187954929092,-0.17116720062014407,0.079714853421013865,0.048248889686482763,0.18068555748870169,0.98235674475163048,-2.3296221076590031,6.7121954200440106,-1.9973632288301748,,0.07491635382328295,0.3482142857142857,False,5
-0.95015839519422773,0.26383092054260987,-0.1661092092798292,-0.26581161227289629,-0.96396669288537595,-0.010601970973156072,-0.16292087288869553,0.034080205006297583,0.98605036828952874,-2.7816114210121974,11.595016817800852,-2.3884289472647628,,0.09134576615231077,0.2,False,4
-0.93087258614329282,-0.22629170905132101,-0.28682449473768795,0.29969953036813857,-0.92196777686360676,-0.24526640602066879,-0.20894118757204111,-0.31427294003749445,0.92605404771869249,-14.035549114829896,2.5043750241361322,-4.0909299311927922,,0.4536956978197654,0.1,False,1
-0.90910817339269345,0.40897406505396505,-0.079136231802101109,-0.40164345632559978,-0.91097400073332402,-0.093855761563945456,-0.11047562202326217,-0.053540490296198798,0.99243566685071127,-7.8305600223863649,17.285569427964479,-3.9184348845121648,,0.4060677202598238,0.5584415584415584,False,2
-0.96413633390289732,-0.17315136570304276,-0.20114605192111701,0.16587131826588666,-0.98474185404828574,0.052632562756172063,-0.20719033622497574,0.017380605303515727,0.97814624629155833,5.7908927615316221,5.5745295144396714,-0.13594302839409872,,0.08263637941023103,0.25,False,5
0.0074617471072386879,-0.93521587502353143,-0.35399942010415708,0.99711484704601827,-0.019784036324956508,0.073284198208682955,-0.075540082939485415,-0.35352490578552553,0.93237001070327885,19.236367977115606,12.095717553118522,2.3097798013973407,,0.2956788336472845,0.2352941176470588,False,5
-0.91947905160083487,0.3748268115549136,-0.11858808964987387,-0.36275295147888015,-0.92517608290063558,-0.11162218337766615,-0.15155385135518817,-0.059616079778977149,0.98664955945421484,-14.766413358625554,-0.563632916104019,-3.9472689150637277,,0.08453359828869741,0.25,False,1
0.44821236216351651,-0.83624909654409196,-0.31590050163459882,0.89384843472291109,0.42394425261138646,0.14596659351089553,0.011859770115937016,-0.34779120058874891,0.93749700087298082,0.13933003791902926,-3.5177311971088243,-0.613131200559908,0.2171127274365325,0.1716290084908411,0.8,True,5
-0.2732532462075673,-0.90707822797382565,-0.32022141054728037,0.95018640119246334,-0.30640374091446482,0.057118740729601672,-0.1499282042376969,-0.28866214834904269,0.94561921389350678,17.674404732003001,0.94754324241334409,2.6858263160095546,0.2701224989826449,0.2583121223322314,0.1333333333333333,True,5
-0.21438406470863805,-0.92506400008737777,-0.31352203836627424,0.96727565819995143,-0.24566832446070297,0.063441905792012518,-0.13571025699207243,-0.28966130238437404,0.9474592635296436,-6.7991800474414505,10.781189578806412,-3.3248890533352227,0.6790936277310035,0.3143319411523343,0.6732283464566929,True,5
0.89660374202861048,0.41538484855196406,-0.153483410744466,-0.37923736695505317,0.89920398679736002,0.21819993041412941,0.22864983989780294,-0.1374322295576787,0.96375911564742889,-13.160799756121152,-5.0446422893219127,-3.0414460895596833,,0.5061018189373181,0.8342245989304813,False,5
-0.67610341593557033,-0.69514140121212542,-0.2442592951784977,0.71098990772130455,-0.70250649170002821,0.03127267557740171,-0.19333267204149521,-0.15252233095570478,0.96920555945636955,0.44076191142026444,12.084568800474427,-1.7424167408005904,,0.0989092551217275,0.3333333333333333,False,3
0.89275085004719845,-0.34216113285192801,-0.29312399919742138,0.42739835400508813,0.84901285718321917,0.31065707030635603,0.14257126896309055,-0.40262007836553826,0.90419605493674993,-10.721844147527255,-8.6243689781734343,-2.1118220112533277,,0.2259515246963181,0.1666666666666667,False,3
-0.94543120507063128,0.29376481177696634,-0.14093286288278589,-0.28074444781600044,-0.95399920059070242,-0.10520494424118335,-0.16535534917015421,-0.059897918444174629,0.98441345372098221,8.3401724277660652,-10.338339505271922,1.9059004560103383,,0.190130420559562,0.25,False,6
0.83248586172905348,-0.49746872754673421,-0.24391013741594944,0.54262231654696824,0.82099988729319417,0.17753931015344948,0.11192994061660066,-0.28015004939780808,0.95340843200381264,-7.0635612432081203,6.0219728006721827,-3.0334373848368523,0.3485033121922547,0.2343224855858497,0.2630597014925373,True,5
-0.97805428359531821,-0.051640462319227559,-0.20184915405397547,0.046610789208312693,-0.99847460961971435,0.029595409680172595,-0.20306957593452382,0.019537568840965046,0.97896937170350617,11.768810339485091,-13.368369289347894,2.8842984954439079,,0.112518164265883,0.3157894736842105,True,4
0.53373250829174179,0.83258859800502127,-0.14807375211238571,-0.82543574454854152,0.55098259936455551,0.12277624696607116,0.18380816416634443,0.056695693571135769,0.98132571408084857,8.0484985465398466,-8.4778365688534123,1.6374978882607807,0.3880619648804953,0.2027382339853425,0.4583333333333333,True,8
-0.9796606891389591,0.091691825814811292,-0.17848681529605348,-0.081137076853226645,-0.99454330716088402,-0.065577320326518085,-0.18352577180193194,-0.049761624372999448,0.9817545883897193,2.3016814184849856,-10.172476983117344,0.59805877601787016,0.2644336484936776,0.1959767033530764,0.6428571428571429,True,5
-0.73800863170398667,-0.62380320488453855,-0.25731852072127831,0.64937127431232278,-0.7602219790471193,-0.019480520313116464,-0.18346718406406715,-0.1814720478461033,0.96613026462384566,4.5800697315909105,1.0717282110008033,-0.095618896238841178,0.6955729479960875,0.3365646162415278,0.3333333333333333,True,5
0.3658837940264027,-0.85736382202668548,-0.36201702439062267,0.93059349076401798,0.33237392778809421,0.15337316282308308,-0.011171580751450055,-0.3930074411592106,0.91946742572915818,9.9726321721958904,6.2342979455136902,0.79497884195755009,,0.2192330162366437,0.25,False,2
-0.37936216959115276,-0.90345420395487674,-0.1996367842842468,0.91296995983496454,-0.40054485901956632,0.077779613986830476,-0.1502338068546426,-0.15275574381756379,0.97677811503365808,-0.48235275149402046,1.9068570678413763,-1.2395124555388195,,0.07023807632223629,0.3503649635036497,False,3
0.53635451033634507,-0.80931012631754151,-0.2394597224623489,0.84323168776534474,0.52589659029857405,0.11132428782948789,0.035835178111298965,-0.26162930981107468,0.96450295191746971,-9.4467578716668559,16.388232226046377,-4.24159083384742,,0.1249886490340316,0.1538461538461539,False,1
-0.41135285896981205,-0.8676553715809312,-0.27921851941466858,0.90644728597116142,-0.42155085243232793,-0.025459704811617176,-0.095614555235481402,-0.26356979147909837,0.95989000507703337,-9.7095687393678638,-9.047021954072747,-1.8954273061196567,,0.3024945182969491,0.569620253164557,False,2
0.21643584671686225,-0.85828765777521165,-0.46529326318645242,0.97554088452490806,0.17137559016339859,0.13766041448618596,-0.038412327140081491,-0.48370724990110392,0.87438652180645815,-3.2781773044631493,-11.159986337418681,-0.41942869509938729,,0.6771198562305522,0.2,False,1
-0.92980284269130042,0.35336769677242813,-0.10294631902562669,-0.34137586818933929,-0.93253150140868379,-0.11767546685032,-0.13758339413298284,-0.074271594558183454,0.98770164518473536,6.7744423161335394,9.1514654046473858,-0.11270289746003737,,0.29704573741956,0.1176470588235294,False,3
0.029352382890358974,-0.92968475512735393,-0.36718482226591231,0.99739932221292427,0.0030499049195036061,0.072008958673078965,-0.065825752315161315,-0.3683435273814023,0.92735646661268778,5.9285395182409841,12.636826241608853,-0.56658146042608959,0.5849140195310478,0.2966462118108463,0.4,True,5
-0.41307580907316305,-0.83673368224197997,-0.35950677456805802,0.90154320546560918,-0.43154184582150684,-0.03148783866448665,-0.12879528189085887,-0.33711775436298719,0.93261106312112241,2.4731726284432929,-3.1452552827657838,-0.13754507452538697,0.4726937075951523,0.5364987676006809,0.3313609467455622,True,2
-0.60675717825237774,-0.7176199215838921,-0.34185870587881895,0.7730517178464541,-0.6328407360317917,-0.043630773009268015,-0.18503180314167211,-0.29074774455646007,0.93873797241907342,-3.3724228397338729,16.780642513856606,-2.8738376653494635,,0.1162932361836694,0.25,False,5
-0.11239177556172948,0.99364452300034112,-0.0062169685141429953,-0.99156850815350694,-0.11174645423560296,0.065609630421138182,0.064497925736490644,0.013538533051786622,0.99782599971061858,6.8502699802496529,-5.6251704655126726,1.0396466583448949,,0.1346635905656582,0.1578947368421053,False,3
0.96814623078723816,0.16147319372725219,-0.19136165634730876,-0.14029332553924842,0.98286325201351676,0.11957261664174122,0.20739011215967526,-0.088917014957406351,0.97420896414961311,-2.4213468944352292,9.3390805674009751,-2.1750872180567136,0.2170748908881017,0.129343176717955,0.5263157894736842,True,5
0.16594406281002128,-0.92522319425481836,-0.3412105051592258,0.98610111531280331,0.15281318123936313,0.065212897638049716,-0.0081950226936174445,-0.34728975287562958,0.93772206391373492,-5.3310115154650077,17.449594965669448,-3.3368739834003684,,0.4885810237380765,0.3333333333333333,False,5
-0.19309099020956239,-0.95683046981315734,-0.21723563597399176,0.97384793141932147,-0.21390938513375729,0.076570107888179889,-0.11973335362462853,-0.19676947677125084,0.97311134873711602,-0.0019345046968658741,3.6539912583053713,-1.2549284805705707,,0.07085020290890513,0.2876712328767123,False,2
0.2410591654154535,-0.92200842010008688,-0.302970216413671,0.97017747144397759,0.22075698883161538,0.10011006834763382,-0.025419533272168691,-0.3180673280086147,0.94772729315013671,16.861263117085706,-4.7931543450784009,3.0612945152436737,,0.1660037645989928,0.3043478260869565,False,3
-0.8710533455381384,-0.44469921201369439,-0.20858734396222658,0.44398406917775846,-0.89447105645213687,0.052911959761077126,-0.2101052487282894,-0.046520318182464535,0.97657137191964927,-5.9069997488723329,9.8672484193648327,-3.0286507385863373,0.2471823227591363,0.1434852995215527,0.3796296296296297,True,5
-0.82140115406383973,0.55060582385587098,-0.14877288341156608,-0.55431089240645648,-0.83209041301948061,-0.019104426728627069,-0.13431149862223882,0.066774031607124473,0.98868683112539746,6.2663150035948734,14.291702916427838,-0.62529336540711977,,0.1833472204401498,0.1666666666666667,False,6
-0.77536943139286052,0.60839658583776268,-0.16928035681220124,-0.62332630820912927,-0.78032460692811034,0.050574907976859748,-0.10132402654795072,0.14473113750483751,0.98426944455299747,6.1200283510439002,19.761720599689387,-1.0206588799973788,0.213447417783021,0.1659112002621732,0.6206896551724138,True,4
-0.65466369322783535,0.7544193780959465,0.047611455791820079,-0.75320788924998694,-0.6456886015604506,-0.1255551886083951,-0.063979092998187131,-0.11805774759936519,0.99094351195761632,11.412118477920933,6.5625484644487795,1.0784593480264779,,0.6055634654238663,0.1290322580645161,False,3
-0.22729120495119032,-0.95151771385352579,-0.20725044843086735,0.96525521615221999,-0.24830431730732305,0.081408437507881168,-0.12892275145514978,-0.18154615454342152,0.97489482403371563,8.3805270720277125,1.9441063387177608,0.61693056626623688,,0.08135674034093672,0.4193548387096774,False,5
0.41544719132522129,-0.87427218962318076,-0.25110111443694189,0.90959193004750716,0.40135467789649759,0.10750322471000259,0.0067935272455236229,-0.27306146008195264,0.96197260200354784,-8.4161108099746187,14.968503127558886,-3.9707771684405233,,0.1133314095196411,0.5142857142857142,False,5
-0.5495739736043006,-0.76552182473025188,-0.3345815048660718,0.81677526048206062,-0.57651527450095541,-0.022545778574939113,-0.17563206256615446,-0.28566846890889752,0.94209707804981802,2.6004236591676992,12.152301467136185,-1.2703347220737535,,0.1289741600150648,0.3448275862068966,False,3
-0.71164443974718805,0.68288245519719126,-0.16502649411766659,-0.69602913557645962,-0.71722740373637539,0.03359008422534674,-0.095423444737644969,0.13876744471754082,0.98571697889453402,3.811608959307335,10.162199635625944,-0.82142579000696125,0.3964696356351681,0.2322480292350043,0.5877192982456141,True,2
0.9762281502789163,0.10321989206816715,-0.19058922447095764,-0.083540831961966072,0.99057252836143073,0.10856793012093668,0.19999881999178826,-0.09006508722628298,0.97564786273778803,4.0805512865902287,-4.9936448928043617,0.40164120631674782,0.1389551054999587,0.09280582842157477,0.3958333333333333,True,5
0.70657352150855135,0.68381240180748593,-0.18208365615091568,-0.67654371016754777,0.72821744963286106,0.10948951677189438,0.20746678513857644,0.045825158859425535,0.97716814718848399,11.422445525349456,-7.9202743060560863,2.2500091130501039,,0.07371947033225443,0.1904761904761905,False,5
-0.15262453524776573,-0.95191087494284155,-0.26565285130402488,0.98223642440172521,-0.17579972949849723,0.065620588893806162,-0.10916665158791955,-0.25091859491438667,0.96183288616436502,28.725345170476505,-3.1031563958578396,5.4321728706170109,1.071117424075305,0.8915996823555865,0.9552238805970149,True,5
-0.18566004578053336,-0.95132447810544318,-0.24599204206269787,0.97325555180974266,-0.21250504142328255,0.087265332413287627,-0.13529219590310038,-0.22321143502763213,0.9653355256078695,-3.1840435973919226,18.536812971577859,-2.9603258371605325,0.349147713122794,0.3275335927679262,0.4393939393939394,True,5
0.86525419445659091,0.48206637591354834,-0.13764878564249333,-0.45377022974686282,0.86979567022857218,0.19377324543679331,0.21313788394078306,-0.10520219230228102,0.97134172213698222,7.8749397828749945,6.1718033538186532,0.31112557262646318,0.5736990173872285,0.3468077228592248,0.5113636363636364,True,5
-0.204538843351184,-0.87978603987154169,-0.42911581840769986,0.97131722789886987,-0.23673229827971154,0.022375471795263065,-0.12127120164084595,-0.41223093406288169,0.90297228786615003,-4.7098323599976633,-10.670235265903781,-0.80770444164152499,,0.2977701843373113,0.4615384615384616,False,1
-0.84946060526913081,0.49902944538725186,-0.17142430613041632,-0.51387120042768009,-0.85616414490024551,0.054030975914262397,-0.1198042965290394,0.13398719947713023,0.98371457288659636,10.772472744580998,-7.0523820530953447,1.9783145290935447,0.211510566496817,0.213136025431462,0.6593406593406593,True,4
-0.9587085717179975,-0.20060599037530857,-0.20158152479822924,0.19692531879486894,-0.97966765930703481,0.038362691842659793,-0.20517868634918376,-0.0029178645303130427,0.97872018101937919,1.3250788497253232,4.8113643750261579,-1.0593030472775724,,0.07887705146894572,0.125,False,2
0.43059218101992108,-0.87777213833432999,-0.21001534898308452,0.9024972312080396,0.42118362468117976,0.090017231474016551,0.0094404081654946431,-0.2282989869981957,0.97354530003963735,-0.29737659946221234,10.736399291116294,-1.7445124945423083,0.3645987781865596,0.3319764012985117,0.8834586466165414,True,5
0.50567100098940787,-0.80699835529244734,-0.30504178945458782,0.86178743731758978,0.48898412918106698,0.13497012369638278,0.040239925943686902,-0.33113165956205481,0.94272613859791121,13.316246195023979,7.764996087640827,1.3679797524683046,,0.2875325437387595,0.25,False,5
-0.1462212158022449,-0.93709021576310392,-0.31698782874169229,0.98336259075458421,-0.17259924214286962,0.05663494253673193,-0.10778390953080694,-0.3034327423544898,0.94673713337625454,13.081325115347193,19.180927885255741,0.50403760847084211,,0.177888989488743,0.2857142857142857,False,2
0.94709421701170227,-0.22418395172647049,-0.22968260685409858,0.27430330994438956,0.93693666617729476,0.21658111119423423,0.16664404656795578,-0.2681254172227629,0.94886169823772359,5.7371902362733014,9.8425531408452827,-0.36270070818196382,,0.1674859420842204,0.1176470588235294,False,2
-0.97815013357774805,-0.12642683587845932,-0.16504112018401385,0.14426773128417869,-0.98437383376201859,-0.10097017933420228,-0.14969681991261202,-0.12257410238066638,0.98110470977038133,-6.6428018618820719,17.719603960026703,-3.6454791200504495,,0.21177507746027,0.1666666666666667,False,2
0.83720757651166866,0.52283408805777498,-0.16039947068570362,-0.5059620855853445,0.85181698684163865,0.13568415116792504,0.20757129325026516,-0.032439748655417419,0.97768186079398323,14.354815984711484,-4.7026663730898344,2.5216065161338932,,0.07880334568496106,0.1904761904761905,False,5
-0.67076226793044125,-0.71288777369536593,-0.20461916341456576,0.71636027634573263,-0.69418721335841405,0.070228678497791686,-0.19210917311434561,-0.099474292786354376,0.97631907216850888,1.9347250130737457,11.448550116945944,-1.3302003700825236,,0.07660045697326603,0.2307692307692308,False,5
-0.82192890503938831,-0.52377146176289024,-0.22382209654883875,0.52600923833309499,-0.84873071361721797,0.054501898600372634,-0.21851122682596774,-0.072935804688599129,0.97310493377920826,1.3973593560131412,-5.4735634698319817,-0.023666515046951036,0.4868392721061194,0.3237184807733803,0.5446985446985447,True,5
-0.89186944110399857,-0.40046487224288335,-0.21023031685352023,0.40431627601476439,-0.91424167360500386,0.026277579673054337,-0.20272456430929459,-0.061563368519046528,0.97729867629205036,3.5690669315141643,11.838530032345671,-1.0331554301188566,0.3479644943688825,0.1598066590795031,0.3548387096774194,True,7
-0.94262970275548208,0.29472758250748815,-0.15679571292737204,-0.28452500759129828,-0.9549395354986383,-0.084474869617040857,-0.1746274993759083,-0.035016219826475792,0.98401173814684773,12.251050708367647,-16.246912245989382,3.3253898116965637,0.270729193033092,0.2412770650768519,0.25,True,5
-0.60127796610794781,-0.76432757641399562,-0.23295528198818938,0.78137637142218741,-0.62340467047811599,0.028593408491593371,-0.16708014141777872,-0.16483316644164497,0.97206700056355966,16.936222043401518,13.476777458933805,1.7323971986188085,,0.2060388668500228,0.631578947368421,True,5
-0.41620753774572006,-0.85706302649669708,-0.30366799985505338,0.89566694292339744,-0.44399316438961373,0.025510729694673134,-0.15669081937976551,-0.26136763110152156,0.95243632256150246,-1.711096979327001,1.8028808799426308,-1.47347366068532,0.4107416393387125,0.368355732608165,0.7670329670329671,True,5
-0.21069205441929897,0.96408300229904997,-0.16171834429843077,-0.97674811698856123,-0.2009083180862363,0.074826223231298963,0.039648129386840994,0.17372337897303947,0.98399604340379077,6.5912775393362013,7.2096225291573903,0.0010375872474332895,,0.1082850414526549,0.4722222222222222,False,1
0.55243012893398868,0.82806990939139946,-0.095504857502097265,-0.81471066699108474,0.56061014764163808,0.14819848667298186,0.17625969969598299,-0.0040604829441552304,0.98433532433888693,-5.4063279225199299,7.1429491058365056,-2.7075415018306215,,0.07666578129729365,0.2209302325581395,True,5
-0.54371366539343813,0.83749347224588244,-0.054590603678367128,-0.83815441947719971,-0.54519436486864969,-0.016132998057051304,-0.043273770060759512,0.036983624227567208,0.99837848152077235,-7.5074422690130334,8.3982435350759328,-3.3564566943392591,,0.1723083530009299,0.203125,False,5
0.7085740238089826,-0.66941133356922011,-0.2231844960391027,0.70085420311755242,0.7044034687355859,0.1123349420516043,0.082013649812762046,-0.23601741402353171,0.96828174697349167,4.2702271058619647,4.5544151168014579,-0.42515618397427857,,0.06801650240392314,0.1071428571428571,False,3
0.82637255137244658,0.54171414914323435,-0.15379917735871029,-0.52300143693421564,0.8395605070139327,0.14699541498718569,0.20875321147934436,-0.041035785365106395,0.97710703662215548,1.8138781875312284,8.964564919597132,-1.191596122614776,,0.1137543457360184,0.3466666666666667,False,6
0.049081208897510616,0.9936118302856044,-0.10161971093076222,-0.99442289095870706,0.058121860664243546,0.088005472842631563,0.0933496056257756,0.096733551725443165,0.99092303994815589,-6.154441270511156,8.5345751970720745,-2.9838168245356549,,0.09884758229975749,0.3,False,2
-0.95432351298184803,-0.18624572972269512,-0.23362183273411177,0.2158344521088888,-0.9704363818102214,-0.10802184104125345,-0.20659651945964697,-0.15351142309009722,0.96630850204684271,-1.4011651918609909,17.22867286667843,-2.4603142754441261,,0.199275310906675,0.1818181818181818,False,1
0.43962609138901487,-0.87306487408712541,-0.21091852788517634,0.89810966093491051,0.43025608129391946,0.090987589510770239,0.011310910900446627,-0.22942848590537421,0.97325979735616852,1.3967570778414635,-3.3407813834396114,-0.35164044372868047,0.1883706785727635,0.1274803239436799,0.6473684210526316,True,5
0.37198384476792729,-0.8720563023517679,-0.31803431380942593,0.92823163525943564,0.34808261455400752,0.13124223690885464,-0.0037484043624357866,-0.3440295030572349,0.93895135682895048,-11.203997816630528,-5.4632492745203898,-2.6686810509736403,,0.07963950854971275,0.2105263157894737,False,2
-0.44496010738791886,-0.82072413198414917,-0.35836071493984506,0.88179718149228214,-0.47137976177225654,-0.015324845963267705,-0.15634651753588608,-0.3228204134970335,0.9334574157849973,4.2179009976058328,20.172938932225712,-1.4551920349852689,0.828589932675748,0.6076943452990202,0.6730769230769231,True,3
-0.57383475440109499,0.80952404970372616,-0.12403421944251625,-0.81844859116755231,-0.57226273485537726,0.051548675169138178,-0.029250269354043706,0.13109605351467868,0.99093806390490047,-1.6819933444122086,18.910754752196105,-2.6224280039587122,0.1807047427477905,0.2057549139656897,0.4878048780487805,True,4
0.071610871322840927,-0.90709305401697216,-0.41479401449700987,0.99506641880070978,0.036342320869704112,0.092314992763544712,-0.068663711547755427,-0.41935835161346863,0.90522034204304114,10.872517293892484,-11.639379615105954,2.5799059750162963,,0.1533641958094132,0.2631578947368421,False,1
0.66725174797271269,-0.68653816355254915,-0.28886061485299674,0.74241360384608479,0.64426075144303063,0.1837120708454624,0.059976209046808171,-0.33703625047753116,0.93957938473149694,-3.8670383396551462,-5.2397629113738367,-1.110175641407176,,0.1061152498236133,0.3289473684210527,False,5
-0.36730881939769372,-0.90314682950490832,-0.22228368259479792,0.91936521045642405,-0.3887523379573099,0.06032602701273352,-0.14089656133166598,-0.18220160286879478,0.97311393727402451,-4.5121474017153185,16.488183131735944,-3.0690705237373832,,0.09116303270673366,0.5666666666666667,False,5
-0.15443958210291084,-0.95770310161782934,-0.24280276899464759,0.98200270531397904,-0.17583576950760232,0.068938152845112607,-0.10871569452431876,-0.22778619649412324,0.9676230394377946,9.254810160633486,3.9304114970389534,0.68562821758175674,0.5843900902961425,0.6354338571243657,0.8833333333333333,True,5
-0.66841975957665145,-0.71421058993655284,-0.2076493636637762,0.71932187318150564,-0.69174377184105507,0.063769874406012686,-0.18918527366087379,-0.10674168511687501,0.97612250506187415,-4.2892531315501641,11.706695055157358,-2.7398294404610066,,0.1539069035600294,0.3404255319148936,False,6
-0.96910819453085451,-0.14847179289934451,-0.19694017875081041,0.17180762561243787,-0.9792849476640253,-0.10715937224565562,-0.17695040851765043,-0.13768485026291299,0.97454165377038415,-4.7542640749872849,19.313265778215371,-3.339051757117792,,0.3168006247030991,0.1764705882352941,False,4
-0.77817083625890215,-0.51160849289816102,-0.36428958205058815,0.59324755801123241,-0.78917410775397767,-0.15893886423534492,-0.20617343308445227,-0.33979549385650265,0.91762276445442736,-8.5500782640988202,9.4148405928431522,-3.6385364869278281,,0.3137166917115978,0.1798561151079137,False,3
0.24761206689318166,-0.93343740200062297,-0.25958212741869313,0.96834700296933462,0.22972180501815878,0.097631829540919299,-0.031501526458167471,-0.27554039421748516,0.9607732016377637,6.1270199807123831,3.1122020312316976,0.08576463551478522,0.3080491544851875,0.2651836327830731,0.8114754098360656,True,5
0.25332351094762784,0.96699069614885791,0.027498952029385459,-0.95731044339707194,0.24649380685607675,0.15098847023697212,0.13922612457462491,-0.064573963353246999,0.98815296867073421,-15.66961737198119,-3.2224225042146184,-3.7827072662394201,,0.3914523853785309,0.125,False,3
-0.96477462844406092,0.2074976885379948,-0.16172391771786365,-0.19705357765796522,-0.97725911725844417,-0.078323082596662277,-0.1742980316665145,-0.043695846331620831,0.983722963628756,-6.2941028403738981,-10.179706084809828,-1.0873324131919626,,0.6424764718513362,0.6,False,1
-0.72733860093743019,-0.65734224437294286,-0.19717944454005304,0.65746998967525005,-0.74979823777654153,0.074403059773232097,-0.19675307434143974,-0.07552334996499363,0.97753999987072482,3.1604677477068597,-4.1607042253840749,0.11571173144194474,,0.07231739012314287,0.303030303030303,False,5
0.95100597252259755,0.26941637224183451,-0.15166561441011975,-0.21030534428531589,0.92328959392192866,0.32141559999557523,0.22662590847337974,-0.27377206600296178,0.93471362110813705,-11.749796747344275,-3.2562902160785425,-3.0324926657611364,0.2040149724258716,0.1570481591761107,0.3571428571428572,True,4
-0.29044892994366911,-0.81854924573951071,-0.4955971664505926,0.94714202777504231,-0.31966754988544654,-0.027104183669999685,-0.13624022282996728,-0.47727328633552735,0.86812949024539376,6.2638354137132923,8.577245547054499,-0.14725778625146055,,0.4248913537021043,0.1481481481481481,False,1
0.46368091891300911,-0.86252367218131731,-0.20261520269427918,0.88583307709178949,0.45577624662385507,0.086992945366639859,0.017313721901427298,-0.21982021731480264,0.97538674744615705,-2.2228779918126595,7.6315998769045663,-2.0153631280351645,0.2391766864575184,0.1963552075987195,0.8433333333333334,True,5
0.18879491023902362,-0.9279067357139662,-0.32147406067129569,0.98101539193685561,0.16343213415893171,0.10439702250177373,-0.044331508555630533,-0.33508062811942713,0.9411459451159917,14.40408183502516,-6.8023888655207347,2.763787290917576,,0.1773021087747674,0.1111111111111111,False,1
0.083690293211455685,-0.93197867314592353,-0.35272040998975956,0.99481137964294442,0.0575924987264212,0.083865505563064185,-0.057846812834258611,-0.35790900644103762,0.93196292273529158,-14.245100503948422,6.5812045101541647,-4.594877629936704,,0.5794478356090984,0.582010582010582,False,2
0.31689269655767721,-0.91807310985018042,-0.23816125595575621,0.94834689850757059,0.30280098344158018,0.09460298366269479,-0.014736992891231093,-0.25583848302558226,0.96660720649273746,7.2875662355834212,11.264610450135152,-0.15784584206335855,,0.07441907747205871,0.25,False,4
0.92066258852465754,0.34575048814974291,-0.18120981771221417,-0.30377941640891593,0.92611970414652378,0.22365231891893222,0.24514988121012385,-0.15086051019326374,0.95767564561645424,-9.0252245835144134,18.302265845007362,-4.1827017730054763,,0.2187943577305266,0.2608695652173913,False,3
-0.9561880073334903,-0.21414708837162361,-0.19961342433203882,0.20613256063484264,-0.97666097953923758,0.060354771903944643,-0.20787944120987403,0.016563682785247578,0.97801420354453839,5.7214731970189172,21.579150388530081,-1.2500801650435736,,0.1185110744805989,0.64,False,4
0.52275828545062197,-0.7860144731408969,-0.3300076105270352,0.85186267475969624,0.49639107518151843,0.16711039414528059,0.03246164419712845,-0.36847950891898096,0.92906893886451958,-8.4797204498981298,-6.4271425308796655,-1.9957249158917862,,0.07706647744602321,0.2121212121212121,False,2
-0.79343725916140939,0.58715431019725817,-0.16033443732153613,-0.59725004803498238,-0.80182412999731978,0.019246939399643927,-0.11725909728734409,0.11103098923644847,0.98687508000381385,2.8190106409210154,5.8661578312403933,-0.8448110260193018,0.7161510788679266,0.8168790174562122,0.7341772151898734,True,2
-0.97780266795781012,-0.075150112342021874,-0.19558732870400938,0.066227904615795113,-0.99646040730164975,0.051773751365256082,-0.19878583245490578,0.037671173265664396,0.97931867924593285,5.61892020659878,-5.2460599843701772,0.74208793733952561,0.5053059579693308,0.3168467921529741,0.8461538461538461,True,1
-0.27050398744625193,-0.8858661813717742,-0.37692002000088942,0.95780477574271006,-0.28714709783998732,-0.012512224683523643,-0.097147333160186561,-0.36440040189860601,0.92616129413617776,11.192152221401097,25.306322760186962,-0.33281128490566309,,0.3654622951590811,0.5,False,3
0.7489939131430623,0.64746556189353399,-0.14069990844536268,-0.63700788739219516,0.76208958773757651,0.11593278941741822,0.18228842386387462,0.0027939978277131128,0.98324113222615117,-2.7937376164379835,21.46036085091167,-3.0615822356371827,0.5653004183589363,0.2295905881154553,0.3684210526315789,True,4
0.77407145008360434,0.63135801220843168,-0.046908960611848155,-0.60959323382041763,0.76328588649274132,0.21398772105276476,0.17090780978595355,-0.13704640054086831,0.97570938534635421,-5.7594717175888164,13.503708325570315,-3.2095457673246339,0.8196518884236524,0.8313945259763796,0.2678571428571428,True,3
0.64184264240121836,0.75590109505017122,-0.12904091171939697,-0.74626204200494284,0.65443314193956847,0.12169727767586599,0.17643975475508333,0.018187832005384097,0.98414339184333766,11.377874009409148,-4.8697169603446966,1.9153604199088992,0.2184177401974532,0.1514737371976161,0.5227272727272727,True,4
0.87349229298653686,-0.43974321280480183,-0.20889499966546221,0.4681207365883675,0.87649450125531725,0.11234039898966668,0.13369439056701959,-0.19591655382152931,0.9714641083795168,-4.5815548666585411,-9.2038666887669294,-0.86579461445909389,,0.09092806231097221,0.36,False,1
0.91680500072193294,-0.3046065922657365,-0.25823131994301374,0.37275171051736627,0.88476271235820347,0.27973398993853371,0.14326462563254538,-0.35271768706546236,0.92469750744422163,20.421699930125033,-6.3419603268887554,3.94827052703585,,0.2329855439136498,0.16,False,3
-0.59420122942515885,0.80266364864120288,-0.051536066008407627,-0.8040065541985546,-0.59453017299899902,0.010360221983525951,-0.02232397266163666,0.047591391488097712,0.99861739405080974,10.551785722780853,-10.541480680078164,2.3709413528693348,,0.2522577460809594,0.4444444444444444,False,3
-0.4735914019268973,0.86590486747407458,-0.16099672203377807,-0.88051008481650617,-0.46970651599561886,0.063857492651109599,-0.020326695681915294,0.17200159684131699,0.98488693570718655,3.3622224413355606,4.2563279541056556,-0.61024257735123044,,0.07849462042519054,0.2837837837837838,False,1
0.83689667793937184,-0.47846892315485418,-0.26584100516865056,0.53086434218426559,0.82785345633189855,0.18122280495731324,0.13336791462458575,-0.29279027377008976,0.94682989757100799,9.5268215764053323,-7.2864926284766076,1.7685197067569027,,0.2266567807503862,0.4545454545454545,False,2
-0.44445752148874496,-0.86254293227091849,-0.24182059792658003,0.88117792629219771,-0.46954667364133873,0.055239329175299688,-0.16119235033792667,-0.18853543768172842,0.968747343186393,4.3832726562111244,3.6185495331865409,-0.33072700888906514,,0.07187091642564158,0.2419354838709677,False,2
0.98114321803601823,0.046951463343130953,-0.18749278863963176,0.020364903599770001,0.93953568488976025,0.34184494660606213,0.19220628606603657,-0.33921712354872063,0.9208629033075626,22.933602368190495,-1.2802828599557523,4.0111951869440832,,0.3560124772018946,0.3103448275862069,False,2
-0.66606572086808935,-0.71103749666182181,-0.22534891574037622,0.72678607939189666,-0.68661990267684425,0.018305847431827171,-0.16774519452618905,-0.15158755750038166,0.97410613493830345,1.2930885234077076,16.312898426595993,-1.8170325186119178,0.6119253003070313,0.7317627343207311,0.7962962962962963,True,4
-0.97753110214196737,0.17418055343735112,-0.11871848697388546,-0.14642678622913569,-0.96624498713141205,-0.21196655660274438,-0.15163159505761828,-0.18982033517954677,0.97003922587316382,5.5778270553163569,15.995746207029361,-0.89747678836900979,,0.6028684230117066,0.6521739130434783,False,3
-0.54685305028578701,-0.69991258587980343,-0.4594280286619189,0.81847472885898753,-0.56241765762508011,-0.1174116544927488,-0.17621254101889877,-0.44023715258774387,0.88042057555982756,-1.1483362547728089,-6.2312651990506884,-0.44071128051494629,,0.4794276701818885,0.21875,True,1
-0.13823898523832501,0.98258425180575271,-0.12416992817750791,-0.98887176390738685,-0.12997709379478481,0.072378101904893521,0.054978336706120665,0.13279361126195438,0.98961772382119229,-0.19715066356687741,5.1704390037365373,-1.4091658990975524,,0.1553420116303059,0.2482269503546099,False,1
-0.20975727666920319,-0.92318661246929234,-0.32206887996481709,0.9700870946864274,-0.23766641005799372,0.049454082268216945,-0.12220030117460992,-0.3020615104372254,0.94542367767325164,-2.6062199736621192,16.279738193726754,-2.6759220440243943,,0.0944709290818602,0.1428571428571428,False,1
-0.98154571313320127,0.054259645185747683,-0.1833682195314994,-0.017241871675085573,-0.98010585096078828,-0.19772515968780735,-0.19044876185204065,-0.19091467155969391,0.9629542342667583,-5.4302831723288305,-0.25174862045508689,-2.0227649237121099,,0.4934714339777154,0.3075170842824602,False,2
0.64016136828552761,-0.73395015273598796,-0.22695945861236952,0.76542051657682653,0.63463237796309213,0.10664510136041822,0.065763632488360216,-0.24198950006091097,0.96804763648397241,-5.2668722059411008,14.920499173432514,-3.1980859421879062,,0.0974782358492721,0.1379310344827586,False,4
0.87117996488736982,-0.39808142646476646,-0.28736152610016946,0.47264520057157211,0.83840071847756403,0.27146040159287171,0.13286076605040262,-0.37231090926815691,0.91854918414008668,-9.5117282187360921,21.640448246731356,-4.5474830509155844,,0.4913696864030607,0.3076923076923077,False,1
-0.94955586465286423,-0.19392964920302003,-0.24644462068251152,0.22783176837871147,-0.96662182243106121,-0.11719615060864806,-0.21549093999698132,-0.16743220586269925,0.96204475530984002,-5.4146551960485851,11.848355853419854,-3.0299414135381104,,0.5532925388202535,0.3252032520325203,False,3
-0.96809197128360325,0.17106193201652628,-0.18312768919800798,-0.17783985860446205,-0.98383261439640668,0.02112750675015658,-0.1765528811086747,0.053020772011602262,0.98286208488654259,8.4561154529183007,17.844328727600345,-0.3604910253790618,,0.08056047854802549,0.5333333333333333,False,1
0.58193543591036756,0.81214300443572474,0.04212942888201146,-0.79283382692544857,0.55504405769325693,0.25167561841019093,0.18101290372390025,-0.17986059703425455,0.966894251880692,0.23189823317390462,-9.2587635624805422,0.14577132730937747,,0.6464147835632228,0.1595744680851064,False,1
0.810333353605593,-0.49461697707559171,-0.31418768598230795,0.57197273702370244,0.78415567724006863,0.24072195984950029,0.12730688958547492,-0.37477182370180057,0.91833492584312548,19.14226769105197,6.5502394781484075,2.7028653864488867,0.5906623662285041,0.5898747193372705,0.391304347826087,True,2
-0.71784751655241041,-0.63651962253411365,-0.28202431297419689,0.66625887146980189,-0.74560641758985924,-0.013045544703217518,-0.20197539247968813,-0.19726591235651267,0.95931856057038212,-6.0946412413734494,3.5642525791497808,-2.5779951620185453,,0.1218635059191939,0.3055091819699499,False,2
