axis_00,axis_01,axis_02,axis_10,axis_11,axis_12,axis_20,axis_21,axis_22,location_x,location_y,location_z,dbh,dbh_approximation,score,reconstructed,number_clusters
0.48521646283621322,0.87404970534851167,-0.024537660297873902,-0.86343156459504411,0.48337420764779532,0.14434440980453955,0.13802506096237813,-0.048851693533044575,0.98922322788402295,21.375429642429161,-11.404662747195708,-1.2028699481381522,0.4332596743946843,0.4174957021535453,0.6410256410256411,True,5
0.61535398320686996,0.78785623678244476,0.024940439339442969,-0.7778774778267965,0.60183563024118303,0.18083280582355876,0.12746020885461382,-0.13067679340725949,0.98319757466316815,22.073288949490383,2.9970052832077423,-2.2560883988894727,,0.1087524266574174,0.5454545454545454,False,2
-0.20303908971334511,0.97915270170766544,0.0059257731104315758,-0.97442267879077493,-0.20264611114335138,0.0971339111571633,0.096309766413315595,0.01394777319347431,0.99525368048370277,12.984782770937237,5.5714750207591139,-2.777842279261777,,0.2661702054600143,0.7540983606557377,True,6
0.98367927936333399,0.16617885960644677,-0.068990303457308361,-0.15134922153429328,0.97154181072806112,0.18220846069324803,0.097306158552241812,-0.16879305858695842,0.98083658928522055,1.327144875283027,15.077383719981738,-4.1953447153989067,,0.142350491879729,0.2692307692307692,True,4
-0.55494728734355336,0.82743942828773864,0.085892379085063364,-0.83142740141648241,-0.55510345511553982,-0.024261704239931847,0.027604065712637023,-0.084877244498455448,0.99600897030221669,-5.8224427811269779,-16.357321072901623,-1.6029026794721499,,0.1975675303409571,0.3939393939393939,False,4
-0.83413640399516009,0.55144931085653881,-0.010959794061523781,-0.55148233360624388,-0.83418657121888218,-1.0876414254873401e-05,-0.0091485108205929533,0.0060350603918180937,0.99993993959429006,-4.4415110298313971,-13.620660126482143,-1.7731281844600237,,0.2805472097752836,0.6533333333333333,True,5
-0.98176310361812713,-0.17036877337041206,-0.084354546020735263,0.16628287661662502,-0.98463374477543053,0.053351603477437295,-0.092147779779023484,0.038351919244995161,0.99500649091954319,-2.0814250003454235,-13.377910094194728,-1.6892542196545923,0.9405851004898553,0.3891490508140507,0.2631578947368421,True,5
0.11897674281530314,0.99275675947601882,0.01668985271760335,-0.98685095691019831,0.11638335351126031,0.11216106218692563,0.10940623160719684,-0.029814954974762234,0.99354987038666831,-16.800063752314099,-17.169295496644821,-1.9934490845849213,,0.1937742865312663,0.4074074074074074,False,6
-0.82665414234738255,0.56163681729234516,-0.034742112797560148,-0.56230068638960362,-0.82683186460997726,0.012923070508559328,-0.021467813714824945,0.030218423640440965,0.99931275376980588,-17.213855644829351,-19.84074358919252,-1.7548841047582713,,0.2407809954602282,0.4782608695652174,True,5
-0.54681300182375003,0.83721441557591336,0.0082196951513701863,-0.83677661458607955,-0.54680612882028146,0.028424545140379648,0.028292018633517692,0.0086648621719925059,0.99956214506411822,5.0669528130372017,-16.046598970055346,-1.2613707003771162,,0.1075920368830124,0.25,False,4
-0.98337106870699087,0.17600653878883296,-0.044755329667496235,-0.17195521492935628,-0.98166147407339077,-0.082293100431673122,-0.058418706667215464,-0.073228741786497603,0.99560273507443575,5.5235614603169934,0.70911323372765933,-2.6211563259267256,,0.09139636652288483,0.2203389830508475,False,5
0.10207306501813544,0.99470195767016667,0.012210847838786114,-0.98504839656114429,0.099354715967567189,0.14074195127013006,0.13878308913597173,-0.026394238427023632,0.98997100884204436,-4.1962059385728443,-12.40719178625899,-1.9041682444291792,,0.1142410157257728,0.1818181818181818,False,2
-0.72671455905376137,0.68440386646648332,-0.058968612201960799,-0.68668367882754444,-0.72141958366171655,0.08955059765979094,0.018747663618897591,0.10557050665353301,0.99423507946247258,-9.9793476065891635,-6.0392680263212419,-2.7791398561884249,,0.07955384484894759,0.2882882882882883,False,5
0.69414670725956495,0.71943154649699914,-0.024054078773479787,-0.70847893379723281,0.68872755655893414,0.15398686048457999,0.12734971207757384,-0.089847664083699624,0.98778006058659773,-8.1211658436156888,-14.333614914459758,-1.8799073824367292,,0.1530694859450785,0.35,True,5
-0.85448921866675265,-0.51153480318009115,-0.090445123239378436,0.50539760924787791,-0.85889510162623151,0.082900307411934979,-0.12008926575181628,0.025126669854346438,0.99244507087960232,3.9921709961957617,-14.970769861195688,-1.3382489054288353,0.6264518571205515,0.4970051346018692,0.8918918918918919,True,5
0.88053468776244992,-0.4640906368697425,-0.096325201359366258,0.4736586845853451,0.86907374348709809,0.14268244074939088,0.017496118540018771,-0.17126210658274496,0.98507013795205223,-7.2130537614390624,-18.220645295526158,-1.4556410370354074,,0.2530722980116938,0.75,True,5
0.78650623440789746,0.61101350640200891,0.089835617835192089,-0.60404865889429804,0.73080287822158474,0.31788735563253712,0.1285813397251262,-0.30428547151871965,0.94386290895294822,14.53185260209095,11.775436462998648,-3.2785714096165344,,0.3892879496661311,0.2666666666666667,False,5
0.94623219432802652,0.32105597435293903,-0.039594137816767044,-0.30422783136955173,0.92480616901755552,0.22842717957207498,0.1099548136160837,-0.20409951268770454,0.9727555334632102,-22.123707977895013,-13.792651474457015,-2.6264122079114465,,0.5866599895827066,0.7865168539325843,True,5
-0.99284738160775898,0.098168378022370079,-0.067948851285907899,-0.095231134575500004,-0.99442837429689035,-0.045202205706219287,-0.07200769293679958,-0.038408045377256124,0.99666429363563458,11.73132255902966,19.243040011521241,-4.0427807341844195,0.5213894661270552,0.6168061990534663,0.7843137254901961,True,5
-0.59213086914255753,0.80478403638405893,-0.041275762741117814,-0.80516768629288016,-0.58876424014939999,0.071145389668410774,0.03295498078059924,0.075361291806081698,0.99661158178051934,-13.955838141217937,-6.5475095282346008,-2.907306648684624,,0.0827840059382356,0.3870967741935484,False,2
-0.64891689303337496,-0.70946370738729236,-0.2748965511536825,0.74983792913449099,-0.65759076620261403,-0.072920945114261657,-0.12903466963265686,-0.25344749378389497,0.95870455403500265,-0.6064261557464844,15.109773198989496,-4.264609374841883,,0.5083024368578453,0.28,False,1
-0.84632484426573007,-0.52424020223618906,-0.094374087216506364,0.52011592070099932,-0.85154367366330619,0.065975759770950521,-0.11495080257197429,0.0067514593505333016,0.99334824245311815,6.9447534758577714,16.111967048639119,-3.9549489953894432,,0.1169044022221549,0.375,True,5
-0.51353198881433759,0.85724019533106477,-0.037737832120424135,-0.85665418039924413,-0.50966251255965445,0.079923328858851728,0.04927993170542122,0.073371457666714657,0.99608640063549259,-17.338055060344203,-0.071214376221885672,-3.6822046571217451,,0.09460066966695715,0.4761904761904762,False,4
-0.6245833060153696,0.78073237696990516,-0.018778961574990843,-0.78007900282541554,-0.62255909079896932,0.062425377968164393,0.037046500480054666,0.053638922570130691,0.99787294922134195,11.801816005746893,-2.9400828698722501,-2.093891039069494,0.5293959817455768,0.3820857169409448,0.6460176991150443,True,5
0.44379173656569015,0.89575840199988355,0.025802709210950382,-0.88751775688873125,0.43536216181232479,0.15090400680331684,0.12394000872682447,-0.089870313834519572,0.98821161748285513,24.781903125738214,0.77898002986103898,-1.9416551889780851,,0.5266722529821459,0.9418604651162791,True,5
0.3422280865417297,0.93808158645132145,-0.053692401165893668,-0.93127797342498508,0.34623274717602359,0.11333234752884172,0.12490505592425277,0.011217038108016886,0.99210528930181785,-0.2607956397189497,-5.6772437246851073,-2.3410829678055127,0.4211001724897844,0.2619166409082364,0.8816705336426914,True,5
-0.19771490569491304,0.97249012890529785,0.12317371979366888,-0.9762876658688775,-0.20665311441412709,0.06447389995371533,0.088154464086350581,-0.10750553234461606,0.99028851905742576,-6.0194149852379777,-14.266601617009966,-1.8467459036108329,,0.3012165812524288,0.5,False,5
-0.97944951180025619,0.18806793297009206,-0.072863615217729411,-0.19307739370155252,-0.97874293224273812,0.06916207505781985,-0.058307579915960479,0.081809077572386271,0.99494095349980449,-0.97168440521021271,-20.594571054133354,-1.0065861175401805,,0.2867780490478776,0.5483870967741935,True,5
-0.83068061479049526,0.55671458858772627,-0.0062115267755748632,-0.55670284249529434,-0.830703725643404,-0.0036421641681925465,-0.0071875843608680476,0.00043249944179606786,0.99997407545160322,2.4338557843959925,-13.538134042916921,-1.5183397196079778,0.4495198162212052,0.2204066468129039,0.7010309278350515,True,5
-0.97211703952737116,-0.21710040065784025,-0.088633388148851966,0.2263478955431738,-0.96750100860578858,-0.11273166604800472,-0.061278802564314908,-0.12965035434192845,0.98966443503608659,4.5278910836161446,-10.361020650852533,-1.7242583492826005,,0.3628309657177054,0.3452380952380952,False,3
0.73143164901302726,0.68113814986249599,-0.03253557474486006,-0.66942725335154851,0.72630867233792107,0.15602200151557771,0.1299034075468547,-0.092339229413186438,0.98721759071599491,13.758169158695861,8.5049098476168137,-3.0091994939925266,,0.1100841764373065,0.3333333333333333,True,5
0.53899575280279866,-0.83552021466452409,-0.10672183163482357,0.84147776854326373,0.52849888422716051,0.11226795810958741,-0.037399779517987203,-0.15031600133583134,0.98793033976814992,6.2469912763389406,9.7954428763402461,-3.4078128478090997,,0.419857439721102,0.8320610687022901,True,5
0.5794507974687203,0.81295064706921638,0.057862066525532344,-0.80845381491199542,0.56435590580627992,0.16704742062005426,0.10314650971847669,-0.14357456951464165,0.98424953163391471,11.068134485648459,-8.9778901829242006,-1.6693762596937642,0.6303479342242091,0.5424913847420463,0.3737373737373738,True,5
0.37185730514674725,0.92769645830359804,-0.033187736589907979,-0.91948760933391283,0.37300749941105121,0.12412873021392691,0.12753305802969692,-0.0156424625323804,0.99171096216363286,3.6481475180681842,4.3774045303024716,-3.0409377081170068,0.2980030448872972,0.2489240810516603,0.8638297872340426,True,5
-0.9695188571889054,-0.19909308453182295,-0.14281151650593069,0.2139935157070636,-0.97192703807837089,-0.097798813323763917,-0.11933130683290942,-0.12537853222864817,0.9849062203406681,20.047853606420848,-0.83948877295830027,-1.9414942553897392,,0.3377997257509104,0.3,False,4
0.40194864337532393,0.91445284192475695,-0.047045594740349805,-0.90692488857494213,0.40466819450115415,0.1171789180804565,0.12619245053515202,-0.0044330863867941203,0.99199587356652941,8.5161097158378904,8.3260326322108114,-3.1761866203738593,0.4632732754634138,0.2166093194139846,0.4838709677419355,True,5
-0.4819013161250677,0.87592506636491707,-0.02294340058807235,-0.87523061470966823,-0.47994169873274767,0.06022737660286049,0.041743174194900062,0.049104418651907233,0.99792097055678419,13.356413671838077,3.7398461598455444,-2.6203387429594134,0.2326985956052393,0.1489549741801571,0.375,True,5
-0.13720307080158498,0.99028914098278609,-0.022421744227244869,-0.9858701645642316,-0.13432475693791157,0.10008435589875064,0.096100655485340497,0.035836809639638256,0.99472628752342807,-13.665434190160104,-10.238186589726656,-2.5064286167171459,,0.07995326035682444,0.2631578947368421,False,5
0.1594436050507404,-0.98180984974619467,-0.10308809703248015,0.98314378428920624,0.1484546703509641,0.10672164852777423,-0.089476456243655189,-0.11836650620991174,0.98893039895926771,-16.162378494150353,-8.601548859793759,-2.8150055661430571,,0.08171645458056073,0.2222222222222222,False,1
0.98551279055753571,0.15517136961201627,-0.068457181509547063,-0.14241420221678,0.97632317712967054,0.1628227527294196,0.092101762493766115,-0.15071463051793837,0.9842775855892405,-20.271128424143789,-11.64387545622502,-2.711456900507855,,0.2455208618213472,0.6122448979591837,False,3
0.99613217759436334,-0.03718865795457179,-0.079609600430160368,0.047174770879178388,0.99071831485912121,0.127482397197419,0.074129789920172745,-0.1307448825852903,0.98864075878154545,11.785018077297311,20.184168574914334,-4.1022622186335829,0.2598226626630527,0.2408861244262317,0.6333333333333333,True,4
-0.93171307494619193,0.35819746250537426,-0.060044348851674249,-0.3617220953387007,-0.93004013761159221,0.064672004570677982,-0.032678306536456717,0.081975119921356115,0.99609849311992626,19.794467298121702,2.3023982877090949,-2.2485712408589182,,0.1662798928761702,0.15,True,5
-0.9950531674199492,0.067250957543247017,-0.073119783349273298,-0.068843601227154966,-0.99743724415616375,0.019480824937251631,-0.071622291066432267,0.024418285764479103,0.99713288720346671,-10.711906311506484,-9.374153065961389,-2.511050380440774,,0.06985040068992082,0.2040816326530612,False,4
-0.92723758390875832,-0.32838385557579503,-0.17998473930926431,0.35785972900788132,-0.91861363498268789,-0.16758700420467965,-0.11030356903316507,-0.2198022589080216,0.96928844501390665,23.734207878709114,25.600644566910916,-4.2775764704025407,,0.332027646156847,0.35,False,1
0.84347837919056701,0.53581254697961,0.038067549662116035,-0.53041671684993352,0.81959433255950698,0.21661771977951016,0.084866544198476904,-0.20290402789387907,0.97551403123699265,-4.1678111954280253,-15.023893911924327,-1.7107994730016327,,0.3760782144698154,0.3333333333333333,False,5
-0.86144114289249429,-0.49388840413082907,-0.11829370903466405,0.4944123139864478,-0.86880965240351771,0.026949056923145628,-0.11608454294453247,-0.035270840018118303,0.99261288865991326,18.657962846803031,18.502613133776837,-3.7060279863202545,0.4517824882009899,0.3826226124573579,0.6875,True,5
0.39914797606524216,0.9168385808984213,0.0093760215011811296,-0.90821961313658361,0.39395164433451374,0.14120636048056873,0.12576974006912944,-0.064877719613921039,0.98993578275595329,-3.1002816607886317,-19.889247665856519,-1.1737588465111242,,0.1319600355027838,0.2142857142857143,False,1
0.99543998030293845,-0.037536710223559956,-0.087694019180773131,0.062517950235865857,0.9510784837444124,0.30255780217461831,0.072046870249797265,-0.30666058296432908,0.94908826530686119,-22.458333990185594,-11.518852238395695,-2.8729622874912271,,0.2762853635438813,0.1904761904761905,False,1
-0.99548279427940578,0.07244822722566828,-0.061361719870978916,-0.061733520457008514,-0.98495656878726479,-0.1613986680701025,-0.072131676437267644,-0.1568815220944676,0.98497980145771158,-17.747089542498944,-5.8748753550325814,-3.1597289179214423,,0.3433469729892209,0.5,False,1
0.6334481500560033,0.76079219775288121,0.14120436618238294,-0.76292711561989424,0.5836087083598176,0.27810625986930709,0.12917297489233678,-0.28389453563766737,0.95011485368482551,-10.733980185066894,13.006911981317188,-4.5851711504784625,,0.3130441929986753,0.1707317073170732,False,1
-0.95782206421763449,0.28686905005661084,-0.016823834803259642,-0.28153150389291937,-0.94851231541054182,-0.14513579789398726,-0.057592582974380579,-0.13427783001728458,0.98926869896514413,-11.343567774857352,-19.625893649405565,-1.4990810936758738,,0.6111559692119714,0.7027027027027027,False,3
-0.87999741490185879,-0.42457914716352652,-0.21292509847347565,0.45889690080637779,-0.87565024301780003,-0.1505001207081601,-0.12254870132460943,-0.2301503849589692,0.96540800499420509,-2.6243688684843542,12.75426609422397,-4.1076565190270289,,0.5646316826562087,0.5714285714285714,False,4
-0.98609089319737186,0.15033127852502498,-0.070889047463205124,-0.15566498588302058,-0.98481153568816604,0.076906770479296213,-0.058250858562327035,0.086872008567475109,0.99451500320719366,2.632282240584205,2.3148662351784997,-2.9062077796657682,0.1923176195622388,0.1047069657433807,0.4370370370370371,True,5
0.28360105268193847,0.95438189731122314,0.093411118194398457,-0.95170257893391297,0.26817418994653031,0.14948178851306054,0.1176122619807872,-0.13129279466579238,0.9843421955298931,-17.069201415694415,-12.982923499941238,-2.4426721930186654,,0.1842570686589677,0.3448275862068966,False,4
0.81352959670372893,0.57923540425768727,-0.051535829686750044,-0.56791181859816875,0.81042349737084474,0.14383991520342845,0.12508301876589351,-0.087750221444976045,0.98825813280375741,0.03086621129189393,9.0047418931075178,-3.6346752635684614,,0.07636767958150928,0.2823529411764706,False,5
-0.9119230479602648,-0.38193423256774323,-0.15007530307065778,0.39452458002486057,-0.91661422322679298,-0.064565637413031951,-0.11290133017404295,-0.11808728877924429,0.98656407894961373,-20.953059604250083,-16.242467738971882,-2.3085319262266109,,0.2527213148903363,0.1304347826086956,False,1
-0.46964442917958005,-0.80417159353052159,-0.36433797262866857,0.87356626748085275,-0.48299450444093817,-0.05998570662603514,-0.12773443725228684,-0.34644531579808496,0.92933285570962554,-6.1809488790984775,-17.580198552427266,-1.4916352213710959,,0.3807362397761087,0.25,False,1
0.99693247374999838,0.021757862509636201,-0.075181368714062807,0.010321687970243505,0.91564255985877252,0.401860878081854,0.07758289463633733,-0.40140415791853173,0.91260922440306347,-11.001017425257571,18.551449995352701,-5.1234327980620398,,0.3927689744965213,0.25,False,1
0.47808021548217439,-0.8399229673351003,-0.25684375894212153,0.87657796237971541,0.43788903496154569,0.19966038397908131,-0.055230276431914048,-0.32059725825940427,0.94560404745422311,-7.9824818131246671,-10.345821805897055,-2.268550728231848,,0.5023744114442206,0.2987012987012987,False,4
0.96195766872735944,-0.25956649660531522,-0.08522134366851479,0.2688076429112064,0.95497061181500076,0.12559292050989657,0.048784164327634272,-0.14372322153961994,0.98841476157589236,2.7371081629589233,11.363517025943807,-3.7126841566404964,0.3253050103818013,0.1312451738427221,0.5157894736842106,True,5
0.26563901392083772,-0.95694934457239222,-0.11697805865047864,0.96141595220247633,0.25394810170178228,0.10578151300046942,-0.071521193598626395,-0.14056426844874592,0.9874848886447315,13.015210660198633,9.9458797293692225,-3.1697337409683062,,0.0999922791115439,0.2727272727272727,True,4
0.080275391732901991,0.99535327099658755,-0.053176380081038047,-0.99114055671239254,0.085371346952886937,0.10174541738721811,0.1058123731988775,0.044537613719683219,0.9933882134604668,8.9666519006114846,-8.3819960629762065,-1.7678319352668534,,0.08390295211374273,0.15,False,5
0.99675591404104835,0.029699530018794974,-0.074803647911426241,-0.010776614450416316,0.97030482706652588,0.24164520924774474,0.079759089796593102,-0.24005516134435007,0.9674771351855076,6.1469450731360018,-1.5862964840597937,-2.4280534599593104,,0.4737089254498066,0.4666666666666667,False,1
-0.86915811907031904,0.49386785591631449,-0.025665247841528099,-0.49397203606231338,-0.86947404725645716,-0.0025512224380224297,-0.023575233670045194,0.010460499036761963,0.99966733782659134,-1.8095608531076339,-8.6938396091643781,-2.1149799411061214,,0.1416382298466194,0.2363636363636364,False,5
0.78067558912855151,0.62033282921895239,0.075715292590060684,-0.61227691457249334,0.73496373957732819,0.29145373798957758,0.12515032728833131,-0.27388954434172802,0.95358372106485978,5.1311309037345429,12.089057495545205,-3.6797458980642199,,0.3774827576076076,0.2121212121212121,False,1
-0.35796317877342909,0.93365168664614318,0.012525600394263862,-0.93125743555404972,-0.3579576749040792,0.068013908155341335,0.067984934858538543,0.012681916262153044,0.99760574258180912,-5.837481148537945,-12.487284947538619,-1.9313315814470424,0.2284495277908771,0.1465934892000026,0.3111111111111111,True,5
-0.8945370574858752,0.44283229742023045,-0.06085235530390419,-0.44606708981994897,-0.89313330971389726,0.05776713995916484,-0.028768110192948972,0.078819080437548109,0.99647375700261465,-15.820774197143749,-5.5634606910572018,-3.0844479790567765,,0.08934492391110382,0.3888888888888889,False,2
0.89704685872112011,0.4387128816770785,-0.053272325922230399,-0.42624952058419413,0.89072895307490652,0.15783940685337669,0.11669738411941916,-0.11888204071547077,0.98602676481676188,-11.487006435726006,-3.6352729577694158,-3.0943948729790778,,0.07828099924708778,0.2178217821782178,False,2
0.6217385186500991,-0.77756259070174205,-0.094008680279934212,0.78258893233366222,0.61190662154514552,0.11456373552771618,-0.031555941051387953,-0.14479883994839432,0.9889577941115385,6.5153304351890693,-7.4618651026316929,-1.8940701487716336,0.321435791751459,0.2370899494155026,0.5194805194805194,True,5
0.97046306533260063,-0.22889912559497474,-0.076201240981428803,0.23950665945106114,0.95202895740067361,0.19046633389967241,0.028948210719271547,-0.20309124691242586,0.97873180520697811,-13.306175075584646,-9.3259733690903985,-2.6225333528679111,,0.08272166063399781,0.2857142857142857,False,5
0.62677957289923691,0.77688656174286264,-0.059955293174187303,-0.76882906386482663,0.62911662563803639,0.11451699394650861,0.1266855854191152,-0.025681540630645552,0.99161041791514681,-2.4105812109032678,-10.993088381260128,-1.9332480792353846,0.3059848033259886,0.2094414764374267,0.6213592233009708,True,5
0.3753879226506513,0.92682812672586157,0.0085750240734110833,-0.9184066353434811,0.37069794948816243,0.13824717864151317,0.12495262976462401,-0.059771680209801961,0.99036063459721713,1.7775846577907253,-10.714897830088255,-1.7747288068477336,,0.05966836935593253,1.0,False,1
-0.98025802735274481,-0.17256932815752138,-0.096509205725501257,0.17533869751872719,-0.984285734055243,-0.020926893887258366,-0.091381294382065478,-0.037435554151020282,0.99511207324726225,-2.066461986160343,17.471773655240654,-4.6447165551896523,,0.1373637604989538,0.2,False,6
0.98582024465380591,-0.13185274512898218,-0.10379450290194445,0.15584756373826975,0.94872145938949115,0.27502568856512322,0.062209180251439455,-0.28730201199404387,0.955817750304219,-4.0154194706299524,-11.112603251653722,-2.0354212846163189,,0.436525634898645,0.3983739837398374,False,4
-0.65951549978200963,-0.73418133956703024,-0.16129806625886456,0.73876555175692926,-0.67269832567756671,0.041260418900932593,-0.13879756872715082,-0.091949569124392047,0.98604285487663912,-14.932054458114273,-13.504016826672647,-2.2872464637409897,,0.08140943503475037,0.40625,False,5
-0.28194804480503244,0.95370721752249299,0.10463194194950007,-0.9562766797488581,-0.28817947414425066,0.049874867924066868,0.07771879952186235,-0.085994964547043334,0.99325961071284552,-21.295588749039013,8.2469169884029405,-4.7152470091938241,,0.5143765851730483,0.3181818181818182,False,4
0.2862932003128022,0.9579597894368912,0.018688105219111253,-0.9507245627187908,0.28160054329808126,0.12970713109690463,0.11899163541114056,-0.054901510327607372,0.99137622266520486,-20.113527917153981,2.9697071203772429,-4.1607941687867882,0.1725058136028869,0.08957799025286381,0.2592592592592592,True,4
0.44341625656096689,-0.82099224275436533,-0.35965783844456456,0.89441850558604374,0.37919859150874446,0.23711593169378903,-0.058288594790816425,-0.42682568518651987,0.90245347480209215,7.7824140874669414,5.7238719735762773,-2.9586590337812182,,0.6215570263649957,0.2857142857142857,False,2
0.94640049740717547,0.31441927239493755,-0.073936592118439004,-0.30361085859897913,0.94408869561752784,0.12851840859575503,0.11021136533153483,-0.099181933606039441,0.98894711638081334,-4.5035397089233165,-3.9172988706407881,-2.6989359183408892,0.3202994217950278,0.2115897266949499,0.7946577629382304,True,5
-0.4631284817643902,-0.86879834202099937,-0.17521829322355117,0.87706018994524393,-0.47771826171033027,0.050504313099716959,-0.12758304194454925,-0.13028700368810375,0.98323337213407913,13.552270702798074,20.64095152265914,-4.0776597119723874,,0.313639812239779,0.2307692307692308,False,1
0.98831047834143038,0.14402176418738974,-0.050001298392000432,-0.12254326687265453,0.94557573308592913,0.30144598312663945,0.090694796679364753,-0.29179490132516139,0.95217130255848859,-2.4761867327953682,-19.094488820908655,-1.2047879141233369,,0.4089070909297821,0.1153846153846154,False,1
0.85647973505914154,-0.50466657181084995,-0.10841639511488614,0.516124271226303,0.83417915834592571,0.19432155936076972,-0.0076288979637032239,-0.22238881059524485,0.97492821112012729,-1.795322869356426,-12.691814986616736,-1.7346039677248155,,0.2019734375952427,0.5675675675675675,False,2
-0.21654876163438966,0.97622822300096779,-0.0092244485464442125,-0.97266144480158578,-0.21492646611681829,0.08795639805624704,0.083882940048052121,0.028019114527584016,0.99608161392025796,-14.413891109987315,-22.305841157432276,-1.3750471501940404,,0.07513463197626004,0.3333333333333333,False,1
-0.3906760099560892,-0.89633539914557858,-0.2096547339873982,0.91309281129524222,-0.40622516520698404,0.03525100159584918,-0.11676374953615398,-0.17766250980748738,0.9771398361560969,3.5091345198858059,-8.8675587517903711,-2.00080707846287,,0.2836594011541232,0.293103448275862,False,2
-0.060422738871759335,-0.97823883082883534,-0.19848899840008211,0.99126233054228619,-0.082164657001471825,0.10318895865210539,-0.1172522267383891,-0.19051970763798454,0.97465591688884035,-22.130294980359668,3.6603414214538432,-4.3660922863288301,,0.4095897372322366,0.9247311827956989,True,5
0.43781842888013067,0.898385958679355,0.034895452149400465,-0.8905456611423278,0.42801371606006128,0.15405416023279728,0.12346436228122354,-0.098523743900819499,0.98744601023765233,-18.624887335670838,-14.407851887830054,-2.3699155889005197,,0.2019627688205305,0.36,False,4
-0.30882410044769693,0.94993191194651483,0.047508290311381353,-0.94802629588084952,-0.31146055774937043,0.065103481357671023,0.076640833118568549,-0.024933584421234764,0.99674695839355454,6.7805599689285572,-11.769125627449668,-1.5040908705160172,0.2864100744739421,0.1860493583269381,0.2173913043478261,True,5
-0.14692824696433471,0.95464360709861973,0.25897427221583957,-0.98498415062396816,-0.16520157369234315,0.050146416314164118,0.090654913069108709,-0.24771762851139509,0.96458160010500049,-17.34149011601702,10.303569172335681,-4.7105564221805079,,0.08849288081820716,0.3333333333333333,False,1
-0.53814470893139899,-0.81514818411854961,-0.21432151123340659,0.83605504280112808,-0.54848779994577701,-0.01315669857698909,-0.10682807522343757,-0.18626478797366008,0.97667455741673914,2.0991247813549516,4.4473881341955979,-3.1344001672056101,,0.2339708905018205,0.3307086614173229,False,5
-0.58368744702636977,0.81124299719990711,-0.03455088534249403,-0.81063517815572017,-0.57974751355396859,0.082240066053205121,0.046685887806521303,0.076010657292925776,0.99601345766892879,4.2734505080818055,-6.369127030614286,-2.0577341983401856,0.2057903719198372,0.1896641123796023,0.3802816901408451,True,4
-0.26686397982214671,0.95162027178580511,0.15232358517246741,-0.96174457320692075,-0.27311652711231094,0.021324599061819369,0.061895009334532507,-0.14080561403729402,0.98810059552408824,-8.572936147439739,-7.6804288783826147,-2.4930919322801732,,0.483218937147754,0.2896825396825397,True,4
0.63954542236554535,0.76676271405472207,-0.055286463684264382,-0.75776415037868372,0.64088742659528875,0.12270614830944385,0.12951889874511258,-0.03658205526626402,0.99090191648838188,-14.048507932878076,-4.6181160047277219,-3.0810391700009112,,0.09900057764362674,0.5833333333333334,False,2
0.53372185705665898,0.84555432930044783,0.013373686898533153,-0.82509989193726796,0.51721455726004872,0.22737473492760824,0.18534062594342157,-0.13238949338811129,0.9737154997304599,-33.185980294373707,-29.164624823741935,-1.7485574813930804,,0.447500954864778,0.3,False,2
0.99658158707654321,0.015305860318600688,-0.081184179123197114,0.001484077140174931,0.9792125666187862,0.20283132620700497,0.082601076355226011,-0.2022584485645974,0.97584249864883499,2.530740572768043,-5.8342019087604085,-2.1837447261089706,,0.2636338564647777,0.1666666666666667,False,5
-0.10216973944515058,0.98863497406279122,0.11028251176671161,-0.9899099753037065,-0.11198607289829748,0.086817972050915487,0.098181388948855253,-0.10029958891581778,0.99010121064838252,5.4207112256172225,17.17173267626567,-4.1219880312791908,,0.6286925333442277,0.5194805194805194,False,4
-0.030836678251273078,0.9795776067185763,0.19868772405444315,-0.99442412865267027,-0.050122852015361721,0.092781205312418832,0.10084518643845393,-0.19471880269083733,0.97566123026942164,-23.143238321996026,1.5418196943463165,-4.1722589462266733,,0.4374301991510298,0.35,False,4
0.44549633721417659,0.89363546996100052,-0.054301568636032436,-0.88624258349585838,0.44878354526815029,0.11474934725364003,0.1269137373468251,-0.0029960514233392382,0.99190923322072655,0.95573513778548613,3.4888536468185363,-3.0755226662453374,0.3303184570275352,0.2567005266044128,0.7390029325513197,True,5
0.82579513603597143,-0.55419581157044828,-0.10454375034932692,0.56394110107545925,0.81332431468905164,0.14308736370966688,0.0057295564513348343,-0.17711736666221031,0.98417305927845555,-9.5966979113210424,-13.934375939674581,-1.9821123077152438,0.143043085127336,0.1059279395998355,0.34,True,5
0.21014794307538251,-0.93401369037685777,-0.28888798557535822,0.97302165233601345,0.17103112259457309,0.15484579164231166,-0.095219252814123204,-0.31363478967206843,0.94475738293007117,-11.827353207595547,11.587535846881989,-4.4975299742375503,,0.4416175264366228,0.3043478260869565,False,4
-0.25713038858889248,0.96516655997405132,0.04834743811187462,-0.96374258876785557,-0.25979979144480214,0.060862886558802648,0.071303477188405989,-0.030944787494725109,0.99697454043107292,-10.326424932290386,-14.845603745780789,-1.9351197635062372,,0.08000754523957357,0.1666666666666667,False,2
0.12837520812753397,-0.98584738969255103,-0.10781804197162845,0.98768103652515826,0.11728503607991569,0.10358759771479618,-0.089476119868945603,-0.11978791486671918,0.98875926262416469,-16.660214961222067,-7.0595290515842777,-2.9854229820121154,,0.4906634134511804,0.9516129032258065,True,3
-0.5984442726649668,-0.79332251151306565,-0.11182059399368441,0.79030872463203339,-0.6074556190139041,0.080061168483375203,-0.13144037539883791,-0.040460643285004261,0.99049803839279571,-1.9069695475011859,1.6760388843863347,-3.0610251476107653,,0.06785644063952927,0.2678571428571428,False,5
0.36040610889279695,0.93135801329369727,0.051765700481810929,-0.92312309150801186,0.34814826180938441,0.16320706395189361,0.13398206819364522,-0.10660693632556684,0.98523284888894769,-6.9966419445729944,-10.303801836729354,-2.1868029787180645,1.099943318283007,0.5011121770173818,0.6402266288951841,True,5
-0.74582675525929054,0.66572254026106903,-0.023578603176359188,-0.6660690951446453,-0.74476380407520881,0.040973608977226475,0.009716564855577918,0.046264192717199976,0.99888198143706342,11.929144646332318,6.2508296691394882,-2.8853900378203785,,0.4604636650837831,0.8651685393258427,True,5
-0.42952255185450194,0.89957300930042472,0.079238742964372832,-0.90095329799605439,-0.43285407790636626,0.030339777023932396,0.06159165753922595,-0.058358788352797307,0.99639385764042321,3.0147923058327262,-18.507344808186843,-1.128787110450977,0.1396145670782186,0.2426806006567603,0.3529411764705883,True,5
-0.28099167554645083,-0.92096278330247383,-0.26994671704867762,0.95205211725210703,-0.30295818113297723,0.042580588539601824,-0.12099770373597493,-0.24503855259195212,0.96193329469057387,2.6848959688257272,-5.0801185399277653,-2.2330693261833279,,0.2507703628055456,0.6181818181818182,False,1
0.98978413903412465,-0.11526021291818404,-0.083919255445533053,0.12621139233668291,0.9821185552808025,0.13969190319265595,0.066317739413475588,-0.14885639620521968,0.98663252062147333,-2.2697869283747596,-7.4003462661059025,-2.4020138926310701,,0.07265553537297145,0.2142857142857143,False,5
-0.97254238662461812,0.22415723413364677,-0.062568687089033681,-0.2265608465394181,-0.97339231894730693,0.034315830599405503,-0.05321173774492137,0.04754921450390337,0.99745054171433867,-13.875599215390533,11.185127138586758,-4.5672415852967312,,0.1542053182363578,0.2857142857142857,False,1
0.4658195307072705,0.88327258084705085,-0.053307717409857777,-0.87538575293109255,0.46878578494714512,0.11806638554963214,0.12927470122542722,-0.008332811967167085,0.9915738075745032,-3.1426199445289003,-16.946161190609224,-1.4447429773296172,,0.1001192443237684,0.4444444444444444,False,4
0.98320405608080996,-0.16443478522998203,-0.079189554315025501,0.17735947311576369,0.96318337017053157,0.20204309620235744,0.043051148676213333,-0.2126946093188683,0.97616986317154453,2.7081380897148581,6.9149054042956895,-3.3133628248420215,,0.1676636483161714,0.3483146067415731,True,4
0.99363818598089249,-0.081305025355322955,-0.077927198156820435,0.094062643071910632,0.9796595702533466,0.17725502979987762,0.06193040076512045,-0.18345740449215842,0.98107492384530581,10.606194427393232,10.986655869094092,-3.3423164387442661,0.1758119613456929,0.1346443458467442,0.4117647058823529,True,5
-0.997177385950196,-0.0219797121708258,-0.071792431372840193,0.023961689310152468,-0.99935188792211338,-0.026863386828807415,-0.071155452320535759,-0.028507829791095458,0.99705777427672893,-2.0424784621699597,-15.366063838421393,-1.5446146674959913,0.5887388110179491,0.2901022133732362,0.4324324324324325,True,5
0.13332607989723186,0.98946438797795366,-0.056430322900468462,-0.98464006068590182,0.13872241509632519,0.1060190664093375,0.11273024133612759,0.041428450046520973,0.99276159082382021,22.577852394754697,-11.019268926581605,-1.1957097894360416,,0.1334294184748243,0.125,False,1
-0.99527126743400496,-0.031481914028126383,-0.09189120365647202,0.035068297690300822,-0.99867440852689959,-0.03767811368091821,-0.090583214324807371,-0.040722412042675252,0.99505596146147124,1.3809460698292206,-14.560001415663105,-1.458762090700817,,0.193390118628511,0.2666666666666667,False,5
0.12723441236759866,-0.98182145623696204,-0.14084755014626069,0.98727277805642644,0.11170100132811205,0.11320489393592421,-0.095414181431371162,-0.15345851027241422,0.98353780791932621,-14.977132949487956,-10.993374870560544,-2.495714779649632,,0.09133223753364157,0.1666666666666667,False,4
0.45769791966707002,0.88792494120232435,-0.045846626083992016,-0.88011830220419063,0.45978158920311185,0.11829059284268811,0.12611260229513055,-0.013790903549449389,0.99192006861522908,-15.228335247169415,7.1688992182376312,-4.2775887405600121,,0.2717413415867782,0.8811881188118812,True,5
0.90747615151130567,0.41596057270661319,0.058854365953738282,-0.40445796813643131,0.82718662017089661,0.3900974845102167,0.11358162901270497,-0.37780828122717941,0.91889069871611218,-7.8329624386091199,-4.1581845636564783,-2.8325846552644025,,0.2101429348133463,0.1566265060240964,False,1
-0.95607737453241992,0.28911387308766878,-0.048262017109153933,-0.28862567906027048,-0.95729201384321772,-0.016947495950631483,-0.051100599743982372,-0.0022734599724306068,0.99869092320174879,18.545789857848309,-12.810051674172589,-1.1507899802877153,,0.2504214098510313,0.48,False,3
-0.58482242564536169,0.79299387771877849,0.17071449956816792,-0.81027215680014664,-0.5809490267684988,-0.077183289714630232,0.03797054617350195,-0.18346372447235593,0.98229287863957215,-10.293160749530811,16.475167845732674,-4.8868478402449966,,0.1324144357801594,0.2222222222222222,False,1
-0.9971192273538424,0.019997839164173775,-0.073166473675048957,-0.012463958742837476,-0.99470502676902339,-0.10201254556619643,-0.074819089634495267,-0.10080672670611956,0.9920887599791991,0.26253664010234867,-25.73800599155344,-0.56084399910848637,,0.4179603078742991,0.3846153846153846,False,3
-0.80599501982764299,0.59173621233483242,-0.014841934667143224,-0.59182954425165135,-0.8060592414646508,0.0025079474306354127,-0.01047943528632627,0.010805288568949772,0.99988670716987826,23.450410678233876,-13.35163099882381,-1.0841644827523576,,0.3016100498966134,0.3333333333333333,False,2
0.63005722966527811,0.77597726139747247,0.029785518974715632,-0.76572598589140739,0.61443756443919206,0.19007944112045772,0.12919598243423328,-0.14256847197088141,0.98131678316573223,-14.14179707867447,-2.3221928624008878,-3.3228728132658114,,0.1684380802256838,0.2,False,1
0.84977132667156752,-0.51373875457183149,-0.11815745603993297,0.52700709526627998,0.83316894679015407,0.16760974805656512,0.012337499983516638,-0.20469977566077266,0.97874705002803841,-12.701380723045173,-5.7036613913586942,-2.908195731573604,,0.1371895606831669,0.2142857142857143,False,1
0.089836211514088438,0.99541555559275996,0.032822656576745324,-0.98898621382814755,0.085266834802602193,0.12097865820306383,0.11762535423395737,-0.04332941918263792,0.99211231091778795,11.262369731935584,-10.21294743284853,-1.5370332538425553,,0.8279101971897731,0.5208333333333334,False,2
-0.85325414676902689,0.51929131438953391,-0.04789459072850729,-0.52114836814865229,-0.85243230179690344,0.041994633338454747,-0.019019447874689337,0.060792282839390414,0.99796921743594835,27.049897066598412,-12.344255780620735,-1.0963660855613524,,0.1853288482461769,0.5862068965517241,False,3
0.99632252634192309,-0.015456298104055544,-0.084276487542890216,0.028561392937968593,0.9872501247739256,0.15659322452555891,0.080781621282884158,-0.15842441094347709,0.98406099184965234,16.10487072560365,3.6937345669233852,-2.5111610580423269,,0.1250050543863792,0.2,False,4
0.75848221449143716,-0.62858363737492262,-0.17200971229752618,0.65056218098757834,0.7147677309890903,0.25666308539677751,-0.038387224031587772,-0.30657739897327707,0.9510713535113593,-0.36554297586908219,-8.8780386765315953,-2.0490859981454586,0.7855449230062217,0.3769298399678,0.3968253968253968,True,4
0.67924436378840514,-0.71567437435918846,-0.16259546164413574,0.73314985852985615,0.65158185116842637,0.19476235818448043,-0.033442176952727352,-0.25149807377694156,0.9672798662678509,15.179515784886762,-11.46897288254646,-1.3353689351511704,,0.7900002326144232,0.7857142857142857,False,3
0.32498043732464116,-0.86917357866480616,-0.37272644862861526,0.94295727971096732,0.2676964246387934,0.19791461006125963,-0.072244612230799476,-0.41578349460581243,0.90658965448376938,-3.0207592958086145,11.338649396209089,-4.0122740987085859,,0.7584334301936086,0.3260869565217391,False,1
-0.082966255536046973,-0.96434864477940319,-0.25129323857688146,0.99053272636512812,-0.1074743451724908,0.085405990008969354,-0.10936872698351759,-0.24182836153328757,0.9641356362650082,-7.8966208226156009,-2.0706534862446446,-3.0069844102847627,,0.3832821849420386,0.4390243902439024,False,1
0.29028217450070976,0.9566856298413362,-0.022110287701118003,-0.94981135921608451,0.29085768773049797,0.11515288703355617,0.1165960594155491,-0.012426228034077724,0.99310168048675251,8.9504070619029559,-10.364016475070017,-1.5872304273706705,,0.07107027017280224,0.25,False,4
0.44922295069505008,-0.88265702181458805,-0.13825817303232246,0.89121132292690752,0.43184031952576973,0.13876712982098488,-0.062778327914221541,-0.18555462881125917,0.9806265146685621,-17.317065458008805,6.8897478042150961,-4.418367344325774,,0.7917176323805957,0.4180327868852459,False,2
-0.34950908251757279,-0.91586446431584678,-0.19757450301385793,0.92667645444903235,-0.36902631740047415,0.071346519435898606,-0.1382539330633922,-0.15815138339354826,0.97768808416754871,17.170236754278548,-18.64704685224336,-0.89594646990769644,,0.3399002281845134,0.5454545454545454,False,4
-0.2612876986888531,0.95930873273233253,0.10703034063932704,-0.96200243947747799,-0.26790316275630471,0.052718135632359782,0.079246734653650633,-0.089188848454591962,0.99285714196861119,-8.8350010163306809,10.919780688977218,-4.2853126390325063,,0.6317023171530525,0.5797101449275363,False,1
0.17444504146004045,0.98034366424381103,0.092169558353195305,-0.9778960884854716,0.1615266119680612,0.13277196146376077,0.11527431472283711,-0.11329366091329979,0.98685175115720547,-9.9619018333610185,-10.167910151177932,-2.4023022779529817,,0.1459557537415043,0.4210526315789473,False,1
0.86752743040105218,0.49725164953446316,-0.011702757666525086,-0.48209124439716983,0.84640274780383951,0.22625300127445214,0.12240992434167369,-0.19063888780981805,0.97399826738927009,6.8048229550000041,24.542979416500749,-4.7105842734139971,,0.2299182648867936,0.375,True,4
