axis_00,axis_01,axis_02,axis_10,axis_11,axis_12,axis_20,axis_21,axis_22,location_x,location_y,location_z,dbh,dbh_approximation,score,reconstructed,number_clusters
-0.90532652147832937,0.3511458111730214,-0.2389152753667908,-0.37326584513667638,-0.92620129294879483,0.053139192639563133,-0.20262403204544005,0.13728723260238934,0.96958533270776481,-10.464246886894347,9.4023273163613723,-4.9129531153420301,0.355576451199645,0.2930731818979904,0.926923076923077,True,5
-0.52310131715015373,0.8522005899714914,-0.010916338581045321,-0.84974604317644664,-0.52249420297954574,-0.070224425656190331,-0.065549020600972702,-0.027458374041648775,0.99747148510282868,0.11344855716888136,26.353179347080385,-4.4166144332590767,,0.4336536576682797,0.1,False,1
-0.95947993652529107,0.15419111258622337,-0.23584603495680437,-0.16172063130155068,-0.98675355126656672,0.012801034108526628,-0.23074810685431754,0.050423505057089119,0.97170611880388358,-16.549034581921816,24.141888889236988,-8.058639222159222,,0.1148427692551425,0.3333333333333333,False,2
0.89533203619656443,0.37169951414903629,-0.24539766938886165,-0.35949984363047777,0.92834612783171089,0.094516291556176524,0.26294563580667529,0.0035969599998397772,0.96480394614086462,2.8125377760783783,-4.840186172032384,-0.52008553019147918,0.2876842720722738,0.2526897266534351,0.8895348837209303,True,5
-0.95856584486286178,0.19458343684030915,-0.20805962407387318,-0.1628810885907,-0.97357101047357097,-0.16009134437869907,-0.23371194244594468,-0.11956911671867484,0.96492588020285786,3.5286504483108478,-8.986228381500597,-0.071329861706287814,,0.2963345260533319,0.1666666666666667,False,1
-0.88601871610626604,0.39264736663960986,-0.24657428937418482,-0.42080355426815935,-0.90428280257214189,0.072090094240179675,-0.19466690377331419,0.16763251010246627,0.9664388951879257,-4.0651396927951318,9.346614408649577,-3.4563770229251642,0.2515815681270206,0.2292163890118064,0.8855721393034826,True,5
-0.83833631196203073,0.5078250886682405,-0.19825717481341287,-0.51593254410670453,-0.85654024518237981,-0.012345781242770533,-0.17608474657813503,0.091937411873537336,0.98007228015106695,7.2381087450117407,1.5371110891734765,0.078611373134738483,0.2474375675387792,0.2199046051501274,0.6826347305389222,True,5
0.50688072699591735,-0.81733367664685608,-0.27392989909650622,0.86124440080474118,0.49362054498225377,0.12081738142297643,0.036469311517664332,-0.29716059393929506,0.95413079330198369,2.5703884804344677,23.810519231827989,-3.5128942701210546,,0.1577131956847702,0.3636363636363636,False,2
0.51440735842350349,0.83820904545539165,-0.18108193094981212,-0.83415661384293538,0.53807538166568547,0.12106868805522558,0.19891659855788676,0.088772066338947853,0.97598755476495325,12.870572061513906,16.698192604785813,-0.03922105960825141,,0.1327418861585387,0.4666666666666667,False,3
0.9666506154345974,0.020853123922294031,-0.25524837884420709,0.016100908318999293,0.98975915402484704,0.14183644727404476,0.25559215252275957,-0.14121601979485593,0.95641554113370719,8.6532772265138274,13.472230064763485,-0.75610909671367854,0.2804766382937479,0.1940960439935345,0.9148936170212766,True,5
-0.95142045066430125,0.15824213302913104,-0.26411844576274507,-0.1562448751345446,-0.98730152373344859,-0.028692163177439257,-0.26530485305008628,0.013968842758117099,0.96406338296819005,-12.294619472701232,-0.062198914812399114,-4.5392310792070614,,0.3021100361459665,0.3716814159292036,False,2
0.81587664246958458,-0.51533259763712813,-0.26225487237633571,0.57084905711489664,0.79007459350508291,0.22341327330490612,0.092068769208629858,-0.33198561792696507,0.93878053411117357,-17.258848121683592,18.862206578048731,-7.6040715838713471,,0.2628078559960307,0.4285714285714285,False,5
-0.40579164018083197,-0.82843333877471603,-0.38604578480528262,0.89582777987196638,-0.44424778188545089,0.011683197315837002,-0.18117873376589747,-0.34108959452969734,0.92240563470446835,15.401182413272181,24.804242544111464,-0.42362061652349159,,0.4333897789529161,0.5384615384615384,False,4
-0.74397010616266102,0.63096376369588147,-0.21998456772930022,-0.65371697206621293,-0.75545907603527551,0.04399664610525339,-0.13842904886223015,0.17653983499101913,0.97451069008628277,-24.617334316125493,25.147322658790266,-10.100546280882995,,0.1088973599718498,0.5384615384615384,False,1
-0.77304974207071453,0.59016718006699564,-0.23258717904513279,-0.61724674365307575,-0.78438183705703546,0.061250233833885608,-0.14628928099514638,0.19091315634811912,0.9706449469291657,-9.804437674987792,-10.288845892814464,-3.2909882783338156,0.5630250117672255,0.5723969556866717,0.9918032786885246,True,5
0.031070091491758694,-0.93873844752506852,-0.34322700440512816,0.99703577897151319,0.0049263301325270219,0.076781421724879867,-0.070386823094683304,-0.34459520949898514,0.93610888080660182,9.456748938887781,15.811283824532818,-0.79663140915262387,0.1960663565495181,0.1214041169285627,0.4545454545454545,True,5
-0.90710765048229747,-0.31974341910369813,-0.2737149180741969,0.33117957703369055,-0.94355614956816236,0.0046776455499791605,-0.25976104055895954,-0.086405662730993149,0.96179949223096706,-14.707821715357319,-5.5875549406870482,-4.7885417783390034,0.2617598915968047,0.1999243430037901,0.5510204081632653,True,3
0.91917928719892505,0.36454412644446527,-0.14905374151398942,-0.29978820803536754,0.89307211385147256,0.33548357602691581,0.25541430717056662,-0.26368500020992081,0.93017941944383775,22.294593776319925,8.0434191357533233,3.4614170175823586,,0.4154956839630023,0.3571428571428572,False,2
0.93821028324989431,-0.19819592372104233,-0.28368969002153616,0.26715941512175212,0.93587447437799653,0.22970593183353349,0.21997116019141194,-0.29130283903194509,0.93099696275335542,14.814221099572116,1.677364869974719,2.0272810619276025,,0.8593788560556899,0.5490196078431373,False,1
-0.96617816806359624,0.009771894721271511,-0.25769023580809375,-0.01381170775963772,-0.99980839085575568,0.013871492464355914,-0.25750530923854159,0.016961475407012823,0.96612800604577354,20.399860426339433,-9.7919428337577656,4.4404398150450541,0.7360894243485299,0.5560208874090812,0.6578947368421053,True,5
-0.015095367381262725,0.99901526990031786,-0.041720742917865788,-0.99891584682695778,-0.013229909644179912,0.044632952499113185,0.044037039428258179,0.042349262057334136,0.99813189467203822,17.439155519325887,-17.325652106529734,4.0979233380511424,,0.2707579755863144,0.2,False,5
0.31314305010179494,-0.88720635097666123,-0.33883081465477838,0.94956818075856975,0.28641559436197239,0.12761809196637119,-0.016177152524588498,-0.36170567882320304,0.93215197346958445,-15.567957729666762,26.374977526917505,-8.1011278537256111,,0.2336157802791692,0.4838709677419355,False,3
-0.82643706769657954,-0.47911040214127559,-0.29572790821480771,0.50751903444128943,-0.86133756695480002,-0.022847875878690006,-0.24377490194206153,-0.16896987397880139,0.95499894181654876,15.858548851675527,2.4452541822219946,2.2931837922634912,,0.1457834625862551,0.4285714285714285,False,5
-0.73805478952245962,-0.58535642513755537,-0.33560837774575858,0.62925475535327013,-0.77664948874725381,-0.029223697471854153,-0.24354379591411254,-0.23275185751957234,0.94154818904447735,-32.406235289986412,17.2150497385549,-11.136136185613136,,0.2352538971235464,0.3125,False,2
-0.46944129766108333,-0.77757989045591258,-0.41832329842939564,0.86600271055084466,-0.49788608304908183,-0.04635465051786615,-0.17223290443137929,-0.38402989761815953,0.90711458171860404,7.4413500900766545,-8.959823816904791,0.90708769869076766,0.5738574036502394,0.5891219734932528,0.6582278481012658,True,5
-0.2656215150625309,-0.82486134976943393,-0.49904805819924203,0.95220796724111934,-0.30544418142342183,-0.0019593767153083252,-0.15081511150551946,-0.47571798966522627,0.86657209535644208,-0.21021439824606858,15.913609988227572,-3.2304540049061141,0.2961873229300547,0.2421887914849259,0.3666666666666666,True,3
-0.85554194006044315,-0.45126190483444423,-0.25379259650904157,0.45052931152944725,-0.89042855780973873,0.06450056503372982,-0.25509082353235374,-0.059158065232537319,0.96510569113829603,-5.2547808054082763,4.5033614903714794,-3.2415774127303099,0.2448796596105828,0.2285253426965473,0.8492647058823529,True,5
-0.93681858119531825,0.28451953750888948,-0.20351800584449653,-0.26879435195722901,-0.95781017243454103,-0.10173136161877813,-0.22387617622937522,-0.04059933936217254,0.97377161149844127,-6.9481351401597422,7.9303164607582923,-3.9876223882075212,,0.2632507535765355,0.2386363636363636,False,3
0.81387365399575551,0.5276080094122233,-0.24339158517843101,-0.52280116257464226,0.84774381996526171,0.089495028472590124,0.25355200599127675,0.054407757854727706,0.9657904411118502,11.469555226751954,-7.5723027324922425,1.8864968233664161,0.2874799338728858,0.2648689781551806,0.8256880733944955,True,5
-0.7592764026753257,0.64638682274162196,-0.075388458840917771,-0.64363097703249972,-0.76300322632479634,-0.059709647647115463,-0.096117166752915012,0.0031862209502411531,0.99536492717568148,13.975143567786834,-17.128063805402899,3.1147469933339904,,0.7480552243316032,0.5238095238095238,False,2
-0.54434347438350128,-0.71410515270398101,-0.44016362046143975,0.81304923523085681,-0.57829405574955917,-0.06728243585992652,-0.20649727113600694,-0.39449944989359625,0.89539324380242713,-23.676280462146799,17.756172334396194,-9.0320805107996716,,0.2639672832750862,0.1,False,1
0.9619935494488393,0.14666090777650254,-0.23034536884642653,-0.070251180904148891,0.94805941595402643,0.31023880383099017,0.26388100045360713,-0.28226569389687317,0.92233014460578111,-12.381903356491025,17.248512922990336,-6.2827452503075394,,0.543183933101992,0.3333333333333333,True,3
-0.60652673935841273,-0.69115640129533762,-0.39297346397909827,0.75738923401706582,-0.65262084856812541,-0.02115599700473425,-0.24184057277118745,-0.31046554875331978,0.91930641268241231,-36.011424325742489,22.353671472626999,-12.549432219291946,,0.3953122505425535,0.4523809523809524,False,3
0.823696078872306,-0.48296982971939717,-0.29709411510698963,0.5427153333308874,0.82328662062264923,0.16631057474280805,0.16427062006924065,-0.29822690000158525,0.94025309331983198,18.814834316216182,-9.6750118646993073,3.9753046809773784,,0.17039856803776,0.32,False,5
-0.38888057099672374,0.92114119078034762,0.016456249543122969,-0.92094441757245971,-0.38818554120034165,-0.03425442081135871,-0.025165079840641022,-0.028476169875201601,0.99927765235987021,-12.041409735016147,-2.2953773754566895,-4.2977110811082122,,0.4689922370824112,0.1442307692307692,False,1
0.50479003736220751,-0.79085135401428008,-0.34603634785039505,0.86134503497682247,0.48800353738000668,0.14119942714251979,0.057199203671348897,-0.36933275424524548,0.92753521105184111,6.3134736102376738,19.912182449793868,-2.1153615547865581,,0.1406842703232209,0.1612903225806452,False,5
-0.51474511931932065,-0.73621140314175848,-0.4393520593111882,0.82970371818335886,-0.5568400888477858,-0.038998147195735335,-0.21593795907539842,-0.38460614313350949,0.89746805653143946,27.55693810877878,15.130932968775292,3.9117918856647331,,0.3280866681313346,0.25,False,4
-0.95156572457512634,0.19487087199159642,-0.23779826547527758,-0.2090369067727092,-0.9772583854455088,0.035631722991398537,-0.22544676405021524,0.083614540157037787,0.97066078794479738,-27.524718819058329,13.487653657074642,-9.5114012302119288,0.4885316258755206,0.4047251960349438,0.9453125,True,5
-0.6448428681808438,-0.70052482533942773,-0.30568389627107967,0.72702630616752562,-0.68558664840760375,0.037465953419517375,-0.23581862839204948,-0.19808058109868851,0.95139563689082551,-10.488733332531995,-26.847557105043144,-2.9322248253915726,0.2658216952220934,0.3365383458271546,0.8695652173913043,True,4
-0.83847224573385937,-0.47099583165528208,-0.2740934506648528,0.48577229991462317,-0.87394347112452986,0.015750616320142151,-0.24696065631933017,-0.11994055128335898,0.9615740732716167,-12.515984354160553,6.9625210754544513,-5.1737929308900314,0.2525543324214652,0.1277073542969199,0.4862155388471178,True,5
-0.017043358240300937,-0.95447735351032703,-0.29779608052460105,0.99618766373830669,-0.04169554540185056,0.076626497435658331,-0.08555502647715961,-0.29535480888173149,0.95154919700188312,-37.638982449221814,22.757607897927187,-12.978808519758465,,0.2712161490501235,0.25,False,1
0.42849982976201012,0.88053939729316111,-0.2025790357083524,-0.88319672219780709,0.45549873398929408,0.11173384998826942,0.19066055122384168,0.13103920462498189,0.9728706394265757,-17.327070337639253,-11.418269345798741,-5.0399680932770154,0.2333782460585511,0.2627177930295994,0.8529411764705882,True,4
-0.85594510585772099,-0.39519484304240193,-0.3334351687973347,0.44862164393283077,-0.88823514527574465,-0.098878447054869173,-0.2570925832326173,-0.23422075640230805,0.93757348560905429,-11.22201656566007,-4.3643742740365585,-3.9725631481863197,,0.2945433037886631,0.1651376146788991,False,1
-0.25881825804083758,-0.91396180696326457,-0.31254907569396179,0.95345517658369738,-0.29356013600965553,0.06888884373933428,-0.1547137212740235,-0.28017184362179587,0.94740033908116561,19.660500243362918,-13.381319647509454,4.4929656771268709,0.1578846023079448,0.1284265654413766,0.5185185185185185,True,5
-0.76009246725348401,-0.57147035616645558,-0.30932357370154639,0.60880406604802328,-0.79269472031255395,-0.0315069762433123,-0.2271938608059331,-0.21226566470248295,0.95043476220122969,-17.505276089637121,-9.8755215656090467,-5.2710609353229962,,0.3159303049048292,0.5454545454545454,False,2
-0.85639989649791648,0.47611229118676918,-0.19974059041477021,-0.47119861990848783,-0.87886524775540198,-0.074617269342765996,-0.21107126255057204,0.030215268801044248,0.97700356174201664,16.297145192453879,24.088433427511717,-0.12936927282650143,,0.290504554569754,0.7741935483870968,False,4
-0.35081285071235274,-0.88096586303338809,-0.31753659937857737,0.9268224532115229,-0.37512441569731092,0.016787285984539761,-0.13390475718975819,-0.28841085436853747,0.94809740801479003,-37.738939334236974,20.742130060111776,-12.843441863432314,,0.1676364828852854,0.4444444444444444,False,2
-0.13103794349067716,-0.90445012446487083,-0.40595446754680764,0.98477486277994131,-0.16593252268793074,0.051815707571800804,-0.11422577205902805,-0.39298393131258869,0.91242320374244135,3.8613774467742861,1.2230127376627025,-0.73756258839868327,0.2047145486752487,0.1547589536255571,0.2541436464088398,True,5
-0.95498235234676077,0.19578680670749007,-0.22288165699655768,-0.18762216650551888,-0.98055968517377523,-0.057451078733845549,-0.22979693066275403,-0.013047226954072705,0.97315113961130761,4.1776066986826574,-7.281274392240344,-0.0019369560332614408,0.4966801358852597,0.4698069591657614,0.6545454545454545,True,3
0.77934612558516148,0.58895303417286848,-0.21390170657096452,-0.57115200750144302,0.80810651581427284,0.14404597677682573,0.2576916779068949,0.0099087152088415953,0.96617638995187671,0.57580050175811925,-16.522323432394323,-0.46141433292728529,0.2757771157122928,0.258680470967677,0.4545454545454545,True,5
-0.67352760727059902,-0.66657031269051237,-0.3194441742840427,0.70095768887727705,-0.71313084678133221,0.010134780351204825,-0.23456103821429497,-0.21709079577129262,0.94755089876123222,-18.927926193600321,-11.24786665034638,-5.5420085740131659,,0.1276651610635196,0.35,False,3
-0.9675602293273724,0.057092072568247637,-0.24610505454749218,-0.074741271669319598,-0.99521262329307614,0.062972825467552979,-0.24133160782047414,0.079324206191904945,0.96719528812893252,6.0986577910030126,1.9361864466305398,-0.24551646048184178,0.2542743251229284,0.2339933361576638,0.9081967213114754,True,5
0.96176336540780161,-0.10530776473214726,-0.25282702317311295,0.13893364131561389,0.9831237937167302,0.1190170136527065,0.23602684650319647,-0.14959238254384088,0.96016323967053308,0.92087098267920131,16.158886318985527,-2.9348598884651693,0.6474562534954054,0.6620551681497062,0.9947780678851175,True,5
-0.94744890383156,-0.18369197608816171,-0.26191187935869059,0.17855333582447777,-0.98296818031118971,0.043500146685495913,-0.26544167135987956,-0.0055510734578672685,0.96411094003187159,11.439196495277292,13.333121159888657,-0.05407219928572396,0.2723310542849403,0.2860744511745669,0.5609756097560976,True,5
-0.96436675953886752,-0.046672692675647443,-0.26041968599725579,0.052023515490122844,-0.99855204735475911,-0.013688044406290602,-0.25940375273413768,-0.026748242596929823,0.96539847968878811,10.26410522274613,-14.074484841911174,1.9517314272961885,,0.2772546321338827,0.8,False,5
-0.8451899180021567,-0.43249237008687336,-0.31401329959755869,0.46918515509833258,-0.88177392195083704,-0.048373968234917006,-0.2559673665584361,-0.18821556892052829,0.94818542852812326,-5.7460007187774469,-11.474030748838489,-2.2465822426472544,,0.08385661815192189,0.2058823529411765,False,5
-0.62912789233122268,0.75671392006911919,-0.1777136411885738,-0.77235956384368676,-0.63431120409750152,0.033316669935173446,-0.087514565816581458,0.15821927673329089,0.98351810417497187,20.188420519092404,-10.86388939531507,4.3961649806681562,0.2015046447891887,0.1443099566069684,0.4285714285714285,True,5
-0.9247580124596686,0.29057330221570138,-0.24574331004344288,-0.31140341192022569,-0.94897454621956301,0.049751639890749419,-0.21874764784126782,0.12253353282607637,0.96805733295971463,-11.538087517861591,-9.0023006823323755,-3.7617796448925787,0.3941128562864626,0.1277475413836587,0.7870370370370371,True,5
-0.84217200563166372,-0.39353768058964,-0.36861145788820693,0.47717369417857708,-0.86228634558956252,-0.16960991655492888,-0.25110073379883341,-0.31873241467714997,0.91397924993938628,-3.5754375735878905,-11.194796225616113,-1.7337124633220626,,0.3285313754148139,0.2289156626506024,False,3
-0.7946553190839506,0.57349665076422096,-0.19905907518574925,-0.58641516939685456,-0.80997656663205231,0.0074303841227108466,-0.15697188586763841,0.12263585556098136,0.97995932261394592,-27.569258188030052,-30.815508430341335,-6.6144404761118647,,0.2092617931423106,0.3846153846153846,False,1
-0.80173337764737651,-0.52028338797863805,-0.29415775930544452,0.54185755044685646,-0.84041532161822363,0.0096167672879808527,-0.25221813215917382,-0.15168151958234238,0.95570849657588053,5.2223932619003994,0.59728969393209863,-0.39560266315387416,0.2517372211199265,0.2293591683925557,0.7099697885196374,True,5
-0.80076052362467809,-0.49828185484893261,-0.33241205894587988,0.54265321710352477,-0.83844328000417223,-0.05040190654172557,-0.25359430153599005,-0.22074433026502244,0.94178653148381819,14.434429753843791,24.586251000103054,-0.65225036632200795,,0.4988222474733209,0.7428571428571429,False,2
0.14486372873832831,-0.94125133307838915,-0.30505807328143647,0.98896235638972085,0.12804426017775725,0.074552834148816069,-0.03111201922277157,-0.31249095253092529,0.94941110528906092,7.0859096006495603,7.0682585007196819,-0.47365363000995775,0.3965701446002103,0.3937568912160787,0.7619047619047619,True,4
0.096058881976129384,0.98433361185892831,-0.14785138402548717,-0.98794399188796789,0.1124012139055405,0.10645485430466478,0.12140576627970563,0.13584295225486279,0.98326361278993768,-6.6753964231939742,18.912626989494289,-5.1375584888959462,,0.5597576046228302,0.8135593220338984,False,3
-0.90208693658581185,0.36247482370235573,-0.23420324725155167,-0.38262228394103526,-0.92278005166011512,0.045575915678143834,-0.19959796259724488,0.13072481952598566,0.97111877486069009,-12.822951397295485,-13.057102257565978,-3.9055157853782645,0.2374675977317482,0.1158837543044828,0.627906976744186,True,5
-0.76367502822521782,-0.55394381064250653,-0.33158212544718391,0.61715589926961611,-0.77715811858265593,-0.12306037021632527,-0.18952321035146261,-0.29861599651044535,0.93536593874598084,-12.336802539873762,-9.5431374229688739,-3.9185562958924796,0.6705276377092763,0.6492722217994196,0.5443037974683544,True,2
0.72788560953392445,-0.59382684463422841,-0.34285888937751885,0.66948447761348584,0.72354814174351312,0.16813274759579078,0.14823317330485666,-0.35192011191642325,0.92421813505292527,-5.7289991523914292,22.530291876361428,-5.3129370202721962,,0.2408122303901259,0.8301886792452831,False,4
0.018785152903869264,0.98145687293632566,-0.19076038529114564,-0.99615791661632047,0.034695234510620676,0.08040923992231383,0.085536677472353537,0.18851696811772972,0.97833778907833702,-17.282826577445277,17.828425915533103,-7.5101500763048685,0.5551578575343432,0.53450562619561,0.877906976744186,True,5
-0.33026847786952562,-0.87246350138179529,-0.36018074807291645,0.92890216366796818,-0.36815608302835873,0.040023353959722098,-0.16752164892549087,-0.32135422400496838,0.93202358331506341,17.407989363814842,1.3127113964391666,2.742518091322621,0.5131784047948801,0.4039676851198086,0.8928571428571429,True,5
0.65915248735252951,0.74078084835506419,-0.12946711214561601,-0.71309486034288894,0.67037460190640152,0.20516728119120392,0.23877545638011072,-0.04291419146606279,0.97012610190700743,9.8295306482334741,-9.2171345163951059,1.5567780573798786,,0.3651061928962634,0.3103448275862069,True,2
-0.70679930313252903,-0.61904370828415534,-0.34237352748887051,0.66932391236810529,-0.7418724129217712,-0.040383453020785567,-0.22899835244740055,-0.2577017853632963,0.93869566122196713,16.339257111414806,-12.812988432646868,3.489567353745985,,0.211099062359327,0.1578947368421053,False,5
0.68174337012967934,0.72434497738817771,-0.10271480427254884,-0.69267019136218688,0.68426460289241708,0.22801306810521946,0.23544422541761206,-0.084298914352464421,0.96822503053603071,8.5676198043567044,-7.8259354833636614,1.1368582666955562,,0.4506820528505429,0.1264367816091954,False,2
0.3270247816821728,0.9296817735595031,-0.16954819986359165,-0.93167531492847599,0.34721661288721234,0.10687250014881139,0.15822736716084551,0.12301391647447482,0.97970999619017807,21.636512363393468,7.3734500600189365,3.3566620047677231,0.5837366580585678,0.4921836759117468,0.9298245614035088,True,5
-0.86213644017606483,0.44834489005984596,-0.23602461328803889,-0.46970113959088372,-0.88189731997643561,0.040471675100088783,-0.19000420518390879,0.14575313573164217,0.9709039218361547,-29.486496581709186,13.438118433258463,-9.9757029179575198,,0.08847104003247364,0.1538461538461539,False,2
-0.048300592947238069,-0.8568557546539074,-0.51328867943626766,0.99445007171371302,-0.089341004496274967,0.055562935345312148,-0.09346714711349631,-0.50775624135216568,0.85641549015555818,-23.662492587730977,14.649271048372162,-8.6954274203492776,,0.571324500674924,0.1363636363636364,False,1
-0.012039732271962967,0.98052185871454645,-0.19604063208884071,-0.99687147727195324,0.0035463787344188679,0.078959996197491028,0.078117236564379203,0.19637797173014288,0.97741157634371312,13.125570547315931,11.266093811607409,0.63438421295338676,,0.8249174052014028,0.5789473684210527,False,1
0.29374903846812328,-0.86777069459133904,-0.4008559891126976,0.95582225162310808,0.26194352714292274,0.13337695411898681,-0.010738980453765284,-0.42232642611656579,0.90638019842802398,3.2343361916755504,30.298639150775102,-4.2455607904183212,,0.2335078384858015,0.2307692307692308,False,2
-0.27459367501608462,0.93909336206379956,-0.20664455223612888,-0.9615508145003907,-0.26721784141580729,0.063361315979957755,0.0042830800595309304,0.21609785412351012,0.97636231628858872,19.212400622470376,9.7195481869208997,2.3764388088595232,,0.0870135133786802,0.2941176470588235,False,3
0.39507100422575658,-0.86637176855915232,-0.30548135829169659,0.91818371982793923,0.38299908531531268,0.10124404817352847,0.029284095734411222,-0.32048659767815796,0.94680028646261927,5.2386620711874157,4.2057531448657999,-0.66872187171722286,0.2088663017026224,0.1051602028733103,0.3389830508474576,True,3
0.78696052756014379,-0.52231035046216745,-0.328458560342623,0.59745242334341475,0.77802194774097999,0.19424842515298332,0.15409000585158683,-0.34910420598070802,0.92432814706858213,14.252369767960104,28.598203343253289,-1.2509604888398025,,0.09941581523936971,0.2666666666666667,False,1
0.27852900777587924,0.95613417544604007,-0.090714003172084945,-0.94878899221668,0.28858336692479392,0.12852660651712053,0.14906723340775133,0.050270059463568689,0.98754841959556017,-17.753832975701609,36.857073903209439,-9.7920752732639773,,0.1305336401659752,0.4444444444444444,False,1
-0.47169293523302697,-0.78839650517242188,-0.39488824429598068,0.86068146472766904,-0.50900592005231293,-0.011848612827358433,-0.1916590491614876,-0.3454618994673786,0.9186527553384386,-28.208123212813504,11.244799263720646,-9.4397571344580804,,0.760092061537694,0.3333333333333333,False,1
-0.94090487203646878,-0.13294772691866841,-0.31148502963255814,0.19793679971736644,-0.96216568478194442,-0.18723839976281539,-0.27480728719537917,-0.2378278724944827,0.93162162811361626,37.481190815315145,-10.754452926819075,9.0030913882506365,,0.3364513337311825,0.6,False,4
0.77843013090063684,0.61875353826924984,-0.10578558590517495,-0.57685078500907183,0.7715661165958837,0.26819563671984792,0.24756757287745623,-0.14774906632676604,0.95753877741798754,-11.940644939227663,21.592979508884305,-6.7296595910750847,,0.2673359303307647,0.1,False,1
-0.94834216728542842,0.22067524981973791,-0.22792447842514074,-0.22241484221122182,-0.97477926439320661,-0.018358204519961882,-0.22622725678514832,0.033283927443072889,0.97350573108812821,0.0932589226608177,18.656483265813321,-3.4904426694395192,,0.4231524563599479,0.125,False,1
0.9560570809238258,0.17295463488567395,-0.23673097027422699,-0.14180883605335634,0.97952128009720807,0.14292765951319622,0.25660302420783354,-0.10307645758509096,0.96100475121567641,16.174581961918708,7.3969054982046716,1.8876936569861207,0.60315163048854,0.4142699555316674,0.6382978723404256,True,4
-0.66003592361765528,-0.66813995213439226,-0.34342624229380103,0.71568023493689792,-0.69821915782866328,-0.017082416740589683,-0.22837333656724274,-0.25705838247932039,0.93902428463925292,-7.6599003828128893,2.3173915865143688,-3.6211461932148921,,0.498450107103084,0.3043478260869565,False,1
0.90605290675712269,0.36679871521842577,-0.21101382104279992,-0.30165850129506128,0.90956834727658298,0.2858103745999524,0.29676637065777534,-0.19530520767931345,0.93476499565396343,10.700872556340109,-10.134329349604309,1.7946861278524582,0.6012621175219064,0.3232899929796057,0.2368421052631579,True,4
-0.13055016837070826,-0.83286294325345045,-0.53786240925870565,0.98487972170947036,-0.17125676469415296,0.026135307764939462,-0.11387970540819051,-0.5263178111195661,0.84262742323903328,14.35315067696779,8.3686138136123969,1.2879250137986966,,0.7549320114144304,0.4942528735632184,False,1
0.95862017809535061,-0.11001883557724929,-0.26257039049874481,0.16030010236199208,0.97080006605396751,0.17846878979907493,0.23526842399942249,-0.21317384353582791,0.94826456282041327,-11.052016327454778,6.9191120507021884,-4.829504128255369,,0.0881314208843323,0.3035714285714285,False,3
0.83532761205265293,0.53169324120562289,-0.13975005473584395,-0.48707987249201717,0.83365897484942653,0.26031886498324208,0.25491366843614377,-0.14938209701722135,0.95535543685853652,10.011379785436571,-16.850276430880001,2.0009309653923579,,0.3644783735359491,0.35,False,1
0.43498236899345166,0.89686531749184395,-0.080143252648618574,-0.87528848295482853,0.442043686130416,0.19613120903841683,0.21133009788357521,-0.015165151911205654,0.97729709295384204,26.921615443523425,8.208985833091246,4.5862258857424312,,0.569437790853289,0.32,False,2
0.94780560837221683,-0.090868700985529419,-0.30562625528474263,0.16928910341661962,0.95568315018075245,0.24085455346534607,0.2701957220286238,-0.28002249131417384,0.92118493048661776,14.812930542550271,-0.83953163683256293,2.2468219202147952,,0.6867532211864703,0.3063063063063063,False,3
0.16223119293764093,0.98537576686458106,-0.052111784790665749,-0.98362233079743988,0.16569420574573798,0.070940401316186855,0.07853757313950091,0.039749569284809161,0.99611837717563989,16.917286426678505,10.618288986298607,1.7004845813362581,,0.5663311604415886,0.7948717948717948,False,3
-0.46979834806869136,0.8810824524737686,-0.054618898695760448,-0.88003772831970239,-0.47231249563453198,-0.049542943002796713,-0.069448606075476579,0.024791498750365626,0.99727743015867154,-6.4983126094117809,-1.1647173508235078,-3.1209905368857598,,0.3959194222380751,0.2596810933940775,False,2
-0.97070804750617845,-0.077675553946516776,-0.22735961564412613,0.084826752794172955,-0.99615638156540876,-0.021837707684382673,-0.22478947599284813,-0.040484216499940259,0.97356598117294912,-8.8356892762439685,-0.35147929237532682,-3.7194339369741254,,0.3781994742959437,0.2920353982300885,False,2
0.098017766714689425,-0.89457290048175819,-0.43604110257167294,0.99362470578579198,0.063447216655569988,0.093190100068414106,-0.05569974380878788,-0.442395497741915,0.89508868952597109,10.301986669876083,12.757434419096143,-0.21818142179922079,,0.6232502408324856,0.6333333333333333,False,1
-0.94936918040100726,-0.1055468603541225,-0.29590204388294888,0.17768177638468677,-0.9571539696795156,-0.22866015102664222,-0.25908945490988516,-0.26965930096351592,0.92744623335175957,14.057863655522436,2.7474596194181298,1.7924877046651921,,0.5059734254144886,0.3513513513513514,False,1
-0.43208844766003518,-0.79077988458290982,-0.43355132053516121,0.8835179116273435,-0.46757797253974193,-0.027693671285757733,-0.18081944926472976,-0.3950164727383727,0.90070323249832729,18.935901369162384,-21.484057991810577,4.6641108567135809,,0.4293881580348418,0.5,False,3
-0.85522097914142614,0.49693163464718654,-0.14715986994848085,-0.4857107799145795,-0.86756083732909728,-0.10687952005695645,-0.18078195460595531,-0.019928472588471358,0.98332128059405877,13.388671867238985,7.2161011137409954,1.1437326406309238,0.6509182693572018,0.7234716907277448,0.2419354838709677,True,1
0.017099666637744385,-0.95980776265439105,-0.28013685967621255,0.99739709700157564,-0.0032541253509744492,0.072030837569962189,-0.070047357506961935,-0.28063939391427589,0.957253831692368,12.950844461686835,18.775333596975791,-0.25816512438212524,,0.1817877180932314,0.3333333333333333,False,2
0.10593782086823712,-0.92700700068652431,-0.35977103661615728,0.99292697578853684,0.079113845941865352,0.088526945794590306,-0.053602228135785766,-0.36660471908918713,0.92883140616605919,10.120002102233379,3.2381520952297596,0.72746754879418041,,0.5127546452757308,0.3116883116883117,False,1
-0.46571729246198162,-0.78438625671129358,-0.40968964324757517,0.86425340497605474,-0.50265633143782174,-0.020066500760392604,-0.19019320568615727,-0.36342098556345814,0.91200423889525228,7.565515356784231,12.514048397528795,-0.94219496693219373,,0.2131791407463481,0.125,False,2
-0.74704805291226262,0.6404653537065641,-0.17811046387431712,-0.64996241565538027,-0.75993839504117777,-0.0065187404967022855,-0.13952800749462976,0.11089529495774952,0.98398890678747697,-30.080900462011673,20.088748817145465,-10.852075222747828,,0.3070904785561342,0.3793103448275862,False,1
0.91851857515802016,0.36041656101667247,-0.16255315941130213,-0.29710319534059904,0.90044673533837061,0.31768753223391866,0.26087030955646684,-0.24350683637915893,0.9341579642804142,19.99948705272924,7.6102815369637344,2.8067665431162836,,0.4702094515324857,0.4193548387096774,False,1
0.92977393328193403,0.29849543865855488,-0.21545511386244498,-0.22352389146343152,0.92278631217321583,0.31385106660771678,0.29250214176051142,-0.24365117517835655,0.92470352108106546,19.384441155556537,16.894235426628615,1.5822341091374965,,0.4702817658242087,0.4705882352941176,False,2
0.29589989008469236,0.95289732200921506,0.066557860208490111,-0.94287619014552104,0.28020156493675441,0.18019870438951907,0.15306124625304229,-0.11607659847988208,0.98137580884226294,-13.324334459759537,20.741778516671459,-6.9038992157844215,,0.6298992784665091,0.28,False,1
0.18406551839057259,-0.85524132754970772,-0.48444004437146149,0.98170189148170461,0.13549048946541412,0.13380479634776385,-0.048798372932443594,-0.50020455707184064,0.86453115610931608,18.695524886617182,12.160350903221373,1.9915764699801917,,0.371360134374303,0.4285714285714285,False,2
0.34279149208149468,0.9384830095399328,-0.041756840893598185,-0.925040294003871,0.34495910255630446,0.15907127972321738,0.16369009568625548,-0.015901520946747627,0.98638364453482585,10.139461936266038,24.604976454742975,-1.7993700702850326,,0.2120533795105304,0.4545454545454545,False,1
0.68838572015259469,-0.59939217174116033,-0.40847781426340546,0.7155044935647229,0.65358070230228282,0.2467500461332176,0.11907317069215707,-0.46212691983206372,0.87878341472051369,-11.679600008340319,14.865510463520728,-5.8149357043105541,,0.4335866353554185,0.2560975609756098,False,1
-0.94862348462904178,-0.139103336911306,-0.28418963047654106,0.19607052378499573,-0.96337470943345427,-0.18293583281217635,-0.24833411789951601,-0.22925843688760242,0.94115393799469493,10.494934655278861,16.026454138327317,-0.59987230185723484,,0.2115430295987611,0.25,False,2
0.91405096935987473,-0.26885848358684211,-0.30368724243151468,0.34874150240627494,0.90326466404222905,0.24998462191121745,0.2070994686417329,-0.3344070311701951,0.91939205325706885,38.993865020511002,-4.5314845722312622,8.9343751484040208,,0.3067227081801196,0.3125,False,1
-0.66402726853194338,-0.7004008218045038,-0.26173741700716702,0.711750943338057,-0.69935005776326997,0.065727401925672072,-0.22908160402658673,-0.14264706629331217,0.96289845423830622,21.11150274538069,-15.226580794350134,4.9767117154049636,,0.0626547891718569,0.25,False,1
0.96338390863303147,0.11685596951108489,-0.24132162558827469,-0.082924865081214535,0.98575966661939907,0.14629199027176526,0.25498021754286232,-0.12092378614663153,0.9593552661062319,-0.99258555420554162,-4.7382001099246782,-1.4497485608455125,,0.3974172050300077,0.2828571428571429,False,1
-0.71802798591436423,0.69092628722429783,-0.084004030059334905,-0.68390134282927295,-0.7227933507376042,-0.099240744685966636,-0.12928559362929845,-0.013807163066856587,0.99151126949115742,15.228713544601156,7.3803905917744723,1.5714739776308355,,0.2400437974851454,0.4,False,1
-0.55270894977316887,0.83285495954710109,0.029418246012260063,-0.83001201620917986,-0.54696813057125704,-0.10911423870310041,-0.074785491835072174,-0.084725913964863314,0.99359380519093687,38.016130335634955,-12.57194030508618,9.3274566512033825,,0.3396450100734156,0.3809523809523809,False,1
-0.74561015343536319,0.66554900992283028,-0.033316879878456079,-0.65172121704774533,-0.7387237296966761,-0.1718915542801307,-0.13901422353090653,-0.10645077065843034,0.98455232419731109,-10.024192389396589,21.126925217818048,-6.1927459394559197,,0.4705879159903823,0.4583333333333333,False,1
-0.57401002994801109,0.78267172811216412,-0.24070199735981024,-0.81478083912734023,-0.57518747592858277,0.072743052766938876,-0.081514843495103254,0.23787461728571319,0.96786930767596135,11.322164772767948,1.2526211657213084,1.1477309291700468,,0.1043556680277884,0.3720930232558139,False,1
-0.93498030659579323,-0.2065792524117204,-0.28833459513393556,0.24071248312592966,-0.96659599484597314,-0.088032285072422625,-0.26051742119364085,-0.15171418925314134,0.95347442442567754,9.7601682922477551,-19.713021447820768,2.0603485511636901,,0.3601486207273447,0.1111111111111111,False,1
-0.55991992711628058,-0.77820316710486515,-0.28441080486868869,0.80160258769429549,-0.59562401030691414,0.051626831664530914,-0.2095780680794333,-0.19907754532810959,0.95731142494291088,-0.92298097019896441,-11.000787779364938,-1.0879593718993426,,0.2138990746475861,0.3703703703703703,False,1
0.13023787722865121,-0.85362689778329381,-0.50434037585329672,0.99036188241220457,0.087822037099039643,0.10710103484434486,-0.047132124924826671,-0.51342809543366896,0.85683729705202838,36.527856900990116,-6.9514041831916398,8.4913727907113135,,0.2204808269375627,0.2258064516129032,False,1
