axis_00,axis_01,axis_02,axis_10,axis_11,axis_12,axis_20,axis_21,axis_22,location_x,location_y,location_z,dbh,dbh_approximation,score,reconstructed,number_clusters
-0.89006352122219212,0.45021431214691354,-0.071372272820993149,-0.42848246505506332,-0.87975585667606049,-0.20599128570040887,-0.15553040001841828,-0.15276356169667082,0.97594753388071964,-37.569009079830685,16.607357506679943,-8.9936037492795524,,0.3471658571612548,0.2142857142857143,False,1
-0.77343506264190665,-0.5872616686930342,-0.23858318540916201,0.58915032003109669,-0.80487468410893714,0.071264600523645305,-0.23388053421216176,-0.085442819267690207,0.96850370177517764,3.3832756090074776,6.6034467013591742,-0.94697971375805245,,0.08363950818168686,0.2558139534883721,False,5
-0.69728587267713926,0.71675051426251268,-0.0078174208857492988,-0.71497801401620831,-0.69625442688243,-0.063531193283760681,-0.050978929356352676,-0.038710119491465106,0.99794923488654341,22.516782102428966,2.1802047543498291,2.2738831836771305,,0.1722791504383301,0.1111111111111111,False,4
-0.9739567041465409,0.11836385979542757,-0.19338649162321664,-0.096603327650414406,-0.98826180857691825,-0.11834861551850175,-0.20512468290011993,-0.096584648897264397,0.9739585566452601,-24.912633871229662,12.525114620454714,-6.2012637166551094,,0.1823164804219929,0.225,False,4
0.74878763804614856,0.64693941471504712,-0.14417512544617847,-0.61791718915381433,0.76004830005966684,0.20125836361418303,0.23978202696932496,-0.061611486466095933,0.96886975609620463,12.825104473073029,-30.500188045426935,2.7514859495215833,0.2928934555229178,0.3539309677058255,0.6578947368421053,True,5
-0.48796854200370421,-0.77471282311911549,-0.40212777037850822,0.85049997829581092,-0.52561584336037437,-0.019436360960551818,-0.19630712909521519,-0.35149399269884213,0.91537723598690279,-14.887410943123106,16.401604877099661,-4.6953328703731376,,0.28858403502755,0.2666666666666667,False,1
-0.69829835726082368,0.70318775684137047,-0.13381473340121475,-0.71067026866973648,-0.70342067820427134,0.012129249916163209,-0.085598910482090979,0.1035679878294731,0.99093213613306241,-3.2147995777468887,17.868893885347894,-2.6273580470610409,0.5184157034335878,0.3397919284874133,0.3461538461538461,True,5
0.96881930852037723,-0.098040702160182402,-0.22754596932935806,0.14854532065330034,0.96486217665169638,0.21673778576648664,0.19830137455425492,-0.24378064071392069,0.94934059434062124,11.006018898209469,-29.902031311013165,2.3899738068654743,0.1913843315443186,0.1799384235394363,0.3333333333333333,True,5
-0.89043598231647214,0.42909662402628929,-0.15165700987867828,-0.42764643386234791,-0.90288705308377937,-0.043743536419753801,-0.15569935452954475,0.025904760622923781,0.98746476108069448,-2.5234959207670999,-27.832397759077786,0.14164939299656365,,0.1223347139221565,0.1428571428571428,False,1
0.37908519582790123,0.92000149465843506,-0.099456845568157454,-0.91524615372654761,0.38861782965334357,0.10630456511498897,0.13645106226366982,0.050729008484015764,0.98934709546515875,-7.2882816414746081,-32.436632584885928,-0.31577887467024846,,0.2264740036252524,0.2142857142857143,False,4
-0.5716883538692018,-0.72690377784395621,-0.38050403914611575,0.79409328207776053,-0.60685741623918377,-0.03376293403237271,-0.20636929376555682,-0.32145757746814507,0.92416272402592559,2.2246325454331912,9.1426046005835886,-1.2218995013130307,0.4324508999232273,0.2006195020815143,0.3642384105960265,True,2
-0.17496084635463605,0.97260330033940934,-0.15307358495755721,-0.982627034263023,-0.16271536786813159,0.089262649495711291,0.061909722809306018,0.16603171151448026,0.9841751150040563,-21.551544714652483,-18.228480968121204,-3.5981082433168274,,0.07999299356109264,0.4,False,2
0.53565000038092048,0.84336504668196022,-0.042596656289615065,-0.81988166530222817,0.53148679444049673,0.2128751799449875,0.20217104637698607,-0.079102372723584724,0.97615044057580302,-21.499394434420086,-22.246340768867196,-3.2576690605018546,,0.2505441558240507,0.2916666666666667,False,2
-0.96367068191777039,0.16897570453261593,-0.20684783801105155,-0.17786137342912708,-0.98373784025135513,0.025003869690604009,-0.19925899892864238,0.060885736714818672,0.97805356622766315,-14.636215681280031,9.770942210371194,-4.1660547973300153,,0.1390585030148554,0.4556213017751479,False,5
-0.45278620499300271,0.88188354522883416,-0.13140040039001949,-0.89156003600701328,-0.44950910811899875,0.055337725949263464,-0.010264246840758884,0.14220750462857154,0.98978364851320255,-30.061228723512645,17.483160948725448,-7.5721025925917358,,0.1779616559017398,0.2857142857142857,False,2
-0.38600706221767539,-0.81549473505658321,-0.43123877957933487,0.90666064073225272,-0.42161971244507995,-0.014258352804951649,-0.17019115859838893,-0.39649105308029675,0.90212516557416622,2.7303734590401985,-25.730083226092198,0.7544219550875203,,0.3002551947404227,0.3529411764705883,False,2
-0.54508613822416452,0.82177138861138688,-0.16605085599171437,-0.83758918166403984,-0.54238463693432115,0.06529370855595347,-0.036406931692086184,0.17467309603181205,0.98395317208057731,-25.646044713183144,-18.171442078369395,-4.2452924388158531,,0.4750139663625053,0.5652173913043478,False,1
0.96124436676466563,0.21185223332570674,-0.17643100237233447,-0.17129936159082629,0.96036712484389286,0.21988977747419111,0.21602267492504501,-0.18114529183499167,0.95943764110245511,-15.004952224842048,-23.340255573337362,-2.0057536419766939,,0.1123745830784674,0.25,False,4
0.82782378653803823,0.55094641450688764,-0.10566847582808625,-0.50945483175571515,0.8171827508758942,0.26957026184589361,0.2348692249797362,-0.16932335932443748,0.95716563203267313,-19.034764069765167,-20.943061665594993,-2.9215596283441485,,0.3535960801400801,0.4761904761904762,False,3
-0.97598140723146898,0.071041513847087859,-0.2059451287328635,-0.083216763751437314,-0.9952224243508353,0.05106169111950578,-0.20133371046404316,0.06697334827795591,0.97723042710059971,1.3895086354589752,7.5323749012158787,-1.2926952407193424,0.6997067930870972,0.5123038081925212,0.6457142857142857,True,5
-0.78376819223781991,0.59074824114889224,-0.19163490395998201,-0.61042042669412366,-0.78961257999816536,0.062440981600280478,-0.11443043087756594,0.16591711511514629,0.9794780178243121,-12.384944245194461,11.223241593782134,-3.8095733035867352,,0.07469449894633182,0.2714285714285714,False,5
0.84964218266906921,0.51377823270435141,-0.11891210631611059,-0.48398912944228212,0.84923398970641439,0.2110832852431194,0.20943419971686225,-0.12179309638283906,0.9702081001838927,-0.39400894269439779,20.655139205120452,-2.3206808366911624,,0.2729991273993284,0.8,False,3
0.96397062663075839,-0.10809635631238912,-0.24305515576734427,0.18047554655097467,0.93701600278330366,0.29904780157213429,0.19542059279981211,-0.33213880875318463,0.92276465235171701,-22.991726301005489,-17.874378020689647,-3.8404621176934963,,0.1880916800689366,0.15,False,2
-0.54614071569000311,0.834262718909906,-0.075736612696001099,-0.83709151047198593,-0.54694001682901194,0.011594010816400033,-0.031750933235762419,0.069730436884713642,0.99706045173325708,15.200072176913048,9.2729808056666609,0.90443988550690824,0.8107872758946696,0.4408642945676009,0.6610169491525424,True,5
0.5443231942597232,0.83108955477787905,-0.11402811990907846,-0.80345265554171785,0.55558252919444617,0.21399038192606906,0.24119720250005836,-0.024863732483477591,0.9701575667452873,-14.290388773956183,-21.249448934498883,-2.056750591218349,0.189842575417473,0.1717069481633263,0.2307692307692308,True,3
0.4032336025659321,0.91471798383047909,0.026337650214183134,-0.89829363684497687,0.39017506812716668,0.20206919165421208,0.17456002911756707,-0.10514003171516303,0.97901704273491064,5.0171802271169073,15.004293371658537,-1.09835080738155,,0.3375982533386073,0.1764705882352941,False,4
-0.86595548617088292,0.47230542546597132,-0.16446483224677233,-0.48047799952411957,-0.87693123170738918,0.011511161082295787,-0.13878756408213005,0.088989886681409794,0.98631577708388085,-23.023403510329054,-22.335314690331025,-3.5046121399858734,,0.1665646551812856,0.52,False,3
-0.26815011151287116,0.94826286849964092,-0.16997955736048687,-0.962588155194819,-0.25658755911330622,0.087102629047063229,0.038981549151740777,0.18697688823249722,0.98159058781786523,13.017306997598807,9.2167861899649886,0.56165939354840433,,0.07067469424640313,0.4,False,5
-0.70574039140842981,-0.65648313760301469,-0.26638391463746408,0.6774485144772211,-0.73536298308988857,0.017458331356375908,-0.20734997026111435,-0.16814033764698988,0.96370888586163461,-17.023227316326224,14.464088495606031,-4.9066787409153578,0.3084944482154393,0.2710891353942882,0.3518518518518519,True,5
-0.89969823718251185,0.41903851053849733,-0.12226941030511285,-0.40605548206612169,-0.90621522355374107,-0.11786820641502367,-0.16019371864942739,-0.056397653188078128,0.98547312354023497,13.640568024194502,5.7771213283253973,0.89482977078952308,,0.3551758671377055,0.7162162162162162,False,5
-0.26277614858938714,0.96483635355863651,-0.0062854263342610184,-0.96403712319047163,-0.26227886619017571,0.042921107402267775,0.039763310264230751,0.017338027617665952,0.99905869294809746,6.047889095932689,-30.981958762478065,1.6563529721946684,,0.266195034698318,0.1111111111111111,False,1
-0.97841920539759186,-0.011477665252076469,-0.20631074065473684,0.049251654971331445,-0.9826324616358002,-0.17890701445765708,-0.20067419612827586,-0.18520720434132337,0.96199176632045114,-13.029281397159577,-21.246699886274882,-1.8812576637028149,,0.3648625576173813,0.1612903225806452,False,2
0.9562362912374458,0.2286011657180978,-0.18262985066187815,-0.17784351913921548,0.94973666250269695,0.2576275501541242,0.23234422312730887,-0.21387327773839121,0.94882789959444302,-2.2703534266042711,-23.307171930556851,-0.11596812454734116,,0.1020286617396517,0.4444444444444444,False,5
-0.31514856531528701,-0.86164825046743776,-0.39779853474607235,0.93544266099364493,-0.35273285716243175,0.02294688369165334,-0.16008875592260363,-0.36488604240835715,0.91718578613208013,24.32682819352349,3.2542512016762641,2.4505978891193987,,0.3928584590071115,0.2173913043478261,False,5
0.76150716854489098,0.63532548447783066,-0.12832911215992021,-0.61156387484477115,0.7698755454785926,0.18243155280512446,0.21470085989486065,-0.060441486141968065,0.97480786184424983,19.740521792793956,5.6533689455337548,1.7368910251613545,,0.495653736288018,0.3461538461538461,False,3
-0.075439290037652262,-0.91941056519458508,-0.38599627734887498,0.99600229333955936,-0.088048260113514576,0.015064380283390466,-0.047836651021520266,-0.38331673130657562,0.92237732968644071,-13.968264858650521,17.778285952840264,-4.6221077374088564,,0.3456068116573786,0.1052631578947368,False,2
-0.62405354104463484,0.77661600655935015,-0.086167025395217187,-0.77734129132249019,-0.62824005801250549,-0.032479937092420044,-0.079358016071070445,0.046711967034704233,0.99575112222935147,-9.1244857641336719,13.675522864555063,-3.4868857563915325,0.5456831106177926,0.2016634944266017,0.3225806451612903,True,5
0.93169161465657702,0.30082929686858828,-0.20359879499685643,-0.27540262664150161,0.95046781364333188,0.14409832916112192,0.23686310058255769,-0.078183562042261678,0.96839207050078724,20.755087165773517,3.4523668364097579,1.9850783004293591,,0.872701362600481,0.5892857142857143,False,1
-0.93611308826063533,-0.26275808698756498,-0.23377440773055688,0.26228833496467241,-0.96440172758562315,0.033676953118220367,-0.23430133445756823,-0.02979086357429428,0.97170746066853986,-12.014643386270642,17.25127216496287,-4.1991324840549709,0.1808880139937022,0.1254935930448135,0.4615384615384616,True,4
0.16477603725838874,0.97362765026456355,-0.15779117904916878,-0.97677242444696966,0.18329557167918481,0.11098812658473634,0.13698353326371276,0.13583788883483722,0.98121535840583107,1.1646701042951855,11.115906631906112,-1.5001542734922506,,0.07881242736453303,0.1290322580645161,False,3
0.93333967449868216,0.30254427612384666,-0.19324599088051544,-0.24878117732882685,0.93317508282577044,0.25940738347240655,0.2588145625995133,-0.19403923772736034,0.94623664926307316,2.2465451457103134,-32.037389809324637,1.1397527085436445,,0.5059648360640169,0.375,False,3
0.14779207543027642,-0.95078609912777023,-0.27232938905929627,0.98668931126100856,0.12285807661075208,0.10653682956979491,-0.067835871655699043,-0.28444979647892982,0.95628793143059532,-38.394220380696396,15.717934732543741,-9.0567413691656746,,0.08436411722160696,0.3076923076923077,False,1
-0.79183023640258066,0.58354107163094893,-0.1802351087841581,-0.59962016226047088,-0.79884898318813946,0.047916208844216351,-0.11601955752958201,0.1460141081508218,0.98245577126482397,5.6947802941587424,11.595878510899341,-0.78204249521228653,0.810297177403914,0.784505464581628,0.8313253012048193,True,1
-0.20441805178202327,0.97827554845911713,-0.034499440468734877,-0.97687084422135173,-0.2016120077780845,0.071245715870874374,0.062742440308819897,0.048265407971997076,0.99686199475022164,-13.107382542513266,-29.483782031717517,-1.3962219455571994,0.7370169009587678,0.5940330812595415,0.5535714285714286,True,5
0.65978756293949747,0.73576195247288323,-0.15275706557684579,-0.70414028592063405,0.67632907866868197,0.21625317359701102,0.26242490265591384,-0.035118750553826766,0.96431314614370556,18.861937497135624,8.4633900956787933,1.5682406140126559,,0.1268858887094435,0.2142857142857143,False,3
0.068176835956121382,0.9910820366687586,-0.11449155266445121,-0.99083213961598671,0.080678030710360671,0.10836386143315227,0.11663442949239922,0.10605400488997477,0.98749630779247943,-23.147220457220637,19.76012458963913,-6.4436997971009591,,0.1333375538951037,0.2777777777777778,False,1
-0.6804929277484868,-0.69187657419080284,-0.24132173828789721,0.69834399445006246,-0.71209468028106515,0.072365956989039804,-0.22191223648060682,-0.11928106472280996,0.96774324430541425,0.071480641300422379,16.668321370884474,-1.9948938182110649,,0.0794497557699644,0.2105263157894737,False,5
-0.55647734441400531,0.8277822779247721,-0.071480525373083637,-0.82787361995147601,-0.55971064829028372,-0.036732268905005888,-0.07041473242422977,0.03873616584208936,0.99676540615807818,-9.3225355546809983,15.253460200268975,-3.642567874475362,0.4266445965677839,0.4962124863912261,0.484375,True,3
-0.97548269527712983,0.078473807355657538,-0.20560975845998905,-0.062926397872767798,-0.99471730344673914,-0.081103357972452397,-0.2108880737870826,-0.066176640763616637,0.975267590229276,14.527517917396461,4.3643426463770592,1.0685922911079027,,0.09542140670698611,0.3181818181818182,False,5
-0.23367619934150749,-0.93721788538546724,-0.2588784834143299,0.96126412150142437,-0.26270842288628704,0.08340007948855252,-0.14617360423621331,-0.22936198433523203,0.96230263304555164,-5.5937900714729718,11.85093963091246,-2.6302505692534059,0.236954213228,0.1885219529719953,0.7412587412587412,True,4
-0.9347493067574647,0.29162639858241141,-0.20297235567015709,-0.30970677907958039,-0.94873091984588087,0.063177153469760688,-0.17414202395915873,0.12191671492556805,0.97714424222484497,-10.254464013273225,13.710065439198846,-3.6537806522717475,0.4576086374660684,0.439691791857108,0.9216589861751152,True,5
-0.64366312481443921,0.76477797421675398,-0.028503191172729925,-0.76461308559865881,-0.64421957643848571,-0.01865386460537595,-0.032628378528654328,0.0097871081702278484,0.99941963230079411,6.7336361152137538,-34.067487861570044,2.0514615342258686,,0.5424040686691364,0.3043478260869565,False,2
-0.97530615385732811,0.012687227485839218,-0.2204924953524478,0.017025789977038481,-0.99105864925886067,-0.13233622408419005,-0.2201999743952856,-0.13282239264493684,0.96636958938513295,-25.0802633551932,-17.987253810641665,-4.1811396448973719,,0.4978451286491283,0.35,False,1
-0.61709500647527804,0.776398061373888,-0.12806171667655822,-0.78379515916485409,-0.62089098145810662,0.012630819994455117,-0.069705820797260676,0.10816856955169363,0.99168576631316163,-17.957780330958695,-20.199943466336986,-2.8045992573685705,,0.2691113501378625,0.2,False,5
0.92390900179265512,0.34376459744458038,-0.16798231439727779,-0.30312405510125806,0.92554900995798461,0.22688066771932047,0.23346940618734111,-0.15869761091321105,0.95932638067811393,-5.9016424169894917,-24.611584282095052,-0.51466748008540042,,0.410441117042093,0.15,False,4
-0.31714843211182836,0.93803828786464016,-0.13964613316875096,-0.94793501191855478,-0.30905611913429953,0.076834422003525291,0.028915137696010312,0.15674337538033656,0.98721599920503733,2.9553239122259791,12.415207302390982,-1.2970148417065903,,0.0934650837733728,0.3,False,4
0.91976685957390247,0.33780067908825651,-0.19979896205204556,-0.31202594346742635,0.93818957023342286,0.14980033681033139,0.23805195784287198,-0.075438925713049332,0.9683182502950346,5.2146275937746047,17.742189538901403,-1.2573063894450622,0.1470930320986531,0.1580126007620431,0.4,True,5
-0.27161677228596265,0.95693136274750412,0.1025021756020851,-0.9616730127037707,-0.27402084244691921,0.0098789949860639548,0.037541252645715333,-0.095890275288404131,0.9946837233286292,-4.9150219432212658,10.040433939027437,-2.4773605809414723,,0.3010056485214244,0.2767857142857143,False,1
0.3524672252226777,-0.88320259531818102,-0.30938653940831734,0.93577380038406899,0.32920035503486206,0.12631120599406828,-0.0097082263355050963,-0.33403637806105613,0.94251018481142612,-3.2620597857419007,23.863874604550279,-3.1473398988775587,,0.198097961349299,0.2916666666666667,False,2
0.98083916982784092,-0.005235565959527181,-0.1947488428220196,0.03567665185847637,0.98756125844653075,0.15313372367860051,0.19152467058737194,-0.15714754107076678,0.96882555235285295,3.8482876967561523,-29.489959418970233,1.1893914484535379,0.6079888641638508,0.3348583350767955,0.3684210526315789,True,5
-0.55360412121271274,0.8307079448755128,0.058709345908498162,-0.83187095059759186,-0.54833090554210184,-0.085580018574660105,-0.038899852546772778,-0.096216050366257605,0.99460005686897024,-25.608430839464138,-20.602461473861077,-4.088153728536434,,0.7429323320282927,0.3947368421052632,False,1
-0.018961419031998262,0.99953597248651815,0.023839133661388262,-0.99332949519239511,-0.021545426285497729,0.11327978013308362,0.11374083949539211,-0.021532169226734815,0.99327709483269411,-15.395563409028213,-27.100722986491188,-1.8052417815773525,,0.5033482734080618,0.6923076923076923,False,2
-0.97086941642674551,0.12647850208929909,-0.2035086355819789,-0.12510528508357371,-0.9919488269262805,-0.01965177864047675,-0.20435567986074987,0.0063806950110253217,0.9788759077839374,-19.413194381144027,-22.997909018541939,-2.8492874267489783,,0.3353990407652017,0.775,False,4
0.94403978278677025,-0.17465457276325727,-0.27979397550482399,0.25494803143018752,0.92459965297843338,0.28304943557978507,0.20926153441514783,-0.33854285094363878,0.91738669506875536,-8.0428581352879895,-28.309658634156211,-0.60812838536971647,,0.3002949597639755,0.3181818181818182,False,4
-0.96750698180799255,0.099266327713288138,-0.23254340742129762,-0.077074865278653149,-0.99172527508473152,-0.10266666401705918,-0.24081051740957451,-0.081407462437004682,0.96715206651513763,-17.705424468967873,-28.802916457347539,-2.0688388996952365,,0.2958454520207823,0.3333333333333333,False,3
0.93574046108102138,0.26989977760289452,-0.22703281601078226,-0.20641912499818693,0.94105652698894993,0.26796223212699027,0.28597366020467785,-0.20387918741598948,0.93629714439793921,-14.100917183024912,12.5008526910381,-4.2626500395992224,,0.2577650777800813,0.2432432432432433,False,6
0.45637466416730393,0.87942106297298328,-0.13542806173630137,-0.86266250183450777,0.47460161517769284,0.17483339154565392,0.21802654387668341,0.037039180204157279,0.97523972709021411,-6.4826077775493518,-26.011371374036479,-0.47494679811945079,,0.3378783166724083,0.7428571428571429,False,7
-0.70398698835593732,0.68790151607807892,-0.17661773524484806,-0.7053896364172163,-0.70617370028244597,0.061189589511505868,-0.082630388240199498,0.16766099488813649,0.98237569683517478,-3.2540490916759222,-25.17440026711396,-0.12926488959061125,0.1769044543285858,0.1117492423803654,0.25,True,5
-0.25135702975037849,0.96013749274374027,-0.12229324847607632,-0.96705513397801179,-0.24386570657870427,0.073033451251046252,0.040299025321178343,0.13662178516852036,0.9898032513462105,8.5861789188330562,-32.445554412768246,2.1933298993670984,0.2844510044192746,0.2996177154642903,0.5789473684210527,True,4
-0.97429309437408351,0.10889164198296609,-0.19721961505191854,-0.08300732447636823,-0.98735130880077493,-0.13508211240823764,-0.20943435806535735,-0.11523889671309055,0.97100836574465277,-27.448304740129569,12.422180771091817,-6.6868555920313382,,0.1373281318741284,0.3214285714285715,False,4
-0.71285808634792158,-0.65439610462157916,-0.25218859408086586,0.66670317571038717,-0.74391481187050013,0.04579987093174287,-0.21757808765145673,-0.13548612820426692,0.96659365031959166,-3.1682079951096398,21.050484986322804,-2.922616230905775,0.1960579259222997,0.1643959038115598,0.5,True,5
-0.45140412400724023,-0.82426198672918727,-0.34179890880824837,0.8850334204711906,-0.46242083499975511,-0.053691861647682984,-0.11379877626020751,-0.32674018514927483,0.93823807742507259,-17.532310316100592,17.903968639060999,-5.2790761806907955,,0.3134870019184292,0.1739130434782609,False,2
-0.91521333149461426,0.35498235762404851,-0.19071466548275973,-0.36906707010466439,-0.92840588793977441,0.043034927711308714,-0.16178397825151769,0.10977264237701005,0.98070174434773039,-9.2665680613439338,17.688796896862321,-3.7865940072919706,,0.08083039145169513,0.125,False,3
0.74181981957009202,0.66584194669585017,-0.079736173179277683,-0.61859536624820888,0.72534835204547499,0.30200917376986608,0.25892687799693465,-0.17471196354340879,0.94996452651957819,9.0352620079100117,-29.479190551782619,2.0609099151595305,,0.2499676637964273,0.2307692307692308,False,5
0.3985347674397568,-0.83396981649170854,-0.38166003762841794,0.91714581348219826,0.36071276632929611,0.16949884076047186,-0.0036872691542781527,-0.41758908676814466,0.90862850420748464,9.9946192004733678,10.314466635729563,0.011600283071962031,,0.5264445806743963,0.3928571428571428,False,3
0.9502174103054396,-0.17725414932480082,-0.25625737003950755,0.24895654234443879,0.92645568953823421,0.28231276157151752,0.18736999006331181,-0.33205544999197956,0.92446290620786853,-23.803905023338871,-21.28049201753408,-3.7598084525959115,,0.07565815828773143,0.2222222222222222,False,1
-0.9254564278523989,0.3240598787112236,-0.19625390481807631,-0.33496336941653077,-0.94191949561139721,0.024232311823136884,-0.17700265900771148,0.08816381795745977,0.98025364059888187,-3.7642754716037925,12.426018241416996,-2.3809235534411193,0.3908459534331361,0.5116758480193838,0.7384615384615385,True,5
0.82067389447159322,0.54814119692721652,-0.16135546834249875,-0.52164908936652521,0.83397294789038967,0.17992039837130541,0.23318787810669706,-0.063485040901086129,0.97035718325052034,-22.017318243255165,15.362722051620036,-5.9183619364972557,,0.4265994494705055,0.3636363636363636,False,5
-0.97434737845852792,-0.020644088905308514,-0.22410044106218668,0.0078527625644448807,-0.99829611149071629,0.057820479958441341,-0.22491225002454476,0.054577425514472394,0.97284931228485305,16.08663563621699,4.4224335554855916,1.3081815723284949,0.1444601309437897,0.1277917639273601,0.2173913043478261,True,5
-0.33247578089475149,-0.9067630371457589,-0.25930802067160214,0.92804160598151619,-0.36350952790558838,0.081237926420512765,-0.16792448506895449,-0.21363898892303149,0.96237193939052024,6.7292598173414904,8.7249088335445411,-0.48260882072265671,,0.07438952600162989,0.2826086956521739,False,5
-0.97028756219085066,-0.082011848116821259,-0.22763150798208928,0.093061156589936314,-0.99492651522849107,-0.038221073106793901,-0.22334204215033021,-0.058269083258233836,0.97299694045992013,-28.5350459510509,13.566097445996595,-6.9523888591131051,,0.1862528210031274,0.1363636363636364,False,5
-0.5987149213080637,-0.76114177321811793,-0.24940658384545128,0.77174083964138995,-0.63153324846837755,0.074711662466986087,-0.21437471733551394,-0.14774625931426311,0.96551257030965709,-28.064087992974748,14.661636161261272,-6.9646129548182563,,0.1105777304772207,0.2857142857142857,False,3
0.95371651426344495,-0.19284505668379875,-0.23072839992902505,0.24429180290959523,0.94429173977909198,0.2205325944529665,0.17534630150751754,-0.26669063406426463,0.947697093089367,10.891673834221958,-28.136125104478182,2.2273622137628202,,0.1940112740459889,0.5625,False,5
-0.26813548425023781,-0.91272423114784973,-0.30828207856029743,0.95045383877663792,-0.3028741617174231,0.070033866941085932,-0.15729228347456831,-0.27422932016751089,0.9487135592579149,-13.230807445493179,17.351671676916407,-4.413591805372362,,0.06878419078379117,0.2727272727272727,False,1
-0.65091912163386534,-0.66771837056411876,-0.36118758935295087,0.72849065754177089,-0.68324619930396702,-0.049759350990966497,-0.2135548148971495,-0.29551109750376942,0.93116461073558943,17.358656114892426,10.223715102954705,1.1563561815074961,,0.3741578136798983,0.35,False,5
-0.49028500292600019,-0.82726928736040761,-0.27431030257001987,0.8487072189577497,-0.52476873484539543,0.065679764142129546,-0.19828432211058605,-0.20060733067105735,0.95939565690395889,6.7249327481286398,6.6333402823165555,-0.3392018725900427,,0.08260791362263513,0.4509803921568628,False,5
-0.96092439170507304,-0.11351731145355728,-0.25246412304838839,0.15273254885809046,-0.97807828474719083,-0.14154729748499273,-0.23086160777735809,-0.17457573974166654,0.95719706912845459,-19.011152934791593,17.471732406394722,-5.5605901658464543,,0.6520752108538173,0.7037037037037037,False,1
0.94663915063365534,0.27268025999216017,-0.17181325414006904,-0.22404645936422196,0.93997691834199826,0.257384104075284,0.2316840575739903,-0.2051557184065034,0.95091199838426865,-17.004052230735141,11.634685383939482,-4.6792855513498628,0.5925688449074752,0.473679221784759,0.1627906976744186,True,2
-0.96970232783983545,0.024928096805802134,-0.24301437276763327,-0.021155634665073104,-0.99961195209856113,-0.018121378082892478,-0.24337180301736605,-0.012431219222012653,0.96985340659541541,-10.14428274994664,22.646470030967073,-4.3106212544763691,,0.3355695115516864,0.1428571428571428,False,3
0.47909307370639742,0.87507104321051044,-0.068705866278100519,-0.85574335907946986,0.48306365102463228,0.18534511714673393,0.19537945162667614,-0.030002973073014472,0.98026868331536432,-16.861837695222885,-19.747020925912519,-2.6774062627972373,,0.1684141357961677,0.1428571428571428,False,4
-0.28881194400226506,-0.91377216013583362,-0.2856713152599093,0.94087753177493294,-0.32607441694584316,0.091787498138578422,-0.17702296800907952,-0.24227239622813496,0.95392188088078544,-4.3335252950197551,-26.940868633192306,-0.20650784842985048,0.535092245242839,0.5287580053012401,0.9021739130434783,True,6
-0.97644063232305267,0.041610346275913965,-0.21173632336318332,-0.05123739238114855,-0.99787777014410273,0.04018314913264133,-0.20961493546629786,0.050085276629308909,0.97650040649987857,0.091229827480963768,8.4475556266205931,-1.5081679274715354,,0.06793628888951658,0.2241379310344828,False,5
-0.87462550486632085,0.41528418876796236,-0.25013849922926501,-0.4104422904831212,-0.90889349851460377,-0.073822317363064258,-0.25800649685677041,0.038100536967598103,0.96539162864739925,15.672432807391043,10.789447774993926,0.90302917261563054,,0.6085682593120227,0.7183098591549296,False,2
-0.39215979315141347,-0.85392121223637085,-0.34209539594710836,0.90243105426236736,-0.42924576369655804,0.036963044402108132,-0.17840652717418781,-0.29422208897587354,0.93893794971782885,17.323318925742129,4.2561943273505554,1.4660086520588931,,0.1304171561947411,0.2777777777777778,False,3
-0.66689489858258477,0.72928427535011686,-0.15295633354516339,-0.74158158093531568,-0.66963631680792046,0.04054580162483664,-0.07285570027116843,0.14046938790703672,0.98740082945023921,-6.6083561414281062,14.513996962433986,-3.0217874579628607,,0.07927663808381688,0.1714285714285714,False,2
0.64880885688331846,0.76017546844848671,-0.034355849558509233,-0.72140271232878039,0.62882705704999975,0.29009422429017229,0.24212640061431179,-0.1634312989942914,0.95638120884645028,-12.178179636361284,21.331372810145812,-4.5376189110207283,,0.2523898813683992,0.1818181818181818,False,3
0.97600314378638708,0.033185737538209914,-0.21521284846201541,0.011206732477550718,0.97935453730000788,0.20183929106362034,0.21746786536466936,-0.19940761543615443,0.95548120360360889,-11.773574623638432,23.882770670221394,-4.6742572871850401,,0.3659205140687616,0.3333333333333333,False,1
0.69243226372795963,0.72052426234733069,-0.037179934338408188,-0.67735755388366514,0.66696523507272654,0.3103934912351099,0.24844376495559517,-0.18974235840533224,0.9498807994066788,-36.172615138066156,13.938410343658449,-8.4234812493703455,,0.5866719934176042,0.2,False,2
-0.036006700636433617,0.99453455714268613,-0.098002715055647852,-0.99487439094522856,-0.026400257656960663,0.097611334572403952,0.094490548472521571,0.10101505355463782,0.99038754798549178,13.462540857416128,12.403272530472272,0.43129344790075069,,0.08615346301144704,0.1538461538461539,False,3
-0.88181606870247375,-0.32306318063041145,-0.3435558212271731,0.40648601584679939,-0.89004055415205008,-0.20639023931791955,-0.23910152634207682,-0.32164886644549928,0.91617272760938218,-23.864278754291508,16.55625567433254,-6.3849223078231478,,0.2358888419658752,0.5238095238095238,False,1
-0.51148303203972778,-0.7486183116532642,-0.42184799560133512,0.83568048716976728,-0.5476556874967603,-0.041368723888377257,-0.20005806981761226,-0.37368953880175482,0.90572230694125244,2.1052133435642713,13.496747440289784,-1.4950159125341513,,0.4707952449860308,0.3157894736842105,False,1
-0.84410665446976707,0.50973470763946804,-0.16629637310405854,-0.5206756952364433,-0.85331792177486876,0.027301003056044978,-0.12798740668481604,0.10963143803456163,0.98569780943480345,5.0070766559297759,-32.012485308054295,1.6068003746664321,,0.4732159074341952,0.7837837837837838,True,4
-0.97550645943220948,-0.00097792882805880499,-0.21996861426404055,0.011438061396706067,-0.99886282211307253,-0.046284266784657635,-0.21967320810130711,-0.047666615733817641,0.97440832066796534,-14.011912644239542,16.666579803148263,-4.5179562358735206,,0.08823515017099187,0.25,False,1
0.96473194261158202,-0.0050121792839035798,-0.26318654403998298,0.078214904389472706,0.96012185984748299,0.26841841027462415,0.25134579295510312,-0.27953692475563374,0.92665225411798047,-23.073038817526857,13.393874294748244,-5.9385665403986305,,0.4595315934589112,0.2195121951219512,False,3
0.75519122257906302,-0.54879286916695502,-0.35848654659699852,0.64721434703376746,0.7109571707028548,0.27505179588551398,0.10392211667010429,-0.43973433818351459,0.89209523341911878,-10.510217759409208,-27.650955966367501,-1.0514677052609542,,0.3231409446989624,0.2666666666666667,False,2
-0.94398739053942904,-0.19502688801462534,-0.26618099003101264,0.21885681018360487,-0.97373966972350756,-0.062711659545990311,-0.24696052951598732,-0.11745453826091784,0.96188093249793549,17.955366508252339,5.803607921641353,1.5413526342420429,,0.1755575073687372,0.1428571428571428,False,3
0.97493173854828241,-0.052268178419469666,-0.21627792928529255,0.12091267335657911,0.94042570746119758,0.31777289715750051,0.18678391417086407,-0.33595762570719651,0.92317075513482039,5.3670504643146826,-28.72647766343308,1.3614441021190677,,0.1013851649751306,0.5714285714285714,False,2
-0.9682160550176222,0.14194715245900583,-0.20593367066823787,-0.15498733820709207,-0.98672260504396736,0.048553328317724714,-0.19630740129092172,0.078927223465848823,0.97736067937807836,-5.2788208045276672,-29.395452079399046,-0.18648621551053496,,0.09110487261973335,0.2272727272727273,False,2
-0.31470261948059164,-0.84344042860621227,-0.43539695070662021,0.93454512908726128,-0.35559363018435319,0.013363078671769085,-0.16609534307538043,-0.40269270363998738,0.90013939111883623,-29.003201108834254,12.554280144178835,-6.9493699022173532,,0.227983195619737,0.3529411764705883,False,1
0.40244491461913728,0.89744480874151666,-0.18064026671840783,-0.89786261556873015,0.4254420049510434,0.1133217719033488,0.17855199315962128,0.11658437153469015,0.97699911466315437,6.0710413377185564,14.028038662837492,-0.82579111747051259,,0.09003713128891455,0.3333333333333333,False,3
0.97402263478245721,0.14541173400815671,-0.17359531832449174,-0.06540052186908607,0.91456092464813687,0.39912540240630728,0.21680101169203919,-0.37740395164794793,0.90031304478488039,-26.087909458232016,12.556238846146115,-6.4456815515037542,,0.5586473786834152,0.6470588235294118,False,2
0.76469200025101181,-0.5616421919589597,-0.31591801620616911,0.63562953018365775,0.73801426344438814,0.22651721195339508,0.10593037860127111,-0.37402272011760462,0.92134996593325968,-9.9790553425109501,16.109430409736223,-3.8143502236370126,,0.07811032223399227,0.3333333333333333,False,3
0.96324800718197889,0.15800743661424232,-0.21722552021929814,-0.11002101405447078,0.969823924526519,0.21757052163013518,0.2450482669319953,-0.18567499936873405,0.95156510102202085,-0.8413430472505794,-26.554715672029847,0.29876669438955061,,0.3898867841793394,0.125,False,4
-0.72655291309354442,-0.60643550163484616,-0.3230431036753092,0.64044366173456635,-0.7680040072423947,0.0013270281247015209,-0.2489031551011448,-0.20592675206615527,0.94638332200233699,-12.939263179883024,14.560329339761148,-4.1779090652479578,,0.276386000645596,0.2807017543859649,False,4
0.47717239336042339,-0.74221332461971923,-0.47055912250388815,0.87864536729365317,0.41328331321800738,0.23912177138217305,0.016994868286845891,-0.52755690098082331,0.84934968692489854,-17.990810299359822,-19.175735299081051,-2.9333850334646816,,0.4121440062009769,0.2631578947368421,False,1
-0.0061552157338316694,-0.92848133584238723,-0.37132805214743142,0.99156583096217144,-0.053740142062587981,0.11793727145983418,-0.12945777762486013,-0.36747027923823783,0.92098114947538579,28.464294776094917,0.94190293111254775,3.1836660051136247,,0.4899640179057931,0.1904761904761905,False,3
-0.96901542412329189,0.1663349712272926,-0.18259733064306455,-0.13659111194851739,-0.97680014391209136,-0.16493740324737005,-0.20579595707356479,-0.13488571533017743,0.96925428441252814,-12.545146280138573,9.2093067733926617,-3.7002464962222765,,0.2024229058314075,0.2276422764227642,False,4
-0.9646829369604798,0.18069910316049992,-0.19166289482915636,-0.15665209745289332,-0.97851158105387737,-0.134071645425304,-0.21177098833624597,-0.099312234193125792,0.97226031937884694,-21.217499251534733,12.700291250096864,-5.5397575687425409,,0.4601217928141176,0.1379310344827586,False,3
0.94697228089990204,0.26182158426774094,-0.18626045532739133,-0.22789892620502852,0.95593540497716345,0.18506642306410148,0.2265073478760278,-0.13280421500342626,0.96491318875611365,15.104133293189046,-29.101996744846002,3.0190549108700266,,0.1305392444093676,0.3076923076923077,False,2
-0.6542327070752143,0.75058121729439364,-0.092776081173454775,-0.75309085659437291,-0.65781917214638352,-0.01131805948918134,-0.069525007781307782,0.062464173743940671,0.99562266963518675,12.232983112327767,12.579667395972114,0.23930303711785095,0.6800926499859852,0.5284310454705858,0.1875,True,4
0.051966447850481788,0.98916094045431324,-0.13733216002576421,-0.98986695064582686,0.069217305456004588,0.12398542109676826,0.13214729780413953,0.12949748455066268,0.98273470131979934,-7.3912305585012357,14.445193423281278,-3.1691604541491083,0.8057563463034606,0.4205093577484618,0.282051282051282,True,4
-0.48247733963893646,0.87558565504443764,0.023777666313931051,-0.8755307421333608,-0.48288868436110421,0.016261552675173804,0.025720348254643186,-0.012972247160919159,0.99958500613467338,33.602424672403139,3.2267003401172407,3.7454482007955221,,0.3145354160387008,0.2777777777777778,False,3
0.75286558132111803,-0.57923330826905794,-0.31254150292992616,0.6502042147320346,0.72821977155685358,0.21663435428939121,0.10211706814589136,-0.36631235155993025,0.9248715399924039,-30.502145008099877,15.542619010247416,-7.4689888025119142,,0.5110129535664188,0.2857142857142857,False,1
-0.15615359300165138,0.98675711821466228,0.043891286667976925,-0.98555877680503623,-0.15860262113131776,0.05932205351163336,0.065497731680082466,-0.033994091000812687,0.99727350758043953,10.102307331566713,-30.981303961459965,2.3228407580478274,,0.3124025992629115,0.3684210526315789,False,3
0.71434736942540455,-0.58502121042042998,-0.38400262909675509,0.69410893431112886,0.66212816190411949,0.28248731745503552,0.088997882584218577,-0.46833372777506393,0.87905795959301714,-10.281151221504512,-31.344906773384555,-0.78405202701606913,,0.6259346790804827,0.7096774193548387,False,1
0.65832030070971603,-0.67851431352656,-0.32593359448367715,0.75159667864018531,0.61634139091215767,0.23500153724073564,0.041434458250484751,-0.39967688973475535,0.91571915426152406,-1.5058027776019418,-30.381295529488064,0.48197035763398738,,0.5180547233517664,0.4705882352941176,False,2
0.91263229042137417,-0.27180208544988699,-0.30532921384192702,0.37346377382790935,0.85809528315167616,0.35241636549834232,0.16621405511704793,-0.43565595528804302,0.88463369622890231,-7.3121145087119785,12.44274184396459,-2.9468854308580426,,0.6959396184127071,0.2419354838709677,False,1
-0.88172196735745489,-0.38054728529942733,-0.27883711361749525,0.41440045619032084,-0.90722255062235702,-0.072246145582437651,-0.22547424284949613,-0.17925124070282239,0.95761702079586364,12.042927159432811,5.1062639394418374,0.59870766004586606,,0.2940088839332716,0.34,False,4
-0.20169120355740408,-0.87277579095582769,-0.44450318011122775,0.97071809665375586,-0.23858431368809346,0.027998251568450531,-0.13048768231704694,-0.42584027989776896,0.89533961197978629,-2.1673523975478788,-26.089553258437871,0.087800881627110403,,0.548634703812399,0.3055555555555556,False,4
-0.7613053371439723,-0.59344766718587572,-0.26121648100329681,0.60709196977713675,-0.79389236319058087,0.034267417466043892,-0.22771368836374295,-0.13249446018350358,0.96467180644634931,12.000162470608839,-31.400962173861394,2.6951292353484204,,0.1533612456230208,0.125,False,4
-0.29905622432800444,0.95183517292943542,-0.067640064052825161,-0.95374524294634822,-0.29587881457499154,0.053157677177518813,0.030584084879064312,0.080408523553724034,0.99629266939590633,0.15641668155606711,19.227066780783815,-2.1068697145073312,,0.2503982648840587,0.5185185185185185,False,1
0.93624081533912151,-0.23282782253524359,-0.26314319437643741,0.28596035718618112,0.94008808166005831,0.18563693823876892,0.20415633669100272,-0.24904940026872174,0.94672835935906186,-21.650635952777613,10.990450712946997,-5.4682343867545686,,0.1594085972429175,0.25,False,2
0.95568395371856985,0.21634176468945621,-0.19966076594036944,-0.18014964915600376,0.9661638063309671,0.18459036606775212,0.23283961113567389,-0.14044123392761093,0.96232113938075703,12.700359125170838,10.123335196023953,0.50055504152145525,,0.0779958391424388,0.1,False,2
0.68836257488118502,0.70548146920151622,-0.16867976202323726,-0.68967289925382314,0.70859647317473951,0.14913862758905577,0.22474042257184507,0.013672410818562408,0.97432274306034616,24.64688405241899,1.9482994929581194,2.5271733875538054,,0.1555141339807311,0.2857142857142857,False,1
0.77780604154923638,-0.5559979506007704,-0.29305979024296425,0.61863694201395325,0.75957293335900933,0.20084146206402265,0.11093284322116541,-0.33751331505013665,0.93476128848959872,-3.3089343112502827,16.735215809162892,-2.545882951120344,,0.1384958508630527,0.1428571428571428,False,1
0.91540852424762198,-0.3351583279057509,-0.22292628595617067,0.36597370700280929,0.92358635635237896,0.11424310982443855,0.16760214651791625,-0.18616427582959638,0.96811795918030008,0.72652140336436077,-28.670203190833199,0.73646783794401804,,0.08647165991270045,0.2727272727272727,False,1
