axis_00,axis_01,axis_02,axis_10,axis_11,axis_12,axis_20,axis_21,axis_22,location_x,location_y,location_z,dbh,dbh_approximation,score,reconstructed,number_clusters
-0.082047184854383018,0.99656045520789405,0.011641244491322061,-0.99661228831100668,-0.082106769878870903,0.0047355176652943594,0.005675054622723396,-0.0112132714180187,0.99992102503104519,-13.082160792863508,-8.0890359794885498,-5.57545242679421,,0.6424804297697508,0.4647887323943662,False,1
0.42741226222458789,0.90376246292337548,-0.023068782168459603,-0.90000998110722963,0.4277721506716195,0.083624284852802808,0.08544467220035197,-0.014979910562247692,0.99623029981632405,0.40115163998685466,-8.9987659910537854,-3.8842387415201389,1.222727224038171,0.7263348689950466,0.6984126984126984,True,2
-0.98551084431526714,0.087351566472246872,-0.14538940667000211,-0.066766072325528447,-0.98777067935419416,-0.14089491330199658,-0.15591878438223189,-0.12914638532688194,0.9792908372050505,15.429449958812018,7.2568543919382664,-2.3991269724135216,,0.2011701890373203,0.5,False,5
-0.98682100364682801,0.074542070211983821,-0.1436237672879363,-0.046147996947954698,-0.98036039758531646,-0.19173902373813287,-0.15509567737096727,-0.18258414666906972,0.97088019870938191,6.347950570720208,2.2454446733997351,-3.3188340540747339,,0.0937121223345426,0.3142857142857143,False,4
0.60884494612955287,0.79089203491713977,0.061624838150924316,-0.78568340745137499,0.59045396856138965,0.18456894176892921,0.10958747568996488,-0.16079148023054998,0.98088566360058993,-2.0844863108651097,-11.727005673039363,-4.1224540149591293,0.8014346560472086,0.4717652993378586,0.3428571428571429,True,1
-0.84270503754948733,-0.51032438331867813,-0.17151455763033113,0.51914847771666095,-0.85464829738736603,-0.0078195816608343585,-0.14259410146703438,-0.095631122357147588,0.98515055228301085,0.37644479620177118,14.141862586832666,-4.1889109729649823,,0.2343023862128347,0.8072289156626506,True,5
-0.8661079663231579,-0.46203057385129775,-0.19074784270917372,0.47933837770389481,-0.87591565536636584,-0.054831417493151416,-0.14174523036688549,-0.13892268897034243,0.98010651265945981,-9.5378955276330561,-11.059291881605121,-5.0847980979059759,,0.07312933321157819,0.3142857142857143,False,5
-0.81194347264049993,0.5814608494665704,-0.051488617908236958,-0.57261462696893117,-0.81050554457879265,-0.12326090697486758,-0.11340320197295138,-0.07059775311332063,0.99103767387402242,-2.1931169827741286,-14.258235345230815,-4.1200637923036574,,0.1770405310370267,0.4782608695652174,False,2
-0.4280331211263157,0.89815326122604178,-0.10054037282550712,-0.90253976937197677,-0.43058663990555468,-0.0041364522026047547,-0.047006509345461911,0.088971146355834974,0.99492438064170741,9.2086192146694454,2.9191833112022265,-3.020009564654567,,0.115635741475497,0.2916666666666667,False,4
0.53505034676604024,0.83670450254003681,-0.11681909884419711,-0.83916531587451404,0.54233567690211004,0.040909487803662381,0.097584317688693092,0.076141900346396049,0.99231029015770689,6.8174305675351556,19.744193131539419,-3.4775011955424908,,0.102185081490888,0.3,False,5
-0.73803902455843151,-0.65421957692688115,-0.16521241900793079,0.66251808848006144,-0.74901852024508897,0.0064061506837987756,-0.12793819080151655,-0.10472822683245603,0.98623720160971662,11.258402936340628,-0.78866996749997487,-2.7387479431605786,,0.2188211633334049,0.8771929824561403,True,5
-0.089776704693611833,-0.93364771953419101,-0.34675939656043797,0.99560637958157783,-0.093431780118175101,-0.0061999516458454175,-0.026609776977980094,-0.34579247862345419,0.93793362318270079,-11.139801200845444,-4.7056509689413915,-5.3953235712164878,,0.2742893988358382,0.4914285714285714,True,3
0.92684755226894311,0.34654015525427601,-0.14444215329816409,-0.34506119360754084,0.93789017742472591,0.035983159343706474,0.14794048640993201,0.016490478663690203,0.98885877484817541,-10.169859640372851,10.470135685231385,-5.446094451591347,,0.2383947970357248,0.8115501519756839,True,5
-0.81176028055981686,-0.55626021777625922,-0.17781961934768542,0.56935870847514602,-0.82157416569277664,-0.029095555497906333,-0.12990730537179512,-0.12486176510736441,0.98363287441266034,-13.838404969156375,11.853499601161657,-5.940042503405933,,0.12519438687405,0.5116279069767442,True,5
-0.36101378274699347,0.93060530510650585,-0.060355735223196635,-0.9315774026599688,-0.36284808530349583,-0.022467973760275099,-0.042808778539127457,0.048114790857001183,0.99792403287062592,11.826492170944018,17.059646917143965,-2.8590055973664326,,0.1836357532941804,0.6304347826086957,True,5
-0.043211154500308303,-0.9704016491537053,-0.23759931701610476,0.99903149389044432,-0.043945412003049876,-0.0022079354404862424,-0.0082988156852432139,-0.23746460806539393,0.9713607412154206,-2.7441916026083066,31.061571848277357,-4.7605325832498959,,0.5900162567046018,0.5555555555555556,False,3
-0.15121694590037485,0.98467514347435903,-0.086880936322725838,-0.98844612537127718,-0.15154614769270205,0.0028323767424844482,-0.010377500232364726,0.086305428237464718,0.99621467593369395,5.8311346042353334,16.530321369613134,-3.5546589917078775,,0.09988280199348254,0.35,False,5
-0.79855061459765631,0.58984823360221639,-0.1199832373377665,-0.59222760240231587,-0.8055559554758096,-0.018602944666369511,-0.10762612544596317,0.056201992080357886,0.99260160850549162,13.201595243883563,13.139360224858711,-2.6519459111086925,,0.1282633881871327,0.3181818181818182,True,5
-0.45560356883614694,-0.83375963529047148,-0.31188180232913082,0.88707780724693941,-0.45447450363443448,-0.080906671147668516,-0.074285610677498282,-0.31352479344787887,0.94666987484536369,-12.361237061504053,-10.517981461244682,-5.4616856190427008,,0.1457808177663895,0.4444444444444444,False,3
0.38933691858463898,-0.87066140933854541,-0.30060850639267694,0.92105214239002775,0.37116518303612528,0.11789553808562771,0.0089283159530952824,-0.32277719434677765,0.9464328650167767,10.259446989535967,-9.8945516531244699,-2.7643656169349127,0.9335990419660122,0.5407721889760901,0.2978723404255319,True,5
0.98753542392341809,0.0014219500957819882,-0.15739048431948149,0.039607340692654494,0.96553642015826613,0.2572366224144943,0.15233202243668872,-0.26026409549894935,0.95344509833260094,-15.754978716278291,19.747970675447441,-6.3067628037736769,,0.3700154262888148,0.3076923076923077,False,3
-0.56540148610990182,-0.78436060080573633,-0.25514624709836242,0.81861840668070451,-0.57147924020172203,-0.05723095545251191,-0.10092107682867436,-0.24122588153456259,0.96520723698572319,-9.5611204503212051,-16.694618414346348,-4.9540153354737777,,0.1038957288647031,0.1333333333333333,False,4
0.96167660833817648,-0.20626147098951608,-0.18064967910412363,0.23222200261832338,0.96301257197796419,0.13667380038735219,0.14577737298743326,-0.17338682705911485,0.97400511586297922,-13.050246654307799,-6.5839058638927348,-5.56740841758256,,0.1911632594597549,0.1739130434782609,False,1
-0.64138888864570998,-0.7402280035826263,-0.20169976756035107,0.75761592316224113,-0.65254268200899535,-0.014358312140769356,-0.12098928255364462,-0.16202021746864112,0.97934214789243501,-6.4991220084186256,-5.1890784570222683,-4.7992612149953739,,0.218550570171107,0.2393162393162393,True,5
-0.57105235936926224,0.81833316066950756,-0.065038765420727201,-0.81738139285567324,-0.57414962512398848,-0.047327228772693367,-0.076071423492124549,0.026135151016151992,0.99675979674605864,15.504059086282753,0.89509892223833865,-2.285639163236227,,0.1204748703359498,0.2307692307692308,False,5
-0.59658528516154197,-0.77935807718967987,-0.19153846884614503,0.7956951587780936,-0.60552330596542581,-0.014516894633674737,-0.10466714778680755,-0.16106679810533722,0.98137774313577553,-3.2874223209564981,16.188248738799103,-4.6860875304951399,,0.5337746782695864,0.8031914893617021,True,5
-0.92170594102248626,-0.32255297726458609,-0.21544775501639551,0.36080070433767708,-0.91685228207975622,-0.17089395716226946,-0.14241141117652578,-0.23524767735919289,0.96144553681621292,0.37010311474011626,-14.88064515303827,-3.7920778513668263,,0.3816879647597919,0.3888888888888889,False,5
-0.61909311838177816,0.77360919525578942,-0.13510190149666626,-0.78097019101179166,-0.62456366460039936,0.0024061612425879484,-0.082518310230705938,0.10700019568491084,0.99082878773280469,-2.8465668070535521,-4.1046639118885944,-4.3425059206543013,,0.2400655387227228,0.898921832884097,True,5
-0.98609288836211229,0.10402858192071772,-0.12961045353377834,-0.095529197110588493,-0.99295043294513208,-0.070168441720489097,-0.13599627943834908,-0.056811018804804554,0.98907912733071413,-22.380277179505995,7.5494211606655703,-7.0583481625584454,,0.1807129663670854,0.1764705882352941,False,2
-0.98776045697389325,0.026566130768824789,-0.15369944806243976,-0.022212482460540375,-0.99930383289051161,-0.029974242163431069,-0.15438874719896234,-0.026193324842515166,0.98766291034544218,10.198073805937334,19.246595616420294,-3.100137080166828,,0.1120348053377292,0.3333333333333333,False,5
-0.28932436212598905,0.95590303920974307,0.050406280461530756,-0.95687782196173365,-0.28738575992444859,-0.042358692501261563,-0.026004755683504979,-0.060488053549640292,0.99783011983985415,-16.255124585585385,16.629933336682647,-6.3297677766574596,,0.2670523651818896,0.1818181818181818,False,3
-0.15926224747442938,0.98722113697896918,-0.0054738680423350727,-0.98720007976900892,-0.15930145763098075,-0.0076842761992855606,-0.0084580750443427749,0.0041799878703257243,0.99995549334355283,-7.2454843262381319,-13.091916286412966,-4.7406134822744557,,0.1078596793373806,0.3333333333333333,False,5
0.029099485593206423,0.99446427914473823,-0.10096542697056179,-0.99940338498700776,0.030825556986767158,0.015577519474143629,0.018603602197491666,0.10045189167752221,0.99476797467735445,-1.8057494758435131,12.181961812451807,-4.4390853755608566,,0.09115141611095216,0.2631578947368421,False,5
0.61468498143289096,-0.74168958654431194,-0.26843794592526271,0.78456309312165007,0.61002204911590541,0.11105787907132643,0.081382593422893057,-0.27887211550128077,0.95687366808978735,-12.668039984996524,-2.6412328570139878,-5.5961401682323562,,0.392988295652611,0.130952380952381,False,1
-0.90969576993471601,0.40282990446896599,-0.10090428250776802,-0.38848977254484207,-0.91136778930011952,-0.13595752739098044,-0.14672867065076475,-0.084479705798114868,0.98556272074248163,-8.1743423975005722,-7.6077897082286094,-4.9268519535576987,,0.2477074926197015,0.1363636363636364,True,6
-0.7970657061009484,-0.58064561841117357,-0.16594253818024313,0.58923538049586088,-0.80795526437867948,-0.0031554927784944939,-0.13224192425132661,-0.10029434970467171,0.98613037519773328,-7.934245995482148,11.192304938209416,-5.1862750397950812,,0.1972240270417864,0.782608695652174,True,5
0.96506722932741162,-0.2005030572270782,-0.16865279992015464,0.21475741332967682,0.97409542655102499,0.070833278847746733,0.15008163211485639,-0.10457831522343083,0.98312709233688034,18.258216138450997,0.95548361167834162,-2.0124088582263089,,0.1090787253112267,0.4642857142857143,False,5
-0.60093766766371737,0.79798092612353977,-0.045829696986895097,-0.79713042340974194,-0.60254140229049402,-0.039076164095413063,-0.058796323503245304,0.013049906851161683,0.99818469847702995,-7.4573294476337528,33.828084105494881,-5.3964248273947257,,0.2044651207545631,0.5714285714285714,False,3
0.32879900028265929,-0.91969204800632931,-0.21461070394332146,0.94282387113824917,0.3327855407039893,0.018355705114214239,0.054537743123550031,-0.20837543217058394,0.97652717004838774,0.025210756891409336,32.422188976107122,-4.4618551299391571,,0.2949977364778822,0.875,False,3
0.23480462459753487,0.97194782482309283,-0.013572549107271098,-0.96926949480825486,0.23516588885712938,0.072205617178906348,0.073371893131915389,-0.0037987550190614894,0.99729741539750527,-9.9446518484131072,-14.672033219647483,-5.037607616822938,,0.5610646738536138,0.5483870967741935,False,4
-0.59509609505802274,0.79427860994528221,-0.12240150093068934,-0.80118006073135084,-0.59828517091534927,0.012859414811820628,-0.063017044783170023,0.1057182294885038,0.99239735389641914,9.2806685069252577,-7.9060084202108474,-2.8512919066782914,,0.1590938106986088,0.5555555555555556,True,4
-0.52777027530161991,0.83996776894199221,-0.1261454860336417,-0.84682882845562846,-0.53186354856996099,0.001449482333798581,-0.06587466739589351,0.10758862784318836,0.99201069316530033,-10.189511092536589,-13.276169112636744,-5.1066019455257532,,0.3502583787619919,0.7723577235772358,True,5
-0.13377089252827043,-0.97064251256428458,-0.19989612581309335,0.98985923719746538,-0.14059628189238471,0.020282407472737855,-0.047791619004204137,-0.19515583086582688,0.97960714719321373,-5.3826756993889084,-11.685348179912548,-4.5463791430986005,,0.3330757942225567,0.2340425531914894,False,3
0.15494236791066821,0.9846702269120805,-0.080108718995785547,-0.98708785531256749,0.15763601107218644,0.028433323894402986,0.040625466405564817,0.074668817093617362,0.99638051929630223,-5.6878852829465831,18.460189160755849,-5.0161829165903473,,0.1060570789738645,0.2647058823529412,False,5
-0.46912314878232786,0.88270184131706486,-0.027584970763369895,-0.88167648380477137,-0.46991408743428004,-0.042747261157432055,-0.050695652498097016,0.0042672902725103268,0.99870503205477124,-14.952721945261938,-6.9549964968722398,-5.8159175635325155,,0.1536244977261791,0.3125,True,2
0.28519145489828907,0.95003456495406169,-0.12688640370639828,-0.95598270234273519,0.2914797978080152,0.033713503100073719,0.069013816547683127,0.11168640410696594,0.99134415833411615,-1.0966758166516504,24.574205504096877,-4.484203092979655,,0.1633052608827226,0.5333333333333333,True,5
-0.41742763771232283,0.90870830208786435,-0.0018409211005931403,-0.90726212798620365,-0.41687592914984117,-0.055586786356115803,-0.051279609942488216,-0.021533262921474158,0.99845216219511468,8.6836807557176936,23.054612769152769,-3.2708339497021619,,0.1034354384211399,0.2352941176470588,False,3
0.82740498550881003,-0.51456860062196397,-0.22498921131716459,0.54722281853231147,0.82877592976414793,0.1169514648096607,0.12628609120848946,-0.21988545540241206,0.96731701611713361,2.8943020621830438,5.0197818109627148,-3.7771559095166061,,0.1709774505631008,0.2105263157894737,True,5
0.29208015122643177,0.94993350272990928,-0.11097533802980404,-0.95418161140193658,0.29732383473587182,0.03370444718963625,0.065012596640557418,0.096046226835000803,0.99325147097238731,-8.029967418390676,17.362283133130713,-5.2755982897534253,,0.0975602741525912,0.4444444444444444,True,5
-0.70003122198235479,-0.64182013048910791,-0.31308658283106688,0.70145358185198436,-0.7001963273183035,-0.13299614925620795,-0.13386246956078271,-0.31271716183942094,0.94036632007648224,1.3909079199740932,-10.975405971118427,-3.7246984663529363,,0.6603324564833397,0.8125,False,2
0.65467847786582967,0.75009646720346057,-0.09354881350486699,-0.74663640640084261,0.66100110580460458,0.074910711930444962,0.11802612954814864,0.020804519075867153,0.99279252854254774,-2.8086886280169967,23.881514678830971,-4.6868738107911465,,0.158911087682481,0.2727272727272727,True,5
-0.22777667855029993,0.9730573255608983,-0.035738297117599779,-0.97365196785172636,-0.22802112482346601,-0.0028656818914169976,-0.010937559465200874,0.034143927813211933,0.99935707431649878,12.674296060863178,-11.903256142355747,-2.4588959157536392,,0.2298113028746145,0.25,False,5
-0.62589342855856489,0.77404327944005002,-0.095469459205016483,-0.77443745498732064,-0.63130274126063068,-0.041273201833341842,-0.092217375802867818,0.048102499212688783,0.99457634456562805,7.2453341945831999,-17.525520054264337,-2.995577207065145,,0.4578128272905099,0.6046511627906976,True,5
-0.40659359061346756,0.91356295244930097,0.0091860755583673126,-0.91242317035506737,-0.405533108430428,-0.055016871648274152,-0.046536117922060069,-0.030751095571878842,0.99844316806209532,-15.092050841548808,9.7826466573007469,-6.0653918997676932,,0.4910944308475312,0.631578947368421,False,1
0.39487762893753076,0.91349806040577775,-0.097943615409865029,-0.9157018800659964,0.399985320971182,0.038753191496697301,0.074576973713559536,0.074384384399296399,0.99443714650512949,-3.5940345466576469,-11.105384746477988,-4.3314355378733049,0.3549659880472165,0.1243454256505517,0.1666666666666667,True,5
0.95150854634048965,-0.25834649538184085,-0.16699872623745188,0.27924429544049345,0.95311664569070798,0.11658165881148881,0.1290508028063112,-0.15756188635331955,0.97904041911651063,14.015168154963176,21.711212148123721,-2.6301229560455099,0.2508581996213196,0.1856545381942124,0.52,True,3
-0.37428646556989409,0.92034025900419292,-0.11350528334528025,-0.92661287344196386,-0.37594748650315596,0.007215965880414902,-0.03603088207114015,0.10787629511646779,0.9935111879033478,-6.6156324321853077,19.261180485896428,-5.1281179148837683,,0.07226338700163329,0.2580645161290323,True,5
0.48329087285626693,0.87153415857775107,-0.082813903699799421,-0.87005117303598845,0.48865004721872712,0.065054497552721663,0.09716423473958373,0.040612089152219102,0.99443942485309977,10.032814486787522,28.322948681100421,-3.1689249461626523,,0.1724354284179236,0.6923076923076923,False,3
0.87679184352262007,0.46887156538194752,-0.10674979301379342,-0.45838158804136775,0.88202705326695052,0.10915400611014718,0.14533541508138845,-0.046773202600445318,0.98827621879797278,4.1850511537053947,5.6942257405285384,-3.6050080436114222,,0.1525567588725132,0.18,False,1
-0.70158005472904761,0.70740444083798293,-0.085815988539945293,-0.70604001362049629,-0.7063631280250029,-0.050582907523226042,-0.096399823512060667,0.025101562689100076,0.99502612306281135,-2.8701204310513861,-17.684497374035583,-4.1396345821786369,,0.09799890162769254,0.4444444444444444,False,1
-0.79771626187539491,-0.57248063959362805,-0.18951169576049354,0.58801927106930385,-0.80813474568682409,-0.033934785468861792,-0.13372397836839858,-0.13850685941195692,0.98129187681604979,6.5401428481937547,5.2620353881399842,-3.3417955921013185,,0.1229353163289201,0.4133333333333333,True,5
-0.90734528252458435,0.39846354699834258,-0.13398261078917303,-0.39798089214435939,-0.91685138268005084,-0.031539682396302324,-0.13540955567596816,0.024705136939096945,0.99048165477229222,-11.3090968051175,-13.25865164797621,-5.2402394776335459,,0.07906635159076722,0.2580645161290323,False,4
0.61802438167730145,0.78555234713021427,0.03087674805738963,-0.77292209858819327,0.59997275939788997,0.20645609096004841,0.14365685909976958,-0.15146021886519329,0.97796856234487173,0.31752551811081642,-13.528875726474761,-3.8278306630955572,,0.2070406748292022,0.2,False,3
0.88611484592128509,-0.40059155274333735,-0.23308128991529653,0.44168186287776134,0.8822745790254648,0.16281492318048929,0.14041941405207126,-0.24722049889950493,0.95873062592218894,-1.3399025633614772,-6.531209050335713,-4.1568394696048516,,0.2675172930740037,0.1982758620689655,True,5
0.88155844211660728,-0.42690806046033863,-0.20150489087595849,0.46411905712354096,0.86181302306695096,0.20462603472422045,0.086303035564779057,-0.2739120683471144,0.95787471250999701,-7.510257498616272,-16.922691524055097,-4.6929966058790882,,0.4554888227245353,0.35,False,3
0.87491622306672934,0.46090153629788394,-0.14863168051563116,-0.4604263128160479,0.88681057745359138,0.039681358130082833,0.15009734535050617,0.033716072646134534,0.98809615593020728,-9.9604897246567212,13.149420106566501,-5.4731096784033726,,0.09107810034330852,0.352112676056338,False,4
-0.5225388317955062,0.8506998517882407,-0.057122074833211453,-0.84993030405054992,-0.52503577264412415,-0.044225735726222917,-0.067613959522614453,0.025440118149312366,0.99738716297444974,-6.9203670790382645,-10.715236797490659,-4.7333039297722665,,0.06949567748219075,0.28,False,3
0.64053689184511287,0.76635766834071195,0.049075598425207922,-0.75873267659062604,0.62171407058984562,0.19441280797373239,0.11847875615075129,-0.16176383590281984,0.97969140331789117,-3.7818290971532686,14.823571250211701,-4.7064649202263933,,0.1598475184503273,0.2173913043478261,False,3
-0.98658288520569115,0.056736322160525814,-0.15308559816949599,-0.04338328457526227,-0.99506841791519107,-0.089200528514250851,-0.15739155389879464,-0.081362358713700553,0.98417887873387488,1.7995762942654161,26.45267561747961,-4.1547842547104032,,0.2580749583283256,0.7105263157894737,True,5
-0.94962312320119502,-0.26486967898748015,-0.16751112510719282,0.27114967360548775,-0.96241438078010821,-0.015375765713578071,-0.15714254161507601,-0.060021769556641187,0.98575027709559582,-18.111351645453382,5.236664113275352,-6.4040854299172336,,0.3995281243542432,0.8654353562005277,True,5
0.40293851859712498,-0.88145362544762162,-0.2463332223148102,0.91430632594019767,0.39974880117525957,0.06515242362859075,0.041042570295863473,-0.25147644451158074,0.96699281552621785,9.3472691671169752,22.419971761820307,-3.1725569405354426,,0.2161697236176908,0.1904761904761905,False,5
-0.97556377715879738,0.16397702401701597,-0.14624244353191101,-0.1572403893731979,-0.98593866143291609,-0.056572217931025084,-0.15346262295890267,-0.032194587843195885,0.98762985569907769,7.8660729194380119,4.5776455688213673,-3.1776817950392657,,0.1260485581418602,0.3809523809523809,True,5
-0.91073121479696217,-0.37437026690340952,-0.17440056666513334,0.39389017952053657,-0.9143130267465136,-0.094245507048924454,-0.12417399434555214,-0.15452699563603534,0.98015418519127462,-5.5853589090615028,-16.429436778568185,-4.4890645164997967,,0.1702838710438083,0.3846153846153846,False,5
-0.94222855622503798,-0.25323984282212175,-0.21925995950357119,0.29568646214084676,-0.93636607379291392,-0.18917740868368135,-0.15740033017980054,-0.24308055836917528,0.95715044700518193,12.107948290107052,6.5490104794288326,-2.756636465824716,,0.4774492364715996,0.5384615384615384,False,3
-0.60576077585935062,0.79512003676206522,-0.028948394942935718,-0.7932524570265751,-0.60635848017719274,-0.055497143516663794,-0.06167999555432687,-0.010654607299172586,0.99803910619360048,-8.2603191338308442,-10.549781165022303,-4.9413564845194715,,0.4331323310673011,0.4358974358974359,False,7
-0.98213372776973273,0.11867919012947213,-0.14604311215302793,-0.11203725711620773,-0.99229370921042115,-0.052923035431667237,-0.15119852444718515,-0.035615228367053046,0.9878616106081648,-23.442202570906037,-18.936454675576218,-6.7254032017682635,,0.1082261357298604,0.3,False,1
0.54386755860569092,-0.82223814048223043,-0.1677275142384472,0.83613392257425245,0.54795424695639605,0.025024123621861915,0.071331214884359354,-0.1538524734242907,0.9855157402113619,-12.285670644247674,11.479435599496357,-5.7377768613843738,,0.103011564427806,0.5048543689320388,False,5
-0.003666346820769187,-0.96508506767494051,-0.26191099643170157,0.99987911150942033,-0.0074955555284961653,0.013622738874861691,-0.015110270286241505,-0.26182938872131251,0.96499588130400948,-2.430984447544204,-9.8724498500863138,-4.1866741302110659,,0.0797083120062331,0.2222222222222222,False,2
0.9882091541718554,0.030347778595484595,-0.1500722490844453,-0.014219076263653438,0.99411422386753401,0.10739984997409072,0.15244830429084069,-0.10399962614629071,0.98282429369662871,-2.0685037557371233,21.352741027344099,-4.5705304632285042,,0.1057343362441553,0.4482758620689655,False,5
-0.29985721832778151,-0.93490835226004998,-0.18982102489219815,0.95143676335284555,-0.30760779574757946,0.012063554035934237,-0.069668744479770783,-0.1769853577833907,0.9817445946746528,15.185103831993143,-0.89579999931871379,-2.3120855347665215,,0.1680253995002274,0.7887323943661971,True,5
0.91574404813727694,0.37851938206835667,-0.13466965396756592,-0.37546153063332766,0.925572433814148,0.048418062516331919,0.14297369448829797,0.0062247218368533599,0.98970691395100518,-11.643276835486143,12.35232308570292,-5.6733656051336467,,0.08747359487612234,0.35,True,5
0.98030269690572314,0.1311605977690698,-0.14766015045444139,-0.12496066075646596,0.99087310982634991,0.050550108668210615,0.15294265494843279,-0.03110269788813801,0.98774549681656665,5.7370635743854699,12.719236698598891,-3.5300855735994525,,0.1438003404318146,0.6363636363636364,True,5
-0.73945559610464717,0.66501944261064372,-0.10466404511268136,-0.65500957974626139,-0.74662300095019374,-0.11626067646781052,-0.15546019371577635,-0.017413655617233181,0.98768866186055682,-1.9752192652014378,-8.6859425983059495,-4.1646549246856024,,0.2884961028478802,0.6168831168831169,True,4
-0.15986968221419082,0.98696177959684894,-0.018658250822466221,-0.98711890005190539,-0.15995598319174995,-0.003218788821357503,-0.0061613203982193027,0.01790332528278038,0.9998207384700365,14.579455950851747,2.8209147818988716,-2.4128666936624743,,0.498764096726923,0.8074534161490683,True,5
-0.95847624467995873,0.25729350642720344,-0.12297698945168044,-0.24035442736994064,-0.96094262003082209,-0.13718247064390934,-0.15346998933951889,-0.10192807541935506,0.98288230720337744,11.08522804014267,8.9176848846916954,-2.861880193801416,,0.1718962586966994,0.25,False,5
-0.95831509380849766,0.26520825099281176,-0.10628623892181169,-0.24872722719557849,-0.95744225742913214,-0.14642093477575796,-0.14059497654756278,-0.11388111034908943,0.98349587964324947,-9.9092088582832822,7.2753048250569732,-5.3764497720608144,,0.170373931519688,0.3735849056603773,True,6
0.29101526991796189,-0.88147990206889848,-0.3718915096142712,0.95625055445546925,0.28015310664344806,0.084256239778624675,0.029916379764004103,-0.38014131462737727,0.9244444770429352,6.4808622206570021,26.128951440244506,-3.5835533384712912,,0.3692209938324117,0.3461538461538461,False,5
0.4219369591922143,-0.87292387824969908,-0.24489406944459213,0.90529666014551646,0.42027488707961724,0.061700700316841814,0.049062812770993919,-0.24773558902935167,0.96758457941994858,2.129827150189131,-4.8871953592182278,-3.7419060118693208,,0.1500692134682647,0.2641509433962264,False,1
0.57048452686963957,0.82052309700062642,-0.035906153940849422,-0.8128916639637157,0.57034121066566978,0.11797476880553609,0.11727978197722327,-0.038114966941066919,0.99236722136236266,23.541942777969648,4.5842489292955229,-1.4845854834235044,,0.3592344447343175,0.6666666666666666,False,6
-0.96794863863524416,-0.19157425019856872,-0.16240301605891891,0.20196785967102146,-0.97811745509107406,-0.04995225426411655,-0.14927965911028823,-0.081151406069251572,0.98545930036146046,-6.4994019782107362,33.931644272329493,-5.2839506121495825,,0.2703117492990197,0.375,True,5
-0.94258105857466734,0.30192398827675571,-0.14276853056369676,-0.29777895559574052,-0.95332047101382433,-0.05007767117479224,-0.15122381300764012,-0.0046888003836936046,0.98848842862746378,5.7928114469161365,21.976060250791715,-3.6234388113600797,,0.1847725762437704,0.4871794871794872,False,5
-0.57550799915959849,0.81724295955369997,-0.03007470636974717,-0.81345575664483283,-0.5758501728461749,-0.081769862507005783,-0.084144369298841351,-0.022594766937088478,0.9961973708168278,-4.5529690263482587,-13.128534387605354,-4.404361376148735,,0.4094062678285966,0.6666666666666666,True,4
0.062873055674804584,-0.94475717232308387,-0.3216844171143568,0.99790499248462727,0.054584968916967715,0.034729053292444814,-0.015251388276767806,-0.32319400754411304,0.94620982273658871,27.344494501394824,-8.3982405143619925,-0.95849298790824411,,0.2455840683255346,0.3636363636363636,False,4
-0.98804402661903479,0.041461263646116867,-0.1484923064650521,-0.002661054746733311,-0.96760291259100273,-0.25246291278729044,-0.15414901962088068,-0.2490493267653526,0.95614460861715145,0.0091037728959524333,1.292858389735142,-4.0540706426702107,,0.5607861249050682,0.3517382413087934,True,1
0.3825840482710226,-0.90342158722518218,-0.19354297131151307,0.92301955940364566,0.38298048207956625,0.036889609707931516,0.040796310701537955,-0.19275732432682363,0.98039801863911769,-0.40492373618491417,13.457412358559317,-4.2786268524011062,,0.09687674979880079,0.5384615384615384,False,5
0.37628177152086839,-0.88271371134504406,-0.28147563344733006,0.92593065345886016,0.36897249419648787,0.080695250861939211,0.032625962152336041,-0.29099106915828421,0.95616930732153993,-8.334029869192463,-14.50393536802418,-4.8592914356346242,,0.2691953931273387,0.3461538461538461,False,4
-0.20168850143732237,0.97865806056446736,-0.03937193010460549,-0.97940659623223514,-0.20113941459542276,0.017482996110441323,0.0091906280935683919,0.042087247336994579,0.99907166708241679,17.003730514002033,9.4582845178754891,-2.2085101782673142,,0.4635750739257957,0.1904761904761905,False,8
-0.76763604577144373,-0.59049415250797166,-0.24910149956649391,0.62706153581566992,-0.77231665774672775,-0.10159138973071943,-0.13239611600374418,-0.23418718158946694,0.96313427539793584,-7.4701015222234446,-8.9340677793066376,-4.8338572780982467,,0.09644112318804751,0.2666666666666667,False,2
-0.97948934339037252,0.13236006740270795,-0.15192576720835427,-0.1288339748879066,-0.99112135976335158,-0.032867265408410201,-0.15492718644343437,-0.012619935736573773,0.9878452834947008,18.02440676519597,-3.6087560960767036,-1.9746437488290842,,0.2345460435253306,0.5428571428571428,True,5
0.053584091116189322,-0.93827825261141418,-0.34170552505881624,0.99851173004352556,0.046867417265651634,0.027888531053661354,-0.010152346760018423,-0.34269135658098632,0.93939318923438309,-6.8231604117728342,-21.046048597338689,-4.5581180682400886,,0.5061304323541237,0.3333333333333333,False,1
0.97534569977751917,0.17212747933952369,-0.13810465879804693,-0.15810645987687594,0.98162421553100654,0.10684683817661608,0.1539581542845489,-0.082377365455323828,0.98463742382154906,-2.4085775308922517,17.277633848496254,-4.5906006721586516,,0.07768436886446761,0.303030303030303,False,5
-0.96473125506197976,0.21902261574932294,-0.14602294099511434,-0.21786128779663411,-0.97568219305199932,-0.024098079608851079,-0.1477500077364817,0.0085645753874170998,0.9889876557684143,-3.057286082277809,-14.845383822417203,-4.1802604112457855,,0.2811304655511593,0.7758620689655172,True,5
-0.85338835244518174,0.50133494337814488,-0.14279914025976739,-0.50619022286434623,-0.86241767967584526,-0.0026840378299198935,-0.12449810515602197,0.069993002011352848,0.98974804949643469,12.187964875714526,10.788425510629541,-2.7739104299943764,,0.08358569942129382,0.4090909090909091,False,5
-0.12262721543385907,-0.90171709230916197,-0.41457068332486841,0.99174305182432265,-0.12713142027757784,-0.016832145923338974,-0.037527126097219754,-0.41321167386185531,0.9098614330716337,-13.865134151625323,-6.052065261005418,-5.6747037231856527,,0.2913469296499716,0.1764705882352941,False,1
-0.40327297737976675,0.91477426688677821,0.023642046379631992,-0.91383799873282767,-0.40124583845005407,-0.062465103846022114,-0.047655196854480816,-0.046795488759833276,0.99776708927709679,-12.685373733047804,-11.788585037433581,-5.4388525167840385,,0.347676617973625,0.4864864864864865,False,4
0.33234810047815205,0.9349699996418106,-0.12399935434653539,-0.94076557893373614,0.33798400181397564,0.026961825073306772,0.067118295583523363,0.10769361303069007,0.9919159339935818,7.9693090620703098,-5.961449143164014,-3.0400038118671455,,0.3658798252254188,0.9465648854961832,True,5
-0.32656656440977555,0.94360345765441378,-0.054468281708079852,-0.94509426931465246,-0.32524681417212492,0.031801446185450832,0.012292319480019388,0.061862949925767394,0.99800895502409348,-15.492101204820477,-10.181904450023916,-5.8212512957220843,,0.1621997370215423,0.1538461538461539,False,2
-0.8900839501684128,-0.42131325151319027,-0.17391292577602593,0.43124089822524109,-0.90196808378264426,-0.022019617057339815,-0.14758675194773221,-0.094597674056225906,0.9845148199558349,9.0935688108934212,9.5403234182003409,-3.0916831878653088,,0.09396425562032726,0.3142857142857143,False,5
0.86470586311004993,0.49909173305519211,-0.056490816059509508,-0.49364786878976297,0.86521533969333131,0.087830504943778087,0.092712199533984796,-0.048060981630829711,0.99453234743886154,-11.056071312519654,-11.63454870530598,-5.2434180918505033,,0.4018848752354484,0.7435897435897436,False,3
-0.70043296826371682,0.70739142235532593,-0.09482105540115901,-0.70687418485485065,-0.70592133687197456,-0.044765532887216311,-0.098602960173979737,0.0356713011676709,0.99448731239666177,8.4878320917217032,-6.9713681519891715,-2.9569350102189764,,0.09804417010807687,0.4464285714285715,False,5
0.55529200654057442,0.83049401157259906,0.043937275907755008,-0.82951325864185355,0.54929868474031496,0.10088958657826655,0.059653509616083476,-0.092469733884182725,0.99392696266167968,7.3599224038051103,9.086218803022394,-3.2783214153385236,,0.426100893263818,0.2685714285714286,True,3
-0.96331641468982787,0.2266064798543205,-0.14377408833711361,-0.22885721002134551,-0.97345958084795237,-0.00090657408608763035,-0.14016369933181866,0.032030419031933668,0.9896101200201306,-9.2723823685635125,17.412746530197374,-5.4255458332602728,,0.238089157984512,0.7967479674796748,True,5
-0.14904438189575739,-0.97246078433159422,-0.1791809006632511,0.98795592135238575,-0.15406691173787496,0.014369557137004055,-0.04157967881154663,-0.17488113004191194,0.98371119779394278,4.5831676635218788,0.78020819479702763,-3.5234843279551389,,0.6119592473973405,0.631578947368421,False,1
0.76780629296399583,0.63986594165589328,-0.0323275918327256,-0.63011833735654132,0.76330964989328176,0.14251055858013961,0.11586361556551909,-0.089050295275267366,0.98926521595549544,10.403174857733772,-12.628706979543523,-2.6919058460272098,,0.2776427261140768,0.1666666666666667,False,2
0.56883855136455319,0.81955979257463152,-0.068879959904927318,-0.81584884074596142,0.57288008418778535,0.078734225051547133,0.10398736238095632,0.011408572917930473,0.99451318388899634,-5.3877664810181241,11.286373555512593,-4.868061760075487,,0.1236947044675486,0.3414634146341464,True,5
-0.42008894897557958,0.90736251881017105,-0.014782909289257698,-0.90617212255416923,-0.42030173765928569,-0.046888523395992615,-0.048758171153812119,-0.0063014902242670146,0.99879073482220937,-6.9565601125525385,11.471927242749915,-5.0673214158754849,,0.166617378913519,0.25,False,1
-0.96665658689464451,-0.20107317516598019,-0.15857055603694886,0.20944981303681037,-0.97708701390985142,-0.037838380879401425,-0.14732894770560617,-0.069789293429583787,0.98662233691040957,-5.390674837449704,8.9708110694453431,-4.825946258636348,,0.6299431643778721,0.9672256097560976,True,5
-0.98726697965379484,0.056933954454952189,-0.14853429137877514,-0.042501666285493851,-0.99421985263981594,-0.098592560468929849,-0.15328900563390041,-0.09102422450636144,0.98398021896010979,-12.199272569491949,-13.895298920589292,-5.3456908046745388,,0.2340254430017963,0.1666666666666667,False,1
0.98020554709866636,-0.11947495885193178,-0.15786962863176923,0.13657979620269245,0.985330187786566,0.10232487628001893,0.14332845044245235,-0.12186121304098113,0.98214398132348479,8.7804983541597021,13.208548878093433,-3.1963322903001266,0.2574732561781965,0.205878081068542,0.7701149425287356,True,9
0.24251778963440657,0.96805621340906123,-0.063657594919634256,-0.96920328692761626,0.244653188478583,0.028103486900532541,0.042779788680487228,0.054881554709879543,0.99757601446359967,1.3548707638424071,24.549089914654491,-4.1583446669330009,,0.09484352986783032,0.3333333333333333,True,5
0.72075333078519677,-0.66436721362136042,-0.19781517036626781,0.68617072736141682,0.72429879534313668,0.067535087005099664,0.09840919202163087,-0.18441111823713804,0.9779101034329174,-11.355181265066724,26.747506842337639,-5.8144596067134282,,0.4402981418094613,0.8088235294117647,True,5
-0.24442289499811767,-0.94797688887436315,-0.20395407953954406,0.96827733598757004,-0.24987590166839516,0.0010170438640057372,-0.051927343601940068,-0.19723552399476629,0.97897992781310705,-8.4828384448230914,-3.2055059204978589,-5.1011908102464396,,0.3762775634243775,0.9190172884440401,True,5
0.80554155677450723,0.58535514305363545,-0.091989982117419725,-0.57632343005254683,0.81006814140597661,0.10789305006132666,0.13767390559496792,-0.033896353487167102,0.98989743556517151,-7.4292951103771614,-3.0287970053895652,-4.9220859633202636,,0.08274344378735404,0.2684210526315789,False,4
-0.8368474588981768,0.52886618432525834,-0.14137499642053411,-0.53368474583211922,-0.84567160078702697,-0.0044872807370609606,-0.12192999057561899,0.071694509549537308,0.98994594534180524,0.12392713767095775,-7.2873865008537617,-3.9481923632015818,,0.383462380168745,0.9637404580152672,True,5
0.89289552196350641,-0.42043594709370502,-0.16115582908767501,0.43096104324166845,0.90167553902389652,0.03540906005555295,0.13042302735931807,-0.10106847538864057,0.98629356543427027,3.1166965606140482,10.009190052209824,-3.8053203574088545,,0.1860304655827327,0.7869822485207101,True,5
0.98585448058105751,0.11905127902541236,-0.11797345498316042,-0.089289910871039352,0.96874381695908396,0.23143623078546638,0.14183883436806796,-0.21762860580804902,0.96567051057757269,14.164219091753493,15.238565986319985,-2.5709455397472794,,0.2301409968381726,0.4,False,3
0.98814837487466289,0.026686305918454167,-0.15116424944076462,-0.015715855854762161,0.99718548913393801,0.073308336057107043,0.15269512470054622,-0.070063837584991601,0.985786618673407,1.0448586357052996,18.523169665705034,-4.1546416833842397,,0.2097946653621368,0.6206896551724138,True,5
0.33237937211454444,-0.92523035327057002,-0.18295558581130356,0.94250848791191932,0.33297532501085708,0.028375749292337115,0.034665591106004361,-0.18186870627111784,0.98271159068800085,5.9952888564067592,13.67525548126018,-3.5177455579652883,,0.07726167322818459,0.2142857142857143,False,2
-0.55677335142341422,0.82615918391909915,-0.086396978945253083,-0.8274691805310711,-0.56073753128839365,-0.029464831169293913,-0.072788669557674421,0.055085604568935909,0.99582497747008636,-4.2726411930614274,-18.439171447299422,-4.3017468935167162,,0.1863239055709795,0.2222222222222222,False,2
-0.93857746009312248,0.32154876972288604,-0.12521477586467947,-0.31510952604678133,-0.94656062594977086,-0.068767492292153787,-0.1406354791641013,-0.025087249575769972,0.98974354855639601,-18.082967345489678,27.625278140307099,-6.7668102704255331,,0.1804270208000269,0.4,False,1
0.9882992940212787,-0.016489209061058739,-0.15163314750272319,0.022696413904365262,0.99896980453479678,0.039296341096742751,0.1508289701381125,-0.042278074840873703,0.98765539848411998,-9.8078103418559817,15.468256950108264,-5.4669899004077545,,0.1419299591635066,0.7358490566037735,True,5
0.42099712502609726,-0.88714026405509272,-0.18905970647396284,0.90547591043907272,0.42335134142615127,0.02978283611764387,0.053617127247670468,-0.18372749822750684,0.98151383589879593,-12.222954504908632,-9.64420579710184,-5.4445233563401727,,0.6047170949633621,0.8895184135977338,True,5
-0.87875186917285031,0.46462928946080262,-0.1091548249065131,-0.45962185345479695,-0.88544547862939549,-0.068804478063116903,-0.12861922193824271,-0.010292120768360988,0.99164064458758983,-13.115297555259696,5.9424845621822264,-5.7484757849307213,,0.8953026189437869,0.3491525423728813,False,1
-0.36880536524507607,0.92930206615262889,-0.019500574630003806,-0.92844215357069171,-0.36930568355158383,-0.040105854554074005,-0.044472126545300014,0.0033139011680655833,0.99900512912576489,3.0942512025565319,-15.768285672794949,-3.4610573888203868,,0.8960504228141466,0.7837837837837838,False,2
0.61586189961384386,-0.71822609439955765,-0.32382927280835033,0.78281469477973065,0.60425774212255534,0.14857232152008704,0.088967826999115374,-0.34499834551561048,0.9343772617901972,24.19988130006983,-4.2518422647573191,-1.2783616671042064,,0.5258441817209085,0.55,False,4
-0.52290807045546406,-0.82775037914744232,-0.20346119943077642,0.84719984165198647,-0.53100021049763158,-0.017064722567950424,-0.093912609150175949,-0.18129557709094168,0.9789342856238461,9.2075173435401432,18.661676896112027,-3.1926311011193529,,0.1222356479446686,0.1363636363636364,False,4
-0.88441726808240939,-0.43791613131299217,-0.16135537751655354,0.46470271531636598,-0.85825794753001772,-0.21781800173345994,-0.043098518480845005,-0.26762428409511602,0.96255896456650003,14.142889742721824,5.2294250859070068,-2.5118813231989159,,0.3786361247268637,0.3333333333333333,False,2
