axis_00,axis_01,axis_02,axis_10,axis_11,axis_12,axis_20,axis_21,axis_22,location_x,location_y,location_z,dbh,dbh_approximation,score,reconstructed,number_clusters
-0.92280138601456529,-0.26221133253139162,-0.2822814536268895,0.27949596559523782,-0.95989364405060473,-0.022049882703485499,-0.26517844404397473,-0.09924418977130979,0.9590781947323449,-5.8207905474824004,1.199589084993792,-3.056264750585949,0.1929701347470768,0.192989227268077,0.2076466710613052,True,5
-0.17598160497917623,0.98351699252419533,0.041530713034028222,-0.98265056110175852,-0.17802304234037464,0.052016066386032768,0.058552109059812667,-0.031656307618526724,0.9977823052713497,3.8978771673699733,-9.3014490781044668,0.96071706295646542,,0.4334927459313877,0.2978723404255319,False,4
0.76480327448205421,-0.57061902567031275,-0.29911515990432486,0.62412084005732171,0.77138710670692645,0.12423811255995323,0.15984094703069759,-0.28170172017468958,0.94609461075674162,17.027498204753876,12.078750454621099,2.3177491502969634,0.378210667496353,0.1478371552440062,0.3461538461538461,True,5
0.96720591655711952,0.076561658533505356,-0.24217974196761369,-0.028131029073796283,0.97991191966126612,0.19743676179734193,0.25243090179324362,-0.18414923879389242,0.94993036464336611,-1.5658280009398651,-8.7174121946116898,-0.48689212793154379,0.2358758202713337,0.2318439058661255,0.3593073593073593,True,5
-0.84872935736361188,0.49018874438289439,-0.19842750018450403,-0.49233637763572485,-0.86939730691952988,-0.041871398085101028,-0.19303722233207432,0.062155591875467014,0.97922076836274619,20.991024868283574,9.7030746293761414,3.5773709579671511,,0.2928543580310025,0.375,False,4
0.17301956619898504,-0.86342178113105739,-0.47388506790232271,0.98467771311635011,0.14100338224753278,0.10260529950598415,-0.021772253082113183,-0.48437678935228734,0.87458852892803252,9.768240241696283,3.0234034268536316,1.1368175406870931,,0.4450738267102962,0.25,False,5
0.9666026869328681,0.094956962930262553,-0.23803869602487335,-0.050842985857955422,0.98141450072481984,0.18504207239463588,0.25118566122135438,-0.16675956631664243,0.95346578891886724,-4.9784226537497176,-8.9967598215501283,-1.3636445146252081,,0.1214513502845314,0.2564102564102564,False,5
0.16542654502014939,-0.89129795520734556,-0.42216349113335516,0.98571028529590721,0.13563738848024218,0.099888599490245145,-0.031769351025150779,-0.432655121187148,0.90099958626293308,-3.2428764295934496,6.5769341298789783,-2.9661318609213803,0.4241428172510409,0.534862399494034,0.3157894736842105,True,5
-0.7927192108973391,0.59878805724371464,-0.11423272375549359,-0.58826196612280968,-0.80056794929176389,-0.11418764285204894,-0.15982525422356553,-0.02331997146393297,0.98686983287731267,-9.6677941296487599,-7.0641619796515513,-2.9535844977380883,,0.3247238871150662,0.1940298507462687,False,3
0.95739950738279544,-0.13098735706614378,-0.25734897620159691,0.16892064157131514,0.97685604091695533,0.13121772812844243,0.23420503861855488,-0.16909934243775498,0.95736796075114361,-31.638856768494072,14.40142060878485,-12.298926476949694,,0.2466886061309804,0.6818181818181818,False,1
0.80202044937778982,-0.42685169040613274,-0.41780477878702704,0.57531374240827582,0.74008455879898738,0.34826562222460838,0.16055309581578744,-0.519684981719442,0.83913659388637751,-0.064630217129576395,-4.7659929119637479,-0.62320442833412271,,0.3372564443381527,0.2350230414746544,False,1
0.56779208409487381,-0.71227150427931907,-0.41265173382754117,0.81763487805150481,0.54603863287882426,0.18252401923452632,0.095317130846983567,-0.44103414334436808,0.8924144378995662,-7.8042845712231221,27.150698401871782,-6.7623806407758078,0.3544529133410021,0.4018062783433127,0.2972972972972973,True,5
0.0072410058642704807,0.99112072967217857,-0.13276771839630658,-0.99619225396139111,0.018685548961489468,0.085157756002199339,0.086882454968744638,0.13164554483192781,0.9874820958095939,2.1415756549155769,26.087458816829677,-3.6384751982678587,0.3576065183073773,0.2031013448812958,0.4117647058823529,True,5
0.31248148185360908,0.94711154171802125,-0.073041433741982242,-0.93596022294280001,0.32011211731494976,0.14665160557253637,0.16227687625609366,0.0225379655836902,0.98648783851597088,1.5373412040290764,12.451635396434847,-2.0689291513798667,,0.277966917937912,0.1739130434782609,False,5
0.94292830312815401,0.25643642590989785,-0.21243016411616072,-0.20686333504059068,0.95100177915757889,0.22978941806576986,0.26094784110190644,-0.17273093384127319,0.94977378818252156,5.4225471321353735,-6.1981113922181112,0.95711622870304403,,0.4049150924309288,0.1951219512195122,False,5
-0.96742989917959166,-0.012221506511496862,-0.25284387465777169,0.019561886287010867,-0.99945639421261401,-0.026537684006230633,-0.25238209678632029,-0.030619452087030069,0.96714307440814107,0.33695931882501945,3.4650112240143174,-1.4934124367278008,,0.1440698674827438,0.3197969543147208,False,5
0.9004273835030655,-0.28382703644677076,-0.32965548747088691,0.38250089206736615,0.87751243810775259,0.28924900783556406,0.20718010185704047,-0.38654124533875112,0.89870032327048566,1.9404400667942083,-16.875915260535834,1.4234343739742836,,0.5003941135312129,0.25,False,2
0.48451914418455738,0.85809016206388389,-0.1700660832965889,-0.85263160642519198,0.50671148454935966,0.1275257430897033,0.19560302309387023,0.083215053896288249,0.97714620818052467,8.5013635523603313,23.552541668504876,-1.4842757128812325,,0.22855951689094,0.1538461538461539,False,1
0.71178872026906725,0.66914188723663182,-0.21355550202025958,-0.66062665544350652,0.74105053995418613,0.1200688109008273,0.23859849080673814,0.055616831795874469,0.96952438247098216,5.0450972528438944,10.781277623142396,-0.93361152141525838,0.2006088500764759,0.1864015345551099,0.6195652173913043,True,5
-0.38745117895837905,-0.87763402526526146,-0.28220577885730164,0.90483150499970622,-0.42064207161934469,0.065880157435699138,-0.17652629119688776,-0.22982333493464122,0.95708918248812702,-24.977422543677047,9.5802976970719183,-9.812037400294118,0.2794481153280356,0.2869574498882211,0.7391304347826086,True,4
0.3662568350844333,-0.88956518435092524,-0.27300130685518587,0.93033050631655256,0.35589320282271247,0.088460031660514402,0.018468345099704006,-0.28638053525911422,0.9579379464526826,-12.161668899250451,-23.104052582672882,-1.6688001267252,,0.3146496121192153,0.8275862068965517,False,1
-0.91732306088870741,0.35054813126978357,-0.18877078594167213,-0.33831846198774129,-0.93626428202847889,-0.094603448541515311,-0.20990240646553646,-0.022917283018726545,0.97745372161500177,0.2233599321214001,23.448601123876379,-3.9791377214606172,,0.2296918250745753,0.1428571428571428,False,1
0.96783342705818154,-0.0045642382599477699,-0.2515504426510205,0.048589766096091808,0.98440278057191,0.16908636915204472,0.24685520472443953,-0.17587021729502944,0.95295969199597153,-7.6857626924877316,9.1838914327896273,-4.4956850752516946,,0.07381831407032002,0.1818181818181818,False,2
0.10697597038356134,-0.94357513841082741,-0.31340405219697653,0.99282800490733658,0.084455052202556197,0.084616173567371389,-0.053373162096838726,-0.32020821715011194,0.94584248331174747,-3.2949396493717189,-9.7135899331844815,-0.78768420323605914,,0.07093557688568022,0.2297297297297297,False,5
0.83202244256200897,-0.44650839611298082,-0.32919433056139252,0.5147418149446451,0.84265370240399373,0.15803671020473634,0.20683210345747266,-0.30094017682166752,0.93094333391130868,-9.8926195580411509,12.948937826842183,-5.4857288319771635,0.5364081726616429,0.3292144221854259,0.9640287769784173,True,5
0.22179076178770987,-0.9127617755005164,-0.34303760605912414,0.97506890505703137,0.21014552399106359,0.07127053484720175,0.0070347975459313719,-0.35029244915023328,0.93661396086745463,4.7541868755604124,-15.187269941782525,2.03624283407731,,0.404532970401891,0.7105263157894737,False,5
-0.79711851221509022,0.5837293080190703,-0.15447385682884857,-0.58268137227852046,-0.81071447543455455,-0.056784308752475282,-0.15838085706177596,0.044745215168253666,0.98636371072537199,-4.6200170701636081,3.4229929860179742,-2.9067591336986913,,0.07579577835625571,0.4477611940298508,False,5
-0.94465583432609834,-0.19551766025130085,-0.26343537955924046,0.19837282191148994,-0.97999618411881839,0.015990704782104348,-0.26129213191471445,-0.037152707067089792,0.96454450294273697,-23.373766256758444,13.774312502820136,-9.6377645742908253,0.2125536035309978,0.1822725636968468,0.3870967741935484,True,5
-0.609518880247365,0.78284242929410097,-0.12507783784071372,-0.78752047464707575,-0.61602735319969337,-0.017938843926624343,-0.091094657547201627,0.087567294161060419,0.99198474401558601,-0.51672349665430328,18.917677388917618,-3.5531688468222806,,0.1110220220640185,0.5333333333333333,False,4
0.65010339093099079,0.74358230578231532,-0.15636794948928501,-0.72386884039502586,0.66863934201184694,0.17010388654915054,0.2310400030410078,0.0026047728156132766,0.9729407649766717,3.5940744389060173,10.703943149397553,-1.3183793463101185,,0.07476732387383087,0.36,False,5
0.96709746615574654,0.12118941522399199,-0.223686424694932,-0.045473850645674475,0.94743512553174603,0.31669987656470489,0.25030904870297732,-0.29610776508952152,0.92177305861643588,14.353944447447002,13.559591278733384,1.3926269345013249,0.5009425492465291,0.2241134710910299,0.3846153846153846,True,4
0.91716742950299079,-0.23857675935612577,-0.31919435482790659,0.33194684267673624,0.90056722311941895,0.2806955116846781,0.22048854821922237,-0.36340033921022463,0.9051657271273984,20.171651327187895,2.3352465912427363,4.0167349805103711,,0.2211014385466318,0.3478260869565217,False,5
0.96823016806547291,0.032513569590720263,-0.24793791448743122,0.023016495959604356,0.97571447286834956,0.21783367129298797,0.24899916176896833,-0.21661979417336119,0.94396783960611863,-29.946398558691051,18.507596026434921,-12.205142226175331,,0.3503872754218071,0.6333333333333333,False,1
-0.42774721001877497,0.88181620167087282,-0.19857620902793977,-0.90283558773496009,-0.42745705492507041,0.046565735407637233,-0.043820381564094762,0.19920003179100956,0.97897861135677378,-6.6476959025978939,26.030255466419263,-6.2507718721119154,,0.2149970294674651,0.9259259259259259,False,5
-0.41869502860275709,-0.81102105659711288,-0.4085820832824647,0.89286674045694403,-0.44977442448645177,-0.022179965366824234,-0.1657813524167569,-0.3740959941431925,0.91245204277095449,18.171528134905284,8.9641592818356912,2.867930317935524,,0.3080297279778285,0.6428571428571429,False,5
-0.47335514962893982,0.86148116400139851,-0.18380725336765208,-0.87934671138709941,-0.47440679350767284,0.041079866680193027,-0.05180987832892521,0.18107567021707976,0.98210352721236971,-7.9210072676053338,7.5958088492096945,-4.4365370703551097,0.4341450779047807,0.3454297764769971,0.8645418326693227,True,5
-0.95514150792113617,0.19726711770119901,-0.2208854547497415,-0.2073482337470583,-0.97799242362938044,0.023184677817621839,-0.21145072666726414,0.067944857034163642,0.97502414667252935,18.1687327752058,-1.9940631036345391,3.8042668024119122,,0.1305435711355082,0.3181818181818182,False,5
0.85443646050984878,0.50210414765322087,-0.13352812385724272,-0.45891117533615516,0.84985023009270233,0.25914304845581004,0.24359570624908627,-0.16014372082855555,0.95656422710458677,4.6030811506786495,-8.637441822317518,1.0715264548625705,0.5413940695252105,0.181246782093194,0.1428571428571428,True,5
-0.49271626180590533,-0.8038355268487607,-0.33328535990617936,0.84681172199993482,-0.53109940329394856,0.029040167084893147,-0.20035117378124162,-0.26792138697123197,0.94237865933386444,15.044614243576882,6.193831001806414,2.2745172750358744,0.2903071220711459,0.2759825844592995,0.6417910447761194,True,5
0.95322273964225679,-0.16915624137074528,-0.25050463994551642,0.21711615394178835,0.95976458718190605,0.17808007437406226,0.21030212630032133,-0.22413858034008338,0.95159598174682103,-5.517652823271102,16.253361456885656,-4.7365234665256475,0.2463941187229221,0.1601988736366065,0.3947368421052632,True,5
-0.70903552592632135,-0.6329404602833798,-0.31089386727731844,0.65963541323849617,-0.7511729886310865,0.024905074838648324,-0.24929850496154585,-0.18741802177833281,0.95011827713008079,-25.292417966404848,15.728354026644741,-10.502456515650673,0.5721951469947227,0.5267924651535437,0.8279569892473119,True,5
0.78675437475465348,-0.55185154291875382,-0.27654552678104577,0.59782409688864002,0.7927810413204317,0.11876266122892076,0.15370069285366744,-0.25876262307582998,0.95363410274340554,3.5454360930040489,-4.0728945921492414,0.25811772194761218,0.2437771631298663,0.2137263049387731,0.7397260273972602,True,5
-0.50175575258242133,0.84657669945552816,-0.1776205412936063,-0.86298720519989813,-0.50394807079567905,0.03590857282855394,-0.059112168051241448,0.17130158750081392,0.98344370337502518,-15.605206038950339,20.095227501229125,-8.1440858001413279,,0.3105826843129454,0.2083333333333333,False,1
0.56087414199100416,-0.77576885024355469,-0.28914163975057061,0.82349298638475976,0.55874996459827753,0.098273996746514367,0.085319975509636825,-0.29322545601161165,0.95222861421289895,7.805543252715136,3.2906334897242164,0.5923884787267174,,0.08648042710880843,0.293103448275862,False,5
0.95237104806237804,0.19562452405859765,-0.23392398850784207,-0.15741460256510453,0.97238525036478018,0.17230080606978015,0.26117049931383907,-0.12727124757726288,0.95686571671697451,20.801937134645112,0.1164593735094563,4.3738399767175746,0.2038952780615183,0.1555317974624403,0.3888888888888889,True,5
0.92009762274281459,-0.22578643440059415,-0.32006382279740297,0.32979304840851842,0.88742788861247335,0.32203771166468126,0.21132181582704099,-0.40186095674184863,0.8909830871582739,-21.766752328993228,-11.082206983230567,-5.8659144366495957,,0.7373033640216811,0.3333333333333333,False,1
-0.15265597506603773,-0.93752415867097683,-0.31264133633432861,0.98088606261465394,-0.18235580421551958,0.067888827042693445,-0.12065937777462182,-0.29630189431927123,0.94744208370636196,12.416102003699223,8.6127285396211981,1.3231377163749536,,0.1587066756961994,0.5681818181818182,False,5
-0.89980191338591176,0.37652573559069591,-0.2204197974432846,-0.38853028153856928,-0.92135535702417348,0.012187141191378564,-0.19849618886672188,0.096605778920020369,0.97532896321428086,12.353127552323279,0.90128676443604472,2.040059671450996,0.2086093116128874,0.1778093838597988,0.4814814814814815,True,5
-0.8881935926632194,0.39008142701260018,-0.24279337357476832,-0.41556359541011118,-0.9074267213979369,0.062318885282176981,-0.19600775525939027,0.15624732187402474,0.96807424006910248,-3.8349059924314051,-15.835774048000212,-0.31451053848470356,,0.08181491059732231,0.4285714285714285,False,1
0.9657175492369634,0.025082198386150743,-0.25838053026470664,0.023501558562926527,0.98278676541920529,0.18324260001967146,0.25852909283263759,-0.18303293977034232,0.94850495576889826,-26.970503897919563,19.635806579030536,-11.497718349739404,0.2629534099185232,0.3095864076397894,0.5806451612903226,True,4
0.5751149922388501,0.81519254964773225,-0.068584638957557204,-0.7910683044121658,0.5755355126395798,0.2072916096834565,0.20845547116007743,-0.064961378445404339,0.97587208990415575,8.644989256309616,4.7996346900576761,0.70598091173241684,,0.3381235324926099,0.2,False,5
0.83078942636949249,0.53909552148188267,-0.13843752291494443,-0.49819769126779284,0.8311664376266914,0.24690365201510467,0.24816927579394191,-0.13615568912510423,0.95910043210853457,9.0788404817880188,-11.135318129096826,2.486668560332562,,0.5877029428097014,0.2941176470588235,False,2
-0.90272028913431557,0.37619810388288988,-0.20873683484276789,-0.37910623133133498,-0.92494508849212265,-0.027478148410199313,-0.2034073375053389,0.054328352719542172,0.97758574311401014,-2.78926319120596,26.293350969428456,-5.1248671264760128,0.2052572169171918,0.2307108427692776,0.4,True,5
0.93547951269192253,0.27828220786688834,-0.21780058337482777,-0.24798392648651515,0.95605256780819248,0.15642077800501658,0.25175792646511841,-0.092317389326680807,0.96337710481923544,2.4043996426304095,15.510468860660687,-2.3905732481178115,,0.0787967173904607,0.2333333333333333,False,5
0.33565716473617707,0.92627557319252074,-0.17131208441945056,-0.9241191300386401,0.35905097522155938,0.13071430942736473,0.18258724286733866,0.1144375799259722,0.97650700921334355,-15.832303840404414,-15.443565864795646,-3.6593623642079427,,0.2284033719310162,0.6764705882352942,False,3
-0.75515020633671959,-0.5458993333503932,-0.36296292333681507,0.6078008787006266,-0.79047734757900645,-0.07565483999854461,-0.24561404218887159,-0.27773995177513661,0.92872722662124452,-15.905793115845141,-7.0266188539843419,-4.6093290083805574,,0.4750873488143606,0.2105263157894737,False,1
0.87629424407399892,-0.4039527378484184,-0.26254634521841408,0.44322865622201046,0.88954706444209342,0.11069949614196899,0.18882996612405176,-0.21337339507825687,0.95854840157728538,5.5291173394459445,1.4477850348777204,0.18431460359149801,,0.1043362801467493,0.3230769230769231,False,5
0.39838080288327321,0.90636237237762218,-0.1407124224512028,-0.90291658485570148,0.4145131909167582,0.11366818089739431,0.16135171733388609,0.081768358758227716,0.98350371571204054,-24.044928879176904,11.906434877218544,-9.6828944308935778,,0.175249654738689,0.2777777777777778,False,2
-0.20010265203963692,0.95487312559698623,-0.21949087147156263,-0.97923214120810054,-0.18745292887240522,0.077238676077180157,0.032608929324689138,0.23038817996980437,0.97255228356037415,9.2345354256124104,4.1203729422803574,0.90172332455594206,0.2403761082359899,0.1877331621502651,0.6326530612244898,True,5
-0.64015773262005293,-0.69932139119980852,-0.31803721350986119,0.73257885129931755,-0.68034492950309544,0.021424367631289895,-0.23135752418221711,-0.21927236193782484,0.94783612892444802,-8.8424761586822669,18.652720470369673,-6.0713628068138252,,0.1373761537017369,0.6176470588235294,False,5
0.86305563867946045,-0.4264945505725069,-0.27062402494151327,0.46953339629927399,0.8749179781314298,0.11856188806729143,0.18620782556933091,-0.22939252357992695,0.95535632924180447,-11.388489997681543,4.7883372369779931,-5.0162404458019072,0.3397775452668688,0.3210116503913848,0.909702209414025,True,5
0.58445205540611433,0.79899574404651141,-0.14149768876957203,-0.78226259905989703,0.6011444189772327,0.16337262207781739,0.21559457563590079,0.015204885007387037,0.97636457864277781,3.8282397743737002,4.0850099776438809,-0.56185844043166489,,0.07827359433988035,0.3285714285714286,False,5
-0.96620408771012845,0.095345239125584666,-0.23949727820650363,-0.06084360348647945,-0.98718261570120214,-0.14754165232947941,-0.25049494367555275,-0.12798347015696201,0.95962102653055892,3.9260671598863386,-11.260372253040154,1.1839420892464629,,0.1346548096881657,0.3,False,5
0.82736800108220032,-0.49976876212658033,-0.25630718910656736,0.53517678773780253,0.83995907929966196,0.089747150198273548,0.17043472842085711,-0.21142357840252771,0.96241990515760789,-3.9233138412495574,-6.1668821611766056,-1.5454308026250989,,0.06957409559857745,0.2641509433962264,False,5
-0.72611674814435856,-0.59336730986913111,-0.34737545054729019,0.65045990863049807,-0.75654780504520081,-0.067359675961908408,-0.22283710491896597,-0.274864792688987,0.9353036781769728,-30.289053457913148,9.5957870058906085,-11.414975132797053,,0.4682191906484633,0.2972972972972973,False,4
0.9102192762546315,-0.30401177029163751,-0.28120759708556997,0.37456896438641785,0.89399008886300779,0.24592643601938952,0.17663227353171368,-0.32917862102338447,0.9276003856231203,8.4274451769526717,9.0092311113915393,0.15722825148235814,0.2134203935998231,0.1373499528075941,0.5454545454545454,True,9
0.81304240737575784,-0.50903805970221139,-0.28256379382936081,0.56253753834261255,0.81193305281696715,0.15593664001367785,0.15004519907037206,-0.28573584220032544,0.94648902091783638,-6.7264816313424234,20.232570179451653,-5.6382049734033748,0.5242242092571092,0.5954290835950184,0.5833333333333334,True,5
-0.96550288289353736,0.12557594840926772,-0.22811151725719869,-0.10824089741950794,-0.99030809296821343,-0.087027519368759979,-0.23682924492150007,-0.059334325501966149,0.96973777206373624,-10.064186995046509,4.2025213549289901,-4.5377751045075962,0.2701477648820432,0.1922247600772891,0.2327586206896552,True,5
-0.88143045437701284,-0.37204263992305203,-0.29097186835812672,0.39156579407630893,-0.92009900032736458,-0.0096983764607434381,-0.26411471561827526,-0.12248307505802948,0.95668245166210031,2.6579166811915562,22.293494191846406,-3.0993823478941689,,0.1320761537343819,0.2941176470588235,False,2
-0.95585079707467246,0.18930253808019074,-0.22475275928920826,-0.1936180628316739,-0.98107272542365564,-0.0028901859994647644,-0.22104592164757267,0.040753607278367465,0.97441153729662777,-4.2027947367094685,-7.9505956617105396,-1.2694673881275589,,0.1495066200500395,0.3396226415094339,False,3
-0.40157924805308792,0.91468516013239054,-0.045663610968691565,-0.91571754573245656,-0.40179421928891107,0.0047730266855619957,-0.013981558240878517,0.043731718232857125,0.99894547040844994,-7.8242979017489187,-6.84568172371418,-2.468902306320802,,0.6300299841624221,0.284789644012945,False,3
-0.34496379833437812,0.93846202954310043,-0.016999910134041424,-0.9386158208817984,-0.3448962594456727,0.0068491613189494704,0.00056447241590595887,0.018319097309369592,0.99983203191569303,1.3413664774933778,-10.364946469909976,0.52724543354193187,,0.3603096278079814,0.2417582417582418,False,5
0.08601427442718973,0.99482369004062421,0.054105178390983444,-0.99088233177096174,0.079768287463957213,0.10857819716319411,0.10370028533666653,-0.062951140172546133,0.99261442905695785,10.779695352351821,0.48941011109683169,1.6610172449835183,0.6209165304730685,0.5020489268275987,0.4,True,1
0.28996020745373341,0.93768367803606811,-0.19150038652216794,-0.94793450060208284,0.30892794229132509,0.077354437751998822,0.13169381405999303,0.1591001144449605,0.97843951929689199,-4.8789779388872532,20.669954642373657,-5.1535722529208705,,0.133372612232465,0.2666666666666667,False,5
-0.67205761213192827,-0.69051517309509425,-0.26744599772848321,0.70357025889849834,-0.70807280265882311,0.060181366953408748,-0.23092738419042452,-0.14772170409365273,0.9616916560783072,0.55147724828950651,22.214018640572952,-3.7279813594325342,0.1606887340010648,0.2145489781321282,0.6923076923076923,True,5
0.96778101602430056,0.014768765163255084,-0.25135987865712534,0.029011917434716525,0.98508921537104865,0.1695805012565198,0.25011640024143422,-0.17140922184994581,0.95292217153084557,2.4514686131565351,17.33910107650572,-2.5628001502567641,,0.1766037664317157,0.6341463414634146,False,5
0.26269477113273793,0.96362468388165823,-0.049182576523529142,-0.9531518426751926,0.26708763308727235,0.14200620076857121,0.14997673827765268,0.0095741770305858565,0.98864316773534833,-19.017492503597726,18.960666114199949,-8.9884086679227817,,0.09667171709677465,0.4090909090909091,False,2
0.95760023131838257,0.12222567220857179,-0.26088825583406577,-0.07366064942227156,0.97931931409983253,0.18843510755090415,0.27852451544822293,-0.1612283042278693,0.9467996241075175,9.4488754664623507,-9.6963321971903298,2.4129575472001492,0.7197500809211089,0.5485320960861161,0.6071428571428571,True,5
0.45058099171302735,-0.81372375692356735,-0.36719261610917386,0.89219924615914392,0.42471045446048783,0.15362791095702852,0.030939861989990131,-0.39683079176162739,0.91737018027069073,0.67743378625265183,-7.8172649458413002,-0.044979213630717024,,0.0728509887367575,0.3,False,5
0.72550439245147591,-0.63692260950534907,-0.26071625579260088,0.67617057371756883,0.73024794684592653,0.097628332802338694,0.1282058180117818,-0.24711844453259033,0.96046641929831389,-6.1857151268700523,3.4155412592785344,-3.3683591032204183,0.4888283200832703,0.6104393011812366,0.8607796340493238,True,5
-0.35227962328631657,0.91878106283963712,-0.17815842832860146,-0.93579226501862411,-0.34861766112059889,0.05252202477167537,-0.013852932850629218,0.18522171827858047,0.9825991101814443,-22.266907936691059,7.3924687788808177,-8.7589611802315339,,0.1025982768672104,0.4736842105263158,True,4
0.25547667988988854,-0.80646724273264314,-0.53323751971485367,0.96672472807143961,0.20553958957288612,0.15230488256589916,-0.013227477750584887,-0.55440424197278571,0.83214239785924882,12.765717859815652,10.266677013579347,1.2783776353957759,,0.281185181818965,0.3888888888888889,False,1
-0.42752514196146146,0.87912487491582725,-0.21062219088943085,-0.90344734014402495,-0.42367479817834913,0.065441339955889272,-0.031704204413915985,0.218263876289153,0.97537465813384483,15.656400015229917,0.73419685032605408,2.9553374719025638,,0.1499506024042274,0.6666666666666666,False,5
-0.44925503843411618,0.88437980585885623,-0.12665808079477064,-0.89273491012810535,-0.4498684769820358,0.025352192339704906,-0.034558510965126452,0.12446169051928091,0.99162240641937816,-6.6319866491938058,10.664256938406082,-4.2657047743068919,0.240442500575194,0.1517092176132628,0.5878378378378378,True,5
-0.87149772967108774,0.46002621867468974,-0.16990463592853194,-0.45331669283362541,-0.88786554289264352,-0.078732164598320498,-0.18707133178690141,0.0084057049566964859,0.98231036895049484,4.8230754833277949,-10.276819766685469,1.3423126159664103,,0.1089255977947226,0.1851851851851852,False,8
0.67754643453132457,-0.66090339588748659,-0.3227034712522921,0.72288953687507329,0.67925976950130573,0.12663681539574367,0.13550478416067938,-0.31908128563333549,0.93799018471844708,-15.278618617436864,21.440070058895568,-8.3171258626707889,,0.2815878351480993,0.2692307692307692,False,2
0.74870320540899959,-0.57913285154687988,-0.32256573046352699,0.64778360882441555,0.74250706861610993,0.17046890975637752,0.14078318915518895,-0.33658341211992449,0.931070190875534,-5.9041588924607655,-17.507343282491341,-0.63744557221704445,,0.613280596435442,0.3902439024390244,False,1
-0.86011933140234076,0.47050663553472521,-0.19702345460828957,-0.47692340860516225,-0.87878863781300365,-0.016570829043851737,-0.18093865831387451,0.079712207148969594,0.98025872399026182,-4.7259290396789613,6.5796583820884385,-3.3539707760064061,,0.08176268653692545,0.2857142857142857,False,5
0.6681757025462175,-0.6655702704242229,-0.33250179797152352,0.73867664924708787,0.646839716410884,0.18961853583071081,0.08887090853571783,-0.37230981238870731,0.92384379914308157,19.550986142940076,11.980936191325682,2.9467796786040235,,0.3061546155152352,0.2307692307692308,False,5
0.96769203664688519,-0.018467107057537686,-0.25145792524223226,0.047057751068775931,0.99301845627049601,0.10816613874272039,0.24770484507686097,-0.11650455554649254,0.96180507290321671,-2.3286624862342737,15.280741856459761,-3.6454961919262927,0.2198187601873302,0.239184346790712,0.5526315789473685,True,5
0.46518538559421868,-0.77114651567930681,-0.4346672386840571,0.88250968405993535,0.44235256871907075,0.15968989475878936,0.069131863637482374,-0.45788345275113923,0.88632021816423889,-10.38240825597995,15.699828946973126,-6.0157049445377515,,0.4332980759402613,0.2272727272727273,False,4
0.8488881009222542,0.50699584149224164,-0.14947979402642375,-0.46049850383817675,0.84819982910434821,0.26172156554276332,0.25948048110678601,-0.15333710124078873,0.95349756859032542,-3.8319567534578058,-4.2119594910773905,-1.7531734905870002,,0.1059069371720819,0.3595505617977528,False,5
0.24400765182879547,0.96976548488841063,-0.0038948900039698919,-0.96036377887912183,0.24219626929946861,0.13799412797083946,0.13476527025168772,-0.029931111849795855,0.9904253886474359,9.8326493614953048,9.3733862626641145,0.53595080360373859,,0.182443569210343,0.375,False,3
-0.56019484581145729,0.81376047066263024,-0.1548406636294628,-0.82482090005230524,-0.56523186302569972,0.013543406417956025,-0.076499787994365687,0.13530276200961844,0.98784662019434288,-8.615140313551187,11.349635185507971,-4.9835745484742802,,0.0861134599525717,0.2,False,5
-0.33280136702530344,0.92734335528362266,-0.17110684240381402,-0.9429950932576322,-0.32691607577101633,0.062338860227874243,0.0018719503520490954,0.18209937071223922,0.98327835071666647,-19.753772842538353,-19.078299278150368,-4.2103360245657706,,0.3206181708157329,0.3846153846153846,False,2
-0.00088656137651903265,-0.95901650685427942,-0.28334881963746072,0.99677303347920831,-0.023590960007759735,0.07672669896828524,-0.080266641499337987,-0.28236643955493157,0.95594270752775168,16.805783331674402,-2.0070034300286359,3.4880457585446951,,0.09292132445445822,0.2631578947368421,True,5
-0.85799406142311874,0.48409362022106406,-0.17175435197957384,-0.47140695000160493,-0.87489948417721308,-0.11102423193442303,-0.20401391632151866,-0.014291936457605028,0.97886365878984705,6.8660704744998062,-17.937330673722109,2.8233616846805734,,0.2548808949039861,0.2727272727272727,False,4
0.44250758560901426,0.89099132257810076,-0.10159478219380846,-0.8771087212457902,0.45361164989687203,0.15785044248405561,0.18672795129025388,0.019259651304321806,0.98222285558755973,1.6992076257741562,14.739625864925387,-2.3991093495100029,,0.2354847051269183,0.12,False,1
-0.37908501879668166,-0.86292765480029654,-0.3341413040987008,0.90677080912355257,-0.41842333519501651,0.051851830109432152,-0.18455689704082628,-0.28333332868750138,0.94109562564572724,-10.778217007613115,25.175913412772545,-7.3848977110239113,,0.4019390041180276,0.36,False,5
0.25763203018551867,-0.86566994563586408,-0.42923336571763326,0.96624302170594856,0.23099983026109225,0.11407673480558714,0.0004000338057011249,-0.4441335650929189,0.8959604993138971,2.1939283314951754,-8.5078667464580917,0.51370590304121477,0.4976811927219023,0.4581023700215444,0.1704545454545454,True,5
0.68075907624858645,-0.68108983726416616,-0.26959917225511881,0.72314120629012313,0.68354882686586793,0.099135246282862924,0.11676418916105717,-0.26244548932258288,0.95785619445916481,-6.9520233911308944,-5.4629020605511709,-2.4825107784318128,,0.07129874096611484,0.3363636363636364,False,5
-0.83023732705953934,0.52833804045116728,-0.17766512254591083,-0.52764100581453577,-0.84767727396297432,-0.055119943665856194,-0.1797246497842124,0.047980769261474127,0.98254612921787088,-24.979193109931472,8.1716374370550842,-9.6223223852937618,,0.1304810495764486,0.2857142857142857,False,3
0.097219330759400729,0.97396322943655078,-0.20480241559175594,-0.98962505491567854,0.11647171764368817,0.084122468296339264,0.10578588001162476,0.19449927170725617,0.97518171685871557,5.289080164866351,-19.158704363295378,2.5568061480922091,,0.1355691690725198,0.56,False,5
0.96910663138294251,-0.019914068467972244,-0.24583687047849312,0.052856503492548348,0.99034645276771438,0.12814091278334289,0.24091186572717554,-0.13717628573284441,0.96080390277329397,-0.96079226295140907,2.9181051047881685,-1.7797408186801396,0.1247786018417128,0.3526224932570453,0.47953216374269,True,5
0.77663619427367658,-0.56991124555174211,-0.26839782774412363,0.61204990674634852,0.78349723252503567,0.1073638592702347,0.14910108448931042,-0.24765552450788264,0.95730643358583978,-8.5151864315782611,14.193674016351368,-5.2700215678854345,,0.08721844288587194,0.3555555555555556,False,5
0.61954339056843044,-0.70161132719621622,-0.35200501807919915,0.77898601338961937,0.60477209889410577,0.16562457348644163,0.096678736784885352,-0.37681859554589647,0.92122796739162061,7.7233082382679985,-5.837216318719074,1.5377270587835414,,0.08985667270304441,0.4827586206896552,False,5
-0.96665734882879784,0.069461222778622683,-0.24647253089417032,-0.078853132975629486,-0.99648076980652722,0.028429893171059956,-0.24363036217845857,0.046917096413660708,0.96873269413647001,-12.295064808988204,9.3953487207947557,-5.7941275426870202,0.1198038231274502,0.09983277199278612,0.3676470588235294,True,5
-0.07478302214399983,-0.90897202984504388,-0.41009431666190199,0.98905390560186357,-0.12006713046821393,0.085768618939741775,-0.1272001234775807,-0.39919134903015024,0.90800131907766446,12.071444449288125,-7.4758895993941499,2.7806523512189876,0.5640713609381918,0.584226903141095,0.7428571428571429,True,4
0.51666507650623894,0.8510946361135403,-0.093247622476731851,-0.83498799351118247,0.52496060385440579,0.16495882847846521,0.18934690230096796,-0.0073678205446713607,0.98188261304977265,9.0971542971642947,14.28347260005517,-0.25958895784811886,0.4366383644026746,0.2420079501227291,0.1111111111111111,True,5
0.94504116114819059,-0.1480918809567002,-0.29148927687032722,0.23530544035037451,0.92705384148532211,0.29189471514370363,0.22699901646746412,-0.34444153318381049,0.91095086406501113,-11.077126842058432,-25.269307047985446,-1.065404591995496,,0.1590705594349208,0.4444444444444444,False,2
0.81676734001501372,0.56102518379656419,-0.13469170513001461,-0.51755230510508121,0.81559510264014434,0.25873584991227982,0.25501122282208716,-0.14161698943080359,0.95651131960857616,-41.494409242526288,11.969054855745723,-15.079939100527239,0.64065680155856,0.6374295719714816,0.5925925925925926,True,3
0.86033403484185134,0.49053664106851447,-0.13856100556058398,-0.4404066511936986,0.85220303330331726,0.28247472738809365,0.25664631319598707,-0.18199943350968234,0.9492148735270971,-13.155942205174741,12.083362905061765,-6.3263453074272231,,0.09354305797091478,0.4117647058823529,False,7
-0.7948646366686476,0.57996166350660783,-0.17842275145358794,-0.58566150627601377,-0.81018792491760527,-0.024415699543886171,-0.15871612848142161,0.085088161223257186,0.98365095200457942,2.5625924507382325,8.7626298192102894,-1.4165235150737367,,0.07477421298890718,0.2173913043478261,False,5
-0.66776005251688708,-0.58537896367549691,-0.4598129849719847,0.70750937564363414,-0.6911108695211895,-0.14763552894212811,-0.23135901892729496,-0.42390710647011814,0.875657335631429,18.210335679232678,4.8371555864142941,3.2776565506748065,,0.3683659105782748,0.4615384615384616,False,3
-0.9648011934614823,0.089922075094266501,-0.2471288682166484,-0.099946904555654734,-0.99459028519065174,0.028298071915273407,-0.24324735017065094,0.052001778961110919,0.96856932721402944,-4.1058614830707256,20.31719346052795,-4.8258108303528369,0.1868792000622687,0.1511041821007449,0.6388888888888888,True,6
0.28121690873297051,0.93844159029121688,-0.20061014893161017,-0.94701360220347641,0.30518911233485019,0.10012413771843838,0.15518468830482837,0.16182393927956656,0.97454128962901077,-8.9817550905224923,13.172472001606959,-5.2160313284720949,0.2450095866758038,0.1946524056772924,0.6145833333333334,True,5
0.27858105479600215,0.94641684586966535,-0.1633638569661654,-0.94979194095751829,0.29671212389442936,0.099283354225204998,0.14243547592119588,0.12750321324645783,0.98155746943871369,21.952069398287449,-0.70277570254052368,4.7002603003922205,,0.1366387142609962,0.4375,False,5
0.00087401388713689637,0.98001192368882983,-0.19893683803520387,-0.99585782049805927,0.018940338065757487,0.088929550470083663,0.090919950795089147,0.19803508028042571,0.97596909250536446,-14.148360062444368,-18.796208488502124,-2.6430966790835764,,0.1417029556054541,0.5294117647058824,False,3
0.1950493633035017,-0.83328857202660434,-0.51728705918934725,0.98033004116720379,0.14942629076501915,0.12893717079771322,-0.030145584419767703,-0.53226115710060262,0.84604332299352158,-19.187876480447326,13.879480416372958,-8.3691587242520686,,0.1246623573883721,0.2380952380952381,False,2
-0.49411596322637269,0.85395931291502858,-0.16310397533648746,-0.86754129802655067,-0.49655504473715051,0.028375760157104399,-0.056758357122814088,0.15552035053901492,0.9862007450133774,-16.638581752556192,-4.3254534330529051,-5.4396450546219972,0.2759525780762877,0.2994801297881645,0.6388888888888888,True,1
0.83098374903295347,-0.47211141732782252,-0.29423938973538799,0.52613815426992061,0.83878541063333134,0.14006311980716674,0.18067830933617993,-0.27120074582749576,0.94541287488484693,-17.239726926217813,14.234696980114027,-7.767364571785266,0.45334144968624,0.3290736661290146,0.9349593495934959,True,6
-0.20285910929241935,0.97490605412052489,-0.091686244422130497,-0.97886305826950282,-0.19941191498182412,0.045409264677574689,0.025986437469620274,0.09895996060240822,0.9947520451173788,-0.98524635267929117,16.27067199554515,-3.4539461459165137,,0.1498717601557635,0.4137931034482759,False,5
-0.92947844217631848,-0.25670935548910134,-0.26489645587257971,0.25214393891266679,-0.96630716349765988,0.05170976544823426,-0.26924572345552433,-0.01872892355359005,0.96288938504037647,2.9109067465076266,4.271206036520355,-0.84704834493239733,,0.07905082319334057,0.5,False,5
0.87789590685087571,-0.34701468785029677,-0.32996906392969699,0.41815612234833671,0.89132997942418368,0.17514658181731108,0.23333288254569309,-0.29173905154409174,0.92760125685936423,7.7786968417530566,31.320088572452097,-2.5613879399467141,0.570785790830426,0.6161536452164743,0.6938775510204082,True,5
0.95436008633542035,-0.1558431748950122,-0.25477388101705573,0.18619050608658241,0.97745736582922083,0.099549954442101546,0.23351642566010744,-0.14244298096025945,0.96186281564580922,5.839960366797377,10.322922991955878,-0.71937732158351186,,0.08184218588591866,0.3529411764705883,False,5
0.55593036316755939,-0.69555510913132979,-0.45513132332293904,0.82783375731863351,0.51272817033164064,0.22759853600601632,0.075051326118193359,-0.50330201023805987,0.8608451573530681,-28.377321864942623,11.506215944118395,-10.949809497814446,,0.1324272141353106,0.3,False,3
-0.41127610637449252,-0.85129795992860924,-0.32579709597665951,0.8931957366318215,-0.44768041810207287,0.042232917383140341,-0.18180577655337293,-0.27363118731120695,0.94449596766872645,20.388927750601617,-0.80496170495231067,4.2592977920411688,0.1640247997362924,0.1049980111738944,0.1851851851851852,True,5
0.81064748876386195,-0.46994559762261112,-0.34928753804848628,0.55661826748994314,0.80363378301901156,0.21059165958567361,0.18173264224497479,-0.36513542428211615,0.91304401245338707,14.150819899827228,1.5747444392399919,2.5150819741370571,0.1730344850760656,0.3216833234877831,0.5272727272727272,True,5
-0.94553344165501618,0.24322360695422049,-0.2163533862277181,-0.24113507228543288,-0.96980806313791867,-0.036416995847809872,-0.21867873153537423,0.017736902008502829,0.97563569772801062,-28.518058561469289,8.3152237596898075,-10.729036048352096,,0.07469716885268665,0.25,False,2
0.36708325523161411,0.90567328622724252,-0.21214566303110738,-0.91507270345344449,0.39254891778485579,0.09245157943671109,0.16700847620095699,0.16019127866486679,0.97285503705164045,24.89830136767463,-0.44599612408879719,5.4157808928596465,0.2320166807548828,0.2057319353237789,0.4444444444444444,True,5
-0.04903984419675287,-0.90590236015720027,-0.42063762021813145,0.99432555216595975,-0.084084586382206977,0.065165010878484642,-0.094402277467326309,-0.41505505200460813,0.90488535948728588,-16.761505775732552,-8.4104307380109837,-4.6819716069313539,,0.09476871800632913,0.5,False,1
0.079096320256678398,-0.94872045603498145,-0.30606089005724163,0.99491976594987108,0.055948530960849958,0.083692420239694434,-0.062277053913201263,-0.31112579157649523,0.94832605699294825,-13.894932254395657,-12.800075575443328,-3.4175756807975959,,0.116382863847245,0.4153846153846154,False,3
0.90638362396049543,0.3895797297797135,-0.16339020888965755,-0.3284203442810677,0.89306762293509911,0.30752284196032953,0.26572317113595029,-0.2250729992909371,0.93740777749687854,-3.8122136020179642,-11.990368829635111,-0.66109970650767513,0.3135134526323463,0.2963710210960513,0.2115384615384615,True,5
-0.85214788629613714,0.48391155797238294,-0.19918228822304168,-0.49092531294288511,-0.87105599844544956,-0.015930620958750016,-0.18120793854838702,0.084208382201192852,0.9798329609551325,-22.549847000275332,9.3338401686139036,-8.9588584603631567,,0.1608524976702033,0.25,False,2
-0.26941310918348016,-0.91283784147325053,-0.30682837511310124,0.95266045794924348,-0.29924237897103018,0.05377778805134785,-0.14090645286865838,-0.27781481926314544,0.95024433580935264,-4.2955911064458743,2.3217404319417141,-2.6564931822618454,,0.09804046122821476,0.1504424778761062,False,5
