axis_00,axis_01,axis_02,axis_10,axis_11,axis_12,axis_20,axis_21,axis_22,location_x,location_y,location_z,dbh,dbh_approximation,score,reconstructed,number_clusters
0.23510888812050845,-0.84372024909936716,-0.48255564651803651,0.97132350242280197,0.22204271688944735,0.085015795693823323,0.035418418483035105,-0.488705609888054,0.87172952370337098,-12.027023620921424,-9.8354497789853976,-4.8870971265866432,,0.2482179592907205,0.3555555555555556,False,2
0.88071805853676077,-0.34623573374912764,-0.32319733606953199,0.42021660598684557,0.8860216450838202,0.19591745327013929,0.21852621220378782,-0.30836092670467219,0.92582926798719256,1.149782087595691,4.183055322385945,-0.90682698806832196,,0.278045701009784,0.1941747572815534,False,3
0.69784372301797626,-0.63252852954390992,-0.33603838702956257,0.68761300976940254,0.72297056892575051,0.06709623881441705,0.20050557857644397,-0.27788705579820866,0.93945531941627203,7.8020810832928982,0.93727439762802656,1.9945029936252976,0.450065939338996,0.3840123813827732,0.9375,True,5
0.30445875256734378,-0.82795768183197349,-0.4709468601451372,0.95036412749751464,0.2973305917769164,0.091665393467103132,0.064131841943195753,-0.47547933318811564,0.87738618097161758,-10.838380622808179,17.331278932815739,-7.0171720526451145,,0.2232949595074869,0.52,False,3
0.50649154003669961,-0.7489719519743393,-0.42720877217936182,0.84780364981451661,0.5228848988718654,0.088432764815657233,0.15714735515570902,-0.40697960352762708,0.899817932184094,-12.146817235416899,-5.6198427966676059,-5.6529076515226544,0.607645421837806,0.414751564059503,0.9742647058823529,True,3
0.88268415322430493,-0.33589660535017574,-0.32869766680175877,0.3823025101434096,0.91997901465012399,0.086506666456609455,0.27333766001914173,-0.20202000672610412,0.94046501290459761,-9.8545765195947457,-1.8230399581847694,-5.1015499099443069,,0.0670386124673561,0.1884057971014493,False,1
-0.88862222089093057,-0.2149987241092875,-0.40512479209528679,0.34110810231069316,-0.90028643945507447,-0.27042483146209617,-0.30658736287862304,-0.37849686334854077,0.87335234204669554,-13.225246915612814,-9.6736505367989416,-5.5375277072751503,,0.6781268586451424,0.1481481481481481,False,1
0.93409678559798481,0.1997320121093849,-0.29592282519983043,-0.14817800435526507,0.9709969121187898,0.18763868386094334,0.32481760137160648,-0.13142343776706084,0.93660098539596048,4.5493482370368064,6.4214157185901186,0.31839283728744683,,0.2399587120225656,0.2631578947368421,False,5
0.89963276977930628,0.38866117141588008,-0.19900596315901714,-0.33216996288672523,0.90498508224083252,0.26582911179437019,0.28341488192232228,-0.17304477673477442,0.94325580302999812,-9.6257771128676843,17.46225991364166,-6.5673770404894114,,0.2000497229400436,0.1666666666666667,False,2
0.91789380688049738,0.29750009676419881,-0.26261121780251856,-0.24514642678730536,0.94551018479155025,0.21427486994247921,0.3120483756148168,-0.13230337441177542,0.94080902865321869,-0.99493717666729187,-5.4210355136946102,-1.0177409085415587,,0.6600207665844255,0.2954545454545455,False,1
-0.19691748922688457,0.96231954214679338,-0.18752226864819729,-0.98041723951785165,-0.19374057479564122,0.035307593150079933,-0.0023534852403941445,0.19080274756994836,0.98162557659577265,-8.5661383275247811,6.516559089430503,-5.1839731733199761,0.4228368953391594,0.1776229102084637,0.2622950819672131,True,5
-0.20896839368077294,0.97641126772744524,-0.054343782508774863,-0.97775154872452186,-0.20964774012619397,-0.0070522355873553003,-0.018278933483036254,0.051661023168955211,0.99849738070555794,-6.7073247198806758,16.860613406075235,-5.2908002577083142,,0.2849609223422027,0.5,False,2
0.95567105615130177,0.055604745073327577,-0.2891382796517693,-0.010909093567040964,0.98801832698293757,0.15395056746690461,0.29423430138615725,-0.14397186485965463,0.94482711541140274,5.9952684327618782,16.291072687820488,0.11175301149799309,,0.1890319250160889,0.125,False,3
0.91840177619044139,-0.1899874014057398,-0.34704893717938057,0.25297321077406609,0.95641309652593043,0.14587166765462856,0.30420836957733965,-0.22176288260386756,0.92643320956144548,-4.2450345002290648,17.093107188870082,-4.2573279379831748,,0.2719966036419239,0.4814814814814815,False,2
-0.13801444159481271,-0.92887360700339106,-0.34372348788493079,0.98667260573660664,-0.15914732163131884,0.033901314229873795,-0.086192708509520016,-0.33446367849153319,0.93845877094825281,-10.061953274844512,-9.9171434437158226,-4.1409869245593747,,0.07662935911886355,0.4193548387096774,False,2
0.17265698293631693,-0.90020606188708308,-0.39977320118421922,0.9845942879455889,0.14634763618744898,0.095689380430985321,-0.027634297317792246,-0.41013585008396403,0.91160568783200158,-0.85013029636196791,15.30861393642587,-2.6238590100656078,,0.1391269167194463,0.3529411764705883,False,2
0.50725433180684965,-0.78459272003859137,-0.35652111652135476,0.85147742149415617,0.52010999355157461,0.066871483409946891,0.13296331655329596,-0.33749053063786566,0.93189103342661395,19.594821289235007,0.031806365773246761,6.4171846967270261,0.04928702427978898,0.09889040680240742,0.3478260869565217,True,5
0.93607017013704308,-0.15704650504709977,-0.3148158697272071,0.19586295748129723,0.97596873832974762,0.095512950377003913,0.2922504721403989,-0.1510675910165106,0.94433481587738866,-19.572767254736601,11.014706938336611,-10.449793776344663,,0.1108441616606399,0.2903225806451613,False,5
0.94902734031616476,0.10978949856362039,-0.29545451991393784,-0.068393651841137534,0.98677025958177123,0.14699239161520411,0.30768395427818446,-0.11929258489140497,0.94398085969455292,-36.174562836802494,13.018427490272963,-17.46175878818147,,0.4276256720109318,0.48,False,2
-0.57615216304712047,0.78184790194359277,-0.2382489102651405,-0.79739391359702116,-0.6016877361005234,-0.046204055932937471,-0.17947599163830058,0.1633576641992337,0.97010444900166271,16.416598336906073,3.4789839068765205,5.0540127417025618,,0.3074220473606014,0.782608695652174,False,6
0.79951947029122949,-0.50271773528892538,-0.32869970375892865,0.55217096469171034,0.83054284175006154,0.072841017079388809,0.2363807149000515,-0.23973624390923418,0.94162130975229852,-2.7109709718256925,-6.3663869716644728,-1.6037108899210555,,0.08164247157564601,0.1965811965811966,False,5
-0.63198945662853889,0.75735526925006524,-0.16432383530554959,-0.75430965104711201,-0.64978998158311785,-0.093754627466572829,-0.17778154304524607,0.064699118799041694,0.98194080625009106,2.9839058121933721,-9.5165986074417841,0.79574428266324682,,0.8053077231649993,0.3571428571428572,False,2
0.82849142633498485,0.53393370392240669,-0.16886905076159814,-0.47739619178723969,0.83103730211703419,0.28542928819075902,0.29273679740761083,-0.15585827634662835,0.94340519668793121,-11.658308832723639,-3.3642869640202124,-5.634721126870966,,0.3485288721797506,0.25,False,1
-0.63336998098809816,0.75273455246393339,-0.1795359593787822,-0.74680041151188592,-0.65535721279069126,-0.11311971096540552,-0.20280930094257521,0.062430899161717623,0.97722605894493275,-6.4568884191783269,5.4195399353556466,-4.2645736582327318,0.4587245766889367,0.3169370111163838,0.3509316770186335,True,3
-0.90168763167498855,0.30649556893924457,-0.30499160825333999,-0.32554118420755629,-0.9454474450037117,0.012331509262677023,-0.28457398382334936,0.11040649870620078,0.95227519802541616,-7.7375401986461103,-7.1280754389349825,-3.6092586354653302,0.1466051966644963,0.1285286503353949,0.5761589403973509,True,5
-0.83014186104326437,0.51345127867034523,-0.21732987593842923,-0.49820252284949801,-0.85810370067548503,-0.12430722068099373,-0.25031727221672306,0.0050816649658579627,0.96815052544072588,1.3584350319693272,10.494341848233027,-1.2841845340148765,,0.2497726651124979,0.2291666666666667,False,5
-0.38446455290986881,-0.85161228576818604,-0.35629134466683299,0.90904342487114986,-0.41644976706734543,0.014479061022187295,-0.16070799374749584,-0.31831761848543511,0.93426272242202613,-2.4433182318840241,15.005988333209842,-3.243626231167045,,0.105835061821756,0.3703703703703703,False,4
-0.74272646209201387,-0.58033135721527185,-0.33402532589754685,0.61435803228615082,-0.78901303967868097,0.0047572452636710089,-0.26631111631655741,-0.20167781000816651,0.94255209419773744,6.7085316777986241,-3.6580834991215938,1.8666267116122772,0.1710564786305322,0.1687327715944032,0.5607476635514018,True,5
0.14759398166249477,-0.91323352386806866,-0.37976380483205796,0.98903173381065557,0.13848259965272725,0.051369242829846146,0.0056785642992193824,-0.38318024541582602,0.92365613375896971,-1.5824531359949434,9.8771568578283144,-2.3028721142661284,,0.1349621828566008,0.2352941176470588,False,1
0.90806504224989315,0.32890525620927213,-0.25930524769393593,-0.27886549312827591,0.93672956651841677,0.21159337407523754,0.31249306518069148,-0.11982926040050883,0.94233169986255039,10.656582532005906,19.539394709898129,1.7289275237946962,,0.1835256982411318,0.4285714285714285,False,3
0.74400665302732383,-0.54818465173211872,-0.38203100378950278,0.63169581224889526,0.76340615561594671,0.13480149240601719,0.21774871076148306,-0.34162059243115972,0.91426520757857521,9.4722990156803224,7.7815624865230957,2.2339348454813548,,0.06986538724543595,0.1176470588235294,False,4
-0.82436867853858165,0.50434114930812124,-0.25701417657225761,-0.50622502812660641,-0.86002837975031898,-0.063932831333025034,-0.25328344348332132,0.077402785082991879,0.9642905714143567,-21.760946536372288,13.820995696078482,-11.525381321502669,,0.5546888048836628,0.1785714285714286,False,3
0.58701182312053946,0.79299664113695556,-0.16301363949745981,-0.78215440091154209,0.60747576099400435,0.13859182132962458,0.20892968350956692,0.046146797833246767,0.97684126673596783,11.387442846573496,-6.4198675439050215,3.8851366644473164,,0.518418637173258,0.675,False,5
0.47276304820017151,-0.80047333278068056,-0.36842576425037415,0.86729785782164448,0.49663506717106237,0.033882678081597908,0.1558509739285229,-0.33555335427169297,0.92903951496292492,-32.777085280928887,16.893531311688967,-16.35426476937409,,0.09078857237859456,0.2727272727272727,False,2
-0.93811506670990574,-0.12063539780573687,-0.32463398221400502,0.14936408177816957,-0.98664445306420745,-0.064985339209681969,-0.31245878558049145,-0.10945238249524206,0.94360462232848452,-6.3619889710866486,13.453471632261417,-4.6925926731292824,,0.1013928479615554,0.1935483870967742,False,5
0.44298941630859712,0.85700424222547378,-0.26325672991608556,-0.87755724394599077,0.47458603235369839,0.068274310635056262,0.18344934079054714,0.20077805333829854,0.96230687031798634,-12.556444146539656,-13.018725163712201,-4.9997056912822124,,0.5525642564623565,0.7666666666666667,False,1
-0.94079350092005587,0.17292956753396693,-0.29155265956444348,-0.17711204535702332,-0.98411508512026324,-0.01219928801976318,-0.28903098798578131,0.040160476979893341,0.95647698564717731,-7.2794092189515096,12.618741737138491,-5.0019757673614134,,0.1341887969401127,0.5,False,4
0.83643220609465274,0.49004207830448848,-0.24543823275653343,-0.46589518548906217,0.87159866886745641,0.15250389033264367,0.28865696032790383,-0.013210674452737381,0.95734144239908436,26.354488516204366,3.1069898355044869,8.5711243771043151,,0.105088212094378,0.3478260869565217,False,3
0.33829981205311327,0.89435323516463627,-0.29272090447280352,-0.9279903016273523,0.36867892758063686,0.053943011072491144,0.15616413560867154,0.25339324992694551,0.95467514037030221,5.3206259559518756,-6.5127023067737202,1.4543203918439978,0.1166994595815272,0.1001641555098535,0.4216867469879518,True,5
0.16710643920931031,-0.92392518866989692,-0.34414776436304334,0.98584668185201441,0.16135412396893048,0.045510070968881017,0.013481760128360984,-0.34688195747186773,0.93781189463789971,7.962681765587897,9.6521392401965613,1.477786554639211,,0.07531479832075055,0.1923076923076923,False,3
0.81802877992030154,-0.39981803439500091,-0.41349057376755383,0.51753430838830972,0.82532349420174755,0.22583039999001964,0.25097241853067637,-0.39873132469262573,0.88205792091320578,-24.332885933255127,4.8902510251377587,-12.150776791671715,,0.1808865145733765,0.2333333333333333,False,2
0.5849485515242866,-0.70800199507391803,-0.39568720858904705,0.79207955042123834,0.60361204820452885,0.090898190668594392,0.17448546608279294,-0.36658651125441954,0.91387589523533519,-3.7561600676205109,-5.9145802535375775,-2.1718326956373493,,0.08657058432452044,0.2321428571428572,False,5
0.87423491178316315,0.37712511521632153,-0.30576129004921671,-0.37789950428173724,0.92395754498713611,0.05911361708576103,0.30480368056029494,0.06386785211998941,0.95027133692565779,3.6995245712629519,-8.2337339092360953,0.96921423205143642,0.2123633461581952,0.2079696983375422,0.7321428571428571,True,5
0.90640213805551773,0.3543904595911066,-0.2298751101776611,-0.2850190837304965,0.91473903889303598,0.28638542671454925,0.31176800034290847,-0.19406156980672518,0.93012946469098323,22.939357313629639,3.4112347217267129,7.2705419742266661,,0.536397349724321,0.3333333333333333,False,3
0.85033890146492608,0.48939125468406286,-0.19344237512546242,-0.46549644235886267,0.87097093031464057,0.15723454041046564,0.24543189443644753,-0.043655908942626692,0.96843035206860806,25.887850320403771,-5.1769028489249251,8.8371232402364264,,0.2550518555407602,0.1111111111111111,False,2
0.66375285657783956,0.72852808396034496,-0.16934868250395657,-0.71219559251061604,0.68477712464037499,0.15445946904515834,0.22849416489969654,0.018086471472577276,0.97337726301597016,-6.2687120378982577,-2.6401161034516041,-3.432097045465198,,0.4269214800221809,0.4934687953555878,False,2
-0.30761418103068555,-0.88983488934887922,-0.33699760433315956,0.94090799921250301,-0.33719524103009163,0.031488195321158687,-0.14165328321908224,-0.30739752621666727,0.94097880328364902,-0.3499823094844362,-3.4356801363992413,-0.89836958072920214,,0.1190505247428192,0.5415282392026578,True,5
-0.90622542432326836,0.34641779645719195,-0.24238438606448276,-0.31315340035564354,-0.93513732366836921,-0.16568987213483632,-0.2840606064835649,-0.074248879992252326,0.95592712884617204,5.3753076170680103,19.731469433479379,-0.35319334308707839,,0.7526066636871241,0.5757575757575758,False,1
-0.94887878284705474,0.014927914897589887,-0.31528750818816481,-0.013266683612736981,-0.99988450307966736,-0.0074145537321010369,-0.31536177727906606,-0.002852693102489509,0.94896723419381113,12.739409516364036,7.6526361301492249,3.5514535411436827,,0.09165183410346985,0.3225806451612903,False,5
0.82008808458279936,-0.44884435058719802,-0.35495673323839416,0.51663856457092416,0.84746539816895572,0.12201226374602336,0.24604903398186956,-0.28344514081615579,0.92688657613771663,-16.966303837475689,9.1191047987766893,-8.9894287947353853,,0.07268398612556289,0.2727272727272727,False,6
-0.937797178529307,-0.12407499487618207,-0.32425583663050112,0.1473697301032926,-0.98790643833467617,-0.048197839642221102,-0.31435428196821735,-0.092985293156337245,0.94474076902866655,-15.832841332441248,-17.286032763489438,-6.0181730987761899,,0.3845225149729105,0.6041666666666666,True,1
0.24658052262760344,-0.84763737175667597,-0.46979669205107522,0.96820540370331454,0.23654842432943654,0.081382671294096515,0.042146673657597875,-0.47492707750632168,0.87901531781357745,1.1960750573444305,-7.5835459640662917,-0.03265518105437322,,0.09737011207527153,0.3260869565217391,False,5
-0.46007228531572214,-0.73483046750228054,-0.49835497019167879,0.86761311385411211,-0.49131836211349617,-0.076509814523913672,-0.18862920493057544,-0.46757935270977435,0.86359051173966006,-12.873583542830179,21.097606240951116,-8.17068108671325,,0.3435373058196317,0.2222222222222222,False,1
-0.95564543444125261,0.013719759437382593,-0.29419988414778681,0.0035029489614672102,-0.99831426321688066,-0.057934110904640609,-0.29449878264631957,-0.056395035763072199,0.9539864081637216,-12.774608387633299,-7.637949531695515,-5.54862408876635,0.2564756150795979,0.213938926905707,0.3243243243243243,True,2
0.65801466267791153,-0.61418236005997218,-0.43565666790723823,0.73005009232082663,0.66210702685690181,0.16923695721995094,0.18450898732372789,-0.42941158994358491,0.88406002059752453,-14.334471849469686,-7.4676915104224788,-6.2621301954327988,,0.3055023815125932,0.2941176470588235,False,1
-0.68067781493104029,-0.61270612733818453,-0.40158300982854045,0.68982102444541837,-0.72060878026736153,-0.069784955647044594,-0.24662657296767251,-0.32452147436468803,0.91315997841692076,-9.0121794450301778,13.835563019240693,-5.8728383653736387,0.3305620209768566,0.443367840420062,0.5972222222222222,True,5
-0.55184816365093292,-0.73617747326514316,-0.39179884141232857,0.81201552949579847,-0.58137326459628658,-0.051341085597353897,-0.18998522082717867,-0.3464792274720172,0.91861730921948292,-0.98610449854402726,14.149248604093245,-2.5922642250588019,,0.1531276605687887,0.2631578947368421,True,6
0.33002405701376597,0.91957164263993718,-0.21324191859168629,-0.92944283254820015,0.35602676687517143,0.096855367911087925,0.164985280606951,0.16623157137229125,0.97218667027590222,-14.544228267969951,10.105218276554513,-7.9058973117884115,0.1721169872062678,0.2490565706785688,0.6842105263157895,True,4
-0.6436236966324036,-0.62510752269515368,-0.44157572646508525,0.73250951228915906,-0.67031866266323759,-0.11875480997107994,-0.22176192535946801,-0.39989182981813587,0.8893301821627132,-0.58769164697731724,11.68532849821238,-2.1274875130925999,0.5821754024763226,0.3037410193415548,0.2222222222222222,True,5
-0.86435592079445245,0.42385597452004647,-0.27061957625278471,-0.42696223775718806,-0.90286426906913775,-0.05039205460811283,-0.26569171932325913,0.071987669096271217,0.961366572011497,10.239350871760639,8.3236167826769467,2.517212696841185,1.036436100920159,0.6465155809932194,0.5084745762711864,True,5
0.41973500524568341,-0.75897020776872348,-0.49778182880746763,0.89975290116884543,0.42010121092349578,0.11815112957081086,0.11944556169926175,-0.49747280960884011,0.8592168303113219,1.8422195828153574,-9.3048761520350336,0.31706444908941561,,0.4581623487293582,0.2666666666666667,False,2
0.46000764688870893,-0.69540435807507905,-0.55209215134260048,0.88055517638098479,0.43717764215922023,0.18302538224180445,0.11408569652926134,-0.57034067710999969,0.8134469656229234,-13.618161809822892,8.5712472076121777,-7.4780714320374848,,0.7836241676058453,0.4545454545454545,False,2
0.94625290064126688,-0.049087873942603895,-0.31968082310295515,0.086361683686545079,0.99087531971217513,0.1034783087227433,0.3116843076236161,-0.12552482390782016,0.94185795689376484,1.4435899608332416,-11.838557444731007,0.33347746574043152,0.168949791580536,0.1092123756032922,0.4615384615384616,True,5
-0.6643547719605728,0.68886495217667287,-0.28999623210629288,-0.72450297783823803,-0.68887439184884713,0.023398875152629846,-0.18365231301767507,0.22564828808903725,0.95674169868661307,-1.5085453594068805,5.0694717276347614,-2.1366144596135048,,0.09073086797833194,0.4042553191489361,False,5
0.94538056057000419,0.098218839265261482,-0.31081932904780613,-0.066111522681103582,0.99148116543322862,0.11222461922391291,0.31919408244065167,-0.085546234309588687,0.94382041699166419,9.7357121580959642,11.516113703339045,2.0219009176092131,,0.08710508183722136,0.35,False,5
-0.61758986128216475,-0.68704465227530964,-0.38282164126571644,0.75061410363520076,-0.66022783689631803,-0.026032111154009024,-0.23486428137416365,-0.30342849102730812,0.92345542402840985,14.752456303393634,3.4172582327104006,4.4912099707389119,,0.08457450683780685,0.2571428571428571,False,4
-0.84652925103993348,-0.4073432240800941,-0.34272397775732699,0.44175522317032517,-0.89677957286636811,-0.02527292011920787,-0.29705310962100123,-0.17279437342011456,0.9390961370268992,-9.883104263279991,5.0256883246119024,-5.6796487930657413,,0.08004194495302194,0.2511848341232227,False,5
-0.90742842661944978,0.28764995270160004,-0.30631871518684289,-0.30801252416899777,-0.95118796110185977,0.019228822375038257,-0.28583550429922688,0.11179878069842961,0.9517347829707351,-4.316118468243582,14.464546017987949,-3.9172495894488115,,0.08992907224881286,0.6153846153846154,False,5
0.9242841252595575,-0.19337350971392589,-0.32909807282038472,0.24559410528204531,0.96129013047434186,0.12491925593491754,0.29220265440937498,-0.19628543194424794,0.9359966014695642,-20.038462831328779,2.3073379679711468,-9.8177946092333457,0.3724091407544192,0.3623464661179329,0.8421052631578947,True,6
0.43609661756512164,-0.83575455801267906,-0.33366758744189118,0.89380656026704408,0.44534427459636416,0.052709675656690248,0.10454459800417905,-0.32122078987087704,0.94121603852828328,-1.6790344539783415,15.353672666671478,-2.983311760543597,,0.09625892659621779,0.5625,False,1
0.86994751416143945,0.41623600192367594,-0.26445966291086309,-0.38943247627507255,0.90885597097234427,0.14940940549437987,0.30254531731064499,-0.026989159499925974,0.95275280962214448,-15.653695317876551,15.450707173804739,-9.0185150439611945,,0.3778352940877988,0.1818181818181818,False,1
-0.067972994013473745,-0.86353027484621903,-0.49969504351039684,0.99141596726653958,-0.11453164512743383,0.063062525427983726,-0.11168729531059386,-0.49111909623676475,0.86390276152920531,-27.230469287457925,13.563594228452018,-14.033154452604951,,0.2223266826762738,0.3888888888888889,False,3
-0.41862432312010373,-0.78347782826043522,-0.45925610362470615,0.90338910364454639,-0.41101872075711415,-0.12227730207805633,-0.092961301134062591,-0.46607521261218898,0.87984776676420839,-3.0005456082709756,-18.695948221525988,-0.85875729082143559,,0.4918290384562284,0.1,False,2
0.12151932515915276,0.96723204747480707,-0.22292424711223571,-0.98738261454688259,0.14076688006257365,0.072527635891516992,0.10153140451814688,0.21129801659064854,0.97213400417917228,-8.5221842436361381,9.9207892977477155,-5.3470995419078298,0.3448140271703333,0.1945636857021287,0.1142857142857143,True,6
-0.68838041265561134,-0.64751173508199933,-0.32689594736427879,0.67959153536014716,-0.73327907732960362,0.02138082826934553,-0.25355029587623917,-0.20743757538532917,0.94481844805196702,-11.566833615736304,12.082502089719654,-6.7452800954560566,,0.1237674533976076,0.6547619047619048,False,5
0.12923697861218869,-0.89135903700446828,-0.43448460330564098,0.99161179557687551,0.11530353284153973,0.05840498426560771,-0.0019622008048579068,-0.43838814133679238,0.89878361539542706,-27.66316177193605,6.7455460116409522,-13.96915571506228,0.6298547893433128,0.4091343471658311,0.95,True,5
0.93542162396712758,-0.18607385839653159,-0.30060423256522723,0.23854844949019424,0.95975116400540017,0.14823070004592159,0.26092340381906309,-0.21036687574736485,0.94215962284942301,-12.930696300685552,13.30042677186238,-7.5665206511758942,0.3805306859003596,0.2632680476436524,0.6091954022988506,True,5
0.75131634873086162,0.60598743166020508,-0.26134838204893268,-0.6025499614037042,0.7914227518401673,0.10287648848075981,0.26917891474281785,0.080182669820887842,0.95974655577307155,-11.983207392283258,-14.695125059841123,-4.618129399596353,0.5066710027399609,0.3366597381178857,0.4166666666666667,True,2
0.37653000803252584,0.92210218470383243,-0.089177990644807997,-0.90793205422881551,0.38643576738667107,0.16225530064721416,0.18407753245540101,0.019873566582123192,0.98271079336518796,-25.517316968563478,6.7449797789938426,-13.145634232297107,,0.5455527822269802,0.2168674698795181,False,3
0.46606824295150029,-0.77338569155960002,-0.4297149811246766,0.87719842496983558,0.46724464516251973,0.11047789279937936,0.115340002351923,-0.42843554201049966,0.8961806013296808,8.7614835862861185,7.3363158546223088,2.1100169396520116,,0.07914850677126783,0.2702702702702703,False,2
0.91664180969454723,0.30881193987153954,-0.2537774192332381,-0.25544911476913962,0.94092115307100577,0.2222906508767129,0.30743054904086703,-0.13893368740628131,0.94137340520121204,16.60859220156933,-4.8708818257723241,5.5703291565908453,,0.1640862194672382,0.2105263157894737,False,3
0.78020474299189624,-0.52213584226667764,-0.34446294609640732,0.5825939638992288,0.80704354707692116,0.096254799099502852,0.22773851725418204,-0.27578048397587651,0.93385239327042358,4.0546609288281967,21.44990406257034,-1.0276600846205382,0.4629689649638496,0.2744357087873691,0.3428571428571429,True,5
0.64161400251341172,-0.68859421275783927,-0.33788974819478135,0.74623120317153446,0.66227126302370043,0.06734809266904454,0.17739916344753504,-0.29535535263374807,0.9387730037014862,13.689948189706314,9.8352388063204348,3.6869102072690838,0.3946381688662586,0.3902190586599437,0.8518518518518519,True,5
0.33813927400448651,0.91033171906410026,-0.23865873678019589,-0.93241928411491348,0.35842703294827016,0.046090570212708265,0.12749945092568707,0.20694497654618166,0.97000910650155703,11.189841958554014,11.072118255621461,2.5294648246695846,0.659344629457312,0.4974309684790943,0.8918918918918919,True,4
-0.57290354104578622,-0.74464652115434349,-0.34246618984935351,0.78890677351817551,-0.61430508508701442,0.015980148102523316,-0.22227828358690785,-0.26101881343874456,0.93939424294419027,18.299078088028594,2.8393399066608223,5.7597529991033385,,0.6823746213403417,0.4418604651162791,False,1
0.88204007605326351,-0.32673253386026918,-0.33948660585242885,0.39934578446465779,0.9007837291334978,0.17062126994796833,0.25005649095006799,-0.28606734285059243,0.92500660899700671,3.9652947517063866,-3.5203693340852302,0.83305023420060376,,0.4623983340277307,0.4015748031496063,False,4
0.92838258786174399,0.2142224970800109,-0.3036683920001183,-0.19889114631600757,0.97667359752909688,0.080938222161584514,0.31392368893130246,-0.014744681562458298,0.94933371998122251,-5.7690602395376978,-10.570344357055362,-2.4680687320915236,0.1361342970016961,0.1015707010501357,0.4166666666666667,True,5
0.15060416396107809,-0.92240193410003157,-0.35565862532223974,0.98857443610817264,0.14278928704305818,0.048288754168477083,0.0062426013001925379,-0.35886751242520643,0.93336763306574477,8.002085735625343,18.865493718978644,0.68492302107125591,0.1007261682078335,0.1003149368777917,0.1904761904761905,True,5
0.52394498493683495,-0.7390902890272838,-0.42335233249045023,0.84183166693032019,0.5249859182970702,0.12533646773026524,0.12961904687528494,-0.42206081345624491,0.89725334907805987,-7.3044272411996207,17.7951815939917,-5.585743424409702,,0.2380627075684737,0.5,False,4
-0.40345382928096735,-0.81427023985306513,-0.4173595382019642,0.89659698388508358,-0.44283893583148687,-0.0027432462172883587,-0.18258931000115108,-0.3753100763385776,0.9087373055355632,11.967782051304649,5.633315885640922,3.3515920040117453,0.4658962515028058,0.4822374018386593,0.4805194805194805,True,5
0.51324156077190808,0.83512985904165804,-0.19784139817914018,-0.82537058911214267,0.54347832498241211,0.15295326378664659,0.23525834932068102,0.084790499534870833,0.96822728750202891,30.949441324453073,-6.3094139535298899,10.771927179606184,,0.286760251935645,0.25,False,2
0.91252172514454866,-0.17462680660744712,-0.36987779002435778,0.2913663331490165,0.91217508973127959,0.28817054946859011,0.28707100349306258,-0.37073182232958912,0.88325995882620478,-11.419666069733417,12.927192573730672,-6.7979644368090471,,0.1400638616945554,0.3846153846153846,False,1
0.74957202149060098,0.62670974908156407,-0.21301801568087286,-0.61201380619095436,0.77877789582067336,0.13763753126522366,0.25215250470727951,0.027200724020645772,0.96730514057488493,-2.1017116536182283,-7.2821583020540412,-1.4001322737101998,,0.517966321225791,0.1886792452830189,False,2
0.93416603212607052,-0.13315282492198247,-0.33106517430429178,0.19648674231394508,0.96639591103142908,0.1657465029392455,0.29787041564527444,-0.21988467058217559,0.92893699846990752,-14.698870037152478,9.0228399874737732,-8.0523881002087077,,0.07593117933464927,0.3269230769230769,False,2
-0.89557999376980624,0.33456274466760144,-0.29326480293372353,-0.34465553992723713,-0.93855272922117972,-0.018202562153182458,-0.28133438033190883,0.08477348849703556,0.95585795079148883,-17.965841495702886,13.199750626549029,-9.748977228645801,,0.2514962968894411,0.32,False,2
0.44756025949636796,0.86811367570738085,-0.21463564515094874,-0.87407975236213453,0.47537013608710399,0.10003909349388335,0.18887668101195926,0.14283514891772431,0.97155736814845783,-5.2661601259795505,15.739555909038707,-4.5388710738917464,,0.0959309050200573,0.2173913043478261,False,4
0.90848692229198136,0.29856030548464574,-0.29242649677031374,-0.28371196277609145,0.95438956081067927,0.092995098759755951,0.30685344091631267,-0.0015199356940475417,0.95175556504456826,-6.9416863748592812,-10.483870634623287,-2.9216498611049584,0.1978144006340844,0.1379471536246525,0.4133333333333333,True,5
-0.56873451992297241,-0.73380739697643638,-0.37157468965290702,0.79201160816983063,-0.61046962768965063,-0.0066667977845511067,-0.22194291692285759,-0.29808310554462447,0.92837912719785309,-23.72065695587554,12.362215832389658,-12.425660953356546,,0.0758081877148276,0.1538461538461539,False,3
0.84166878124241162,-0.42367539351154088,-0.33480266369124612,0.47875684814559177,0.87226167930874754,0.099756920377395128,0.24977098117197583,-0.24425135361410802,0.9369929205826818,1.5084069385636498,-6.1276725339339571,-0.060711140820451828,,0.09951933595386564,0.4305555555555556,False,5
-0.30502023822375562,0.91019264634432784,-0.28019993007606719,-0.9502943498846248,-0.31019295577927097,0.02685104769423393,-0.062476418361507732,0.27446252335360616,0.95956605839467313,2.1206461219510082,7.9533757050563905,-0.76365013648555591,,0.0773877797239418,0.1777777777777778,False,5
0.45991992380365615,0.88423305969518717,-0.081274595234467756,-0.86770391216701837,0.46698036517133762,0.17035040168574866,0.18858309706463805,-0.0078252595184932217,0.98202605913233143,-27.66083011480011,12.074051610127682,-14.349962340590354,,0.7297496153113874,0.3157894736842105,False,1
0.94881973236523787,0.14728082373321638,-0.27937336028122695,-0.066570731819396767,0.95799584777113689,0.2789485495898682,0.3087222912900669,-0.24607379912076466,0.91876995610810275,-10.886766770569896,-8.3402050790159663,-4.6789410939168459,,0.41800889320725,0.4406779661016949,False,2
0.61185474470730705,0.75679146440568035,-0.23000097995847868,-0.75624214687408475,0.64492944231901705,0.11028975347399936,0.2318007477779786,0.10645512591127751,0.96692074106246306,5.9445994852304116,7.8079471039230732,0.8758570916639784,0.6787941813688555,0.3099781237364709,0.8426966292134831,True,5
-0.85295927302884933,-0.38594017016361409,-0.35144083941423115,0.42847778535376652,-0.90221454163199277,-0.049149855809621154,-0.2981061321281907,-0.19250741783592548,0.9349190489372412,-21.036782466729289,12.41945204903794,-11.203467831330219,,0.08064316347225942,0.1578947368421053,False,2
0.72385476913988733,-0.56609479922586758,-0.39442483629059821,0.65744909019377862,0.73932796391053024,0.14544708860366679,0.20927247070939231,-0.3645968185123597,0.907344583349596,-35.341644762535154,5.5967681788386674,-16.495042345440449,,0.2024993219605822,0.2142857142857143,False,1
-0.047293685626500256,0.97844096512424494,-0.2010387650842439,-0.99888102479097907,-0.04634101145405433,0.0094450500230969792,-7.491585523211261e-05,0.20126049891658121,0.97953775116810238,-8.2506920073067676,16.014088035233652,-5.8354835649225461,,0.3453798875859533,0.9583333333333334,False,4
0.21090061512061836,-0.88120570747924309,-0.42308088074002248,0.97700390820024463,0.2039166064801039,0.062300730036558116,0.031373458578780364,-0.42649093625497675,0.90394755787554426,6.8448904901945022,19.177145152299651,0.26052221810322701,0.2012950290018865,0.2180133607266264,0.2727272727272727,True,5
0.86207535782376155,0.44206423389066901,-0.24780090909374944,-0.39678696405249037,0.89295164340756994,0.21259696068788717,0.31525574156712893,-0.084950430548498657,0.9451969327915658,-5.4580661897610261,-8.2276216948423624,-2.4712246449531921,0.7851568291923847,0.5245204956380529,0.3968253968253968,True,6
-0.92930648213484268,0.24457322696859338,-0.27671898907074,-0.22136638444772114,-0.96865507737287648,-0.1127131976136367,-0.29561188423117762,-0.043488823045879921,0.95431773334219083,-20.286736985452826,15.383394327575022,-11.047406961204603,,0.247936518794555,0.3636363636363636,False,1
-0.66799787125281662,-0.66327462924478608,-0.33741015130238455,0.69993880311209222,-0.71398083815461855,0.017805466745960619,-0.2527142969832103,-0.22427244357749626,0.94118933013079864,26.59748150794503,-6.0435060208322291,9.1433529014198918,,0.09073849225244224,0.2666666666666667,False,2
0.26227813548073464,-0.8187901703807634,-0.51067879977202102,0.96121797394399533,0.26843082328972356,0.063284276680736606,0.085265386973567725,-0.50747172334608337,0.85743936449664238,-6.6681558824802893,14.632127595080629,-5.0043151606812577,,0.1664507601409449,0.15,False,3
-0.20920411815784484,-0.9117456651715905,-0.35348759382277178,0.97153217638629197,-0.23488855819651189,0.030864145451957425,-0.1111704420784326,-0.33696766502021858,0.93492990407779131,15.124141201848374,18.077074247157523,3.5257137940040573,,0.1807974283338743,0.4375,True,5
0.85724755203725389,-0.38709511466477908,-0.33953498601587179,0.44693839509513361,0.88683281804249769,0.11736108312634877,0.25568086654249866,-0.25235872294308526,0.93324293163067318,-4.8114154124431341,-17.283001333117681,-1.699977583793576,0.2467356985880358,0.195827800203021,0.5,True,5
-0.34155029830457911,0.90055039836152428,-0.26898396557964566,-0.93699998522375794,-0.34859019038840222,0.022713583065070701,-0.073310445495369164,0.25979580284499654,0.96287679347120692,-2.591345859981264,10.619553413956272,-2.8081739373006718,,0.07125325864487284,0.3,False,5
0.84094219940411452,-0.33782592910979736,-0.4227172327720673,0.47799028995681192,0.82993398260415019,0.287636693114454,0.25365626341246711,-0.44394056599945642,0.85940402250147108,14.378167943226199,14.489507281919444,3.6235669960638628,0.4242247957316801,0.3563895685863374,0.5238095238095238,True,4
-0.19147864722945443,0.9476495098480644,-0.25553147387338332,-0.9812833889143201,-0.19026386776653004,0.029708100971784723,-0.020465539230803319,0.25643725764257769,0.96634419054328091,-1.1285283853394343,-9.0488572194070809,-0.84491450441145477,0.1528345306653856,0.1519803809804978,0.5478260869565217,True,5
0.2627688009923711,-0.84794200933233532,-0.46037691735628195,0.96207785772404097,0.26646295913200196,0.058341126898070722,0.073203503346161158,-0.45824866635927947,0.88580438409266749,-32.994660692182485,6.2848178367784087,-15.680170580868296,,0.1908843414210203,0.2380952380952381,False,4
-0.94837597553447717,0.14614702966709581,-0.28146767975828768,-0.10757709794524989,-0.98311950607523357,-0.14799731339476052,-0.29834573405146425,-0.11007762031345825,0.94808899396597757,1.864771117821129,-2.5806745548138417,-0.070089413084034838,0.4901493907793577,0.4693542243897553,0.2256637168141593,True,3
-0.27531379653909538,0.93738252976817549,-0.21334550925821022,-0.96011127788746109,-0.27938373182585319,0.011448338934809711,-0.048873791632490421,0.20798731518166008,0.97690973442534035,-16.467682585911714,14.907925705314565,-9.214588131770876,,0.1576527125568228,0.2352941176470588,False,1
-0.11597842467004359,-0.8842786459809171,-0.45232762603362131,0.97687006954869671,-0.18391934351891059,0.10908043958243718,-0.17964930345253163,-0.4292143419571734,0.88515601812747746,-12.30526948997184,-11.213221903978022,-5.0530379627349902,,0.6656183381824652,0.7540983606557377,False,2
0.52713733016013409,-0.73796268099993245,-0.42135177299145032,0.83953951500333035,0.52900295164771072,0.1238114691617206,0.13152808787334941,-0.41900711044014849,0.89840603487564485,7.058933939068579,10.817179866012692,0.95999199477456643,,0.1087996953507733,0.2307692307692308,False,6
-0.089101830836822521,-0.90716282668745829,-0.41123772883570242,0.99299840542738194,-0.11305570700811973,0.034242866871380645,-0.07755662808685776,-0.40530730685408894,0.91088471084461742,-11.354553510682948,4.090942254714836,-6.1256434527398689,0.3910668097077493,0.3276520798885846,0.8969258589511754,True,5
0.66383053642117962,-0.6583405072869406,-0.35484756639991649,0.72407727182076809,0.68450921681030874,0.084612271771484421,0.18719274384271126,-0.31310526754896939,0.93108751902585707,-0.79117268219234926,6.4818081964668925,-1.9281770666371905,,0.07190666161530987,0.1949152542372881,False,5
0.94119452834744222,-0.10850017772902776,-0.31996964112491211,0.16595416101053176,0.97337939672949603,0.1580878441431004,0.29429929706359492,-0.20189170724745509,0.93414541817245023,15.233068675085313,7.7304894377904425,4.5119449563530312,,0.1503965111468958,0.2857142857142857,False,4
0.62636692213673972,-0.62828116920387578,-0.46144040923694535,0.76133727778943705,0.62019037088016349,0.1890223619461367,0.16742170797455841,-0.4697091400977178,0.86680060879509391,-0.1281609215663978,-11.715656127419136,-0.2869469949735563,,0.4283113539539594,0.4705882352941176,False,2
0.68390436513856212,-0.60313778096034509,-0.41048707229662013,0.69775777095285707,0.70506678560159997,0.1265500727630281,0.21309367052852646,-0.37296869174189146,0.90304232600749201,5.4589548518699642,-12.136841409679949,1.8226780673979877,,0.4503413243403225,0.4848484848484849,False,3
0.49152574326085813,0.83600661233202633,-0.24391676418194724,-0.8454260813672333,0.52527013175149173,0.096674865574339783,0.20894301772470653,0.158695408966048,0.96496558618284078,11.557409802232431,-13.59331318296384,4.2223499272472207,,0.1698474652818875,0.5555555555555556,False,3
-0.52129118319981838,-0.74375040099447787,-0.41843857773714771,0.82871175098140293,-0.55823102705264005,-0.040186493018078306,-0.20369667671189634,-0.36771383092876475,0.90735560969237461,4.766226001315272,-7.2808511966471245,1.3541150372542683,0.9614564717219057,0.573902441087397,0.3647058823529412,True,2
-0.75881542373649891,0.59007132453286149,-0.27570815124626702,-0.61204222456516677,-0.79078510054735873,-0.0079523645306634472,-0.222718360376782,0.16271065335847193,0.96120849727555968,1.2491722553074069,-20.980748348763978,0.68462577633141952,,0.1485076624982043,0.1875,False,1
0.28949839252226717,0.93910985615727904,-0.18510364338736998,-0.9461360360359593,0.31004665584594832,0.093261313055881923,0.1449733839061032,0.14813422719614611,0.97828368518125397,-10.440328411248235,12.557488157905441,-6.3050866476082454,,0.1384182816892974,0.1739130434782609,False,3
-0.9164676947332514,0.28420045321737619,-0.28163285834816709,-0.27670423556059265,-0.95862136868332937,-0.066931588405843331,-0.28900126389541753,0.016588366246836281,0.95718498503273275,-3.7367630571093695,19.493509515103462,-4.0544834807314265,,0.4043675550160688,0.3636363636363636,False,1
0.51986107147355654,-0.76923224776050636,-0.37151879544874328,0.83960067592650711,0.54029312828894838,0.056160844967779372,0.15752831920044907,-0.34112326881797661,0.9267252797462795,-5.0044848501470227,-20.227759000914233,-1.4900390609470826,,0.1618838623607197,0.4347826086956522,False,3
-0.23759011878604414,0.96188781841918813,-0.13536159068218037,-0.97085660274216856,-0.2396588658750754,0.0010415946475178239,-0.031438708102759422,0.1316641666675081,0.99079571802091582,-3.9157315255022285,12.835946576258877,-3.6387580537258741,,0.1276268394455433,0.3720930232558139,False,4
-0.28541990560930114,0.93395694932525375,-0.2150811342006641,-0.956972939740797,-0.28997797133632003,0.010750290392839451,-0.052328482548566431,0.20889517214799108,0.97653701259472314,0.79167135103829556,14.756283047055256,-1.9771107919659578,,0.2134309286579124,0.1111111111111111,False,1
-0.9484969023206905,0.13503656782696311,-0.28656369560286082,-0.072622544149027232,-0.97319332056092511,-0.21822173791106203,-0.30834978898870291,-0.18617165779225281,0.93287754901997066,-28.551354451065745,7.7384625971145731,-14.446661148159631,,0.3579970847434851,0.1333333333333333,False,1
-0.72612827905378408,-0.61116574535168788,-0.31498278376302835,0.64975431795378025,-0.75977561168909402,-0.023671632450723082,-0.22484894631465091,-0.22185006556496661,0.94880213941053726,-4.8735722960326564,11.389881705825394,-3.9262827339932129,0.1355223417651569,0.1470286387600057,0.2926829268292683,True,4
