axis_00,axis_01,axis_02,axis_10,axis_11,axis_12,axis_20,axis_21,axis_22,location_x,location_y,location_z,dbh,dbh_approximation,score,reconstructed,number_clusters
-0.7653786814938609,-0.60224762588351866,-0.22692128818686252,0.61304601075287424,-0.78955955608878414,0.02775420848934454,-0.19588277773889803,-0.11787071097837912,0.973517556533392,13.977400239101668,-13.061209807871506,2.4870767179729558,,0.218529030026521,0.2857142857142857,False,2
0.95496345395522864,-0.17199833984117729,-0.24178786715172257,0.23208127277076893,0.94069380119525503,0.24745394565842416,0.18488667999344938,-0.29242391058991951,0.9382457951284936,-20.28222210981524,21.681023283363661,-6.6830679067129841,0.6137457294922003,0.3210449587770936,0.4571428571428571,True,2
-0.92378280234701626,-0.33266530050427601,-0.18962893220258378,0.32553637559004189,-0.94304366267609618,0.06851801554446503,-0.20162192900473797,0.0015646491146833891,0.97946217365325305,-9.7383631757218492,2.5869625265497205,-3.1471286389835988,0.1384413773566038,0.126285548397597,0.6643835616438356,True,5
-0.55628563121192609,0.8258982017356532,-0.091861073785159383,-0.83047173984764189,-0.55643858321982109,0.026320950187038034,-0.029376620322617175,0.090929992159528059,0.99542390502955491,-10.123764784818556,17.018106257186496,-4.50591375088805,0.5891186480802971,0.7039915885391728,0.8515625,True,5
-0.60178292336637706,-0.77302159654315505,-0.20073595697455182,0.77861558591914415,-0.62380288915834925,0.068027383026868629,-0.17780630615477422,-0.11535842732790753,0.97728058956270425,-5.9293158882560357,11.809481339570018,-3.3673213677772322,,0.08498323607513299,0.3333333333333333,False,5
0.11598897830973383,0.99272416208448955,-0.032331021083659872,-0.98775561016926339,0.1187053743781776,0.10123185601816603,0.10433317540365616,0.020193367905940646,0.99433737554353507,7.0896574090430731,-14.349119626571191,1.4060248235037216,,0.07891361947009243,0.1666666666666667,False,5
0.43795374070265958,0.8955748929889199,-0.078371755450748815,-0.87637862863222338,0.44474163201362887,0.1848387947119251,0.20039216621727229,-0.012267510005631393,0.97963895794165434,-2.9781287241244208,-5.0055416693790091,-1.2776713219001368,0.5462219370020227,0.3452346945066717,0.6113207547169811,True,5
0.35564947167203159,-0.8829859399005473,-0.30634830379382044,0.93446025899786944,0.32989538285121317,0.13398903211489185,-0.017247540492450253,-0.33392344378823979,0.94244238870901964,10.908551148482225,21.34027179047817,-1.0455398891567076,,0.6654332696201924,0.3529411764705883,False,3
0.44766963771321455,-0.81621584739185782,-0.36521717639797541,0.89417762273061563,0.41144432246545748,0.17652180748781299,0.0061866370140047783,-0.40559248017848082,0.91403307683317714,-22.610969779333281,25.404157419656368,-7.2677573098869903,,0.2909384383377026,0.3571428571428572,False,1
-0.96157540366152749,0.24873858922845157,-0.11619749266576054,-0.24110453523181768,-0.96752569447743186,-0.075912012334095655,-0.13130630664145201,-0.044979381438636203,0.99032091217018059,-1.7573895815024823,19.267461842319452,-3.1008234356706863,0.6230196113347599,0.3422347231634987,0.6326530612244898,True,5
-0.98509360972121218,0.11775818165399274,-0.12539374282626051,-0.097590337207806341,-0.98286877406798545,-0.1563492854021496,-0.14165700183930116,-0.14178146428797175,0.97970980918548523,-0.043110817802484047,23.462906092640882,-3.0655439955633552,,0.2786850155285546,0.2941176470588235,False,3
-0.80175181874515089,-0.53162808596750399,-0.2730670235480126,0.55840042650048993,-0.82918903826682222,-0.025189333103783407,-0.21303282569339799,-0.17267633604136537,0.96166516945786062,-22.342091723008384,-3.2633434527199721,-4.457711782384937,0.9495260455140904,0.7839831663109172,0.8606060606060606,True,5
0.77173427721059662,-0.57594216919308461,-0.26966057020521705,0.62882575683718067,0.75436595038641729,0.18844145094894882,0.094891374299171882,-0.31499623909304436,0.94433733191103542,-15.852652261529798,1.7666020951771957,-4.0712296449268539,0.2434864739843255,0.1642037793635029,0.3076923076923077,True,4
-0.98217700183120915,0.0058055795036679077,-0.18786865709979811,0.00080835424881396721,-0.99938315001625155,-0.035109343870272022,-0.18795660040887985,-0.034635454525950363,0.98156645299873413,9.6466649173543448,27.20940037743091,-1.6102287918819997,,0.4865000561785028,0.6923076923076923,False,5
0.97303572675535976,-0.13392660181074836,-0.18779014826421087,0.1636405494067921,0.97460825133985762,0.15284150944723135,0.16255228404274208,-0.17945033225851131,0.9702444708447443,-1.2006567825838028,-4.8892750349142169,-0.98291549340862328,,0.09373134614827128,0.3333333333333333,False,5
0.60117241515302111,0.7875184099664817,-0.13567048766385059,-0.77874667161750311,0.61543226005130836,0.1216419119086791,0.1792912398968326,0.032525178738975508,0.98325823873703355,4.0636859538497276,-13.534068286372786,0.80766772138618326,,0.07409332859129483,0.2307692307692308,False,5
0.6123520447841917,-0.6871990399236223,-0.39087396021821386,0.78924939214093215,0.56010324925198984,0.25173348442853449,0.045938766350297547,-0.46264654943640698,0.88535179450927748,-13.553018417706612,5.0143138293538501,-4.0509955956854302,,0.2366658115868432,0.3170731707317073,False,1
-0.5743409942060429,0.81860000719416348,0.0051430143038276865,-0.81781461633905062,-0.57348935297729831,-0.047845745097043466,-0.036217063335194755,-0.031685805077276058,0.9988414959742008,6.5023727792250847,3.9336826740385931,-0.58283785812141842,0.2609082808716277,0.1544682252094832,0.3114754098360656,True,5
0.69895163151025486,0.70022080176314949,-0.14545599192651421,-0.6868102671753471,0.71391202640406592,0.13645979429183352,0.19939476851633325,0.0045218728214735937,0.97990881155059806,1.175825239071882,17.29414766014602,-2.4718095680464716,0.6456003128774181,0.5414947750907115,0.954248366013072,True,5
-0.24985090288721135,-0.92012120695631971,-0.30158164870510534,0.96152612921586578,-0.27250033709988275,0.034800418325125058,-0.11420170384717857,-0.2812837193825739,0.95280503779561621,-11.979427283393754,-12.771252371138813,-1.7852496715667032,,0.1729595048791086,0.3214285714285715,False,3
0.97438536922782515,0.16167217012332211,-0.15631782253591864,-0.1227478567071945,0.96477402591750205,0.23268872467037505,0.18843066605132353,-0.20754081122167539,0.9599066078368792,8.1460811876586519,6.7549586515060644,-0.55900679896267713,0.5623220386317525,0.4007117951590451,0.275,True,5
-0.38474677635160809,0.91875363219643091,-0.088666123254094953,-0.92259478449661292,-0.37986729867712782,0.067228706780585137,0.028085257817825116,0.10766893108787946,0.99379002790916526,-0.38687874497214081,18.088277141183067,-2.7802278637579096,,0.5140318930721395,0.7878787878787878,False,4
0.69812718844298749,0.71462196424483415,0.043975868104493332,-0.69037750127778674,0.65562167814691286,0.30584165980661432,0.18972963523426789,-0.24387632800803005,0.95106624488055047,-17.577602662690822,-3.8057753604452613,-3.640275510244019,0.6048664677802161,0.4306088566143375,0.1538461538461539,True,1
0.84380661074903829,0.52462122918308662,-0.11297331342688147,-0.4981027196590872,0.84399147389359064,0.19892730497130157,0.1997100005619192,-0.11158386032644611,0.97348084613422492,6.7096605145777355,8.5025546836572321,-0.91563071177768063,0.3876690828903288,0.3437059336689892,0.7046979865771812,True,5
-0.26392160352863764,-0.88853730755027238,-0.375295670481536,0.95545133115830905,-0.29413257046413577,0.024470079280127177,-0.13212925860190133,-0.35211856537744968,0.92658209292962201,11.878068919713984,-14.39559066430191,2.1967442830372992,,0.5588634242570124,0.6666666666666666,False,5
-0.12322363429713677,-0.89113606051806016,-0.43668347529412715,0.98646586019562621,-0.15795794123658158,0.043981762911495373,-0.10817135766508529,-0.42535374742048737,0.8985394520755553,-16.957022064635591,3.3455614614089124,-4.4033050901779527,,0.2366177845462666,0.25,False,1
0.59586830122696754,0.79455399637595536,-0.11672580878231413,-0.78432146527338786,0.6070015169910703,0.12801951992545726,0.17257116417377757,0.015267783517491723,0.98487871744807709,18.549640840532394,-10.041755644775019,3.2101578342196233,0.2265213521201204,0.1385291126156747,0.35,True,5
0.63659644898251111,0.75843848058600061,-0.13969979351901674,-0.74908835945579832,0.65118010565694229,0.1217830026088801,0.18333464176384628,0.027120862136233076,0.98267638007958125,-17.870141487580522,15.384992437294862,-5.8472998713755588,,0.6383527839901442,0.5,False,1
-0.94817076599190675,-0.23068493002617563,-0.21853297594902865,0.2349704216709734,-0.97198052000144364,0.0065398530172584568,-0.2139184411360677,-0.045147888062907551,0.97580764946037057,11.316135804725215,-12.763515168141133,1.8981619672818768,0.3244148985135981,0.3186767341161502,0.7894736842105263,True,5
-0.12907604456382615,-0.9623816805014086,-0.23908340752766777,0.98552686514771748,-0.15121516907040894,0.076620954804276817,-0.10989164113738815,-0.22573319135273703,0.96797125656180472,-13.943434554926982,14.383687481450426,-5.0351600777703212,,0.08154256265819282,0.2698412698412698,False,5
-0.97919018358094112,0.056817086364420816,-0.19482916382251697,-0.039997948105359588,-0.99521002712161821,-0.089202948740213076,-0.19896418905442298,-0.079553884968907015,0.9767724560307125,-12.591245597881294,1.4364097947859247,-3.4508111746916215,0.4417640188019345,0.1740208863402471,0.1129032258064516,True,2
0.47634470340874574,-0.84689795667759393,-0.23634630208605004,0.87906451621431103,0.46435964783057226,0.1077761281526021,0.018474302891675037,-0.25910223550170919,0.96567320129052114,21.199374360050644,-10.283465790881948,3.8068396093135726,0.3079016133552445,0.3036121344961341,0.5,True,5
-0.16066280183725629,-0.91725550258710764,-0.36445823777145603,0.98027471480430561,-0.19135185078989242,0.049456574028330258,-0.11510407299978331,-0.34932336333683073,0.92990550068590583,21.342293831181429,4.7342865872256157,2.22433380231708,0.4718559059837449,0.3538641419567749,0.2962962962962963,True,5
0.00021335136844216184,0.98940563545545912,-0.14517728131554297,-0.99574801180640915,0.013583733833471121,0.091111904593881257,0.092118681410323547,0.14454055037988517,0.9852015924830323,-2.1859865468332131,-9.0029489795464865,-0.68551180261544087,,0.1362858884802148,0.303030303030303,False,5
-0.91622897109859425,-0.30855710178359758,-0.25557188315328877,0.34900140799467466,-0.92794161091173921,-0.1308525275119341,-0.19678030830686866,-0.20908582371225809,0.9578938503744665,-12.444845405767339,-0.69489814664101235,-3.2608138621495923,,0.2161077126543997,0.1282051282051282,False,3
0.79323666906709145,-0.56777937957725733,-0.22000491579555689,0.60116791813962012,0.7876876761042757,0.13470433962244821,0.096812814477321346,-0.23911231888029044,0.96615349604121892,3.532283483318257,28.676370183095958,-2.7382385065232491,,0.4831032121653623,0.5714285714285714,False,4
0.64272721125085097,0.76460156560149006,-0.047813991649433341,-0.74442756378502917,0.6380699510035055,0.19670876925919761,0.18091250425216088,-0.090836025376125951,0.97929540093838752,-6.5337810846039019,15.197453723560161,-3.7451998789610403,,0.09063808299794794,0.3846153846153846,False,5
-0.71401844114156232,-0.64815742398709542,-0.26470666678454857,0.67350384091556281,-0.73915219468815607,-0.0068271047792402423,-0.19123347505538316,-0.18315563550733271,0.96430481239084753,-16.828240647838989,17.675173651249168,-5.8097399912135943,,0.07149506750513,0.125,False,1
-0.81573540049834503,-0.54070111812482424,-0.2054703317570907,0.54298707115630485,-0.83824212056595393,0.050151648688655709,-0.19935093912721327,-0.070657258421604155,0.97737748843598826,-7.0699146003029032,9.5298359565837991,-3.3083349204527739,,0.07131090325445048,0.1483870967741935,False,5
-0.95324511889303987,-0.21341403291663658,-0.2139583928263909,0.21280007643774868,-0.97674508909572599,0.026175530471632902,-0.21456903498567492,-0.020578665691433781,0.9764920111007962,9.7346202000498785,-21.516536741240579,2.7538133638849898,0.165246569558452,0.1352931044551942,0.2777777777777778,True,5
0.2266647730586463,-0.94628622686046071,-0.23057635938765308,0.97297541227427642,0.2092847833670268,0.097563961382866493,-0.044067309470549709,-0.2464594415014536,0.96815071963554189,2.9694442562268386,-15.120435453052322,0.80264219100354095,0.2918853044657492,0.2617164934707645,0.859375,True,5
-0.45285795500134285,-0.81269145124235942,-0.36667734818173575,0.8751429396444218,-0.48378847080708276,-0.0085761707460259989,-0.17042449290674794,-0.32477887953457296,0.93030864320705187,16.692129308495623,11.264887674122875,0.53755743421539104,,0.1729585355003279,0.4,False,9
-0.67268440636812799,-0.70285786629990721,-0.23127150539895899,0.71586728491623686,-0.69726292865528694,0.036857003536742018,-0.18716228203303781,-0.14076657310382229,0.97219085167511798,2.2112468460017736,1.1972221159614294,-1.0181088249850623,0.3681001774635724,0.3045539097742521,0.8791866028708134,True,5
-0.81609266678547054,0.56216349527001552,-0.13403344285952673,-0.55727011064028242,-0.82691882652589122,-0.075201583254681015,-0.15311036217691545,0.013321370907024135,0.9881193035616761,10.980157577207519,6.6001933077184169,-0.074347081811280205,0.7790982165351592,0.4486825539501413,0.1818181818181818,True,2
-0.51994633166784976,0.85243538303101341,-0.054861005659005702,-0.85135862101316784,-0.52238069060505266,-0.048030329059324889,-0.069601081972230333,0.021733196722050985,0.99733813601432941,-13.878921351191671,22.418894749392052,-5.485429524286431,,0.2286221310734589,0.35,False,3
0.96129823791623459,0.22457698117847605,-0.15959598147793522,-0.19280990094339848,0.96215782987889831,0.19255298621659045,0.19679949155762549,-0.15432916097579219,0.96822129195508233,15.216134803172416,-2.6239296512800148,1.4819621924044364,,0.1344415108284162,0.2777777777777778,False,4
-0.44267885621803249,0.89642038863268925,0.021585112951108071,-0.89666650867549957,-0.44241064813742442,-0.016186124746633154,-0.004960088425014858,-0.026519903058678379,0.99963597987696173,-2.0598162378132621,28.373627806706931,-3.7676327217490759,,0.6593596673585342,0.6486486486486487,False,2
0.47618877674763765,-0.77949693023598776,-0.40697516466273587,0.87899440364696424,0.43498396686834845,0.19534018256568125,0.024760598880210205,-0.45074769474745846,0.89230792242529489,2.2802575312044824,6.6728177192098244,-1.4617241708211057,0.7370412454855504,0.6316824181675266,0.2608695652173913,True,6
-0.85163853967165248,-0.46351565940557304,-0.24467331532423545,0.48318097229031182,-0.87519638882503104,-0.02382076833804378,-0.20309590286986312,-0.13850817475312643,0.96931292148822268,-5.8045832707453444,-8.9498013258265487,-1.2911011903805634,,0.09094372545112164,0.2307692307692308,False,5
-0.79469174168533874,0.60551340921478169,-0.042644424702597827,-0.59938923479865924,-0.79387119204466194,-0.10247475615518808,-0.095904019230691528,-0.055875233356827689,0.9938210992893638,-9.7612983778503946,-6.1321661281224813,-2.1552671535920909,,0.2588055178036853,0.7142857142857143,False,2
-0.89671862580672623,-0.35500162596116219,-0.26432849202502967,0.39064744006097524,-0.91556060298012742,-0.095620917400279823,-0.20806317239026675,-0.18900430639431326,0.95968072214633005,2.3298718300469239,13.79006566325509,-2.0202552477764768,,0.4686066928681855,0.4153846153846154,False,4
-0.034311428868221305,0.99833688793192232,-0.046326925685001824,-0.99579794783194087,-0.030212521642155085,0.086450278366907218,0.084906848620793951,0.049098490103311659,0.99517845903478996,-10.923066731619031,31.116615636292046,-5.5183917639777667,0.2537312445159185,0.281789545827714,0.3529411764705883,True,5
-0.84836605319746505,0.51033454713806081,-0.14083213333450023,-0.51711653337216879,-0.85580198563960874,0.013908712681406706,-0.11342632276198834,0.084626304259926316,0.98993578475171828,-19.336007506448794,23.396994708147137,-6.5585140030394431,,0.1727819611288066,0.3125,False,1
0.70680525802661209,-0.63331973373295947,-0.31517049685899634,0.7052141724893084,0.66587944675225197,0.24346977905508993,0.055671340437908834,-0.3943484211421765,0.91727314612198174,-12.5625713368132,31.039835675742086,-5.8380897135863332,,0.2934043554611642,0.4848484848484849,False,5
0.56740091143327109,-0.79135729912898645,-0.22761772958178886,0.82266254144751361,0.55679889774995217,0.11489704244912172,0.035812687749041311,-0.25244526650288635,0.96694820896285638,-12.171308181605708,13.615087547824297,-4.6229568747272509,0.4401565243298659,0.4187085586311713,0.6825,True,5
0.76727291981778378,0.63027692765919152,-0.11850426563960387,-0.61072111980722699,0.77447771251479347,0.16493631085742949,0.19573446384246795,-0.054178107002201548,0.97915920686370428,7.6701589923454625,7.6563949690871533,-0.69064398032346863,,0.08803323532447127,0.2,False,1
0.72180545967722975,0.69019116259638158,-0.051313131399257694,-0.66697152350656774,0.71348340240869235,0.21468679819365544,0.18478599841836058,-0.12073770563154868,0.97533406647535814,-1.9372320478473761,-2.9734116075339529,-1.2882354664948445,0.6947371174066221,0.3128308525905438,0.1684210526315789,True,4
-0.89378152043377124,0.4223624401230528,-0.15087929912482173,-0.42761872799257145,-0.90395528726067187,0.0026574618514869225,-0.13526572810993909,0.066894004266283669,0.98854862044924774,4.1341032255888974,18.183762510440886,-1.9869668223954384,,0.121708769781862,0.2222222222222222,False,5
0.59484493194869148,-0.76247646224117671,-0.25453713179639498,0.80276805088420922,0.57983384293055495,0.13912645712426946,0.04150859446576316,-0.28709294509019789,0.95700296627801129,12.756187774315498,-8.9922574529387678,1.8280782970217992,,0.07431478856127846,0.4736842105263158,False,1
-0.80151641524428807,-0.53321964068934391,-0.27064414066643544,0.56684589167621424,-0.82164067912981598,-0.059936044988740264,-0.19041315916643906,-0.20145324316630381,0.96081185444083417,-18.325009391176099,17.998437536547119,-6.0713305812216474,0.8119783886211904,0.545929536057699,0.3804347826086957,True,5
-0.57169085737940029,0.81217387459154389,-0.11637508762516806,-0.81945008092887528,-0.57227507797205979,0.031667017506115093,-0.040879438039998647,0.11346731936126833,0.99270037724506888,5.8008024053772598,9.8058435890331666,-1.1698639096045247,,0.1058746585767339,0.3611111111111111,False,5
-0.76984853758926353,0.63819052685724353,0.0067882693924871951,-0.63071277301609241,-0.75911478516844455,-0.16107805838479716,-0.097645415284192169,-0.12828715589777018,0.98691832413104863,-14.953793023677131,-3.2829846458640315,-3.3395864491761462,,0.3104059986237656,0.2083333333333333,False,3
0.8865420645832377,-0.38006568901066939,-0.26380530654506595,0.44493964609556513,0.8566670897252564,0.2610559493940206,0.12677491493526785,-0.34881452007980573,0.92857770354701663,-26.71163697032323,-13.247335029019741,-4.0179238891855915,,0.1200158918817546,0.1538461538461539,False,1
-0.74059612961302745,0.65873050320107618,-0.13263294068466314,-0.66777079828059716,-0.74349096870417219,0.036101806312514521,-0.07483003251301272,0.11530526270638795,0.99050752779891227,-0.32876117960391399,26.584056150163015,-3.3425722708740842,0.5575784739523033,0.5051859740542326,0.4716981132075472,True,2
0.67077885012656002,0.73972039082556851,-0.053567505259793452,-0.71769723928151874,0.66562360197526715,0.20458712867909698,0.18699306658423531,-0.098787468285907259,0.97738151668582551,17.656192516356004,20.109929914232783,0.33761979924606506,,0.4583918907202786,0.5,False,1
-0.86397422112142497,0.48229433725350979,-0.14470907881271231,-0.48999231647726843,-0.87147467770065989,0.020962249873769025,-0.11600032340845598,0.089017180250374806,0.98925217542818933,-6.512958711259583,20.225577796095944,-4.0481899541579125,,0.0792177615407128,0.2962962962962963,False,5
0.40423052146872901,0.90479207169453657,-0.1339738501045131,-0.9022483573679142,0.41849131299974618,0.10398520361401277,0.15015188024136977,0.078843693105127816,0.98551412212992895,6.3506651649094739,-1.2602141388889057,-0.20541231674682242,0.3595904197468221,0.3194221238178566,0.5048543689320388,True,2
0.3607630590513734,-0.90525853976998572,-0.22440363499152052,0.93240856206547851,0.34451256896672833,0.10920331135515531,-0.021547357399014269,-0.24863239128773573,0.96835822162651186,-8.4227361815444795,-6.7915540400094363,-1.8763551454643037,0.247645973286387,0.2306868139092888,0.2978723404255319,True,5
0.90907115955682316,0.37989656196672944,-0.17107959863137667,-0.34758410397886741,0.9179176153261317,0.1913440412847924,0.2297279206435775,-0.11448080048570342,0.96649843703801808,-4.5987644609727454,9.269717696643534,-2.8846200955735584,0.2113859889708945,0.147704356765529,0.2108843537414966,True,5
-0.075858850380317616,-0.9301663216250291,-0.35921588068115562,0.99145465308445557,-0.10870672050546983,0.072114629543015424,-0.10612778003971093,-0.3506757234704268,0.93046409456374735,3.6089539467588838,-9.9034942315610177,0.2633698779262364,,0.2044376958548203,0.3278688524590164,False,5
0.29718415042516344,0.9480916811672947,-0.11315363377924484,-0.94582832149024076,0.30853657894797876,0.10106416634016212,0.130730130432996,0.076989243095716073,0.98842414450706406,1.8088074994759888,-17.691898476811719,0.91007462053768995,0.4373440976715716,0.3286641828846298,0.6764705882352942,True,6
-0.65699675842257155,-0.64901283353863382,-0.38358519434981742,0.72999301017080842,-0.67476520647514937,-0.10863756823636729,-0.18832276687643346,-0.351389040854582,0.91709338534486329,4.509109138328955,-9.0285190778088005,0.29859116828080856,,0.1643366822762952,0.5,False,4
0.086841465917135957,-0.94366276108061675,-0.31931043382117807,0.99330300791975323,0.05749979372431395,0.10021431124959852,-0.076208229574849518,-0.32587477206952897,0.94233642542018892,-11.950554371887982,23.332565416136834,-5.2091843133184907,,0.1886817131624071,0.3333333333333333,False,5
0.50282030262948285,0.86030010553685532,-0.083996855160593895,-0.84811347355035294,0.50978622516712491,0.14429671033051183,0.16695891484418929,-0.001316450959269605,0.98596297481747375,-7.0504529563069571,-3.2416390572243365,-2.1006424599118265,,0.2531521415026291,0.26,False,1
-0.7789145577261829,0.61512157218446084,-0.12213747662180345,-0.62040999194422564,-0.78424758908337022,0.0068673803365264519,-0.091561747787983108,0.08112441340458415,0.99248943364237963,25.660945529386158,-26.556345778744411,6.4022323519033391,,0.3398984740700073,0.25,False,1
-0.39480297580466717,-0.83420708020161283,-0.38500539949106982,0.90580365748655767,-0.42355153723577554,-0.011127865437074294,-0.15378668466337825,-0.35313261339999524,0.92284723165512916,4.6897398012309504,-10.628598376953382,0.49743768610928013,,0.4266325171378552,0.5813953488372093,False,5
-0.97967806301377369,0.12039489096363945,-0.16042432196968137,-0.11283347717873606,-0.99206426842948192,-0.055471557876361613,-0.16582972977525554,-0.036243034300790095,0.98548817506215458,0.17499235146742431,11.938087983618736,-2.2434338874919368,,0.1049109462158652,0.2424242424242424,False,4
0.63234614996549909,-0.71045837896557495,-0.30884824490583984,0.76760916190679718,0.62838661673715257,0.12612071385137019,0.10447258578476257,-0.31682669026337135,0.94271221863101085,-11.976550732080963,-15.410648899325489,-1.4999536549173378,,0.2436365162214992,0.3157894736842105,False,3
0.46578673951275829,-0.84619494905187009,-0.25883744221649396,0.88489642949111436,0.4457489231202259,0.13515253090873292,0.0010111221246494051,-0.29199658514486421,0.95641882661090849,9.1064830222397006,-0.77601121804199658,0.16093102776133481,,0.5543482297423565,0.4329896907216495,False,3
-0.95821273249960981,-0.1990787772768296,-0.20541664906621382,0.20786718981793836,-0.97791177157226528,-0.021904301348945651,-0.19651867766912826,-0.063688362032279705,0.97842945676672122,-5.2171309954829299,-6.0837956727280034,-1.4746779404916901,0.2790800354601829,0.206991756679348,0.4134615384615384,True,1
0.3448801399114737,0.92699071600694682,-0.14746491627357011,-0.92747930875065421,0.36070715685745608,0.098348761208363694,0.14436003925619956,0.10285212408472333,0.98416544322446609,-5.7453368858552913,2.3844868184998762,-2.4691830624910138,0.2341712116845484,0.2234201137035638,0.8166311300639659,True,4
-0.88766917582368743,0.43264971277762176,-0.15766312291064638,-0.44212389308488931,-0.89647974853045709,0.029163738413153735,-0.12872411373149006,0.0955943853383181,0.98706221487595847,2.1960766455955718,16.45867517528799,-2.2055408996169814,,0.09239859971595812,0.5909090909090909,True,5
-0.19984871462068229,0.97569335461515416,-0.089905333680978347,-0.97867259359770531,-0.19431893984042772,0.066634106582387581,0.047544145856265818,0.10130462664221793,0.99371873627082186,9.8951215849389147,6.0161347188932242,-0.22206884751371245,0.2222892674012601,0.1645431971941159,0.4868421052631579,True,6
-0.74022620677984974,0.65342067363145961,-0.15845057925841122,-0.66810252028636719,-0.74129662077646163,0.06417431271470117,-0.075526056320457155,0.15336473941688628,0.98527918455647445,2.7127831625159007,17.965511520973291,-2.1803962924628579,,0.09979623366449933,0.3333333333333333,True,5
-0.82495820161489941,-0.53029331027161752,-0.19553253097497841,0.52734587217841367,-0.84665551908239078,0.071279471825454396,-0.20334772357884665,-0.044310688197065962,0.97810340262510276,-5.2297366415931297,-6.165408973809364,-1.4729540976287936,0.3243809364436892,0.194733261568155,0.4047619047619048,True,5
-0.77169660299169807,-0.59801831566349184,-0.21646812019804212,0.6053573376190774,-0.79503169537899698,0.038302703997761513,-0.19500473512665253,-0.10148249836202415,0.97553803401219885,-9.7493180491885365,22.582074016681634,-4.7798727396773266,0.2800697716573082,0.1742685798049728,0.3333333333333333,True,5
-0.54294741883317654,0.82531372407400461,-0.15513013001183495,-0.8395345082077782,-0.5377990921678274,0.077161816928997928,-0.019746136602254091,0.17213190674177212,0.98487598040094704,-6.5638519226930168,-12.270119916418579,-0.98729391054221149,0.4693620921500932,0.3923298666690452,0.3076923076923077,True,5
0.97544422244836126,-0.11846763779495934,-0.185671720214453,0.14273729167635832,0.98205215591903794,0.12328677390404656,0.16773382025402639,-0.14676164979330114,0.97484685140433136,-2.7015399666959334,23.089382981455149,-3.5536330278462778,,0.0977589090288064,0.4827586206896552,False,2
0.94750255584994669,-0.24511681118246459,-0.20532085995718502,0.28261141491208724,0.94235144744142951,0.17917739161632534,0.14956501870158709,-0.22779705525046165,0.96215321378666685,3.5969174588784014,15.000757810382247,-1.8879508581887223,,0.3840859861193062,0.56,False,5
-0.80387085047312501,-0.54782376487364415,-0.23169112714836756,0.5623493179974336,-0.82688995797443532,0.0040301301291870012,-0.19379086745106514,-0.12705164320347423,0.97278105432407613,16.078113759898979,16.58516583349725,0.22535980984680914,,0.1724265124617186,0.1666666666666667,False,2
0.46078602795424012,0.88000409864571016,-0.11519124449760529,-0.87389424981663022,0.47252704094920767,0.11413604036068789,0.15487116122630751,0.048072673511452557,0.98676437992150778,-6.0089165433709866,29.31576067414067,-4.5344615390915219,0.2760484131213056,0.3433558101718194,0.28,True,5
-0.88623831718316459,0.44333988321454482,-0.13428102288731447,-0.4361637150798664,-0.89626307477287848,-0.080459396259180457,-0.15602198179768981,-0.012737690135053853,0.98767144964605613,-18.365044062335162,-2.5301857393067007,-3.9107072790984825,,0.2764477443944651,0.2285714285714286,False,3
-0.35635884960128572,0.93412462381372452,-0.020483102687709032,-0.93130782697621028,-0.35334616187528717,0.088386771073797374,0.075326633561421399,0.050573481913651575,0.99587560528583707,-11.239683503602512,-0.63252321581199644,-3.0709311590103314,,0.2952271653585217,0.4102564102564102,False,2
0.23297784898011167,0.95905680806832772,-0.16103217312820359,-0.96118490468870432,0.25225906326728748,0.11175394399338925,0.14780020596456278,0.12874550049342356,0.98060170059995888,-2.2108091777038004,5.6013448705306557,-2.1626419763905327,,0.06670772620824075,0.2060085836909871,False,2
-0.7763471856341253,-0.55320714612441413,-0.30207101952166049,0.59994680417259305,-0.79550805899689547,-0.085033876979032336,-0.19325858201142437,-0.24724235387140731,0.94948530211428794,-10.617010959044508,11.222524377695279,-4.1234994906097162,0.5915874481031755,0.3344368846863038,0.4883720930232558,True,5
-0.9512714102474874,-0.20517982543314706,-0.23018241305751214,0.23662971107282907,-0.96437162011881894,-0.11829521607822317,-0.19770959481862593,-0.16699885492010838,0.96593079388330239,-27.197615035361892,-15.092807736453757,-3.8666727086494852,,0.1771115615375885,0.4285714285714285,False,1
-0.9770941718664502,-0.10227062568567233,-0.1866218058707948,0.096290327690517277,-0.99451437511818097,0.040857440895710168,-0.18977658469333966,0.021951692535081412,0.98158187182576706,-4.7354382394831127,-13.131663934908854,-0.63480447668174145,,0.08371404176540281,0.3043478260869565,False,5
0.064471901275595142,-0.96314289162566347,-0.26114965873396179,0.99421880475614222,0.039477838958183423,0.099852233327348799,-0.085862344570699259,-0.26607756489818252,0.96011998585732794,-1.9763846049585658,21.329130517861643,-3.2749094643157668,0.2323880397654481,0.1708759115321467,0.425,True,3
0.9361957187871881,-0.23144155498829944,-0.26452293425927759,0.31064282504971708,0.89693381100313685,0.31465977487521346,0.16443421593351845,-0.37675528570145783,0.91160125237207845,-10.397224334786673,23.56250043937268,-4.9334692819040207,,0.2011257807148061,0.2272727272727273,False,2
-0.98302563964045409,0.044248195397500578,-0.17805248948986685,-0.034383552282220856,-0.99771767868271155,-0.058113724510103229,-0.18021754393490755,-0.05100520412707904,0.98230346940750612,5.5694474507812224,30.241338860403317,-2.5008568370302964,,0.2155249912443875,0.2857142857142857,False,1
0.7993592892616288,-0.53989354304546699,-0.26370378997837085,0.59284838371997839,0.78009227225741107,0.19996709900600856,0.097752343152240795,-0.31618192380666249,0.94364901868553053,23.345412089341277,3.7199783296480549,2.7875956105783262,,0.6701972645025636,0.5,False,1
0.52381331590111113,0.84827283651147189,-0.077799774559211957,-0.83049688005527933,0.52887214349572409,0.17484046457466462,0.18945855035634881,-0.026971293462116186,0.9815182153306431,-1.2171823306861878,27.422398054964347,-3.5446778381578308,,0.4555405799029233,0.7222222222222222,False,3
-0.64671584461384424,-0.73629012624522172,-0.19908657995755721,0.74123953264036269,-0.66823098214766341,0.063492596017688432,-0.17978479239495851,-0.10650917562240292,0.97792291308248702,-4.2198997166153678,7.0115255448326943,-2.6038026316502134,0.5670064906422062,0.4844042094939439,0.9908747640025173,True,5
-0.4989345527456665,-0.82052878998335543,-0.27892080755105392,0.85023495015885753,-0.52577040515536222,0.025807180999311882,-0.16782384099062525,-0.22427212459692053,0.95996727679850469,18.724252051206829,14.366555546228797,0.87806743292519385,0.3018117854439996,0.2447289603707182,0.4545454545454545,True,5
-0.97784941056735963,-0.061677469483826762,-0.20001604938389261,0.088592161607026265,-0.98774032290462721,-0.12853203262244745,-0.18963638668478869,-0.14340482650990161,0.97132543288992657,-7.8591772335442176,19.670271237284428,-4.2832912443786517,,0.08397371563844067,0.4166666666666667,False,2
0.0056350492872828013,0.99740605201503563,-0.071759414875744498,-0.99432291906432901,0.013213759001086138,0.10558091303096681,0.10625525324858648,0.070757077220872724,0.99181815731526013,6.2563872238204432,-11.167818169847859,0.84396446643706735,,0.09299525407106556,0.1923076923076923,False,8
0.97425749409325746,-0.06537809262759478,-0.21574994833719929,0.14962073783167035,0.90338140880910567,0.40189011561468169,0.16862968307457943,-0.42382512339696593,0.88990802601376384,-1.2395751304451961,16.143997158838502,-2.8246687045551178,,0.4676306388664334,0.25,False,1
0.2658785724765465,0.95709561503163409,-0.1152239922284069,-0.95497343810847812,0.2778233518611114,0.10411492528898,0.13165985418914358,0.082353924301610038,0.98786816627878948,5.2091865388470548,1.3043966094319659,-0.62744664441465214,,0.2573830145581256,0.8155339805825242,False,5
0.5197479207405592,-0.77793246654412163,-0.35310505006646808,0.85410753484747193,0.48236840544050646,0.19447632336496928,0.019037274033809712,-0.40266834855667594,0.91514795703645624,5.0944872475492575,16.182500898605706,-1.7087527590760829,,0.4818854725523937,0.125,False,4
0.93639664117043264,0.3345570418056677,-0.10598545269502814,-0.30111532928417228,0.92104360776837491,0.24699844343456404,0.18025229228726575,-0.19937466831885575,0.96320239449345724,20.179479578377439,-31.760791268005153,5.881251193122309,1.054241938216592,0.6968106515211379,0.5,True,5
0.54482105095218425,0.8359355511906934,-0.066194989952929578,-0.82063633575613615,0.54774743944643911,0.16287647778795761,0.17241237448657507,-0.034416519803438794,0.98442342327299392,5.6994832396302444,-0.31030474830207277,-0.38905782186746335,,0.142505832313073,0.2631578947368421,False,1
0.83549107864397287,0.52723764257829275,-0.1548390317549625,-0.51249204845681773,0.84930683003468999,0.12660888090872843,0.19825881512524174,-0.026426817911168854,0.97979337899386953,-4.3470154923899749,21.930355405171643,-3.7368005759079979,0.6283569920645427,0.5722410740100632,0.8235294117647058,True,5
-0.91100765713941467,0.37073702521844043,-0.18060760439565218,-0.37467231768064752,-0.92706460082022757,-0.013110311584577442,-0.17229539459070595,0.055725075488634798,0.98346785049874375,5.6659857462227308,-19.047459901342947,1.7557278079095999,0.174253642882174,0.150533781190101,0.4347826086956522,True,6
-0.96133941375223986,-0.184536132056001,-0.20438431332250409,0.20692180838889293,-0.97382977782583457,-0.09401557867054558,-0.1816862591930706,-0.13267245300173441,0.97436549786768056,17.240886772580151,-0.18677086720144742,1.7225269860949128,0.461708678794335,0.3917400219176327,0.2666666666666667,True,5
0.65226505481206931,0.74187776087182933,-0.15545959666359521,-0.73505751752493009,0.66915231504992856,0.10920451086565476,0.18504254700228834,0.043041458933457719,0.981787496667066,-14.396473145914552,3.6919112440446873,-4.0606096858481555,,0.1241588112190047,0.3829787234042553,False,1
0.95581139304541829,0.23780213887687274,-0.17284306080997749,-0.21600781490656784,0.96690413835504729,0.1357829559671373,0.19941214813512978,-0.092447444407447898,0.97554511182141912,-6.4451160173217712,17.365124233450803,-3.8866507403150337,,0.09221922609276693,0.3387096774193548,False,5
0.72684436040911982,-0.65820960383788463,-0.19610556635912743,0.68258110431746744,0.72391188609974033,0.10017293642628805,0.076028361617268989,-0.20666808795528407,0.97545271010475076,-2.7787515599515102,16.893979688859918,-3.1527373841960529,0.4381006546242296,0.402110087576195,0.9753846153846154,True,5
-0.58565656529123744,0.79316890955216246,-0.1670014025423221,-0.80956812844263404,-0.58257655162224575,0.072138803080050093,-0.040072845433783089,0.17744757653956583,0.98331405188732757,2.0469887136149305,4.4664037207803542,-1.3343036040702101,0.7276258607464974,0.6356789658532895,0.9960655737704918,True,5
-0.28741013575162333,0.94852211427366662,-0.13304590411225528,-0.95727800967392573,-0.27984783244384998,0.072828585536223747,0.031846916051032577,0.14829359193941244,0.98843046519608369,-9.129557141438422,11.180221953847747,-3.896080134076505,0.6806850735493586,0.7068367262970072,0.9926470588235294,True,5
-0.5418408614803264,0.83403319124559994,-0.10390917539340902,-0.83987932420171285,-0.54197658329626053,0.029395644864265741,-0.031799396357985829,0.10319892954479706,0.99415229182056186,-16.01887570227472,-1.7288617562373123,-3.6806612138613852,0.3545847868756578,0.3753478549225169,0.4380530973451328,True,5
-0.57568124762870598,-0.77043971623247076,-0.27388637202366678,0.79845354390457124,-0.60187450738944437,0.014799175008919661,-0.17624709743677325,-0.21016593683645213,0.96164818912051675,-21.204052721723397,22.404338467997146,-6.8798926445902318,,0.2300634773287909,0.2222222222222222,False,1
-0.91223385064953011,-0.31642746626996865,-0.26019811743957477,0.35499438747406414,-0.92757389851362793,-0.11655748649547956,-0.2044709920527725,-0.19869655605016837,0.95849428377156076,-12.752495165953873,18.571878048884294,-5.1162518206505361,0.4818614285824458,0.5270476358752829,0.2127659574468085,True,5
-0.52055670919003461,-0.79821107664321267,-0.30311679208074782,0.83835754287799658,-0.54510375240729592,-0.0043045802410800887,-0.16179413715214822,-0.25636102713861764,0.95294369243288624,16.472927834762498,20.776573742747264,0.032584287333489503,,0.2409503343970393,0.1875,False,4
-0.043781456927017126,-0.9702133440152414,-0.23826298731466966,0.99450716876028422,-0.065020792049996168,0.082023093611464107,-0.095071948090651753,-0.23336315839470856,0.96773083085654288,3.2559027492588664,-2.4458884401493832,-0.5471751506670155,0.609183866241377,0.6254715123361484,0.8141592920353983,True,5
0.90092107115753628,-0.36911319238730361,-0.22824696000168959,0.41243239781554891,0.89187950382902215,0.18560837233760735,0.13505828658944397,-0.26135493462981024,0.95574727693474137,5.52430958127196,-15.732148990331623,1.3209630917910886,0.3795087465325077,0.3273404164876577,0.9036144578313253,True,5
0.90356156880783822,-0.37816250197205259,-0.20141899978838954,0.40734635266448715,0.90394560254390444,0.13019714517790551,0.13283614095741106,-0.19968843167237979,0.97081362264430959,-2.8022363272241226,27.523073224582873,-3.8372631218699151,0.5360631218089761,0.4799424317693275,0.9135802469135802,True,5
0.87988160099402202,-0.43671806426744875,-0.18731177372148283,0.45875357796635896,0.88345004855684039,0.09519015919715218,0.12390933352762139,-0.16968601606322142,0.97767741766767424,4.0906252079118719,-0.56584281894159472,-0.53884046057394175,,0.07592804040682477,0.3333333333333333,False,3
-0.90728480898230091,-0.34275131890779187,-0.24363047587877448,0.36938000943111982,-0.92647151584971599,-0.072172979374518095,-0.200979312424475,-0.15547367528330322,0.9671790176959415,-19.480046590534275,1.2429419559139046,-4.5513537319467883,,0.2032255908326473,0.1,False,1
-0.8686019531909831,0.47784307390312808,-0.13113597384249009,-0.48089275524017028,-0.87672888914756797,-0.0094134420691150411,-0.11946884476852589,0.054885805604734494,0.99131969791424623,10.638618395550404,20.049642872969855,-1.0325116457383008,0.1718142126985874,0.2141437404212767,0.4666666666666667,True,5
-0.86741217476890697,-0.43237618852056597,-0.24626601605398574,0.45532596331131375,-0.88931565519882749,-0.042378444437040877,-0.20068479313913706,-0.14889088964307753,0.96827533108305175,-3.5822402588599296,19.402918962228956,-3.4594949926465515,,0.08934752218367881,0.3333333333333333,False,2
0.97439820316768833,-0.10396934737670453,-0.19934521932979316,0.13128143897997674,0.98290788290033415,0.12906307571002082,0.18251938374574864,-0.15192915631453383,0.97139292051086468,3.7890858667465057,19.624195132164978,-2.141817563302288,0.4928013966899398,0.3941430245017787,0.8404255319148937,True,5
-0.90245424438140143,0.42767349944878114,-0.051688631895487364,-0.4098137818191705,-0.8892993238188901,-0.20297629636569453,-0.13277424836564999,-0.16199410644988965,0.97781844349881164,-15.365144945342099,-5.2089275201114109,-3.171179180060681,,0.6517670828709067,0.3684210526315789,False,1
0.43830335954185096,-0.80147045964946706,-0.40686025527642455,0.89881802396227595,0.3928592691640645,0.19439072619964448,0.0040403978609781371,-0.45089543903342777,0.8925676323080376,14.886607412371928,14.604490309612046,0.041766184864582986,,0.5101944434975687,0.1612903225806452,False,1
-0.85933907505616347,0.50639773994100279,-0.071398060647765105,-0.49817925339628516,-0.86046168443584203,-0.10687900216297733,-0.11555858067290961,-0.056276270314212437,0.99170519602973994,15.334495751408603,-24.471593720017246,4.0666819911397969,,0.5976342444138899,0.1666666666666667,False,3
