axis_00,axis_01,axis_02,axis_10,axis_11,axis_12,axis_20,axis_21,axis_22,location_x,location_y,location_z,dbh,dbh_approximation,score,reconstructed,number_clusters
-0.92450633675077909,-0.22235107895063111,-0.30959333164192143,0.18520404288980719,-0.97194392378649763,0.14499817761536485,-0.3331478587728352,0.07671379735091105,0.9397486352696014,-9.4354122910083209,17.876118664994635,-7.5349721188794518,,0.07193214103393224,0.2333333333333333,False,2
-0.80422840206858426,-0.49630810569634404,-0.32694791867561668,0.47774646712890401,-0.86709419422169876,0.14108852360441457,-0.3535180199820962,-0.042730815193830041,0.93445122236573086,4.0667316271249767,14.503555999775903,-2.9821746157757523,,0.08048223188732967,0.4102564102564102,False,4
0.025826997139697525,-0.90223911231496989,-0.43046201972745601,0.98173613722600628,-0.05829858354838003,0.18109509110081456,-0.18848640026088312,-0.42727726286961176,0.88425506362776718,2.6764692872418432,10.57051264189354,-2.5896758638293402,,0.6485601902715366,0.7916666666666666,False,3
0.50485609178627378,-0.79528164534231149,-0.3356299020765503,0.86303507216933872,0.45735918435477069,0.21445988131117269,-0.017052589010263686,-0.39793175428453065,0.91725652253886014,-6.959029063723519,20.628946597866459,-7.362652052348805,,0.2210274918209405,0.3888888888888889,False,1
-0.28464155703006777,-0.83824853565551838,-0.46510060899000993,0.92259467859418831,-0.37131937046765912,0.10459915939044605,-0.26038095752413487,-0.39932607927216646,0.87905656210049121,6.8288505405255044,15.743721266499799,-2.4733143059430325,,0.5028423045348884,0.3666666666666666,False,4
-0.95102784963248244,0.1201041230526034,-0.28481753606332072,-0.14372154652797511,-0.98758227056134462,0.063445850427791758,-0.27366064073414531,0.10127318746175465,0.95647979341662692,-9.1313418347651236,11.383626934887495,-6.1985428480076861,,0.1085518828141767,0.2912621359223301,False,5
-0.74589039470519147,-0.5258346504150232,-0.40883424454104111,0.56398790847384539,-0.82514978128714978,0.032333845070853101,-0.35435174358514276,-0.20646006602895137,0.91203568074581953,6.2434716153634309,17.661999140276563,-2.9974508079601687,,0.1744452338866686,0.2857142857142857,False,1
0.95253421837513663,0.14477970285066175,-0.26780104642615132,-0.039231379606084214,0.9307179525799063,0.36362754516080187,0.30189312956520031,-0.33586147499816321,0.89222060497019906,-10.760520557996747,-23.046237921089887,-0.52559893303388838,0.7065147584649433,0.4844332070518861,0.509090909090909,True,5
0.63911738925055472,0.74488746885556634,-0.19149835899950562,-0.68735935781971724,0.6649038244894353,0.29230124426178666,0.34505952526371686,-0.055186619041851959,0.93695696865091349,8.0516090510209466,19.668533502552386,-2.846267681915327,,0.4355903865233478,0.1904761904761905,False,6
0.95597502628341025,0.07575407313093982,-0.28350144536933997,0.0095078344521141427,0.95760121120239772,0.28794013507625443,0.29329396551320958,-0.27795906300707784,0.91472258586183586,5.4900448603535956,16.326272325645519,-2.8835903357225421,,0.232664888641338,0.1,False,3
0.71191920204399539,0.6484668796107842,-0.26955844599806783,-0.60658118018320983,0.7612428173211826,0.22927853132042766,0.35387896463139012,0.0002812912384018984,0.93529118421305291,4.123062017233992,18.338544917652882,-3.7375521519783801,,0.08728702887644584,0.1666666666666667,False,3
0.94022382585270003,-0.11401215634527986,-0.32090557100868794,0.23640411275452061,0.8967792000426702,0.37403230053509767,0.24513721213161505,-0.42753747739388792,0.87012611307327825,11.981246650324952,14.972539272501667,-0.96594697826356202,,0.5080517322213276,0.3,False,5
-0.16237535900917921,-0.90469356253488586,-0.3939083658601028,0.95483150081267898,-0.24474542729408172,0.1685125540559041,-0.24885949417783276,-0.34875382969449076,0.90357053871348603,-4.8744957697367264,18.563087488633393,-6.314268125201588,,0.1997226940941158,0.2777777777777778,False,1
0.93416478118772739,-0.15608648128453156,-0.32089433143746704,0.27070878048043506,0.8958791591502695,0.35230283616655944,0.23249283378048674,-0.41597781498587094,0.87915273967627483,-4.7236197032187031,-25.451876990465401,1.5025345866642534,,0.3080509023598376,0.4705882352941176,False,5
-0.50005558083131996,0.84869205829589767,-0.17223880592051433,-0.86576494486850586,-0.48536865646015509,0.12193575178305008,0.019886586340672974,0.21009297349396788,0.97747913848438683,8.6407772111266752,-29.180309295017221,5.2377097585782382,0.5614313039690341,0.3065671018420288,0.3125,True,4
-0.66358506754915081,-0.5950482770200104,-0.45340093310590507,0.66205620372363794,-0.7493150288037238,0.014441977701093983,-0.34833380719768381,-0.29059341978852693,0.89118966732047322,-2.1169471269693481,-22.777628253904346,1.7625629665671099,,0.7358341643012165,0.3478260869565217,False,1
-0.33584962425159176,-0.77166620138150077,-0.54012619223243519,0.89505691233397622,-0.44007234987242655,0.072176523613492943,-0.29339078644911998,-0.45920322355489351,0.8384833009091841,4.2323462424279388,17.024394994634442,-3.4575338853550885,,0.1407661896514264,0.2727272727272727,False,3
0.55192040990770519,0.80059416452356291,-0.23330847575287147,-0.76405775489259187,0.59758371959894785,0.24312434114826353,0.33406527553129761,0.044075864156061267,0.94151883140120685,-19.600545534842407,-19.257987632307803,-3.7790392042055809,,0.2334081132812223,0.3333333333333333,False,4
0.30025442048596118,0.93339851492820214,-0.19650571317004201,-0.91116503285034778,0.34160721119510296,0.2303970402811831,0.28218002390223224,0.10987140478455504,0.95304916374823223,-3.3810625378162178,16.174388183714711,-5.4587571045982104,1.046404466084041,0.5537442956192271,0.5909090909090909,True,2
-0.92703730772500081,-0.18274534407205195,-0.32742322658291889,0.17248700421202681,-0.98316014802963747,0.060368507554035042,-0.33294153159968237,-0.00051239274845427812,0.94294733362459293,-15.769769725009061,16.327140861467214,-9.1517156088302034,,0.1076372901299453,0.1612903225806452,False,3
0.80960138474846299,0.56947015229641462,-0.14230018783146217,-0.46695068589907884,0.7717322192409658,0.43172495726306298,0.3556721169163401,-0.28307795291917781,0.89070995156635435,-19.931757827847775,-18.088604384222226,-4.1214578586651056,,0.1451204382058546,0.3333333333333333,False,2
0.93843522828806913,0.2092668819940266,-0.2748575893229408,-0.11964540004146572,0.94328268222738676,0.30968170701354819,0.32407452932440983,-0.2577307771889219,0.91024751904784529,-26.123848523243637,-19.656232572776439,-5.5357146256985095,,0.123049151298143,0.4285714285714285,False,1
0.94606464685785796,0.1513595375640967,-0.28644715804856713,-0.07717663972257513,0.96399324203415593,0.25448142484985176,0.31465131534263419,-0.21864885021618957,0.92368134659756462,-3.0106447314516815,-28.149072933357747,2.2878308624360479,0.6434141133284467,0.6427711702626272,0.8681318681318682,True,5
0.2304801417448071,0.95524008591930076,-0.18545965198441866,-0.93924660158993545,0.26820760418364437,0.21419734466100987,0.25435157884914233,0.12482411349958641,0.95902253103146229,-7.0411054729833147,-20.993245755876071,0.17831108447201613,,0.1467291913691907,0.2142857142857143,False,4
0.79786937956096782,0.54373474477611172,-0.26030171048660811,-0.48383548497611073,0.83517106408919317,0.26151963059406763,0.35959376612634569,-0.082715301071703023,0.92943558266922943,-8.5077409969694742,19.666535552610977,-7.6555557987233858,,0.2307740714905155,0.5238095238095238,True,3
0.94329858147448586,0.1348456938937071,-0.30332231211459926,-0.048745787489687206,0.96013698461590558,0.27524683281499446,0.32834682028341911,-0.24485426198251059,0.91226901514781666,-16.366873089263752,-19.349676770307159,-2.8011417435680994,,0.211123167650243,0.1818181818181818,False,4
-0.95596665642914636,-0.055014283108699762,-0.28827275356806481,0.05254124217913219,-0.99848546582161268,0.016315404171218878,-0.28873373489419646,0.00045077381498517463,0.95740933102671166,7.6157795434928683,-28.598803853686142,4.8933491290277011,,0.2216593440386886,0.25,False,5
0.14031574112453774,0.98709503997049164,-0.077167835646239386,-0.97687513009565541,0.15071876273605339,0.15165366714955822,0.16132722334828514,0.05410394278577596,0.98541681048263308,-27.895701099169365,-18.482889572499079,-6.2023530686277821,,0.4976879866037285,0.3823529411764706,False,2
0.32044817516587176,0.94321691871883506,-0.08749177833035629,-0.90228237023678992,0.33205046498372182,0.2750072963831568,0.28844322039656622,-0.0091832971551369935,0.95745296263608559,4.5034199721220549,-8.6007963605598334,1.2798498066080681,,0.1460242845506224,0.1290322580645161,False,1
0.50038126190628562,-0.75205295411131978,-0.4289929450999293,0.86560918727277258,0.4239992948577736,0.26635565109282244,-0.018420848027271508,-0.50461961136339961,0.86314524860269515,-4.6520550120717861,17.19759314687429,-6.0143814456237177,,0.3711022290261453,0.4596774193548387,True,5
0.47303593433957847,-0.7551191102946806,-0.45390762726710299,0.88078170955990476,0.39275692724247552,0.26451006825408269,-0.021461242466657954,-0.52491630320539473,0.8508832409331899,0.94221957234131715,25.261023995317736,-5.9403197944636181,,0.1961001291571896,0.1,False,3
0.64479871025625657,0.72493855753146352,-0.24227816875663433,-0.67794340940906861,0.68881228395634408,0.25676910076886528,0.35302600030405024,-0.0013134972571647308,0.93561258960869031,-8.5467848973019702,-22.842760587975295,0.076154835355999304,,0.1659648194279402,0.4166666666666667,False,4
-0.24655039617699459,0.9657524665176449,-0.080839814200994231,-0.9631985570998447,-0.23497273678064651,0.13052337940227149,0.10705812321231553,0.1100453832966074,0.9881440036094733,-5.6019554183792,-24.432168122204395,1.0876310958853177,,0.5051052639232493,0.609375,False,3
0.023312231168033704,-0.92399802978282497,-0.38168597149413996,0.9797005357810431,-0.054922811935803784,0.19279612267730203,-0.19910650433450214,-0.37843245855307067,0.90396099155061638,3.4279481462357255,18.679430598224851,-3.9707692211797005,,0.2272681140314564,0.52,True,5
0.50740050340997989,0.84815518842352966,-0.15224160236133605,-0.81673778913209427,0.52968405193343615,0.22885407781159833,0.27474372229938049,0.0082207954374932668,0.96148234803321142,7.3744942808373288,9.3293514133578359,-1.048152579014904,,0.4435968299449484,0.1875,False,2
0.30507736293211424,-0.86336880690961704,-0.40189812873643826,0.94914162180158956,0.24116309298821642,0.20241181868706248,-0.077833054611999061,-0.44320950557926947,0.89303267004849518,5.113314514905194,-27.999478558043094,4.1991714880315838,,0.2835753532592337,0.3809523809523809,False,5
-0.5662017810621176,0.78026511061520298,-0.26571018098434335,-0.82418791156882676,-0.54038135015608257,0.16941748087876568,-0.011394276892517291,0.314919598564675,0.94904995489908883,-13.095937740109456,15.612801846705111,-8.169931899651516,,0.2703525321676716,0.6956521739130435,True,3
0.59960281443117081,-0.61787857326510331,-0.5086280896943266,0.79986842413689774,0.48349603058984342,0.35558696892971386,0.026210093379747418,-0.62004649592086736,0.78412714141348239,5.0320351946948376,-31.917261915825424,4.7905808079342451,,0.4486585109167083,0.1851851851851852,False,1
-0.69246248361673701,0.68572473637195408,-0.22422599026641504,-0.71777378005855197,-0.68616369313767078,0.11823784030558847,-0.072777121705915881,0.24281880517638366,0.96733785122309579,-11.153412345918793,23.260841671595571,-9.1380533756947315,,0.09750140225624833,0.4166666666666667,False,1
0.92921113004120504,0.2159855032845055,-0.299861531675016,-0.12736206652422297,0.94888170208013922,0.28879477050005309,0.34690860441653371,-0.23016033070109582,0.90921979870289682,6.4591852834322285,-27.284853292641934,4.4160953239945382,0.7101482819869146,0.2500737298803345,0.4615384615384616,True,5
-0.8516914226784611,0.49821225831550048,-0.16250004984647387,-0.49128417971134819,-0.86700932514062301,-0.083274755385698396,-0.18237756249408865,0.0089093088042317969,0.98318820625317938,-10.25937182068051,-18.169563585714506,-1.2536575963685745,,0.578714673672226,0.3423423423423423,False,2
0.81585428277993999,-0.38118188261636404,-0.43483578697558356,0.55690266661983301,0.72041206494081445,0.41335925851422739,0.1556958868478866,-0.5794021306940087,0.80003247544452472,-13.795552672919591,-30.249267428269309,-0.1519824817732697,,0.559367163461941,0.5384615384615384,False,5
0.7463795130551143,0.63744230210209518,-0.1912718849763142,-0.56750422007326706,0.75973104656738488,0.3174077772844579,0.34764433360928548,-0.12835906034405306,0.92879888508597419,2.2759557139884277,-29.457753042309275,3.6976223568133029,,0.263978484542145,0.2790697674418605,False,5
-0.72043493638612033,0.65321365114439944,-0.23299233548107945,-0.69028995757003042,-0.70779814480782155,0.15007185173965748,-0.066882560599086982,0.26894927433478422,0.96082933496147016,13.133071031571856,6.0375228821709133,0.89103689415843235,0.7084494409742864,0.7599993897243017,0.6886792452830188,True,4
0.83387795447241453,-0.40316839788487313,-0.37696525037707168,0.53083227140919398,0.77290419950978262,0.34761501407548534,0.15121063678015412,-0.48997381698116116,0.85852256929998882,-22.531622608084724,-19.715677131484195,-4.5035712035234035,,0.4094670313146781,0.5352112676056338,False,4
-0.51930596660301054,0.83548615083040023,-0.17967805881941978,-0.85446233892791601,-0.50401225689998519,0.12595934363285305,0.014677343231952106,0.21893957309080853,0.97562802282963712,-10.131917138704587,-25.072031492780106,-0.02353104198524197,,0.5040891659176238,0.6086956521739131,False,5
-0.95383900005346645,0.069077169145367004,-0.29226615726057786,-0.10590065219622677,-0.98803845815874114,0.11209396533136956,-0.28102706958835166,0.1378707724724817,0.94974493220886635,-10.305895376192767,12.105636007358505,-6.7320518600358419,,0.08879876758472804,0.2083333333333333,False,5
0.7611647795545976,0.61701475720049725,-0.19980232171426704,-0.54249424400680146,0.77454976784294582,0.32522707813760954,0.35542674855037149,-0.1391597877666145,0.92428695754276513,-16.868856220459314,-17.803017977910525,-3.2294397615543833,,0.1518275208024993,0.3103448275862069,False,5
-0.28280954361356703,0.95851006177357212,-0.035738264086395077,-0.95249922835618506,-0.27625725040315396,0.12816845002012428,0.11297779437552304,0.070287929820930378,0.99110828111742177,11.272822270731551,-28.068589855319548,5.824232025402293,,0.5643728688722758,0.6,False,3
-0.71982346209290859,-0.52316626701632707,-0.45623594825131952,0.59770344728780267,-0.80135470547392884,-0.024108610807559411,-0.35299401201841424,-0.29004774274418105,0.88953219975903619,4.9258757987192077,15.131947823551577,-2.8524275013768574,,0.2606631389061065,0.4117647058823529,False,1
0.37399959107396702,-0.86396162193636084,-0.33718633082851796,0.92413088022198819,0.31653263353841693,0.21398413054562657,-0.0781435992045348,-0.39163427802776341,0.91679668966299954,-18.196247304912237,14.832403369212129,-9.5752802420885299,,0.4386271454918347,0.3043478260869565,False,2
-0.41050466857209705,0.87962561332433198,-0.24030126396734988,-0.91008381200127797,-0.37878976635952594,0.16812426366981667,0.056862748911172933,0.28771008547683707,0.95602799880608946,-17.272903401947822,18.905014098601018,-10.128649789238732,,0.394709987656527,0.5398230088495575,True,1
-0.30330540151727398,0.92812475357758861,-0.2158478056571014,-0.94775379900125545,-0.27033319830139574,0.16935967163060434,0.098836075848513644,0.25593828102235655,0.9616272804045175,-13.563798208223727,24.81951546442712,-10.231324284941119,,0.09117386760457694,0.25,False,1
0.70223339389968176,0.69578194780793667,-0.15085006329706263,-0.61897094125305041,0.70135537916691559,0.3535188905814573,0.35177156561673167,-0.15488096467360196,0.92318397538374108,-2.1753319517040706,41.499898868262498,-10.021191728346789,,0.484481708129634,0.6956521739130435,False,1
0.61336777240626461,0.78347534396363616,-0.099731445263971319,-0.70660002829859969,0.60077586638877412,0.37387799931693944,0.35284043954994188,-0.15885447354695972,0.92210025509828575,-0.09571571667825618,17.414015461842006,-4.7240554646265958,,0.202756671984752,0.1818181818181818,False,2
0.90186198889738134,-0.20946260523058802,-0.37784966586206714,0.35974782435469727,0.84839178671846505,0.38834633911074012,0.23922051720979692,-0.48616539699845673,0.8404860206494883,0.50141556801329401,8.2478430571454666,-2.6818940340415733,,0.6944641936978306,0.3060344827586207,False,3
-0.89456875517563117,-0.23883909506897527,-0.37776001499649775,0.27172421463478813,-0.96172326255921603,-0.035416344158650082,-0.35484178649734688,-0.13432889830222466,0.92522594734274588,10.447800090259792,8.9485082368825317,-0.32569026407909402,,0.2387973543596343,0.2142857142857143,False,5
-0.3060352331840373,-0.80668312660987529,-0.50557370312636629,0.89689479429523244,-0.42238471642130504,0.13103770182586935,-0.31925250823776424,-0.4133442688324212,0.85277450208556715,-12.870385517018969,12.143118992511141,-7.401667304591574,,0.3251970705680682,0.1605839416058394,False,4
-0.85663825398673854,0.47201149179601032,-0.2082691849963835,-0.48605619871246292,-0.87371979627031304,0.019054902218433201,-0.17297477706227452,0.11755368653457135,0.97788591220161725,8.5475070983366344,-7.3529456518025365,2.0705032902056062,,0.2704801566654043,0.2,False,1
-0.4470802392152386,-0.79346687569908958,-0.41295226948349661,0.83562805229055992,-0.53519477568631268,0.12366208110476812,-0.31913166237202156,-0.28978762783528667,0.90231818823808896,-5.1009583486660777,11.76887464887878,-5.0739104929293175,0.6041388076545998,0.4448584906442745,0.3333333333333333,True,3
0.22063658555691792,0.95721174231050754,-0.18725698250444037,-0.93688276817372851,0.26138125063676521,0.23222945660422314,0.27123822704942824,0.12419952575772528,0.95446545353335865,-7.7046768995962678,-22.0007487539593,0.118765607233252,,0.1255174728808325,0.3043478260869565,False,3
0.94582569654120596,-0.066391170702781457,-0.31781435495436205,0.19243989494715705,0.90302863940293887,0.38406531117871706,0.26149691890167692,-0.42441900154304085,0.86688400177540403,-4.6386978004568125,15.36218782934427,-5.7073172174148334,,0.4404531232263798,0.2692307692307692,False,5
-0.77008532841745614,0.57193672885289193,-0.28258974706317902,-0.62759478716261241,-0.75866688413183103,0.17478370075042299,-0.11442626482802458,0.31195021575686022,0.94318274624102127,2.5416468657920053,12.656980000065246,-3.0165472263993358,,0.07954840115519522,0.4772727272727273,False,3
-0.93655129695792516,0.20278385929472123,-0.28592022414646806,-0.24815855467173414,-0.95965018248758593,0.13224544980746439,-0.24756615259292558,0.19480819710957076,0.94908417246799281,-14.691328294921949,22.429399575481824,-10.027427294434874,,0.4090724476972714,0.6666666666666666,False,1
-0.75465864420340656,-0.45377461176220829,-0.47389759700713152,0.551993610378545,-0.82953407137236501,-0.084712918339810206,-0.35467363142801506,-0.32551778162251843,0.87649574386714479,-17.02461005939136,22.586140664274062,-10.733351358182039,,0.74936086996545,0.475,False,1
0.89475992212652877,0.35908388452744749,-0.2654495161585475,-0.25679191241473515,0.90008467706212514,0.35200211339756593,0.36532532826853253,-0.2467920946680601,0.89756953298050424,-17.360577232263498,-27.614814084205555,-1.5792097153320759,,0.3951291736049239,0.1428571428571428,False,3
-0.68207261541568376,-0.63744867363961688,-0.35837987635343266,0.64294523293996397,-0.7562245404069966,0.12143258181394986,-0.34842269550042748,-0.14759279440853354,0.92564463607741843,1.0293166170804291,11.679375143988439,-3.2694737051434153,,0.1446232797510922,0.4027777777777778,True,5
0.51915582648268332,-0.79330311860648861,-0.31803677434897698,0.85461312880843776,0.47719556880389757,0.20474566950775203,-0.010659638705656227,-0.37809331007456948,0.9257061202020439,-11.996863272850089,14.597130371259887,-7.7226063608816498,,0.114534954491882,0.4305555555555556,False,3
0.21495472216659706,0.97640733577134897,-0.020571389602498769,-0.94062849992814279,0.21265213342039047,0.26456964163465285,0.26270228880086532,-0.037520458468057238,0.9641471478229523,-26.448336186413385,-32.611591994526435,-3.3413664260809868,,0.3724900079135298,0.4666666666666667,False,1
-0.83388229161810012,-0.40263083771099778,-0.37752977664004844,0.4348131950350369,-0.90052067449950091,-1.4912603312960959e-05,-0.33996736482957807,-0.16416736375754815,0.92599744466587408,-9.8998647172797103,13.150699096486116,-6.7928697896061152,,0.610967890015588,0.5,False,3
-0.39971978098938682,-0.73512225237759288,-0.54755764148178043,0.86732283830547718,-0.49661228778574995,0.033575731919546242,-0.29660612070475967,-0.46148836353639161,0.8360940733440082,0.53965756356884509,-23.509411008126573,2.5157041890305103,,0.3287559377609598,0.2592592592592592,False,4
0.68278900915946383,-0.58645427085348056,-0.43574138794559236,0.72761988653735965,0.59977035480443608,0.33293366037864319,0.066094399811167798,-0.54437754334237043,0.83623239629790003,-9.254431285549062,-22.166037115899449,-0.2884865816830095,0.968138283960617,0.6297279216213321,0.2857142857142857,True,4
-0.92999334977899106,-0.19529607047112346,-0.31140297722627702,0.16772117118174062,-0.97930481483500098,0.11327704259208883,-0.32708099624447223,0.053118024243402048,0.94350225086970585,-3.5338577147151993,10.590928809058399,-4.3226151919034619,0.2077596817463093,0.1973379568394049,0.3836477987421384,True,5
0.94024432967053928,0.20819249677191179,-0.26943734858084373,-0.097298808344347773,0.92258095480292968,0.37333272523271233,0.32630283850614505,-0.32480804504013056,0.88770839325762874,-16.394103177719632,-20.398207178072653,-2.6038264091446566,,0.4671829220815081,0.2,False,3
-0.55816799235358339,-0.68589411211997375,-0.46690230163399504,0.75773851788167423,-0.65064296055818127,0.049960748538902922,-0.33805447908651171,-0.32590336732724429,0.88289646297530822,-7.1606641271305245,16.025260952981398,-6.5474153123971321,,0.1440793889036366,0.3076923076923077,False,2
-0.86214542533395566,-0.3943074794919546,-0.31816171547254718,0.36582160072755915,-0.91891491760955857,0.14754636774839339,-0.35054218293503353,0.010815997934525437,0.93648448581480614,-7.7143970590195359,17.781328414172112,-7.0421021122437661,,0.06628579452021861,0.1818181818181818,False,1
-0.47403678980282815,-0.76154463113440585,-0.44197160169380867,0.82010973023763123,-0.56456873664195451,0.09317817328144723,-0.32048268640129196,-0.31829532889577422,0.89217651354434457,-20.156842226671575,14.971090086172813,-10.229544574101977,,0.245253179730908,0.2903225806451613,False,1
0.96672078359817293,-0.046234913996547687,-0.25162126159580922,0.14169192426636204,0.91567186487476548,0.37612289809909877,0.21301250000183164,-0.39925852352141628,0.8917501366629943,-18.16589393513016,-17.050353321927567,-3.7543894756301719,,0.4854764800126482,0.7323943661971831,False,4
-0.8717367002945916,-0.29589304380227455,-0.39054120395794745,0.34384299059664891,-0.93727256782679946,-0.057377098366077989,-0.3490660727957538,-0.18430257792223942,0.91879564463169228,-19.029549561115207,15.857751939595882,-10.087160093701968,,0.2537575676633103,0.1219512195121951,False,1
-0.81518482514696089,-0.47936521060292175,-0.32508875051858716,0.46085632484806316,-0.87679567299921213,0.13726177784582255,-0.35083493084021156,-0.037925488440837124,0.93566901660195467,2.0874278028285289,14.571285636020187,-3.4922335571982437,,0.07800767920566107,0.3421052631578947,False,5
-0.71630409665622574,0.68372059011456277,-0.13940801901936334,-0.69569565754023643,-0.71521920114396231,0.066850926655141793,-0.053999936973732426,0.14487114608640064,0.98797588930016234,15.237487908908419,9.8574531758517452,0.77434456108632377,,0.2080218912376868,0.6666666666666666,False,5
0.85892928119166245,0.42467188737806222,-0.28617176307652797,-0.36987111101747583,0.9009614656561723,0.2268563392047484,0.35416924082459789,-0.089006884415961232,0.93093604687985521,5.4155374507704659,13.551452182596867,-2.3987914495927871,,0.1204645986652863,0.1666666666666667,False,5
0.051111683467730866,0.97884988401420736,-0.19809215122883517,-0.97537203592613009,0.091540764181391204,0.20067306751630534,0.21456231576493395,0.18295680653766361,0.95942160680022703,-12.922413462178172,17.728451710581737,-8.6085925720488294,,0.1011113817478199,0.391304347826087,False,3
0.32905366898835076,0.92454686283423915,-0.19218944130381771,-0.8999487337354013,0.36867953554439914,0.23273950399280327,0.28603489223057188,0.096376856631324004,0.95336013233851591,-19.469617263269811,-23.334118704863993,-2.9316577386651002,,0.2177642516762495,0.2083333333333333,False,6
-0.57791206430493269,0.78694219482305305,-0.21619349652079817,-0.81579727053489204,-0.56426235970945371,0.12681799084885526,-0.022191424439015062,0.24965971125152753,0.96807931971464667,-14.097353707703856,13.534718764106128,-8.0337833808268346,,0.1646987735735065,0.4285714285714285,False,3
0.90143803116481702,0.35783746871957373,-0.24364281633175086,-0.28436429409698322,0.91380360811126238,0.28999985180265786,0.32641449755245799,-0.19213357796909733,0.92549352456101519,-14.13300824437356,-19.286241871727356,-2.1993308421181048,,0.5598866368281616,0.6446280991735537,False,2
0.86604360132373115,0.45910273792845396,-0.19797261586598242,-0.35121972652312028,0.84046639112406041,0.41262688847422768,0.3558274642396887,-0.28782098849370857,0.88912647822188839,11.576857410316247,6.5982412860187045,0.45112276707623128,,0.5700495178916605,0.2291666666666667,False,2
-0.94538219478528973,0.13814284241064095,-0.29524407000591579,-0.1249202315756625,-0.99014647666539257,-0.063284204112813491,-0.3010771355085472,-0.022945802182931879,0.95332368513330779,-11.08018035057275,12.438051598409434,-6.9705781883498936,,0.1194937024267671,0.2142857142857143,False,3
-0.11444513233565098,-0.90019536048034687,-0.42017927680257239,0.95764089080755499,-0.21247284035125305,0.19436876386493437,-0.26424654385249208,-0.38013629803365051,0.88638036924295882,10.680410053480314,10.40283972114478,-0.53347938604262624,,0.3927178334285906,0.2307692307692308,False,3
-0.5602500000046009,-0.73755552581952244,-0.37700369206140844,0.75521685584957465,-0.6417848051740801,0.13326576637813339,-0.34024614345430548,-0.21005739734833567,0.91657430232563064,12.640959125644397,12.747208647356581,-0.41957789401043055,,0.1673058733167725,0.4,False,4
0.25770860459247269,-0.81184952500361884,-0.52391471049245886,0.94864719283679666,0.10964507586369594,0.29672623891679717,-0.18345238794266033,-0.57347912437179516,0.79841525240183953,21.43001768868486,4.341121325290568,3.3336135628987318,,0.3297366516040095,0.1363636363636364,False,2
-0.056998168108477354,0.9898228793215873,-0.13039124358560833,-0.97804424771841114,-0.029136976160901072,0.20635039647436418,0.20045113703146203,0.13929000032925101,0.96975132764594474,5.1119275397408623,-30.443553872541827,4.5827673197521097,,0.5569436387714044,0.6086956521739131,False,4
-0.89058718794232772,0.40286105508994952,-0.21108631164713426,-0.40803518160723895,-0.91273728041791602,-0.020443764478573101,-0.20090234255410216,0.06792368678981292,0.97725361167363067,-3.596802462893923,-30.093538051415401,2.3985588189604843,,0.2358442541745795,0.3333333333333333,False,2
-0.93403009210475096,-0.18310207882440749,-0.30669433606274887,0.15753451562035012,-0.98176837813144391,0.10636601002865254,-0.32057863845092893,0.051034110468727148,0.94584610594832719,-14.015251978834593,-20.670541048351058,-1.8339614109275331,,0.314654852055629,0.5333333333333333,False,3
-0.88028031939868123,0.41497730190728926,-0.23000086560946242,-0.43421536747017231,-0.90000551301273601,0.038040651932173764,-0.19121603994460984,0.13335634761205825,0.97244666209487973,-11.592415844699618,19.314424744900482,-8.4851635404206149,,0.1815297821949045,0.4444444444444444,False,1
0.82223062030873284,-0.3688777868057691,-0.43343509944165193,0.54932072295543022,0.71361712981846082,0.43473823774932208,0.14894143264532053,-0.59554997307609736,0.78939006784391452,-16.778157270920534,-23.485198440756388,-2.1415238050937337,,0.7114179062096837,0.5609756097560976,False,1
-0.90102918344745564,-0.2698255912193106,-0.33961825760574349,0.26628170853993327,-0.96215088523229531,0.057963141251699629,-0.34240394605358399,-0.038207648054544185,0.93877564591177731,-15.240439033901382,13.310446400425024,-8.3960216311788489,,0.0756871043389809,0.28,False,1
-0.32498573681811643,0.92542931355223934,-0.19484572482612461,-0.94148734083246954,-0.2971222273398364,0.15912249706694639,0.089363627483399349,0.23515732529276315,0.96784046952179192,-6.7500203478673946,-23.267632031531758,0.61800609347608249,,0.1517376153603388,0.4117647058823529,False,7
0.26643443361451125,0.96145057224220154,-0.068010952938920122,-0.92296377270320462,0.27482981038755333,0.26945583979533794,0.2777599086657106,-0.0090206683503474827,0.96060817229530759,3.6476929193427989,7.6588400470183906,-1.7974114446571696,1.09555645474527,0.3766762948325363,0.358974358974359,True,2
-0.6172633370020626,-0.60599071010882988,-0.50175814099511473,0.70803011084784251,-0.70594173591795784,-0.01842898863017442,-0.34304421715847183,-0.36663541120701326,0.8648116212928656,0.61872891773244221,19.81040987067065,-4.9452665311194712,,0.5394086894583509,0.2142857142857143,False,1
0.40076228825011884,0.89322670961669137,-0.20380292820238866,-0.86354521168827492,0.44258678933218099,0.24167457722914218,0.30607067106598373,0.079138986194990824,0.94871374248360518,-15.47019260893963,-21.090774534441501,-2.2236243812122787,,0.4779504340040437,0.7619047619047619,False,1
0.16240986367417951,0.95868439229527558,-0.23355357447654965,-0.95490840059732407,0.21232740595513591,0.20752594813426045,0.24854171209274972,0.18931800931184986,0.94993984477976479,-13.440382718443322,-22.763485025690954,-1.2782349551078613,,0.3721328411527715,0.48,False,3
0.34231679055366898,0.93708136103853046,-0.068540044493789865,-0.89259383333942155,0.34711083471253901,0.28773306572168778,0.29342028489774197,-0.03731743854204983,0.95525491110550598,-16.877096602451246,-16.408441372290689,-3.4836615858082824,,0.09714740333159588,0.3333333333333333,False,1
-0.03273141060294809,-0.81642960436667622,-0.57651657033741377,0.976717689153074,-0.14849112381385968,0.15483197939694648,-0.21201700510907295,-0.55802606324630566,0.80228156047762311,-19.148131202153049,-29.766297652241203,-1.6663952712013399,,0.263304026382191,0.3076923076923077,False,1
-0.36756996660052826,-0.76278022044219074,-0.53203256944988675,0.88061812653271254,-0.46940390673716259,0.064588602414849136,-0.29900507499923923,-0.44477669413094389,0.84425686700354841,-8.2265318035327599,16.60039856682161,-6.9228098856135913,,0.2326166931762772,0.25,False,1
-0.61809910059893658,0.76306416899866325,-0.1889089088136543,-0.78531553602421544,-0.61012179461332483,0.10502811345928144,-0.035114252345527758,0.21327088345152931,0.9763618794043627,6.4070550871276772,13.232979590877347,-2.0598223547618622,,0.0801421204082309,0.2105263157894737,False,1
-0.29917624254347525,0.94105988503808935,-0.15779692224396036,-0.94854500568777167,-0.27533496901325272,0.15637463676458857,0.10371088700012918,0.19646105876374056,0.97501133547619701,2.5196680369511206,25.551049007658282,-5.5599928554898055,,0.2255644989587511,0.4444444444444444,False,2
-0.95446000864904512,0.029685291440489939,-0.29685834224720214,-0.06886755391336917,-0.99008661024383282,0.12241635607166604,-0.29028150459106578,0.13728542416428963,0.9470424279853451,7.8749542747519259,12.785756903145849,-1.6577067559629306,,0.0923642632006164,0.1052631578947368,False,1
0.56118768195335678,-0.73138912227952291,-0.38747688632356719,0.82734462713201162,0.50918359883898812,0.23713483638885435,0.023859035596816985,-0.4536540691810943,0.89085842418188121,-5.1594812354134456,-37.749670970753179,3.1479566648885999,,0.3816726332896482,0.1176470588235294,False,4
0.95659998527614498,0.029341151685742365,-0.28992337778701871,0.072807937499403758,0.93929772817126655,0.33528910225263964,0.28216213850685745,-0.34184627344766005,0.89639592420045366,1.7205458610557651,18.748813185290444,-4.4891741151996225,,0.4367747711798671,0.1724137931034483,False,3
-0.85639381974246875,0.45822901425000895,-0.23794074053505165,-0.48655072109881203,-0.87043645746315734,0.074891717280449507,-0.1727947374925799,0.17990704271499186,0.96838805996171617,0.1137556154510504,14.519734305532774,-4.1102954073209093,,0.08242176611570853,0.2666666666666667,False,1
-0.56897551763814036,-0.74856470907695305,-0.34046693914820275,0.76022060972059535,-0.63666061119054596,0.12933634722894402,-0.31357851470477949,-0.18524076895493688,0.9313186203617575,23.31757559347863,4.1057338295999362,3.9052647534630491,,0.1218412204277148,0.4,False,2
0.77730267188276914,0.61027436542127012,-0.15285861177432739,-0.51929691347944906,0.75953775433602289,0.39170539361733242,0.35514964723990089,-0.22509464375648261,0.90730432018012397,13.10094108011136,9.9451981015717852,0.1374607762090127,,0.7471176580854981,0.375,False,1
0.064213893794419691,-0.84689132128233269,-0.52787466862923382,0.98119701866503106,-0.04289766392579774,0.18818129820086707,-0.1820136984037557,-0.53003290498456201,0.82821261354015441,17.585785327074152,-25.284115135794075,7.132511339072428,,0.2643997384665628,0.3,False,1
-0.88541868597836892,0.39340502264142058,-0.24752017833065909,-0.40027263333787005,-0.91607751221840594,-0.024162173091481942,-0.2362531894411268,0.077681914035630226,0.96858141150378052,-13.846280221872428,-26.317825522450768,-0.84186836985693148,,0.5598851579124786,0.52,False,4
0.11740065898385069,-0.79451889819591148,-0.59578251541960481,0.97933825186242829,-0.0068475238647466088,0.2021130868003442,-0.1646623020281186,-0.60720081672085691,0.7772988450167182,8.4723975751494116,13.950008310510976,-1.6401914222311189,,0.4095424048771793,0.25,False,1
-0.50171718737819482,0.86103122556460177,-0.083096886175307277,-0.86483545464059663,-0.49723744197027847,0.069387049940499115,0.018425533531074956,0.1066778088712573,0.9941229022653697,-11.569325330283139,13.957075645972903,-7.482405795683829,,0.07078420464005361,0.2,False,1
-0.52493626976894292,-0.76448567422393998,-0.37417050469997815,0.78456005855442879,-0.6050579499074763,0.1355374183568287,-0.33001125314470675,-0.22241072627040859,0.91740178855163057,-3.4163135105871909,13.034284290463599,-4.8117792990322945,,0.07756019593052466,0.1714285714285714,False,2
-0.19681591033493251,-0.86855475358330414,-0.45483638538146676,0.95109898002462123,-0.28178114597502962,0.12653108696729265,-0.23806349496543439,-0.40769109114726215,0.88154055298891298,11.16326823312161,-32.8516039663103,6.6605329863727487,,0.3262683479539727,0.4,False,3
-0.81767637652999203,-0.44960236602187315,-0.35953171728279576,0.45360238893427246,-0.88773865222969883,0.078517247089532671,-0.35447174219943606,-0.098882747761838433,0.92982363175882199,19.961202260262901,6.2892987573389476,2.6813672210220201,,0.1751009169978975,0.2380952380952381,False,1
0.69827480684048038,0.69919151311824368,-0.15343898499179148,-0.6236060108150927,0.69941779525373293,0.34918518146922262,0.35146527197886357,-0.14814174180773165,0.9244058561730315,3.4243378071914843,-30.375759384767864,4.1380426000411559,,0.4156222060411616,0.1538461538461539,False,1
-0.28205083745964776,-0.79956168853669762,-0.53023431736606319,0.91807951728241144,-0.38538564501119915,0.092778793728929027,-0.27852706337949384,-0.46062892966426416,0.84275955296961713,-0.0035595281614939633,9.9645305590837179,-3.1289607383115836,0.7507259999238669,0.4737406325310934,0.1408450704225352,True,2
0.60346139908304275,0.78604003323628291,-0.13407239076946414,-0.72068120545584269,0.60959882950309208,0.3301633946566056,0.34125201819102879,-0.1026174118673979,0.93435364122059639,23.446716879865082,3.3088778397848815,4.0819838138425197,,0.6837814044430317,0.3333333333333333,False,1
-0.95540223828990212,0.029468905459888013,-0.29383353566542303,-0.04825290810491243,-0.99721411095670132,0.056882983116715247,-0.29133866878611586,0.068524451984921547,0.95416255404941475,27.631203317183648,9.549697176178249,4.1389385974697559,,0.265942584683255,0.6470588235294118,False,3
0.89519774518717865,-0.2937971330697427,-0.33511825019206298,0.39634638285823137,0.86866738246121245,0.29719778505766309,0.20379043600470212,-0.39887369335164802,0.89407451308323738,3.4872836167226833,-27.74920202974792,3.8122141971496757,,0.1048481001905294,0.2,False,1
0.89817719569739474,0.35047547370462234,-0.26541414329436902,-0.2619681039743223,0.91149389932258607,0.31709869756560882,0.3530586886471736,-0.21528077905198001,0.91049642972474665,8.6159464745894319,-24.74895793340189,4.5158461053740941,,0.3226613877388139,0.2380952380952381,False,2
0.93794330004807847,0.25885660748902617,-0.23077179778775522,-0.12237197051661752,0.86969799633076672,0.47817412729060305,0.32448030252513077,-0.42026021931360841,0.84740420186335985,-12.687903358557922,-20.913278391897386,-1.4602894145002665,,0.277469972777421,0.1,False,1
0.0048158675594901848,-0.93461993498261509,-0.35561550100177319,0.97965233761059045,-0.066944328159576807,0.1892082301100271,-0.20064422452130415,-0.34929075862432368,0.91528020906490137,-14.038990293985663,-22.38967813484641,-1.6087697314452294,,0.4040175413672962,0.4285714285714285,False,1
-0.92931482217844208,-0.12270438086710464,-0.34830675588548615,0.13883396213442356,-0.99007945973046674,-0.021628554687847551,-0.34219744627555082,-0.068456543411483245,0.9371310524289781,10.020123825549671,-27.123300361801107,5.2968351061993566,,0.5623449347747597,0.4642857142857143,False,2
-0.1600348181235004,-0.85272791909877066,-0.49723631502300619,0.9553908093235689,-0.26047773990767942,0.13921116504304851,-0.24822823861968982,-0.45277637195647413,0.85637392449192362,14.528917138754034,-26.453059360919607,6.5172144281807443,,0.6087069450633753,0.4074074074074074,False,1
-0.63209922285305264,-0.7019800191495863,-0.32813811906468843,0.6949094693147303,-0.7008913664727402,0.16078595044559502,-0.34285769923582771,-0.12639361185882647,0.93084545062861734,-7.8848628481919825,12.661155886458765,-6.0674607132245963,,0.08870937796508156,0.3829787234042553,False,2
0.13600747196327642,-0.82929250254338849,-0.54201098955231652,0.97795623114255048,0.024887215655463639,0.20732157742593002,-0.15844108539017279,-0.55826030820956762,0.81439661758761128,13.700312445811898,3.8870676589329074,1.4191175722860603,0.8059676133991445,0.395618011145108,0.3617021276595745,True,1
0.81890876306971616,0.55319031071375802,-0.15286895662639807,-0.45141884042192332,0.78532588819644511,0.42365585070973688,0.35441426083011052,-0.27792756153516096,0.89283078030462526,27.323755944053161,-0.48606949245367681,5.5515598103675758,,0.7731005617718654,0.4857142857142857,False,1
-0.30467541340116355,-0.87948391167427908,-0.36562404403285548,0.90888743731681465,-0.38323816017641138,0.1644753442685947,-0.28477450510272817,-0.28219950689309942,0.91611512352585267,27.227852688633568,2.1307978152796538,5.1403469019444517,,0.271022090630658,0.4,False,1
-0.081333645167561822,0.99225333178445596,-0.093905078278031323,-0.9914524501705726,-0.070903156051405541,0.10952068988423054,0.10201410301779319,0.10201013687176419,0.9895388091231585,2.1143742063760373,16.224633049599774,-3.8606796045395124,,0.5195206620958679,0.4266666666666667,False,2
-0.78691024949777222,0.57453053862172432,-0.22513755667676794,-0.60402561077858374,-0.79179543751168402,0.090625860874474523,-0.12619556552792369,0.20730326897256596,0.97010310478545303,-0.87558652903413647,14.653615022337835,-4.4020595943868512,,0.7435772176310418,0.6136363636363636,False,2
0.48649459457306105,-0.76562732880572615,-0.42087742020331942,0.87332486043479507,0.4123473258249607,0.25937110677858755,-0.02503392893132772,-0.49374535569543548,0.86924612517482625,2.7839947934017948,-26.906720909764374,3.386508471328995,,0.144266655328732,0.1333333333333333,False,1
0.77339306684694187,0.61101641846935673,-0.16888487354988976,-0.52513101521621486,0.76674319145118253,0.36924557576393979,0.35510643617240967,-0.19688528315782244,0.91385754046503076,-12.610719300468984,-19.487296748397057,-1.704050543822043,,0.1339856269269579,0.25,False,1
