axis_00,axis_01,axis_02,axis_10,axis_11,axis_12,axis_20,axis_21,axis_22,location_x,location_y,location_z,dbh,dbh_approximation,score,reconstructed,number_clusters
-0.31319698413921138,0.93704376369025555,-0.15445592916849865,-0.94568040443600188,-0.32264879177621275,-0.039828756333977866,-0.087156306667180966,0.13359169919778674,0.9871965539413039,-26.875897858293872,10.099693810391173,-8.3614211704849648,,0.1891224184834091,0.2972972972972973,False,3
-0.88947874244976144,-0.34706853172832847,-0.29727260387384064,0.39132525996338569,-0.91443835100908333,-0.10328137837179159,-0.23599175334019554,-0.20819686954354244,0.94919015790709171,1.3860116843341008,-19.633103187967418,-1.3662102604600537,0.3287377696092293,0.3104029455037775,0.2941176470588235,True,5
0.059022753256308895,-0.90549320797627875,-0.42023608234761634,0.99816290299962884,0.059301803483340132,0.012414313471836495,0.013679681041550639,-0.42019679486218237,0.90732988483470034,6.9909481494879842,7.0358683021380086,1.065159995958413,,0.3553838248165928,0.125,False,5
0.96459826854636299,0.020080845214299019,-0.26295805744042283,-0.0015359714113264906,0.99750773090582401,0.070540538521764576,0.26371920883618793,-0.06763938526181569,0.96222507369753241,4.83228976969224,9.2791923088551957,0.50481336648225639,,0.1058785306702285,0.2444444444444444,False,5
0.92890179766758085,0.27492081998216056,-0.24811286349214456,-0.27359141406944776,0.96099153345322286,0.040534069357782421,0.24957802074184166,0.030229379278409178,0.96788273886407616,4.8465872512262518,15.874979859420124,0.69956360059864942,,0.1045004819301524,0.1875,False,5
-0.25758320594962764,-0.91067903132437211,-0.3229776987948485,0.96406338848308215,-0.26472248179722818,-0.022445280520295992,-0.065059011668102962,-0.31715250201948636,0.94614037830733677,-5.3777838045435162,-4.1867191858449733,-3.0462721261098773,,0.09336564063024577,0.220125786163522,True,5
0.75872318399234673,-0.53161102527940041,-0.37646892019647704,0.61515404241044014,0.77484510680697349,0.14560413649132795,0.21430033639406851,-0.34205961214191266,0.91491561772805829,0.66358049489461757,-6.4438619165935824,-1.2955838869317964,0.6176706525362764,0.2093424865678145,0.2340425531914894,True,3
0.54212487439952506,-0.77961904902729973,-0.31351994984541054,0.82687052707734465,0.56137324816423129,0.0338409174872022,0.14961868869942102,-0.27758640932025125,0.94897841564102825,14.360487102623859,11.4478498258164,3.1921581236243046,,0.1824099044401525,0.625,False,2
0.27603069975750721,-0.89843349908772829,-0.34150300219523966,0.95808834779192809,0.28552965417440396,0.02322788006638454,0.076640528551895501,-0.33360165512782802,0.93959361698516208,-22.233888225864572,15.233191401789973,-7.0610232117542466,,0.06979534298715556,0.3157894736842105,False,1
-0.42706691101811589,-0.86203028798684012,-0.27297918621530226,0.8974772779703527,-0.44090387582084184,-0.0117604342217476,-0.11021973072172279,-0.25001510930238519,0.96194805269315131,9.5706981964241713,-4.8693012868427337,1.3219835174712791,0.2204180720586344,0.2022078969833029,0.4285714285714285,True,5
-0.11401726136850594,-0.94816505226093084,-0.29661944943150909,0.99308855763828452,-0.11714133500168059,-0.0072817801350266529,-0.027842068851590383,-0.29539962983228291,0.95496799836277935,10.930390656856957,-0.42459073496858152,1.863919683569222,,0.0858877167080827,0.4,False,5
0.95552609161897861,-0.14750891459477142,-0.25536446180005679,0.16287767713236498,0.98583513757399388,0.039999297699212372,0.24584700634200385,-0.079813542958182188,0.96601710535224894,-6.412870701708032,8.2893719866431734,-2.74699917758839,,0.06857358946988189,0.2283464566929134,False,5
0.6979294408993808,0.70145164824111439,-0.14443019319277509,-0.69494280275679499,0.71206375088623153,0.1000985293116811,0.1730577834782607,0.030509012662740642,0.98443902996779686,10.155132632019839,24.645622407853786,2.4343562343397802,0.3055796654318885,0.2747761362146015,0.2777777777777778,True,5
0.15540000721755776,0.98726342815665691,-0.034084617955153496,-0.9871268525671697,0.15651500100993629,0.032918557071857868,0.037834041518407149,0.02853029763646675,0.99887667277755487,-17.743022450016912,5.8083099295259579,-6.0770546523984974,0.4773992706360794,0.3593580559813007,0.4523809523809524,True,5
-0.93140849115232005,-0.23970961729679116,-0.27389326750540088,0.26621491363717803,-0.9618185048800818,-0.063519945114860532,-0.24820927131456838,-0.13207748879226516,0.95966019745940334,8.6521062512725422,-20.21478947190365,0.57248469753917675,0.4133437530119123,0.2394506977881293,0.6666666666666666,True,5
0.097096536071190204,0.99485148037425231,-0.029030926270686236,-0.9950004895694724,0.097713447939873729,0.020642379906662046,0.023372814111387519,0.026881482266785578,0.99936534734382998,4.5836526190763536,-8.2911748011855231,-0.2061370910458889,,0.1117882756539339,0.391304347826087,False,5
0.85119440236138955,0.48456481157578779,-0.20165572833708256,-0.47577391877519853,0.87460002267758685,0.093348693325918816,0.22160159656899736,0.016484650887628405,0.97499794291228414,-19.226260347761674,5.9554763239486643,-6.4739208283857845,,0.1050430072011341,0.2307692307692308,False,4
0.31293366204703732,0.9496845041896097,-0.013109754382393618,-0.94852969770471929,0.31320018497887542,0.046872771428543229,0.048620322191702245,-0.0022330766521128642,0.99881483651307557,-2.5988541390912228,8.7704139228421383,-1.6337040045605902,0.6983722112326899,0.4344945207497219,0.3157894736842105,True,4
0.30180613402365569,-0.8787181271878971,-0.36982091668413075,0.95275952640346506,0.29186794372398706,0.08403801683629393,0.034093141731743944,-0.37771359040644426,0.92529460244245088,-17.46231204912489,-12.009858751046897,-6.3567237834418533,,0.141343143382058,0.3333333333333333,False,2
0.51682122080027837,-0.78339302134211641,-0.34524078531219632,0.84712416728502815,0.52619994711736917,0.074123281466264596,0.1235980215543874,-0.33077029758754078,0.93558245991558264,0.70006407811956173,8.1257726213272665,-0.71296505756627637,,0.214597671837552,0.1785714285714286,False,5
-0.4646072417253318,-0.82638371107369379,-0.31816673774681448,0.87857432573978267,-0.47508587227833227,-0.048995592785715338,-0.11066736233988168,-0.3022968343096023,0.94676784846081863,11.487470814092315,17.163536242295212,2.5266257023052949,,0.4871962498591909,0.7608695652173914,True,5
-0.45873177872491938,-0.84906082127335258,-0.26203220597188476,0.88119758167746043,-0.47261357211363908,-0.011279782789664574,-0.11426275523401164,-0.23607654104676853,0.9649932069883842,-4.9407168653475919,8.0902519465174212,-2.3676408840405738,,0.07035841928389337,0.2733812949640288,False,5
-0.40822633495403432,0.88375675048205538,-0.22874716485105315,-0.90611979801225251,-0.42271581823505899,-0.016070117115290626,-0.11089711944063814,0.20071208979845448,0.97335321744395864,4.3132958545073361,-5.2862479072969224,-0.19756861643804238,0.1767925625480186,0.1774005484357472,0.7753623188405797,True,2
-0.37135981579712202,-0.86962240018584802,-0.32534407679583527,0.9238638676133345,-0.38101414046819382,-0.036107878389861923,-0.092560473905772697,-0.31398265216137367,0.94490605501925484,12.459955881297823,-0.98133030001068555,2.2432077712734588,,0.07414218647309538,0.3870967741935484,False,5
0.12386459942740127,0.99118152558545058,-0.047082314586139845,-0.99217687487989448,0.12445462847709091,0.0098027753312782354,0.015575941777487348,0.045499766908502631,0.99884291119725932,25.409761768330611,21.988899741183673,6.402651120329268,,0.4178754317537779,0.5454545454545454,True,4
-0.52256523950703726,-0.76429393409145929,-0.37786287561753784,0.84214083788555982,-0.53189974274531027,-0.088777659537080902,-0.13313293966694373,-0.36460587759726892,0.92159545050806613,26.646267687767757,-5.6895194636290585,6.0085716890121486,,0.1903100243506403,0.3333333333333333,False,5
0.68826275288838523,0.68865716995050186,-0.22813523459183072,-0.70398373463520425,0.70995535029325196,0.01924323151288073,0.17521781974323897,0.14735909495431146,0.97343927020573506,-8.45888212054669,9.3256839129026137,-3.4033447364047453,,0.06992818462989463,0.2474226804123711,False,5
-0.40051108710326389,0.89573336591770436,-0.19300934249176546,-0.91131131377213526,-0.4113294880880714,-0.017881320424165112,-0.095407329373943389,0.16872993039454245,0.98103397091578159,-10.916055179117208,12.777986444497856,-3.858949288846802,,0.1039457458190125,0.4107142857142857,False,5
-0.4229906095186084,0.89874454371778201,-0.11548674987457694,-0.89505916915487471,-0.43427882824396674,-0.10134585857761395,-0.14123748783825973,0.060499127899204003,0.98812541084245686,17.587898358695309,6.5413262837142421,3.8462889875738284,,0.3923295632724075,0.4054054054054054,False,5
-0.17358723287202654,0.95680513635585507,-0.2332196467429084,-0.98363240408738328,-0.18006554348737236,-0.0066101193538719155,-0.048319418592404649,0.22825496947854471,0.9724016159464367,-1.0746243288408321,18.440770806961961,-0.79044538945896103,0.2324239692289144,0.2793802825566943,0.8518518518518519,True,5
-0.75233293728674377,0.65347304565605424,-0.083475326141925571,-0.62808990525001551,-0.74972592756315604,-0.20836051560358496,-0.19874159704633254,-0.10432646903142939,0.97448333257316799,-14.710719141928841,19.152255027298853,-4.6354878549162928,,0.2607454051155169,0.1578947368421053,False,1
0.9158983355230812,-0.29676861591886367,-0.27029359517319801,0.32126919445444391,0.94564805666751461,0.050357299525959069,0.24065814692347984,-0.132959172404752,0.96146009526802589,-0.43276521816220936,-2.5110720691427764,-1.3989947987497651,,0.0846982265539736,0.3481012658227848,False,5
0.69276039675844592,0.71654503781092516,-0.081524483878292586,-0.69924371889478298,0.6950561985060143,0.16719779455651729,0.1764688478720137,-0.058822527206074976,0.98254702484095713,-14.554388418754845,-15.23000667471581,-5.6715317033755062,,0.103624587788855,0.5454545454545454,False,1
-0.6128905038176925,-0.70869695092584406,-0.34944793901024401,0.77474107552656213,-0.6259272181792529,-0.089394538056461983,-0.1553753398131163,-0.32552073557731165,0.93268148608577262,-1.1288032579407994,3.4734775567444012,-1.4194406405499178,,0.08017079748463672,0.2128378378378378,False,5
-0.41524820968594739,-0.85934667893828942,-0.29848318168759413,0.90367292344709016,-0.42738947073801442,-0.026711191116654195,-0.10461439566907672,-0.28082294368518684,0.95404103817329633,-18.102600495983364,14.813636512218313,-5.9360904542635549,0.3966179878961117,0.30171853664778,0.734375,True,5
0.9580812864060847,0.19847195296419834,-0.20661348582568181,-0.1584408686875842,0.96790785877977958,0.19506631703568411,0.23869800956016765,-0.15415336778325447,0.95878047510005904,-2.0803153864910686,33.038507674181922,-0.55141168184333267,,0.4880351116556354,0.4767441860465116,False,5
-0.18124721221453607,0.9807117950126264,-0.073169824296439229,-0.98156425037660922,-0.18499069399507456,-0.048063140948401764,-0.060671825809547858,0.06310957342855042,0.99616068547930703,9.2341247721381929,-7.8782337989369733,1.0866075941806179,,0.4900081270273774,0.1621621621621622,False,3
0.80306539673943933,0.57376208974842735,-0.16088204662809547,-0.55876521487505804,0.81887531205547226,0.13124274437729369,0.20704444741493935,-0.015501215228837406,0.97820872472140219,-16.191956998890007,-13.113383076502897,-6.1177628574954683,,0.3242058538597251,0.44,False,3
-0.32797377029967117,-0.86461487644635848,-0.38062359546284874,0.94128604686202944,-0.33325080812931124,-0.054078432521790669,-0.080086103527837668,-0.37601198692170534,0.92314744310587749,7.9932306446100867,7.0885283915730311,1.313387112602078,,0.08267915485657933,0.2285714285714286,False,4
-0.96590126829796397,0.038170601572518233,-0.25608152037188681,-0.027222824378424354,-0.99856296964451841,-0.046161818503856408,-0.25747554783560794,-0.037616496784171539,0.96555235043804877,14.93767166200201,-5.8591917944770975,2.812985468679241,0.1562158301968957,0.1522282540682667,0.5416666666666666,True,5
0.78403693424971765,0.57716874472668256,-0.22839073064143842,-0.58516045168159403,0.81001641476017061,0.038218498228906654,0.2070587634467507,0.10368050891901308,0.97281910988127585,-9.2489276078965545,14.142658798539248,-3.3146170794977206,0.2744670375176944,0.2478407470500225,0.8726415094339622,True,5
0.50825697463325281,-0.72053214649703801,-0.47170782652084914,0.85139467751213693,0.50283192310579716,0.14928884824302707,0.12962233928091549,-0.47748663119515311,0.86902506649074662,15.530894710560649,19.078308897543497,3.7487384267621691,,0.3016080858988681,0.2307692307692308,False,5
0.14116909887063903,-0.92507161601662635,-0.35258160865881727,0.98974415218384704,0.13974406227704125,0.029632925542176954,0.021858607959555156,-0.35314883873332792,0.93531176564788965,-16.377117792600721,18.892246785310814,-5.1534505449885701,0.766583733677995,0.734208434035347,0.3170731707317073,True,5
-0.83388255349349016,-0.43220686434191913,-0.3432741082501039,0.51858877039221918,-0.826448745616995,-0.21919890075267956,-0.18895918660457958,-0.36080423678751716,0.91329881666074353,-4.4270771136919267,20.34227761058559,-1.6039715224079401,0.8045795316988563,0.4122007775504837,0.1578947368421053,True,3
0.48554335926969555,-0.78876444580958627,-0.37695927538103657,0.86440033254891391,0.49759156908018992,0.072212848369542018,0.13061282999164778,-0.36090619197654605,0.92341053125604011,-26.639183786288417,18.953781694377561,-7.9050611483707804,,0.2521437490500169,0.1764705882352941,False,1
-0.40461652051146618,0.89593822271777857,-0.18324893561083327,-0.90804508941079864,-0.41735940873238292,-0.035570205783656855,-0.10834937436889096,0.15200600322311261,0.98242281531833631,7.7451403392154532,-11.316296527457229,0.50610314378788968,,0.08166305100959237,0.3333333333333333,False,5
-0.9315086094874383,-0.24625667684930699,-0.26767397997922027,0.27402778337601447,-0.959076480370194,-0.071281685857937149,-0.23916622752556041,-0.13974961147658876,0.96086916992030447,14.905419901263047,-6.7462178424350414,2.7777698284556407,,0.07992374945228425,0.4074074074074074,False,5
-0.2511901173735846,0.95873544527006038,-0.13315356141186246,-0.9648811287528245,-0.2589401760058494,-0.044208513057259466,-0.076863075078472315,0.11737261704877186,0.99010895181116432,6.9725395905112606,-4.1707967594347712,0.54916316440026969,,0.1194879635704495,0.1666666666666667,False,5
0.24237938850038601,-0.92805624504613282,-0.28277877936834767,0.96786695452572613,0.25142362357983233,0.0044407029943684647,0.06697604323395312,-0.27476857086803147,0.95917487565921222,-12.615032883917998,11.336828234832678,-4.4551685573932822,,0.08927074982005305,0.2307692307692308,False,5
-0.73983103561279007,0.63232097462610004,-0.22982650802726104,-0.63945977133223575,-0.76706711951483764,-0.051954162556371079,-0.20914406420415232,0.10852750438072339,0.97184388725816484,8.5023129745618249,20.782618356276881,1.8446241256134543,,0.1643818918982231,0.5,True,5
-0.39800244152716979,0.91144872393192122,-0.10418867587835406,-0.91652321746353338,-0.39997586569743393,0.0021210162377916751,-0.039739758286939868,0.096335510080454156,0.99455528811063831,19.543335975015768,8.6213009280971455,4.5385682423566767,,0.1929593674203671,0.25,False,3
-0.1095913751388595,-0.94621825722332908,-0.30440226706189372,0.99380726557180143,-0.10996270549348498,-0.015978807754433524,-0.018353457218569496,-0.30426832417752547,0.95240954295425195,-2.6576817004866311,-19.08947561785768,-2.5003527431670469,0.2812831366496184,0.232416638577283,0.7692307692307693,True,5
0.94942459792804457,-0.17485077155532122,-0.26080671106334852,0.19257624323261918,0.98030288288179157,0.043825202293431925,0.24800670029574429,-0.09183390169299166,0.96439577514019614,4.8926485223463523,-3.0037690183736552,0.053896685246567939,,0.09338187267286997,0.3548387096774194,False,5
0.96909700964230217,0.09801229834165405,-0.22637264692567016,-0.05839650569332825,0.98274528119883109,0.17550373330570176,0.23966817482752395,-0.15686077156260705,0.95809908898799545,17.096974895451474,0.2697903551868171,3.6133126857771858,,0.31765346951229,0.4838709677419355,False,5
-0.75594498090961726,-0.57594878512341996,-0.3111754854618447,0.62883550574773495,-0.77100152275817657,-0.10061092691930934,-0.18197003200677975,-0.27173451900601231,0.94501177698059524,10.236451393982472,-17.194953199722555,1.0684631374592333,0.7264082809197635,0.6664523399766566,0.5681818181818182,True,4
-0.84036877523896547,0.51377065134558209,-0.17268479788127888,-0.49493994683776954,-0.85726227040603276,-0.14190084130307479,-0.22094064955907874,-0.033780431528192517,0.97470206310348095,-23.652991482354015,15.345982501183522,-7.3822458675396412,,0.150591923467927,0.25,False,1
0.47373570864735465,0.85556672124966171,-0.20875838628063037,-0.87283888066249471,0.48767839364526322,0.017946386138148931,0.11716128522781161,0.17371059225527896,0.9778025687131775,10.751912508026667,-12.024869699832353,1.3643679735628742,0.3253698829533807,0.2441948867957603,0.6271186440677966,True,5
0.59104893070099918,0.78965905482450849,-0.16461998253817994,-0.79603328190765832,0.60398443911511224,0.039163904326904822,0.13035403949448324,0.10789520119295537,0.9855792458990823,0.14560804431775876,-10.825595542173147,-1.6016367886746627,,0.1216608260960154,0.2105263157894737,False,4
-0.68408689227544472,0.72348601205250496,-0.092699051674161981,-0.70523859820159696,-0.68850264522893789,-0.16912311231586288,-0.18618174836318582,-0.050319955058806182,0.98122589585645836,-0.68048778934861287,20.282044329324826,-0.60204098801002015,,0.4362701069304761,0.3103448275862069,False,3
-0.63378330023732121,-0.71682186025320616,-0.29066329146182734,0.75660214852358287,-0.65263572372791356,-0.040246750969996414,-0.16084749668486681,-0.24542418947054884,0.9559785824132967,-23.462507990770106,8.424629078634025,-7.5021441311325008,,0.1900026200628935,0.1428571428571428,False,1
0.89138271296620586,-0.30925171913195426,-0.33136118245645385,0.38978768461762203,0.89611625100620151,0.21222918178946346,0.23130590123349956,-0.31833793191594834,0.91932504651947633,0.47359003262404853,25.36301293735146,-0.18486434197936344,,0.1715011086818966,0.25,False,2
0.14231891457407242,0.96658391114544773,-0.21321554649984778,-0.98940620007168867,0.14515406598030617,-0.0023808378961324857,0.02864782389921891,0.2112956219237771,0.97700228369317799,-7.5926910472150029,11.440108573367654,-3.0219120562597261,,0.07688381395046431,0.1714285714285714,False,5
0.95491031722952124,-0.078664257185576097,-0.28628346213160438,0.16168764854438994,0.94651177354074545,0.27923568335178617,0.24900479986699456,-0.31293353478046226,0.91655289670209661,-13.088975378011405,8.3647072481047875,-4.7690346993799686,0.6456915089173576,0.287825337628337,0.2435897435897436,True,1
-0.95058308167657812,0.220683929455262,-0.21838133645173627,-0.19113411324077145,-0.97026352398308302,-0.14851412317889018,-0.24466212536051701,-0.099434889792847092,0.96449631782913525,-6.1838739989894522,4.9195407750311997,-2.8643004174732485,0.7085274411285855,0.6757352777857192,0.9162162162162162,True,6
-0.38424916227412309,-0.83997816553901394,-0.3831308689068903,0.91949464825547123,-0.38547548867202713,-0.077059973154746858,-0.082958864030211965,-0.38189701367093176,0.92047406146400568,-0.77962178596784559,16.163384753971016,-0.86827548904588614,,0.07130672548478599,0.5,False,4
0.90433131605324468,-0.32076676358163581,-0.28159111169703394,0.34390709994688717,0.9383290578988388,0.035587718510764539,0.25280976526141202,-0.12902427091071889,0.95887431924336641,24.897925729236889,-1.6049570909795532,5.6546303571908085,0.1914206145969509,0.2155159066525266,0.3809523809523809,True,5
-0.16161411086730001,-0.90711880960750924,-0.3886082145616937,0.98633129429452571,-0.16129281032052789,-0.033692836541203218,-0.032116305264741594,-0.38874168106232387,0.9207868636883243,-4.4828799846854519,-20.175975339197084,-2.9809357909239078,,0.154856270125148,0.1333333333333333,False,5
-0.22281833454214869,-0.93273043395282673,-0.28348884875781977,0.97327200552617377,-0.22943314882559973,-0.01010116226130665,-0.055620077768034341,-0.27816248452683379,0.95892233217864764,-8.3949517988291724,-5.4667572021922002,-3.9161773227385948,0.1668857300192137,0.09518579657337196,0.4,True,6
0.62511872979433569,-0.6559116778593882,-0.42309153206841499,0.75746390895420768,0.64059230816534629,0.1260552313519997,0.18834808279387499,-0.39927605183265918,0.89727567343642822,5.8951526962124525,17.252950245386465,1.0014016954288192,,0.4914333454958657,0.1153846153846154,False,2
0.86991277989414106,0.46617691964901831,-0.16103054046795237,-0.45457576751822487,0.88450692865815683,0.10492075457664073,0.19134426294526052,-0.018071323755262519,0.98135661219338,-22.522623983771854,9.6882926128199411,-7.2903371460477295,,0.3038987559488346,0.3768115942028986,False,3
-0.9029646608088957,0.36373516408581086,-0.22880461476496816,-0.36052924518467533,-0.93099192714729617,-0.057207472878398224,-0.23382361877459101,0.030834428712607463,0.97178997386735944,-24.867218821674268,10.305723297460785,-7.8126866338066163,,0.1045829008372418,0.4545454545454545,False,3
0.33625238504993954,0.93833491970190241,-0.080386018785931435,-0.93637116781426133,0.34223207266302602,0.078014386666344443,0.10071429707039573,0.049038626701755184,0.99370611523569807,6.8706609724326295,-9.95919712784249,0.25749674673936834,0.517275451654461,0.2686536064662846,0.2352941176470588,True,5
-0.7745656769393171,-0.5300785443311814,-0.34505760236121807,0.59748205814615118,-0.79220441789971685,-0.12420688569322258,-0.20751675185626789,-0.30237211693525223,0.93032677087092241,10.061662183574549,-8.9717381010619857,1.2487056261654059,0.889960328104128,0.3965703757774326,0.35,True,3
0.01261259178733181,0.99110031124892539,-0.13251828391090018,-0.99988140790083879,0.013672100904378868,0.007088285483626864,0.0088370052983488059,0.13241316663815672,0.99115521521011696,3.2612511488308984,11.52416953138898,0.10146868982656017,,0.1307767948411152,0.2105263157894737,False,5
0.69575457294084264,0.69541593800601387,-0.17978389082206742,-0.6960627113696799,0.71454346061258367,0.070173675523535151,0.17726329589792383,0.076317206860632314,0.98119998362433536,-14.618218797964454,20.357671953146919,-4.490752524506572,,0.1378092912651495,0.2222222222222222,False,1
-0.8002948107110317,-0.51779525997874842,-0.3023512604447588,0.57882562937069193,-0.79875185184391306,-0.16418395158949706,-0.1564899572899705,-0.30640422307706505,0.93895012931887045,-19.526856094932317,13.95664385623269,-6.4055214221360135,,0.3572994914592839,0.6964285714285714,False,2
0.93234706377915455,0.29080377427225612,-0.21485371193302921,-0.26916528254262079,0.95500440433436506,0.12456579938216041,0.24141044578920262,-0.05830739722347579,0.96866983234375781,-4.6836582952851487,-6.6217010749953626,-2.8974742801938982,,0.07464417659478613,0.3333333333333333,False,5
0.62371881489303038,-0.73482963615339425,-0.26645871308535551,0.7648003341939783,0.64411740906917014,0.013900077366619919,0.16141650710262728,-0.21245745259860693,0.9637460983423477,-4.0682882098320281,13.970807561811752,-1.8184502304167514,0.2734269309957613,0.2035083711762158,0.9018691588785047,True,6
-0.92220987750734995,-0.28438047276923867,-0.26202421364336459,0.30809122673597361,-0.94985423295855909,-0.053448406328261318,-0.23368512540639427,-0.1300180096688619,0.96358008454178123,2.8248284900065754,-13.283561766435362,-0.84531708255476634,0.6020360754167209,0.5791840975032871,0.8406593406593407,True,5
0.47338619460674464,-0.74546527349231939,-0.46924091549306396,0.87132848455267609,0.4744273455577574,0.12532105088196105,0.12919823049440018,-0.46818823116781105,0.87413248276967381,2.5696044013501553,-9.9824793009168662,-0.91266193404049656,,0.1218698932171916,0.2631578947368421,False,4
0.59490742038224964,0.79115808976162139,-0.14196491883166132,-0.793627051872967,0.60615121861181198,0.0523144598637807,0.12744121668267822,0.081544939635503785,0.98848832016887367,-3.2292699844544717,21.877503314087136,-1.1952623299281007,0.607606400008006,0.4419453562754727,0.75,True,5
-0.50072662817730018,0.84901325708485897,-0.16866930108455125,-0.86044681581232474,-0.50944341270079718,-0.0099341035929832924,-0.094361650010069242,0.14015669284741394,0.98562263592992461,-23.330061858160558,10.65946722712189,-7.4296291160730563,,0.2395572482905636,0.4680851063829787,False,5
-0.15137893383272638,-0.9476913712223366,-0.28100797729316651,0.98788433256663488,-0.15487923187170849,-0.0098472841030521133,-0.034190113498550757,-0.27909404946282745,0.95965491073270681,5.928537241478951,-5.2214907922887885,0.2227768348070791,,0.076262098266533,0.2407407407407407,False,5
0.70265962199526355,-0.57546798121091625,-0.41845675788366377,0.68506572695942003,0.70605492032024608,0.17936387383509966,0.19223528646696425,-0.41270213482923124,0.8903496743102457,5.9681853950012407,-9.4360239809268549,0.047425573789036217,,0.2361351404704537,0.2307692307692308,False,3
-0.28195190554104343,0.9565693812971594,-0.074014469710616981,-0.95621584046360819,-0.28647823911719905,-0.05984550909453526,-0.078449916559863928,0.053900253033527884,0.99545988031395405,4.3922275528866024,7.1483513073719109,0.3564023500724009,,0.07939430080713075,0.2272727272727273,True,5
-0.48056330435497829,-0.82670886861785997,-0.2925941849319687,0.86858595959492479,-0.49469848017481977,-0.028841714707824886,-0.12090219725873007,-0.2680034706142847,0.95580165224627556,-10.065733657165733,6.7090323069671829,-3.9710687285826656,0.9515783414944523,0.8462180006766788,0.98688696564385,True,5
-0.94213066187960848,0.24126655822231466,-0.23276654362225188,-0.21718128066556394,-0.96816307890811371,-0.12446904823138538,-0.2553861924121128,-0.066713570753782481,0.96453470243559591,2.632489993768897,-3.5996812443618902,-0.63118847733689698,,0.09897445652250014,0.1975308641975309,True,5
0.2849952594954841,0.95411254122443545,-0.091907348690688978,-0.95709639576390826,0.28849837867799166,0.027114105478630537,0.052385029167100187,0.080236800649204881,0.99539834465441113,-2.7120009835126089,18.724473142095778,-1.2503090419752967,0.5445814825362402,0.39355238198985,0.3571428571428572,True,5
-0.37396515768263899,-0.86793080900691477,-0.32687332655939194,0.9241888964461269,-0.37823807401571224,-0.053017384418476234,-0.077620516135174622,-0.32191935347457512,0.94357987755855743,-12.790031790380665,23.941090013385885,-3.8309749961878716,,0.2674171180645324,0.25,False,3
-0.77301517531722908,0.59212064702903999,-0.22768548063323263,-0.59665738390780365,-0.80052924569603934,-0.056150627900564729,-0.2155168321908309,0.092444935757687877,0.97211441142243538,-4.3321163216185345,-14.522327380627354,-2.9329124601384025,0.2127860399101717,0.1451839497790954,0.3720930232558139,True,5
0.95256342193777166,-0.097870206034261248,-0.28817416601252566,0.17574751518748674,0.94993997141433018,0.25831543046199595,0.24846677462314251,-0.29670772399813505,0.92207851532731189,-15.152948786876596,-11.817849292470722,-5.8409580718173881,,0.2089643197689414,0.1,False,1
-0.89384345493495942,0.41099280291673557,-0.17924506693513814,-0.38075622737483961,-0.90686135403906454,-0.18062995284756939,-0.23678803471716225,-0.093206225656236319,0.96708015495805932,-13.797284272218818,-9.5346988674585695,-5.5117173652548725,0.4136591151268245,0.3551910864704724,0.5377358490566038,True,6
0.52237077521113762,-0.71554684701318816,-0.46381190469284128,0.8330176125705866,0.54445621887901607,0.098229745348167669,0.18223729133334901,-0.4376758337553619,0.88047114330569276,-2.3814666578513268,-6.907455763532961,-2.2278747338657072,,0.6342204210086014,0.1363636363636364,False,2
0.95969903713070603,0.16739377703900427,-0.2257367527431261,-0.13377373528157802,0.97851498140603321,0.15688536870200481,0.24714842884228383,-0.12036508867842793,0.96147277629074035,-16.684089404366887,-6.3297406418234656,-6.1221183961719197,,0.3526846131290889,0.3538461538461539,False,2
-0.16535710332719369,-0.92758585794548898,-0.33502463270448068,0.98486222631062159,-0.17321671846827594,-0.0065087348670293584,-0.051994457067336422,-0.33102937117816955,0.94218688796419781,9.0864580367662686,7.0248063754508099,1.6196244880217969,0.515415780961416,0.6426627836522634,0.7232142857142857,True,5
-0.95869845214803706,0.13723770038957753,-0.2491246504076591,-0.13327637916897483,-0.99053655622534797,-0.032783189851436564,-0.25126616287229253,0.0017732380010220331,0.96791640704268789,16.061062367209914,-6.6964846908209292,3.0763590452721319,,0.0828327231373029,0.2307692307692308,False,4
0.094843303100880266,-0.93134485758775476,-0.35157005575242106,0.99508444803248097,0.098802664505370799,0.0067063231754069773,0.028490158665904042,-0.35047794471476379,0.93613755459745762,-0.71866543734503252,-9.0324198564946219,-1.7946274240630109,,0.07430462038567599,0.3846153846153846,False,3
-0.5950476888389733,0.78254495651624967,-0.18314376603744614,-0.7868311248890737,-0.61366818514649601,-0.065636418586039816,-0.16375295085338881,0.10504641626437461,0.98089256369738109,-7.0034819900220482,20.064656614496467,-2.4582480045058017,,0.1394600012197501,0.3793103448275862,False,5
-0.74955734169367905,-0.52018597604817896,-0.40935356580333843,0.63510195504987721,-0.73946371467034866,-0.22324632444399198,-0.18657250120242336,-0.4273171714414622,0.88464158662496717,3.2201123179888032,-5.6120182701826948,-0.50015350743576936,,0.08045917140584131,0.2950819672131147,False,5
0.02878687050972898,0.98363566632702815,-0.17785441241543576,-0.99958276689110837,0.028748991257527133,-0.0027906336181521508,0.0023681681891783192,0.17786053927461931,0.98405285444856561,-14.453973152413777,-22.833493003829439,-5.5525965227941638,,0.1490930494584346,0.4,False,1
0.86897533847733432,-0.33706751117104644,-0.36230836870152366,0.43915464869519694,0.86273761005449678,0.25065316819632116,0.22809001654522429,-0.37692082605026178,0.89772247116911785,20.145908505812908,0.67834691112256607,4.437407910638262,,0.72043107915937,0.3636363636363636,False,1
0.62402105509139405,-0.72064126297627373,-0.30211569455853504,0.76346494869179715,0.64465672004643693,0.039229904639229728,0.1664902247030029,-0.25513502972922525,0.95246371147850706,-15.118525782327174,24.067718373360691,-4.4633963844774067,0.3635942478669567,0.3396888642165469,0.8589743589743589,True,5
0.68473522416315491,0.7075940008064282,-0.17449470712026766,-0.70526161453997194,0.70370314398719702,0.086069391766223316,0.18369465927649517,0.064129674607688064,0.98088921748992941,-13.247833477853737,13.525254281200381,-4.5086874626821931,,0.08156612111764822,0.2592592592592592,False,4
-0.49267612084444667,0.83875742746488124,-0.23185387169974209,-0.86026218560768708,-0.50961387572094563,-0.015577858843887713,-0.13122199496712283,0.19178027934375558,0.97262588516432036,2.2492660733638568,13.933851349771027,-0.096183849420559769,0.3182141355456424,0.2972334444150471,0.8070175438596491,True,5
-0.20877436389229703,-0.87651039633910977,-0.43375429691338369,0.97683332106972431,-0.20821992212875035,-0.049407761299115262,-0.047009869487799928,-0.43402072431872896,0.89967554320020637,-37.862852527448638,20.223309611540451,-10.912369380966704,,0.2835137075997325,0.375,False,3
-0.55129608596111757,-0.72777588743918342,-0.40793980348338477,0.82212302142414728,-0.55714267283202401,-0.11707168638924094,-0.14207872201137184,-0.39991786628218873,0.90547188635535136,0.34300046424558339,-8.0825976726925983,-1.4719164368452422,0.4787883103349305,0.2346111128029111,0.1785714285714286,True,5
-0.3215258967389511,-0.88020028605309764,-0.34909676904586218,0.94350290334406894,-0.32900941739692158,-0.039434434767752498,-0.080145923836008756,-0.34205300714389986,0.9362565733794822,1.8008886992844411,2.4802861458662919,-0.59473123527333616,,0.2373723074771124,0.4057377049180328,False,5
-0.21514455651486761,-0.8392793406749246,-0.49932254917866903,0.97519361757651934,-0.21188961280849894,-0.064032805825492284,-0.052059850557236276,-0.50071247268280406,0.86404675316780732,-14.806878839645538,15.515787267704656,-4.881213270110333,,0.3138869668068519,0.1818181818181818,False,2
-0.19265854083220252,-0.82562194932264865,-0.53031225088722611,0.98022561062075131,-0.1868063438098905,-0.065277424853893096,-0.045171217911202176,-0.53240190336723137,0.84528561703330063,-9.9728314990762605,20.62259654595973,-3.242065475593904,,0.1601130074882091,0.2,False,3
0.95588129648830722,-0.11657040110395037,-0.26963361921373624,0.1357455840894049,0.98929645706440017,0.053531826421790371,0.26050735771578548,-0.087771644773756791,0.96147389717539933,6.4484246628741806,11.878927082083248,1.0300066995732204,,0.08279362905216317,0.2,False,5
-0.88863773617457753,-0.36757176458048224,-0.27425165766083082,0.39854612694622743,-0.91482292284177325,-0.065268710263014715,-0.22690076805221393,-0.1673021749004665,0.95944047430306501,-7.7279209340608679,25.780830387646184,-2.2345195109707503,,0.2135085099337331,0.631578947368421,True,4
0.66928629320904953,-0.62443888784970991,-0.40265609776024625,0.72302092779022353,0.67219753887946576,0.15934618508691975,0.17116248333047676,-0.39777700293683149,0.9013749831422756,20.777140510285516,2.1733906162602175,4.6569363007102336,,0.3281280275068344,0.3611111111111111,False,5
-0.96593303041532486,0.092222503996963842,-0.2418023790395713,-0.061585679954612803,-0.98942200958289528,-0.13134416994093137,-0.25135748402861308,-0.11197810817063425,0.96139498569179693,-16.158446253489682,-2.9379869813939745,-5.8630676752077227,,0.1608240379108388,0.3333333333333333,False,1
0.60013337110668796,-0.72143645192067207,-0.34549874489531007,0.78241533311580458,0.61924923078300809,0.066004823156626605,0.16633154658514734,-0.30993521260864354,0.9360950702764268,14.753843504620063,4.7953896800887392,3.1072748194697941,,0.1813448132250229,0.1904761904761905,True,6
-0.87039416164552752,0.44135966637853175,-0.21821010120434703,-0.42579452048580207,-0.89729024575421212,-0.11648708597356278,-0.24721049673839893,-0.0084770141310263614,0.96892471871336683,-1.692888218454552,24.680761324044703,-0.77111510202973255,0.2957978447876485,0.3018064449244098,0.6666666666666666,True,5
0.84107855217739103,-0.45304633644765757,-0.29552645583524279,0.49364057320023563,0.86625633386295231,0.076934703046545261,0.22114667883042324,-0.21059197770492921,0.95223167631023509,-0.38263774406340934,7.6243494873442588,-1.0925201162595788,,0.06589931618308087,0.1777777777777778,False,5
-0.14896601466796844,0.98034706838033392,-0.12933967678956024,-0.98771813912922002,-0.15375352923973751,-0.027798019379733072,-0.047138138582822828,0.12361018471149737,0.99121063257338837,-4.3256152305256395,6.5583194600021821,-2.1819698248350203,,0.2407288407360095,0.28,False,5
-0.77072390418810899,0.6268732205924461,-0.11408167607944208,-0.60974553211699378,-0.77759611144186924,-0.15347531897295438,-0.18491903519217376,-0.048726304749492744,0.98154505635200329,1.652364499177629,10.547809292324169,-0.35348420002347042,,0.415814160590358,0.4137931034482759,False,5
0.52152705082923612,-0.80520683723629161,-0.28222594586835476,0.84167958891017369,0.53975809590936652,0.015384001829683089,0.13994643570080662,-0.24556699120244793,0.95922460767351936,-1.2114440811818159,7.2608857213781333,-1.3124525551124764,0.2179896285430898,0.1484449157434229,0.4908256880733945,True,5
0.34637293939030439,-0.87914641326931142,-0.32730317886300175,0.9310573532196027,0.36483364530199297,0.005349417853189771,0.11470829034480848,-0.30659092499838486,0.94490423474276297,2.9912921806867683,19.008595470995303,0.3102315543018242,,0.1293487027353291,0.4324324324324325,False,5
-0.96868352614054842,-0.0061516098601057875,-0.24822244838056551,0.031588331092367014,-0.99462333921048729,-0.098623478120470801,-0.24628114731483705,-0.10337587142998615,0.96366956249711377,-7.162493864260524,24.240376107096232,-2.1717744614109478,0.216769285043846,0.2055381598277317,0.6896551724137931,True,5
0.7915170721577337,-0.4462436599920534,-0.41757313179818922,0.57465588385536137,0.77599978437384909,0.25999028789967393,0.20801764260096917,-0.44574760859553542,0.8706536221702057,-7.6177102189532588,5.6113563913814248,-3.276818619005168,,0.4071759504458161,0.2757009345794392,False,2
-0.86622891481096753,0.46226428582249779,-0.18962910430213606,-0.44877967619710252,-0.88666869300860696,-0.11142455326737277,-0.21964578160720055,-0.011417481833834009,0.97551287625060956,2.6633225495783592,8.801759143800119,-0.11387113242756609,0.5383398815939593,0.532806059406834,0.6033057851239669,True,5
-0.35951724250828765,0.93260232312318569,0.03162687535111447,-0.927958623413766,-0.3537499650016725,-0.11727640637973175,-0.098184242988707593,-0.07151132194662152,0.99259557991267588,13.524881585510949,5.4698314551866165,2.7242882387689442,,0.3883165330657404,0.3333333333333333,False,1
0.78084428373338211,-0.55516745781008592,-0.28648088653449583,0.59012877326406243,0.80596211541821838,0.046616515061142963,0.20501276917976824,-0.20546085344726739,0.95695120156357316,-5.8014576857647597,15.751973575232368,-2.2582730966972555,,0.09489254785578444,0.2777777777777778,False,4
0.76168232316856499,0.62945499733183619,-0.1537089616987779,-0.60595379968723073,0.77599590166912247,0.17507242283504665,0.22947773577658015,-0.040209040360394244,0.97248300851796432,-21.426442592014887,7.0021849275630625,-7.0282516529595798,,0.31494532847061,0.4150943396226415,False,5
0.95082657868035847,-0.15663503621899336,-0.26719708588171442,0.1756147854241035,0.98326228412864081,0.048525537097233826,0.25512401771579973,-0.093063129319852653,0.96241934183896494,-2.2851207743656223,-17.949581342455438,-2.364067137052563,,0.1155661019232249,0.2631578947368421,False,5
0.74337832448905428,0.65713297961789818,-0.12475942360539326,-0.64345875784850082,0.75351026601218118,0.13484474762598994,0.18261843726171642,-0.019963118813336456,0.98298116983965356,-5.2227299842056665,18.650125587943112,-1.9790200577893355,0.838528990086391,0.3141611532912902,0.1578947368421053,True,3
0.33188890421830308,0.92909531701577541,-0.16319205604480347,-0.93982685592945669,0.34054573691231543,0.027460552518120383,0.081087829731264882,0.14425842426078314,0.98621208210976097,7.0631480866506475,14.539160474474912,1.2566644664892617,,0.1533194974994599,0.2,False,5
0.47262529987482738,-0.80808036494554136,-0.35161264156413741,0.87206459395059233,0.48635110085807343,0.054460542339651787,0.12699870037137545,-0.3323683656481482,0.93456011022317909,-0.22472663658913986,14.880929551324565,-0.7180022131985806,0.477838731328442,0.2252683590678794,0.32,True,5
0.88729051318840602,-0.33906259602973043,-0.31265332427376563,0.40138156003061592,0.90158621694578145,0.16135407240223232,0.22717479717883685,-0.26866121675257781,0.93606237085985899,10.999899569986827,10.842950331797628,2.1821475693123582,,0.1830216623595549,0.32,False,5
0.13452236837854828,-0.92529676434720254,-0.35458374228724054,0.99008362303561925,0.14012600110555695,0.009956064022871065,0.040474088037758184,-0.35240686954536443,0.93497125436814821,-9.9145533683891838,12.506426387918568,-3.6330315903408694,,0.07243629655066959,0.2857142857142857,False,3
-0.55575454871724284,0.81678767698366261,-0.15490246062515525,-0.81752842381030855,-0.57077715486189373,-0.076555311703342802,-0.150944220963666,0.084091201771622354,0.98495914227051995,15.696365755361839,-0.78197293930327816,3.2602663512366736,,0.1625535505624607,0.2857142857142857,False,2
-0.4092971101218601,0.8791980909841256,-0.24389873401837101,-0.9059589417538384,-0.42332761311649086,-0.0056681416143654359,-0.10823248820090856,0.21864228498386293,0.96978414078333786,5.6007932789860266,3.7290479430578682,0.44891974687179437,0.3227623040907912,0.2533828379186255,0.8620689655172413,True,5
-0.42954580843737211,0.8726090823592435,-0.23247319810688827,-0.89670098985112412,-0.44261355725404528,-0.0045358279216988389,-0.10685379382080712,0.20651060098474408,0.97259222618064434,-9.1092875112420604,-4.2132617315881724,-3.9950372701527392,,0.0701444115136663,0.2272727272727273,False,4
