axis_00,axis_01,axis_02,axis_10,axis_11,axis_12,axis_20,axis_21,axis_22,location_x,location_y,location_z,dbh,dbh_approximation,score,reconstructed,number_clusters
0.97707438163629312,0.19506334545369752,-0.0852991442540144,-0.17126459108256292,0.95815826726116404,0.22934945982148411,0.12646775316806361,-0.20948275857333817,0.96959934058822794,1.1837850482388947,5.8215018963896901,-2.4988251921962665,,0.08985692287200905,0.4117647058823529,False,5
0.96385228009596446,-0.24089270859980261,-0.11383973426384297,0.25703075267753889,0.95320601220633094,0.15916497878529501,0.070171036274446291,-0.18267184029607886,0.9806666224721915,-22.442324092232635,-3.4883909838872693,-2.9772140790279193,0.2315243344981405,0.1974104953437585,0.5964912280701754,True,3
0.76954111113414669,0.63102383803454343,-0.09805811596486462,-0.61982701467802692,0.77501933092596609,0.12312395610275996,0.15369108676091031,-0.03396987670309598,0.98753485879083214,14.627345278234538,-8.233021294534538,1.0845029922080902,0.3113288530830396,0.1862660817102229,0.8421052631578947,True,5
-0.91746617510705397,-0.34712285953156902,-0.19432328199435728,0.37304248838371112,-0.92038778089410178,-0.11715645369043463,-0.13818509107324384,-0.17997792412253438,0.9739162322467072,4.4366351597185343,12.742407658141627,-3.095608776657047,0.4612138454026409,0.2643116125957959,0.4090909090909091,True,6
-0.55921609984200205,-0.80707816808605803,-0.18947871721212389,0.81899670133213665,-0.57326741198339548,0.024675444574271482,-0.12853698644584005,-0.14138353849268265,0.98157472367553844,1.9526383925899284,-16.111805075980659,0.9735019360628554,,0.2291358916654224,0.2307692307692308,False,5
-0.55623274609514017,-0.8123449039150511,-0.17521669228331521,0.81855493064649887,-0.57195952274518513,0.053198964796372858,-0.14343276364124463,-0.11383348112197285,0.98309154247704145,-4.2180277157847401,-5.4928296342971104,-0.99805925575672283,,0.080210671645822,0.2900763358778626,False,5
-0.65998518034856324,-0.73834413924720377,-0.1388073980722152,0.73650707738399601,-0.67232740442589756,0.074385389837108296,-0.14824603429285238,-0.053139376146502056,0.98752180736386841,-4.2296532828977114,3.4839442271308649,-2.4096528676041502,,0.1047957442808357,0.3735498839907193,False,5
-0.92777098357745269,-0.35485571082952783,-0.11540548740591328,0.34658988677975072,-0.93407989568791572,0.085849862280913541,-0.1382622595422392,0.039650636354574574,0.98960162420185616,-0.328670704000598,-5.7771578102776733,-0.55880384181325082,0.1574142993635019,0.1458706872194446,0.5783783783783784,True,5
-0.93658996465475719,-0.30155411062396348,-0.17850590038929035,0.32319789540593191,-0.94021241818282641,-0.10744174747265679,-0.13543396366191593,-0.15832159379122049,0.97805516941848969,-5.1654145435442125,-20.653872589393309,0.86665711834266557,,0.1269696765460645,0.5,False,1
0.4059858221780881,0.91363841793134593,-0.02098460078939858,-0.90411956442384678,0.40489106248651147,0.13649557042108929,0.13320407432363543,-0.03644267825575366,0.9904183993571265,13.918338641736367,2.7655003911536578,-0.48127952472234897,0.1971420263991099,0.1603686256105739,0.4,True,5
-0.40705849571579156,-0.89012723812459205,-0.20488260300543515,0.90337201719124172,-0.42548003048004251,0.053719104781525466,-0.13499029454528788,-0.16321839238084562,0.97731129982579679,-25.992464916563019,14.065832794817307,-5.6422640640390931,0.4954074273260687,0.385768040412252,0.8780487804878049,True,5
0.18557976501957182,-0.97051565346379176,-0.1538165049564863,0.97970859099641872,0.17068720328986095,0.10505691486473687,-0.075704871329996398,-0.170191788917192,0.98249861447336095,-21.22731152818643,-2.8470387416358136,-2.9502965040042484,,0.07649079175937078,0.4411764705882353,False,3
-0.94273730500519071,-0.29093113992995517,-0.16311175791648796,0.30416777003779971,-0.95056299741287831,-0.062545628301875267,-0.13685153057888078,-0.10857743673756985,0.98462307448572262,2.2597285201952189,-9.5796461350558975,0.20154097776943414,,0.1809031372944105,0.2692307692307692,False,5
-0.32583687642933473,0.94453359060681397,-0.041068554566398296,-0.94447284338525717,-0.32325101780942106,0.058990063510223505,0.04244264443388545,0.058009272539588125,0.9974134279389294,19.368159998967155,-12.510015925537088,2.0159152152580577,,0.2100582793094315,0.3846153846153846,False,5
0.88794715143509162,0.45578399822633275,-0.061731703517107286,-0.42946814005822254,0.8696511811369233,0.24344186127715289,0.16464195374580776,-0.18965170736898707,0.96794899501925769,0.83750882739557553,1.6607664992248405,-1.7143752190254393,0.2265982442057477,0.145903815804784,0.7290836653386454,True,8
-0.44107478570489989,-0.8646211053758307,-0.24058964556699647,0.88679949312889639,-0.46109423294849106,0.031285257358290977,-0.13798439187715658,-0.19955563755584255,0.97012259798335376,-1.4166018589958669,-10.053544426356307,-0.042580533177963266,,0.2361570304205509,0.3571428571428572,False,5
0.93415591615903992,0.35310141372943454,-0.051692513261966375,-0.3294846546707989,0.90902979452369326,0.25515621686464079,0.13708605560569748,-0.22132379964767862,0.96551705788555864,-6.1464508731848575,-4.313674416088582,-1.3572695128386354,,0.08331274588942629,0.16,False,5
-0.96254660150535321,-0.23096229081775371,-0.14198753519485147,0.23427572498260793,-0.97214607982174117,-0.0068472016980179323,-0.13645118033336096,-0.039854983470516206,0.98984476342414263,9.323705761122822,13.110066978328128,-2.2926960247936079,0.6443677374037321,0.5343643161465634,0.9493670886075949,True,5
-0.099392804633043466,-0.97898046176914155,-0.17809639485811513,0.98877076993945534,-0.11724387298333733,0.092661959623165341,-0.111594959117855,-0.16688657741755936,0.97964046230101132,-13.925729954375246,-3.6626327114909749,-2.1671611076478685,,0.09289001606137087,0.1923076923076923,False,2
0.9782759532450187,-0.15439144203397565,-0.13834537191109997,0.18656790520234851,0.94662755994953185,0.26284725505967044,0.090380175099180338,-0.28294795523322924,0.95486746649908272,-10.524626259908729,8.6701037017056244,-3.6374195334879449,0.4664351963176209,0.2219471697060586,0.4630541871921182,True,6
0.12212640590315155,-0.97621664165481425,-0.17912623910911291,0.98999272465034627,0.10695845144021873,0.092055933023866027,-0.070707468633537968,-0.18857613375426607,0.97950982417622068,-12.068894308331544,-7.7161520357705662,-1.4222349173030302,0.2757867974044624,0.1467537780417718,0.5833333333333334,True,3
-0.6250816538161903,0.77903297864515464,0.048790821326105058,-0.7804974930006443,-0.62459687957105547,-0.026502857389551493,0.0098279948172040887,-0.054647563654382905,0.99845733724807417,-12.101767779880873,-4.3822807618610051,-1.900077721573814,0.773282640087485,0.5868671526407394,0.854524627720504,True,1
-0.2799126934634607,-0.93868461536890657,-0.20129599327299175,0.95180353812343199,-0.29872941396697111,0.069503683691357357,-0.12537507269688403,-0.1721392752996237,0.97706149297041345,0.10047623722394784,-7.0532294767339279,-0.35516033008685732,,0.07477832119324809,0.25,False,5
0.96593944272647581,-0.22146078025911828,-0.13385109559614158,0.24563303704245223,0.94742139080882226,0.20507832491801226,0.081396585300405125,-0.23097149400932376,0.96954977430585509,-6.9191609537634911,7.4506090445124116,-3.2150847274410776,,0.07797512743633189,0.1475409836065574,False,2
0.62728932754041233,-0.76854259379976875,-0.1258982965310535,0.77872087092866171,0.61689085369312013,0.11419054168309928,-0.010094787466978547,-0.16967013922696367,0.98544920676851688,-8.4726964753722491,3.8224238553722345,-2.8045588328695188,0.4553904163888556,0.4140404802924524,0.938953488372093,True,5
-0.33425379755805501,0.94114189936403236,0.050262551462107896,-0.94100626314959102,-0.33623943915523236,0.03808217785024394,0.052740985308027628,-0.034568263161996821,0.99800973124048331,-21.996396005091668,17.461394988770486,-5.6109724077831631,0.3069702727785424,0.3077694142205007,0.4347826086956522,True,5
0.9934258478549578,0.069939519185791527,-0.090628629415425072,-0.025102066093043166,0.9054900645032774,0.42362439656340745,0.11169141010623265,-0.41856445948254001,0.90129286148652632,7.3914125033050002,-20.511897856315855,1.9981137736179904,,0.5046301409861073,0.3529411764705883,False,1
-0.75831851235930881,0.65176798394368907,-0.012309708328992697,-0.65136880542274844,-0.75833459821284854,-0.025442414891278547,-0.025917429180131499,-0.011275294201824201,0.99960049750155477,28.581866548488293,-14.855616791045081,3.1282282607592582,0.4358606765435965,0.3471301831981684,0.2352941176470588,True,4
0.2522450695720953,0.96016409978479311,0.12023862258453752,-0.95965208841499283,0.23226207474737071,0.15849983544089169,0.12425897986589091,-0.15536804728934689,0.98001044678318794,-25.418413188012845,16.445041828561372,-5.7677171762442319,,0.1650265751348019,0.2631578947368421,False,1
0.22159195288805519,0.97512110424590936,-0.0059865239912833268,-0.96740826914499889,0.22060248626068962,0.1243212928081148,0.12254895840086419,-0.021757185246315411,0.99222395540776098,-21.727170499896758,-1.9370190931362266,-3.1146094668379489,,0.0710085683396035,0.36,False,2
-0.43642140761759085,0.89574307638298811,-0.084738987986766184,-0.89872129319747052,-0.42950276481796229,0.088472663389278311,0.042853146051916528,0.11476809715973757,0.99246757717710188,-20.153240034251702,-0.68626529132732683,-3.1636824521874614,0.07364250694767721,0.07548691667907236,0.2203389830508475,True,4
-0.19052471350778838,0.98036043491797686,-0.050928883653671368,-0.97863826491860118,-0.18559571795922347,0.088438543137642198,0.077249465887366309,0.066690682427415771,0.99477880601542823,-3.6965566121459834,-4.6995122434078693,-1.0390534895589012,,0.07451233340196338,0.1655172413793103,False,3
0.97704530486043395,0.2050264705415733,-0.057849966529349622,-0.17319182689398069,0.92259823729934787,0.34469854021922003,0.1240446022497835,-0.32676694892446068,0.93692918502056066,-9.7290270530274068,11.320566841546494,-3.979226711372899,,0.186118891694791,0.3571428571428572,False,5
-0.2192380521169173,0.97566222001273661,0.0042318960051056093,-0.97287787278730098,-0.21893626663592569,0.07466964438363613,0.073778866519049302,0.012253309403627149,0.99719934579993741,-10.78162059701658,24.470554810254718,-5.3884170148795567,,0.07502370834799213,0.375,False,1
0.83032786509884327,-0.53090707121003122,-0.16939102154359373,0.55631155462355619,0.80753980835678019,0.19595130035653011,0.032758062102590385,-0.256938007422569,0.96587254320070659,-10.919659464216339,-20.385411416883677,0.44198006107686355,0.2233918343837299,0.2125979136850836,0.6521739130434783,True,5
0.54810930950719705,-0.82248112224410552,-0.15199009304431987,0.8360045867609166,0.53309035215012979,0.13004232910541141,-0.025932908557528625,-0.19834182613994461,0.97978977554229441,-0.21770200046864177,-11.417116634385016,0.22435692218983325,,0.0857465908052247,0.4,False,5
-0.56161964869283509,-0.81681532475908758,-0.13189425855905554,0.81397877182580314,-0.57403829635669568,0.088986478370927796,-0.14839787471218668,-0.057382571871681921,0.98726152119197752,-7.3581349396057192,20.993838922192438,-4.9359448089246358,0.3621054379335112,0.2998455419603632,0.6206896551724138,True,5
0.03839802002779593,-0.99075495423172377,-0.13011615089311471,0.99465567547002787,0.025406588377217598,0.10007293601315403,-0.095841949652577349,-0.13326337055742452,0.98643560091597837,-11.923591369761281,-2.9543367330514485,-2.0900152436113837,,0.07175439860565122,0.3557692307692308,False,1
-0.85156154498317815,-0.46954988853111529,-0.23316482857901338,0.50363387986601993,-0.85621379316671353,-0.11511236007557267,-0.1455879464686648,-0.21545496645815848,0.96559997269653641,-18.923698958405296,12.910848968496609,-4.8544318396388935,,0.2924118605560577,0.3090909090909091,False,5
0.062194910259054069,-0.98271852053149689,-0.17434478065675771,0.99398537891175687,0.045212276024839688,0.099744256006567292,-0.090138003347745257,-0.17949974791357914,0.97961981444407431,2.7866371518667599,3.7972530674899092,-2.0424831353919846,0.3656610418568863,0.3583989054706426,0.8782287822878229,True,5
-0.31969911188446631,0.94322649835525019,-0.090090236212242547,-0.94590650175516333,-0.31216424287259409,0.08839895592760233,0.055257287280444524,0.11347800787938718,0.99200270863044171,-18.322994980122367,-0.12674103428296241,-3.052890161666947,0.3863893367958425,0.3471244172318914,0.9495412844036697,True,5
-0.19261389376280663,0.97809321479370404,-0.078952841013143635,-0.9778671137703524,-0.18462329210580711,0.098438548437355056,0.081705542871765388,0.096166018876369927,0.99200620012049279,-15.014058841859251,13.319637444146029,-4.5890870881705332,,0.07745977126232576,0.3793103448275862,False,2
-0.20326464840057434,-0.96869169808600097,-0.14254780520881866,0.97212926584303549,-0.21703327091108859,0.088663689349786051,-0.11682539622048053,-0.12055269958360285,0.98580874079155656,-2.8587525544024199,18.555998979797838,-4.3967103397056935,0.4220005576192978,0.3885744932763756,0.8571428571428571,True,5
0.5121786718151633,0.85840316780980896,-0.028583380341359238,-0.84784585375912669,0.51063636997553163,0.14285624215156992,0.13722396438345455,-0.048933619856854876,0.98933062443583142,28.155187691989763,8.1650474390211265,0.83406218493679363,,0.1681819011482305,0.4166666666666667,False,3
0.49686682064153204,-0.84768123838417597,-0.18590287958244733,0.8667163729698204,0.47387839760410061,0.15569840432775689,-0.043887257508474907,-0.23848644065363628,0.97015366115515189,3.0727358227743453,14.235768890968599,-3.3509459772321346,,0.08503177976339321,0.3125,False,5
0.35317687460250208,-0.90368932718922068,-0.24209852368467891,0.9326062255138533,0.31953596530180928,0.16775695220003192,-0.07424098180123441,-0.28503046644689334,0.9556390060154798,7.6418598220638145,-7.2085092262110742,0.30975451023941852,,0.2122943045157102,0.1111111111111111,False,5
-0.55252685172561899,-0.80417515795559291,-0.2191264325663913,0.82108128733549424,-0.5703556874040373,0.022801522610466723,-0.14331642512169865,-0.16732215983833532,0.97543000626255649,-30.030687658942011,-5.2502069385952215,-3.4954814989356051,,0.506687419377321,0.8064516129032258,True,1
-0.98858676346421814,-0.096839623231368729,-0.11540493263179483,0.091600880097608098,-0.99454591591984876,0.04987684725895853,-0.11960555952248288,0.038736397606855419,0.9920655228520735,-2.88444849321146,-13.352913644229043,0.24403099116538585,,0.08129624392671772,0.3703703703703703,False,5
0.96630914392908951,0.25481965096106352,-0.036243397234692817,-0.23141217929942545,0.92178717910087971,0.31105755049047235,0.11267227534278565,-0.29219059178783291,0.94969975067900025,-5.2110935894158033,-13.824677520111186,0.077398919343027769,,0.1815261740780373,0.2857142857142857,False,5
0.28687983972724423,-0.92970534363924373,-0.2309717116157442,0.95501810739487258,0.25865741601885944,0.14504053118477733,-0.075102410786780316,-0.26219137122926561,0.96208903576900384,-21.730089360055803,1.6275778990004219,-3.5934411115926856,0.637719935441394,0.4095792375156934,0.1848739495798319,True,6
0.19507656687004407,-0.96208787254454176,-0.19060970216889292,0.97649573128984957,0.17235760896631994,0.1294177012781256,-0.091658168380664179,-0.21137592136790329,0.97309763129655757,8.9274792408978438,-11.811694335287326,1.0291129444964795,0.4199556931049079,0.4191696621359334,0.5217391304347826,True,5
0.70082093178303584,0.71077802819362246,-0.06037065687852837,-0.70022427337222293,0.70162261134642279,0.13195331836589116,0.13614693736952532,-0.050202648183276063,0.98941584056466692,-24.415667501737271,0.67756602829897361,-3.6694587263883331,,0.121059004317764,0.3653846153846154,True,3
0.92484878201922849,0.37987618194571321,-0.018676637489042219,-0.36276603736186824,0.89581503838520837,0.2567415415153439,0.11426080926685869,-0.23067185219106101,0.96629962437767103,10.127158890735265,-9.9689543700863368,0.91028504903247931,,0.6431464504000912,0.1176470588235294,False,2
-0.97541669311145407,0.16610396900751198,-0.14481625005318713,-0.16319238169758971,-0.98608027960062483,-0.031842247700531706,-0.14808957206833939,-0.0074265511985951368,0.98894606778221805,23.148855192676567,-8.9687628474486694,2.0677637127124782,,0.3712032097963067,0.6410256410256411,True,4
-0.17012081938153159,-0.97544030033575524,-0.13991114070669608,0.97821034054258704,-0.18431191444068526,0.095570120072992079,-0.11901023682235477,-0.12060405746119018,0.98554108227683024,2.8689862583831007,-8.5587647853283535,0.1149353725480713,0.1947599087995852,0.188823341626171,0.5932203389830508,True,5
-0.83824403504477307,-0.52419566179048827,-0.15021932589347037,0.52764473110394805,-0.84924912199467473,0.019156370468221051,-0.13761531691675455,-0.063204722539582439,0.98846708979034537,-1.3126030704451712,17.226008272621314,-4.0378698263492669,0.4848701275289887,0.327658607701854,0.6666666666666666,True,5
-0.92671117378081669,0.36619139826803471,-0.084322358981963066,-0.36944388027494474,-0.92888005186340716,0.026326195654261406,-0.06868493078669885,0.055549159172177301,0.99609069426337427,-6.1549585865367336,-7.9761021570075483,-0.83554214139496696,,0.07314978322988346,0.3559322033898305,False,5
0.89783832985192846,-0.42336274439883254,-0.12103850669843998,0.4369236010937127,0.8906845332168235,0.12561380933492516,0.054626918785535813,-0.1656654729972957,0.98466788857999243,14.774440406826946,10.143578078695795,-1.2948338766026808,,0.1106909198501194,0.5,True,5
-0.96340834694576105,-0.24201813461088606,-0.11520234179348808,0.23559028560542511,-0.96956210692685074,0.06668236753385863,-0.12783416743418347,0.037101796870682741,0.99110134815031714,1.3634599744271951,-12.846218163985094,0.55464902438406338,0.1619676468877083,0.1207480636243792,0.5333333333333333,True,5
-0.89061229906063022,0.4542127291864243,-0.022372514542586167,-0.45395814686940056,-0.89088514028919907,-0.015673790313555536,-0.027050575831909854,-0.0038030851835888085,0.99962683181787804,18.439998192543001,-16.060780612691378,2.3568332914769234,0.3161203005363376,0.2638020520536004,0.375,True,6
0.65036818836749688,-0.72007069982261118,-0.24190784777794325,0.7596186145975824,0.61687756858367426,0.20601365424443407,0.00088312877376409138,-0.31774243127928437,0.94817665413587338,24.128333062286405,5.2742535784966407,0.49354992452170476,0.4916159388069775,0.3362088640591153,0.1333333333333333,True,5
-0.93500990713113119,0.35114784174909824,-0.049514309058922915,-0.35005359116336177,-0.93626337784671132,-0.02955284447729653,-0.056735851807002642,-0.01029954067012924,0.99833609700426906,-6.2591752242023944,19.97933140757258,-4.876053468670678,0.264212036476566,0.1735432157982582,0.3076923076923077,True,5
0.98172088245520694,0.15052427138376548,-0.11647554539798154,-0.13184214451756737,0.97920239513054419,0.15420868425486142,0.13726528286635203,-0.13603349989981572,0.98114888219098961,2.785371778087844,17.170379276226758,-3.4741323825772374,,0.1613310675114395,0.3142857142857143,False,5
-0.2007141693057963,0.97813986577754708,0.054371180018150528,-0.97772851584212106,-0.20348604193889516,0.051384628491454143,0.061325129833100719,-0.042846630120981943,0.99719777112578267,8.727711801021,0.35310152726555516,-0.74666871653957234,,0.2527896685245211,0.21875,False,5
0.083741955409337807,0.99467050597861784,-0.060148727671182553,-0.9907718523460407,0.089565490353762517,0.10173081901020022,0.10657589550651936,0.051074528621727469,0.99299192898182853,-17.935219495671742,2.5457539306664594,-3.3922830858773811,0.7387611738117857,0.7725138516115126,0.9988876529477196,True,5
0.061427954456366549,0.99749970084044048,0.034942141241463318,-0.99248260980719172,0.057331343143501551,0.10812671419990433,0.10585308517758135,-0.041321470406967306,0.99352285350755465,-8.1918188619814245,25.732763114127376,-5.2327483771188055,,0.2755753901968734,0.4090909090909091,False,5
0.31125133652564768,0.94661318999311739,-0.083940896123716108,-0.94152617725721355,0.31915695096627383,0.10801526831577764,0.12903899817658274,0.045412654414445072,0.99059912566517949,5.8365743522854672,-5.2353533426625685,-0.10184219867434263,,0.07364271024806339,0.2115384615384615,False,5
-0.99142744779523817,0.12792868114010381,-0.026568182097650189,-0.12732409503619344,-0.99158679367020564,-0.023328211291381754,-0.029329005803719277,-0.019745459239902591,0.99937476767125288,28.602646379437786,-0.18357996924423817,1.7699773972582131,0.4300656337584706,0.2848824233874484,0.5185185185185185,True,5
-0.98528771448100017,-0.13016539558991352,-0.11074786446576858,0.12329513285100813,-0.99011915078879553,0.066801028858291672,-0.11834876386367221,0.052163560386493169,0.99160099488642384,-4.7446997452170097,-10.796293066705246,-0.31447145958787509,,0.0815111991432845,0.2380952380952381,False,3
-0.54601900093771505,-0.82693444440004493,-0.13432302587332959,0.82547076845047018,-0.55841660839271468,0.082273336537214206,-0.14304286437557084,-0.065956926368387764,0.9875162898986859,-13.690806546532643,-9.5268611600282291,-1.3311458982199547,,0.2151795879751047,0.6271186440677966,False,1
-0.41147851228358351,0.90965977895988293,-0.056608484095115812,-0.91044688249562766,-0.40737725596603103,0.071625731937487155,0.042094038567029389,0.081011467486061445,0.99582389710875774,-25.035843311745815,24.742263682610169,-6.4327734692203347,0.6496251087307943,0.484964879898898,0.8571428571428571,True,5
-0.40132498248582887,-0.87717512908129769,-0.26363241711511709,0.90008325863759364,-0.43100818553726294,0.063891091086380719,-0.16967140582043028,-0.21165003406823751,0.96250500109133685,-14.796985938101198,1.8180344852254764,-3.0679039285229477,,0.1188644337333804,0.2051282051282051,False,9
-0.1434874567277564,0.98782523321239124,-0.060105394023205617,-0.98755113878935763,-0.13896315557024738,0.073702033009963086,0.064452292726036434,0.069932467587264513,0.99546740375539833,-21.500881479646861,7.6853379410843869,-4.4012757930496837,,0.0870454341451061,0.4782608695652174,False,5
-0.98587951466047008,0.13766019652433575,-0.09534806167783294,-0.13673170098829535,-0.99047506548797737,-0.016235350055867598,-0.096674839113835315,-0.0029689963742746215,0.99531158967573863,-7.0738935175240636,2.728883366116301,-2.5256230156104182,,0.07892227472177378,0.3079584775086505,False,5
0.99386457428290365,-0.043914839702603722,-0.1015120428291936,0.068308146115543728,0.96555516434574917,0.25107214457105664,0.086989684214387908,-0.25646580953247294,0.96263081364619374,-3.5473435348107936,-11.000311779251181,-0.16154951236712564,0.4504769449360155,0.3109034325166395,0.2941176470588235,True,3
0.35793344188244564,0.93140769371035903,0.066055728588342189,-0.92338037538371176,0.34256055216973247,0.17326554895132595,0.13875277848901729,-0.12301209775594746,0.98265746334481174,13.893600552310987,3.9928688483124404,-0.74915073325845849,0.6658554482036646,0.504524723054677,0.15625,True,5
-0.59311331580112814,0.80488529438704526,-0.019397358038429915,-0.80498547053372271,-0.59240405777058269,0.032493454210800077,0.014662429846117084,0.034886891756476357,0.99928370242618281,18.382870898829086,-4.0036447032337028,0.98390990743663065,,0.4805439585788241,0.9578947368421052,True,4
0.6765176328094028,0.7312749596673197,-0.086953009502385797,-0.72161885563350003,0.6818362320735144,0.11985649680342804,0.14693576723235235,-0.018338102283282406,0.98897603323462191,-15.185121784690814,-12.903084791862957,-1.0508826568264658,,0.1383809560298398,0.2777777777777778,False,1
0.224356997680982,0.9477111901661166,0.22695250081349405,-0.96685045647465095,0.18733729692582166,0.17350772892089084,0.12191854824568206,-0.25835680214472712,0.95832543031019257,-0.21978607176813797,-9.0633994422005699,-0.10756586690843781,,0.180222230210085,0.3888888888888889,False,1
0.25619412184639495,0.96458557079640639,0.062763433165533414,-0.95729935405018762,0.24418924369141318,0.15475645382506065,0.13394968707110577,-0.099731087815110919,0.98595699270138892,4.1430844062149843,-17.697973328745604,1.357526387914495,,0.2705814212333814,0.7916666666666666,False,5
-0.77988738950413816,0.62347812627489019,-0.055233013218321476,-0.62552804939820561,-0.77948052855822358,0.033537516525091265,-0.022143150374303498,0.060705285234047182,0.99791009075775783,4.6453072011548615,-7.1539700430082451,0.090267611157861805,0.1273441814261909,0.09642986178667588,0.6363636363636364,True,4
-0.54830947331598257,0.83418521253661226,0.059091053952328013,-0.83623533346282997,-0.5462201046078925,-0.048518701450595697,-0.00819686161033438,-0.076017290844846694,0.99707280724747027,-25.841490149666782,10.848072108126212,-5.2250781877907633,,0.3278471833587255,0.3125,False,3
0.34863803807315841,-0.91826524937975607,-0.18772439955965575,0.93148710631499743,0.3172793580242026,0.17794825017589333,-0.10384261734669141,-0.23690238655041909,0.96596789287703777,-26.598139136356298,1.2246874619176524,-3.9533107662523146,0.527610756106856,0.4950181514358858,0.8435374149659864,True,5
0.92043445031614612,0.38894235394142868,-0.039041874720791708,-0.36665815983648076,0.893666314319294,0.25869347204035503,0.13550725625050242,-0.22379536179614762,0.96517015056516942,-13.898895302506187,4.5291463163184424,-3.3650293640741413,,0.1077882560036525,0.2444444444444444,False,5
-0.97080332764156008,-0.18533566394501758,-0.15228785476896831,0.19898301849680444,-0.97675183995562498,-0.079759648276571421,-0.13396513497912532,-0.10773362898074824,0.98511258635582588,10.112560992636903,11.734549492690785,-2.0438332361615146,,0.1589189849378826,0.1875,False,3
0.63935324837747765,0.75482618617279595,0.1465088818365671,-0.7534273331039627,0.57695128207753676,0.31539573846350477,0.15354047518820607,-0.31203308602922319,0.93758235675702728,17.425671448913551,12.124505584034171,-0.99686526860515057,,0.5519259729149675,0.4444444444444444,False,3
0.97629749559425205,-0.17998023989777562,-0.12020945612858336,0.19789635659375926,0.96722682043060282,0.15908899989195169,0.087636933671291092,-0.17910720556707072,0.97991855619262991,-3.6804349926553686,-20.637233720751937,0.98359531933827482,0.3329382362388498,0.3602209235729997,0.462962962962963,True,5
0.68712267330531263,0.72335658205535924,-0.06795356522617485,-0.71032779882053287,0.68849288912706152,0.14632826057958631,0.15263305688000894,-0.052276159180445494,0.98689936322241267,0.94541468902957604,20.996939778121217,-3.9534920343275286,0.1343632976287015,0.1328036063657018,0.4545454545454545,True,4
0.44028410041941202,-0.84718069217449776,-0.29737986771906555,0.89684946801701948,0.39926813282170392,0.19038379613470241,-0.04255517166524906,-0.35052793457841552,0.93558496377653044,-15.985677470234144,-3.9165713150609931,-2.3228060419406971,,0.07210318670282381,0.1428571428571428,False,2
0.97723558762946328,0.20810275802849282,-0.041277698233199829,-0.17633864424756227,0.9049073212966865,0.38735955184890597,0.11796308242593626,-0.37126268593084893,0.92100419609249462,17.708161276024288,-1.6493406157249257,0.61708317099268051,,0.5896745821044143,0.1666666666666667,False,2
-0.98812866480864037,0.11317766662986857,-0.10388723482562384,-0.11106397500957232,-0.99347495513892337,-0.025928882868131775,-0.10614393641922767,-0.014082943155979999,0.99425104248046869,5.7598617118608599,3.6263548778103165,-1.721292412843473,,0.1750192292481298,0.3773584905660378,False,5
-0.09202743136019613,-0.95928884994347607,-0.26701283536820342,0.98996752915989639,-0.11701422629047105,0.079195719926595742,-0.10721587142906493,-0.25704585820387249,0.96043333120729468,30.026124513412682,-6.7337651052632106,2.6473783024677418,0.2546228736783316,0.2550718451610969,0.4210526315789473,True,5
-0.49146644215284363,-0.79959107604187618,-0.34513018898934289,0.85949327646757945,-0.50923883186370866,-0.044126180767313186,-0.14047079392047968,-0.31832361400983022,0.93751695068359708,-11.493049480489105,-6.3877317862259764,-1.5509551262659822,,0.4690671260106896,0.2777777777777778,False,1
-0.64340898782821376,0.76516661861138313,-0.02334352468452644,-0.76544525956033593,-0.64261130241966824,0.033827039762725566,0.010882508832288307,0.039632811726160455,0.99915504864670301,9.7833834271887294,1.0434286486926476,-0.74705167816513596,0.3246520273901869,0.3188551059567007,0.7763975155279503,True,5
0.27101129883770381,0.95924225896207449,0.080044765747913346,-0.95923764675451617,0.26221611788566956,0.10538427097924795,0.080100018421719474,-0.10534228088619532,0.99120481783864189,13.125338154935731,-1.2614088678633117,-0.020512696755972133,,0.2705023914693894,0.1290322580645161,False,3
-0.43595445356332946,-0.86392929115595551,-0.25213070876247562,0.88593413631202977,-0.46125360132225102,0.048639709953006788,-0.15831746756235585,-0.20216650353118176,0.96647001211347483,-24.342208710576749,6.2502812906746659,-4.4563543257236713,,0.1606214672712203,0.3076923076923077,False,2
-0.99315813787071017,-0.067351447987141211,-0.095397566191274555,0.07734546999060396,-0.99143190081168797,-0.10526378448856717,-0.087490522075912805,-0.111922153780913,0.98985798983486806,-0.23302478155589543,-13.376925513282744,0.45662201172582823,0.0985551256261592,0.210961548898306,0.2666666666666667,True,5
0.92258261570987277,0.37830411312254814,-0.075679027375430488,-0.36052826385224407,0.91522799670667088,0.17993633598575967,0.1373342206211382,-0.13872170716530224,0.98076276428478282,-17.044798173861384,3.9357435705733765,-3.5239346849961946,0.446253636073396,0.4022347661097429,0.7808988764044944,True,5
0.24972369272907222,-0.95873104722872982,-0.13591488648952132,0.96595317585352569,0.23684596987939371,0.10410787006935351,-0.067620554184685447,-0.15728561800620197,0.98523535006624885,-5.2591692996860182,-9.3122782169571661,-0.5454200599542478,0.1520235048697764,0.1349837213668292,0.4672131147540984,True,5
-0.88770097740064746,0.45815000512753645,-0.045667795256346198,-0.45417336483367737,-0.8876221487965571,-0.076508010308985935,-0.075587891871598673,-0.047175139294155406,0.99602257847650566,-12.506323124863897,24.174463671287821,-5.4955393603065517,,0.4110070484525876,0.5957446808510638,False,3
0.8688589421597358,-0.43848069308917426,-0.22982345488896971,0.49337571857052526,0.80519997910668595,0.32898844048326326,0.040798761673397022,-0.3992338605812753,0.91594092910585012,11.3273943200125,-1.4001948657775813,-0.16682257288028315,,0.3212571901450135,0.2857142857142857,False,2
-0.98931354563984364,0.086173603441343991,-0.11761300303731499,-0.087147553682402332,-0.99619042203131747,0.0031538770170390085,-0.11689316618474435,0.01336985875018187,0.9930544972841655,-20.25475900272632,1.3445208001422078,-3.4343336942373672,0.4224522487206031,0.1651034286333143,0.1607142857142857,True,5
-0.070430452048004549,-0.97720468536989824,-0.20027619507927458,0.99170679957433705,-0.090232334037684478,0.091519121347056032,-0.10750430271546901,-0.19216953136548365,0.97545563513284972,-29.835271749796675,-0.86704617504126569,-4.014829474883129,0.521698342092217,0.4992476554464405,0.9555555555555556,True,1
-0.95672238140488386,-0.23809372244850904,-0.16731307256033673,0.26551820323589492,-0.94952038228697633,-0.16706623648115421,-0.11908975047983861,-0.20426067402269887,0.97164561872034549,4.7481938998695989,-9.6810366151205489,0.43610080077619789,0.5695811701443275,0.2743588876921373,0.5416666666666666,True,3
-0.92466434449175883,-0.36181202588520395,-0.11869249323555206,0.35594630237692998,-0.93202034165406245,0.06811983974758487,-0.1352703953192208,0.020739832879990663,0.99059163103788272,-23.344850749211354,4.9723973738495593,-4.1748088358899293,,0.09594979367111517,0.25,False,4
-0.92251462554090957,0.37512069738930154,-0.090836270582183076,-0.37927328681450057,-0.92468913985552925,0.033192898972020227,-0.071543969501566149,0.065072705671466363,0.99531251544655741,-12.77788052202974,3.3046905580039496,-3.1109547748819875,0.8374072573348165,0.4448449355466765,0.5575539568345323,True,5
-0.30424729640533738,-0.93576605684586367,-0.17825675158373189,0.94372862739133967,-0.32156081972353234,0.077297587677660054,-0.12965284598534041,-0.1447084174257719,0.98094322641732323,-8.095848759932661,-19.333058415179476,0.49578505192448785,,0.09145040644323454,0.1875,False,4
-0.2415865616895391,-0.96014687985485214,-0.1405485763571413,0.96288173456979975,-0.25516218124052997,0.088039914223202925,-0.12039393025763645,-0.11406239682545463,0.98615164715552373,-3.2741234599477997,-3.209919196465977,-1.2268981487930681,0.2791722108401788,0.2576907798158882,0.7646432374866879,True,5
-0.72175313396826146,-0.6649742474026975,-0.19204599422588703,0.67371972528523538,-0.73855356870644318,0.025305294160796202,-0.15866362333118511,-0.11112099910545108,0.98105962009922043,-2.7180502561489011,-6.8333971209790114,-0.65836776731665236,0.2701445526137315,0.1752103244221139,0.3207547169811321,True,5
-0.92867134448195665,0.35593415215769303,-0.10430921946721301,-0.35973423818085076,-0.93284944020376437,0.019575489571556914,-0.090337211704357406,0.055702793819587308,0.99435224490226548,-15.577467271148397,9.4226524367553655,-4.1419484853421942,0.5547771105823303,0.5789499285694188,0.6726618705035972,True,5
0.79815814401894947,0.59565820191373409,-0.090193589734096247,-0.58523663769616141,0.80214698630826109,0.11856766108288325,0.14297431599527632,-0.041851151112852425,0.98884115312633059,5.1935698071763081,-4.4952800111659297,-0.27239517884880843,0.1945821937123702,0.1523680145632023,0.4625850340136055,True,5
0.88183744937008568,-0.45173514211258325,-0.13527037469078354,0.47032681718340336,0.86325605626558954,0.18325301186859083,0.03399114482611764,-0.22522065336310693,0.97371467041023074,2.6237371882881435,-12.124206180204901,0.56846476401684876,0.5651524014437708,0.4078401732737114,0.1612903225806452,True,5
0.39855805665431754,-0.90798489537231841,-0.12928613712093834,0.91632832278683496,0.3882870083990817,0.09785501503325135,-0.038650748176460761,-0.15746945381314989,0.98676719178395278,-5.8168455814509379,6.1865870560526615,-2.9543407938474404,0.6500102142462121,0.4082562123903314,0.9603072983354674,True,4
0.76103570641165363,-0.63029761350205449,-0.15345869796180095,0.64834045927845807,0.7310304329322026,0.21271848765341397,-0.021892976707485592,-0.26137984723496255,0.96498770615501339,8.1430046340520317,2.2718901210029241,-1.1222081912104274,,0.1603980498442593,0.3529411764705883,False,3
0.89502627868498774,-0.41195004040123073,-0.17095357462400995,0.44275522092747727,0.86687652312736496,0.22911330819503217,0.053812403818853161,-0.28075301933200186,0.95827029972299627,20.006685568629859,-2.7480420191682065,1.0236065909604666,,0.8463243071054997,0.2727272727272727,False,1
0.98048141542396294,0.1773608965894645,-0.084848726385272133,-0.15482290172306964,0.96248588411582736,0.22282457669615702,0.12118606813602897,-0.20533883032381897,0.97115905064565744,-2.9587760376668517,-21.608483944310162,1.1737749205587455,0.357998641380526,0.3380731397908055,0.5901639344262295,True,5
-0.71697553181969853,0.69594154937426667,0.040142827832704495,-0.69696275099708771,-0.71451084757521921,-0.060968618320522666,-0.013748108758381034,-0.071691063263753116,0.9973321317162509,-18.421919095970743,9.856992980222115,-4.4521880041507522,,0.09706923462438526,0.3,False,3
-0.47963286106248554,-0.84051540788875345,-0.25196461594957653,0.86233426537169211,-0.50461177096498455,0.041792049117588229,-0.16227117228540439,-0.19723288190660571,0.96683362422907937,20.583359352249076,8.7032702244647879,-0.3056479733343464,0.6616127241533332,0.3744013504807954,0.1818181818181818,True,8
0.065392013405615512,0.97154011172129295,0.2276701471412918,-0.99210726593314835,0.038836963309073623,0.11922610101644178,0.10699092235051029,-0.23366964201091095,0.96641163120953788,-17.599054338841086,-3.9241417238421037,-2.4882866735682065,,0.4425118580490943,0.1444444444444444,False,1
-0.69267351005357825,0.71212459547090279,0.11437643549026998,-0.72124391820109002,-0.68318498800553085,-0.1143043420952289,-0.0032586696665970749,-0.16166889833634362,0.98683967714250231,-11.879784299310042,23.579470504015919,-5.4150845590557619,,0.4551655533507212,0.3,False,4
0.57857193976887955,-0.77581486317996673,-0.25172566134807872,0.81546851817071542,0.54405126438277174,0.19753307975113188,-0.016297434906630215,-0.31956144916519386,0.94742539221983446,-33.194585253002231,0.51343693012829361,-4.5247316506438837,,0.156647032567671,0.3636363636363636,False,2
0.91759414675623141,-0.37708456646132466,-0.12581022047265777,0.39276025552920629,0.90882942264858446,0.14060036345925009,0.06132180293612071,-0.17842732488303348,0.98204038930165616,-13.411042555802245,-5.4278897484482735,-1.8526553700368404,,0.0732593002150795,0.3958333333333333,False,1
-0.13716381122251284,-0.98057667998295606,-0.14019794422358212,0.98438767181542453,-0.15069943992012827,0.090942786330571762,-0.11030412716087863,-0.12553506873126491,0.98593810457346343,6.0161132583627239,1.2511016691853873,-1.1644472279019542,0.4949287653552543,0.4855971231170361,0.9440993788819876,True,5
-0.21394390146029024,-0.9602140085442511,-0.17949112742230611,0.97114210900908671,-0.22890078503490835,0.066988317785910328,-0.10540878112061175,-0.15997964997393763,0.98147618435542461,-5.9860513611133079,-26.422604229602271,1.5090685573022948,,0.4432833909959119,0.3684210526315789,False,5
-0.14738731867665888,-0.97109773255046528,-0.1877396392045339,0.98208252048762146,-0.16622097104718142,0.088794773139025979,-0.11743466799026633,-0.1712885945399622,0.97819697205345058,-7.9438059185696677,-7.3095965758058918,-1.0745237217276358,,0.08005193249812201,0.2608695652173913,False,4
0.84364705602517664,0.53679267719934864,0.010642676599824666,-0.51702601700673045,0.80691850072030891,0.28559872362012567,0.1447195308111825,-0.24644706307936518,0.95829019743569699,-12.474867903586293,-14.990946537400424,-0.41980919838690134,,0.64551478137625,0.2307692307692308,False,1
0.87338126494251433,0.48669139738818806,-0.018348017760670979,-0.46552477439766538,0.8452842987263236,0.26226158458445559,0.14314974840849604,-0.22051289766151941,0.96482237302806384,2.6780843964585177,-5.499440000397736,-0.35968390387464688,0.1257553011432845,0.1769205878015373,0.2926829268292683,True,5
0.98861752918015711,-0.10960311474757659,-0.10306569863611653,0.13236929940980918,0.95926054016081708,0.2495948410206697,0.071510485744941565,-0.2603965693476139,0.96284987256607946,-11.069760472172028,5.4328700938292434,-3.2781035188124532,0.4124578205455797,0.4679154166817149,0.2342342342342342,True,4
0.21606650597702881,0.97637813471611867,-0.0010015204192726362,-0.96744749355099402,0.21422840669321361,0.13472764002826337,0.13175967598919208,-0.028141212020072262,0.99088216250433303,2.7975703515336314,2.2093988880075597,-1.6281402755735457,,0.2439814649662893,0.4019607843137255,False,2
-0.79719077452403841,-0.58050830891614336,-0.16582211038664904,0.58826753500357853,-0.80866134117800859,0.002853514499080903,-0.13575041905856461,-0.095272968692607596,0.98615155283654066,0.45538185440863488,8.4488675118907288,-2.9726365399634394,,0.1293075510768276,0.390625,False,5
0.91574588793977085,0.40156392605814772,-0.012485271729828246,-0.38111486706064113,0.87810687425658929,0.28927456764927151,0.12712563402693836,-0.26014367313484588,0.95716474156811693,10.406717769920288,-12.807637684697788,1.2761483006943073,,0.158267905191106,0.1875,False,4
-0.017215719133080669,0.99880231052909607,0.045799164801028358,-0.99639587940989871,-0.020943387018450176,0.082198698500474537,0.083059439618308167,-0.044218989381670445,0.99556306202488176,-24.145247210060596,8.2977637577800358,-4.7062219025899568,0.1432158437066403,0.2020529042682411,0.59375,True,5
-0.79177508523699969,0.60514132793305409,-0.083043287659884307,-0.61030855854661392,-0.78929879878369458,0.067311734514657467,-0.024812854787318456,0.103977783521469,0.99427005525222723,-22.488238898970284,-2.5114947695259118,-3.0959539817449357,0.1731729209686776,0.1315856053388983,0.3636363636363636,True,3
0.30971044925408509,0.95080727173557711,-0.0067059404697926844,-0.94339161707161101,0.30816014264171987,0.12267674321585564,0.11870844309419169,-0.031667941230626995,0.99242402582584133,14.18737942443841,-5.0421144925427184,0.64345767484495464,0.832576838970972,0.7562991379064034,0.9798387096774194,True,5
