axis_00,axis_01,axis_02,axis_10,axis_11,axis_12,axis_20,axis_21,axis_22,location_x,location_y,location_z,dbh,dbh_approximation,score,reconstructed,number_clusters
0.96396083241823083,0.15530672241026316,-0.21600772101416582,-0.098958512201669527,0.9629792914883768,0.2507550538421448,0.2469549076782728,-0.22034224773911704,0.94364324160929058,-23.501606586612468,4.7716453893702333,-6.6048033628239402,,0.1711290821859834,0.5652173913043478,False,1
-0.41807200349748835,-0.7727627276048471,-0.47754954372956293,0.87759915443666703,-0.47933864326370129,0.0073613318198796629,-0.23459651323846273,-0.4160195090363335,0.87857398326920921,-22.896304948884382,1.0017840336662731,-5.9277110779006472,,0.666159831636729,0.4583333333333333,False,1
-0.88477849542493503,0.40554184430922718,-0.22957096190036483,-0.43107998553261073,-0.8993866988611231,0.072619639112956075,-0.17702276719900301,0.16321574196737976,0.97057898260123354,-6.9354146186828478,-11.837719544085413,-0.45114033452866009,,0.1714380761491369,0.5625,False,3
-0.93634489619347983,0.32732417169780997,-0.1269532275870231,-0.31664649176726095,-0.94353962266629565,-0.09730354418123216,-0.15163520245611128,-0.050910382841671903,0.98712456067864451,-4.9036809600625908,-6.0152668208399485,-1.0980430265089496,,0.3473758594572049,0.2671232876712329,False,2
-0.76985206013480267,0.6225960745221063,-0.14036357610100519,-0.63117573341241295,-0.77530227088884973,0.022881920939785222,-0.09457800514655372,0.10620977706527639,0.98983558442715225,-5.1815267483944325,8.6572848129058855,-3.2277387061763259,,0.299386134283286,0.5365853658536586,False,5
0.58712411978323575,-0.71906986789259741,-0.37178460572982647,0.80949596471160445,0.52224381453803659,0.26828656562040065,0.001245425384844373,-0.45847565176973448,0.88870609632764841,0.69740066205765316,-16.02139866160751,2.1176207114800696,0.4102975168062225,0.3003001909576881,0.303030303030303,True,3
0.45202760065847819,-0.85053410106285765,-0.26881739373064217,0.8913433811713033,0.4190975463573548,0.17281268321322135,-0.034322370038326541,-0.31772470720175422,0.94756159976463328,-2.6332960127918854,-16.906688957881741,1.5016148603135102,0.2281798600711533,0.1552635442791612,0.5517241379310345,True,7
0.046568124687440336,0.98127149047379258,-0.18691621584666762,-0.98567031703268537,0.07550923488168329,0.15083892590531917,0.16212783809013984,0.17721347982285601,0.97072650457546139,-0.63607257602058542,-11.89535505219542,0.95735413421704618,,0.07756455210228082,0.2173913043478261,False,5
0.39567419996660047,-0.7965902564643752,-0.45704036012896199,0.91814015057315101,0.33147518191454062,0.21712408360251911,-0.021461392925488335,-0.50553750313972035,0.86253767542812565,-8.0988173685566132,-8.0558573789402246,-1.331799428494632,,0.3025859873357652,0.148936170212766,False,4
-0.15032241763195267,-0.9427592064702468,-0.29767137815529837,0.97168247501029181,-0.19641099131658149,0.1313616772423046,-0.182308361067611,-0.26949545655841328,0.94558757414594519,-22.365493937365898,2.6747677489265773,-6.016821016649863,0.2605807679177363,0.1855537789862335,0.7049180327868853,True,5
-0.74307283109088706,0.6548140469731778,-0.13806278130323013,-0.66508712264803393,-0.74547417724789222,0.043901826207325884,-0.074174705812248859,0.12444603225168781,0.98944999776364595,4.9859792345553178,-12.695073096316278,2.4952970510955121,,0.4002435824758871,0.1851851851851852,False,2
0.36115743133262129,-0.81637701111115257,-0.45065938969741071,0.93116156030830299,0.2897950312252815,0.2212622617649565,-0.05003457202204134,-0.49954721058810642,0.86484052055636973,3.5528829478826971,7.0938741420740756,-1.1662946980617837,,0.2598605198493152,0.3125,False,4
-0.92113039519046136,0.34818453429837171,-0.17402966738947084,-0.34442898887345691,-0.93735256535166001,-0.052333926398368869,-0.18134901896583791,0.011734492067741506,0.98334878604493114,-1.6081481426925972,7.7091833884911285,-2.3632588170892062,,0.1236800401357004,0.4,False,5
-0.86563021381810779,-0.42861969925474724,-0.25878463311407457,0.41936633228819747,-0.90304838931509934,0.092927315136882016,-0.2735255239796856,-0.028084870770114345,0.96145464155386118,-9.4832864985938823,-9.2979862802648618,-1.3778985023646968,,0.1033079810688277,0.4925373134328358,False,5
0.35049938348427329,0.91856646011843313,-0.18271792611189996,-0.91039631287873168,0.37995407338554776,0.16374814690413886,0.21983797595946405,0.10895210169252934,0.96943318689986357,-16.12646418013199,1.3978736607820188,-4.5330716879035355,,0.08352648368613665,0.2698412698412698,False,5
-0.7996154261702707,0.57600468905711033,-0.16980508948426407,-0.5837188649988394,-0.81193740268361614,-0.0054718157727925154,-0.14102289486109743,0.094743085803694255,0.98546247560086775,-17.942818894136597,-1.1633193155116581,-4.5258441173898554,,0.3170813763292132,0.8174904942965779,False,2
0.36663826856738646,0.90322059431772161,-0.22308952916318253,-0.90189374307238068,0.40391497275194471,0.15310248526293255,0.22839451882389722,0.14506982038707228,0.96269968888748636,-10.268953069561917,-2.4327351394007657,-2.7389383521507451,,0.06698154000785873,0.3616071428571428,False,2
0.89396961253544027,-0.39164330887769339,-0.2177931368858228,0.44157044613164859,0.8526931238769293,0.27915941251568266,0.076379794228132958,-0.34573104446134989,0.93521985218949044,-7.7491984769971829,-3.6131241696630032,-2.0147567700894213,0.7204594493952102,0.7107447532714775,0.8970917225950783,True,4
-0.49606183004910137,-0.77712734256024751,-0.38729285329525942,0.8314920850448293,-0.55363746139289094,0.045896338091802782,-0.25008713136852634,-0.2992635206430645,0.92081364669306398,-17.282543187251413,6.0292290676447884,-5.4185018395279014,,0.2495694769605405,0.1111111111111111,False,5
0.34497792562985874,0.91564705816742276,-0.20635090428069708,-0.91216399721130326,0.37887548819010691,0.1562376607614295,0.22123985404898205,0.13432732156210825,0.96592396060059127,-11.732793189224164,-14.588554015405949,-0.96311547235021533,,0.08756745007012917,0.4347826086956522,False,4
0.93519345174314072,0.3143459173435974,-0.16309461078209431,-0.23877220100793967,0.8998093597269835,0.36514511111822567,0.26153593222074623,-0.30253885766481214,0.91655288759585307,-1.7350363011187533,-14.668514579078657,1.347168010362402,,0.08202029422405922,0.4,False,5
-0.45595493211823246,0.88096529366148968,-0.12651186205642873,-0.88896678999024137,-0.44394261166442206,0.11248557171041992,0.042931878266690551,0.16375319512149661,0.98556671256490624,-4.2297019600936956,-11.078157724577363,0.05007397456850847,0.4866505074408847,0.2163460900632886,0.5409836065573771,True,3
0.33996864263411491,0.91746401529206445,-0.20659405284199367,-0.91397784532937865,0.37407528684791419,0.15720107511311085,0.22150805915944599,0.13537895114756124,0.96571565137653326,-10.003171594351388,-4.1927506982115874,-2.4278820268961483,,0.07911293252257098,0.417989417989418,False,4
-0.49380154647404667,0.85132931720260796,-0.17719601116047248,-0.86934152109803964,-0.4785930807531209,0.12326387447336302,0.020133365212701274,0.21491174171407962,0.97642592697993946,-7.58019224520653,-20.791343918935333,1.0950531233091561,,0.1927568836650911,0.2352941176470588,False,6
0.63094119878193389,0.74598557794650389,-0.21311668441357662,-0.725465786434213,0.66464643527090894,0.17873026826774907,0.27497744706248956,0.04184057334087711,0.96053983260950804,-6.7585936771052229,-10.304614242956255,-0.60821142431380937,0.3562360253973194,0.4364389983544923,0.828996282527881,True,5
0.76401059359089496,0.6173144377696399,-0.18764513796536461,-0.58412977561473012,0.7853031350408568,0.20516186618201473,0.27400769719329543,-0.047136726829033471,0.96057165836946912,-10.902737606074766,-11.591805651502149,-1.2087756026780225,0.4086381092550845,0.3023592902731665,0.6601941747572816,True,5
-0.34910848302121888,-0.89976306749723112,-0.26181995617331788,0.91020433541561341,-0.39202810627321533,0.13357406815119385,-0.2228257949009643,-0.19167781890404351,0.95582858236555346,-6.6068323270404576,-5.9156410774741461,-1.4694300022170377,,0.08069107719257822,0.2574257425742574,False,5
-0.29937508887847047,0.94758485773003598,-0.11161314241502213,-0.94740845710264832,-0.28135719594361996,0.15249702849932559,0.11310071427444016,0.1513970465084824,0.98198124357806393,-12.879422842580798,-12.352663380098845,-1.550306771198624,,0.1974756287728932,0.2222222222222222,False,2
-0.94360641278015067,-0.12794292006532784,-0.30534823884433099,0.13997306897236328,-0.98999640480546891,-0.017738614227323368,-0.30002412856741295,-0.059478800235082625,0.9520755193785635,7.0918141508963153,7.6700259431865661,-0.37689462153093589,,0.263449803103023,0.4,False,2
-0.81129017342077236,-0.50873104567841065,-0.2880989025904872,0.51747205607706348,-0.85417250712625092,0.051107722009800086,-0.27208624678632515,-0.10761993882457366,0.95623586163515417,-3.6224739647916073,-4.9910666238711174,-0.96776870530748427,,0.07280548382113239,0.2201834862385321,False,5
0.074624670159023812,0.98430435369458513,-0.15992528849917031,-0.98367763470601211,0.0989912443187006,0.15026325075487459,0.1637359752248842,0.14610158399593515,0.97562536742903327,-13.040136216338373,2.1290308742514452,-3.9779766991117991,0.2042653555088829,0.1705475856343192,0.7589285714285714,True,5
0.95497596509922811,0.20181504337863496,-0.21746630623818478,-0.16074287194432652,0.9680439286181759,0.19249073064586925,0.24936446258817657,-0.14886786265534416,0.95689901466484006,-1.1133845305586516,-15.986979051588484,1.6873145626662793,0.3910262348551209,0.3287969832257416,0.7777777777777778,True,5
-0.17684824571808999,0.97743935067250987,-0.11548598938112559,-0.97691858454264813,-0.16003729096650676,0.14148549280859762,0.11981142333527356,0.13784187047847632,0.983180981092175,-0.82204220334980349,-18.916066069375244,2.263905525320304,,0.2050319123490544,0.6486486486486487,False,8
-0.55747048755874662,0.82926691724846302,-0.039281490020666165,-0.83016489076611644,-0.5572392991347479,0.017624347905583648,-0.007273901311906833,0.042435167691967229,0.99907274354906672,-4.8245448573962451,-16.577895510831134,0.90968773860574803,,0.4680990249937614,0.2857142857142857,False,1
-0.91370665123027373,0.38597513691785523,-0.12713516106413036,-0.37230100564825303,-0.92047455969568137,-0.11882148857147809,-0.16288682172250446,-0.06123543609941301,0.98474265911194103,-6.1243900216878027,-1.3296015939581247,-2.0190290588385222,0.3584113405580817,0.7014105410391731,0.6795580110497238,True,1
-0.0415795012001813,0.97932387171080471,-0.19797954282526747,-0.98890165297206611,-0.012049949886641251,0.14808213753469196,0.14263472869206192,0.20193947856991026,0.96895602643559287,-2.6933800435392579,-9.6669325433365572,0.11663979966255467,,0.09722419089002117,0.3676470588235294,False,5
0.76771028666559882,0.60968866269932909,-0.19723247786236955,-0.57499415332684356,0.79129164772451765,0.20794050082022675,0.28284737825861628,-0.046230539877055887,0.95805015411245842,-24.266378510999399,0.65810135429360606,-6.1498078253832684,0.2683981238396899,0.185232118960535,0.6756756756756757,True,4
-0.87178174369193651,-0.34252629726160638,-0.35024609498137105,0.40750425639982207,-0.90384905358559819,-0.13037319259896193,-0.27191335454786708,-0.25638374366693278,0.92754002803213509,-1.7961355433255417,-8.8739259953744742,0.19569958652146854,,0.481642515429331,0.1702127659574468,False,1
0.86859776962790525,-0.39538629726910463,-0.29867639767690957,0.4745640487640333,0.83719582269599058,0.2718310469410582,0.142572361340186,-0.37785292164043227,0.91482254639338245,-9.8621684098724991,-12.52347308283681,-0.86085486016618429,0.3620047744183917,0.2604239175023288,0.1724137931034483,True,5
0.77622115829214589,0.58971360137629603,-0.22297663951947463,-0.56496325443964679,0.80759497236481692,0.16913569033185499,0.2798164300975941,-0.0053130935309959049,0.96003882030080867,-5.4731188136929418,-8.2069171886363854,-0.70540617061026267,0.1858961410879625,0.1500536846334374,0.5765765765765766,True,5
-0.13188612557365317,0.98972340686787441,-0.055259639693169299,-0.98414415972744962,-0.12406521664841921,0.12675998931971352,0.11860152931359561,0.071101335541810334,0.99039299135678871,-5.9185023843170876,9.1253168254760304,-3.4664735704079508,,0.1257387675165642,0.32,False,1
-0.63119015657208244,0.76978574900736385,-0.095020455017236424,-0.77409733666544467,-0.63289239623357718,0.014850190476443315,-0.048706258468252633,0.082928375209532876,0.99536454878156655,-3.4083404738229768,8.7631898693424919,-2.9129141480424248,,0.1916005318288586,0.3421052631578947,False,5
0.71706218213577655,0.66649051405644932,-0.20399073906295304,-0.64297477914670709,0.74549485272403593,0.17555870227138609,0.26908225569874245,0.0052743942533304833,0.96310275694410641,-8.7258589943076714,-7.1099185494684942,-1.6663409992142699,,0.08481239574121155,0.2058823529411765,False,5
0.96240312307628251,0.19829230256651259,-0.18563510291938137,-0.150578486790788,0.95827788761196786,0.24296009843129124,0.22606713164194212,-0.20587290462034299,0.95210818667542685,-2.0084534614053231,-7.0161063296541464,-0.25890798912611179,0.3831139769048267,0.3766082937093919,0.7248322147651006,True,4
0.3613065265360999,-0.8614682058362475,-0.35683346846350683,0.93080717927332468,0.31053005830239111,0.1927928367547711,-0.055277381410995988,-0.40180046443974105,0.91405732745837831,-25.296881122020626,-3.1080270967560426,-5.710988891354094,,0.1806498141383404,0.3703703703703703,False,1
-0.91071340325703964,0.40032057284896821,-0.10170809250917198,-0.38039791694996622,-0.90885905035480019,-0.17109252282989351,-0.16093017712072225,-0.11712670721080155,0.979991230853546,15.201592424051491,0.46267965329504523,2.4564254935708223,,0.3749833109581543,0.25,False,1
-0.21881740102303443,-0.90519277380977414,-0.36434185492761051,0.95532857971155516,-0.27476015104608559,0.10887683033334465,-0.19866114314537769,-0.32424204175229909,0.92487882912545494,6.1082945936799256,6.3581199857218529,-0.42647162289877472,,0.0757198137525892,0.2857142857142857,False,4
-0.091938095324853433,0.98066110936915651,-0.1727749264184249,-0.98741153327729858,-0.067356895517584059,0.14311363518968795,0.12870839358414818,0.18375755004104521,0.97450875430849759,-26.305382379932279,-4.258860728932885,-5.7733592456930465,,0.1374037163994558,0.303030303030303,False,1
-0.049089301981201559,0.98159869283480072,-0.18453792741874936,-0.98893459806052197,-0.02187111346640825,0.14673109811697232,0.13999500416040372,0.18969886826428009,0.9718105464489355,-14.151052133212803,1.4360019665223507,-4.1408953342429404,0.135559747155151,0.1288631142113798,0.667953667953668,True,5
0.43581711754390062,0.89435198456064058,-0.10098498783566259,-0.87039570641285358,0.44736068575004379,0.20562035673376286,0.22907368751952961,-0.001715971355742113,0.97340757194944327,0.8714974359347033,-17.193416742709413,2.3618946111820374,,0.1042655635905443,0.25,False,4
0.056214292026089061,0.98155581348252541,-0.18272421402393621,-0.98490555559619153,0.084525497544979677,0.15105127215794378,0.16371010942444927,0.17147485321012318,0.97149131482932138,2.3032637689279758,-10.569439320639313,1.3508422197227126,,0.1129878812339954,0.2727272727272727,False,5
-0.096556881110556173,-0.95080473255857378,-0.29435884436249193,0.98081280050922504,-0.14121459756483892,0.13440493961106084,-0.16936061840774624,-0.27573320071913798,0.94619669358634206,-11.460335111233816,-28.169019813595195,1.6605377721569767,,0.4268398646436362,0.8787878787878788,False,3
0.32581608636626819,0.94518009083623733,-0.02187404287667355,-0.91976049569651708,0.32223896397678897,0.22405954711027937,0.21882529200498321,-0.052883324233333667,0.97432994698765474,4.8192862540447523,11.453546507511282,-1.3505527283508714,,0.3959599163587978,0.75,False,4
0.56440776554420957,0.81641507055481066,-0.1221077670108474,-0.78520080508145307,0.57660194318070301,0.22580942145905966,0.25476179048835035,-0.031569474040922751,0.96648838503933865,-9.1980576012933106,-1.7863623263320849,-2.6172282015372588,0.4013131372850534,0.3212390582575919,0.7674084709260589,True,3
-0.775601785804369,0.61568584838049678,-0.1391862276270952,-0.62083247992324708,-0.78390206034142462,-0.0080368939784816185,-0.11405657249551591,0.080177901546860358,0.99023361000024523,-22.610125260247209,-0.47025872833716303,-5.5851955788540923,,0.5194344052196295,0.4583333333333333,False,3
0.91913656205074701,0.35532540410731595,-0.1700936139233509,-0.27785292820709467,0.89082232629773184,0.35949037992168997,0.27925925336195462,-0.28315974319360898,0.91751557438893272,2.4609487016266014,12.588944361984133,-2.0768681051736033,,0.619874379527644,0.4081632653061225,False,2
-0.18780885264854066,-0.91943336255895058,-0.34549982153451342,0.96274321885722747,-0.24200039738678714,0.12067022088760308,-0.19455932105983642,-0.30996467456498816,0.93062805196843135,4.1161854680718903,4.5775525442275313,-0.69183062015797503,,0.07864784200699895,0.3,False,5
-0.967924930154903,0.10100093582430927,-0.23004377963170292,-0.13440873972231673,-0.98175657438943298,0.13449282259430978,-0.21226309210714012,0.16109885041718863,0.96384207218992868,-17.295545062843079,1.7338256466913808,-4.8688892304020905,0.129097938033263,0.08307681002812695,0.417910447761194,True,1
0.79694813486078397,-0.54822135909086744,-0.25362770309743465,0.59532523854446417,0.78394646849442451,0.17611301736980756,0.10228162441951676,-0.29134391356553774,0.95113468727327066,-10.757514663806889,-5.7660352310763461,-2.3371009215722109,,0.103716760132392,0.2151898734177215,False,2
-0.36429311909780598,-0.81295016459851333,-0.45431547767739766,0.90353975586316793,-0.42671971262754599,0.039066564089927633,-0.22562453978395036,-0.39626041530074008,0.8899838483438709,3.8944941290834683,-16.973086543616947,3.0090498743250618,,0.3801094018756077,0.1333333333333333,False,1
-0.55926027932296829,0.80875393808213403,-0.18205770406174898,-0.8289545826476552,-0.54767233292057393,0.11353112199211325,-0.0078892255036567271,0.21441101508545662,0.97671166509414464,-25.262961398281735,1.1520947368654268,-6.4240135655839277,,0.08306003668098247,0.1818181818181818,False,1
-0.15953360120418172,0.96467716600866671,-0.20963538696582965,-0.98057705504162718,-0.13030736077773322,0.14659000939024766,0.11409500082263185,0.22894968248204592,0.96672869703896502,-8.6504443956698758,-11.9426936475377,-0.74145988902649096,,0.07193950596113953,0.2258064516129032,False,3
-0.12779920282863974,0.98936721606115141,-0.069425323476174805,-0.98409070046974834,-0.11778391118282425,0.13301294491679161,0.12342146087826476,0.085319763536263388,0.98867976663062718,-6.4370740994301618,8.49048359549578,-3.4795091099424416,,0.08054649382008519,0.3235294117647059,False,4
-0.47198707028453685,0.87503251737963417,-0.10745370636920573,-0.88139582007101269,-0.4656987387785253,0.079158657526755022,0.019225343834811684,0.13207111049866604,0.99105378659590515,7.6639303438419519,10.256670053407854,-0.60241825237232705,,0.3778757644387761,0.1578947368421053,False,4
0.59735426017650717,-0.71937014352095163,-0.35450597238921361,0.80169616643724784,0.54734339540416654,0.24020504621522426,0.021240164048265162,-0.42769358671610058,0.90367419533431348,1.773902457266892,5.9872658422266083,-1.4121214677659779,,0.0807802115252402,0.171875,False,5
-0.28591448503108435,0.93169948006097769,-0.22402898496291507,-0.9552722012271968,-0.25869335322750109,0.14329260468865129,0.075550835944789729,0.25497809288253681,0.96399079006909016,-6.3341166169551686,-6.7616894090953812,-1.2548319812868132,0.2454217272958297,0.2181035865841313,0.7517006802721088,True,5
0.96554338096948988,-0.076731099360677582,-0.24867311446336132,0.13219621373260285,0.96769311343180919,0.21469559681422315,0.22416543119038265,-0.24017155661641801,0.9444932412948629,-17.842079598386185,7.1389314002646955,-5.725708920411706,0.2927946284317354,0.2078960520660742,0.2982456140350877,True,3
-0.83029776424697688,0.52844726533890285,-0.177056800045371,-0.54292214514212778,-0.83869006457192274,0.042831295831607483,-0.12586169790981561,0.13169078686141814,0.9832682084025085,-8.9115644154110782,-12.733621950112852,-0.65573059767433095,0.3283530744009978,0.2143474909418413,0.3863636363636364,True,5
0.14488409014534676,0.98498721455892968,-0.093855141458506833,-0.97340241633770519,0.15890557936841243,0.16503561044061676,0.17747207186110406,0.067447787221156991,0.98181182499921904,-12.67032131003892,-9.9156281812616704,-1.9033724596434076,0.7875795443918916,0.7628016245919199,0.9253731343283582,True,3
0.56075158068200381,-0.73583278981176059,-0.37961529236909586,0.82796515729903719,0.49522972972377433,0.26309924571632115,-0.0056002733338516297,-0.46184155317116865,0.88694476530561217,3.647313294865917,10.184768658566952,-1.5565588114899089,,0.3330947858601714,0.1176470588235294,False,3
0.28901355234969095,-0.88589912630622947,-0.36284143171373301,0.95325818772140636,0.23141550351478007,0.19428250635376504,-0.088147570019327756,-0.40203184294637662,0.91137281238625256,-20.103273016666265,1.069177768873711,-5.3821717951224901,,0.1525925919404121,0.2553191489361702,False,2
-0.016178648016220931,-0.95055065574973008,-0.31014787150990564,0.98726435757631414,-0.064284686002587813,0.14552170767612743,-0.15826351319174872,-0.30384359463267674,0.93948482180017057,-22.110298640934623,7.6629508997651126,-6.7121896181302683,0.2839147706065194,0.2089486054011859,0.4444444444444444,True,5
0.96134198544902161,-0.11126170392106355,-0.25187778832901392,0.19368092454537766,0.92342630916421231,0.33131790022666963,0.19572758231833773,-0.36729373093471568,0.9092777511497111,1.9060860207500063,-16.419867174070124,2.4439560167025829,0.9719712321400444,0.3348077840505366,0.1818181818181818,True,5
0.52179715563954709,-0.77242177547419144,-0.36206674680199108,0.85218099219158627,0.45260795179343205,0.26255208725264223,-0.038926660707580441,-0.44554533186495515,0.89441269687963676,-15.044005792584425,3.2282815759094454,-4.5565669852355377,0.5294398834997508,0.4107106704403668,0.4387351778656127,True,5
0.31370584856678385,-0.90544255396817319,-0.28594129124452311,0.94598697283157662,0.27207536345919081,0.17630554112533989,-0.081836958691924644,-0.32580481589770943,0.94188849346932546,-6.1240597192478781,-15.944926963105965,0.54518807058031882,,0.7678732534558463,0.7189189189189189,False,5
-0.1606084847315371,0.98598882516595032,-0.045066076821807605,-0.98236048107163998,-0.15525339215423101,0.10423180634192877,0.095774734982334381,0.06101164538409054,0.99353146868460596,-8.6906239162404262,10.992058996835075,-4.3313455246360792,,0.2813819873973191,0.208955223880597,False,4
0.9675530454161374,0.10810869291631772,-0.22837165941045304,-0.035480085610698223,0.95301807748062872,0.30082836887531905,0.25016448155366933,-0.28296475842594387,0.92593124888294609,0.27768826545669972,-5.434885388577082,-0.041816885929511709,,0.5484975514111617,0.5172413793103449,False,4
-0.96265988396526869,0.15598447408165173,-0.22125729739252981,-0.1765296104116349,-0.98133981376093393,0.076219856832538915,-0.2052394807338303,0.11243226304369583,0.97223234968549654,-2.498716112820865,-3.2767059223450996,-1.0847501915293372,0.3206627454822512,0.3150560319284533,0.589527027027027,True,4
-0.47467759101796386,0.87861168521403488,-0.052179413476369896,-0.8800498548111203,-0.4728467444662573,0.043911380012359544,0.013908185802272821,0.066764233336549808,0.99767183959189409,-8.0088105497334094,-11.009834726785405,-0.81089099972935885,,0.2456342862962636,0.3061224489795918,False,4
0.1131642254514881,0.99183799409257922,-0.058747353577613098,-0.9777623959079127,0.12167542898902417,0.17080921265773374,0.17656317630350543,0.038111460936905234,0.98355119913447908,-0.18917696634932613,-7.5248175552033132,0.27284741214045355,,0.08564783335680753,0.4761904761904762,False,1
0.8470209744056969,0.48819062621799042,-0.21029831523269693,-0.45589021697467125,0.87062166202522584,0.18488383293090144,0.27334882290511442,-0.060727539760150204,0.95999613901883407,-10.137282224534809,-13.381646221447991,-0.8264166694074635,,0.07936783715715173,0.2272727272727273,False,1
-0.94177490809201603,-0.23579419910780025,-0.23971048820480528,0.2141658559797725,-0.97024199531614996,0.11297546927270638,-0.25921614267002424,0.055059660297244177,0.96424863245286807,-23.94845070042355,-1.5325346116250724,-5.7247930361429376,0.2130410741321495,0.1161025882545088,0.4782608695652174,True,1
0.97260404620812013,0.059172331854553062,-0.22481104163827934,-0.01649434632150917,0.98219061011286379,0.18716180685585176,0.2318820946925822,-0.17832621946594304,0.9562585704776535,-0.72408891037321954,-13.574819966990274,1.3593601472889061,,0.08440559027908492,0.3888888888888889,False,5
0.95747220632378927,0.18234227757575178,-0.22360292468110213,-0.12584606571909657,0.96130894892479113,0.24504667404422936,0.2596338611592871,-0.20648583129503456,0.94337365853299016,-14.409702077647308,-16.891772296328444,-1.0635135742805051,0.5535741038703713,0.5605851605490718,0.4,True,5
0.86694390324266279,-0.38723644490582243,-0.31377731652730501,0.47995053879256311,0.81836274700604128,0.31611690025282568,0.13437168207291672,-0.42465321151432078,0.89532893453047124,-1.1669530512588775,-5.2946631511423838,-0.40105358040266592,,0.1266122132278239,0.2244897959183673,False,3
0.88643303351539948,-0.3647149305600218,-0.28499034460711764,0.44465609196398881,0.84197735842028876,0.30554064833816197,0.12852018118567199,-0.39756401664913033,0.90852925967951681,9.489514082652116,9.5745549263569991,-0.077869234981683272,,0.3219830203889766,0.5185185185185185,False,5
-0.64547440970315528,-0.64052966008327872,-0.41603430263857055,0.71645648881696611,-0.69652988964661311,-0.039194546316301704,-0.26467505747695019,-0.32336955234294318,0.90850385060664263,-27.82096631747746,5.874892397981716,-7.6822701792201,,0.115355068794571,0.2,False,1
0.035322341642746002,0.99908757464394526,-0.024007298326820498,-0.98681003515202004,0.038665598177554127,0.15719709297834483,0.15798191891524674,0.018138073482367012,0.9872754041229862,-5.3311232911124886,11.395763387310991,-3.6689357052966134,0.3275674163534474,0.1861657362517643,0.6111111111111112,True,5
-0.95906518575620647,-0.10544333540160507,-0.26282251138324958,0.11881384137459269,-0.99228303252387684,-0.035463424299312901,-0.25705493686802994,-0.065238687790333177,0.96419223863665771,-25.560736977088837,3.7154730099448057,-6.853174401443705,,0.2470018261101527,0.35,False,4
0.35590548941061267,0.93077181343827931,-0.083636797620479209,-0.90805916819809185,0.36558660586404645,0.20438928705829029,0.22081628033001111,0.0032038916372375548,0.97531015857500158,-9.1938774467083704,-5.4616627538826048,-2.020756240680968,,0.2264840218670527,0.4513888888888889,False,2
0.94832130673592752,-0.16974855983267087,-0.26808977157921926,0.24059530938622112,0.93550928977772818,0.25872043954995161,0.20688304979386879,-0.30985124684968718,0.92800409941642115,-3.4543325459556344,-8.6083514216262476,-0.26525159505444396,0.5590003439086972,0.5632819448715269,0.6618705035971223,True,5
-0.11294019145842822,-0.94330708618143244,-0.31211577068970564,0.97779707115583991,-0.16132257880708412,0.13374570350517342,-0.17651459087677476,-0.29008062108132537,0.94058270900579366,-0.93421676512293739,12.379013463030651,-2.8271339405634777,,0.7153746467335803,0.3164556962025317,False,1
-0.67149141774600996,-0.68134230980117805,-0.29132787846041941,0.69333341730161957,-0.71643923382142782,0.077482880007291199,-0.26151108646922022,-0.14995826458105349,0.95348018885424513,-2.0027788362675563,9.3396728537939495,-2.6378117714376388,,0.3837978325859224,0.3157894736842105,False,3
-0.23359467367888423,-0.90554108074559936,-0.35415939845068212,0.95321870796067354,-0.28513959710118464,0.10034692301590592,-0.19185312930114412,-0.31415085746670768,0.92978579013141105,-22.234851550331314,3.4930626067020554,-6.08615315058241,0.4441817590950104,0.3774925173230614,0.6285714285714286,True,3
-0.88747758972639712,0.45099643098321585,-0.094793179996385757,-0.43604347375842201,-0.88832549741776723,-0.14402742665953008,-0.14916305415924616,-0.086487165972063934,0.98502302175939405,25.413903194366135,-1.4319939092610421,5.069934622423327,,0.427615460363057,0.1304347826086956,False,2
-0.9465009754659568,0.26836862660162042,-0.17920430714118568,-0.26262048046549785,-0.96330067448595458,-0.05551840933398966,-0.18752702920396166,-0.0054855073480346711,0.9822441257279535,-15.842460966538782,7.4748048964931568,-5.2993721462011267,,0.5665388269440141,0.1836734693877551,False,1
0.88748628739360358,0.4382045195637142,-0.14263551003257363,-0.38596137916633916,0.87591227728642185,0.28950215248065425,0.25179734605498799,-0.20187739232724655,0.94649015577913731,-15.151886774128254,0.88263583859287287,-4.3331451389994857,,0.3956850918324426,0.2421875,False,3
-0.93410833008586691,0.28521294525336716,-0.21469793553756744,-0.30982838988871481,-0.94645723450214236,0.090692183111469024,-0.17733582966552547,0.15123583939813157,0.97246065442175234,6.1088624162943521,5.3987764416522532,-0.27388582632322173,,0.08600800550910119,0.1428571428571428,False,1
-0.80325320114030185,0.59228217723852616,-0.063135706089720994,-0.58936184543982284,-0.80565874704051632,-0.05972100515623216,-0.086237520822569302,-0.010761312312875734,0.99621648458539425,-9.1790933114673852,-15.910338373306569,-0.12349597480981388,,0.3192651628204844,0.3333333333333333,False,3
0.54283906693377748,0.8366429378144894,-0.073173369579414921,-0.80085965834963857,0.54191225462523063,0.2548625431778847,0.2528824925505237,-0.079747745373390522,0.96420471999948987,11.177233729343028,1.9280421168938886,1.3277229924912535,,0.2624423323171898,0.5,False,1
0.92233388430077567,-0.2925044464429522,-0.25247050259732556,0.35329707018717293,0.90299769896627702,0.24449199549017928,0.15646528710165672,-0.31470034075722275,0.93620633914724416,13.281901911627831,28.684730676749862,-1.8668595111165596,,0.4569010670461471,0.8857142857142857,False,4
0.9380059900007347,-0.2302163882190561,-0.25912386481780314,0.29101147648768622,0.92917442813486073,0.22791928977757117,0.18830051321013222,-0.28919767754189935,0.93856679039329605,-9.2312904025508207,-21.110589691891541,0.7847265488957712,0.2965679639901029,0.1715899657338869,0.55,True,4
0.96407615618974651,0.20241721805193391,-0.17200126424686502,-0.12430562036300852,0.91605375964281355,0.38130515625996353,0.23474513373565736,-0.34622648552700785,0.90830718532170929,-1.9119029817438586,17.0457817380276,-3.678941490506157,,0.4690546390822311,0.2916666666666667,False,3
0.54243118649082023,-0.72636977523892043,-0.42208453838244536,0.83993966288781263,0.47873148349558603,0.25557294343890224,0.016424695737512832,-0.49315627982362398,0.86978567074909596,-10.812135911594902,-8.6609189894248058,-1.7655144834789964,,0.4803281542363471,0.1282051282051282,False,3
0.41700988938170047,0.8944366608430655,-0.16151102717080557,-0.87053533985008691,0.44413458544871631,0.21192614770337026,0.26128714899503885,0.052225757516801419,0.96384723686995177,2.941286464566506,8.6587833390966278,-1.4988086058053509,0.5227371918006466,0.3198414794285157,0.1538461538461539,True,4
0.2289210536431398,0.97007949176913655,-0.080876021464012987,-0.95759591720801152,0.23934652465742146,0.16038485115796014,0.17494344956431321,0.040731078838487894,0.98373561929574893,-1.025739799310762,-7.3056725327481296,0.025221365531008243,0.7405377837913256,0.5810939246089729,0.5201342281879194,True,4
-0.97030919415911066,0.12906843176114077,-0.20455172366181079,-0.10667481416604449,-0.98738603579356476,-0.1170012835079606,-0.217072687717589,-0.091706904007223075,0.97183809968763479,-2.4631025347247526,1.6897172005484333,-1.8066312519702035,,0.7869624186519838,0.2871820784908203,False,1
-0.95697361494721211,0.23635939088655281,-0.16833222696383174,-0.21238870845751376,-0.96580826239990547,-0.14867897228534041,-0.19771832695684649,-0.10652998929791316,0.9744530899769227,4.6098597644501105,5.6257278975423759,-0.6792056276290992,,0.5516821939936633,0.1935483870967742,False,1
0.72650616190409589,0.67731872740433186,-0.11587984390202322,-0.65665375444629459,0.73399888549392633,0.17335363528135625,0.20247133991497793,-0.049849549657466519,0.97801859844891625,8.4093824666796859,-14.55982242719247,3.6146632086387638,,0.4323997608020317,0.4857142857142857,False,2
-0.083185743641291235,0.98215143616209011,-0.16869703168577088,-0.98791049815064536,-0.05905354587066456,0.14333710742109318,0.13081658801004581,0.17858117248144029,0.9751901276861682,-0.38232831334606621,-10.000015435562267,0.64664885413247042,,0.08004289047921351,0.3448275862068966,False,4
-0.36888722357792991,0.92814770213243369,-0.049639291969671318,-0.92796075342552475,-0.36471461051010839,0.076629582945447264,0.053019396289467391,0.074330988872366471,0.99582320103036248,-19.167320839462747,3.9802303823573908,-5.5039830080626837,,0.7236714485852631,0.25,False,1
-0.32595836241159382,0.94289955848944174,-0.068495025909676627,-0.94436961889703674,-0.3213972192797741,0.069784313018713323,0.043785487072967672,0.087431401908261888,0.99520780798893371,-10.155655602742215,5.4583634652979134,-3.8614689446322159,0.2790779241987907,0.140058040395235,0.2222222222222222,True,3
-0.46094783988107629,0.88285801201595504,-0.089937864819033431,-0.88736601135361504,-0.45973326168493639,0.035026989521046561,-0.010423569606778288,0.095953419531389667,0.99533124660933214,-5.6712135659020371,13.528745077979885,-4.0033617413030811,,0.4976638236794039,0.1851851851851852,False,3
0.81176352078232306,0.54863391631495018,-0.20010200447773513,-0.47243933011950889,0.81837043321120739,0.3272169210201869,0.34327986495469975,-0.17108670291586608,0.92351950407236216,3.1524681325185226,-13.696676124952273,2.3387718228973493,,0.5381339606836594,0.2463768115942029,False,2
-0.89143794101893881,0.41257506158634238,-0.1874038843485942,-0.40993793656439326,-0.91048510911209546,-0.054477098403494045,-0.19310433831802701,0.028261009220518052,0.98077114041992253,-9.554135966226637,12.821176303164487,-4.7979361987254414,,0.5965394445454208,0.6111111111111112,False,2
-0.93026238891544766,-0.19955184404039733,-0.30788138837773377,0.25598735467818068,-0.95416860834169082,-0.155024969279624,-0.26283523739063491,-0.22302764042906864,0.93870991770112389,7.2953368868554298,4.0515671219672145,0.13059148601439954,,0.7247847745579924,0.3333333333333333,False,1
0.80942862175775609,-0.48780961687789909,-0.32690531344836848,0.57797309863205371,0.76021261190100931,0.29668818979579797,0.10379018998441672,-0.42909038953125267,0.89727868250333231,5.4706657685542668,-18.781675998880001,3.7183519233741613,0.9385332758442906,0.328128651146845,0.3461538461538461,True,3
0.94639025511354691,0.23574711528002956,-0.22083655191851587,-0.19523929874556642,0.96210260154091043,0.19036859072218598,0.25734626721880843,-0.13704700560521615,0.95655162798627291,-9.3486700426724774,2.4655625476988634,-3.2434501708378547,,0.09240602651158415,0.5133333333333333,False,2
0.29099919415888642,0.94887934809301433,-0.1222597716399664,-0.93283200260570509,0.30978598539006974,0.18400298413486585,0.21247099546411241,0.060503107510949589,0.97529249462302836,1.5467032382690098,-13.773330084719488,1.929585206821441,,0.06824167789193711,0.4545454545454545,False,1
-0.63459850705568022,-0.61674277727395965,-0.46573928492570393,0.72650065540922981,-0.68159554319740301,-0.087317313193879476,-0.2635934986540116,-0.3937713323412988,0.88060354603731705,-10.452620980346479,-6.9759666131425684,-2.0079591416359484,,0.3116884390033688,0.375,False,1
0.57452070873960659,0.81022759448304582,-0.11600517388270778,-0.77712934862551075,0.58446646978590178,0.23338577763200458,0.25689673165345994,-0.043933937158225717,0.96543973319495602,0.49961884471889623,-14.31580514676684,1.79708594695275,,0.9547354094276235,0.797752808988764,False,2
0.96467380944427017,-0.081008339468473592,-0.25068324696485045,0.16276840430620582,0.93147776419721418,0.32535460864381566,0.20714943381986636,-0.35466438183544652,0.91175780135153728,5.3134889116513975,-16.586833602857773,3.2852215989458551,,0.1686051819577739,0.1,False,1
-0.77618673337430277,0.62627592133456866,-0.072887758164634442,-0.62384443695895098,-0.77959705059383089,-0.055195626464147551,-0.091390773107018042,0.0026285094516616536,0.99581163757457891,-28.553546135606538,3.953603498635613,-7.5594873736484107,,0.2069898084818353,0.25,False,1
-0.89737106449875192,-0.32949384337145499,-0.29352849909452389,0.3496304860440213,-0.9367263843445307,-0.017384018564309822,-0.26922796256889497,-0.11822642705051122,0.95579224526979301,30.584013757745957,-3.6167554966163111,6.6911676017996005,,0.4411224014871311,0.4285714285714285,False,1
-0.9375177644790148,-0.22793433060115806,-0.2628809278355374,0.2108465588874702,-0.97319225753226968,0.091872512127176495,-0.27677458317479886,0.030704573155273293,0.96044419894951194,-18.785555214044333,1.3329950103140205,-5.068467902509088,0.5937244329198496,0.2340763017839781,0.6206896551724138,True,3
0.19274752349674026,0.98107152149520949,0.018629597337271514,-0.96185665296631795,0.18514853702437281,0.2013747709673876,0.19411381025137522,-0.05673349053962537,0.97933709197644725,6.2176110928635131,-20.339351367357196,4.1595073086645504,,0.3790385422361826,0.1875,False,2
-0.96050169092522641,-0.090870493102649885,-0.2630191156799474,0.12105463903230175,-0.98750459602570673,-0.10089820214882175,-0.25056391619413088,-0.12875257788248981,0.95950012902035275,11.733141777613499,8.5037325770617294,0.53777678428545062,,0.2557459712671186,0.2,False,3
0.2653996998313487,0.96403295571732073,0.014263927241637026,-0.94167760088773922,0.25601371137550949,0.21840392756094834,0.20689682287493105,-0.07139635760080551,0.97575420306837313,9.0014849765309766,2.9094540662711346,0.67433973327987662,,0.3078537067091038,0.1875,False,2
-0.84336556702937704,0.50206694651945238,-0.19147663450627911,-0.52308780862435378,-0.84862957093551661,0.078784489605335656,-0.12293764605599586,0.16660321889577973,0.97833005812750973,-24.395676551787581,3.3510089730035655,-6.5415677092606046,,0.09709085355261471,0.1666666666666667,False,1
-0.75498575961242842,0.62981725076721795,-0.18255611032903898,-0.64773048561081226,-0.75966262825758957,0.057947469652728414,-0.10218473855144189,0.16199667238803267,0.98148630012974636,33.959320678576717,-8.6272906068990221,8.5226342455312487,,0.2762280042978087,0.1818181818181818,False,2
0.15134398023222109,0.97072520713629851,-0.18651426722280762,-0.97116553117246285,0.18118466236528719,0.15495040879612576,0.18420779220754649,0.15768541579286507,0.97015606937041532,-6.3471411024323947,11.44054399211249,-3.8823423767404486,,0.2012003187228363,0.1379310344827586,False,2
-0.19441045734111212,-0.93109836222551068,-0.3086428582316319,0.9616179470203482,-0.24301730859695242,0.12741079895623011,-0.19363754296311161,-0.27202651999991695,0.94260600166344377,-15.782928283391435,-23.611286412408248,-0.10675879952330659,,0.2019883428180657,0.7142857142857143,False,1
0.095133669486887187,-0.92429602702645863,-0.36963013858864957,0.98709396541765271,0.039538194607566392,0.15518451792375756,-0.12882192502060563,-0.37962295187498707,0.91612844407523319,22.745303925682141,12.929725897473141,2.6488302189774577,,0.2974992422677819,0.3333333333333333,False,2
0.32144809987130646,0.94649741737923843,-0.02852644358412626,-0.92147762201635397,0.31960419556241243,0.22075359635120234,0.21805987987755301,-0.044674344688367229,0.97491235078567573,16.771909930507636,1.0268205063390261,2.7887598739874546,,0.6754396686952895,0.275,False,1
0.056022303067675548,-0.94342940855653956,-0.32680644520824675,0.98786256030156439,0.004880484737289862,0.15525380131631883,-0.14487602808412242,-0.33153752719622315,0.93225200699552357,-11.508396538539824,6.9529739581324801,-4.3429104383719519,,0.6528395737421677,0.5238095238095238,False,2
-0.90525950564057678,-0.31628475047600019,-0.28367090803202605,0.32759332945222497,-0.94478511026519119,0.0079815988121662851,-0.27053250811276991,-0.085703279036024177,0.95888847631864327,-9.8785129259073035,10.899593515623906,-4.5792288167800814,,0.5855425700597763,0.3333333333333333,False,2
