axis_00,axis_01,axis_02,axis_10,axis_11,axis_12,axis_20,axis_21,axis_22,location_x,location_y,location_z,dbh,dbh_approximation,score,reconstructed,number_clusters
-0.96371910303169028,-0.17820944769415109,-0.19871306752284734,0.1948983196784817,-0.9784844995231945,-0.067695857918690136,-0.18237361497294055,-0.10396863443072044,0.97771692611732608,-11.06391974359526,6.6715219936922292,-4.2221776372325381,,0.277225219360736,0.2272727272727273,False,1
-0.75771591944301342,0.64260451334250135,-0.11369267722450502,-0.64106483859436003,-0.76554739600865418,-0.054525747884419495,-0.1220756246783756,0.031569350582727099,0.99201860766982053,27.201916829843267,-8.2157992487375537,3.7797902905384078,0.6399872926038596,0.5173644269986369,0.484375,True,5
0.57358500348330754,0.80882289418712738,-0.12963706884149442,-0.80683466291291972,0.5851793295982014,0.081135558993547657,0.14148523068239313,0.058057540851811987,0.98823643499366642,-8.7756641005984708,-4.8083167274131089,-3.2524113568345081,,0.2578783375757039,0.89086859688196,True,4
0.44827153213080922,0.89389352111626141,0.0026469581538495768,-0.88708950620710469,0.44449077815935067,0.12449962292524942,0.1101128578247382,-0.058157725520058962,0.9922161243922627,1.4995660270086533,-17.011592352384145,-1.0856120114990122,,0.1570650331989863,0.375,False,2
0.65274411042559832,0.75447192861429235,-0.068536378936477863,-0.74358089693612595,0.65536668580054969,0.13259697151319041,0.14495715234634127,-0.035589550093165542,0.98879765771759687,9.071181957742434,-20.853162396662132,0.38975824427397748,,0.2660256752695828,0.1764705882352941,False,2
0.89060957063316037,-0.38597970610770838,-0.24048754472867157,0.42509139789173811,0.89446803513692819,0.13865149677061156,0.16159175763344444,-0.2257135365707823,0.96069844554555428,34.733041262801599,13.358230134403682,4.3521921773528831,,0.130475181054922,0.3,False,3
-0.93348843414212546,-0.29440364184797635,-0.20475800103910358,0.3060866184899721,-0.95161502156225453,-0.027199866147504359,-0.18684304992226808,-0.088064444605734787,0.97843463158865496,18.084642562647002,-15.18044072681308,2.055935465831169,,0.438679475279686,0.8333333333333334,False,7
0.9159464252100723,-0.31628331864208276,-0.24699596857770781,0.37072967258713946,0.9025303827893304,0.21908541258052022,0.15362830471082317,-0.2922392350299583,0.94392508892431892,-13.583767313430128,-28.81810483151304,-3.5387325023280867,,0.284714364360971,0.4210526315789473,False,1
0.47804029432272011,-0.84692820675002156,-0.23278764918921302,0.87655278975715467,0.47689722565114034,0.064994176163671508,0.055970382996693345,-0.23512049842035876,0.97035337246271569,5.768945602464628,0.72646211713820963,-0.75799154131206004,,0.1051557285493706,0.4177215189873418,False,1
0.78122674945396708,0.61994547266504618,-0.073159940265842979,-0.59977310596822553,0.77791978429959596,0.18738471269689658,0.17308086923405727,-0.10251058539186754,0.9795583660955588,9.9186512938375522,-9.7557268325913604,0.34900609130597809,,0.4116160462489479,0.4220183486238532,True,4
0.51331411753837874,-0.80023407828570647,-0.31005489302060918,0.85568579576130899,0.50487883220584473,0.11357457339914548,0.065653908247195844,-0.32360899978320767,0.94391036629077285,23.797464164469073,5.4265580846103605,2.6050565101709084,,0.1987103732533849,0.3076923076923077,False,5
0.96946039269970419,-0.13857600713415968,-0.20234435310452556,0.17354414452759354,0.9706059732863721,0.16675273467322704,0.17328870963430171,-0.19677584929957048,0.9650131026290325,-16.495482959435517,9.7914332555766794,-5.4381387649458164,0.2247595620887046,0.2079629529586546,0.4897959183673469,True,5
0.97101619688936669,-0.1457284443390281,-0.18944858376097026,0.16289153314178417,0.98352860317959834,0.078344337117029095,0.17491110258994325,-0.10693319053556019,0.97876013351211633,-25.725902308890106,4.401673697795391,-6.8087218350714327,0.2461619844281763,0.1460582156803098,0.4693877551020408,True,5
0.97428709961686011,-0.13477050769472557,-0.18055901466244798,0.15110042199413762,0.98528342726374918,0.079907636885314548,0.16713261199826254,-0.10513552308857181,0.98031281323439423,15.874664777786226,3.848666081963974,1.0897183954734699,,0.09618946393485261,0.5,False,5
-0.51849470614846982,-0.72814187970436395,-0.44829972419867203,0.84598529050720195,-0.51309200267731769,-0.14507062085074954,-0.12438700873264213,-0.45447332133929819,0.88203280678746332,27.386556420376596,-5.8999325014816968,3.7767951743129808,,0.5885090948982376,0.2272727272727273,False,1
0.54248091664107989,0.82993414118682451,-0.13009141544599107,-0.83022906331261825,0.55329141556025385,0.067737079198785147,0.12819577805569712,0.071259601176391449,0.98918547893146713,-18.618749610801647,-17.680973809273812,-4.665538832653878,,0.1951655761840629,0.4166666666666667,False,1
-0.63806278838727626,0.75826673915838727,-0.13381864728639198,-0.76179273485218046,-0.64695131265616812,-0.033553363153269775,-0.1120165487858312,0.080532920837173699,0.99043765147511664,-0.19223721599524052,-17.462124105857527,-1.3637678894860301,0.656766824493682,0.6605655772532918,0.8513513513513513,True,5
0.88170160702206379,-0.40558749765290814,-0.24104161035464877,0.44685996211897483,0.88180240618226047,0.1508001681239225,0.15138840916575666,-0.24067259544623493,0.95872741244393045,-25.669977871284456,3.2720321428555526,-6.7051836786159882,0.7250174272429499,0.5907035619481201,0.8490566037735849,True,5
0.78354670957818429,-0.59079721492460602,-0.19238816165900025,0.60953692237097779,0.79094299277307012,0.053608977323723113,0.12049603385886692,-0.15927282574409191,0.97985349558175061,4.1746816057252873,10.761448393919263,-1.616968868526018,0.5891524105203324,0.5469964467397281,0.974937343358396,True,5
-0.84483706675121995,-0.49746660174291346,-0.19691955411677986,0.5067426988638013,-0.86208903558007566,0.0037857470655908582,-0.17164547122317106,-0.096589206865837662,0.98041234045966763,6.1820847516688131,9.9467740921248797,-1.1776381673464731,0.1675937824596646,0.1356923709396332,0.25,True,5
-0.70934039528614412,-0.65967072883706801,-0.24833592799043225,0.70031397354104286,-0.69954683015440966,-0.14210760318882792,-0.079978385070297614,-0.27471578392311163,0.95819345436350079,8.1519687105287808,3.4469739544794091,-0.45092134811975682,0.5417793202215111,0.6962999951492678,0.3821138211382114,True,3
0.97454191564447046,-0.13925561367180131,-0.17571547658898648,0.17114202504429968,0.96833444057637297,0.18176583413110842,0.1448394349469127,-0.20721072668790899,0.96751498842639494,18.443957171093857,4.5358851102489668,1.5358344525915393,,0.1736661089517965,0.3928571428571428,False,2
0.33172447306475533,-0.89843273933793233,-0.28771076944676466,0.93931233984207096,0.34283791708988492,0.012429433852035651,0.087471150617352972,-0.27437342344186305,0.95763668597149532,17.932771695472656,-8.6629369711665074,1.9025149805342438,,0.7569470851740119,0.5074626865671642,False,2
0.72835285042192877,-0.60230897784453796,-0.32668948634769185,0.67956994715349284,0.69598240579011894,0.23193356323826,0.087674467252726943,-0.39093782886600437,0.9162318493446322,8.9406070551083499,1.2531614037021903,-0.18987175958181068,,0.4379714422880944,0.3177570093457944,False,5
-0.20379200212012838,0.97558816782157032,0.081832430480960422,-0.97869608805672137,-0.20088217259183797,-0.04243017743603112,-0.024955702641675882,-0.088736010397890697,0.99574250354412719,-22.290459436723566,7.2839360293219801,-6.3420565902083679,,0.239870610074896,0.2413793103448276,False,3
0.95596441559744361,0.27420553506292777,-0.10461051884151876,-0.23006994654373736,0.92148415201010048,0.31294532636163114,0.18220827590644723,-0.27509685955146729,0.94399251165256626,-16.980525981739611,11.972993441742474,-5.6954644424811569,,0.6617958231172519,0.3809523809523809,False,1
0.7656866494056106,-0.5815957879965975,-0.2747185729189548,0.63744359771704817,0.74320584696331393,0.20325040902563873,0.085962867864887632,-0.33074372015831305,0.93979730629763147,-9.1614718422579688,4.6088509879488333,-3.7684184628390098,,0.2313877512341734,0.1705607476635514,False,3
0.97709420034566907,-0.10539650964447424,-0.184874280000276,0.11718899078164662,0.99163859472290194,0.05403367371896553,0.17763351060663463,-0.074461219508887289,0.98127563033982068,3.0546235510288495,-9.6355059057804358,-0.96844067820480095,0.2012217367046451,0.2229665664522068,0.8095238095238095,True,5
-0.034946072490498629,-0.91438335571140783,-0.40333838252196208,0.99937704061192323,-0.029982447472740384,-0.018616754316929218,0.0049297784170637899,-0.403737701535896,0.91486150079849216,11.794677833985943,-13.34943787576575,0.84341683318273108,,0.6256158704214618,0.2596153846153846,False,2
-0.7690132436200029,0.62590602672152251,-0.12984712877348267,-0.62683213173776908,-0.77819011698642759,-0.038750747679657201,-0.12530007884325084,0.051592514363277296,0.99077651501413211,-24.105613158106397,3.6030321886753618,-6.4620317401444431,0.1699750912763066,0.1682048747477,0.4594594594594595,True,5
-0.98267751501592571,0.045436477877984889,-0.17966754843367996,-0.049709550572054506,-0.99857624439394321,0.019350573996959504,-0.17853252382703189,0.027946567054485002,0.98353704928986774,-11.277049799700688,-17.163311969390591,-3.3682261273860155,0.2341341429107723,0.3086374629214143,0.7530864197530864,True,5
0.39118624940298669,0.92018335712892241,-0.015359281915901912,-0.91445013055410318,0.3905212548359388,0.1061796037426625,0.10370283027771876,-0.027490703597973648,0.99422833605167416,-6.8712000392450312,-3.6742880321040698,-2.9527905768333373,0.2168470103770277,0.1559468840209474,0.375,True,4
-0.96563173174080363,0.19012362018862103,-0.17722406072999886,-0.18564184249517449,-0.98173257540989967,-0.041692405711867504,-0.18191334467337519,-0.0073593087595971197,0.98328702605308871,11.455307328458096,-18.116188565770546,0.79114431350105785,,0.294854587132987,0.3043478260869565,False,3
-0.89673034633361426,0.41095141523334194,-0.16429735324133984,-0.41470374461015319,-0.90987211650457389,-0.012390956936544274,-0.15458166181896579,0.05702338051360846,0.98633302890255437,20.294819523263065,-0.61436952118859844,2.196260769254808,,0.1058671528844004,0.3478260869565217,False,4
0.89037232693186807,0.43919749890996868,-0.11976091342821019,-0.41942182166755237,0.89371092017215825,0.15926746897626717,0.17698151017268152,-0.091577006482318216,0.97994448666275735,-0.12032284573240937,10.982642358364179,-2.4325469355319265,,0.07825278158387572,0.4583333333333333,False,5
-0.43024265572407161,0.90061313763289408,-0.061540503073429065,-0.90151687298168859,-0.43218151446010283,-0.022055980782730078,-0.046460573875216585,0.045990378145916944,0.99786086214120073,-5.1468578098032189,-8.9664349874061369,-2.4733767683033601,,0.09459117841376377,0.2711864406779661,False,5
0.65271018078392262,-0.64911381876636098,-0.39066695558694092,0.74901125623209541,0.63035292514823038,0.20405226731081794,0.11380491175092283,-0.42580093945835656,0.897631328562982,-21.052359532839805,11.934826875164493,-6.4268629675162119,0.9438666996052832,0.558991067348483,0.75,True,4
-0.83919634001140431,-0.46316481743634541,-0.28500500837813281,0.50392549661806074,-0.85932282904714252,-0.087311908332456306,-0.20447150600928066,-0.21689312429759394,0.95454113366723203,5.4705499063829039,-7.4962541797596032,-0.57386006549483626,,0.2401654282940849,0.2285714285714286,False,5
0.95045663183395146,0.26993980727382549,-0.15415800806909688,-0.25489993606498201,0.96062847541783147,0.11053938126514801,0.17792755153974815,-0.065768021601563753,0.98184334480490731,19.407077930742709,4.8395764330017936,1.7337759251044513,,0.1157124784405875,0.1052631578947368,False,4
-0.89096209277177252,0.44585112546398659,-0.086042566013815089,-0.43041199166251243,-0.88960168068044809,-0.15282135702719357,-0.14467918536145616,-0.099124283871411284,0.98450104604826461,-9.8378763394198074,-19.2980197983171,-3.0785879679670298,,0.2882080846990048,0.3636363636363636,False,3
0.39016678602624127,-0.88122966928864255,-0.2668410557755001,0.91931606624230788,0.38897846166270461,0.059613142102095611,0.05126255388411944,-0.26857033776637718,0.96189506924681356,27.757260434952435,12.754289407449038,2.9895085694360093,0.3566310961614468,0.2415987532120972,0.4615384615384616,True,5
-0.79072732440080795,-0.5639759635643381,-0.23807858149698072,0.58916527618454517,-0.8067140102950161,-0.045790642407804102,-0.16623650557060693,-0.17647554537501065,0.97016586525205306,10.7731233263838,-5.4566182278249737,0.39160510404221732,0.3476712353217493,0.2197604138954189,0.3076923076923077,True,5
-0.89488399580302425,-0.39196825701253923,-0.21340927709489177,0.41013563766460276,-0.91081698259262833,-0.046916766068310981,-0.17598691080038259,-0.1295118130342213,0.97583569186186603,-12.596421472809769,-29.448103161806326,-3.3907854119730856,,0.4994386888758705,0.4090909090909091,False,2
-0.9823974456374347,0.041711154027756728,-0.18208634884229019,-0.039830454416773513,-0.99910872114967031,-0.013974914082858905,-0.18250696892446813,-0.0064763378805236579,0.98318322979069395,6.5261842318401513,14.200400164414535,-1.3908501795833816,0.1264085625052254,0.1456750618300149,0.4615384615384616,True,5
0.86754083452363639,0.47840260293743547,-0.13602885699996897,-0.4652596838100358,0.87726921571931948,0.11803452788143895,0.17580195407053006,-0.039111029824020857,0.98364831128360453,-8.1921494420209147,-3.2673675930548125,-3.257184396175913,0.2601360102998398,0.1967417179411063,0.7303149606299213,True,3
-0.80553796063364491,0.59045854372873174,-0.049671944958232905,-0.57730718250504032,-0.80094947077881418,-0.15873362053210102,-0.13351034044702456,-0.099189986374040584,0.98607116152782659,17.603850470547815,14.817056803612399,0.84846037050394008,,0.4257957467067466,0.4285714285714285,False,5
0.77542851725914408,-0.59726512601712078,-0.20490237642604239,0.62095723389723168,0.78016580944232294,0.075851324628544298,0.11455447739824579,-0.18605289307333861,0.97583891738701301,12.989741684762025,13.855809222084265,-0.061445274783740983,0.2999881794344668,0.1448859583629178,0.6363636363636364,True,5
0.92522311157731352,0.35463924400137764,-0.13488217234803687,-0.33999222669194873,0.93271795869106688,0.12017693341161392,0.16842648126777635,-0.065331586153256793,0.98354679820456681,10.04742911251893,7.3144408433800203,-0.26940830354875023,0.4329556237674111,0.2060119622111171,0.5135135135135135,True,5
0.94995371505617865,-0.19004482192771005,-0.2479332670486748,0.26617142676153122,0.90786258437621381,0.32394181493822671,0.1635258720407734,-0.37372248199460317,0.91301193618982757,-17.333692749568776,14.770033301195362,-5.9285199819914158,,0.7290670242373438,0.3428571428571429,False,1
-0.64646608285004803,-0.73199914638062169,-0.21507871448043236,0.74929837822783785,-0.66223047220571907,0.0016559188752758025,-0.14364380985495323,-0.16008763656269925,0.97659531255793086,11.316661799515725,13.568746703934234,-0.35809545414954702,0.1855467493782484,0.2088826498108589,0.3658536585365854,True,5
0.72105677037218208,0.69026008695551433,-0.060151028724417216,-0.6753070733927431,0.7195457198350097,0.16190834966995182,0.15504028678433177,-0.07612469653985636,0.98497083208110703,-12.527330212946142,5.4942132880275274,-4.4488693075596997,0.6942383924139809,0.6685011827612766,0.7604562737642585,True,5
0.61015968294637213,0.79208146257887146,-0.0176668600973382,-0.7800362773135644,0.60448703946303239,0.16167506052577946,0.13873920636063447,-0.084866811888597904,0.98668589574306131,7.9756405013120197,-23.974611742130172,0.20475783073375903,,0.2389660686698024,0.1666666666666667,False,1
-0.32766901319336078,-0.8908805644088662,-0.31458677300775167,0.938664159425876,-0.34483072097520134,-0.0011703337290012994,-0.10743655617248557,-0.29567481094990877,0.94922799820039727,37.095124399294399,14.112286990898342,4.7156949923481148,,0.6158651839149744,0.9019607843137255,False,4
0.40648558061079482,0.89870049983021594,-0.16464168475943325,-0.90752641745197093,0.41798891601728505,0.041000825765896531,0.10566586195311789,0.13275043386601276,0.98550091218937474,3.0534313516870464,-4.6419046556410901,-1.0526189681739406,0.2272519111098035,0.2307931825326412,0.8206896551724138,True,5
-0.95827308290711311,0.26845095387108586,-0.098218042850594128,-0.2325500995600171,-0.9319280845862874,-0.27826335790750362,-0.16623221640320884,-0.24381167019861327,0.95546989471392507,-15.332869990813258,-12.91429523165248,-4.1852496757863991,,0.3755879818107039,0.125,False,1
0.97871998686271666,0.19863507683089954,-0.051490713413449934,-0.18513638219806444,0.96298966546032672,0.19589646296760804,0.088496933856804016,-0.18219497926394659,0.97927181223037052,6.4758386071245733,-16.821296384412879,-0.18353325371701909,,0.2401424011180919,0.2,False,2
0.73067478292524568,0.66982981290681942,-0.13206961550015733,-0.66332762974829174,0.74228966176565003,0.094881576970182471,0.16158841916937267,0.018277849355194567,0.98668895960849323,-8.7042662411289005,-19.117435581232542,-2.8773415126974746,,0.1489381946902958,0.3125,False,3
-0.94892743102696886,0.26750318607171492,-0.16726857471156586,-0.27394177321402891,-0.96160906085042452,0.016245583360343166,-0.15650123172969252,0.061237729643134495,0.98577751289793758,-7.074578843674094,2.5752526420210557,-3.2861675522289922,0.2914145808371693,0.2434951964150888,0.9302013422818792,True,5
0.41695253868101712,-0.86566904099727249,-0.27706983225590842,0.9078069382556333,0.4117553765362143,0.079649687685843587,0.045134724352620822,-0.28473605558900095,0.95754281121275731,-9.9459245019262568,-4.6360080207480081,-3.5025548716037371,0.22106740575521,0.2001507466114934,0.3089005235602094,True,2
0.28930798049830803,0.95419157886427775,-0.076284488885274324,-0.95481734457406886,0.2933207720273886,0.047820112900119074,0.068005374203176053,0.059003012819293182,0.99593870973957632,-2.5921600781138432,-8.2438690704025479,-2.0336153234028758,0.2921258796246628,0.2001921580715685,0.2016129032258064,True,4
0.9386041151557819,-0.24971492489882102,-0.23804363317553429,0.29360297138541902,0.94049674953254403,0.17106478104031897,0.18116183429819074,-0.23045242546238362,0.95607116335146303,-7.2486105675900312,-6.7966061144067655,-2.9251511373146628,,0.2114236415191002,0.4195804195804196,False,2
0.65808877396683718,0.74460668056816526,-0.11171417471424414,-0.73786151377020415,0.66731632646245431,0.10123886078674801,0.14993182475901712,0.015805432291290916,0.98856999561716341,-8.5185930531252296,-10.066372811151441,-3.0282533159098519,0.3691340331408882,0.3426610421012496,0.8628571428571429,True,5
-0.84566046196076494,-0.48374940127082694,-0.22548813681970248,0.50225683967689905,-0.8642113326913391,-0.029611474897947986,-0.18054486997441377,-0.13829421252523438,0.97379580031336466,-8.4548933532905917,-16.580145705971955,-2.8956717713901035,0.2928253398381823,0.2213404076723996,0.8867924528301887,True,5
0.18614066392775253,0.98068613538091365,0.060052952501786688,-0.97999679160329589,0.18093467081941741,0.082879028364919338,0.07041265283867304,-0.07427885814358931,0.99474856599700767,2.9986741821042506,1.2978259380113153,-1.3501666460795163,,0.1405649579401424,0.2847682119205298,False,2
-0.92865670060522187,-0.31614631525542758,-0.19403154323830341,0.32878961789937611,-0.94371785022821686,-0.035972299373457382,-0.17173852096313141,-0.097201473811086347,0.9803355312883173,-11.438020385903913,-22.762307940463735,-3.2668352880235849,,0.209483432663092,0.7884615384615384,False,4
0.78472438913995934,-0.56466926544129481,-0.25564869206570778,0.59856548418634237,0.7974708738639662,0.075891807722651805,0.16101861454405819,-0.21257663560380061,0.96378637662382527,-25.481633818418398,7.1950742526709179,-6.9323182005181367,,0.1815469036524217,0.3103448275862069,False,6
-0.43095684966599712,-0.88116387995763468,-0.19449012927130105,0.89597745658867523,-0.44346008775580859,0.023823262843276419,-0.10724080851452167,-0.16399197305239951,0.98061513437409975,-16.290930951449102,3.2127672697983147,-5.0198918674391244,0.3106265983359982,0.2425285694146284,0.8278145695364238,True,5
-0.72892996525087705,0.68427975305253919,0.020550555265289039,-0.67916519008053844,-0.71905872433160167,-0.14727252135234228,-0.085998548489040788,-0.12130857564478253,0.98888243949056598,-16.067434965922484,5.9572970929384894,-5.1329006741862191,,0.2918444571115332,0.2950819672131147,False,2
0.96999480940191207,-0.14832856119612087,-0.19263620549325189,0.16606529803008077,0.98291608368403061,0.07936176173339976,0.17757360874727468,-0.10897068582300981,0.97805572597257151,19.144882504661489,18.056457715792479,0.95473249546120331,0.4582666621925693,0.3610850366375134,0.8970588235294118,True,5
0.28845799517310527,0.95388545474252118,0.083033271953881133,-0.95413498705167965,0.27910764068621002,0.10828366171527903,0.08011498926296004,-0.11046023782896705,0.9906463164793804,-26.866075799617189,14.890486048333225,-7.7270365929827634,,0.207132599887514,0.25,False,2
0.908520135416091,-0.37412579118955591,-0.1860673424067654,0.38842487042800916,0.92032765408601314,0.04607742568242873,0.15400416739982078,-0.1141354523858569,0.98145596688397774,-7.4507501315681059,14.406092924939893,-4.0258367108662476,0.3111371722113946,0.2986019343593104,0.955,True,5
-0.95994361480365442,0.25167307606484007,-0.12316216619463102,-0.23856221202810954,-0.96466595089373686,-0.11183771357881463,-0.14695688956271508,-0.077976060238658246,0.98606460571288568,-24.554622107193914,11.374686429499629,-7.0522808277817042,,0.2443374268744766,0.24,False,4
-0.94802921073743829,0.28338394565337882,-0.1446864020372095,-0.27330725211177526,-0.95809752453349151,-0.085745433848724878,-0.16292256299132041,-0.041745333017216661,0.98575532747209704,-13.055727206490069,48.989813354937148,-8.5445433926703274,,0.6625848769901794,0.7297297297297297,False,1
0.66311600766845735,0.73036254539508916,-0.16385271635786541,-0.73305803971183925,0.67792903033263618,0.055119327337015231,0.15133760533218388,0.083563042765664522,0.98494372788300055,9.3700749369730403,-8.2083570593431219,0.20723819996383624,0.4820405061129374,0.2779235117898941,0.7815126050420168,True,5
-0.93209620683843009,0.35253738240721977,-0.083150797968973164,-0.3258563273463051,-0.91638797898787883,-0.23248811990054219,-0.15815914493252967,-0.18960608105220927,0.96903829589043322,-2.7153188789874747,10.28850196018627,-2.8899664972909536,,0.3020018458315986,0.1346153846153846,False,1
0.98115087850209259,-0.028579454923420407,-0.19111820523134954,0.080242099431621014,0.95996222215510751,0.26839101608256793,0.1757957880421995,-0.27866780723884776,0.94416105305997144,-5.9013936929793562,-26.827816901572334,-2.2851467754185317,,0.2818877506955825,0.2105263157894737,False,1
-0.9620656552458654,0.22012166436016636,-0.16117111365146369,-0.21531887251343179,-0.97541676061118676,-0.046903371502714918,-0.16753345378128906,-0.01042094036483239,0.98581131352101292,9.0235686444050174,-17.257569166240096,0.35264607069189402,,0.1405365483051406,0.2777777777777778,False,1
-0.81028806922084695,0.57073299584853432,-0.13303041880754066,-0.57204828150978182,-0.81959817082094744,-0.031931207441351507,-0.12725568160226841,0.050226346041837136,0.99059744884752698,1.2033720618797141,-31.830385770738332,-1.0968949933721786,,0.3782657252374637,0.4444444444444444,False,1
0.97758101353554827,-0.075706355707430145,-0.19647877666636443,0.11890072429989813,0.96859396510427054,0.21837662082866691,0.17377565921546864,-0.23684230717734495,0.95588061063876728,12.572044940859557,10.428253832235518,0.11689507945378073,,0.7119228550258294,0.6585365853658537,False,1
-0.86274096195235872,-0.4260765257050102,-0.27228078671229416,0.47479868300893263,-0.86782971645245288,-0.14641650813701781,-0.17390872083510125,-0.25559807801546952,0.95101281764879297,-14.851100059197478,-12.088173427196965,-4.111432608120964,,0.5641348525817862,0.6190476190476191,False,1
-0.46677252915558171,-0.83566131944064093,-0.28947118201373412,0.87931229297180258,-0.47351548260975779,-0.050921303572459789,-0.094516122721851156,-0.27830423446217079,0.95583129035727499,26.05194087277896,22.204014771316277,2.0498417136099598,1.072549174131609,0.469290059447629,0.5,True,3
0.97811229511673292,0.158731025596653,-0.13453921233050481,-0.10143065361868576,0.92827893873845357,0.35778489962699167,0.1816814813016564,-0.33630740908824047,0.92406123495382686,8.5054866781140905,-19.31513593665569,0.2410208582697009,,0.4334027532687308,0.1739130434782609,False,1
0.95973323756376427,0.27058417170243204,-0.075473960671770285,-0.2358705641674623,0.92213804726358362,0.30663740598339823,0.15256863922411495,-0.27648802471899792,0.94882937481524532,-4.7913394471179522,9.3355852290425609,-3.1829811814778548,,0.237959990572075,0.1875,False,2
0.98598152067504863,-0.0092492930165383944,-0.16659799358340024,0.052622527182507033,0.9647438977026036,0.25787609714457149,0.1583392260946313,-0.26302787385424453,0.95170637649196776,16.600622323950031,13.299655880383131,0.72357897040517016,,0.4085289111801398,0.25,False,3
0.46067425079448593,0.88514477254821311,-0.0655588764814585,-0.87542451399503296,0.46530677697610667,0.13084923995448958,0.1463255102553854,-0.0028870280012212313,0.98923228319632883,1.311795325171683,26.987100922968153,-3.5562130008278086,0.2466811948873555,0.3804338666347165,0.4285714285714285,True,4
-0.19114704997746279,0.973807132416458,0.12313599855342372,-0.98156141178378742,-0.18963527524143484,-0.023992858961022413,-1.3488205498336098e-05,-0.12545170879242984,0.9920997271338845,11.328180219112115,-15.346160674573227,0.80669522526369397,,0.506295187431341,0.1690140845070423,False,1
0.33652860214508978,-0.92017903616820507,-0.20004759767321539,0.94140538734069601,0.33382023942108041,0.048165801548048635,0.022458776106132283,-0.20453505604029165,0.97860156050683345,-11.955883498844017,-20.772550408169945,-3.4076263313073767,,0.1498268076224001,0.5833333333333334,False,3
0.22045425164634408,0.97519687573851721,0.019773125217937282,-0.97253977549683557,0.21821264977611654,0.080929750736357567,0.074607694024231841,-0.037071458394832474,0.99652365700211332,26.339637692916018,4.6731873782665003,3.2048776490556783,,0.5174448111521963,0.5161290322580645,False,1
0.73554289138487572,0.67622017168261994,-0.041266625046219502,-0.66076378268309521,0.72951072132741979,0.1766503069985304,0.14955894633054939,-0.10266638630962009,0.98340822382905679,-7.4831071686692843,-15.283100032777986,-2.7123194077642379,,0.275182170233664,0.225,False,5
0.39684010961453553,0.91722602313889434,-0.034847523268248193,-0.91294079916105364,0.3983530658766064,0.088622413270478081,0.09516840141716526,-0.0033552024552633009,0.99545553290349675,1.9917905290307494,-23.013398570080184,-0.88875575868794421,,0.3564893873899999,0.125,False,3
-0.25185577661567687,-0.87717068600414272,-0.40882790438072486,0.96455810541830567,-0.26188391897197755,-0.032318326932660284,-0.078716764778297352,-0.40247782622015305,0.91203907281647634,-13.39268322917887,4.1184722328226284,-4.5204897509351385,,0.3146202142274636,0.2066115702479339,False,3
0.2522358780456318,0.96329394513494815,0.091879470464827639,-0.96051929806175007,0.23772358492305229,0.14453433924951969,0.11738713676341227,-0.12470875044550944,0.98522484118337594,14.632697772097766,-18.5746631470045,1.4368178396301496,,0.5281634761552657,0.3793103448275862,False,3
-0.013070880864852225,0.9994598815335064,0.030151240081413455,-0.99883711482056114,-0.014450313883520523,0.045995722470739991,0.046406574214807615,-0.029514973042473303,0.99848650278105844,-4.3874436671360799,-23.099246705504797,-2.0246694337955624,,0.3613985828085222,0.4545454545454545,False,3
-0.94409120404375579,0.29448511618031797,-0.14822386715868396,-0.28730089737503911,-0.95540648396893268,-0.068239612818492057,-0.16170959407131,-0.021839568182201348,0.98659669594363975,-10.260496548212595,-32.617497561758753,-3.0402378691488612,,0.2096391222914522,0.56,False,1
-0.77922805570776899,0.62486035440352605,-0.048509531976606568,-0.6184147354598114,-0.77914415400759929,-0.10245780713031483,-0.10181773992807445,-0.049838988457644395,0.9935538350111971,21.066927045486523,1.1880465520792431,2.2338024306371085,,0.3196827267662218,0.4482758620689655,False,4
0.40207591041585145,0.91135364413110465,-0.088144753628447842,-0.90760214830757202,0.40941131605514963,0.092955444560659933,0.12080274272856407,0.04262522275538333,0.99176095291875144,33.699355463560437,17.465007906549484,3.8712043516554804,,0.4149179198689301,0.875,False,3
-0.98346561582645442,0.06800319043093947,-0.16784203459892366,-0.034118264236976482,-0.97979728173412184,-0.19706148977383042,-0.17785197927644428,-0.18807672050958085,0.96591708788581454,-41.567070756142897,4.6537332339734681,-9.5719661366476583,,0.7213553737765102,0.4193548387096774,False,1
0.40991426523040614,0.90704554971602402,-0.096117979072447235,-0.90585702785961375,0.41716287428467769,0.073472317207857268,0.10673959077100764,0.056951795923405518,0.99265459889285546,-24.488463392686473,8.1262956045567662,-6.835013465108811,,0.840221747647793,0.64,False,1
-0.072278988866030916,-0.91305820451680919,-0.40137322149471488,0.99620610492388684,-0.085645726802474093,0.015433923443295468,-0.048467971701750483,-0.39873490522528532,0.91578454402446741,-12.232881208408344,8.1530928938145504,-4.5649327526492298,,0.6586459489172916,0.192,False,1
0.85619669119138897,0.50428361257183374,-0.11236220042531161,-0.48677427898674919,0.86026121485178619,0.15166226801237967,0.17314163944541899,-0.07515770295338535,0.98202509763087187,16.228926789846856,34.246018478741973,-1.510412922393332,,0.324283870977918,0.25,False,1
-0.42030412466279499,0.90709169157104241,-0.02300230149844934,-0.90629615474063596,-0.4209061920660645,-0.038278680525601773,-0.044404084201543535,0.0047582100866696009,0.99900232068949291,10.316111112874001,6.2666410389220317,-0.16106482224491067,,0.09344904029724523,0.2058823529411765,False,1
0.17788522543315455,0.97698036025323687,0.11775492453417971,-0.98175516165207977,0.16802523139770872,0.089018673227833883,0.06718369699631907,-0.13144161172627572,0.98904471767696378,2.998853487550825,-27.291115932360682,-0.77403531743433218,,0.2545652645732849,0.3333333333333333,False,1
-0.8464164207453444,0.53176450750823512,-0.028385757822626478,-0.51934398523558822,-0.83608257263249597,-0.17677035028489638,-0.11773303568777063,-0.13487935459050765,0.98384271711132321,-2.4486159687766018,-21.938399778674015,-1.6864181536240801,,0.4586289002837729,0.2857142857142857,False,2
-0.98492565987057157,0.034464284331119692,-0.16951005171984099,0.014849082482963159,-0.95948748901056891,-0.28135966871889662,-0.17233963350875967,-0.27963542611360404,0.9445120852505432,-17.116804955795676,12.66991850656259,-5.7603059574615392,,0.5545318072806913,0.375,False,2
-0.89585786161561431,-0.34290987342372675,-0.28258009570743436,0.4073275652371684,-0.88787903442051297,-0.21390435908241234,-0.17754702582543958,-0.30673056408682381,0.9350900569867695,9.1750024153640108,6.0980776081213612,-0.35830960701496883,,0.596126074632884,0.417910447761194,False,1
-0.85996911647661678,-0.44438347544973178,-0.25095108179413061,0.47991790790047112,-0.87142363778797294,-0.10148716756718335,-0.17358548436681426,-0.20771174798646433,0.96266500370873853,30.967501847279244,-18.985944996474228,4.6483657919837214,,0.2230571164093176,0.3333333333333333,False,1
-0.86819549124949691,0.48687242205660836,-0.095874050789435575,-0.47570505685747438,-0.8715985742191058,-0.11840871715987668,-0.1412136248889273,-0.057194143580897111,0.98832562553329362,18.5598598127084,-23.483583953900037,2.1840772971744249,,0.1770185571747161,0.5454545454545454,False,1
-0.10220552233406943,0.99350956681980673,0.049927666097474649,-0.9946240669529488,-0.10290214992815448,0.011580715787040789,0.016643216107371354,-0.048475645201322248,0.99868569388968398,-15.177496494597692,5.1661716463767986,-4.9394347335330657,,0.2317661222070818,0.4444444444444444,False,1
-0.5402940767098513,0.84111334276132077,0.024711440693044984,-0.838671456580243,-0.53586517465875239,-0.097358628305444839,-0.068647640817601732,-0.073327070150260271,0.99494253210592842,32.133904769997507,1.9398634417638683,4.4282502830652151,,0.3889922636502773,0.125,False,1
0.078530675680032566,-0.90062611669359827,-0.42744067530669805,0.99668992178854665,0.061886549518618106,0.052718638011802252,-0.021026953711305439,-0.43016584350467441,0.90250496635726829,20.517625288775072,3.004880960056151,2.0365139564896477,,0.2696581854074477,0.2222222222222222,False,1
0.65189176613273114,-0.72951258746368675,-0.20699881637435436,0.75270891236772008,0.65562255218900267,0.059902940690588838,0.092013143031581784,-0.19486008773787811,0.97650556973129143,21.831073489635415,2.4873040382991078,2.330156823906619,,0.0886988210076457,0.36,False,1
-0.8638236832377385,-0.46791694002678602,-0.18671470620590092,0.47277976617288875,-0.88094427970307587,0.020407566144365702,-0.17403429827219472,-0.070646396188321733,0.98220219391452557,21.231598160847771,-0.7859707204406956,2.363683716326463,,0.06539044972042965,0.2857142857142857,False,1
0.7551899691543057,-0.60117087571513528,-0.26130765140082707,0.64540644226963273,0.75162766391551117,0.13603815315479206,0.11462388392291639,-0.27138429031321742,0.95562122841930275,37.92849382159708,-15.038080417894093,5.8994958495863106,,0.6090607774020496,0.5625,False,1
-0.46588140019771157,-0.86401113206439117,-0.19089076619530065,0.87722192089732876,-0.47925173020908507,0.028275087777026055,-0.11591472057948408,-0.15428072711913046,0.98120397206318555,23.074992517218462,2.1498478079472294,2.6501456163339823,,0.1042738907840701,0.3548387096774194,False,1
-0.95658292571162395,0.26091839695552993,-0.12988724482082906,-0.23979857863199394,-0.95786120343642844,-0.15810931862920538,-0.16566758259558476,-0.12009789790613598,0.97884153313775057,0.32511584540017152,-18.550141403268967,-1.2635094769179456,,0.4823500287344105,0.45,False,1
-0.58612111138490952,0.81004983443700807,0.016772254395150205,-0.80644726492448826,-0.58126811041741833,-0.10849051897551687,-0.078133550314393327,-0.077114522240242178,0.99395598432472299,-9.8665115332426723,7.3405482732312368,-4.0181620777871903,,0.6552816625738984,0.1333333333333333,False,1
-0.84324827689383197,0.52629406587583616,-0.10930187436391027,-0.52027158599811785,-0.85023551447245505,-0.080106471228996182,-0.13509189582867703,-0.010682984304017776,0.99077548088745804,-4.538788960885098,-22.312291265498345,-2.1011739411484376,,0.1545915676880993,0.1111111111111111,False,1
0.98314292320631402,0.09141176589158026,-0.15834734480226587,-0.031432950818852542,0.93765736434997371,0.34613673119604182,0.18011652381767845,-0.33532455343568918,0.92472454369449508,-8.8659280835022578,6.5738092903471195,-3.7994303648263883,,0.6251468655747197,0.2302631578947368,False,1
-0.54322468070790675,0.83277991191296041,0.10669847507829763,-0.83672657582839494,-0.52650212707222788,-0.15061257414607815,-0.069250152146268423,-0.17109391719947462,0.982818033984449,19.53887296653237,0.73491862626429105,1.9086688516222832,,0.3590637330722903,0.3243243243243243,False,1
0.042132524836016989,0.99779651077347431,0.051254009006332368,-0.99818415704942165,0.039827601489434365,0.04519016237117033,0.043049262089800457,-0.053064915413836317,0.99766270642218813,17.727727474252109,2.3332627321022734,1.499758186738279,,0.1148565772560766,0.2105263157894737,False,1
