axis_00,axis_01,axis_02,axis_10,axis_11,axis_12,axis_20,axis_21,axis_22,location_x,location_y,location_z,dbh,dbh_approximation,score,reconstructed,number_clusters
-0.11567236739557656,-0.95339245526186778,-0.2786803359960135,0.97936859388804998,-0.15627468894780538,0.1281225151954605,-0.16570172216017293,-0.25811053415933038,0.95179929156789067,1.1553003093202359,16.329456861038835,-2.7725777599533457,,0.1535074465321587,0.6190476190476191,False,4
-0.95293999077902847,0.25905495926292743,-0.15746714595543154,-0.27498785380462837,-0.95729580770569489,0.089254785916646304,-0.12762074374485727,0.12835600737941738,0.98348242543302489,10.265281196583786,-4.5037371409356348,1.071347794816575,,0.202454690024109,0.2962962962962963,False,4
0.34944272243322333,0.93496149277719154,-0.061129295450736934,-0.91569029418602321,0.35460509013066699,0.18912037221551867,0.19849702484413215,-0.010111235199905644,0.98004933245768844,-12.479370092727031,-18.596443462132505,-1.5439836128540161,0.2913782655849381,0.2906527521453449,0.1724137931034483,True,5
0.54987612505102978,-0.77219838159119036,-0.31834871849406249,0.83501120224988978,0.49918517770387921,0.2314529120100699,-0.019812602455483358,-0.39309517655231296,0.91928431018659729,-7.0608825397742185,-15.472281999667389,-1.0085201391008494,,0.1436062830297334,0.3846153846153846,False,5
0.81920359688077726,0.55587582391787027,-0.14109406522326384,-0.53151236981828365,0.8282936555010012,0.17726878176075142,0.2154067491694488,-0.070225982658968567,0.97399601835522553,-18.852039396461837,6.7556702020085417,-5.5250640378472822,,0.07224542221093236,0.3,False,4
0.98549134499558355,0.063180447160852263,-0.15752790240255829,-0.012782238099217552,0.9531243993053492,0.3023086069532121,0.16924368031914841,-0.29590895651428251,0.94010343373836158,17.565193616462192,-0.62127752918344559,2.1129789482373629,,0.1575575665047182,0.1904761904761905,False,5
0.3194283369978696,0.94760340836716805,-0.0036493799063935795,-0.92598296327409768,0.31295374354651317,0.21122382944721008,0.20129850781587105,-0.064091612954808752,0.97743090594678583,-7.3610043100968818,11.164209885345086,-3.7701150402455794,,0.2192200234832512,0.25,False,5
-0.49072964041838352,0.86110808489371848,-0.13295595566019824,-0.8707221866972954,-0.47904137038934075,0.1111856063012767,0.032051421308953512,0.17032977304680202,0.98486571409806967,0.45396471567711177,34.928408297394341,-4.8483567200042241,,0.1630850583621259,0.25,False,1
-0.42335691021028671,-0.86416855145849103,-0.27199566402303721,0.88282079113430212,-0.46093609121715701,0.090362439954075002,-0.20346099704416176,-0.20186786391989786,0.95804644365407121,18.861681951406453,-1.125569027994048,2.3964456833592349,0.1695149899758547,0.2071735136508882,0.525,True,5
0.17064780715643854,-0.88736609731351934,-0.4283231668393308,0.979699061646358,0.10638729794067242,0.16991613062369498,-0.10520966933673416,-0.44862361972532944,0.88750649197771991,-4.5570874482015471,-10.00597825944028,-1.1870375696683728,,0.112338717984684,0.3090909090909091,False,5
-0.93567250731422813,-0.26996558530108672,-0.22723455241082824,0.27682251106558409,-0.96091945509990617,0.0017601641530671785,-0.21882928602829277,-0.061256702192844487,0.97383846710468702,-9.3984816050169915,-7.7020481289018363,-2.2463866643743846,,0.5365035420475602,0.3194444444444444,False,3
0.29658648377326413,-0.9101125100761519,-0.28936426290386508,0.95250028735139958,0.25996810273795362,0.15861837268844176,-0.069135086884388061,-0.32266360898265972,0.94398545285389501,-4.2375948727865982,12.201188036901964,-3.3136635107488304,0.2285503596976505,0.1248935062042885,0.3255813953488372,True,5
-0.14336743583048989,-0.95528028184917935,-0.25862204363422586,0.97294380192270891,-0.18388733670772911,0.13987782418497688,-0.18117984612968255,-0.2315707894115562,0.95579748526962216,1.9449157216042254,9.3898383674659023,-1.8602197650977286,0.1372978297538394,0.1939398376393952,0.2598425196850394,True,5
-0.97413710634807682,-0.13901606528548963,-0.1781331850844696,0.12421027903385248,-0.98800152964356458,0.09178662214239322,-0.18875567439981764,0.06728678187072433,0.97971617541375378,-3.8887382472075842,-13.189116818466891,-0.73069568222799974,0.6599363114453543,0.5614845442533352,0.8771929824561403,True,5
0.69569064689185167,-0.68257041881832792,-0.22385742601345709,0.71798952129484384,0.67047798612592469,0.18695003993400547,0.022484909116978688,-0.29078668035984373,0.95652367215208212,22.322565463603432,3.6217101806751932,2.4871126882852685,,0.2590984166601745,0.7857142857142857,False,4
0.67729479575992479,0.72046407187593131,-0.14900765340235672,-0.70290656265664464,0.69348830531176497,0.15810229147624205,0.21724208572637171,-0.0023434017519941841,0.97611494438794799,9.0153167768771389,7.6974074203067309,-0.37676969408195293,,0.09239101202586941,0.6078431372549019,False,5
-0.93397547474115561,0.3168487980707686,-0.16521698382171029,-0.32838009955896746,-0.94336679384032274,0.047176291641813514,-0.14091246501171065,0.098315468978895537,0.98512828898767513,-14.417519684588957,23.130864737308116,-6.1950887304705473,0.3560534300565398,0.3169028893723582,0.2777777777777778,True,4
0.92139222110779773,0.35935972302723046,-0.1479762289958485,-0.32525320847137812,0.92144314339768496,0.21249207953349178,0.21271277644070616,-0.14765880587078359,0.96589344742973626,-20.347967441976586,11.339420558853268,-6.1795838080290952,0.2134763650061896,0.1771595159045182,0.3636363636363636,True,5
-0.72752866895651225,0.67212550111014346,-0.13765662571705353,-0.68506613512695502,-0.72257280484414654,0.09259013015370586,-0.037234746522339324,0.16166586670383556,0.98614285029822901,-12.81386395085201,17.127522879508394,-5.354050255638529,0.1992270380449503,0.1960177045379411,0.7,True,5
-0.56297872193181531,0.82342596644327182,0.070884669985720766,-0.8264104332085298,-0.56190452675600944,-0.036181468947461659,0.010037655907181392,-0.078949227976400721,0.99682810196433591,-4.5031880140043974,9.8079024619060231,-3.0837121819304429,,0.2955648251857087,0.2957746478873239,False,2
-0.55490029875750047,-0.77667816642237808,-0.29808838327182297,0.80542936818440092,-0.59125746842916149,0.041208480836061365,-0.20825271019824354,-0.21722253987446072,0.95364835073814014,10.087772469599129,-13.363715628602041,1.9294854390610068,,0.1743280912605362,0.1176470588235294,False,3
-0.93052681807073667,-0.31406334593099494,-0.18837212000128623,0.30963022038490789,-0.9493619192746714,0.053301715314859124,-0.19557343243790579,-0.0087270254807225237,0.98065022895562282,-6.7060298533252656,-25.20245784338433,0.30068506048174931,,0.1430341882529785,0.5909090909090909,False,4
-0.98457757315873007,-0.0091179289262471146,-0.1747108062054617,-0.0089347125695087778,-0.99471713791409522,0.1022642970507901,-0.17472027170356269,0.1022481242472833,0.979294719552672,8.395345001615258,-4.1408498809619703,0.71939315158443684,,0.08217360034182794,0.3076923076923077,False,5
0.41989043464918718,-0.8752659792418791,-0.24000310096303171,0.90647683050033567,0.3914489616101734,0.15832708618673846,-0.044629347476548648,-0.28403727930691003,0.95777400534141965,-8.6916051668031926,-3.3467938937206889,-2.6582161818899874,0.1254377898294818,0.1308303688302295,0.4655172413793103,True,3
0.75775146907499891,-0.61278303075471352,-0.22429816836913521,0.65094343505130592,0.73389075109871926,0.19410566662352705,0.04566569257426277,-0.29308927423368081,0.95499388576623201,29.533902782651513,-6.7137516222530387,4.9639725614149777,,0.6206527015033064,0.1428571428571428,False,1
0.50270812250250918,-0.77190001651413476,-0.38917208028773137,0.86408351808005013,0.43547210638044198,0.25243557266554995,-0.025381437161936096,-0.46317859306109904,0.88590144687630734,0.7347965526880389,-17.974734996427625,0.67222110743132268,0.2919279237344463,0.2603112503066505,0.2727272727272727,True,7
-0.81447378809416571,0.57554415927566327,-0.073357816428870015,-0.57468568105971218,-0.81764906541022453,-0.034443777648837354,-0.079804865092778357,0.01410413263755679,0.99671071878959305,8.0287153310320747,-8.2052405872886744,1.0062580462935093,,0.3156782510391891,0.2777777777777778,False,5
0.74273875999269467,0.65413815549841248,-0.14297694893111168,-0.63271645528390308,0.75553363078416902,0.169819963393778,0.21910961096557935,-0.035668000718098863,0.97504808707431789,-1.332252827186198,-24.996183927539988,1.1808380339677087,,0.3326699564262292,0.6190476190476191,False,1
-0.32955715503422367,-0.8898841840064412,-0.31543338539371396,0.92620592693709869,-0.36952306239041904,0.07480165284401577,-0.1831247183542925,-0.26750485120236045,0.94599497467526983,-10.197606185181455,-21.401177614327526,-0.7848491819522172,0.2090858505957036,0.2321023601270969,0.3055555555555556,True,5
0.51811845488822206,0.85131059040861634,-0.082604753872734929,-0.82795544609543259,0.52343337618147689,0.20126420441840698,0.21457643389980005,-0.035885642775268622,0.97604773175160398,14.294227487338517,3.1602607998880448,1.0880194530408374,,0.1475536216156599,0.15,True,7
0.49627908679948224,0.8530385369017045,-0.16134535185765989,-0.84379329924504243,0.51766976323628744,0.14153050688827842,0.20425458661836382,0.065903496049044427,0.97669687879806177,-3.6274708009782755,-5.0621178364076824,-1.5120014859171429,0.1930342847715516,0.1818152840622043,0.8462962962962963,True,7
0.93516577379337029,-0.27734503639443842,-0.2203286325306234,0.33832375892139438,0.88358711647929622,0.32374502581676878,0.10489046512788995,-0.37729767873546433,0.92013284472737134,-3.067673586259438,-9.5021493499621599,-0.99182634445197959,,0.1877800659040409,0.1363636363636364,False,3
0.73096664473811901,0.66752234479544625,-0.14178040583623011,-0.64500427213187705,0.74366434406725213,0.17587732171787013,0.22283907469724462,-0.03711148827267842,0.97414859453076408,3.8781154920483267,-10.402679426610497,0.43586231426561711,0.2812958493933187,0.228768902743527,0.7111111111111111,True,5
0.32007489789508908,0.94378730681823408,-0.08256863342840752,-0.92931537217764548,0.32971695255708316,0.1663119665892874,0.18418740122976496,0.023500014579922512,0.98261017221631231,-1.1987643439978739,-3.4507668458173293,-1.1915556036572321,,0.07702981720933444,0.2342342342342342,False,5
0.64340450377770042,0.76516104909279981,0.023647694808955233,-0.7408011958702615,0.61453900696816754,0.27121098265330168,0.19298764912750782,-0.19201660830715905,0.9622293850316842,-34.105721170041811,5.1356578286354155,-8.2958131057269302,,0.3591041552000848,0.1176470588235294,False,4
-0.51706313915977131,-0.83211209935796804,-0.20058704899448862,0.83080980347404942,-0.54427867088352289,0.11625746802969869,-0.2059144982114029,-0.10653723538434792,0.97275332788071489,-2.0863808369092021,-4.6816563877187898,-1.2277205755455209,,0.07710137649894624,0.3696969696969697,False,5
0.62235597267380904,0.77106996532586924,-0.13462597019001041,-0.75355733427201854,0.63675038128463823,0.16340225181654869,0.21171770649165844,-0.00024598014621035613,0.97733083050299874,-18.294762821637807,8.9873149834114869,-5.6639263710528658,,0.07827317301122771,0.1111111111111111,False,2
0.94268377887647548,0.2865338026324063,-0.17101366317397684,-0.24831336118961667,0.94472297736117461,0.21410037529288267,0.22290753172085542,-0.15936397332788699,0.9617251979163618,-0.0038745454991520462,19.86811048023689,-3.2658033541342713,,0.1086192997021428,0.6470588235294118,False,2
-0.98342872696070682,0.082594821655819953,-0.16138783852597879,-0.10104936735898698,-0.98881519643804661,0.10969745963118885,-0.15052230514044293,0.12418777205840807,0.98077542430791809,-10.900204059851502,-15.815878211177562,-1.6170616589270719,0.2285301345413686,0.1696610768364283,0.4418604651162791,True,5
0.79639396108143723,0.58676678028024287,-0.14649711366636362,-0.56007117781325289,0.8069601764380917,0.18744479034072847,0.2282037128004144,-0.067231088066169994,0.971289373081753,-19.247706197772583,5.6387517841802604,-5.4682770106080207,,0.1123496274676733,0.2666666666666667,False,5
-0.89458023264254261,-0.38323117345607127,-0.22991319026253562,0.39268450833389179,-0.91965953808602019,0.0050210478963830241,-0.21336608043403676,-0.085791617882464699,0.97319818845974304,-11.814438708012618,-22.697639857759707,-0.90848842790611861,0.2175071802314632,0.1524559472838067,0.4482758620689655,True,5
-0.45206610346342552,-0.86589212529394177,-0.21416597641394181,0.86630020027455201,-0.4834083818808198,0.12585825094780059,-0.21250929651115869,-0.12863577916469859,0.96865506513672051,1.7691694742706212,-3.7332665917108421,-0.54853495996350032,0.3267966477383307,0.2856250657401736,0.7696793002915452,True,6
-0.62372707536346494,0.77635447455240414,-0.090764890243969776,-0.78159005152678684,-0.61812490971401968,0.083896289223006321,0.0090292199493668263,0.1232693223535206,0.99233217591369594,0.6671214100468531,-10.238857607884665,-0.16847137924916508,,0.111508027336961,0.3571428571428572,False,5
0.68565426729262358,0.7145091008284693,-0.13912214265424497,-0.69388562046272551,0.69930417558939073,0.1717452058087823,0.22000220784908989,-0.021222978974096821,0.97526848288304224,2.9700879570120291,17.326708775639645,-2.5024505737555796,0.2716114707732081,0.2436746783127925,0.3928571428571428,True,5
0.079065051256450414,0.99503255718705441,-0.060489071803166219,-0.9818622250781367,0.088220522064833634,0.16782047089440821,0.172323209796091,0.046123200500419959,0.98396004072379539,-6.5487872434580163,14.014088051287683,-3.910974389619216,,0.2370025046052532,0.3333333333333333,False,4
-0.19302977133696597,-0.95533974979646663,-0.22375314486376241,0.9668404887511538,-0.22405616848754378,0.12254918471418659,-0.16720937978782491,-0.19267795883677674,0.96691066158640782,7.1382014101070403,-3.5395279432731077,0.39661708813767632,0.1712062006045785,0.1431156247120298,0.5166666666666667,True,5
0.90462141170516963,-0.38524384625782476,-0.18233836789064517,0.41323956943471679,0.89752581640018969,0.15388459035453703,0.10437030103413786,-0.21455672400475215,0.97111907222873195,4.2885500130357421,3.5141211014551574,-0.86705189941944294,,0.06715299387546374,0.2093023255813954,False,5
-0.57971232676472384,-0.76242079324403877,-0.28748591657011935,0.78939849499328041,-0.61295245826854727,0.033753518407559663,-0.20194958355830997,-0.20737361917967365,0.95718992251744361,-10.543597292009956,2.4262373889672468,-3.5181606995667591,0.4113465410145332,0.1765729195101179,0.3333333333333333,True,5
0.97414613875179057,-0.13828617368636978,-0.1786511531509411,0.16941243631953032,0.9702948511403755,0.17270590108840433,0.14946145581807682,-0.19850651379151224,0.96863638028265364,-5.4507506555019676,9.3522756318412146,-3.2415141757381543,,0.07855675718230652,0.3111111111111111,False,5
-0.15470265221947613,0.97576642267219571,-0.15474811075346567,-0.98252910431721763,-0.13555047750981819,0.12752500623982399,0.10345843883350794,0.17177297934299024,0.97968892767131299,-23.373968367344467,7.9265676463651458,-6.5201158244812802,,0.08987952842785385,0.2857142857142857,False,3
-0.87291514678332693,-0.44403768927194809,-0.20211303031292133,0.43599800033004149,-0.89590298017222991,0.085226720145279822,-0.21891754206652356,-0.013725182131600358,0.97564682603440389,-3.6668118326297456,21.261208403783737,-4.0690975722735754,0.172389078255376,0.1666166363843246,0.5576923076923077,True,5
-0.2065479884545752,-0.9288198115707742,-0.30762263586901745,0.9660730255596589,-0.2434190992922112,0.086313680177462049,-0.15505108110354235,-0.2793580135478525,0.94758549087415989,-8.2246287216458054,-9.6708183604463116,-1.8781026015888724,,0.1196117683867364,0.2285714285714286,False,3
0.88743560201281901,-0.420999840953937,-0.18766242617239037,0.45174019361246071,0.87529227394179465,0.17261005953530423,0.091590664126452975,-0.23795497283008066,0.96694807572605135,-16.613570087073558,6.1765000959018845,-5.0752099696347557,,0.07220471090276744,0.3142857142857143,False,5
-0.68387260149341345,0.72878169955488903,0.034575993413321349,-0.7290566222956969,-0.6807630608591364,-0.070979549565271111,-0.028190537657520845,-0.073748826184466917,0.99687832969876156,-0.60556418748278196,12.621730207096546,-2.6862779276236264,,0.3681415888629893,0.2448979591836735,False,3
-0.65788817884852113,0.74748285350031507,-0.09193763024139455,-0.75309237623897352,-0.65390668497329762,0.072511517691805263,-0.0059175148595419919,0.11694199874407597,0.99312111645439705,7.7776071869954357,9.1534851675372266,-0.74276798915367059,,0.4565168763698283,0.264957264957265,True,5
0.4417728388119424,-0.87006214412805283,-0.21869756341425678,0.89610838011510996,0.41634572062884273,0.15377259834418788,-0.042737921984005167,-0.26390927658827174,0.96360020950347647,-4.0892433357625819,-8.1395437076973618,-1.2717631893637795,,0.08610975711451085,0.4339622641509434,False,5
-0.97322728625307675,0.16303513276358028,-0.1620129463260124,-0.1778442189559637,-0.98068136970205255,0.081458485765761646,-0.14560248307091778,0.10809068694420114,0.98342072396279867,-4.3313148775865198,-19.676714809521936,-0.061948150724939706,0.4155816116728185,0.3500106942352811,0.640625,True,5
0.9690114978872878,0.146607948590295,-0.19880348682148544,-0.10298896190529355,0.97132070420029648,0.21431137001454356,0.22452169313432752,-0.18719561694117215,0.95631993093844325,-37.393248029866932,3.9068656660821572,-8.6838867782649558,,0.1852737126922945,0.1818181818181818,False,2
-0.97939354431219938,0.13900809309597881,-0.14650950622197531,-0.13098644200475001,-0.98937443812898751,-0.063093368810719391,-0.15372324928430181,-0.042602479162237861,0.98719511313554753,5.0433769647959625,-7.2446403742403307,0.39036988678250162,,0.1394908777626718,0.375,False,6
0.87343471233803116,-0.43713180539646157,-0.2145404110973346,0.47801931744143172,0.85367805341628278,0.20671553707502535,0.0927865045995966,-0.28310698653727812,0.95458949226249756,-3.4019917443129764,-2.7395728571014368,-1.6174625127087019,,0.0858296865486656,0.5734463276836158,False,5
-0.41883785046394062,-0.86050718110924829,-0.29000387286752116,0.88429203046772298,-0.4591071082391473,0.085136760659301286,-0.20640363337406908,-0.22078961575151906,0.95323107676275398,3.8255207741506037,13.308609649740784,-1.9230877059417311,0.2075426177540516,0.2977180438695338,0.3035714285714285,True,5
0.98411403204199011,-0.04248826065781585,-0.17237841989162073,0.069935914341449024,0.98521003271546659,0.15642940683265472,0.16318253528881069,-0.16599981669587527,0.97253047306172025,-10.992831153367208,8.1565403878298461,-4.0806051319336945,,0.07008827110571214,0.1403508771929824,False,5
-0.21642788332011292,0.97306121127904111,0.079440861184540218,-0.9692040756126783,-0.22393435698610464,0.10245420233935784,0.11748374839674589,-0.054820460280679495,0.9915605306774089,18.974776359159261,11.486692424057308,1.0738960602001684,,0.3611218591998251,0.3333333333333333,False,2
-0.21107478820261527,-0.94656251055477569,-0.24385825267450539,0.96287499516562691,-0.2442994455789001,0.11484565544519884,-0.168283027872737,-0.21056399146597665,0.96298682650797529,-3.9277657440887896,27.831306119664617,-4.8294656202428152,,0.3152664303465542,0.2083333333333333,False,5
-0.98419276280052315,0.09646672165267417,-0.14852197569605682,-0.070958488057077648,-0.98316718166130768,-0.16836622546347055,-0.16226367006735734,-0.15516592576254642,0.9744711575303423,23.045460453656236,-2.8362563329418791,3.3629295492471507,,0.3208198200004508,0.1578947368421053,False,2
0.17153843160232632,-0.92960665572277335,-0.32619937479911965,0.97941717514815918,0.12516317028782087,0.15835459522319911,-0.10637933778800863,-0.34664916910245802,0.9319430186724732,29.003983002780718,-0.94385616200535849,4.245882764807833,,0.6384123192879313,0.84,True,3
0.63009517004834437,0.7759823263018325,-0.028835844862674626,-0.74626840281038609,0.61539573881999798,0.25371550131796061,0.21462420098531126,-0.13834563205748501,0.96684897395716962,-15.713604750819808,20.153662958165473,-6.1600362587171809,,0.621703815777914,0.5555555555555556,False,1
-0.7171845721861676,-0.66793184961225793,-0.19877961085507131,0.66187378925805185,-0.74212924878412956,0.10567528184156158,-0.21810404973620634,-0.055778332465693956,0.97433023206509151,-1.1637504561863961,13.84728903379032,-2.8988702981214205,,0.07288208677165593,0.1020408163265306,False,5
-0.72444311856062482,-0.65573325852055719,-0.21259365380972561,0.65371855898658859,-0.75137466171912748,0.08993421686413608,-0.21871034179173027,-0.073824192487825208,0.9729932039828777,8.4616438762572255,-10.033410240405596,1.219745645395617,0.6495094809993449,0.548202460617147,0.7121212121212122,True,5
0.94893340077114408,-0.23860472256985782,-0.20638116984907612,0.29357764373299033,0.90737113758155397,0.30081520204960177,0.11548838903152717,-0.34604249023973727,0.93108379158246801,-0.098046622429820207,-24.993925554935437,1.4329425566394789,,0.1961284622875986,0.5555555555555556,False,5
0.28115974130987836,0.95148309096880801,-0.12501650877786383,-0.9345508259853863,0.30107514268169921,0.18965366357976565,0.21809161725429713,0.063511306549604393,0.97385951780724911,-2.17194484559184,-24.719780084095699,1.0260980790527305,,0.1455219852159561,0.3125,False,3
-0.64907634529593128,0.76049504370401155,0.018632940694137762,-0.76055500624013728,-0.64925323112321587,0.0051307269591840121,0.015999389374054193,-0.010841142822523464,0.99981322713892928,8.3082907820607108,3.0173972937365345,-0.033257431624817271,,0.3328668986622991,0.2933333333333333,False,5
-0.96894702340424377,-0.11575342593096037,-0.21850128196718227,0.10977065285748126,-0.99317705260718137,0.039366812745701626,-0.22156730265835434,0.014159327659125649,0.97504227797205967,5.2914458455118796,7.2346956721453317,-1.0267730573641125,0.3607432163555556,0.1751625677667889,0.4487179487179487,True,2
0.62592869959401842,-0.75843186414980179,-0.18164352580479601,0.77986724922109585,0.61005090755638858,0.14016049294272345,0.0045096138262532837,-0.22938831189030295,0.9733245428690549,-8.7897964200005934,13.382046896379739,-4.2926038953016059,0.3081779727369794,0.2789690603262746,0.8592592592592593,True,5
-0.85387018122788372,0.50450316477149892,-0.1279932433584057,-0.51342691706310051,-0.8567880911130521,0.048030904238144725,-0.085431343457435915,0.10672733324877713,0.99061130716980172,0.96254478392274201,4.9091332813550483,-1.6271044532893886,0.5930066619067197,0.3721163972544259,0.3554006968641115,True,4
0.20897275340594446,0.97747475125877759,0.029555016249864813,-0.96117804228725945,0.19973242376448389,0.1903778609029845,0.18018645720133869,-0.068191418439243784,0.98126590233864464,10.852538762909534,2.831122177200267,0.48975768570689171,,0.367700472720932,0.5698924731182796,False,4
0.87442282548048655,0.46770021912509596,-0.12900088103985907,-0.43474662826244276,0.87337455613515391,0.21957288974315592,0.21536037586603535,-0.1359168485731625,0.96702974038070821,-28.759403928823133,-0.94833979816664449,-6.5016216233481829,,0.441850078583633,0.4166666666666667,False,2
0.67618623001064193,-0.69910410460951267,-0.23243414822724984,0.73651961286818046,0.64902039363373332,0.19055547357139657,0.017636388646798423,-0.30004329615181446,0.95376253765277119,-9.0612332462863154,-22.232060705473632,-0.52279883101750502,,0.1250259443524967,0.8125,False,3
-0.94736885688288575,-0.25421468135224484,-0.19459482211351509,0.24204115888037875,-0.9665902587080466,0.08437623586386446,-0.20954313736378311,0.032835461861953658,0.97724792454527876,7.4869135991119515,12.575061695311016,-1.1587838372266637,,0.1416298097106122,0.375,False,6
-0.9289221288423628,0.35002579300426417,-0.1207709517173344,-0.34653654784108684,-0.93673107876925177,-0.049470264585684931,-0.13044577247790293,-0.0041024748057217134,0.99144695780617209,-31.61590292351416,1.9747367485760816,-7.4134704032034007,,0.4849830333764293,0.2916666666666667,False,4
-0.98365398512152424,0.085063529678356259,-0.15871053359245815,-0.093506365747379527,-0.99453237269590233,0.046496443138965934,-0.15388761197465084,0.06057685678967837,0.98622971325255715,7.5165628381100245,14.443623550369317,-1.4034486270242783,0.1461561588262217,0.1525929514300054,0.2916666666666667,True,5
-0.11564084746872795,-0.95250240084916338,-0.28172037692239349,0.98010718045189649,-0.15547718263825663,0.12335623415743854,-0.16129819969035322,-0.26185114484273553,0.95153395563227317,3.0659723348495054,-14.783039262689657,0.70045749589220507,,0.115151202422201,0.25,False,5
-0.97023503393387767,0.19100515695399237,-0.14886574133866068,-0.1975776732622633,-0.97981109234413288,0.030549735639905887,-0.14002514758284906,0.059052970597409597,0.98838540292136234,-7.4511566110614966,2.1140427121952743,-2.9247589441490947,0.3236806096383359,0.2501242263634614,0.4723502304147466,True,5
-0.92473613821209277,0.35506014249896473,-0.1370962067060908,-0.35192678300289582,-0.93483251702424597,-0.047283237191884236,-0.14495038492469409,0.0045233088249851533,0.98942858539030265,-16.948413872689997,16.599053083318275,-6.1047215140420352,,0.2830209915795723,0.1428571428571428,False,4
0.78361006145098411,-0.56500212289144403,-0.25831738756991746,0.61893759987021846,0.74586779341455933,0.24616555854503686,0.053586556706684038,-0.35278015232586185,0.93417056529590126,-5.4640753286548804,4.8579049948695809,-2.7944803534878293,,0.1006926550916885,0.217741935483871,False,5
0.0055941677317061077,-0.97834625840146339,-0.20689926041251552,0.99093047686412161,-0.022355404644769032,0.13250292791109278,-0.13425906043628172,-0.20576402638708507,0.96934806449269872,2.2211925591123451,1.0050262951011626,-0.9658473886044745,,0.07638010016148247,0.3443708609271523,False,5
-0.96164659377320671,-0.17612310171315865,-0.21027715455399998,0.18340400444708563,-0.98291569043943006,-0.015482785303462865,-0.20395783838127879,-0.053454639938139141,0.97751920780715162,4.3376883951536653,-16.015690253223173,1.0902846731294242,0.6942921305226216,0.6984338407513726,0.9364161849710982,True,6
-0.65849890524406163,-0.68390961765938219,-0.31408092375273311,0.72456274547055566,-0.68894887158026741,-0.018928291641008982,-0.20344045730518578,-0.2400355957379533,0.94920750792973763,-7.229169392744156,-8.5192307081345149,-1.811824761659792,,0.2611935145535873,0.3623188405797101,False,4
-0.44432785418946252,0.88873946821516359,-0.11276043467465217,-0.894825988391455,-0.43422516866552735,0.1036096201935435,0.043118539987385865,0.14693760762317812,0.98820551049634087,1.3578906972479974,6.3790354681189392,-1.6350712321435799,,0.07120058868705878,0.1904761904761905,False,4
-0.94337505705872327,0.28515539366886405,-0.16949897693203375,-0.30667189793440092,-0.94448716056761295,0.11788278305266278,-0.12647469603348854,0.16318825014223287,0.97845477477436504,-12.83275458569616,2.6349767060555176,-3.9585106541061252,,0.07977188685139223,0.2989130434782609,False,5
0.24953866636387809,0.96713937010125128,0.048702081983141077,-0.95239907935278678,0.23601888481068023,0.19295356866533342,0.17511838178015976,-0.094533194238205775,0.97999848344261242,-14.777011401767496,11.520396175436055,-5.103076596918771,,0.7572215083141816,0.5662650602409639,False,1
-0.55435967376888939,0.82924531188854678,-0.070975804396404801,-0.83220358499004699,-0.5511570546201352,0.06052350181681701,0.011070014840256118,0.092618107588761975,0.99564016638447861,-10.10459835921904,13.640526793157052,-4.5385444765909746,,0.5439126092863017,0.5462184873949579,False,4
0.66155526151963184,0.73651624718382591,-0.14102642869315238,-0.71573404837767007,0.67626686174665229,0.17432126576021839,0.22376194481770673,-0.014385733821639712,0.97453765587267605,-6.5119584103742492,15.778878681852206,-4.0654572766200703,,0.09911153857838133,0.1724137931034483,False,5
0.98514558104564964,-0.037236801134213571,-0.16763533275393119,0.075082870843652214,0.97135147843195524,0.2254747610131364,0.15443686947133334,-0.2347120064874112,0.95971846254958992,-6.9781268707822655,-11.330422673757244,-1.4759776435387231,,0.1116357825860924,0.225,False,5
0.92335640768211535,-0.30651984873495719,-0.23121100043873005,0.36638823579063134,0.8834660351906416,0.29197161735133959,0.11477196986463316,-0.35430685428880321,0.92805929117560426,9.7641442618566803,11.411451792564874,-0.69002866860982437,,0.5110258930221426,0.1891891891891892,False,5
0.92424219029870236,0.34760422173638139,-0.15794834188082393,-0.31592154465763206,0.92855477307216361,0.19488358326457025,0.21440604304215122,-0.13022034570660429,0.96802515993700289,-12.174674662204142,14.983119164159756,-5.0563252533377279,,0.0959679160158371,0.25,False,2
-0.71278040837930234,-0.64964294639046616,-0.26440145921637842,0.66794063486064514,-0.74373445409571659,0.026727702724067812,-0.21400793848031588,-0.15755349566436716,0.96404226996088982,21.670732467278725,-2.4215981389284309,3.0318084985392817,,0.6763249870137124,0.5517241379310345,False,4
-0.97710388881302823,0.1421798577198336,-0.15828101125916857,-0.15747110061096786,-0.98353962931540972,0.08861517950371936,-0.14307635352785461,0.11151092154974701,0.98340961528566428,15.587209021842328,10.428409833532029,0.48772066817900567,,0.2862373284365468,0.5555555555555556,True,5
-0.42213175448848511,0.90481771215060958,-0.055764591193788612,-0.90647398642327626,-0.42059351770938957,0.037496730507278239,0.010473480336901833,0.066377711917317311,0.99773959807669987,-11.483378226233496,13.905151588959326,-4.8175107220266842,0.4228612677005292,0.2096266252560433,0.1428571428571428,True,4
-0.69393123681766633,0.7132254381259403,-0.098837811483082072,-0.71966856062763684,-0.6914228074632941,0.063337699387664897,-0.023164658703504065,0.11508247359888323,0.99308580840605765,-7.5835383658408837,8.5201039558620106,-3.5175008683414202,0.4719955662116122,0.5436752349934337,0.6907894736842105,True,5
0.17406530654224217,0.98415434676799518,0.033785955603096357,-0.96418696984992747,0.16336075384656601,0.20894198064126587,0.20011185929366784,-0.068945528066298833,0.97734423717014318,-1.6238149373695654,-12.703383839485644,-0.40315492787439033,,0.5142929411343663,0.3035714285714285,False,4
0.67064583025652791,0.73799472979552483,-0.074819443686542794,-0.70760970034979309,0.66675165389130731,0.23394602797244363,0.22253692352148968,-0.10395196403742359,0.96936644610918632,-6.1942536395874725,-13.71744107263499,-1.0775413003369521,,0.2489634339667224,0.25,False,4
-0.68895248306192691,0.71146842117571951,-0.13840939907584093,-0.72461115685743538,-0.68052522476650068,0.10873863073551054,-0.016826985485679763,0.17520874443427153,0.98438749912482715,16.899621841366212,0.77223535253419062,1.8246989462616017,,0.1095851879541849,0.4230769230769231,False,5
-0.95045017619577998,0.26865171846018443,-0.15643118850727963,-0.28178083155176886,-0.95703295621966633,0.068465200499515252,-0.131316509013162,0.1091520722562565,0.98531304648967299,-20.698275981831163,8.0468674131367699,-6.059088357265348,0.1776041881536596,0.133882726800769,0.5862068965517241,True,5
0.027060433479287115,0.99373090441872902,-0.1084740639187427,-0.98986163187900911,0.041773661086104565,0.13575312509584433,0.13943343456193633,0.10370077551589325,0.98478650807353374,-7.5465341142138023,18.758642266448785,-4.5652262046980212,,0.08213620998062075,0.3333333333333333,False,4
-0.79832244482923798,0.58028556232413109,-0.16108985144954474,-0.59645334554628082,-0.79881440492551659,0.07835147139743262,-0.083214666186425687,0.1586323190326008,0.98382473372538359,3.9957585618912983,11.754118402928947,-1.7003683346154896,,0.1022326681143518,0.1,False,5
-0.64050623255359385,0.767935867335933,0.0051253994000486081,-0.76674154275572881,-0.63910687561774959,-0.06041364209086425,-0.043118124641112324,-0.042625170933693224,0.99816026875963515,13.044549165653256,17.483629846951473,-0.6897020265944861,,0.333793847001375,0.2727272727272727,False,3
0.19501402906776505,0.98066947620439671,0.016028315811457444,-0.96645843366759188,0.1893522457149866,0.17350453318422915,0.1671156020829378,-0.049326519071248909,0.98470263026802762,-2.97862453078434,-7.9839070074695373,-1.0811996520803508,,0.08041015118034486,0.1235955056179775,False,5
0.96642306214564977,-0.12787450976770096,-0.22287793678311293,0.20456817300853752,0.90777016970220892,0.3662037432779367,0.15549381834972142,-0.39950147527949642,0.90344908196562523,7.1847223553814485,-14.675460143058363,1.5196525001345873,,0.4090390805464285,0.3333333333333333,False,2
0.14032651209537983,0.98994827486806458,-0.017631877066485779,-0.9798326033377639,0.14140716418249277,0.14118103043328797,0.14225519125671526,-0.0025351535669486946,0.98982676946873227,-4.0461244243392098,14.853736122301106,-3.527884591782978,,0.2612874661213133,0.3421052631578947,False,5
-0.59728007108916303,-0.7769033683543064,-0.19919255236945391,0.77507097396099967,-0.62297124647677071,0.1056967898581922,-0.20620742470355485,-0.091257779410372691,0.97424356076610341,-0.76518143707217434,7.9493039770840257,-2.2127671675005649,0.5639846590367211,0.6759957546008069,0.6339165545087483,True,2
0.81012693958034343,-0.5404061354701758,-0.22727857468836915,0.5826711984299342,0.78500388718754843,0.21038814515238935,0.064719520134274261,-0.30286978364740968,0.95083188727921841,-10.473403681781583,6.7165589424650332,-3.8842443886192051,,0.08177542820803622,0.2156862745098039,False,3
-0.71509378401937029,-0.65595161073107844,-0.24159545615794031,0.66521962568445292,-0.74475679088201241,0.05310529200902285,-0.2147643584515263,-0.12273877469826401,0.96892283672358248,-0.080328664201950256,18.261660870455938,-3.1680512296729928,0.5436420147372596,0.3962436324723653,0.8425925925925926,True,5
-0.73759056324353245,0.67524821950114633,5.5449275050634128e-05,-0.67500343660988438,-0.7373209648822252,-0.026984353058613075,-0.018180252444236461,-0.019940832622481405,0.99963585450672388,-27.349843442185605,1.5351296178179883,-6.6177244471933667,,0.1980429014671149,0.4285714285714285,False,4
-0.7450284893523017,0.65040288268231861,-0.14801567569672755,-0.66570492589048824,-0.73900212650797281,0.1035026988142593,-0.042065445422202072,0.17564722376179437,0.98355404075536557,1.1566859278801132,7.177175750354758,-1.7885756694157504,,0.07181320320873294,0.198019801980198,False,5
0.01138364122362665,0.99923587978218309,0.037390764480245253,-0.98997710761438473,0.005998272577125114,0.14110048591534352,0.14076838818409226,-0.038622238179783552,0.98928892827426085,-5.542833413211425,7.1569394069868641,-3.0124503590419658,,0.09504439457586951,0.2328767123287671,False,5
-0.12922190245048432,0.9912199778299422,0.028011702516754944,-0.98525230362814964,-0.13153653387768055,0.10943508784147267,0.1121588076011089,-0.013457184187468191,0.99359916770861001,-21.756974525541796,5.4392406905950255,-5.9762395220650273,,0.4538476122164024,0.103448275862069,False,1
-0.96291098229955385,0.23242442464810292,-0.13704498164436876,-0.24269251285532506,-0.96802450250396821,0.06347366978449788,-0.11791006899699004,0.094379284691832183,0.98852909226293484,-25.193974923482493,-2.1645030701626435,-5.7452214034499951,0.3400860063369361,0.2565245547630873,0.9550561797752809,True,4
0.25854114217811175,-0.93819711373715087,-0.23009270648266753,0.96177558625471615,0.22774955800931834,0.15204558694996395,-0.090245218630331747,-0.26060758738348677,0.96121770994531941,3.0902327669337248,-18.84635875003686,1.1972806117428787,0.6169728237086463,0.2473338991097121,0.5121951219512195,True,5
-0.82571472133060786,-0.52661322443633574,-0.20217247791596943,0.51604796287408938,-0.84994310380231819,0.10626015392603848,-0.2277931056713971,-0.016590121990156498,0.97356821479592914,10.418383246655816,12.638327502993013,-0.67734786586991724,,0.1484839171070299,0.64,True,5
-0.98389636905034994,-0.0047777662529882563,-0.17867598584915778,-0.0089036954770384692,-0.9970915603738697,0.075691112014903639,-0.17851795197231232,0.076063086847907579,0.98099222608682168,-6.9733166973370189,3.8500190789594422,-2.9953791860401289,,0.08208022474081547,0.2210526315789474,False,5
-0.86782498169341571,0.47808468668044746,-0.13533230771135191,-0.48642842615949083,-0.8730118394556815,0.035181165333274145,-0.10132713048745837,0.096360575609866606,0.99017546530668565,0.79359596744363803,-19.572884317932463,0.83577490074612126,0.3365415435300383,0.2595971311908994,0.6388888888888888,True,5
-0.88629375951239198,0.4408823337097324,-0.1417961200881408,-0.45445714009014265,-0.8868952762480431,0.082978773129008504,-0.089174433950984677,0.13798382800736977,0.98641187317365242,-8.7903623667384032,3.6469019901262132,-3.3395740316337834,,0.09395734542503924,0.3392070484581498,False,6
-0.98433213844432677,0.053335109776115004,-0.16806429510990537,-0.069118428150639372,-0.99358521745435469,0.089504516903719966,-0.16221246596857011,0.099718512430506862,0.98170430077648296,-20.195260517640122,3.8749338249188825,-5.4729782099384003,0.9404833491923601,0.7929850544308731,0.923728813559322,True,3
-0.71022945212544253,-0.6318747011647492,-0.31033608775254073,0.6691584957102209,-0.74288070470091971,-0.018845853705764193,-0.21863447338520964,-0.22104890999736637,0.95044008040304573,-4.5171122790695284,-5.399993158671947,-1.659623689655932,,0.09359263421007218,0.2222222222222222,False,5
-0.97972682318571247,0.10723003841410921,-0.16922491185442762,-0.12344836442536058,-0.98840609113597799,0.088396268733460376,-0.15778419835691254,0.10749473413615865,0.98160533254555071,7.226982738664895,-4.4143929193809495,0.54119718823780416,,0.08328056108393098,0.3559322033898305,False,5
0.75985466393222401,0.63179263110983497,-0.15316318413953475,-0.6114489996474517,0.77458674706899666,0.16169567741656832,0.22079631004747258,-0.029213738897722788,0.97488232465720615,-21.843801242090848,13.336732744772229,-6.6520030100991727,0.1766309332181015,0.1034309447562713,0.3684210526315789,True,3
0.98166245762260829,0.10964014728817958,-0.1559418397896104,-0.062252795345606224,0.95757731774672561,0.28137212016943997,0.18017604936838943,-0.26650463155377607,0.94684310875370858,-4.5095429335015123,-27.587778396277191,0.99122747509953169,,0.2378408192577397,0.3888888888888889,False,3
0.98345900855196666,0.0039074387091511467,-0.18108868109497667,0.07299934592846169,0.90642787446181827,0.41600433157918937,0.16576933972240079,-0.42234256276317411,0.89114941827206207,-6.4425489766389905,9.2616945892270692,-3.4104597311389355,,0.1745727365219814,0.3571428571428572,False,2
-0.52704746831190308,0.83837081613245279,-0.13912347322942653,-0.84953328548766549,-0.51538404556100881,0.11257212101449002,0.022675162503198634,0.17752087268423816,0.98385577030725446,-28.630049006644718,-0.10475175347303609,-6.6168579075699245,,0.1037204543392657,0.4615384615384616,False,1
0.525656838667513,-0.82399603850233138,-0.21146020073418312,0.85036984520477921,0.50207246000344075,0.15746228523838177,-0.023579956074518002,-0.26259050523306882,0.96461920581800864,5.1684398339968647,2.3260844051637495,-0.57296772645195482,,0.07090836589632929,0.2,False,5
0.93194191220895994,0.33268669002967083,-0.14423535816646604,-0.29781216411646416,0.92917572081626243,0.21895295099597795,0.20686272543059853,-0.16109638767731782,0.9650159411661261,30.372673195337214,-4.5062809717936929,4.836119774140192,,0.1700930340055429,0.1111111111111111,False,1
-0.98224284662740513,0.036088879817942475,-0.18411024687067112,-0.035185016212072436,-0.99934737923792594,-0.0081749767245333227,-0.18428511845357884,-0.0015518903880651505,0.98287160237376647,4.4895446596333217,-11.737340145184803,0.69281772624763027,0.7447998445999982,0.6522205096538662,0.9452054794520548,True,5
-0.98317845247169389,-0.032048854226918555,-0.17981379685137622,0.027674269222594521,-0.99925807131023525,0.026785103030324747,-0.18053881969914848,0.021358320722647615,0.98333593279079756,-5.5976819143730152,-3.7535290844968459,-1.9731723249844433,,0.07259069852399956,0.2702702702702703,False,5
-0.43197372890819108,0.90019666670128073,-0.055178426880951981,-0.90097734763877002,-0.42798407272807393,0.071200088011872956,0.040478594033887802,0.080471080215160043,0.99593468092744197,-14.205866303605246,4.856605565008695,-4.4778623382141909,,0.2424087901290533,0.2790697674418605,True,5
