axis_00,axis_01,axis_02,axis_10,axis_11,axis_12,axis_20,axis_21,axis_22,location_x,location_y,location_z,dbh,dbh_approximation,score,reconstructed,number_clusters
-0.91788108757198716,-0.27736249430351873,-0.28383860877512246,0.29266945554147517,-0.95613689952479575,-0.012116895648981815,-0.26802779495925982,-0.094192760448148546,0.95879550739896335,-19.749712769541745,1.7815927725933318,-5.8489627277868674,,0.1182075011930812,0.1764705882352941,False,1
-0.7381912616997296,0.6645298854227486,-0.11607623585467911,-0.65608577880348273,-0.74725949983321183,-0.10561576947050542,-0.15692390513235974,-0.0018086705195262398,0.98760904041476005,14.224447166000109,1.7589575101432045,3.4376565927241782,,0.1016270154685271,0.1666666666666667,False,4
-0.54204878745741536,0.81796267803499167,-0.19266595277259205,-0.82682042155848234,-0.56008810102815842,-0.051665361515483663,-0.15017024508803298,0.13129499772838424,0.97990332230363608,2.0846345206373882,35.984340562953463,-2.3834270234651411,,0.3321249548096012,0.25,False,2
0.96261407864761861,0.077504785364761131,-0.25955181339177524,-0.050872241101656911,0.99286929166178572,0.10780809227659538,0.26605666816430579,-0.090573604988353609,0.95969280053813177,4.5707465399741043,-11.900138302205628,1.8071202801038948,,0.09349463492528452,0.2258064516129032,False,2
-0.84186198685592772,0.50088813934825382,-0.20094642805293872,-0.49583418140082119,-0.86486164755145123,-0.078503472210901121,-0.21311231696353933,0.033547018568489587,0.97645160551027721,2.863595252127157,-16.670228118175263,1.8851985324861211,0.3731777310023517,0.252750497372969,0.2857142857142857,True,5
-0.71611976665825705,0.6615469872566978,-0.22254901359680362,-0.6845515631694481,-0.72792388779877082,0.038935471413455137,-0.1362410993921763,0.18022873584284335,0.9741437089120385,-14.861506273283627,16.276965307553848,-5.6690453118435373,0.2684615255237627,0.194379534938685,0.7647058823529411,True,5
0.55962704928940776,0.8069098502015174,-0.18898163760374773,-0.80241903375562695,0.58459266830259882,0.11989623194050965,0.20722273034181279,0.084545288541769542,0.97463369232500474,-6.3953208718471917,-11.925025040237166,-1.2178426209540909,,0.07261639697850968,0.3157894736842105,False,5
0.79656600847424597,0.58212752467910689,-0.16312614491363409,-0.5405137585355082,0.80663445692847413,0.23913537950191449,0.27079045584589301,-0.10231518903213768,0.9571855259645814,11.725458492775996,-2.3102581987431194,2.9968753421717289,0.2485189723024374,0.167414602609486,0.3333333333333333,True,7
0.8640729184796041,0.47958365139370213,-0.1528970662440067,-0.43220873730581783,0.86256715375653636,0.26300857905562591,0.25801860193918358,-0.16117514255068205,0.95260116233244074,5.5784132826004251,-12.37785454246718,2.1862367654177546,,0.2473334118012532,0.2857142857142857,False,4
0.94580984875996865,0.25371265367660917,-0.20266627581573321,-0.22211438755664606,0.960755624939301,0.16617408939973277,0.23687323366936566,-0.11215399463178882,0.96504536300588062,14.689839684301575,-1.8458588940407326,3.8446661160689288,0.6816878946653213,0.6606821071241091,0.8043478260869565,True,4
0.76342520396211788,0.60148383718192344,-0.23537024358297476,-0.59556827277144542,0.7965614999604258,0.10386630468460323,0.24996077777010695,0.060884894593871891,0.96633981558603754,-5.3725281586312414,-7.0364453274072583,-1.5520603774891775,0.2885607317542753,0.266518728752248,0.7784810126582279,True,5
-0.088740553677443018,0.98856052243322645,-0.12195576091176122,-0.99486774252030485,-0.081992140209179915,0.059291347062368049,0.04861367117974992,0.126591399512226,0.99076300321719835,7.2556336883010433,-10.812082716261541,2.4959060897171086,0.7239346941818589,0.2641233780247919,0.2777777777777778,True,5
-0.46324859607024571,-0.7703604970594603,-0.43811578698929377,0.8569289978787642,-0.5154344200449531,0.0002263347523860787,-0.22599431593171476,-0.37532927304331687,0.8989185202026555,-17.477026573812076,-20.495425763002643,-2.9485118536873625,,0.5151830230462577,0.3076923076923077,False,2
0.50331539654165625,0.84138785961766449,-0.19682500169470507,-0.84096150199485897,0.52932146205182473,0.11226104388374961,0.19863877709718697,0.10901953723679025,0.97399043975493416,-15.261912408974915,-13.033136883925636,-3.1442306848758297,,0.0984728399257225,0.4,False,2
0.81294057523447538,-0.43715777733156408,-0.38473458234991814,0.55119339055878303,0.79080487515456155,0.26610805255777292,0.18791877857668246,-0.42839319223151084,0.88383584760290346,16.13342767840966,-4.6268351772828344,4.5311989033866658,,0.324445036277726,0.3103448275862069,False,3
-0.82620844858169851,-0.46693621163046389,-0.31519862588598613,0.49523562710736524,-0.86868581134864897,-0.011253213101790741,-0.2685540413693267,-0.16539508889241589,0.94895900408525125,0.28946171551787947,3.5823491089107549,-1.123195898855506,0.408324900650042,0.1818467170298123,0.3004291845493562,True,3
-0.3550579054969451,0.93075475511654115,-0.087346834928757944,-0.9345465163133797,-0.3557502429687886,0.0080357622025219594,-0.023594333867477238,0.084482841190369445,0.99614555008480277,0.3035839495509563,28.885894788781656,-2.4602973721627612,,0.5299160991064754,0.527027027027027,False,4
0.58486832062193062,-0.71241613320127173,-0.38780446192305562,0.80637988924955795,0.56234124949825526,0.18309503905516422,0.087638585946793773,-0.41980420706239863,0.9033736248009222,-16.358560361266679,-3.781885460219395,-4.3740631376003103,0.2334732879912335,0.1734313151624651,0.5223880597014925,True,2
-0.023987102593914449,-0.92922234708474905,-0.36874170985590893,0.99516946719809396,-0.057317537107875564,0.079702142358590009,-0.095196378428019313,-0.36504866746530878,0.92610858969992904,-4.2612114046473977,-10.056186885666829,-0.95414054987986385,0.1386436968121168,0.1762807343885947,0.2894736842105263,True,5
-0.81770946763889774,-0.46945255286378001,-0.33311488580276716,0.51470597182028044,-0.8554053210386352,-0.057961187973767272,-0.25773821817156184,-0.21885163318666229,0.94110306212724615,12.421681538746949,1.2330867399090768,2.9561205700787316,,0.06584684908629368,0.375,False,5
-0.68414195094751473,-0.67033144751763563,-0.28741179763997349,0.69066517492530166,-0.7220650148505422,0.040046603779718706,-0.23437450181095246,-0.17110775785392876,0.95696955442849396,3.0851650880370816,10.70341471415955,-0.59670896274616114,0.167768116989032,0.1067756785823795,0.4090909090909091,True,4
0.78843097757857472,-0.54093770277690822,-0.29285319753920369,0.59234384166472898,0.79602937109914851,0.1243624283671169,0.16584742034884081,-0.27152097904570283,0.94803533220112601,-11.6730314432918,-4.2087024183654567,-3.3375383659870232,0.8128289491508253,0.7995499992118663,0.9241025641025641,True,5
-0.73355261202521527,-0.51506670508141139,-0.4434037152613417,0.6366613881188341,-0.7490860963816719,-0.18311825983846194,-0.2378294394510107,-0.41662490266935004,0.87741714606347376,6.8180086533526509,17.529377606616418,0.19859322543255148,,0.4383642122656798,0.1944444444444444,False,3
0.95988823420454072,0.14071891893003211,-0.2425134299185337,-0.10489399462408734,0.98235603118792703,0.15483500211679074,0.26002274463494629,-0.12318609436079897,0.95771256566291418,3.8687534489882056,29.854661862612311,-1.4815855105412683,,0.3445259512090267,0.8863636363636364,False,4
0.9341882159938899,0.26227426024545053,-0.24187721990889527,-0.2343450294262909,0.96226398779140232,0.13831277953602167,0.2690256201207335,-0.072527444546812675,0.9603983473049944,-9.3012961895251891,15.357265278671147,-4.457656665967213,,0.08151342467192106,0.2352941176470588,False,3
0.90577345981419466,-0.25430669286349572,-0.3389727798231833,0.33419991213222949,0.92050654803029708,0.20243051589164496,0.26054722840021677,-0.29664086198327277,0.91875967520064095,-13.439505242727012,20.064327827116518,-5.5950915610361518,,0.2211562062989139,0.2631578947368421,False,2
-0.73415053015236043,-0.54824292768432414,-0.40056546446383712,0.63336381059163049,-0.76555579935561247,-0.11302478270644335,-0.24469017656999992,-0.33668087310851302,0.90927042576619188,-9.5933338203709138,19.176309519512333,-4.6666667776632522,,0.1320537829192953,0.1666666666666667,False,1
0.5170594073120528,0.8265222512038779,-0.22250963479136046,-0.83255133126655245,0.54600095782170577,0.093494571308034721,0.1987658172734989,0.13690844503775459,0.97043713220431982,11.581417010853306,-6.5827028858639869,3.3780174909051781,,0.08336326234293305,0.4705882352941176,False,5
-0.95462383611955692,0.21392385455525348,-0.20719535700542172,-0.20109227264243321,-0.97618587907969911,-0.081381984301786295,-0.21967072949276298,-0.036023796824012251,0.97490874273774952,5.6422873587348077,1.7279045339314612,0.76096015046015519,,0.3016723862396904,0.1875,False,5
0.4492961641586618,0.87627795954335874,-0.17398245454884154,-0.87500009396531553,0.47092869923210345,0.11225415716242994,0.1802991747984482,0.10179930185460931,0.97832975509738629,13.057456275049793,-4.4895210515939361,3.6066427776609662,,0.3947023630070139,0.6785714285714286,False,5
0.07813975860829811,-0.95062614142796698,-0.30034000292737034,0.99574247353262169,0.05964331011512633,0.070282301909143835,-0.048898921539989676,-0.30455313952131052,0.95123933932525095,-12.338603010660819,8.326387786122778,-4.7065186463026603,0.1163175612639434,0.10113082631975,0.5454545454545454,True,5
0.63739325663712643,-0.65128461156502826,-0.41177444205791797,0.76440397847727282,0.60175613228894553,0.23146514843657798,0.097038106337852981,-0.46229634650431778,0.88139984906234503,9.7564884234975544,-7.1405721213827729,2.8807166520322718,,0.5586803551532165,0.1612903225806452,False,5
-0.59399178631928629,0.79186690022618633,-0.1418469954260434,-0.79894194499194349,-0.60130397813028003,-0.011193498880684813,-0.094156923896840689,0.1066786680216455,0.98982530553194781,1.5909633467729412,14.983275450749364,-1.3126611520872484,,0.5015661947991,0.3877551020408163,False,3
-0.71631477118453057,-0.63682481200965313,-0.28521449365647911,0.65312470105854281,-0.75577925051777484,0.047178907935409582,-0.24560389542928857,-0.15248568226446277,0.95730185587112415,5.3033687574117527,17.061203375336326,-0.27722476876473456,0.1724149736749483,0.1544768492778964,0.48,True,5
0.77119410314706049,0.61851759141809892,-0.15065073639897764,-0.59792350287046669,0.78499464690511722,0.1620829696341366,0.21851118961351046,-0.03491981438471814,0.97520944754294947,-5.7570095067862948,-19.068393874859019,-0.15882489163064012,,0.1551886107866143,0.3809523809523809,False,4
-0.42436230586655377,0.9005791380049446,-0.094201112253999908,-0.90393733870265935,-0.42742934062280163,-0.014193184065204922,-0.053046404767649519,0.079128850396212369,0.99545200988103821,10.398884421229882,5.2480454421650808,1.9551147014051633,,0.1920792098238691,0.25,False,5
-0.77093900210544597,0.58584966557658646,-0.24986641306198509,-0.5642875525027089,-0.810203181008186,-0.15858866155788334,-0.29535167702784987,0.018734322192705544,0.95520490579185058,11.863942240137728,2.4828881035267387,2.5958753852564715,,0.2721513986791229,0.1875,False,2
0.76744634404672485,-0.55992976168842234,-0.31225753951644103,0.62027506741039884,0.77164762940093168,0.14077917739831661,0.16212633887909803,-0.30172603138520926,0.93950862275244229,4.4352676751111835,-15.833299776769476,2.3158493076505176,0.4760176957529245,0.2178957488398726,0.3076923076923077,True,5
0.67152183066625526,-0.61481444508617633,-0.41359597320575836,0.73405290107880006,0.62813694197235248,0.25808975289115726,0.10111760161533892,-0.47691422734386796,0.87311399622303776,-9.3012505799887588,10.935625205421839,-4.1866973553289197,,0.1804627669184644,0.358974358974359,False,5
0.95085800073621252,0.18412232806336132,-0.24893378787231846,-0.14905810082919033,0.97689019563552382,0.15319017020808795,0.27138670751001687,-0.1085565013240383,0.95632878290217571,-4.0787484116798822,-1.809902556569692,-1.9281126642153683,0.3799370483011396,0.2761180156728237,0.4869848156182213,True,5
-0.93881518001334308,0.24568071006884754,-0.24138567993271492,-0.2544466373061875,-0.96707210886687878,0.0053333868544500063,-0.2321270482733232,0.066426839092588313,0.97041460649975753,9.8976168411659007,-15.485661703659295,3.7976084361160316,,0.1716683524088348,0.2941176470588235,False,5
0.64659075086063023,-0.67947426701974689,-0.34674936389193456,0.75452040020441413,0.63659007842917992,0.15953694782368932,0.11233595407016608,-0.36478458369770139,0.92429045268229248,-15.874341801379032,-16.201127868084185,-2.919845573340305,,0.09645685963211383,0.2142857142857143,False,3
-0.44878937563301774,-0.82651968062040437,-0.33978421662294922,0.8772052812666814,-0.48003025480819761,0.0090470429765556748,-0.17058426315685993,-0.29400029254393967,0.94045990725139872,-19.479578819264294,7.3753992253700806,-6.4492146291115633,0.2202425314387483,0.2248460544163307,0.4705882352941176,True,5
0.89868749485461585,0.40833159969025679,-0.16008151450536412,-0.36745405739958875,0.90025649509138439,0.23348609968551853,0.23945417576754627,-0.15100843599008659,0.95909235737092235,-10.334191667528588,7.7129897142241512,-4.2205086681990513,,0.2158104719193033,0.1688311688311688,False,3
0.96633115380917056,0.053869160865714305,-0.25159931376190398,0.010256424975311623,0.96899654497837673,0.24686130026128941,0.25709707684951039,-0.24113027459776268,0.9358190443391522,0.69456685064631229,-18.070759232417167,1.4157399343723802,,0.1193179371628292,0.2857142857142857,False,6
-0.1391343763375967,0.99014924123967096,-0.015687746608479103,-0.98963385392448133,-0.13845774894563989,0.038135114048402405,0.03558736415817431,0.02083103044522755,0.99914944211707557,-5.9826405453412868,12.903385070498853,-3.5288717261634259,0.09082021701072729,0.1440535030715602,0.131578947368421,True,3
-0.59561841140469418,0.78112677366888694,-0.18729567921707477,-0.79695116230441165,-0.60382974973864756,0.016077258230538904,-0.10053632625771379,0.15884142025365847,0.98217200648074099,-16.607761847901017,-27.380910821850037,-2.0205779426334267,0.5309000262344151,0.50430502462326,0.7894736842105263,True,3
0.65104718412926366,-0.67050030470395128,-0.35576242835530791,0.75077729375417301,0.63780622440775092,0.17186237310676816,0.11167371768019974,-0.3789888672489452,0.91863835064776422,-6.9001671629337773,8.0486989839703984,-3.4274918878367862,0.3290234425715589,0.3569054311972116,0.4863945578231292,True,5
-0.36009807682531758,-0.84635271639268028,-0.39244930184858184,0.91958572899523972,-0.39287392496933593,0.0034879947652099175,-0.15713517141302691,-0.35963475712717208,0.91976702450733605,-10.700067700885958,19.262257693202503,-4.9084142286765218,,0.1924784730441901,0.3333333333333333,False,3
0.21612861671372524,0.96369877239108281,-0.1567580847335549,-0.96749192403833473,0.23298214675295731,0.098380364987051411,0.13133087206751362,0.13039936881098846,0.98272488859074036,-23.691741050292993,-14.800321405915243,-4.9825319151358576,,0.2277053831052442,0.6,False,1
-0.083654622664007014,0.99527382019101052,-0.049314571369256793,-0.99527807346886588,-0.081005304602145167,0.053476135784249021,0.049228656075951858,0.053555237546897339,0.99735067852398329,2.1924585512999699,17.380085281430429,-1.2375257364024557,,0.5336916101221091,0.3529411764705883,False,2
-0.89708551846019757,0.38532838009333936,-0.21623970972890888,-0.38705427139770959,-0.92135078023293315,-0.036079506051977697,-0.21313508289764949,0.051330100903948753,0.97567343777485493,-7.7823655000753877,4.5082973916212898,-3.4878788847840574,0.2408623025971361,0.1660934930269582,0.6153028692879915,True,5
0.63147124023892764,0.74673293098187743,-0.20888753562222273,-0.73807716225495446,0.66142706717940536,0.13325290751095961,0.23766820424445625,0.070029740751092084,0.96881869310080426,0.50368664686236031,25.249618383259353,-2.1856107769189341,,0.159052085661373,0.2727272727272727,False,3
0.95992063026586472,0.15581460406039432,-0.23296822262164343,-0.1015370937202074,0.96809055648485187,0.22910891087800089,0.26123285051623757,-0.1962714538753724,0.94511105919082783,13.549742599800084,-14.720244107753693,4.8517166451951619,0.6269948351957823,0.3693406662777629,0.2666666666666667,True,5
0.8548218212427251,-0.43188409316075005,-0.2876730505313061,0.4817232353688638,0.86655466561594374,0.13048270385378444,0.19293101988282005,-0.2501182551793385,0.94879844012994574,-2.6619567377775439,11.758111452149043,-2.5372620724703703,0.369087350231047,0.3768084418394285,0.8299319727891157,True,5
-0.51266458977280094,-0.78718357188065058,-0.34280758823909813,0.83164811514243053,-0.5545134869231011,0.0296007668891696,-0.2133926685083839,-0.26992001960137185,0.93893916312254566,-20.214304749248289,5.4206657894725927,-6.3620512511045533,,0.1552553861107964,0.2,False,3
-0.19626635820261182,-0.90555618384834979,-0.37609508708822187,0.97240074008334254,-0.22909807458016929,0.044168686974217455,-0.12615988793293742,-0.35704631368727535,0.92552774813026306,4.3558994897595822,4.3896296797296399,0.19182484363059563,,0.0703862269577368,0.3636363636363636,False,5
-0.86708182414325774,-0.41798162249052984,-0.27103592658646847,0.4438316195477251,-0.8952498524334418,-0.039258059141343171,-0.22623572602496919,-0.15433426378509033,0.96176833556312824,-2.6790777044398233,9.1095956533653979,-2.2916902398847681,,0.111760534498319,0.3694267515923567,True,5
-0.57929837541238116,0.80860255424544913,-0.10283628499859032,-0.80971643443754515,-0.58536000512566322,-0.041387923371824648,-0.09366262886725138,0.059292273248871596,0.99383687710139657,0.25429756876767873,-2.8269772416040309,-0.508098999128061,,0.2526852428635782,0.1650485436893204,False,1
0.83468128147928267,0.49231038372954122,-0.24685551324646182,-0.48462787810595837,0.8695006055556419,0.095417591150101982,0.26161608916620255,0.039989786326556809,0.96434321632857323,7.2294924094214323,10.406011265341137,0.66117057297525961,0.3977846692236751,0.3741985743464465,0.7474747474747475,True,5
0.91662001086493561,-0.27427016650725061,-0.29083265195993724,0.33522000341672792,0.92371703422754481,0.18540331708779501,0.21779647607629884,-0.26743731310711605,0.93863836410344559,7.2484433166441429,-6.0126293066533085,1.9436934683020668,,0.07593781116402423,0.3809523809523809,False,5
0.05202358534037696,-0.91342495230936283,-0.40366867981919374,0.99644347503979813,0.020648591933924397,0.081694777689627351,-0.066286858568979326,-0.40648307732276445,0.91125054745183631,0.45724691492822145,-7.5799396673901098,-0.018669365161222463,,0.09353983157350212,0.2105263157894737,False,4
-0.95498812808509692,0.20308817903402163,-0.21622411233063099,-0.1704174852975997,-0.97221653593882729,-0.16047706363200498,-0.24280765210628455,-0.11640532111442957,0.96306502651424408,-15.014353146589142,29.122336548327969,-6.5066377972715479,,0.3786070043059762,0.25,False,1
-0.85923741339246407,0.44873148620058079,-0.24566465093465303,-0.4702471120297726,-0.88188396798001412,0.033886880167450166,-0.20144160705843608,0.14463996789284309,0.96876238502208112,9.7322977424373658,5.9898553311013796,1.6515046678913632,0.2554301665486378,0.2422933439387455,0.8115942028985508,True,5
0.47637836436160252,0.85077879659525246,-0.22189883558076129,-0.85802470513040041,0.50494128473266719,0.093956928208687202,0.19198244543200596,0.14563563518746708,0.97053232939943279,-1.4692804416338514,-15.17670468495956,0.47575223175909476,0.6682859052326269,0.761845819481762,0.7981651376146789,True,5
0.32201375342575456,-0.78006387327175442,-0.53647692981238859,0.94630033480513709,0.28237100866698911,0.1574239175350213,0.028684820939711732,-0.55836096486113385,0.8291020528059263,-23.861904400801293,14.97257561506277,-7.6914139054329196,,0.166576828619353,0.375,False,3
-0.26840332946753426,0.95919113781365517,-0.088949501800122677,-0.96294098911438275,-0.26461133470343096,0.052206254700807656,0.026538730454921444,0.099665453825368483,0.99466702624527925,10.578774749327089,-14.342204315633179,3.943008438516693,0.3841896262704233,0.4073401473359925,0.44,True,5
-0.96583622028488292,0.029226646479448833,-0.25749990042984128,-0.027353682341014839,-0.9995668934964238,-0.010853639403340803,-0.2577055910301515,-0.0034392675784569214,0.96621736674017922,7.5464142578768314,1.6115752790128797,1.3937955315680857,,0.1024021681108861,0.2916666666666667,False,5
0.23840433056422897,-0.92927059221180242,-0.28216934918333636,0.97103123350172282,0.22324814448318189,0.085197473841298069,-0.016177723336245696,-0.29430669791077158,0.95557409384752223,-8.6289603924202094,-9.7106803207999324,-1.9589738366029523,0.1533992643650388,0.1582721850548652,0.5061728395061729,True,7
0.24987742871485372,0.96669612729443122,-0.05531607445221326,-0.95815260871947905,0.25510066445420687,0.12987389806685309,0.13965976164561655,0.020548685334388972,0.98998631430344441,-18.982964812096558,-7.0589324527971078,-4.6558995971798183,,0.7409107229055221,0.2083333333333333,False,1
-0.49261472128730888,-0.78242880820593119,-0.3809670542979724,0.84926378782077583,-0.52777765604167881,-0.014204382403347135,-0.18995198095133456,-0.33053881144670233,0.92447949628970472,6.730426410897377,14.987353562590902,0.2894756382946449,0.3189499300121491,0.2036599320295055,0.3333333333333333,True,4
0.6623352076067972,-0.67133635278349912,-0.33259521072290166,0.73927754214006791,0.65766485519369289,0.14472613423428518,0.12157626598889273,-0.34173738407497894,0.93189847723547103,-10.116962596924804,14.0166111318667,-4.5974640150294794,0.1919098781795662,0.1374067939024989,0.6721311475409836,True,5
0.19436758229450055,-0.92897547602047881,-0.31500128238709607,0.98065593957456298,0.17644874965392371,0.084733505313408647,-0.02313376601682187,-0.3253773251136155,0.94530123514771036,-8.4619656057040284,-2.1887329393899693,-2.8795480489859968,0.4671175570930235,0.2921578300096171,0.5535714285714286,True,4
0.94351698200894973,0.22426241066159244,-0.24388947460883767,-0.17602422636871784,0.9629190767761181,0.2044561647686931,0.28069766011140529,-0.14997740744818808,0.94800611857893746,-4.13203497205114,14.082414363979415,-3.2050271436981661,0.3102870292696547,0.209669337301384,0.3376623376623377,True,5
0.96103230826441643,0.078567046804688886,-0.26503607608843976,-0.029261835570556345,0.98228703473933265,0.18508356588863001,0.27488297046381238,-0.170115844468994,0.94630859237861287,-8.4775232592888763,17.361922563741494,-4.3029974131610134,0.4559207055879737,0.3136088399215148,0.5121951219512195,True,5
-0.31782988757391695,0.94584007568500827,-0.066111374157032499,-0.94810111028163291,-0.31634911243747887,0.032055011195701595,0.0094046396788268205,0.072868307845037422,0.99729722874593107,20.126913690868363,5.7301086095266704,4.8278468961249219,,0.4217553307671388,0.35,False,5
-0.53372422319998503,-0.79317071221838487,-0.29328940459646902,0.82205877404749417,-0.56798916701893709,0.040095862138922224,-0.19838806814196766,-0.219700995510063,0.95518252024981265,0.65814018071461089,-12.10039142108303,0.66061455391756974,,0.08818363338376434,0.1875,False,5
0.77212670855910337,0.62918250001597742,-0.089161244962885217,-0.58406276185946959,0.75792880302576704,0.29054194146976164,0.25038178076444695,-0.17225942998156707,0.95269914067540329,13.102690670196811,-2.5540588354888616,3.4307664417756283,0.4748467619526501,0.1638775944737638,0.3076923076923077,True,5
-0.95258100409381008,0.17347997655181294,-0.24998825647460354,-0.18769452276356358,-0.98163882258605617,0.03399982524102757,-0.23949988886049159,0.079309014162608105,0.96765173668441706,-0.62030257447960324,9.1154947964911592,-1.6688407883458509,0.2242163544706494,0.2230654972200398,0.7871621621621622,True,5
0.56678078697460632,-0.76979948568455603,-0.29354436011655627,0.81898114551009116,0.56519471881404615,0.099120195337226019,0.089607046683976871,-0.29658671862459374,0.95079277212233304,-17.290163162663017,3.3902395328587356,-5.4311582162402043,,0.07337032007391947,0.3529411764705883,False,1
-0.22946248477204276,0.95728620649526441,-0.17592636793882199,-0.97324486416349809,-0.22345795408980906,0.053488102727338449,0.011891276702422612,0.18349294702495389,0.9829491013935987,-1.7938818619470591,-12.915535271746213,0.10450616420063243,,0.0758064115019923,0.3333333333333333,False,5
-0.96008510940683012,0.11082840494076844,-0.25681442201239424,-0.12608724433286342,-0.99105712087705766,0.043678255178313231,-0.2496769703273008,0.074315865178050153,0.96547323249845618,-9.772331557288167,1.2964260987522449,-3.6080475063943203,0.1792334950951249,0.151218450913751,0.7685009487666035,True,5
0.50867737936042268,-0.78204364777226121,-0.36007645952779122,0.857662452631207,0.49683872287249908,0.13253829937436137,0.075249193175981249,-0.37624329420400404,0.92346009252857508,-14.553129145241117,-0.65874666073046706,-4.3518841845292462,,0.134988021322032,0.4363636363636363,False,3
-0.79294401142499227,-0.54474469116323332,-0.27293408763787003,0.55390329714535347,-0.83110486133306871,0.049556501894788697,-0.25383248837914635,-0.11188355964133101,0.96075550319799685,1.6253664183441301,11.439559503973658,-1.0796730794475062,0.4039352688977849,0.4189270659588796,0.9576923076923077,True,5
-0.92553078832042857,-0.27540247408711044,-0.25989658931517912,0.27922405466541117,-0.95995365033397395,0.022867367725313184,-0.25578640926986707,-0.051404926584673341,0.96536565422416554,3.4839778190231874,-4.1085498184570479,0.6165032058556007,0.4383009773071178,0.2700512636306951,0.2409638554216867,True,5
-0.032025183327513522,-0.93854693896528474,-0.34366267034947734,0.99578588899399378,-0.059524227391450364,0.069766249962947474,-0.085935155281646552,-0.33998016076286763,0.93649807227477733,-11.701971732821944,-0.43004034496578053,-3.7366892883535585,,0.08793426870369132,0.3181818181818182,False,3
-0.24809672684231748,0.9680360241961633,-0.036800407451739015,-0.96869033514228764,-0.24827201746196384,-0.00019986817973266513,-0.0093299909995373104,0.035598612386606304,0.99932261560724067,-8.5177021046472277,-11.142842200649422,-1.7659207620067041,,0.3013322465698544,0.4375,False,2
0.19495212109464205,-0.92765916536439375,-0.31849983264695292,0.98056067885329834,0.17697775142631345,0.084732700811702866,-0.022235682302540284,-0.32882723186427715,0.94412828896131384,-15.655199858526622,2.2249151422014419,-4.966400426000642,0.1819285119422164,0.1560226267074188,0.5529411764705883,True,1
0.96161209747528331,-0.062108016414071439,-0.26729154174102832,0.11593852817465528,0.97479782767047007,0.19059762027272925,0.24871757411546355,-0.21427036534724594,0.94457809569144513,-20.198120022042481,-2.2834633352432157,-5.5113428090561509,,0.1424520663439223,0.5,False,1
-0.020403428832596521,0.99979099929839577,0.0012875611783549623,-0.99732858929946278,-0.020443487965762376,0.070126662302841328,0.070138328022673738,0.00014670278991821273,0.99753726417636879,-12.557550870390758,12.521347255303683,-5.0122687848735117,,0.07919242950622059,0.3888888888888889,False,4
-0.96628282951597433,-0.0017064851953974489,-0.25747734131546685,0.022006658764336506,-0.99686634818026743,-0.075981516408724942,-0.25654083564343821,-0.07908585065621529,0.96329238960626606,-9.3861281641354779,5.2408967620936178,-3.8530480698162761,0.4100711647918414,0.2886051545435651,0.6063829787234043,True,5
-0.32585820375834518,0.91953143535272186,-0.21972339529860929,-0.94523040597060237,-0.32151018389961417,0.056308802841898889,-0.018865594929298832,0.22603791948918742,0.97393580295672688,8.2677805829483244,4.008850404187859,1.418484402362838,,0.1039031367435188,0.2258064516129032,False,5
0.32004930261968734,0.93969348859618629,-0.12060095929378534,-0.93171249802850031,0.33525896159542057,0.1396898338729502,0.17169817969374029,0.067657787134148495,0.98282356449668362,5.2657495915296346,-24.996056511964845,3.4568167443306841,,0.2408398052930456,0.5625,False,3
-0.6751765739080845,0.73653666099395576,-0.040624389935310978,-0.72557225802435277,-0.67303577389928815,-0.14341459283221109,-0.13297177306174301,-0.067354243100649858,0.98882855617399912,-0.86830192527203032,-8.3044995422148116,-0.27282956398146191,0.5494172924014868,0.5793178032086812,0.1639344262295082,True,4
0.69859879159203364,-0.6190655257021791,-0.35877235578181876,0.70075662594664845,0.69327541369334966,0.16825383193313864,0.14456790645928336,-0.36895402918981746,0.91813563527758801,0.22339339490662041,-10.50870830212148,0.36577058661536282,0.738786756177022,0.5516993391618407,0.2389380530973451,True,5
0.64132943974504619,0.7586712937770439,-0.1145181981825226,-0.71403693013228153,0.64477546272272568,0.27279271448842241,0.28079852585719201,-0.093179776074861553,0.95523280785736531,3.0021700637103277,16.053307435219597,-0.86637452814796612,,0.4214404169422672,0.2,False,3
-0.31127176162608061,0.92825916311179657,-0.20358000027798778,-0.95023939237087085,-0.30682582935506675,0.053879565952364969,-0.012449401625629214,0.21022092317265798,0.97757463953378054,5.4768725103556912,-6.2420211357603765,1.4344511252845979,,0.1104809101969658,0.4320987654320987,False,5
-0.53578252295671269,0.83112914129468685,-0.14886718437888286,-0.84058940042432195,-0.54167157251264964,0.0011693698954470394,-0.07966522446098126,0.12576270521275432,0.98885650829083971,-18.000523009533094,-10.322841316338438,-4.1472438596297163,,0.2085683591285981,0.3,False,1
-0.63465596107468691,0.75112931519115445,-0.18170460349928916,-0.76873242414561715,-0.6376975987742135,0.048910454759760184,-0.079134512948330599,0.17072353199858223,0.98213604173880142,-15.675878617266386,23.907058235883177,-6.3271860133870259,0.6250479035563447,0.4737338518164945,0.9871794871794872,True,5
0.7702094244624017,-0.57216850411217857,-0.28178120123835027,0.61859689904126136,0.77774054702581297,0.11161325193956581,0.15529107819134813,-0.26027455583291509,0.95296476147869558,1.6769345718564781,4.4572752734373369,-0.69919163339619805,0.2736861769462982,0.1769099722801289,0.5151515151515151,True,5
0.85259963524835802,0.48543682857176851,-0.19345528537765622,-0.45990041021727762,0.87282599109762293,0.16329850564666046,0.2481239098844501,-0.050258081247059938,0.96742371823985041,-6.5113406099284745,13.540495823546998,-3.6396660314852425,0.3556907062793765,0.3064837166335791,0.4482758620689655,True,5
0.52845576658246474,0.83716405014142914,-0.14103494572813341,-0.82405978739093189,0.54576797517702813,0.15186436078414928,0.20410774010544314,0.035967630196673706,0.97828746286921386,-15.05609871467135,-16.27622584060456,-2.7392661797706399,,0.1056107990051946,0.3333333333333333,False,2
-0.7632537967719577,0.62172621607724321,-0.17578439622294484,-0.62677978604805973,-0.77853478636747953,-0.032104302161743037,-0.15681435366298765,0.085674375737540151,0.98390505630738756,17.040070780577086,-2.6433683904921104,4.5857136383560668,,0.541063678355812,0.5588235294117647,False,1
0.87643568349083256,-0.37969223179293621,-0.29613223704969593,0.43734364602443893,0.88501403312304394,0.15962674104715241,0.20147215188707426,-0.26941412414976246,0.94171386403865198,-19.679193725164929,-16.399358921535999,-3.863915706144387,,0.1543085835732962,0.4642857142857143,False,2
-0.90126714080248616,0.38791040813869998,-0.19298460085555766,-0.3964154382611394,-0.91805175202683842,0.0059817145268817318,-0.17484948160615299,0.081893197874546353,0.98118355210630182,11.04587481229084,-11.137647337861825,3.7479157753764696,,0.246689193261723,0.5121951219512195,False,5
-0.94542752320221402,-0.18487784442458879,-0.26830389675262623,0.1906649516049039,-0.98164456376509368,0.0045636235534848996,-0.26422277456954024,-0.046841574176748169,0.96332351384538373,-3.2966870402145596,-12.554698377175335,-0.35747065148358353,1.214829129239314,0.9111288129976852,0.9891304347826086,True,5
-0.11926864467559468,0.97281693806302072,-0.19849986250608737,-0.99228342308204776,-0.10996817287322025,0.057276602827853018,0.033890982190263846,0.20379942583975649,0.97842587626941113,9.5499055256278709,1.8949326479426523,2.0016788883170413,,0.1211383565455082,0.5230769230769231,False,7
-0.15869598597337384,-0.87910082348584462,-0.44944112649205492,0.97840104180699694,-0.20109623180308261,0.047871776085522816,-0.13246503473339802,-0.43213660768454853,0.89202632633346013,6.6454605918235803,9.0628267812347634,0.57264971189127023,,0.1669697674748051,0.296875,False,6
0.9553316923750691,-0.12725657295260423,-0.26673417888254519,0.17046329040350514,0.97455061069278248,0.1455794416225582,0.24142001608938179,-0.18454504013569178,0.95271165836926719,4.8281392587062744,-9.6590917423872789,1.6675527621076611,0.1385556066829749,0.1455062784569424,0.2452830188679245,True,5
0.94647649338163142,-0.154895742611698,-0.28317760574731482,0.21931843155835823,0.95231310223794741,0.21213010367394552,0.23681569427466748,-0.2628822250109501,0.93531345693222001,-24.220153066145883,-2.4518123788066069,-6.3590056387549652,,0.0946172117350828,0.2307692307692308,False,1
0.52914144429896193,-0.80246074216238339,-0.27580081438133131,0.84498214509059999,0.52802307604272702,0.084833988733673774,0.077553248824900584,-0.27793594307784963,0.9574638923437947,-11.780022436742785,-9.6782681314852006,-2.7175776078550591,,0.09839070585264015,0.3333333333333333,False,1
-0.64770815001742177,-0.70407223525257734,-0.29112959304654773,0.72703810342043707,-0.68542405872578083,0.040118024561181846,-0.22779321450785872,-0.18567753570724913,0.95584209164372969,11.415907794461162,-9.9418580703423558,3.6533619179418944,,0.1168504832002578,0.36,False,5
0.30856804129241228,0.9355612638367643,-0.17178732636932256,-0.9427106884648887,0.32486273657491499,0.075899672193707801,0.12681609419556761,0.13852553552761815,0.98220586144645194,9.4176569184979755,8.5097008214381074,1.4908584716760538,0.132683636507369,0.2466055972230334,0.4634146341463415,True,4
0.04541084065568482,-0.93278753578052365,-0.35755456736481867,0.99472418345741775,0.0092638311289107433,0.10216643420316113,-0.091987251268411202,-0.36030763872739874,0.92828699822779426,12.423593606339326,19.126466771032661,1.7458190440509929,,0.1982831585703755,0.2142857142857143,False,3
-0.70781127715348935,0.66761382072980335,-0.23085706033149692,-0.69390526481341341,-0.71831112249472673,0.050245544723813068,-0.13228257405483534,0.19575729276560844,0.97168945807315776,-4.4793414172371273,22.223955401879198,-3.4334029958031742,0.2079291325867675,0.1139538995580477,0.3333333333333333,True,5
-0.92580122503408868,-0.22286832061032538,-0.30532245805658387,0.2553020878536133,-0.9643066467888628,-0.07023912653504566,-0.27877039954587568,-0.14297693040191284,0.94965502247388756,8.0119027526435662,-13.545311802398688,3.0727231285508827,0.7913242279696039,0.6414929123812652,0.6,True,5
-0.88239398300892902,-0.34450633147963988,-0.32046255057351092,0.37195221208507229,-0.92786820148121862,-0.026686187532733149,-0.28815344987464775,-0.14274448588457314,0.94688521008350812,7.2492069082049584,-3.3643080804302854,1.712130748906763,0.4758712405272273,0.4033406423142751,0.8112244897959183,True,5
-0.29648402043504346,0.9522669117248963,-0.072697692264621722,-0.95451085923040513,-0.29798901763807617,-0.010562432405872665,-0.03172136878993314,0.066259144282305144,0.99729809012204074,10.842927592535954,-2.9389044623048681,2.8746810745987674,,0.6113486197418919,0.782608695652174,False,3
-0.16216232321701096,-0.94481781957527822,-0.28464481154919452,0.98047200223773467,-0.18680279214558618,0.061476578259839286,-0.11125661219355415,-0.2691170835521739,0.95665979406661761,-4.4940334833268407,-11.31213287481066,-0.80934001112602705,0.2166530721820161,0.212178209859305,0.5797101449275363,True,6
-0.88506016938325993,-0.36584878030171825,-0.28779014319990326,0.37599739843694419,-0.92637562639730908,0.021310917053086263,-0.27439834718876432,-0.089346901282242125,0.95745635842650079,8.4066353210280003,-4.640329376551902,2.1851859428692166,,0.07548740201054358,0.2162162162162162,False,5
0.69106207613258375,-0.66752195597968589,-0.27721407831561801,0.71063402876063697,0.69753607791189709,0.091884150857012376,0.13203213282663226,-0.2604954093575208,0.95640454704319999,-14.498555953210024,-2.5630665301808113,-4.0783463083721339,0.2382630419910796,0.1552278363099121,0.7039473684210527,True,3
-0.035930797750671768,0.99510223207749582,-0.092089768635752911,-0.99715016867767514,-0.029582208770901796,0.069400533357597605,0.066336406890067146,0.094320944856489619,0.99332927092797119,10.851308400148541,-8.2106151108839764,3.3384687131598603,,0.2327569015836659,0.2631578947368421,False,3
0.058585803622744674,-0.93540964510167168,-0.34867821765152179,0.99663463292274668,0.034745667878294056,0.07424383491329839,-0.057333341720320209,-0.35185442218971208,0.93429725115336015,-13.077131800533611,7.4002111553180105,-4.8093000895610647,,0.08176451099373046,0.2432432432432433,False,5
0.64798501549104048,0.75036987432937019,-0.13061573947270555,-0.72598177783516216,0.66035422298616053,0.1920488438799941,0.23036032199659318,-0.02962012632096514,0.97265449681084415,-14.347491332269573,-5.660727147016944,-3.7085131493415107,0.2614362398018913,0.2122234577304921,0.5066666666666667,True,3
0.91853664403959134,-0.28733090584770443,-0.27153523546903457,0.32560664279885471,0.93938372264935643,0.10741757671208757,0.22421139070472176,-0.18708065684665498,0.95641522369318233,-3.420218286028093,7.2626744825267755,-2.3821546013020867,0.3038855571186516,0.2712394149059213,0.7283763277693475,True,5
0.84953305593803996,0.48912035525304193,-0.19762303748731713,-0.45822974522968479,0.86980073853664541,0.18295402654176504,0.26137920241540613,-0.064868739144865115,0.96305397524045444,-4.0237052766318184,19.349237013002156,-3.2147956539144618,0.1781000740934501,0.1265091164990298,0.5641025641025641,True,4
-0.7925599806186111,-0.5366018928243238,-0.28966719824512371,0.55411877195117321,-0.83205501602946519,0.02523562702866939,-0.25456053050924937,-0.14050928409738439,0.95679468925642019,13.000302527445509,1.3852677249653278,3.0226895205540285,,0.07639819639354904,0.3529411764705883,False,3
-0.095840357544684104,-0.92345570523681753,-0.37154298046293444,0.99070544971187346,-0.12469073887688464,0.0543592820917667,-0.096526357938662613,-0.36287984251527372,0.92682300474210755,-3.359411316368242,10.165390288454233,-2.6362544463007906,0.3482570634547453,0.295499744708793,0.7912371134020618,True,5
-0.1668382917359276,-0.93873733184425667,-0.30155796492973541,0.97808618174011874,-0.19620531196756427,0.06964837862252353,-0.12454880770072882,-0.28332966197988663,0.95090057163863873,12.817099942424752,-20.782487511797491,5.307659369156843,0.391796778741352,0.3470381770705,0.4347826086956522,True,5
0.23478795353819698,-0.91507464574980613,-0.32789176503720274,0.9717079684050991,0.21204669894276884,0.10401837148076107,-0.025656208047572293,-0.34303730143140621,0.93897133545986278,-0.11545499596100044,-19.664146129329765,1.4121656504610067,0.7488702354753114,0.5117424885321993,0.7241379310344828,True,5
0.93567961339433969,-0.17949600435416505,-0.30378420877179868,0.26734959178526269,0.92251358524793559,0.27837543139661669,0.23027778192971979,-0.34168680023361842,0.91116533828698665,-21.877866073246267,-3.8787117497616093,-5.6924928039966858,,0.3255467772638403,0.2941176470588235,False,1
0.017516658015323108,-0.93008729824500991,-0.3669206785332127,0.99755125522667687,-0.0085947529504341539,0.069409101834006948,-0.067710116582802848,-0.36723799893940717,0.92765920048653883,-5.4102422859647792,-21.158842453069937,0.17122682570362913,0.5525063969454301,0.3280866080078961,0.1935483870967742,True,5
0.53561337596055125,-0.72952478071533888,-0.42533740232241268,0.8405963696220432,0.50873951330858647,0.1859619611016827,0.080722084155343293,-0.45714079004260755,0.88572357042637062,-5.6255092467272449,17.62110436489975,-3.5830700357539427,,0.09762929641406148,0.3636363636363636,False,5
-0.26637061061513545,0.94185194624723878,-0.20484532982425502,-0.96385454710146268,-0.25905145300612475,0.062263606763895044,0.0055776188784550929,0.21402629755640662,0.97681197480474335,11.754954831127769,-4.5252030777567711,3.196790075762431,,0.07503777021367859,0.2962962962962963,False,5
