axis_00,axis_01,axis_02,axis_10,axis_11,axis_12,axis_20,axis_21,axis_22,location_x,location_y,location_z,dbh,dbh_approximation,score,reconstructed,number_clusters
0.61550735791771738,0.75261074785833837,0.23393963870465539,-0.77895442708708751,0.62608767936436105,0.035273478274440287,-0.11991952664424335,-0.20393940265741375,0.97161104726796887,-15.314934600543463,9.5653470688464886,1.5490556322642119,,0.2696167092264589,0.1818181818181818,False,2
0.92557260764460514,0.3251183682600351,0.19394172990333799,-0.34722460444134856,0.93318517570496862,0.092738891059991072,-0.15083243036070254,-0.1531779176788223,0.9766197333082437,23.255067380436476,11.156102329146128,-3.1659205971301758,0.442599352552255,0.307463066380558,0.3333333333333333,True,5
-0.96385324512677328,-0.24437601062889738,0.10614747895118935,0.23431650335029347,-0.967120215603398,-0.098864881676601665,0.12681757810445735,-0.070419130925775453,0.98942329055029732,-19.632643141753316,-0.34099427897133494,1.851893698149504,,0.07631537944130305,0.4782608695652174,False,5
-0.66746316373339309,0.73292939242249966,0.13155770894249205,-0.74406100306564926,-0.66343307747943925,-0.078928926402822008,0.029430405636881284,-0.15056911180367699,0.98816131972198873,-4.9828062861402813,10.3781825147405,0.002085236046015326,,0.07549041282377386,0.2695035460992908,False,4
-0.040441199890835243,-0.99851087591951782,0.036613385828511702,0.99762077463869692,-0.042398471912292061,-0.054361379570324338,0.055832780341622007,0.034327834914840302,0.99784983859766396,-14.851943441613839,2.6725237475625265,1.2053729048356918,0.4658128994995292,0.4982322056816895,0.7078651685393258,True,5
0.77336368196932048,-0.6309093101307538,0.062145456802508985,0.63173291004686893,0.77514638785593204,0.0078490609384599813,-0.053123871983979713,0.033189151604672042,0.99803623904204619,6.628736411010121,-13.350695602006583,-2.9109451382992035,0.238397761158073,0.1902080635906898,0.2653061224489796,True,5
0.87250421474230588,-0.48768586805849623,0.029981483501392431,0.48721919019392645,0.87300812718255527,0.021777754245622657,-0.03679478174534636,-0.0043936282545669336,0.99931318417554882,-4.2221349782913595,-11.07912281990815,-1.0175142371699499,0.7020334848840375,0.6604331451749432,0.5625,True,5
-0.99124002168750236,0.02902354343015541,0.12884429879400355,-0.053650560378487554,-0.97992494570044164,-0.19201228649506069,0.12068486556331257,-0.19724283186150235,0.97289795379742727,-4.6237404906667408,-24.587406638343012,-1.5570090106071017,0.4869755130803245,0.406869839094245,0.3846153846153846,True,5
-0.78151443520298569,0.59897946887267739,0.17452444939997561,-0.62140237963699718,-0.7722669675854168,-0.13214693851127662,0.055626164264998827,-0.2117246481764255,0.97574505030962544,-23.51017765789511,9.1669559508466119,2.8352473813330454,0.2363373821958792,0.2366218459874078,0.7058823529411765,True,3
0.55852345131447034,-0.82816951731294308,0.046763286084478092,0.82857480391212934,0.55966647785607571,0.015402203938081921,-0.038927479416832708,0.03014438849638644,0.99878724821076414,-9.8581712792298433,6.1963321497109343,0.54130332287129823,,0.1480598095772278,0.211864406779661,False,5
0.56084627550280364,0.79903844967622462,0.21676948861324988,-0.81914431118250086,0.5735644584920303,0.0051390088627623898,-0.12022500867947887,-0.18044768741593958,0.97620929077440155,-14.752268668541637,-4.4326050025472936,0.90289875857643087,,0.09339355117853579,0.3,False,5
-0.06674523252204026,-0.99766858985249207,0.014228800276860104,0.99036208423855143,-0.067977464932066883,-0.12067313853580795,0.12135903772793963,0.0060373076076683657,0.99259031572880008,-16.826002383197089,-7.9699365194956728,1.1034527494744957,,0.243677135154201,0.8481012658227848,False,5
0.96869424717983588,0.21535452704930866,0.12350661180706229,-0.21293692891795549,0.97652160342808547,-0.032610157025557397,-0.12762961953904514,0.0052901528910306375,0.99180779110607376,6.9552027660067219,-30.455568054906923,-3.6008708818652151,,0.1699691365578767,0.4736842105263158,False,1
-0.072071455301329426,-0.99369125312623108,0.085926705925281094,0.99486775462147992,-0.077755629704538934,-0.064747300049236095,0.07102011085012247,0.080819276844524335,0.9941953471753755,-15.8831402642837,6.1272246377842867,1.5398100154550094,0.2126562498012925,0.1656133813864902,0.6166666666666667,True,5
0.69875484283263678,-0.70690634858399792,0.10965894377376474,0.71450307654850442,0.69717412636335507,-0.058596852579434103,-0.035028891227960088,0.11929648721204399,0.99224055798894262,-16.304691179974569,16.451414026236485,2.1137581793964704,0.4066822831443639,0.4190447309463359,0.9318181818181818,True,5
0.89146887709874334,-0.45157343266567668,0.036941522367708438,0.44692988825043162,0.88982698507841362,0.091987018729371789,-0.074410457280969067,-0.065493293830733296,0.99507472699814803,-2.6094706610107727,9.0057376167671759,-0.51321677799241194,,0.09080421911432515,0.2268041237113402,False,5
-0.54277476900730248,0.82886727424228268,0.13555291151147356,-0.83983687195397128,-0.53723536162716645,-0.077795852870804483,0.0083413809191043922,-0.1560679592597265,0.98771109817439351,0.46926051001375363,-11.075573888017638,-1.8159317391905414,0.3013880629958322,0.2967424056143864,0.9256198347107438,True,5
0.97873946337221118,0.17635395140988558,0.10472987472539877,-0.17627890320364956,0.98428899350632759,-0.01004617079393029,-0.10485614489955465,-0.0086290836374519723,0.99444996243772044,-15.039298121860902,10.746974201468714,1.5851366964991844,,0.1433777147534726,0.4897959183673469,False,4
-0.88920293991342159,-0.44960055077203998,0.084719988165762136,0.43786282428422002,-0.88998039859767131,-0.12732257153300397,0.13264342712390603,-0.076119871632897781,0.9882365538591541,-21.499684334266284,15.1973719262527,2.8596808053684155,,0.1800065057426565,0.45,False,2
0.37580154706896374,0.90001732326935757,0.22077593853414978,-0.92216418839550751,0.38673741870186762,-0.0068832126708121069,-0.091577327223657357,-0.20100494220510479,0.97530026471220344,-8.8281124970591591,16.553197958152715,1.0371233688259527,,0.4411024570472868,0.54,False,5
-0.6955571103815702,0.66066578790647379,0.28234911525903394,-0.71845916292219325,-0.64182300813741266,-0.26810381839612957,0.0040911380790770585,-0.38933782620670437,0.92108594586708192,-2.3678117189666525,16.633721161078512,0.12400334496057785,0.5239598802480391,0.4941608633283431,0.5390625,True,5
-0.85069355813526326,0.51041627292079916,0.1256809392263033,-0.52157367905715468,-0.84935782447599917,-0.080945557729759629,0.065432159233433915,-0.13441173437999432,0.9887629231514562,6.2828348121689306,22.893157136262445,-0.42854524377719072,,0.1307058089207667,0.6923076923076923,False,1
-0.12951766154269734,0.98204858072600798,0.13713409657173906,-0.99033709102752521,-0.12119832443793545,-0.067404838762345709,-0.04957440351282219,-0.14453909937270529,0.98825645824799824,4.3614866214745289,-10.766729938110837,-2.5359191093877236,0.5520022674225609,0.4888567353046709,0.9746835443037974,True,5
-0.68636045747006746,-0.72502359755905854,0.057009695701713978,0.71594972879174112,-0.68737766075843554,-0.12217993834216427,0.12777052971837422,-0.043043402198050668,0.99086929373288424,-18.997466212291187,6.6524506865820232,2.0383220680595198,,0.07355676074664694,0.1923076923076923,False,2
0.019689306090027375,0.97092325720989603,0.23857988145403253,-0.99742523592715182,0.035533392448699151,-0.062291867500925309,-0.06895817544975591,-0.23673911090061517,0.96912298673007857,-12.731317946645618,1.9687606941575091,0.85488311577789844,0.3056312323744648,0.2190707296972272,0.6030534351145038,True,5
0.58544471822766397,-0.80772411307327407,0.069543073410111289,0.81039437541849246,0.58546025552227243,-0.022299002082322654,-0.02270326384912473,0.069412148531713014,0.99732969245220449,7.4979536115417273,-6.6315462360229889,-3.0162642027018109,0.391818515760611,0.5249147269632771,0.7396449704142012,True,5
-0.9847662838956015,-0.13065364990366177,0.11473878973259101,0.12066828360189333,-0.98859871683429745,-0.090065211964190831,0.12519796897322816,-0.074847851274655597,0.98930443632106846,-15.814104309727098,1.5769796372542395,1.3093930163909935,0.1796973096012778,0.1533430638469873,0.5666666666666667,True,5
0.38040159957825143,-0.91861510032744498,-0.10696223861114003,0.92467838079752707,0.3798243128359009,0.026521377498147661,0.016263920928582982,-0.10899444402874169,0.99390929970842656,-29.963390901205717,-8.8302033491815966,3.0179575527402727,,0.3260455104555144,0.2,False,1
0.3156254530413945,-0.9482352428551224,0.035078449223158087,0.94887466222566408,0.31524390870062319,-0.016067153241483549,0.0041771735116639397,0.038356254178952998,0.9992553972767988,5.726651789820818,-21.358675797787232,-3.042751768894556,0.2181848682736441,0.1921137169073208,0.1923076923076923,True,4
-0.72737714182325353,0.65825100499593914,0.19397965866263386,-0.68484069398428016,-0.71432087167598235,-0.14401012516901462,0.043768909241207257,-0.23759483729639874,0.97037774906163965,-7.6496663867389429,-11.818001139473203,-0.52128063560673699,,0.1125990885079384,0.3571428571428572,False,3
0.96712380654790786,-0.24208468891312784,0.07788803632213516,0.24019172095519215,0.97016576547575317,0.032959439974432347,-0.083543282152828954,-0.013167797563726168,0.99641714613632226,-11.092519766699517,-18.529127404931657,-0.29837251202847392,,0.4119450491041801,0.3333333333333333,False,3
-0.70340221006527404,-0.70623225540627643,-0.080382412871548167,0.69973252998859292,-0.66814383768296326,-0.25289958213102015,0.12489882846148267,-0.23413631412073993,0.96414753490267413,16.762106198617069,-4.0871962879421053,-3.9851610214627708,,0.4774392342553309,0.35,False,2
0.58390765300808234,0.79608821213501901,0.15904531196568789,-0.80738994642698891,0.5899068141220265,0.011464076980959248,-0.084695496735172696,-0.13510554819129633,0.98720472227431777,1.7755325069594039,-11.74337373861991,-2.1341298936221893,0.607012157669128,0.2846362191075025,0.2045454545454546,True,4
0.40994387026382617,0.89212538805247621,0.18989027153947419,-0.90337632586689953,0.42586419909752898,-0.05050641335753836,-0.12592552202130314,-0.15083758125626412,0.98050537325627307,-11.604550965793258,-2.0098246771258492,0.51115822365477526,0.285182542658552,0.2869507452724948,0.467032967032967,True,5
0.11440648920009543,-0.98566126961268485,-0.12402829037932975,0.99073440529137746,0.12240067540127371,-0.058850767482279367,0.073188068705559675,-0.11614618481389273,0.99053196331684734,8.8331523835638208,-6.9217360042396585,-3.2520731838689687,,0.5078451287880589,0.1111111111111111,False,2
0.72569340344217104,0.63787894883208152,0.257836248106038,-0.67250058368243948,0.73677635314379719,0.070025498176776044,-0.14529985941940127,-0.22421206944543892,0.96364770469694849,-18.118749827765907,-7.5152950829805363,1.3107525240211804,,0.5014728223288771,0.75,False,2
-0.90510942896000524,-0.42408984657561455,0.030409268967967862,0.40392489829746153,-0.87999269701434324,-0.24991504503892648,0.13274636772085271,-0.21391740282851007,0.96779013563066785,1.5003146025302856,25.74761326895193,0.43084352390494324,,0.4191032134650783,0.3888888888888889,False,1
0.83918197728948596,0.51988171441466946,0.15967658566543919,-0.52280956803122935,0.8520384003342345,-0.026471115028985304,-0.14981243128495003,-0.061266364125368511,0.98681440405952214,10.202511984825952,-12.290504543206991,-3.5447828752061499,,0.07118324279173023,0.3809523809523809,False,6
-0.74364308154072412,-0.66755697721076501,0.036914082053346578,0.64162725611330595,-0.72809702013733857,-0.24122436336248682,0.18790803997999991,-0.15569974773374901,0.96976706330258566,-17.337406102283843,18.509457779213395,2.347907784493743,,0.270301095366255,0.3333333333333333,False,4
0.44557482201793669,0.8486002960917054,0.28520276200758365,-0.88703194991083956,0.46153755407689806,0.012546155350883686,-0.12098511404738346,-0.2585742130410234,0.95838508884954887,-31.348579054501602,5.0138871951374497,3.8376786275048334,,0.4198797811252926,0.6857142857142857,False,3
0.89229274341634701,0.42103010887725995,0.16293344489494263,-0.43137312893123769,0.90158312113666428,0.032635859381151641,-0.13315736435738176,-0.099405850432834647,0.98609715201754955,-4.6871024503028229,-4.4891452089301431,-0.74798065390146573,0.6737213091897599,0.6088063338700817,0.8857453754080522,True,5
-0.55342969578642531,0.81382100951248559,0.17723130732978368,-0.83279892357711127,-0.54393912610010586,-0.10284055613549654,0.012709237213526549,-0.20451305966498273,0.9787813257903516,-14.698443624504193,8.0942626111464939,1.440274412247575,,0.1083216524890272,0.4939759036144578,False,4
0.76469788791593318,0.60709717577027145,0.21603277387625641,-0.63088679831729733,0.77361744224668183,0.059143053359207151,-0.13122114130680021,-0.18151879303108126,0.97459321763014506,3.0814762084159488,23.482791723230196,0.079565633841947231,,0.2082736695565953,0.5,False,1
0.76031312902509263,0.5839184698052754,0.28454027210983412,-0.63717696492950537,0.75557226980352832,0.15203966741336927,-0.12621196930282333,-0.29690026225015287,0.94653091501571862,-9.6444365514380266,-0.79531500971778168,0.17974246655919052,,0.385790727141582,0.3090909090909091,False,5
0.79505068837041581,0.59081608658113594,0.13722519724409421,-0.59180442850034654,0.80518899018323797,-0.037923719425664332,-0.13289816149633984,-0.051059200195947521,0.98981363738142347,7.9334570795683161,13.155735130444793,-1.79545746139067,,0.09913836453553669,0.3142857142857143,False,4
-0.99258625661869893,-0.043410300333343754,0.11352563145232082,0.030251377004154745,-0.99288545227953817,-0.1151665439309966,0.11771736219025548,-0.11087842205148195,0.98683767569055791,9.2994873345632652,5.7428927096056004,-2.6599851754647443,0.6644744425570721,0.5623775682651149,0.9496124031007752,True,5
0.023875394906133638,0.98482011415552739,0.17192820673981996,-0.99790442543885316,0.033822600574762579,-0.055161484569519234,-0.060139198594838482,-0.17025091613572646,0.98356387812247215,16.811288014722354,8.7058644942952821,-2.9376929191011452,,0.1079041210695672,0.375,False,3
0.087662612372914922,0.98114459335864168,0.17225142471127006,-0.99314357069232961,0.099506180173068587,-0.061354446455451891,-0.077337664720666305,-0.16569190393761268,0.98314041651489614,-10.511122119743559,-7.5469191004485614,0.12968928680512404,,0.1470753590605895,0.5614035087719298,False,5
0.83231797574889421,-0.55327672759516355,0.033640005155340477,0.54968283522769268,0.83168150033096311,0.07845165812960439,-0.071383246643096865,-0.046805391877714736,0.99635018311327939,17.953673926059054,0.90335443254240189,-3.7234409027505775,,0.178781856155485,0.1176470588235294,False,5
-0.010423622787511539,-0.99889520208896654,0.045822738150677708,0.99749462341883688,-0.013593722189449688,-0.069423965368943075,0.069970167489408056,0.044984285708211127,0.9965342892749981,9.6016219146414059,18.117182855204675,-1.4523877072187283,,0.1697894522639598,0.6153846153846154,False,5
0.90084298828193055,0.39946883209432688,0.17001930081162997,-0.41558357335002999,0.90673768408094291,0.071533669199531955,-0.12558743577643963,-0.13509783289424832,0.98284096959903755,-4.7679434783913415,-18.798585775192478,-1.2742429489471248,,0.3888752973928765,0.1111111111111111,False,4
-0.1156417050133314,0.97882307175094063,0.16891533461963881,-0.99177126267123605,-0.10437952381339594,-0.074126092221244402,-0.054925027092513574,-0.17609744239069358,0.98283921990442824,12.344260902034893,-16.273551702886582,-3.9664601285596084,0.2359364785034161,0.1151411202189176,0.3333333333333333,True,5
-0.032068199322201008,-0.99948563811934199,0.00029964212281680114,0.99768533791286274,-0.032028420374870713,-0.059984554695234386,0.059963297990742598,-0.0016246481036648747,0.99819926037470641,4.1820042205779551,-19.6870135581174,-2.7070888337069015,,0.1141883876373247,0.2608695652173913,False,4
-0.98600867435702733,-0.12585300190682266,0.10930652315273125,0.096846911681118766,-0.96621268161120455,-0.23885922546871369,0.13567449941137399,-0.22493126906841004,0.96488255990288629,-13.463035204461802,16.502708054604952,1.7044746551266574,,0.302279573088569,0.2564102564102564,False,4
0.079056063880496755,0.98010152510889526,0.18207454309414062,-0.99425345939989784,0.09074731720855797,-0.056788932819560704,-0.072181695983525349,-0.1765387348393167,0.98164345760885852,3.1565695517014145,12.618379092337332,-1.1868347616319073,0.3095033555376427,0.352984514666114,0.8,True,5
0.50985054839723865,0.79685765376253237,0.32414548884583683,-0.85073538982690122,0.52296517221976013,0.052504524959535677,-0.12767816882734961,-0.30253149965785031,0.9445490865591194,-17.269586167362217,-4.4215373061574157,1.323142089926989,,0.5190918256689759,0.2045454545454546,False,2
-0.97004519374041065,-0.22361058615509033,0.094924327021610258,0.20684505546111834,-0.96521157518510348,-0.1599429215688441,0.12738698965128128,-0.13551723465326249,0.98255159354586397,-20.071649866132837,-5.3250749012302139,1.6882239037582596,,0.4682000181605964,0.1333333333333333,False,1
0.58482513677960257,0.78697232321043198,0.19660651538414109,-0.80229675350967056,0.59691870884865683,-0.0028238863813344547,-0.11958042774033623,-0.15608528927233156,0.9804784055624125,19.556595799142897,-23.785746252477736,-5.3905829801037886,,0.2521846883818045,0.1875,False,4
0.020311872153283891,0.98726795249285748,0.15776380392912642,-0.99757614605483136,0.03051685034542502,-0.062534427856845584,-0.066552690944970475,-0.15611121620676113,0.98549481353400725,-14.226994324763879,10.307946378837487,1.4264722306755742,,0.07656575212288581,0.3278688524590164,False,3
-0.98804450076169859,0.10555798457210329,0.11236359022227964,-0.11557352660032989,-0.98950839818758662,-0.086694232019195391,0.10203344776948184,-0.098644015577788083,0.98987803982458378,2.5646547719212922,2.2487473896608869,-1.8703935595486425,0.2230748210003498,0.1338014590421016,0.5939597315436241,True,5
0.22808612319053634,-0.96861962533458312,0.098755971083291552,0.97292605619291106,0.22285701620195422,-0.061234300114157217,0.037304283786451578,0.11004895159089195,0.99322586487914533,-22.464698767817154,-9.3296978085397093,1.8816015947804974,,0.2547856530731065,0.4,False,1
0.16614159873007198,-0.98575188420351023,0.026271504727502074,0.9852213987897831,0.16480872097648971,-0.046657055809367715,0.041662507583205111,0.0336349264801485,0.99856543460233838,4.8538313218527467,-2.9686729680196748,-2.5003897219405284,0.6369820732372187,0.6377241842823501,0.7220338983050848,True,5
0.52369498230006206,-0.8507437088057358,0.044482664502010924,0.85187048523205666,0.52343459957165483,-0.018245447699644209,-0.0077615658366739712,0.047448518403864777,0.9988435293863801,-21.059519305947457,1.5866485558811541,2.1436671067164355,,0.1196682877916676,0.25,False,3
0.98737224328626882,0.093005977478260338,0.12824173010824189,-0.10054472960749623,0.99348724504128716,0.053608313612996672,-0.12242062953602763,-0.06582539094898894,0.99029299067014331,-17.053312436768074,8.8113583598486525,1.8090332123951405,,0.2231794992872445,0.4081632653061225,False,1
-0.28775094087932718,-0.95638736203599961,-0.050225588706184307,0.95425877330574838,-0.2818756637193312,-0.099681010086142344,0.081176287129119784,-0.076611513107411683,0.99375101834781676,-3.3948442875968166,-9.9014601461346672,-1.1096182599493931,,0.2236620325200652,0.1333333333333333,False,4
0.95612331724858257,-0.27370415940354914,0.10447121775284525,0.26970005240979344,0.96159403209813243,0.050978418604442452,-0.11441190472901169,-0.02056576180090908,0.99322050195202238,-17.867644529795506,2.4437804594960597,1.6744816700655731,,0.1657258467823727,0.3809523809523809,False,4
0.56185728912194133,0.80769026213559192,0.17875353734089178,-0.81911207346693349,0.57340282125541719,-0.016267011926858803,-0.11563648974802038,-0.13727944138750764,0.98375940006237772,-5.668219074419687,3.8895585609235197,-0.24489030412407378,,0.161330194215063,0.5477707006369427,False,5
0.55969448336175309,-0.82354870378108302,0.092247589642877659,0.82854733022658111,0.55824404042060161,-0.043277163831387758,-0.01585581498464067,0.10065348397041397,0.9947951896223628,-19.815084850185965,7.7118182430467668,2.2159488236975449,0.1222800036944858,0.1515714348859664,0.7297297297297297,True,3
-0.97876346913941326,-0.15737949078823696,0.13135359666722829,0.13709790626802495,-0.97893041569317685,-0.15132549463890271,0.15240156027779223,-0.13010356301815845,0.9797177283865367,-12.592242553993319,17.533316978578455,1.6663518277759977,0.3324507293031043,0.3392682694164632,0.8394160583941606,True,5
-0.92152389200280316,0.3631143823470479,0.13762870994355988,-0.38026015431359222,-0.91565785971289915,-0.13028007901208946,0.078714239559367974,-0.17239091994277211,0.98187852569036049,0.83598125950768476,8.0979076711428117,-1.1110678420023057,0.5349083979687279,0.412029010169842,0.5368421052631579,True,5
-0.51407190544940762,-0.85667615992761814,0.042848956104971511,0.8509023267336927,-0.51563128702988581,-0.10044703178836217,0.10814483985287501,-0.015176720580350495,0.99401929597247907,1.3736232734693625,-7.7790247752383763,-1.8853834183673248,0.1035069612740909,0.1293097555739206,0.2588235294117647,True,5
-0.96684814017928034,0.22199414981516907,0.1261874450161668,-0.23987584195651385,-0.9590238046584546,-0.15077440944695147,0.087545726780473607,-0.17604527697800859,0.98048141551801793,-24.601883783701407,0.073229316239145664,2.6213014757966335,,0.115471731544648,0.5,False,3
-0.99253063637491579,-0.062148453963716349,0.10497859556654808,0.028131777012348178,-0.95391557401459626,-0.29875354520830555,0.11870778819998529,-0.29356881190331402,0.94853877817321985,-8.8420146653963965,-7.7775045589585723,-0.14544015238596689,,0.1137994788982823,0.2173913043478261,False,5
-0.90042528823276613,0.41344270232099767,0.13527539395045859,-0.42744939646065538,-0.89863479657103884,-0.098704183584838096,0.080754651732034166,-0.14669912845425864,0.98587932929664346,-16.399532975799865,-0.98859102842174695,1.3237116861642626,,0.100293496472812,0.5,False,5
-0.65949184958194385,-0.74917631826097175,-0.061687474351942523,0.74167064944102601,-0.63511987855527408,-0.21574843596573368,0.12245467770858409,-0.18803612424443528,0.97449846992512912,-20.998221178535818,27.013723108147605,3.2602099415576182,,0.1428931361964302,0.75,False,3
-0.99130473463598145,-0.06945096715635167,0.1117653177391605,0.042788908700712093,-0.97334488768853855,-0.22531941528148441,0.12443485195269964,-0.21857788719729929,0.96785312669220436,-17.087662073085074,0.47571119377574639,1.4443213326571147,,0.07729197896872318,0.2173913043478261,False,5
0.91460325375096174,0.37529769691326015,0.15050756432736842,-0.38554211736862309,0.92160190959580235,0.04480174063905433,-0.12189406861317355,-0.099002822792953707,0.98759317389092671,-12.296227673016134,18.693409881311592,1.6739444249965203,0.514377854570965,0.4802075951427372,0.9021739130434783,True,5
0.21084971167035804,0.95046836449441185,0.22836875264327311,-0.97550185017963942,0.21959080182617247,-0.013267254781541511,-0.062757783458521677,-0.21997674388138427,0.97348430535202624,10.430681342391685,8.5786286998399781,-2.4202784270383244,0.6222408899237342,0.3592531899918561,0.7164179104477612,True,6
-0.62536106297313665,0.73327620694408535,0.2668886382872156,-0.780135457241104,-0.59524148446446346,-0.19255192423799861,0.017669444595756888,-0.3286237658816501,0.94429561643875104,-16.179639200200388,5.0259743968487181,1.5371768380192725,,0.1236750275977518,0.3333333333333333,False,4
0.14977383960052401,-0.98521155693683082,-0.083222503263375325,0.98758085215541913,0.15311017933602275,-0.035232562206956752,0.047453739866237778,-0.076912034570651142,0.99590796839412377,-17.33823407018992,-3.5159410082239448,1.3703783525460971,,0.09228719859858014,0.1538461538461539,False,1
-0.55766005929625506,-0.82979790113321139,0.021229732466853141,0.82335520373941506,-0.55621477008164377,-0.11274456979495773,0.10536349814296836,-0.045393532776607778,0.99339718161525681,-2.8758774160275991,15.681106052252982,0.13262536636800923,0.4155421490768049,0.345191494585489,0.7154471544715447,True,3
-0.22212378562920324,-0.97450320207037811,-0.03169436877952797,0.96887069666060244,-0.21696197241309093,-0.11923537930925135,0.10931878617214727,-0.057192758992744161,0.99236001093788939,-17.105154960486047,28.538771406074869,2.9103183766299949,,0.4727308100825847,0.2857142857142857,False,4
0.1804293593871201,0.97098092988315809,0.15697541232432205,-0.97979075302631025,0.1914391138778451,-0.057975391001707656,-0.086344232901155407,-0.14334259478920719,0.98589937314302423,16.396323105658333,3.0368816127039922,-3.4125226649856661,,0.1000029490029555,0.3333333333333333,False,5
0.47295447008336167,-0.87442193003818158,-0.10816819077931208,0.88073344983631374,0.47266541654795607,0.029933164533240325,0.024953147448635839,-0.10942436779735266,0.99368186466522468,7.3460706170853172,-0.68142962671677576,-2.9410546770084847,,0.374367867221398,0.1656441717791411,False,2
-0.80541575381262209,-0.59120774354790195,0.042176622428115498,0.57870097752684069,-0.79976524449958464,-0.15962685331734991,0.12810402850779087,-0.10415832976539934,0.98627602638437761,6.6005600700968481,5.003609610744153,-2.4170808436885207,0.2351777746725494,0.1634024356259893,0.4632352941176471,True,5
0.94608444485141663,0.27851453316995128,0.16539007837023117,-0.29303909819461865,0.95348911488120958,0.070615824942662581,-0.13803010591704892,-0.11527429295455344,0.98369686755847541,-10.530190690057809,0.11334035045016853,0.3952003001215339,,0.1496833890357026,0.2,False,5
0.44516641722188727,-0.89459569900909996,0.039056322052265682,0.89538673513638622,0.44420281648221555,-0.031087817084379521,0.010462099198214662,0.04880976483951599,0.99875329853606998,0.13447840305678341,-9.6017479002488635,-1.7005912767274198,,0.0831356436452166,0.1458333333333333,False,5
0.13147375899680247,0.97636827598462128,0.17152154484516016,-0.98746147916352267,0.1442372493648808,-0.064151719102779906,-0.087375499217111838,-0.16093665072466484,0.98308947537347213,14.559678286791865,-4.6237589756674655,-3.8789368589740141,,0.09669450707968182,0.2580645161290323,True,3
0.71334785605129991,-0.70076317617953565,-0.0081121623371052942,0.69985340383393579,0.7117216489085042,0.060477331430994555,-0.03660668530566822,-0.048818699140080468,0.99813660648490543,-14.569572545951463,-1.109446488383016,1.0279350847966044,,0.08801812673490908,0.2272727272727273,False,4
0.95405312018737498,-0.2833871703033215,0.097336301389615618,0.28484317645905688,0.95857348784033491,-0.0011105108417469173,-0.092989293391488079,0.028785067606164831,0.9952509287599085,2.8283832490097112,-8.8389167281834737,-2.1844952714871275,,0.07626006709003125,0.2686567164179104,False,5
-0.69190682927841107,0.7020049684641978,0.16868302774576011,-0.72077105990245582,-0.68517748226978692,-0.10498046007484649,0.041881007688284927,-0.19421854196244276,0.9800638444269828,15.802456218773699,-20.006495366694228,-4.6484023095486195,0.2970686540966633,0.2422478640043201,0.46875,True,5
-0.9582596078733191,-0.27070114943546225,0.091975059732483211,0.25273600844067184,-0.95246314870423732,-0.17011308120743629,0.13365266161192232,-0.13976708501907972,0.98112289137972941,10.152270890531652,-18.057793254453117,-3.6507452947487278,,0.3912707009531364,0.7142857142857143,True,5
0.029605487071137401,-0.99889247225129962,0.036569714450177274,0.99694610019216789,0.026863282137522388,-0.073326921280165575,0.07226332712315732,0.038628913426171682,0.99663725527425717,-10.358841323772102,-10.061753236051679,-0.050079414753075258,0.147502485923209,0.1498033405047014,0.4736842105263158,True,5
-0.24545208777539068,-0.96939459602919975,0.0052335261618876444,0.9643133086922876,-0.24471118133643649,-0.10107561727666717,0.099262859547947405,-0.0197624623544468,0.99486498068635165,6.9659327532590245,5.8814828621657256,-2.3423737374331801,0.2603995090847224,0.2016691609322941,0.4294478527607362,True,5
0.69644641743419,0.66282711349893275,0.27499564588144809,-0.70803416128718433,0.69708760615477461,0.1129446581107712,-0.11683327476979849,-0.27336621399887473,0.95478840532889087,-12.707511433537665,-4.4185596714133357,0.61480414657122728,,0.1630815081911914,0.1538461538461539,False,2
0.4222935060875932,0.87283141701965217,0.2446088963625711,-0.8994199145397701,0.43703429115284093,-0.0066966921541655386,-0.11274755893375962,-0.21717814305311919,0.96959870159488071,10.537735049021325,-15.309378391271393,-3.6413738778536011,0.6064327161531305,0.5085712278457771,0.7747747747747747,True,5
0.47338557619651012,0.85858653644598515,0.19681274268396715,-0.87318282190964458,0.48682494936345916,-0.02352080354017682,-0.11600799873719275,-0.16071909690809166,0.98015892390879122,-13.856290068930289,-1.3295274769536687,0.86895903855512402,,0.07399817534591346,0.1944444444444444,False,3
-0.84735258946124492,-0.52958074879688144,0.039215043504476507,0.514613778408196,-0.8371345493511585,-0.18541414550965066,0.13102002978844074,-0.13693055461206613,0.98187767823078098,-12.732007311669806,5.3150101196428761,0.93766399303986425,,0.07981535749343037,0.2467532467532468,False,4
-0.57289103628587479,0.80195745026091336,0.16929296652344974,-0.81950173533220783,-0.56412456339111572,-0.10089788286322712,0.014586511947509949,-0.19653937251806963,0.98038742786686495,-14.0653850428399,3.5146905658628467,1.1312051048585698,0.6005154877672925,0.5213056371207108,0.9595070422535211,True,5
-0.83241712960234615,0.53090172205555786,0.15882406575527075,-0.55094742884136838,-0.82365379901083735,-0.13435531261584391,0.059486578298611398,-0.19934337434050547,0.97812246989263318,3.4404667860637512,-12.865667045450561,-2.4460277274263507,,0.2339486767729275,0.3888888888888889,False,4
-0.83905804290823682,-0.5384669055324417,0.07768521273264585,0.52639167557208877,-0.83959432440942294,-0.13413863838541931,0.13745328122460004,-0.071657254104534024,0.98791286731917305,-10.505361056791333,-4.7126876863781,0.24595677141147088,0.1028613315917205,0.1512668794331726,0.35,True,5
-0.38078039783041184,0.91289599501018903,0.14706186086974493,-0.92454815527298528,-0.37335225164749386,-0.07628109052097079,-0.014730825144414213,-0.16501211617364783,0.98618152705597861,15.138184613744107,2.219240471843456,-3.4297527676689912,0.6588569370682407,0.2859045299398681,0.3076923076923077,True,6
-0.94135071922834124,0.30914198351113742,0.13524073882926346,-0.32372601872395818,-0.9404699790458122,-0.10352624456970067,0.095185546221161182,-0.14123545073518096,0.98538939472992626,-3.5583257973507738,8.838493237035701,-0.32942131036173328,0.3458849648326731,0.3404037974699307,0.787513691128149,True,5
-0.97350980680474442,-0.22234993601372277,0.053283787493788259,0.18904412400163809,-0.91382190667687224,-0.35943266693206899,0.12861172277612606,-0.33983823921409989,0.93164853669847947,-22.053868663028734,26.640851325000735,3.3813910835147252,,0.4853786764289604,0.1428571428571428,False,5
-0.51203611625801593,0.8409225296971935,0.17512371254368464,-0.85893474100137557,-0.49958399302495321,-0.11245863512485715,-0.0070799963495604551,-0.20800272344591808,0.97810262278084803,-18.14024090190302,-13.703206899652017,1.0123384534714126,0.4481087283920395,0.4583997820844044,0.58,True,5
0.99282460177747933,-0.065425000948807224,0.10009435226942853,0.047431808338411249,0.98384838075931924,0.17260529318364604,-0.10977036787373944,-0.16661912533713766,0.97989210294233398,-8.5912597922903284,-11.040182925764926,-0.34333643929530083,0.7463483448016952,0.3787568074519762,0.54,True,4
-0.98047684425479309,0.13910918736766245,0.13897406905632326,-0.18058085118033354,-0.91671096357708404,-0.35641487825925688,0.077818468676460778,-0.37455259076327763,0.92393432812368681,15.521553180636383,34.540037148841705,-0.35323881802311052,,0.5348666990519544,0.4210526315789473,False,5
-0.81791691644629017,-0.56948208135684086,0.081866212838228813,0.54840268628182476,-0.8147211772492724,-0.18837169909633233,0.17397244457060507,-0.10917674823441621,0.9786797362646722,-29.207470036336687,17.195848487417948,4.0472095826814529,,0.4045101535231963,0.125,False,2
-0.23308572272239811,-0.97180681493839149,0.035532524569422907,0.96818161630666999,-0.23532839106198003,-0.085117014785434625,0.091079106872989785,0.01456237616184422,0.9957371809326695,-23.664180564816256,6.5742612759327006,2.7343123653431922,,0.1401750092105107,0.4705882352941176,False,1
-0.89654244209759404,0.41125239882926112,0.16456948069086452,-0.43931146427652523,-0.87309144009505257,-0.21146341193682366,0.056719369468442922,-0.26188318328966043,0.96343142539423987,23.78793790581059,-0.17429811650208341,-4.2406031603603447,0.7636315158412204,0.6666522285335765,0.8767123287671232,True,5
-0.74068053339110107,0.64481495132218081,0.18869559085163645,-0.67078237055923828,-0.72561213051299245,-0.15342114391219089,0.037991562252731169,-0.24020973045189126,0.96997728148334861,8.68266772947878,-8.2560489547973344,-3.1844519968032117,0.4423246249689774,0.4310173552501514,0.6153846153846154,True,5
-0.07610585463493591,0.95211512395102138,0.29611600705469987,-0.99340844978927345,-0.046872965176077266,-0.1046067733126122,-0.085717855651900113,-0.30212533140955811,0.94940651637910445,1.3931621341359128,-29.374857300090152,-2.7295615488194795,,0.5170070549850828,0.8648648648648649,False,3
-0.98655049854278265,0.110667252474677,0.12029494193312036,-0.12893812218110617,-0.97921059731264704,-0.15659363575515556,0.10046429451997764,-0.16999813334361744,0.98030993067819561,-21.627478649937451,5.9107754928733387,2.3914522076955977,0.1953379013720822,0.1442414857817043,0.3703703703703703,True,3
0.58991826177323337,0.76942038798836931,0.24492592956703613,-0.79753241250255757,0.6026373858670957,0.02775305682489658,-0.12624775417527179,-0.21170840253306639,0.96914449741129927,-11.62882479255361,-4.500775670331616,0.4361376479778834,,0.2720842439242827,0.4615384615384616,False,5
0.85144758429636203,-0.51499340092206325,0.099089899599389117,0.52032032743503398,0.85317901844442667,-0.036773894872645152,-0.065603110092349592,0.082869532959540859,0.99439874922149807,-23.267699306040303,2.6984585612353431,2.4985700933638024,,0.09425418299017924,0.3157894736842105,False,1
0.51539622129135154,-0.85271055398120832,0.085155423829943094,0.85694416769299742,0.51326552622410693,-0.046959483034274337,-0.003664496630085376,0.097176183908155384,0.99526044869948316,-7.3143185269904993,-10.066125411211067,-0.47919719861419852,0.2370967869454977,0.1195028376278895,0.5555555555555556,True,5
0.58692714681868685,0.77972071866868065,0.21806449781216528,-0.79675518585120964,0.60410181845162692,-0.015561708217352928,-0.14386694598301664,-0.16461043047824658,0.97581028280669724,-7.0547120159914636,-8.3588694279863507,-0.48349637563072495,,0.1198052589273831,0.2222222222222222,False,5
0.48962574256540231,0.81324561166473197,0.31448085367051581,-0.86397135743534426,0.50112859820491995,0.049230291411920701,-0.11755903091047157,-0.29580686802241396,0.94798637705515754,-2.9189502456443823,7.0338856791919939,-0.54075639986477264,,0.1038456492084964,0.3035714285714285,False,5
0.55538735649334281,-0.82088723209298531,-0.13300013697005902,0.83152684794856824,0.54619686086547392,0.10115379538811901,-0.010391601804128847,-0.16677272369131679,0.98594060330454214,-13.460824581779331,-14.653883789239645,0.21992279930722189,,0.2864235777627983,0.1904761904761905,False,1
-0.97033264430910349,0.19614009603405491,0.14136343981332436,-0.22179707940238944,-0.95486771731711484,-0.19756947637267724,0.096232089017509403,-0.22306211052833566,0.97004261756377064,1.5864027450479277,12.631559202905482,-0.97380029259582734,,0.08426954912424518,0.2448979591836735,False,3
-0.17077397476641315,0.97503455038951214,0.14192911994795851,-0.98425497503352555,-0.16214716905166093,-0.070359361070759394,-0.04558940298176619,-0.15170999016298703,0.98737312360652796,1.5225929511841407,4.3218567738137752,-1.5346339206598016,0.3458809437965731,0.3211496247050823,0.8071428571428572,True,5
-0.96254017306329742,-0.24667943305777087,0.1125418701887191,0.2395794677054382,-0.96813019107519271,-0.07297678934215994,0.12695705531106455,-0.043280370088618597,0.99096352893117912,-4.3727527859107811,-5.408693481463267,-0.83896710631836491,,0.08859167900076431,0.4907407407407408,True,5
-0.96925322208434439,-0.24271727279524899,0.040453886907851538,0.22712017403887966,-0.94571419446547356,-0.23246739326423682,0.094681666776972373,-0.21613187611584958,0.97176251939605995,-29.563354747255222,0.25195229964013327,3.3519986553112506,,0.3759251912231513,0.1176470588235294,False,5
0.028731251859703801,0.9903168829330613,0.13581968393543303,-0.99727250412556756,0.037640318286427596,-0.063488258398049127,-0.067985790292496434,-0.13362513916566404,0.98869725118524687,2.0217256570867446,-9.5674164815006808,-1.9961376764510836,0.4909663106162716,0.4310078545002564,0.9446640316205533,True,5
0.7317942496631531,-0.67757091632746735,0.07331322873192786,0.68008266840837994,0.73300378517149534,-0.013892985812937055,-0.044325391035850467,0.060025863354202492,0.9972121917817206,9.391362799336223,19.408277590196715,-1.2420558727985627,0.3228699843505243,0.2814080554050483,0.4634146341463415,True,5
0.40849164568939467,-0.91169388192802314,0.044145679935667523,0.91263694248524874,0.40715690169597257,-0.036291439934414658,0.015112465488695756,0.055113728383666891,0.99836570971288119,-17.889780678588043,-7.4680342769369252,1.2935539835845498,0.5987680479639573,0.3505409417466455,0.5526315789473685,True,4
0.91020792882886536,-0.40658019822675928,0.078829364496721982,0.40496907661743436,0.91361454610531767,0.036173306849075271,-0.086727004333657681,-0.0010017757554111051,0.99623161120526926,12.507908991166545,-17.305708489821797,-4.0646341624399884,,0.2252168843903679,0.2142857142857143,False,5
0.81376119443600481,0.53229417856146399,0.23335729236443981,-0.56415409774236613,0.81995510075442501,0.096973123840047637,-0.13972427287548675,-0.21056243780972989,0.9675435842136727,-15.866191218862141,7.9573002547630987,1.5756229014350573,,0.3779536465691889,0.4094488188976378,False,5
-0.8096099168076677,-0.57914060379621568,0.095540272352737349,0.57183556213856535,-0.81494031160261993,-0.094214533903719588,0.1324230813731182,-0.021643695608164454,0.99095695060888955,-30.741784437647617,14.054826558210017,4.1351878480472966,0.3056278843573004,0.3584876229133782,0.6296296296296297,True,4
-0.92536519525944172,0.33421490286399352,0.17888447139443986,-0.37638734305481841,-0.86617694005168733,-0.32874013522968487,0.045075751691914231,-0.37153453032835143,0.92732425255845774,-6.1913041825001534,-8.9437977763994674,-0.63099639830249399,,0.5206997014029551,0.4,False,2
-0.81582748668904725,-0.57130434979158051,0.089648490627850116,0.55677817148269737,-0.81787032326195819,-0.14521088832371934,0.1562804521461868,-0.068552711373065733,0.98533088150142978,-10.794413970261122,-12.604886987688744,-0.082144117609970368,,0.09638046436910436,0.3157894736842105,False,6
-0.82087373290256083,-0.56994056078348876,-0.036524947699035984,0.55677199928038767,-0.78438698955438324,-0.27338981589505323,0.1271662512144433,-0.24475458686532015,0.96120962165411694,-19.901915771242784,1.8250488400921014,1.9530929595190945,,0.4696968120601859,0.1538461538461539,False,2
0.74063900188230558,0.63735333904626512,0.21268424976325778,-0.66011287012680864,0.74926556933566468,0.053405105571004516,-0.12531906312979799,-0.1799495146275189,0.97566044534027885,-10.579259541170027,10.447377653528315,0.86414848370124719,,0.2281463205592989,0.3125,False,5
-0.16595252744170425,-0.98480944650870028,-0.05108926210994294,0.98325551348654605,-0.16129058748600025,-0.084817106686858143,0.075288470790815187,-0.064309411874537425,0.99508589865917219,-0.48129241473864748,26.336853189996052,0.73653892896929352,0.4833487991324748,0.262087177140343,0.4285714285714285,True,4
