axis_00,axis_01,axis_02,axis_10,axis_11,axis_12,axis_20,axis_21,axis_22,location_x,location_y,location_z,dbh,dbh_approximation,score,reconstructed,number_clusters
-0.39247695477421113,-0.84220675225398478,-0.36966150249783447,0.90551898091988436,-0.42427360841351464,0.0052230640039483828,-0.16123651932789773,-0.3326855747722921,0.92915181384607648,-19.634733131495672,9.4772392750815779,-5.9124173462763041,,0.3134116711502861,0.2941176470588235,False,2
0.64153306263631438,-0.72699505143061749,-0.24477239374542265,0.76679521485606794,0.61668440204093145,0.17811638541485941,0.021457586497712053,-0.30195785049376045,0.95307975978240167,9.1601180656453032,30.364906860999554,-4.9213145905736058,,0.2189235833237525,0.5625,False,3
0.98672652045160325,0.073905715063392691,-0.14459847550524152,-0.048962783693543094,0.98439617993058759,0.16901717886370293,0.15483352237306577,-0.1596937889181487,0.97494844690912486,0.061322984245166356,7.1263537884697969,-2.9898301491853414,0.3648618387365324,0.1318436531133293,0.6688741721854304,True,6
-0.84070297961799567,0.53819898806506172,-0.05966866268961929,-0.53462787378656673,-0.84247965507867451,-0.066340540764843733,-0.085974046269084142,-0.023872160025034145,0.99601133695548882,-16.506348302347742,15.87227668242557,-6.0953119079504372,,0.4631286984336629,0.3428571428571429,False,2
0.81311605617957428,0.57243539640457297,-0.10564088283479792,-0.55519186123898234,0.81718996445540493,0.15479844704443607,0.17494077968550012,-0.067218144399513763,0.9822817542164346,14.218019550110228,-11.266083809883954,1.0501392298942984,,0.1991023521867905,0.3953488372093023,False,4
0.95331806218236292,-0.21671607855956457,-0.21028269926607807,0.27870371896898405,0.89950107064947915,0.33648485988718269,0.11622783379948499,-0.37938366490164549,0.91791019465744783,32.368005488560769,-5.9678074854364933,3.5187378950610846,,0.5244838137450617,0.7096774193548387,False,5
-0.46759282745783365,-0.81690765737650062,-0.33766673959634985,0.8683384615334071,-0.49596538576161348,-0.0025792146347607958,-0.16536403457761611,-0.29441503943578412,0.94126219547065693,-1.3258523472900137,-23.660481771082424,-0.40306653167005529,,0.5179355932544413,0.5849056603773585,False,5
-0.55724817371354873,0.83026733887418314,-0.011428862222340935,-0.8303214533421811,-0.55728474211457313,-1.8056087990894754e-05,-0.006384121916366961,0.0094795677684443719,0.99993468825832876,-12.302046225285391,20.556943445279305,-6.1604073232700785,,0.1967953621090832,0.2439024390243902,False,1
0.77504651383038148,-0.59472794899304138,-0.21354523662657951,0.62917075974178216,0.75769223557845855,0.17333964125399989,0.058711638414543042,-0.26870270343010544,0.96143216124905639,-21.160193032121708,38.167150601585675,-9.3456315829654013,,0.3658305680956758,0.4,False,1
-0.98181849821871059,0.12343331119333044,-0.14421045122807916,-0.12945051426863691,-0.99103398521525199,0.03307876212860468,-0.13883443705054282,0.051145457630427618,0.98899400465959997,-0.075611248718832125,2.1396155805465948,-2.4725751234095563,,0.1272241946350611,0.4691689008042895,False,5
0.58075841627990032,-0.79479839534832475,-0.17611125083818219,0.81390938699855597,0.57126588991252636,0.1058621404378508,0.016467291085539501,-0.20481892923794054,0.97866134824571815,18.327191276312448,9.5385362820212087,-0.61923437751184418,0.2355711654005385,0.2455430470166979,0.6111111111111112,True,5
0.69228701437000484,0.72060893457296393,0.038228956934269864,-0.70078779231495636,0.65871749732401497,0.2738388739049214,0.17214865633223578,-0.21636548276655276,0.96101551391754447,-0.23098986974335739,13.850806286612231,-3.8120083189625324,,0.1216646650056754,0.2222222222222222,False,1
-0.83693573477142136,-0.51702589652288711,-0.17950709787450109,0.52113412442225837,-0.85304027024134921,0.027230896224909942,-0.16720586181491051,-0.070756764137929487,0.98337972325214351,-2.1838339113484202,-15.060582357919014,-1.2102386647636976,0.6631346513784955,0.5704423099036908,0.8108108108108109,True,5
-0.82224080519015807,0.55397765212786676,-0.13049451798116196,-0.56509827883648678,-0.82192852452532472,0.071396329231004058,-0.067705195784960148,0.13244720274327407,0.98887498954579756,16.463785238174168,-2.1180012279474516,0.48225519806983635,0.279774180799572,0.2486705969749285,0.6883116883116883,True,5
-0.42366389300004792,-0.86416841113985776,-0.27151770284100396,0.89413500996403772,-0.44695935126033087,0.027384708827236467,-0.14502237663427114,-0.23117157158473417,0.96204376967287208,30.721921585635062,-15.779516545937556,4.2375217364877935,0.6793952175971193,0.5732365199860749,0.4545454545454545,True,5
0.92339599661228933,-0.34301257495373694,-0.17228524853859215,0.36762003491518669,0.91940212670882249,0.13984004909986053,0.11043252858353951,-0.19246325058800601,0.97507053786059217,25.067166460340363,-11.084709272853212,2.8328422410572136,0.2584025047035197,0.2111698740485233,0.5769230769230769,True,5
0.35990889448065477,0.93250575319391316,-0.029976789920967473,-0.92229804591074682,0.36045137056909199,0.13943143104795749,0.14082578664055523,-0.02253507743754074,0.98977788826683399,2.402293269536576,5.2723405871031854,-2.469052325760198,,0.1235298859280231,0.3225806451612903,False,5
0.99243595131698281,0.0027175249269509351,-0.12273344121235179,0.030041598579495878,0.96398243376103265,0.26426382604311188,0.1190310248983131,-0.26595203037094323,0.95660918490950586,18.836719155134166,-13.608540552958896,2.0020087028753069,,0.4177058679009439,0.6578947368421053,False,4
-0.90658512266965974,0.39894434852280203,-0.13764745597269928,-0.41011013092935683,-0.90976475936862644,0.064325446909073075,-0.099564531150128061,0.11476710936789922,0.98839031497895269,-19.814423938465715,-2.9465229731564806,-4.7716748285590604,,0.4935979560485682,0.12,False,1
-0.95237186707275279,-0.21052836783815099,-0.22060288561975933,0.24039297224730871,-0.96343052924889061,-0.11837581765423565,-0.18761408716422426,-0.16576918183609504,0.96815367202264335,8.5914433341840351,12.086132410159468,-2.3713082247787485,,0.627072998216502,0.2692307692307692,False,5
-0.92668951869105232,-0.32828611778554945,-0.18296109099324395,0.32814969769924413,-0.94408672278247796,0.031906672746232781,-0.18320565451983323,-0.030471047489917552,0.98260226104809401,-20.674347603166776,11.192110555027204,-6.2153804678204532,0.0608076038821526,0.1295772381087691,0.4363636363636363,True,5
0.72838042746226261,0.67637267922778566,-0.1094621015882567,-0.66119111357176241,0.73575579932409907,0.14659370755488843,0.17968935478659803,-0.034400618529062718,0.98312172858766245,-7.9347586307408049,-23.109064710490713,-1.4704596848756801,0.4732571251529086,0.4590907052241622,0.6626506024096386,True,5
-0.58179520872993806,-0.70367251080912518,-0.40787171099558905,0.79655633086891753,-0.59430352969572942,-0.11091134452275178,-0.16435433323017429,-0.38942048241300642,0.90627773945170165,-18.331031309285624,18.050949472220719,-6.5846963168192909,,0.1404500953487617,0.2222222222222222,False,1
0.51957880720783867,0.84563119819491017,-0.12225276986604788,-0.83957662136440836,0.53185441800038613,0.11064345851335353,0.15858423616111794,0.045152571276858802,0.9863124684136787,-2.6275619003577368,7.5285749385891894,-3.4035900031028135,,0.08215264679842706,0.3953488372093023,True,5
-0.96370142021634109,0.24180446944070838,-0.11318202698089293,-0.2359996010222363,-0.96975080964655591,-0.062350264692247484,-0.12483493497555599,-0.033376125424404997,0.99161599082573404,-17.005614744319491,0.57118145590164704,-4.6692567473159095,,0.3277959500875926,0.1923076923076923,False,2
-0.63780035993482509,0.76234030102056882,-0.1097632283912859,-0.76975351400135394,-0.63578418521965563,0.057078870934414612,-0.026272201079776805,0.12089555518896847,0.99231750774939786,8.1439372307816367,2.9286938250827066,-1.3471289901791954,0.1781268293875979,0.1175034320381308,0.3289473684210527,True,5
0.76908105325474052,0.63451284781913619,-0.076862080878852296,-0.61744659118364953,0.76864509741632592,0.16716584954331115,0.16514854089657865,-0.081105857805063991,0.98292817604819671,14.314606249215306,-7.6083182982823692,0.73033378704335561,0.2100482392075907,0.2943509625542748,0.578125,True,5
-0.64274688872883778,-0.72675547597472889,-0.24228684481445778,0.7547067474434096,-0.65499471162731882,-0.037411937982894813,-0.13150727125444281,-0.20690192333806737,0.96948307449187576,1.0048305130747939,9.8750157599802595,-3.1893865084837114,0.4308753872808754,0.1503372898021235,0.61,True,5
-0.86874053175122645,-0.46597499167690803,-0.16780105966382503,0.46289462798842573,-0.88441567190527604,0.059476740561302741,-0.17612056061702175,-0.026004353867094043,0.98402506152429958,8.5305735268872382,-20.607062450647128,0.9590400885570991,0.357042440897106,0.2397847917185939,0.5,True,5
0.9880541719464957,0.021994107698685803,-0.15252938249944897,0.023375175338882965,0.95692165931207751,0.28940376486372205,0.15232384736803717,-0.28951199831087948,0.94497632158538247,-20.000407733958873,7.1727634227261756,-5.733624183286385,,0.138840619330951,0.3636363636363636,False,2
0.52525689039561885,0.85003191088395003,-0.039382097086187395,-0.83119452906370872,0.52242961515692787,0.1902181696409263,0.18226588804953359,-0.067179220641244417,0.98095162896421684,-10.047521154604262,35.188665227734347,-7.825807901171796,,0.4227172363345376,0.3157894736842105,False,5
-0.39715143524216534,0.91770387894218208,0.0095041075099468186,-0.9173827186416792,-0.39726405106718887,0.024294469891049816,0.02607076950703998,0.0009296795999402252,0.9996596674234447,4.7657300804587166,-32.479176510310928,1.0342841285887447,,0.4617083116453433,0.5454545454545454,False,2
-0.93697232695378407,-0.26099592209459072,-0.23230150058233573,0.30591923807596716,-0.93400302323409068,-0.18453122327833163,-0.16880840707094658,-0.24396614773277883,0.95497865968962725,-13.596891099041944,-15.467719327133256,-2.846696820591347,,0.3004824024543679,0.2758620689655172,False,2
0.62792933401282325,-0.7419035964052596,-0.23512508400243834,0.77795533084060675,0.60694042071438759,0.162507934943879,0.022141696025689897,-0.28496031187515153,0.95828355195793802,20.681613165669916,-22.641490985287486,3.1289219948520111,,0.3531407506415946,0.1818181818181818,False,1
-0.35002243549644252,-0.90632872494306893,-0.23675416995738285,0.92887072122701786,-0.36850738740362454,0.037436461854109024,-0.12117540136652333,-0.20681041504727327,0.97084806964407999,14.868813680033364,0.29274857556391987,-0.019087591966173708,0.3555239859211434,0.1980564812380764,0.1428571428571428,True,4
-0.43334009818292263,0.89968964100206883,-0.052677406735559304,-0.90112813013428616,-0.43343093065243266,0.010282092902264908,-0.013581324953761562,0.051924736179731271,0.9985586459418222,-17.297553113206874,30.655845916566086,-7.9216061635832435,,0.2754872340368087,0.2727272727272727,False,2
0.98533245347238152,0.13529851763439149,-0.10399166918572575,-0.087725720176543676,0.9243256019232049,0.37138440953924301,0.14636992229827805,-0.35681436736101541,0.92263717304862314,-3.6670708614121872,-19.905677383467509,-1.0150135555019193,,0.1896162450146363,0.5,False,2
-0.72295503268945593,-0.66356597492681912,-0.19239599171606206,0.66954790526198771,-0.74159180325220664,0.041799520432940412,-0.17041602996276875,-0.098599159573292156,0.98042673487781262,-7.5212959155652852,-16.053188284088925,-1.9161958845624956,0.4659747754694268,0.4289863341588073,0.890295358649789,True,5
0.94771878554282751,0.28771740644856408,-0.13801375857405709,-0.26223241796518526,0.94864567844417769,0.17693370435650865,0.18183306216790918,-0.13149171379100585,0.97449816146924773,12.216118201316222,-8.7159575257431054,0.50345817382559022,0.2364722796973045,0.2229059698972568,0.4745762711864407,True,5
0.96326802652136823,-0.2030438047123147,-0.17574960156306446,0.23460971698950969,0.9547340478199744,0.18286929383411743,0.13066365131791882,-0.21738470806667617,0.96730083165633396,-27.23460268484579,2.2482549615758556,-6.2493321081461817,,0.1374642532512815,0.35,False,2
0.98635570918846249,0.059909010617282307,-0.15334055366465749,-0.03786239415096921,0.98901923872721986,0.1428544172806262,0.16021502445302063,-0.13509942958535751,0.97779307118900638,1.8114115303618263,-8.9023064842226969,-1.0839676973478831,0.6284359124692417,0.5288746464519479,0.9965034965034965,True,5
-0.14962399337995719,-0.88852091765263475,-0.43375481495743107,0.98184286610505045,-0.18525651443704799,0.04079963403336774,-0.11660723341051994,-0.41977446653215644,0.9001067438720749,-7.6570865246501469,-35.863163332243232,-0.74114995745063572,,0.3904461986250627,0.25,False,4
-0.75149717581393383,0.65962027500162423,0.012372855388445431,-0.65765081060909436,-0.74749984605218767,-0.093484712424851596,-0.052415704220039404,-0.078390515744813954,0.99554383177858108,-24.110532083396514,14.12600677700385,-6.9121536900265959,,0.6169480590944608,0.52,False,1
-0.27493319107155806,-0.9465395108143777,-0.16874446632256673,0.95259837005258408,-0.29194835180198458,0.085571638135914646,-0.13026160531933254,-0.13721922003634263,0.98193828718114851,7.5374008089259972,0.26610676926253662,-1.1694444013345502,0.2866050994234438,0.2300674626165055,0.8867924528301887,True,5
0.9710639054784107,-0.17560902041113821,-0.16185290676183905,0.20872760548262675,0.95339703281470101,0.21786896183167742,0.11605032609391927,-0.24534785462759701,0.96246389648813879,8.5013528553172915,6.7898958497981816,-1.7636028881088299,0.2662895146704923,0.2099898949757088,0.4642857142857143,True,5
0.36365542042859744,-0.89241301124377892,-0.26712123194480553,0.93095876255165033,0.3380966186882009,0.13786391427746775,-0.032718765581843792,-0.29881381125111328,0.95375038064704554,-18.546446134824819,-15.123247202850516,-3.5675375785874031,,0.4716943425895649,0.2631578947368421,False,1
0.62631821614319716,0.77873477779714806,-0.036022742489015519,-0.75313230860550928,0.61636471464306264,0.22997013779513148,0.20128889155077379,-0.11690459525699801,0.97253076956261808,1.5187346505222543,-11.483320222319556,-0.95696957755338452,,0.4989322328773382,0.4772727272727273,False,4
-0.51329283845309359,-0.82969702022686431,-0.21939306420083521,0.83682120192690002,-0.54058963679119609,0.086562813029520347,-0.19042252492388506,-0.13916069567456141,0.97178884680829047,-4.7386859601315399,-16.178878299962097,-1.4895348500114234,0.4800213070522553,0.289839290494727,0.5957446808510638,True,3
-0.9518336166566298,-0.2615173536837645,-0.16006698574222525,0.25612958194596175,-0.96514490221035387,0.053786197017022155,-0.1685538592098913,0.010197620291411844,0.98563969333922696,0.42073103743450868,-17.299226162830326,-0.58251032574574257,,0.1051246852248981,0.3333333333333333,False,3
0.97849756160077106,-0.13164060302612962,-0.15878688099544461,0.15135921782837047,0.98126294489696053,0.11922004928084735,0.14011748327645762,-0.14069038562410999,0.98008841757935805,-0.96004386481813642,-3.1472770164036734,-2.0376403829130449,,0.1622990107293115,0.5435356200527705,False,5
0.22982910348761865,-0.9464910561427694,-0.22656845286099303,0.97156964729567374,0.2095361112578209,0.11021360411814844,-0.05684191801689395,-0.24545732566109463,0.96773947818380646,-1.7137482937934161,2.1949562205662834,-2.7495787970162278,0.60561538640252,0.4766354363716583,0.9660596026490066,True,5
0.89477990308028565,-0.36854233678634635,-0.25208227037952385,0.43519958660046665,0.84608959051131705,0.30778844138657391,0.099851113496139066,-0.38510901161158639,0.91745343440914218,13.249565242544302,2.9545191544403977,-0.57238807370342504,,0.5788396662693711,0.25,False,4
0.060991569201740703,-0.97489791213513544,-0.2141356798874535,0.99490008702953836,0.042111195050020908,0.091654045628521891,-0.080335828339075085,-0.21863373062272845,0.97249444549522346,24.102979917813606,-15.928355203151309,3.162994858960404,,0.1953762014600558,0.5483870967741935,False,4
0.98226529639109306,0.12194528332866403,-0.14242273477085884,-0.098784782275102401,0.98221234497158139,0.15968868518554491,0.15936265025588398,-0.14278745483871924,0.9768394384155985,-3.0683032435387609,23.39517526447942,-5.325060195910587,,0.1797215375052377,0.3125,False,1
-0.60656832518471182,-0.77055360857685362,-0.19576006536524207,0.77763568842925168,-0.62625615295585579,0.055551480323177575,-0.16540133906283386,-0.11853424481609401,0.97907713171235944,-10.080528294423827,18.666480599714713,-5.6542434823420908,0.1417227455633118,0.1230838565433139,0.4117647058823529,True,4
-0.97620282591572882,-0.12062853897642423,-0.18021320223157378,0.14341316805545251,-0.98245343758970405,-0.1192388619388477,-0.16266747032656348,-0.14224626024112666,0.97637354303820112,-23.137221681184649,9.255854795878804,-6.344642613329901,,0.6932287615241177,0.1739130434782609,False,1
0.89932595015244665,0.42959827669310235,-0.081597524746252231,-0.40059941607627475,0.88422853445635641,0.24012498140033534,0.17530813792219224,-0.1832627062865772,0.96730648569249922,10.663808374938926,5.5190842961288009,-1.2859347423141123,,0.1565411681286865,0.2380952380952381,False,1
0.25905072305485549,0.96032457861320009,0.10329291648576719,-0.95672302414809429,0.24044940608979098,0.16390588206648096,0.13256612670543311,-0.1412826486956055,0.98105322752023638,-8.198477252718801,30.462659340636588,-6.9515152671894782,,0.4749922146927451,0.2903225806451613,False,2
0.12598000268384607,0.98153835495590935,0.14391489385823114,-0.98561373584443435,0.10736431928828154,0.13053147765401962,0.11267032723195614,-0.15828885208444621,0.98094344213478135,-17.496372917159817,15.443973792481328,-6.2144212504744942,,0.3428440672654899,0.5147058823529411,False,1
-0.98779745910413275,0.073537812223143623,-0.13728936579667791,-0.071854858118525711,-0.99726710863746493,-0.017181193050486501,-0.13817763622304047,-0.0071066309391455001,0.99038196502385334,3.2768779777257708,-14.880429785299929,-0.35411023146372694,0.4066583870961197,0.2944894090170586,0.5862068965517241,True,5
0.5705703408857834,-0.80149818456671162,-0.17902554632718387,0.8211989748432964,0.55921441165514962,0.1136287178203827,0.0090404545129180031,-0.21184877137583463,0.97726064499126852,-1.5565124044138092,3.2110917108497024,-2.7686006701682104,0.1901427541711459,0.1532701664607011,0.5633484162895928,True,5
0.56998975960256548,0.81053341192270723,0.13471177418898425,-0.80524542783375874,0.51844961904897346,0.28773215576434991,0.16337525792186419,-0.27248042253510313,0.94818929778502303,-15.478466158003148,14.469847212930933,-5.8508840854777446,,0.2444717118202186,0.1,False,1
0.5796942676055139,0.8079186881991488,-0.10593370268180083,-0.79754112192526916,0.58921802963941394,0.12942284337021889,0.16698118140524915,0.0094608036876191459,0.98591469116252373,13.401696165412524,-8.9906868187349982,0.70315166755888558,0.3114870321554106,0.1909936257811384,0.1363636363636364,True,5
0.88200454085177493,0.46318631219906647,-0.086755000479970479,-0.43781880857955713,0.87353933314273247,0.21270572231731008,0.17430628436986423,-0.14962444200056454,0.97325733780187507,-0.8688141347232432,13.539209192677776,-3.8758313346322462,,0.2711088305529892,0.5,False,5
0.1383900457330019,0.97547431631914405,0.17116674164017923,-0.98373714499479292,0.11541290626337496,0.13762663486889154,0.11449639644771115,-0.1874292380327563,0.97558231632750969,21.785505855723823,5.2312196849717765,0.52467255713105454,,0.4111241756332518,0.125,False,3
0.13947996421337611,0.98193857310010835,-0.12783574711776771,-0.98374395848107654,0.15215351327244039,0.095378889440138975,0.11310686864649869,0.11245419981919662,0.98719850547294041,4.1149881823165906,10.37465670831754,-2.8546198577383328,1.022950615601062,0.9342641300989449,0.9603174603174603,True,5
-0.3230564511493339,0.94055043024471974,-0.10487810799814409,-0.94503919743791653,-0.31471547618676693,0.088628913760887482,0.050353199269721781,0.12774606536018593,0.9905278886070269,12.709684510754403,-14.133398829861498,1.0611196412033876,0.3608240460328804,0.3652792872656377,0.9148936170212766,True,5
0.2864163700008806,0.95520027430679921,-0.074552658971587069,-0.9470537459128594,0.29403878157539393,0.12895889764602678,0.14510294741299859,0.033669435603715409,0.98884351833755135,-19.365398089524785,2.4015028140878902,-5.1900858690769098,,0.2706878671538552,0.8461538461538461,True,5
0.53187146803061114,0.8376829501435995,-0.12409680307598625,-0.83144931991314619,0.54437519470528706,0.11112009631722437,0.160638631440047,0.044078593764979315,0.98602855316708393,-1.0815826325698941,5.7183953036355453,-3.0199846478962469,,0.133013211654166,0.5859375,False,5
0.21356222389619925,-0.92865945510322456,-0.30328665148979395,0.97307250990319982,0.17464943947515085,0.15042427916298159,-0.086724085438801848,-0.32724484677133991,0.9409515095191705,-8.7677407375025496,-20.808996187810354,-1.7211472076858185,,0.5308761457449727,0.3898305084745763,False,2
0.77121758328529832,-0.58040018600911725,-0.26145566223007549,0.63450744733896558,0.73393419765970158,0.24236520537610445,0.051222441399987356,-0.35281187279652804,0.93429119866925459,-22.241534665583135,5.1143666393529612,-5.834006647968339,,0.4387421152595309,0.4814814814814815,False,4
0.47848948218920057,-0.8136656977573804,-0.33014534333730566,0.87808040639374507,0.44133895746726243,0.18491815629923108,-0.0047555590320642466,-0.37837555010162438,0.92563995578388214,-2.9547747384336889,-15.947451818428128,-1.2304843578272389,0.4616478875794811,0.2253512957656837,0.1818181818181818,True,5
-0.65622065523137607,0.74851695266396689,-0.095377267849057562,-0.75414119825721926,-0.65484421924591107,0.049498501102326523,-0.025406785291876802,0.10440986588852778,0.99420977422587764,19.36859295318548,-22.914527571792366,2.9332242258094583,0.6718099704749757,0.6001580893848569,0.8431372549019608,True,5
0.22649077910436466,0.97388015516768256,0.016104979083192056,-0.97043122044987262,0.22421021404387309,0.089403726402051575,0.083457614133584407,-0.035877894154655809,0.99586525361323786,1.1121708196879663,-19.776869650220128,-0.32297798003806039,0.4589644645780909,0.3897522145061453,0.8210526315789474,True,4
0.13905340361905144,0.99003619238514573,-0.022192086640924535,-0.9822876335921048,0.14073807617254527,0.12370852358375356,0.12559918723454563,0.0045969210099761071,0.99207041709913313,-16.143747972715339,29.8916888458374,-7.6966401096536066,0.6077783116907373,0.5628008249236452,0.8085106382978723,True,5
-0.82035124639766022,-0.53566615678632157,-0.20021388814859437,0.53611305439461732,-0.84223803946930897,0.056726341135040513,-0.19901413377315658,-0.060801754453855897,0.9781086448927101,11.474812551001865,2.0940461245457693,-0.77929055506612399,0.3359502268203817,0.3397845609665229,0.7142857142857143,True,5
0.9773973810707246,-0.17243210431127642,-0.12231732861239865,0.20045785059142449,0.93970310362499898,0.27708252773101816,0.067164049999642775,-0.29533920572847999,0.95302872147030093,-5.0286515588393872,-15.01121513930886,-1.6330175055698755,,0.7818793373516841,0.1686746987951807,True,2
0.97488215813337609,0.20641341024054152,-0.08365573397012771,-0.17870634704495278,0.94911662106251005,0.25931000973493634,0.13292411097712811,-0.23784689128881556,0.96216424638685583,-17.892598690421558,-1.312343660602626,-4.6751005047001115,,0.3723902643591759,0.1641791044776119,False,2
-0.85289228554776686,0.52196296351128635,-0.011376026354646018,-0.51534393191374672,-0.8451676079109377,-0.14181800442039338,-0.083638394848213227,-0.11509291577077495,0.98982737871135662,-16.851903096409398,12.397089091824657,-5.8160123594506192,,0.6024761077705145,0.2857142857142857,False,2
-0.018324952283415647,0.99958340892429132,-0.022298087969677513,-0.99546020895219178,-0.016156992370030432,0.09379724937551831,0.093397904241310101,0.023915689428651535,0.99534158522714367,-18.19075366778246,1.6660595788014414,-4.9513748389442149,,0.09340260911241732,0.2676056338028169,False,5
0.92214975457616266,0.38450356791491852,-0.042389107042026114,-0.34569740473084432,0.86829934200883419,0.35573804551858712,0.17358898149790977,-0.3133899470750825,0.93362391067002748,-18.744602061571872,7.4043347239328687,-5.5754999925204061,1.229064640511576,0.6553011729630769,0.3214285714285715,True,1
0.40749562517796856,0.90669830199709334,0.10883705534606941,-0.90119079109741751,0.37999701464641383,0.20846444996934874,0.14765660669955369,-0.18303130337567891,0.97195528111254836,-4.9621005820712334,29.566890832722628,-6.492311541156683,,0.2201279273110916,0.1538461538461539,False,1
-0.98877889054152079,-0.020522794318114927,-0.14796999875939573,0.016612141133278996,-0.99948055058102547,0.027616404132654981,-0.14845990161133493,0.024848418936150619,0.98860619747699663,11.436376153196271,-20.581629536625258,1.4327164863292428,0.3076578791301743,0.2671833426285753,0.7142857142857143,True,4
-0.84527607317548903,-0.459593795148178,-0.27254706672118145,0.50270973583497369,-0.85688671166884722,-0.11414063633115615,-0.18108363154563903,-0.23349241278175337,0.95534811014603427,-29.541140652704641,1.2015360464869391,-6.4795825292865166,,0.4314128127272953,0.4761904761904762,False,2
0.98818547872488594,0.016116618444756807,-0.15241297269974899,0.044386299181092222,0.9217436399921346,0.38525124085336437,0.14669463549249129,-0.38746472967736895,0.91013832309916987,-25.407079028069067,9.539526563599674,-6.6579393823094835,,0.5237229928087681,0.3181818181818182,False,1
-0.20891850994937408,0.97356030623438561,-0.092376329897557702,-0.9760522196827629,-0.20172864479880981,0.081410185603443597,0.0606227733849646,0.10717221651363179,0.99239054578057651,3.2237490933532267,-9.3269108297059269,-0.85519003721500475,1.047929067799859,0.9444234167947918,0.761744966442953,True,1
-0.079244956722802129,0.9932415977161213,-0.084801918612301061,-0.99359120369931653,-0.07182072880069465,0.087282889765862973,0.080602461285893198,0.091175169212144663,0.99256754518460477,10.690577501047853,-22.996963777148533,1.4464452644399208,,0.1664847592953735,0.2380952380952381,False,3
-0.70878964684017209,0.70523462917514634,0.016166457384883176,-0.70310726444049887,-0.70442622024531554,-0.097076644574769402,-0.057073734967864803,-0.080173674252158933,0.99514560278068165,-0.15890408831452135,-18.275198059582795,-0.62558843583092094,,0.479720738912894,0.1724137931034483,False,3
-0.88938812172857229,-0.4045155953603693,-0.21296925139176165,0.42460762354098341,-0.90358512488951259,-0.056941093327062681,-0.16940228734878393,-0.14107109976408586,0.97539828267859408,-12.500692393122717,18.49394857109893,-5.9344816206850286,0.407851653528012,0.2395961765451171,0.1290322580645161,True,4
0.14189191371362872,-0.89106833977324862,-0.43111935548804808,0.98726593592815848,0.095746434639081696,0.12703775820519242,-0.071921183100536829,-0.4436550846182763,0.89330706328438325,-16.61348353133009,-35.535527466349109,-1.954000777028196,,0.2173726956638071,0.5555555555555556,False,1
-0.83785342520243589,0.53096101080482261,-0.12681499470357421,-0.54047864295586368,-0.83949002805873751,0.056029717994371057,-0.076710327760571712,0.11548548737855314,0.99034268201456643,-0.64329230637391244,-24.812338239341774,-0.26187772095927059,,0.1293931500918344,0.2941176470588235,False,1
0.9768712417964871,0.18619433239944744,-0.10513918172267579,-0.13044279262452638,0.90852101838578281,0.3969562154741697,0.16943215398295752,-0.37406046267092258,0.91179576411777175,8.5935507100202049,8.5221014040197769,-1.9437777956755331,,0.3905992356339091,0.2100840336134454,False,2
-0.67173051172904663,0.7407657881588996,0.0066458036050674463,-0.74070470676170741,-0.67148053634413174,-0.02168932207446625,-0.011604179991955718,-0.01949195742662474,0.99974267019188146,-6.1377278286567645,26.206206867574515,-6.1408107012660684,,0.4124753046349786,0.2272727272727273,False,2
0.14795729135099214,-0.97354724849011087,-0.17411029519650095,0.98644785009864666,0.13264770348550217,0.096567208698297699,-0.070917409511599264,-0.18603854900895517,0.97997978515416706,-15.523236283863866,23.193543060626972,-6.8041197708746814,,0.07631264690211294,0.2666666666666667,False,1
0.64016429544430109,0.76758758690053097,-0.031606506838304488,-0.74870461321705051,0.63257754902126118,0.19820960274860369,0.17213679730321207,-0.10322277321633998,0.97964992834365061,9.0769028445850815,-10.312493917967066,0.1712871275715464,,0.3933461746667541,0.3658536585365854,False,3
-0.98665078308489707,0.096287210968917541,-0.13133546833124379,-0.077462643583348326,-0.98688945914878323,-0.14159355306687477,-0.14324723762446209,-0.12952979744000953,0.98117391959229705,30.915873463544347,-17.286724696035591,4.4950503586332449,,0.5042099758296043,0.3333333333333333,False,2
-0.87622424415960121,-0.41793065892039782,-0.23992715203015041,0.44454055347068999,-0.89320406487443504,-0.067603215986814208,-0.18605045086456962,-0.16589292578693401,0.96843418305372841,6.7507711857935506,-18.526428031295087,0.49913566088871397,,0.6838496940011874,0.3620689655172414,False,3
0.06221729618265949,0.98655174533951973,0.15114450642767985,-0.99267092334954254,0.045447721537309714,0.11197741979271525,0.10360234549509997,-0.15700368904778916,0.98214886632999765,21.443681156292797,8.1079146697788946,0.05200518914141776,,0.4135950330366442,0.35,False,1
0.14986196346310457,0.9706600549235419,0.18804374406719379,-0.98188280378749082,0.12380383979199075,0.14345301976317426,0.11596357847788978,-0.20613506986581454,0.97162790276834732,12.723060721967256,2.0224949455896586,-0.56852950554467041,,0.1883649038204908,0.3157894736842105,False,1
0.06411714072182341,-0.93899448542964892,-0.33790286858558405,0.98818905767617982,0.012516317988018073,0.15272762707868456,-0.13918109984736007,-0.34370437605118065,0.92870658624161129,19.408325077931156,-0.4894075327004731,0.77145341755889418,,0.4301824048355524,0.2727272727272727,False,2
-0.73344970968905787,-0.62848133146750285,-0.25896474538799669,0.65702061298396897,-0.75314904176214936,-0.033021735371187008,-0.17428550562569767,-0.19436495797748526,0.96532213568280101,5.3936475154165153,-16.002392511443428,0.097886453351367822,,0.2195168748851339,0.1176470588235294,False,1
0.025527135252077452,-0.93430544443020214,-0.35555829602739508,0.99557122844106927,-0.0084312340254619547,0.093631423107566419,-0.090478143582648565,-0.35637375155991841,0.92995239379924577,-2.0337577215068032,-24.846603418300827,-0.47247175893337467,,0.6107673439369508,0.2857142857142857,False,1
0.93340967360239735,0.33346533037260057,-0.1324660509902752,-0.31437472793048943,0.93799480275846403,0.14606259081893702,0.17295927747333065,-0.094692256481730408,0.98036649519366048,12.647490996593607,-19.546787669527831,1.5757400238365444,,0.1037704130192937,0.1818181818181818,False,2
0.12132191491143705,-0.95597860043280114,-0.26718141491646452,0.9895405720751681,0.095319878905732527,0.10827546768564317,-0.078041329943628501,-0.27752303724184491,0.95754400140186269,29.150318446472973,3.7950341154576628,1.8515988821102507,,0.5033414875783327,0.4166666666666667,False,3
0.73070646341485235,0.68158793387415673,-0.038806606665861346,-0.65867099350190439,0.71880228728987294,0.22243154925968317,0.1795009377217146,-0.13697138454438901,0.97417567880389,4.8796176732472807,-17.125154267067607,0.10500509809207063,,0.4438623111013305,0.3,False,3
0.97789816516618711,-0.097258518639611574,-0.18508365437453247,0.16039059539365719,0.91682757686572458,0.36565291084276985,0.13412693791282618,-0.38725698812358544,0.91216335690246664,-9.6738284201458615,30.833141986884758,-7.1377327255970586,,0.4456686570875955,0.1785714285714286,False,1
0.90462953427225568,0.42616242869261378,-0.0055668746325919227,-0.40994091113013831,0.87362031157880182,0.26217551483452806,0.11659268889666385,-0.234889624223316,0.9650041499019969,15.573961623291222,-14.0351016639404,1.5291240910626116,0.7154671998817909,0.726480450851544,0.6578947368421053,True,2
0.21700694922531988,-0.89491169939547788,-0.38992439558588443,0.97425251678299185,0.17352751120192136,0.14394525486473453,-0.061155682727982788,-0.41112194436829219,0.90952665124718002,4.3872132936116159,-14.8838413615994,-0.16470562189203386,,0.3483000765947551,0.2857142857142857,False,2
0.71686577658300976,0.69720493218848612,0.002956500648821192,-0.67522896457816362,0.69320120461956769,0.25206732296884699,0.17369313100620684,-0.18269475210314096,0.96770518433830466,29.189052002774307,20.171666120189986,-0.35694221064280546,,0.4128712336595746,0.3157894736842105,False,2
-0.4564297422652922,0.88838923766678346,0.049360437330616153,-0.88963909497475924,-0.45657765861493427,-0.008895074265860281,0.014634584658584984,-0.04797295124896496,0.99874142042889891,-10.587079290568139,-11.698490958597617,-2.7143343283148127,,0.1718263877166548,0.3181818181818182,False,1
0.55811896280706097,-0.76419027843052367,-0.32329002723166178,0.82968329472388536,0.51929640841492197,0.20483376348512528,0.011351379268094361,-0.38254994256912483,0.92386508085816887,20.4895426532937,-2.0727099123477997,1.1082304390875553,,0.6094791361932366,0.2153846153846154,False,2
0.6179594873687313,0.78518320392377927,0.040167253415727217,-0.76793859175269452,0.59185966722290417,0.2448927389933831,0.16851228818060404,-0.18217977547132272,0.96871778044038981,32.23444528818905,-13.327035355143055,4.3007767468551439,,0.3897078665811048,0.5555555555555556,False,2
-0.42428018635775988,0.90335598397646788,-0.06272391631692821,-0.90528679057039618,-0.42153852083827875,0.052546191757618266,0.021027369853997488,0.079077440925870865,0.9966466816548577,-27.69256605081387,5.9964932767635801,-6.6549446076071765,,0.138531433808308,0.4,False,1
-0.98761913336393148,0.090405544654940939,-0.1282001751524538,-0.059415656495269267,-0.97192403644784531,-0.2276696008213725,-0.14518342597112285,-0.21723375628702471,0.96526227935868103,-16.522938165355622,7.1253877452845025,-5.2629407870261833,,0.3485641203824706,0.148936170212766,False,1
-0.88601724651573277,0.46197703250447203,-0.039378424486534488,-0.45769323339706375,-0.88504253242959252,-0.08495069095160665,-0.074096848645677671,-0.05724453885722737,0.99560670939473073,20.473394186526491,-29.02180679984053,3.6077353217278736,,0.4682716311186943,0.375,False,2
0.96069428251383981,-0.17337078238529055,-0.21681574518547109,0.24881430809529939,0.88411211915232935,0.3955214290718459,0.12311756833318414,-0.43392203514351529,0.89249858923397418,16.548713088332558,-0.17050141456218196,0.28860257414349461,,0.2565387427991505,0.2666666666666667,False,1
0.099447010850181275,-0.91210670376445457,-0.39770799964409304,0.99345463371931697,0.068439143130111901,0.091454767121423697,-0.056197711471034958,-0.4041997583318897,0.91294269951068696,31.691961968827385,-4.4580802161053752,3.2757691309073174,,0.7268894430598647,0.4324324324324325,False,2
-0.71068244390998536,-0.60062071220061353,-0.36631301368332175,0.68186846016398106,-0.71623856782261563,-0.14851840625662832,-0.17316427735457246,-0.35532671450235082,0.91856249597359074,-23.958683700390079,-2.1171368212445434,-5.3984868776034425,,0.6854318730022593,0.2758620689655172,False,1
-0.10126776349274424,-0.94035923198146909,-0.3247604577290788,0.98873350469548837,-0.13130040073459293,0.071876710132793176,-0.11023110618040585,-0.31382275187461872,0.94306117703788828,-23.851016682275048,-0.18388956476089996,-5.5697636020669501,,0.7734382772732473,0.5294117647058824,False,2
0.67670626209747042,0.73014413794525956,0.094647623648161039,-0.71606778961833584,0.62279714442899159,0.31523108597060151,0.17121785978448822,-0.28109296454245891,0.94428342661276832,25.647657632221023,-5.406343533288247,2.3242793857637549,,0.3172984223062751,0.2758620689655172,False,1
0.75576736935521482,0.65218884537309463,0.058867592007898151,-0.6309615622334831,0.70120547711204373,0.33196142223450342,0.17522325873519579,-0.28802879862781305,0.94145431156229686,0.51201540206340856,28.731597278518421,-5.7688767760889688,,0.264657084301034,0.2222222222222222,False,1
-0.029477941790985326,0.98731570264115343,0.15600882752579437,-0.99551719550913287,-0.043031426987065191,0.08422475726939127,0.089869707874223465,-0.15282669796099985,0.98415823727535789,-4.2661076800680346,26.125143648059332,-5.9022064486346233,,0.5984955094054901,0.1153846153846154,False,1
-0.06632084620486052,0.99779455947310325,-0.002749989917315343,-0.9940859319321943,-0.065836318182679987,0.086363992164835493,0.085992472305255113,0.0084614593317604014,0.99625985486358182,-2.1797910144322614,26.897060440025069,-5.7605951756693488,,0.4070346431267899,0.3809523809523809,False,2
0.95024958909187052,0.30239176807836399,-0.074732436258771046,-0.26109985359285753,0.90409552873396071,0.3382870694795288,0.16986048653091379,-0.30194452060221272,0.93807085105219012,-2.7514161377614732,24.830597675927667,-5.5250843256925855,,0.147879743836586,0.2857142857142857,False,1
0.45521610357884429,0.89021195953852783,0.017348375632019797,-0.87555800486459023,0.44401224608123058,0.19039775588866398,0.16179146813115178,-0.10186163372180632,0.98155373180253969,15.647285185731686,-8.1777227745997294,0.98817102008974178,,0.1496077612959567,0.5,False,2
0.9881814138421795,0.048673662613495663,-0.14535600401999085,-0.018238507067275291,0.97884619090842984,0.20378295170110705,0.15220003349812034,-0.19872344882234297,0.96816534780549013,-19.857044347241025,4.1076824760727328,-5.4100378770146751,,0.09433257797041862,0.103448275862069,False,2
0.22568656980834745,-0.94309934841719556,-0.24419089095050767,0.97248828952029742,0.20324557068512578,0.11383217797601486,-0.057724335890744563,-0.26316317563811686,0.96302286786661195,28.719379507471164,-6.251143142353409,2.9387092787086337,,0.11779196693397,0.2941176470588235,False,1
0.53748816626195361,0.83522114365307243,0.11624161184023843,-0.82784583586228944,0.49637386331213651,0.26131257119788937,0.16055448662005714,-0.23668254903021174,0.95822942336933692,21.210673669216149,-28.533851995526529,3.7156188175559404,,0.651649981245996,0.3809523809523809,False,1
0.72134891545754787,-0.58607420738718241,-0.369015942208065,0.69113181887646813,0.64349856529873772,0.32900821478341735,0.044638000680188542,-0.49236837824331559,0.86924152512482011,-15.938523058960653,12.820353121309921,-5.7311116919011313,,0.5195262839055637,0.1842105263157895,False,1
-0.95398613255924825,-0.21828297097428614,-0.20557967668835328,0.24758581472359087,-0.96018648215561453,-0.12939545522653348,-0.16915000216466053,-0.17434008164580245,0.9700483558562587,-8.7386126825597561,18.565090323873861,-5.464001173923239,,0.2205956725874588,0.3333333333333333,False,1
-0.94366841728483219,-0.259385009685283,-0.20544910554613277,0.28330619510499366,-0.95414747955542578,-0.096644643271936725,-0.17096057450263721,-0.14940550193548485,0.97388422204958958,17.238834041744052,-13.91446688752294,1.8023610883193608,,0.5540801347991862,0.2352941176470588,False,1
0.89734234260543932,0.4405350626994311,-0.026562731406827522,-0.40497474772549763,0.84584292930533045,0.3471961875494135,0.17541999279458603,-0.30079660482888798,0.9374162515400305,32.083536899934344,-21.110669759269342,4.9616277827759898,,0.4430204041504626,0.1071428571428571,False,1
0.37898518762521211,-0.86556233845334107,-0.32737144929249185,0.92492262014928794,0.34290048781288202,0.16412617766177237,-0.02980560847992661,-0.36499464887703698,0.93053239169535096,29.120249164224678,-7.206151533874789,3.1227712039315532,,0.3766788111174443,0.4642857142857143,False,1
0.60168262658996285,-0.76577956198186781,-0.22706756551886048,0.79857137817145674,0.58249744057426178,0.15159315845306057,0.01617933327253214,-0.27254062848553984,0.96200823021404736,0.63250231973564819,-13.802608221302958,-0.86653507500743632,,0.1128662612008081,0.4375,False,1
