axis_00,axis_01,axis_02,axis_10,axis_11,axis_12,axis_20,axis_21,axis_22,location_x,location_y,location_z,dbh,dbh_approximation,score,reconstructed,number_clusters
0.12966147341684645,-0.90081651721437328,-0.4143881086917659,0.9915542194939686,0.11899701396791262,0.051574610715219474,0.002851686356959926,-0.41757551769768159,0.90863774679705789,-21.798817124964572,15.092567098371942,-12.097245404749515,,0.256472074067702,0.275,True,6
0.69174688676226226,-0.55446674849674493,-0.46265848037852342,0.69769956678995415,0.67842399643672602,0.23012213183423022,0.18628354504847555,-0.48198288960321811,0.85614889766553115,-6.6862628725778617,-9.8884533414976232,-4.0549148792247456,,0.2399508529446141,0.3142857142857143,False,3
-0.95307305553197885,0.099871179416022041,-0.28579275417860489,-0.10157067344460802,-0.9947884245988009,-0.0089100269498225693,-0.28519317859119381,0.020536255897570528,0.95825002639121437,19.299513333119783,3.1617254675510815,3.8652018960582946,,0.3277628077778281,0.3684210526315789,True,5
0.71459426839692497,-0.60249190875222614,-0.35546945222109111,0.67452151209549882,0.72812815641492812,0.12186105840751285,0.18540701522505862,-0.32685300629472069,0.92670996054938237,-18.590181372756664,15.554493395220813,-11.054372328455383,0.2080401603789559,0.2196924463714056,0.4468085106382979,True,5
0.94822371141597472,-0.087064280433351224,-0.30543674333835014,0.13146008326591996,0.98303563905831093,0.1279030056290125,0.28911942102915156,-0.1614334024105315,0.94358317967730188,-7.4306925590304935,-17.18783587313818,-3.7041208686183338,,0.1220392548960331,0.2758620689655172,True,5
-0.2859037698069436,0.93168145236294142,-0.22411761584725853,-0.95770542789514668,-0.28575779581157135,0.033805258660257215,-0.032547623420963734,0.2243037080741051,0.97397561507147323,-25.68715254422851,20.667925684981242,-14.244167142357156,,0.5836177924777421,0.1818181818181818,False,1
-0.27607651432110486,0.9610785249333188,-0.010479845051591385,-0.96041178230575153,-0.27627528904969123,-0.035793478020435962,-0.037295665278938149,0.00018322801697595592,0.99930425786088573,9.3731768962232511,-5.1501313928011241,1.160866481258747,,0.4030555196186259,0.2439024390243902,False,3
0.87771305695911173,0.42211178860236942,-0.22680702715392276,-0.39609142965736277,0.90548006646036761,0.15237266354210297,0.26968753956287644,-0.043903156672807836,0.96194653897120763,-13.256443104890002,16.205321277078816,-9.063346017320093,,0.08888932985562714,0.625,False,4
-0.59141992644896613,-0.68172798800886558,-0.43066160841719509,0.78592689592724696,-0.60681377955397808,-0.11872637112950142,-0.1803923081987244,-0.40868568277932371,0.89467012235456711,-8.4425973432711086,-13.653739147160822,-4.2958132433177756,,0.22202048879282,0.3333333333333333,False,2
0.90199826007575146,-0.27698184107018731,-0.33118000926638691,0.3439323223358981,0.92467099942996778,0.16338329310494984,0.26097834483525717,-0.26127495580432436,0.92931464047248047,-16.373382353407685,19.114494861364477,-10.53320860294801,,0.1192114170474656,0.1538461538461539,False,3
0.7360707080507255,0.61707825833346319,-0.27823431823167516,-0.62359469647079979,0.77805661296262929,0.075878597500307468,0.26330508404357894,0.11765343223749405,0.95751141121113681,-4.4787557206641022,11.457293866768822,-5.0828246922812257,0.2739648733352891,0.228146112588817,0.7163461538461539,True,5
-0.95457191303786859,0.019272036930302799,-0.29735677465257404,-0.022218845369270265,-0.99973178574830845,0.0065329530042409073,-0.29715111601621336,0.012843097642555215,0.95474408565503222,-8.3879886627177047,-6.3916665749965098,-4.9508893095787521,,0.07325121111649419,0.4126984126984127,False,5
0.84773895413384726,-0.41930528280586449,-0.32484110801304922,0.49113006789838204,0.85182546043366247,0.18216652097218572,0.20032454180699397,-0.31396889140179662,0.92805905694721036,-15.690258437159992,-5.3702792420627503,-7.7617294284479614,,0.2210877889137819,0.1578947368421053,False,2
0.37323922944715893,-0.86775540241280913,-0.32816617617462485,0.92558647770270996,0.37236060202427484,0.068097388745900087,0.063104277949927498,-0.32916279200952131,0.94216225060279024,-19.424187277385897,9.2526054754696592,-10.582296745190218,0.3629112962448182,0.2836300579812966,0.9440559440559441,True,5
0.64326682912542421,0.76363453496683009,-0.055408334688167249,-0.72651499263755048,0.6316316943081941,0.27058708065652431,0.24162729982305958,-0.13380470750819509,0.96109965572195688,-13.995499637791758,23.644179173981424,-10.037074806610521,,0.3564563995934183,0.2608695652173913,False,1
0.72492756447921125,0.64929951487213111,-0.22997862127827076,-0.63718014941683654,0.75893735017073438,0.13422203881986641,0.26168967011973726,0.049236556567646722,0.96389536675408094,-11.109429673204266,18.239185649623941,-8.4598523297453863,1.221115931557031,0.4525709630456258,0.5151515151515151,True,1
0.95179535865650111,0.033322981352646767,-0.30491830734429987,0.066402631869880796,0.94812349824295261,0.31088988816025898,0.29945999018348818,-0.31615093071714417,0.90020681139724124,7.4851833878354936,3.4344432609992719,-0.13209161001496,,0.3751698853347095,0.4285714285714285,False,5
0.82199342993356894,0.53864202957315188,-0.18490961338817216,-0.49398977123695947,0.83593960634130438,0.23912147637383285,0.28337414677296124,-0.10521282491816791,0.95322051720125889,-6.1373645950199247,23.831787320906077,-7.0257548466304973,,0.281776350627655,0.5333333333333333,False,1
-0.92641313611715548,-0.21866217954349293,-0.30650538733742844,0.26522366354847404,-0.95680934638279669,-0.11904739799110317,-0.26723605580741439,-0.19157955504650176,0.9443951315867114,-2.776807391851031,-16.943044872679145,-2.1542214573782479,,0.2722204495549899,0.24,False,5
-0.17367887751396299,-0.92861989503684395,-0.32787305172467612,0.97937063464101737,-0.19778660886419941,0.041395861590887727,-0.10328991968406977,-0.31391965197445432,0.94381441215733541,2.1174379631988902,20.678275089661771,-3.5561513837423719,0.2407164158104365,0.1929684833412183,0.55,True,5
0.93605139257069858,-0.17088929937457947,-0.30757866932822231,0.21726561295344266,0.96830429706473797,0.12321705123044829,0.27677327164019899,-0.18216376051571684,0.94351095407544261,3.6315292334916087,-3.8799820001429315,-0.83963948775106345,,0.2041697350320776,0.7454545454545455,True,5
0.92752924470726961,-0.16921390943713763,-0.33325088606898379,0.25610732420048582,0.93715448527778766,0.23696098669315163,0.27221046765991552,-0.30513623773115656,0.91257511346718501,-7.4359770885865597,-0.8534218832216065,-4.9547968448281159,,0.13007714842275,0.1764705882352941,False,1
0.65960731320807053,0.71272290447253672,-0.23862995160428557,-0.70264273640951724,0.69745313484521299,0.14089822449389505,0.26685459961068264,0.074734102890300164,0.96083476026411851,4.8097180181313641,-13.483111466340265,0.18730928899394966,,0.1839332633913555,0.2,True,5
0.17762729909264666,-0.89748589864325945,-0.40369246259194969,0.98409779020064914,0.16211336784615832,0.072600243028349692,0.0002862503288728474,-0.41016864543999132,0.91200964926840133,19.45547757273858,-9.7892410147464091,4.8390009627758257,,0.1719137708645718,0.4285714285714285,False,2
0.75001681533878617,0.63555350552767875,-0.18315708646007198,-0.59470374644212787,0.76919253710789448,0.23381679756855758,0.28948614936946537,-0.066442324379853673,0.95487338786576315,13.871995090667982,4.4463963632529344,2.0154486622814596,,0.5249777144694351,0.3333333333333333,False,5
0.65972824326711499,-0.64914251668114797,-0.37864579500180851,0.74364388330511388,0.6365898760466191,0.20432108197109744,0.10840857834404144,-0.41637401786352535,0.90270718252909032,-15.283601069254994,10.827642320408005,-9.1784175451081342,,0.4054503282716601,0.4027777777777778,False,4
0.61230580736361251,-0.70530326504261209,-0.35725187555704319,0.77684465376549861,0.62069801023254656,0.10604887556838725,0.14694891011762085,-0.34246355194909095,0.92796806701613133,-8.3735573512714474,-16.254265708739393,-4.1183657228722828,,0.0736012431627026,0.25,False,3
0.51805111790505065,0.82949927250201172,-0.20869594187707657,-0.82945428086380923,0.54676641011499993,0.1142457383303903,0.20887468777721185,0.11391860993089936,0.97128467254321638,3.0501008195652064,7.7269686750617756,-2.0542559669809792,,0.07280568292895842,0.3125,False,1
0.95034629190994269,-0.031544352304926818,-0.30959147160521777,0.11328615300995254,0.96165577626816567,0.24976872403540931,0.28984163432679455,-0.27243920754497419,0.91747953939204496,-0.43051774732313286,-11.292757945872578,-1.7790312354211688,,0.1222810240680819,0.7142857142857143,False,4
-0.59378520989769545,-0.66906632627851093,-0.44695567514791296,0.77856706432059108,-0.6179772061441281,-0.10925886253075161,-0.20310699363135101,-0.41286126450234428,0.88785873054870568,3.4090431436996664,19.319518724518023,-3.0645036922974973,,0.4369941258369881,0.3809523809523809,False,3
-0.55058377448684181,-0.68411155773959276,-0.4783815253946691,0.80592790041625617,-0.5849746520886111,-0.091021292808075138,-0.21757234797296179,-0.43565586531219369,0.87342214330563905,8.5483647629199169,12.799137332001465,-0.51800566886008304,,0.3490182129832027,0.2580645161290323,False,1
0.95990025537491663,-0.018752706359941855,-0.27971384616309131,0.08261893915379119,0.97237023237448794,0.21833515998365366,0.26789104244874234,-0.23268963706225351,0.93492776308095815,25.2730112218835,-0.70934610739512927,6.0993379854218652,,0.3793374429365528,0.1818181818181818,False,3
-0.92928113559310932,-0.21940084796885373,-0.29715288815915847,0.24267318766375898,-0.96913903487095421,-0.043350375759680551,-0.27847135403824103,-0.1123957250074193,0.95384532602522387,9.1520584380787557,-11.950193134759118,1.4876229838627768,,0.3883849956775751,0.640625,True,5
0.76661823132695228,0.61063777047376155,-0.19853967026256797,-0.59179246807561681,0.79190730436893952,0.15054732151748706,0.24915489585016323,0.0020819601228583284,0.96846141033907007,-25.064436875606606,26.692458894586334,-14.451220220378678,,0.494340424573692,0.9387755102040817,False,5
0.94181792387208862,-0.14237254564770752,-0.30448161934517509,0.18040458787406599,0.97844315671724591,0.10051454495335009,0.28360744515484265,-0.14959628110010645,0.94719996290844555,16.307188877422721,-11.374981084939767,3.9856711130916946,,0.2893707296842928,0.5348837209302325,True,5
0.81192464773607897,-0.48566981223102978,-0.32388763466072668,0.53808953436341167,0.83778205339144229,0.092633061181120607,0.22635816620394048,-0.24949161208885323,0.94154974169721617,5.9880738352020533,-6.462397879856062,0.056550204573357243,,0.09623969864214954,0.25,False,5
0.9231520722052674,0.31711764992207558,-0.21731692914041473,-0.25376338150904482,0.92729830706584604,0.27517629970240853,0.28878088196453572,-0.19888249249422307,0.93651020090069992,2.063310717577242,6.5383879055058243,-2.2536120012967173,,0.5293938956938786,0.3846153846153846,False,4
-0.0097671497445064731,-0.93935020577670258,-0.34282035192376686,0.99845183481423228,-0.027935697948887082,0.048099171886859943,-0.054758892811684376,-0.34181981757554009,0.93816878863595943,-3.4289309922218481,-15.464871112227035,-2.4486799493186537,,0.3293763179588381,0.7604166666666666,True,5
0.48635417363280609,0.82781937391457039,-0.27959739262310612,-0.85042351926098836,0.5219379104923646,0.066035259359073895,0.20059774594373209,0.20565967461452772,0.95784374642200432,-0.55124961448021736,-6.7182371012501898,-2.0961302105346582,0.2597168312380347,0.2157200528286632,0.6065573770491803,True,4
0.758599316559468,-0.55212770438743686,-0.34595097190695601,0.62398091432893399,0.76846330468816881,0.14181667003905524,0.18754971465916909,-0.32344883273185265,0.92747288754748325,-6.6745552275953974,-13.830291604135693,-3.7230623331641777,,0.1195248949645926,0.4736842105263158,False,5
0.21918356775032335,-0.89256852763305194,-0.39405581724827454,0.97566258676808915,0.1978546308248218,0.094530745486184328,-0.0064094000686274605,-0.40518510404522479,0.91421220241835566,-3.891933911090772,-16.428788556132339,-2.5184461383431094,,0.1103463066863658,0.1304347826086956,False,4
0.80630839002731336,0.57944789662436746,-0.11877253583702743,-0.52097374577157374,0.79079714165212045,0.32128840155158306,0.2800948703355654,-0.19718016089970111,0.93950351130757914,-19.936018997026942,10.570828356102847,-10.98559132513938,,0.3516084066039566,0.3571428571428572,False,1
0.91715368909925921,-0.21867107228378441,-0.33318474262468828,0.30004122923613202,0.92911858146416926,0.21613403789426852,0.2623058736095909,-0.29819728993448313,0.91775487192694294,0.63826172339255094,-11.777745303158271,-1.3927013585139449,,0.1673982476450971,0.2272727272727273,False,3
0.63694334083637327,-0.69721899187528269,-0.32892074719089087,0.75559732002991908,0.64923378676126831,0.086995287753000625,0.15289169541804071,-0.30394270429809367,0.94034193885849759,-3.7645883612663713,15.695421356681361,-5.2622252435193966,0.09369896845675554,0.1094440574803354,0.3846153846153846,True,5
0.85087669868389826,-0.38632305173943515,-0.35603840148433574,0.46684096329314362,0.86682998609974038,0.17511507699182871,0.24097377166057105,-0.31521464891888207,0.91791686250914117,-11.441736400290928,16.902789309559985,-8.4756558665668322,,0.09015821693039872,0.3939393939393939,False,4
-0.85739821977587283,0.44910226185473962,-0.25134727196077,-0.45588790742908419,-0.88938717033948334,-0.034009955828516306,-0.23881898706990415,0.08542610627017834,0.96729926691919987,-16.12692758885148,-6.3352589671594233,-7.7084421608906943,,0.29195981675677,0.4716981132075472,False,2
0.17376317552331785,0.96667494337511362,-0.1880050868534493,-0.97760348772290073,0.19234058135776447,0.085419678967886215,0.11873407103301123,0.16895163394793675,0.97844650633657537,-8.7544488318970171,-12.216856719746414,-4.5711946478567969,,0.3584791377832331,0.4189189189189189,True,2
-0.4584032832705433,-0.82078220936413127,-0.3408562668899035,0.86724788711650891,-0.49695161662709164,0.030334683510312176,-0.19428724142036866,-0.28170135875258984,0.93962588954232606,21.099793699535628,-2.5463324284225504,4.8930945755187087,,0.3761553678607424,0.8604651162790697,True,5
0.93463780529896168,0.23415600558084332,-0.26762499501422587,-0.19517766386114888,0.9668991457905759,0.16435243046319353,0.29725048769622681,-0.10137557358594117,0.94940251771547179,-4.4876284810174267,-2.4184351116467533,-3.8333343272229099,,0.1661192191133951,0.5781893004115226,False,2
0.82539968522809903,-0.38646311198711797,-0.41153568824415127,0.51764219092114272,0.80900258657411339,0.27849843284074854,0.22530406521790536,-0.44290075410821556,0.86780009230620581,-7.9126463581070885,18.280923685236875,-7.124210861799356,,0.2132695200445724,0.6666666666666666,False,1
-0.17772145815067125,-0.88672695485095143,-0.42676737322991232,0.97730557067049473,-0.20983839230254456,0.029011560666448513,-0.11527751233097822,-0.4119261543731394,0.90389597769551955,-5.2959987485883708,-4.5846556628644981,-3.9282959180368486,,0.1216798685206299,0.1756756756756757,True,3
-0.96393744928699654,0.10964047144909864,-0.24249445536444408,-0.09900476541075845,-0.99352921960352703,-0.055657400406115692,-0.24702763061657634,-0.029642145914649705,0.96855495089206722,10.650530817791276,-5.142999638131708,1.5502062965616041,,0.22417672690413,0.5660377358490566,False,5
0.71329728114321234,-0.61026455126504098,-0.34465078874562349,0.67658619475591131,0.72788287576912347,0.11143446606767535,0.18286090281801162,-0.31267186734874303,0.93209344681165585,-12.023964365124133,18.177235577792793,-8.828349743724198,,0.3742022058935225,0.4905660377358491,False,2
-0.70143016731950825,-0.61563472029282107,-0.35915123770371055,0.66967156131252026,-0.74176502983783543,-0.03639561070962849,-0.24399942693247981,-0.26604234941011834,0.932569433327603,1.5528742690969612,-21.060364618426711,-0.35628166905761133,,0.2797199594554282,0.2068965517241379,False,5
0.49744451478579332,-0.72745810999346638,-0.47260306062726815,0.86095387208145058,0.48077699578668209,0.1661683196950916,0.10633618790178778,-0.48954895416808647,0.86546775596520575,-11.971240377897834,-15.618478212833381,-5.4033926900008016,,0.2770227300431403,0.3181818181818182,False,2
-0.9065897357339554,0.30198064931051899,-0.2947927042920756,-0.32125153307996174,-0.94682183835287581,0.018051562587645731,-0.27366494761955196,0.11106796955053572,0.95539070677095761,-23.406630222581995,20.535239521490322,-13.295697300689046,,0.1523412777515238,0.2857142857142857,False,4
0.65275816130383368,0.72766408944735606,-0.21074096844227522,-0.71392701250330892,0.68392716277833165,0.15017275662410118,0.25340679483655915,0.052427177520171231,0.96593808672602322,1.8495776015391945,-15.322973553461173,-0.65409247714759089,,0.7484332602761813,0.1730769230769231,False,3
0.91193568447187567,-0.25858987747636364,-0.31859783843204487,0.31242224745320685,0.94092933590765193,0.13055391271299505,0.26601813224496412,-0.21859382446707976,0.93885626867042682,-20.227804781067547,12.600487408374248,-11.206218951780146,0.4278329270588432,0.2782431430586713,0.1929824561403509,True,5
0.70677333667112419,-0.63761505908998006,-0.30646123244620471,0.68465832177286912,0.7255500785829907,0.069426694400454944,0.17808546543141598,-0.25889016955051958,0.94934790625575138,-5.9647735565099502,7.7526812044892424,-5.1989705190548898,0.2722701123380369,0.221358698425164,0.8247619047619048,True,5
0.78213189212164858,-0.51100953334460153,-0.35656550612354954,0.59153357819087271,0.78877154744775579,0.16711514536263802,0.19585129358498743,-0.34162655454136709,0.91920268060601407,2.0219627007012324,28.988066212928928,-4.4471633144650351,,0.4756650901679307,0.1714285714285714,True,5
-0.49429864118709121,-0.78415075848731552,-0.37520186737856609,0.84617814555783322,-0.53289910619925041,-0.0010433562893223947,-0.19912659114468284,-0.31800334994431712,0.92694253873866994,-16.606323825462503,15.422812587019346,-10.209526450204166,,0.09973768975968123,0.24,False,5
0.27515438696247074,-0.88624083590926528,-0.37264895558977995,0.96103426558097305,0.26423852314364032,0.081185856318125776,0.026517988508678203,-0.38046705987997798,0.92441419971338556,-18.716155719507281,18.279956180372846,-11.379264080274831,0.2450742447481732,0.1425966814591996,0.4,True,5
0.94429773958825902,-0.12530039898343909,-0.30430509200980316,0.17113719147166687,0.97678396694043568,0.12886094685083976,0.28109400687971603,-0.17376101962953575,0.94381845042021151,-3.5280919358625198,7.342398795248295,-4.3043083961916695,0.2712225899268649,0.2149518268577408,0.7191919191919192,True,5
0.53943855207463987,-0.74497355954240374,-0.39245438476125893,0.8317592977168442,0.54400204902217297,0.11062658505649109,0.13108210860830632,-0.38610382831875611,0.91309436235276475,4.4434793765229958,-9.6007092155690419,-0.22795818632414142,,0.1522761572238807,0.1724137931034483,False,5
-0.57002679562665437,0.81500379759653374,-0.10410697465029528,-0.81025192909940846,-0.57861526238390448,-0.09325336201495861,-0.13623972863411069,0.031195961912305559,0.99018460314330803,-11.095659524374801,9.2164817178290246,-7.2812158040701167,,0.3300887330768279,0.3846153846153846,False,2
0.21810937160633312,0.96032545727866447,-0.17379101852516604,-0.96800115727156788,0.23552636375610916,0.086608841908490247,0.12410504235684941,0.14933970697155224,0.98096666119866449,-13.627526955624932,-20.076425896831118,-5.6371832183793043,,0.1180116512223495,0.1111111111111111,False,1
-0.88244879328396786,0.37372471402670726,-0.28568158036059227,-0.39443328212982326,-0.91877746438853169,0.016442532653946441,-0.25633281721224249,0.12719201648467046,0.95818353031274706,-1.6296541121572166,4.5467890690302566,-3.4338133072252752,,0.0735375471823468,0.371900826446281,False,5
-0.6004719688579383,-0.6858993234412416,-0.4110663361535698,0.76670939767005941,-0.63985841703797242,-0.052325000430733667,-0.22713457275431914,-0.3465881190238766,0.91010250060705,-1.5787876440290134,25.356080624940784,-5.4933460694066838,,0.2555785077743935,0.2307692307692308,False,2
0.52386086273459553,0.84943919166654913,-0.063425989592947568,-0.82540065846116406,0.52460906528211915,0.20856433452462048,0.21043656884401513,-0.056906838646164581,0.97594982566136923,10.646781312436433,2.6848048967841147,1.0077803011404622,,0.4524942325056673,0.1666666666666667,False,1
-0.14761946213067165,-0.86977483374654352,-0.47085054208466653,0.98370331743817019,-0.17852469092681672,0.021370961387436486,-0.10264637188615047,-0.46002247044101835,0.88195410823236886,-5.5755967759486751,-9.6379978234646249,-3.6322996906038063,,0.1299648020513812,0.225,False,5
0.92778870982308714,0.19766453645650939,-0.31644405659175556,-0.11991590639315197,0.96111128989774874,0.2487674894856558,0.35331046590600979,-0.19285699224689856,0.91541132570159944,-14.363442809646433,16.209108393616052,-9.4472055103792165,,0.2381507893713655,0.3076923076923077,False,3
0.13838426986164001,-0.90094525204409126,-0.41127539030930454,0.99033223204974674,0.12186311111602592,0.066268033866189721,-0.0095845718854909098,-0.41646972875388327,0.90909906006630525,-1.5699951123088463,-13.525186877876759,-1.9783958086868383,,0.4489855569942193,0.25,False,2
0.14516120988214601,-0.9109833097573693,-0.38605392432801428,0.98939587120300598,0.13558678752723771,0.052077184010733718,0.004902365958977084,-0.3895197458301084,0.92100506753027778,-14.863415683879127,18.60417456070082,-9.9273647873213182,,0.4484049777565471,0.4473684210526316,False,2
-0.26773503849493574,-0.88881008443187148,-0.37193357333578353,0.94806392935775374,-0.31183327500136715,0.062727939968223609,-0.17173448987565276,-0.33582233757469293,0.92613747498577015,-5.5137338038700658,-14.526693087518051,-3.2229725047465041,,0.2410976386158248,0.34,True,5
0.94668781725052265,-0.074853947014184352,-0.31333538466927191,0.14868314959042292,0.96436662451051225,0.21883860390268009,0.28578925399201915,-0.25375953212953378,0.92408365538845394,6.4023941194573792,16.206626224700095,-1.4930661565787273,,0.2814335088441177,0.4655172413793103,False,5
-0.22511835756768184,0.9718775387290558,-0.069106980833940207,-0.97424785948120751,-0.22546105458752291,0.0029019235978769292,-0.012760618414295488,0.067980604426815944,0.99760503408886725,-10.4595945677665,16.730230129969925,-8.0468556207002742,0.3761943724732135,0.2294694404880831,0.1707317073170732,True,1
0.89932367095585897,0.37737313668930306,-0.22092182002635222,-0.32294331160410467,0.9138050837271392,0.24630851882265714,0.294829700587735,-0.15016585717037595,0.94367667290848833,-15.903110773567604,16.784564392859473,-10.139592286747845,,0.2686541264100629,0.25,False,2
-0.59865615175711939,-0.69328267199314575,-0.40121060389451524,0.76180715265447996,-0.64756090634689178,-0.017740764799363207,-0.24750893747061151,-0.31626572575167999,0.91581401855777056,-13.275246841955544,14.231785155116782,-8.7218008688084119,,0.1768496904783858,0.3246753246753247,False,5
0.94402000519968354,-0.083432751546655443,-0.31916329010734379,0.17066752686566869,0.95147165766866393,0.2560747545674929,0.2823098033302186,-0.29621050052724246,0.91244754058578881,-8.2403978588845685,-7.22960155008575,-4.8514478512875927,,0.3707857465921459,0.3584905660377358,False,1
-0.88210050184731537,-0.35073122665019246,-0.31446193933951022,0.36680237312315239,-0.93025884399878012,0.0086314676201010299,-0.29555832539777677,-0.10773156368727121,0.94923083940291209,-18.729403167587961,7.3890570549896761,-9.9996259203808098,,0.07676258183597293,0.3611111111111111,False,2
-0.19871259957098253,-0.85921320769740039,-0.47145091631058184,0.97117647884216651,-0.23724594457325499,0.02303494578407303,-0.13164174761629965,-0.45328470689169387,0.88159141601006885,-1.2188699650852932,-16.107488302934414,-1.6677887613097429,,0.5481370311965555,0.25,False,4
-0.3708434721009945,-0.73823298744768073,-0.56346000341120206,0.91171220400978326,-0.40489811982301971,-0.06955839002886402,-0.17679359790360855,-0.53950863645344593,0.82320984866098468,-36.316283404318824,11.912576961786179,-17.294547633280516,,0.4436925203120888,0.1666666666666667,False,2
-0.83651335749001732,-0.39041839729531003,-0.38447220679021871,0.4671995477214107,-0.87481349379277529,-0.12816369878786893,-0.28630400861617095,-0.28683588710522234,0.91419647150865346,11.441726197092535,1.1193302259092965,1.3266008681578016,,0.2235914239528279,0.1333333333333333,False,1
0.048535719098542318,-0.91765380683408859,-0.39440559678393761,0.99788272966751956,0.027434047663605382,0.058969745294449274,-0.043293669316524654,-0.39643267250782649,0.91704241688452726,-9.9100181851834037,21.26862059165342,-8.2783385695319271,,0.1030180824457785,0.1578947368421053,False,1
-0.52792401128603406,-0.72529061136982131,-0.44187075866870162,0.82252823029406219,-0.56621971751381572,-0.053315493694536156,-0.21152670913381391,-0.39159770244137676,0.89549298755805651,-12.026084682026099,20.690604355374425,-9.0211508837625001,,0.4809093172393902,0.2432432432432433,False,1
0.33932687863772065,-0.85671683898470408,-0.38845016055349796,0.93903672065317534,0.33282004494712497,0.086260390367326092,0.055383270930050917,-0.39403943391677237,0.91742335800852493,-3.627477251067154,-13.494568363300722,-2.655162168629837,0.5976207543725821,0.2802637445775259,0.8652482269503546,True,6
0.88075454480262272,-0.31298733037314425,-0.35540169222362594,0.39703182354184052,0.89709061962657732,0.19389211245701488,0.25814174963489628,-0.31187714120129933,0.91438257085945107,9.5671724369496722,-8.0920575935205736,1.3603825510421679,,0.2166630728153061,0.3,False,5
0.36165978308561236,0.88682928525585258,-0.28763869717244928,-0.91759439937561915,0.39318687329264634,0.058520089754300286,0.16499308934911991,0.24277129460244812,0.95594946466018127,-2.6412455013839762,5.9739590375972229,-3.8565091128237148,0.486479810014576,0.3958507491643615,0.9789315274642588,True,5
0.49680054111120708,0.82528095396736456,-0.26851549186281382,-0.8459241775979528,0.52961068949142309,0.062648250826711868,0.1939110829912489,0.19602006171597949,0.96123598938971522,3.460697893508156,-8.6728941730026392,-0.60011668500360038,,0.07077767554798024,0.2608695652173913,False,4
-0.6809088947709182,-0.63985035379313604,-0.35630689268192012,0.68800182067644677,-0.7256140331418871,-0.011737531829930897,-0.2510310175411421,-0.25313198071038506,0.93429525770705713,0.80290972071136923,26.28564813423263,-4.6822140417138502,,0.1146173516118481,0.3684210526315789,False,1
0.9101844123510141,-0.24427250317663368,-0.33450751815924767,0.30342483412483201,0.94295171725304627,0.13702346137011651,0.28195337477951227,-0.22621450687644051,0.93237829840097175,17.84233931971076,0.42557412705438746,3.5521509388660011,,0.4196947648993191,0.25,False,5
0.87445775744767695,-0.35235606391073465,-0.33341990742142724,0.4187202278697531,0.89529940617756343,0.15202744512358043,0.24494285295203211,-0.27255123834507811,0.93044012234226148,-2.5793115152278707,-9.5374454538647768,-2.640104028069449,,0.07815690844761222,0.1929824561403509,False,5
-0.75919898054734247,-0.56279251726740709,-0.32692734734753021,0.59566495083621396,-0.80323283080224361,-0.00053466504113137969,-0.26229787319223169,-0.19514507943894158,0.94504932341629788,0.4989413677623773,14.548651131824039,-3.4978186477008095,,0.1481892356273184,0.4421052631578947,False,5
0.017382507038651553,-0.93702341871728678,-0.34883371572200411,0.99858165494529327,-0.001290459228993636,0.053226056792682067,-0.05032421738855699,-0.34926415145323325,0.93567196476857339,-0.85199755994921222,-8.7433960119734717,-2.1397013464359982,,0.07763288912667014,0.3090909090909091,False,2
-0.74684265734086497,0.61153729080142338,-0.26124353989197807,-0.63605536984760791,-0.77154593808889349,0.012265068550649239,-0.19406084526266176,0.17532543277512513,0.96519499633916295,-16.483974412448678,-8.0825722235815363,-7.5578144771974483,,0.1161196725076725,0.3666666666666666,False,1
-0.6381293989145036,0.74369249439570839,-0.1992795624756922,-0.7538378332409269,-0.656141833893503,-0.034733485133146433,-0.15658668977802162,0.12806001559565522,0.97932693263792236,-4.9850030116253663,-11.170946360430454,-3.3673456479453954,,0.3487552799462177,0.8089887640449438,False,4
0.66981199790272361,0.69418017750114358,-0.26356359503930143,-0.70049554863592522,0.70848068865912361,0.085796853895383815,0.24628819258505605,0.12715736298607738,0.96081898983711367,15.116797212622009,-8.9979640319918968,3.3128460835370692,,0.3356880613938797,0.782051282051282,True,5
0.67103276905041964,0.72964467935781907,-0.13165737634235763,-0.70050829423206462,0.68209893460867155,0.20983129680245399,0.24290564541115686,-0.048576592002137237,0.96883288658924482,-7.0833308404167079,16.970814111550986,-6.7603965878296357,,0.6238253144021803,0.4,False,2
0.83530318663119651,0.52087443278745804,-0.17595002606454385,-0.46950602238376993,0.8423285508379561,0.26466338505467796,0.28606412104481166,-0.13846457204488724,0.94815340580482355,-16.819429357858496,24.823710562628261,-11.286757881506531,,0.5050953814611052,0.3333333333333333,False,1
-0.94832148428505836,-0.058689749651062169,-0.31183629636281784,0.10033323687885369,-0.98778604292483052,-0.11921398819063142,-0.3010309021027498,-0.14434073121887608,0.94262725893664057,7.8166824841633575,26.352221648370005,-1.9867698300800212,,0.2765505398420273,0.3076923076923077,False,3
0.91762352178492523,-0.2549766014771781,-0.3048835924843778,0.29268752907942874,0.95248055755018823,0.084349260875611176,0.2688886062822492,-0.16663649116574566,0.94864703511029802,0.86500602179496389,11.421939877031528,-3.2458990959092979,0.08608966012068205,0.1119224273569425,0.4285714285714285,True,5
0.93366876618035322,-0.2112984787982658,-0.28916360060836777,0.26439072593317459,0.95129383039315019,0.15854839102449667,0.24157851539362057,-0.22448385490601894,0.94405869509620399,-0.20795283885564697,-12.194118830007653,-1.6804923453378642,,0.1578821478379044,0.3888888888888889,True,4
-0.23343723108014255,0.95892941142182864,-0.16112555059897007,-0.9720236384022678,-0.23456198370065517,0.012276896579790003,-0.026021251562009996,0.15948372867662297,0.98685755545293763,-7.1829758911162207,-7.9498177182934402,-4.3816495856979634,,0.3403656190899711,0.1320754716981132,True,4
0.27878559591729229,-0.86669522495611406,-0.41366408902310225,0.95705346858848872,0.21505520402770706,0.19442200874218335,-0.079544011539427306,-0.45010070679668357,0.88942796446330774,-15.029310912326075,-8.5081091591434479,-7.0957634550939712,,0.2256015581235968,0.631578947368421,False,2
0.46929799448602894,0.87297802710244898,-0.13292387508535575,-0.85734916487589319,0.48649832855921715,0.16814215948326716,0.21145165371308755,0.035053395062449921,0.97675967240493522,-0.4407040807790048,-15.308180745015438,-1.5007247602683567,,0.1650617062059476,0.1666666666666667,False,5
0.049253263704148328,-0.89858886425089957,-0.43601854210431157,0.99828871109931261,0.030511645635545228,0.049886759488715848,-0.03152404330290913,-0.43772947413315749,0.89855391722976041,-14.010555148042471,22.103460320753904,-9.8580846331493639,,0.1109898336905766,0.3333333333333333,False,2
-0.78781550288261337,-0.50869929610261433,-0.34723444466602288,0.55188672804383965,-0.83333132215101813,-0.031304104061647811,-0.27343696316862803,-0.21629594001446761,0.93725572471251284,-9.2803455952014549,14.76659998375048,-7.2778397804644053,0.4045820105517477,0.2423650598335758,0.5280898876404494,True,5
-0.93860048644504335,-0.13778167162896388,-0.31629944326264131,0.16947563414653088,-0.98268825766277546,-0.074845158041986631,-0.30051145781111194,-0.1238547504733955,0.94570231283920081,-14.97884859008713,-14.675483991746354,-6.4656795794140196,,0.4936777802415396,0.4375,False,1
-0.64151601760946653,-0.6813061816909427,-0.35253238991644431,0.73051690453456553,-0.68282549698157469,-0.0097155988545734456,-0.23409880678834794,-0.26376358251581028,0.9357491764349557,-0.84255771627460418,-3.5335421976355539,-2.4375266497552337,0.4188419368273856,0.3828392720265559,0.8011527377521613,True,5
0.92487677323725936,-0.21331169758108887,-0.31480323060811949,0.26701390557118193,0.9537282178223373,0.13822467493559856,0.27075178403448935,-0.21189763142730489,0.93903826611999086,-6.1027061754725809,-7.2558149085688157,-3.996106781150488,,0.1778668610260122,0.1372549019607843,False,1
0.81165116162008155,-0.49602161532336836,-0.30852058111699687,0.54753060974282486,0.83005484105034943,0.10592068845853408,0.20355005093446488,-0.2548951117241679,0.94530199343051291,-10.32676582351804,-22.219244895304097,-4.3227749617289959,,0.2523725845741128,0.6296296296296297,False,5
0.89844346478257853,-0.30816632048352394,-0.31278244757198642,0.35448681288274148,0.92942278555050395,0.10252992339692216,0.25911086446097287,-0.2029945925860796,0.94427472448387584,-16.294730618526483,18.198507281299374,-10.444113012407806,,0.1262422306788402,0.4242424242424243,True,5
0.86549329174243628,-0.39194273258037315,-0.31193309591364715,0.43839263900053399,0.89394554529171655,0.093130317959530418,0.24234945021392124,-0.21735283856100412,0.94552868150600533,-18.21468811976127,-7.9854671060313782,-8.2106742515423594,,0.5726909579349092,0.8285714285714286,False,1
-0.65259405195008446,0.7318508561007101,-0.19625322362709774,-0.74045152645524692,-0.67093136375508267,-0.039782434564003002,-0.16078725176289599,0.11935421883788562,0.97974590079067569,-3.1911407049447709,28.480476013110419,-6.3880941864906244,,0.1847108557545946,0.2307692307692308,False,2
0.82790338418499088,-0.46696905716517478,-0.31067005987913493,0.51397965403139201,0.85338083676974419,0.086983117189143519,0.22450145143586062,-0.2316917069824414,0.94652947720541314,-5.4640607470293725,22.844427323005373,-6.6003755107358106,0.5547060607252522,0.3742459590228256,0.8803418803418803,True,5
-0.84652404036471307,-0.36466254112349589,-0.38783795609243243,0.42204523598173227,-0.90375591089726182,-0.071435791473067056,-0.32446088804311185,-0.22415727652613524,0.91895519341840604,-17.581928696397284,-12.796617427787512,-7.5709283916221439,,0.217746984033529,0.25,False,2
0.90494188288171684,-0.24655530938842682,-0.34682945091048789,0.3360807140964876,0.9140379291955163,0.22712203240629691,0.26101713012537753,-0.32209492918136606,0.91001368911503877,-4.9348131605710668,-13.320058817110892,-3.1769274505682263,,0.09322756446262352,0.25,False,5
0.13904966095892657,-0.89366191720446608,-0.42665392243086997,0.99021403830899457,0.12030082236929134,0.070738041201790336,-0.011889075784162956,-0.43231480413665158,0.90164436448152219,21.824096828995874,-1.8977438604522028,5.1198710593264867,,0.2169805369210516,0.2083333333333333,False,2
-0.96583128676649121,-0.024280495543814243,-0.25803174812245477,0.069913162178796506,-0.98310217351393114,-0.16918116380479387,-0.24956376992092497,-0.18144027658800022,0.95120836349063131,-0.68381672176439856,16.667380293142561,-4.1772022783099647,,0.3002630170889098,0.1666666666666667,False,4
0.1935140798343789,0.97157090457259132,-0.13639016934461135,-0.97503912731760445,0.205877059973849,0.083146475428906297,0.10886230341848914,0.11689573800837358,0.98715975674148115,-14.448417906949743,9.5504717298358095,-8.6979560264421476,0.2130362797246705,0.242428219995606,0.2241379310344828,True,5
-0.096756393944800234,-0.88494963550827543,-0.45552425055595952,0.9896075136190654,-0.13444874880491353,0.050995126566017256,-0.10637278420484005,-0.44585611643058498,0.88876158457819654,26.257441124276106,-1.7787753757593312,6.4998892194720659,,0.314879385175819,0.2105263157894737,False,4
0.57279404440712844,0.80594740622490324,-0.14951843060664891,-0.79136062286059738,0.59126185905651496,0.15542772793398502,0.21367111942752492,0.029294921477698604,0.9764663129356812,-12.914982858738593,13.023505054589448,-8.2986071071093281,0.2561078444864037,0.2450149371254607,0.6164383561643836,True,5
0.62677974521774138,-0.64812500860901889,-0.43252875534505619,0.76694115191116508,0.61121055405383473,0.19550684928763995,0.13765326182099355,-0.45426383504387002,0.88016813602929156,-9.5746539769030825,18.80670830794492,-7.8002597963560385,,0.3634324221356171,0.3684210526315789,False,2
0.46071627318064984,-0.82446227836595276,-0.32863728817369009,0.882587657003436,0.46466819846555102,0.071571593806246614,0.093699217348492042,-0.32302541213719305,0.94174043121333528,4.4414905552099375,13.877647735081062,-2.0860512124059856,,0.0808290642264935,0.3243243243243243,False,5
0.81518916931621865,0.55418221908649823,-0.16837068117073775,-0.50592716210273148,0.82283598158204774,0.25880234554691411,0.28196511287074161,-0.12578956817746267,0.95114281769959097,-26.087976738085228,16.742752253106687,-13.979067822811963,,0.5011504776658681,0.1818181818181818,False,1
-0.54496566020837078,-0.74263768382455331,-0.38923219260148356,0.80576832511133401,-0.59222818147868694,0.0017853038183287817,-0.23184010748990536,-0.31265804263788149,0.92113794457340581,12.078963766071251,1.7307950274025075,1.5357458196094136,,0.1393380421188642,0.2727272727272727,False,3
-0.65810279060270127,-0.59757649187577966,-0.45804263268649348,0.69006956240569539,-0.72205084712353695,-0.049462846757895085,-0.3011722365062055,-0.34863291658364576,0.8875530257016937,-15.511056235786761,13.358227337265731,-9.3920940372818507,0.6907630953894051,0.4751960262695664,0.1573033707865168,True,4
-0.6149331674495021,0.7518096911442077,-0.23799031045858432,-0.77141384567434623,-0.63612520565450903,-0.016291145844400196,-0.16363947650991123,0.17357105470860945,0.97113089266838937,8.9945723153228894,7.6715864825221347,0.042172312813190914,,0.1529252284292492,0.3809523809523809,False,5
-0.94650914035794675,0.18068922667531689,-0.26734219753405286,-0.14396143492767466,-0.97795115080957284,-0.15128334965817153,-0.28878288119697376,-0.10470410686170643,0.95165198341298407,-8.9247335674865589,-9.3975216439330449,-4.7834016092029499,,0.5747584326295189,0.2307692307692308,False,2
-0.72702719448204201,-0.59105850300474838,-0.3494013516135242,0.63368816465686706,-0.77352332602202545,-0.01004858565346245,-0.26433079362303386,-0.22871709626875214,0.93691927155812527,2.5322082608504943,-20.134836760100988,-0.068838031068506375,,0.1353639763810598,0.2857142857142857,False,2
0.42008858551813555,-0.84481574492732048,-0.33137884277706586,0.90483466213510544,0.41781540217996604,0.081881157173316232,0.069280693675945387,-0.33424040274043543,0.93993805043720291,-4.4518454362623689,-9.7040773908335094,-3.2598674803054797,0.08180161851766743,0.156346276343893,0.2962962962962963,True,5
0.88800098060670818,0.3754765720235807,-0.26546487960358456,-0.34382799148853332,0.92549171111660478,0.15889431998476194,0.30534664024758129,-0.049824055594458835,0.9509369026247928,-1.6342465630272476,18.43616352767329,-4.7160803298916774,,0.09888537368036261,0.2333333333333333,False,5
-0.29038982744010272,-0.83552265414255511,-0.46645004291337505,0.946342534878858,-0.32299160964055545,-0.010593714214676364,-0.14180816195962295,-0.44449782284774464,0.8844841042580982,4.8203697753613017,11.761099802101571,-1.8073888743084858,,0.3884606393071551,0.3939393939393939,False,5
-0.44770258313325756,0.87576311670678308,-0.18055846829165756,-0.88607348864502422,-0.46163645812951476,-0.042018486956007337,-0.12015061288334739,0.14117628675403546,0.9826663148200907,1.3209166648257353,-8.7281860099726103,-1.3734058197318919,,0.3926197027683715,0.34375,False,2
-0.8549650153500612,-0.35987706913156919,-0.37352820193493208,0.4321569747059128,-0.8924813880077419,-0.1292954804809861,-0.28683648955546881,-0.27196593016965909,0.91856374905961169,2.4933711735863571,10.792576326850416,-2.5850079758010209,0.4544702290096269,0.4198720576370835,0.8239700374531835,True,5
-0.55390305245599436,-0.77401261355271322,-0.3067505216641549,0.8034112948047345,-0.59356684771125423,0.046996687950384045,-0.21845296944677312,-0.22041522488118676,0.95062896483352743,-17.677138268277378,-8.7732390673800555,-7.9381008193880307,,0.8416168531902117,0.6739130434782609,False,1
-0.54333387975844027,0.79967619526788203,-0.25555093000911616,-0.83067615887299173,-0.55615881263583922,0.025777785155136373,-0.12151302064656225,0.22628600895631332,0.96645187565857116,15.388894340232522,1.1883755705497268,2.6978645128221612,,0.1202838822912426,0.4333333333333333,False,5
