axis_00,axis_01,axis_02,axis_10,axis_11,axis_12,axis_20,axis_21,axis_22,location_x,location_y,location_z,dbh,dbh_approximation,score,reconstructed,number_clusters
-0.82267937116734979,-0.45566875957244163,-0.33994798691183042,0.51393447988020569,-0.8517371635243548,-0.10205466506607787,-0.24304321147885616,-0.25866925952110997,0.93489048103659977,-16.799432396671143,-0.98525965711566377,-8.0146440786330384,0.4237972426509107,0.3986596160065193,0.25,True,3
-0.72885746179061917,-0.61984460229577831,-0.2907911095561973,0.63972030396503643,-0.76788311030350154,0.033368572122608936,-0.24397691097113558,-0.1617040442147587,0.95620451211943891,4.9851815183151551,-10.805023952028675,0.27463439460041683,,0.5057549616096136,0.4634146341463415,False,1
-0.5535040459173588,-0.76332266457824471,-0.33312427244840992,0.80791408052440428,-0.58924848816111286,0.0078139420428619197,-0.20225753297101356,-0.26481074174023034,0.94285055094403403,-0.78746937395093697,-16.220819768844816,-1.4362784021033901,,0.124183602944922,0.7692307692307693,False,3
-0.49337452032515827,-0.78781355535494302,-0.36868873686746129,0.851407709018148,-0.5241475763774146,-0.019345056271591471,-0.17800701030686633,-0.32344879065577964,0.92935159337299522,-9.5476985054897359,12.857571818900553,-5.7702528871677874,0.3335822707123048,0.2335516000390501,0.35,True,4
-0.46358856866739889,0.86327875230334794,-0.19958816303199856,-0.88124483837490575,-0.47265333172638707,0.0025224681430603239,-0.092158417078957278,0.17705542586862838,0.97987662607696713,-1.1613740643055825,6.4158476621992531,-2.6151460816919028,0.3522652460067326,0.2362228039607922,0.4636871508379888,True,5
-0.1019550092554465,0.97331855784117627,-0.20556303424909483,-0.99476888003682995,-0.098437908876539137,0.027292002606716478,0.0063286173839696216,0.2072702657353121,0.97826324961332389,-14.30281833522797,16.943374737159381,-7.5472122935744359,,0.1860127229706632,0.3513513513513514,False,2
-0.94537731276082693,0.19668152292228708,-0.25995791016641234,-0.18301990309217542,-0.98016687462700169,-0.076004032498727586,-0.26975072120246374,-0.024275016475932387,0.96262415925731104,-5.3729124181211247,-23.256006644757189,-2.6589534582190759,,0.2356853847398833,0.5625,False,3
-0.29832098624492681,0.9493911660889689,-0.098290400945774237,-0.95337132012634429,-0.30132451714628083,-0.016931075781267589,-0.045691521384218045,0.088656354080165145,0.99501373646538527,-4.8365000170184755,-15.403282695759117,-2.9388506193678534,,0.6943519273117014,0.3478260869565217,False,1
0.24341071331240632,-0.87597357129736919,-0.41643910363134584,0.96885958727812138,0.23969485414049732,0.062108590692708764,0.04541282620597617,-0.41858891443407709,0.9070396881773628,-33.705928054658358,8.5167356994096277,-14.015719436867426,0.3050171311855472,0.3071948851123661,0.8048780487804879,True,4
-0.055592793554860701,-0.92552299337771171,-0.37458861439441049,0.99664879404598783,-0.073985899215260456,0.034889368638389325,-0.060005188371029562,-0.37139369333157379,0.92653445803277501,1.7986616571061371,10.602942668471732,-1.8127202505520914,,0.07311517816569554,0.2647058823529412,False,4
0.020206316354179223,0.97884280369251631,-0.20361353206201346,-0.99852051676719555,0.030040729686288618,0.045324741090137823,0.050482495722453356,0.20239644319821709,0.97800163466445345,5.1932689133880281,-8.8213850360189685,0.18107970906722584,,0.09071584615057923,0.3958333333333333,False,1
0.93718050872599057,0.21927179532198229,-0.27131637223059135,-0.20196031081205351,0.97520116142778734,0.090524734777816973,0.28443756242942464,-0.03004287812727089,0.95822372051261495,3.8226838854454464,-11.949064156425077,-0.073953999489741698,,0.07494167347641383,0.3125,False,5
0.62371032225685719,0.7629689573525289,-0.16989350790022043,-0.75636498137055752,0.64394295097826793,0.11510643266871054,0.19722436174713279,0.056708429724290049,0.97871686668394631,-5.5571263663939989,13.373483728044972,-4.5014515467161127,0.6049798539711503,0.5497999132845157,0.6410256410256411,True,5
0.91750852998743671,-0.2761752280826974,-0.28619109139482979,0.30431716347082993,0.95079744589726944,0.058097167678796267,0.25606476020210572,-0.14039750805730161,0.95640962893204873,-0.71304325064783791,-4.4746605586886297,-1.9620121385406613,,0.08944505022368715,0.5889830508474576,False,3
-0.42783143174592903,0.88242171915505785,-0.1956838664112614,-0.90147396119139989,-0.43229848675832855,0.021510826119562308,-0.065612219167737448,0.18560691773177856,0.98043108313944916,-22.146196322937307,13.751755296203015,-10.310254541173554,,0.1343396081205201,0.1578947368421053,True,4
-0.9607692854911144,0.057925574931393567,-0.27123238712543474,-0.028806719688536656,-0.99349901026108389,-0.11013577761578558,-0.27584878639878091,-0.098001757020551361,0.95619198002451655,1.48398708643836,16.224948155171788,-2.1874363268507504,,0.3017036303977668,0.2916666666666667,False,5
0.94704082572023751,-0.11213154420365506,-0.30089897177231129,0.16591552666897239,0.97314748656874284,0.15954938857637713,0.27492855877352562,-0.20102359607628661,0.94021476344039079,-5.5245181615150454,-8.9525904026812881,-3.5732894368014434,0.2544577909899224,0.1288368272187184,0.2333333333333333,True,4
0.445389350595362,0.86330972450535493,-0.23732813982064777,-0.87872890574458218,0.4723093946868625,0.068988012722920294,0.17165033231884558,0.17782057042146898,0.9689767841129181,1.2968233502878839,3.8836345856998347,-1.5514143918418493,,0.06769089418960321,0.1956521739130435,False,5
-0.72500558612990784,-0.569673918194047,-0.38708981775535078,0.64802822407472604,-0.75458985220493358,-0.10321616032333958,-0.23329449389770293,-0.32567741997071065,0.91624663559449782,-5.9897370461528165,-21.91260276496104,-2.9210572952431191,0.5463057223486797,0.5009111904103263,0.4,True,5
-0.87531334073614298,-0.38271100796891888,-0.2955652887413307,0.39800897370586158,-0.91733630326301663,0.0091084337484077828,-0.27461866720770972,-0.10966490366182105,0.9552791196953403,-17.352565609039132,11.325262417987032,-8.6743297740265639,,0.07957991331250344,0.4333333333333333,False,2
-0.94155490403846076,-0.1673176987049666,-0.29236817607461757,0.17757640404957556,-0.98406849173686528,-0.0087077147146944617,-0.28625335527456519,-0.06011648085845217,0.95626618957445564,-17.642250797579628,-1.9527516466650463,-8.2819000096558533,,0.08759370532742192,0.5,False,1
0.31288057689789539,-0.7993741094304917,-0.51293935096875587,0.94846416342931716,0.29151345470563583,0.12424023670257013,0.050214293685818145,-0.52537694933998924,0.84938659384984483,-18.785270074156969,-4.4160668297402834,-8.4338247753920061,,0.3081470961490961,0.125,False,1
0.53743704055179486,-0.73296433012025841,-0.41704282539601167,0.83507471917903731,0.5314778578943069,0.14206160620002151,0.11752293746745501,-0.42461108951538107,0.89771586920895008,-0.56384838519451763,-11.662375542331606,-1.5948813516161464,0.579377092656788,0.3824262564165993,0.2048192771084337,True,5
-0.10439770924191204,0.97617015653621786,-0.19024443170063365,-0.99429992096480768,-0.098281119194911462,0.041333869637050533,0.02165145432570913,0.19347518470814667,0.98086623319784561,-15.521445324732829,12.992032492828772,-7.9295413145824796,,0.09651584489364903,0.1904761904761905,False,2
-0.90000208625781075,-0.33931128579291486,-0.27361304074394621,0.35348705488750159,-0.93543555691142899,-0.002687171890101335,-0.25503557939736576,-0.099137128258615911,0.96183609988505125,-3.136796286030787,-8.1089595280591062,-2.6279103225729377,,0.1058904217922017,0.297029702970297,False,5
0.95731347242509357,0.18235370539260448,-0.22427224893640929,-0.11669046437826526,0.95366520524940745,0.27731933185371155,0.26445084805421271,-0.23931109967193626,0.93423548773166121,-6.6812208461385101,-15.751028809806996,-3.5964182326442606,,0.352139240362194,0.3846153846153846,False,4
0.76862169601270836,-0.49054498809962949,-0.41059262422611004,0.60805820311539216,0.75962317878624819,0.23073328298006313,0.1987106188471815,-0.42701082059007789,0.88214276002037229,-7.0403210907938689,-8.3843917989693519,-4.1337374683276158,0.2738662139489226,0.1153139241459983,0.2272727272727273,True,2
0.013096958812905887,-0.92648442978763845,-0.37610513294945647,0.99914223401951807,-0.0026518077197418529,0.041325102713790182,-0.039284422718691439,-0.37632375592950906,0.92565499234583504,7.7769145056007423,5.8419290448033232,0.37879745497562556,,0.1073646457757424,0.2,False,7
-0.70022482658783058,-0.6244886237332391,-0.34597565096088312,0.66947185327590863,-0.74269827765568519,-0.014377275075560216,-0.24797707535448177,-0.24168828518371105,0.9381333289589463,-28.539442794852071,1.9155309392029778,-12.152043724457789,,0.3569220353067838,0.6842105263157895,False,2
-0.20042125704891306,0.95613854617699878,-0.21361273425867267,-0.97967184351233461,-0.19751127238481339,0.035105217704403426,-0.0086254711219140648,0.21630621303019679,0.97628746967911972,0.57025661579310738,-4.715798895151412,-1.5637510274854098,,0.1023641439151603,0.4130434782608696,False,5
-0.35272655171035333,0.8971862692006265,-0.26578332919199982,-0.93372033596660442,-0.35606291271299695,0.037222793994367891,-0.061239806669630262,0.26129676719813499,0.96331390809583395,1.5850549552465985,-5.6974792933537888,-1.1744195650361426,,0.07108735604463763,0.275,False,5
0.14452617757829345,-0.91930161033195801,-0.36605564226723269,0.98925660799801618,0.12601854005789959,0.074099197660530511,-0.021989714115158404,-0.37283223680731287,0.92763817066267229,-11.117672669918653,12.215040282591728,-6.3999564194802083,,0.1468731801719401,0.2558139534883721,False,4
-0.27635834710879009,0.93539616608749132,-0.22059029092894938,-0.96078944415737411,-0.27429784122410966,0.040550441373136251,-0.02257671320322184,0.22314727596055062,0.97452326049834448,1.1059708706816389,9.8522031426044094,-2.0250796786432717,,0.1487278755263227,0.2444444444444444,False,2
-0.76009336082625811,-0.49836279721984433,-0.41700432272946081,0.58262535511752289,-0.80684526074841556,-0.097716021112210505,-0.28775993189119364,-0.31723059050954378,0.90363652761657554,-8.7977950838077437,3.3478547472563913,-5.2115359424928531,0.6763771891986828,0.3998903177446451,0.1846153846153846,True,4
0.81811096264237071,0.54750576091531511,-0.17587465584590339,-0.51056720540453659,0.83228108756871522,0.21593823200359438,0.26460457586703778,-0.086865603319024765,0.96043676803329781,-24.046006333324293,-7.7702535691079095,-9.961558614919479,,0.1120842033611243,0.5833333333333334,False,1
-0.77697995407387843,0.59301182814254849,-0.21127972607514048,-0.5958537367424942,-0.80105828161835002,-0.057131023626949246,-0.20312674707521994,0.08150215416594242,0.97575454059356093,-17.376743559798733,14.750915653958161,-8.6709480387758724,,0.2744295423420799,0.6,False,1
0.44190101206792465,-0.81196960238575866,-0.38135136073555048,0.89315007536473134,0.43790465066160517,0.10257904174299462,0.083704470665057554,-0.38593377894458725,0.91872121988132627,7.0078896799860173,-18.652497820698109,1.2761744302014151,,0.1479044808215432,0.3529411764705883,False,5
0.94062141726660653,-0.17456438562632398,-0.29113334513632178,0.20832889047323822,0.97399380515309408,0.089079407932396978,0.26801198251859948,-0.14444148571065374,0.95252623818567295,-16.252873684882996,-0.41356385125315109,-7.8614216531130898,,0.07879682311798285,0.4705882352941176,False,3
0.61596926106144545,-0.65016693907923029,-0.44481998691128966,0.77488363220251788,0.60177409623143263,0.19345101098075063,0.14190569393808178,-0.46384360341949948,0.87447806467330247,-23.830355006529231,5.3380730443806108,-10.825179000071758,,0.2514017363647294,0.4,False,3
-0.34770766292885041,0.90282267808368089,-0.25300314835663074,-0.93583153908286354,-0.35075644792698313,0.034485427291027104,-0.057608259810170134,0.24875917304786155,0.96685064111588015,-15.11471161857585,15.538062363689782,-7.7567447666797502,,0.2305177371616098,0.6862745098039216,False,4
-0.94994438331680375,-0.0057812354190748608,-0.31236556455839776,0.055972314640561328,-0.98680121377572372,-0.15195546875494992,-0.30736422790987783,-0.16183306772037592,0.93772985960434108,2.7265232329315019,8.0385291945545205,-1.3861727934397059,,0.2606310481260045,0.3597122302158273,False,5
-0.95780315743410605,-0.0047894986825219033,-0.28738505930480657,0.079098254939844889,-0.96564682688166581,-0.24752711326002563,-0.27632693982803846,-0.25981390731779619,0.92527842074130928,-15.013358231921901,-3.7666901564742368,-7.3361456314959943,0.7317255836844277,0.4825268507518619,0.3048780487804878,True,2
-0.11092748633556229,-0.85982894274671207,-0.49838667918629681,0.98363647520304132,-0.16662222311239433,0.068529697323278627,-0.14196611365185138,-0.48262948933954963,0.86424209489843473,-16.808790369436529,6.4212678324645562,-8.2813422451983136,,0.345954797942792,0.1470588235294118,False,3
-0.62154767953948775,-0.68918502472021093,-0.37242782355844362,0.74977807165148835,-0.66109954433621065,-0.027932700353335473,-0.22696106566909813,-0.29659972046489819,0.92764070657258813,-25.881511210565101,5.4403338297203163,-11.489945082679235,,0.1473048322365521,0.5,False,4
-0.95485695555910799,0.074695418833607627,-0.28752180582637998,-0.062648147902406859,-0.99673743686794991,-0.05088901168530631,-0.29038492382489273,-0.030579018152665262,0.95642120410623988,-8.8440150754804581,9.1501925434186049,-5.4934940448059173,0.145002093271465,0.2507843683616151,0.4520547945205479,True,4
0.14773610114602909,-0.93407572199214273,-0.32507935954629363,0.9890264990480393,0.13926423673520752,0.049315885344783358,-0.00079284232352562489,-0.32879783751025227,0.94439999653199547,-13.936515715050295,10.959041568483906,-7.4032037294213229,,0.08242150761494309,0.4411764705882353,False,3
0.40816004252723548,0.88043662734876305,-0.24132286445113565,-0.90075923800359037,0.43138789469184041,0.050371415153175475,0.14845260130882593,0.19681420054477136,0.96913672700427889,-7.7989477558047113,15.046091653352123,-5.2392994249017955,,0.0727958626866205,0.4444444444444444,False,2
-0.7539939216165723,0.60015666961132108,-0.26703021942527005,-0.62813052703482086,-0.77768184414262198,0.025748597979064231,-0.19221136067417716,0.1871441188281821,0.96334410862152631,-0.93913059120180331,-12.347536784053977,-1.7050164715223635,,0.06573361534799832,0.2058823529411765,False,3
0.92521084720208291,-0.1809607237814137,-0.33352376927006333,0.24627159377529842,0.95505552247766357,0.16498257812354331,0.28867835097038008,-0.23478110109935085,0.92819321493296758,4.0535495745606678,-13.316150519813778,0.054395330244586669,,0.1626754265647824,0.25,False,5
-0.22108199436562687,0.97488452457955554,0.026887088027740924,-0.9750094384988256,-0.22032334728885333,-0.028534496274521624,-0.021893985601582164,-0.03252362794538588,0.99923113793543694,-14.049532662689929,13.258789394009671,-7.4609155305269255,,0.1996352828589994,0.2333333333333333,False,1
-0.86696362086398016,0.41919708716171278,-0.26953271084147057,-0.4385575986310184,-0.89860821457823148,0.013057923859371136,-0.23673046441345685,0.12952636336923062,0.96290269934761896,-5.3849277175273933,-3.3526365283148301,-3.6297218646662031,,0.06553187534924225,0.2556818181818182,False,4
0.76518685494751171,0.63256896017093067,-0.11977306727225456,-0.59218540430655819,0.76453626279305609,0.25455991397057465,0.25259755331715866,-0.12385803769919648,0.95961120385054399,-8.6386299077549324,-8.4386699918345851,-4.7249562656795767,1.302396221505831,0.5169279400081209,0.4675324675324675,True,1
-0.50737719711467932,0.81944775917624113,-0.26659660505919675,-0.85407106150322665,-0.51934048589276116,0.029121840865972921,-0.11459058316809512,0.2424682034694616,0.96336813760653739,-9.0671321483873673,9.4895497785545402,-5.6028773164420054,,0.117480608889652,0.4142857142857143,False,2
0.90253738650975468,0.35240596994304857,-0.24745969025407244,-0.32816281638440764,0.93497942093484732,0.13462038616417737,0.2788107456587639,-0.040292862604161067,0.95950041861813029,3.0773309507602629,-4.4282222447550916,-0.75256979573446958,,0.3762610065477084,0.65311004784689,True,5
0.35698281595438663,-0.87106672019908749,-0.33735150522100865,0.93236314474967241,0.35434901779806077,0.07166407676130658,0.057115982227194759,-0.34011695421891786,0.93864701673582751,-2.1293992481971631,-4.4582038487873019,-2.4459759550858684,,0.1105443353167448,0.3102040816326531,False,3
-0.87590278851418635,0.42802465103206949,-0.22268633362186363,-0.41891348324323741,-0.90363923003758395,-0.089149512023907529,-0.23938629582766555,0.015200001511780831,0.97080541887854743,-25.468686996575325,1.2621517830299152,-11.122037938012067,,0.2417699438790529,0.1538461538461539,False,2
-0.79447074478015733,0.58748239377523637,-0.15388525820422153,-0.57004195678442382,-0.80877930149659816,-0.14466585283355521,-0.20944785316122699,-0.027211734137920579,0.97744110734681111,-8.5910868182175619,-6.0550997698360263,-4.8773868683435211,0.5570650447387432,0.3174301491038873,0.2195121951219512,True,1
0.12481802379294513,0.96380324776334736,-0.23559236094841579,-0.98887840001759131,0.14019869371714125,0.049637045224886669,0.080870086651827044,0.22677659905914463,0.97058353746810244,-22.640324580230466,-2.0331761620893474,-9.9904647563911446,,0.1258469783380795,0.425,False,2
0.51591412898963351,-0.76613374404122536,-0.38323843459423806,0.8446892043927593,0.52943723846092694,0.078716951879475458,0.14259298542072632,-0.36432855607575187,0.92028905444787446,-8.7209665753828425,13.962810928843822,-5.5691352395036278,,0.2557674312569071,0.4444444444444444,False,3
-0.87483396672635771,0.39583419826085281,-0.27925045774181428,-0.42070483435385664,-0.90660136900102706,0.032884648040637933,-0.24015197899063612,0.14625062465730015,0.95965503269363928,0.17573017416337494,-6.66893773820963,-1.6242443006812657,0.1960444980048725,0.1787401989848987,0.7657657657657657,True,5
-0.91059704799950725,-0.2135561193413493,-0.3538457291906254,0.27805444738802926,-0.94997950418482946,-0.14221345195333096,-0.30577563745713915,-0.22788752822523672,0.9244287609205325,-18.477416618219195,10.604021839620289,-8.9862849859389549,,0.3689596089068388,0.2631578947368421,False,2
0.8526599864804858,-0.39794941283410407,-0.33853686989763693,0.46853981062808492,0.86911719214893945,0.15844794781802016,0.23117394600537511,-0.29372022595683722,0.92751659583652113,-2.644340054271229,-14.73409959046497,-2.1617951852344142,,0.1151174610350822,0.3125,False,1
-0.54934660818129688,0.82233421334968315,-0.14827253836858409,-0.82818764406025158,-0.55941074294001925,-0.034129853636176856,-0.11101139718801736,0.10404836489755306,0.98835742899849277,-4.5906953888052504,-9.9984515792759314,-3.0961141851214697,0.6629667064061737,0.4996004365036283,0.4675324675324675,True,5
-0.91563108624513423,-0.23610656884013143,-0.32538193258399661,0.27536876412687333,-0.95802749595679315,-0.079720516393182742,-0.29290230051127047,-0.16259460366598175,0.94221613083936773,-18.485507674542571,4.0488564120425439,-8.8007471128505586,,0.1162545479914359,0.1666666666666667,False,5
0.82871899604298338,0.48962873400895307,-0.27108767664779532,-0.49162221258296201,0.86834364634609085,0.065474513708834628,0.2674554648769451,0.079012750130375606,0.96032523637791189,1.9065971745809929,-3.9808817154779002,-1.1720347208114854,,0.06612278551880296,0.1578947368421053,False,5
-0.74555029048648824,0.64678230268518178,-0.16070910767211255,-0.64063352101310544,-0.76198746916621862,-0.09467728654757715,-0.18369391963226106,0.032368963018841068,0.98245040288211072,-11.667206255161163,9.7414331057641945,-6.5684660463332722,,0.2862978495205497,0.1666666666666667,False,4
-0.94670385117788647,-0.13282770129711233,-0.29344270298148956,0.14177555503754441,-0.98985481127625297,-0.0093351265149255354,-0.28922570798384062,-0.050440602309830704,0.95593108301794805,-2.0634402651188193,10.703549875201158,-3.1289222600528253,,0.07442137207790782,0.2222222222222222,True,5
-0.91345883796216454,-0.17963022683212659,-0.36513823814693763,0.26583558181682271,-0.94278139823569396,-0.20123289636851133,-0.30809802788872637,-0.28088470365790186,0.90894410634652834,8.2477789492949487,-7.3510888386203872,1.1487273923305412,,0.6094714044022133,0.1964285714285714,False,3
-0.93385652808787667,0.23368352959985739,-0.27074710144599756,-0.24692607931528726,-0.96891162852173984,0.015419710416558475,-0.25872668262403314,0.081254317479766344,0.96252700719993323,-14.375366954558347,8.9134786989288344,-7.5453685366952561,,0.0829277455027744,0.2758620689655172,False,5
-0.66650685942599619,-0.62914540859494805,-0.39993082049523387,0.7155508384007897,-0.69041076781973021,-0.10639534455274612,-0.20917840233165136,-0.35708406086307787,0.91034903716954163,-22.461808825212245,5.6354095096080297,-10.312873320336625,,0.3322584163886343,0.2195121951219512,False,4
-0.27739793055141526,0.95949443354778097,-0.049201830419356468,-0.9599545491765713,-0.27889327820023763,-0.026566951084585788,-0.039212901461102734,0.039861903686950556,0.99843546461123578,-20.502963207964392,12.990665543459949,-9.8491888399707967,,0.1327297551306394,0.1818181818181818,False,1
0.08255092976223298,-0.92367524239279986,-0.37417828716534596,0.99657780902460091,0.074911658586801336,0.034941579350386137,-0.0042443556773306933,-0.37578223747055389,0.92669827638045565,2.1989693170210227,-11.072984584801679,-0.72868761742152521,0.2755350267030312,0.1472124888587071,0.1842105263157895,True,5
0.51597693475100181,-0.75332035479010395,-0.40776984423063095,0.85051621784433462,0.50718585801235294,0.13922883543304765,0.10193118261223946,-0.4186537334017052,0.90240738334750181,-19.547949356306887,11.24596155324646,-9.4725965225655422,0.7217345031640174,0.6435709989408743,0.5306122448979592,True,2
0.81870688466421948,0.51657026290085351,-0.2507472841128125,-0.51188577305809002,0.85444014004925317,0.088910080493354776,0.26017684820930964,0.055562672354344006,0.96396099355560771,-2.8170539408091448,13.592807889675781,-3.5068078797596631,0.9560821979661416,0.5099068919586642,0.3043478260869565,True,4
0.44426422128580989,0.85545527785608888,-0.26613073718282532,-0.8795151298302949,0.472999078261572,0.052201612650399472,0.17053573843893255,0.21087470107119144,0.96252242694039247,-8.355997169666221,-3.8131517120249092,-4.7363873220488326,,0.09115597334349643,0.5232558139534884,False,1
-0.37481874222205652,0.9129843854248807,-0.16115341277623726,-0.92388595132715301,-0.38229111796674159,-0.016977928732936506,-0.077108102164410885,0.14252372817917625,0.98678332347405984,-6.304452464442905,-11.078285621842403,-3.6270782123217078,,0.1459875784067283,0.28,False,5
0.90756643313593977,-0.10089722215459719,-0.40760632969373112,0.19912234759295755,0.95803249944178237,0.20621353181205629,0.36969373829425101,-0.26831600879339723,0.88956903008771882,-8.2984916879898076,11.218228127430944,-5.3135390781491321,,0.6954359046394496,0.2937853107344633,False,2
0.37161277103542273,-0.8637088738204286,-0.34045694248644881,0.92711165353808578,0.36446953087230649,0.087326645072377695,0.048661383840276184,-0.34809329546770568,0.93619609450861407,-5.965348750184166,15.069411227468088,-4.6204525609591718,0.6902815756412386,0.3749431014697425,0.7710843373493976,True,5
-0.61118812254563526,0.75044676629362239,-0.25155263826600222,-0.77790275442812462,-0.62818054112047195,0.01601600483039882,-0.14600131339230379,0.20547228211375818,0.96771109209861061,-20.911805221626953,-4.9042894688675744,-9.1248459594893543,,0.08340957549831052,0.2173913043478261,False,1
0.70148816140222925,-0.6519699286248638,-0.28783601508742696,0.69203318415732962,0.71965137249923894,0.056497558221830557,0.17030687431101238,-0.23882444227685665,0.9560117438261736,-6.7268646104735534,19.738704853486983,-5.0690318983828746,,0.1680264120462194,0.6333333333333333,False,2
-0.71445726335361337,0.672954094855574,-0.19152964537737122,-0.6791762112189863,-0.73281322952820427,-0.041284921492807949,-0.16813831495375894,0.10058606685599861,0.98061814698635485,-16.508282349335683,11.93580020662313,-8.3366619317818369,0.26717947585656,0.3660509895280052,0.6521739130434783,True,4
0.74768388019795495,-0.58635414249367224,-0.31170119485276176,0.63594823851238735,0.76737049060666229,0.081929042952309489,0.19115086509121795,-0.25948285054430797,0.94664143002949053,3.0682504780179576,-12.949089101672531,-0.325032009394287,,0.09133673410462317,0.4,False,5
0.7207805526128066,-0.5045166746252705,-0.47532969610601417,0.66849497926922019,0.68726020376203234,0.28423207949985974,0.18327536022886937,-0.52262447067663076,0.83263065340098397,-19.807135475371865,9.5276071535356301,-9.484975526912061,,0.7895643367640983,0.3055555555555556,False,1
0.91573671857453642,-0.26122997454221597,-0.30526244881251452,0.31087991039548651,0.94199752507638401,0.12646874737444577,0.2545190436231326,-0.21071203845684838,0.94383287359708212,-0.37284243544193146,-14.763447628696886,-1.417548031706197,,0.1270694717451168,0.2857142857142857,False,2
0.54899741339519947,0.79608880412900285,-0.25464574613732538,-0.81191518598935253,0.58028904124998093,0.063705253826143934,0.19848317521960407,0.17177672876624622,0.96493377213626019,-17.671222900311257,13.694504240299647,-8.8265373790743222,,0.0959610114055714,0.3636363636363636,False,1
0.82425050529312516,0.55361357729732985,-0.11884069823120508,-0.49988521730711982,0.81004884069805483,0.30648922526175393,0.26594336623018183,-0.19321719052866337,0.94442640964893032,-4.9297885451892522,-14.486703524510137,-2.9699707324022064,,0.3545246717862199,0.1818181818181818,False,1
0.020808760083774996,0.97368930957456978,-0.22692757418166076,-0.99746949219572367,0.035652516320010326,0.061510244828454776,0.06798240686075295,0.22507338025685902,0.97196726583623705,-15.794508756994173,5.0915425096191234,-7.8459079981834634,0.7120549434148421,0.4174493131256901,0.912568306010929,True,5
0.6839049973930732,0.68136842661213026,-0.26078922860595566,-0.69021568359998531,0.72008081240738087,0.071315732593378006,0.23638160811151232,0.13122762978441324,0.9627580404898104,-18.101888134339376,1.3845618959868382,-8.5284819212830669,0.4341539392089587,0.385262663112779,0.8797250859106529,True,5
-0.93853009151082145,0.19459252264715177,-0.28512281118582189,-0.18916080290473791,-0.98083260418417362,-0.046750328487895884,-0.28875501376274487,0.010057469816460218,0.95735019158496404,-6.5869468499860435,-9.7194655129512153,-3.8638268891634069,0.2180129959070954,0.1891983888564778,0.5060975609756098,True,5
0.58464087793772468,-0.74763969519608509,-0.3150078253175792,0.80063874835258886,0.59441315940545525,0.075170410149365624,0.13104441415262749,-0.29615516556820165,0.9461075411530474,2.4641387211167132,4.3261432118624681,-1.2613819782582456,0.3295754153148991,0.287334454967518,0.5582255083179297,True,5
-0.27772956943093952,-0.90280381816417721,-0.32834669508293918,0.95214456135515335,-0.30409613771267169,0.030761555715524077,-0.12762061175808728,-0.30409012633826088,0.94405623482823997,-7.6561534997607588,10.027297976262449,-5.0609709753356986,,0.09221632080871067,0.196078431372549,False,5
-0.38853070529541994,0.91641547213013075,-0.096055054438344029,-0.91846638356111587,-0.39353082207545942,-0.039408049238433739,-0.073914770586191156,0.072912101307826493,0.99459561238327832,-29.771505043095221,-0.41502187397631868,-12.40573034836148,,0.2906044329491037,0.2352941176470588,False,1
-0.92882851208415929,0.23442397891968686,-0.28691983766723034,-0.23273380901786497,-0.97169696977786257,-0.04049658089958507,-0.28829250645752741,0.029161567721624648,0.95709823617456047,-15.579688861171048,7.2914900042449773,-7.8537908792791722,,0.1405200256267869,0.2631578947368421,False,7
0.87817022852976712,0.41573993030079898,-0.23659535092106615,-0.38098846862205238,0.90696979209525486,0.17959282559087009,0.28924874502925518,-0.067572972260926983,0.95486598898422603,-22.036937282477965,3.5252391214132217,-10.059016797815737,0.3296425086879692,0.1955141075438272,0.2352941176470588,True,4
0.89883689778597164,-0.3012577837766347,-0.31833312566002575,0.34291524916388838,0.93571703286947128,0.08272101479564746,0.2729493782175727,-0.18351398342345435,0.94436288301621507,-4.0485553035069426,-17.951629206355985,-2.4819271739252136,0.5051557023569535,0.4840843070278208,0.2307692307692308,True,5
-0.85746769452352112,0.43302300469403332,-0.27792126628645697,-0.45678058573805236,-0.88926200341067785,0.023761013926791082,-0.23685575640317136,0.14732334063473593,0.96030994161411376,-5.4362991429126337,-2.2116823947298498,-3.7230526909542254,0.4898797413932093,0.3924914003203812,0.9422680412371134,True,3
0.00050768624903141553,-0.94663392870143159,-0.32231032761294764,0.99902609833776423,-0.013740293113328137,0.041929216367392941,-0.044120257192092296,-0.32201771593571199,0.94570502458686923,2.6097857670989875,10.830572478243905,-1.5375619060605881,,0.06740972416787595,0.2727272727272727,False,2
-0.82770876299129215,0.54514592651491722,-0.13309441187224022,-0.53479497964150391,-0.83815790811767243,-0.10717112862171019,-0.16997803804512024,-0.017528259012243724,0.9852919499916416,-12.197014418446551,0.0012922313597819313,-6.4150627516337861,0.627992410121779,0.32666366479694,0.518348623853211,True,3
0.95037319484262783,-0.091134534654862265,-0.29746476617888323,0.14659405618983612,0.97451577396577993,0.16979160456773942,0.27441022796978087,-0.20497195633822241,0.9395134506224242,-19.039286179514018,-5.6466860431201518,-8.4694024579038345,,0.3232055322086858,0.36,False,1
-0.28674713696889276,-0.90150070130869353,-0.32414898577672135,0.94953859681416675,-0.31233683494986147,0.028673240027713293,-0.12709261426348489,-0.29957000362759456,0.94557140413944241,-14.840001964564363,17.470812375272523,-7.7360502172144221,,0.09732246284411128,0.3076923076923077,False,1
0.71057231686790423,0.69381005127476647,-0.11710933033317147,-0.68069145767318284,0.71997102676206959,0.13528067147204956,0.17817441441389939,-0.016411379383723418,0.9838620557146146,2.7802489893273714,-7.8925446540978923,-0.62937614218372973,,0.2654561810792385,0.1785714285714286,False,2
-0.7711787211486506,-0.54902733510103097,-0.32226133084717357,0.58853870600740277,-0.80783122015508568,-0.032107807054940846,-0.24270470036376171,-0.2144241242365359,0.94610608462620671,-0.22954539128694229,9.128643948730506,-2.4968575620868392,,0.09123944706808718,0.5,False,2
-0.87882959639424441,-0.33204957600333812,-0.3426391973746335,0.39969527588627429,-0.90452212990229186,-0.14860485507282989,-0.26058055747834458,-0.26754961332998584,0.92763946524026808,-3.0143216878898071,-15.805765309893328,-2.1924047732099718,,0.3106407992357152,0.125,False,2
-0.46436547872396194,-0.81245252756837294,-0.35254161827680391,0.86812935493268351,-0.49633789296251202,0.00034512852215386192,-0.17526016453726292,-0.30589146189015481,0.93579607194573944,2.8471142443849633,9.828292173982895,-1.3863580880738484,,0.07575516474289633,0.125,False,4
0.40399145002470016,-0.84342637855875768,-0.35415088911112308,0.9114323305246248,0.40413682715652538,0.077230381394293349,0.077987275765931188,-0.35398498398536016,0.93199389264709931,-17.470636418649089,-0.5745845331832502,-8.3117372936093776,,0.07394866390095527,0.2941176470588235,False,2
-0.94779916172625267,-0.14926946174935718,-0.28177185242687153,0.17947992351732228,-0.98012639520937117,-0.084493825029412203,-0.26355968220733161,-0.13065556705683057,0.95575384734346203,-1.4289588047276567,8.513050437702173,-2.8211030949489486,1.016669725939812,0.9768515184784862,0.7932489451476793,True,2
0.92949200861678427,0.30182734430829383,-0.21200202863496059,-0.23389490854787659,0.92676085171892142,0.29395151892208338,0.28519778693551684,-0.22363939265930349,0.93201268466585885,-4.4603513464651678,14.129485638111348,-4.0665447647508595,,0.3747893383292269,0.2272727272727273,False,1
-0.95839483675176318,-0.077690501640665044,-0.27466984334357486,0.089059451877882459,-0.995599787291641,-0.029145798600335449,-0.27119688589431346,-0.052395128587130788,0.96109676910369735,-27.150536610264222,4.616434430388904,-11.877278909791501,,0.1624018023557861,0.4,False,3
0.2296332506862245,0.96661487076178632,-0.11368492336916367,-0.96147420995136135,0.24343151750231051,0.1277045022108769,0.15111556431315448,0.079979921909797913,0.98527523987646193,3.5011623731691373,-9.9151598297226666,-0.31450797834402816,,0.4183120567212483,0.1818181818181818,False,2
0.54629650844710487,0.79659067359495372,-0.25885019528684938,-0.81390769897654991,0.57783467568748659,0.060509049900282566,0.19777356346387587,0.1776242841355741,0.96402034795958813,-12.195625310994435,15.209654479186968,-6.7720457444623632,,0.05837493532538919,0.2857142857142857,False,1
0.053791470697911084,-0.92802294243050076,-0.36861890347999249,0.9983610776231584,0.042760472435728468,0.038035518718694664,-0.019535515536648753,-0.37006075220118861,0.92880213356398422,4.8013078210347446,15.557900765615509,-1.0605667014209301,,0.1447487734274361,0.3,False,4
0.774823428438147,-0.50131265870929265,-0.38514188679131683,0.59891739551338063,0.7771107227322035,0.19338272406319265,0.20235268245028012,-0.38050564099951595,0.90236846635547008,-24.762216405490051,6.8796543143133411,-11.200901000323755,,0.1323376326721609,0.1111111111111111,False,1
0.66471673068655113,-0.66193489793358207,-0.34640129740380871,0.72885346648732874,0.67640150390292597,0.1060831273448581,0.16408623444636694,-0.32299101599815311,0.93206894125364648,5.7984797651377438,-11.745540557585581,0.55784631614109859,,0.116983536727548,0.1851851851851852,False,4
0.81530346070373994,-0.43593890639396665,-0.3811004288327911,0.53679885292632068,0.81580336862182357,0.21520189414192231,0.21708813523887271,-0.38002912209108053,0.89913881458937783,10.629213455121841,-10.323801153255944,2.0496567710504259,,0.2681035487184538,0.4,False,1
-0.57936416127503898,0.80567603155189749,-0.12338274114662734,-0.80373664893526642,-0.58988008715173368,-0.077774558437645108,-0.13544211969833542,0.054107439087874881,0.98930673567249772,-23.539715527113422,6.908340088138103,-10.780441898858527,,0.4358096867626771,0.52,False,1
-0.15767078091975331,-0.92362006837063881,-0.34937929839526838,0.9793711658607237,-0.19154021704439333,0.064377517311497157,-0.12638055358622474,-0.33202155736879713,0.93476715877144323,-11.143707168165756,4.6191507791346931,-6.1674719300549414,0.7279777513868518,0.3508179845229329,0.2428571428571429,True,5
-0.38831403634833056,0.90196572935709274,-0.18886511652551247,-0.91856350883904547,-0.39527241259153395,0.00089446820472947539,-0.073846390596754907,0.17383193869193364,0.98200263120138109,-17.326857112165278,-5.673875706095254,-7.9456751069028497,0.6335007762640356,0.766359462865272,0.6538461538461539,True,1
-0.41825424885497015,-0.72546633234304192,-0.54659124028061479,0.8934992424067596,-0.43689402793400045,-0.10383983905107444,-0.16347014141216398,-0.53181031298042791,0.83093640182287565,-14.868943485857756,-2.297827592649365,-7.3418262661639702,,0.6709357219186829,0.1676646706586826,False,1
-0.8812346125908147,-0.31477616125874425,-0.35262093794204286,0.38260359829208163,-0.91307737670640887,-0.14108221263112669,-0.27756088367395787,-0.25924056868120032,0.92506988028147374,-8.0816307556211147,-19.199126465111558,-3.8791451673616764,,0.1563276776422026,0.3333333333333333,False,1
-0.85396794010257748,-0.3740208675632774,-0.36172800265416788,0.44344024452038344,-0.88684169175052852,-0.12989443141552781,-0.2722122458976875,-0.27133043397354789,0.92319027766926953,-7.5547241456074552,-11.05699347128072,-4.1522247023775085,,0.6931689974172186,0.59375,False,1
0.67256085589364756,-0.62157382819715434,-0.40163151173673939,0.72261286902997912,0.66868191646644515,0.175200274266408,0.15966382380447575,-0.4080569454023501,0.89888652936676994,6.7934392527719938,8.441110842066454,-0.01506681808319894,,0.1419671351034716,0.32,False,2
-0.90334799229196849,-0.17000099263940865,-0.3937792113909579,0.2263885822511251,-0.96877500329268817,-0.10110985521489553,-0.3642946810597083,-0.18048450209607253,0.91362723791201506,-7.0343381628172832,11.620616508899387,-4.8986044396519421,,0.465032453714986,0.8387096774193549,False,2
-0.85627899074593117,-0.42546799586505046,-0.29285367421582031,0.46458242754452594,-0.88220140471854314,-0.076706254826209949,-0.22571986625896195,-0.20173662534900688,0.95307548282852694,-7.6469838293177501,-9.9283644834980951,-4.2662589628686751,0.5300671040111513,0.5892900941809585,0.4778761061946903,True,2
0.88302922770345849,-0.34498088158082302,-0.31819423999367324,0.41212865070099874,0.89434133660976467,0.17407914551270451,0.22452028481366076,-0.28485393621078381,0.9319060450133454,2.9300887705519933,-15.035661530895283,-0.22945074796079226,,0.1225253486222154,0.5555555555555556,False,4
0.96542772349948036,0.10932703286735193,-0.23663666364921312,-0.044643528063172705,0.96373193232567567,0.26311160753165413,0.25681952048215217,-0.2434509447511746,0.93529426994880971,-6.3333030784768702,-13.077087083201102,-3.5554541059583711,,0.4634245295687259,0.5,False,2
-0.035458745896528365,-0.82793100741851078,-0.55970789193508397,0.99934586172985418,-0.033358628968621525,-0.01396604871642846,-0.0071081631144232302,-0.55983698415548078,0.82857228120957271,-8.9074885330447113,15.052952341025913,-5.6675977016068408,,0.4044920740112586,0.4054054054054054,False,3
-0.91508209635482329,0.29729961267065935,-0.27246595610596225,-0.28963505557322178,-0.95465267926842112,-0.068918767753929744,-0.28059987796497154,0.015849361864104197,0.95969396487346015,6.7551993464922599,7.2961340136073387,-0.031896123642560406,0.5068235124058178,0.1677983349679087,0.1538461538461539,True,3
-0.93990819458673514,-0.10263690969667812,-0.3256351493875021,0.18624968630050912,-0.95347377962645996,-0.2370628733433307,-0.28615317594195389,-0.28346678170951534,0.91529391102835611,1.6439980863749359,13.88943344802116,-1.9767866997852588,,0.2102253743205545,0.4285714285714285,False,1
0.087914476421185592,-0.92661775843681826,-0.36558251405820108,0.99595796058549824,0.07498443036783628,0.049447709236995624,-0.018406128923924809,-0.36845198459492262,0.92946454987056859,-29.165627565028675,5.4375668572414142,-12.527225734361261,,0.1228182347520221,0.2,False,1
-0.22915651185838506,-0.78157086045279622,-0.58020193309224077,0.9670573016339703,-0.25068058259903025,-0.044265346087372009,-0.11084885398289843,-0.5712322081245822,0.81326889524424328,-17.074576219508476,-2.9510008126812903,-7.9992248617288935,,0.3970259579252915,0.1904761904761905,False,1
-0.61076846485995095,0.78026398944033781,-0.13472189545603747,-0.78966968414687522,-0.61273609135873941,0.031245356227590292,-0.058169341340549005,0.12546947488956506,0.99039069997599627,-3.6177146680263936,14.06481508122614,-3.8208402389694016,,0.6317668955970726,0.75,False,2
-0.95282343867594088,0.13735219911981139,-0.27066929657186256,-0.12620426560944337,-0.99029217219897026,-0.058257162850812727,-0.2760434350817571,-0.021349170438139151,0.96090802622824789,-17.654087312301652,10.595411097686446,-8.7138183840481194,,0.06893810122339195,0.4285714285714285,False,1
-0.78776812302597266,-0.43923825998796534,-0.43184619404005398,0.55764873490269606,-0.80633186261612688,-0.19712132251846795,-0.26162811929446372,-0.39610437802775122,0.88014319795229334,-0.013945689218281876,12.635023875545794,-2.4657078083590638,,0.4266658658781068,0.1111111111111111,False,3
-0.8360941819377572,-0.42008997575075879,-0.35280438093022459,0.47839467892139309,-0.87308568592882241,-0.094127127895705626,-0.26848659204796316,-0.24747888253328632,0.93095067140560483,-15.449394751281861,-2.8396069143395155,-7.5148503495546048,,0.1487942189185451,0.1944444444444444,False,1
0.098748613473837649,0.99251226876148091,-0.071889552056827205,-0.99180331918620313,0.10404969192621336,0.07416089037551872,0.081085679304203961,0.063977011246202781,0.99465172530075985,10.059813337621735,-11.301539511001659,1.9207022738516903,,0.4159751987592116,0.6046511627906976,False,4
-0.95469175197241141,0.19527333303039979,-0.22457066621232261,-0.15340445171002093,-0.9695466437124447,-0.19090934985348906,-0.25501124075498249,-0.14780944175908597,0.95557398249192205,4.2942258652541136,13.408499477218898,-1.069860862164721,,0.1599212102399798,0.1111111111111111,False,3
