axis_00,axis_01,axis_02,axis_10,axis_11,axis_12,axis_20,axis_21,axis_22,location_x,location_y,location_z,dbh,dbh_approximation,score,reconstructed,number_clusters
0.93920041165731616,0.31756427026674644,-0.13059678783445447,-0.27554015733455905,0.92398067268121076,0.26521187418293346,0.20489072316426399,-0.21310244194172573,0.95530473713873054,-2.6246411487951122,11.264650137698199,-3.2156579733350865,0.587742541252082,0.4354278622342206,0.3529411764705883,True,1
-0.70259581009715799,0.7025614059668116,-0.11298937330499631,-0.70601657168170318,-0.70808264961376,-0.012631778448503425,-0.088880414854641765,0.070897335365263589,0.99351589805768725,27.672865188351775,-14.432454220880405,4.9921775351142461,0.5892928065593755,0.487650630216218,0.7291666666666666,True,5
-0.31553661918476134,0.94863722597193834,-0.022892257505866265,-0.9488127570115088,-0.31505997330766466,0.022171273116163293,0.013820060986433,0.028716314520454561,0.99949206059612694,8.4675506438603154,35.439223796153847,-4.1818819438872019,,0.3640534101936299,0.3636363636363636,False,4
0.64674966552552171,0.76200505447173361,-0.032606243300282278,-0.73466014140132918,0.63388690806011116,0.24178888400042739,0.20491302247247686,-0.13242237254151401,0.96978088683561481,-16.995774363550225,5.7427877236523104,-5.4629209238831917,,0.3812325640213785,0.4343434343434344,False,3
-0.9536460837841445,-0.18129386296927102,-0.24019092849823426,0.22202238751918335,-0.96265803160306029,-0.15490504714309014,-0.2031383920470137,-0.20105235497203361,0.9582863581606248,-1.3347014449482268,-11.786638898852926,-0.97569820675857133,,0.5625489322324885,0.3513513513513514,False,1
-0.077978895295902947,0.99595223001405264,0.044703997790654343,-0.99453852446375934,-0.080831799960348311,0.066025324479467462,0.06937157375956908,-0.039311266135886119,0.99681603574025357,-2.9572147747378272,6.1993596751982896,-2.7087871246525186,,0.6013073993992487,0.2141057934508816,True,1
-0.46669866694123363,-0.81762850617252436,-0.33715868692555018,0.86908235929819677,-0.49465555231037212,-0.0034259779917552857,-0.16397623922981908,-0.29461756645286141,0.9414415980322085,-11.515913000460833,-3.357014465449407,-3.5856841863086175,,0.3274219050016461,0.4198473282442748,False,1
0.5034847890934957,-0.80556822297525965,-0.31235061274785469,0.86372105382573128,0.47853113635542743,0.15809456890276469,0.022113532726505084,-0.3493820110865255,0.93671938273929634,3.0482444819752725,11.328914996160178,-1.9848177123482522,,0.6312950545732217,0.5735294117647058,False,2
-0.76532470350124548,0.63921720974392593,-0.075362172062122326,-0.64082910874154508,-0.76767527137707736,-0.0035680674948506408,-0.06013444603759216,0.04556354335782789,0.99714984426435693,-7.3993947236854059,-26.349640954949233,-1.327389306538908,,0.4195597235620947,0.5135135135135135,False,3
0.72983418820984036,-0.63874944440630588,-0.24360050285399248,0.67854880511289672,0.72020387213692061,0.14449187395436963,0.083147921200366764,-0.27074993966688349,0.95905208063505887,9.4869925586609511,5.322610903867826,-0.13999185925879015,0.8378516914314007,0.5047757027347002,0.6486486486486487,True,5
-0.95588805990603598,-0.18697057587314181,-0.22653922549249911,0.20450111276125965,-0.97724331628136107,-0.056345325119440404,-0.21084902610275952,-0.10018734721048661,0.97237090847600138,11.919931605412623,1.4503349874610163,0.7281623002563119,0.1326541359138525,0.3045349398034797,0.1666666666666667,True,4
-0.9761141850838726,0.14731348600548166,-0.15968667608463652,-0.15022859217332638,-0.9886313947241161,0.0062717987426975375,-0.15694734076010081,0.030111496255771242,0.98714782582021177,-10.22984045786966,-24.150197638058359,-1.9062572575179404,,0.1096619758694561,0.2380952380952381,False,3
0.94317122437047685,-0.23883516472355312,-0.23105368556023662,0.28862969527135734,0.93335317780001104,0.21341214702585265,0.16468436637112471,-0.26797315086048079,0.94924678028995557,10.656804640800042,3.7500998220231834,0.30388067742022107,0.2779933339256547,0.1777408268252225,0.3023255813953488,True,4
-0.95095432105694588,0.25490790914263917,-0.17523651765442691,-0.26328490690452144,-0.96436916737341372,0.025945458480929967,-0.16237899205069517,0.0708100760911623,0.98418443193568317,27.648624928783445,14.426179131318079,2.5271541375500837,0.7369578533469103,0.5909888211014099,0.5882352941176471,True,4
-0.46100846700731807,-0.85869701152447331,-0.22385405010073567,0.87254181738033387,-0.48459417181855063,0.061961807285765003,-0.16168478676173603,-0.1667571019130307,0.97265106728537565,7.9964774436831609,-14.172259745159366,1.0451725413358428,0.5833013344957214,0.5210273191196974,0.9226190476190477,True,5
0.78988069183938137,0.60891039987231743,-0.072915139625978231,-0.57280117593984448,0.77500645596034923,0.26695281617115751,0.21906004998920403,-0.16909499740416678,0.96094722870281124,14.946057708731878,3.3144965995805533,1.1581910248065703,,0.2418321347199077,0.3809523809523809,False,7
0.29631172679662859,-0.89880121593807216,-0.32304138247451192,0.95477975368608003,0.27011894878773218,0.12422308745543065,-0.024392263403571715,-0.34524212914135244,0.9381966157218844,-35.395564829379985,5.8231059395250471,-8.8055260462441982,,0.1868541125741875,0.4210526315789473,False,4
0.19443939180780559,0.96948931128432347,-0.14927758779823327,-0.97347880717799662,0.20942040684714733,0.092098345106088317,0.1205501343371943,0.12741102189929954,0.98449687486038318,-16.706262542275351,3.6946995514471475,-5.1764322589646019,0.2091258166729049,0.2275605664876785,0.8326848249027238,True,5
-0.0083604792952063321,0.98837994513442995,-0.1517734708109951,-0.996423152503776,0.004529061926594774,0.084382395986970005,0.084089259364030389,0.15193607752646054,0.98480679567389373,-2.822932754515544,15.041837579883449,-3.7707391988853143,0.1686833356735661,0.1368029781190852,0.5531914893617021,True,5
0.96630165379554667,0.178366817881638,-0.18559739262923938,-0.1604497097967145,0.98116505591789416,0.10756869280505264,0.20128836155660745,-0.074164757967759107,0.97672032034633249,-10.31388575628409,-16.409046495541389,-2.4389186900747886,0.6402370503470753,0.6355069546457776,0.9757785467128027,True,5
-0.3574822684920394,0.9288359964286329,-0.097314538750467361,-0.93353390074839315,-0.352393654630139,0.065826805557504087,0.026849280572794704,0.11437833673753525,0.99307437396092346,-22.005106192883773,6.7898905554129474,-6.5648049758100191,,0.6489526468628455,0.6923076923076923,False,4
0.85039638412911112,-0.48405040970815666,-0.20620666992485975,0.51277126736549927,0.85027613245071842,0.11872710705238718,0.11786270497707933,-0.20670195801204938,0.97127889060221617,6.2787181427693231,4.5876379606649929,-0.7419893863041207,0.1346174228261775,0.09494543899305277,0.4615384615384616,True,5
0.67294102545498291,-0.62868817589988801,-0.38974549868249825,0.73280731085669593,0.63836683742394684,0.23554453089029176,0.10071653992555296,-0.44411592896564889,0.89029052574112288,14.69629354574135,-12.60944506669078,2.326096403868779,,0.3639557909629782,0.3,False,4
-0.32452763834608755,-0.91764243924572397,-0.22937777931759015,0.93513972470209539,-0.34770127211376117,0.067952341052838122,-0.14211089765953944,-0.19244786064186381,0.97096257070021474,1.065218061311938,-23.453158896272512,0.11593267396928476,,0.0794294805075782,0.5625,False,1
-0.47875918484863417,-0.78191917526239541,-0.39923933458521788,0.87102277287812724,-0.48002829783639789,-0.10436552306192597,-0.11004077449186853,-0.39771250499986377,0.91088736478006105,7.4141522161752125,-16.021982893530023,1.0535170629118127,,0.5448282656257014,0.3125,False,2
-0.93256842418566932,-0.29565269077938006,-0.20713671969684802,0.29036830931361945,-0.95526406678166464,0.056185475544007553,-0.21448165226472954,-0.0077491387049452923,0.97669727740540146,-25.918756398879662,4.4964586245109359,-6.8660540728708543,0.3420890232559178,0.26470915820077,0.7052631578947368,True,5
0.26321266141916144,0.9548601414203558,0.13769969206697877,-0.95566409501559557,0.23853736158309685,0.17264432984317324,0.13200466797301288,-0.1770368251400645,0.97531160670713923,22.459481421527521,0.75673049281185323,2.905289526351678,,0.3320838539829722,0.4090909090909091,False,1
-0.21594011720677794,0.97627351454315958,-0.016121122239782265,-0.97606090292568992,-0.21539491897476065,0.030168570727545363,0.025980368754304518,0.02224980182840447,0.99941481215658734,-0.15247171525917125,-8.985396894089984,-0.93043659645155552,,0.2236513435991566,0.1830985915492958,False,2
-0.28662219855415921,-0.88123417172029905,-0.37586440359312945,0.95704952354183059,-0.28123756004433309,-0.070438940286358942,-0.043633986573945044,-0.37991021230384009,0.92399367194960591,-12.239706075563628,-7.1070704927828237,-3.4494440354170921,0.9883699633187418,0.5400267635640098,0.59375,True,2
-0.90131602590895765,0.40184227311570248,-0.16171644621648573,-0.40915791271414448,-0.91236644268142164,0.013314530868707791,-0.1421943174078657,0.078168163634912358,0.98674744199863895,21.149534283812052,-13.447065739441198,3.671923480171182,,0.2606673072224864,0.5416666666666666,False,2
-0.96654595947742561,-0.16472829815602055,-0.19660492365270124,0.15822659189736341,-0.98621380180195384,0.048442571689398292,-0.20187435160120887,0.015713844913275248,0.97928536251882869,10.631281408532693,0.15508624108744867,0.60801482553773256,0.1086631201246074,0.2442139006124893,0.3488372093023256,True,5
0.98239474054854559,-0.064833735658897579,-0.17520605144534426,0.10949837927976129,0.95969407123263872,0.25883854924649213,0.15136273873599793,-0.27346640810424128,0.94989759709186705,-35.274446247768502,4.7822033859497637,-8.6510130919074992,0.7431641075239623,0.4516283867748508,0.2769230769230769,True,5
-0.91443124612768334,0.37711540667994509,-0.14696756836115893,-0.37498527228280581,-0.92603198956777866,-0.04302092360852941,-0.15232052283379993,0.015770996853739727,0.98820530963048225,-33.696899068963454,4.9416818982375892,-8.4116375056523136,0.2060926707144192,0.2084288736616901,0.3181818181818182,True,5
-0.27245571841452421,0.95867603021061742,-0.081903300317123701,-0.96006682838245816,-0.2652509124719416,0.08895863349023278,0.06355758446379714,0.10286993016627263,0.9926621836882441,22.694240372545281,-10.144513587060841,3.8018344836545936,,0.290728311211964,0.3846153846153846,False,2
0.97430107217951922,-0.090604832768485966,-0.20622362868700223,0.1236451309708953,0.98039471939926415,0.15342123634369681,0.18827985111803652,-0.17497702264306889,0.96640247268409718,1.4252616443204289,-17.670612285313194,-0.085288372271570517,,0.4489409693343111,0.576271186440678,False,2
0.8500381199602598,0.51348614614982291,-0.11733359419462414,-0.48043583003151763,0.8471720063440481,0.22689425926833318,0.21590879518063333,-0.13649750686075435,0.9668256423908318,-0.79749173652902872,1.9897029629891336,-1.9279627549607967,,0.5568506649976559,0.525,False,3
-0.083565648330354944,0.99374640546402049,-0.07405986798844344,-0.9941616368985785,-0.078047929140701161,0.074506110326516661,0.068259959993150016,0.079853631001891856,0.99446667891767337,-35.306047638161857,8.3879486256059472,-9.0794672884208936,,0.1710843891995883,0.2413793103448276,False,1
0.31400863562636261,-0.90676189442542843,-0.28139197495678075,0.94921131029736749,0.29361820288146068,0.11307625453743689,-0.01991143278682328,-0.30260736566492991,0.9529072972171565,-18.404786382871102,-15.302354144830671,-4.0320248051744567,,0.109058992748358,0.1333333333333333,False,1
0.4189281578172801,0.89071259376893797,-0.17643773374545135,-0.89377131696441359,0.43878229852224199,0.09296734628478677,0.16022494050402197,0.11874834653564172,0.97991162797240727,-6.7741595016357943,-3.6635015926759733,-2.6199351918994092,0.2785341558227449,0.2454098897178837,0.8226779252110977,True,4
0.0045354284517215345,-0.94548005164374005,-0.32564843287280154,0.99660125050142634,-0.022512087277698878,0.079241109440719409,-0.082251914188996939,-0.32490102780716701,0.9421644998311568,24.208041992970216,1.194099618045906,3.1542615992926613,,0.245609200620342,0.6410256410256411,False,5
-0.20721621830339224,0.97550523852341919,0.073830674420654246,-0.97742100317424441,-0.20963031978089813,0.026520022292833678,0.041347568560858264,-0.066668273128424216,0.99691811094601923,-1.4273810469605943,-16.402263669836167,-0.71671850057464681,,0.4767545355778663,0.2023809523809524,False,2
-0.41654169356547743,0.90886552865042225,-0.021365119999492532,-0.90902419217138075,-0.41604922222722224,0.024042935163837861,0.012962853419409212,0.0294362958796133,0.99948260060699157,29.262232747616309,-14.427832241171989,5.3094189763223305,0.2995812874031986,0.2361823723296048,0.2727272727272727,True,5
0.98089950236389123,0.061260295075504678,-0.18461674493266936,-0.030357032163434862,0.98569452172849481,0.16578528412577387,0.19213176952420016,-0.15701428623439811,0.96872694659424197,19.018931757372886,-6.9617161778563528,2.8188724607270825,,0.08669761251432424,0.4166666666666667,False,1
0.27413614051800195,0.95959196011645886,-0.063503122299194248,-0.95157628647970649,0.28021271110283374,0.12642550196020805,0.13911127729765538,0.025770266126911356,0.98994138508921947,8.1129478049776207,-15.184774821312132,1.1427018054010458,,0.3414731606702077,0.1666666666666667,False,5
0.47884600324259435,0.86705825847944173,-0.13753720071744646,-0.85804839301872093,0.49536658971205494,0.13551714664587475,0.18563259524281917,0.053121730013680479,0.98118225696542716,-12.744648052379508,-20.706521130562084,-2.6047885347790127,,0.2957485123400868,0.5333333333333333,False,2
0.11430401264138977,-0.96965353083536854,-0.2161171507136328,0.9911200156178146,0.096428164563182706,0.091557215557908106,-0.067938997165240225,-0.22466339091511506,0.97206514876663619,1.9160392147163685,14.351212720052864,-2.6243222708633329,0.2665234707233445,0.2111095297473187,0.6837606837606838,True,5
0.96298573678548094,0.21532837596635684,-0.16214857770396035,-0.17843733545372634,0.96011247020410284,0.21527694227378646,0.20203610584224874,-0.17837526471534146,0.9629972361714404,-9.5250359418351209,11.93293596024132,-4.8131094131956074,,0.1001004211843669,0.2641509433962264,False,4
0.95628065762877423,0.22609597453488486,-0.18549370378587435,-0.21071525543407396,0.97251349812864329,0.099078640911874169,0.20279641262220088,-0.055660634713519223,0.97763771857005199,-6.898656365413677,-8.6236731409675169,-2.2731941602479053,0.1970795746742881,0.2155300946545917,0.8060836501901141,True,5
0.98172426270020785,0.047073713691869287,-0.18439505824448957,-0.0059238374757091374,0.9760143934331128,0.21762539364916361,0.19021666639728013,-0.21255580276870339,0.95845586780720249,-25.912499233179581,10.956489977931309,-7.7970273316483434,,0.1322708251469221,0.2222222222222222,False,1
0.96941463958695873,-0.14943609722494453,-0.19468977733991155,0.17711385429558543,0.97510079894957857,0.13345079431931448,0.16989979155681614,-0.16385141053427266,0.97174419272506063,24.397038775712645,17.951800186560174,1.5533170071994542,0.4136337911602771,0.4059284910595328,0.9210526315789473,True,5
0.65934217895247815,0.74989125585455241,-0.054138668685884558,-0.7265063692442657,0.65400484412444226,0.21087000571270864,0.19353652498097654,-0.099703401419638626,0.97601375258939937,-8.6411091460264018,-15.962408386102737,-2.1690838999966946,,0.1391964846816679,0.125,False,2
0.18335366088607088,-0.95721360868659711,-0.22388287648870459,0.98168757597435141,0.16631539824357994,0.092890750264384925,-0.051681120511040318,-0.23681489744579035,0.97017924433089264,-5.2893611704137795,11.704051646690045,-3.7729388386184786,0.6392287396487558,0.5675790232991158,0.9932773109243698,True,5
0.42578073223521729,0.89674931047822881,-0.1206293588396456,-0.88971462486176989,0.43919601301987543,0.12455821311549845,0.16467742518123968,0.054291217561103861,0.98485217638557843,-7.6590071447412784,27.821724349286836,-6.6801158835297221,0.431130857236084,0.2727251429601656,0.7441860465116279,True,5
-0.50290042698893811,0.85333347730441711,-0.13752504152297182,-0.86385919416082335,-0.50154554938207296,0.04689727666769701,-0.028956056329478112,0.14238693200777147,0.98938744099329323,-0.25382937923012755,-7.455617203221137,-1.0712983282753283,0.462883047821979,0.3938118713936172,0.5477707006369427,True,5
0.98116852394791254,0.022900849037941581,-0.19179123735774953,0.00043849203540935033,0.99267989951490077,0.120774272193303,0.19315313960329533,-0.1185840133088292,0.97397622991988964,-3.3031011898137908,10.824652582663447,-3.3202591895069422,0.1630323498790361,0.1387969286694916,0.4204545454545455,True,5
0.64816788519518165,-0.71689220226725214,-0.25679556641424844,0.76040726760341038,0.62736575901913105,0.16790768828813257,0.040733033001739957,-0.30410158621545946,0.95176837795953262,-18.483078227229353,5.7417927282271206,-5.7751678791219749,0.7497357506659708,0.643419384612366,0.6166666666666667,True,3
0.24835135433933056,-0.89915075276538858,-0.36034640084126668,0.96803799361398368,0.21694139791412387,0.12585258356854701,-0.034986393321300421,-0.38008466645275246,0.92428978064775036,20.99922491155063,-18.593738967196014,3.8608262842228078,,0.4339595763384521,0.3818181818181818,False,5
-0.61028705408133777,-0.76440417577626518,-0.2079326036881412,0.7704203373258558,-0.63381084907059859,0.068820864823973954,-0.18439689654502076,-0.11819502382170827,0.97571907887893083,10.859572465529183,2.3379417755578693,0.47477320642625498,,0.08394819991219285,0.4782608695652174,False,5
-0.92022432934714227,-0.2932452043202084,-0.2592188917127784,0.31283680565704075,-0.94909002459285752,-0.03689523335917011,-0.23520271406576249,-0.11504510142343261,0.96511362436480552,8.293048024743138,15.478040891146863,-1.3496511531807271,,0.3995870640248191,0.12,False,5
0.800201636063257,-0.54610487433937305,-0.24788466645693258,0.59202617676120861,0.78532980393225982,0.18100305269587263,0.09582456715891402,-0.2915931502599064,0.95173057482163026,-1.7021241861043879,-18.177272103643443,-0.69399283848238069,0.6343109176316876,0.5352456175968875,0.7721518987341772,True,6
-0.58022418667721998,0.81283292005503693,-0.051405615155938097,-0.81441104246356344,-0.57970387718802485,0.026039752045345213,-0.0086340667226057072,0.056974194579415161,0.99833831642577775,-14.802951288335647,-21.197957240987616,-2.9561582742874739,,0.2360666011091426,0.2222222222222222,False,3
-0.024411620205330713,0.9927857460895384,-0.11739052415075932,-0.99650471052194145,-0.014781261432995223,0.082218466405250337,0.07989014148524537,0.11898729626262107,0.98967650705752286,-17.612488591554044,-14.127484617647205,-3.9450029092989292,,0.07561623138396534,0.4375,False,1
-0.22213260518536998,-0.93510874606510275,-0.27609552467599341,0.97053649837639744,-0.23917582767420925,0.029220348657025982,-0.093359579223782491,-0.26146999156482292,0.96068591770580769,-4.4171403941036429,-6.4915107928130604,-1.9369148789371891,,0.1414081270610024,0.2380952380952381,False,4
0.66657510045558721,0.72997802561230685,-0.15102886338638627,-0.72254162700916769,0.68253011350879289,0.10993744308751455,0.18333366491610331,0.035843078506654372,0.98239708928294223,3.5979872021073489,14.637254511809092,-2.3037227765150128,0.2362291701453109,0.1523245701330686,0.4313725490196079,True,5
0.91638739605729191,0.3640755195406627,-0.16638256043988969,-0.33867215181749777,0.92675007374150176,0.16258989637559698,0.21339005115197557,-0.092646191995775923,0.97256432649878732,9.8689717541196131,18.684123135443414,-1.4658298953090765,0.4374102033295801,0.3084918583569263,0.3461538461538461,True,5
-0.23273150982312374,0.95862244698337051,-0.16394831037575597,-0.97194621565388961,-0.22336547701317963,0.073677795534056928,0.034008796090612553,0.17649608442764569,0.98371364429399744,17.199903038102413,-7.6216224756465341,2.498218348642236,0.4536526327406619,0.4050517157645356,0.9035087719298246,True,5
0.91671207614041872,-0.34713814007296118,-0.19782335849188329,0.37172150369108847,0.92253390049638373,0.10370306711261765,0.14649946468147598,-0.16860105023876107,0.97473667865040736,12.132912671988352,3.1780624516357863,0.60046422034119429,,0.08839126291418051,0.1891891891891892,False,2
-0.98194091886258539,0.017615299968702529,-0.18836595517851609,-0.022496376912395373,-0.99946344663265119,0.023806130953968274,-0.18784553465312276,0.02761376562866192,0.98181033558355257,24.610693437425873,-12.625733159586181,4.3016365921970543,,0.07966380145055399,0.3333333333333333,False,1
0.97959723768077667,0.13396411526179328,-0.14980943812162908,-0.10855068200501286,0.9800363259328142,0.16656995313788794,0.16913308772809613,-0.14690954929560077,0.97458277378646729,0.550731794916682,8.1995580069140548,-2.2201454531822615,0.2530168954285679,0.151438035227466,0.6580310880829016,True,4
0.074546869395010304,-0.96202440899938635,-0.26258674900456158,0.99428682354163012,0.051531759250490763,0.093478287960596956,-0.076396837597495618,-0.26805505829573661,0.96036972512005547,13.455326873322784,2.8323482902838886,0.87846364946409139,,0.174416260477589,0.5283018867924528,False,5
0.85375222564759556,0.49027952354970727,-0.17530865919756805,-0.4726585456895287,0.87099334368508008,0.13403169193494407,0.21840566931386352,-0.031568719393667732,0.97534731227773785,18.342325647041108,13.286144346843894,0.85334808315798594,0.2937157075439687,0.2829563921993162,0.3846153846153846,True,5
-0.65948718865014078,0.73488686703899608,-0.15817060618187931,-0.74893748013980632,-0.66041394782875618,0.054277696663310275,-0.064570108008049271,0.15425534080493394,0.98591885618694963,11.449567776692911,-0.052705476013293825,0.76329609596139625,,0.07388266590211673,0.2391304347826087,True,4
0.14553867773358856,0.98912407881468323,-0.021261467319195759,-0.98336913861986786,0.1469850071214569,0.1066796367238225,0.10864451432806051,0.0053818575335872199,0.99406609695528314,8.1617445509571009,3.0891331673148295,-0.18416083639679601,,0.08723618798871131,0.4642857142857143,False,5
-0.97586382916673975,0.11591895500661212,-0.18507453307844585,-0.12515878881631307,-0.99136958009634679,0.03900811763759153,-0.17895548191118152,0.061230315447249675,0.98194999056172327,0.89074216509816162,-4.5778871075867045,-1.0262919970341855,,0.2302494862340291,0.4048780487804878,False,5
0.30820081209028422,0.94781942312516365,0.081551214421193563,-0.94022676160267737,0.29043132508731262,0.17782936251971901,0.14486509653132884,-0.13148378818207931,0.98067635703745748,-25.411267069915382,7.029317861152486,-7.1883086955708082,,0.3594620838893269,0.148936170212766,False,3
-0.70636215580157624,0.70594905293110788,-0.051850164098303828,-0.70572645583681437,-0.70802107331947828,-0.025618924012191582,-0.054796663980192811,0.018495794149084782,0.99832621482931916,-13.394211991894107,-27.938211688845261,-2.2222752509161641,,0.2391385988214496,0.25,False,2
0.027340297470220688,0.99927003285967952,-0.026681633436789476,-0.99281710580450988,0.030254490799521132,0.11575344577341515,0.11647618879495125,0.023325248446201874,0.99291954871919319,2.5022041681681104,12.896087413067624,-2.3493970669264916,,0.6224426856397708,0.2361111111111111,False,2
0.88087625639240408,0.4670930781015053,-0.07668818236055823,-0.43785847061372413,0.86561820283367985,0.24286845541321742,0.17982486100624578,-0.18035848555765993,0.96702318278903376,13.6972946982842,14.802931023714596,-0.18785568692691187,,0.5900348341141854,0.275,False,2
-0.73197595842296359,-0.63346498863253908,-0.25086511209724405,0.6568899889768961,-0.75387338761439104,-0.013055949936235392,-0.18085004471306876,-0.17434742218794447,0.96793400482868741,16.792374650681303,22.679298870475112,-0.58664748920120158,,0.3405206197472652,0.2777777777777778,False,4
0.53256525243937314,0.83990285485002991,-0.10458224662416364,-0.83092333549268615,0.54234038903286963,0.12423088568220519,0.16106105186511224,0.020738776204158232,0.98672652783517401,10.508376653332327,-21.493029709134877,1.9111475165022989,,0.196453971648851,0.4736842105263158,False,2
-0.81615167762599961,0.55754677492429539,-0.15178284777860418,-0.56773039503626777,-0.82263244935646695,0.030952412147400327,-0.1076040782695023,0.11143359922974887,0.98792910439083326,8.3378405250828465,-22.861390544958713,1.5082662422743582,0.3296602103510805,0.2872189158309252,0.68,True,4
0.97487613822722385,-0.11969979249567847,-0.1878522685294679,0.14669826399809968,0.97963742992552738,0.13707707769299737,0.16761901579212207,-0.16119077382220012,0.9725849063086891,8.7598095519870931,-20.38829082075851,1.5115971962998289,,0.1211034189975806,0.45,False,4
-0.89390620870637194,0.4458065922193154,-0.046777904720092287,-0.42992270611426431,-0.88220678016879273,-0.19203557949400912,-0.1268785119852408,-0.15155091341860349,0.98027249468624722,0.8016577787934287,7.1175493371794945,-2.1036188037528829,,0.3587303421344387,0.2941176470588235,False,2
0.61104626050780342,-0.71067808547974487,-0.34865330392565386,0.78994953627222408,0.57582786077810866,0.21071783240866343,0.051011740440098277,-0.40417685927147279,0.91325728508822757,8.1320764366850717,-7.6581517016102616,0.63089081620066634,,0.6907474343696446,0.2295081967213115,False,1
0.27407052099532353,-0.84233802575719363,-0.46406034077997421,0.96126855444423343,0.22532945937296794,0.1587116913632394,-0.029122427063109253,-0.48958480889643619,0.87146921869897054,-23.024462605483532,5.2764227020680758,-6.5416090303803118,,0.3274878876565012,0.1818181818181818,False,2
-0.83293699288255374,0.55159027629924484,-0.044318539911553101,-0.54348518641888577,-0.83050210740072472,-0.12202500459407756,-0.10411444679293176,-0.077552670457427517,0.99153707206232278,12.180469754495221,-10.057431961048513,1.6484706454686915,,0.2230926461292277,0.3548387096774194,False,2
0.26822337361046511,-0.93752964892749469,-0.22157251461070029,0.96295362946766183,0.25427016777454764,0.089816419851607071,-0.027866276107110483,-0.23745492027286236,0.97099878037726206,16.831900955424235,5.0106041291748662,1.4023218244557374,0.1839944911188043,0.1579532600943321,0.5555555555555556,True,3
-0.57916831373575139,0.80534594377539881,-0.12641983708658169,-0.81377651419657737,-0.58034312980897196,0.031138988833834751,-0.048289225574170862,0.12091221000394614,0.99148796672748774,-1.0938443122796599,-19.899352142134706,-0.40785661608884016,0.3826122119136485,0.2567387840388109,0.1052631578947368,True,4
0.47200067579454452,0.87482170436982976,-0.10909788088207895,-0.86461514192207212,0.48352294985226757,0.13655113813234016,0.17220922858130794,0.029875450283277205,0.98460725117267101,30.770348769043217,-2.4647708241436059,4.7887633661200244,,0.2199911100425238,0.4375,False,4
0.72914346837987076,-0.60094447519150795,-0.32743784182005498,0.67599165139445561,0.7070364668319139,0.20768900263336071,0.10670093609696611,-0.37278032714542025,0.92176446987795324,16.964752536067429,-19.673334391001301,3.1580704142270553,,0.2021952762059558,0.1785714285714286,False,3
0.60059708886737806,-0.71511681548047346,-0.35761861956712782,0.79370253027953641,0.58724592354584437,0.15867740452455931,0.096537196312578136,-0.37914399045198577,0.92028821802316485,-1.4311124686716108,4.398839923916146,-2.2636878562740455,,0.6339660067929567,0.1428571428571428,False,2
-0.96496151089163706,-0.14973209849436203,-0.2154752449313006,0.1688879497881961,-0.98290461196820711,-0.073317011586455524,-0.20081370200777893,-0.10713926662108247,0.97375306655939609,-16.697465418509854,15.473664022719277,-6.734098719676779,,0.1699255304503699,0.45,False,1
-0.96956579777046425,0.16569701128283221,-0.18024057325047804,-0.16079927199670413,-0.98611185199210161,-0.041557303642540552,-0.18462328650268897,-0.011309987296423782,0.9827442832539407,13.65631231680451,-31.572341468937005,3.0614241447666966,,0.4398770397527241,0.6153846153846154,False,4
0.97064723196702662,0.18265661439746375,-0.15646249484015232,-0.13501295956082943,0.95219737663654447,0.27402856908925988,0.19903630780682774,-0.24486060757773534,0.9489087580116895,12.550556536130074,4.8467822584628379,0.48168913355086418,,0.7227525112626099,0.5483870967741935,False,1
0.31000418664652607,0.94856155901112671,-0.064252416514927926,-0.94097441239722301,0.31577920493877082,0.12186323868147977,0.13588436067232812,0.022681765685672345,0.99046503120001861,20.482677155263044,-7.8061516152604238,3.1578175158534356,0.3042082563779622,0.2149382186411803,0.2307692307692308,True,4
-0.20706387479823227,0.97832724058820864,0.00060172801569369216,-0.97772574021922909,-0.20695805624924352,0.034939087943116412,0.034306393956576538,0.0066462979618631124,0.9993892625284202,12.406286261401991,-18.842659146119438,2.1298423012698446,,0.1815209454308425,0.2857142857142857,False,3
-0.92300573579980205,-0.32642411792460524,-0.20373440288230493,0.32539081348172239,-0.94475318425867438,0.039525173431599191,-0.20538069573932402,-0.029811341302238156,0.9782280172574247,25.316501707740141,13.832451098628059,2.1718570640679848,,0.1779412789997296,0.4285714285714285,False,3
-0.95429232736431691,-0.21717411070597617,-0.20533280198902293,0.22909262373285122,-0.97274324728253836,-0.035876797758720907,-0.19194458493219629,-0.081277183177631857,0.97803440420565779,16.439317156791976,-5.5540053741460413,2.203116133821184,0.7118294784383914,0.8427088460355633,0.5111111111111111,True,2
-0.10444100196250929,0.99154379471021981,0.077025841642438531,-0.99246440797130941,-0.10890129877495611,0.056168550233088921,0.064081791635584223,-0.070579106659029223,0.99544568595377825,20.74137892771623,3.4202007860782353,2.3264961497379519,,0.2919958779130786,0.2352941176470588,False,1
-0.86540158553934121,-0.39899577039088963,-0.30312121495562749,0.45676832084471464,-0.8768764475246501,-0.14983456493496472,-0.2060164964722363,-0.2681232384310076,0.94109889607552666,-13.457173872040503,7.1916190260418951,-4.9615192714291636,,0.5730158004159331,0.5294117647058824,False,1
-0.64732762526981324,-0.6478040704130682,-0.40164266695510198,0.7387105580300477,-0.66304222355463949,-0.12116815274095978,-0.18781282442230007,-0.37513317120721512,0.90774525437621445,15.809542452424648,11.899861317499665,0.5109762360953839,,0.57287330351144,0.25,False,1
0.9092739604406046,0.38919710315740841,-0.14746687681829054,-0.33734464738591441,0.89670777820121561,0.28655496749055709,0.24376105871269163,-0.2108098086126991,0.94664659237116888,20.636500523344811,30.232248572265949,-0.61843566150579821,,0.4726535945837007,0.1904761904761905,False,3
0.1118345524745889,0.99295560541522243,0.039143307822618933,-0.98768892836356581,0.10673312027155482,0.11436180229922799,0.10937830525674797,-0.051451012736249357,0.99266770856494302,27.498492603309,2.3281547485089766,3.6494684727828495,,0.1671845030199896,0.1428571428571428,False,2
0.20846091157044966,0.97535992187446419,0.072229295637273899,-0.97051555656232069,0.19715661797151057,0.13866802969886372,0.12101075496726033,-0.099006518932216514,0.98770142573106501,9.9732787177444049,1.2803589607005432,0.33106109375126541,,0.2753674185161,0.4222222222222222,False,3
-0.043481038664044562,-0.89597146966178698,-0.44197796871427197,0.9946728851767247,-0.080210277162141866,0.064746914457624247,-0.093462563472795773,-0.43680823823466342,0.89468615292706066,4.8568929741768274,-17.586811614461396,0.54555164818841928,,0.424720760967896,0.5483870967741935,False,3
-0.26619596420704661,-0.93871121390445988,-0.21899992130111831,0.95552092851928527,-0.28690133455147998,0.068318221538781587,-0.12696245036042345,-0.19107297329186843,0.97333018810467453,-3.9899514107302805,1.6239381115041198,-2.5325915874564213,,0.07194361561617997,0.3821510297482837,False,3
-0.22792387264444203,0.97322117273030684,-0.029853931536813372,-0.97029931143045389,-0.22447354546778772,0.090171356997143695,0.081055255945222338,0.049519454102055493,0.99547871355900275,3.1278575531868644,-14.430429702351436,0.053647466089600325,,0.3911616381905054,0.3125,False,3
0.45230035346651948,0.89185765396173544,0.0037835596903471047,-0.87705319250398905,0.44401439050565222,0.18338189262425619,0.16187058958508088,-0.086262077958758704,0.98303446843618603,7.3753034729342488,13.839595156354905,-1.3752352568792432,,0.3210232915703873,0.2142857142857143,False,1
0.031215117044643543,0.99931819303520975,0.019717138147631208,-0.99521073585099651,0.029246442786915666,0.093275060070899002,0.092634808332545046,-0.022534299482239062,0.99544512537459218,-6.3662214949947176,2.2761592075687798,-3.0639441975460207,,0.1148243113912527,0.3119266055045872,False,3
0.91365189464795604,0.35467756296294911,-0.19860524096020701,-0.29546184156315486,0.91498266046180465,0.2747890668027857,0.27918186829790326,-0.19238128127471235,0.94076932721512063,18.501051253642622,23.560545839870358,-0.30736220991861113,,0.1033977613920978,0.4,False,2
-0.83478710012306534,0.54931795429576524,-0.037152154129177009,-0.53829700348945464,-0.82848387039128457,-0.15443708277402268,-0.11561502282314601,-0.1089231912394779,0.98730385642304186,-12.547147586127567,6.8801961737039523,-4.7741887589009,,0.2867363184008297,0.1818181818181818,False,1
0.91591059144150877,-0.35014694232455307,-0.19622667317679371,0.37418901165653046,0.92174758596423123,0.10180359190431948,0.14522524587954766,-0.16666885296862866,0.97525951490326246,7.0832121716340923,-23.546491255903057,1.3429120724159258,,0.09735438190796952,0.3125,False,1
-0.79752314959087955,0.60153473698794746,-0.045965052632242084,-0.59431634455876692,-0.79646999524547291,-0.11146133528709344,-0.10365765025770686,-0.06157521311792237,0.99270518517459849,6.9084963848817322,-22.484790072493748,1.2685524399473787,,0.4434017935556938,0.1666666666666667,False,1
0.50633148431630548,-0.75430650102422858,-0.41791163001600384,0.86198626398777733,0.45657655566137845,0.22026695057767259,0.024659859822018459,-0.47176217666635639,0.88138092785161892,-8.0731101685456252,-22.177866761973753,-1.6964371443765629,,0.2892637334214205,0.3333333333333333,False,1
0.95623341359632252,0.24196153348962088,-0.16453654619347136,-0.21101827580400251,0.95980068953637931,0.18507815549706974,0.20270408480992949,-0.14225769812858197,0.96885179533534804,26.349394244977148,-14.596069457776775,4.7386848066107952,,0.1799462790990143,0.3571428571428572,False,1
-0.92412991151619139,0.37018373960644052,-0.094593369598868174,-0.35195425056088214,-0.9211218527994387,-0.16632118869060925,-0.14870141947272969,-0.12040984688272234,0.98152399696618475,12.736817049281179,-32.45501202706901,2.9195885775901131,,0.2645464135700014,0.4090909090909091,False,1
0.5978217200644127,-0.67404612523063978,-0.43390207660345148,0.80021553561959224,0.53391923866719648,0.27310317305752779,0.047584530808610928,-0.51048219130798467,0.85857069876925241,20.455369918724013,22.205263735516162,0.29714879054063226,,0.2536105248674067,0.1538461538461539,False,1
0.097266396127034013,-0.96564137715462761,-0.24098958257852965,0.99309923769127484,0.078226229461504579,0.087375975652608032,-0.065522151074793367,-0.24782531701008892,0.96658649895774007,22.811036234740715,2.2486727838692127,2.8848823687441802,,0.0730846723465298,0.2307692307692308,False,1
0.69366253861119065,0.72021165911324703,-0.011289313744516222,-0.69397085061816566,0.67242366858426716,0.25739244048723459,0.19296823837040536,-0.1707090390255277,0.96624100667235346,1.7931501083310932,-12.113513445331872,-0.33767980454958735,,0.5178382213924029,0.3357664233576642,False,1
0.86617159077938377,0.48488824958996929,-0.12095520136102808,-0.45529571086418019,0.86545347013353469,0.20903613731243464,0.20604026547107712,-0.12599077919989993,0.97039874925785496,16.233601677515338,9.1026625578934048,0.88676415091793781,,0.4304480709367997,0.25,False,1
0.9620214850004789,-0.14512963437056745,-0.23119699743928113,0.21545408139206518,0.92374987943414522,0.31664759442778601,0.16761324890644796,-0.35443412571713206,0.91993600283832655,-0.010951448927883023,12.602974114850962,-2.8456630883082563,,0.540551339165616,0.264367816091954,False,1
0.64658044813226401,-0.69175552082226432,-0.32157117953106251,0.76045224474726436,0.61785242875368696,0.19992688599089642,0.060383007145448836,-0.37380834085810388,0.92553833888877035,23.403249325917532,8.9119885110018178,2.2783724724522418,,0.3716590313263652,0.21875,False,1
-0.65457217185288141,0.75371640111083904,-0.058709952583254191,-0.75340948674716079,-0.65678239724738885,-0.031796665632637167,-0.062525331787866095,0.023419422761864428,0.99776856711479911,14.520399710557541,-8.559151993187001,2.0250765146711647,,0.4276397542974667,0.4367816091954023,False,1
0.7267939401799921,0.66449811729934294,-0.17381835525418593,-0.6581973584337778,0.74613572089479319,0.10028820147756159,0.19633340487150619,0.041517925170167225,0.97965782598881201,26.624523654406097,3.2816913889095192,3.4055383543119278,,0.6211370875518647,0.7142857142857143,False,1
0.98196067668597919,0.038699866298991373,-0.18508254858536666,0.014477887951279706,0.96056936662989478,0.27766325405554404,0.18853015727698472,-0.2753340012433691,0.94268105293170734,1.4624731623334761,-16.441008717721438,-0.14913854371340823,,0.3319167471875936,0.2222222222222222,False,1
