axis_00,axis_01,axis_02,axis_10,axis_11,axis_12,axis_20,axis_21,axis_22,location_x,location_y,location_z,dbh,dbh_approximation,score,reconstructed,number_clusters
0.56201499348853434,0.82480996034671683,-0.06186821806816703,-0.82076475596797782,0.56538929944669492,0.081732217833613868,0.10239317582196861,0.0048445210313307896,0.99473220927095185,-14.924961642076022,-1.7301423021673317,-4.8919681666680583,,0.2493359131930145,0.2916666666666667,False,3
0.10806762127429775,0.97509783680857265,-0.19366362044368912,-0.99413502802776565,0.10680275546463819,-0.016991688362094415,0.0041152497310402124,0.1943640400804712,0.98092083505410788,-23.039938075730763,8.2342069192668959,-6.6724365791864724,,0.3804007371742797,0.375,False,1
0.46999840581204338,-0.79858706361232157,-0.37597898926028994,0.86965486094997857,0.49183010842621855,0.042468426760695399,0.15100305083080967,-0.3469320485001432,0.92565448865291178,-27.435387423838183,-5.7245975612179567,-8.348755972315919,,0.3725510417882976,0.8,False,1
0.93872505706205511,-0.20056867948859214,-0.28029889770037236,0.22502139158484136,0.97264870441053453,0.05761832293402884,0.26107592875074276,-0.11716101150430101,0.95818195391597016,-1.5057294505475418,-15.115380735599768,-1.6433697582107007,,0.07587461603834277,0.3846153846153846,False,4
0.34611390001526321,0.91030516795020988,-0.22704552279083745,-0.93551992247004856,0.35312265880100063,-0.010337432125352607,0.070764700789720747,0.21598353882750479,0.97382928076623831,-8.5469102899034333,10.443571404648358,-2.5597415581710363,,0.08579765336601808,0.3142857142857143,False,5
0.24005285602192497,-0.90711774958065194,-0.34570509789624337,0.96653089508555456,0.25654235510601336,-0.0020121833360442418,0.090513287205993304,-0.33365162734863812,0.93834105548397029,-1.5073367700818909,20.418921906944199,0.16454827881677989,,0.3300226265121919,0.2666666666666667,False,1
-0.14804851588216048,0.98054438331663452,-0.12889666128838034,-0.98610781402289671,-0.15628538025984168,-0.056269521412767309,-0.075319426896882563,0.11877538576337482,0.9900602969863439,18.165831472987168,11.622249309160731,5.3498282702582323,0.4120306431229129,0.4175802464657067,0.6470588235294118,True,5
0.65405113197258069,0.7476040611131296,-0.11534853519895011,-0.73933265385092295,0.66403076050750232,0.11158125312784756,0.16001357353405612,0.012301093731268586,0.98703816510704245,-5.4634215928800876,7.5766416875991069,-1.8615368129037753,,0.1038362226611877,0.4333333333333333,False,4
-0.96303447508942785,0.057988642013477143,-0.26306257275915318,-0.036923984369850553,-0.99575375353638018,-0.084327229863587982,-0.26683556578441159,-0.071496711222574241,0.96108636506656919,-1.5370660962912266,6.885891412844769,-0.7871314856455115,0.2588765082078314,0.2535597904247623,0.5385878489326765,True,5
-0.85591995043611191,0.46901743730366197,-0.21776979117993017,-0.45566410824801207,-0.8831795878516876,-0.1111936871259704,-0.24448161260100654,0.0040569825276896426,0.96964544138194264,-2.3417639451589261,-19.047521768678632,-1.9765941750380667,0.8451213449333068,0.8371973807941379,0.4,True,4
0.67235793281598721,-0.6546598802896314,-0.34547829355631088,0.71020511304824729,0.70208938139604582,0.051760969185731781,0.20867081151790515,-0.28016234877314566,0.93699815941674913,-2.857572037036209,-11.695661183558865,-1.9419698684483797,,0.4199659941982786,0.4390243902439024,False,5
-0.46517208632633306,0.86480537310631855,-0.18901480563503287,-0.87246139968922953,-0.4840161094388577,-0.067375899667343142,-0.14975325090000094,0.13356673406995664,0.97966008972233243,-11.388182703482418,4.460852038734302,-3.7720551682442416,,0.061781304109139,0.25,False,1
-0.6318261127852236,-0.68618167738506164,-0.36048643361954336,0.75783428126995622,-0.64451392430371646,-0.10143472536894052,-0.16273587599163042,-0.33727808556093081,0.92723272573048809,4.2897814689527207,-13.496870477625027,0.053816235952388276,,0.08555688282799605,0.1481481481481481,False,5
-0.58704576861334812,0.79596687929463883,-0.14769560798858639,-0.78690963523528312,-0.60389682919089371,-0.12681421713301147,-0.19013282601128434,0.041777347440203172,0.98086908490064251,10.492854880791851,-5.3605206877768072,2.1125115788871942,0.8553717336094662,0.7465475733078752,0.5819672131147541,True,5
0.87772191342536321,0.40852660168047267,-0.25042016374949488,-0.418720359076865,0.90801210056942083,0.013685251698422388,0.23297532828061565,0.092844175578828861,0.9680405236732742,-14.957907713143952,2.481235352474076,-4.7771838311882888,0.4302054840959791,0.4148774616699593,0.704225352112676,True,2
-0.53471984017469465,0.82902732658412959,-0.16367157450309022,-0.8138510920227443,-0.55736560703361115,-0.16428627486628611,-0.22742271772392444,0.045357159003025588,0.97273924336907425,-19.785818624520733,3.3009549450673727,-6.0022746006200585,0.5489591157141651,0.3804073338117742,0.9852941176470589,True,2
0.022089130917767579,-0.93616804504255646,-0.35085817895054944,0.9983948847972296,0.038962553593323554,-0.041104421030026789,0.052150976079302969,-0.34938705021606842,0.93552603642832433,15.844092981253739,1.60782933689506,4.1457797025380074,,0.2351463631331673,0.4,False,5
-0.90721485840253258,-0.26978504949017229,-0.32276497295285711,0.33449702332186226,-0.92791275643366722,-0.16458936124940654,-0.25509398676269673,-0.25728183674573574,0.93205853592907695,-6.4080722608400595,3.7736286046882754,-2.3758552771890082,0.4532222940900544,0.5153549994939366,0.3247232472324723,True,5
-0.57830050831328594,0.78537191337460655,-0.22081548805938667,-0.79582251331649179,-0.6026320581934248,-0.059170345074025396,-0.17954121917603688,0.14151169605324748,0.97351907556910044,-3.8611651018910362,21.318562336989388,-0.52857421501708435,,0.09376549417740265,0.2857142857142857,False,2
-0.94168030825231375,-0.19523159763718789,-0.27408542524887847,0.23972518926085304,-0.96080293769348701,-0.13924635921062106,-0.23615679258423988,-0.19683073490589875,0.95157113823020489,2.7769909833419404,22.713911719117881,1.435764397541921,,0.4840502139570665,0.1,False,4
-0.30893130618934717,-0.82825130068796537,-0.46750532720476951,0.95034037264094118,-0.28826099429826996,-0.11729780601038908,-0.03761149006383549,-0.4805261512913398,0.87617349522814902,11.9177042523044,4.6171419389921251,3.122611522791146,,0.5447792919813778,0.7058823529411765,False,4
0.003059055407224039,-0.92296182573416685,-0.38487934527260664,0.99942729559264454,0.015792544580576537,-0.029927852579899938,0.033700489675808111,-0.38456737221600773,0.92248155169764046,-2.4858913726155323,12.104045844953966,-0.63955352269107135,0.7298021842730458,0.501969124306728,0.5982142857142857,True,2
0.22349907065910524,0.95867641503281387,-0.17603322605220811,-0.97402945193551982,0.22639034158859681,-0.0037469984773241261,0.036260063109527563,0.17229899737151688,0.98437709406916929,-7.7809863561471682,9.8119201345002818,-2.4212010487683742,,0.0965045845445234,0.2622950819672131,False,5
0.91958000495321834,-0.28293298004424039,-0.27261977788400737,0.29476017935049365,0.95556787203862925,0.0025453087890452974,0.25978654922744726,-0.082698069692419482,0.96211848444442838,-2.1351911720973247,-4.5226285529560002,-1.540528252223146,0.1413289497013556,0.09335119158691405,0.5142857142857142,True,5
0.091084431619715384,-0.92662852437936549,-0.36477829447903515,0.99434311693657529,0.10472383861654991,-0.017739318652974432,0.054638741908743793,-0.36109901056626448,0.93092540649114064,6.9542260699244576,-8.0958584447163844,0.96882015746889616,0.2743022136635069,0.2433865198407677,0.5526315789473685,True,5
-0.41820550912022114,0.90189596063562683,-0.10811026006182703,-0.897092074025579,-0.42876765530073363,-0.10669633774593903,-0.14258317874833917,0.052363861174005794,0.98839671346123359,-12.306018626483961,17.395239008279251,-3.1864065349915616,,0.2849366706903066,0.2857142857142857,False,5
-0.77447768361680969,-0.51300341462750487,-0.37015106937581677,0.60139363281496261,-0.77858586419857045,-0.1792477349362796,-0.196239690147438,-0.36142986684927558,0.91151436377061645,2.3396925486240501,17.764911354788556,1.1105527914562776,,0.1544669729287765,0.3076923076923077,False,3
0.082485455259248538,0.98485916109504668,-0.15247485851063103,-0.99437801373359569,0.091526397583634345,0.053247388185645408,0.066396652580569399,0.14722551189425348,0.98687189298995204,-16.431291841872078,-0.078168550991124339,-5.2955157044034182,0.3628611281096394,0.420279899621016,0.7209302325581395,True,2
-0.91586295798913031,0.31923999161293604,-0.24347663119563212,-0.30473969682754559,-0.94757287833212933,-0.096121576281394255,-0.26139770343454993,-0.013837196404506438,0.96513199751889223,6.3528015124101671,-11.519212179709649,0.70410175026165767,,0.0790876379494995,0.2631578947368421,False,5
-0.95157818680409811,-0.11735378062995645,-0.28412505093792978,0.14012865252130977,-0.98824431516277833,-0.061132105239497893,-0.27361088271702055,-0.09798603839479933,0.95683636069001132,7.5890666921126986,8.3762994115750438,2.0605591349370571,,0.07617222676396537,0.375,False,2
-0.051429146244104773,0.98995557815925272,-0.13169280993274807,-0.99745996178744023,-0.057425158366705073,-0.042142328098450171,-0.049281513243822614,0.1291909612083573,0.99039438002972324,8.5152888854100972,8.6560307959586122,2.363712952808962,,0.1594451703660288,0.1578947368421053,False,5
0.129135470671464,-0.94045603399562883,-0.31443040300783937,0.98973111594001917,0.14183550236482506,-0.017748476245645083,0.061289055748836294,-0.30890959582073618,0.94911459437482348,-0.89195878583447341,14.428306310968869,-0.036373097967339479,,0.08556620257634977,0.2452830188679245,False,5
-0.17467321449173029,-0.84205725305184409,-0.51032230082753505,0.98331611632384419,-0.17591266884945472,-0.04630494915291844,-0.050780739625554232,-0.5098963772385966,0.85873569913101711,-8.4420979473596862,-5.2596530262814927,-3.2923880667355636,0.6447735155419062,0.4830677081157894,0.2256410256410256,True,4
0.12753972842472935,0.98999397936485745,0.060378294897095119,-0.99177168316391096,0.12661581682518463,0.018904057868985455,0.011070056348952893,-0.062292501563394664,0.99799654212898226,1.0873029523366879,13.665185559171563,0.46337969810636132,,0.5150521633654578,0.2173913043478261,False,2
0.1876960680547313,-0.93008949867598434,-0.31575894364127088,0.97934474506210301,0.20182140638578233,-0.012328432329812213,0.075193459529666079,-0.30692286388785467,0.94875934739365786,10.000224559631723,6.9941159372676989,2.7424068040771536,,0.1630930543572419,0.3684210526315789,False,4
-0.30945447871253756,0.94726036274098835,-0.083281034963335693,-0.94339267993517173,-0.31682074709192343,-0.09815735151709952,-0.11936572811945498,0.048191486716308685,0.99168009133923118,-6.3223181029036306,-5.1979321835688985,-2.7295104871490254,0.3700208332593965,0.3554074571366609,0.2708333333333333,True,4
-0.9631493890052949,-0.0015430032367936969,-0.26896258773245324,0.064300350339133949,-0.97230873353989056,-0.2246801985674704,-0.26116799077412045,-0.23369498459116428,0.93657777828215827,-11.085673987395571,5.6251848833576723,-3.6190652944430597,0.2060343123289899,0.09562550580490511,0.2916666666666667,True,5
0.56033349694111412,0.80571937663964788,-0.19194441464434397,-0.81760068717997758,0.57513173500304515,0.027433623807573287,0.13249712649175002,0.1415619069517097,0.98102229229086568,-24.890898209653688,-9.1621546359101966,-7.7977324035784124,,0.3193810523080832,0.3076923076923077,False,1
0.31848807364385867,-0.88103215677029545,-0.34978234043946177,0.94116670138016678,0.33789148067756913,0.005881113729361738,0.11300702261276427,-0.33107655613498732,0.93681253557902222,-13.873205091654116,-9.9378335434854623,-4.8598240198852292,,0.2315583632940114,0.3478260869565217,True,2
0.82248714301098802,0.56165509512942624,-0.089768890473135382,-0.52791247843437439,0.81256463779407939,0.24707716308848315,0.21171517351125047,-0.15582767251592949,0.96482870074608029,-14.4318910717497,-7.2652981256646862,-4.9098837356229188,,0.4294351264726319,0.2173913043478261,False,1
0.56158398178247804,0.82087540713751572,-0.10386047064286058,-0.81768252821785481,0.56978617694904721,0.082091385693307664,0.12656506015720098,0.03882368496946173,0.99119826827572566,4.2362666258110693,-17.440466513295444,-0.018303298065326414,,0.3229291275856684,0.3333333333333333,False,4
-0.96030231615029682,0.12638540687472433,-0.24868894331169208,-0.1022443189313358,-0.98890579676709356,-0.10775631938177599,-0.2595487639012039,-0.078051611447493063,0.9625707169386607,15.497131443114124,-7.9786413418256776,3.5396847923657844,0.225412936076464,0.2125866611675892,0.3939393939393939,True,5
-0.23086659292433845,-0.91745254328130277,-0.32400840590666252,0.97235538860216464,-0.22953074706824858,-0.042902615382099218,-0.035008777868422165,-0.32495610007654946,0.94508090579336046,-1.6997869771932479,3.8594118509780109,-1.039667323542472,,0.07677193037707866,0.402027027027027,False,5
0.17120940379442162,-0.93527124838026943,-0.30976609240775632,0.98258187180238676,0.18514614844752136,-0.015930126187997488,0.072250987935638722,-0.30164315949190756,0.95067933556697393,4.7121208748333281,8.4244731184639754,1.1520352408022796,,0.09026308059697427,0.25,False,2
-0.39669539278093902,0.90428549941527403,-0.15779892551486208,-0.90616090965408869,-0.41323342878811709,-0.090058531782894177,-0.14664641543948798,0.10726541324809546,0.98335596808046288,11.011867275881015,7.9231489703829636,3.05434316524072,,0.4011522102308118,0.3478260869565217,False,3
0.50150136478333396,-0.79302545443707317,-0.34584246375384065,0.85122704157113571,0.52373232631613553,0.033421162001645882,0.15462504589653256,-0.31115121562732495,0.93769718789976775,7.666974485427934,-5.5645900145490099,1.2009703690295577,0.8049456483962165,0.6783651498340459,0.9133333333333333,True,4
0.52297163101671618,0.83995122946906131,-0.14485373749105854,-0.84613547484946483,0.53209133284619947,0.030554405758026822,0.10273962893152203,0.10658679854169466,0.9889812045856311,3.5314774771044188,16.723893281869806,1.4221316831213471,,0.2292861319969816,0.1052631578947368,False,5
0.69060461971201637,-0.6595044710512683,-0.29684863465377265,0.69175091104550024,0.72211884455818232,0.0050051375282707082,0.21105908248673524,-0.20880188456367782,0.95491142872127932,-11.931229670574099,-8.20830037852906,-4.3030995987448311,,0.2255112964581655,0.6625,False,4
-0.55803622627331473,0.79001146623274221,-0.25392410950406186,-0.81212502536722009,-0.58279094588386549,-0.028419299218691383,-0.17043624420565587,0.19035912538300437,0.9668065422019485,6.0714823979727433,3.3290362528188164,1.2123807379113809,0.2241851677631597,0.1930707633286511,0.3125,True,5
0.95311540110238424,-0.12710250200643991,-0.27461971190201462,0.19333626769111084,0.9539116915057867,0.22950723823845007,0.23279200969258748,-0.27184083356308431,0.93376144781791814,6.1321147481727687,-23.016670387764755,0.37398325608973843,,0.3695079041801159,0.2666666666666667,False,2
-0.88416402388865689,-0.36174969677679197,-0.29561991770331869,0.40354537635820098,-0.91020688513894521,-0.093137293634591084,-0.23538289674684487,-0.20164469526262574,0.95075459966886633,5.8010236900058754,8.8710554263988719,1.4701948427321736,0.2392888137394694,0.2459331423988502,0.4634146341463415,True,5
-0.1923939132531409,-0.93676527998850978,-0.29232754292264934,0.98093466032149901,-0.19191066844204452,-0.0306184179551225,-0.027418503297770548,-0.29264501626745348,0.9558279762230929,7.7931089114586314,10.732915317256856,2.2901321919461104,0.1441162818915608,0.07881804177364278,0.375,True,5
-0.68202138401030676,-0.66202729534795157,-0.31075181731881241,0.71729515660935395,-0.68839093177423294,-0.10772921310289305,-0.14259905349416194,-0.2963744004891149,0.94436630852508163,10.961915481587843,9.6726229681527656,3.1636705334595208,,0.1629728616075095,0.25,False,4
0.95861440771969153,0.068566982860418749,-0.27632767898573579,-0.054606659921238157,0.99682712108664273,0.057912031205626213,0.27942177797099327,-0.040425975900826555,0.9593170541942817,7.5324970122805546,5.1635167098434973,1.8566917787884376,,0.1117836420341969,0.2127659574468085,False,5
-0.95362886499062693,0.15863608796249462,-0.25578619871416808,-0.12695294926124237,-0.98253431264168656,-0.13604878961460931,-0.27290096469334924,-0.097267240516442588,0.95711240060494207,-15.376760307184709,8.1715223930750387,-4.5745906576186499,,0.1268820541745374,0.1666666666666667,False,4
0.31483121568688538,-0.90701030644670422,-0.27966696198974866,0.94256797453853114,0.33340285993462726,-0.020202632544883747,0.11156576089217601,-0.25724470254384052,0.95988449513974461,-9.6834472561676161,13.934658425714868,-2.6460112562539972,,0.07751682582683667,0.2758620689655172,False,5
0.96545770968113442,-0.051034055477532633,-0.2555130838113277,0.072781262840717426,0.99441833377086564,0.076387598729676959,0.2501885261089502,-0.092345561029710019,0.96378316999288782,6.4898165769402318,4.5877454744450903,1.40500283683621,0.4357236849436583,0.1567867236581801,0.3066666666666666,True,5
-0.96721225192532834,-0.079181471526474284,-0.24131049353983458,0.10448688213044446,-0.99008117124747763,-0.093924255673827978,-0.2314799153019437,-0.11605847193602944,0.96589206431344088,9.0283327505832514,-0.32068254413287028,1.9474511457288506,,0.06572533934048504,0.4,False,3
-0.96125669945906123,0.1002061302928999,-0.25679620167906403,-0.071997853520764113,-0.99051762009529731,-0.117009202070396,-0.26608620188479293,-0.093987104075349368,0.95935632453956066,-24.062902082855381,-12.317525577311216,-7.6430736903538206,,0.3415488787535009,0.7428571428571429,False,2
0.70081283614249801,-0.64599050539345615,-0.30258492302065509,0.68423021894509894,0.72868693302692678,0.029057892527728682,0.20171855685645379,-0.22740189220259024,0.9526793811363985,-11.650599949576334,-14.288281306799048,-4.3361126698122048,,0.09918251031289743,0.2631578947368421,False,2
0.82714348275017024,-0.46030630122443894,-0.32241552071356039,0.50460112250081957,0.86086489022015245,0.065493113814803508,0.24740930886858886,-0.2168634359206785,0.94432985976609163,-18.485550372307515,-13.592013132394452,-6.1332072930394519,,0.1479378568584408,0.35,True,3
-0.95673840751975581,0.12937286316290855,-0.2606036873369097,-0.12100347035536231,-0.99149189877239896,-0.047978899848397011,-0.2645936124295547,-0.014369305680335329,0.96425294571276488,-2.6451195601127786,5.4334994776045615,-1.1970455938156468,,0.07078268332590229,0.3464566929133858,False,5
0.91375573946704081,-0.25164171723112372,-0.31894653899989822,0.30388626030910554,0.9444070124526559,0.12549316963722096,0.26963603132072139,-0.21159357499513287,0.93942778840866259,10.943044589658594,-10.406941076352533,2.0440300210240667,,0.4054922998787179,0.6,False,7
0.24815291547517726,-0.8916438838494839,-0.37867045690808504,0.96444339572579874,0.26409365960297432,0.010172285800084554,0.09093441032997221,-0.36773050369981103,0.92547566670692305,-0.31155169093234625,16.553120311016475,0.17990988200849242,,0.1178788462638855,0.2222222222222222,False,5
-0.90435543232713411,0.40701782023051741,-0.1283656731186387,-0.36528871766216625,-0.89374637684761737,-0.26034893243585122,-0.22069301024077129,-0.1885574392235837,0.95694340864249239,9.4273454401165377,-20.160874429503512,1.4278584045603742,,0.4124900913698375,0.6428571428571429,False,4
-0.44081490356614794,-0.8444966536334938,-0.30415065805583691,0.89224833449088004,-0.44920475431384549,-0.045912942620664615,-0.097852595224748831,-0.29161702745839208,0.95151688314191929,2.7164744511549377,5.2920574272005725,0.33747222054332021,0.548886610075165,0.3190652506134645,0.32,True,1
0.88934564398757132,-0.35351416398609864,-0.28998631240378148,0.38041566235659502,0.92393559586308138,0.040335326091745741,0.25366956726049517,-0.14618738166594319,0.95618042235110146,-7.8850817282455186,5.8626035773679721,-2.6670810919263341,0.5991277004571971,0.4817018941675241,0.6411657559198543,True,5
-0.73353860709726126,0.64634564171542253,-0.21013905713428863,-0.6448012430515635,-0.75956101564174461,-0.085430793490629611,-0.21483125670387776,0.07283113999354271,0.97393180263829182,-4.8980948381827085,22.207814923867161,-0.74489097378525992,,0.1551574688381699,0.4705882352941176,False,2
-0.66818570528148968,0.74107328082429458,-0.065865436351655759,-0.71623150912736333,-0.66468449144281994,-0.21261926575110468,-0.20134619090168354,-0.094894253164855558,0.97491271000313984,3.528689816924667,18.956377554053923,1.5275850955692853,,0.5738135657155955,0.1818181818181818,False,1
-0.94983958779260669,0.17551751549619535,-0.25884041264071161,-0.16734856518302721,-0.98444814075269638,-0.053444512344497541,-0.26419541099942134,-0.0074471419082686452,0.96444042059851709,10.297364278582677,1.4305643064895308,2.378825334605982,,0.0739486370322481,0.2666666666666667,False,5
-0.8703286379071471,0.4447480728714206,-0.2114880935557559,-0.43203632608648385,-0.89565556357965814,-0.10557331277599914,-0.23637401502784533,-0.00051293855681719402,0.9716620101216541,-13.598260543047624,1.3024755489821715,-4.4950111101143468,,0.08153082946561421,0.2432432432432433,True,3
0.92431752648989474,-0.25098578504829555,-0.2874773833317929,0.28010410365066346,0.95780812687071348,0.064383873900803065,0.25918873691127503,-0.14003473784781759,0.95562098703106746,-1.4924126021353372,-1.8231950975725832,-1.3193424164088832,,0.1101491880486944,0.5135802469135803,False,5
0.90031994881883981,-0.31580653454358959,-0.29948325912880241,0.34565075786650867,0.93697254021441823,0.051068703434173759,0.26447975980242633,-0.14949478794830245,0.9527338374546912,13.613249772655173,-10.902758127189291,2.8196414720326857,0.3675507556215372,0.2527318587357251,0.5,True,5
-0.90432496310372446,0.37774615588500188,-0.1987566422073806,-0.34126953374947488,-0.91954085365838945,-0.19488387256932732,-0.25638148615269568,-0.10840876425504381,0.96047700305152073,4.5104370964371547,9.4352554052950328,1.1492594271464267,,0.2009683582650464,0.1904761904761905,False,3
-0.60991039202299724,-0.6998947364243655,-0.37169432552545134,0.77801753988206923,-0.6180062711634009,-0.11294669733356658,-0.15065862517030049,-0.35807206918185541,0.92145882812723534,-7.8141893814046108,20.325600810188529,-1.6676958926085299,0.3859057664326161,0.3580808569411169,0.5862068965517241,True,5
0.96405243135812957,0.073075380615915383,-0.25546604146210439,-0.061798321346354143,0.99673805320410735,0.051905883805774156,0.25842576704201026,-0.034252620961392984,0.96542367947239782,-0.048338948964937151,-2.0188443707245081,-0.92118187608381796,0.2137418066782071,0.1959501421240314,0.5568181818181818,True,5
0.84917507308980045,-0.38695177182552776,-0.35940231151735469,0.46205432125919826,0.87393904844835901,0.15078575464173921,0.25574889921294741,-0.29410689532593781,0.92091999363305399,5.7323245896769324,14.19727391149071,1.8824463888155603,0.423280451111403,0.336195970711205,0.5645161290322581,True,4
0.77403719602723819,0.59943146801769454,-0.20383408526652938,-0.60940047051394475,0.79268092759022502,0.016970962615109306,0.17174832081762598,0.11108043115172023,0.97885834118705528,17.937930894518015,-4.6561405561232982,4.4365971755559483,,0.1586223753361692,0.3142857142857143,False,6
-0.3805801410366233,-0.88207870048876746,-0.27766152486902462,0.92122751805016045,-0.38781218994662142,-0.030684936303467115,-0.080613995284231826,-0.26746751479918768,0.96018878992178447,6.9240464043006922,15.140496058021936,2.3091632753827001,,0.07187969346122039,0.2352941176470588,False,1
-0.072334244641031414,0.98485424205232197,-0.15757499472872505,-0.99636691843313241,-0.078473844755653707,-0.033088057382225186,-0.044952429347870027,0.15460911228259455,0.98695253254394788,-8.0484019574954484,11.967947975744552,-2.3020542097996897,,0.07473584658260948,0.1363636363636364,False,5
0.73523252379014659,0.63684621223593052,-0.23207765493885657,-0.65159592190210336,0.75838035921917335,0.016792418263753332,0.18669732328482633,0.13887452146216345,0.97255230027332484,-5.6974094670398046,5.005205807095682,-2.1234984431095958,0.1400860958200824,0.1038193436375614,0.5397196261682243,True,5
0.62425801110324242,-0.66416301009995915,-0.41132642947953857,0.75618287397802264,0.64593805332460053,0.10464937825693785,0.19618714707075463,-0.37636621432082284,0.90546069823159681,10.99784886424338,17.96410095467359,3.6452364843701526,,0.3694367458325923,0.2727272727272727,False,3
-0.25828999885443232,-0.91166560234852723,-0.31961243090073188,0.96497780017328127,-0.25917892512998258,-0.040547872215474123,-0.045870705951761209,-0.31889201034670744,0.94668039172284701,-4.6576825317387893,4.2107821268119343,-1.8972292863542635,0.6081928392233974,0.6872573633170107,0.6569517439082656,True,5
0.47093148787310007,-0.7817720150702393,-0.40872490771012115,0.86890072864867096,0.49111538965995977,0.061783475079959072,0.15243050050248563,-0.38423715397156055,0.9105639747016121,12.408939807156337,-16.538353844276248,2.3487798447817418,,0.3788266436729095,0.3333333333333333,False,3
-0.099252373672613706,-0.8399871533920622,-0.53345154274465567,0.99505843737683586,-0.085276422828163445,-0.050859000332317619,-0.002769932403919987,-0.5358633350453581,0.84430019165492598,-0.1602161254659194,9.6304097346864648,-0.18463226924527623,,0.11427726034476,0.4615384615384616,False,5
-0.033016702942478,-0.95227578508597155,-0.30344806222104148,0.99931491468949307,-0.026374201098624771,-0.025963489664150102,0.016721202287494255,-0.30409740323670342,0.9524941840970762,9.0678025608132593,-14.719305770654278,1.4298569960760124,,0.08173758133347545,0.2,False,5
-0.74692039258739451,0.63287728474394045,-0.20390259829691521,-0.6291919653494682,-0.77190048900220998,-0.091033542267814196,-0.21500557638528675,0.060299067433002229,0.97474951889700567,-11.55117705999575,7.0120794866791298,-3.6660956925848747,,0.1303625541838798,0.2222222222222222,False,5
-0.40315267000789362,-0.85055062965672723,-0.33768558017193373,0.90827066978103244,-0.41699578871134529,-0.034042658716992129,-0.11185846003331687,-0.32043429683408114,0.94064315568201884,-8.3287727574406496,13.163382287023113,-2.2398928706937551,,0.1306708741338004,0.2666666666666667,False,5
0.88227479103123374,-0.38344652450580147,-0.27305669000267307,0.39591178954260259,0.91823170923918984,-0.010216802281094171,0.25464690850659855,-0.099092335687978178,0.96194368909824168,9.7811657606567177,0.2600286192979111,2.1891565554450385,0.4846535533114004,0.4602655499812091,0.9594594594594594,True,5
0.045963498387476737,0.99067642149339363,-0.12824813726923781,-0.99746641157864946,0.038537572902305556,-0.059796431726420157,-0.054296543061205786,0.13067166246682696,0.9899377768525448,12.886336215296383,2.8910862484771322,3.3370850278875173,0.6404562581937392,0.2608205812483423,0.5833333333333334,True,5
0.70119288819569037,-0.64401483659966052,-0.30589773419118083,0.68680958124388891,0.72529294711890879,0.04735757564700066,0.19136648780645896,-0.2433002899691657,0.95088581661813643,-4.1433930087752504,-7.8195450862536262,-2.2330416984160184,0.4235312317627381,0.4312738595114374,0.7862595419847328,True,5
-0.70681123083782005,-0.61587445719447909,-0.34801801237426111,0.68516498410960103,-0.71839799390114079,-0.12022174058341693,-0.17597394270634426,-0.3234238323534957,0.92974738297785064,1.7541952528459885,7.4114116851744845,0.21177635374602788,,0.07492338216366286,0.3703703703703703,False,5
0.24721002232736394,-0.90080764179464123,-0.35697730648499287,0.96320825161294332,0.26854596495017474,-0.010626793199964686,0.10543751175762633,-0.34121643746067654,0.93405260768385179,10.188008436901857,-16.261567106400172,1.7466560916670824,,0.3067884786458788,0.4,False,5
-0.44276151062282698,0.89167393664613315,-0.094232878641058698,-0.88425039120335891,-0.45163592174074313,-0.11885385921414746,-0.14853784153440225,0.030701545553566106,0.98843003026664633,1.1792988271917468,-7.8591251785022775,-0.66771058620699009,,0.1113216807725904,0.2954545454545455,False,7
0.96087931311179209,-0.052911237559012114,-0.2718664131035412,0.088845708477198609,0.98859338709290123,0.12161231467812245,0.26233068009479221,-0.14100892147718821,0.95461987112402225,6.691220571482619,10.239569466914803,1.9267612468730619,,0.1242553002344969,0.1290322580645161,False,4
-0.9516375800443222,-0.097627698246766287,-0.29129838444870459,0.17477725341139252,-0.95181942009923493,-0.25197758474103665,-0.25266346775376314,-0.29070367052549367,0.92285023053887172,-10.876436812660375,20.303927904988594,-2.5772016330460126,,0.3001452136352896,0.3333333333333333,False,2
0.29188818037914804,-0.89826213350012607,-0.32852158174882978,0.94996302548456713,0.31221360676550375,-0.0096391889017854483,0.11122742632623897,-0.30926979042622071,0.94444727558639485,6.0061538112414636,16.418146999055811,2.1404680478827052,,0.1831174623994027,0.3125,False,5
-0.40691091519705092,-0.82790404652863958,-0.3860031046960688,0.91012079838867344,-0.40358546513964727,-0.093802476877635432,-0.078125792372707378,-0.38947870554052144,0.91771602279605968,-5.6596345119328832,-8.8497325419499031,-2.6627543124748598,,0.1408223587295389,0.5833333333333334,False,5
0.91180308114191055,-0.30898379888009608,-0.27045175771242852,0.31953866075218224,0.94755861255198748,-0.0052649846394441473,0.25789568725517609,-0.081619163241093154,0.96271913177572366,-11.455618552839173,-0.91927475829634975,-3.9873766148959078,,0.09773169529964068,0.3333333333333333,False,1
0.94827771526154203,0.1824126166855409,-0.25979802157115239,-0.18979733424428463,0.98181738397448215,-0.0034053544996735727,0.25445303427570753,0.052538193720749936,0.96565697405882567,6.0666473954265054,-8.4592321988833632,0.7174889375509419,,0.0811820339532596,0.2222222222222222,False,2
-0.80501493858690343,0.57072086122265353,-0.16195260793576621,-0.54475295777004407,-0.81923130811749312,-0.17917666924264697,-0.23493650983342743,-0.056015733194994477,0.97039531840477999,4.1521310715855213,3.8894178191688433,0.68158440631264849,,0.08196306769157198,0.3333333333333333,False,5
0.96716427069282251,0.026827695108880972,-0.25273216706697105,-0.0051946129157725493,0.99629210344678143,0.085878173049060258,0.2540989757788838,-0.081745454826148964,0.96371748511863664,-3.1353286297751723,-9.0628169423010991,-2.0008896851454665,,0.1072534161052215,0.3142857142857143,False,5
0.035053463958606652,-0.89845969046564511,-0.43765447475477937,0.99819129665264483,0.052877376942357772,-0.028602767254399968,0.048840454045967124,-0.43586026157023661,0.89868817864290995,-6.0664731622636268,-7.5260670156978113,-2.7237776154192916,,0.1618567224450022,0.1538461538461539,False,3
-0.89177545402223757,-0.30306554719477991,-0.33598781779547071,0.38631420159645929,-0.89656552262539069,-0.21663702657752704,-0.23557987445519224,-0.32298844831199536,0.91661365089588698,-7.3638708827731518,-4.384017553869211,-3.0598751756334313,,0.2088533882566327,0.1744186046511628,False,2
0.94364632485409594,0.2093781678664309,-0.2563052797159201,-0.21549923067307927,0.97649455162056475,0.0042979337669149277,0.25118060269190851,0.051177861192613514,0.96658632897174823,-8.4880775739071073,-7.9848217475292342,-3.3901278896024998,,0.08323354237693181,0.4166666666666667,False,2
-0.46870545921970685,-0.80321476636679068,-0.36764280434681157,0.88242658303039723,-0.40666448557035523,-0.23653186199135612,0.040478612364350242,-0.43528155861022033,0.89938392618220409,-17.996128143627963,1.3874519646375458,-5.6132682074961275,,0.4389534631496938,0.8085106382978723,False,2
0.58883244092649645,0.77202765032234089,-0.23926901941185341,-0.79599099921197214,0.60527966249507648,-0.0059041801609144781,0.14026648097842401,0.19393255865793108,0.9709353619094927,0.85503291572731288,-12.49972353039778,-0.93675006025704499,,0.07384544319699929,0.1904761904761905,False,5
0.96467403190701773,-0.052443623912495657,-0.25817373699736063,0.077252133191257275,0.99321727460417653,0.086899674022699838,0.25186528161232913,-0.10377433082788819,0.96218229467163119,-0.51882319708762425,12.10877300394494,-0.088695601791374784,,0.4435186184776397,0.7272727272727273,False,2
-0.89404844413785411,-0.32119284104803392,-0.31226997677358659,0.38288198877592222,-0.9097538982996759,-0.16046565738356283,-0.23254840830605258,-0.26302662106341401,0.9363430110842319,-16.445714468106697,8.4396492872557172,-4.8780328706288296,,0.2304185271875468,0.2173913043478261,False,5
-0.93223472264757046,-0.21352761813441906,-0.29213760145528767,0.26007758488953148,-0.95670698035209922,-0.13065758142410192,-0.25159108038290101,-0.19778197602261172,0.94740921371514808,-16.692210765968206,-8.4453333418967773,-5.5384434608889563,0.3891199840395564,0.3743667812584314,0.7083333333333334,True,3
0.95356193340450368,-0.14443170651117487,-0.26430876133063652,0.19517207421183144,0.96466687167432541,0.17699064422144656,0.22940684516752524,-0.22035723007957145,0.94805864298678411,-12.985487079789042,7.1796980148231517,-4.0384422826612143,,0.2219758645553209,0.25,False,2
0.89686933264128132,0.38270100239029653,-0.22173259331240922,-0.36782744511689636,0.9237656938097355,0.10658289524588743,0.24561834374973063,-0.014031596832907306,0.96926505327694512,-0.12939207831877314,-7.0775989540695123,-1.1028412531322342,0.7805514612150222,0.7444296924142285,0.3444976076555024,True,3
0.78645457758636406,-0.51872587523038127,-0.33527997816739474,0.56600180401467659,0.82256565710250196,0.055024518241058112,0.24724715417085269,-0.23304335674291135,0.94051030756308596,7.6586350977752309,12.15667005232102,2.3764634030617269,0.4063192327723346,0.1442787175683042,0.3043478260869565,True,5
0.50716037779644774,0.84234170183752155,-0.18234255822169657,-0.85379092547338364,0.51991214990563406,0.027063110682348571,0.11759849817352221,0.1419570840992796,0.9828625435437871,-6.2521371154461827,8.0595068648111141,-2.0651298765877275,,0.07439144099831116,0.1818181818181818,False,5
0.87220591827873573,-0.33989487629785786,-0.35175035065513954,0.42588419321624754,0.88140245998941702,0.20433393622487639,0.2405815663929711,-0.32802618278282292,0.91352029715865457,-10.78689878380812,12.246861792513473,-3.0590128015696672,,0.2566245581267029,0.5384615384615384,False,5
0.96460625068045447,0.076305751728036053,-0.25241278375196657,-0.043134354627457391,0.9899828357351772,0.13443739212217506,0.26014266970082112,-0.11879148623936818,0.9582350307716645,-3.4654180919081843,-0.92323526604631345,-1.9202706666001939,,0.1209074398694602,0.2745098039215687,True,5
0.95013730253607043,-0.15040484270347998,-0.2731620208243104,0.16381031573695123,0.98612743132488068,0.026811744567500163,0.26533994570671016,-0.070221595538224713,0.96159432232746966,-0.93302662900703515,-10.178241590026779,-1.3798394082008534,0.2597803716082592,0.2837646483103622,0.6818181818181818,True,5
-0.065618813809137325,0.970756250183754,-0.23092525631350444,-0.99701454405415091,-0.073222735721761023,-0.024503671519062232,-0.040696071294102965,0.22862793727494707,0.97266288922659516,2.7170445746919172,16.004980847736121,1.1321037430340397,,0.1059880088159791,0.3,False,5
0.86388336822221834,0.47507092223866371,-0.16737127875577279,-0.45254014699273276,0.87795256164412039,0.15622648579010129,0.2211627036116916,-0.059219239659374034,0.97343728107430427,-9.700529382268396,0.28095355080975992,-3.5028511072933974,0.5279044148110269,0.6548736578818931,0.5471956224350205,True,3
-0.26102898712396816,-0.91259415717496262,-0.31469949502844236,0.96424557355676177,-0.26194624543119288,-0.04018256314241244,-0.045763978817713276,-0.31393640883883239,0.94834043963555126,5.1318427315347774,5.0578750072120506,1.0570580392143891,,0.09710339551801682,0.4022988505747127,False,5
-0.9358239093705828,-0.21244265277456914,-0.28125029765755649,0.24281551647711097,-0.96696883530113265,-0.077536420566888961,-0.2554882298821497,-0.14085237249856841,0.95649692814624931,-8.7215667110193849,16.494153381550991,-2.1809249075247283,,0.07660359084734089,0.3,False,4
0.44324504211667659,0.89595264891120974,-0.028331670405611686,-0.89200605430393476,0.44397749781336793,0.084906893244933251,0.088651180049175812,-0.012362537941997293,0.99598601191558978,-2.6312168358794059,19.161273988259964,-0.26264317654695213,,0.3015353169221441,0.2222222222222222,False,2
-0.87686855004410569,-0.35341822590277661,-0.32587897069814531,0.42251477890488881,-0.88993349611069095,-0.17175457521462659,-0.22930941443931546,-0.28829486658617037,0.92967911794853264,-14.105388727076987,7.88227149525079,-4.2482499474090396,0.7626477882168643,0.7102005543077441,0.28125,True,1
0.34958935204049968,-0.83156096832891491,-0.43161747055903643,0.92884424017760248,0.3679074317971644,0.043502863323081904,0.12261999196214092,-0.41611353928980954,0.90100713648167752,-6.0143795444974328,-16.173971552062053,-2.8880638616976717,0.4706919621201409,0.5066028787877735,0.8983050847457628,True,5
-0.092777266215200646,0.97596665204938504,-0.19718385573152042,-0.99438530645780387,-0.10094356166078519,-0.03175310473096004,-0.050894412015994622,0.19313076255933589,0.97985216608363757,4.1098888241610885,10.921115267838628,1.134616856552616,,0.08718859080291486,0.1666666666666667,False,1
-0.68149897823778105,0.70793094835259185,-0.18545326911504953,-0.69816017211577031,-0.70490201740067615,-0.12524184578539829,-0.21938896219303525,0.044123896349432673,0.97463919736423787,3.2439867368716402,-3.5607658764044587,-0.029097954488467876,0.9441224842685485,0.8373358652139318,0.84251968503937,True,4
0.10082606649553938,-0.94602199067287362,-0.30802028744608778,0.99338209671498401,0.11284383040584783,-0.021407472187958219,0.055010128532653274,-0.30382340775962235,0.95113890818121372,8.64964370446536,-5.3569897674165388,1.5452648017158148,,0.1039755973265567,0.569620253164557,False,4
0.19651286436299753,0.95903926451024779,-0.20402544759782534,-0.98017023963838501,0.19755295649197435,-0.015463851671266514,0.025475389439241811,0.20301851765029447,0.97884344306124649,-9.5461756811418237,11.298481437301296,-2.8499969477291631,,0.088805993912253,0.25,False,5
0.091080051699964151,-0.90823538784485347,-0.40842735516691558,0.99382799612012318,0.10898019211126196,-0.020717911459744859,0.063327231979561721,-0.40401955149930857,0.91255567703899876,-1.8338763996973904,9.784976212059691,-0.64820468096886463,,0.2542472780563663,0.4470588235294118,False,5
-0.44219072901588924,0.89214846134213932,-0.092403907370048499,-0.883545851140215,-0.45100430426229171,-0.12626102514157603,-0.1543181392620841,0.025811634232304148,0.987683993711019,5.0040071428678594,-7.8733712148534902,0.40610738704361909,,0.1532904767417099,0.5,False,5
0.072409383643094349,-0.94154139514444002,-0.32902383255607276,0.99626090349640506,0.083867633866537464,-0.020746858898473539,0.047128476794311334,-0.32629131342879458,0.94409368468174704,5.7472454456971116,-10.358592126975589,0.54392158013356307,,0.06932201227468597,0.4137931034482759,False,5
-0.14676619247146247,-0.91663412567120672,-0.37180850501624141,0.9886200241409302,-0.14847418236018167,-0.024204649141482053,-0.033017156373867235,-0.37112975739956283,0.92799384187478617,3.2520585160553437,7.495934539897477,0.66286997631034084,0.4984549983743794,0.5749532740327004,0.5903614457831325,True,5
0.58957364488588437,-0.7141207289103374,-0.37740495730255014,0.79039961681236615,0.60631184553819162,0.087489380515206577,0.16634711599193858,-0.34988216659418192,0.92190623519993808,7.4953271613229733,-10.542200681619073,1.0325663177507756,,0.1667585963412098,0.2105263157894737,False,5
0.92901070534622843,0.26927404264913118,-0.25383183273084381,-0.27136590806157812,0.96208529020037348,0.027430609216354051,0.25159422349096244,0.043397976167778143,0.96685932915317252,3.251249996759384,11.78070422250342,0.98962402455234322,,0.07572963930765103,0.4047619047619048,False,5
0.83011059767650819,0.52057796232928888,-0.19978733884367073,-0.51228372566943614,0.85350027657217054,0.095407873393499459,0.22018578528004973,0.02314871547869525,0.97518324274584112,0.46859417283644211,-15.767390694702085,-1.0195986231322844,,0.1175804018647029,0.1764705882352941,False,5
