axis_00,axis_01,axis_02,axis_10,axis_11,axis_12,axis_20,axis_21,axis_22,location_x,location_y,location_z,dbh,dbh_approximation,score,reconstructed,number_clusters
-0.99779457374166902,-0.065887759123232831,-0.0080493359601321642,0.06637657098916748,-0.98973306097190106,-0.12658048365727734,0.00037341049830019128,-0.12683560705460076,0.9919236812112564,1.577568502410009,-7.1055351527044301,-1.7466403504108352,0.2403745590539125,0.1755144082754072,0.8435374149659864,True,5
-0.95142502981429589,-0.30650025362484723,-0.029120562679508553,0.30659616985956784,-0.93457816868513965,-0.18045064489930387,0.028092726288307918,-0.18061351318502192,0.98315286582741301,2.971658436949256,-11.020594568027855,-1.9953474036930674,,0.08756530896539375,0.4157303370786517,False,5
0.86089774119824991,0.49643372865668944,0.11139404046791276,-0.50626614581689788,0.85759226208355266,0.090719907485170406,-0.050494245211251121,-0.13449559497035921,0.98962683175736232,-20.14109503097897,-7.7519883258106992,-2.6256015729989262,,0.2627521140985208,0.25,False,3
-0.48853404605595452,-0.86656444641046071,-0.10198306752362925,0.86706934765411181,-0.46906751101754612,-0.16782853293309907,0.097597296083807711,-0.17041634406692049,0.98052691828016303,-9.1326007748331701,14.980477030659106,-0.070715053628380306,,0.07812710338970262,0.1111111111111111,False,4
-0.99991409467877579,-0.0076742293630456641,-0.010625886617476293,0.0093930574756898328,-0.98495642974888564,-0.17254739049776163,-0.0091418670949910928,-0.17263237732248268,0.98494390122788511,13.267335456994774,-10.59550782820039,-1.7827865795769446,,0.1115719145428316,0.4375,True,4
0.44039952284831391,-0.89241322563932479,-0.098218608109628458,0.89050211258315948,0.44811915364732136,-0.07870966661940966,0.11425518701532793,-0.052800178393863716,0.99204732417444119,-18.079856507089751,-20.332022306221152,-3.306427857732805,0.4240213272843513,0.3993129948078731,0.4,True,5
-0.65991033975736124,0.73469290634443352,0.15730440822969038,-0.74728366789079048,-0.62006027922508766,-0.23894009674182609,-0.078009378827233342,-0.2752300555798286,0.95820819935988522,-17.791467020540107,2.5834754994312887,-1.8031536569514648,0.5461388447985553,0.339858073608024,0.684931506849315,True,4
0.11668888953918816,0.98903881241046065,0.09047613278547903,-0.98831377969105427,0.12463201052153296,-0.087765225608675765,-0.098079436840208326,-0.079177582048613832,0.99202385786332881,-27.373375705362136,-26.189272707876516,-4.090546526826321,,0.2437771741668154,0.7142857142857143,False,2
0.59362818046445232,0.80365643127106179,0.041736361067115063,-0.79999762965531718,0.59495794716400907,-0.077645564279371776,-0.087231736795374409,0.012703605120168639,0.99610704370193726,3.5985908848168093,-1.449848517964696,-1.2952904648524934,0.1947303249040588,0.1316900954495969,0.5423728813559322,True,4
0.99579784219051537,-0.089335833760685185,-0.020143641552545215,0.090089506204470149,0.99511931855680091,0.040266893434727766,0.0164480503570772,-0.041912416314645921,0.99898589129082271,18.096462669733732,13.727128279488936,0.33869070812756236,,0.3040758499203566,0.4761904761904762,False,5
0.91392282034455696,-0.40207333920082078,-0.05551673943372383,0.40206993254156115,0.91553389601057189,-0.01172410345091042,0.055541406171204365,-0.011606685987177401,0.9983889207322566,0.015665279901793214,4.3193184719147961,-0.8994060795017268,,0.08064606395182959,0.2686567164179104,False,5
0.48120632082594034,-0.85887700287378421,-0.17541599337491168,0.87069006352034939,0.49150238866208767,-0.01800597751835166,0.10168229975807667,-0.1440683722196065,0.98432972831358767,-17.235267607581765,-17.351594423570905,-3.0761913813614967,,0.1241649610794269,0.2857142857142857,False,5
-0.69097289254040095,-0.71661183608570445,-0.094994411184164906,0.71774748577304093,-0.66448400222897952,-0.20808545708010212,0.085994234927865815,-0.21196340996415455,0.97348677669269756,-17.602423631613284,6.5173668822556143,-1.2879137114333219,0.3496282143801756,0.2883209590093923,0.3260869565217391,True,5
-0.21267143463291022,0.96400003200809292,0.15960826789227872,-0.96939296754597681,-0.18764824899582705,-0.15832058969446253,-0.12267084153775919,-0.18839339939921931,0.97440227406303925,-22.009255901931589,-14.729665088316807,-3.0125645373644367,,0.3387885755002213,0.3492063492063492,False,4
-0.83698398654292983,-0.54054489879227818,-0.085258540102151101,0.54440020473889905,-0.80667507242738812,-0.23000814030053929,0.055553787908199037,-0.2389278968934217,0.96944687153816589,4.1071497707588094,23.069364798780686,1.5223962456327316,,0.6296511943134628,0.4838709677419355,False,1
-0.76934782233464194,0.63850349341911572,0.020425894362980195,-0.63430545411677919,-0.75970939625307232,-0.14317200886520087,-0.075898083945834735,-0.12310532943936997,0.9894870179628299,3.6986265660933593,-14.272378641044558,-2.2366233875273567,,0.08638919943231226,0.4878048780487805,False,5
0.90540839869568668,0.42439008564474762,0.011344019470901226,-0.42250094172045516,0.90335126504657126,-0.073820364291219118,-0.041576265063628527,0.062044718914694034,0.99720703318726933,-14.804020164145685,-23.195952059279985,-3.418254061593569,0.3726347907403691,0.3464363063100839,0.9130434782608695,True,5
-0.99462797055985164,0.10341366715745022,0.0045621951995319298,-0.10171356961138381,-0.96819142765595045,-0.22860382580010066,-0.019223681668731413,-0.22783979647678032,0.97350884803607141,-14.275032142049358,13.809455299130608,-0.20174873903067031,,0.08931924232667787,0.3333333333333333,False,3
0.16862832045891993,-0.98505461949544448,-0.03509823570905541,0.97957203642278212,0.17143501597372965,-0.10511260988392397,0.10955872853281348,-0.016656287364586464,0.99384075841831987,-3.7480514328477592,8.6127591621784987,-0.66080990502194603,0.2570250087520407,0.2004387992137368,0.6767676767676768,True,4
0.42878796569948241,0.90030388557535657,0.074791671255663938,-0.89735610816593481,0.43401920050996262,-0.079870825249152955,-0.10436903567910991,-0.032867114363885418,0.9939954009877533,-4.5499807876774589,3.0701527504814035,-1.175338496039789,0.3159806495320275,0.3522617695602669,0.6957163958641064,True,5
0.72544468988227062,-0.68771777208913865,-0.027825669342647914,0.68306674000339129,0.72432749641308802,-0.093645644004867232,0.084556671071858547,0.048927945927641651,0.99521667263191793,-10.965449022472283,11.216419752309035,-0.6069050195489275,0.1999258243383154,0.1329239061602631,0.5,True,5
0.0088586641111820137,-0.99579985586311925,-0.091127224983294397,0.99345614432568252,0.019141903988479092,-0.11259874250294581,0.1138701601461687,-0.089533427135827612,0.98945305702372743,10.119136799110249,-17.845698644754346,-2.4482541928251997,0.3718930899404135,0.3199652928571782,0.8068181818181818,True,5
-0.99626463584556679,-0.085182701485443518,-0.014166253249950193,0.086350689514890194,-0.98384265001719762,-0.15683494007216842,-0.00057774025559080393,-0.15747237019483593,0.98752322445673013,-5.8848588301331572,-10.559694049506039,-2.2759226907300318,0.2816224716316935,0.248625966856373,0.7892561983471075,True,5
-0.89407364230334352,-0.44432932102068751,-0.056601913569490916,0.44544006894580013,-0.86871713828715458,-0.21659565698263178,0.047068748825457467,-0.21886522822840537,0.974619179349829,1.4223525727793866,-19.501922949779409,-2.7231145309056015,,0.4012795598747412,0.2,False,2
0.13489721840173852,-0.94637324992757077,-0.29356500521860529,0.98427618150807239,0.16208079480618337,-0.07021548597626065,0.1140313070317106,-0.27947716861404254,0.95335689709579197,2.2009530518550671,-2.2860578821119071,-1.3935643261229396,,0.2884515123125005,0.1686746987951807,False,5
0.48383753431654258,-0.84601866633632117,-0.22395012077915735,0.86869391512906069,0.49531735021759277,0.0056217782920592041,0.1061702510321558,-0.19726413456057662,0.97458439296544974,-1.1238078063227606,-17.98724263971026,-2.662014073050305,,0.2580329589893095,0.3888888888888889,False,5
0.80307747148500919,-0.58922010938155966,-0.088804490278508827,0.59222313430109441,0.80571624185816981,0.0096486685368359776,0.06586603063666964,-0.060340701904508819,0.99600234221704487,25.571833945385084,-4.7251849642553427,-1.2936955055086286,,0.4879193207432961,0.3461538461538461,False,5
-0.49281528693354826,-0.86003592395927408,-0.13217905455903664,0.86553739476186298,-0.46892958265097945,-0.17592630497917031,0.08932027336193174,-0.20110508699258356,0.97548891985109398,28.006072102202086,-3.6702114986210073,-1.1910781208937866,,0.3550019644205721,0.2222222222222222,False,5
0.24095628531240657,-0.96351859400373052,-0.11649887371781756,0.96520367709743293,0.25046526352816645,-0.075159919394316169,0.10159690096671303,-0.094334886308512736,0.99034286938368954,-31.071693522256457,-24.681571661236369,-4.0810464152885029,,0.4304949099524844,0.6129032258064516,False,3
0.30944400964595198,0.948667632661927,0.06537681266206391,-0.9438458701190845,0.31478511008606402,-0.10032600822943485,-0.11575568389234278,-0.030660352374348984,0.99280439384548269,-13.325328905412936,19.078732791656961,0.62465563893763465,,0.162864278431539,0.2222222222222222,False,3
0.93795482530206942,0.34535360699821405,0.031171009381908966,-0.34528221954752752,0.93846635863601224,-0.0078155340698047998,-0.031952066551273597,-0.0034321774118361284,0.99948350941939834,-16.480713727336749,-3.2152797493525136,-2.3306256126252296,,0.1525763262871984,0.45,False,1
0.19484456193507141,-0.9632382432093668,-0.18495319273606273,0.97336988900982813,0.21311218939250587,-0.084464512674423425,0.12077522864116338,-0.16357041771440739,0.97911085306792989,8.6457974028629412,4.5967458402515016,-0.71585512096441584,,0.09140289529571184,0.3333333333333333,True,5
-0.87607100163109675,-0.47413678084105365,-0.087714953997418063,0.4795025680651005,-0.83751495396187414,-0.26200379598245016,0.050763050736339625,-0.27159347367696884,0.96107236862580614,14.107199287331987,20.074447144841603,1.1975428352269784,,0.3747139800434435,0.5675675675675675,False,4
0.4561496381769255,-0.87448315321142012,-0.16494460385374821,0.8825821035161393,0.46828427272929657,-0.041936505188424122,0.11391373114811473,-0.12644783376477303,0.98541088242017583,11.837608534384312,6.4352797369120127,-0.49413591402595569,0.4584174453239391,0.395047251716769,0.4335664335664335,True,5
0.95880426908547089,0.27393150636051622,0.075205740515828595,-0.2829172596126342,0.94464951005358844,0.16611781171443585,-0.025538163535246731,-0.18055146905681468,0.9832339341299573,7.3886090876817034,-15.802758262411054,-2.318695744319605,,0.2407515363589541,0.2666666666666667,False,3
0.65318633154451189,-0.73114719438146281,-0.19690453634067889,0.75167393434520313,0.65746573616883774,0.052202511337781379,0.091290266235922776,-0.18210597439975243,0.97903192051050647,15.27383444990622,-6.4956521420427835,-1.4711988861799532,,0.2573948640444101,0.3793103448275862,False,1
0.97780566848931283,-0.19549269949959064,-0.07535701103765928,0.20313312720512972,0.97267160499436267,0.11245835437864958,0.051312837594814212,-0.12526992168933476,0.99079485233721087,10.797424504516938,-7.0804903831563886,-1.5671475880418473,,0.2182782041332558,0.25,False,5
0.97170112562947109,0.23484723971055302,0.025371173617969225,-0.2355181326434235,0.9714717543910617,0.027817972904358682,-0.018114404394677163,-0.033006127017371628,0.99929098061212374,10.101038740754372,-13.564892243730501,-2.1028646841758269,,0.1239851037545325,0.35,False,5
0.98309723411795691,0.17822258051195533,0.041911097161511375,-0.18262400777758248,0.97080718749484418,0.15550522978859277,-0.012973051024162423,-0.16053073383003383,0.98694558281757094,-17.600322048449904,5.2773182727030967,-1.4741034131851021,,0.5027192559910884,0.163265306122449,False,1
-0.99064838080410189,0.13600277150673246,0.010910167400171644,-0.1345205371995101,-0.96022183447746445,-0.24470033441801675,-0.022803742714025507,-0.24387963165303816,0.96953737142155183,4.3901345227918185,-5.3457939475695397,-1.5560572921521001,,0.07458230528327525,0.3636363636363636,False,5
0.10833707776023091,0.98441691706303414,0.13851502078288874,-0.98776576878539935,0.12231678643272691,-0.09673360208613406,-0.11216890655685978,-0.12634056022070303,0.98562477609126531,-30.456363912832142,-23.450421649854359,-4.0024984668911818,,0.2644080514172867,0.6470588235294118,False,1
0.10730272745237675,0.99172879943116388,0.070428070114858951,-0.9883239269191203,0.11410507713353732,-0.10097448614139842,-0.10817550628700992,-0.058770909055178226,0.99239308748518473,17.250857921620383,3.7768954904322376,-0.69430094713928958,,0.1191476248031428,0.4545454545454545,True,4
0.17662181701486526,-0.98244547507919255,-0.060046833811508236,0.97975748655244377,0.18132367680723455,-0.084835085746071098,0.094233758806518519,-0.043847607979512648,0.99458402660392153,-4.4404435590347999,7.5008319978172864,-0.80945222868831801,0.220471621964972,0.1400888913636365,0.3421052631578947,True,5
0.99650187725163442,-0.078880392860550583,-0.027602395840443383,0.081308860666005012,0.99144243656948483,0.10213111252874083,0.019310044307652426,-0.10401816471812664,0.9943879241008049,-13.808470509864062,9.7986079805211475,-0.79278562513081952,,0.09375352228077391,0.1538461538461539,False,2
0.50498832989806608,0.86152062382099426,0.052621301749837715,-0.85741378174127314,0.50771556846170152,-0.084062526857931585,-0.099138254709727827,-0.0026676342884787993,0.99507009309918115,-2.582052764398898,-15.111092868106244,-2.4440032310050208,,0.07546017107194555,0.40625,False,5
0.05387164309964685,-0.98552380508722981,-0.16075035202490776,0.9897684876865791,0.074001978648464625,-0.12199199948658083,0.13212186364249495,-0.15253372336142482,0.9794270143227285,7.0557128723280069,-2.8654922496052468,-1.322101964837284,0.405240094968526,0.3031751004946572,0.559748427672956,True,3
-0.7000528448825788,0.70322527053563377,0.12409767625500234,-0.70880070023977504,-0.66317859486724451,-0.24040740140334799,-0.086761637325555432,-0.25625840511091669,0.96270662618400904,8.1298100782617944,-1.2932715562996937,-1.1782399776020598,,0.683725104577133,0.3,False,1
0.64352095610447235,0.74784588036297361,0.16311749838234066,-0.7604734019498689,0.64887766082524256,0.025258388878810087,-0.086953918722374471,-0.14030082147332143,0.98628327346291977,12.298875972627417,-11.137915602430907,-1.8619807356401175,,0.2549788833288055,1.0,False,3
0.99029822383005639,-0.13526445859584138,-0.031826940157786962,0.13665230358120534,0.98952944562803968,0.046450233164238242,0.025210628809760466,-0.050348808087539998,0.99841345229277556,-16.621524998006336,27.047948924289745,1.7667915341106764,,0.3436558343342926,0.6153846153846154,False,3
-0.83945081378694308,0.53105428984169267,0.11534154703823307,-0.53988617446499243,-0.79074837992740654,-0.28851328957906958,-0.06201007864849991,-0.30446402231284375,0.9505032400066239,-28.562986100679389,-4.0612968897568926,-2.3509866619811159,0.2458089606593835,0.3711412282202493,0.3,True,3
0.98936193831588293,0.14539515747658921,0.0048169693996548552,-0.14459494570548209,0.97920149021264047,0.14232618607190117,0.015976754622515708,-0.14150862075401116,0.98980808925974628,11.623240043220967,-3.6059004870463527,-1.3279810998742458,,0.4553032683436078,0.5833333333333334,False,3
-0.94445375168814549,0.32852697688269328,0.0087827320637985599,-0.32498894707286369,-0.92964055975726911,-0.17363932139542093,-0.048880417374012226,-0.16684859937832602,0.98477015068635843,4.2005252313205492,19.802705536749137,1.0170134894271079,0.2719854976570376,0.1802671154086221,0.8387096774193549,True,5
-0.87202544885329969,-0.48721018987181991,-0.04688120558673925,0.48496178920019756,-0.84708172439000151,-0.21740426679392508,0.066209361633714797,-0.21231764667480252,0.97495514632342428,3.2869119992479057,9.8478899398861586,-0.26419382922871359,0.5734073912891104,0.7283516514229855,0.8441558441558441,True,4
0.75190341898601576,0.65853757116313838,0.031137050015936148,-0.65579613355620026,0.75194739439162761,-0.067130822133957199,-0.06762159218680576,0.030056337671067579,0.99725820971096779,-4.506699630990612,6.2852670562232609,-0.9245874319545625,,0.09666855067899109,0.4025974025974026,False,5
0.91157232927895804,0.40936838715978724,0.038123642102097649,-0.40914048646738749,0.9123646521344011,-0.013957215657223451,-0.040496306327415611,-0.0028749138886568618,0.99917555216486786,2.8460877049597784,4.5968345153042263,-0.8025692497216349,0.8661168456555062,0.7025684997874786,0.9394618834080718,True,5
0.50864414499265842,-0.85090826021500876,-0.13128696227178921,0.85470515870636488,0.51740573600622164,-0.042076074301049239,0.10373150652243943,-0.090809895087081385,0.99045107779680785,9.1249961823203396,2.6934055290565579,-0.87987142669862328,,0.6005344850820765,0.2368421052631579,False,2
-0.83676395283016514,-0.53201056854079243,-0.12957948219119961,0.54546243568673347,-0.7891638430792367,-0.28229622744752603,0.047925134311054614,-0.30689604711907276,0.95053563729297119,-4.3258716128330974,1.6017925964754607,-1.2401831599013113,,0.6908894385022458,0.4057971014492754,False,5
-0.76349927771801274,0.6379926590819619,0.10017095328287785,-0.64335232032413703,-0.73787447642596549,-0.20405648476011795,-0.056272949608332144,-0.2202421939516469,0.97382068736792771,-4.3524259502742249,17.766187426191262,0.33418844533338582,,0.1902082719791006,0.5384615384615384,False,3
-0.66963902636290673,0.73340609950796776,0.11704301592255122,-0.73671185599759981,-0.63600140183637022,-0.22969078800583895,-0.094017102722374721,-0.24003689313661811,0.96620032825962632,2.3222651706417325,-8.0744266518029892,-1.7866943832050672,,0.2041445670908209,0.3529411764705883,False,5
0.60384255854879565,0.7932176943445377,0.078612046557636275,-0.79267357229710433,0.60794240699818414,-0.0455481893712767,-0.083921226557955211,-0.03480975656321101,0.99586420187745395,5.2511932325972532,-24.346535116719796,-3.0999441354936397,,0.1941805119626226,0.3333333333333333,False,5
0.98885221243247601,-0.14867917832625116,-0.0081119602827117183,0.14820391214449641,0.98802855645615117,-0.042838908158832942,0.014384102073606327,0.041159124861994967,0.99904905988050996,-12.583877883878777,-2.990979092004066,-2.0647288666487502,0.3160499649134363,0.1458786364148628,0.6458333333333334,True,3
-0.82427812462247929,-0.5651466853848075,-0.034275315715709735,0.56327982630329854,-0.81241962392582312,-0.1506326390260341,0.057283597552633708,-0.14346978308615019,0.98799545079551776,-9.9718144458663929,-2.2866921157196041,-1.9313699047655644,0.3883395507414992,0.3383154060820286,0.7689486552567237,True,5
0.8368587897920936,0.5466315490636563,0.029348177387708459,-0.5434823673494209,0.83606392640246507,-0.074993515378083936,-0.06553077390037472,0.046808765597495562,0.99675205399098987,-17.133956921635786,-21.719765913963723,-3.3901655072904857,0.8777312831422199,0.7271223822848019,0.9876543209876543,True,5
0.44760832132911327,0.89220598048773703,0.060127190678188565,-0.88781450193156231,0.451431112822821,-0.089416779944054808,-0.10692147042080619,-0.013358097075086945,0.99417773079343696,-30.059854507152014,-4.7806073308341679,-2.4698028045962688,,0.3563475851860129,0.7831325301204819,False,3
0.71877938748745562,0.69503997558896713,0.016601941345671157,-0.69136928860973856,0.71709135254000111,-0.088252472371120022,-0.073244104816846373,0.051955985657470005,0.99595977662952795,6.4693934918004352,-12.341669208603378,-2.0595598205703398,,0.0962979022669573,0.325,True,5
0.2121657345526258,0.96327771787977212,0.1645653041138381,-0.97017218617017986,0.22783232817973653,-0.082815212479182609,-0.11726734525653773,-0.14208613047210547,0.98288346270753046,19.209405065814032,10.889655575121468,-0.037350512400135642,0.4047756900609186,0.237119550372864,0.25,True,5
-0.86137956309731256,0.49921572933616021,0.09385576094011272,-0.50363843415810405,-0.81528737458531519,-0.28575308306395603,-0.066133016845257742,-0.29341123431993632,0.95369611074901406,-6.2708193929735829,2.1080594053030794,-1.3081948395895984,,0.60499415591761,0.4417391304347826,False,2
-0.59001475115108615,-0.80066060565178665,-0.10404416361062833,0.79861873220508994,-0.55979137043255123,-0.22100167908950363,0.11870431329676166,-0.2134858687280248,0.96970772393447724,-25.895554745037579,-1.5482145883982634,-2.0849093682583653,0.3842818288841727,0.3883294342591969,0.7764705882352941,True,5
0.24624740715831836,0.96649372452715154,0.072471338592851584,-0.96216587682495247,0.25277088840358747,-0.10170399918061999,-0.1166149216072961,-0.04468510294600965,0.99217145777996918,-22.536284055881307,-16.853076522519626,-3.1561488985183641,0.5503452513279677,0.486771684130976,0.8508771929824561,True,5
-0.35115179580689798,0.92506482952575164,0.1447324340846976,-0.92723882336469887,-0.3220923250554219,-0.19100968191597067,-0.13007913263409474,-0.20127492470470149,0.9708593224243548,-13.637775665748075,-5.3531593284435361,-2.2314214736450877,0.311158449677195,0.1811520210969194,0.3278688524590164,True,3
0.67773301557140475,-0.71586709243765834,-0.16796507246848566,0.73249393214952252,0.67725486968073312,0.06912655682054808,0.064269736024206811,-0.16988274620627863,0.98336628657524772,7.0919038264209311,-18.12609553325494,-2.5208899116993155,,0.5629056051213897,0.2727272727272727,False,2
0.97146914058522693,0.23716563636084323,0.00041209241197306002,-0.23647100446680169,0.96875381412055184,-0.074816520056367533,-0.018143123685341239,0.072584492534144396,0.9971972314976103,-0.30739501487700188,-3.0482006898048253,-1.5180520103024928,,0.07339587911083226,0.3413654618473896,False,5
-0.60019393320365888,-0.79958295642953225,-0.020840785324186914,0.79528771383956587,-0.59378415709228216,-0.12222040337866188,0.085350423322657007,-0.089930365136670729,0.99228415016316085,-1.0282259879990105,-14.864151010895872,-2.3841316514602546,0.1423413539294185,0.1187780850945729,0.5978260869565217,True,5
0.20436874942849576,-0.96404271104807349,-0.16986778838882877,0.97510988955277322,0.21573357402275478,-0.051183281799292206,0.085989054846590279,-0.15517949708143708,0.98413678222701406,-4.866483969368419,-20.618887036577092,-2.9506819858940445,,0.2448841401546625,0.4210526315789473,False,5
-0.85293481643433333,-0.52161268013474349,-0.02055263576237094,0.51923747833083522,-0.84367694605087207,-0.13638787262403568,0.053801858804006168,-0.12700166386675671,0.99044229380833193,4.9738418781594946,-10.15658109361094,-1.8881103429591637,0.1960228453229763,0.1340673201711035,0.5922330097087378,True,5
0.40221637123685205,-0.90968600873117667,-0.10340868545630438,0.90904219341160386,0.41024169691459433,-0.073102945973844341,0.10892328174673913,-0.064599656588686202,0.99194889135587261,2.4908467482996648,-0.22269327635960756,-1.2249199225321359,,0.594273634540992,0.5411764705882353,False,2
-0.17759038347992442,0.97732504503483564,0.11531440518474381,-0.97814268391238091,-0.16241996875860351,-0.12983313774664709,-0.10815981510773277,-0.13585105850199389,0.98480756714179984,-12.9797035922549,-11.734027910959957,-2.6103212977963257,,0.1023859760619319,0.1756756756756757,False,5
-0.50552010632630551,-0.84585898167097073,-0.1702116483275696,0.85801467033739609,-0.47204837131442845,-0.20243804144775784,0.09088590421869279,-0.24838059156452408,0.96438935816837335,29.37727421070802,1.1576051769958033,-0.92259035837580683,,0.4513463488445404,0.3333333333333333,False,4
-0.98059925554709171,-0.18978190454921148,-0.04907065035399058,0.19555214969552218,-0.9297516873815066,-0.31196338977627036,0.013581486293837926,-0.3155069389362381,0.94882607189786661,-27.109489000302435,-18.781588489414666,-3.4686204459181753,0.3598978311748349,0.2685431374924905,0.2285714285714286,True,5
0.44493195243605826,0.89110082161463788,0.089302202767644071,-0.89031822098052849,0.45089842922451989,-0.063435572929758099,-0.096793714111523085,-0.051282864980194118,0.99398241667944953,-15.836716627169968,-16.902653157958291,-3.020534129125731,0.7608597786106859,0.3415755818430102,0.8764044943820225,True,7
0.78101985459027246,0.62438678984526552,0.012211609333506008,-0.62086451516563057,0.77842566551416703,-0.092632268011602265,-0.067344194582284023,0.064765885584549474,0.99562550164231589,8.1694274341403474,3.7147285204606719,-0.82669787750462498,0.2912619820051329,0.2705030591675634,0.832258064516129,True,5
-0.78686760681655732,0.61449775115909666,0.056849654028809211,-0.6126415126085254,-0.76675302330152628,-0.1917294403233531,-0.074227665809457499,-0.18569414389899591,0.97979994822927907,10.732797861372799,-4.3402842262015628,-1.3930903932333685,,0.3174135662818823,0.5471698113207547,False,2
-0.99983760328961413,-0.013246035292150536,-0.012219230627117498,0.016949525480603418,-0.92153877843937992,-0.38791621958670125,-0.0061221429305398593,-0.38806033342960278,0.92161363758596959,-8.5517927606779853,3.3288882804606086,-1.4175402948243911,,0.09721514914616611,0.375,False,1
0.76522524234226097,-0.63730696318560798,-0.090940437415735362,0.63896536138547821,0.7691198538886832,-0.013338564532046529,0.078444855992937199,-0.047900783181365647,0.99576700062758616,-1.1523277224682942,-6.1323330928015114,-1.7922707991644007,,0.2213474841047101,0.4248704663212435,False,5
0.27751680817067709,0.95889886993543882,0.059138637279685866,-0.95531530095355699,0.28195276803491731,-0.088742956686505212,-0.10176982336023982,-0.031868382983558784,0.99429739475633705,1.9085255162500616,18.653757076601796,0.76976559350446971,0.2756440922160814,0.2438021837580215,0.5303030303030303,True,5
0.36640423322092824,0.90645039074690847,0.209989587819398,-0.92657654579222293,0.37604974497346766,-0.0065187493541658259,-0.084875453845832977,-0.19218292957535799,0.97768189045021048,-34.776467793918002,-8.0854613758590137,-2.8352180803158742,0.7705571007888198,0.6235636703444217,0.3076923076923077,True,3
0.94614326787024172,0.32308323143658596,0.020739870498968291,-0.32242609427050883,0.9461275483407493,-0.029733415615916664,-0.029228930826930909,0.021444995575129001,0.99934267484556971,11.715405988327586,-28.953857917033602,-3.3511749612972115,,0.2390791315838637,0.3846153846153846,False,2
0.94810059910795785,0.3110226345115702,0.066107297574580559,-0.31593754336927182,0.94492685918630692,0.085420720425967309,-0.035898783557682327,-0.10187321340658748,0.99414944838756281,15.183242086442238,-9.1608403173839701,-1.6431933084607739,,0.4490664533891507,0.2352941176470588,False,2
-0.20275229551064053,0.97860052683776577,0.035107200657607758,-0.97438540656955364,-0.19805762995761791,-0.10651879965460204,-0.097286104503427673,-0.055804875131290621,0.99369071132929987,-2.5974885285797553,-9.0378242967490525,-2.0307531089454458,0.2121884336368978,0.2133468713131131,0.7412140575079872,True,6
-0.014355706432149616,0.9995652449652016,0.02575334445252779,-0.99347862538101639,-0.011345234400855586,-0.11345266223159398,-0.1131111603860576,-0.027214090358603723,0.99320957440113011,-1.0423496736653415,5.1743682009254162,-0.85932179182897628,,0.09424820714100202,0.3457943925233645,False,5
0.92999990021366785,-0.36213140289262474,-0.062936735231398241,0.36322195137649632,0.93168034632905261,0.0064456421267724967,0.056302749851297081,-0.028854450318725834,0.99799670393042217,11.314075648697768,-17.554909589391698,-2.3973480021413152,0.3155708931807596,0.3741370735155188,0.5238095238095238,True,5
-0.96962135007086581,-0.2273211881367358,-0.090330033271631485,0.24378512079498071,-0.86772911212515602,-0.43314547538842529,0.020081144532319472,-0.44200821869575135,0.89678619650376024,-17.619781070070768,-10.256597632810932,-2.6575627558245731,,0.4113350007512441,0.3380281690140845,False,1
-0.33866255355753078,0.94087027357789443,0.0084144587080913821,-0.93525092577892899,-0.33563379677162597,-0.11249737905532961,-0.10302126308460929,-0.045968279956078453,0.99361639307648852,-1.2551191173572347,-3.3344334673875111,-1.6087907992664794,0.1725158576828973,0.1533413366282174,0.7150916784203103,True,5
0.92858025381377429,0.3590845335012704,0.093792377234619237,-0.36870738477638282,0.92140775589514301,0.12272983250879542,-0.042350639174711373,-0.1485464411436756,0.98799816709599297,-19.805254393879121,-12.34495872879886,-2.8330495263405946,,0.3109144909117639,0.2439024390243902,False,5
0.84892329448667947,0.52838774042428693,0.011646280401831905,-0.52636822575156295,0.84725264995150484,-0.071410349875237311,-0.047599695346014784,0.054491677524815478,0.9973790282954107,-0.045018112038925071,-17.613810812330129,-2.605503899381604,0.1315868337638864,0.1552563199127905,0.4358974358974359,True,5
-0.9995458293331323,-0.029786816344866192,-0.0045695333216484984,0.029929327584449363,-0.96353807731363139,-0.26589210014043935,0.0035171598034722589,-0.2659081028076955,0.96399196596658898,-2.6606864643081263,18.348200917414456,0.48633128150405308,0.5510019481178217,0.58124596314575,0.691358024691358,True,5
0.14163444491168198,0.98478881288526843,0.10065126939380051,-0.98380172303356261,0.15131579469238957,-0.096112954552465865,-0.10988108923173935,-0.085407987288275977,0.99026845952833042,-10.012618562197142,11.666855117202392,-0.52571796554443651,0.1835531178846241,0.1213128353438521,0.2272727272727273,True,5
-0.40374023041920254,-0.90510434198273992,-0.13334150316026935,0.90737684928086637,-0.37753563342822138,-0.18475415795342653,0.11688062170512793,-0.19558367931896209,0.9736970497305002,6.9143425044469851,-24.356341233145496,-3.035073728347196,0.3064808106570372,0.1944684892855218,0.48,True,5
0.52416995606197192,0.81922185669554859,0.23264007968165878,-0.84651716707952029,0.53105667395789846,0.037249092397503999,-0.093029796310934929,-0.21645867632661975,0.97184931879446923,3.1301771413133714,-16.582302399665114,-2.4529430460977997,,0.3387750739417253,0.4137931034482759,False,2
-0.38922504960436488,0.90856506940668069,0.15170159990755527,-0.9126768738197415,-0.35810546242335017,-0.19692994129177285,-0.12459849419275609,-0.21510460812495588,0.96860994358322883,-21.851243487342124,9.4813453561492249,-0.68424947966834204,,0.3253567518031492,0.3333333333333333,False,4
0.66253021765997322,-0.7428270512380134,-0.096237636278465127,0.74542094588387919,0.66647509614555644,-0.012592047305889975,0.073493701260794964,-0.063394938021966274,0.99527873367623998,-1.3082214845685334,10.528115664874679,-0.35199509769250753,0.23791602012637,0.1631346354028217,0.3703703703703703,True,5
-0.55880748679603653,-0.81827739387156984,-0.13474531301476853,0.82702126373462148,-0.53783850109703235,-0.16360188283906163,0.061400505140315767,-0.20285919603618682,0.97728098546531883,7.5736483957246694,-4.388201934970045,-1.4288275327073978,,0.3126311895725706,0.3333333333333333,False,4
0.18212196357677457,0.98030515844228805,0.0763766110427746,-0.97619376854297735,0.18956990395970913,-0.10539913553044596,-0.11780202307600096,-0.055362874240287963,0.99149263008610122,9.7590603648931395,-4.6767841517050348,-1.421690887816865,0.5785597869627646,0.366678826875235,0.2558139534883721,True,5
-0.64882822598235068,0.75717024732299965,0.075598609361701513,-0.75581577278165668,-0.62977018448863087,-0.17925409993532321,-0.088116121016887677,-0.17344374101703175,0.98089388718604742,-15.189999637151383,24.980304006998118,1.4760431757237458,,0.1848137866248277,0.2307692307692308,False,2
-0.25546988333408355,0.96048508999797189,0.1104695912948753,-0.96158448977732647,-0.24055159041855639,-0.13225052501514295,-0.1004510215425785,-0.14001187177768232,0.98504125194448655,-0.86923985475079246,18.747973109984798,0.62503869190368488,0.3302785296747778,0.270806361178949,0.3125,True,5
0.94944474197825091,-0.3134621123441283,-0.017210056786943539,0.31376046991946233,0.94931590386830589,0.018806439817770249,0.010442674263371213,-0.023255510905124371,0.99967501307513484,-15.453165430202954,-9.0040144509378219,-2.5397607007996639,0.4183780765584275,0.2499781395476958,0.8705882352941177,True,9
0.39608457272655961,0.9162059757179507,0.06069284394999519,-0.91226670780749874,0.40016943534973487,-0.087372059824316922,-0.10433822441506452,-0.020761335953982388,0.99432514896049939,4.7893762830527731,-7.6219282425629817,-1.7167573587139777,0.673173679498666,0.6210336453546832,0.7914338919925512,True,5
0.60119548662811506,-0.78283246044949084,-0.16042856891644997,0.79560016112361021,0.60514869544942118,0.028555910350552979,0.074728645632508792,-0.1448046796980674,0.98663429610949127,11.126295647371377,10.226551956001433,-0.11285829760647133,0.3366415064057734,0.2589749010098795,0.3214285714285715,True,5
-0.1347653280037148,-0.97573490157990461,-0.17256798140705149,0.98395041271970907,-0.11122101625103674,-0.13954021231458816,0.11696106906473142,-0.18860351900995886,0.97506349585054974,7.8778214623551337,-14.705059605409632,-2.2340361490144116,,0.08794897714803177,0.3461538461538461,False,4
0.88852847371058896,-0.45276383276484583,-0.074310585690167463,0.45487710854476776,0.89045106417606534,0.013554277172260612,0.060033053624486583,-0.045845545561130595,0.99714302806805,17.16367049417795,-6.0759274248580741,-1.4332101316570314,0.7015102111059927,0.652574131718711,0.920863309352518,True,5
-0.69262016296124018,-0.69971715734087736,-0.17513768749857275,0.71775321477366594,-0.64452925350836843,-0.26346226305490905,0.071467702786738418,-0.30818491380135443,0.94863819571195818,-11.689413184881246,14.588061510380202,-0.1042612229762678,,0.4135483312395028,0.1666666666666667,False,5
0.9999409090642436,-0.0086731785100125289,0.0065539571488061202,0.0080666124642034091,0.99613158992574391,0.087503058891463148,-0.0072875334048832334,-0.08744502002140532,0.99614269074783135,-5.6696548939161193,7.8862002737448567,-0.86537215148435287,,0.3061730066466143,0.6209150326797386,False,5
0.33516679699423541,0.91079034557788985,0.24108953646878342,-0.9363504669227819,0.35038041826303445,-0.021940045380750617,-0.10445583414110192,-0.2183907253065682,0.97025484786934102,-35.495494635164889,-8.3691306833549017,-2.880043944566387,,0.6780882126258477,0.7763157894736842,False,1
-0.97260887165199483,0.23216755654877874,-0.011410892603168838,-0.22593285957252099,-0.95575008865358169,-0.18840411620782688,-0.054647284920798511,-0.18066541928337715,0.98202529525768578,-2.2285129740068399,-11.49220251885524,-2.1802005637743305,0.152383664711024,0.1312312604331295,0.3793103448275862,True,5
-0.96223908317071516,-0.26969993900354411,-0.036849555224814548,0.27147191016280969,-0.9408778326979208,-0.20261269933106196,0.019973702995124968,-0.2049654771885952,0.97856538072298194,-4.0862096796925869,-12.382186869438785,-2.3073309168072917,,0.08643365762757525,0.3461538461538461,True,5
-0.34098491765487049,-0.93129404845249597,-0.12814320601912743,0.93344861811334778,-0.31927449772129196,-0.16351597000628926,0.11136859195564115,-0.17537157814701937,0.97818293089996267,1.2206075258148565,-11.605331479989392,-2.0530805457155754,,0.2378559748090652,0.3142857142857143,False,5
-0.98054713367203616,0.19387265212882965,0.030671051564740433,-0.19392420268738866,-0.93270372733707141,-0.30406769085779894,-0.030343405537509704,-0.30410056193316592,0.9521565658925627,7.7938696377959653,-22.404288591507903,-2.8535861876755204,,0.6981063564262664,0.6567164179104478,False,2
-0.91964827551266837,-0.38212234034400711,-0.090716957381707763,0.39261250033297745,-0.8885280934413986,-0.23743051983197455,0.010122940722114841,-0.2539691795777842,0.96715933635349072,-6.8230813229650868,16.006873943859834,0.11189418601605529,,0.3173926493002147,0.6226415094339622,False,5
0.87334755307051248,0.48440588114284111,0.051137010667174153,-0.4846843521421168,0.87465579491653689,-0.0076367013491379365,-0.048426545760806572,-0.018115814448903873,0.99866244894485157,-16.955256684232641,-24.427609619854458,-3.5665923871114864,,0.2458699999736272,0.48,False,1
-0.27237150561092727,0.93200984649588214,0.23910543483149407,-0.95570188080668406,-0.2332336519540007,-0.17954380696299771,-0.11156916219907116,-0.2774161308051884,0.95424976416830998,-16.022194114243213,8.6435762334405961,-0.97854405499503061,,0.6532998372633928,0.3582089552238806,False,1
0.13852072723935713,-0.98993851649844056,-0.028874585329412679,0.98380892060526481,0.14089382825432453,-0.11076523325188192,0.11371902155128891,-0.013063793962966405,0.99342705893523442,-14.505407068647155,-12.577839754337235,-2.6972445957480251,0.4137587382795629,0.3787590332673307,0.9270216962524654,True,5
0.26346754986245652,0.9590790558503044,0.10369288692462192,-0.95828186797263515,0.27255514557861182,-0.086078767030545067,-0.11081837250362038,-0.076688051532883092,0.99087750558166321,14.449841545147271,-22.234792323303566,-2.7214829012561723,,0.244897834559204,0.3157894736842105,False,4
-0.91826122231857554,-0.39352153771622667,-0.044012804267094661,0.39508284696112794,-0.90305714356584388,-0.16851510167278883,0.026568244636917013,-0.17212958725378061,0.98471596593574018,-0.93795731081785028,-9.1054521507218613,-1.9424495215989841,0.1397110733723037,0.1526460534191741,0.3734939759036144,True,5
0.44902673934134418,0.87931653657893838,0.15867392934978228,-0.88181438963517611,0.46475028860192841,-0.080065919571093047,-0.14414704155417474,-0.10396921536321914,0.98407928169834691,-24.072291296501046,-0.6994334263517421,-2.0359305363437281,,0.2903975225818773,0.578125,False,4
0.99777202117351116,-0.065508916288297622,-0.012632325599842904,0.064840085077040352,0.99676057090882375,-0.047582850363546252,0.015708505038029705,0.046657755713817577,0.99878741316719721,-5.1005883197130943,4.0363130822388413,-1.1234336420809676,0.4341068677459466,0.3923296355456237,0.5054347826086957,True,5
-0.44931401755558853,-0.89245482595113834,-0.040512927129247478,0.88750270277484777,-0.44071148347106576,-0.13458209726435805,0.10225392997531599,-0.09642495513743328,0.99007391735735939,-25.002852261114683,0.17765773950005143,-1.9162752371294267,,0.07402866845767375,0.4090909090909091,False,2
-0.78717440623177215,-0.61622879867020774,-0.024870099781227083,0.61268801498505554,-0.77676911978099017,-0.1457502344709509,0.070497166378006057,-0.12996846634525272,0.989008770076653,6.8824848567990573,-19.869313750087269,-2.646480063728375,,0.08142959678060735,0.2380952380952381,False,4
-0.98462620449344895,-0.16543933105277442,-0.056045206446546161,0.17465941040614621,-0.93672587035902266,-0.30337886240921574,-0.0023081987355597251,-0.30850360053157083,0.95122037440209151,18.043256217029558,8.6764729478062925,-0.26789111483197375,,0.1890612081695377,0.2,False,5
0.48845839655761419,0.86097129083832113,0.14190430291065656,-0.86758363376368663,0.49658295750655618,-0.02653308763485944,-0.093311485133191305,-0.11015354132408424,0.98952471625321292,-16.383233571457144,9.7777993473033007,-0.79347584777197366,0.6430502834091759,0.4523468889083775,0.4,True,5
-0.96830416614761061,-0.2495273831185616,-0.011096255908348883,0.24879968432584618,-0.95965476569747388,-0.13100170897162502,0.022039938759903219,-0.12961024553687731,0.99132004183882549,15.04260075901707,4.4239651489346681,-0.65092772018430056,0.30221403527586,0.2873187929605664,0.56,True,5
-0.92742654040578343,-0.37025932104031861,-0.052801963351012823,0.37209341898591297,-0.89918676400245445,-0.23023824832153383,0.037769030942470014,-0.23317632518237513,0.97170072639476301,21.554517774982362,1.0369824427341348,-0.91572854064363118,,0.7048471874028881,0.8253968253968254,False,4
-0.85230348001142953,0.5214572063857742,0.040757329018860401,-0.51875296676660121,-0.83277016394247361,-0.19336290626197128,-0.066888993349108139,-0.18594686325821821,0.9802803816323028,3.5601749344861791,8.9095654444453309,-0.34775336446611627,,0.325962982070741,0.7548076923076923,True,2
0.82562340460201922,0.55902834485094444,0.076376065796725526,-0.56124137123890727,0.82759799678616119,0.0094698957442034271,-0.057914738911984988,-0.050683975463142628,0.9970341105739613,6.7734565008795924,-7.7542270856236764,-1.6665367337644303,0.3055108079432155,0.2757083156874919,0.6493506493506493,True,5
-0.99226869177126009,0.12410811569498133,-0.00013765607180558914,-0.12242446734586496,-0.97898847140265977,-0.16307612533956628,-0.020373834338048423,-0.16179848107854969,0.98661347973511948,-19.341749853151612,6.6095321703981122,-1.2695051768833652,0.1496466792494309,0.1461135434751392,0.7358490566037735,True,4
