axis_00,axis_01,axis_02,axis_10,axis_11,axis_12,axis_20,axis_21,axis_22,location_x,location_y,location_z,dbh,dbh_approximation,score,reconstructed,number_clusters
-0.48923812541440764,0.87180475646662392,-0.024546348876511831,-0.87098303470147787,-0.48984543200541819,-0.037947411053060973,-0.045106650321223372,0.0028141331873760278,0.99897821335162418,-7.654379607019143,-12.564533202226565,-0.062643677920332777,,0.3182556970291817,0.1851851851851852,False,4
-0.091538322802477798,-0.94141400813298892,-0.32459266897065242,0.98618630727439427,-0.13089126104003876,0.10150884260912314,-0.13804819014751579,-0.3108168963784475,0.94039117080216461,8.3994329013952651,16.603789211030584,-1.3616285578728504,,0.106095673883328,0.2857142857142857,False,3
0.97672790137769705,0.07600499879183599,-0.20056382233337455,-0.023803714026225366,0.96774340405414427,0.25081085923112567,0.21315719520785148,-0.24019980030872401,0.94703118536971731,9.4097379842435185,7.2282293092743091,-0.22679513248358182,,0.08240930715351462,0.2727272727272727,False,5
0.14425743520715054,-0.92553096385613942,-0.35011744790995664,0.98574005884088478,0.10342934637616497,0.13273622981149175,-0.086639071923842084,-0.36427298177565365,0.92725339900398873,5.347404134780489,-11.465565410084288,1.4627279683783658,0.2364258062942473,0.2240016099308317,0.5873015873015873,True,6
0.40592723695025434,0.91389228118133159,0.0048966007714967286,-0.89915327260516753,0.3984102924867301,0.18108735793549124,0.16354348249120351,-0.077911085461707857,0.98345482463447664,28.156635972749136,-3.0873922630088098,5.0239861116698119,,0.4931253618551081,0.3333333333333333,False,4
0.97529257454734786,-0.059867124458211227,-0.21265070289540797,0.091747144009014792,0.98540793716464337,0.14336547331596711,0.20096481184275808,-0.15933337623369184,0.96655368170576927,6.4154913444293165,9.0449163970904838,-0.93967048649110552,,0.0739269235859496,0.4054054054054054,False,5
0.74382550957070515,-0.55722963157751693,-0.36907824238752601,0.66195617153258968,0.69051924165251066,0.29154279939240152,0.092399341349370223,-0.46117059164654672,0.88248742037412409,-23.403484217774956,9.5583590777346874,-5.285949704348532,,0.7077886282260761,0.5,False,2
0.36940837578223457,0.92913555507610479,-0.01563880415345778,-0.91129847503149886,0.36550753107172262,0.18957672361109668,0.1818585750169501,-0.055779611178930488,0.98174135782777927,21.972557784546915,-10.585612369854715,4.5551342453388335,,0.5729186975672322,0.25,False,4
0.78967324623234958,0.61106248168835298,-0.054943677140634861,-0.56764522859766009,0.76166269616635596,0.31248813052483709,0.23279832180489068,-0.21557500027013446,0.94833135592120876,-12.029395867711163,11.313756610124972,-3.6055825743359771,,0.3799199353050173,0.2380952380952381,False,2
-0.96874215129797969,0.16853092063099603,-0.18203289013206342,-0.15988027168754695,-0.98523106712128627,-0.061302880064221119,-0.18967588941053934,-0.030283215983791942,0.98137963286691487,-12.330971470517227,-11.162771547454145,-0.98957701564319933,,0.5064423160516036,0.5342465753424658,False,4
-0.97785303186160855,-0.030951977513667992,-0.20699136012658809,0.014310693506071386,-0.99657750956081148,0.081415425374726028,-0.20880290259102427,0.07665013062980186,0.97494928347273491,0.66425224512836623,-3.3897298497904074,-0.64503229690637454,,0.0673430324979957,0.2298136645962733,False,5
0.43807380372993016,-0.8543526393170191,-0.27959418838315475,0.89892805871832859,0.41480555884608306,0.14094216402229168,-0.00443708626110563,-0.31307813089136893,0.94971700849415086,-19.697247951185428,10.24833732274859,-4.6671691166559404,,0.09909079200355071,0.3888888888888889,False,1
0.2215684034818719,-0.9356367330936618,-0.27475688574504342,0.97357169793283771,0.19625051038143476,0.116807046701808,-0.055367784520120075,-0.29337627862669252,0.9543923551540463,9.2699512616389761,-6.7346700471368361,1.2809557911620011,,0.0933417985437625,0.2708333333333333,False,7
-0.88005662097173398,0.46463117587418734,-0.098072495071677826,-0.45776724722000128,-0.88499877252899373,-0.085007764320659956,-0.12629129525203472,-0.029917269727442422,0.99154196366851699,-8.8270668615065286,-9.4697624721914888,-0.59425938730601591,,0.4824302293537754,0.1904761904761905,False,5
-0.88456839656125186,-0.39657348296340411,-0.24549587453831612,0.41137730290041752,-0.91141050478617047,-0.0099803017889266848,-0.21978959589442829,-0.10981969029137993,0.96934625865109292,-3.6937633017244709,-9.8840337123328545,0.056352931261856504,0.2955467564604476,0.1377062996598864,0.2222222222222222,True,5
-0.62006193331706383,-0.72961155138631673,-0.2884270842600537,0.75553772808976627,-0.65436899573263152,0.031047686819157302,-0.21139049241642444,-0.19866605524728725,0.95699835851918902,5.2770839812368768,0.32501898394184336,-0.33793347325956408,,0.07693687087777086,0.2298850574712644,False,5
-0.97562228872263324,-0.071624335785719959,-0.2074393990322605,0.056449797920172115,-0.99534006856739754,0.078176519614397005,-0.21207208694777038,0.06456084283451477,0.97511913503433745,10.39114945897736,-4.3684866112707406,1.009112284636841,0.2175868627753087,0.1797516846095372,0.811965811965812,True,5
-0.92368339751228001,0.33961543382201465,-0.17739881135468649,-0.34898933965378404,-0.93682839376668525,0.023643211299393632,-0.15816264403514105,0.083749135771162844,0.9838549996261623,-19.483017289142936,7.1414637503988558,-4.2055455734136444,,0.4431923829032881,0.6,False,1
0.54165715488457877,-0.77092320153159921,-0.33508945656736855,0.84023943540046786,0.5082134850070108,0.18898874266721075,0.024601173960770162,-0.38392248045315025,0.92303754595490528,6.6521518468576071,-6.5213112124623844,0.96211390690189624,0.306902359990716,0.1449520481092425,0.3098591549295774,True,5
-0.080467087949441768,-0.85045335310314174,-0.51985973295934351,0.98898831249495367,-0.13311159902099837,0.064679362662730222,-0.12420614117394048,-0.50893064006964261,0.85179952928666458,-11.707928130050506,13.211335826303957,-3.7715033003325438,,0.1372533068606954,0.4285714285714285,False,1
0.69384646615958367,-0.68509072061807341,-0.22187335559022708,0.71692006748238024,0.68618334276820603,0.12319917592464077,0.067843188596335924,-0.24454677391137253,0.96726117317435134,-9.5306664295411512,-0.11740210302762462,-1.9143901144394446,0.7126258009697845,0.4174828302705206,0.9475728155339805,True,2
0.71746136515614056,-0.64005064262008537,-0.27492610714499854,0.69167647530896059,0.70139537396404783,0.17212839070300523,0.082661012650826496,-0.31365539093637396,0.94593205502514321,6.574768551301271,11.134875055180297,-1.1132024558971607,0.4620482053539658,0.3158865364884421,0.783068783068783,True,5
0.43696088791242627,-0.86474190720069899,-0.24756133859244517,0.89945537382952168,0.41801594233770967,0.12744686124308052,-0.0067240556199784779,-0.27835966999983264,0.96045337273269282,4.3355024757923388,-5.391315621260226,0.3260794485079761,,0.1005160238557754,0.3833333333333334,False,5
-0.09973831760078164,0.97943267359575414,-0.17539642497850083,-0.99109422779805612,-0.082159092319551735,0.10479558757219799,0.088229811444547862,0.18428651996904338,0.97890447896112864,-10.362840513225454,-11.464983589741584,-0.62497894206512816,,0.08179376708698241,0.3793103448275862,False,5
-0.69269099521619215,0.71397571926870118,-0.10206790602898477,-0.71790786518820993,-0.69613324976227253,0.0026068518031559795,-0.069191634229202298,0.075081095291408551,0.99477401799732079,2.0000349308669816,-10.324981663884541,0.84108295158000057,,0.8409141906681182,0.6,False,1
-0.57606186208035015,0.80358251045788398,-0.14969261819717367,-0.81614895939732568,-0.57560153666346847,0.050830572152164383,-0.045316742283424166,0.15145302861566981,0.98742512272676108,-15.217863111128837,-6.1153335349367071,-2.0945640986320759,,0.4740898416129714,0.75,False,2
-0.85539567197842903,-0.45876350977133673,-0.24048760147429329,0.47112086690394855,-0.88204185486400277,0.0068771386305477161,-0.21527511033151456,-0.10741605266605404,0.97062784758186271,8.9752877724544327,17.056305094384999,-1.287400987839423,,0.2481570098839237,0.4571428571428571,False,6
-0.87930063126202274,0.43487547765625517,-0.19420020287181314,-0.44328619360975918,-0.89638012225048413,-0.00016428383688300852,-0.17414864460334029,0.085941813847811591,0.98096190253004656,-5.1223695088702179,8.5979013156466131,-2.4063858395690705,0.6482154953935011,0.3361448297563121,0.3762376237623762,True,3
-0.93634129248134246,0.30855010260490412,-0.16751662059889239,-0.3139664208111253,-0.9494138680615497,0.0061962678652953823,-0.15713074364178911,0.058396415257360723,0.98584977967622878,-4.9349835629230929,-9.7828948290076667,-0.08628090300851228,,0.1245978040459486,0.3235294117647059,False,5
0.1712947845518413,-0.92562584476652709,-0.3374535409291064,0.98374451193904322,0.14195516482232606,0.10997939084246935,-0.05389649353299987,-0.35080696498290903,0.93489552427227274,12.458591652510835,-13.435546494463777,2.922543078429277,,0.3383706672437696,0.3333333333333333,False,3
0.29773069214808384,0.9366367137070406,-0.18457546285760748,-0.94015563896941046,0.32124116196480262,0.11362873920591021,0.16572208503106706,0.13969889904927879,0.97622764155568598,0.79653905171180006,8.0335413564639033,-1.7046286178292052,0.1988695219609307,0.1929563135005434,0.7959183673469388,True,4
0.80747408961666156,0.57975887351231725,-0.10892769703557495,-0.5514053681631762,0.80741200239332755,0.20985227745257073,0.2096132499594838,-0.10938695980292935,0.97164642667304468,-11.593349661201518,8.7847729282490565,-3.1560481902452007,0.4980970856658551,0.1816834949439207,0.4,True,5
-0.5582649752069555,0.81654130426159466,-0.14697113965656922,-0.82703686765527584,-0.56177955976404326,0.020340741635126766,-0.065956326429892631,0.13290607460192022,0.98893161459111112,0.59603387373030359,10.196323529634656,-1.9734708209682856,,0.1356521392567784,0.3529411764705883,False,5
0.22854309544797613,-0.87321205087933074,-0.43042858608852952,0.97178361159103377,0.17812400137412504,0.15462358286353994,-0.058349513846685942,-0.45362159817802328,0.88928217113595154,-2.3599878080000263,-16.430363308149673,1.0539562305004158,,0.6429636572096284,0.32,False,3
-0.97274949069874239,-0.085737620533201955,-0.21542397445652106,0.095267996868992413,-0.99486284197916364,-0.034233527742744227,-0.21138220624714085,-0.053823657200605432,0.9759203742148459,9.1322862839163825,-0.4665285187629975,0.31915050181775961,0.6283473520052061,0.6512368073729724,0.6566523605150214,True,5
0.01443689163411495,0.9861155837972857,-0.16543165220743963,-0.99390966732268682,0.032229551754407851,0.10537945338734715,0.10924810919393953,0.1629027666611233,0.98057510637977174,-9.0039488950007716,-3.5597096499419147,-1.418974535677793,,0.07636861047826171,0.2671232876712329,False,2
0.49811674008683421,0.86670088582857796,-0.026632456687775641,-0.83405835764738623,0.48730308556393481,0.25861623854355209,0.23712100135545205,-0.10660805459171185,0.96561294182108015,-0.87014358823332871,14.932634538320237,-2.709210620380202,,0.3220119115536687,0.2608695652173913,False,4
0.68544829296558696,0.72076063255648681,-0.10327026787675993,-0.69087351989204482,0.68859118857488433,0.22030877088533229,0.22990088556275889,-0.079663577460485996,0.96994808997371496,9.8658379444683302,6.2128866004985515,-0.038200289651144408,0.609647253238854,0.7367776034124753,0.6563706563706564,True,5
-0.73861167398872063,0.66947793432941982,-0.079070161841200387,-0.66842926135479741,-0.74253223131493951,-0.042990789980382998,-0.087493528973636603,0.021099310521209572,0.99594161549925697,-5.6134230757576935,-8.0458420018417875,-0.34070765073892229,,0.6464407543733641,0.4718614718614719,False,5
-0.71410580809235136,0.67528813355590389,-0.18449615586063808,-0.6959934302349976,-0.71316794116085547,0.083574115431200496,-0.075140135204102523,0.18808887361821716,0.97927347339879423,-13.562865513489816,-4.2675323586321809,-2.0290307347650804,0.7134962505143699,0.7298984452555447,0.9518072289156626,True,2
0.70566417354541655,-0.63878855292961001,-0.30657341505838082,0.70726832058117794,0.66101941793913677,0.25064886157667676,0.042539356797484745,-0.39370358615778267,0.91825262829449983,-10.081845744962118,-6.4269573233579456,-1.2284777921177192,,0.5289252221890194,0.4766355140186916,False,4
0.9623147001286636,-0.081239592911458547,-0.2595198382780437,0.17481123466940782,0.91582956886570621,0.3615207228149066,0.20830614525173929,-0.39326368931651429,0.89551785047285692,13.640803350443491,-12.133028306705439,2.9819766508479026,,0.4988031136323069,0.3,False,2
0.85847879785290104,0.49205507798532166,-0.14455432842325597,-0.45779115874920223,0.86229889842450391,0.21648987215791632,0.23117397908956322,-0.11967627168636104,0.96552378602867772,-2.0912244989866959,-11.742979665196392,0.53793169495428739,,0.06991519938893123,0.2105263157894737,False,5
0.23086590529732892,0.97298350543084866,0.0020079668184085631,-0.95696957774335845,0.22669231137420076,0.18116242225561571,0.1758128580193847,-0.043745789778234651,0.98345114003275991,10.608551489835094,-12.185402440818841,2.452659481018185,,0.560134235004743,0.1538461538461539,True,4
0.70082645458641168,0.70386004623788867,-0.11585903444203337,-0.67736167275070536,0.70757571514097606,0.20129026710475906,0.22365921586245707,-0.062591074864842666,0.97265559809577873,8.0933598028089211,-12.373572120765457,2.0512740098511939,0.294249963385011,0.2278674945789928,0.7181818181818181,True,5
0.88441351560698189,0.46078319353484393,-0.07410520877461052,-0.4060630342598926,0.83800560636020305,0.36449885585076541,0.23005552725232936,-0.29227632860821678,0.92825050612211013,-11.4094722933315,-3.9444073603970615,-1.7441161458154297,,0.2222513752603207,0.3333333333333333,False,2
0.623736879550987,0.77538772932991562,-0.098621368336659132,-0.75243975385457795,0.629802869811108,0.19282832260058239,0.2116287360148883,-0.046067498111900806,0.97626382894709895,12.667211228779264,-7.2782743988051131,2.0465292581772005,,0.2852090241579767,0.3461538461538461,False,5
-0.58689827515404014,0.79687038042364211,-0.14334577574764359,-0.80878356470862123,-0.58523987264793154,0.057995145661076442,-0.03767704975750337,0.14997295845089481,0.98797193869818889,-13.65042612641337,-2.3531255545020406,-2.2595310055814677,,0.07668471816901473,0.3157894736842105,False,2
-0.62349318564885525,-0.72521042263264879,-0.29210629975133551,0.75566940808671001,-0.65482849974367152,0.012782081416327445,-0.20054922869790195,-0.21276625397000171,0.95630043816796895,13.645282920788658,5.9267010522630699,0.62899803575878177,0.2854915825729846,0.220113828810373,0.6666666666666666,True,5
0.64846208151438167,0.74243186254898064,-0.16820183801043107,-0.7289918371057228,0.66927402336499675,0.14367735758307043,0.2192437690591435,0.029448448530979332,0.97522559370017514,6.0448144250700899,-18.192994434589604,2.5067454912878757,0.4953329242363371,0.4953276662173698,0.8879310344827587,True,5
0.39622835361489789,0.9162892243325732,0.058456386850696762,-0.90001539030069111,0.37502141441145498,0.22210636180606336,0.18159126910047618,-0.14061648589280945,0.97326852146857978,4.3039261080349176,5.2941766243396895,-0.92975476416886738,,0.0937919590405526,0.3584905660377358,False,5
-0.37815145024912211,0.9245722437721694,-0.046557993090137334,-0.92552052615908043,-0.37647748200787867,0.040944611357607574,0.020328215187367521,0.058573642426460709,0.99807609533551722,14.831067563840385,5.2842800481299141,0.97665823024522269,,0.1537975696881278,0.2666666666666667,False,5
-0.069237056052360108,-0.89269876621004529,-0.44530342787392363,0.99095617820540327,-0.11297531249219496,0.072404638275690755,-0.11494382517449575,-0.4362630990289636,0.89244743569573948,-16.353020508991435,7.0699147602624244,-3.7063706074603178,0.5217530352597104,0.3287405910671315,0.22,True,4
-0.62529157497858001,0.76907921091116627,-0.13239189403081353,-0.77936004840515316,-0.62413177136193043,0.055294185286861808,-0.040104378947017141,0.13775594114548384,0.98965394935219508,-3.2460188705185526,-6.1081738123992748,-0.35800922200127716,,0.0698898124330544,0.2537313432835821,False,5
0.97707107326007669,-0.024421887788154732,-0.21150813032899185,0.081257336186661686,0.96098058100648431,0.26441173998952616,0.19679777212725472,-0.27553564982648554,0.94093078521241225,11.693419119359875,9.5133819088452061,-0.073883547533709279,0.2839032564061514,0.1690304529788678,0.4516129032258064,True,5
0.77467979953599564,-0.54245074674105453,-0.32498983915030599,0.61800441008592222,0.75832581477366501,0.20739457023318586,0.13394684507378646,-0.36150953792110196,0.92269664391220696,10.985722787537,2.880825401512233,0.4557987695406277,,0.285150065081223,0.3728813559322034,False,5
-0.97839324197729971,0.054915337158420507,-0.19932628978117004,-0.03476517297880434,-0.99405072693142471,-0.10322080717985573,-0.20380884868156188,-0.094060927232747046,0.97448165460782932,-13.737290686693459,11.188406237178887,-3.8478971230783214,,0.7855964799124144,0.5869565217391305,False,1
0.032447103508935142,0.9848076040959528,-0.1705906456657916,-0.99344416958223236,0.050497452495880571,0.10256066114499146,0.10961691200244572,0.16614448593383258,0.97998986851744208,-3.9137302754656735,-15.961729346466916,0.84736631754147451,,0.09205755425320268,0.1379310344827586,False,5
-0.23529008965531104,0.97146819361679004,-0.029801384211589066,-0.97138844032900606,-0.2340306871589827,0.040424441407088285,0.032296620646384729,0.038460190571880659,0.99873807479038179,16.540904184189063,-5.4350010173222669,2.5074054868806095,,0.345088087592903,0.4222222222222222,False,3
-0.58784700826029757,-0.73675354914914948,-0.33411091376300406,0.7838506026286729,-0.62086814532356338,-0.010048824863868183,-0.20003531597716429,-0.26780021273070387,0.94248019524195059,0.28796377432080367,21.230874299234358,-3.1461051096009647,,0.1966483926693882,0.1666666666666667,False,5
0.52342778619797181,-0.79750816752126519,-0.30000679221105053,0.8513984183160227,0.50350106157070207,0.14699460631652897,0.033824339237680218,-0.33236636973985517,0.94254363842799582,-2.3953398669193051,-12.649465526100595,0.54680665036573384,0.141613207768384,0.1728842864296292,0.4677419354838709,True,3
0.82913541855008566,0.54749766354877294,-0.11305205046530735,-0.50906621893693349,0.82298640721209404,0.2520812533319064,0.23105419806406852,-0.15145851561653889,0.96107974466440937,-16.922532298120007,-15.541996683462243,-1.3316310275424272,,0.7121850862493035,0.3,False,1
0.97512635727355346,-0.080791740987239041,-0.20640077988869995,0.12457086370433042,0.96998241126282891,0.20884497062823282,0.18333217738948562,-0.22936175886359336,0.95591971226909611,-1.0456291756073171,-1.8935568287967879,-1.0564622304168023,,0.1863401858656561,0.376,False,5
-0.95039502856830005,0.25522497330141369,-0.17779061470154456,-0.25013501808697625,-0.96687395014459609,-0.050864892198971598,-0.18488310468858013,-0.003870082050499643,0.98275289878261574,-6.6722454115323542,-10.628814852178717,-0.17028713171531207,,0.2244824508998903,0.375,False,5
0.053586950957506624,0.99524343167555429,-0.081356932057111864,-0.99147059148974392,0.062722850695483362,0.11424495705111357,0.11880448180963726,0.074540966637815009,0.99011572020377747,-11.090146247624235,-1.3386306319856884,-1.9404866028525385,,0.06983850597999819,0.253968253968254,False,2
-0.97749164877425365,-0.081648813238397511,-0.19453418176082146,0.10704271065605939,-0.98651538269394456,-0.12381137994394081,-0.18180191052899911,-0.14184805604935513,0.97305045826155623,19.128826072649119,-13.252887082830211,4.3186957798664487,,0.2050436378483487,0.4545454545454545,False,4
-0.55453079386110005,0.82238756077508945,-0.12717821567460874,-0.83192326812515605,-0.55152827214222178,0.060993778205450995,-0.019981857064310105,0.13962544506720304,0.99000275781335467,20.839666265255605,-15.225017602509075,4.9667109710827093,0.9631717292047507,0.9017595110429942,1.0,True,5
0.69563970012072207,0.71320952098233703,-0.086125413183900282,-0.68101768200316637,0.69285861507615287,0.23698492845282312,0.2286926418033299,-0.10620319531398789,0.96768825397961344,-9.2609062078164808,-16.470326118226467,0.16704555068371713,,0.346927904123148,0.3333333333333333,False,2
0.80854443969362311,-0.52883812376355421,-0.25804287995363995,0.57840376194433629,0.79489391551162714,0.18328325414841834,0.10818954297511739,-0.29744562853879286,0.9485890157776431,1.2768184946227037,-10.927236131262587,0.89866676315803129,,0.1014977413667232,0.2857142857142857,False,5
-0.84016823015081421,-0.46385711823719294,-0.28098739990600091,0.48454005901562924,-0.87475620411429611,-0.0047449523367071034,-0.24359449142864137,-0.14013620953998307,0.95969972726962194,19.354662835212828,17.02591691832091,0.89600800125537705,0.3256478130713628,0.2937556931860354,0.5217391304347826,True,3
0.84043927953041608,-0.43778075377105319,-0.3193897760574767,0.53039734695825747,0.78535364250391393,0.31921514773813209,0.11108767601331117,-0.43768443864670825,0.89223979983212964,1.5547811932203905,-18.442540777881579,1.8292248501659922,,0.3001587980062276,0.4375,False,4
0.9444203791090845,0.27620170080337469,-0.17827722231619114,-0.24213610053677298,0.95124845713087069,0.19104052351002274,0.22235165018568945,-0.1372552122123637,0.96525683130462203,5.9170885944204379,11.918266852918142,-1.2713090477955267,,0.1069588500216171,0.3333333333333333,False,2
0.68137846933133916,-0.68659207138963196,-0.2536034483925183,0.7302560254801308,0.66113687716191738,0.17211672465670289,0.049492613404878399,-0.30247207666408349,0.95187243055825133,2.0107719540290581,-23.911104625727738,2.482398704573451,,0.1756678822538791,0.5333333333333333,False,3
-0.88297713395701005,-0.3834413579529124,-0.27078424237811854,0.39973716106899526,-0.91661326070459936,-0.005507482272591846,-0.24609263087212746,-0.11310550522282002,0.96262430974847424,-15.483386231000177,-8.8277961900066675,-1.8341462052075959,,0.1750830863705988,0.4375,False,3
0.37335050024878785,-0.86702997972932438,-0.32995214534011841,0.9262311500897431,0.32844765579751045,0.18498106390804164,-0.052012119428176809,-0.37467472779957633,0.92569627188452142,-0.24303708562971643,-27.64466010137162,2.7760261961143233,,0.3274222783591212,0.8333333333333334,False,5
-0.83739415038093712,0.52332005135148263,-0.1578200264898954,-0.53652442589147675,-0.84213281670661466,0.054349419938083024,-0.10446328220772717,0.13018618543941646,0.98597108466279282,-12.034876032900859,-8.7199542335166456,-1.2467271615116546,0.7193863437704665,0.4290021894714237,0.6847826086956522,True,4
0.12301629812546043,-0.92946043957422508,-0.34780782288786638,0.98837354006179234,0.083189144597214035,0.12726865885560845,-0.089357348333694908,-0.35942016844867419,0.92888772562193878,6.262153506165455,-7.7384508540307904,1.0741052792732297,,0.1742219585599249,0.2706766917293233,False,5
0.77644119234362108,0.61482351120668099,-0.13831530970758493,-0.58786764179686168,0.78571239339721399,0.19252966158547904,0.2270478155812416,-0.068176865060742622,0.97149431522283081,13.800908300394434,7.7072207274961793,0.51326096139065125,0.3384067578406588,0.2315889681559517,0.2608695652173913,True,5
-0.89370083836401382,0.42789358374863851,-0.13492921290145346,-0.4249242607595039,-0.90375908510398228,-0.051564413213007657,-0.14400758356922755,0.011251536728798445,0.98951261679464819,-12.688694192793026,-5.3945742741670495,-1.7803431540096297,0.7155667597240296,0.2679426704866684,0.6052631578947368,True,2
-0.4593120219167503,0.8754830503224631,-0.15020617537512435,-0.88827033006772926,-0.45214712374205002,0.080862841980471584,0.0028787573906501607,0.17056496442665797,0.98534222768844082,-14.637299488807095,12.44868901818904,-4.1789167110799168,,0.1586676080083008,0.3529411764705883,False,2
-0.25496489219296159,-0.85814191743249324,-0.44562916566840244,0.95386056494508509,-0.29878538833014323,0.029619492957338844,-0.1585652117952602,-0.41751615689179078,0.89472751848964327,0.34268516161996337,-12.662936427048287,0.9938686850070515,0.239097248711226,0.3351484272293434,0.2894736842105263,True,6
0.61384403605850302,-0.74983869239901624,-0.24685508861828692,0.78826354273841526,0.59917432221739608,0.14010966699270824,0.042849580918503397,-0.28059235017487283,0.95887008840533339,6.030633169719076,7.4327976883085274,-0.87036843891393112,0.1732597137246377,0.1747006918832281,0.5504587155963303,True,5
0.065397557181140445,-0.95266898344846451,-0.29689218159124481,0.99403284597460251,0.036165473556711632,0.10291141650006984,-0.087303268199830475,-0.30185073545990909,0.94934939451391676,6.6455120073788034,4.5980441664413005,-0.50050542812261889,0.2295505266995927,0.1395136138874822,0.6060606060606061,True,6
0.20136011035556245,-0.91490918883188488,-0.34985037108538014,0.97747839740655429,0.16465414504234327,0.13200376935485236,-0.063167147799389312,-0.36855147362526897,0.92745874448814825,-13.337778044951643,-15.265881925085628,-0.70718613314092993,,0.4144670037983415,0.3125,False,1
0.22275667038438199,0.97481243363480641,-0.010962893333890361,-0.96174184600829549,0.22158166969710669,0.1611030269448667,0.15947440997169393,-0.025343300598556162,0.98687670439571695,-11.614047756958641,-13.489857325968998,-0.59205481638286805,,0.289868891048341,0.3478260869565217,False,3
0.730548833025504,-0.62319024178745031,-0.2791636170885694,0.67679344053965984,0.71516261080065713,0.17462267594810643,0.090824233591944248,-0.31650649701654898,0.94423227859396375,-5.1912480640912984,-14.544290731952339,0.54120915838976247,,0.0837220573358106,0.3478260869565217,False,5
0.84176331565148388,-0.47772421229474743,-0.25142413848074052,0.52481277100232204,0.83329967489757084,0.17373314942309073,0.12651512089977129,-0.27819279070990466,0.95215686490239126,-4.6691876345932872,-2.1507909708803745,-1.0522375588044415,0.3579044556482842,0.3041271794957624,0.4948875255623722,True,3
-0.80508313493929162,0.5830889117454392,-0.10885066300139837,-0.58621127855122424,-0.810148151668593,-0.0040384709115047351,-0.090539951047388642,0.060558181507402734,0.99404991017395838,9.9246673885747914,-10.150146638815787,2.059321480134003,,0.7168284629945979,0.3714285714285714,False,5
0.59177732654596993,-0.76430670348435747,-0.25619301082383006,0.80548836437920646,0.57306135017483573,0.15096086839146389,0.031433909012644673,-0.29569570836362968,0.95476487022696632,7.0668839846446438,-9.5867222799251017,1.4510490609887601,0.2100252628163547,0.1987555314845324,0.5714285714285714,True,5
-0.95679807420538754,0.21259491748091847,-0.1983452703195667,-0.21100740029670956,-0.97704349387461409,-0.029357930739578791,-0.20003330276952566,0.013762708256995798,0.97969243420807672,-11.329863385066222,-6.6985253986691236,-1.4027785960669457,0.2349679656924039,0.1740731666169618,0.2666666666666667,True,3
-0.82489754019758732,-0.51741548302169782,-0.22765163321485965,0.51487752717200652,-0.8539555115099795,0.075240390582245908,-0.23333490992393163,-0.055147096851535224,0.97083140530147571,0.80089630832732361,18.218142950086349,-2.7171296425127474,0.2342142458628377,0.1288384714642921,0.2962962962962963,True,5
-0.034213290150289122,-0.95320843041840897,-0.30037166803206583,0.99101954190369479,-0.071230768258554233,0.11316556551481201,-0.12926607575881302,-0.29380242652600669,0.94708522099404946,10.296979041385892,-22.80784976003595,3.6413773432099967,,0.1049197759471365,0.4761904761904762,False,3
-0.74151641721267114,-0.60246455231627927,-0.29527930202848623,0.62569207875663058,-0.77981834660692773,0.019818397423717785,-0.24220409902660792,-0.17005825324747845,0.95520540456863323,7.9147062956069387,6.7331376371568634,-0.46801156785610804,,0.2089643073823796,0.5166666666666667,False,6
-0.032718426844686295,-0.96019696890314032,-0.27740094710370311,0.99113471113734108,-0.066929948092062624,0.11477093023537686,-0.12876913032054244,-0.27118658329205075,0.95387438801913293,-9.2641312906129407,-2.8093356560701532,-1.5526467494959635,0.6909444701298053,0.4187770857329483,0.8407643312101911,True,4
-0.95289737778822226,-0.16216383348241076,-0.25629958742576975,0.20400122168789403,-0.96802620663230454,-0.14597521989337248,-0.22443281612584534,-0.19138483321141386,0.95551125407420634,14.0959806415253,4.1901001208056279,0.91486397894100346,,0.1758302598004598,0.5666666666666667,False,3
-0.3308542806536357,-0.91051489263882135,-0.24798805466409479,0.92838081057461597,-0.36118028003334057,0.087509290203140855,-0.16924690700271328,-0.20127452794120401,0.96480259580499761,-2.5919207347843392,12.524456949950938,-2.7205397194108598,,0.08260036933083872,0.2826086956521739,False,5
0.2314762512469227,-0.89990315583617098,-0.36958497700092258,0.97127590243543516,0.19223946917146931,0.14023946606038967,-0.05515311828811717,-0.39143108794367953,0.91855312145478274,-0.1624528579689925,-18.533577896342646,1.5756548066941296,,0.6824223456786285,0.6774193548387096,False,4
0.078168938393114729,-0.94885273231661249,-0.30588904760679586,0.99289681291289211,0.046490734915044817,0.10951954380146231,-0.089696911752383326,-0.31227728694600604,0.9457469852342788,6.9346850365272861,2.4999116420358569,-0.25211435775744018,,0.08552944087820069,0.3809523809523809,False,5
-0.97946138476144318,-0.051486047004599307,-0.19494764098351203,0.06852475663122555,-0.99429950014887591,-0.081687586158036063,-0.18963057108448364,-0.093368575910396462,0.97740603412432292,7.7223200395859211,1.2574439059796354,-0.062182889923111773,0.6398156728380939,0.5067217559490985,0.3882352941176471,True,5
-0.53806544451273475,-0.75336495366575507,-0.37805664127152544,0.8159540519890065,-0.5780399925598223,-0.0094208303329082338,-0.21143453470053963,-0.31354587158761088,0.92573453211292211,-7.2694540164442154,-17.589945096210847,0.63344997130773695,,0.4813615445521542,0.7560975609756098,False,5
-0.84806931825601362,0.50301938327023399,-0.16658310684824262,-0.5147034846771158,-0.85671879147786201,0.033365179303356959,-0.1259315460637786,0.11403689044841844,0.98546275085506962,-15.80961553949667,-15.098427261325954,-1.1373930091163924,,0.09292681866136854,0.2083333333333333,False,2
-0.21427666251085847,0.96623594310181804,-0.14308603761844785,-0.9747856294989744,-0.2021939746035338,0.094395832303727445,0.062277511394528404,0.15970503715339002,0.98519836209889144,-12.517790084114965,6.5988162332420632,-3.0422931386824907,,0.0946843517690486,0.2982456140350877,False,2
-0.93464112830511969,0.29824325179535005,-0.19364122505052953,-0.31384370995859456,-0.94788623058346755,0.054898265816801683,-0.1671768135835828,0.1120832575757951,0.97953522467098619,-11.67004427870271,-4.7776299330045244,-1.6749560452914063,,0.07904606874543646,0.3653846153846154,False,3
-0.58725263293630436,0.80110415857405415,-0.1156134603959887,-0.80797236431728248,-0.58869407322049228,0.024898727971643012,-0.048114484398343343,0.10803432450116174,0.99298216556021757,18.225093040482726,8.8739517221553772,1.424328573890739,0.2573816299698739,0.3612016748314321,0.3684210526315789,True,5
0.65937758659010781,-0.71531047316638829,-0.23141332131293291,0.7501224244074336,0.64657826737751911,0.1387547929125322,0.050374067770225628,-0.26508012210190929,0.96290964382060162,-8.1157064860123977,-14.112912771060657,0.044901653275912563,0.4467738886166207,0.4164308792226765,0.9196428571428571,True,5
0.25208438374889081,0.95383178054997564,-0.16327399634603657,-0.95510008637670163,0.27237778639231847,0.11659402421753071,0.15568329542105519,0.12655147526948929,0.97966700242171922,10.966012048751638,-9.5516145474597032,2.0997944679764191,,0.07869120945799678,0.2894736842105263,False,3
-0.93233674759329932,-0.28715017750352334,-0.2197566031928101,0.28144906183844426,-0.95785032892096289,0.057525411569683438,-0.22701236679398462,-0.0082172346745750802,0.97385720841245249,-1.0833085711052457,-3.9005700679248885,-0.76724118453272727,0.1560943193227879,0.1289882329156389,0.3640552995391705,True,5
-0.80676795793968836,0.56475805201716123,-0.17370608718063701,-0.58117354163938195,-0.81150132778882877,0.06085153650735238,-0.10659632517194549,0.15004645173661912,0.9829157063457109,-13.920003884853811,-5.9146975427994706,-1.8994448789700398,,0.07137298554308363,0.45,False,2
0.29271839407713179,-0.92628312955991898,-0.2373088823908362,0.95545550923669897,0.2735570673151812,0.11077590347705538,-0.037692328637873945,-0.25916422363937525,0.96509750468398525,-6.0544274411828036,7.3006363287699241,-2.4044459259402005,,0.06663163552474696,0.2241379310344828,False,5
0.9778479461385492,-0.009821248154424693,-0.20908595676733382,0.054374879806580713,0.97652472213645292,0.20842945929581122,0.20213056839241825,-0.21518134245564485,0.95542672308259491,2.4092230422249021,-4.9547227199673838,-0.08674184199136839,,0.08765534799635366,0.2777777777777778,False,5
0.89389888537994178,-0.40021732614427347,-0.20191798971470204,0.43552447487992857,0.88203214066145197,0.17982695743613947,0.10612829263236392,-0.24868734325273767,0.96275198821338948,1.2543853505016913,-6.1144172769694647,-0.043002999440423149,,0.1396040948893955,0.2272727272727273,True,4
-0.97865388954536481,0.026022415763670786,-0.20386122327591347,-0.00075006489385060404,-0.99239691169438005,-0.12307642772729484,-0.20551399436628201,-0.12029631555986935,0.97123261610303047,-8.100720583585959,-10.343269343182641,-0.35663577385642786,,0.1123215629428329,0.24,False,4
-0.93333243495240115,0.28311501358464403,-0.22076334602643796,-0.2883840822856939,-0.95747542133137253,-0.0086855414654947588,-0.21383448494118074,0.055558137381283144,0.97528872977219538,-9.904381832196492,-15.322419372540201,-0.07996626372117159,,0.2263100204960145,0.1578947368421053,False,2
-0.95026484499645436,0.23744940831177219,-0.20153040181634022,-0.25709152577397221,-0.9632931870360335,0.077266960501715956,-0.17578586899713314,0.12523583473731476,0.97642988174193668,-10.712316629576492,-2.9410024118342077,-1.6844556017873917,0.1485387026955405,0.1138577177341147,0.4857142857142857,True,3
0.96955169170244393,-0.080373811219473873,-0.23132135134264367,0.15595600396139347,0.93093446996853824,0.33021014135364146,0.18880477204065652,-0.35623175475307423,0.91512386864305006,-16.628833928820061,-4.935864669774535,-2.4835401407943007,,0.5562809980811914,0.2580645161290323,False,1
-0.27731724558240523,0.94889674479239527,-0.15063237708071417,-0.95974089613001046,-0.26630786055820282,0.089317051566203121,0.044638073414463103,0.16933721128951915,0.98454677454884598,17.19466782805554,-10.713638254621484,3.5126210133351505,0.2319782168597272,0.2500370112633788,0.6029411764705882,True,5
-0.24936543702416064,-0.90751409437249575,-0.33798675615032359,0.95592970925073129,-0.28652370069978211,0.064051228786913786,-0.15496860904570711,-0.30711941887899347,0.93896879221722163,14.531379502283425,3.2864183979301438,1.088862210884779,,0.3045346321398816,0.3333333333333333,False,4
-0.97434022136718634,-0.012528638717357619,-0.22473132010922098,0.019933894749545981,-0.99932945300824616,-0.030712931972604274,-0.22419583596993328,-0.034404615419006385,0.97393662502835054,14.746170234933354,26.955344068626832,-1.0771998204639437,,0.2355929089995657,0.1176470588235294,False,2
0.96830483466628614,0.14813041384250111,-0.20110476786179679,-0.12094501932285037,0.98253946629545019,0.14138068988673155,0.21853615138665997,-0.11257698551081464,0.96931335122879936,-18.408921838321032,9.9471486451948614,-4.4039546529279034,,0.5836894251932194,0.7926829268292683,False,1
-0.43591513568927781,0.88178408439417932,-0.18009670453985918,-0.8999722786062464,-0.42591641552921783,0.092979055292164645,0.0052813082923957033,0.20261301905815776,0.97924464373866216,-7.458965366445284,-0.8706938542996554,-1.6003824295858271,,0.08884864644711835,0.5952380952380952,False,5
-0.23831619044029309,0.95991817697065762,-0.14752114050316745,-0.96959845538574674,-0.22647935960194723,0.09266032046062464,0.055535832465173463,0.16511872454576768,0.98470887988114486,-0.92119858501057239,5.3618136215422316,-1.6009347048646845,,0.072428789937697,0.2937853107344633,False,5
0.81066625103453083,0.55128101117755957,-0.1972548507608021,-0.53804104640036055,0.83427602758351327,0.12039660372235464,0.2309373547567044,0.0085297429339976499,0.97293123172373053,1.3999077416667109,2.3136511707514331,-1.0731075671791559,0.4348547305581599,0.412230443370991,0.9435261707988981,True,5
0.0055142421365439367,-0.92074314910970956,-0.3901302942623105,0.99283205985670009,-0.04153831053707794,0.11206725515702494,-0.11939051073834976,-0.38795182964546349,0.91391426502729212,-2.3185505526096568,-8.3542082177376091,-0.017699252067576381,0.4296371783540718,0.3588308045495135,0.1454545454545454,True,4
0.33386339930887315,-0.9098505045838543,-0.24638849386777015,0.94204522114124944,0.31292104303728668,0.12095958891046886,-0.032954998510956915,-0.27249308272497602,0.96159320293988182,-8.6728621111085697,-1.2335022730521739,-1.6720197375322954,,0.06996305943255536,0.1777777777777778,False,3
-0.75394686461004179,0.65605248514388037,-0.034047937987883137,-0.6528006527171949,-0.75400039858430434,-0.073039076847364853,-0.073589626692166121,-0.032841066840917921,0.99674772694602054,-2.0542125958546742,-6.8149907870810624,-0.22117008907507851,,0.349370449585218,0.3076923076923077,False,2
0.97684853803648786,0.090360092040357803,-0.19391231910952691,-0.035040139328139937,0.96175884247783316,0.27164704590987809,0.21104293963987869,-0.2585633049799545,0.9426589494329336,-0.63500910018738987,-19.994030906700541,1.6986689368355616,,0.2020870281614963,0.1304347826086956,False,1
0.14251579664693459,-0.96065165026878541,-0.23840649014225324,0.98696599168804533,0.11973488797799484,0.10752528936082571,-0.074748772279696257,-0.25062315024106552,0.96519462162090475,-2.631499205887708,-22.409350670354666,1.8862828218085026,0.3989502429136652,0.4292248094626853,0.8666666666666667,True,5
-0.58393352469529936,-0.73307953429515649,-0.34873490667628898,0.7771641102467336,-0.62895346748078607,0.020820218257694631,-0.23460090468991468,-0.2588666300269149,0.93699011914597119,0.96969836443025692,-14.033834050595829,1.2066108655668444,0.2855343594214858,0.3219038038362153,0.5,True,5
-0.77837111390540836,-0.58310483164796456,-0.23265245398760265,0.58475122895191989,-0.80824215938933064,0.069358575712682349,-0.22848284241245304,-0.082057096551557462,0.97008361682313493,-14.914019748634523,-2.9328356071065125,-2.389048025561848,,0.4962528586760408,0.46875,False,1
0.66608263410922475,-0.68767544542440595,-0.28885360703730661,0.74371804139768627,0.64177903929308089,0.18709126014766286,0.056722124763686266,-0.33944387825441191,0.93891450839674306,17.303961944807611,14.889877792631323,0.64077239311606216,,0.1410226346288982,0.2727272727272727,False,2
-0.42784926393381695,0.88812053271744573,-0.167889626591324,-0.90383921748182106,-0.41948680717112552,0.084294054068049906,0.0044357967878826676,0.18781037770862968,0.98219528899898567,-2.3965479864671599,15.127403092167155,-2.9763386041807598,0.62043223933735,0.64602225611807,0.9484536082474226,True,4
-0.20734920019759473,0.96782266182663135,-0.14256789411446152,-0.97687939785344946,-0.19708510067609958,0.082849895238160567,0.052085998376725923,0.15645049806985656,0.98631145711017365,-5.324999057431107,-3.349862439526158,-0.9599485119835387,,0.07226879534975311,0.2993630573248408,False,5
0.56351801565221971,-0.78168787370544435,-0.26722932873703709,0.82549728666072764,0.54522176761064578,0.14590220642368826,0.031649261463148046,-0.30281560763174886,0.9525235073337841,3.9226930097873782,12.11075760050511,-1.6465830753833228,,0.09772080234542695,0.4333333333333333,False,5
0.93603726479710869,-0.24518246616333153,-0.25242780591134312,0.32005053514516701,0.89135454958970817,0.32102137293180572,0.14629386133546471,-0.38127762222794559,0.91281185406619492,-6.1369324408355723,13.269727034699597,-3.0347614478900331,,0.1784935801465338,0.3333333333333333,False,2
-0.98009121764190654,0.116528379088809,-0.16075553479784166,-0.10310979313146509,-0.99063916977522526,-0.089456167296834518,-0.16967491170350363,-0.071099733993789105,0.98293196721055964,1.3084558878615085,14.798156960272266,-2.3632161540953347,,0.1295081826677407,0.5,False,4
