axis_00,axis_01,axis_02,axis_10,axis_11,axis_12,axis_20,axis_21,axis_22,location_x,location_y,location_z,dbh,dbh_approximation,score,reconstructed,number_clusters
0.49596709532572908,-0.86282673869161131,-0.09770700769625669,0.86745443737321515,0.49739825886577393,0.010852242110032648,0.039235690839811668,-0.090138732385661238,0.99515605283203123,3.6607286133269756,-9.6817244015502926,-2.2298502132265625,0.2674453295549479,0.2216469401789977,0.3181818181818182,True,5
-0.25390659383026409,-0.96554274697774023,0.057084545791258733,0.96044191337772133,-0.25866477424778495,-0.1031691116114018,0.11437994857865914,0.028631072666309251,0.99302441512841033,-12.984211873140444,17.313948461098079,0.93063058631296558,,0.09583506054602267,0.2857142857142857,False,4
-0.8681522937161178,0.48098720431976349,0.12232295040630017,-0.49542854665031927,-0.85447810293853577,-0.15626172520010911,0.029362392262836289,-0.19626125669428471,0.98011191658982699,-3.4490755314901596,-18.810495919122417,-2.4843018101362593,0.1679936922469633,0.1747547403313689,0.711864406779661,True,5
0.39154337046700155,-0.91628341269365687,-0.084371183859225068,0.91725840273605885,0.39594016082574623,-0.043225127592381923,0.073012407530746601,-0.060465665197275795,0.99549640465388745,-0.57933697720715061,-9.7328793994914982,-1.9821363011172255,,0.5483638739947116,0.28125,False,5
-0.33123108020784131,-0.9433999571782925,0.016807507261423493,0.93626766324755306,-0.33083140284588403,-0.11812470380065046,0.11699929171287118,-0.023390247690451518,0.99285651634647931,-27.602141632791451,-3.8026759630955906,0.75812358593937446,0.3259560410793222,0.3204816138118653,0.9142857142857143,True,3
-0.67876820940232985,-0.72460193451970389,-0.11927176696543772,0.72451104953965306,-0.6342784751527103,-0.26976759451962234,0.11982260638003825,-0.26952338015143595,0.95551017291917895,10.595749452849262,0.17923954293018188,-1.8364899086897695,,0.1957986646948598,0.2608695652173913,False,4
-0.35199873505804236,0.916557653828728,0.18978661102806216,-0.9306638775718955,-0.32110055475339822,-0.17538295447364677,-0.099808003188038077,-0.23836212145607108,0.96603408923007439,18.515190509922558,7.7594380605895559,-1.7481182465943115,0.2726181075072645,0.2372598231330368,0.5454545454545454,True,5
-0.71620492091133592,0.67140869874460418,0.19042287287105156,-0.6977667690154804,-0.68377866501149209,-0.21346726524879464,-0.013116680985841823,-0.2857570585745513,0.95821232310732474,-7.8650860097083362,-16.959998018774542,-2.1714439862478425,,0.0926885923359144,0.2272727272727273,False,4
-0.34683035687237945,0.92587493771626261,0.14988096363676662,-0.93616615596861286,-0.33194053592296324,-0.11579468480948582,-0.057459829191618454,-0.18047459743710181,0.98189983588408236,14.737036994369536,-10.572377451780284,-2.9650373744287077,0.4282482718693598,0.435499801193873,0.5208333333333334,True,5
-0.79720125431339206,0.59432012453756222,0.10608369191733057,-0.60352417436769568,-0.78895285168006801,-0.11537750551853772,0.015123857806317108,-0.15600316469721248,0.98764076542511592,2.7946618289504692,-2.7605855379548299,-1.6649132551231407,,0.06552418046665973,0.2359550561797753,False,4
-0.95121631184601396,0.26860612471629725,0.15178365472922384,-0.29579498955785327,-0.93383185303413596,-0.20115515009887841,0.08770890622129969,-0.23623890455156993,0.96772843698309197,-13.502361425405454,-5.2631600421283835,-0.94932292928857076,0.3620278581775697,0.5254202622303814,0.8126582278481013,True,4
-0.99442076180056782,-0.051150007906226994,0.092255217690765334,0.039709990363861351,-0.99175574264995348,-0.121834574674599,0.097726481392095665,-0.11749137675604672,0.98825366744712262,6.1572896989843953,-3.0864739959772352,-1.8700991490714882,0.216841872448497,0.1585706753950354,0.4736842105263158,True,5
-0.38927055328489879,0.89770386930929602,0.2063884671496623,-0.91937305196421837,-0.36484579159008068,-0.14710791848505869,-0.056759383957791794,-0.24701277575487035,0.96734846924291273,-25.466854948011367,-2.8146166363515599,0.56791784204968976,0.2986940199937431,0.344317008722822,0.6521739130434783,True,3
-0.99305181472188486,-0.049648330631436546,0.10669178292204293,0.016693543923368259,-0.95690748722342722,-0.28991272218898312,0.11648784858881783,-0.28611729091625959,0.9510875232963002,-16.234598519585404,13.278326721321356,0.932644400340222,,0.2344073559673888,0.25,False,4
0.31332842126337462,-0.94903170165558304,-0.034119344678782623,0.94419018614134032,0.31517288670098387,-0.09576504520413387,0.10163755616396075,-0.0022092399772533355,0.99481904205525773,10.166205253664726,0.7236193269753205,-1.7608526736985666,,0.7189660130821607,0.6630434782608695,False,2
0.95213062251621228,-0.30565731204659036,0.0045700393152433294,0.30418259779296825,0.94880861960362051,0.085059688253559473,-0.030335208369334225,-0.079597807496969819,0.99636537684469129,18.93369446933195,19.700929979138717,-0.90295498909719207,,0.3051108063311423,0.3684210526315789,False,5
0.15971892158877601,-0.98652100960390765,0.03558319401918171,0.98421953562896558,0.15635796953651251,-0.082849810191234274,0.076169362428885445,0.048254357031333094,0.99592657623675818,12.267538382024469,-5.4152158146431999,-2.3891827530055614,,0.07331416758807618,0.2352941176470588,False,2
-0.84893073201864633,-0.52705060258740555,0.039169816779491905,0.51756020485158949,-0.84406965198351569,-0.14027778496400942,0.10699554471223138,-0.09881338427905767,0.98933708537538068,-4.3267672135819151,8.0791688410873626,-0.57557336948348536,0.7096940112389161,0.543864788196012,0.865296803652968,True,5
0.9109907953542935,-0.40424908135678872,0.081721790251711487,0.40880775281740472,0.91128442515490893,-0.049365146677304551,-0.054515979456817396,0.078379695663356438,0.99543188179381936,3.2852542411155397,7.5029434926769447,-0.94939586678837273,0.6243276037224782,0.3840342488456739,0.6835443037974683,True,5
0.17489076760142616,0.92801824761224827,0.3289306180738964,-0.98222719345608223,0.18756744044363105,-0.0069423137938818963,-0.068139267997034916,-0.32187045124415586,0.9443285724644318,-22.215269331495094,-16.239639981936946,-0.90497158613222772,,0.5343807909712327,0.2727272727272727,False,4
0.15907939293521828,-0.98698014908239495,0.023747253749750022,0.98378005748799269,0.15645238230838746,-0.087746513087136921,0.082888752145772571,0.03732073669319496,0.99585973780467363,4.5913958789003715,-3.6300984262613998,-1.8187416033891466,0.4385539860000044,0.2809557177232673,0.36,True,4
0.74240961508402037,-0.66689045760534227,-0.063914638274307906,0.66994611219680711,0.73896442489283243,0.07144078313673799,-0.00041253264313594745,-0.095857687734184349,0.99539496357932,-10.006912389995636,-16.158568516128888,-2.0155034871151867,,0.2256834413597441,0.2941176470588235,False,3
0.46731903058754254,-0.8836972276532763,-0.026308429991763652,0.88390625572247672,0.46762025703325449,-0.0064051781257936785,0.017962592947279157,-0.020260924215470349,0.99963335288721922,-18.821693941050746,16.43490987398329,1.6766546389279864,,0.3144885802287538,0.75,False,4
-0.3776097171306439,0.89797986158901433,0.22592713362739508,-0.92409390750527987,-0.34995496965224743,-0.15356421890309974,-0.058833252843436268,-0.2667652289865946,0.96196411625569023,3.937470801853256,0.27155187115958057,-1.4610980855237428,,0.1311395473257169,0.1578947368421053,False,3
0.78178909190000234,-0.6189580750431104,-0.075476599851192358,0.6210325003445315,0.78376712418863159,0.0052657911942641383,0.055896773627724439,-0.050990159638988487,0.99713366923296776,5.5825010177381929,0.12283965075344988,-1.5689261547146964,,0.8081093790302792,0.4793650793650794,False,3
-0.45940025207049051,-0.88060897640425606,-0.11610012521018157,0.88611415887953637,-0.4453590469619999,-0.12828490449898164,0.061262597323190629,-0.16181208226009974,0.98491814086444218,4.1005460997222931,27.252428214105898,0.57444948314882249,,0.5899608537414955,0.4927536231884058,False,2
-0.97355379171875567,-0.21448579957005912,0.078669285066193972,0.20208435195047655,-0.96911232897063138,-0.14136197697356487,0.10655951072893306,-0.12172565719646436,0.98682720627944753,-0.24532375748319435,3.3623792482184864,-1.0705181045304952,,0.1045611182796378,0.357843137254902,False,5
-0.089216051050717976,-0.98365814146891672,-0.1563878414610067,0.99004872910787489,-0.07042562493729633,-0.12183491020259131,0.10883018986842705,-0.16570121325478757,0.98015258898759938,-14.870140186947458,-17.163748752283261,-1.6722440182452354,,0.1491117808801138,0.2777777777777778,False,2
-0.75717245233097441,0.64103665172825897,0.12554636025039384,-0.65304966744602067,-0.74719222956865416,-0.12340949688280209,0.014697254156500764,-0.17543028020626092,0.98438214505699584,21.570592794818349,-1.2221537345878681,-2.6177056905181879,0.2110857430685066,0.2091632833341225,0.35,True,5
-0.97088071392254138,0.2163877006505518,0.10279592569952967,-0.23169372174740915,-0.95722754619928385,-0.17330159866582937,0.060898757262281097,-0.19207235044239235,0.97948943514437392,11.461943711674653,7.6578898690807655,-1.3628400250750528,0.1961348707009971,0.1877695523728157,0.4375,True,5
0.94704256121797614,-0.32084016812620314,-0.013113876560566187,0.31627709378761681,0.92495896690009471,0.21075983843315399,-0.055490424281627836,-0.20374615595848639,0.9774499049798846,-9.427153646122278,4.8186926385381668,-0.74839031760057062,,0.5498275505001766,0.2011173184357542,False,1
0.89263553078477309,-0.44829399769603628,0.047268391238687736,0.44949377134206642,0.89309625235197865,-0.01828752469685678,-0.034017035515660154,0.037570941757668376,0.99871480695450277,-17.169839034349746,10.765027366544683,0.8357449676869465,,0.1061097448331682,0.3877551020408163,False,5
0.42580627073410326,0.89508975599303242,0.13230022116326234,-0.89626387641141014,0.43730335041460355,-0.074005699484258336,-0.12409707346874617,-0.087063818159411638,0.9884431232620301,-15.882537885109365,9.9737583975583846,0.59699038326923837,0.5679080516569871,0.2960570338366953,0.4583333333333333,True,5
-0.91825154574631529,-0.39576495312607013,-0.013572052594280806,0.3795012574556707,-0.86969317404164925,-0.31561460456532486,0.11310567768271865,-0.29496420952800567,0.94879039875699178,-20.966280724011163,-0.83304053370257791,0.14942264655180737,,0.4192365158502225,0.4210526315789473,False,2
-0.58402740639574069,-0.8102128982530038,-0.049669387786984681,0.8015540835153423,-0.56596230797017433,-0.19286709713415356,0.12815240839931857,-0.15245237112469964,0.97996695595306316,-1.818059243962558,15.788526492941866,-0.13640220957806323,,0.195373392049181,0.25,False,1
0.57456332729684245,0.77612492377607012,0.25982125705794512,-0.80839783218610461,0.58777066589901505,0.03191534467047269,-0.12794501882600984,-0.2283763275872038,0.96512917537259968,-14.374478121101657,-23.941159356303718,-2.1403902203531957,,0.3007599107523578,0.1111111111111111,False,1
0.96595535696964574,0.22828051895513263,0.12173024688719702,-0.23187667794702646,0.97261274367838491,0.016051699556554333,-0.11473209910872184,-0.043731630428995555,0.99243341838842092,2.9137321537360745,22.092931958453228,0.16534517583245462,,0.2160041660386968,0.4210526315789473,False,5
-0.65843156753329946,-0.7501250675733262,0.061483769189554068,0.74043332879456125,-0.66024062173182541,-0.12586026785835686,0.13500502392817415,-0.037345741568280862,0.99014086831160941,-21.602975117250349,-1.7569735966425339,0.12470484541272547,0.2047981995732162,0.1209826771192171,0.3243243243243243,True,3
-0.68072483756665725,-0.7310494835761856,-0.04669419752859609,0.71965275840397802,-0.65548623229553427,-0.22899280904113523,0.13679767118409916,-0.18948470079137372,0.97230753639196388,2.9686975430365585,5.7171999318380848,-1.0370673317939458,0.6176677114324017,0.2983325708411783,0.2142857142857143,True,5
-0.96399481948818022,0.22812981986283651,0.13664103808629838,-0.26065158359591367,-0.91239544410778584,-0.31558723919116155,0.052675800600407462,-0.33984016663824002,0.93900688025722157,-15.728919673133129,11.080175084563052,0.68518051761755216,,0.7006718807364491,0.2619047619047619,False,2
0.72365065200716372,-0.68836122247235343,-0.049885481314446242,0.69009983667108488,0.72269241878661639,0.038443247194952609,0.0095890185185472793,-0.06224544340525788,0.99801480725444847,-10.764481871227327,-8.106524489165249,-1.290663173414611,,0.1411145758815856,0.3076923076923077,False,5
-0.35664648076690109,0.90109332609087023,0.24664570831676114,-0.93175799726516939,-0.32384999531572284,-0.16415911508779124,-0.068046471539565501,-0.28836088189714387,0.95510087399316945,2.3689687759372671,-6.3312498940312061,-1.9159445960960542,0.364212985633777,0.4773222610320754,0.5095785440613027,True,4
-0.95073316981749523,0.29266737821950944,0.10223622418153248,-0.30468877888091012,-0.94298103950528334,-0.13398323461387202,0.057194298953985298,-0.15853253565011377,0.98569581885463442,-5.713015259177574,2.3263940291606633,-0.9129858915114577,0.2383659274919306,0.1942013422234534,0.779510022271715,True,5
-0.057644689967999506,0.98730792675859635,0.14798698415109632,-0.99483185421843112,-0.0443967645923454,-0.091315437501288371,-0.083586311982363715,-0.15248601592728256,0.9847646131923169,3.1438499836783094,-8.5866665228736458,-2.1146541227702267,,0.1469184397189768,0.4705882352941176,True,5
0.84793088993392551,0.5197005578435463,0.10452050551430538,-0.51579747500952833,0.85434848285127241,-0.063573851727909997,-0.12233630152025265,-5.1801588240377172e-06,0.99248870487452401,1.4549504992831668,17.206857278198381,-0.15036385374444905,,0.09170394487605146,0.28,False,5
0.39119456465263486,-0.91968868565700856,0.033756985361822638,0.91855518903486133,0.38792398522299737,-0.075969377948199995,0.056773033064687978,0.060726461803653653,0.99653856902452287,19.747906747093349,2.6509889502636463,-2.2397621717263592,0.2908229451704331,0.2338373425454898,0.4814814814814815,True,5
-0.20256637745309589,-0.97311009477947941,-0.10965220546712087,0.97282874773224404,-0.18714839070837008,-0.13630740053637108,0.11212087366429721,-0.13428411407735871,0.98457944646189677,-5.6431932320716935,-14.806930412536371,-2.0715981138930126,,0.164948169052557,0.2272727272727273,False,4
-0.91470026704542662,0.39271363428533207,0.095390895338246753,-0.40192062050484828,-0.90865244274087187,-0.11318371399651753,0.042228382398852696,-0.14186874126266885,0.98898433959922905,10.033239598661702,-0.77413819901947178,-1.8958002400695551,0.150233587975211,0.1022648962314012,0.5675675675675675,True,5
-0.74621000247686975,-0.6639129578433407,0.048889841594925876,0.65304713287383032,-0.74429480302902085,-0.13983807932484288,0.12922876788370347,-0.072421202639129614,0.98896668040918456,-0.076594545005404704,5.138963873274931,-0.97501062701381003,,0.07874896412614497,0.4468085106382979,False,5
0.21252908191121814,-0.97397942184457997,-0.078711340766568605,0.97346187266845574,0.21803433834318767,-0.069519851582627121,0.084872679955312183,-0.061847498951409036,0.99447046968256303,-6.6547217179879619,-10.544693427087466,-1.7218932579288861,,0.2261848336245408,0.3716216216216216,False,5
-0.74754790359476841,0.64579924392627475,0.15529155925329621,-0.66419105642698872,-0.72847596527226621,-0.16784817122340728,0.0047299464551959353,-0.22861781331491471,0.97350476272160025,-17.531358214068618,21.151632374148985,1.9963232309480059,,0.1183797353121747,0.2,False,1
0.98798200890237742,-0.12944157299765952,0.084477389076104498,0.12895956385428065,0.99158704184452939,0.01116106341397323,-0.085211389941355062,-0.00013276260242132444,0.99636288640151338,18.187482313504031,9.180582505734213,-1.5854991843033848,0.1751050660493861,0.1761854797066528,0.6829268292682927,True,5
-0.12850436197164156,-0.99164649429349505,-0.011129209750962113,0.98634927615135637,-0.12663665813761465,-0.10525332418232994,0.10296472400756991,-0.024502799251442789,0.99438316480061495,0.086847101183180786,-3.6358895474472526,-1.5668881515757087,0.6614314544739937,0.5915789867394502,0.8779106356198867,True,5
0.31377075174648622,-0.94942910446979745,0.011501779606862148,0.94882171058642406,0.3130666282647197,-0.041552951601702318,0.035850758266716812,0.023951239062722438,0.99907009828092808,8.905297446961205,21.74942947914203,-0.14183346173946973,,0.3251228373415601,0.6,False,5
-0.73450450285252822,-0.6755505411334789,0.064300868296044283,0.66618653702703179,-0.73586368719314565,-0.12124409987475873,0.12922319131368273,-0.04621796452433892,0.99053786731347881,-11.990388351423931,-9.4683146901406818,-1.2857360540646323,0.3197181909161489,0.3099381585074971,0.8053097345132744,True,5
-0.051645958120973535,0.99226163265624345,0.11291389360097848,-0.99462398250800665,-0.040945512129373716,-0.095113608155595206,-0.089754266916283396,-0.11721909995742907,0.98904188696712492,0.45615773981039259,-16.427457649217107,-2.5183149264160964,,0.1359213620513306,0.7076923076923077,False,5
-0.99612504196222329,0.0027647555192628253,0.087904817289372383,-0.01632069327628867,-0.98795616236442796,-0.15387090763732375,0.086420690501410241,-0.15470933188748248,0.98417299641891642,9.1978544109534841,14.088938095861785,-0.73933836925134544,0.2330702002075887,0.2193798499627664,0.5294117647058824,True,5
-0.079970951698042247,0.98976959952358767,0.11815577321242282,-0.99319769180810835,-0.069055982274644614,-0.093752953548829635,-0.084634460307574641,-0.12484955414818297,0.9885593542916099,-15.932482035672619,3.3172163339869583,-0.12311698984379062,0.7394114818586132,0.6129497757288334,0.875886524822695,True,5
0.74342741839977344,0.62610099519451445,0.23518762167232912,-0.65629375324027428,0.75064530543273222,0.076224240826618481,-0.12881841106473113,-0.21101935752020212,0.96895647359544457,-21.958304690471934,-31.56241048550169,-2.2791536590456301,,0.5851108179238089,0.4318181818181818,False,1
0.78331577620341664,-0.61620864794404395,0.081873664568107907,0.62151127594103373,0.77885916663654164,-0.084274150392510253,-0.011837593884994481,0.11689867726028565,0.99307329569665115,0.27996716835027746,-2.1472981166331326,-1.4869246474753242,0.4333435886021304,0.3978978238605484,0.9903225806451613,True,5
-0.75937181878970772,0.63662766099221957,0.13438624218120798,-0.64996668862744122,-0.75172129021798972,-0.11161722764734668,0.029962384796438465,-0.17210555799443561,0.98462273607952688,10.374739390266011,-4.3175046539246829,-2.2065225790838792,,0.1248327145691622,0.1739130434782609,False,4
0.26320699163113376,-0.96053666334101362,-0.08995219805096788,0.96240984066746438,0.26790325415727478,-0.044667046000028729,0.067002821902621107,-0.07481420179120328,0.99494394669621011,-16.163560525245742,0.80827321910896865,-0.30462256234941609,,0.4473938206613221,0.2833333333333333,False,1
-0.11604838996466674,-0.99114883852608371,-0.064472870845061106,0.98494450708859116,-0.10646242279628153,-0.13619864348942126,0.12812918926857109,-0.079307833287394075,0.9885813969707492,-0.67396969576599175,13.568752221306395,-0.32298154289159386,0.5365595624143056,0.2456119247019562,0.25,True,5
-0.74585786514205921,0.63366939534330546,0.20532691594376901,-0.66579610447247706,-0.71859787547611109,-0.20082987982492645,0.02028773705972458,-0.28649640620166505,0.9578664922412341,24.648296267675917,2.9256879562102851,-2.4593950211590552,0.5795133641298823,0.2608901312667342,0.1875,True,5
-0.16115555786481839,0.92600982177928315,0.34137178579604388,-0.98382498512295158,-0.12332084893057443,-0.12992446600570445,-0.078213073185396512,-0.35678814188162616,0.93090543934147973,-17.905449487007768,-34.489826168713151,-2.8502828072973343,,0.1772880668806077,0.1818181818181818,False,1
0.94082369896999551,-0.33171704337735891,0.069387106795136988,0.3324712731065978,0.9431131091427406,0.00071827709998878442,-0.065678154779914927,0.022393447615265738,0.99758955161359264,-7.8467738685045214,-20.233919494505432,-2.3213303924162432,,0.1415170332177194,0.3421052631578947,False,6
0.71877022217063424,0.66924609779168631,0.18835877550934538,-0.67978198656371658,0.73332398936005794,-0.011505536603713118,-0.14582804416252293,-0.11977306550160854,0.98203288861223126,15.240102425163606,-2.1057195376063187,-2.3495632851430406,0.4523115270552518,0.4332318097843668,0.4418604651162791,True,5
0.99507465027562014,-0.042071865458040481,0.089757442675988119,0.045391654719499713,0.99834642821297837,-0.035270482789647173,-0.08812512729453767,0.039171002173414154,0.99533893449822031,7.828552086858684,13.280061629264216,-0.71138153318041475,0.2258011340589152,0.1789588228858442,0.3809523809523809,True,7
-0.61346845172093045,0.73848432471342929,0.27981665585821536,-0.78970724805246229,-0.57561118047620985,-0.21221270292843342,0.0043498409777369615,-0.35115903955805383,0.93630572347932062,0.95552135232759117,4.760627047841238,-1.0594556930199304,0.551675918267678,0.3560192843969107,0.6015180265654649,True,5
-0.99519088769790331,0.073299756687675244,0.064978786635215072,-0.084095520352154368,-0.97950164867118039,-0.18304224568972616,0.050229876565223458,-0.18762639984811647,0.9809552964229693,-17.451535475053053,17.111692019852072,1.5163587164723944,,0.2513800002917935,0.3333333333333333,False,4
0.40973978041771947,-0.90093070085999605,-0.14295868141234294,0.91069786860599899,0.41300671558151991,0.0074057410875925794,0.052370835965544163,-0.13322659318800545,0.98970094998832259,1.7675777829711954,12.795011201007711,-0.46986737594499584,,0.3077099864699258,0.5416666666666666,False,5
0.48550253996513837,-0.87298306469450171,0.046774484967699759,0.87287380448694274,0.48106735936785161,-0.081642618719220905,0.048770945529987585,0.080465921404260524,0.9955634737999749,10.151602716791693,18.073482245052418,-0.45002524378785635,,0.08349369967286248,0.1666666666666667,False,2
-0.0080220544920135278,0.97949792952158199,0.20129444280620407,-0.99562277707224778,0.01092161551377426,-0.092822433115675687,-0.093117841559348699,-0.20115795877245884,0.97512283493200236,-34.359139535220265,-0.15744181544884289,1.9955508758247074,,0.17784313648512,0.3809523809523809,False,1
-0.63081303147484924,-0.77254211408611628,0.072481730697224078,0.7651474960013801,-0.63484537635855676,-0.10733432572565522,0.12893497851370428,-0.012248676643482122,0.99157740052713705,22.57452892057719,14.63688642873668,-1.493429396121577,,0.1381825634062816,0.3333333333333333,False,1
0.85592011209884511,0.50143825316793955,0.12633463485752955,-0.50139688467358812,0.86453098076440826,-0.03445790675811395,-0.1264987183505058,-0.033850576928844169,0.9913890319633677,12.53016651384076,8.5621039319141623,-1.3547200395121093,0.3197484104216539,0.3451658071802988,0.9166666666666666,True,5
-0.95311292448563589,0.24305749319559602,0.18027425822871512,-0.28831756675700126,-0.91030943897440353,-0.29700118857242197,0.09191699449918285,-0.335051906897397,0.93770543658798156,4.5194886459543433,-20.485195817047472,-3.042364314859634,,0.3952479720897128,0.1346153846153846,False,2
0.55028878898171796,0.8056832537016787,0.21921848331222385,-0.82885758507685314,0.55881573780643312,0.026834210262659211,-0.10088286465799322,-0.19646746775109963,0.97530671162146165,-15.936238370383261,-17.898791112001575,-1.6409556446165143,0.2834508128145838,0.1782737374693362,0.1666666666666667,True,5
-0.74692619171484087,-0.66386728966680919,-0.037168344606809275,0.64425247890089465,-0.7087675792635918,-0.2873799958502361,0.16443846131735185,-0.238597444025023,0.95709521581936097,-22.330710932396478,13.30020062292107,1.8167522078324054,,0.3176963112513285,0.2727272727272727,False,2
-0.048532300818360463,0.99156433642429576,0.12018644893964259,-0.99557117234534331,-0.038323231087318374,-0.085845039192409947,-0.080514946265861545,-0.12382042113671368,0.98903278344923018,-12.616689541487004,-11.521636838122584,-1.4136601196294991,,0.07969303898470528,0.1694915254237288,False,5
-0.78097896720295679,0.61319749946785918,0.11857773582325082,-0.62453515414219718,-0.7683465780535087,-0.13999777581821227,0.0052625114903380385,-0.18339128288942508,0.98302591183192412,-12.103388915297986,-24.525578949020147,-2.34128426546572,0.4253275468969301,0.4563904550070751,0.9081632653061225,True,5
-0.90376821981548872,-0.42756280617913822,-0.019825529596068231,0.41254081479223825,-0.8577996194422135,-0.30657770469385309,0.11407489198811521,-0.28525402653953158,0.95163914345768974,9.7965971811630403,3.6147599614622723,-1.5344569018023988,0.584547716727502,0.5725369158843489,0.6170212765957447,True,4
0.33899726094066418,-0.94017126822516794,-0.034041790179246079,0.93899965363696303,0.34036113879329666,-0.049335034904161322,0.057969884805748897,-0.015240787486571442,0.99820198900442902,-22.153255551428682,8.1966684266230843,1.1567214083066484,,0.1078036702165896,0.2777777777777778,False,1
-0.76768894922274655,0.62527218613632174,0.14031525393049971,-0.64080882564045805,-0.75048231192746617,-0.1616797713546842,0.0042102520794868245,-0.21403502687249754,0.97681691275751203,-6.1555261989927459,3.8173658704422526,-0.85234897808120824,0.4908201282964996,0.4620583950628287,0.6515254237288136,True,5
-0.58785005138141222,-0.80525233489226644,-0.077466084459108561,0.7989807520152139,-0.56292125574680763,-0.21154058177485005,0.12673624185715665,-0.18624805228241192,0.97429440520867894,-19.731611309004812,19.820504178211454,2.2045620509621187,,0.7359379636013945,0.5172413793103449,False,2
0.73610091764215313,-0.67306014397647773,-0.071732012635520856,0.67686805449303455,0.73159892680120342,0.0813181843755858,-0.0022529654223001697,-0.10841149797733732,0.99410355157454067,-13.402546903995871,-26.442046322585472,-2.356357105849737,,0.4402629002976896,0.5161290322580645,False,2
0.71535192072702269,0.69125242517803231,0.10218470628057957,-0.6863906084520216,0.72252870218467424,-0.08258454545612115,-0.13091815054079844,-0.01106160950401374,0.99133146760009472,-9.502540007389495,-0.73962173300171119,-1.0572514790195322,0.1832699818644402,0.1379138920966022,0.6422413793103449,True,3
-0.61367320730409203,-0.78729411446246744,0.059776015004922328,0.7795022206527823,-0.61616272562818464,-0.11278201782122967,0.12562437118047937,-0.022615766164470294,0.99182006658783828,8.0448343291491362,5.248509727645037,-1.2944085340934643,0.3692852455168983,0.3572721412918008,0.8983050847457628,True,5
-0.99247411289916743,0.079516409308953623,0.093125055036881649,-0.090628233411987294,-0.98839536206189837,-0.12190624087040108,0.082350825943846087,-0.12942854748911015,0.98816324185896864,-26.021376049954089,0.63380759905095496,0.89048905226812736,0.3294326096322701,0.3321719776044897,0.8181818181818182,True,3
-0.10222870580472429,0.98446071380153855,0.14278093251851046,-0.99122409326950567,-0.088717651908365378,-0.097999873274977209,-0.083809836126415391,-0.15154630058576296,0.98489066913400714,14.069542703401705,0.31242718686465543,-2.0419592558182433,0.2170018398108166,0.1266494106940327,0.303030303030303,True,4
-0.27660959944008362,0.94436998636502545,0.17791137779950711,-0.95913015460478246,-0.25981493757168578,-0.11209614062236073,-0.059636197274839202,-0.20164703585112151,0.97764103683665715,-10.711305399793249,8.7834313252102874,-0.22951759099018335,0.4272034470030167,0.4328708764460951,0.8333333333333334,True,5
-0.80387133125382093,0.57806337049161771,0.14012002884699082,-0.59389046529931322,-0.76700296182980121,-0.24290033299869926,-0.032939308049445254,-0.2784765631793531,0.95987801607550149,-21.417558336463614,10.350439219099671,1.3573732857665282,,0.1421708282849337,0.3333333333333333,False,3
-0.028816885225556459,0.93216303663917721,0.3608900944186833,-0.99558203341851315,0.0055119561470507172,-0.09373384166720676,-0.089364432858699994,-0.36199681139902606,0.92788593408714948,-15.747285008674671,-18.75290751331616,-1.6939255556872224,,0.1897424819158822,0.2,False,3
0.1263620964427663,-0.99041135654164814,-0.055838744755966951,0.98859574092610314,0.13037940099961776,-0.075363604065562306,0.081921191430294721,-0.045678842239201656,0.995591463285181,5.2567256039381149,-12.485776400476963,-2.5072538262366595,,0.09188883696539271,0.3684210526315789,False,4
0.96890311723912825,0.21317240596389239,0.12563548360182891,-0.21432993960596572,0.97675145604063984,-0.0043897734558167728,-0.12365042010766916,-0.022674180427431839,0.99206675942153288,17.048483762215319,7.8162183123108253,-1.6679391890290163,,0.3452943491058981,0.8823529411764706,False,5
0.44818604759731145,0.87384345428961729,0.18848576639706988,-0.88532461304384624,0.4630907935815699,-0.041800077018552741,-0.12381274683111355,-0.14813687689155017,0.98118595048387924,11.156014455408808,-7.9508719022824552,-2.5083065650497929,,0.1214648755523128,0.3125,False,1
-0.85680529146824314,-0.50915326007938289,0.08153312371395223,0.50006228859639024,-0.85904002828196513,-0.10948943936773639,0.12578712189949737,-0.053039490569356383,0.99063838629662637,0.78428697259368008,7.4538270088347991,-0.83544795496083224,0.5148608881425033,0.4637495167110517,0.9846390168970814,True,5
-0.99014162894025948,0.10689888111151111,0.090510683660198016,-0.12663310556759327,-0.95933628848267405,-0.25226561829665578,0.059863270991787711,-0.26124033918480932,0.96341573267658942,21.625869990864743,6.9589281976374346,-1.985471622716493,,0.3052203544507704,0.3636363636363636,False,2
0.62983433680642054,0.70910742664985582,0.31697849398600758,-0.76549022280161605,0.63585303225606171,0.098567946949834534,-0.13165647334920588,-0.30472541548218901,0.94329687489382608,-19.436602535646113,-12.386282656013408,-0.82350567979350819,0.3910066742195276,0.3352253844056202,0.4831460674157304,True,5
0.8667254202386292,-0.49712718892454033,0.040639930415224713,0.49803196337701877,0.86701572011919426,-0.015744983995727213,-0.027408198901092251,0.033886562206546914,0.99904979432199414,5.583542661376014,-7.135729643891203,-2.1353032170979094,,0.1397830305851984,0.4310344827586207,False,5
-0.96629344278413709,0.23487595668868977,0.10540525319903421,-0.24991099310568063,-0.95410991632547359,-0.16498109920330567,0.061818103799067763,-0.18576208584899981,0.980648239433344,0.74427298003991038,-18.616208843963019,-2.7015445696240961,,0.08455516426224693,0.4375,False,4
-0.18199855302749809,-0.98169435834055296,0.056149029361393765,0.97770708888408775,-0.18674941982606147,-0.095986991516725448,0.10471568670308865,0.037427810475088683,0.9937976574541425,1.5356413785854504,-10.913728600207607,-2.1889587265244206,,0.1693677543509446,0.5108695652173914,True,5
-0.64497273530593446,0.6936350996570253,0.32074993255770312,-0.76412109231783965,-0.57910706863638295,-0.28417241127591658,-0.01136340560633866,-0.42837524622597606,0.90352948011332868,-30.852241354238512,-3.4820209491561727,1.1981002462090438,,0.5195672502467148,0.1851851851851852,False,2
-0.994718421030928,0.019045623974771785,0.10085894640115071,-0.033791552445908077,-0.98862108520530545,-0.14658267588900484,0.096919522517571438,-0.1492166682877526,0.98404318607471186,1.8694327735007876,10.628932231408191,-0.65245469836791559,,0.2055887419967649,0.4418604651162791,False,5
-0.09488770562252527,-0.99243351053317796,-0.077923362943887423,0.99153336499971589,-0.087250508547946262,-0.096171382700178401,0.088644849901347425,-0.086389096122812606,0.99230993880795637,-4.913009149226423,-19.750607885323426,-2.4277318500291067,,0.4738664735060165,0.2361111111111111,False,3
-0.54384830652704186,0.79088217600871735,0.28059651309199357,-0.83864498260186204,-0.50023946729734725,-0.21548797765719907,-0.030060150438611467,-0.35251362956598276,0.9353237558866051,-26.929665235143126,1.6888753679112416,1.1438251062587854,,0.5775691766143778,0.4230769230769231,False,1
-0.9483567721488414,-0.30758786147846029,0.077518644147960794,0.29049702643705505,-0.94032317308703373,-0.17721119543291228,0.12740059007186605,-0.14554050167097934,0.98111520833320098,-15.125305944859504,16.809560877394098,1.1377498937071828,,0.1697647112799339,0.55,False,5
-0.89208490976087007,0.39456851350258487,0.22022761391183851,-0.4497429117392982,-0.82250989912428585,-0.34815051225413424,0.043770162407731156,-0.40962562663353802,0.91120306128100959,-10.251999966865501,16.135316374347891,0.4078636108355404,,0.3066514911402036,0.4117647058823529,False,2
-0.093610443769816726,0.96886373746340382,0.22921636731625897,-0.99196247788903225,-0.071075885337577971,-0.10468362328334987,-0.085132410264650765,-0.23717351612674553,0.96772991891881033,-13.999762323747463,1.3923199169717533,-0.54080332075924287,0.2287120782765643,0.1914663526185984,0.2530864197530864,True,5
0.2120053691832551,-0.97439957437639602,-0.074827754827801657,0.97019118196137966,0.21905038565818916,-0.10366291037482882,0.1174001443008181,-0.050620134315275081,0.99179373264809978,-6.6922669350252377,-8.8425493303643972,-1.5978238102788922,,0.2134605190322067,0.1515151515151515,False,5
0.97933585350806696,-0.18650878038245788,0.078203330324710121,0.18922160818410239,0.98151251261377181,-0.028781427671747864,-0.071389558269047318,0.042984443963486052,0.996521885633879,-3.5404472424492228,9.9456464807859284,-0.44357036825579238,0.4216955822431671,0.3673901052573674,0.8413284132841329,True,5
0.75265164986636457,0.61721843154990741,0.22925292082874538,-0.64572735384194524,0.7599892085932376,0.073841636778333858,-0.12865332663292511,-0.20361191167732859,0.97056195627553088,-18.660930904123472,11.429864503228297,1.1282365539476393,,0.1160871925807822,0.391304347826087,False,1
0.15814491297826672,-0.98733365009317331,0.01274558326589309,0.98412623633467244,0.15655212182949751,-0.08358818163134582,0.080534076370497684,0.02576230859945422,0.99641887075605784,13.238567720928769,-6.0436952785555631,-2.4991237400967101,,0.1439510051463569,0.2857142857142857,False,5
-0.53590863636600505,0.83328175446940667,0.13580666823361892,-0.84257575984961275,-0.5176614547333025,-0.14863615709930239,-0.053553920324998922,-0.19408280694535621,0.97952225174624541,12.424405775824351,3.7805318846075848,-1.6845704778116883,,0.1845828951785419,0.3947368421052632,False,6
0.70428589645354589,-0.70222399853098649,-0.10422491038028743,0.70990794899496346,0.69736487117406809,0.098554251081018868,0.0034756309341381214,-0.14340046143415699,0.98965864198221454,-13.349958742480906,-19.191649011242191,-1.9403438328682578,,0.7296309924205941,0.59375,False,1
-0.38747067487774578,0.87579503811869008,0.28783593819477665,-0.920021418920145,-0.34753027239216416,-0.18106158758608179,-0.058541137996698134,-0.33497128381058455,0.940407982837418,-6.2077472625986951,-36.004821364098383,-3.5512707856562034,,0.3445698732612971,0.3809523809523809,False,2
0.90318163567444287,0.38930595960848413,0.18084192764333068,-0.39943760288289853,0.91649795405455026,0.021934028745031475,-0.15720220858372896,-0.092045478037442327,0.9832675605293083,-7.8957987304853958,13.733872234399003,0.027167981982528139,0.5720247764805176,0.3846281544481353,0.4782608695652174,True,4
0.87573624624782587,0.43113800727178542,0.21726952315840337,-0.45219748222724682,0.89013896569861828,0.056303275325079991,-0.16912558669552363,-0.14755555032158801,0.9744864778406046,-6.7609076674836084,21.006723060685559,0.44650475900942271,,0.6115679736071412,0.1851851851851852,False,4
0.54192211657159894,0.81419339304973859,0.20834955791820528,-0.83151379414618343,0.55544919104598078,-0.0078106536847936253,-0.1220869760260134,-0.16901276543657576,0.97802323868316343,-19.132042749357208,2.5863093820415965,0.21604802018347377,,0.2596531645515093,0.3043478260869565,False,3
-0.35011494427038609,0.91476229158410505,0.20156754623287693,-0.93497098633413944,-0.3281851033590622,-0.13462463610561609,-0.056998074633380295,-0.23559390448184375,0.97017871119659638,-4.3596838285707626,-15.657417909285389,-2.2072941216025459,,0.0784374247365856,0.2307692307692308,False,4
-0.84367954089172736,-0.53116827525546562,0.077878723942147815,0.52262087117093103,-0.84580895565077041,-0.10711972534267089,0.12276912192102843,-0.049673674145226797,0.99119133813792604,15.425983349135036,15.056098408120226,-1.01994725782521,,0.4312356001074858,0.71875,False,3
-0.81347507830962873,-0.58151653464462671,-0.009839558122673786,0.56416522725742679,-0.78486538793804683,-0.25632775731558305,0.14133610056429521,-0.2140673789996162,0.96653984083715638,-28.56041337702711,-15.912536468986367,-0.17892348381295708,,0.4080136780542946,0.2857142857142857,False,5
-0.30273711089422506,0.93905251760195452,0.16288219937380585,-0.95103114723831039,-0.28645992889952726,-0.11610540950989814,-0.062369853855856722,-0.19005546116938721,0.97979024439401863,-21.783864077838096,27.019015227127635,3.2778721416642247,,0.2652368888575918,0.3333333333333333,False,1
0.37860203310626106,-0.92418400109781007,-0.05044236951857195,0.92387358412810594,0.38063873053778208,-0.039645395254343518,0.055839959510130315,-0.031592545472441697,0.99793978274867778,1.6834249519424636,15.107655991185851,-0.29539223310917778,0.6236589621932637,0.56314891278142,0.8285714285714286,True,5
0.81119205142818818,-0.5801011518421707,0.073824855781189455,0.5845035675687722,0.80820183115129252,-0.071870575502599718,-0.017973179994219574,0.10145173115863371,0.99467809418213815,-28.439065861077935,-8.8481065117035449,0.43067663376494147,,0.1960574101901661,0.6785714285714286,False,1
0.36516805570281202,0.88996251916599234,0.27316479563433571,-0.92381962376230253,0.38264940628541838,-0.011693357990517406,-0.11493299720230687,-0.24808495792598409,0.96189617932755966,-11.303756280804874,-28.673343120802276,-2.647374992964965,,0.2244487396131822,0.4545454545454545,False,3
0.8671727650959461,-0.49700993444026498,0.031504294049102474,0.49583223608932481,0.86756196676450881,0.038556808456555708,-0.046495044149985405,-0.017814569637764142,0.99875965676338274,-3.9784598811466338,-8.011240283356587,-1.7029258813877222,0.6470023051746174,0.4731258287303257,0.371900826446281,True,5
-0.92476503578093416,0.36846807251848518,0.095083690145044919,-0.37843384916971734,-0.91672277199687069,-0.12809051918453762,0.03996811728963847,-0.1544365204117375,0.9871939580262008,2.2761775538464262,17.897711391733655,-0.11142290369911492,0.3307655152098528,0.2390604751854148,0.7424242424242424,True,5
0.4459277929935152,-0.89504356794781725,0.0067390586266247304,0.89362216647201309,0.44476647393168617,-0.060184775950733904,0.050870689260102075,0.032860236481426233,0.99816450439423388,-16.041177166877105,-22.233235496603395,-1.8903574624165078,0.5190590079837286,0.5469856319604112,0.8790322580645161,True,5
-0.94711354419402949,-0.31520708674264664,0.060169983143071606,0.30040163696265665,-0.93683119784347646,-0.17918192782006043,0.11284853084723796,-0.15163046928098203,0.98197424094079422,1.9699396329236012,3.1601853655006984,-1.1826620760232249,,0.07259429968690652,0.2711864406779661,False,5
0.99492110516692023,0.040440030143597282,0.092176995261397804,-0.037634744175714469,0.99877996174093542,-0.031972082440860514,-0.093357487778235174,0.02834064196100004,0.99522921354277794,-2.0986723193895065,-15.923840051728774,-2.3606452700702198,0.6239567240818708,0.5525043861950751,0.9760956175298805,True,5
-0.41244294760279354,-0.90611178288037797,-0.094086406553027344,0.90357071745304196,-0.39375061186686217,-0.16887988102751134,0.11597746994185554,-0.1546670377934935,0.98113573672865062,3.3275872967662101,-4.0453819344902291,-1.7952450476674866,,0.1930644085982521,0.4285714285714285,False,5
0.76773379370853612,0.61470770263157237,0.1808846658047939,-0.62930743661836896,0.77648848526070025,0.032214631370845556,-0.12065227811655696,-0.13856432651644651,0.98297657917283421,4.0921083178288837,16.134618075997924,-0.33375682838340154,0.5010616941711943,0.3439849723127482,0.8490566037735849,True,5
0.67133138087608002,0.68767703689711812,0.2764316732493145,-0.72800456450035966,0.68178925916190647,0.071921903187423086,-0.13900910444160777,-0.24952695048002133,0.95833854658282636,5.0324585796933947,-5.5851119278302166,-1.963374912109658,,0.1400162039802338,0.4705882352941176,False,5
0.9675713548119228,-0.24979994912164841,0.037492116054483951,0.24824150696869826,0.96779874267898636,0.041734253160729401,-0.046710037094084354,-0.03107376848398025,0.99842505644984403,17.203967619061441,6.6257801509595016,-1.7758473528587722,0.3611521585723097,0.293789924534166,0.1578947368421053,True,5
