axis_00,axis_01,axis_02,axis_10,axis_11,axis_12,axis_20,axis_21,axis_22,location_x,location_y,location_z,dbh,dbh_approximation,score,reconstructed,number_clusters
0.91168004889923038,-0.36201526561818609,-0.19438219028113432,0.3905663230671293,0.91044123344209071,0.13621566625857484,0.1276614104767749,-0.20010424260329648,0.97142207941102587,-11.333254353961667,-5.5662178919864509,-2.8313936829621431,,0.08279863469601877,0.4375,False,3
-0.90599560878895524,-0.36902498443516574,-0.20734637136384687,0.37627772135557125,-0.92649452793590981,0.004792297598544798,-0.19387375600268297,-0.073678019567842992,0.97825585414347049,-13.306221981328642,11.542688943674699,-5.7889021317303531,0.6045342501586232,0.3744263695363714,0.774294670846395,True,7
0.96510940198639772,0.15364568411353213,-0.21203029488906014,-0.1056622917673794,0.96941285301129199,0.22152697468925064,0.23958155666896042,-0.19139415918410724,0.9518240139512586,18.332854455239435,-8.7291359720946922,3.2182887002276459,0.8134005346303717,0.36676425651359,0.3076923076923077,True,4
0.019280213599913849,-0.9430290416347149,-0.3321513209322714,0.99499441920857767,-0.014483006493108521,0.09887541790913365,-0.098052940329838939,-0.33239504983743606,0.93802939811939845,-12.736314492057629,27.215017430622918,-7.5703186163425258,,0.1668782668192988,0.1333333333333333,False,1
0.96121177546063441,0.22967571145758522,-0.15271211570228765,-0.17631391400260618,0.93745682613005299,0.3001468022006083,0.21209744563501559,-0.26157936980698909,0.9415895639005788,8.5873304936679933,-6.1614982997900709,1.0021521834933567,0.3378260128941019,0.11894513967276,0.1111111111111111,True,5
-0.18441372998323666,0.98220066080185819,-0.035685264662920546,-0.98119835050034199,-0.18187948376954699,0.064572829883245933,0.056933058666098504,0.046922439238768265,0.99727474224849699,-11.094975446942568,11.51073241042376,-5.4098800775304401,,0.2476876051696074,0.4884792626728111,False,2
-0.51769756857834592,0.84280806720832691,-0.14718624031013455,-0.85550878626172455,-0.511895409417363,0.077896126003935015,-0.0096924773437659234,0.16624575683605936,0.98603671545077165,-14.192260375850353,-12.492667945084746,-2.4296531661856262,0.5739862295783736,0.3354826725164206,0.8541666666666666,True,2
-0.11850270426127117,-0.95852819888954355,-0.25919259444731935,0.98522363322698703,-0.14601163663067473,0.08952650165982573,-0.12365881130667838,-0.24475353705717645,0.96166740845482546,-26.623173619888952,28.303299929498333,-10.247676262427941,,0.3122992227050034,0.5454545454545454,False,2
0.81209725672517963,0.58152794071027514,-0.048200620252279724,-0.54464581858025052,0.78504816478542505,0.29505984354039921,0.20942535167091572,-0.21336502323554013,0.95426222231481539,-0.83670176395445517,-13.178042972801077,0.19278812957318692,,0.5384132807983624,0.2,False,2
-0.21341531419728479,-0.9461501349591932,-0.24342108738310642,0.96555125432415068,-0.24224008816009485,0.095029021678895528,-0.148878067354237,-0.21475488773224505,0.96525419411467839,-13.628212141478985,1.5713977582110239,-4.3283664334933745,0.1415053422800095,0.09075982238287139,0.4666666666666667,True,5
0.4813233331501246,-0.81457897682717118,-0.3237111976383481,0.87653736734771737,0.4459564443064713,0.18112176408334468,-0.0031768865871561053,-0.37092309215352004,0.92865815405825414,-5.4010935100700355,-14.26724319402396,-0.53390608127912809,,0.2261333765317523,0.1333333333333333,False,4
0.56898522704821863,0.81775186308604497,0.086819939070412855,-0.8004340813159031,0.52651785210959123,0.28650346049894349,0.18857649076397065,-0.2325098746918203,0.95413734090116242,-26.807234988918076,-8.5813215984101099,-5.3718115576205081,,0.576270259115131,0.24,False,1
0.70375828723676792,-0.67746580945605117,-0.21392603900326804,0.7084767117453038,0.69160844463080884,0.14049380139320836,0.052773308216672435,-0.25043529370560003,0.96669392343515703,-5.8838010863990462,-11.659242882180564,-0.90981113353251064,,0.0744531158071827,0.1764705882352941,False,5
-0.82857780863295738,-0.50846274720331808,-0.2343596589591756,0.51928472008574567,-0.85441596828010535,0.017796983829825266,-0.20928973822544528,-0.10695320404001346,0.97198704601404029,-10.649741379041259,-12.187304447925639,-1.7524696040459022,,0.1135661066580609,0.2666666666666667,False,3
-0.17187830340785629,0.98372102044041876,-0.052448095878657813,-0.98257101033238947,-0.16736460180063756,0.080890665212372176,0.070795893044885871,0.065437328855738303,0.99534210074737717,-20.098598845148516,-12.968411951583819,-3.4473288158957915,,0.3528255585463356,0.9183673469387755,False,3
-0.32573270878781385,-0.91176722849195757,-0.25015739739981513,0.93291961372363041,-0.3529112322175384,0.071516826722473725,-0.15349005425599055,-0.21008137286012396,0.9655602622424454,-7.3362299016267754,-9.7017766199241375,-1.4466674342475545,,0.1111923469290074,0.2542372881355932,False,4
0.32002669768255826,0.94735467392850259,0.010101215581184042,-0.92920762097684284,0.31178088730855297,0.19840835523648628,0.18481371672295532,-0.072882097218126857,0.98006739054829017,-1.8009825586230033,-10.224972879927975,-0.37889825646149883,,0.1101283943952487,0.5098039215686274,False,8
0.23319995711226063,-0.92959595151581542,-0.28542800655900374,0.97012113044784631,0.2021896589471458,0.1341056824800152,-0.066953508208558832,-0.30817317978734587,0.94897129513928058,-5.0177620391478071,2.6826581756341157,-2.8846162698225841,0.3370335787532925,0.2696939606718877,0.4621131270010672,True,5
-0.67353698116910721,-0.67958452911775635,-0.2907108576943796,0.71290627647728355,-0.70114497253670904,-0.012663666364491732,-0.19522442459103148,-0.21577904270409026,0.95672714436917994,2.0827745580004495,-6.6130833498424808,-0.096681931809357538,0.6680043080561948,0.2403127086480924,0.6021505376344086,True,4
-0.97907928417119205,-0.070699611318651545,-0.1908017826599567,0.065494660910324687,-0.99729186764317568,0.033457138625826263,-0.19265047287527573,0.020260693279791003,0.98105825495163868,-15.029452658852794,-6.2997192311692416,-3.4116906274337881,0.1468350018042934,0.154129849099344,0.4545454545454545,True,3
0.65690741914175232,-0.71936924657667989,-0.22578868385333326,0.75243943754814135,0.64456609877247928,0.13553389662907783,0.048036813994654357,-0.25892553252416994,0.9647020436944852,1.341708406009714,4.545415023834015,-1.887603505817554,0.1640886950307878,0.1312146364852639,0.3980582524271845,True,5
-0.98137261596626801,0.10772599517876444,-0.15906884859792214,-0.076652571079736623,-0.97879473883040613,-0.1899611607270888,-0.17615950720409543,-0.17422964501100779,0.96881982784259146,-1.3543487526952092,-3.37137382744167,-1.2328254445515221,,0.1221042431107845,0.2428571428571429,False,5
0.0062866352374630861,0.98999761238364048,-0.14094398068765288,-0.99497455534990698,0.020277885979647074,0.098053258724280654,0.099930537993375063,0.13961924944249915,0.98514991385142336,-10.330532965332923,-4.1831467244529108,-2.8475080307457419,0.56279729894388,0.5848271735582469,0.9039145907473309,True,4
0.94316199150552593,-0.24196746866169661,-0.22780957374259092,0.29828541382339524,0.91859076097211367,0.25926207928827316,0.14653078065558789,-0.31247841200013127,0.93855525801858886,-18.464203621852924,-0.81081799467555427,-4.8675580089537283,,0.2173695473262344,0.2222222222222222,False,1
-0.05908473491464554,0.99742360768876104,-0.040683423223767279,-0.99556673871078283,-0.055888989114263536,0.075652426719591478,0.073183760991380423,0.044972966556853289,0.99630395432630603,-1.2515632194634501,11.790983609466391,-3.590548834790539,0.3436896023094152,0.3838945261565708,0.1914893617021277,True,5
0.56784243794788869,-0.78991277688290706,-0.23150112436559092,0.82291718635860267,0.55127994137329095,0.13746901700056674,0.019033393313832581,-0.2685669956576866,0.96307294572237101,3.0102898765209227,-11.297336769611103,0.71934933407969337,,0.119070735769695,0.5882352941176471,False,5
0.83234363169644188,0.5354821728038861,-0.14304866788476678,-0.51223955773064966,0.84175474289325947,0.1704687311873076,0.21169486122786618,-0.068613376435876616,0.97492435106719044,-7.5732263010820731,-13.621457389660245,-1.0103587535516858,0.7754829586629842,0.2646767792142863,0.2,True,4
-0.4849422978092755,0.86270505846744705,-0.14342576438749607,-0.87438728962910073,-0.48141518879811179,0.060714773569146209,-0.0166683991593118,0.15485282719135635,0.98779692567870903,-10.420948222245539,-14.231274361096071,-1.4611921491653284,0.1579949970366026,0.1000461697310057,0.2666666666666667,True,4
-0.60288394337126705,-0.7069715060015509,-0.36975970646760703,0.76680375019204017,-0.64143877901982771,-0.023839074247485117,-0.22032466842488424,-0.2979053246779132,0.9288215426076275,-2.5821322865699901,-14.20801632778254,0.0084963505563578502,0.872005969761367,0.5379468924178161,0.5384615384615384,True,5
-0.21299972689541952,-0.93102877876112489,-0.29633853860246528,0.96717513694866197,-0.24393180429762579,0.071200627247528125,-0.13857622743751319,-0.27144555249749963,0.95242529429793787,1.1041038463214941,-14.400183200762621,0.74644423421791373,,0.232255702076672,0.3043478260869565,False,5
-0.97875025581785779,-0.071711488655923902,-0.1921077799862107,0.086503698264531248,-0.99380735993196057,-0.069742680846282754,-0.1859167741841439,-0.084878700153918574,0.97889251674386824,-13.627868618952045,19.428272668540014,-6.9609913576970905,0.6074650469140558,0.3717928863871391,0.5666666666666667,True,4
-0.46120199902321546,-0.82585409842151614,-0.32443446829425204,0.8677449193501301,-0.49614032167748889,0.029385985567840028,-0.18523355808013151,-0.26797348623724293,0.94545160618343238,-5.0592559376967428,9.5044781672722092,-3.9996648295959387,0.2576620473936118,0.21438455964457,0.8328445747800587,True,4
0.47594036597316813,0.87421940367318052,-0.0960270913786163,-0.85819332414922911,0.4855212345648301,0.16665338032077595,0.19231481072196394,0.0030927379380608078,0.98132841014057237,1.3499242825922027,21.744694954310443,-4.1510255205512898,0.7986418816046721,0.6486539723336568,0.7894736842105263,True,5
0.6469561392526324,-0.72728850448274762,-0.22912700655003287,0.7617160031707324,0.63025856828116,0.15020941256056175,0.035163680082368629,-0.27170860927735185,0.96173694285268763,-9.141795282505937,18.957148976921761,-6.0750828155133991,0.1827451953563766,0.1777848476952766,0.6923076923076923,True,5
-0.81434831355289938,0.5735912961374624,-0.088486435168865452,-0.57056670142029731,-0.8191377097344168,-0.058881675599585917,-0.10625659247269949,0.0025372202110487407,0.99433550629035194,-9.848101445173862,-5.1913678639633742,-2.6064140417033288,,0.2426105389788699,0.4615384615384616,True,4
0.24455904682331189,0.96369311472146957,-0.10717487231299046,-0.9588897952301384,0.2567762720305457,0.12081517589110462,0.14394871732800024,0.073222447108300295,0.98687245377459787,-14.43498157960417,-10.292274051209022,-2.7619608828696509,,0.08483106205925253,0.3333333333333333,False,2
-0.95421519306221403,-0.17340674388371427,-0.24372826365624672,0.2209227207969022,-0.95788946888635429,-0.18341460365061268,-0.20165940782650082,-0.22886211257494177,0.95234217414897626,10.56585314506839,9.3225093405438777,-0.79771182916696681,,0.7325191115888682,0.3538461538461539,False,1
-0.84176355441882056,0.52678816372397996,-0.11801842658038367,-0.53038013535647166,-0.84775916797144912,-0.0011424270680138737,-0.10065302018043326,0.061632975594826125,0.99301074810290135,-5.3311665218499105,17.140629923349511,-5.0201997891731311,,0.2115437720478101,0.1666666666666667,False,3
-0.28224574649957113,0.9574905013016487,-0.059575821438038259,-0.95828851817107941,-0.27848190053318839,0.064272443682345415,0.044949466341400179,0.075231449491157704,0.99615248555784996,-9.5525769206078479,10.408457434822235,-4.9518004061110803,,0.1301419984846483,0.1730769230769231,False,1
-0.95310665844356424,-0.24698521785322014,-0.17488853533762294,0.24981510323607917,-0.96827497409146845,0.0059990618693425563,-0.1708218716256463,-0.037972051698089648,0.98456996270663633,2.2567039900673946,-13.179566989252558,0.79547984539826344,,0.09964943577267646,0.2173913043478261,False,5
0.94193359771201257,0.2960905744245439,-0.15840287004422321,-0.27121358372041149,0.9489506603676201,0.16104606854371722,0.19800073107651572,-0.10873369268446659,0.97415229536677905,-4.9791247513064389,-12.470822500354215,-0.63123514927842928,,0.09479887219626051,0.3414634146341464,False,5
-0.86583711674759722,-0.45224685508380724,-0.21400670393474192,0.45677715931864615,-0.88905035231704366,0.030726174017074684,-0.20415855109937145,-0.071149512378829063,0.97634882746959817,-9.8348831080696186,-8.0616249095922417,-2.1602116314456148,,0.07979027961806337,0.1621621621621622,False,4
0.33353145588210092,0.93649506209061506,-0.10832251205110882,-0.93086226879192169,0.34532958815543663,0.11934367215715329,0.14917172814150687,0.061028470604243851,0.9869261985067499,-5.2601467403976834,15.412637555767011,-4.8085867859505083,0.2640878654773692,0.2171893509709241,0.752,True,5
-0.85142670353845384,-0.45148494677520601,-0.26689681777239432,0.48067254731202225,-0.87531505829546508,-0.052701527319210406,-0.20982485735063178,-0.17316146094496654,0.96228303408154858,-14.642303023197943,-3.1857823494265203,-3.8318217218897268,0.5688539859632548,0.221531585938725,0.275,True,2
-0.92082350611211017,-0.32494444925953531,-0.21562739966622549,0.33096661474969108,-0.94360317400716875,0.0086110350554548104,-0.20626480677161202,-0.063436227023791092,0.97643774742092782,-8.0962718152211206,12.041773086279591,-4.9044624831835115,,0.1044828127333512,0.2222222222222222,False,5
0.95514340616287241,-0.17173423567836799,-0.241264224367294,0.25333352884773114,0.89574572608890846,0.36532412643433376,0.15337273820709135,-0.41005724781964298,0.89907166382076453,-24.148113337440126,-8.5634130457215338,-4.8375407568177895,,0.3335781328978045,0.35,False,1
-0.77878541031777393,0.60409610761762045,-0.16900052496195886,-0.6208712035737658,-0.78075856571582392,0.070249630847669942,-0.089511078917868081,0.15963694692210437,0.98310925737089305,-8.6789784200025935,-7.3109743260401325,-2.0547661996178257,0.2473046539704049,0.09587735401173487,0.514018691588785,True,5
0.43164796534519317,-0.8569246893164103,-0.28170926653791173,0.90201456883679865,0.41248771585053678,0.12737190380366795,0.0070534827935554018,-0.30908568571252221,0.95100803743611995,10.929512384870954,8.6343706918683854,-0.57959996269062963,0.3541034798818898,0.1958544298824433,0.3666666666666666,True,5
-0.70968866242301365,-0.63534442369396338,-0.30443302335525418,0.66833465088642341,-0.74383939625791862,-0.0056344475486906909,-0.22286946146288816,-0.20746184192675485,0.95251707978996436,-12.670159561302219,-3.0425373522166499,-3.4368361937742864,,0.1446259535054415,0.3620689655172414,False,3
0.65697917725823607,-0.69202205911903036,-0.29913848020899936,0.75003019426338069,0.64014286079014893,0.16634850607276652,0.076374526789555669,-0.33365039708063071,0.93959796944523588,-12.756959906135609,13.350172596625196,-5.9965202848508738,,0.3867303271166875,0.7667844522968198,False,5
0.96970363926036607,-0.087725625067736374,-0.22798918112856847,0.1603270845995394,0.93270959282643229,0.32302947449630914,0.18430973373376777,-0.3497956977380145,0.91851668024862876,16.355887990584975,-11.369853288424848,3.2048662870483868,,0.3474226883818844,0.2,False,3
-0.36422128839558326,0.92587811815947796,-0.10046175089517988,-0.93097708676193391,-0.35907107321472631,0.06595171191627372,0.024990338207472818,0.11754860566543718,0.99275264205258484,8.4289343002414103,12.916486195188673,-1.7216390345627743,0.5964038344483168,0.4865955575187718,0.8974358974358975,True,5
-0.94267843632699522,0.32241300399763961,-0.086065210958372995,-0.29989824259133468,-0.93163372961971136,-0.20523069440387312,-0.14635029817093054,-0.16765574457227783,0.97492212075488105,-4.5033555904293667,14.546284386102712,-4.561231753514865,,0.1545585212061172,0.1785714285714286,False,4
-0.1156656726783612,0.99290147311261345,-0.027714921155659905,-0.99179969041379035,-0.11392040863943594,0.057926803731381385,0.054358313614131334,0.034187792941723721,0.99793605434156019,-9.2185280951064481,-15.225322095101227,-1.1457928893672393,,0.179112582621357,0.2142857142857143,False,4
0.56263453305444522,0.82666944426037936,-0.0077467503407251392,-0.79950866069126747,0.54648480243401021,0.2492794860960606,0.21030521556600026,-0.1340596532700864,0.96840060185382071,-19.990459605255175,8.0490828808467043,-6.5266162623173667,0.7630089683560973,0.5104797789287195,0.303030303030303,True,3
0.7627414890629014,-0.61672209382035736,-0.19462599994846927,0.64191248910155507,0.75855684580590743,0.11198155212550753,0.078573387336635103,-0.21034583588658567,0.97446439243700411,-10.890350463437739,0.022036155933178286,-3.5489400791951162,,0.06706327425935588,0.3584905660377358,False,3
-0.83962316877547105,-0.47663422932109817,-0.26048559632908763,0.50722380069497175,-0.85957463751586827,-0.062092338883407053,-0.19431147795224302,-0.18425866052630252,0.96347900628766592,3.1447100330893845,15.331706868328807,-3.0654822475496664,,0.2391657018231728,0.3611111111111111,False,8
-0.60174027159855115,-0.77088864448145566,-0.20890031916214336,0.77713602240942958,-0.62547372602247842,0.06958606706236399,-0.18430476990613226,-0.12047122422014653,0.97545806466743945,-0.55655959571774871,-8.3185275125632767,-0.38625779369135044,0.2783426197773711,0.179427943687019,0.6299212598425197,True,3
-0.59431332807089698,-0.74169012070207541,-0.31094602896682183,0.77507434507943618,-0.63138983554099237,0.024629964985816544,-0.21459596379470436,-0.22636837329552048,0.95010837902555234,-20.090903569088177,16.947647709105556,-7.7358046482756722,,0.1655009778086365,0.2307692307692308,False,2
-0.91377573473467089,0.38336591562627997,-0.13432974855233945,-0.38338068685236215,-0.92320150320902927,-0.026799877260879845,-0.13428758527399989,0.027010353729841646,0.99057421995157202,-11.254745163307845,-6.5752093344685356,-2.673528194586813,,0.08328494815543276,0.3125,False,3
0.98194932644479205,0.051137650606986523,-0.18210013999175328,-0.0083029635491387397,0.97348435615634565,0.2286028633135771,0.18896185088773884,-0.22296445682947341,0.95633690188124432,-11.296163872864843,28.080731323526049,-7.3160625582200129,,0.2033206532487709,0.4761904761904762,False,2
0.92828741321071029,-0.3167190566414092,-0.19486281747614903,0.34606859332105394,0.92755187379820536,0.14101081564980844,0.13608455897475674,-0.19833446642884128,0.97064124795674744,-11.166190074113894,1.0141764183985329,-3.7865576231839579,0.4564825719613185,0.4191154570990453,0.9780047132757266,True,5
-0.9473572992894802,0.27991213984097657,-0.15544562217247396,-0.27998241636492899,-0.9597553687321223,-0.021897002450638609,-0.15531900723799827,0.022777755805026875,0.98760173138319729,4.341408780761622,20.471987250257282,-3.4090315643606561,,0.1648797667046955,0.3636363636363636,False,4
-0.98197946390762758,-0.032573379681676645,-0.18615936022612781,0.026977496127442862,-0.99910710027179372,0.032514871815541455,-0.18705225784892757,0.026906822974863052,0.98198140293542058,11.683730043186729,-2.0555506906372032,1.0083426666107247,,0.561332298349971,0.1714285714285714,False,1
0.92786331787571308,-0.30913258491049567,-0.2085826174138859,0.34604275002639168,0.92221190778638029,0.17256770349974601,0.13901107328139189,-0.23229774446507054,0.96265969034835741,-30.532339143084883,15.24017556142922,-9.2861446744853691,0.2400729995053276,0.3151870066225679,0.4,True,4
-0.64724560457169811,-0.70221163229826356,-0.29660065884557091,0.73645882390478656,-0.67645944184480011,-0.0055699400177870728,-0.19672703946178111,-0.22203929157703445,0.95498535325970979,-23.340884356244505,34.731321739403818,-10.398784398180302,,0.3893276604829492,0.2857142857142857,False,1
0.87038135655538573,0.4454146800483253,-0.20986199503067199,-0.38313428229673002,0.88038207280689695,0.27952732891293597,0.30926431396101212,-0.16289005088610825,0.93692177658145226,-7.2040026300410576,-21.845130508643614,0.091170021890438074,,0.2177850942942163,0.4117647058823529,False,2
0.38675881072816032,-0.84546880158957027,-0.36823922640429763,0.92214623352015612,0.35803537009734737,0.14648207318251061,0.0079966448420505237,-0.39622364808016192,0.91811920488208865,0.49401335530824042,19.827982543873482,-4.130068861575241,,0.3464026575734384,0.3461538461538461,False,3
-0.25222815665589193,0.95789602408294994,-0.13717202351808769,-0.96638857413463286,-0.24206450486466966,0.086590410939393667,0.049740132408363301,0.15440201595412656,0.98675525673659303,4.1779120546833646,-4.4263041601994937,-0.0088039621165683403,0.9365305118627882,0.711126816322471,0.9921156373193167,True,5
-0.83386666482866567,-0.47680108523883424,-0.27807752588547641,0.51098498439044138,-0.85733090269332857,-0.062274144028987136,-0.20871207683078233,-0.19402177301043408,0.95853785558154636,-7.7798685232154403,31.894752837398723,-7.0000899488986192,,0.336658983394334,0.2857142857142857,False,1
-0.01466630577752908,-0.95488211734596107,-0.29662272577759835,0.99491334497193684,-0.043504462469472399,0.090855917484729515,-0.099661103102412676,-0.29378138763055528,0.95066301117182095,2.3703109657700447,-17.768059608117643,1.3749898964617351,1.047136989526353,0.1907977173891808,0.2,True,6
-0.60973132736695235,-0.67248687621244063,-0.41951055975906859,0.7658280150417035,-0.63626592799674153,-0.093129588465367175,-0.20429184957951144,-0.37805696686144785,0.90296055838718847,6.3043360968554678,4.5144225422410766,-0.99502112507217721,,0.1383901223998367,0.2903225806451613,False,3
-0.98270593121108296,0.025693472729326556,-0.18338183721859319,-0.043169937280552649,-0.99482697893112748,0.091954545868922072,-0.18007056749439204,0.098280860038330448,0.97873155833066627,-4.2366063819285218,2.1096250966472523,-2.6436518031331184,0.1847659399757749,0.1625248149268622,0.8446298227320125,True,5
0.97248552688539192,-0.063015066344592044,-0.22427884744671289,0.1246313005216545,0.9540958453932602,0.27233831301085615,0.19682209969594436,-0.29279723225622317,0.93569805057741406,-1.2423453169870371,-17.184428867349688,0.61974829257523267,,0.2286326190330746,0.3333333333333333,False,3
-0.31210221817310768,0.93692150913511829,-0.15738580346205819,-0.94927116850011395,-0.30083785234431537,0.091546901920750642,0.038424654401224285,0.17797379671409946,0.98328473679667894,-7.2554930391773143,-19.805957723139688,-0.15606124270474736,,0.8974938253358532,0.5945945945945946,False,1
-0.0088408513698168632,-0.9536072695233887,-0.30092360302774662,0.99383412980355734,-0.04164126235513408,0.10276053574730971,-0.11052403261128338,-0.2981596565292074,0.948095595092458,7.7451521653243063,4.4034889019136356,-0.69864444894674194,0.5383237349514866,0.2296448982402017,0.2916666666666667,True,5
0.95437155084738268,0.2247206501949798,-0.19666105946299461,-0.17482318669416858,0.95436222363884493,0.24213549819308886,0.24209873260151085,-0.19670631781176967,0.95010253562743308,-4.2368590005788915,20.035205273133943,-5.1379276458826855,,0.2302296259437316,0.2941176470588235,False,2
0.97723110277293523,0.15581112203766617,-0.14402175537937267,-0.089195867846174545,0.91756413711542184,0.38745341841155445,0.19251874956055606,-0.3657853858876744,0.91056992182843621,-17.305964909269395,-14.8575262978301,-2.6534295997061945,,0.2933064106413826,0.2,False,1
0.97839111226288999,0.10918608426247992,-0.17558254596744655,-0.078305812940707667,0.98161370792517422,0.17407678786410524,0.19136099682191965,-0.1565660480973331,0.96895203259939744,-6.2216093027629231,-8.457282311360327,-1.4428112933379276,,0.07554910990202476,0.1886792452830189,False,5
-0.14625614551368138,-0.94405995024753231,-0.29556716705024644,0.98097147699044163,-0.17697305701906041,0.079846718282720719,-0.12768751399675943,-0.27826488716321324,0.95197928094122519,-22.156403920345102,-8.4235475910043185,-4.4756513795517421,,0.2176347028789877,0.2352941176470588,False,1
0.045017031239551086,0.99879892425735606,0.01934362429135017,-0.99328202502373741,0.042685309323742981,0.10755827784359336,0.10660340361883636,-0.024055628661167949,0.99401058398117415,-5.1905111333561891,13.53235751400821,-4.5798260520334741,0.6808553582495365,0.3768224834000685,0.2727272727272727,True,5
0.71548558889244429,-0.60619807039629381,-0.34728125710300184,0.69359484777967217,0.67591194135812349,0.24913697971795562,0.083705192316394353,-0.41912640930547651,0.90406111176290105,-12.391211177657043,-11.809452725024746,-2.1697859813483569,,0.1820281605819023,0.1851851851851852,False,3
-0.09544229666763028,-0.93913658688820678,-0.33002005874609885,0.98845645929095671,-0.12860129606178841,0.080097033261004397,-0.11766306171774664,-0.31856581395246836,0.94056962851668147,-1.8291530901245894,8.5600136630817776,-3.2518880097297842,0.3117649739801939,0.2622735108355154,0.3252032520325203,True,5
0.63989967095034872,0.75951358150934334,-0.11690821451243935,-0.74303724388394099,0.65033585137403138,0.15798396949998267,0.19602057371355974,-0.01422673259975335,0.9804965755985805,-16.587033428394257,-0.34849110772265052,-4.6213844621232889,,0.155890177657057,0.2727272727272727,False,1
-0.25534255896968694,0.96415092199834274,-0.072202335063049711,-0.96551846012058196,-0.25035985763241297,0.07137257773583297,0.050737370302288878,0.087937144006516615,0.99483304024282637,-17.713550095965299,-4.759289767542235,-4.1076365709072089,,0.2756767274889659,0.5833333333333334,False,1
0.48676563629551572,-0.82826290464857788,-0.2775604008228173,0.87341824566168236,0.46662058235297665,0.13930470297100056,0.014134477956100261,-0.31023506073245521,0.95055479780244079,-11.516945046238783,-18.946604580646042,-1.0977422091919196,,0.1793654383150761,0.1578947368421053,False,4
-0.91495023239906315,0.36156000963845836,-0.17927752693279103,-0.3810999624633607,-0.92023352699306504,0.0890678079236739,-0.13277383342859658,0.14981527034365139,0.97975838548518357,0.42698323978310782,-9.6739561609823355,-0.0062929291571091972,,0.8349193989639505,0.6779661016949152,False,1
0.96950399457199443,0.19099375004794394,-0.15356885085058938,-0.15696603504567311,0.965148276190678,0.20940503529811366,0.18821176464553835,-0.17891392458047325,0.96569464078466638,-9.4796432057746234,0.21714882285480774,-3.3226305375410417,0.1638855449094492,0.09950718686799373,0.2684563758389262,True,5
0.97893712221166418,0.034763534933420367,-0.20118053433391064,0.022128761027986072,0.96152437322837203,0.27382694831435472,0.20295917986460041,-0.27251124073461414,0.94050262890752712,-15.315081383956089,-15.47324382376735,-2.2405703005739475,,0.2462403513485898,0.2727272727272727,False,2
-0.95434592187722267,-0.24978782185540088,-0.16379836827345876,0.24398931134423249,-0.96822031239517037,0.054942175195058854,-0.17231679356951907,0.012468789762118154,0.98496266524969722,-1.9038403969888362,-6.4991273297599497,-0.84029111264251555,0.3660271628252786,0.1687658992634475,0.2716049382716049,True,3
-0.36306837325489344,-0.90276815816878742,-0.23063176047235726,0.91922062765036294,-0.38751093694716338,0.069776152433355665,-0.15236401820678208,-0.18666795746154458,0.97053607847056189,-4.3508883177280806,18.190297796563886,-4.9483649695110037,0.3061752934069821,0.2761689351709806,0.7701149425287356,True,5
0.29259188375682244,-0.85786001482188057,-0.42245258258109597,0.95509607371726657,0.24059828260781044,0.17292760443617608,-0.04670631145248446,-0.45408001649045937,0.88973583669228951,2.8910810118143386,21.588260036386398,-3.8764922273405427,,0.3062152681452135,0.4347826086956522,False,4
-0.85729408797861317,0.50619211561656252,-0.093895627185444391,-0.50191214598479394,-0.86236495670507218,-0.066414449933724334,-0.11459076939203339,-0.0098093595452988652,0.99336435009288226,-1.6418371440999577,32.708427678483496,-5.9157987212953893,,0.5183294717229379,0.3157894736842105,False,4
0.10403866445228263,-0.97306016071784529,-0.20574226576653143,0.99133883752757113,0.084787532117825193,0.1002914931928542,-0.080145277518197541,-0.21439449158299162,0.97345351017416393,-0.50441464394128677,4.2219994739957256,-2.216598319064512,0.2069175077984745,0.14834270350604,0.5987460815047022,True,5
0.88688448442315393,0.43871923263403229,-0.14478033777582835,-0.40275334249442091,0.88774600245417601,0.22292774667188153,0.22633085604717862,-0.13940039470402099,0.96402379304523145,-21.595341972972847,-7.0740763924562629,-4.5443713760080477,,0.4381076612051577,0.4583333333333333,False,2
0.28624677201912435,0.95157436381372351,0.11211162134738759,-0.95116814013305306,0.26810181583770798,0.15297249929433093,0.11550737943725403,-0.15042488649499575,0.98185049718300144,-1.2903587093850548,-15.869538032671358,0.47369421162113773,,0.3539574216039235,0.1333333333333333,False,2
-0.36933556830978193,0.92929564913661256,0.00091349715548078025,-0.9281917685966502,-0.36894439831649484,0.048374287181339667,0.045291044266096647,0.017018444307347003,0.99882886114821734,-9.5369941104872353,-16.384664358664363,-1.0271582206694319,,0.3311393569876839,0.2222222222222222,False,4
-0.84803620324384288,0.52252726823273987,-0.08831677044025843,-0.52058935767217152,-0.85259095151024766,-0.045556449393314435,-0.099102566395843694,0.007343252418398144,0.99505012837428264,-13.424408538730365,-10.922951797806192,-2.4792026845958683,,0.3630331729175149,0.65,False,2
-0.66293785412323913,0.74530596096359791,-0.070939594886103241,-0.74797366536170695,-0.66343613537435753,0.019694928405864481,-0.032385143134616726,0.066117462380727812,0.99728615937076226,13.070879575875113,-6.5849499754580263,1.9573153676855495,,0.3924069418634355,0.3387096774193548,False,5
-0.29467780793075909,-0.89321569464823791,-0.3396037578519826,0.94666074431219094,-0.32135291751628331,0.023785238742995179,-0.13037800693142668,-0.31448056416547931,0.9402678076328842,3.2044587620877585,22.789982376569359,-3.9310702527518098,,0.2610785406019563,0.3478260869565217,False,4
0.36468919777776415,-0.8939966994057913,-0.26032996461368552,0.93059989076167149,0.34051989001085575,0.13427601357413307,-0.031394782027860071,-0.29123204830263222,0.95613715632375518,2.749899884989258,-15.468196587441621,1.1952167188566774,,0.1043932725321505,0.2272727272727273,False,3
-0.55502074854954719,0.81813988423600581,-0.15032996541539703,-0.83155837293883283,-0.55037248059543409,0.074838526164994174,-0.021509092840476238,0.16654507625721862,0.98579921713280749,-6.690413605442183,-9.1491658073908155,-1.3982130926969119,,0.07611886852354217,0.25,False,5
0.21094376611449306,0.97536515984117966,-0.06454093666366352,-0.96758401037944874,0.21772860540296443,0.12796654737587324,0.13886652006677311,0.035455032890538168,0.98967622495807905,-2.1339203517620402,-11.612094572286141,-0.22195521223430972,,0.07874991177379356,0.15625,False,5
0.84165386860038804,-0.48246568181741073,-0.24258118504629059,0.52967576653503845,0.82504668606552045,0.19682872797897816,0.10517769637865745,-0.29415103549157229,0.94995411494646176,-14.524706874681076,-1.0343044104972399,-4.0966807151636235,,0.0754666219571059,0.2280701754385965,False,2
0.77637570085079066,-0.59201817729692185,-0.21622962072406798,0.62494251121417266,0.76760553718236335,0.1422272722240687,0.081777923706630631,-0.2455528803272447,0.96592761331128019,9.3331327372113329,7.0086891798537287,-0.72150681564492192,0.1210745754405709,0.1130782535750537,0.3181818181818182,True,5
-0.9102754992452331,0.41207091068908447,-0.039950970422634013,-0.39865860462481578,-0.8984752724496754,-0.18388447937516764,-0.11166840391281851,-0.15145873814458599,0.98213564145041254,-13.958793534127254,-14.974110928806207,-2.0318463895797594,,0.427267699952542,0.5,False,2
0.286064326765674,0.95693474376325938,-0.049427695989655546,-0.94633550903571362,0.29023886351899092,0.14216366076223777,0.15038718459435879,0.006107231938339841,0.98860831294695917,-18.23125589110079,-6.8976781518345227,-3.9528131996054747,,0.109923105686914,0.4642857142857143,False,1
0.9781094321435343,-0.086377902663106534,-0.18931665717357316,0.1178755112566021,0.97972585793735734,0.16199570097661389,0.17148557548041174,-0.18076532084565533,0.96846094200113209,-9.7840480062381854,13.216436969621109,-5.4699888153044496,0.3772179530123472,0.3954421861132127,0.895397489539749,True,5
0.92447408919586183,-0.30781673654098296,-0.22493669133945127,0.35254048596424431,0.91482125768845157,0.19702099440773502,0.14513050734278765,-0.26144009483355335,0.95424641086663053,-25.938672137440737,16.530703499689658,-8.6370946267840516,0.7661475968743765,0.3788960865944239,0.8111111111111111,True,4
-0.47020345482106252,-0.80554671688518631,-0.36055956233309794,0.85022448908494974,-0.52301996432204079,0.05973637987698957,-0.23670029411594268,-0.27846831747268724,0.93082133996237826,-8.1105018635772925,-14.141975785325993,-1.0508225074343667,,0.5767824654705216,0.1818181818181818,False,3
0.97650193252880702,-0.085925158073416955,-0.19763816174403656,0.13210265525751977,0.96323884298484286,0.23392267918936949,0.1702729110616733,-0.25453447423733799,0.95195553319643234,-5.8374347941323244,-4.0724630011267706,-1.9672662864541977,,0.07869377162869708,0.3114754098360656,False,5
-0.98025877877685352,-0.066524784764299183,-0.1861912448075253,0.055817783573285006,-0.99650325810664864,0.062174203813158108,-0.1896763076081936,0.050554026495402582,0.98054433287701193,-5.8501336579155367,9.1181783930839266,-4.0256552139876236,,0.08267105150728542,0.5689655172413793,False,1
0.92074098099692192,-0.34047036471703379,-0.19056751208502881,0.3655748730470188,0.92347341382496861,0.11641248281484387,0.13634903046770702,-0.17685243766459716,0.97474722732747876,-1.5093956444526018,-1.7384818133524476,-1.4573775533072317,0.6427630472491993,0.5463499000699368,0.9958058717795086,True,5
-0.56328904680447345,-0.79708541266490118,-0.21762420514945532,0.80676331442248739,-0.58745631044271329,0.063466824586374621,-0.17843319268608837,-0.13982105791996818,0.97396697454790027,5.461512302317578,-15.634097381074747,1.6870359973861029,,0.1834646118400002,0.4545454545454545,False,5
-0.029848121491471272,-0.9777360096174923,-0.20770504360918188,0.99358612598793727,-0.051696311270615469,0.10056889004703848,-0.10906740983314886,-0.20337105717941634,0.97300797181421528,-3.8180246407522458,-1.2284551974781899,-1.9855886369560274,0.1881730129764872,0.1671603783810425,0.7486136783733827,True,5
0.9804161435304688,-0.022828999734950201,-0.19560936142205756,0.090875803471642397,0.93363085596720286,0.34651841672461231,0.17471626669611193,-0.35750840767323266,0.91742136698178289,8.3042161932696104,10.610647348697949,-1.4111936514001417,,0.0903296965075463,0.2857142857142857,False,1
-0.059438351341866522,-0.97122341259949818,-0.23063426720317473,0.99242052875267628,-0.082387843848761882,0.091179697829122705,-0.10755731727790042,-0.22346661049144809,0.96875905027795417,-15.887669080830372,-9.0705371326599646,-3.172515550006672,0.8786369949527348,0.7592253109224328,0.9965753424657534,True,3
0.86907530743795702,0.49421951618462107,-0.021334943727534667,-0.45881312438425687,0.82143617458379414,0.33872278928040339,0.18492870759937308,-0.28458686003991673,0.94064429631941315,6.1102129649343286,10.922144185989906,-1.9339026488781335,,0.4430988930351712,0.3,False,5
-0.93060019473471312,-0.30893684647139125,-0.19631938888460604,0.30131469991901327,-0.95107214737980506,0.068346339266126627,-0.20782860527951436,0.004449198880413098,0.97815513874686233,-14.428672382481812,-8.7104347637480508,-2.9442008337115153,,0.1256813512544608,0.5555555555555556,False,3
0.97489579012507332,-0.12427118759094281,-0.18475624571619867,0.15240348613340995,0.97735667779876301,0.14678931083885896,0.1623310685321549,-0.17126177710423407,0.97176027285144118,6.9261429716864509,1.4521718654884246,-0.33596090076075752,,0.1183707811406326,0.3278688524590164,True,5
0.64621817260350456,-0.72805825491080256,-0.22876461888418106,0.76195198673012587,0.63233997306994405,0.13991185931120192,0.042793028813139566,-0.26472124190200519,0.96337501564596251,-27.618299797023116,19.226025428904308,-9.2768066682996029,,0.3320851915580074,0.8620689655172413,True,3
-0.19427968367226839,0.97114646451477316,-0.13831105875040892,-0.97888462606540572,-0.1827982434265143,0.091486015614251653,0.063563302030287705,0.15316444319957742,0.98615432868003416,-16.374441248856929,-3.3634638811501074,-4.1338823949016348,,0.1245083146595643,0.2333333333333333,False,1
0.48142478816479928,-0.82286472637750807,-0.30186721488784818,0.8764870496073166,0.45228218353408017,0.16495841393607458,0.00079070293965156913,-0.34399777403540388,0.93897013064716173,-20.649058301351349,-5.1043772825304128,-4.6663637663577102,,0.1941553444599854,0.1176470588235294,False,1
0.86318061943057356,-0.44071790381397369,-0.24634720923377063,0.49308246468230199,0.84075882496259458,0.22359400991605921,0.10857670681263298,-0.31447150507690436,0.94303699356514592,-10.467080184336943,-10.144021983504004,-1.9898768136361247,,0.1779552207974509,0.2962962962962963,False,3
0.9832496358674363,0.0058978049252135486,-0.18216851940886122,0.015682401946779667,0.99303218534874493,0.11679529584137553,0.1815880388013818,-0.11769577205048158,0.97630604290135781,-8.3838512902695363,-11.347564124876159,-1.4554941320453976,,0.06803089852241866,0.2682926829268293,False,4
0.78774316590437266,-0.57088415435574236,-0.23141302227075286,0.61035013803225968,0.7741241951106298,0.16794177428001789,0.083267121812613823,-0.27353795504435535,0.95825026667107915,10.468967336066074,-9.5994374122161847,1.8823305160258796,,0.1210244064747345,0.1428571428571428,True,4
-0.32357596567734215,0.94170132846455012,0.092180271230216188,-0.9455213573267901,-0.32550012219966451,0.0062476625154612303,0.03588812164044166,-0.085136821740679214,0.99572273465509253,-22.589337611987236,-5.7653884089959453,-4.8969786245344613,,0.3143228874354778,0.2631578947368421,False,1
0.97552611439501402,-0.1103354339995356,-0.19019698246160599,0.14118540289188444,0.97743491294458162,0.15712311404524282,0.16856892401514156,-0.18013073852386288,0.96909103540133179,-13.862337932350496,2.5933935351104034,-4.5559317824354668,,0.07348472876621151,0.1136363636363636,False,5
-0.87362977067538239,0.47671401353816056,-0.097543698340884374,-0.47264438727730668,-0.87901507202445506,-0.062767717252596306,-0.11566463143475775,-0.0087322648941132452,0.99324993862817856,-20.876680649734364,-3.0378211336705285,-5.0400692338856272,,0.2491858271429354,0.1875,False,1
0.49710275677564564,-0.83235290167537523,-0.24510711184834133,0.86767930914402136,0.47835861799438184,0.13529837055137744,0.0046331079639777284,-0.27993156246319795,0.96000877842210686,-11.966736546349502,-10.331129178235981,-2.2753624843281441,,0.1195659761467295,0.2857142857142857,False,1
-0.96536102922878364,-0.17877798912807549,-0.1900434525303733,0.1697022286807055,-0.98347075140002882,0.06313821918191416,-0.19818990092117231,0.028700378812545016,0.97974335998202677,-5.4326536069498124,-6.2265215462011438,-1.5809212768524612,,0.08823103969890547,0.4215686274509804,False,5
-0.94548265545207122,-0.26228448803439336,-0.19305283104848697,0.25763770879746134,-0.96498539279359041,0.049254468838819725,-0.19921184514203466,-0.0031684430775869854,0.97995132620124037,-0.86698218703312557,10.173896531276458,-3.2449295181352418,,0.07390621854233904,0.2580645161290323,False,5
-0.98831222428570942,-0.00085500631396122351,-0.15244086162062029,0.011801665919302928,-0.99741226758328483,-0.070918891389384536,-0.15198574936145554,-0.071889063414216497,0.98576482720396541,-18.942557850291507,20.347953202097724,-7.9439701056795213,,0.3627043368295019,0.4193548387096774,False,2
0.90083174678294686,-0.38231558264288568,-0.20575946942100512,0.4160401558694366,0.8956380811715986,0.15729912987486672,0.12414810788778666,-0.22730425166214158,0.96587785174119933,-12.72839144113196,1.7132649824447357,-4.2093745568838177,0.3038181580372481,0.2545058615976903,0.8787878787878788,True,5
0.53664555165356831,0.83705289444774977,0.10655516781030216,-0.82331277595857399,0.49175678212586676,0.28342783945230182,0.18484486693934543,-0.23982852025949117,0.95305543177525531,-16.198565855047271,18.650552193325986,-7.2528730720533598,,0.2706614958692851,0.1428571428571428,False,1
