axis_00,axis_01,axis_02,axis_10,axis_11,axis_12,axis_20,axis_21,axis_22,location_x,location_y,location_z,dbh,dbh_approximation,score,reconstructed,number_clusters
-0.26995688701063286,0.96281502318536583,-0.010512387173748652,-0.96236632371616582,-0.26944498520850468,0.035361828615327592,0.031214389831606817,0.019662936569878789,0.99931928370911005,-11.075478544705893,-7.7665377290495483,-4.2357333878978576,,0.1095138167900168,0.2528735632183908,False,4
0.69523715541993425,0.71697977812486868,0.050845801042112421,-0.70423214414881796,0.66529867068584081,0.2478603758796738,0.14388323346088081,-0.20812899015675101,0.96746056177250683,10.294089265216979,-4.9663673744342454,-2.3765600762458843,,0.6721643758050939,0.3846153846153846,False,1
-0.83890753748685798,0.54354411298581518,-0.028176954878097085,-0.53977197084238404,-0.83749768685349502,-0.085110774922901269,-0.069859595193985241,-0.056190940137281986,0.99597299923533278,-8.5585212656558642,10.944536464068578,-5.2704830853863252,,0.3675575892674264,0.8272251308900523,True,4
0.44875059258464656,-0.81279880015461337,-0.37145796010066889,0.89358406399309165,0.40280232761987478,0.19813582573982474,-0.011420430487493,-0.42084248280233405,0.90706183826476172,-9.271187769271835,-17.508490497615611,-3.3375100747377529,,0.6212816965499061,0.1428571428571428,False,2
0.87779074396648027,0.46297507650203201,-0.12303450062771332,-0.45420733499750765,0.88598698332973846,0.093395729049738085,0.15224686085839403,-0.02609873384299858,0.98799784890988407,-3.8891663878274403,8.8341453641125867,-4.6608258054342393,,0.08854900122922249,0.2941176470588235,False,5
0.93127769570665453,0.35765822787938634,-0.069299678999838021,-0.33208446819515219,0.91161999561522744,0.24221661705596403,0.14980573908514505,-0.20255758594698348,0.9677441112776064,-14.589543362365603,-5.3264235907499486,-4.7848808041521718,,0.41002856347477,0.1129032258064516,False,1
-0.90199288679940404,0.4212390732358669,-0.094691474498311931,-0.4237749962817946,-0.90573641786619419,0.0075029245817242116,-0.082604991917205051,0.046895463856347408,0.99547839292475671,-6.6141721163868219,8.5780011280358579,-4.9052595199593858,,0.12864040583615,0.3404255319148936,True,5
-0.85611435667937341,0.51678581110689348,-0.00079606912631040305,-0.5114915452910711,-0.8475617376142357,-0.14147614649859308,-0.073787582852509706,-0.12071257751754476,0.98994134485122731,-4.9241048022387766,-10.237434204705398,-3.4319776953005534,,0.6501078562252094,0.592,False,5
0.021806838563657199,-0.98349663036400459,-0.17960746046450271,0.99757769660426865,0.009535649270488139,0.068904358575584468,-0.066054530727127803,-0.18067498292691092,0.98132224550082447,9.2416034556385913,12.246136401560808,-3.5813338901323619,,0.1050700182313475,0.5185185185185185,True,5
0.22811036171001006,-0.93594611370285896,-0.26827324712882439,0.97309306894584391,0.20996377099787655,0.094895173944257449,-0.032489106637271351,-0.28270140981761338,0.95865758789937427,6.5524734948197452,9.4025357218633978,-3.6162451764778121,,0.3205434292726674,0.3,True,5
-0.98801350817570022,0.083893084371982535,-0.12958108680243566,-0.086990571564822636,-0.9960387967014882,0.018421615680405977,-0.12752234361542458,0.029473137939597154,0.99139769316799553,-17.384331069107212,-17.497169802140998,-4.2150521647880881,,0.1801980327994152,0.6984126984126984,False,3
-0.37811163673605441,0.91936322756587463,-0.1086409037353769,-0.92565666714071571,-0.37370365595030858,0.05920567630992285,0.013832018750855234,0.12295053204045428,0.99231640212597783,3.5964468526262423,-8.686215362256295,-2.7323586298686098,,0.6724824092478723,0.8208092485549133,True,2
-0.11797821755691966,0.98035880148663412,0.15804353998117676,-0.99129953969599449,-0.12562733105261079,0.039280991473066108,0.058364053839683627,-0.15203418707740518,0.98665051724463781,-0.64382777787027845,-10.468181691348908,-2.9680143397877434,,0.3432134183650852,0.3255813953488372,False,3
-0.58673467839989812,0.80811975325769314,-0.05181584272876906,-0.80821685921790609,-0.58837549297288594,-0.024490564404616319,-0.050278480873145209,0.027508974238200083,0.99835631449771034,17.812203585317878,8.9638074002592045,-2.6548103306040844,,0.5372569456660031,0.5454545454545454,False,5
0.28823327656817521,-0.93974480775952385,-0.18385122944323484,0.9571486127649429,0.27712014245721184,0.084088998844317656,-0.028073321159401345,-0.20021019687695665,0.97935068576356832,-19.972864414754351,-14.344326393336582,-4.7134580972265052,,0.1059858100681003,0.3571428571428572,False,1
-0.88817972252047683,0.44827093753815805,-0.1009452676558317,-0.45080044412608727,-0.89262116480515796,0.0025329266873282269,-0.088970444975672996,0.047755865613991588,0.99488875620357053,6.1239268938801041,14.172925028329542,-4.0149776844210843,,0.2325293732025807,0.3666666666666666,False,1
0.91157139941609622,0.3990421393141782,-0.09900987232666951,-0.37409069065463346,0.90492012378494369,0.20291802466656678,0.17056886859013526,-0.14793559619174138,0.97417725309477199,11.440340587283028,3.8835031366199519,-2.8548690712964286,,0.4175795321321312,0.5867768595041323,False,4
-0.87396452904732702,0.47483457994862671,-0.1035283712423568,-0.47586077232759472,-0.87937250239959619,-0.016140860672766384,-0.098704241686308009,0.035158551000913071,0.99449552485903514,10.347125593357099,-15.94181793146344,-1.66081372805248,,0.272358670836679,0.3125,False,6
-0.69731162864331508,0.71479668346862202,-0.053124324570449882,-0.7152904815690041,-0.69871678535301651,-0.012425008761748957,-0.046000212342881729,0.02933522060946251,0.99851060349713106,20.686417723399838,-6.8108866440044311,-1.3733542067233313,,0.1170261547151885,0.2352941176470588,False,5
-0.81946498184515737,-0.54548642964452421,-0.1758456670014551,0.55228635602020126,-0.83356726868229347,0.012057758310314512,-0.15315653588222899,-0.087236251955320199,0.98434389918429666,5.6406082367813619,-18.650466301228427,-1.8621286443152349,,0.1582561597216096,0.2777777777777778,False,2
-0.97296937497445479,0.19366760970566405,-0.12579130459898138,-0.19800753104110658,-0.97993423713060668,0.022845317906780828,-0.1188428079978943,0.047135420334937339,0.99179364745748677,0.54165922094553554,4.9008821778817451,-3.9450886757246462,,0.1090452942854416,0.4301075268817204,True,5
-0.29054710956359198,0.95604286707306541,0.039552666698387473,-0.95643944676474535,-0.29139739178006374,0.017639295227496944,0.028389466296300729,-0.032704684411988025,0.9990617807828116,-10.226480938012669,-12.145649304922767,-3.8457580552186346,,0.08332635848558441,0.3461538461538461,False,3
-0.81516602976212937,0.56717960260580746,-0.11752294375893702,-0.57502566799460886,-0.81681486119929669,0.046464649695531782,-0.069640685444659067,0.1054551132562703,0.99198255731585672,-2.280881815627867,8.7114154430099493,-4.4577167336669632,,0.09318349817014841,0.4464285714285715,False,5
-0.15899198484722504,0.98727891201379381,-0.0013779140756584457,-0.98636270221960531,-0.15878398325229273,0.043315890070211319,0.042546074135914866,0.0082460023887798578,0.99906047615758808,-12.497841606513234,-5.801564035107714,-4.5281744872755842,,0.09998516478458122,0.2631578947368421,False,2
-0.69019326110376766,0.72031095309818538,-0.06917653629468673,-0.72236301217518473,-0.69147759110375184,0.0071006790200942374,-0.04271932780534287,0.054871411938605806,0.9975791633668597,-12.118034219720245,-12.231982592613061,-4.0206278637826571,,0.07598087989270222,0.1818181818181818,False,4
-0.54030825594901144,0.83734887848637207,-0.083149529469225408,-0.84135548983758279,-0.53920237396255921,0.037171758544660649,-0.013708693354938309,0.090042521126167951,0.99584357010312874,-7.2775475781062369,1.7224723548746252,-4.4645976301685879,,0.4429553457704635,0.782292450464008,True,5
-0.78472105152913174,-0.55482118324658969,-0.27638076255027011,0.59585475612272476,-0.79806499827231481,-0.089718270929278421,-0.1707922155513619,-0.23508660777140278,0.95685124546796352,-16.24560434893219,-15.210255980688348,-4.2312968925255356,,0.3339204073339225,0.2857142857142857,False,2
-0.97975468793991516,0.17783445187800137,-0.091954658310551593,-0.15955608894948695,-0.97103068954141325,-0.17787988769917507,-0.1209239675949432,-0.1596067282227745,0.97974643983385779,17.544153832466552,1.7002889062653783,-2.1968993658020026,,0.1168086437901368,0.1111111111111111,False,7
-0.97731920334026512,0.18252643876473967,-0.10738376941703585,-0.1773733305275754,-0.98256003492042776,-0.055807520951240544,-0.11569734828380844,-0.03549474509035673,0.99265011291545524,10.525130775031878,-9.9081270980009446,-2.0374172183898911,,0.2971915644578659,0.3829787234042553,True,5
0.59800043271107373,0.8014957175186983,-0.00031189189582578325,-0.78880248019107158,0.58859882909189754,0.17703690472910055,0.14207790018782621,-0.10562212453285243,0.9842041643314583,7.4614030331376329,-13.228866437579121,-2.0775749474146572,,0.5586738625935875,0.32,False,5
-0.91079461443091458,0.39470694153503577,-0.12107683770110532,-0.40163804944336989,-0.91499053504418126,0.038460343457759533,-0.095603595972992533,0.083658538617534028,0.99189777767339127,9.1232531572801516,-5.4802204097399825,-2.4200309389317369,,0.2717906701397346,0.7988165680473372,True,5
-0.96685783433941985,0.24374391806382273,-0.07599230608017285,-0.23030926109907851,-0.96109988393969648,-0.15246198655106721,-0.11019787851171502,-0.12990733427331111,0.98538343403647655,-2.0487638542172188,-11.284531524850209,-3.0749307423854475,,0.3363907954617822,0.1818181818181818,False,3
-0.54307237849636014,0.83468736721109182,-0.091484374253323397,-0.83949709140397588,-0.54202842889337599,0.038076446730796791,-0.017805202570340344,0.097479132585361519,0.99507828509712493,6.114977749878248,14.306504189753751,-4.018239956876843,0.1164623461709283,0.1193900518325887,0.3571428571428572,True,3
0.026430220579611106,0.99812806211691363,-0.055152652292052677,-0.9960367319131721,0.030981677690475926,0.08337244345233244,0.084925097114115791,0.052730515474613285,0.99499106559704376,15.829998950889395,19.456499045849998,-3.4239585003895412,,0.207463897184588,0.4705882352941176,False,2
0.53919504935561524,-0.80953087484710007,-0.23222502324186298,0.84205130662046224,0.52304903063079133,0.13179267269071404,0.014774835673118117,-0.26660734090695598,0.96369197880098312,-18.055946793971593,14.559307149161235,-6.5647422361423402,,0.1492096394745686,0.375,True,2
0.9597655869455296,0.26678118645466614,-0.087623151443799632,-0.25006361219304241,0.95398024767180833,0.16549887283302744,0.12774274136744532,-0.1369287610616397,0.98230967949117476,15.508293824921708,12.314726984546207,-3.0197869025803534,,0.1848408516042808,0.2,True,5
0.79938610027782964,0.58984189944215282,-0.1143170868465327,-0.58049061245329525,0.80730508428693415,0.10625041053127793,0.15495970939635428,-0.018575105570096395,0.98774614852038689,13.249168269631344,9.2276447863342774,-3.0372759588515832,,0.152560801783115,0.5581395348837209,True,5
-0.37408217100027802,-0.85563746953542474,-0.35769686896411645,0.92185656846012054,-0.38516774655988123,-0.042734929471253562,-0.10120769005687567,-0.34573158336634041,0.93285940834423386,-14.371061367473544,-20.448894020685287,-3.6398480052808067,,0.3506503722137908,0.1764705882352941,False,3
-0.35192385043573854,0.93096328405943463,-0.097246939426167647,-0.93601660921146645,-0.34948829177855834,0.041603379549917538,0.0047445521130180732,0.10566597202022074,0.99439036177060236,2.9529009685733696,-15.521335783557181,-2.3124988064172491,0.4138235263630348,0.3651244068608235,0.6792452830188679,True,5
-0.76363885746553761,0.64435720933595686,-0.040736741959886663,-0.64468478632616677,-0.76442287455152158,-0.006260602365099073,-0.035174161657577439,0.021481518548903393,0.99915030036152241,4.8738621036921801,7.1026307081223532,-3.6529163367231687,,0.6031718322793445,0.954954954954955,True,5
-0.39560461211675652,-0.90112897726666974,-0.17737969783003821,0.90951776748589619,-0.41122049020894147,0.060622925199867957,-0.12757124087905305,-0.13734727795862234,0.98227353814400165,-14.42319482217059,13.447252650136415,-6.0651543526012022,,0.3275482192953277,0.7291666666666666,True,2
0.54520991199525659,0.83648424996502435,0.055138474975057999,-0.83615304563589266,0.53793234370910614,0.1071301911948663,0.059951948558368558,-0.10451264589550124,0.99271489900775456,21.823555961667331,7.9814982855385024,-2.1970455087757061,,0.661214068065927,0.59375,False,2
-0.91614874172110583,0.39025648823259784,-0.091495117001908335,-0.38808403185022122,-0.92070350615333352,-0.041180553418250936,-0.10031085318004805,-0.0022197182968010862,0.994953670069603,18.695397819451902,4.4468768757832358,-2.2654722696418577,0.1396142708917729,0.146958874528889,0.3333333333333333,True,5
-0.47735270832881765,0.87856232758492792,-0.016205813762246446,-0.87524936898860495,-0.47702651486860559,-0.079901478067433626,-0.077929031408014687,-0.023957058685612112,0.99667102165305443,5.7617776551448801,-8.5455745465905704,-2.5562110089072809,,0.2295448989369421,0.2127659574468085,False,4
-0.16481388680671241,-0.96992244581355325,-0.17912797610288969,0.98137695966713701,-0.17942803061462309,0.06859187170680589,-0.098669375948919474,-0.16448717559983556,0.98143177211308918,10.004642004446007,12.996904804207704,-3.5477530711317677,,0.211401181403713,0.4285714285714285,True,4
-0.70774747800361371,0.70563381782857915,-0.034269848499635963,-0.70492575371674449,-0.70857450658665933,-0.031652019877915341,-0.046617476619868592,0.0017560615410496666,0.99891127089519849,-16.453831954922254,10.73560157881621,-6.104393998384003,,0.7657161217064457,0.5531914893617021,True,1
-0.98407791256898103,-0.076170042543327571,-0.16058887449890133,0.099472713575588595,-0.98478952997935099,-0.14245968165399409,-0.14729508222539245,-0.15616563726375951,0.97668646580682106,-7.4650147724265725,-18.408682304914205,-3.0781780878578906,,0.1995552780502369,0.1875,False,2
0.55239073433548103,0.82570683867139294,-0.11433587884651016,-0.82295535176607693,0.56202715783269008,0.082885239084427603,0.13269877776333208,0.048308285312194388,0.98997845630615389,-1.7327283363944059,9.6609653520770991,-4.490481872785467,,0.0925253951902519,0.3488372093023256,False,5
0.27113000775036233,-0.92337905970424861,-0.27177128434951725,0.96254129336978111,0.26058681692961827,0.074891717836614732,0.0016665699259056713,-0.28189647557603026,0.95944338009206964,-9.7976634636261561,8.4102095147000195,-5.2272575929556622,,0.1047810805249636,0.2105263157894737,False,2
-0.96745333734209693,0.23259443676000835,-0.099668791775226612,-0.22852506113759291,-0.97222081687068895,-0.050625879501995916,-0.10867537208447213,-0.026201359346141168,0.99373193179585262,-16.257437338566344,7.8457477664683504,-5.8654726462287661,,0.2115613489621594,0.5769230769230769,True,5
0.028613869200540168,-0.9292559052152104,-0.36832690522419614,0.99666406440773458,-0.0016527434163102067,0.081596636924907109,-0.076432906575830642,-0.36943298588764306,0.92610867598274405,14.234845449416586,-5.3658624092441594,-2.0069698664746527,,0.6314296200017852,0.2580645161290323,False,3
-0.0056131406279670004,0.9997933222233254,-0.019539843651795272,-0.99880527713557865,-0.0046568821056225821,0.048644956729087301,0.048543908149335374,0.019789549936778936,0.99862498601571648,4.3707625163652635,-9.9063692241581016,-2.5696535631316819,,0.09634098334689963,0.2962962962962963,False,3
-0.79540493991768479,-0.57807489641342391,-0.18209996071156914,0.58735995625954174,-0.80931777062644406,0.0036094225346434347,-0.14946325079207629,-0.10408727244410582,0.98327339859156848,3.3169908378673512,-13.289101265417678,-2.4327944537124147,,0.07380051060610689,0.125,False,5
-0.75028294737618617,0.64947845028050089,-0.12350401409566267,-0.65287988117811879,-0.75728867474067929,-0.016177881887062394,-0.10403537681648878,0.06849529714326788,0.99221219234592528,8.5820313149838316,-7.3593195505468456,-2.35225186573193,,0.2747706749163075,0.4666666666666667,True,4
0.25427782033531054,0.96165661741819541,-0.1027586505425073,-0.96176899025607399,0.26260972117389164,0.077695197578626696,0.10170152146027377,0.07907391808152954,0.99166734140633106,20.108474064172093,-5.8982160636442655,-1.4834984363263763,0.4434258916465407,0.3636630065840251,0.9722222222222222,True,5
0.25266750032704161,0.96655316744699482,-0.043978503574642877,-0.95646086788540363,0.25637557098933422,0.13947822340348301,0.14608813258572168,0.0068221036398894708,0.98924805606053245,0.17679204711690233,-14.434287176715468,-2.6443402682840293,,0.4185182003181208,0.4117647058823529,False,4
0.11403482851698366,-0.97783324913760261,-0.17560807147195984,0.99146511920262093,0.10076906977036749,0.082719477646725548,-0.063189993587865326,-0.1835421789633479,0.98097874250757977,-11.899635434691122,12.369655576658056,-5.7161114774883046,,0.2601692530784379,0.4878048780487805,True,2
-0.034452411104046197,0.99654581377225471,-0.075561050959562448,-0.99707408298873001,-0.029111435302157162,0.07068095476741186,0.068237118940518038,0.077775094906043757,0.99463296256008671,8.1728771350835725,10.786426523617795,-3.5699251706648987,,0.082146244446025,0.3888888888888889,True,5
-0.21268312635460068,0.97701489779737805,-0.014414480428148482,-0.97585818916953104,-0.21163527382106806,0.053956514949051758,0.049665706426050844,0.025542129054995644,0.99843924063937961,-15.089853871138894,-10.106675360122336,-4.4916330953690968,,0.2598286191133306,0.59375,True,3
0.91003643616266205,-0.34427738561262977,-0.23088258187246191,0.40047502010563435,0.87398487525223167,0.27526386632054339,0.10702076026525562,-0.3429628545281177,0.93323257405974258,15.448686452358871,2.9053150694906158,-2.461078889656771,,0.245743068416081,0.2571428571428571,False,5
0.10770436135158493,-0.94716740384016518,-0.30211534163052689,0.99416102689690722,0.10058986248758496,0.039058061447250325,-0.0066047819900172441,-0.30455802184052139,0.9524708857426849,13.50830549789103,4.3885147177287163,-2.7044379910651024,,0.4907344352572176,0.1176470588235294,False,5
-0.14210964420079944,0.98977014206107317,-0.012645746696987162,-0.98837477317403166,-0.14118869636017917,0.056400884508078661,0.054038474981282544,0.02051384665330433,0.99832811505896291,-13.998829304015151,4.5359940646721819,-5.4023702497685218,,0.1456843265638963,0.2349397590361446,False,4
-0.96286535290884268,0.24336137292968024,-0.1168997619052832,-0.24550797802176444,-0.9693858722756975,0.0041065021552580128,-0.11232161366093195,0.032653832823535137,0.9931352286101518,4.6673728694234375,-13.032282903670911,-2.3370600610839074,,0.07525459696204143,0.3529411764705883,False,5
-0.7003370308304363,-0.68152200868530566,-0.21226350351663195,0.69489634478451889,-0.71894059550383416,0.015604170651080954,-0.1632394353479705,-0.13657295418251394,0.97708787472424297,-18.794385817754808,6.5360054716605758,-6.0548136873256926,,0.2565926910404944,0.68,True,4
0.58501091770230262,0.80380974519244386,-0.10794498461145392,-0.79926672739086202,0.59398189839900462,0.091423207448739247,0.13760423196620986,0.032793260099778787,0.9899442799658057,-0.15672912029697272,10.655948937291235,-4.3691128618144495,,0.08454001470260383,0.303030303030303,False,5
-0.55355420652392739,0.83281057609175912,-0.0020699732795796677,-0.83278196536271298,-0.55355327858209413,-0.0072777701002569237,-0.0072068444053470238,-0.0023048038370946933,0.99997137422677806,30.317944058566848,-1.9981391376993951,-0.89864703400764157,,0.2872017924353963,0.4444444444444444,False,9
-0.79822872843064241,0.59518151082807558,-0.092681531474231499,-0.5963146592625469,-0.80254926485301048,-0.017986234527694704,-0.085086569190397088,0.04091022674469029,0.99553333901537722,-13.778589500971329,-14.899225803753371,-4.0024068556364467,,0.1534089106696269,0.3947368421052632,False,3
0.56681099899654031,0.82069819980183267,-0.071970523539676673,-0.8126867959356876,0.57132550092539902,0.11457462068070942,0.13514978034880504,-0.0064526610304088267,0.99080416835886254,-9.0862953430858937,-11.114140356799163,-3.7963840441055519,,0.07162649379957188,0.1176470588235294,False,4
0.053692281380360217,0.99853984449988309,-0.0059428836706033189,-0.99606998521484602,0.053977402069437283,0.070221254759025478,0.070439502229003984,0.0021491886805078686,0.99751373800752607,13.01863524040477,-6.3233402897426814,-2.0313643956618783,,0.5212390696109006,0.25,False,2
-0.38211485629073255,0.9183952591654948,-0.10265663419505697,-0.92402344936442371,-0.37815004011930015,0.056419962623570928,0.01299621585640881,0.11641604313889263,0.99311550349055511,0.69069458568022091,-7.163056642443423,-3.1239437067846487,,0.06822654686010846,0.2191780821917808,False,1
0.97677327363368827,0.18042660704337724,-0.11558638062393727,-0.15459229252100731,0.9669139577032505,0.20292516229323404,0.1483751832619804,-0.18034311151094962,0.97234827460253292,-6.813414495588801,13.160098061832359,-5.2201032703243051,,0.1385200554497131,0.4117647058823529,False,2
-0.89073175690387629,-0.39974268941335256,-0.21633936189124753,0.4347186530169368,-0.88821096230549756,-0.14866398070642686,-0.13272765334350051,-0.22646648471886646,0.96493331445079977,4.793078806859687,-16.583392214420613,-2.0760971001784352,,0.2270050261055782,0.1363636363636364,True,5
-0.95048551375592416,0.2836672725853247,-0.12692583111462863,-0.29135971814208128,-0.95548619604636809,0.046428911348511785,-0.1081055169004021,0.081111082034726126,0.99082500452241939,-0.02266939666506429,8.0303385254506416,-4.1935285726133209,,0.2520931578861568,0.8280542986425339,True,5
-0.72536119151197753,0.68797883447971087,-0.023157399600617024,-0.68545868732000115,-0.72497610718029704,-0.067498385130635621,-0.063226021746311228,-0.033087268331508601,0.99745060170842259,-10.097922237302038,-16.436987776735155,-3.5043593908172088,,0.4175587768619142,0.574468085106383,False,2
-0.62188498669222447,0.78152375125764206,0.049796481271237744,-0.78060736635781358,-0.61356596783785022,-0.11911734843893293,-0.062539610765752138,-0.11294879074778587,0.99163066095894947,19.401092852636886,5.9252270474748991,-2.3462676019788677,,0.3554474074642346,0.2666666666666667,False,4
-0.81477981630472796,0.57951617338934613,-0.017171363446258039,-0.57129821296362893,-0.80756585835105654,-0.14647776722180775,-0.098753242007532674,-0.10953715901871502,0.98906491596209778,-7.6417176402999489,-15.500900634846738,-3.3205471702766838,,0.3508727135216099,0.2777777777777778,False,2
-0.96665156633917915,-0.20692415056299659,-0.1508878563960486,0.21000269949485326,-0.97769005725402025,-0.0045845557588442346,-0.14657290165268155,-0.036118525169418061,0.98854025544774882,-2.6916040587491605,-13.211698554542057,-3.0190296354433941,,0.1197857799610754,0.2,False,5
0.77333983232784953,0.62852486508463135,-0.083078262532874633,-0.61345692896340476,0.77491999808955669,0.15221561308772269,0.16005030472299409,-0.066749460905907443,0.98484943490203081,-2.5210531635098898,-9.9147116420517563,-3.2031907744697721,,0.1685959124327362,0.4,True,4
-0.068536509786881958,0.99753553870878831,-0.015019848175027162,-0.9957511949922434,-0.067470321456329321,0.062668280605902404,0.061500443069568006,0.019251096995958825,0.99792138506332262,-9.4488046746049967,-15.359898319293544,-3.5228025765617406,,0.1320678604009469,0.3255813953488372,False,5
-0.73700457782959594,0.67547297792722349,0.023675057515180883,-0.67247705085774434,-0.72932093884887683,-0.12595866078306528,-0.067814956520589234,-0.10875304247110075,0.99175294676919901,14.441024286676122,9.1736393282729107,-2.9166520635012803,,0.7577851569832679,0.462962962962963,False,2
0.67342994118590638,0.73716957898730007,-0.055435783840698645,-0.72200258284542085,0.67196972806422428,0.16483007895961538,0.15875888850356448,-0.070976731264397228,0.98476287447290267,-0.66825861972847656,-9.2463688259612642,-3.0983735971158231,,0.1426916629103321,0.2307692307692308,True,4
-0.92962267928679831,-0.3374638688313425,-0.14805340721853136,0.33810354106316759,-0.94086101899174968,0.021599501437605362,-0.14658673090079033,-0.029977994849366842,0.98874347034437149,5.7951922326275511,-9.7025167695387449,-2.4622058455600491,,0.1971071581354621,0.4722222222222222,True,5
0.9397805372588599,0.33857996525352635,-0.046649211337062346,-0.30747720280696467,0.89714690412938047,0.31715170213176147,0.14923240781899111,-0.28370942800687771,0.94722682020546567,-2.9177118399834212,-6.3238783088944679,-3.5606864101173001,0.9575630212017616,0.7797540353553687,0.547244094488189,True,1
0.83389497500897491,-0.48922724994398054,-0.25549142562330862,0.54682360582672274,0.79512057133737346,0.26223504942472819,0.074853956244421677,-0.35838523260365873,0.93056805784755992,-20.022685936307742,-8.515859579565447,-5.164820131775862,,0.344370663877847,0.2857142857142857,False,1
0.53489703680508516,-0.81599444274911537,-0.21917625195193996,0.84440461730651095,0.52530819527654771,0.10503400519232547,0.029427916823732182,-0.24125581729329806,0.97001527221665895,10.859814175996299,-7.7081554409035213,-2.1386037160838578,,0.2465196346625397,0.2916666666666667,False,5
0.5228282506757872,0.85229561582250912,0.015582154697829739,-0.84307244100218959,0.51429540602121759,0.15725487136518579,0.12601380685427466,-0.095354174503279029,0.98743511274761386,25.724257161225434,3.5838129335792281,-1.6206406899441703,,0.3680118234612284,0.6111111111111112,False,4
0.43463778696041272,-0.86821639722160182,-0.23935388390769313,0.8997294171563387,0.43031794914521582,0.072893336780337437,0.039711082202215128,-0.24703592904474053,0.96819227414358777,-9.6142458118027943,-22.853217168075918,-2.9669589960905181,,0.2197750878960287,0.375,False,4
0.10107695492011329,0.98188025891033648,0.16029537219223777,-0.99138076288399068,0.085906703463718648,0.098915222708911454,0.083352457478074585,-0.16891179787737545,0.9821003881325977,-8.8640129048131655,5.7227221379250155,-4.9264842052133755,,0.3737021909888713,0.3,True,1
0.7358415620266836,0.67243779339172516,-0.079778503449225491,-0.66114479132284021,0.73890811849473137,0.13000906633483059,0.14637199356710451,-0.042920932434465806,0.98829804869692428,-10.344725761638225,15.261084382446473,-5.7490060776967278,,0.08980084532416441,0.4,False,1
0.8035102456639146,-0.50211057459430586,-0.3197753211142027,0.59144093012674004,0.73434909831375661,0.33306009664411867,0.067593722222793251,-0.45674541342672392,0.88702576965368896,10.831409405159327,0.57352745883941747,-2.6806202870760476,,0.6320360803752039,0.5876288659793815,False,1
-0.46731435934792442,-0.8574681987435121,-0.21532667668172506,0.8752190249552616,-0.48311184628772669,0.024384469090502851,-0.12493577511505884,-0.17706279146116863,0.97623758377578296,0.54549561467182939,-8.958950059199573,-2.9920081266230381,,0.3720366241799962,0.5333333333333333,False,1
0.13353078907492513,0.99095828891231952,-0.013084265550503987,-0.98636845335443235,0.13417017340700393,0.09526614716214829,0.096160296360886063,0.00018494297163963724,0.99536584389855598,18.560845500235267,12.755920011124417,-2.791995573827128,,0.2482927420760658,0.5263157894736842,True,5
0.93772515324756167,-0.31904088025323091,-0.13742071784879908,0.33215987942449543,0.93930851029601592,0.085844842513590119,0.10169243564562887,-0.12614451717265387,0.98678579708046932,12.494559670203579,-8.2743233390768296,-1.9588228413729494,0.4729092477612614,0.4102554702901952,0.9763779527559056,True,5
0.76153518670520337,0.64662052930685676,-0.044114062256733075,-0.62428470795964386,0.75011396043050038,0.21816885610694334,0.17416303516421894,-0.13860352609580373,0.9749134832056624,-9.2801110260965594,-3.960206238905061,-4.3107183722496467,,0.3667236059801617,0.4947643979057592,False,3
-0.88407849229466806,-0.44047934056488014,-0.15615111270020982,0.44166244010570332,-0.89671425701667407,0.028945297768542339,-0.15277273468083727,-0.043376166250162211,0.98730896873247143,-13.319987842571532,-11.33742327742733,-4.2123706187876451,,0.5114558973268566,0.9236111111111112,True,4
-0.83700403840977289,-0.52698785243340507,-0.14733649606719201,0.52976885428509757,-0.84783202933602897,0.022930570455290469,-0.13700073253521372,-0.058861306641779201,0.9888205832532192,3.3424335569818617,-5.3376430206547507,-2.9654132391311947,,0.3718583050468923,0.5714285714285714,True,5
0.50920194121395157,0.85810269782815929,-0.066129744018694869,-0.85489279071983748,0.51317249324940239,0.076238497804196503,0.099356426260165609,0.017713050336598077,0.99489423981073588,6.3013162408496664,-11.059749721353082,-2.3050043374761122,1.117437377104268,0.5859291956720808,0.6511627906976745,True,4
0.17626466081584885,0.98326215983533394,-0.046111759708640163,-0.9799622043265398,0.17970217513668982,0.085913947311311273,0.092762316912322035,0.030044188907275768,0.9952348965314477,-17.872494054489994,7.5270864595894258,-6.0459405187567548,,0.1214764421814585,0.2142857142857143,False,1
0.55430781076621038,-0.8176287653478721,-0.15564720684704267,0.83203993099460616,0.54913026692355615,0.07852071815104536,0.021269794405755021,-0.1730293386226131,0.98468697758310952,2.1046871723865923,8.9687985183678691,-4.0382275020404261,,0.1698140635820977,0.6475409836065574,True,5
-0.30232573316011424,-0.93823707886122776,-0.16825675296745579,0.94724747770329976,-0.31542251645290842,0.056840584965792938,-0.10640191283025914,-0.14219641333193642,0.98410304998084275,-11.832430823166748,-3.529641041236999,-4.6041450380102402,,0.2404602201582234,0.8829568788501027,True,3
0.31329251039146599,-0.92812176964729265,-0.20109148077278494,0.9492928739279819,0.30021012416932003,0.093364451777935412,-0.026283881794096547,-0.22014509318406283,0.97511296550954274,-16.937795644712445,5.5884554129035049,-5.8217322763316606,,0.1007345716455304,0.5555555555555556,False,3
-0.28863278311921281,-0.94015177515254089,-0.18112359367676301,0.95146046555651664,-0.30276028633218494,0.055309958443592322,-0.10683678669744757,-0.15636767152318007,0.98190378974244974,17.277323656268916,4.971126257639253,-2.4142545561806017,,0.09499965779650774,0.3870967741935484,False,5
-0.73400953916529332,-0.6634790156432705,-0.14500204210765544,0.66320116697622744,-0.74623945065788577,0.057366317671495581,-0.14626759222645147,-0.054058099142068897,0.98776693272321225,-19.291710457751254,-10.358128889830903,-4.9475537757225982,,0.702341402186239,0.6578947368421053,False,1
-0.21459816976680043,0.97183932432606512,-0.097344507940596736,-0.97591696859296562,-0.20936165915170124,0.061267985845495164,0.039162430275155646,0.10814815472630253,0.99336311622902529,22.659401553051126,-0.30070513652278208,-1.589247164299644,0.2024038877136648,0.1667534280804835,0.6086956521739131,True,4
0.29671977484545936,0.95137689779291645,-0.082700505207556729,-0.94895742764782198,0.3034437822087479,0.086032967813959554,0.10694473211751798,0.05295157584789361,0.99285394438836594,-14.201626651759035,-2.8488456090897727,-4.920036635064851,,0.08192233980023247,0.2631578947368421,False,1
0.26998465015096274,0.96198471028650634,-0.041154657790450383,-0.95641677267647385,0.27286977871188223,0.10396653696669486,0.11124408130764071,0.011291635874186953,0.99372896371863129,4.7509461042564851,9.4814408686924381,-3.8013726865131074,,0.1051936433869603,0.1590909090909091,True,5
-0.61417870234093874,-0.75223397686758542,-0.23859707801391028,0.77701002854143641,-0.62928064870446698,-0.016164179908670778,-0.13798527869608135,-0.1953200174382049,0.97098411606529544,-8.1594366652813299,3.4537194097877801,-4.6855047036111008,,0.7632744132909569,0.3329015544041451,False,1
-0.98986516473199515,-0.017552448695900797,-0.14092149301961809,0.014271537489020323,-0.99960383656497709,0.024258877597248436,-0.14129146778132071,0.022001851498375413,0.9897235167777132,-21.385512382584228,4.3840924154128516,-6.2004004610333263,,0.09254595805964642,0.2121212121212121,False,3
-0.8503639048598457,-0.49702053660974899,-0.1727767793995286,0.50562276557004771,-0.86272810369563568,-0.0067703789428732938,-0.14569436587875617,-0.093117158901518254,0.98493773735668078,0.0633978066232736,-12.904520795829487,-2.7542193399268404,0.6545656086204741,0.50059905309791,0.7317073170731707,True,2
0.25951489880400896,0.96330836320339397,-0.068476380461762867,-0.96031413392906406,0.26491262609980104,0.087281525588065803,0.10221928132606946,0.043107979717288442,0.99382740987048523,-9.0117702763265797,-6.0892531545814981,-4.1774177606826282,,0.0749553062879432,0.3376623376623377,False,4
0.78281844519575272,0.61630125540694636,-0.085837313827530654,-0.60280780252269217,0.78532252511054024,0.14103646610635323,0.15433092716324698,-0.058662544590454488,0.98627616354807346,6.0894165761752346,15.118083942922976,-4.059995005074577,,0.1899721068313528,0.25,True,7
-0.95904246771268487,0.26637859824652077,-0.096332691853700803,-0.26568332429259134,-0.96384846977923511,-0.020211345750903845,-0.09823398758270574,0.0062104509050039079,0.99514396646071046,-15.470630369643326,-23.250463477810833,-3.5518525632292706,,0.2665239953044093,0.7083333333333334,False,5
-0.55113351032997604,-0.81538352491958122,-0.17720485625703356,0.82692593225294642,-0.56211989089268155,0.014653696816663099,-0.11155875742833067,-0.13845914759421818,0.98406489018180565,0.46420244118518711,-12.063527649025961,-2.7663903369741174,,0.4582681924382422,0.936,True,6
-0.66576887703546739,0.74193759451258456,-0.079249026617444845,-0.74436400696086036,-0.66777209326824605,0.0016299059230164836,-0.051710999913997413,0.060075263636749206,0.99685351741711314,-11.3114073281644,-14.911908384336774,-3.7440133792504278,,0.08499400089043734,0.45,False,4
-0.98891720651468129,0.13502578074189564,-0.061731654718141099,-0.12671263125627297,-0.98428011790305081,-0.12303072210170732,-0.077373559691344587,-0.11384501761516522,0.99048101658986487,7.914457431089633,-18.042607975566369,-1.7454080246441932,,0.2610482325869368,0.3,False,3
-0.33420526314051902,0.93976830045438897,-0.071710414517321575,-0.94227110679578852,-0.33147757922693383,0.047410713638291455,0.020784691169625148,0.08341556168318634,0.99629806819147382,-8.0472531674210526,-22.333761498434416,-2.8286675911991619,,0.08621018175047254,0.3157894736842105,False,1
-0.88677279743757331,0.45116826368520663,-0.10040519691737641,-0.45363815669321694,-0.89118373453315769,0.0019935133597734495,-0.088580068394202321,0.047315421870793566,0.99494463279946799,10.815940485275529,-18.994349845149554,-1.4666404562319439,,0.1104876942301068,0.2666666666666667,False,1
0.85524981141104039,-0.44480162563263159,-0.26589335064260095,0.51203160736706033,0.8043602752982707,0.30137714010720146,0.079821006874665604,-0.39389854195802698,0.91568146508753612,23.371853064935046,10.127980043697365,-2.1957938704672029,,0.4641853248420363,0.4444444444444444,False,2
0.25473275842956455,-0.91822874897500317,-0.30326092121911585,0.96643879711893832,0.23094755896152072,0.11251345000939281,-0.033275714961009492,-0.32174398139750277,0.94624179638627204,-5.6113474659067579,-32.135121778183034,-1.7933208478735814,,0.2434866893051245,0.3333333333333333,False,1
-0.84494801422065735,-0.47734971637961959,-0.24124697207813006,0.50604295323829263,-0.85952723500121253,-0.071648180500548969,-0.17315710422167696,-0.18262031804667472,0.96781529058705029,12.938149710738987,-9.6226982192924577,-1.8461573593746339,,0.421899716606545,0.1428571428571428,False,3
0.10268661602160088,0.98653320161956115,0.12730946937400384,-0.99119800196947583,0.090731042379932708,0.096407462576140052,0.083558241854117962,-0.13608864776647989,0.98716660203196704,-12.810868535485838,8.3493215498120037,-5.5165409366541258,,0.1938186879362574,0.35,False,1
0.81595731423504358,-0.55208121878445415,-0.17152256181565315,0.57453910425976173,0.807336419219432,0.13458352008450022,0.064175377075040146,-0.20836082661435198,0.97594430522948361,6.7014836371108997,19.794571860586142,-4.3091284771719076,,0.1146728322602632,0.5,False,3
0.94422627194499686,0.32132907740108196,-0.072002579019247115,-0.29391997882784637,0.92098655505002602,0.25572409245693856,0.14848499390407066,-0.22029840996624536,0.96406473701284889,-2.5315257455622069,2.8310834095792279,-4.1005395688453943,,0.5933827812916627,0.302559798573227,False,4
-0.18962083326076426,0.9760845114267992,-0.10631540879008029,-0.9808697382494056,-0.18346085232326767,0.065089724621975764,0.044028356544821304,0.11662393501133722,0.99219975892077095,-0.30397176781486923,12.973585106648384,-4.5464800791149687,,0.1628893968574784,0.8,True,4
0.7926261948303096,-0.57935926630071855,-0.18996461728521308,0.60619108108152575,0.78224420614819012,0.14361885379294576,0.065391807484085046,-0.22899092230715479,0.97122966852072823,3.1034744406039776,9.3712221614300706,-3.9619982318300417,,0.1557166292012747,0.2272727272727273,False,2
-0.67717386331603258,0.7300088991778455,-0.092317744571612625,-0.7346001774472426,-0.6779368185927831,0.027645059066237741,-0.042404458917889493,0.086537142993319965,0.99534576140476683,21.654799513722487,-6.7168441113154218,-1.320353833207393,,0.1003191916411406,0.2,False,2
-0.19426656439053766,0.97714631775464711,-0.086287749179312076,-0.98008937069856028,-0.18966271296777262,0.058761218106885074,0.041052739294689396,0.09598504575317475,0.99453584328980527,1.2454835879403408,15.098061192310276,-4.545077607199139,,0.1011583137897866,0.52,True,4
-0.3326722657285644,0.93752145185899771,-0.10189549018097592,-0.94284559197011053,-0.32844764181723096,0.056252433611649034,0.019270529768442742,0.11478533830109967,0.99320338943921604,7.7201154187658156,-9.6714999785009699,-2.3033902191641751,,0.07905002428147441,0.5,False,3
0.64043507923747112,0.76327022387108756,-0.085214286559666771,-0.75296551088760011,0.64586630808007028,0.12609382023237653,0.15128069505349587,-0.016591486937555702,0.98835159425445951,-0.97016173668659933,-16.023334621270401,-2.6375688944367641,,0.2046652075631147,0.25,False,3
-0.5451419491453392,0.83807398096973118,-0.021266351439936104,-0.83831406772405381,-0.54516071203639482,0.0054149707221409216,-0.0070554332234725736,0.020779809275294991,0.99975918119740803,5.8930913678555505,-12.608195671855688,-2.238244911596162,,0.1624286172602262,0.2083333333333333,False,4
-0.96177197179820162,0.26649861037889611,-0.063033046329025857,-0.24940098615516357,-0.94745186152764493,-0.20033501489413424,-0.11310978016171604,-0.17695609838013046,0.977697661282797,-3.2067868280243217,-14.369238429803355,-2.9585822109362478,,0.49170865735284,0.375,False,1
-0.98674563738159216,0.11161640599434045,-0.11779144714835031,-0.084704883560970154,-0.97341553880267351,-0.21280806262551238,-0.13841289610913624,-0.20000991658017381,0.96996799094623454,14.613614449348358,-11.053328709533931,-1.6234976390830378,,0.2475918880446886,0.2,False,3
-0.91217071765688873,-0.37084514137668267,-0.17440889589302835,0.38111408673895425,-0.92409303561767731,-0.028356911186512623,-0.15065402330654767,-0.092336031104954669,0.98426491485846224,5.1886142896773473,-10.776177879830056,-2.4403329578005244,,0.07847063903662446,0.2857142857142857,False,1
-0.36582941759180498,-0.87852102931070797,-0.30719641645581419,0.92488947180744885,-0.37994606146915011,-0.014847737666692465,-0.10367401875194537,-0.28955447058012118,0.95153029715447679,4.9757792808250239,10.799580405889406,-3.8701581869009063,,0.4954791666354592,0.5238095238095238,False,3
-0.765024173839013,-0.62065088376263244,-0.17184438869686397,0.62678306730871669,-0.77886354077019992,0.02268416615139373,-0.1479222768112109,-0.090355217578014846,0.98486290146365929,-14.884248351794662,-18.872237077371537,-3.8057277380921035,,0.6791716391271502,0.4333333333333333,False,1
-0.98953248211263878,-0.068135868031426863,-0.12721230416750068,0.090161151728090555,-0.98019361892606494,-0.17632763860407427,-0.11267845207964546,-0.18595153375067608,0.97607663302258563,-7.373960237241711,-16.541647729251515,-3.2166895815926377,,0.4269151951856903,0.25,False,2
-0.4065851940019567,0.90989498776518074,-0.082338273349603544,-0.9134896571633051,-0.40339591466951047,0.052994172166548566,0.015004208544936094,0.096761806864856997,0.99519446665372391,5.5763772256824922,-7.0274356850485873,-2.6663365313604674,,0.1478280873351898,0.5483870967741935,True,3
