axis_00,axis_01,axis_02,axis_10,axis_11,axis_12,axis_20,axis_21,axis_22,location_x,location_y,location_z,dbh,dbh_approximation,score,reconstructed,number_clusters
0.94984376103186552,0.22244932174895019,-0.21980247697028249,-0.14720884856514432,0.93816733180138334,0.31332349488156236,0.27591010226695928,-0.2652514972513898,0.92385889543421695,-11.032012924849651,-10.158761989583446,-9.1556136095222946,,0.2880880539527259,0.2173913043478261,False,4
-0.88871420518135469,-0.38066019035213716,-0.25550906244191657,0.3693218116591887,-0.92464034141782969,0.092960413378455883,-0.27164031538349981,-0.011749829947424836,0.9623271172291461,-1.3796250692333303,-16.150032960520772,-6.0175403588502858,,0.1822883852171341,0.7551020408163265,True,5
0.58482527061114664,-0.75460494874484696,-0.29757482115324685,0.81019715736674136,0.56126819251019122,0.16899284680481386,0.039496443503834022,-0.33992556156625031,0.93962260697815203,0.5227741171791076,2.0183056978638492,-8.6419342789750164,,0.3170755096582055,0.2158273381294964,True,5
0.33987638041341856,0.91908150835272406,-0.19943226178618575,-0.91394081365938329,0.37278904050227518,0.16043852532673022,0.22180224337164883,0.12774001833988227,0.96668829130688738,5.640165436965896,-9.9465901011575255,-5.3260778060566221,,0.1044921910166215,0.4444444444444444,True,4
-0.64768290495196723,-0.71299404802036426,-0.26860071131796137,0.71441769142284495,-0.69083915629296466,0.11112435518137723,-0.26479089262101357,-0.11991975491952345,0.95682027338733155,-0.85976794732685669,-6.6866941904588426,-7.4050185137760192,,0.06831923493218726,0.1951219512195122,False,3
0.57733398818176074,-0.6939058789119521,-0.4303255712847826,0.81518422788908995,0.51984899817075469,0.2554049602136409,0.046477313724133329,-0.49824858285026219,0.86578762349475458,-9.1567384219817498,9.8295430640619159,-12.149644740997076,,0.4667602284736381,0.4074074074074074,False,3
0.96816551751509639,-0.074642119335084578,-0.23892275889059206,0.11805118766968707,0.97784284246315378,0.17287941616443409,0.22072482367078994,-0.19558100486689978,0.95552531245946193,-8.6392554453103401,12.508614401885952,-12.448450138815989,,0.08495056310764752,0.425531914893617,False,4
-0.97185062653005716,-0.0038355609361491287,-0.23556665338167326,0.00056682719401503581,-0.9999026422174031,0.013942194719225615,-0.23559719527207545,0.013416205087943528,0.97175818340828535,-3.7648126743631103,7.5656711874037974,-10.567545401345392,,0.08153744399880888,0.3013698630136986,False,5
0.91377923058758315,0.34970550599514744,-0.20667263201363378,-0.29410593731570428,0.920511084556076,0.25721788593534478,0.28019495959495072,-0.17425671374749066,0.94399437621815818,-4.0458219809410636,-4.8926288589488491,-8.4418719381010394,,0.230616868352629,0.125,True,3
-0.33212123729517218,0.93536086786169848,-0.1216368801414069,-0.94172592962775337,-0.32152473533452292,0.098864139276126417,0.053364381419334514,0.1473834842886953,0.98763877574478443,10.887699951849818,-7.4621359522528721,-4.629640452501576,,0.2112735889636785,0.2619047619047619,True,5
-0.93457205290937884,-0.18799725135469242,-0.30204653847351082,0.23588789176259375,-0.96297804260023634,-0.13049977773780408,-0.26633058487629302,-0.19321056635934294,0.94431864145877897,-7.6328939171820291,-11.271831107800129,-8.2175191860927335,,0.3081104539310606,0.3333333333333333,False,1
0.49177885459771131,0.85968106185813364,-0.13821009388983016,-0.83704717366812253,0.51048252707834429,0.19687462660768748,0.23980322605163601,0.018869590090407506,0.97063811554309409,-5.2006000797834204,12.489072703646965,-11.724076090693826,,0.1247353307085472,0.2745098039215687,False,6
-0.96708106575723318,0.10083188864430281,-0.23363891475153858,-0.12323413184743746,-0.98887344026949475,0.083322673249134879,-0.22263773490058281,0.10937206847269837,0.96874671077446317,2.8183955381138306,-5.3982816254203962,-6.7943086356654128,,0.08634642774457066,0.2580645161290323,False,5
0.51307810073079585,-0.76291344580546927,-0.39333692524310937,0.85833680570015269,0.45761543057115728,0.23204750738508609,0.0029648829549344252,-0.45667405434554587,0.88962914608091848,-31.823406828239179,13.46309811498705,-17.862438096763626,,0.5070882360595492,0.1428571428571428,False,1
0.87640113502374928,0.4624892298904027,-0.13425633230677708,-0.39220392795882053,0.84722613206445951,0.35830707506379,0.27945863633596635,-0.26136486638888246,0.92390003636473861,-8.0590072912029669,14.72457941480288,-12.676244024741088,,0.202293453800653,0.2553191489361702,False,5
0.5712822908551195,-0.7067232715519508,-0.4173472913560532,0.81695929858362837,0.53847595555819228,0.20644890346872152,0.078829237044846304,-0.45889635293015707,0.88498592568149259,-36.258783093870022,12.420134744018471,-18.658961762777967,,0.7228338014283975,0.4912280701754386,False,2
0.87093054578949847,0.45932979480913183,-0.17463139469009786,-0.407022799865769,0.87340686946706947,0.26738152658170833,0.27534056148747488,-0.16179177966860853,0.94763442066623371,0.76445073914312567,-10.647887523812408,-6.346437904323099,,0.08713987317891769,0.3529411764705883,False,1
-0.95648805855895092,-0.0876509441848035,-0.2782946384996316,0.069717740210882145,-0.99483946719263261,0.073714796450684517,-0.28331966139683307,0.051105249235184814,0.9576628963088174,4.3980946228030513,3.2305852301117564,-8.0020115765815447,,0.1628313198062431,0.3229166666666667,False,5
-0.84030474973000646,0.51881415702996869,-0.15722530981516414,-0.53189042268474407,-0.8450817498065939,0.054124064888638579,-0.10478790883224844,0.12910734529494552,0.98607848955012511,8.1258344632073598,-10.945280619244333,-4.5888776302156913,,0.1408406526545539,0.3125,False,4
-0.85951781672678085,0.49572235593983149,-0.12445267594829069,-0.49418324764325688,-0.8681844910166423,-0.045150939158961401,-0.1304302130566023,0.022694390928945971,0.99119772202238898,9.138416711458822,10.223196848813908,-8.24068345299745,,0.4239813736008819,0.4473684210526316,True,3
0.1424856711126174,-0.87585957984231999,-0.46105078887908063,0.98853125840011058,0.10237461470847395,0.11101977044286333,-0.050037832621743217,-0.47158184301532119,0.88040148832495302,-0.50139776037018646,-7.5172118619552171,-7.1714706339013716,,0.3652202896220237,0.1333333333333333,False,2
0.93844655499717045,0.26593726801086837,-0.2204437182068443,-0.22213124784227742,0.95333983929371569,0.20445258508384137,0.26452934080357843,-0.14290038592791912,0.95373146511776408,8.0457403380246912,12.055476882944516,-8.7818380129520683,,0.1419061934955714,0.125,True,5
0.4899250161306859,0.85938352921142847,-0.14640159934050301,-0.83696930100784217,0.51066261979027106,0.19673860302284615,0.24383573925860658,0.026146481006954492,0.96946402397982889,19.451319969308063,2.468214581815209,-4.4303256581513972,,0.8392727060014981,0.589041095890411,True,5
-0.84194111500296742,0.51358262483537132,-0.16543290584031273,-0.52436210966027352,-0.85108361253132181,0.026477583599363447,-0.1271988082498684,0.10903931377188809,0.9858655543389111,8.6707420544194278,1.6706214924906728,-6.7941769210760015,,0.3508155990731514,0.2952380952380952,True,4
-0.47991681777925038,0.85168926130682476,-0.21048812362523822,-0.87727734069943841,-0.46368667521414553,0.12401263937265992,0.0080196950041595827,0.2441722125948963,0.96969872387693379,-7.5466805830783645,9.1270905433994294,-11.631226104547395,,0.08145616154785591,0.3684210526315789,False,2
0.96833507023901622,0.12179465098128156,-0.21792947193426579,-0.054542521670843565,0.95504594193555681,0.29139725826131446,0.24362328516581847,-0.27028376160023632,0.93144746665619416,-10.51865308370672,18.668099571510247,-13.924928215878969,,0.2303892266963133,0.5,False,3
0.75302151297962672,0.63782434153508782,-0.16167470530421407,-0.59419678958552868,0.76470758892659096,0.2493039885046564,0.28264602639365632,-0.091664675766681414,0.95483444166015763,5.9322772800777335,-15.941770185126746,-4.2691397433582416,,0.158344861112426,0.1666666666666667,False,5
0.94068453068914804,-0.19728626466821278,-0.27602670793856521,0.2789042258654903,0.91291218348922898,0.29799962756906262,0.19319691124992042,-0.35730865510114979,0.91378634180715268,12.512486160062362,11.115028709477938,-7.6559686193506389,,0.6025912647542149,0.1304347826086956,False,1
0.55270044300649568,0.80884683832242943,-0.20072123065643419,-0.79301734915882061,0.58449682896165578,0.17171761955864095,0.25621417648822731,0.064267013852979935,0.96448123190494517,9.9441395280864775,-17.788686660068478,-3.0323809792450236,,0.1977841648566797,0.4117647058823529,True,5
0.36813195647641916,0.91641247216592281,-0.15705745279860339,-0.89935769478290895,0.39382464178739857,0.18988914754613773,0.23586987822868705,0.071346565297628423,0.96916204432727127,-3.8595188310783377,-16.844912819814791,-6.426239586529225,,0.3326282773098516,0.803921568627451,True,5
0.13225966447932533,-0.94769520834601928,-0.29048437691175605,0.98546330667052395,0.094193829137905596,0.14138455983004428,-0.10662763411898715,-0.30496116905326481,0.94637689797028202,-9.6491492359261954,-8.5564143137307553,-9.1642747787458401,,0.1114775646070834,0.1851851851851852,False,3
0.94123594231611196,-0.17231869456292526,-0.29048436859223592,0.27672077156768266,0.8865621550806444,0.37071978604027805,0.19365049825726527,-0.42931784575404325,0.88214832757412198,0.22539772011345338,3.6207548295478764,-8.9749084990844548,,0.1906629628549778,0.3103448275862069,False,1
-0.12983856565145274,0.99024577250011314,-0.05054954911002868,-0.98818635857468329,-0.12504532250837369,0.088608058582072421,0.081422770749223161,0.061457118094087576,0.99478306933677185,21.831660774774946,-4.6352064054243041,-2.5340002656614833,,0.1849527301950639,0.25,False,4
0.93000118441538338,0.31007248158442874,-0.19736477180606318,-0.24227497514409993,0.92094196015822116,0.30523555238349992,0.2764066450086014,-0.23605288005870373,0.93159991649370688,7.1579392946495153,-16.03065417080191,-3.9744501028977739,,0.1982596835094264,0.4473684210526316,True,5
0.94842678534088787,-0.16330107706761782,-0.27169724156955466,0.24603235008832269,0.91966414458774071,0.30608159675112134,0.19988675683487889,-0.35714229571454426,0.91241145600752904,-18.94539478620506,-9.0759204239823497,-11.24477165163241,,0.1190524952095392,0.3333333333333333,False,1
0.31959072460299093,0.94205078151074351,-0.10199065546770227,-0.92324505572642346,0.33380714809726808,0.19024025587630161,0.2132611915573186,0.033363347166687679,0.97642539461107147,14.00467664155404,-8.31498707326001,-3.6617856515795739,,0.2698216999454741,0.3043478260869565,False,1
-0.74528593754963701,-0.57811206476824117,-0.33216759604175511,0.60851000049823611,-0.79339432517846176,0.01552494986301925,-0.27251504652843384,-0.19055677721879505,0.9430926063073507,-0.30204478152919356,-11.097404305867201,-6.5022476655642274,,0.6609271570948206,0.7083333333333334,False,3
0.64835476689825355,0.75935123637912172,-0.054970865463538188,-0.72103359237756004,0.63560972987838327,0.27588191304802645,0.24443128871611675,-0.13923351282441895,0.95961834809634128,-0.34341419137482387,12.963966599170529,-10.735730064285338,,0.3126070652909059,0.45,False,5
-0.47905258518704535,0.85768610883546736,-0.18677033848093733,-0.87731825836353927,-0.46088668681633949,0.13377643834929839,0.028658230363631965,0.2279429766984114,0.9732526420237928,-16.405095405156889,15.202997211422669,-14.644395788393181,,0.131112179156694,0.2758620689655172,False,2
0.46447542009356141,0.87842985076755709,-0.11235471244854632,-0.85157379413134915,0.47785050562811138,0.21559445127297527,0.24307335781127215,-0.0044599945565106658,0.969997655239902,-5.0836268471764177,-6.6522853542017595,-8.4055799873327999,,0.07622383408323842,0.3235294117647059,False,3
0.79672434924685642,-0.49446739953677016,-0.34746554089940601,0.5775910461932845,0.79218429717851224,0.19705994687184172,0.17781702582857395,-0.35769544321829172,0.91675246126004484,4.3676759287651254,-10.478759180845758,-5.5753392022397001,,0.1467499005666127,0.6666666666666666,False,5
0.90573754897932468,-0.3375712973234441,-0.2562910681086874,0.38831927237703895,0.90324791410548455,0.18262351536606014,0.16984591566914981,-0.26493173627834304,0.94919099239460236,0.54299293776786861,-3.4161313604596284,-7.6507511150063952,,0.12016937985491,0.6706586826347305,True,5
0.90288617422431505,0.37576475091815881,-0.20879992423847527,-0.33250003403533374,0.91830758304744509,0.2148369388258467,0.2724707025738381,-0.12454731986266387,0.95406901288845247,-13.18421576460811,9.3045838134524281,-12.924019561378246,,0.07754520210722926,0.3269230769230769,False,1
0.91567624475363685,0.3452120191297503,-0.20582924146543946,-0.29093034707885829,0.92264122769405443,0.25316535724261774,0.27730226818843773,-0.1719355309631147,0.94527330717098934,14.585906863253026,-16.495482952414868,-2.1523683107745661,,0.149707174613072,0.4615384615384616,False,4
-0.28750095155386957,0.94587847437115913,-0.15052280417567021,-0.9554240952424855,-0.27221283911589123,0.11430209294034346,0.067141649411498056,0.17667507447784925,0.98197653585640698,15.916781748889317,-5.3382470930337478,-3.828667871137355,,0.1908953455951393,0.1666666666666667,False,1
0.36123833950312073,0.93163104167273059,-0.039629083572684271,-0.91335673740898371,0.36207424487179168,0.1862302645386566,0.18784656585267767,-0.031078021048716264,0.98170658768547081,16.300730672647248,-2.7795014212719042,-4.2004715245512578,,0.3742204941074108,0.2,True,3
0.28495037426194109,0.957026837447981,-0.053878721331308388,-0.93752813991635708,0.28996795004016879,0.19224873163295292,0.19961029801329541,-0.004268530639380208,0.97986606665055276,-10.269081966853918,14.491059273046789,-13.114663233048814,,0.2396566928988421,0.28125,True,5
0.9706552297281702,0.045840180731907557,-0.23606588663298816,0.0044991901823883962,0.97802964193219055,0.20841731403531008,0.24043332191910394,-0.20336346115380805,0.94912334307954305,-13.624688914549985,18.622705324387283,-14.574194270300831,,0.1217271960733878,0.1111111111111111,False,1
0.90022927498524352,-0.30398819033875252,-0.3117345547001682,0.40612363853957695,0.84437940238651044,0.34940952340308895,0.15700586829452201,-0.44115145353944962,0.88359184715631767,-12.625786802154895,7.1115879355988998,-12.412090785264041,,0.1078014398736785,0.3333333333333333,False,3
-0.74454515113167108,-0.60674647549269112,-0.27840839140283413,0.62037103687635498,-0.78289098759726505,0.047132559276308023,-0.24656093472258103,-0.13762418398005311,0.95930562880270409,-1.5641798476589988,8.646796469440547,-10.278502095118164,,0.1068056656423314,0.2555555555555555,False,5
0.51709528504370583,0.83648035094368334,-0.1814196479731508,-0.81921405748418108,0.54508188741981078,0.17825280931071472,0.24799353662116669,0.05644783868307135,0.96711573624987468,1.8028756886953865,-12.656017642968861,-5.7999101099386747,,0.08270999013940858,0.2380952380952381,False,5
0.22012654912534607,-0.83550399342884119,-0.50346537054163476,0.97165263798966761,0.14217909384994987,0.18888159349107297,-0.086229075478555559,-0.5307713087917113,0.84311705255299385,-18.699740168039085,12.263977885381887,-14.591478880995114,,0.461233985365239,0.3636363636363636,False,1
0.91542883861920088,-0.25345314472050295,-0.31265243459085357,0.349987862579828,0.88487468679170367,0.30741711845973529,0.19874238971870989,-0.39084305303608935,0.8987453312381235,-1.4625143948971364,12.174818363719298,-10.838019946324369,,0.2054808980664251,0.425,True,5
-0.68279327253285049,-0.65494232145304887,-0.32379608174524344,0.67749906189921449,-0.73346916227155601,0.054936409805756634,-0.27347462059497429,-0.18186133059656553,0.94453061799185845,-2.7228575518900651,15.470336663632606,-11.717471420716549,,0.3303839830691366,0.2727272727272727,False,2
-0.31956733566070367,0.93205122628955028,-0.17075488148473061,-0.94547546067605737,-0.30168634456702725,0.12272531426393513,0.06287186364436681,0.20066355193190966,0.97764066388829907,14.855444792069578,3.7732170422360403,-5.7264278263397665,,0.2922749103808905,0.2142857142857143,True,6
0.658642880958485,0.71856624610913711,-0.22327585027344482,-0.70235720150826775,0.69356352156170609,0.16019988467036719,0.26997021475003707,0.051304887793928097,0.96150085368462967,8.2163633351772205,-4.3577654212864765,-5.7886951738835943,,0.3017507292721945,0.8181818181818182,True,5
-0.3456399544563627,0.9198153846662257,-0.18566819871675702,-0.93715846254825808,-0.32833039723714907,0.11803883396696033,0.047613422031893629,0.21479946084992296,0.97549687526972317,-14.642455115635736,11.50097566006108,-13.569021975166608,,0.1303027595338891,0.5535714285714286,False,3
0.85910595090531405,0.4904925707063359,-0.14613008999164462,-0.44522195987804752,0.85705971827546024,0.25927985990419428,0.25241705877659348,-0.15768854553035394,0.95468316788717689,-5.5292758555493773,-0.61330465773589316,-9.5090908878069236,,0.260495214765584,0.3426573426573427,True,4
0.3179736192666418,-0.91450593834291594,-0.25014329130723273,0.94629656862376355,0.28986025516506292,0.14319160829648686,-0.058442977861866849,-0.28224089216693421,0.95756174585634424,-15.289192347488182,-8.9635884383508575,-10.403889402331222,,0.288271169393551,0.84375,False,2
0.036612347244221327,0.98662228528915696,-0.15885843446310788,-0.98779852787695088,0.059808763762259916,0.14379492376769909,0.15137240287911391,0.15165545802255576,0.9767737802063341,8.0741974435280817,-0.22580886493519581,-6.6045950852703132,,0.1127491646925139,0.3055555555555556,True,3
-0.96901203513241962,0.094023251618181314,-0.22841914088724929,-0.10591446283643263,-0.99355655047279778,0.040342379387728791,-0.22315421199384702,0.063285141761219743,0.97272667718206762,-2.5014109367288628,1.6844391328716108,-9.2339860560165441,,0.1505622187933879,0.4615384615384616,False,5
-0.48990067279099586,0.8606559001411247,-0.13881193158802702,-0.87176537643632357,-0.48277766504955599,0.083371785252161462,0.0047391186694850929,0.16185532948150999,0.98680311768491469,-14.391534188299575,-3.30761592524403,-11.039640691265737,,0.1003577801559426,0.2777777777777778,False,1
0.28187807831325928,0.93200883984043625,-0.22782508954394665,-0.93709590936721654,0.31839516206875002,0.14309359670664265,0.20590290336382569,0.1731590114042513,0.96313028773673681,-6.8799418841390363,13.539442811929142,-12.252172386887359,,0.07174085217742394,0.32,False,1
-0.44748914254510241,0.89420713246050121,0.012127306420521317,-0.89409775185167251,-0.44763282915888486,0.014630802882897892,0.018511548774605618,-0.0042958719697901437,0.99981941771801253,-19.895994718543385,14.571767116588015,-15.28970372148226,,0.1289531589353599,0.1666666666666667,False,1
0.90499791932731766,-0.34081029408526109,-0.25461168366503395,0.39079209529874198,0.90251079041374782,0.18098566639038263,0.16810801368538164,-0.26329188485836347,0.94995635641985465,-13.711165616089129,10.854176047029096,-13.269997099803492,,0.07152041933017705,0.1764705882352941,False,1
-0.66570641606125824,-0.70306437059364613,-0.25007090677773453,0.69699953566283102,-0.7055335428875712,0.12811739595508856,-0.26650818918126346,-0.089010733410500795,0.95971374609153748,5.2494589584556035,-3.3674765365171737,-6.6214652817124016,,0.2159207676371665,0.87,True,5
0.87993516994204735,-0.39842813380563213,-0.25878392316993071,0.44917966841555379,0.87512747111271982,0.17997092761317762,0.15476343942014309,-0.27460322557467515,0.94902125704476747,0.27352022631276296,11.684783192914457,-10.367080948593935,,0.2195151241912975,0.7916666666666666,True,5
-0.19193438269729568,-0.91970474776543321,-0.34249725499093658,0.95608913253696415,-0.25398556550790446,0.14623577933714682,-0.22148309954333043,-0.29939022938524312,0.92806827721096496,6.3806231399695204,8.971506859497703,-8.6340878362316307,0.3342733024269913,0.2784348879877961,0.3636363636363636,True,5
0.29531001607980306,-0.81670593364115796,-0.49576548120887853,0.9548695869562015,0.23498661988007419,0.18167377461656559,-0.031875795033842705,-0.52704146557236076,0.84924156001593465,4.4471279248580693,-15.560508233325258,-4.7351461796367973,,0.6877739956613677,0.1071428571428571,False,2
0.064896804964077917,0.99168101896889138,-0.11116276949714893,-0.98502832171905852,0.081490522905759449,0.15191609555238525,0.15971102064913995,0.099639607051451765,0.98212236436700839,-10.7151845163533,6.6913664911916584,-11.910787297933901,,0.08688599430775791,0.2758620689655172,False,5
0.81735319902663417,0.53782559055794055,-0.20658504830197594,-0.50853849823700414,0.8420038842283345,0.18005014511310313,0.27078098871925949,-0.042108111871698689,0.96171958650264622,8.6361398606459936,-7.6117781199259813,-5.0715526427914401,,0.2049366247523257,0.6612903225806451,False,5
-0.057905823645433251,-0.85253876444597798,-0.51944640792373409,0.98584482916184724,-0.13083824292696622,0.10483952977113663,-0.15734321848364757,-0.5060227359563112,0.84804722881010441,-15.028429785423464,12.517136301876391,-13.898394922154463,,0.7259741162542748,0.3235294117647059,False,1
0.32924381939254954,0.93478389253318639,-0.1333325978608022,-0.91692974602624133,0.35023400703587865,0.19124848017133234,0.22547360875290609,0.059289245028894544,0.97244353932752592,12.895029986458805,-0.27115903397893526,-5.4591779977582382,,0.1910120179900844,0.25,False,5
-0.90692301690019894,0.40069602288821016,-0.13012816243309003,-0.38577660560403865,-0.91398532492473661,-0.12572683242192076,-0.16931347254506279,-0.063824157368465556,0.98349347987210267,-21.947578408018693,16.855999204529819,-16.050861904956967,,0.4538574698140028,0.24,False,1
0.71115300462999376,0.69652213484334602,-0.095489893072511559,-0.63753272565183694,0.69616673724012967,0.330005905528025,0.29633330512899086,-0.17380675945917601,0.93913672201529252,20.757056168593053,-7.6722526454585838,-2.3011862506201544,,0.4748274498852992,0.131578947368421,False,2
0.4335363246478855,0.89923643808560005,-0.058481481085263742,-0.87535025387830967,0.43565677426528399,0.20967858276883328,0.21402847531574448,-0.039711502815812288,0.97601988109778171,14.412153413718498,5.3890745451357596,-6.1769096122770195,,0.2973535707756019,0.1666666666666667,True,5
-0.76248603114126401,0.62823183369019764,-0.15472496712778744,-0.64023635154686509,-0.76711731601366395,0.04035390476708782,-0.093340593914983491,0.12982983713401261,0.98713309483440681,20.678363484660764,-7.5526002368215419,-2.343221156341015,,0.3013067932736054,0.1666666666666667,True,2
0.88613449739848305,-0.33285059997974753,-0.32245329989544141,0.43874570421904002,0.8266035639362832,0.35246099800853581,0.14922419223998534,-0.45380284946324062,0.8785187045643178,-23.223117901827973,7.1400255534235875,-14.886844348863823,,0.2778265621374332,0.3888888888888889,True,5
-0.47983753497804771,0.86241958737245961,-0.16120916643450386,-0.87732191908868162,-0.46999725445310137,0.096999129341964974,0.0078860834856953332,0.18797615838947096,0.98214193147650164,-9.5184933364856192,16.113895602217877,-13.27130915896084,,0.1783414225747899,0.3,False,5
0.87237594429278342,0.43103238490607165,-0.23058901747797328,-0.40477310516226139,0.90141854402210131,0.15363379130378205,0.2740783558703126,-0.040690191143043036,0.96084617040823328,10.982998589306602,3.6647276604960846,-6.6181830360430256,,0.09374221552781274,0.3928571428571428,True,5
0.45571924278641407,-0.77264277387654479,-0.44197637462938677,0.89004149670574295,0.38879309513370108,0.23804634699603738,-0.012087427186065342,-0.50185961498482379,0.86486462579487366,10.378172088288999,-0.44288959033093434,-6.0266300042870133,,0.304957990242897,0.4375,False,4
0.027247446499174068,-0.96013313796355426,-0.27821203073111894,0.99154755590653643,-0.0093582014720244334,0.12940582846604146,-0.12685038839139667,-0.27938643748304509,0.9517626791986985,-17.243583876266101,-9.6351938015966851,-10.694052601998365,,0.3781075509310585,0.7341772151898734,True,2
-0.35557975778460432,0.92463253820800628,-0.13644671172608519,-0.93209541886529756,-0.34003260747477893,0.12480366975464988,0.069001202773335421,0.17155901358110609,0.98275446520222476,16.55284062517277,2.6604432687197388,-5.087113147946285,,0.4264106868505125,0.375,False,5
-0.30957694906965261,0.93006150824021516,-0.19785778603497611,-0.94875815726222645,-0.28825227251625729,0.12949357674262446,0.063404034833048045,0.22780741489062642,0.9716397017864904,5.632863442579616,-12.598984423218289,-4.881774065417126,,0.1134768836157832,0.3714285714285714,True,5
-0.44964147230636226,0.8875361940237817,-0.10050895820744715,-0.89126389220147995,-0.43839038638804678,0.11602820165980038,0.058917067476540283,0.14175109671645736,0.98814746153580046,-10.82386427616264,5.4483603183594642,-11.765420906651629,,0.2206660133827281,0.4285714285714285,True,5
0.55426707608368364,0.80969397930227738,-0.19283067248570337,-0.79183206687014007,0.58434026476678436,0.17761878517895413,0.25649558718583654,0.054241265231638719,0.96502222715348152,-6.8661383164827683,-6.0000170882839763,-8.9114391619689926,,0.06838751608708535,0.3194444444444444,False,5
-0.96131003099650159,-0.097393920509894441,-0.25767702372003759,0.090288779565727992,-0.99514016039153941,0.039293733093609631,-0.26025172543142888,0.014508115784374744,0.96543179665181456,6.3599550506627835,10.674915293733326,-8.9143144801538057,,0.7731231094819302,0.6956521739130435,False,4
-0.9351302740652272,-0.23521550723104775,-0.26496232880304604,0.23980341370271932,-0.97069957128412854,0.015383922949989498,-0.26081735621544627,-0.049152898865170769,0.96413603771974798,-0.24402183463468341,0.84745488443804806,-8.62550455328285,,0.111775147547134,0.1907407407407407,False,5
0.64085599258954384,0.73881340144687302,-0.20846667504561125,-0.7168097710910466,0.67311010787828529,0.18195201219135956,0.27474961115618013,0.032825912242997746,0.96095531147652413,-6.745121012709169,-11.083846921377299,-8.0377673849624021,,0.1580603909755908,0.1176470588235294,False,4
0.8923869863920737,-0.34031980276019119,-0.29635772027625207,0.42694897678487775,0.84939777787552762,0.31022247849319584,0.14615073636632372,-0.40336812812786776,0.90329071481456158,-9.3455621915908385,-15.227365010560895,-7.9527339536618955,,0.2171598110260745,0.1891891891891892,False,3
0.58811932799074718,-0.73809175323264775,-0.33066027861487673,0.80825890537871847,0.55097054669169832,0.20772337026499055,0.02886516793138659,-0.38942524377370191,0.92060566019989565,20.195268617722618,-6.9237450487789172,-2.5177667317959327,,0.1006502219657446,0.25,False,1
-0.84030921250171819,0.51760743734091941,-0.16113028329307882,-0.52794612354846326,-0.84886657064124549,0.026427937451142539,-0.12309881402715625,0.10727574775846095,0.98657923955857196,2.9758511162700767,0.23440406258657553,-7.8116988734741515,,0.216065617266501,0.3571428571428572,True,4
0.1488765158712016,0.96874389865675481,-0.19842137444681343,-0.97542039063874775,0.17683166806958292,0.13147479870256856,0.16245259169432769,0.17397074461828207,0.97125863469456819,-3.5066694218303924,11.449116240701194,-11.184073632543523,,0.1036374842074796,0.4262295081967213,False,5
0.44386201409578546,-0.85154038019534894,-0.27904389142139285,0.89575632057064991,0.41307068975237327,0.16429613332403945,-0.024639939134757233,-0.32288014210270055,0.94611906609854168,-2.6703170963542227,-8.2808919024968972,-7.6276971180682249,,0.06793456071037698,0.2413793103448276,False,5
-0.87021789936937799,0.43367576793417828,-0.23376512982873829,-0.469834281196013,-0.87329301955016692,0.12889938020788422,-0.14824491839578188,0.22200141961629774,0.96371095970637166,-3.2897272133033875,8.4074044543475104,-10.643217587549154,,0.2748590662415434,0.8492569002123143,True,5
0.4461235019868881,-0.83386536209006001,-0.32502673564088258,0.89477079825016215,0.40788127792508716,0.18170878271829696,-0.018948339603314046,-0.37188899019009819,0.92808379977331068,-6.0156488210178773,13.520481647382621,-12.08551764100622,,0.06561613642618487,0.3333333333333333,False,1
-0.40311501728628085,-0.78892455326972566,-0.46378479070194356,0.88583858155969519,-0.46361730489264474,0.018681595873679555,-0.22975702439444262,-0.40330762930081621,0.88575090510208765,7.282512125690296,17.714754331114879,-9.9655554093309284,,0.7057244225371961,0.5,False,2
-0.84927269204817646,-0.44252423181314798,-0.28793783842945464,0.44532998837776544,-0.89338595128095333,0.059520950137622292,-0.28357908243151975,-0.077677836684664298,0.95579760289262516,-11.275546955056619,9.6240969790605213,-12.575859080148918,,0.4471094368985062,0.3260869565217391,True,2
-0.83688962329620276,0.51274426697071951,-0.19159612498116391,-0.53372526552582855,-0.84207437351424619,0.077769469652119935,-0.12146233720179307,0.1673441548403998,0.97838787527351789,8.7570524072807849,-9.2539770461684991,-4.7474984251570334,,0.4584086392604523,0.7314814814814815,True,6
-0.47164784221258788,0.87821911731351032,-0.079243264201384667,-0.8817263106503912,-0.46865279540437421,0.054067277224924534,0.010345339195071704,0.095371585625626462,0.99538798195085454,16.593485886393474,-4.127521114255158,-3.9398394944305659,,0.5224201301940073,0.2235294117647059,False,4
-0.36000053351637962,-0.85630334620056159,-0.37032984642564881,0.90533403637581655,-0.41651028503396259,0.083002801400917509,-0.22532176647495672,-0.30539116186728443,0.92518448960515798,23.53249976061354,-9.5533199580237618,-1.2579299034489302,,0.1475131279440141,0.2142857142857143,False,4
0.93934071426766652,0.2495917944437375,-0.23525084200798327,-0.15849573733975422,0.92414368607456998,0.34761695691325795,0.30416792034045548,-0.28924450493459902,0.90764502565755345,-10.124020840779576,-5.5750280156278818,-9.7245039266531776,,0.2471542891640566,0.3980582524271845,False,2
0.63185239037731356,0.76287683394803696,-0.1370455873054448,-0.73814391126288292,0.64619196353449448,0.19385435906620105,0.23644475684609276,-0.021327974326081189,0.97141082682412927,6.8597127114591814,-6.9136422819812848,-5.590558168106539,,0.2258258267945835,0.2307692307692308,True,4
-0.92519256508309344,-0.29161710835760668,-0.24285423535140038,0.26914731963491251,-0.95536233924698954,0.12182988583209588,-0.26754146939924617,0.047352538069961536,0.96238209630584071,-5.8630790297155819,8.979561150990234,-11.218417001996627,,0.09297801136454228,0.4375,False,5
-0.91032166075425336,-0.30390651104720245,-0.28098986904287732,0.31644803864297677,-0.94860952493659134,0.00077976829011386362,-0.26678664284523279,-0.088208852972305601,0.95971041749929931,10.012197457893929,-11.824379041304727,-4.0603126227625337,,0.1772305981384756,0.3157894736842105,False,5
0.77932157505521826,0.60439323585452676,-0.16542883396417946,-0.56295895055376566,0.79124629435146732,0.2387603854630693,0.27520011381693976,-0.092941476900062575,0.95688389014904973,-12.721488919216883,-6.5324532028562059,-10.191749324123949,,0.07596993953564786,0.3461538461538461,False,1
0.34876431092837212,0.91683514566705882,-0.19436247346728064,-0.90859338734625172,0.38162044127368755,0.16977601501018463,0.2298293103442646,0.11738464325344063,0.9661259408767271,-1.6059740589635292,-13.054225885218782,-6.5680587085227122,,0.1701080806495038,0.4038461538461539,True,5
0.14219679629693743,0.97722545953178941,-0.15751340376542744,-0.97085857405116893,0.16870578359597077,0.17021159705672378,0.19290852836051164,0.1287196947795976,0.97273713811164275,-5.4905949096322786,-9.792709556083981,-7.9180509511065358,,0.2851282426380371,0.3833333333333334,False,4
0.89890103352398543,0.37726469338650764,-0.22281894680097292,-0.34466370616121794,0.92282824755744985,0.1720318434629452,0.27052515887570222,-0.07784199788051531,0.9595607129208894,2.6232051161480343,2.0229410966725485,-8.2042237544734622,,0.1528858642542653,0.5269230769230769,True,3
0.84054261664708896,-0.46382207328582498,-0.27992355015772497,0.52526737808909196,0.82422171659245891,0.21154844223674205,0.13259823194702303,-0.32485019044202523,0.93642408269667243,-14.78559114162038,16.616977151737814,-14.493561508347451,,0.2523859838109557,0.1428571428571428,False,1
-0.52768446527867785,-0.77015150909675845,-0.35835144500830679,0.81392157251497388,-0.57914021664557647,0.046133320479526674,-0.24306537988431806,-0.26732613508540537,0.93244622290081258,-3.5899589612224188,6.6998843352618636,-10.391482920938664,,0.0909806058795069,0.2253521126760563,False,5
-0.93549886073786803,-0.21152560763608799,-0.28301731196578139,0.21040528899733429,-0.97699754461909771,0.034719046216793559,-0.28385118622281813,-0.027068711133693281,0.95848619653986744,15.018340893577141,-4.7657417397057795,-4.189927861221161,,0.1724772962823071,0.24,True,5
-0.95307632145638754,-0.14507045714149822,-0.26570677060232661,0.14055941199866659,-0.98941673070403313,0.036022003019425458,-0.26812045274046109,-0.0030158693106827131,0.963380676240992,5.5909487844398376,0.7499508965361783,-7.2971217610466148,,0.251819100350021,0.2901554404145077,True,5
0.84957837767395272,-0.39037245625907735,-0.35471950268225749,0.51010843830960551,0.77916628095773555,0.36426540843706967,0.13418629346631727,-0.49041742629391205,0.86109510893572361,-8.1258586355117135,-5.1983518464089915,-9.3268792233939486,,0.3676222222601193,0.1333333333333333,True,4
-0.71023820678623795,0.68129012842635128,-0.17721583035912578,-0.70072146867581708,-0.70832598434227512,0.085227479385186669,-0.067461937104373398,0.18471074904929718,0.98047479632460355,20.035304820884178,-12.057647364227606,-1.6293128559627457,,0.5327562489367361,0.4444444444444444,True,5
0.6078811411325894,0.77572657198172446,-0.16949573380124541,-0.7445869057331771,0.63103956172224518,0.21766812203923841,0.27580945971092646,-0.0061120424473563306,0.96119289680640496,6.5974836539696948,-4.8444178107362603,-6.0221992013432883,,0.117459738377999,0.2432432432432433,False,5
0.9211537794268263,0.31993070258560902,-0.22163045862595684,-0.28065716622197756,0.94056163251313152,0.19124688361508374,0.26964285582214609,-0.11396561317919848,0.95619274694842071,-0.25518776274731669,-9.4658168579594353,-6.7826312429058309,,0.3599076080916418,0.8816568047337278,True,5
-0.32949262303438198,0.92496471141781,-0.18940668942170669,-0.94294538671752592,-0.3122152327905417,0.11565312828317197,0.0478394087971271,0.21670701660379169,0.97506382351137733,7.4816578252755237,-0.92957251534090046,-6.6127861909013363,,0.1500402106889966,0.5572519083969466,True,5
-0.65591738539216649,0.72163129199937315,-0.2214061018753111,-0.75292739594140279,-0.64631138763104135,0.12402389551750348,-0.053597760971920747,0.24805214900450695,0.96726284503905346,5.5800759753540818,3.674349019611646,-7.8286691646369944,,0.2383701394169842,0.8539325842696629,True,5
-0.16149901416680815,0.97309909334955591,-0.16430527363849559,-0.98525710189422189,-0.14946096099440401,0.083245806534787026,0.056449194769695711,0.17532705341989033,0.98289059042649884,-6.7126167125908811,-14.360682934217266,-7.5024440373282983,,0.3070242940427615,0.3571428571428572,True,6
0.0026884840855499665,0.99456735349150349,-0.10406032587988757,-0.98931228124900172,0.017816119757968579,0.14471971547327375,0.14578745564422657,0.10255908173183097,0.98398559569289745,-11.853760691487814,-7.2122922346298957,-9.889339267334357,,0.2538430140045488,0.2264150943396226,False,4
-0.0026580667823196385,-0.93956063824226022,-0.34237222689169533,0.99132692868994221,-0.047461058333290729,0.12254945285904503,-0.13139199037668944,-0.33907706352344413,0.93153791648927076,-0.95009716150408408,16.225465202644447,-11.463986358757889,,0.1181304891327903,0.3461538461538461,True,3
0.90324613947887389,-0.35116006426901075,-0.24664350950125352,0.39520572888293121,0.90468194061190654,0.15925770998223643,0.16720898114222765,-0.24132383967038823,0.95593093946797181,3.9593648213063428,-7.8083380389219661,-6.133676151319996,,0.2758244561540225,0.8487394957983193,True,5
-0.71472595933689975,0.66581317069117008,-0.21414860444121173,-0.69528975573465845,-0.70956023322532247,0.11443963909268536,-0.075755914755129564,0.23068831170953633,0.97007419521406557,-1.279387191912603,10.396569614122544,-10.478570913739858,,0.1068560423360141,0.4430379746835443,True,5
-0.4877612879879919,-0.8000265333956097,-0.34935150179052876,0.84020508886587253,-0.53884080688647062,0.060876871452366144,-0.23694795754381553,-0.26383352837905183,0.93501205057414827,9.9318016217530101,-10.362477353275938,-4.3097100460168951,,0.1712535198680812,0.1333333333333333,False,2
0.28704989046129997,0.94932419170981308,-0.12800757563779994,-0.93234389849900323,0.30755182678085669,0.19012293069337979,0.21985726123518742,0.064772315677836395,0.97337933602675952,-7.7353276051079884,12.363336206374054,-12.22791388111979,,0.3055799067953435,0.3714285714285714,True,5
0.74681296140869491,-0.57721354229295674,-0.33029521229589831,0.65692425509434438,0.71761550043481326,0.2312542250520698,0.10354189365042621,-0.38968258894812036,0.91511013333367408,-1.7428658410384195,17.463312660693521,-11.85099578251265,,0.1914020706137281,0.2727272727272727,True,3
0.81508248728082922,0.53541107510346198,-0.22130413368180141,-0.5080324783649075,0.84415687837883213,0.17117875338988872,0.27846640704851178,-0.027095116575897804,0.96006370351307013,-4.8404681529420843,-11.560232653623185,-7.5247641065968285,,0.324089460436032,0.8755555555555555,True,5
-0.89581302037724919,-0.36092419961807326,-0.25933136071953222,0.35193037656631776,-0.93242547071695658,0.082022872469526609,-0.27141120568701776,-0.017789426306536099,0.96229906668312049,4.9313094583942778,-8.6176287527945465,-5.7635853028119648,,0.06784513341524351,0.25,False,5
0.3324182051771849,-0.86159135229787265,-0.38361240661936546,0.94103830672694233,0.27591624001414006,0.19574762774794335,-0.062809570443260423,-0.42606404464819836,0.9025100485417048,-3.9922937028664531,-7.9624780612010255,-7.9312298050864829,,0.1790133103065813,0.2295081967213115,False,3
0.91310389956984928,0.34701362534161301,-0.21406263666881722,-0.30853251504233487,0.93129627350656508,0.19363609713696753,0.26655009989115908,-0.11076459172522742,0.95743524557431969,-1.4551095930340401,-15.169493204428512,-6.1817692210610753,,0.08224680142856693,0.25,False,3
-0.41150933675192347,-0.86503502933946619,-0.2870095186255317,0.88315272837356518,-0.45626567035749632,0.10891692439447101,-0.22516954530379635,-0.20865290812469392,0.95171562969134249,-7.6520845154396282,-6.9706874478663083,-8.9525493721509424,,0.3654040164201593,0.2051282051282051,False,3
-0.75119159695242099,-0.58798162338075544,-0.29998132480973194,0.5982153202101782,-0.79851809302336818,0.067136322360972153,-0.27901543923930905,-0.12902118307027616,0.95157969660204555,-9.2797500923471148,-11.601096747300909,-8.5690509553555625,,0.4548474625970862,0.9324324324324325,True,4
0.79118303239810983,0.59423084929265213,-0.14463439077296553,-0.56328500342746934,0.80014509837062331,0.20610149554814622,0.23820036557287022,-0.08159362292728789,0.96778255126787249,6.1609419845471436,-8.8158884292214097,-5.4257281665012513,,0.1397382057227133,0.2258064516129032,True,5
0.60129968016767532,0.78880710748059046,-0.1273657796205688,-0.7557339091846752,0.61320609693901285,0.22987940574412141,0.25943198171910092,-0.041971774622069219,0.9648489088952602,8.2671682495167857,4.4664478623536796,-7.3434425883661536,,0.09145482299178734,0.1923076923076923,False,2
0.5250495004201905,0.82593235853400215,-0.20532598772432148,-0.81399982218546063,0.55777406990774447,0.16214924119646124,0.24844981704671448,0.081998939413936878,0.96516778973629402,-21.843340417743899,-10.421514897980146,-11.725046354952127,,0.224384652859157,0.4166666666666667,False,1
-0.80465638968360731,-0.42166329189094659,-0.41800497941176834,0.50598336200129335,-0.85534772522679381,-0.11118051235363627,-0.31065886744017268,-0.30096567448969874,0.9016156225685924,4.0720993317850196,-4.9913125824337996,-6.6276354309107095,,0.4483740351538439,0.2647058823529412,True,4
0.80777309034870481,0.5559611491266867,-0.19598427276247937,-0.52071608816552362,0.82878406973456797,0.20487001068922234,0.27632840974843381,-0.063436317799361985,0.95896738398652592,-2.6532685425677665,-10.829424204201183,-7.1114110470709999,,0.07697492341542794,0.24,False,4
