axis_00,axis_01,axis_02,axis_10,axis_11,axis_12,axis_20,axis_21,axis_22,location_x,location_y,location_z,dbh,dbh_approximation,score,reconstructed,number_clusters
0.19952171538385244,-0.96608264464901461,-0.16393720992578614,0.9620864509367314,0.22488446508077822,-0.15432640178950971,0.18595899014097159,-0.12693030005990885,0.97432435713803855,-29.819435446579678,-7.5354644096929349,-4.9922673385121987,,0.08422634727848485,0.2272727272727273,False,1
-0.99196027576688517,0.010978238585090677,-0.12607255679986321,0.015128495748172394,-0.97879849141019482,-0.20426610543485957,-0.12564211044424334,-0.20453115041649883,0.97076313722371055,-23.89370540964137,-4.1054257110360721,-3.9403442390460972,,0.1101200237603679,0.2826086956521739,False,2
0.97440885230677621,-0.18092718100870775,-0.13338944380434692,0.17238709866191812,0.9823126897778427,-0.073105866497465616,0.14425698167200388,0.048240384261129567,0.98836369245598088,-20.705777499153434,-8.803886185166574,-4.4344074304249199,,0.1959350845128109,0.1923076923076923,False,3
-0.44929267763594205,0.89325835740600446,0.015019878396730815,-0.8626410388505481,-0.42939755891828696,-0.26733532218145756,-0.23235001164960803,-0.13306856623313901,0.96348649641138384,-18.667958692992077,14.908096608502206,-0.25785157297338057,,0.3513354520322968,0.5666666666666667,False,2
-0.45346122614773698,0.88993520786361202,-0.048869644825210105,-0.86762029795227757,-0.45331049036011239,-0.20431499678358744,-0.20398023179169544,-0.050248633157785702,0.97768458098917677,-14.7250180018682,-12.869808132520276,-4.7110832157881051,,0.1082435804977052,0.3928571428571428,False,4
0.97043522471209431,-0.1925840441896757,-0.14548835197890309,0.18309329869799332,0.98014156894032833,-0.076153455647660087,0.15726512203879023,0.047264053558087396,0.98642475163155929,14.431203420403429,-13.697103651055052,-3.1065428176687964,0.118638338388693,0.1492037107938086,0.4,True,5
0.4021210435689489,0.91465818237634122,-0.041219846324657063,-0.91219100821272847,0.39634988640832597,-0.10399198084445843,-0.078779634772361093,0.079417737037238395,0.99372359949284605,-20.914634134959122,-10.48328398769938,-4.7235318210183213,0.2344223857833657,0.1550659757100605,0.3076923076923077,True,3
0.32508681456227051,0.9435304935371176,-0.063786916866680143,-0.9389422065851043,0.3139943340177267,-0.14069502797845201,-0.11272131870613022,0.10563032694432591,0.98799602141849918,3.3483776353996553,2.4756449553846487,-0.69308349799177282,0.3167823934357072,0.3516402011979812,0.5238095238095238,True,4
0.17171026011437612,-0.95136685594807346,-0.25576687036230988,0.96793706068528729,0.21124223204291598,-0.13592117551527028,0.18333966598469442,-0.22422717231639044,0.95713569679101185,-28.740894177239007,-5.7371287794713268,-4.6523786796675939,,0.208138928486936,0.1666666666666667,False,1
-0.47518620387915123,-0.82560858877397636,-0.30425076792929423,0.8754888640352847,-0.40912265129554676,-0.25717290904585921,0.087848281674311066,-0.3885731775863408,0.91722056511360728,-3.3691615482419426,-14.686406756654106,-4.1437442388638051,,0.3398981209463644,0.4285714285714285,False,2
-0.98327643471363224,-0.12096733824742756,-0.13614094172651336,0.15093232156028566,-0.9596002266750856,-0.23745913179650091,-0.10191607942455402,-0.25403603689724397,0.96181017083012332,-7.9828365302086128,21.905412975021122,1.8112639250656104,,0.7935710273761531,0.6296296296296297,False,1
0.76943656742342648,0.63109408077189866,-0.09842575844933743,-0.63868574302149783,0.7585319213649474,-0.12926656927248684,-0.0069202870411789047,0.16232555401129442,0.98671298975041044,-16.524797933702732,11.981208746203803,-0.58434313212858779,,0.06662789885948898,0.1923076923076923,False,1
-0.97676528451313338,0.15873076361978489,-0.14399348475072574,-0.11072720548655524,-0.94903982522712493,-0.29506422368360136,-0.1834913211438505,-0.27226449422124088,0.94456496878263274,-1.5987949709443219,-11.311997536900149,-3.5012868567050122,,0.2557162480568109,0.325,False,5
-0.7520115195095326,0.65369997057839335,-0.084587368978897154,-0.62754882017629143,-0.74929657013298057,-0.21151153226785713,-0.20164610787294956,-0.10597640517001719,0.97370829755473054,-19.501247577645341,10.672802945487987,-1.0906311607917374,,0.3472637430637673,0.3235294117647059,False,1
0.26357384705341935,-0.95158905540311922,-0.15813632342526782,0.94569778081404843,0.28722945915985248,-0.15216749046403946,0.19022232916470555,-0.10944179927129699,0.9756218314795011,-11.25084712817595,19.387203526811778,1.1409873177141212,,0.07346373959315869,0.4375,False,2
0.6775333121834648,0.73220115577049605,0.069498765241220575,-0.73470510261656052,0.67815009737025367,0.017912499152978073,-0.034015041832897538,-0.063197412328875838,0.99742120691513314,4.3932496732850641,7.0908395827755921,0.27627047506462032,0.2047186264028356,0.1090660798736982,0.5625,True,3
0.25064623441081979,0.96606487855553369,-0.062410861211472553,-0.95965296392319566,0.23946057479827054,-0.14739342573774256,-0.12744667123586206,0.096836375080664852,0.98710691541095719,4.7343793508843861,-3.1888994721720332,-1.5503805390082923,,0.1003713399981853,0.4130434782608696,False,5
-0.77689443320015905,-0.5820173228955996,-0.24018924936816888,0.62834651033535227,-0.69232613747280092,-0.35477483326946824,0.040195803412672815,-0.42654466966712073,0.90357287595776004,5.6640825040589124,-8.3865109857484086,-2.4693414963543896,,0.3876918820399942,0.25,False,4
0.8567292969790179,0.49855220914468029,-0.13213858806116385,-0.51327574406474241,0.84928356215949841,-0.12355339574637103,0.050625312370631594,0.1736753459839171,0.98350086524859937,-1.7730941929715676,3.5486052268853774,-0.7873492655630091,0.1336733064473426,0.204639744989701,0.2486772486772487,True,5
0.57361782059975519,0.81667919731167027,-0.063227245462328149,-0.81677444782053732,0.56442559314281882,-0.11959620057858834,-0.061984653567185841,0.12024491042760763,0.99080727906006671,-4.5519621970129567,-12.600462421259284,-3.9167968412241883,0.8177241649894261,0.3507068635103195,0.8135593220338984,True,5
-0.27919891070074299,-0.94417750427504687,-0.1748622563175424,0.9522433857059569,-0.24880329195482548,-0.17700128895490438,0.12361433024845504,-0.21592999405683633,0.9685523914708174,-15.385417691687685,-14.41456809901905,-5.0125398352984192,,0.0703135537129804,0.1666666666666667,False,2
0.92455353914109495,-0.34869987371099237,-0.1536526971309477,0.33821530102350128,0.93669370816170061,-0.090638332088947296,0.17553108959742492,0.031832297501465719,0.98395911572611572,-3.3898473808103131,7.5137805879486104,-0.13002186560881379,,0.07365514722910478,0.2307692307692308,False,5
-0.0073812439235348111,0.99964096886380038,0.025757534959391995,-0.98728823019699008,-0.0031954852229768883,-0.15890795885885028,-0.15876859813148694,-0.02660304951002336,0.98695734963783033,-25.371767927939942,-9.1382946122662929,-4.7881901793248014,,0.4071395246618296,0.7857142857142857,False,4
0.69167079714831958,-0.70580762722680734,-0.15305914451829822,0.6921254044306101,0.70833258463431881,-0.13866280715112814,0.20628604633851,-0.010027107944485872,0.97844035290471154,-0.42016301286827834,-11.80035010173418,-3.5339818312202271,,0.09043847482530822,0.2619047619047619,False,5
0.94936905147786077,0.29486553140101474,-0.10840997411504791,-0.30545260313231665,0.94704253212565392,-0.099041150966265395,0.073465034783355587,0.12714071234906738,0.98916031457375653,-4.81325239849558,-10.003413113245379,-3.5025098842048217,,0.08585262123987643,0.2622950819672131,False,5
0.75751087568712483,-0.63165544523806894,-0.16488987754505671,0.62153239376761604,0.77507834237780249,-0.11380266549768017,0.19968664630671742,-0.016277643501951509,0.97972459477589979,-6.1815166714683381,6.2838254490537606,-0.58315943378145951,,0.07882671205803944,0.4,False,5
-0.8609610722769091,0.50860489863885983,-0.0081907938779276074,-0.46937252723693074,-0.80054900184714217,-0.37257311539718152,-0.19604964345545828,-0.31692641531134602,0.92796669367972917,-1.8321586385040218,4.743397835596225,-0.56404998467641076,,0.7616826028820874,0.4003215434083601,False,2
0.91807432266598465,0.39636102005172924,0.0061220784825433694,-0.39281960671732108,0.90758108212195288,0.14828801688873658,0.053219307021445492,-0.13854429312641414,0.98892526724836949,-22.773977323481155,-7.0624731960221414,-4.3616481543864429,,0.3868020652997096,0.2692307692307692,False,1
0.52173743470990119,0.84066219525682107,0.14517962215240326,-0.8498830211236561,0.52696354934677458,0.0028754244168853749,-0.074087108379660122,-0.12488591243944321,0.98940113667112195,2.93872732557189,7.7335321826817642,0.32427694906334742,,0.1520799155104984,0.1818181818181818,False,1
0.89125676213316085,0.44564405758746473,-0.084040215902249832,-0.45197452169228453,0.88805756845138928,-0.084099862409153042,0.037153945859719303,0.11293860745196166,0.9929070728189352,-7.9775880222161089,-8.0094844828318301,-3.3877428779079013,,0.08928782541295091,0.3690476190476191,False,5
-0.71077592398419331,0.70334702550193884,0.010027342718421747,-0.67463706280882163,-0.67758821033800898,-0.29281231308744815,-0.19915426023337779,-0.21488875942801314,0.95611735770374284,-6.6956355208416163,-8.3440835330803473,-3.3479584186952147,0.4816254416449616,0.2404142013196923,0.226890756302521,True,5
0.31511525183921835,0.94834198271028813,-0.036740466619589476,-0.94259045003596487,0.30822450818719227,-0.12853363782979393,-0.11056953269008193,0.075134122620036645,0.9910243397913161,-2.0570210073517678,11.05953590015649,0.53560501144080574,,0.2215134485141159,0.2325581395348837,False,5
0.8991965836911272,0.43689996326214542,-0.023747125715345888,-0.43466723005978258,0.89818050389447579,0.065849688959176728,0.050098932028142924,-0.048889717992644251,0.99754693748426582,-14.117438214807365,15.674159606781805,0.29111192472737074,,0.4162780470525772,0.5757575757575758,False,2
0.34840288524855106,-0.92627427293622799,-0.14363634932338015,0.91626611848323514,0.36886027544537964,-0.15620018347628603,0.19766595475739296,-0.077188525668144506,0.97722571693290317,-5.3248871963848075,3.9095999637646357,-1.0349465973106113,0.236592764084379,0.1966953440879996,0.8550458715596331,True,5
0.89620988516910127,0.44277966812052044,-0.027459191981346817,-0.44121448808117997,0.89607121969132886,0.04884818060232049,0.046234372845850538,-0.031662828995152298,0.99842868950545216,-6.2481239672682856,-16.573376840353525,-4.7684513985135215,,0.3158316079825972,0.1,False,2
0.7783474502687362,0.61932871286118318,-0.1029912233438743,-0.62777811602756151,0.7655511326005271,-0.14080518602287451,-0.0083596469449094962,0.17425099368371055,0.98466578467173138,-0.67003799268210928,8.2240246872640235,0.15104815569413885,,0.08276886415598256,0.2372881355932203,False,4
0.62672839536402603,0.77921104700134114,0.0064546630824121737,-0.77798290801531966,0.62616755830385362,-0.051543998329752427,-0.044205353527149875,0.027282469808737761,0.99864986534854916,-4.3851896247511712,9.9143984570940535,0.11370820114155619,0.529366487006427,0.2053599900954273,0.6307692307692307,True,4
0.15459552847361208,-0.97094125756998162,-0.18268359785264754,0.97111806802765643,0.1833511229329024,-0.15268288597441634,0.18174135612511957,-0.15380325116091323,0.97124386196574541,6.7694028945782243,-8.1481195262372097,-2.3018362183348104,,0.0859319791872506,0.2083333333333333,False,5
-0.1731336344666472,0.97454677784865829,0.14241952956377124,-0.9676574433363494,-0.14137686542061131,-0.20892978313203936,-0.18347702028354404,-0.17398609056082287,0.96750453400448277,-4.7947502326521354,6.4211300433474499,-0.42116111374288762,,0.1991914032260778,0.3020833333333333,False,1
-0.72892596418930145,0.68151356270013774,-0.064855243322823747,-0.65307811504188884,-0.72065579757298515,-0.23268905663519809,-0.20531905509238751,-0.12725755490425794,0.97038631499818617,-1.2338900507389385,2.546216809733127,-0.98465736602171205,,0.09874950482957426,0.2602739726027397,False,5
0.10135701172462992,-0.93850886418469204,-0.33004222157325946,0.98013463502517018,0.15105160129076628,-0.12852824970243434,0.17047830770608086,-0.31045857307256725,0.93517518198860239,-3.1016624122813301,18.267633830405298,1.6985406627756185,,0.2783334686602881,0.4,False,4
0.72566406842483788,0.68801792052474919,-0.0065575021092049296,-0.68572573493909672,0.72239819920319615,-0.089000327135437526,-0.056496692286785305,0.069080987433442348,0.9960100104596703,-11.977567369109115,8.0830516027705137,-0.80701936966973353,,0.1788161424015575,0.9025641025641026,False,4
0.99055660331831863,0.054418430629122376,-0.12584216316616265,-0.073478170867609952,0.98562049103649196,-0.15216177593250887,0.11575220960494029,0.15997150389006198,0.98031145250615426,-28.056559593790155,-4.1060197972394885,-4.2744371322946826,,0.07552262230619779,0.1052631578947368,False,1
0.30155890696915111,0.95330663983554043,0.016391341404599261,-0.94604914706179355,0.30131221508825529,-0.11917197817550106,-0.11854634946392892,0.020430356924935791,0.99273831574322524,-6.0674129601069655,17.915117763917774,1.3824360433335869,,0.5240462030500983,0.3333333333333333,False,1
0.53277457316636523,0.84599966100254931,0.020876488473150129,-0.84435685078552314,0.53306871236276909,-0.053844743768109521,-0.056681237803628,0.011059904315657607,0.99833106522715065,-1.6937660329903192,13.605506232752482,1.0034838703929263,,0.3111994274066029,0.225,False,5
-0.57328292967814476,0.8089892184130717,0.12993508775942844,-0.79301247054256307,-0.50793913409092983,-0.33634663313750696,-0.20610168389322692,-0.29586192818671919,0.93273137362587533,-6.8121596106634943,-21.547444918695799,-5.7001624271518345,,0.3315976718800425,0.4166666666666667,False,1
0.75491736312644808,-0.6220561275247537,-0.20771602985594795,0.6239509560966402,0.77878867215148018,-0.064601923459153165,0.20195291341374244,-0.080835501714536476,0.97605360632818705,-10.610034210807926,-14.234086449540385,-4.632180396393287,,0.08284785614595133,0.32,False,5
0.77679753228337622,-0.60168833994772863,-0.18589442005989165,0.59580663513494636,0.79778305425692253,-0.092502172242976202,0.20396089666313491,-0.038901669777050576,0.97820581306846011,-12.780900616976552,-14.646049232708039,-4.8368088800827307,,0.1134315176398337,0.4,False,5
0.8188524128319693,0.56750121030555178,-0.086157427427912714,-0.57393171621814865,0.81185742379144066,-0.10719099100958104,0.0091165299403344474,0.1372220818106879,0.99049835393370922,-11.987140711263082,9.8406759789734277,-0.53232354715595842,,0.0804259774708623,0.2857142857142857,False,4
-0.41751490093771065,0.90845241920602948,-0.019887421494194119,-0.88508133820482826,-0.41153345262787638,-0.21741950724286804,-0.20569961656873764,-0.073173898398907034,0.97587563159276713,4.1298392014458916,3.3464168397938399,-0.46945048597529232,0.2208452351075885,0.3723365926535835,0.40625,True,2
-0.71972790726725411,0.6871228059253448,-0.099267260856639339,-0.66010156449118895,-0.7215841326057032,-0.20876365614723208,-0.21507594950850209,-0.084726555158085332,0.97291507686645518,-14.497024029482258,22.765173468797297,1.4301107815117049,,0.1612594055230322,0.4705882352941176,False,2
0.8612959802402419,0.50800847837621343,0.0098295635653947722,-0.50755288045569547,0.85930104949406849,0.063180534023700274,0.023649692664564209,-0.059406163285283302,0.9979537062412237,-10.79477157575783,-0.62611075773002833,-2.290246349715177,,0.3221285433971359,0.2336448598130841,False,3
0.85447879680327188,0.50858488941392843,-0.10586498983826408,-0.51884604890568065,0.84563099292783228,-0.1253275761149692,0.025783005034278828,0.1620173881400126,0.986451013782079,-4.0574339628474769,4.6376770699469123,-0.74447249252288905,0.7628838409389235,0.5886197361848066,0.9948330683624801,True,5
0.97127395967902586,-0.17909919588382514,-0.15668558734992893,0.18583386809560887,0.98214354357189715,0.029322914054714821,0.14863602765833334,-0.057598071615320337,0.98721314488217105,-10.169944637202384,7.0385545662341489,-0.85192079472585314,0.3332574970721874,0.3612283414059806,0.1925925925925926,True,3
0.98908076619544605,-0.061824767835794887,-0.13377943049766641,0.053857657334818967,0.99659838462332329,-0.062377980991601134,0.13718086852267386,0.054491814506707273,0.98904603101328503,-15.529567185299188,-9.7470954728163015,-4.229594335859808,,0.09063619374291741,0.3428571428571429,False,5
-0.76939087846581222,0.63344214708123558,-0.082393703853630595,-0.61056853470760875,-0.76717799545646614,-0.19658074094987607,-0.18773316318277172,-0.10094042593784155,0.97701959542932271,6.9194269851076546,-9.4542526376372003,-2.5725982793688158,0.5100145359117416,0.2438012160438816,0.8,True,5
0.97448283106749534,0.18382711840421342,-0.12880528907573058,-0.19960109956435462,0.97217276592746327,-0.12263569725673676,0.10267722730664207,0.14521605878190152,0.98405776419093971,-11.490943383511759,-13.142959755884442,-4.5078756994146776,,0.0973482733593803,0.3404255319148936,False,5
-0.054880700716819858,-0.97667790560357537,-0.20757740097285568,0.98844202834324935,-0.023718495077015542,-0.1497323932753564,0.14131689670211148,-0.21339564591878735,0.96669117768260893,3.1263175118180286,-15.29257479910669,-3.9197539981858358,,0.1538599828749326,0.3666666666666666,False,5
0.9918248025380425,0.035425388443714026,-0.12259120247385062,-0.046565786070202675,0.99492132833933089,-0.089236640362380243,0.11880735935975008,0.09421566891506232,0.98843726108076779,-9.3756375251431514,-9.0839596018278783,-3.6738584298295143,0.2552817962352826,0.2426095772058904,0.5300546448087432,True,5
0.98966788340163969,0.060895028831533374,-0.12980476118743126,-0.070273759757446444,0.99514280437541813,-0.068937635507623662,0.12497631476752723,0.077347232422601844,0.98914019551512156,-7.4911250084165859,16.412766644086041,0.99214204696402963,0.1488481511994379,0.1434532617720559,0.25,True,5
0.97308404059759057,0.2123439664479872,-0.08954043693998133,-0.21196324391622076,0.97717949496056711,0.013849832386122446,0.090438007291068531,0.0055022306155868249,0.99588688729969388,-9.3249692359577026,-19.191162615948141,-5.4165132429427736,,0.357007186934751,0.2051282051282051,False,1
-0.27388604261562149,0.96172497417027891,-0.0084563418527291712,-0.9423646692554255,-0.27010873041340983,-0.19745911955027082,-0.19218549841095273,-0.04611233903883058,0.98027464844751588,2.2906670440992065,4.5381752258795789,-0.28059319645896058,,0.07424893622912734,0.2413793103448276,False,2
-0.19785440591145212,0.978944568361375,-0.05021121525306782,-0.96233640327454717,-0.2037305025356892,-0.18000702561057552,-0.18644645610479477,0.012704897178613409,0.98238297246727857,-0.41895550962248862,6.4745915692327038,-0.1143393921714405,0.9001393837103511,0.8955687402672498,0.8218181818181818,True,5
0.85804271499375961,0.50122735495238391,-0.11195462426169245,-0.5126106682013617,0.84920526812126429,-0.12680976082796933,0.031511935711618463,0.16619732621955852,0.98558888318871463,-6.7690545926576728,-11.64582354744498,-3.9138890812831177,0.1339292067164631,0.09020863385761524,0.4545454545454545,True,5
-0.25740007482281452,-0.93464460820296491,-0.24532561594407143,0.95955828981608804,-0.2172800820533704,-0.1789895370911585,0.1139872358048743,-0.28147614872313653,0.95277389121110823,-12.612024585075593,-2.177462850799063,-2.735519615420626,,0.1752393725885763,0.336734693877551,False,5
0.72768786667158236,0.68571871513088434,0.016131100960894595,-0.68562970385645994,0.72786136333984874,-0.011390563935109316,-0.019551928003768829,-0.0027711868045707244,0.99980500230546421,-0.60072760154579552,15.430922454762696,1.438047166741367,,0.6733410909657729,0.2432432432432433,False,4
0.12549898026809417,-0.97025639885689852,-0.20700851776898516,0.97591513874424252,0.15826403668209735,-0.15014038984528355,0.17843667762395285,-0.18318028051712187,0.96674988332463441,-12.64804324958029,-9.2806593339245662,-3.9635196157645001,,0.06958382587153118,0.2926829268292683,False,4
-0.74189737714925541,0.66938709070941538,-0.03884848221798938,-0.62826480457335709,-0.71422418096122597,-0.30849174164743681,-0.23424691484298846,-0.20446207991178234,0.95043339628018675,-5.5838848505641732,10.985432554965044,0.20494932016340625,0.5555081234427921,0.4562916401748173,0.3380281690140845,True,4
-0.28626410254265683,0.95465986921222878,-0.081715345628213559,-0.93848437645951732,-0.29655743708765819,-0.1769202126648951,-0.19313192055390355,0.026042669288895787,0.98082712066881106,-15.301440879366931,14.982556427973803,0.0653060300355017,,0.07422676574173716,0.1538461538461539,False,3
0.53511600382558422,0.84278406616149959,0.05801620699447857,-0.84178532872804812,0.53773715556968682,-0.047288601777111888,-0.071051550214959319,-0.023532304266934118,0.99719501997750615,3.404379043597511,6.374240244573703,0.11976760203932912,,0.1525153989026617,0.103448275862069,False,2
0.75010159494020323,0.66110773322606142,-0.016857115318482482,-0.6609457035956634,0.74857003511727871,-0.052855268639449782,-0.022324295433348768,0.050788459252211926,0.99845989315554839,-9.2028140313009619,-29.854201831685227,-7.5177953641652406,,0.3240183079063191,0.2380952380952381,False,2
-0.94943560899889257,0.29066075503441069,-0.11869435474245628,-0.26589880340403871,-0.94543620708661158,-0.18827693612862359,-0.1669426569610119,-0.14719614061689176,0.97491714800504437,-25.031260224334773,-10.490420606548586,-5.0462876359313258,,0.5195616454476764,0.7352941176470589,False,1
-0.90562399587504927,-0.38531992467653736,-0.17712632142789486,0.42146734094051819,-0.86408103938980707,-0.27518945816938811,-0.047015514629102632,-0.3238711364328411,0.94493228771688298,-9.0762604593295393,14.969041692461632,0.57966625258767868,0.5948049122010833,0.2635698182145523,0.3676470588235294,True,5
0.73238112203705485,0.6760200731564282,0.081331130407260963,-0.68061077500231359,0.73028467359721505,0.05876451701290461,-0.019668884932693087,-0.098392866604176787,0.99495325456370953,-20.505212801410931,-6.4555295078093549,-4.0845092991062817,,0.1268496195810226,0.3962264150943396,False,4
-0.08729539854356122,0.99473503243179973,0.053681734752408644,-0.98073462392154587,-0.076363674323502356,-0.17980040791188098,-0.17475443008572208,-0.068343284210822142,0.98223728531790799,-7.6046059300133493,19.244324789491614,1.4532225301505195,,0.1462053669194333,0.4666666666666667,False,2
-0.66778044572924944,-0.67366579683518946,-0.31661280845230472,0.74435802965931686,-0.60399900873672618,-0.2848092714901565,0.00063244236592313596,-0.42586334852797936,0.90478727245535007,-10.826683843356381,22.016255220561082,1.6252343733451968,,0.3307901163409853,0.3076923076923077,False,2
0.21710116333456636,-0.94264878110760109,-0.25353571810522624,0.95796330339861635,0.25564621926742181,-0.13019723467064967,0.18754571234872003,-0.2146119429356812,0.95852403189955737,-8.4272873399567505,13.082094719836796,0.31854012125126085,,0.08171145727255251,0.288135593220339,False,5
0.36995404820416039,0.92404188512680929,-0.096335853910401725,-0.92296397951179476,0.35369979715386196,-0.15176938432064746,-0.10616729600543312,0.14506222121768786,0.98371004733828182,0.24020368161855937,-6.1420819467260799,-2.4008174817332972,0.3534894577130857,0.2423991810271283,0.8345864661654135,True,5
0.9909566929764354,-0.029212138882035499,-0.13096367277663123,0.019111112938783439,0.99679107496776165,-0.077732349937823492,0.13281414837075509,0.074526530890360473,0.98833506372383639,-12.126357072845177,19.171560255292562,1.0311815226312151,,0.1023527091560077,0.3333333333333333,False,2
0.97128951942981923,0.20804157671790657,-0.11539225191718816,-0.22045201853720059,0.96941861804652674,-0.10783529342305956,0.089429172917265765,0.13017774518515424,0.98744932917585404,-1.8607322953535581,-5.3192369041798182,-2.3998433204283649,,0.08359039901268303,0.4126984126984127,False,5
0.27522762923101651,0.9611928799474917,-0.018920878576898559,-0.95587514850534561,0.27149598618091053,-0.11221688802287905,-0.10272513118881191,0.048971185669763995,0.99350358348439782,1.2066106444482372,11.946015569900162,0.98220133713332991,0.3555820929921494,0.4152842942577708,0.2641509433962264,True,6
0.92186044728757954,0.37441704523267422,-0.099925932399843195,-0.38356329022008623,0.91835006627281068,-0.09753131893021294,0.055249598390272478,0.12823818470314741,0.99020323664475851,2.3906183755380876,-17.109701081418084,-4.2550632345624635,,0.2189163272958179,0.1333333333333333,False,1
0.79432653500488315,-0.56396416552017992,-0.22580915791053408,0.56517157738997481,0.82234977298176148,-0.065741455622572012,0.22276993490519606,-0.075400735314543429,0.97195076275311498,-4.2738768417043458,15.487789930092788,1.1231556933389448,0.7305735839514824,0.3849879096913998,0.186046511627907,True,2
-0.66026156430329019,0.74288630257301713,-0.11033860681177729,-0.72139815671714369,-0.66818886416886436,-0.18195697646924741,-0.20890037383614107,-0.040541130350728413,0.9770962340327618,-4.4993936353057986,-14.885437916832732,-4.263717555610298,0.3541937058203296,0.3467130537113726,0.8333333333333334,True,5
-0.29223662052278959,0.95266514623588272,-0.083826468211324182,-0.93623431729904782,-0.30287127010989512,-0.17814122727096673,-0.19509756722472557,0.026421826003969889,0.98042787923110919,-2.7294214914472499,-6.9753375302660698,-2.7938137488008015,,0.09252500104802847,0.2947368421052631,False,5
0.047986549210590979,-0.97943899593380579,-0.19595036192627385,0.98430180078232576,0.079726821505982051,-0.15745983268511299,0.16984479995434071,-0.18531834009814424,0.96788938249767897,2.3823094774043101,-11.38284368479796,-3.2191578357393009,,0.06692492558368987,0.2121212121212121,False,5
-0.90927097971486226,0.41073561816933879,-0.067249813497331237,-0.36903465926951928,-0.87034173000206072,-0.32606547390800233,-0.19245702301086492,-0.27166436090159374,0.94295215642667907,-7.5694970929615737,-15.04738604571387,-4.5022697376032985,,0.4247912797392847,0.2096774193548387,False,5
0.32026385012522429,0.94160572388364538,-0.10396983722465963,-0.94044329531211779,0.30280764222997214,-0.15451194164079371,-0.11400646738431404,0.14726232565282815,0.98250513120180061,3.6500085471783397,-14.206531530344639,-3.6585318874046284,0.3550996261463061,0.322547127468123,0.8865979381443299,True,5
-0.55264540811165519,0.83326458582518093,-0.015911722178683294,-0.80949772784475915,-0.54122802614580279,-0.22756461132717926,-0.1982334015933595,-0.11288203454893792,0.97363297230980106,-23.430199965598533,-9.6124091294448153,-4.7190224969137438,0.4348944205006658,0.1899228295076764,0.75,True,5
0.99170494617548655,-0.012608119006543621,-0.12791534335721161,-0.0027170352100928542,0.99289881894454757,-0.11893087512580885,0.12850648797140021,0.11829188760705639,0.98462841309583227,-1.5138567134316339,-14.127869189876085,-3.9121444860694208,,0.08361148376387176,0.303030303030303,False,5
-0.14781813998864177,0.98891069455870062,-0.014333027514392555,-0.97054147071770669,-0.14782984366334834,-0.19025138879803821,-0.19026048225370032,-0.014211808818725968,0.98163077243059693,3.14674351268566,-3.4456075423788928,-1.7340989138864977,0.264373437502213,0.210098599225781,0.4636363636363636,True,5
-0.27903218464079393,0.95795554468943467,-0.066799807884112203,-0.94256195920109087,-0.28652157526795391,-0.17170422235044466,-0.18362459802974856,0.015051953519012146,0.98288119612376057,-14.191769483885135,-4.2669539505008061,-3.1713370096223277,,0.5488279133958126,0.6,False,5
0.94876506748327194,0.30588659326540635,-0.07923533797458418,-0.30624070317768165,0.95192097221971772,0.0079431961770284054,0.077855497177154107,0.016728858560926839,0.99682429086100555,8.6586617138220614,-4.3934623229923124,-1.5648015752472491,,0.1398263263289324,0.196078431372549,True,5
-0.82043857460122471,-0.52403351242753715,-0.22862507115180641,0.57126988571463533,-0.76749703308847483,-0.29085911001028703,-0.023049142758414742,-0.36923865189501354,0.92904873659289533,-11.768873749290204,-15.470371416460926,-4.9178599117888213,,0.2723709358088399,0.3571428571428572,False,5
-0.19811012168246531,0.98014367441946781,-0.008411728862882828,-0.96182934941973541,-0.19604685560988333,-0.19091865545379683,-0.18877680546551992,-0.029732270363722557,0.98156981912508434,8.134628035473833,-16.618196392155763,-3.8931344573790039,0.2724612415317572,0.1515678467522506,0.1304347826086956,True,3
0.99198384590528277,0.022180873346383516,-0.12440280672298706,-0.029985186697431426,0.9976739915020636,-0.061216789029331378,0.12275560289325031,0.064456307200561697,0.99034158067829425,-5.9895754503332332,7.9776316413689736,-0.32927636440462543,,0.08582346095293328,0.3203883495145631,False,5
-0.49425053122498147,-0.83649743457013104,-0.23661879541028286,0.86880826534629141,-0.46597635305837637,-0.16744621959418443,0.029809569768652351,-0.28833674817477734,0.95706494513288021,-0.28636240864953211,-16.194613532820611,-4.277295763396217,0.2393681357643622,0.1568955290366781,0.2307692307692308,True,8
0.2091252812188357,0.97465510550696877,0.079460946787348399,-0.96148441874016455,0.21975847417382893,-0.16508762990811365,-0.17836571776838345,-0.041876465204091551,0.98307275030232599,1.2054696471173778,-2.597481702841395,-1.7449239813710373,0.5684463814558393,0.272135464889363,0.3076923076923077,True,5
0.83916545523500441,-0.50820125799914639,-0.19373388993233231,0.50845078972280222,0.85950319968454747,-0.052268959835487988,0.19307804942687543,-0.054641843857157348,0.97966072480701361,-1.8858973839545705,19.612565878662434,2.017988359374741,,0.6672341312760092,0.1714285714285714,False,1
0.96036235037995643,-0.23390103118450103,-0.1516392547578384,0.22694216769546793,0.97193744015043315,-0.061926286466290864,0.16186849135754511,0.025058332838600466,0.98649413148836429,-7.1019235380411505,17.327836751277133,1.1949123487657858,,0.2281655800228026,0.2727272727272727,False,1
0.57901446655189481,-0.7907050597094325,-0.19881588486216983,0.7886630379504117,0.60501951157718536,-0.10937094304124703,0.20676764760100202,-0.093471381506892812,0.97391490426255445,-6.0300575363854838,-14.199077519845451,-4.2450097010950776,0.4588145937044171,0.2215942878462062,0.8620689655172413,True,5
-0.82055434165508911,0.57123174326360926,-0.019618049826711101,-0.53205967421990275,-0.77592408033232108,-0.33890164447735383,-0.208813494439407,-0.26764924257031208,0.94061724813632019,2.95756797004608,-9.2514041666786966,-2.7287229805764937,0.7840476713670422,0.6992067577242904,0.4745762711864407,True,2
-0.72195465723414221,0.68792077327755374,-0.074474711084670076,-0.66195802837085027,-0.71799942569844399,-0.21514737593584957,-0.2014771490102768,-0.10602751713549448,0.97373770802859094,-8.186571599944914,11.631081093665768,0.057711638712460218,,0.0835077099181322,0.2222222222222222,False,5
-0.33136022283933608,-0.89359546081822316,-0.30279952959826739,0.93545969790263583,-0.2693367556349312,-0.2288511867217593,0.12294533874764713,-0.3590889367122243,0.92517002719019659,-16.619785937663249,-10.685507536767137,-4.4998079479726183,,0.4063954224899232,0.2222222222222222,False,5
0.58717137620000748,0.80682442497444928,0.06530024682984692,-0.80796078464533228,0.58908365937286922,-0.013409427100690596,-0.049286361670229255,-0.044886406901410811,0.9977755584442789,14.238747056535201,-9.7874171833926606,-2.1589866839876333,,0.3459769431307193,0.2307692307692308,False,4
0.76404335183372141,-0.63126642882523465,-0.13319328945907449,0.62022682443957,0.77553099965960748,-0.11777247052082536,0.17764133180175401,0.0073732221726073369,0.98406767695646513,-3.7592817304119941,5.6840420898701529,-0.52020618049011114,0.2710774969529921,0.1322806500324826,0.3617021276595745,True,5
-0.82068304719843077,-0.54085099253581603,-0.18428114367487425,0.57128948451114137,-0.78255728941638303,-0.24745184110908586,-0.01037597841609654,-0.30835741057140914,0.95121398560870751,-12.10604679169937,-19.533669057342728,-5.704360005358347,0.698213921692843,0.4196103517532706,0.6,True,4
0.81603937651445413,0.57381393027776584,-0.069406839699585998,-0.57791026285436553,0.81208588650308178,-0.08084702239478056,0.0099731672752119693,0.10608527872276541,0.99430701977448266,0.092370265621876863,13.367538399014395,1.1295981623579967,,0.06915328551949583,0.2692307692307692,False,5
-0.91623516523841486,0.39866077809970968,-0.039783237493576151,-0.35965076226379011,-0.8621829681441513,-0.35677984618699776,-0.17653456087579839,-0.31258616963499375,0.93334100701153866,11.60780496300427,-4.686339392905162,-1.4065213796956015,,0.5023372612164214,0.2842105263157895,False,3
-0.98461882811826085,0.12557780762817086,-0.12147418469092744,-0.096939144530563029,-0.97108951454949255,-0.21814664102322168,-0.14535668396295384,-0.20301568649573323,0.96832642505715016,-8.5440588668995172,-13.474438953780947,-4.3446464704495726,,0.08783081310187058,0.3,True,5
0.2535503224391728,-0.94767977548995297,-0.19394658315707314,0.94956148712456123,0.28208530815914135,-0.1369702927300443,0.18451345793947704,-0.14943534403906711,0.97140303777121373,1.7125527273784567,-9.045467668579704,-2.8096719637819296,,0.0799778893580569,0.2380952380952381,False,5
-0.52957805372839517,0.84277640445583146,-0.096306890209091403,-0.8221469248373281,-0.53791012970985852,-0.18635215677863237,-0.20885765245681065,-0.019509598868866204,0.97775142882135746,-19.820168620483013,18.743314301707095,0.32595783951108603,0.3720317669210294,0.3167334464405842,0.918918918918919,True,4
0.555586256567973,0.82856415964888697,0.069320594761735244,-0.82885619392550369,0.55851044632597857,-0.032611211815637392,-0.065736757633114484,-0.039338463240068788,0.99706126391801775,-1.6712797691128281,16.920304942468579,1.5794903528622692,,0.1086408120687555,0.3333333333333333,False,3
0.71223155310173525,0.69754610364620828,-0.078457938121536605,-0.7015073925957116,0.70338345867380403,-0.11462586181853868,-0.024770807412268586,0.13667897918871758,0.99030564158146317,-15.956529031097185,-13.555197433252173,-4.9121305498712831,,0.06995452953236363,0.2727272727272727,False,1
0.062188923965588165,-0.93799929267707849,-0.34101299780697891,0.98317978676449125,0.11636304208069978,-0.14077339711555975,0.17172665673602361,-0.32652254037818829,0.92945843693585473,-15.041576918289826,9.9285096777339383,-0.78439984457417156,,0.2095446151277051,0.1935483870967742,False,1
-0.94713951335498203,-0.26166348846136966,-0.1856312501921894,0.30422735809233958,-0.91621364254591009,-0.26076479018631243,-0.10184525924088936,-0.30345474130252575,0.94738733533395603,1.2260027917574157,-13.744106485884084,-3.7270792185365877,,0.5043770935944879,0.4861111111111111,False,3
0.45521364809777759,0.89036711496333221,0.0051899111153223682,-0.88673136409164655,0.45386671899662429,-0.087820779565016258,-0.080548262064929793,0.035375160481777676,0.99612277129840143,12.950099480765036,-10.027122484525593,-2.337126928381589,0.3060637823441264,0.2813493721244934,0.3333333333333333,True,4
0.4548419573914374,0.88883518757823965,0.05559499185251586,-0.88317334137552472,0.45821356034295291,-0.10022565640306751,-0.11455846926315144,-0.003513180978918562,0.99341029523530344,-23.777458395325631,-12.078554048440377,-5.2050135879335215,,0.2420224386343419,0.2142857142857143,False,3
0.83300028660046355,0.54215824615357056,-0.11034019508425182,-0.55294682892646818,0.82262848432260216,-0.13240914304254997,0.018982278675372166,0.17130911507793078,0.98503444619338432,-2.7045736048419236,-10.332239919108376,-3.4045187187427559,,0.07740780533002503,0.175,False,4
0.27280055142708487,-0.94421595643348433,-0.18448871715494836,0.94267741615853839,0.30064963945853679,-0.14480705562269217,0.19219559881990023,-0.13440990257362717,0.97210844553702314,-15.74540771132998,14.175400621970127,-0.15059227822086077,,0.07935487764647117,0.3333333333333333,False,1
0.27680438692771325,-0.89594276782260107,-0.34736995863768949,0.94144572780327407,0.32527349413450235,-0.088753003411129072,0.19250785173217455,-0.3024627428294418,0.93351862125056417,-6.5452476375130244,-26.592165176187518,-6.6131815512405234,,0.363126079400268,0.3636363636363636,False,1
-0.84921393843781279,-0.47291877249039782,-0.23491173105895524,0.52759531629346967,-0.7783355623548569,-0.3403482548786515,-0.021883075381063891,-0.41296681101503196,0.91048313768676814,-13.448826668668525,-17.056494794087783,-5.3779687757866217,,0.4864653278745216,0.5,False,1
0.89211949735214802,0.44587609790212696,-0.072919872214125631,-0.4499943889524799,0.89131875897966939,-0.055280374476178937,0.040346652344843574,0.082130233230615593,0.99580458546546635,-12.550161847648637,-24.767951567358075,-6.7274526084525492,,0.1867570254735609,0.3571428571428572,False,1
0.94908473631975587,0.29246379003819917,-0.11706021869683994,-0.30678789978278981,0.94249655277481292,-0.13259499445476619,0.071549617970502424,0.16175654399153877,0.98423344418089587,2.6219849247847713,-22.918899632871977,-5.334182516360527,,0.2997996348387782,0.75,False,1
-0.29015609088938155,0.95099205224779304,-0.10688105295759699,-0.93579140245699721,-0.30532838411270591,-0.17626408863603243,-0.20025956658137492,0.048874271520459672,0.97852307667013394,-8.605000301932149,10.616143060392476,-0.13345640707454581,,0.07987747571029603,0.375,False,4
-0.97120820261877061,-0.19544668866807313,-0.13621754312386739,0.22111517003711928,-0.95235627840558357,-0.2100609448729657,-0.088671916329090578,-0.23413267792034617,0.96815245720102094,-16.871679562255821,-19.838070139324604,-6.1053472895537961,,0.1105036585726686,0.1428571428571428,False,1
-0.8928080181273359,-0.40733525047686148,-0.19228061911303229,0.4485977541410765,-0.84261905281655725,-0.29791473077058511,-0.040668141672821498,-0.35223731424918703,0.93502672512789609,-11.418861999677768,-17.075188866380014,-5.2185588425336356,,0.0800450641630012,0.2941176470588235,False,1
0.55722912547535386,0.82886593022117427,0.049769181634411117,-0.82860578596522827,0.55894563270984843,-0.03149970062608029,-0.053927295379221842,-0.023686481232421217,0.99826389167389362,-15.354547814745928,-18.825440106536135,-5.8140998950499556,,0.4134380598393632,0.2666666666666667,False,4
0.58079400234121537,0.81039672397473239,-0.077042044465956389,-0.81182746138697826,0.56961859328800191,-0.1283387358460914,-0.060120710096001229,0.13708321542632348,0.9887333777444417,-19.463287075896577,-8.3836917711654753,-4.3096325815725551,,0.4532207439855671,0.3529411764705883,False,1
-0.80811417296817922,0.58722418829184098,0.046035161919398312,-0.55516152292316978,-0.733206190306114,-0.39268863742464266,-0.19684300067206761,-0.34289420406560395,0.91851858876379477,-11.366535090271219,-10.066629050775825,-3.9954013275210043,,0.7691528270178507,0.3578947368421053,False,1
0.082329163005184502,0.99241165589913494,0.0913291528177122,-0.98607738176207027,0.094401612253328618,-0.1368931436604135,-0.14447597065299186,-0.07878731395032737,0.98636669300233693,12.412703456273617,-7.623778078542232,-1.9239428627350126,,0.2038045364320965,0.2916666666666667,False,6
-0.99439665968938851,0.041770496635067739,-0.09711080686229992,-0.003018425280240114,-0.92946945324257213,-0.36888673681467876,-0.10567011075708563,-0.36652661717781732,0.92438740071074699,0.204412815344299,-18.284864960035623,-4.6492000103573039,,0.4250400864989604,0.3888888888888889,False,2
0.91674984271368676,0.3918783643981113,-0.077466595388542475,-0.39599420990442746,0.91703604744217793,-0.047259638316394473,0.052519630678436478,0.074001589228132117,0.99587421554386679,-4.1604399574008699,-18.520656130735638,-4.9723624325032887,,0.09265773826735091,0.3461538461538461,False,1
-0.96059567905015764,0.26909015839951411,-0.06961629150343536,-0.22603862337141897,-0.9020448039633564,-0.36772504998580646,-0.16174820597002215,-0.33749912339920879,0.92732510996426964,-12.143567542743858,21.932465769357496,1.454425315441169,,0.3515554924243306,0.3260869565217391,False,1
0.37177461166185283,0.92475918256464062,0.081265567038300304,-0.92017741149542187,0.37866897739838695,-0.099414973367422749,-0.1227076586740366,-0.0378187760039638,0.99172202288962918,-10.073036326922784,16.343574804076596,0.73735463471800533,,0.408892806505238,0.3666666666666666,False,3
