axis_00,axis_01,axis_02,axis_10,axis_11,axis_12,axis_20,axis_21,axis_22,location_x,location_y,location_z,dbh,dbh_approximation,score,reconstructed,number_clusters
-0.091973876078243616,0.96817887630555599,-0.232745503919741,-0.9928781740400644,-0.071393087061413382,0.095372735279578999,0.07572144764867543,0.23985973108371433,0.9678499737926517,4.260351558999937,-3.8171461616439912,1.2963455571292,,0.0816845455313038,0.2708333333333333,False,5
0.1488823605951837,0.96696076495398287,-0.20693216700941847,-0.97670501645758179,0.17650053432022803,0.12204455010883941,0.15453592957691301,0.18394140486655591,0.97071324604412246,2.8507074994719068,13.39110478262204,-1.5427670390449395,0.184258452620081,0.1769579202544745,0.2857142857142857,True,5
-0.11946513421284508,-0.8850834414103631,-0.44983928624420488,0.98352706565339709,-0.16740751490063654,0.068185299603449906,-0.13565615664143643,-0.43428334724691203,0.89050288122458821,-27.773294574850183,-4.5766450185923935,-7.997808906043578,,0.1748999418925886,0.4838709677419355,False,1
-0.68133750504326784,0.71347237395413854,-0.16351261671706346,-0.72133349385058998,-0.69241285899900018,-0.015569949972055006,-0.12432696759237882,0.10733873623756332,0.98641837008046784,-0.25704069461268653,8.1002906413701687,-1.9121074304540047,,0.08695323115549171,0.1964285714285714,False,5
-0.045550709465489579,0.99650468208597742,-0.070025362890291903,-0.99554632669465049,-0.039491470412251733,0.085603359568817733,0.082538744065927067,0.073612786561879057,0.99386544027982793,-5.3976491564671196,18.4929219777908,-4.3856526553086344,0.3473899268206347,0.1931302169121273,0.4074074074074074,True,5
0.94797642341514654,-0.06337829863227061,-0.31196777383490504,0.17148851470545859,0.92730412749272717,0.33271420838171084,0.26820214386380936,-0.36890411545201207,0.88993110049566537,-20.512956315220805,-0.96247413171167484,-6.3717834415608534,,0.1404692360926969,0.3333333333333333,False,3
-0.92136850734933229,0.27521840698894878,-0.27447204250948476,-0.30881819418116258,-0.94713829118322024,0.086950447481398851,-0.23603261767719469,0.16487536453028737,0.95765584505262435,-27.00441955676396,3.0998964586462296,-8.8876505039595539,,0.2566458496036584,0.7659574468085106,False,1
-0.23966839504160242,-0.8812260802669647,-0.40743055343887202,0.95619174828414377,-0.28691810446863714,0.058097692221286475,-0.16809640368400958,-0.37565755254679417,0.91138630793042819,-0.52909923844123219,1.7844711141143867,-1.1958102860599753,,0.07328073082562335,0.2611111111111111,False,5
-0.94728160882564894,0.17248167989373803,-0.27001411756003518,-0.19812490831036847,-0.97763266730222409,0.070575410240020606,-0.25180165664208504,0.12035131043978392,0.96026636293672629,-4.2685754090847503,6.9475786854747703,-2.8861349105462772,,0.0781716965262933,0.3469387755102041,False,5
0.28405847647667321,0.93823431576173777,-0.19755290599952052,-0.94190973140512402,0.3115762112305982,0.12540463500012008,0.17921171788161322,0.15045475506706268,0.97223789622274637,-31.597069134451381,-1.0842556742718172,-9.5435297259220402,,0.4835180122475484,0.6744186046511628,False,1
-0.66045019663559101,0.73713290789015318,-0.14297067485822512,-0.74617733215978554,-0.66556940828307642,0.01538673872596355,-0.08381483600720549,0.11684365135993763,0.98960731323185114,12.716812114566208,-1.2379917123696322,3.4792117288249091,1.004946129140738,0.8292476282095111,0.2428571428571429,True,2
0.0069925987058379602,0.97758977501096589,-0.21040279313105342,-0.99431268151005392,0.02915802687100821,0.10243095653793589,0.10627038605192916,0.20848990686121791,0.97223380098892642,11.220494806640662,4.0086750321206681,2.2981515817785976,,0.1690659924565924,0.1333333333333333,False,3
-0.78321879756855817,-0.50045598906270028,-0.36893375848048326,0.55276462185746633,-0.83213834699707789,-0.044688301374547629,-0.28463939986943732,-0.23893424716487274,0.92838076109628698,-8.6274310751835088,8.8806889990687328,-4.3983144192687105,,0.0799410932881607,0.2093023255813954,False,5
0.67496952894915063,0.73436954651437891,-0.0715367328190743,-0.68794483958596986,0.6614056250449919,0.29878838137698444,0.26673588561945771,-0.15245972684977999,0.95163438305459236,-21.742050007210143,8.8222622354631302,-8.2040849096081843,,0.5942767198960042,0.1956521739130435,False,1
0.90827975975632835,-0.30874742241713515,-0.28231703308117795,0.35038006992483328,0.93011879168468625,0.11005834795455474,0.22860814643501415,-0.19888203163129614,0.95298701611184244,-2.3317830310061289,-4.2952754386479786,-0.73916753728783902,0.3901876830391026,0.3107974479937283,0.9548717948717949,True,5
-0.75397481456905679,0.61777867355541438,-0.22331925464605765,-0.63778690601203025,-0.76985013065516961,0.023635542088592032,-0.15732082352682888,0.16025069993710703,0.97445875831381867,4.9077497653457476,-6.8594698546474593,1.8866153509910746,,0.2493367583375424,0.7788461538461539,False,5
0.59787341532735794,0.78000010458155888,-0.18478965365398672,-0.7546845062476788,0.62542864347232852,0.19821782955643352,0.27018267019648179,0.020948717791857585,0.96258115291562774,14.573652618751392,6.0785794594362859,3.1678829802472466,0.4743619415075022,0.5578010847540054,0.5611510791366906,True,4
-0.96072370102726423,0.043746287901097351,-0.27403691827808629,-0.052593169029055344,-0.99830262378423784,0.025016592833318807,-0.27247739145836936,0.038446503617118932,0.96139374738119754,-10.958527295729905,-15.629087195642446,-1.5373437756914292,0.2701236735334544,0.1653632348024041,0.4074074074074074,True,4
0.33560672363788785,0.91775195152763811,-0.21236638744456404,-0.92491425075772438,0.36378129737598269,0.11043910731586395,0.17861062620773849,0.15935659116164336,0.97092930796171828,17.016372647562815,0.78264005958943683,4.5427806385008136,0.795267566799197,0.6777402996839552,0.934640522875817,True,4
0.094711446008720723,0.98066613262342672,-0.17124157883045513,-0.98686880767393448,0.11509878016399852,0.11332355114884515,0.13084226547703376,0.15825993532846311,0.97868998893146264,-4.7249913499523961,2.5525143562868227,-2.5069058190529065,,0.09444108061863606,0.3111111111111111,False,5
0.54756659201477975,0.79936285184749645,-0.24736583918471425,-0.80351851657535722,0.58481012361738749,0.11115355520699234,0.23351406987558104,0.13789905873810054,0.96252533928686201,1.9345579339867205,-3.011129173672709,0.42945491119253643,0.3974536822766968,0.3256334931509244,0.9210110584518167,True,5
0.79918416751670551,-0.44520256456956764,-0.40385559658287695,0.57560809546625402,0.76037545072836876,0.30083964892171894,0.17314729805672158,-0.47288883517197922,0.86394222187907133,-18.010122309287393,-6.2449561754773235,-4.9231077332339943,,0.3404891216623326,0.15625,False,1
-0.70012343753082906,0.67035724926484008,-0.24586242205366171,-0.70342195541257124,-0.70666239801741493,0.076326979973219383,-0.12257538441127043,0.22638333327865456,0.96629491437659742,10.735495966145672,1.44773244088006,2.5677317588916155,0.1375042656123522,0.1018147899166097,0.28,True,5
0.26615637585743035,0.94320797289223079,-0.19879512937436039,-0.9479790091040331,0.29348801616095516,0.12329064306768882,0.17463270566699562,0.15563901902298602,0.9722550662603866,-23.837789823755262,-3.0221083801926145,-7.0935574209271319,,0.09554003913955436,0.4,False,1
-0.56310189028849245,0.783421837373243,-0.26299522026124084,-0.82258354369380715,-0.56186803004350494,0.08752502761592873,-0.079199588368026444,0.26562104875510695,0.96081886100376479,-2.3676556034412877,22.475296022692653,-3.882551984686609,,0.1876992303302146,0.2916666666666667,False,1
-0.18056452462949368,0.95493755404562342,-0.23556468393773705,-0.98227763806416624,-0.16283926805358012,0.09281171552587765,0.050270211899365758,0.24814842464367021,0.96741680011381692,-11.947325756025009,-9.3181481435519942,-2.812033891698424,,0.08730880026471564,0.3692307692307693,False,3
0.9587070798564713,0.095685488993687826,-0.26781527631768387,-0.035281882605589211,0.97444214572225862,0.22185061054684252,0.28219837666592623,-0.20324072386271458,0.93758054820419379,7.1015538109907075,2.9305383836111396,1.0595534080866567,,0.0697433408841481,0.1403508771929824,False,1
-0.95523966671605098,0.20881789030573661,-0.20955254190887271,-0.18971139689662955,-0.97591516695625746,-0.10769945585874936,-0.22699507708260536,-0.063124286871240026,0.97184801249334274,14.790301189220919,-0.043658590147437074,3.9435718511239863,,0.1862527481441173,0.1785714285714286,False,4
-0.63359171380376644,0.73664193200598116,-0.23647453184159142,-0.76643182293666001,-0.63933299476054251,0.061932080543954882,-0.10556420316183307,0.22048125956872161,0.96966190664055474,-6.1285198309801174,-7.8366967842858202,-1.3159346039436897,,0.0676654778257075,0.1666666666666667,False,5
-0.085882749020595908,-0.94329741533534683,-0.32064644024582428,0.98872075178082774,-0.12033024623148067,0.089173464886286885,-0.12270056405175955,-0.30937132715157184,0.94299202197996057,-18.089843740090707,1.0363522302650323,-6.032030030820164,0.2051795305360616,0.1832805837134168,0.680327868852459,True,3
0.91941592425586482,0.29925264427436721,-0.25519054277055886,-0.25420961633224504,0.94729236808015282,0.19497343496309705,0.3000863695487454,-0.11438979094261544,0.94702858802633749,2.2368656890702203,3.6257505519505995,-0.59475574065198133,,0.07865060349012329,0.1666666666666667,False,4
0.24104808993035254,0.96912549289450023,-0.051880606809493884,-0.9593122321473081,0.24602360843069007,0.13853672923558036,0.14702333009926918,0.016375686756137403,0.98899746070947359,-15.332515104313424,16.483228303940823,-7.1999099921646508,,0.2627614458623992,0.2222222222222222,False,4
-0.0022537598906586602,0.96984466433249639,-0.24371345394159755,-0.99483512026518095,0.022557424493678216,0.09896588345068956,0.10147908185098402,0.24267774860089658,0.96478469426120228,0.8932374261534296,3.6278881047691138,-1.0215709492414116,,0.09314959040710902,0.4294117647058823,False,5
0.93922791170871989,-0.17113212731364147,-0.29759826086250191,0.24645673770427395,0.9395992151128344,0.23751292891022407,0.23897699953645096,-0.2964238687428089,0.9246744744676918,-19.069542155969419,-1.5907956637640441,-5.9339153961188282,,0.1562683773036518,0.2264150943396226,False,2
-0.94277047509220047,-0.083850751487644593,-0.32272725755564052,0.13000192406513114,-0.98370620806391607,-0.12418371856196095,-0.30705590864497528,-0.15903190777787246,0.93830992815526548,-7.2298445059411982,-4.2559753039754344,-2.1908726924610273,,0.3820575583925356,0.3714285714285714,False,4
0.69411943209475213,-0.64262385915032849,-0.32439603826064112,0.70623821713240253,0.69517061009265924,0.13403508318737692,0.139376449409884,-0.32213723552880452,0.9363769576595502,-25.26553039555219,7.2850643198907399,-8.9621403418970971,0.3113029841241545,0.3475339380674555,0.8387096774193549,True,3
-0.33579185686504176,0.91579793715696256,-0.22035872381682392,-0.94193603058711239,-0.32661921929057769,0.07795126600516733,-0.00058578573061321415,0.23373922197411681,0.97229914787888816,-2.8403110893908652,-7.3806046777147332,-0.44772616377448315,,0.0653059547392115,0.1724137931034483,False,5
0.9354654967002034,-0.19251333736738843,-0.29638306196392733,0.2539842004994034,0.94935092696770917,0.18499957665419592,0.24575664869972905,-0.24833733589861773,0.93698038251537408,-28.103444335572028,-7.5776928280772982,-7.7465208527651068,,0.2532005967484661,0.2,False,1
-0.017909248818335055,-0.95046844226607641,-0.31030468746550083,0.99397661431742534,-0.050485714298527176,0.097271181969979373,-0.10811914260126332,-0.30669354885303129,0.94564756547833506,-5.8591587562419827,-4.8590371241169095,-1.7314544216984653,0.1585810665197154,0.1415510890373773,0.5043478260869565,True,5
0.21510986559797887,0.94887017474355106,-0.23102626951184868,-0.96417459693038643,0.24394827109606104,0.1041949502776835,0.15522593970256934,0.20033629853669704,0.96735219808096218,-0.74481621531487474,14.202586342645008,-2.6151028913940406,0.4001553502106344,0.2540947862849239,0.7553191489361702,True,5
0.85724410482993862,-0.35393295479775583,-0.37398396789494509,0.47430617771045042,0.82547317409580989,0.30598641903504753,0.20041505562212711,-0.43968796021305684,0.87550459914477974,-7.6314671436070922,-10.991775727965507,-1.3496022880482761,,0.2598532084306108,0.1333333333333333,False,1
0.58514405278105364,0.79625122093335809,-0.15359176624122869,-0.78154665329049633,0.60425715934774371,0.15510678291880214,0.21631288964226908,0.029279319307869506,0.97588496004164338,-2.968217393125391,18.55228363387381,-3.6943757155490813,,0.2034259347720021,0.3461538461538461,False,4
-0.42793767225698276,-0.8419628929933054,-0.32858459410875857,0.87867821606794083,-0.47270475031122761,0.066894032924170482,-0.21164579199912087,-0.26009364824144116,0.9421026233237656,8.9660063173244424,7.7948734474799668,0.99530031539174357,0.3184347273412022,0.2975150788535034,0.673469387755102,True,5
0.5839800153370871,0.77964548257785871,-0.2260979061885236,-0.77145577569522394,0.6196992077046779,0.14432213314899425,0.25263279247432807,0.090143294071902649,0.96335396334913714,4.3639927495411026,-9.9343800942579055,2.118348115487124,,0.08788317735803457,0.4090909090909091,False,5
0.95614577703238646,-0.075888019177419511,-0.28288913306887847,0.12465783465742142,0.97944374641980281,0.15858868767243198,0.26503901094302512,-0.18689825077958544,0.94595103812717207,4.7542820919629927,12.869381285498205,-0.90650518303541716,,0.1053688458003156,0.475,False,1
0.36079544789476148,0.93216628101156651,0.029877572248835471,-0.91130486436034575,0.34554530331171196,0.22387918070331936,0.19836856850718809,-0.10800216620180775,0.97415883875481357,14.999457285786088,5.1280459682972372,3.3195162820407229,,0.2722138253394004,0.2941176470588235,False,1
-0.16795501122466627,0.98489778601610634,-0.042041233391683724,-0.9845495509684935,-0.16544748336012241,0.057352523375523108,0.049530757032980065,0.051024321165242831,0.997468406896863,4.2082594686651031,-16.871585426973926,3.0629285581414911,,0.3644084759530797,0.1875,False,2
0.91246877713918928,-0.28504987966251877,-0.2935085975750894,0.33824198554320456,0.92916434092085454,0.14915088594073117,0.23020228053149877,-0.2353724573213653,0.94424928719729484,14.06758271512644,4.5743064115958045,3.1079340552837391,,0.09268332495268061,0.3157894736842105,False,4
-0.90354326366689119,0.34587034018954804,-0.25294916180795951,-0.36459093459286412,-0.93069248467469345,0.029748098808959539,-0.22512889884438375,0.11910166559377801,0.96702211565087981,-27.845406870702352,4.2992993213400057,-9.2361555163975702,,0.3457909842598642,0.3157894736842105,False,1
-0.45318214134500473,0.86201775788124579,-0.22704918379801642,-0.88662577447410928,-0.46225478407380677,0.01467142253033199,-0.092307544676161063,0.20795648510750389,0.97377277508543569,17.731667606871166,4.6999067501746907,4.4054607320536148,,0.2275142143151541,0.6111111111111112,True,3
0.86245516793831045,0.48465392041635952,-0.14588235233074967,-0.41272373798000755,0.84027510611511713,0.35156345394684879,0.29296791531550015,-0.24299860795543843,0.92472778541980039,-17.534051327625939,-4.9340318965605876,-4.9967147706975759,,0.3825109786727076,0.2808988764044944,False,1
-0.73602383916808756,0.66569906944151114,-0.12293761475225989,-0.66101782856542945,-0.74591916626711841,-0.081608992850123643,-0.14602855369726012,0.021197790924363136,0.98905324182523824,-3.2043098809770476,10.953697243888113,-3.0232997264652721,,0.7904938571581789,0.4819277108433735,False,1
-0.95332074704842018,0.20235977183459303,-0.22412067283072185,-0.17215374928428656,-0.97401455932830683,-0.14716903486755983,-0.24807789070049568,-0.10171608014241132,0.96338528076053642,-1.5962622891521363,20.633736402090715,-3.460045398361967,,0.3577696652709287,0.1176470588235294,False,4
0.55665041072024146,0.81406069937744385,-0.16566682822488249,-0.79433397615454049,0.57995425047603943,0.18079436296879497,0.24325676675378122,0.030955533978298061,0.96946784389406859,-1.0624895545340372,3.4912690483190985,-1.5710683048710599,,0.08452500258577345,0.375,False,5
0.70443551042661634,0.70858732774659783,-0.040922006389325222,-0.65536517954273932,0.67149661697068608,0.34581609974065208,0.27251989485706429,-0.21678628266995861,0.93740952339585037,-2.2364080675938531,-13.488742296808331,0.65600607202029282,,0.4816417000253532,0.55,False,2
-0.77618693128463034,-0.49304842964864032,-0.39298485177415921,0.56646063065059327,-0.81902047042210246,-0.091256906327630394,-0.27686856380940095,-0.29344286505309258,0.91500550999627972,2.8100789205041021,-8.1407553642890811,1.4293633488950548,,0.2785507810566782,0.3108108108108108,False,3
0.31586539479471248,-0.86397843648273631,-0.39213558071670657,0.9487495164821752,0.28318013444067325,0.14029742133411838,-0.010168940260482845,-0.41635354297881344,0.90914592882714373,1.9232597117748045,13.828888185106154,-1.8468773400888994,0.4092163898189415,0.2109436600812797,0.578125,True,5
0.63369318907975192,0.75013917275286124,-0.18900836916810598,-0.729230767588674,0.66079814652005386,0.17767469475897538,0.25817712856867736,0.025239474188554878,0.965767849551184,-10.919574820518871,-7.5465006897131746,-2.8282986453529517,,0.07262010620198615,0.1571428571428571,False,2
-0.93584675076193979,-0.18419343295278681,-0.30043907592952407,0.18986869705538306,-0.98175370016081065,0.010466618319565538,-0.29688505682639243,-0.047248825145431293,0.95374357746491045,12.378800343760291,4.7938772153742271,2.5640350088474664,,0.1860683672579859,0.1818181818181818,False,3
-0.56853657406493496,-0.76125379195229836,-0.31186347684323967,0.78857614256565944,-0.61229036039130758,0.056992823654802835,-0.23433700375052069,-0.21352559286916828,0.94841604260108292,-5.6400965919641157,14.415161861601321,-4.0755074380297547,,0.1133926683923929,0.225,False,5
-0.46485557308774883,-0.81821668324475727,-0.33827615261677801,0.85960665925323831,-0.50860656059726583,0.048946479800976266,-0.2120982968737565,-0.26803138953743638,0.93977310383192136,-9.6856322672098543,20.753433767258223,-5.8232300354371267,0.30210920707511,0.2503440035972306,0.3076923076923077,True,5
0.46928542817202701,0.86850560469906279,-0.15959073128384532,-0.85795376905978293,0.4912195013217544,0.15039525151187344,0.20901319829501191,0.066343169411193031,0.97565981100533572,-11.898016239733016,0.0044014689499427134,-4.2402705384719628,0.1963225894931308,0.1242698333351427,0.2081447963800905,True,4
0.49832496474864718,0.84822963176349842,-0.17938428388969679,-0.83234014957352587,0.52596585137430285,0.17484221056720026,0.24265635148534631,0.062180503266414444,0.96811749291981886,3.0641791104936238,-6.2289972586465625,1.2190272641592388,,0.133196872038481,0.3061224489795918,False,5
0.72596159146736983,-0.50682554915794231,-0.46487377903568106,0.67294097107686879,0.66293720431934711,0.32812301439455693,0.14188099647340358,-0.55103731801938771,0.82233062510751453,-30.810472487230875,0.010259503906368067,-9.5135195242342991,,0.4236459676721979,0.3529411764705883,False,1
-0.50237608756034657,-0.75348927382652808,-0.42411340567816413,0.82974381813303411,-0.55807762879801315,0.0086346108888783329,-0.24319429047075503,-0.34756765451284366,0.90556792269761144,2.8834866623423223,-12.353463490316191,2.0179054400930152,,0.3561261953867518,0.3958333333333333,False,3
0.8616254109206547,-0.36413997708476287,-0.35355866322934748,0.47226179485652786,0.83039384687351947,0.29566003482630299,0.1859313001479467,-0.4217204478837942,0.88745783869544359,-21.284719792498695,0.53082765173543078,-6.8437259583346757,,0.321210773436313,0.1967213114754098,False,3
0.40944551740909552,-0.86014245431398961,-0.30415345889912992,0.91210926677810689,0.39333551197090344,0.11551562872655763,0.020274460069325581,-0.32471854475729289,0.94559336554335216,-6.1496773234030604,-12.372517792752348,-0.69000231709125359,,0.07047216435348656,0.1612903225806452,False,2
-0.14156831698714087,-0.85729698669418741,-0.49497503798726572,0.97800612797613495,-0.19849243539207062,0.064068453495097127,-0.15317449287187843,-0.47501855721349612,0.8665419464955243,-6.615380301558818,-2.482459556239327,-2.3273589956461418,,0.4045677226882077,0.2446280991735537,False,4
0.86954644677132376,-0.39372553232613705,-0.29810934588145049,0.44746061671222587,0.88355514050176776,0.13823642857227231,0.20896883355869311,-0.25359518703516926,0.94446890245985204,-12.268101241830474,-8.3843669821541322,-3.0260350906979139,,0.09154524830611231,0.1976744186046512,False,4
0.95645300460070115,-0.078126682574426481,-0.28123632670799764,0.11628157102982077,0.98574141812453253,0.12162422798387668,0.26772419806421971,-0.14903046018768129,0.95190003451366689,3.2120339770099271,1.2581541591372911,0.071089693770201426,0.3060285124898263,0.2725703410886496,0.7819706498951782,True,5
-0.28027783993468719,0.9381225180599494,-0.20339732926075119,-0.9599135106121206,-0.27462349623445559,0.056106928808112341,-0.0032225123522615778,0.21096937319152409,0.97748736001511316,-13.318304763334259,1.2042642222559592,-4.7457180907966077,0.3557576179924893,0.2880570160359309,0.797716150081566,True,5
-0.48828581531957943,0.86573482823024117,-0.1099098255246084,-0.87172930706934015,-0.47797913663764274,0.10781447090044749,0.040804138933486889,0.14845589287155286,0.98807685435780135,-25.113630368814011,-1.9968055817436863,-7.5455538822749855,,0.478035615594657,0.5324675324675324,False,2
0.93217987793808432,0.25024812770314614,-0.26156557447112333,-0.21296057581718297,0.96340829812296691,0.1627643826376744,0.2927259269606175,-0.096022526986532214,0.95136281512163834,-29.829863722367769,1.9253544881002633,-9.4165105332535841,,0.06961639765756023,0.2307692307692308,False,1
-0.31219923751414386,-0.88506654246492111,-0.34523738428040718,0.9315652747909422,-0.3564800061937175,0.071471280860244457,-0.18632706432309817,-0.299297879366556,0.93579004296231905,-30.872304869690069,2.4726733134589938,-9.8232720900096417,,0.2541812581914429,0.6666666666666666,False,1
0.60817154453990818,-0.6808477200410219,-0.40813448093353577,0.78779735646480242,0.58082013890398099,0.20499583261771817,0.097481780651635985,-0.4461998973089355,0.88960831498052217,-2.5462755843707763,-2.5274230708002379,-1.1378849049957727,,0.09875461968777238,0.23125,False,4
-0.84603399293983883,0.52118765698716629,-0.11220476368898907,-0.49622298086433608,-0.8467734033034694,-0.19167043778312307,-0.19490827599767707,-0.10648112350125387,0.97502437625196092,-9.3893524134071882,15.072456556062884,-5.20397959539208,,0.7297896551126999,0.4022988505747127,False,1
0.11012192246983089,0.96280954674963914,-0.24672036575707137,-0.98483280592054034,0.13918652916189772,0.10359273373427136,0.13408022439653047,0.23157047909355533,0.96353391566574231,16.649004179570792,-0.89440853188321612,4.6198173954715749,,0.09139682457097142,0.56,False,4
-0.86629913260004421,-0.40705350748698188,-0.28953972939643041,0.40458834579029451,-0.91172050115337455,0.071232002830992083,-0.29297454378680371,-0.055436177891218907,0.95451178456514063,5.7653847001905296,0.50350464519081928,1.0463504117979121,,0.06671059661187795,0.2037037037037037,False,4
-0.42527878857934642,0.89065099637302048,-0.1608687497440994,-0.90506157449950264,-0.41874703858398377,0.074259437390982563,-0.0012240706536710833,0.17717708750538189,0.98417822639710217,-13.429802471980468,20.357117077212099,-6.9127139380295359,,0.161737795932668,0.4375,False,4
0.59215272262032925,-0.72939502642209597,-0.34254641805752567,0.8044675538173367,0.55975516713101292,0.19876143420010417,0.046766525939841458,-0.39326460341714153,0.91823517888974204,5.8796485457644119,14.233202856062807,-0.77228266577289961,,0.4145773035592991,0.3225806451612903,False,2
-0.94648096195055675,0.21256388609462762,-0.24287935892845972,-0.20713585571670512,-0.97713490302317363,-0.047980397772445643,-0.24752479863976812,0.0048964908091365458,0.96886918540951583,7.7557300009991552,6.8830496686874607,0.66970627032259278,0.2680019825019495,0.2030817302291626,0.1428571428571428,True,4
0.76544862972426531,0.59172788384319941,-0.25287646536539066,-0.5787286469509324,0.80484326851576737,0.13153123706252903,0.28135662148168383,0.045666449471196635,0.95851605460790634,-11.193907739367397,3.5233057471472362,-4.489912074027492,0.235362973017828,0.1975776935758415,0.7868020304568528,True,5
-0.6455406080690278,0.72880088517907493,-0.22831249001328169,-0.75532106719935832,-0.65346966015178143,0.049673823145958876,-0.11299295897838263,0.20451570361053059,0.97231986413833882,4.049698968747208,0.87633456018836697,0.47186791806717682,0.429062931085038,0.2538534883517772,0.5076142131979695,True,5
-0.9610273609752219,-0.018693216427908367,-0.27582054875694378,0.0015093149608454317,-0.99805119231840644,0.062382204835654251,-0.27644915160902778,0.059534705604276955,0.95918271742315209,-5.0981280967247242,-1.9537326509377244,-1.9756821251340688,0.4704603281405326,0.4496018686190371,0.8616780045351474,True,5
-0.72818544855092748,0.64362737123058888,-0.23556264457992068,-0.66981334619056865,-0.74112913443845807,0.045581655866099337,-0.14524473754211592,0.1909749017261258,0.97078965441902942,1.2229808679323741,-11.529061583070332,1.3620124948592145,,0.1852396518254175,0.15,False,3
0.10422310973519382,0.96765247769819562,-0.22975253165453341,-0.98535720671087257,0.13180950834213992,0.10815465174253287,0.13493968497099348,0.21511609868892895,0.9672209393436344,-3.8083827744416063,17.785471693684155,-3.8877104307419978,,0.07023271808440686,0.3181818181818182,False,4
-0.75381912573727239,0.59777096743352398,-0.27281238272168762,-0.63907195821786178,-0.76352038666077371,0.092863617057335743,-0.15278664173376993,0.24434911427499117,0.95757493307873587,-2.5116492323631103,2.7113723088387371,-1.9220794795014537,0.2186844588032585,0.1644265038540003,0.7457098283931357,True,5
-0.70721785247025237,0.6865588654028022,-0.16875969152668296,-0.68434971764003583,-0.72470687412496204,-0.080407776750944376,-0.17750598050028549,0.058624832049594761,0.98237200487075604,-15.834199581465613,1.9703095155016894,-5.575265993317541,0.5925281114836471,0.3264170133768453,0.4285714285714285,True,2
-0.85952932687698413,-0.35234754324445655,-0.37021688914471962,0.40090799641367203,-0.91409803630193454,-0.060807552495735259,-0.31698913964041864,-0.2006887859312084,0.92695301744559,10.663599018136424,-2.7466745588807742,3.0683129850692281,,0.553221236723556,0.1304347826086956,False,2
-0.88293139972748713,0.38837903426187115,-0.26380649939127238,-0.41796554243701989,-0.90614552501829881,0.064846687075289566,-0.21386198519276117,0.16751720280356017,0.96239339048763384,0.44536517820848015,-9.2295299554019792,0.85258277932397186,,0.09308425221342986,0.2972972972972973,False,3
-0.92051870822984327,0.32329517734577651,-0.21937533157541589,-0.31041066603688289,-0.94615520056117719,-0.091845276751597885,-0.23725624588069213,-0.016448852726006435,0.97130783433193768,2.0106957756409654,-4.7696360275427736,0.6470450191645174,,0.2491515235449548,0.2222222222222222,False,2
0.73118779144850032,-0.60714749248427669,-0.31102465498207654,0.66595735387556521,0.73412405410209125,0.1325242468673784,0.14786891646225012,-0.30402926760225857,0.94111688327514076,-11.130532534071184,-14.047948192774141,-1.8017356067710886,0.3803562469056379,0.3152612393868224,0.6470588235294118,True,5
-0.2248976833759522,0.94766225228735079,-0.22662146324167104,-0.97379302361334408,-0.21050998628378792,0.086096996676894633,0.033884792667386317,0.24004541500404769,0.97017009826185818,1.5640411200300108,-5.8831117758876204,0.70984662872091531,,0.0716889431479971,0.1363636363636364,False,5
-0.69639730561049862,0.70122384280590055,-0.15269549770364266,-0.70999703913034773,-0.70419203991431611,0.0042160820027098977,-0.10457053679013495,0.11134941940504135,0.98826429138848426,-14.747052326569008,19.025709129734395,-7.2012811629705258,,0.229172760625334,0.5405405405405406,False,2
-0.52201659086089436,-0.70410106718985799,-0.48139418987776778,0.81976330311885992,-0.57003742207765307,-0.05518572542532639,-0.23555637483546427,-0.42343715544714089,0.87476520830518145,-5.7446784103304358,-10.715444511376695,-0.81775361245734823,,0.6591854844596914,0.3800738007380074,False,4
-0.43819119585337274,0.88402711085858021,-0.1627407236791788,-0.89816779994479745,-0.43782214828955573,0.040079541033313286,-0.035820092391197239,0.16373097976299411,0.98585449598149955,13.756610926149637,7.745648294193721,2.5994088373965369,0.9880879873011436,0.4439867446519545,0.2857142857142857,True,4
0.94446918651346912,-0.10032900526670806,-0.31290900662776922,0.1764406213051482,0.95817082386477304,0.22533836656848738,0.27721230650899648,-0.26803500330459373,0.92266493058068866,1.6652499176854751,-15.779389894818978,2.1101178507048743,0.5738967261857488,0.4648052971088312,0.7391304347826086,True,5
0.34396703762754804,0.93114578192101027,-0.12105457379397072,-0.91591203729915849,0.36111812951316274,0.17521083433229998,0.20686183059287377,0.050608589662484715,0.97706036338403379,-10.767675693851839,5.1998435432814212,-4.5879594042986751,0.5117280704079407,0.3235729448796691,0.3535353535353535,True,4
0.80784492958003273,-0.48803478284919094,-0.33046727596113701,0.56206612941904066,0.80665388590784182,0.1827325217624825,0.17739288574159218,-0.33336400387432485,0.92595907307458736,7.1631062573907416,0.57280926485351724,1.4954633210131416,,0.08486565134228,0.3037974683544304,False,5
0.22238527661582719,-0.85383880807546286,-0.47064219803240726,0.97430200925600952,0.17691000705012422,0.13942182097946068,-0.035782446872814108,-0.48955299940843855,0.87123904714262923,-18.265322030737497,2.0422920864858605,-6.2053669687780886,0.2487585291234002,0.2110149468655624,0.4545454545454545,True,2
-0.52530446114966511,-0.78130291061933765,-0.33707712018766878,0.81546658980814613,-0.57538329923522691,0.062835498469087953,-0.24304210335440518,-0.24186736203741399,0.93937783408920705,-7.8730961751450224,10.442250774848691,-4.2836129012266948,0.200068301789519,0.147470986815233,0.6209677419354839,True,6
0.8763254571042729,0.44912561166964682,-0.17418346125092754,-0.38173885167559135,0.86800225746741977,0.31756500146090488,0.29381821310529505,-0.21179770058673744,0.93210117029954564,-22.641668756137971,6.7066039438449394,-8.219270482319029,,0.6289404394406312,0.4390243902439024,False,1
-0.77427622196814871,-0.56530613044233768,-0.28447374391855546,0.56644818044318312,-0.81951455001556006,0.086789176660459669,-0.28219282586085764,-0.09394083881413888,0.95474725861641452,-8.957430311936978,-2.3712297947291789,-3.0482368587161379,0.1749323550004681,0.166854243830212,0.7394807520143241,True,3
0.56496106457797712,0.8001112169583936,-0.20159622022319018,-0.78851366352577101,0.59550007072204569,0.15370708572868624,0.2430333268177142,0.072122855374678885,0.96733298082331365,-3.6388507440272693,20.536772145009433,-4.1096324646152889,,0.119229232269629,0.4,False,3
-0.9168222829827416,-0.27646903547140195,-0.28810028436609775,0.27407996154778763,-0.96043451138198133,0.049454261943920295,-0.29037402794374872,-0.033621745522315297,0.95632238399179792,-1.2334701232933329,-14.900570004444122,1.0748527610866696,,0.09919038199469801,0.375,True,5
0.78236000546841233,0.60536073378821975,-0.14646229491187968,-0.5541977673997811,0.78393972113198807,0.27982735434656719,0.28421410319082396,-0.13775665362837961,0.94881265164865236,-24.91216758961103,-3.436157432858415,-7.2953638512212677,,0.2088080516946071,0.4042553191489361,False,1
-0.75525662154691131,-0.5791269932642038,-0.30691914453534563,0.58810689312470232,-0.80550727984729187,0.072720728628273057,-0.28934014216619797,-0.12557845271295431,0.94895328354216923,-17.376737317235701,5.0722575251922235,-6.3939165433107172,0.6931812710943533,0.6327246265686696,0.8890814558058926,True,5
-0.49987433691057997,0.84957776281969366,-0.16835460261155155,-0.86440520430735213,-0.50152834908080846,0.035678534648225707,-0.05412291626080247,0.1633613785157442,0.98508059058376685,-12.766253289015964,-9.4903944284090755,-3.0236308653220059,,0.07836670149697933,0.1351351351351351,False,2
0.94856497862510714,-0.084357682388982544,-0.30513646577868925,0.18542108090163362,0.92926542991238359,0.3195070946427051,0.25659989104288317,-0.35965197370751661,0.89711033531281315,16.692026882674806,7.2446936026974393,3.6665575595277167,,0.2969003848462483,0.2352941176470588,False,1
0.038796018263756581,-0.95023654502269639,-0.30910415311057859,0.99437895158409417,0.0062158743564127376,0.10569703663066274,-0.098515834328277527,-0.31146728786393452,0.94513637057161703,-6.3255601147956586,15.585412459834288,-4.4007740825914556,0.5096424308597103,0.4982091767865038,0.9144144144144144,True,5
0.57382189143857187,0.81897828036409248,0.0017358564844405788,-0.78088225144077517,0.54648829140365218,0.30261106513725478,0.24688326450095124,-0.17500035328704833,0.95311254847408367,-16.164380809902855,-3.1360987500292521,-4.9325730241048431,,0.6862018428668255,0.2711111111111111,False,1
0.59431423136302874,0.75913766670657357,-0.26551948588883367,-0.76402582257860607,0.63602770434541567,0.10832036622068746,0.25110781913842423,0.13848740842545521,0.95800109648953147,-0.015130120875283717,-6.3174051512122773,0.25340662110542289,,0.06767756136045264,0.2463768115942029,False,1
-0.020360605884110507,-0.94465472828598962,-0.32743379491884239,0.9937176587763511,-0.055169360524704079,0.097373283272889993,-0.11004844553231623,-0.32339416504664698,0.93984336655088585,-2.3614227436648472,13.921243394834532,-3.0793173027581822,0.3744539738147643,0.3045005177690319,0.8278145695364238,True,5
-0.85691033079249845,-0.41680536675106244,-0.30327870223377751,0.41590891894187604,-0.90663999987772181,0.07087793568047468,-0.30450690653200602,-0.065400281874300609,0.95026225169953527,-9.6219514769771006,1.671592942722266,-3.8254682124675461,,0.0998946864471609,0.1586715867158671,False,5
-0.14472407929507389,0.96326664929379091,-0.22621295990837018,-0.98781263011178311,-0.1274199059583703,0.089388899518907203,0.057281311645547936,0.23639274507453231,0.96996769091155421,18.849892609614844,5.1758137774435591,4.637095953100931,,0.07217238985232012,0.2608695652173913,False,2
0.86349948795192022,-0.37962587399719955,-0.33204341598447101,0.46061226044617509,0.86176627504426606,0.21259170426664759,0.2054385062091309,-0.3365160961799526,0.91899506918066121,-7.6540997110616447,13.925323241507712,-4.577347918118913,,0.1002238086618088,0.5263157894736842,False,4
-0.95391478781992101,-0.076736361775600198,-0.29010016952756168,0.11800091178620718,-0.98479160646134589,-0.12751971087211006,-0.27590281331675387,-0.15587502245301205,0.94846223698109056,8.8420295992610978,1.1369291569401205,2.0067563553714103,,0.6762817612060119,0.71875,False,2
0.69761363713220059,0.66421885305119333,-0.26860478130245535,-0.66333116694010985,0.74045551194487746,0.10824692973161834,0.27078954236280001,0.10265938866858272,0.95714892972052079,-23.821311415559173,8.200141262685964,-8.746996826944045,,0.09099428839247044,0.3076923076923077,False,1
-0.70293316982772325,0.67346660699153715,-0.2287524601468911,-0.69879843907678019,-0.71385883626878077,0.045676070593224087,-0.13253565671095585,0.19195908717299076,0.97241246832396566,0.99650479032741002,23.426196032512003,-2.8971121792717529,,0.5373885042006452,0.2,False,1
0.91465475765002324,0.307385360142931,-0.26252793123395352,-0.27597921621709398,0.94937534172436699,0.15007309133199634,0.29536781565427417,-0.064812814285015174,0.95318264387266349,10.910805167417344,-4.9412942997648379,3.4389395766338771,,0.0694860735565898,0.3,False,4
-0.89718742049248223,-0.32414933457275724,-0.29996990083354397,0.32857040671085391,-0.94375079059418243,0.037093572040468009,-0.2951206877599597,-0.06528134610205244,0.95322721609655803,-1.8029918837013603,-10.343153676668086,0.26335788771220797,,0.07487445106658502,0.1851851851851852,False,4
-0.14018513177149911,0.98759380829781485,-0.070757322179596044,-0.98597818875203458,-0.13270720068521508,0.10117218091724775,0.090527013291424069,0.083948011877076512,0.9923495307432868,-18.672458749630994,13.722341307077288,-7.8950453552078814,,0.3065266773725134,0.3529411764705883,False,2
0.92892618740487642,-0.2486192390603133,-0.27438041534065677,0.28974246769724732,0.94947559066347142,0.12060433303559936,0.23053294941537139,-0.19153218189986479,0.95402829231135866,8.2425106953206253,-9.3825335047284888,3.2325221791463661,,0.09214214532858392,0.5555555555555556,False,2
-0.36692994309392907,0.91144327869977459,-0.18610095801497772,-0.92987922803229783,-0.3650064927401474,0.045769875809273483,-0.026211412307342738,0.1898457531011514,0.98146398400262902,1.6095179146413241,-10.448216599537394,1.3848131020728573,,0.1520906109250547,0.3043478260869565,False,4
-0.93257405388182035,0.25481979594968118,-0.25568047563040697,-0.26318385835181274,-0.96474444240481361,-0.0015548479280423771,-0.24706252392761091,0.065840963246212816,0.96676009269587171,10.714334284043472,7.130526818745496,1.6360546697400618,0.7185051642878398,0.4631799586998935,0.6019417475728155,True,2
-0.95459528069634125,0.15065828019719979,-0.25700181454669702,-0.13987409407137766,-0.98835890958085981,-0.059849007175099514,-0.26302678167818622,-0.021183683819292101,0.96455594117700583,-17.463965901739062,14.323478223206484,-7.6429654690949986,,0.7073453777880234,0.5588235294117647,False,1
-0.930892203556278,0.25627814361376933,-0.26030985087779057,-0.27323373729226741,-0.96146283232642904,0.030537630231265808,-0.24245211932139837,0.099552675306701283,0.96504208958772419,-20.826513277321652,13.719842436087379,-8.4768735836409856,,0.1232432212054767,0.2222222222222222,False,1
0.033530626529886101,-0.85201215471131164,-0.52244711245130038,0.99411782711914465,-0.025431166293765552,0.1052758357119519,-0.10298273102042074,-0.5229039529446371,0.84614774898149381,7.4416556332925303,-6.6611212885792153,2.5928782847553742,,0.4955326895811678,0.2222222222222222,False,3
-0.0012670619310937293,0.9824896028092327,-0.18631310991398531,-0.99346212164676839,0.020031904293530953,0.11239099458354443,0.11415519001414813,0.18523742381638986,0.97604082363941258,2.7816602627683831,2.6952614283241352,-0.29576882808970084,,0.4686710029329227,0.3188405797101449,False,4
0.91546010984553261,0.334342610518994,-0.22393705828413416,-0.27456330007042562,0.92580171835859026,0.25981949992008102,0.29419004323063835,-0.17636949020629331,0.93933275328199284,-8.4356933375498073,-4.1950359610638577,-2.6051162261857481,,0.1957866785784338,0.4018691588785047,False,1
0.6647644108519184,-0.64868028945621437,-0.37054306110856494,0.73793349783011108,0.64744628922424408,0.19044016212442189,0.11637195042157424,-0.40003397935770463,0.90908216598628766,2.9066945738338656,-10.039357577360756,1.6729882929371596,,0.1706582192661805,0.2,False,4
-0.35605357655552006,-0.82502905234311796,-0.43880851565556322,0.91579597281483749,-0.40147203974974982,0.011744678595014282,-0.18585905089111815,-0.39767733665497162,0.89850383923100763,5.249747663485401,-12.343413463896875,2.6981536500712551,,0.4535331080811508,0.3333333333333333,False,4
0.95731987146215258,0.14244671878061341,-0.25149074736921573,-0.076380589893435269,0.96386800172500042,0.25519498572304988,0.27875557248460658,-0.22509421929337414,0.93361015592670571,-23.537432475072357,10.353248206400623,-8.8557700183139065,,0.5841786496981244,0.2631578947368421,False,3
0.46905425498770964,-0.77593791435326431,-0.42179196169086947,0.88282029306079635,0.42536663211403641,0.19922740384799686,0.024828129973387625,-0.46581496471567907,0.88453376566921194,-13.250292571457933,22.92232291857454,-7.0501163782923095,,0.2893524579231551,0.2,False,3
0.94433918018644347,-0.12882420879145523,-0.30270090187188492,0.21051736504663249,0.94371251978466242,0.25512569258212153,0.25279626535734234,-0.30464898363680759,0.91830444025412483,-13.548213386754762,-10.868700642216384,-3.0653114526603971,,0.2460483079990376,0.1333333333333333,False,1
0.84665563952418998,0.51067130903721458,-0.14962968351267639,-0.44489141163687962,0.83355640302939293,0.32749863331080648,0.29196893655598105,-0.21070960370832476,0.93292850904635305,-4.7925667096027498,3.9398398805000254,-2.6755875700589029,,0.09175137772662392,0.2406015037593985,False,4
