axis_00,axis_01,axis_02,axis_10,axis_11,axis_12,axis_20,axis_21,axis_22,location_x,location_y,location_z,dbh,dbh_approximation,score,reconstructed,number_clusters
-0.69146807210356709,0.70982461451011991,-0.13424202731236173,-0.71547520587285462,-0.69858603027447708,-0.0085315934350796638,-0.09983553997735331,0.090147517663575538,0.99091184775262597,24.182947555488713,-8.2009134291453432,2.7214758159232169,0.6577889715740637,0.4717483331382578,0.379746835443038,True,5
0.73175513233168332,-0.65622072844839852,-0.18414337311153334,0.67474499494224804,0.73562158782346265,0.059833697265619816,0.096195728110068449,-0.16803343441928756,0.98107652444171412,-15.333132903879024,-19.997398068122255,-3.8165441222361802,,0.150468564544893,0.375,False,2
-0.030151126512312183,0.99837624136558678,0.048330013932986443,-0.99860597283254826,-0.032183341001289389,0.04183710775323244,0.043324595707281616,-0.047001204651783618,0.99795484174790328,-7.7570978187887869,-22.465163762833821,-2.63339948879789,,0.3613985828085222,0.4545454545454545,False,3
0.95039471262769903,-0.25936393397908547,-0.17169810703734012,0.27627119772185388,0.95750200680917896,0.082850058936177723,0.14291296483750421,-0.12617549963161756,0.98165962928810857,10.298657518156933,14.164931436536829,-0.68262566755523257,0.2527701406222527,0.1426250371895657,0.3461538461538461,True,5
0.92540856854953668,0.37647768154215366,-0.043399729904019746,-0.36346322510046797,0.91412597418134078,0.17963348052793926,0.10730081665422528,-0.15046015627952714,0.98277580155276356,13.935443411080101,13.58870438308853,0.0037008440333637996,,0.4602878300702611,0.1818181818181818,False,2
-0.96924291111443206,0.20975168805408698,-0.12873386738882181,-0.20376980780596879,-0.9772903633864175,-0.05814990162299298,-0.13800740806616238,-0.030129304514148206,0.98997281797449099,-10.192232566710537,15.102616527835607,-4.463299486470528,0.3094376482277702,0.2783964425415987,0.8837209302325582,True,4
-0.97807433756794671,-0.11146272507571753,-0.17591660271196058,0.12658605627347932,-0.9889474072359834,-0.077194533992729339,-0.16536795502197621,-0.097770581669140585,0.98137370701070281,-13.768410327337614,-31.837865793320869,-3.4666481941905789,,0.1845409249022979,0.56,False,2
0.04720381475020792,0.99088585797154527,-0.12616265828295381,-0.99789898662229093,0.052390912221161837,0.038115676759554212,0.044378061823747691,0.12409838350529726,0.99127704444324705,-10.002062621046123,3.2553153154478869,-3.6684682532825237,0.2932014143687311,0.2361472754228052,0.9261744966442953,True,5
0.81622900884802219,0.55626363392651723,-0.1560159436911473,-0.55643718128507491,0.82957716501918644,0.046683943302264122,0.15539584421243205,0.0487082831723087,0.98665071568002782,-0.062180255730726663,-9.1375584775314831,-1.5493459009134878,0.2020691410105342,0.2217962608323663,0.8098159509202454,True,5
-0.9893509394279496,0.07403643879689413,-0.125312905892833,-0.061243710835054276,-0.99279087224745333,-0.10303150908965907,-0.13203759516207692,-0.094259692936132553,0.98675284836244648,18.223123200832518,1.3579097770439024,1.3445928474488622,,0.2739965627831201,0.4482758620689655,False,8
0.84076652099345162,0.53548656730110034,-0.079785922421505714,-0.52291948219888873,0.8413771396581351,0.13652737453543978,0.14023862632460674,-0.07306603246911722,0.98741808905134443,31.130022426666923,17.388771443004124,2.7076398812665627,0.4918687791451885,0.3932805035092343,0.875,True,5
0.98187060579679031,0.11375414677981001,-0.15162489097321921,-0.10119421747251456,0.99095388220287794,0.088148361851877299,0.16028051604099802,-0.071206723260107213,0.98449975050285798,13.042119869883521,4.1124732684820566,0.27909319522870096,,0.08993623600473238,0.4285714285714285,False,5
-0.70218603707488336,-0.63967145924651114,-0.31265826962117593,0.69543883013357066,-0.7103358307911728,-0.10857182432226202,-0.15264207440781144,-0.29367232031577695,0.94364027330377709,23.567136511444918,22.312125169797948,1.1515426469034498,,0.4724044004380811,0.6086956521739131,False,3
-0.44764644209297516,0.89412665519674794,0.012255094784483972,-0.89332421382616112,-0.44655061714372152,-0.050639859008821356,-0.039805927616026221,-0.033616525627102933,0.99864178629345912,-27.527074779815642,12.330855361605266,-6.9243837963903765,,0.3782157463744895,0.5217391304347826,False,2
-0.70067340827238866,0.70799877601172989,-0.088286511460394984,-0.7066222717963081,-0.70572126539683611,-0.051404869109000106,-0.098700252995517476,0.026367190456715969,0.99476782785031836,-27.090254628410666,4.5643847226358929,-6.3938358452627018,0.1333229532925989,0.1841135914755042,0.3962264150943396,True,5
0.97772435139235525,0.1371902638692255,-0.15885189389456686,-0.13025278266513216,0.99004495969836137,0.05334032605694361,0.16458829029547739,-0.0314612344856883,0.98586047969388113,-3.4399651375879285,-16.92728879705982,-1.9176257080858927,0.6710080646488459,0.6363626178604471,0.9596412556053812,True,5
0.7287037199487727,0.68379311081866256,-0.037654616314024142,-0.66969558171512422,0.72301787671495032,0.16956703035037857,0.14317372791144983,-0.098346995620307187,0.98479904147414654,-15.428033492979711,6.2943000961928917,-4.7000523314981404,0.6364974242074863,0.6686573647513727,0.6181818181818182,True,5
-0.98106138626667616,-0.092098852941717713,-0.17040057999703984,0.10319879119989096,-0.99300002698850987,-0.057453945867107808,-0.16391633802458205,-0.073950981654330172,0.98369847333467642,7.7435204256836778,-5.0566320685656549,-0.33590738172811441,0.2589057002063184,0.1946834547944318,0.3720930232558139,True,5
-0.31202306785028794,0.9467778936307446,0.079077337217588306,-0.94982281752803699,-0.31277381263248083,-0.0030261253183904782,0.021868251699561081,-0.076053680144168107,0.99686389106243223,11.400504288491268,-18.218350678480505,0.55970840270989286,,0.5773677828903697,0.4909090909090909,False,2
-0.34957607607150692,0.93360459679131524,-0.078606767447699843,-0.9368893047295902,-0.34780681504046274,0.035620922148626152,0.0059158872332921442,0.086098061891881267,0.99626910321293649,-1.1749807215306782,27.506903009136462,-3.973807278755769,0.2678008600392321,0.3169350488660644,0.4285714285714285,True,5
-0.13107605008981715,-0.94759080501927639,-0.29136014713026948,0.99056701045211459,-0.137029183217518,2.7398932072875137e-05,-0.039950805959496294,-0.2886081585639263,0.95661343494304296,2.410245200772803,-7.0479325926566441,-1.1995347092413153,,0.2381104569267091,0.23,False,5
0.3114065210801234,0.94999324493565762,-0.023212350277240459,-0.94676916598260541,0.31226132977562399,0.078236872837306015,0.081572820065119456,-0.0023867348779743613,0.99666452657012217,-10.700214096494861,-14.538263606597281,-3.2061980091500968,,0.225364534231351,0.1951219512195122,False,6
-0.54553515115536932,0.83442590626797608,-0.078261138521972334,-0.83730778486129065,-0.54667407419078373,0.0079454400966281619,-0.036153454393289007,0.06986317740066525,0.99690123090450478,-11.658991898285041,-9.3344551324224962,-3.4399976825383138,0.3921063166416537,0.3488664189504009,0.6830985915492958,True,4
-0.48564545716854884,0.87301026846127072,-0.044738809692824108,-0.8727930853776471,-0.48710956390555415,-0.030927380566554787,-0.048792622890337041,0.024027981873653168,0.99851987263076603,-8.2933685214953119,-8.3078343649985751,-2.9177730453156596,0.2679882398437718,0.09261360786948263,0.2807017543859649,True,3
0.74877211691482393,-0.5971397199290519,-0.28768815028420225,0.650542634570622,0.74524091553229588,0.14632244674860886,0.12702203563479378,-0.29671557542474664,0.94648046454406787,-28.592533638686149,4.3491097812460549,-6.5835247869721414,0.7583538579071907,0.4637490857656253,0.852112676056338,True,5
0.89063820278198358,-0.38824097794078116,-0.2367119236389732,0.42876777208747874,0.89038081557904636,0.15290585622510183,0.15139943647324799,-0.23767824110838914,0.95947238852361194,20.979437830351973,5.4278882184332629,1.69946000800444,,0.3558545158980448,0.2,False,4
-0.15370472013230099,0.9806981876753933,-0.12085496969198076,-0.98811026731588025,-0.15210413328627956,0.022415000829125412,0.0035998102715274205,0.12286332783800173,0.99241707161786619,6.3013045514963011,-7.830113895280765,-0.51611928551127328,0.4303374621158376,0.3097215792377337,0.8789473684210526,True,5
0.96545603280375136,-0.15685702708096164,-0.20806374450673465,0.19087540224907898,0.96930784428609984,0.15494800360665092,0.17737313646404745,-0.18930973577911123,0.96576425404968758,32.091812576652607,13.292846340822178,3.1554925950716428,,0.1625048985774747,0.125,False,2
0.86087104013875204,0.49896598798968189,-0.099669429013631877,-0.48613649561447836,0.86439245327870706,0.12844062576339688,0.15024100599402754,-0.062117868156424685,0.98669600717424821,-11.871867638680957,-4.1210502834240206,-3.6692250106591575,,0.2801804246442257,0.5526315789473685,False,2
-0.22188425811411161,-0.94704446904355122,-0.23210805598937784,0.97204272363758526,-0.23358870333602064,0.023859193134342323,-0.076813536726124038,-0.22032496755432512,0.9723973412385547,14.951323114659299,-14.974708486474768,1.1828982411923223,0.3939171522648957,0.4108900553498097,0.8571428571428571,True,7
0.41374627256830121,0.8979726064446697,-0.1498640050539233,-0.90505323901510526,0.42351031275974277,0.038957021631680092,0.098451289905735914,0.11951658069535911,0.98793882930816435,0.033732462861411072,-4.1464838679522069,-1.6774984162047888,0.2387369553780138,0.2352923423493411,0.7699805068226121,True,5
-0.59034762375406147,-0.76288933940019565,-0.26360868528458453,0.79623999473269091,-0.60394857955559822,-0.035326817587516636,-0.13225563850369168,-0.2307508810000726,0.96398261239592553,-11.671193926043987,-15.841743687354269,-3.3446179527724818,0.3188598716846313,0.1822380720268821,0.3863636363636364,True,5
0.70143970632344632,-0.68434660950875026,-0.19912824120841327,0.70622242447712247,0.70502370113839563,0.064741547701415714,0.096084470954121801,-0.18604112149467722,0.97783253962755312,-28.711547699857626,5.4429496684053804,-6.6310145923558688,0.1973508374840983,0.1322158029469169,0.6190476190476191,True,5
-0.99097464594993367,0.045530616907225818,-0.12608018880240857,-0.036412228824234859,-0.99661503782402605,-0.073706281788375655,-0.12900930461193527,-0.068450195814645537,0.98927810549737849,17.270705437944475,-0.22614227332045345,1.1974948008704958,,0.1433620983354029,0.3125,False,6
0.98525067635699082,0.084368036273486838,-0.14887289610082388,-0.057775154408775037,0.98292914007009957,0.17467780950680634,0.16106873151277165,-0.16350027540163206,0.97330597638792749,-19.347291239118611,10.586495281237015,-5.6104484799150818,,0.1864932866203609,0.8266666666666667,False,5
-0.73990658718131408,-0.650421858885743,-0.17172550110368845,0.65790272686292528,-0.75291054726058593,0.017020863964287966,-0.14036468299407009,-0.10038482608132529,0.98499778804857985,-19.239302451842928,4.0649060560233368,-5.210757395593852,0.3126067360631642,0.231315478252292,0.9197860962566845,True,5
0.24556672526658224,-0.93503875511379186,-0.25573327878298574,0.96896808695423831,0.24445374110547954,0.036649896640765955,0.028245882993640434,-0.25679738101231619,0.96605241845312129,16.567259482920807,18.265040285583087,0.1941760502863033,0.3323386506997989,0.3162295793297442,0.9139784946236559,True,5
0.90594901557299123,-0.38746367956438338,-0.17067008584036222,0.40216707251294498,0.91354506480814568,0.060803456736019099,0.13235568355267374,-0.12372272056138298,0.98345038586000599,1.4140187371614916,11.234380115440578,-2.1925663134453446,0.5237207020186969,0.5511605710405758,0.9856887298747764,True,5
-0.98513298005092476,-0.048608022716593702,-0.16477339513273173,0.059684301070276655,-0.99623055464901156,-0.062948123002011996,-0.16109250703163328,-0.071846656925057859,0.98432071098141416,-14.812102955627232,-21.970356907413418,-3.6959687845177953,,0.2256354297737148,0.75,False,2
-0.18968529927047284,-0.96176506684721852,-0.19755364697477756,0.97982231365703232,-0.19833157056450987,0.024755237368980838,-0.062989847598251034,-0.1888717668413645,0.97997945631006456,8.628035664780338,13.910294168204718,-0.97110703059637049,0.2686830698866399,0.2328455839904676,0.589041095890411,True,5
0.74952895657660379,-0.61702548851009675,-0.23976215252216665,0.64908792534120996,0.75615099509143002,0.08318976979463058,0.12996618186832515,-0.21797985950797336,0.96726086058490579,16.468355102676718,4.922344482402341,0.89667408762094347,,0.1610637069156701,0.2285714285714286,False,4
0.72540389879405454,0.68184644731827682,-0.09420512668549616,-0.67428353402692243,0.73142247734011567,0.10179820912871704,0.13831449437622365,-0.010323852047273596,0.99033454888959471,7.2330829904163023,7.655623822482152,-0.91936550216040658,0.226050981248839,0.1927073445451516,0.3478260869565217,True,5
-0.50211405155413802,-0.84315553397491338,-0.19227642798681069,0.85748191104692795,-0.51426875572030217,0.01588770333312713,-0.11227756436259922,-0.15689611982892074,0.98121218710502789,3.4177700174031798,10.387369862188081,-1.8003245648772155,0.1611882393740061,0.1462731721358924,0.4912280701754386,True,5
0.68930285350412668,0.72138016158918083,-0.066874798068008029,-0.7161924554470479,0.69243137535767207,0.087219018459351649,0.10922427803285414,-0.012225092468008056,0.99394195212917347,-5.5711583927018822,-7.6500387252582982,-2.5070786180491251,0.3171191751454993,0.3426368842527174,0.5967741935483871,True,5
-0.21200746661755204,0.96764091784252337,-0.13683525940080768,-0.97726096938140938,-0.21045030432207881,0.025916541714760273,-0.0037191157707158785,0.13921825860002435,0.9902547372521181,3.8253936783824742,14.614009463914746,-1.9983155603170442,0.1385747756704758,0.1333235716253034,0.5208333333333334,True,5
-0.031647005407664699,0.99391711405445871,-0.10548572149055543,-0.99900672794382073,-0.028142443890333008,0.034547943135019542,0.031369165938996926,0.1064742844142906,0.99382050803289268,-28.675973357693731,7.9881818245069338,-6.7949593660013514,0.2381942253385694,0.1241052990551419,0.5952380952380952,True,5
0.88877252735847456,-0.37638910794515901,-0.26156191242815952,0.44184237340357629,0.8553291124631538,0.27053174756040843,0.12189631527623582,-0.35601032118920561,0.92649767378490244,6.001522972928746,1.5652228593182202,-0.88322696699144077,0.4867358904978326,0.4154056494817456,0.18,True,5
-0.98438510055792583,0.10768300058858049,-0.13924921968829757,-0.097520995736864596,-0.99218260043276996,-0.077867469388411353,-0.14654565565055286,-0.063071854124518406,0.98719112234016959,14.941918078646674,15.066389588855975,0.11669483700190744,,0.2829525645210907,0.2631578947368421,False,5
-0.98686316782341588,0.047160912883351364,-0.15452163696240459,-0.015912410753897089,-0.98016821284572042,-0.19752738977373777,-0.16077276876863036,-0.19247369384629109,0.96804235134607264,-44.579962936207792,5.9807441185093699,-9.1204678494149682,,0.7213553737765102,0.4193548387096774,False,1
0.30558291227789824,-0.90185294193590526,-0.30541832761854981,0.9521533749904334,0.28781539803574802,0.10279225237269821,-0.0047993976795904988,-0.32221664726558974,0.94665378993950944,34.433431316281585,13.913559252645463,3.5284974004676255,,0.5435682259242018,0.5161290322580645,False,5
0.39944409842123607,0.91668537734616395,0.011503529726390793,-0.91160389372804551,0.39583865384133188,0.11086072823569285,0.097070866774288334,-0.054769326130622215,0.99376937351625283,-9.9084458338002879,-3.0010220925537165,-3.3997721138705277,0.1381885261517432,0.157971662950033,0.4430379746835443,True,2
0.80629396854286695,0.57837110148908555,-0.12400365016279161,-0.57170609224883717,0.81577372990410602,0.087552074126815982,0.15179650976540504,0.00030093295729170799,0.9884117204193793,-11.236016130589876,-2.581967995459201,-3.5998964721945379,,0.2015460555783599,0.453416149068323,True,1
0.98481242163767424,0.090660664794315435,-0.148071395101117,-0.059585514054068395,0.97752628875693959,0.20221750988476667,0.16307685520346149,-0.19032340541335441,0.96808209396146383,-25.189215018937066,8.1413018475051988,-6.3246456673029723,,0.207636574325995,0.12,False,1
-0.77863159868886134,-0.59941401245244974,-0.18556851887882947,0.60811067674705011,-0.79375597637958517,0.012363445633665673,-0.15470694344299205,-0.10321962815930877,0.98255354562139852,-14.57567576714538,-16.399693380981994,-3.774241249058643,0.2548807162294366,0.3137124054365804,0.7419354838709677,True,4
0.26182109715384894,-0.8494917559993741,-0.45805400290168141,0.96507438065910756,0.23487393710796259,0.11604168846946653,0.0090084893625206192,-0.4724383453494263,0.88131768220256501,-23.988256988688885,12.951081857769058,-6.4582562092418394,,0.3475624445390978,0.2121212121212121,False,2
0.3954168846603684,0.91522556032895364,-0.077509102988234366,-0.91341067949154231,0.40069515393741639,0.071584385181888574,0.096573380992319297,0.042491967848312884,0.99441843041653744,-27.410296571821057,9.1409272389344078,-6.6495037047108978,,0.840221747647793,0.64,False,1
0.89738315340144881,0.42830125197725027,-0.10612027867468093,-0.41078837761406561,0.89871877915428355,0.15348441227902951,0.16110985323212229,-0.094141348780198877,0.98243626848837884,-2.8823949413071013,11.529040491218874,-2.9548076132114343,,0.08224646356997378,0.2682926829268293,True,5
0.704975570212233,-0.65980107795160692,-0.26013839189522409,0.70228002008229651,0.7006419562284002,0.12610956571826418,0.099056644386660356,-0.27159415808580473,0.95730057688090686,25.124127254673596,12.74191252018189,2.0591133667936399,,0.2041822362373781,0.6756756756756757,False,5
-0.055255116750761474,-0.92124195972444389,-0.3850456125135383,0.99750651172584848,-0.067889028247113264,0.019283124959230964,-0.043904796291411911,-0.38302001447278045,0.92269606988210462,-15.112276294224552,8.9381607734216733,-4.7777973017173849,,0.6586459489172916,0.192,False,1
-0.98691502295852196,0.039088414302045252,-0.15643156115736584,-0.0064768588515709035,-0.97899826634474152,-0.2037656614677929,-0.16111110377064602,-0.20008620732409829,0.96644126664814045,-13.153142045082307,-18.40919953709826,-3.4958881579018928,,0.1227541567903773,0.125,False,1
-0.58476711764075862,-0.73221299069977364,-0.34915835143472057,0.80239531844899181,-0.58534585804144568,-0.11632703643119696,-0.11920222756836502,-0.34818725238615023,0.92981528607488673,-16.372575523849527,4.9165412292389981,-4.7903958135605276,,0.2835045046989764,0.3333333333333333,False,2
0.25023630440460098,0.96425712451163526,-0.087120547441353668,-0.96530233453667658,0.25541753672244694,0.054344133746715061,0.074653833766064798,0.0704987926364046,0.99471439385425564,-11.997727364605396,-18.346955150460591,-3.367184779003217,,0.1136233496364771,0.375,False,1
0.81657524023795081,0.57402068554977514,-0.060869775679708665,-0.5527796690439325,0.80798545384258824,0.20394642401980723,0.16625135945914088,-0.1328900257346374,0.97708788066285757,-1.2874782217286849,-22.62475000139062,-1.5308818970551046,,0.4107642388024102,0.186046511627907,False,3
0.85022167057308962,0.51822855569018089,-0.092532561594140431,-0.50260468466018948,0.85138803076440717,0.15008981320774745,0.15656194251968147,-0.081102312780671426,0.98433265363701627,13.905064066014509,34.496402694755588,-2.3161496383289206,,0.324283870977918,0.25,False,1
0.74024751876467731,-0.59679323341932622,-0.30963114750884446,0.6651893210662756,0.71705504506669759,0.20821918615676144,0.097758775064573492,-0.36009706870412317,0.92777870368346593,-7.4847011574810862,9.9732569862182956,-3.6201702257316231,,0.3074372033684286,0.1428571428571428,False,1
-0.098985294995482462,0.99109454811886444,0.089070242301916097,-0.99454272713079817,-0.10149908309863813,0.024139180627600822,0.032964758241089701,-0.086194737769776208,0.99573279141289073,7.399326087441259,6.552372395266314,-0.8242260586984731,,0.1849400153985863,0.2058823529411765,False,2
-0.29396151061261366,0.95565293884274294,0.017722605891326376,-0.95575238848355459,-0.29410704650011305,0.0061981535123310227,0.011135626894441142,-0.015116404341294215,0.99982373053126694,-0.31865467674527892,-26.8072289893936,-1.4123209848216918,,0.3703132680880438,0.3333333333333333,False,3
0.77583996190907478,0.63092321154579367,0.0028730885241876059,-0.62119198109052065,0.76306075856890487,0.17849033968560696,0.11042135723564044,-0.14026467789500763,0.98393746955853378,-5.7887016951670667,-21.330604107282298,-2.3219014835788427,,0.3824070735103922,0.2857142857142857,False,4
-0.7300288510709283,-0.64201282932998294,-0.23425926572874706,0.66911289966023468,-0.74121016232875803,-0.053809132764346367,-0.13908919480798948,-0.19602811593311797,0.97068386905901527,8.2824557751505559,-17.929009643641255,0.043012063817981672,,0.41384949886378,0.5,False,3
-0.98734978141962026,0.012403991718560312,-0.15807134503152029,0.033052931798659306,-0.95893177970694332,-0.28170435844620478,-0.15507389474099517,-0.28336545812346392,0.94639109479767314,-19.909319830198488,13.540111858420104,-5.8810781592784798,,0.5545318072806913,0.375,False,2
-0.89137015589505009,-0.36404107969726607,-0.2700617290037271,0.42389511659124041,-0.88050033968872199,-0.21220763873655563,-0.16053714619904216,-0.30363340412559098,0.93916696097625441,6.3475686429449487,6.4808159499868871,-1.0086882312143912,,0.596126074632884,0.417910447761194,False,1
-0.94197767409996258,0.31653402130790853,-0.11173305174329159,-0.30531157951433285,-0.94625305214052591,-0.10672394637195082,-0.13950950115202812,-0.066418180262518361,0.98799075118086432,27.879240218601179,-19.081746176284621,3.4853496270078663,0.6291098253237407,0.4665296566563836,0.3333333333333333,True,3
-0.87890159401842782,0.47011379102951872,-0.080777543387500025,-0.45961629333922233,-0.87993860978452043,-0.12025350684116803,-0.12761211121590132,-0.068564323772197622,0.98945140485861205,15.228809490621535,-23.269310477437216,1.2761706104369217,,0.1770185571747161,0.5454545454545454,False,1
-0.11970012373927477,0.99051367775300347,0.067487291848330883,-0.99269471506963236,-0.12044567478495337,0.0070740439933505289,0.015135489738521458,-0.066147514010858777,0.99769505528521074,-18.10049155932392,6.0021763187865851,-5.1298775927881497,,0.2317661222070818,0.4444444444444444,False,1
0.26211125960916831,0.95881912455588625,0.10937812382729425,-0.96200235750886931,0.25062084427551901,0.10835431030653235,0.07647974721109746,-0.13362289774028202,0.98807680342472226,0.072487020950089243,1.7818531942989981,-1.9145297431306556,,0.1650376401527183,0.303405572755418,True,1
0.77402268878342717,0.6283093377118677,-0.078206479223578249,-0.61569859106617331,0.77572164109285402,0.13846003213685465,0.14766218949887933,-0.059019587293404951,0.98727532436910115,6.7984552479473246,-9.4245832693537075,-0.3536621194495399,0.2669205740039795,0.2960126332959657,0.4097560975609756,True,4
-0.84405546761067329,-0.48416485171808221,-0.23055316948013299,0.52343115484872271,-0.8373032771858927,-0.15793368275164421,-0.11657698628056945,-0.25398350020143406,0.96015737662904432,30.223139474180371,1.2339716276714079,3.5155475030865562,,0.3369989568130642,0.125,False,2
-0.96350057832143443,-0.20091027704027092,-0.17692285367883626,0.22157503053285418,-0.9693801929265824,-0.10586098150870987,-0.15023695090964184,-0.14119880361116449,0.97851507726766795,-16.08257292816592,-28.572016501122025,-3.7971508449782205,,0.4226926708407427,0.8461538461538461,False,2
0.26612856923090261,-0.88539024132548683,-0.38112951237697351,0.96391837498890076,0.24693136419462766,0.09942971253975566,0.0060787332455812457,-0.39383882736796938,0.91915941330084505,17.582446749764674,3.2231614746715005,1.1420417769693008,,0.2543984779920713,0.2222222222222222,True,3
0.682563222058998,-0.7002446699537016,-0.20920050213579824,0.72604453196009533,0.68241428692614414,0.084676316700294518,0.083467272048899199,-0.20968582021804377,0.97419970811748946,-11.894582333287007,5.4026534136875046,-4.0510803644203444,0.696956395064835,0.4038502065618896,0.5825242718446602,True,3
-0.2754678166471175,-0.9350325199294367,-0.22323008011035717,0.96006349410297798,-0.27941335155169511,-0.014361972894755382,-0.048944553143846922,-0.2182713120157006,0.97465997407736682,5.3775867878164938,3.9857422035741332,-1.0569765880714208,,0.7549093438041856,0.5538461538461539,True,2
0.53245151115808476,0.84230286991234482,0.083792980630229386,-0.83844570596510748,0.51122912993105751,0.18882154235840304,0.11620751444783624,-0.17079418036736557,0.97842994717991705,-18.974537490844803,6.7832565904199207,-5.3062982225941564,,0.4296874077275549,0.2558139534883721,False,3
0.96316721680893624,0.24135130886023845,-0.11856836920519118,-0.21230296234333623,0.95313512923227972,0.21554785455580686,0.1650344347243107,-0.1824362111391733,0.96926810750195025,-1.8529873510145256,-16.621685507108275,-1.6737943344430566,,0.162128353973111,0.2608695652173913,False,3
0.65990474791527198,-0.72826518837691967,-0.18481217242706416,0.74688970854574843,0.66259353397376552,0.055906815368113184,0.081740363024204704,-0.17492748250199691,0.98118239329809898,18.984156232598881,2.6377019263729982,1.4554699401174187,,0.0893749299611767,0.36,False,2
-0.80390876393783739,0.57826300391881025,-0.13907766737594288,-0.58437130233310186,-0.81147732210297219,0.0038388438500949681,-0.11063851171022675,0.084359077824409823,0.99027403566647287,18.323024673411446,-0.60594338946397341,1.414837044272939,,0.07006085326591287,0.2857142857142857,False,3
0.073247974516452916,-0.96711969966165345,-0.24354511030934312,0.99678019700661824,0.063005409854512542,0.049593922858679459,-0.032618600287026657,-0.24639359743186906,0.96862078341314661,35.159614939596977,-15.124526258430937,4.7319908000997737,0.5605046445187246,0.5028361404595756,0.5625,True,4
-0.6955579970587572,-0.65757109646301559,-0.28948113206914777,0.70502279026929915,-0.70227458287200639,-0.098758672798089822,-0.13835439251610496,-0.27278318010532665,0.95207531147652547,15.055904422619165,-8.0756470348102685,1.0574980660141462,,0.6557604336545649,0.2876712328767123,False,1
-0.77547730903957524,-0.60615635469412321,-0.17666187146260182,0.61381558330963504,-0.78932707127569801,0.013899792717141611,-0.14786944529208595,-0.097658835827891949,0.98417344961838393,20.25412121829363,2.2796765700018473,1.6771184451705241,0.211507037745799,0.1348460246531854,0.3548387096774194,True,3
-0.98153560782472571,-0.052818467777006127,-0.18384248702036957,0.098604862653054043,-0.96329084397157871,-0.24969547649426072,-0.16390525200040959,-0.26321276447431818,0.95071242181033322,8.7841800825702574,-12.711150812500406,0.040282299964914774,,0.6224083490993754,0.3763440860215054,False,1
-0.96346114713473385,0.24159110620061344,-0.11565619467450018,-0.22208259358559609,-0.96192562993428465,-0.15930600773927001,-0.14973957255220466,-0.12779992128437828,0.98043115032703321,-2.9428952252692695,-18.005344226511621,-1.8519254061284063,,0.4823500287344105,0.45,False,1
-0.60174244924317954,0.79804449911123099,0.032109223240758489,-0.79556741831036959,-0.5953535541426157,-0.11236827173508851,-0.070558540955679122,-0.093161810888696836,0.99314770769012306,-12.728927350246767,8.076070554122154,-4.3710638038123975,0.6448638772815103,0.6552816625738984,0.1333333333333333,True,1
-0.95369573599464486,0.27177642969973531,-0.12884880831927426,-0.26043740362117468,-0.96047996720724194,-0.098237423564738732,-0.15045531542851401,-0.060131562870436958,0.98678639695025472,-7.90486677530739,-21.650802251100227,-2.6523149312961487,,0.1605481809470998,0.1111111111111111,False,3
0.98540579189814936,0.10234727100133631,-0.13601640126161482,-0.049630362023340147,0.93708320626660668,0.34556025769542698,0.16282583474072471,-0.333766536147165,0.92848675105749923,-11.755408914581345,7.2946274228396346,-4.1667182340140201,,0.6251468655747197,0.2302631578947368,False,1
0.10548646458117054,0.99364447387429422,0.039284415857219673,-0.99311382790236136,0.10324089486650413,0.055373662117325945,0.050965975113656026,-0.044855068456540664,0.99769258402299166,14.934752244814337,2.5579802807901491,0.68816137254557685,,0.09517834876804716,0.2105263157894737,False,3
0.062249372362869954,-0.94072057518796992,-0.33342137762663548,0.9977548376755816,0.050386113571419117,0.044119422640629319,-0.024704241243219315,-0.33541919887982385,0.94174500874037792,-10.143183746757911,-6.0853286527099311,-3.3132118180154699,,0.3102906860121255,0.25,False,1
0.94213361018667396,-0.27308786972042731,-0.19444093182296296,0.30300797450543421,0.94183091682738596,0.14539838889822548,0.14342394480259382,-0.19590186196063653,0.9700783641220011,3.2235952305421351,-23.878756782358028,-0.78370068835356876,,0.223680585003425,0.2631578947368421,False,1
0.84594242284688814,-0.47160432062292379,-0.24893931388538526,0.52042375289084997,0.83194829215781008,0.19240882672763834,0.11636380302714155,-0.29232072103341117,0.94921444436943081,4.050447801443843,10.969455438504978,-1.759259299306003,,0.5895031112899843,0.5575221238938053,False,2
0.45933811311465844,0.88195276742534323,-0.10567787786969771,-0.88192345253487847,0.46700844811162023,0.064141509659002199,0.10592224369425327,0.063737158888311329,0.99232960898464628,-8.8928712810523081,51.427211358061776,-7.363426853011946,,0.5146339606398898,0.76,False,1
0.85226592679079971,0.51584004663226379,-0.086901302187265259,-0.49076037773705933,0.84596488449498841,0.20856094036218761,0.18109953526941361,-0.13510166724287595,0.97414090245374541,21.784811564868512,3.0015392977797117,1.9439280422534706,,0.2614494215921825,0.4210526315789473,False,2
0.80560579322613501,0.58759409458989731,-0.075713181967000401,-0.57269605124408551,0.80508357123604113,0.1544657768415206,0.15171861721595536,-0.08107788433907831,0.98509280672491872,27.438242847457818,-8.4656807138725316,3.260412190243962,,0.111303746620604,0.1,False,1
0.66925992934230294,-0.64902866685127258,-0.36173600398909084,0.73831061844555335,0.63565492924118028,0.22547780738231318,0.083597713289782091,-0.41797679425615314,0.9046031294418948,23.696767873345522,4.7840886095521729,2.2178569843732818,,0.3880799828264739,0.3,False,1
-0.974658903136564,0.17877486316776428,-0.13446029464484133,-0.16257793945420448,-0.97898012913308086,-0.12315161535847816,-0.15365036979927987,-0.098170540703026749,0.98323654773336266,20.354013721051089,14.559615123057347,1.1703485515396195,,0.3800544457718462,0.625,False,1
0.89074583534964336,-0.36253017673364252,-0.27412356295061358,0.43539518938937405,0.85366500621324493,0.28580952787395203,0.1303951144171297,-0.37393572726394314,0.91824244402648325,-2.1940245879047362,-22.889624698400237,-1.7162471251641465,,0.5100834615634169,0.2580645161290323,False,1
0.27538763698092972,0.95771542158993894,0.083323589978257839,-0.95812166716471214,0.26635574395226258,0.1051545936854391,0.078514459226136923,-0.10879241201684015,0.99095897532641863,15.106114571570746,12.438075526138661,0.33653588854308097,,0.4547157850595204,0.2142857142857143,False,1
0.064138326119809727,0.99724928901427323,-0.037150110135463196,-0.99691068175024489,0.0657188943797853,0.043013015864537985,0.045336163653460028,0.034276558783324973,0.9983835684661293,15.040228416409931,35.169054425021251,-2.1845045531871032,,0.4166400026206788,0.3636363636363636,False,1
0.96242853127038919,-0.16263244525327022,-0.21744426860154903,0.22673449338254481,0.92195421899575358,0.31399345150255975,0.14940813802226866,-0.35149837243843923,0.92418942996868703,-10.312526532337751,5.2915160693519212,-3.8189252251880692,,0.3237232567471975,0.4343434343434344,False,1
-0.96018129329899371,-0.18226204164622317,-0.21173670483319998,0.22555612370790509,-0.95293878107760921,-0.20256385308387337,-0.16485241598634673,-0.24225653281856246,0.95610431086267655,5.5375826296760735,-12.326583466290517,-0.5616801931684795,,0.5625489322324885,0.3513513513513514,False,1
-0.071048719064569346,0.99479378988693257,0.073057478205019927,-0.99720192702536969,-0.072545589521016265,0.018040348609106572,0.02324642458903655,-0.07157131438950462,0.99716455547737226,3.7888170664662102,5.70871908145938,-1.4340766193650847,,0.6013073993992487,0.2141057934508816,True,1
-0.47550200309294965,-0.82332457192117792,-0.30989432767541952,0.87302862494100708,-0.48498824023677545,-0.051062969612524822,-0.1082537070414043,-0.29482716310211954,0.94939879861360132,-4.7414773221736306,-3.8510283189224701,-2.490770081790068,,0.3274219050016461,0.4198473282442748,False,1
0.45713400973600438,-0.85979342676680559,-0.22756045445392231,0.8883247871453005,0.45394922039754565,0.069348236053393547,0.043675733376088668,-0.23384902948067518,0.97129144015841462,9.8679417029036731,10.855374444798057,-0.55507871722412716,1.01262765166819,0.7239797234847454,0.5735294117647058,True,1
-0.54920310594847743,0.83525403409178689,-0.026956389779437484,-0.83348560472747546,-0.54981086662855261,-0.054861258181294829,-0.060644003237087143,-0.0076622105528244139,0.99813004934268179,-3.3128404701791494,-24.676012001573341,-1.9190611371506314,,0.1716430101454149,0.2380952380952381,False,1
0.8892460014651401,-0.38317052165918453,-0.24984375159224723,0.43855592048546477,0.86942555476500516,0.22752562345527277,0.1300394305024716,-0.31189670734554414,0.9411748989755313,21.522723749502145,-13.284163891097368,2.2771629693730984,,0.2423326672999934,0.3,False,1
-0.33308757963128649,-0.92107841068858687,-0.20166116547009691,0.93884825215227752,-0.34377948289425514,0.019484008098235531,-0.087273270398129127,-0.18283935162963411,0.9792615318543203,8.0153269721960037,-24.014158069982948,0.0054756898688199237,,0.0794294805075782,0.5625,False,1
-0.91835185446143786,0.39476232448966186,-0.028152771990637843,-0.37124051324861718,-0.88391354050211435,-0.28438940599101248,-0.13715083933443969,-0.25071808885785729,0.95829540705845118,14.383718725174877,-16.669407309272348,1.0801685603757456,,0.3103073128716017,0.3125,False,1
0.27160892529665892,0.94818076579298294,0.16486912106100007,-0.95924687207100834,0.25284231105615007,0.12615943944775759,0.077936064316728754,-0.1924162184432951,0.97821366212029648,29.35655676008902,0.16794833540357612,3.4201186754249986,,0.3320838539829722,0.4090909090909091,False,1
-0.95147087539251285,0.27854956894181204,-0.13081785398842302,-0.27086066314035551,-0.95979681622919977,-0.073651698686856421,-0.14607420868508081,-0.034644035541826414,0.98866683789758281,28.115142715434892,-14.005079881118192,3.4672650284920503,,0.2335163390451973,0.5416666666666666,False,1
-0.82760604762386236,0.53982087367346965,-0.15382345166722902,-0.54917212037227425,-0.83539314603009496,0.022984207007447709,-0.11609570251404236,0.1034974198342767,0.98783099361450422,29.689720349100647,-10.827738874393903,3.7246576054034244,,0.095333034086628,0.3846153846153846,False,1
0.10181229243357022,0.99007472219232706,0.096882927212216058,-0.99347615768354536,0.09616361806681864,0.061299940249879767,0.051374908503675022,-0.1024919657148082,0.99340626922732567,5.4457420587240994,-17.071793185587186,-0.471663330126536,,0.4419748568164035,0.2023809523809524,False,1
0.98616194284571812,0.05185763301636382,-0.1574655783995331,-0.033414486759941353,0.99249974453457757,0.11759136521602885,0.16238255619779204,-0.11070249769874166,0.9804982725359247,25.969900431961388,-7.5459214958262315,2.9688854479869717,,0.08669761251432424,0.4166666666666667,False,1
0.21610348945928726,0.96444470167411922,-0.15213710676964853,-0.97390269017110953,0.22399588366510079,0.036597734609778707,0.069374576906795826,0.14025783940233189,0.98768158156624231,15.220691791553438,-15.720824978217006,1.2040901037810332,,0.07959713998123055,0.1666666666666667,False,1
0.64393830406552832,-0.71848345501676103,-0.26291630878359062,0.76102260111772047,0.63685016260743832,0.12355756138293697,0.078664230405119037,-0.27964869971815887,0.95687436145019233,5.4007285987967517,-18.86184597360781,-0.46176519758960377,0.5652141308378559,0.5984947310519129,0.7721518987341772,True,1
-0.98681912671071326,0.023326768320047375,-0.16013704455137134,-0.019589856300587283,-0.99949860736910734,-0.024875116026619133,-0.1606370090857876,-0.021410178583053892,0.98678131091190369,31.624170409718879,-13.237813693185299,4.0623351842719382,,0.07966380145055399,0.3333333333333333,False,1
