axis_00,axis_01,axis_02,axis_10,axis_11,axis_12,axis_20,axis_21,axis_22,location_x,location_y,location_z,dbh,dbh_approximation,score,reconstructed,number_clusters
-0.88117813601177719,0.45207709921288369,-0.13838854353621349,-0.43787447486724818,-0.89075730735036185,-0.1217265938965887,-0.17830041187429035,-0.046666002284295793,0.9828688861472118,-14.447292809069879,14.470098769144863,-5.2964454706490995,,0.2565806967566052,0.35,False,2
-0.62746329698855019,-0.69885706071591702,-0.34334912206057527,0.75501298716061016,-0.65388859807413591,-0.048837388622388248,-0.19038172220849167,-0.28987671516724262,0.93793725262022665,2.9225748434879866,-21.793162688065276,0.36993778976987385,,0.1147918405570378,0.25,False,5
0.96338286234821091,0.12968814553374103,-0.2346794525342745,-0.090147886307397396,0.98095834823446804,0.17202929292249075,0.25252092809918975,-0.14457421601766599,0.95672957356548827,-16.418940962250513,0.510395692889414,-5.5288242466704176,0.1256697481037023,0.09851861239981077,0.2380952380952381,True,5
0.94527246196288117,-0.20862817031081241,-0.25086701498482411,0.25847925433864066,0.94803000090409817,0.18554673929313725,0.19911917971700671,-0.24023614203224669,0.95007270686526324,-4.8512559405741991,30.939269540388089,-3.1421851719510192,0.88412134757558,0.4750269861987336,0.631578947368421,True,5
-0.17531763499999417,-0.9529067290998765,-0.24745200038428181,0.97973218366872239,-0.19360279099527331,0.051408244499852394,-0.096894660026881518,-0.23342391684447045,0.96753537398033163,-3.2113246547752663,11.984769322733428,-2.2450676049035119,0.3039125043259797,0.2343250260968094,0.8520710059171598,True,5
-0.82660170443733172,0.53212855574290041,-0.18321796414182168,-0.5411132100940883,-0.84094899170470938,-0.0011345538791442608,-0.15468069072437599,0.09820383655340803,0.98307166086873965,-8.4079201985946295,7.5017189076810888,-3.6155956190364851,,0.1048243419185871,0.3376623376623377,True,5
0.78475964420626521,0.60893138389711732,-0.11556327500723194,-0.57843584187808417,0.78651619968991338,0.21634288630812029,0.22263036103830885,-0.10293122621672021,0.96945391072163634,-7.3316890825893228,-8.552771540829859,-3.2158143810042148,,0.5230995283738565,0.1067961165048544,False,2
0.49665095682444405,0.86680143995829806,-0.044644045197372861,-0.85793389486872207,0.49806136775769694,0.12603295593898067,0.13148102190334915,-0.024292748579630347,0.99102099031539082,-8.6467579120817533,-5.4087425870127257,-3.419188194434871,,0.5412476106349128,0.3953488372093023,False,3
0.93232601548552363,-0.26556533302742558,-0.24544501368518348,0.29156824108714996,0.95354048811039238,0.075818852032593947,0.21390689946383887,-0.14225185913803523,0.96644102092861306,-9.7136772541511149,12.775249336558911,-3.9796224220140712,0.1591913582438404,0.1338522787529777,0.5862068965517241,True,5
-0.7282937921680418,0.67755357568789742,-0.10251489824429996,-0.67205866163043981,-0.73544874306573416,-0.086326714582074346,-0.133885427201755,0.0060248149828578124,0.99097850329229009,-15.466286382384686,7.9051224360061383,-5.5266440753437349,0.7757402682517633,0.256957944659926,0.2121212121212121,True,3
-0.73759910407124829,-0.60659349754177216,-0.29663427046336288,0.64778679652571003,-0.75966290167750261,-0.057310924454899707,-0.19057761652473743,-0.23442825033463194,0.95326993423940176,16.914708816667694,-15.404817433045521,3.7188527683381989,,0.4804877227602679,0.3076923076923077,False,4
-0.9140745008037956,-0.3213282025807081,-0.24741865977840619,0.32398522126729862,-0.94555199950265623,0.031064330620631256,-0.24392905399043974,-0.051764876729107859,0.96841056074195564,13.931257952381557,-3.6149455196804596,2.6018818248577862,0.2226405998946951,0.1821748176030513,0.6285714285714286,True,5
0.89666742582698322,-0.33903942691722405,-0.28467489256422474,0.4044530620598365,0.88884039021302752,0.21536128091273971,0.18001457732982257,-0.30824507736798357,0.93411975903904965,-10.758245991461095,4.3485922911792496,-4.234957691716815,0.8624319927517698,0.5921351523561763,0.6158256880733946,True,3
0.68089866528207388,-0.661778649006733,-0.31372922614240911,0.72048462004253633,0.68215616749402685,0.12475926992422004,0.13144930543465591,-0.31098550266641989,0.94128056244249614,1.7610250662054674,6.3982979519920393,-0.89495722524863386,,0.07609282701531817,0.3,False,5
-0.38512350479807328,-0.87857583744468193,-0.28246129630521866,0.91151280565731796,-0.40999041313958551,0.032438653738352863,-0.14430624094187092,-0.24497420066612727,0.9587300714138568,-7.5823696907882283,3.3090726851104146,-3.3669978074245668,0.8979395405977691,0.8533442420487065,0.9996352361845705,True,5
0.58523858697714926,0.77926015452587227,-0.22416379699073335,-0.78744898020265075,0.61214277996787347,0.072147907183844229,0.1934422391588623,0.13429381408507549,0.97187718957062086,-1.0066461897948478,16.826210685687649,-1.7130062853971597,0.2956446005094416,0.2786738597367632,0.7971014492753623,True,5
0.096749568938689301,0.98418247657405189,-0.14840611077291757,-0.99312407653579171,0.10533187031597392,0.051085865957912473,0.065909707290419353,0.14244314620333443,0.98760612623889033,-24.723165744076091,2.8949480552595115,-7.7195774798351264,,0.171692216002052,0.4444444444444444,False,5
0.74473030071148982,-0.59948903540839382,-0.29323996253458917,0.65302765744508218,0.74520448161523067,0.1350005896000594,0.13759236103055414,-0.292032835492327,0.94645927814161634,-27.187595372887319,9.8003980457565447,-8.5142954070073404,,0.2357395960036814,0.404040404040404,False,4
-0.63617278816675416,0.74624087677707074,-0.19598147214246253,-0.75836535120789594,-0.65154734182702279,-0.019184771186161964,-0.14200766769249715,0.13642072857571724,0.98041991367546588,-6.8861661430720504,14.222770369253666,-3.2592082626369683,0.4780785150561627,0.4121366914352069,0.7127659574468085,True,5
-0.75634639304092099,-0.60116908326638496,-0.25794547303382442,0.61670695936194209,-0.78678365860233346,0.025377171451425651,-0.2182032538908093,-0.13988283626300083,0.96582613969103281,-13.821841094940574,8.564583139182778,-5.0380746716105262,0.3412373754169523,0.3015903291035256,0.8163265306122449,True,5
-0.82822773913946979,0.5356590453144866,-0.16464567802616015,-0.5357184466375402,-0.84303785318175362,-0.047884486370429545,-0.16445229719338728,0.048544466991323462,0.98518976683294124,-16.02405153505903,16.023527892965458,-5.6803170332663688,,0.21006868544529,0.2,False,3
0.9635353535577752,-0.078840050233264916,-0.2557026963555733,0.12749935053234335,0.97542553549243194,0.17969123607770676,0.23525207344064977,-0.20574078640007129,0.94990904341066074,-12.005346482354883,9.3032446058818632,-4.611250798264007,,0.07053581022304103,0.2826086956521739,False,5
-0.22054580713472746,-0.91504637572293557,-0.33771241794108364,0.96611685021445992,-0.252536063179155,0.053326996218295522,-0.13408123913129663,-0.3145086120765142,0.93973749219807245,-0.81485828454470766,-6.3606370405630539,-1.4829352134404954,0.2629329673051215,0.1545848659111517,0.3548387096774194,True,5
-0.20914581716636521,0.95443120360068223,-0.21288284279191658,-0.97788073889192706,-0.20352797468197656,0.048224724219357779,0.0026995677420122224,0.21826003096125335,0.97588691517962289,-6.8524210287973348,5.1021398034096341,-3.1845848886292156,,0.07524523695002572,0.3155080213903743,False,5
0.93537050666753885,-0.22123976409432397,-0.27592568209574064,0.28332245165757686,0.93570857044838895,0.21018529819226819,0.21168467975564956,-0.27477706959082393,0.93791639200081578,-11.483800118612841,-10.773350977597834,-4.1445660572255232,0.349528654998715,0.2387916490963564,0.3469387755102041,True,4
-0.58157068983120808,0.80206995366806944,-0.1358650880548575,-0.80832665667759085,-0.58855666081345903,-0.014459360862085172,-0.091561721443416039,0.10141423191550808,0.9906218273040962,4.5279770487645701,8.2682840679663272,-0.092551041589655617,0.3610501357423644,0.4606668935289623,0.1923076923076923,True,5
-0.29602505188960188,-0.81329031989566203,-0.50092716458360476,0.94740997462247445,-0.31675718749585741,-0.045598510453261847,-0.1215874526404781,-0.4880816937088765,0.86428742419791893,-10.338136874872367,16.956659569090469,-4.2200256804235519,,0.1933130162608824,0.2962962962962963,False,3
0.9510801316521621,0.2403289213548728,-0.19413550097009424,-0.19124342425350332,0.95149857866419718,0.24099047176145233,0.24263663337653824,-0.19207411163510862,0.95091271932984656,-2.717070022324414,16.76136757693234,-2.1706243821881399,,0.3692252510577885,0.54,False,5
0.96551939670783848,-0.048231297990154069,-0.25582422964824458,0.083811193968729977,0.98795839485990522,0.13005342668064107,0.24647104971267667,-0.14701004020142952,0.95793531604879611,6.5571425603588462,9.1824106830909749,0.37182372994465623,,0.1076982948586424,0.4230769230769231,False,5
-0.59803194168376284,-0.73820358209173276,-0.31211098685064459,0.77465916655931377,-0.63228062728949841,0.011152758404463489,-0.20557473675424859,-0.23510993118397402,0.94998018288124764,11.200526045706001,7.9396184335771585,1.5516101022563913,0.5512148652169474,0.6382548213247933,0.5368421052631579,True,5
0.88736212658187474,-0.36466438483908281,-0.282149504231402,0.41738789580573143,0.89531975597311653,0.15553095833017483,0.19589742403348845,-0.25577806980695617,0.94667934289434619,3.7276878069274142,-3.5888747407004207,-0.15926889972015509,0.4934201612152634,0.187019055316251,0.3110236220472441,True,5
-0.80542903139194966,0.55130405862903153,-0.21759574979806867,-0.56594225116279917,-0.82442260756981833,0.0060607323455825965,-0.17604954910424958,0.12802811826680457,0.97602016228828592,19.414806972327163,-3.3816893214669257,4.0139628394134217,,0.154628052602404,0.2758620689655172,True,5
0.82358826808676322,-0.46442251678443891,-0.32559805062907432,0.54260537024531708,0.81231106346216264,0.21384608567358143,0.16517196145468499,-0.35279237814978093,0.92100801357460182,20.380663371259498,3.0911848505138102,4.0163175138590939,,0.3314606407109306,0.4259259259259259,False,5
0.78154982108300608,-0.55520216426136371,-0.28448274809664403,0.60310006599846577,0.78904368889100363,0.11696310278854226,0.15953114917710315,-0.26298405621020943,0.95151941578795873,-3.0965361569362968,26.214061386315393,-2.53184696770546,,0.1101608824107166,0.3888888888888889,False,1
-0.95413637008502594,0.20200552502420116,-0.22094695096485636,-0.19878162401735516,-0.97934622612612254,-0.036970736069813194,-0.22385185555181938,0.0086450698214539864,0.97458483957723729,-21.527590231161113,10.051257016009377,-7.1598242371878174,0.7441906306626589,0.7469656387581857,0.7123287671232876,True,1
0.92528525861937205,0.32472527316091326,-0.19596093271938625,-0.29083295509494594,0.93911851677534985,0.18295519582785236,0.24344071642275186,-0.11229384854139121,0.96339333045612285,-9.6765217281726787,-17.329340696840422,-3.3928191416346269,,0.279447237978577,0.7419354838709677,False,4
0.96810654809048646,0.10817205568177612,-0.22598344610590787,-0.065206551684611189,0.97969212350169677,0.18960867270812942,0.24190456209365951,-0.16882579636511463,0.95549988661431051,0.28852060394156887,-8.5524375412952107,-1.1701000059654232,,0.07138538488890749,0.2142857142857143,False,5
-0.16925168335049848,-0.9255903460374767,-0.33857994477707731,0.98053993962141384,-0.19281276755284266,0.036941351841125541,-0.09947509482407639,-0.32573877262438311,0.9402121874975371,-8.7574372965890657,9.0406753646355167,-3.7719798732285224,,0.07583470029604748,0.3055555555555556,False,5
0.87016637931412133,-0.36663810304391192,-0.32922176979616002,0.45492921326184743,0.8544686241181354,0.25084413750099566,0.18934065393441102,-0.36804873562345486,0.91032425265597938,-11.637401811606155,-21.95682130720288,-3.4562263877398438,,0.4282185822690339,0.2962962962962963,False,1
0.66482402809945196,-0.68806899946253486,-0.2908093252291703,0.7370429093527745,0.66756474636434582,0.10547539610878304,0.12155970316851271,-0.28446152884025128,0.95094946089445287,-23.032387372155608,32.786678498424706,-7.7383795834269931,,0.6448692571028541,0.7407407407407407,False,2
-0.97067122307962606,0.015055203791104144,-0.23993898708611697,0.0078554636958223824,-0.99551814002648897,-0.094243963033840833,-0.24028247621336662,-0.093364734868196686,0.96620254497065217,-11.663643972767151,-7.6369212971296374,-4.215826818624798,,0.1328053369443969,0.3132530120481928,False,3
0.5684789135436904,0.80983132138583058,-0.14493086544509903,-0.80257961091140329,0.58462438841636444,0.11866040880636222,0.18082503423333454,0.04886261731908953,0.98230074397978673,0.70237971307339819,-18.974363450679775,-0.39678416342848899,0.3557140706093849,0.1520916000179472,0.3,True,5
-0.070600854556183659,0.97450290818785823,-0.21297793610921897,-0.99683546600758877,-0.061107133923833205,0.050842618864960915,0.036531808679143671,0.21589349253050841,0.97573327648369601,8.8942620396400898,-5.1949194522658599,1.2070171233042484,0.1725671815200438,0.169486390060381,0.6206896551724138,True,3
-0.06494976390508006,-0.95485980116100988,-0.28986943318575709,0.99484702234822886,-0.084622226569031428,0.055843360351640468,-0.077851976812011864,-0.28474872940411378,0.95543562358183298,2.7031505451328575,7.1054607985574574,-0.57558755119387039,0.3095333499792002,0.1335823017397815,0.1428571428571428,True,5
-0.39718032744009552,-0.84632583030166408,-0.35493714437739093,0.91206979834248858,-0.4069377528151491,-0.050302567382277487,-0.10186496181745025,-0.3437066398805162,0.93353589928613578,-7.8780078251040724,16.789208562099834,-3.5308328776690794,,0.2081165693925987,0.4285714285714285,False,3
-0.662358083542541,-0.6826926536962219,-0.30856524391943863,0.72313765255925833,-0.6902472110589748,-0.025114200691889486,-0.19584101872931925,-0.23976973998926049,0.95087158290094298,11.567646308814746,18.35585405234729,1.321803766720514,,0.4285339811366796,0.2727272727272727,True,5
0.038895678800631224,0.98643026859534066,-0.15950690069574325,-0.9972274467834058,0.048453809502707598,0.056476966336058455,0.063439306053007016,0.15686794938290899,0.98557998199228536,-17.109015809530341,9.4501556484712665,-5.9398845242958638,0.5004752665206829,0.2997995043068181,0.4130434782608696,True,5
0.69945856864017153,-0.63690518737939383,-0.32420594233459515,0.70636156114741477,0.6850810560157633,0.17809349123905283,0.10867868093251065,-0.35357563402693198,0.92907115730347789,-16.043151575713985,13.84808261683674,-5.7866370799172859,0.6730942823984084,0.6896011851698224,0.3448275862068966,True,5
0.87499623109928881,0.46961912946984774,-0.11764127166101657,-0.42976941981338046,0.86533979284511731,0.25784741362293795,0.22288975157083626,-0.1750568940509068,0.95899699816523898,18.448366474367337,2.9167974607620706,3.5574796282026635,,0.5022881088019243,0.6440677966101694,False,3
0.72617648646651267,-0.61715552628659753,-0.30296330945687644,0.66977364553803098,0.73449600596239517,0.10917362762125797,0.15514823313801035,-0.28219616156000732,0.9467282356383756,5.3662268951308558,13.762464492952278,-0.12094054809463028,,0.116869424195021,0.5714285714285714,False,5
0.97836855129622458,-0.001933795475913283,-0.20686043186067515,0.057840076647664829,0.96263261735514793,0.26456184444732506,0.19861899045136633,-0.2708038117143769,0.94192133015079627,-13.637904559779228,19.545600875268665,-5.0583707814709236,,0.219859336453105,0.2222222222222222,False,3
0.97338976896977758,-0.10977482551644879,-0.20115129964232631,0.14711579219569643,0.97237051905224392,0.1812526340903855,0.1756966173595734,-0.20602199242047875,0.96264512531228286,9.121702913330882,-8.2088646122585178,1.3644230512389197,,0.1240342570796631,0.5454545454545454,False,9
-0.92072268780039579,0.3143286069757818,-0.23122988346292633,-0.32779895474045778,-0.9445072549900202,0.021304707045151229,-0.21170162361370137,0.095412641237316825,0.97266584727307115,-8.9539245069116653,22.527079286879445,-3.8333493558634664,0.4113924120688223,0.2163341456481893,0.6071428571428571,True,5
0.80876876025190081,0.57363641755052464,-0.12974726548333382,-0.55017268748591419,0.81590272479939219,0.17779976830539668,0.20785356957514328,-0.072415496440516786,0.9754757247057172,-31.166624362697423,9.3008458304154118,-9.4775897612409779,,0.4409489163924387,0.5454545454545454,False,2
-0.74864741347992947,0.64246859222978159,-0.16358838066346659,-0.64513768900707613,-0.7628282867586258,-0.043478352585051359,-0.15272332013291806,0.072987073644471545,0.98557012666192145,-7.1578195983291035,17.144482248936331,-3.3507886548961987,0.2202470066706684,0.1658011377365132,0.2424242424242424,True,5
-0.43215805450792399,-0.85800516706996133,-0.277608625955994,0.89493761397413929,-0.4459428106829772,-0.014888811048640371,-0.11102289411739341,-0.2548767209484129,0.96057887448162438,-23.449176554446435,2.3885176728345909,-7.3105129677543825,,0.1188269153409677,0.3333333333333333,False,3
0.20888869256679476,-0.92043096274773961,-0.33041240432678143,0.97789488797784874,0.19982026891869761,0.061590974956161809,0.0093328551111789559,-0.33597425934813629,0.94182492793031625,28.386948721017625,2.9935819446754555,6.0478642412250361,,0.1784121819676083,0.2307692307692308,False,5
0.35872905898552027,-0.86759304362451084,-0.34437736989198792,0.93216239377707344,0.35227501809733053,0.083519957209784335,0.048854210331985372,-0.35097666913754444,0.93510889411552223,0.53756962482921233,13.508907482860256,-1.3241858468965277,0.4397624783957416,0.1733540889468166,0.4,True,5
-0.92484445595665066,-0.24710411038384383,-0.28914060752107551,0.29240320018284438,-0.94808633364535466,-0.12503068614440641,-0.2432346620222518,-0.20017957584708451,0.94908642209474403,0.98224814687682072,3.9112165084511066,-1.0983723432157666,,0.6377621024912781,0.1105527638190955,False,1
-0.30685459523727726,-0.91409501339423405,-0.26508595562489223,0.94331110320465184,-0.32911872699752376,0.042953767126441826,-0.12650857659696421,-0.2368779644190758,0.96326756927661894,-23.055172636076094,11.412782470511893,-7.5047101077700376,,0.09012084140149298,0.2916666666666667,False,1
0.25587709613249021,-0.92242330340218182,-0.28924412010516554,0.96663445675250192,0.24785979419420412,0.064678817558789639,0.012030739528424213,-0.2961431609249382,0.95506779316642565,-3.9390532458184904,13.796839457899273,-2.4589483469242781,,0.1246012065475331,0.3529411764705883,False,3
-0.59619606624224064,0.80113084655714928,-0.052341353554369613,-0.78700902669304607,-0.59607990510708209,-0.15907714679109844,-0.15864123833651339,-0.053648051429271315,0.98587770239360839,-5.1439321320745623,16.128459618327671,-2.7879127526589524,,0.2461940515087301,0.3809523809523809,False,4
-0.38492491649497351,0.8972926209672798,-0.21609896117058752,-0.92188840445855513,-0.38501119608608608,0.043452832050635326,-0.044210613954082961,0.21594520426726507,0.97540406517902734,3.1070867045335469,13.165963138834432,-0.66242410779440064,0.2835848523510068,0.3043767480784779,0.8230088495575221,True,5
0.80909949900538325,-0.50292947702046942,-0.30400648324197616,0.55692178473926379,0.82133941856851445,0.12344911983633923,0.18760630690909624,-0.2691904542316661,0.94463769401738273,10.16951187460654,-3.7108913145735252,1.5125114162000692,,0.1138419299460321,0.2758620689655172,False,3
0.63969372680009129,-0.65076453591247896,-0.40902011526479565,0.75980043232618022,0.61580525250896267,0.20853583389749314,0.11616901019445849,-0.44417272516554795,0.88837793268937693,-32.200663872028365,9.5680802625765118,-9.7378133038589141,,0.2100647330364217,0.3333333333333333,False,1
0.12750154378155412,-0.93805863549332513,-0.32216354962925509,0.99161153281219727,0.11361406772964486,0.061631255120826026,-0.021211419734782057,-0.32731917143718414,0.94467573044008613,-21.18550361419063,8.9565335098730401,-7.0778683250767127,,0.09573785274839812,0.2571428571428571,False,3
0.8679677583737857,0.48019051517549755,-0.12668480397851722,-0.4363972695129984,0.85923863002567402,0.26695767423545258,0.23704302053674683,-0.17642575154181078,0.95534525728017439,-14.95502272913998,-21.981259032287618,-4.1567076553099378,,0.2546830887186783,0.21875,False,1
-0.56867629433148736,0.79781815046240334,-0.20023354129155632,-0.81698574751310427,-0.57612635969406345,0.024752899347769225,-0.095611508856735999,0.17766433648432783,0.97943546133255865,-17.063766254998466,8.6402853309739438,-6.0075745255224637,,0.07355398170550784,0.2916666666666667,False,1
-0.3775543287871761,-0.85473690308117156,-0.35619875817480501,0.91942970129807655,-0.39173414230628562,-0.034545421150841825,-0.1100079687340659,-0.34054249112668317,0.93377141664983432,5.4851015754942356,-8.8514077005022109,0.33869435189018426,,0.2223777757178296,0.2564102564102564,False,4
0.38388462642167787,0.92306422323085036,0.024187463453524266,-0.91212132320294714,0.37499519056581648,0.16556961922711477,0.1437612094954463,-0.085621532593931876,0.98590144933490831,-9.5653904153534093,-8.9443198051138495,-3.775860541515625,,0.2435991350700661,0.1774193548387097,False,1
0.63997104374271929,-0.65928681537176903,-0.39468716504062618,0.76030986388706623,0.61765007760849389,0.20109025960064153,0.11120240126402986,-0.42877648805312729,0.89654043369272585,-0.84117613575629968,23.975397331086004,-1.9428809506028637,,0.1861169201522416,0.3043478260869565,False,4
-0.80711267671938813,-0.51575593724610769,-0.28734115659656778,0.54488328844243672,-0.8381027602070209,-0.026190939454878381,-0.22731328393875447,-0.1777064335604133,0.95747015327696638,7.9200267308467893,21.23414134630481,0.33611345011573562,,0.1618078071261017,0.4444444444444444,True,5
0.64933409919048013,0.73929998552748721,-0.17832767319612963,-0.73817004451115253,0.66910199024597106,0.086066904413278147,0.18294866223859552,0.075749970613448125,0.98019984132684435,-29.918720483195511,5.6912707725090304,-9.1015526934786148,,0.186762822022855,0.72,False,2
-0.10253769396542822,0.98109579092190224,-0.16412516672215915,-0.99423583980013985,-0.095886724951078917,0.047966976505345191,0.031322774033606351,0.16809754612569608,0.98527260127000216,4.548617231515534,10.987992395142479,-0.21491407036224663,,0.1406055041848393,0.2380952380952381,False,5
-0.95180526886484673,-0.19057848930586566,-0.24030515927672255,0.18488175008344632,-0.981671876824047,0.046250024203618401,-0.24471507646076707,-0.00040702167903110265,0.9695949492886986,-0.44351626191060284,2.2625482815880251,-1.3554731103315938,,0.0829589439956093,0.4659863945578231,False,5
-0.96019235417185478,-0.1268779839101484,-0.2488626532624125,0.13633858107919239,-0.99043795653355016,-0.021081877690517926,-0.24380819161632802,-0.054172238799421887,0.96830931744160886,-11.175865274548723,-4.4707470297902017,-4.0757536958479754,,0.1624193373665238,0.5121951219512195,False,2
-0.90619825749920757,0.35534756627830588,-0.22920040411283055,-0.37011356197458212,-0.92868894000045576,0.023511783499286433,-0.2045010252978868,0.10613651520996538,0.9730952526814618,5.2863136890410187,3.660467596494458,0.064659493127128542,,0.07319424099111589,0.391304347826087,False,5
-0.92973276877857947,0.3001750464746078,-0.21328834973641095,-0.29853177675090969,-0.95353322874350588,-0.040659069737610375,-0.21558236692563576,0.025871280523970398,0.97614287884243089,-8.1422348463811343,21.159504716573242,-3.6151026784067528,,0.1743567268318952,0.1875,True,5
-0.63159181625936578,-0.71441430056009814,-0.30117102249290217,0.74974916156233706,-0.66171687227757114,-0.0026411512187075187,-0.19740307082405495,-0.22747085109616444,0.95356648406433553,16.022845307881074,0.84129608806917044,3.0101142514392172,,0.0774436778742276,0.1904761904761905,False,5
0.66043513112084273,0.7202209557612651,-0.21238458621973194,-0.72345607979881188,0.68607535003959541,0.076888976259170627,0.20108888130260211,0.10287073903874722,0.97415649300617602,-6.5259891745427572,6.2510613056095892,-3.1013935591715471,,0.06756909841631834,0.2347826086956522,False,5
0.60037036304185998,-0.68684949674353868,-0.40962567791110516,0.79283723292446329,0.57826139969569146,0.19241329400709203,0.10471174370463443,-0.4402857281869661,0.89173086090210407,15.081075953920179,-9.4528240603456624,3.0158657720148092,,0.2928779292897821,0.3571428571428572,False,1
-0.34385182643436235,-0.88974375050833399,-0.30020323097714391,0.92953550842920551,-0.36784705541724472,0.025539819696325086,-0.13315276950560034,-0.27026764928904401,0.95353329135419407,-3.2257734536422187,3.3513741401870645,-2.139532600926108,,0.07197978012432764,0.2468354430379747,False,3
0.18858079806100547,-0.94171475021116358,-0.27858681203064822,0.98203127687880098,0.17874897234988552,0.060525830152516315,-0.0072009606626911443,-0.28499497209351843,0.95850196246379615,-3.6687348108762858,-3.2156598061143082,-2.1427618711744252,0.2149410374169144,0.1307615033435519,0.533498759305211,True,5
-0.75195685870325835,-0.55376531899186843,-0.3576378812863118,0.611992048359014,-0.78806130943547104,-0.066521465078493047,-0.24500329670122026,-0.26889281145594995,0.93148807858868976,-18.89927403006304,17.88174007695752,-6.4655565715262915,,0.3471592042361349,0.2631578947368421,False,2
-0.94015373649119161,0.27260549520895944,-0.2044436248542115,-0.26478578129057767,-0.96209907244161197,-0.065221659234709156,-0.21447480455286563,-0.007184621692766846,0.97670309686370016,-3.3662314148032189,2.354241392677884,-2.1593798152340122,0.6461584169137444,0.6142653260367114,0.9676209952283572,True,5
-0.34113026690037573,-0.9022630391037606,-0.26372627717336911,0.92868253540280921,-0.36691650831830219,0.054046501841618286,-0.14552968577678282,-0.22648109013944545,0.96308225316790042,-4.4733637235494941,-7.1731939793607706,-2.3887726892156067,,0.07114800189838703,0.2121212121212121,False,4
-0.53018939418404243,-0.81175194975851117,-0.24486318293694873,0.82968199351788052,-0.55621547149764849,0.047456705520340703,-0.17471976398494193,-0.17799753180846115,0.96839551978679772,-2.822208769464575,5.8312848994522914,-2.0816730383288098,,0.07020971087942193,0.2977099236641221,False,5
0.93105675442138647,-0.19756783198455438,-0.30675767604289317,0.25440660222683881,0.95416426188498094,0.15763198306461829,0.26155420239351668,-0.2248055006142243,0.9386436417000219,-25.789393964778885,21.381085929018184,-8.3541420425824739,,0.3194162799229943,0.4242424242424243,False,2
-0.76087118698594114,0.63836393435865335,-0.11647542283565566,-0.63070038453501165,-0.76973305589431373,-0.098630865407279611,-0.15261737044646148,-0.0015842896645613946,0.98828408277390845,-8.1161048164280434,-13.493472140147183,-3.3524663259644671,0.4294130104279565,0.4331113601094428,0.6540284360189573,True,7
0.36167990193252231,-0.88393580859549736,-0.2963867993361165,0.93178809424982256,0.35328486098519019,0.083431135752551483,0.030961200757833048,-0.30634505591130601,0.9514168964057419,4.6986779401198335,-20.257804641964235,0.7335994856961825,0.3524868730378635,0.2453203280821065,0.4444444444444444,True,5
0.60419234191443927,-0.67952350619981627,-0.41617234229805961,0.78866788505414254,0.58455754536976523,0.19051363005176508,0.11381819299290925,-0.44332863732583638,0.88910355879989933,5.4940476174683877,-7.117572312162566,0.35006785064700247,0.3088469096387363,0.181347806269276,0.1363636363636364,True,5
0.37106959348034502,-0.81617523055898333,-0.44290557663718932,0.92769816862917864,0.34689843555429573,0.13797674924439107,0.041030046507394363,-0.46208166857382682,0.88588772813016692,-19.12236001135761,2.3572869428897687,-6.3314142060427239,,0.3641059855461733,0.4358974358974359,False,1
0.89265939687757168,-0.35934305803278926,-0.2720877943050955,0.40481830255833684,0.90461299427988173,0.13340716807492842,0.1981952145738021,-0.22923328123034126,0.95297993667044967,17.257640085381457,2.4602213107248114,3.2709606263989017,0.36780094153731,0.1500821263660641,0.3157894736842105,True,5
-0.044884607415179516,0.97893506783189577,-0.19917706942855387,-0.99806403525336729,-0.035350115375195168,0.051171778127457851,0.043052915707889022,0.20108829481579019,0.97862656010202753,-11.280065857036009,-3.5933574042462215,-4.0851750195772443,0.1246992874659456,0.09782518684566142,0.4941176470588236,True,2
0.986447353188034,-0.0013722514821417273,-0.16407235085227423,0.037706364676429897,0.97509800591655671,0.21854543902914791,0.15968672283947116,-0.22177014177617474,0.9619345896501309,-17.668644043791762,13.473122474561663,-6.1920714871592333,,0.3750109671243937,0.5121951219512195,False,2
0.038485819294781287,0.9757794387339993,-0.21534467408592395,-0.99727885478885347,0.051067708838573471,0.053169304161457508,0.06287867288870172,0.2127124257253018,0.97508958380131205,-6.0715854010316592,8.5154434056438681,-3.0068450887463709,,0.06875005002841175,0.2307692307692308,False,5
-0.74970758711300811,0.64340703284432876,-0.15480931467986186,-0.64467263860367674,-0.7629046935181929,-0.048719786983172884,-0.14945140635325246,0.063275735431279123,0.98674234653462922,12.067824330874592,8.3882874483704999,1.7459903841305953,,0.09204951478870498,0.25,False,1
0.51190747871903053,0.85177872382239372,-0.1114618269858334,-0.83977456618350443,0.52352188750971285,0.14388714775675676,0.18091271713959894,0.019945900374815084,0.98329687777161479,-7.5186466572772872,-18.888769238682251,-2.6545283307989789,,0.1034975465109979,0.25,False,3
-0.81470215018082592,-0.47564375039533641,-0.33169779800384225,0.53243260200370879,-0.84019068812205344,-0.10293265719173075,-0.22973012604858581,-0.26046617880801526,0.93775339982473627,-0.30892809834587154,14.67927148565826,-1.5470727275975724,,0.07507610406395862,0.4117647058823529,False,4
-0.94524841690793049,-0.17706082930770967,-0.27414392763276235,0.21707015368205537,-0.96837365392408792,-0.12301631910506525,-0.24369238542371416,-0.17578944539014976,0.9537882847759892,15.196642512414988,-7.498900610965074,2.9118164793642216,0.994793472254655,0.4324095114713239,0.5625,True,4
0.86926146838149243,-0.32884553598216637,-0.36911395672861502,0.4565883429194772,0.82028700690360468,0.34446525429304492,0.18950352159603259,-0.4679635026043461,0.86319092646585138,-4.8110060479918504,2.925352292610973,-2.5681761285708,,0.4435766520397208,0.2503097893432466,False,3
-0.56354775799129875,0.81839594959866158,-0.11243662278584185,-0.81947187606844696,-0.57102076559162884,-0.049001322390420439,-0.10430613019300691,0.064524064841383816,0.99244993640007073,-16.30234940160658,-14.712882304966126,-4.9506586023901846,0.402458200387098,0.3454215349288478,0.9583333333333334,True,2
-0.38208228354832707,-0.8437432528369343,-0.37697539958284554,0.91849821133475973,-0.39168153437084841,-0.054282698972564325,-0.10185364192479304,-0.36699168781465363,0.92463124363262184,-1.3993690380344042,6.3859900769206126,-1.7792918829593767,,0.1998149948994371,0.3012048192771085,False,5
0.1997084462217438,-0.90403368053702748,-0.37794131946953313,0.97922645626733729,0.17031943130810873,0.11003108044999993,-0.035101052032792082,-0.39206427505392183,0.91926792632650522,1.8023740239743369,13.15209303048591,-1.00042627645428,,0.763725668832055,0.7333333333333333,False,3
0.56824409800084763,0.81362727082955588,-0.12291993023774442,-0.80158097196528055,0.58109028950563257,0.1407196533020762,0.18592092531611265,0.018567164692245397,0.98238926598619336,-21.684563285007503,2.9618048574678455,-6.9493170239680344,,0.1440803369561167,0.131578947368421,False,4
-0.10315597567839957,0.99252172975436781,-0.065264543568738426,-0.99426271618199524,-0.10102563559945982,0.035149283948994255,0.028293036108542769,0.068515961039187612,0.9972487489040226,9.9169331335365296,8.5882010130443085,1.2073680972849135,0.6077898963154775,0.2415107201303671,0.1176470588235294,True,2
-0.50741086599785745,-0.77811362658909244,-0.3702342463679924,0.84527084724632973,-0.53296065105059676,-0.038342394646089809,-0.16748554523533304,-0.33240356277888328,0.9281467898932414,30.899770403294504,-0.63066253004748596,6.8264155114473164,,0.1647123721168623,0.5384615384615384,False,5
0.16760890149437688,-0.93806207653636831,-0.30322730204275017,0.98580055024292101,0.15628527943359338,0.061418129026519476,-0.01022405401994958,-0.30921586634039433,0.95093691521717516,-15.896222772024483,19.233569600219706,-5.6928837241413452,0.3923620520728519,0.3730183731686908,0.759493670886076,True,5
-0.55741365722078307,0.82613925055573956,-0.082364758452573239,-0.82563897871652292,-0.56201753803991172,-0.049563734317458717,-0.087236985090536401,0.040376052639601812,0.99536901840752312,3.186205018697728,9.7264128108069894,-0.53840615966847183,,0.4028268692781049,0.5510204081632653,False,5
-0.86171424372676575,0.45788916959569809,-0.21860025280261774,-0.47629346788593763,-0.87849022080658801,0.037409415878595677,-0.17490881798123747,0.13635409900018566,0.9750971567378568,16.494644250135298,-10.338924522646224,3.4363015861286099,0.2637231444044247,0.2420577867475542,0.6101694915254238,True,5
-0.94690886679452202,0.23257902641069716,-0.22196980528838886,-0.23660195779014601,-0.97156792811840076,-0.0086760948350667888,-0.21767662151867159,0.044303019373055391,0.97501493881819412,-22.830574840138944,3.5403016587919138,-7.2244560072420141,0.1629603240162386,0.1269869172497298,0.75,True,5
-0.91617969879592531,0.33114983219412064,-0.22573114129869667,-0.34395121314356542,-0.93879983347416196,0.018773269452973543,-0.20569959283206191,0.094840188246808371,0.9740087351774791,-21.483972714924676,4.1257056686865683,-6.9329547969873193,,0.1191803437259948,0.5416666666666666,False,5
0.36763239296993772,-0.86948230928981185,-0.32991959243314606,0.929223855306757,0.35766366256128601,0.092842507571120086,0.03727533189717145,-0.34070106884966239,0.93943245170509893,-18.253032459971369,8.2634608702398982,-6.3091976701973955,0.3157767440609764,0.3071472618786131,0.6363636363636364,True,4
-0.87095446842006718,-0.41263743834685529,-0.26677454603777806,0.43307426972708318,-0.90113547208446954,-0.020038409404260632,-0.23213140855875364,-0.13298573391775642,0.96355062333791452,2.8429142235332301,18.352276844978125,-0.82347565536338252,,0.1956920071379955,0.6825396825396826,True,5
0.86704313806004807,0.46838725402571169,-0.16985163234199036,-0.42071056640387033,0.87090446143374578,0.25402369647521539,0.26690600603793069,-0.14879112648626325,0.95216720412952127,-18.021398108068855,20.732830327305425,-6.2439542705683202,,0.2301809953948326,0.5,False,2
-0.9712103161927681,0.097884083097860272,-0.21718477846487097,-0.070333797318450436,-0.98886361363726838,-0.13115605429796634,-0.22760421497747144,-0.1121046827761229,0.96727910213348167,8.7334774720171158,-19.844054911071623,1.8545714596984624,0.4862780571283009,0.3404293951408518,0.4090909090909091,True,5
-0.45878980629071658,-0.82527670467302827,-0.32928752537524386,0.87360546492199997,-0.4866287683193431,0.0024358781605596236,-0.16225105639761117,-0.2865498256290242,0.94422655762789942,4.9156278622515446,1.8514167043916332,0.036384530813519993,,0.231429947176759,0.4383561643835616,False,5
-0.88359260179903754,-0.33698802049947918,-0.32512026711026698,0.39858019856410315,-0.9056786190878422,-0.14449935722950671,-0.24575992219767823,-0.25726506363473278,0.93456767955799203,-4.7165912682613129,17.891170354752056,-2.6781740129831424,,0.4498135500686121,0.5,False,4
0.95453403268913672,-0.14935319375766104,-0.25798915471895678,0.20070152130008603,0.96188571323177618,0.18572768783471488,0.22041705874556611,-0.22906221468191723,0.94812806203538247,-9.1095776885224904,19.552039345497406,-3.7907270909510511,,0.1374336570204635,0.4444444444444444,False,4
-0.56498486875136045,-0.78298958105750593,-0.26022954105442797,0.8038330122215358,-0.59347651387744726,0.040473644989342472,-0.18613056316698554,-0.18631409885261596,0.96469812377959852,-3.5779614802860027,-8.240617003286216,-2.152067423159072,,0.09252862700834363,0.2528735632183908,True,5
-0.91922107911939022,0.33493077303534036,-0.20701204065593615,-0.33105902789708169,-0.94205578032101434,-0.054137111223316894,-0.21314907400789898,0.018769231143441541,0.97683938711123919,6.9135940983912301,-3.9473805631398702,0.63453591981439406,,0.08681539163456156,0.25,False,5
-0.21423761867387986,-0.91241215486456317,-0.34872095205242637,0.97109577101212419,-0.23741905579226094,0.024600720905706551,-0.10523899594406275,-0.33337104193693357,0.93690367814977105,-11.606906037315897,16.432752452310925,-4.5513041396718172,,0.07406137817955433,0.125,False,1
-0.69680264061042196,0.67817401746260519,-0.23355102670931177,-0.7049036765700184,-0.70766250510065865,0.048213956825092705,-0.13257785183210061,0.1982265898240978,0.97114846047877512,8.3878022187030048,3.918647949670869,0.90888797809968325,0.2891730600716398,0.2480222103086812,0.7777777777777778,True,5
-0.24119591465925763,-0.87509697009601206,-0.41955908246689455,0.963846160985254,-0.26645415078482626,0.001662372859512741,-0.11324799647530678,-0.4039894533998572,0.90772650773017127,3.2557502567688936,16.171445179128327,-0.70319135729223559,,0.1202944105903818,0.4285714285714285,False,4
0.82567711214739004,-0.49740045150150797,-0.2661768158988353,0.53673292809724904,0.83790539143319276,0.099158050118696134,0.17370973021710578,-0.22473839425715542,0.9588105046225851,9.0482106932512139,-2.8861210329479565,1.2371797560354592,,0.09230382817697674,0.2978723404255319,False,5
0.19851678151124283,-0.94220618908200393,-0.26988624402511474,0.98006450524133415,0.18857644620910266,0.062549896092670462,-0.0080407104459715578,-0.27692313227809567,0.96085843170823682,-4.3105755905911467,5.729958638607008,-2.446052403014618,,0.0665066466692544,0.1889763779527559,False,5
-0.7572812990385458,-0.54299848915081705,-0.36287418605685301,0.60705088154843867,-0.79016070509627434,-0.084470630002522085,-0.24086149824693237,-0.28425112295589894,0.92800163672299318,-13.915464355812349,10.98173394203851,-5.1492433041613168,,0.1979664373587361,0.3125,False,4
-0.20709118451408909,-0.93952754987858744,-0.27276587821003284,0.97277011298272986,-0.22741075623986928,0.04475103612184235,-0.10407472596225829,-0.25607094908550199,0.96103908372673985,10.45288254531938,-4.7769185591787036,1.6078079354249051,,0.07968360858078949,0.5434782608695652,False,5
0.40109509999357962,0.91349104337448694,0.068241002599106954,-0.90407383939900254,0.3827572126172562,0.19012471986518437,0.14755749277988822,-0.13795299874978947,0.97938539730815566,-23.907017031449406,14.77823364826534,-7.8329956461747292,,0.4204338692741031,0.4,False,1
-0.86092803685789132,-0.43509467474960578,-0.2636200663010137,0.45183355421224386,-0.89209643460901999,-0.003223452466648867,-0.23377201423598051,-0.12188755212247121,0.96462120544680285,-6.116884744687324,-26.620831734541714,-1.7111842077436301,,0.3393363290972668,0.84375,True,3
0.78536066132294968,0.60251315401526206,-0.14207931195272683,-0.58355328132232454,0.79716894231897162,0.15487816263114787,0.20657734508974401,-0.038724367530449777,0.97766365579121306,14.384815529531195,-6.6654776598316072,2.6885963140445601,0.4996800714162971,0.4306239538576743,0.34375,True,4
-0.96966109101914411,0.017135497128042611,-0.24385188804218755,0.042507948097572745,-0.97052333649402966,-0.2372288508361321,-0.24072898228526365,-0.24039722972337399,0.94035032250179529,-5.8395468197928597,-13.800061363761168,-2.5010357177076492,,0.3890267067007236,0.2333333333333333,False,1
-0.64034049159219464,0.76735796780374232,-0.03355300397247768,-0.76670731879533716,-0.64119770387353658,-0.032021740317635251,-0.046086246680892048,0.005220516776635431,0.99892382295721283,10.940913158145854,-24.891665776632721,2.6269649577017788,,0.2064992724472526,0.4666666666666667,False,2
0.6751940690157805,-0.65498438767241418,-0.33927631964418892,0.72693446118937577,0.66891210318376548,0.15531544465887337,0.125216845117681,-0.35149971567508287,0.9277762077026499,6.7823057396235917,4.6899828880739216,0.50515236261421415,,0.0765125738551203,0.3548387096774194,False,5
-0.96736591584100773,-0.063318045547535257,-0.24534467586872238,0.073997008899140057,-0.99665993762283267,-0.034545787176326281,-0.24233783762150887,-0.051573189213889904,0.9688201993204103,19.56523793130555,-4.2497633754266069,4.049072041740108,,0.08081579722054646,0.2105263157894737,False,5
