axis_00,axis_01,axis_02,axis_10,axis_11,axis_12,axis_20,axis_21,axis_22,location_x,location_y,location_z,dbh,dbh_approximation,score,reconstructed,number_clusters
0.50967983868550459,0.84190281003935663,-0.17727413935866107,-0.83256561027516107,0.53458191402859212,0.14510920639530864,0.21693539735291559,0.073633115113805103,0.97340495053907072,-3.3725817656797226,5.5003864173345676,-2.9037030315687384,,0.08736151904158886,0.2972972972972973,False,5
-0.84662834458030967,-0.37868099031380653,-0.37392666891806559,0.41219518178476067,-0.91103323090954069,-0.010657593159457621,-0.33662379337568216,-0.16315379172265398,0.92739703578342747,17.638512056691383,3.0699530394033814,6.3775051411038781,,0.07980191586246976,0.3809523809523809,False,5
-0.085005218476688349,0.97009986558113792,-0.22733315559149819,-0.99637442862129733,-0.083559498175854313,0.0159940068207601,-0.0034800605330358274,0.22786851705327171,0.97368569267224481,-13.929099586468507,3.5017644793487679,-6.4435678532746223,0.09430600996651853,0.09373302482835778,0.3552631578947368,True,5
-0.78914409321551426,0.51113704402537541,-0.34057381339155574,-0.54411611994336639,-0.83900843565944239,0.0015788952062266159,-0.28493727057168333,0.1865576777227293,0.94021645631304629,4.210432384609204,-11.43140277981432,1.8178895087349887,0.3054647918475027,0.3116846874027044,0.6825396825396826,True,5
0.73865671161361213,-0.43112102983076328,-0.51819004238389899,0.62112372095304214,0.73398141454719024,0.27473006091207613,0.26189995352732004,-0.52479133066102346,0.80993979628452639,-11.071906977728217,12.555771429342508,-5.97397245361483,,0.4790942978826842,0.1578947368421053,False,1
-0.23172704029077748,0.91468335791603472,-0.33114488301878453,-0.97095279493474773,-0.23833748038207156,0.021116710291339078,-0.059609133582690765,0.32641936247191838,0.94334360176817256,-21.257217512239052,4.0140638039446683,-8.8918251923394251,,0.07883945943020351,0.119047619047619,False,5
-0.92978451731629563,0.10291204182647594,-0.35342589464555119,-0.11021729457021154,-0.99390736432006477,0.00054692592210017071,-0.35121631416624965,0.039462169193376924,0.93546236582025388,-11.248299112231591,2.315493771362847,-5.4408404920839839,,0.09097150058252845,0.5675675675675675,False,5
0.8601815321174503,0.37784433599774203,-0.3425221008321957,-0.38371512142896819,0.92190916138093637,0.053349824260724786,0.33593219165603588,0.085540375942144267,0.93799382017838928,-2.1465791321093235,14.110896222128218,-2.9013037636568737,,0.07923627777026929,0.3061224489795918,False,5
-0.90486877471765292,0.24771075435097695,-0.34619630662363177,-0.26591572125701174,-0.96398178497905818,0.005286531656211603,-0.33241740286774535,0.096842657994598888,0.93814720053049472,-6.2382919788878306,-6.0012243962845018,-2.8882454288020551,0.0958058099678797,0.09107029527874035,0.6274509803921569,True,5
-0.69325892481654117,-0.57895925164544559,-0.42918323370835476,0.66696442636668396,-0.74102510614177297,-0.077719019737353318,-0.27303940580724706,-0.34012935333740424,0.89986749350929762,-8.767794212394147,12.412110435677144,-5.1342805782169751,0.2802758570119419,0.1576319428902545,0.1515151515151515,True,5
0.55690124553217868,0.76183112275138476,-0.33086907249253739,-0.79722016266835749,0.60205374226884223,0.044399365481044485,0.23302578174902616,0.23904943385719718,0.94263161055250422,5.5163514695762927,-5.2979205004614149,1.492091463972532,0.2895463016737263,0.2448506978520951,0.6442953020134228,True,5
0.9192055349634608,-0.068451192184750306,-0.38778295318518763,0.19572740103369915,0.93393337781810037,0.29909735920243075,0.34168987251180344,-0.3508316976639379,0.87187450412149781,-9.568890146937445,-6.4419714394380021,-4.0810126324121665,,0.0945297817753456,0.4166666666666667,False,2
-0.62050669923369084,0.74679935395341712,-0.23929513396822111,-0.75658634993825014,-0.65036791484113232,-0.067813497419858787,-0.20627295337301371,0.13896870251951196,0.96857584546942821,-16.310846445683282,15.501827893899858,-8.0982707087486396,,0.2293701564596776,0.1,False,2
-0.91933286695239846,0.15390353873330695,-0.36213365006092657,-0.067727904495241964,-0.96849109420742485,-0.23966211922952868,-0.38760806324658353,-0.19580270990533022,0.90078925842838609,2.1739207009278516,-10.814985560735604,0.98431518805422102,,0.2630044608009615,0.3333333333333333,False,5
-0.30856441713408772,0.94650956002288844,-0.094380364822232637,-0.94687051545320855,-0.31510291822968939,-0.064392374459306609,-0.09068752639737572,0.069496789194973485,0.99345154328105689,-14.157282505979545,-12.056388096264795,-4.9674513798836353,,0.2928645702380414,0.25,False,2
0.85101824281686844,-0.38015850039582405,-0.36228091996362005,0.42375561154086566,0.90459816457869635,0.046188118910383782,0.31015984923989692,-0.19282550458290265,0.93092383829281777,2.0061105095402478,17.386069985365992,-1.4228144077674392,,0.07263486122774293,0.2,False,1
-0.74204486390570945,0.59405124912186191,-0.31060027908537746,-0.60948791955173298,-0.79079016684315584,-0.056350580695104471,-0.27909477937012522,0.14749245892902774,0.94886884166749386,2.0118824292356319,13.67665392205642,-1.1876294972554482,0.7698619911921205,0.8233513084358922,0.6881720430107527,True,5
0.89021786775492606,0.37199646066209924,-0.26292733061578899,-0.28091963746911514,0.90267176394620174,0.32598749034046376,0.35860326994339309,-0.21633843816835763,0.90807564385175643,-6.9310725455494069,15.541762465292237,-4.8630608130596134,,0.360448958631551,0.3333333333333333,False,2
-0.14255805950214157,-0.90851559271189142,-0.39278062257492602,0.98646591199112521,-0.16289190552042582,0.018741173801133014,-0.081007432686781705,-0.38479298969093401,0.91944121668229084,1.1938997250938055,10.389512720487172,-1.277913930691903,,0.07779114606859709,0.3928571428571428,False,5
0.7338545249119981,-0.44826716288209534,-0.51040580614627062,0.62762494046504602,0.73488084668852616,0.25697679910179427,0.2598931903156273,-0.50892700051381956,0.82063928602984482,-6.5535168596470594,-23.452165641097501,-1.4201488675108578,,0.3525393528623824,0.2,False,1
0.46662650836778841,0.81813114341965021,-0.33603739948901723,-0.85996643690727037,0.50846936810107424,0.043779322698134296,0.20668195151367139,0.26855229261681807,0.94083061017844793,2.8501525606499474,9.1798075147499603,-0.47774719386724618,,0.07602091961910663,0.2363636363636364,False,5
0.54881345475991583,-0.73282251518103936,-0.40221257205391064,0.81700832753487818,0.57204434490873579,0.072544194782197938,0.17692140801256337,-0.36842425096846138,0.9126677307131994,8.4263794764015891,10.175644899471886,1.944769814468029,0.43996530670871,0.4221195542287301,0.9186991869918699,True,5
-0.56632761942262899,-0.67611785605692942,-0.47131483341825675,0.78427634323772388,-0.61787810894523254,-0.056011248191115859,-0.25334491294825995,-0.40136179091593216,0.88018467827836777,-22.661023622933183,3.7309992562208785,-9.3601792752318786,0.6397386611118302,0.5986252706198408,0.7301587301587301,True,5
-0.46512886300419531,0.82484512928862386,-0.32138085426679885,-0.87190045098122293,-0.48965606707540776,0.0051516555575312761,-0.15311676713921316,0.28260829546401645,0.94693600995830673,-11.499308720704036,6.7552073413723548,-5.79664977061441,,0.07484337054000582,0.3577981651376147,False,5
-0.84371946177105106,0.42735017564390493,-0.32482194692768529,-0.43974914103988227,-0.8973039682732934,-0.038292054994308856,-0.3078281383880529,0.11053242012244591,0.944999693819221,11.807938651761761,3.3937067495128734,3.7466812276360946,,0.08400279887080614,0.1818181818181818,False,5
0.82148594541692921,0.4716708716591555,-0.32044879514634694,-0.46916426938408112,0.87848041667048549,0.09031636540378854,0.32410758987680977,0.076149500029492917,0.94295043551053248,-21.224830619682606,19.399772848010176,-9.9418030499410843,,0.3658651621275955,0.75,False,2
0.30254674913523177,0.93031345855323866,-0.20732181125587168,-0.94252658390127442,0.32437804282081095,0.080140651202335461,0.14180656975999861,0.17116002503637437,0.974984688393849,-8.2033130710290241,-14.476325105735347,-2.7196791178687185,,0.2334861936180149,0.2380952380952381,False,1
0.92532498713594391,0.21505921634313147,-0.31228705008012209,-0.18042822329562877,0.97411104201496146,0.13621062389883412,0.33349561379461823,-0.069693696202778099,0.94017203972961605,23.276974314983477,4.5488399047765249,8.7161996268829913,0.5123592438667984,0.3668155618452057,0.84375,True,5
0.83011171074735091,-0.38770764987096662,-0.40074596181575955,0.46942555511255107,0.8737886539845614,0.12701589024654111,0.30092224226098591,-0.29355777352913015,0.90734207315281046,-4.1632496972872985,-3.3193641148190154,-2.4246605591604631,,0.2506455899142867,0.5762331838565022,False,1
0.9351800108015188,0.059978154833401048,-0.34905725653544611,0.01623472669799773,0.9772610712074199,0.21141719975339715,0.35380048197580649,-0.20337998831081466,0.91294129017608805,-15.831083506618272,17.432942933574495,-8.0609997339607595,,0.502330634591807,0.3928571428571428,False,1
0.71251028444298314,0.61889065085942541,-0.33061073310129541,-0.63618687219663861,0.76856314935862158,0.067653152865292804,0.29596513005358754,0.16212664101483637,0.94133925556390607,4.879026603742088,-5.9435574707999113,1.3805310534585733,,0.09051815431652196,0.3720930232558139,False,5
0.86056115999568517,-0.32211945918579599,-0.39455486807379714,0.38613379222587496,0.91774961510748954,0.092931902333484417,0.33216740419274426,-0.23232455312322406,0.91416088168765397,-18.878662526260108,10.643116687964119,-8.4634749623119205,,0.1351918129629378,0.3018867924528302,False,4
-0.47248246929890264,-0.7680653400517079,-0.43224524244515072,0.85872811865751164,-0.51157349294575039,-0.02964084246805803,-0.19835910473720025,-0.38518592228499182,0.90126881164351746,-33.095713267278569,2.9841432749873511,-13.059260536164876,0.1232256564345222,0.1278256777687921,0.3333333333333333,True,5
0.89241468138411473,0.32862299533466277,-0.30919728877751385,-0.28816397109760417,0.94239012853311466,0.16988929161250987,0.34721400059811852,-0.062512179458209818,0.9357000936240395,-14.874681471864465,10.116284072060573,-7.1005414459849785,0.828176149384175,0.5468510159776214,0.7009345794392523,True,4
0.7681041151658502,-0.47369488537812499,-0.43084710029416706,0.59387404662888554,0.77860282555743165,0.20270978460502678,0.239436181488762,-0.41157113066952222,0.8793631328373348,8.4821209222871445,-6.2149409086337606,3.0353002169065131,,0.4548332271020447,0.24,False,4
-0.50133527634039055,0.81962742880025563,-0.27726128228619878,-0.84917022422691346,-0.52756774640002801,-0.024128888180151652,-0.16605080843861833,0.22334536242483011,0.96049152942657623,4.3912636486593843,9.4121109914612529,0.16890556937792175,,0.4353925264907602,0.4153846153846154,False,5
0.0033532845807321297,-0.9267694727797533,-0.3756156277447194,0.99968712929366255,-0.006203732420521824,0.024231327422394238,-0.024787073387500431,-0.37557936315457152,0.9264587108799236,-5.1707426077896121,-8.1309294956495446,-2.0954456150193823,,0.08370812989885754,0.3292682926829268,False,5
0.016356703515371898,-0.90833369196253544,-0.41792626418522688,0.99969757647342594,0.0071802325470406419,0.023520200971270271,-0.018363383219568884,-0.41818458640447304,0.90817643541904947,13.216929676595715,-3.2677344620036566,4.840808569349238,,0.1144078754009575,0.3461538461538461,False,5
0.81242454217423099,0.4683654285632935,-0.34727537862583041,-0.48595298272803672,0.87304106286878869,0.040607894831670523,0.32220499972954447,0.13576865570395133,0.9368835628175074,0.56930546165113838,14.057364524749159,-1.7550620556646979,,0.0806557477396124,0.4285714285714285,False,5
0.054693927324195736,-0.91275982790651822,-0.4048185653770307,0.99849269173467503,0.048139652780491517,0.026361304645543975,-0.0045737147153110669,-0.40565018228793553,0.91401696414424738,-31.391746678821821,3.179548517725634,-12.422546169120405,,0.08915617566119295,0.3333333333333333,False,4
0.17009920544773474,-0.880295934088693,-0.44288297408340982,0.98538991072821391,0.15584265214491452,0.068700739497351684,0.0085430756225808591,-0.44809835549726806,0.89394344321078401,-18.382945496557532,7.0948231123985215,-8.127718995534094,0.4951588395098245,0.1412455666807372,0.2075471698113208,True,4
0.50772519396279925,-0.73425086562185948,-0.45065595940693914,0.85003625869736321,0.51207443493039195,0.12336179307431572,0.14019089241184091,-0.44570779601020072,0.88413295055692931,8.9552829441347512,4.6189567140565728,2.391553798435778,,0.515707394161043,0.12,False,3
0.91133742497527259,0.27348422725126531,-0.30768567611154657,-0.2213708287589598,0.95573511929142374,0.19381779569374147,0.34707211644557745,-0.10852077772384378,0.93153861261259652,16.645416419796359,-6.3812434325629077,6.62322219007069,,0.5491364933767044,0.2857142857142857,False,2
-0.10996119059117547,0.93804797210807633,-0.32859479391447827,-0.99384289657029434,-0.108290525233354,0.023440543540048993,-0.013595348489090567,0.32914915185765176,0.94418006880618388,-8.1095513939788777,-9.9818105884758701,-2.940633538219386,,0.1260019914132081,0.4666666666666667,True,5
0.6522539658479275,0.68121129260893198,-0.3324393762142504,-0.70926823411047202,0.7032082318101962,0.049363496596075238,0.26740107725561646,0.20359115289335744,0.94183188857995803,8.2805588092842317,8.9977554515765394,1.9941974338145021,,0.07312538265608728,0.4090909090909091,False,5
-0.80130699041568187,0.52099720929534898,-0.2940561426282764,-0.52413180941297621,-0.84834592984314983,-0.074799931016289622,-0.28843188705904643,0.094186470498794986,0.9528567338810896,-31.299409366107977,8.9634851922570871,-12.703167837213421,,0.3836541377192109,0.5526315789473685,False,1
0.46541643374983899,-0.78676768590768442,-0.40544315459389541,0.87109806356548669,0.48830730680775986,0.052384518424927258,0.1567664085448188,-0.3775613626016569,0.91261805297853904,-13.570696853114702,-8.3897911026104417,-5.2836502331438506,,0.1422095896868389,0.6417910447761194,False,2
-0.69846388599871956,0.6364816742987478,-0.32716857770487379,-0.66365401077828989,-0.74713957241639739,-0.036685328229856561,-0.26779013038843841,0.19150336187990391,0.94425362506862398,0.23630858413909955,-8.5360372631324672,-0.01250893957693841,0.6156259376849043,0.3314453147014043,0.3958333333333333,True,5
0.47427075569067911,0.8184511891564864,-0.32435305034009687,-0.85603600818542425,0.51475652909806402,0.047202419862520467,0.20559572706298157,0.25527116311727621,0.94475765691218216,1.6103139642106279,-8.4566260756422942,0.5534217901551397,,0.06807709176721292,0.186046511627907,False,5
0.35936475096257753,0.87510023997209796,-0.32412427518836356,-0.9200980083700625,0.39025267008741626,0.03350385773440711,0.15580959777577796,0.28618599457419247,0.94542104152093587,-9.157909680938797,-5.5082171804595133,-3.9635569665773871,,0.1365924685837112,0.3070175438596491,False,3
-0.925598385628426,-0.08621964939758428,-0.36855637367953431,0.1399415376412006,-0.98266872348201673,-0.12156704295506697,-0.35168735343294227,-0.16409860434501056,0.92162229437408449,3.3300765651714093,7.9765338657765898,-0.18090128917070283,0.07809644444641378,0.1323892931377565,0.48,True,5
-0.079877814891061091,-0.86096335495966625,-0.50235608496844586,0.99592310810278661,-0.090121752526862872,-0.0039028794973492223,-0.041912974543848895,-0.50061978700215382,0.86465202910003258,-6.0732032021752751,-17.691924693726943,-1.7618885112129059,0.4896931016979179,0.2484739737004124,0.3846153846153846,True,3
0.94215362170118677,0.11686986734084222,-0.31414644232120814,-0.058835917905472115,0.98035511892206995,0.188260924165147,0.3299771020533982,-0.15888761723629885,0.93052127176621469,7.2976113418613755,-4.3097584173819614,2.2694765931546894,0.4195678248166561,0.3274995561830207,0.4175824175824176,True,5
0.76591306019957883,-0.50777402371717895,-0.39438905290814269,0.58194285874002782,0.80829256193256716,0.089474261583822809,0.27334903214974043,-0.29804139840390004,0.91457729660223208,0.48187934489104312,1.5870846376692538,-1.0813318393845401,0.6639135855631946,0.5773308185494326,0.9906208128628852,True,5
-0.15171869637404328,-0.89077919030730091,-0.42836184620718887,0.98294656027188043,-0.18153326621690111,0.029355287535690014,-0.1039110043269727,-0.41660305732446828,0.90313033157328204,30.081472549571401,-1.2879948269353212,11.70326391786427,,0.1516348935576829,0.375,False,3
-0.85920244085028041,-0.35506419160206004,-0.36837560380526796,0.38809111019501163,-0.92146382732836341,-0.01702072598238049,-0.33340134346538491,-0.15758754635864924,0.92952122590510899,2.9926254486071695,-8.5154209624285073,1.0689882654922223,,0.07233648924679896,0.3793103448275862,False,5
0.90499326607816377,-0.17731460991378595,-0.3867127066237937,0.26187024274858889,0.94856490688440487,0.17790051542976426,0.33527774205272481,-0.26226731885330767,0.90487827310944113,-20.908601564848006,12.709359346646197,-9.412221519557006,,0.2648073690242712,0.2,False,1
0.61754399982856489,0.74764255840740146,-0.24427446271309367,-0.74287903329424843,0.65645542163244841,0.13113741381148591,0.25839920697931335,0.10048325366645633,0.96079808782337928,11.963165407667498,17.578809095099388,2.8515850604064807,,0.6359856728949816,0.1,False,4
0.92104432526019686,0.18983481226665475,-0.3400589580612049,-0.16902099940895673,0.9814842742557488,0.090113934258046424,0.35086928144935364,-0.025521822825770771,0.93607659082730188,-23.808451931170271,8.8309199503129889,-10.05947180567388,,0.1042055495886481,0.3870967741935484,False,3
0.93187761853987683,0.077093686034033063,-0.35448648442237768,-0.0151595728920165,0.98458035749117467,0.17427480309064991,0.3624559165114874,-0.15702892477578487,0.91867710615296205,-18.940355139512377,5.9430744141380982,-8.2572779939712415,0.3477870047692888,0.1374689770211139,0.1951219512195122,True,5
0.11306893462586466,-0.89988243454615846,-0.42122086845009415,0.99323992616280787,0.11357643192029465,0.023975887644790111,0.026265283144730624,-0.42108431235031085,0.90664112899966864,-12.401882816039929,-7.4661074689636155,-5.0100699104479141,,0.1129010711718444,0.5507246376811594,False,2
0.93316609264665984,0.061537465703873293,-0.35413865060073663,-0.038963312573327968,0.99674825925316024,0.070532034913988184,0.35732744620009127,-0.052019688489451016,0.9325293819508218,-10.635853259186613,14.922576080672687,-6.1465850765916787,,0.1134111445495409,0.4883720930232558,False,3
0.63054577576352844,-0.67762709669002485,-0.37846207537640697,0.74448244277213393,0.66590940660172659,0.048068228627355047,0.2194491218273743,-0.31206758888225322,0.92436783960629565,9.8417277665340883,-7.2450334256602096,3.8747698230918273,,0.07067185849559121,0.2857142857142857,False,4
-0.53985150029125695,-0.73116003686966768,-0.41709154644757152,0.80892314798843168,-0.58767379073807147,-0.016818333093158166,-0.23281687714116867,-0.34647440910447203,0.90870885631974674,-15.868236382784259,16.383113612823799,-8.0019925802985714,,0.1151435424333004,0.4772727272727273,False,3
-0.93095115049779775,0.0097192855139187212,-0.36501437078000964,0.08497466174973213,-0.96643359399798578,-0.24245703795240869,-0.35511865939055637,-0.2567326311189056,0.89887657321315184,-12.055237454685763,-11.829216421070457,-4.2201428636750959,,0.3956906751995085,0.1944444444444444,False,1
0.92697650054550973,-0.039402601444823514,-0.37304423656689911,0.10857098711375537,0.98008557109331707,0.16626669567845009,0.35906393329537417,-0.19462710071844039,0.91279427226094523,-8.6381285214591799,10.400415248077882,-4.938467231187496,,0.1779000493689349,0.4,False,5
-0.79607144096157323,0.53358103790088673,-0.28558980527668931,-0.53783101854185866,-0.84010599808480357,-0.070425190636325102,-0.2775032547189159,0.097535572867280068,0.95576082554468622,12.116641709978159,-7.2190470384145851,4.7239040280902689,,0.1339257239599889,0.5454545454545454,False,4
0.32146016861926346,0.89140299918979649,-0.31947465161841959,-0.93516528404701316,0.35185654997125698,0.040778177443257041,0.14875903839613933,0.28565304352966414,0.946717004821238,-16.0987006132824,-6.7955608380018919,-6.3837313035507846,,0.08762290448475976,0.3478260869565217,False,1
-0.30992301354099278,-0.85407801390336158,-0.41773014237012002,0.93962316280555658,-0.34220158000168838,0.0025279564142196773,-0.14510698672687622,-0.39172544570303203,0.90856762961917636,6.7224465689658039,4.5592205033488176,1.4950336222234104,0.09894736723931472,0.09990757280515083,0.3692307692307693,True,5
-0.6263467406168759,-0.62481140543181302,-0.46615498298413527,0.74160872074710049,-0.66186383316386233,-0.10932873209494776,-0.24022128513199206,-0.41418229560419684,0.87792184172486154,-13.692844975490626,15.774016257959785,-7.2213835003681108,0.678272161476231,0.3328806364774082,0.4126984126984127,True,4
-0.49492832403032794,-0.7423217151342727,-0.45166849050231844,0.84272430448528468,-0.53676148066226892,-0.041265718302753308,-0.21180580894376877,-0.40105558731597402,0.89123101111906722,2.7673224010693982,5.9938011399605919,-0.37438480890463305,,0.1173592950837053,0.1428571428571428,False,1
-0.44595303164637939,0.87228570424025387,-0.20060793539510405,-0.88335728876821151,-0.46504643039497734,-0.058409913173728442,-0.14424213651175732,0.15116040405798187,0.97792880021990847,1.4179028910421378,-12.363832406314852,0.78821708511018218,,0.2084186221907144,0.4444444444444444,False,3
-0.57762738893283005,-0.72510688142017543,-0.37492213867915247,0.77898466217265261,-0.62692175946341877,0.012328974452513967,-0.24398667105889346,-0.28493704221880251,0.9269743180461909,4.2946722432336628,7.0640774298471856,0.30670000107632445,,0.0732414614520346,0.1944444444444444,False,5
0.86366291890090874,0.39368146964089495,-0.31480353075680156,-0.37398485970498863,0.91917990647825853,0.12346507294802404,0.33796699132756064,0.011099549000113368,0.94109251021618034,-14.58203609457561,19.977906512329831,-7.7743917502062718,,0.3081317110335314,0.8,False,1
-0.043545264404085668,-0.89776490825273636,-0.4383172132804446,0.99876807023110459,-0.049568537147797402,0.0023026097939189694,-0.023793945339390242,-0.43767696950488938,0.89881739999301458,-1.3310038921983944,-9.3007710062386053,-0.45047935170610237,,0.1894596261909867,0.3214285714285715,False,5
0.93301558714003652,0.011449557207272879,-0.35965375264758642,0.078422790014085128,0.96899780924783241,0.23429279049793353,0.35118624711133062,-0.24680387621076635,0.90319215371215489,-24.976888861127044,11.209583108095059,-10.594107098189172,,0.1698912556485467,0.2,False,1
0.83263059125246097,-0.40488037811065708,-0.37788646169391799,0.45894052180445422,0.88633037651396107,0.061579713497834761,0.30999983218774957,-0.22470056317150489,0.9238017974403252,12.934989049984271,-4.2644457397598616,4.8245094233767718,,0.09243831246636966,0.4285714285714285,False,5
-0.82734340978777487,-0.37083931483263949,-0.42187804500257786,0.44881655268837439,-0.88806186441033108,-0.099548114060341641,-0.33773744878775613,-0.27170632593759314,0.90117095388823576,-14.912126471231515,11.552245316378144,-7.2407836797796188,,0.226162140789123,0.3518518518518519,False,4
0.84427867655126299,0.42680237635264356,-0.32408833342251853,-0.42792106822644649,0.90096465968462114,0.071737308057336704,0.32260978858178807,0.078117946331894339,0.94330297930839946,-10.176844261483616,-8.1283984072305309,-4.1632906157983136,,0.07244928306986334,0.25,False,3
-0.92921809795194443,-0.077121422029968995,-0.36139453883899075,0.079488812924590674,-0.99680091026468987,0.0083351013986306018,-0.36088122015202012,-0.02098169582186914,0.93237573616114033,-17.02262396860829,7.6885680157850009,-7.7408075863098142,,0.08829586225541064,0.4482758620689655,True,5
-0.84188748941525759,-0.35185713716828843,-0.40917234778246114,0.42835935401239383,-0.89687303058556,-0.11012279890358045,-0.3282281508282916,-0.26798380927214605,0.90578748002598852,7.5085405337585653,11.849934779126482,1.3215925134901363,,0.2206323179740809,0.3478260869565217,False,7
-0.41286327234173942,0.90174972766154526,-0.12802869605521996,-0.90129541722040007,-0.42474859906650247,-0.085177452935319503,-0.13118875427709417,0.080225035078662743,0.9881059935542601,4.0760251995437518,13.711399000235463,-0.37779330623034618,,0.4037786480732978,0.1666666666666667,False,2
0.062177469777445753,0.94865777023910769,-0.31013287026214731,-0.99679879231630641,0.074672472991610103,0.028569028931148439,0.050260619662180608,0.30736372060196082,0.95026386512846617,-2.1265637511833653,-11.479921651910344,-0.69056309732945842,,0.08110484085048045,0.1333333333333333,False,5
0.32010412940682814,0.92642640592710268,-0.198160189588342,-0.93356975294591116,0.34404676419960578,0.1003959183846183,0.16118580185986214,0.15285921118719614,0.97501446083328502,18.989602428980579,3.6612827637666525,6.928057387735274,,0.3969425777547799,0.2222222222222222,False,3
0.8222425680901474,-0.41635112076353986,-0.38803209075985473,0.48457426923899322,0.86972627170500127,0.093616183951356638,0.29850450048871197,-0.26500557832819838,0.91687900327301752,-27.040756401821341,2.9441268823806497,-10.955580661760504,0.2446388567415196,0.1956960613799549,0.5625,True,5
0.92449529004360909,0.17276953607255693,-0.33979279876485924,-0.15194772514792856,0.98453626088540502,0.087179354345822913,0.34960026817717438,-0.028966159687787874,0.93645107404679118,-8.6162447722381881,-11.818995343915766,-2.8832505226229048,0.1768586389766467,0.1361412964652104,0.7654320987654321,True,5
0.703523502835253,-0.5689865308619465,-0.42580395566046947,0.66779292775437149,0.73424891427381389,0.12219303388070149,0.2431199016939182,-0.37031454141771536,0.8965265494199971,-9.6245775614926714,9.6030706194836739,-5.3065416660070186,0.4005585843751865,0.2725721630474169,0.4267782426778243,True,5
0.90237119390793885,-0.22648634621986063,-0.36664719197225382,0.27236462508620146,0.95903463597722938,0.077910705282883408,0.33398164531425101,-0.1701661011247565,0.92709209824115379,-12.064751834019148,20.413919037574743,-6.954735794813959,,0.1128410111283366,0.4375,False,1
-0.89438891176434399,0.31090173152138961,-0.32157205701054603,-0.30182331986221361,-0.9500775551749725,-0.079090598304088919,-0.3301077976969703,0.026320191673859059,0.94357622342336878,-15.086138608140951,-5.3291388758762572,-6.1029982498198825,,0.1732966264761372,0.3125,False,1
0.94360192976489088,0.088747794626497317,-0.31896587136072674,-0.053987351928464322,0.99175397600878423,0.11623001721810305,0.32665082883061342,-0.092454745793287663,0.94061222403526756,-1.1875067745735133,-5.6777136017241165,-1.1295160976809093,,0.09503387155670846,0.3235294117647059,False,5
-0.93578236715260321,0.16942962627800792,-0.30920052242123591,-0.11545504086253079,-0.97587233194498535,-0.18531952213322608,-0.33313885223087075,-0.13771998215055992,0.93276562525146012,-21.733535915114022,11.662826647705785,-9.5700925152030774,,0.3672132583432425,0.2352941176470588,False,2
0.93212582021991164,-0.033425119756196081,-0.36058870843197538,0.13006774903201468,0.96018968174223174,0.24722086428433887,0.33797017019420666,-0.27734191252862345,0.89936512474848818,-2.8187061481774434,16.557979167847435,-3.3419674020956656,0.686520524330453,0.4900502502997401,0.6916666666666667,True,4
0.45034150500502318,0.86135884061894508,-0.23506058061145998,-0.87382125151518697,0.47926447988943288,0.0821095531393434,0.18338197640510409,0.16842359099573062,0.96850634728217433,-6.6127203619584218,9.3379446759276927,-4.2417991883669171,0.640935620247325,0.4114667329034963,0.2027027027027027,True,5
0.71585479574456612,-0.50800636466373339,-0.47904221616747322,0.65558931041801383,0.72512299974199135,0.21071139340531461,0.24032179983334595,-0.46489371764556531,0.85212631916784898,15.986055709575288,-4.7379447060482356,6.1945251119126485,,0.1990590276687481,0.5,False,2
0.29326328310123717,-0.8776111162787007,-0.37920360674542264,0.95193389863478817,0.30473890589228297,0.030920088381948173,0.088422278949689959,-0.37004449437821368,0.92479650343506159,-4.7911264639640141,-5.4225841127411947,-2.4876644533900811,,0.06797608106037306,0.1710526315789474,False,2
-0.89924453255042613,-0.21683281340290048,-0.37992473163766122,0.26467300658913673,-0.96118826483435937,-0.077880158755489121,-0.34829221963924595,-0.17058912795514344,0.92173308455445557,3.1952313072685765,-17.263099196953085,1.9112603231127214,,0.1633530085366522,0.3571428571428572,False,1
-0.72962897437055196,0.59792111567264317,-0.33186126497643437,-0.63325385315625282,-0.77394115431718569,-0.0021557172686565776,-0.25813003936337275,0.20857955097987235,0.94332574103079558,-3.4494640941901142,-6.6184184624130218,-1.8449638411069675,,0.07780061600990054,0.3164556962025317,False,1
0.93234340255818315,0.12736794385834338,-0.33839797071425681,-0.04895790411043368,0.9717530461994438,0.23086606685958622,0.35824419511185751,-0.19867919890969771,0.91224320912202883,-4.1726374114521407,11.774190607613365,-3.4745282708950236,0.547807036956026,0.3771332738795177,0.3255813953488372,True,5
0.88704744993550066,0.31427779998247501,-0.33819563273510922,-0.31029912184324376,0.9482528610102231,0.06731245478541234,0.34184978652360914,0.045232466482625869,0.93866540760254968,15.253420108229305,6.1560792534140205,5.2241205793048904,0.4351980978917903,0.3999984264195464,0.8974358974358975,True,5
-0.54765554202292144,-0.6796747507548101,-0.48797094224755533,0.80013996043791658,-0.59595485101835555,-0.067925394795311622,-0.24464147441100281,-0.4276447693285591,0.87021290513525129,-10.763656599404969,4.1052563418759842,-5.4685249106775409,,0.2170988212346962,0.2049469964664311,False,4
-0.55014311660619486,-0.69227904228300108,-0.46700351055056732,0.7922471471216207,-0.60947137052216527,-0.029817887106342048,-0.26398297128503562,-0.38638630427276327,0.8837525755221084,-6.8078423364700651,6.0978345273917318,-4.1118883210475934,0.6340399521436041,0.527155221350289,0.8816705336426914,True,7
0.59516245069091478,-0.68905201133271909,-0.41350814135385511,0.77547790631935631,0.62740834142932578,0.070659676729030063,0.21075026476408742,-0.36272041407017314,0.90775449716243772,-12.438758608454854,8.3516633029289622,-6.2330313341317094,0.3458667354632465,0.1933247661089262,0.2537313432835821,True,5
0.58633612102593402,0.77991619838673165,-0.21895359479635965,-0.77008759692929496,0.62051620447604849,0.1480700274812605,0.25134646652762738,0.081794642102193449,0.96443485538809148,-24.713200137114384,6.8441890514385513,-10.308861834861686,,0.3899060247645805,0.4193548387096774,False,3
0.89166024200404581,0.29839327324074927,-0.34044598296052586,-0.28320441445479128,0.95436835842083767,0.09474331680089447,0.35318164230690963,0.011936956470870036,0.93547861365592266,-20.008219867704327,5.9226379222979233,-8.5985697007395157,0.6172195203880091,0.6953226227152962,0.5974842767295597,True,4
0.92710315254988818,-0.12890137716490724,-0.35194343224025365,0.18231014544945029,0.97552265769966873,0.12295753405455043,0.32747939690652283,-0.17815717577343326,0.92791016015677663,22.888399080065788,2.9025832351357557,8.5634825031552158,0.403063624288204,0.2960997205150359,0.7714285714285715,True,5
-0.5695974249718504,0.7565943105647881,-0.32112898138665463,-0.79900960805205468,-0.60131805061655885,0.00049824010629356819,-0.19272368745418747,0.25686893783346892,0.94703533675907048,-10.535629314401776,18.598297727147791,-6.3041216923145109,,0.1194039859756119,0.2666666666666667,False,1
0.8347393559688101,-0.33715714958650711,-0.43535647931261851,0.44826402935220661,0.87524759287104459,0.18166180435734533,0.31979613441331772,-0.34679490719464723,0.88173903438497903,-2.4764791747906831,-16.639799634212384,-0.4821402824797284,,0.5476135466532575,0.6052631578947368,False,4
0.83384143240504371,-0.40251710360827003,-0.37774124332341097,0.46117247652775251,0.88405193604650023,0.075974477725723716,0.30336185076236394,-0.23755453200317203,0.92278894218926844,-9.4827706701838199,-4.4955951632301892,-4.1911238426407724,0.2382981438840194,0.1787866811060097,0.7206703910614525,True,3
0.60019556650625294,0.76885642627653283,-0.2205109469380539,-0.76341181112147727,0.63291739844472028,0.12891071866293213,0.23867904932453626,0.090969019557465031,0.96682829338734688,11.211623939362035,8.5750139205336655,3.3321683036885337,,0.4791990664341435,0.3055555555555556,False,4
0.11422018381777869,0.97879090252434997,-0.17006504268720998,-0.9905230194704896,0.12534519269452313,0.056149181360352782,0.076275143445933669,0.16203996977271562,0.98383187114890769,5.4993314569238736,-11.332748628334784,2.4584811568812683,,0.1398590194301378,0.4285714285714285,False,6
0.87728800745222568,0.34553995642601493,-0.33311843313394213,-0.33980450014327079,0.93730879713386206,0.077363560529847164,0.33896703919833671,0.045325018792949548,0.93970579917787722,10.606612138615629,7.5658041154512379,3.1285589407203371,,0.08390939657305611,0.3,False,5
0.88333506932125405,0.33563016139443036,-0.32721789387129369,-0.31951386091145767,0.94190338027146681,0.10358047556677707,0.34297237205447051,0.013054386065025167,0.93925477641148902,3.9787652483410421,4.6819189595770174,0.22499940190922332,0.164564550686857,0.116238856906511,0.3522727272727273,True,5
-0.14383972092102296,0.96366308280018664,-0.22508575595404387,-0.98927446635976135,-0.14586590509296157,0.0076920699438344682,-0.025419773680579835,0.22377801630064631,0.97430859306822093,-11.440618386194291,-6.2790466536844223,-4.7889621042591708,,0.07406019039871396,0.1558441558441558,False,3
0.026195966465599456,-0.88073259029444684,-0.47288886192652962,0.99965460097137016,0.024077766429666678,0.010532802121478394,0.0021095254691493558,-0.47300144350413303,0.88105912647523421,-26.361496701160441,11.848088577220659,-11.200512182444095,,0.1559487916311593,0.2307692307692308,False,2
0.073747250266666065,0.94990240016431216,-0.30372153897967863,-0.99566581911499907,0.087434972124198485,0.031697039226055809,0.056664977933139613,0.30006758540655365,0.95223344011020583,2.4479364467353846,3.9029398623054194,-0.48621971761586857,,0.06202251503317933,0.1304347826086956,False,1
0.9225040796041134,0.20323409809573842,-0.32814954591615564,-0.17859634744168715,0.97842186465632142,0.10389417424925822,0.34218352940235958,-0.037236489276767745,0.9388950293148246,-6.676779975509012,13.115023066879457,-4.5153514950426334,0.5218318876068193,0.5604516053315687,0.8314606741573034,True,5
0.76818530701061738,-0.47072045634723025,-0.43395113327339219,0.57766368995095818,0.801846013560372,0.15279931887801534,0.27603622118346949,-0.36805600458842858,0.88788444185105297,-3.296719958297023,-6.7188454885612936,-1.6682462278424151,,0.0851600001295112,0.2380952380952381,False,5
0.93760470335432033,0.013700592856188151,-0.34743303527909514,0.011131665748376414,0.99752841034031603,0.069376916777750902,0.34752482827205655,-0.068915631893711291,0.93513481884440963,13.392308784328071,15.596038241652321,3.7291128838739582,0.5583923956794073,0.6423191547591072,0.93,True,5
0.58034552715883847,0.76945000274296083,-0.26673162989339699,-0.77867356198735926,0.62020737755780841,0.094922561516138287,0.23846708990686508,0.15260898434143477,0.9590849518836313,26.968251691463088,-0.31349376940432211,10.401907264384789,0.9637601564592664,0.6351674232110651,0.67,True,5
-0.91084126654516284,-0.19260035109898277,-0.3650661473143631,0.21669288345681992,-0.97589916339488203,-0.025787926328782795,-0.35130098408284133,-0.10259594359290336,0.93062435544139366,-19.639951094311535,14.188463196975908,-9.033538689979725,,0.1618671608649684,0.375,False,1
0.0065158760457870984,-0.92401890630274042,-0.38229125566045008,0.99970939297918182,-0.0028538016828756449,0.023937113550943769,-0.023209328912139986,-0.38233613040234959,0.92373178490317509,7.7583416741225166,5.2169436112705121,1.8511441606643579,,0.08384733108781364,0.25,False,5
0.57012875651288974,-0.71336381007667271,-0.40751107404579601,0.79877650016883472,0.59731542476902166,0.071905396953427056,0.19211794235597268,-0.36650560405796706,0.91036494792968115,3.3908545948116853,20.374917310463427,-1.0657366715157786,,0.1615753215045276,0.4375,False,5
-0.78460504285019994,-0.49458080640516155,-0.37387799168934288,0.53543987327147247,-0.84454872517710478,-0.0064492567600212339,-0.31256850264392538,-0.20524930386568277,0.92745547301074638,11.218328500333362,4.350168999214076,3.511136477025258,0.1296266275226009,0.100593687116917,0.3170731707317073,True,5
-0.061390470392993883,0.95863936988825282,-0.27792403394665466,-0.99809844180561558,-0.057415624150314065,0.02242647026690555,0.0055417154500636903,0.27877231678142672,0.96034123351347722,-15.86433043671337,9.9358018150001435,-7.4097239732075479,,0.1602814531334309,0.2222222222222222,False,1
-0.25355636231401385,0.94618398915549917,-0.2011094970305243,-0.96491252026747054,-0.2620593749604726,-0.016392444186409109,-0.068212897322739635,0.18989666311210512,0.97943159943802349,1.40262663891713,6.1972798376880789,-1.0123058458098972,,0.06673626266135815,0.5,False,1
0.77174513339623851,-0.50465035756174248,-0.38695925585522412,0.57264531789288275,0.81610773661133762,0.077752827205702313,0.27656245040602023,-0.2815957720846074,0.9188128384875196,-7.7373907352607931,2.7774963930539607,-4.2718719391533053,0.4282302189782252,0.3344323999483937,0.7838933951332561,True,5
0.62103465030738381,0.71843833113043765,-0.31330867763293174,-0.74125863673209635,0.66825263215917907,0.063040091072285642,0.25465976633080212,0.19309268234410035,0.94755665763979557,13.879591674315209,-6.8051019839971048,5.4780582517729099,0.2542897493978158,0.1287689755837223,0.1739130434782609,True,5
0.64086222387306457,0.71004157371864662,-0.2917817225317883,-0.70836101554378494,0.69345835087481733,0.13168214480238483,0.29583826944843944,0.12229668512730113,0.94737703114263117,-0.51917932530056166,20.587358099210359,-2.7115679042630974,,0.1630392594545254,0.3333333333333333,False,2
0.5458738097129433,-0.69715391328922216,-0.46475607048752032,0.82050796192016828,0.55711497554982869,0.12802182799712375,0.16967164847165483,-0.4512198191609465,0.8761348106891278,-33.730105841245305,11.437418148330808,-13.737672061307006,,0.4087877077435128,0.8108108108108109,False,4
0.84614532700619871,0.42062261771015219,-0.32728382033982778,-0.40444954147032108,0.90670119403579885,0.11963909535976908,0.34707154016142017,0.031137729601180747,0.93732160318924884,-17.525539341448901,11.001848746836153,-8.1182967651164883,0.2803275088761271,0.3877346076806186,0.6962025316455697,True,4
-0.92761851526994288,0.0012652712440658215,-0.37352682529781683,0.11686593629117403,-0.94880748508503332,-0.29343944721424464,-0.35477632821705291,-0.31585242651480971,0.87998352348298703,-28.407210454894457,15.557109585227554,-12.029508686761739,,0.4649117659323949,0.3809523809523809,False,1
-0.64737638221975924,0.73433840336178968,-0.20408559256379202,-0.73263870022908462,-0.67338355570617325,-0.098970307825875431,-0.21010557981808581,0.085449963443927857,0.97393734350662287,-5.1151013064291853,14.08637354118788,-3.9728858095971931,,0.5435350620755275,0.7804878048780488,False,5
-0.5921001115002319,-0.58584010884088755,-0.5533613871916887,0.76725814670526715,-0.61980701910298275,-0.16478530087684773,-0.24643943328090112,-0.52214042741773148,0.81647840129437388,-22.509378800912437,2.8866087759784076,-9.2704028069228421,,0.3773754937725682,0.1724137931034483,False,1
0.13081866703005823,0.98951680999078562,-0.061179727869116518,-0.98946450130015573,0.13417403410307474,0.054381331717252915,0.062019972777434443,0.053421075599124068,0.99664422521706308,-1.3177505442300657,15.888919975427921,-2.7314026949825738,,0.432432638123329,0.3055555555555556,False,2
-0.042635299311494082,-0.90809723866760939,-0.41658328864331984,0.99800723206108133,-0.058123545598151867,0.024560500827129642,-0.046516620754297987,-0.41470599051781698,0.90876572636859398,-19.876604022130046,12.033054235610704,-8.9825482389991009,0.3111409733924446,0.2452771719142871,0.851063829787234,True,5
-0.89071469730718145,0.29607588499592263,-0.34491505957968205,-0.31646178899099819,-0.94860065426234508,0.0029554765547590497,-0.32631160584568747,0.11178492320939369,0.93862924886958254,-8.3697308131728025,18.087025009759873,-5.5004621578516621,0.4375336604119184,0.2898114846463281,0.7142857142857143,True,5
