axis_00,axis_01,axis_02,axis_10,axis_11,axis_12,axis_20,axis_21,axis_22,location_x,location_y,location_z,dbh,dbh_approximation,score,reconstructed,number_clusters
0.80617032686981238,-0.56963184800499578,-0.16002800321516594,0.58541146014317968,0.80717372530447751,0.075921008364763745,0.085923375210999298,-0.15488749115569511,0.98418851785409711,5.3988868180382648,-4.2074650710924306,-0.30798270979433812,0.1470356209222679,0.09122355852729777,0.5303030303030303,True,5
0.92352568225751364,-0.32790390228631638,-0.19894558320354688,0.36686314369143119,0.90652121222000293,0.20887969167924433,0.11185592524150798,-0.2658915618453917,0.95749147741783269,10.11061529207258,-3.0225099116950411,0.20630727979532731,0.2976851510924436,0.3042278007378162,0.7032258064516129,True,5
0.81378035323915399,-0.55611109079500787,-0.16882532800721567,0.57575475865246406,0.81100158790445898,0.10384065824853443,0.079170667364878905,-0.18170547353129618,0.98016076554704379,4.2014220764144836,12.205324408273434,-1.1708149552775537,0.7805604348659287,0.3338632339397558,0.6470588235294118,True,5
-0.75735955911426645,-0.62297044936425872,-0.19574043383301989,0.64029658493734498,-0.76731353589466977,-0.035358463631696993,-0.12816700642450299,-0.15211100174449677,0.98001809249241334,-24.473904358208216,11.358557395956824,-4.3624032264522521,,0.1852315069528506,0.3214285714285715,False,1
0.83502414084887522,-0.51507359278180598,-0.19347836628016318,0.54264921634964713,0.82905579927978645,0.1349011107280792,0.090920361826779872,-0.21763656792781377,0.97178588799482502,-14.501853488634607,9.4031166435049709,-3.1077711357134872,,0.06795858424605469,0.3684210526315789,False,2
0.61342402496871673,-0.77315849538187664,-0.16104939183372072,0.78805905782080121,0.61259741434330794,0.06072338368770433,0.051709641052417689,-0.16416561442252631,0.98507652700869097,-15.493833635095587,5.3267180491471056,-3.0549934921469477,0.0919317578112388,0.08216804871564569,0.4065040650406504,True,3
0.81316536573358045,-0.56334653501525533,-0.14629685388851932,0.57548967907435622,0.81579405755595413,0.057373207469063048,0.087027106410977675,-0.13084623472878118,0.98757558981934834,2.8770392036305501,9.4257740673929131,-1.2185990671105345,0.162669957301193,0.1188169519947934,0.3,True,5
-0.29837625169563925,0.95444080567989309,0.0037895748015908115,-0.9544465457500888,-0.29836566768234674,-0.0031176359940536941,-0.0018449199940723804,-0.0045471751212970979,0.99998795966183107,-13.966568620368291,5.5884585716049981,-2.8868548234093745,0.6773070776659382,0.20925539178215,0.5548780487804879,True,5
-0.38150247251692221,-0.89876982692285712,-0.21602930744816215,0.92148075472803015,-0.3882356935471391,-0.01209400354853413,-0.073000562527524931,-0.20368074152710031,0.97631197544721116,-0.61808981312771361,-14.989169308157193,-0.0074978964911197052,,0.1175177851120393,0.2307692307692308,False,2
-0.15045265634975843,0.98849459754425961,-0.015570125982636185,-0.98817164104396227,-0.14989339619411179,0.032384836171879532,0.029678376535551311,0.020258341571033733,0.99935418824509192,-4.1992234153955641,12.387108853476102,-2.1443094693267546,0.1924728367463874,0.1605976398515712,0.5,True,5
0.84065057686176792,-0.4869073673659064,-0.23712406716059065,0.53367803080474263,0.8192759508605556,0.20970139669994137,0.092164890594793047,-0.30283350532319953,0.94857656570005722,2.040809253807558,13.716490405380837,-1.4876489034184417,,0.09632291328567814,0.1904761904761905,False,3
-0.78812556877009032,-0.57849269076067489,-0.21024817380252842,0.59674717895163054,-0.80184234415637634,-0.03068647146676682,-0.15083398908765583,-0.14964979737468348,0.97716633480775617,-24.250962681054695,7.1020050152839369,-4.1326923132469586,,0.1693274142675993,0.2894736842105263,False,3
-0.31971510119164437,-0.91124042173100117,-0.25965967702653359,0.94600766128582403,-0.322431913859696,-0.033274099736870934,-0.053401861938910125,-0.25627827595853797,0.96512677219792065,11.797766324060909,0.53064810558827769,0.25553071719323728,,0.1820409107510375,0.2,False,4
-0.97957016543312625,-0.13200934214154952,-0.1517096720076678,0.14143806920078067,-0.98852248008647914,-0.053090290491132813,-0.14296000690428776,-0.073463187727139889,0.98699827582164223,-16.306317574429286,10.855656193365204,-3.366193373186892,,0.1637229513836485,0.3148148148148148,False,3
-0.35535626845852003,-0.91329857848437412,-0.1990166550961443,0.93076640814204925,-0.36532456694069376,0.014555214321420904,-0.085998929886273459,-0.18006573057640921,0.97988801234141032,-0.75450893038071054,10.667375578894628,-1.7051911695192468,,0.07488974600101034,0.2631578947368421,False,4
-0.13215102780650662,0.99043396586327459,-0.039707242589098551,-0.99009407747921818,-0.12997680654070526,0.053101294730505011,0.047432305344140585,0.046331296396989463,0.99779937231084426,-7.5556491518222835,-7.2262954046525811,-1.3997149474895334,0.5039381223984537,0.1483721052372919,0.1754385964912281,True,5
0.5333820541205776,0.84284744729620509,-0.071496607810335677,-0.83921848537973087,0.53787386405809823,0.080025247017188356,0.10590523187767706,0.017317244280843996,0.99422542459517405,-24.355274746579155,8.7200074849800018,-4.2063015211910733,,0.1026316954873238,0.375,False,1
0.01974909003511921,-0.98200107493308009,-0.18783999114422251,0.9991534658747635,0.012603404929393333,0.039160002740488024,-0.036087741315217282,-0.18845435260153207,0.98141868329082949,-0.7708455384486067,-9.5466954256312881,-0.42064754911412233,0.1072500232339215,0.2057774516823797,0.35,True,5
-0.44118036926754378,-0.87512938019773634,-0.19876732550316625,0.89371195504830447,-0.44855539495353075,-0.00877491092954992,-0.081478973831862325,-0.18151205351934585,0.98000742407927666,1.2848132900511786,-19.731894246210839,0.47912705915792558,,0.09492242706196505,0.6666666666666666,False,2
-0.32501331388062732,-0.9246265817281506,-0.19857499883431326,0.94208358958778882,-0.33491865973117774,0.017549974166869826,-0.082733645089038604,-0.1813702724417271,0.97992855262243161,5.1607541797820273,4.2474506838210244,-0.73092975107651037,,0.131740606878611,0.3428571428571429,False,2
0.8721816245395364,-0.46123248807408085,-0.16298406597139911,0.4792187426264104,0.87250135683965813,0.095345576869194051,0.09822734105705308,-0.16126367928938662,0.98201090381467404,-3.0580896992754618,7.0821354295874333,-1.8127271193889041,0.1397707731021627,0.1173822722716903,0.4172185430463576,True,5
0.90239100911095149,0.41324296435320534,-0.1221503953669183,-0.40810671461646836,0.91057262441498144,0.065623205887597819,0.13834513421393396,-0.0093673944397094089,0.99033977793519923,-4.0484252663472704,17.491532597276834,-2.3335419702792288,,0.1169897197577335,0.3888888888888889,False,2
-0.45324222639596096,-0.86567676730939003,-0.21254462767239601,0.88220871452038852,-0.46976660261033654,0.032048761227645134,-0.12759023566055872,-0.17298287086502859,0.97662564893175774,-5.9727592509136702,12.490378276806913,-2.3328303310193541,0.1560822803114201,0.1410617379268541,0.1851851851851852,True,4
-0.49946140569210051,-0.84623223350403376,-0.18555137079215048,0.86089365887941671,-0.5087759979581078,0.0030152948351476229,-0.09695572353029136,-0.15823397511440673,0.98262993888554595,-18.855556009892972,-10.875549032238261,-2.3503581168088918,0.3324607470967113,0.303269448776748,0.9204545454545454,True,2
-0.86127159227847627,0.49976427359548281,-0.09190710076854211,-0.50104504605480937,-0.86536070208230276,-0.010233138109093664,-0.084646950081107925,0.037236086384113506,0.99571500325784124,3.9884034981447809,5.5846729846071836,-0.93895792160649694,0.3596053817175566,0.1474122910041806,0.2285714285714286,True,5
-0.65985624847303548,0.74465609350911832,-0.100384429822717,-0.74672178278542745,-0.66474859042117329,-0.022713226252930034,-0.083643950557379942,0.05997177613514023,0.99468943676021404,6.4007739564809496,-19.699125958683272,1.0568218801517915,0.7524011022937006,0.3982347444245784,0.6756756756756757,True,5
0.75183330420541394,-0.62569043685063197,-0.20798596087533391,0.6488642767388898,0.75814023532207708,0.064796095236553553,0.11714022818693952,-0.18367052245652318,0.97598325094279204,4.5128452023075711,8.4923186948500948,-0.95937330054329473,0.1541466216728639,0.1521440192123507,0.3181818181818182,True,5
0.94182956030040199,-0.30101225459664582,-0.14949482240865763,0.31595655869679573,0.94463738423993859,0.088496696620867468,0.11457980782332573,-0.13058267449769773,0.9847942083299428,-19.960992096988697,-7.7795790418321964,-2.7275343780182832,,0.271086446322912,0.5909090909090909,True,1
-0.087037113503158542,-0.93149976741322282,-0.35317520323792712,0.99342753807719786,-0.10761204415309086,0.039004801538676567,-0.074338869125892729,-0.34745910732387786,0.93474376236205947,-0.91462397717297927,19.864521687398504,-2.0945276713326284,0.6798451064697454,0.266887749784981,0.1666666666666667,True,4
-0.70578440951140164,-0.66226019650356749,-0.25155476425163992,0.69265003317145246,-0.71961801223946453,-0.048845143137342631,-0.14867514532775084,-0.20871355631002456,0.96660972091852781,14.817825694641568,9.8673476538834901,0.2232995062247021,,0.2756648060616224,0.875,False,9
0.36498497788894974,-0.90167590208345672,-0.23187611674639619,0.93093820773959213,0.35662071932245359,0.078585723388746809,0.011832974520367724,-0.24454494505493529,0.96956575360419983,-21.666435523373277,11.950679332628336,-4.0041124486261639,,0.08985145598941824,0.375,False,1
0.05353721435492724,-0.98496538813715495,-0.16424661594973317,0.9980188529591234,0.047335570996734973,0.0414452995714783,-0.033047478228619712,-0.16614008513973269,0.98554824148414577,-3.8957752781426986,-5.7118410090906773,-1.1491105542288504,,0.09269315992846941,0.4761904761904762,False,5
0.5714563505226089,-0.80198368662989472,-0.17395345879546373,0.8190474371930494,0.57055981631240138,0.060189630643973244,0.050979751616501263,-0.1768718812843999,0.98291271358958321,-5.7796549180785455,3.5883562367810642,-1.9588008455957988,,0.0704840789960298,0.230188679245283,False,5
0.92774114161948584,-0.31449624277572247,-0.20096887178498074,0.35349589875584503,0.91318500951612291,0.2028146640601628,0.11973731126667056,-0.25920117992592773,0.95837243523362892,-20.664974614873092,9.2465740553166356,-3.8057373030972461,,0.1637429327606164,0.1538461538461539,False,2
-0.95016258015402966,-0.25542983253628587,-0.17873631954788349,0.27642482896965587,-0.95537408711571736,-0.10416173768187184,-0.14415403290971321,-0.14837774199082393,0.97836785539876092,-8.5712908994160628,-9.6890440665574857,-1.2431951286080305,0.7904330258857291,0.5538113741661123,0.821917808219178,True,7
-0.097310958365327244,-0.90267981073560444,-0.41916552419343256,0.99472774202575298,-0.10190754361361773,-0.011470475098554263,-0.032361962647056743,-0.41807177834072001,0.90783737063895908,-3.1157911528442543,13.364251506673288,-2.0781383795433328,,0.2918828226213871,0.25,False,4
-0.49577682418796798,-0.825531577914558,-0.26963485394880626,0.86254122081537232,-0.50422539803639421,-0.042182820784872122,-0.1011334909533993,-0.25348444102339196,0.96203828154946014,-7.1239720462637326,-16.287542443580715,-0.69512460225852746,,0.2377284810501768,0.2631578947368421,False,4
0.93888274010923578,0.33096331201541523,-0.094670409446458409,-0.31466649077895031,0.93665418222046903,0.15383088932254629,0.13958581556101612,-0.11463956135946937,0.98355150910639899,1.0794824760846966,-8.5090041090690463,-0.35631613157858116,,0.1001655706259618,0.25,False,1
-0.96372674993678542,-0.18596021978158908,-0.19144071697281143,0.22517339757303872,-0.95159828044827244,-0.20918330161202114,-0.1432748843367018,-0.24470290007818585,0.95895401256349655,-5.752059284058995,19.391865006406704,-2.6216414442163676,,0.4271518817533953,0.1388888888888889,False,3
-0.84434449263272449,-0.50632496094070045,-0.17526383451581118,0.51846645204549824,-0.85461179409654353,-0.02883087744833383,-0.13518474715788334,-0.11521161104457157,0.98409926776538847,0.35442750033972314,-11.293170505452583,-0.19165270707128826,,0.08736457605368965,0.25,False,3
0.90708665492981311,0.40740629482833435,-0.10589575715056132,-0.39744277764385461,0.91178168786548197,0.10340885925253641,0.13868323239303254,-0.051713292366872943,0.98898569071832332,-4.9058166746832352,2.9236122451636248,-1.8229960556620441,,0.08327546824948868,0.3333333333333333,False,5
0.67847174641029484,-0.71523441927285503,-0.16767771113176366,0.7317834183704075,0.6780670950482196,0.06868801359037012,0.064568706980135088,-0.16930664517464017,0.98344605443238353,-1.5708898760114056,11.53511774420063,-1.8383497362064771,0.7077312651845808,0.7114046088912017,0.9525065963060686,True,5
-0.091871563481060584,-0.97717206156604675,-0.19155776653090328,0.99216319176603485,-0.10618943252444968,0.065848350964695254,-0.084686579386463456,-0.18400697409309774,0.97926994069915296,-5.9910454215756292,17.032596216032193,-2.5403848591066205,,0.1040963578729301,0.4,False,4
0.49426021368140094,0.86928985552575355,-0.0064798342285340427,-0.8633242784276739,0.49171454695342348,0.11352530375085976,0.10187262364811916,-0.050516842680465773,0.99351397431372079,1.7193660842121063,1.5301523468015745,-1.0176527700719515,,0.07967243785564777,0.2212389380530974,False,5
0.99103235232560682,0.031667309667688354,-0.12981547728367221,-0.018042566000972683,0.99432780311885083,0.10481739243533458,0.13239842316310807,-0.10153522267298734,0.9859823812323788,14.999777089992383,-6.7016272421819494,1.0345421226200018,0.3958772504059441,0.2796966875549938,0.5079365079365079,True,5
0.54741974864386189,-0.76784853536979614,-0.33277656997623839,0.8359803568983698,0.51995988799161896,0.17543818786061902,0.038320512454372582,-0.37423300443734564,0.92654260383159504,-7.6231708412285499,-5.4914260635499339,-1.5297573151597912,,0.1210301536642669,0.2666666666666667,False,5
0.23178856734419243,-0.92894606165381433,-0.28867503284211193,0.9726147765491846,0.22654847339580994,0.051925770482562639,0.017162648009749315,-0.29280540251145576,0.95601801226409844,-10.145868502540607,15.074929468442685,-2.9120013205902318,,0.3921691552676689,0.5964912280701754,False,3
0.016369075335353114,0.99873595078015698,0.04752424635827221,-0.99972885558476288,0.015561068921081667,0.017322483806162955,0.016561059261018498,-0.047794913466702366,0.99871986941427404,-15.426370965498776,6.6775453173685921,-3.0967360896616487,0.5974317582606328,0.4309520177944087,0.6185567010309279,True,4
0.76031866535871973,-0.57654805968311207,-0.29917864559953899,0.64681256400927667,0.71426647923840736,0.26731424143901578,0.059573770628370375,-0.39675651413935137,0.91598866496322406,0.51217888223436359,-16.723114388455379,0.20840912924545438,,0.336309840921119,0.1818181818181818,False,3
-0.98158335823505538,0.11633180151906454,-0.15152895034058461,-0.080812279964303568,-0.97159538583511096,-0.22242252950385252,-0.17309964252696022,-0.20608085349990687,0.96310289978682329,-7.6290923242467867,2.429623462661135,-2.0983339910275398,0.6293300540809076,0.3503537440203092,0.2630992196209587,True,5
0.72552090143094528,-0.67158708173628423,-0.15030040995210475,0.68475815854256616,0.7262812933050844,0.060180954665813385,0.068743624404181747,-0.14658197242511173,0.98680699200185107,11.821834016383564,-1.3372554760656938,0.34399144602922088,0.2280039041073054,0.1903783544566659,0.5531914893617021,True,5
-0.86389213024124778,0.50348502625241687,0.013900203122273608,-0.49381300731273114,-0.84121638044696867,-0.22023558994053588,-0.099192243224930643,-0.19712389405473546,0.97534766584880006,2.2037753206235049,-13.70859977801048,0.14500809923208882,,0.4404952399331177,0.2222222222222222,False,3
0.86895238789528384,-0.44949840843909072,-0.20705778995683252,0.48526031275610093,0.85603365155244615,0.17812584392399727,0.097181152673420035,-0.25525980533665965,0.96197622389774051,1.2283718613430403,8.0180876897941129,-1.404665350323266,,0.07831367126849922,0.5172413793103449,False,4
-0.83733615049206134,0.54660139885340819,-0.009750992289629834,-0.54499671522920234,-0.83601441707762092,-0.063706160045514382,-0.042973846331400528,-0.048029212047068698,0.9979210606664346,11.294750643708461,9.0920875503982899,-0.16333470324971289,,0.2512641348650621,0.5,False,5
-0.15815233481561844,-0.95919206773457066,-0.23438945408752052,0.98385246816242233,-0.17322303623087637,0.045034438040959787,-0.083798328641310593,-0.22348234139196288,0.9710991109062389,-8.0478948573470994,-20.619860684687335,-0.47922708904461508,0.4403194818159966,0.1717303155444229,0.1290322580645161,True,5
0.53287797125881287,-0.82282487508651769,-0.19748491761637751,0.84490790860067544,0.53022913784342596,0.070623560982505926,0.046601434861216318,-0.20449030862286105,0.97775867163027619,-32.870809605466974,6.2102779543780926,-5.2473064758576262,,0.1517704750956989,0.25,False,3
-0.991224422569569,-0.020815960185620916,-0.13054056803605749,0.02240439526583754,-0.99969160933643264,-0.010711176177565597,-0.13027734712680492,-0.013541861906155132,0.99138510721198447,4.0131340828077127,0.79734387295413534,-0.69816779489248848,0.1739900040614956,0.1759094818958646,0.7610062893081762,True,6
0.15947626006075624,0.98014357644799188,-0.11783841489418465,-0.98531416952792095,0.16541132192491523,0.042368406939087937,0.061018929886865275,0.10935110482657215,0.99212853303827031,-11.869639321305943,-11.644816710108245,-1.4982163147198624,0.494741913052106,0.4154214993039346,0.7956989247311828,True,5
0.51776886563037106,0.85379531563539313,-0.054304334844448632,-0.8489655571513488,0.52060813466956635,0.090689872017633233,0.10570186637206851,-0.00085388227178281872,0.99439749915741804,-9.5863353650858851,-7.8773805555390695,-1.5557958376480925,0.2603337608613067,0.2544542817599925,0.7258064516129032,True,5
-0.86969095233414095,-0.47044226413547552,-0.14940456332797755,0.47481175179701868,-0.88005786346638659,0.0072081416763755297,-0.13487567528499167,-0.064670186841139149,0.98874987694075123,-8.876566275270406,2.379616286329838,-2.1991678881017003,,0.082052747869556,0.489247311827957,False,5
-0.88357486727502421,-0.398944614399383,-0.24523182615975819,0.44674906065748543,-0.87510796301834581,-0.18601432703836232,-0.14039490988485495,-0.27391467230436595,0.95145153401253935,-18.172917200645092,5.4769777967379456,-3.3306911767523557,,0.3573985631680085,0.1153846153846154,False,4
0.18778458090709241,-0.97172291739416106,-0.14314860454970571,0.98211661826003949,0.18374966068658344,0.04102450895537179,-0.013560948013010433,-0.14829239363010441,0.98885057854078362,-13.392479868948573,6.366960976783786,-2.8388775758758884,,0.07206339550216527,0.4259259259259259,False,4
-0.74872341284756039,0.65517773025666814,-0.10077396900798047,-0.65855484981425194,-0.7525326596779619,0.00032542916331831581,-0.075622488983297848,0.066608842459036505,0.9949092929841582,2.6347380018498727,-4.4896591803029429,-0.56170473998711945,0.2599552923734518,0.2497925576700883,0.6986301369863014,True,5
0.5483325898953505,-0.80948059184721277,-0.2099346143001288,0.83459025123832964,0.54557092186564993,0.076233075187920052,0.052825026233780305,-0.21701046204584548,0.97473892708050269,19.422880606937117,2.3379147227404302,1.0671583261266759,0.3812578168212132,0.3382851058302685,0.825,True,6
-0.54010061430104395,-0.7589449700737062,-0.36372222757408745,0.83481738769086011,-0.53789040765978091,-0.11727676051376715,-0.10663608976628711,-0.36698289026522213,0.92409539692173581,-1.2824055373746455,3.8079961999252037,-1.4553599479119035,,0.3958031095907406,0.1785714285714286,False,1
0.98218431410870821,-0.11675541996992937,-0.1472485824259443,0.13833540126144084,0.97956134648532811,0.14602357764993174,0.12718997553518452,-0.16379175919286929,0.97826119709608361,-31.051264052539803,11.736005526831258,-5.267935383916492,,0.1549991901461775,0.4166666666666667,False,1
-0.55336452251738322,-0.79494521828883069,-0.24869621054377128,0.8258797247917945,-0.56243786774342019,-0.039828697016909637,-0.10821453412984047,-0.22743294582790374,0.9677623002344653,-5.2900906024940637,-9.7065277170956268,-0.87555188998755662,,0.07606882144228241,0.2391304347826087,False,5
0.89274573341055552,-0.42767646384021929,-0.14176705454503943,0.43974586674574989,0.89558721721335433,0.0674322552201152,0.098125573411215555,-0.12254133441890977,0.98760062434242857,-20.727726596555819,1.967287607693379,-3.4509965028372442,,0.1118008657766764,0.2580645161290323,True,2
0.78920983414204293,-0.55870253217620858,-0.25494963862179248,0.60860817237007792,0.76705353437876944,0.20303932604643948,0.082121435799939357,-0.3154050664414435,0.94539711965143292,4.7342758143351311,-6.2085823501901949,-0.2613332042600271,,0.08227895390877839,0.3333333333333333,False,5
0.71339699616560714,-0.63067303541776132,-0.30547708303379428,0.69775923356189196,0.67959593253658013,0.22645401400473636,0.064782542718002364,-0.37470106868900599,0.92487963069921009,-0.75048527420884026,-13.573822461046268,-0.15599397353470204,,0.08771220547296492,0.2380952380952381,False,2
-0.97092872365556115,0.2364863834336475,-0.03703517289088136,-0.22733610094351756,-0.95945533268988969,-0.16662461337009282,-0.074938046334171143,-0.15336119138624349,0.98532463390915526,2.3574184214802649,-18.859498076012478,0.54177154228235769,,0.3518023579270232,0.3333333333333333,False,2
-0.030604774635811106,-0.98858476885599311,-0.14752458288514622,0.99851645255968646,-0.03688899871737341,0.040051164043655482,-0.045036004897341768,-0.14607996631836545,0.98824713594490854,-10.402547740727933,2.2838733193215459,-2.3325040667275432,0.4294493361254134,0.3302780789135893,0.9536402220045707,True,3
-0.36840369246439536,0.92567887265903659,-0.086007814129271012,-0.92957289011036248,-0.36809577378690589,0.019993581272206701,-0.013151477121161236,0.087316241518489185,0.99609382721539719,0.32241144725917031,1.9346475509898007,-1.1818599228001074,0.5935490371487167,0.5720390941534415,0.9757901815736382,True,5
0.88190518317685429,0.46960657205187428,-0.041387381790677136,-0.4509671624789437,0.86595633419467266,0.21621342611830319,0.13737491128837764,-0.17201539103758301,0.9754685228108072,-28.768297972577738,8.9506338435123283,-4.8364567853901868,,0.4172867707391436,0.3529411764705883,False,1
0.76789324862030417,-0.61029371165513979,-0.19463181712543548,0.63666666604163658,0.7606476085763868,0.12677054830855347,0.07067895779355482,-0.22126183828490886,0.97264982591064075,-1.9469437825043745,13.737284969424341,-1.9431220098962729,,0.07844370227896404,0.32,False,4
-0.13553261680973033,-0.97832642567242889,-0.15655131622479279,0.98906413179896124,-0.14287523929215881,0.036589741540137173,-0.058164017824360134,-0.14988018824453295,0.98699183188226514,-31.637632556397897,6.2001098886857573,-5.0831962368829409,,0.08520261161349499,0.2222222222222222,False,1
0.99252771538648377,0.042358191269594503,-0.11443127991093976,-0.01873617620835424,0.97959622658773426,0.20010044616682471,0.12057234297622693,-0.19646123405761579,0.97307003531183822,-28.995177280208832,6.5302103136470704,-4.7333219916348614,,0.1633225277934583,0.2666666666666667,False,2
-0.90707904289160246,-0.37801015946212851,-0.18524559182412403,0.39920628499579297,-0.91207051714515808,-0.093604026486155567,-0.13357376975556073,-0.15885745527981782,0.97822408319122289,-12.616493742549048,-13.903970533715587,-1.4427032204976193,,0.3278582889374781,0.4,False,5
0.20158534512304402,0.9794702536868346,-0.0011708006966792972,-0.97720307131299833,0.20119974365645021,0.06777035169616677,0.06661460836833516,-0.012517399699091464,0.99770025992614964,-15.173098715033483,17.440561712805604,-3.5711786249752531,,0.1371565822802849,0.2380952380952381,False,1
0.25886630775413438,0.96050161970401127,-0.10210226861198241,-0.96319621611463402,0.26461472820239446,0.047245051389797774,0.072396712440507605,0.086114366770850131,0.99365136333799819,6.8563208526620469,-5.0958252530416148,-0.092286006616245475,,0.07772040037117116,0.3809523809523809,False,5
-0.87650068295528527,0.48137858815408729,-0.0046051759680247051,-0.47100495376490314,-0.85951103454250422,-0.19848202696616146,-0.099503197475459451,-0.17180057149629113,0.98009370844103882,-19.054313801753977,6.4584302620440894,-3.4778214569977908,,0.4287439992556716,0.1147540983606557,False,1
0.020621702757079561,-0.98928248654732809,-0.14455070800979664,0.99907321298149354,0.014926751540235162,0.040372109076569247,-0.037781747951001074,-0.14524928192315076,0.9886734474145521,-0.9760255344401868,-2.3703333773608191,-1.0637673012886002,0.5443215776229026,0.4999593229255883,0.9954519613416714,True,5
0.62827068016597598,-0.74080682601696324,-0.23765773492662834,0.77650640363792545,0.61598169868356634,0.13268139280322605,0.048101533791325465,-0.26790258194646333,0.96224448506257565,-4.0584919119515686,6.604242438249547,-1.8899149774706385,0.2394598236100137,0.1107268107363621,0.2424242424242424,True,4
0.31718434238203136,-0.92951470890285348,-0.18813957287323602,0.94836376572356262,0.31098693388762966,0.062396272435112386,0.00051069590162926282,-0.19821587445110572,0.9801582557451024,-11.208689265387399,18.464513577374031,-3.1805749586415004,,0.1019373096573966,0.1818181818181818,False,4
0.97810842668842835,-0.15596264040314667,-0.1377663254919963,0.16581356979390677,0.98413524279013642,0.063116431858914385,0.12573689082082917,-0.084578240090927334,0.98845169613382378,-7.3758989147525185,3.9611241385789704,-2.1612749681744186,0.2634648995387536,0.2272463207323621,0.8595213319458896,True,5
0.96551844882219529,-0.21187162423186107,-0.15127636903804423,0.24798443706749682,0.92535657610188338,0.28673842790479981,0.079232846448289262,-0.31436542734587153,0.94598971143102251,-4.1044735004071935,-3.001133819257364,-1.381270672348013,1.020978029834565,0.4391941962677783,0.3085714285714286,True,2
-0.91734233897489803,-0.36350851083247299,-0.16231018352654505,0.37330547694126781,-0.92710305723691322,-0.033510328969159786,-0.13829697758705886,-0.091331724030188938,0.9861706050050153,0.52127052956030739,-12.906490999459319,-0.060298768429398526,,0.07647437190611764,0.2424242424242424,True,5
-0.27271916503529214,0.96188530185924082,0.020023063941641411,-0.96193121524750569,-0.2722315917846912,-0.024047818338272301,-0.017680332432125512,-0.025819111168495612,0.99951026975392254,13.568437553528506,4.0539050807235055,0.29869860008847632,,0.4857794944550251,0.1818181818181818,False,3
0.77801244879166798,0.6207797741727481,-0.096587274023164457,-0.60896906183800636,0.78296564401913327,0.12697039816368211,0.15444517230827381,-0.039965888752002507,0.98719269470905835,-0.90194606675030287,9.1858334519803275,-1.7016208502838754,0.634630568800373,0.754027239865877,0.6713615023474179,True,5
0.48596542141334015,-0.85807391564644364,-0.16597217983064161,0.87330240762708577,0.48421896626223804,0.053618071064381753,0.034358609158260195,-0.17100043274538768,0.98467169045200054,-0.030227510993396128,13.742913084365906,-1.722485954971454,0.724441156403242,0.4507711242802214,0.8888888888888888,True,5
0.69325347114764202,-0.69952115762791356,-0.17340638619338522,0.7177754239014783,0.69179366643905404,0.078866747859058617,0.064792480927951035,-0.17914148906859878,0.98168745602125651,-34.202721562314501,12.42010583501235,-5.7159777334519113,,0.1598533027000907,0.625,False,1
-0.69729880119176424,-0.65713498380925073,-0.28626560203864171,0.70619986735760243,-0.69820583937746583,-0.11743233457321238,-0.12270341967783485,-0.28404615630778385,0.95092673318512877,-14.576343801942196,-11.570357836452693,-1.7643314431433417,,0.3211097955967387,0.2083333333333333,False,1
-0.17443625674549854,-0.97303889803092636,-0.15088835359754943,0.98268218558451004,-0.1817566359045899,0.036058943959818034,-0.06251171464189309,-0.14198530988594182,0.98789293818162494,-2.9613136861054317,-9.4080461432193054,-0.63175040810137351,,0.09725092004984599,0.4878048780487805,False,5
-0.75651227315517611,0.64522243927513601,-0.10666388527253054,-0.64954590910313426,-0.76028172141856487,0.0078623179919684906,-0.076021658315057111,0.075231030384191183,0.99426404920139899,-7.8250662311449899,5.0891146264370359,-2.234070655592471,,0.0819464582715837,0.3353293413173652,False,5
0.12551714810432557,-0.96337303019827847,-0.23697647608643146,0.99199347775877034,0.11851485757810151,0.043625320827494096,-0.01394222420621128,-0.2405548445154006,0.97053540953658912,14.348590662774532,-5.0025414107894823,0.85378874845790098,,0.1228163444876939,0.4285714285714285,True,6
-0.83729088517646821,-0.4656989118405338,-0.28647599744297614,0.5299497093497475,-0.82015163201387031,-0.21564926632173426,-0.13452612817041726,-0.33237903666676516,0.93350248892220344,-11.310613369208033,12.474539856119033,-2.9167358943790225,,0.07736365852388372,0.1666666666666667,False,1
-0.97937672901630923,-0.12286750623501916,-0.16038952139370397,0.14184280379601136,-0.9834470757245114,-0.11274958208433782,-0.143881345811749,-0.133174416313698,0.98059305176352596,-2.9650995425015174,11.963375581734551,-2.0181689189611896,,0.2199942647827872,0.4736842105263158,False,5
0.98350121561373682,-0.11354343403197491,-0.14083056299868765,0.14154564434363134,0.9677841704662028,0.20822735161930384,0.11265074102573398,-0.22472580622454014,0.96788848663628724,-12.87664031688616,-7.0573531556727778,-2.006484228773711,0.7824408265087812,0.625188036447147,0.9531914893617022,True,3
0.0787932305020725,0.99339854804205929,-0.083372366974769893,-0.99543485122208575,0.082921136122665842,0.047260365599414524,0.053861709957179024,0.079267962835276318,0.99539716006649037,-20.058546897749725,5.6435706745353462,-3.5490921430850504,,0.08080602497274454,0.2586206896551724,False,3
0.98444603836466071,-0.11170334651147351,-0.13560368699361519,0.1214648424219744,0.99040173369738649,0.065959820683624659,0.12693419398857669,-0.081404964635755944,0.98856509250990721,-9.3567381998400929,16.027048878686099,-2.8573083568916977,0.2205799138502097,0.2219602051475932,0.7090909090909091,True,5
0.39352893256131888,-0.89479160597990848,-0.21090984117637912,0.91931001142013036,0.38353570518255053,0.088144573019804551,0.0020204306147180717,-0.22857896823203189,0.97352327817166806,11.6388442235487,10.729377302811152,-0.18043641315600881,0.5729850730846555,0.2944000701780737,0.5,True,5
0.97435487010470634,-0.14583703536225812,-0.17135969835404058,0.17123992634290625,0.97461681006713652,0.14421844944609119,0.14597765147212216,-0.16986357070103691,0.97459575856832925,-8.7560001487181935,-15.081911861821437,-0.95686730545757825,,0.1617582755781503,0.1851851851851852,False,5
-0.8020664870663613,-0.57715206283787956,-0.15357358720498704,0.5817346420352304,-0.81318288766114488,0.017843695559648702,-0.1351819388127343,-0.075027245564950246,0.98797609072374226,4.2992746931944117,-9.060661154935902,0.019030501358115917,,0.1200388575037451,0.3043478260869565,True,5
-0.60430416958475286,-0.76919943682387326,-0.20772264443800556,0.78855840993221149,-0.61470171737730017,-0.017816643302822923,-0.11398291427957313,-0.17456811004084796,0.97802549568459696,2.8456943440048583,-17.597552168763485,0.53428018394347432,,0.1299768998871312,0.5555555555555556,False,4
0.10369196160523954,-0.94583952069976696,-0.30762896186947725,0.99420452228360601,0.089742391068787356,0.059191816293162378,-0.028378600551897677,-0.31198382061846031,0.94966349340333378,3.0349909152764392,-8.5656171625655659,-0.18043774771441895,,0.1053140791066322,0.3076923076923077,False,5
-0.1693759774552574,-0.91812791963152207,-0.35826373170357351,0.98271120254090027,-0.18491223893881908,0.0092820413299884823,-0.074769450056120262,-0.35049762778616217,0.93357428320117042,-9.4199888103742175,6.147225372597803,-2.4382683697523246,0.607371248761686,0.5487023891190238,0.3885714285714286,True,5
0.73792622343105019,-0.65607444137994619,-0.15821256631753364,0.67095238317358818,0.73844548698938239,0.067239588478051657,0.072717180132835763,-0.15577095400942509,0.98511299940693264,-27.157148491171696,10.496539469076593,-4.6725967654881275,,0.09833561772682023,0.6153846153846154,False,1
0.50497080891792878,0.86201869382713581,0.043911884875636492,-0.85689981158969608,0.49456821206512364,0.14534440653926298,0.1035721730887027,-0.1110227684183093,0.98840616643888768,-0.31968022063702384,11.73337368950501,-1.6822486131046797,0.3394867589011286,0.1998811396828173,0.2121212121212121,True,4
-0.5965293924388444,0.80169997370151203,0.037813173941609352,-0.80149866573637962,-0.5925983163429398,-0.080169347573226274,-0.041863740627742459,-0.078130580661532778,0.99606377285098813,2.0576601147689715,7.6839515900992552,-1.2819711956042457,,0.125696434829859,0.3478260869565217,False,5
-0.97895230882277706,-0.11565996651242087,-0.16815216084517284,0.1500209587437249,-0.96641121286659981,-0.20866978598571087,-0.13836939324926165,-0.22950411715708813,0.96342190717243825,-12.372833262400608,-8.2869079993680526,-1.8032825882779604,,0.37770317248667,0.3,False,1
-0.89225824766586925,0.44429856319055838,-0.080461209405756254,-0.43939478245830366,-0.89541787151041641,-0.071826600421950951,-0.10395886023159137,-0.028733641025112222,0.99416645148223914,-12.823397449587665,4.7686029329468926,-2.7498509762443675,0.6978173751754733,0.3345755722819207,0.5427046263345195,True,4
-0.22945519020554653,-0.96134766059276289,-0.15218735545556608,0.97068029788502397,-0.23752463498587667,0.036902670264728522,-0.07162454178267208,-0.13925775830325707,0.98766249385444116,5.6008556042289133,-7.6989244474924288,-0.032381876504056675,,0.08205386022807791,0.3939393939393939,False,5
-0.97073870399588902,0.20927104255917539,-0.11777945198793573,-0.20728049136367985,-0.97785037202177094,-0.029042173419300866,-0.12124836685256468,-0.0037789791056717162,0.99261500736816666,-7.7586644920970729,15.135882333627391,-2.662498431679587,,0.1912809929933593,0.3571428571428572,False,4
0.62189182023035761,-0.75225218129619664,-0.21764011501947075,0.78055529640380605,0.61784887684657108,0.094848271652145752,0.063118881379037609,-0.22886550879183756,0.97140958699145752,-26.069032598128533,6.444524525219288,-4.3436240909899224,0.450458545904512,0.4047804391011952,0.8434782608695652,True,4
-0.42372280813861368,-0.8581738924282295,-0.28982158687321669,0.90101005092978426,-0.43216240484277235,-0.037637002590800855,-0.092950900945798817,-0.27707981917688229,0.95634037027528596,3.1457170372617194,5.0115348430645845,-1.0354616509078503,,0.08184057255118897,0.2941176470588235,False,5
0.95472521583517789,-0.22634073976307581,-0.19305344278716216,0.27583048767618812,0.91658565208881149,0.28946206047294759,0.11143295884426996,-0.32960675343268009,0.93751911115175646,-10.058801206213992,10.829080958742743,-2.7205761827129917,,0.2326701410202098,0.1176470588235294,False,2
-0.58925875115631643,-0.77249781108841498,-0.23668809866426613,0.80015994778768984,-0.59854617854897008,-0.038555545655917706,-0.11188468233900226,-0.21210752935252325,0.97082038186776265,2.8454725488815851,13.22990116358851,-1.3891571013130009,,0.09064913162970398,0.4444444444444444,False,1
0.41404519017367308,-0.84257823168022139,-0.34442488875323396,0.90991650157084081,0.39345595379157511,0.13131783045361384,0.024870477742271697,-0.36776940591162943,0.92958438208280925,-19.148834175621861,7.8155076934466123,-3.5343719922122996,,0.1586531019140129,0.3666666666666666,False,2
-0.98723380459867882,0.12517958469349119,-0.098485971760353758,-0.092898454710982084,-0.95479883987471037,-0.28236333417463627,-0.1293804164853698,-0.26960943408914817,0.95423868129530354,15.107219123795982,0.63117050434226296,0.63124346560876066,,0.3403078275146907,0.5625,False,4
-0.38546142885573181,0.9162691268625025,-0.10895124608340012,-0.92249579629768941,-0.38529591337984986,0.023421463359076258,-0.020518106091713492,0.1095351372456133,0.99377113111168369,2.2840534337223324,11.383567082983772,-1.3484362563036774,0.7385405109264369,0.7403554183520682,0.6796875,True,5
0.13234563504689836,-0.97429529718160846,-0.18230004600612257,0.99095876208066314,0.12596804402762121,0.04618207162324986,-0.022030994975099933,-0.18676382351423551,0.98215778237854978,-18.798236653734623,10.158265261624708,-3.6342402151596471,,0.06387056056291515,0.2777777777777778,False,1
-0.99072188417567497,-0.024626811590876825,-0.13365503494544145,0.023899473271337051,-0.99968955206591192,0.0070437679979234065,-0.13378700756333689,0.0037841301673408019,0.99100288443885154,2.074826239106037,3.5585197608244838,-1.1124361406810617,,0.07500368323300795,0.35,False,5
-0.76848362788831681,-0.62093133473533646,-0.15452246183453161,0.62629365380058333,-0.77939772016100284,0.017188746811398981,-0.13110748596752919,-0.083567166708132329,0.98783974194787771,-3.9812817617042997,2.0074407843358424,-1.6531757937493661,0.6809066576628433,0.6006005016195861,0.9996773152629881,True,5
0.27135753313055194,-0.94949950295934804,-0.15753026088105196,0.96247429405610696,0.26720647022885691,0.04737019684394269,-0.0028848733941531923,-0.16447308639344577,0.9863773524152476,-3.2823147000496169,-14.763848770431839,-0.34182156102324912,0.5849931985030644,0.4678135061311237,0.9866666666666667,True,5
0.029692052743033697,-0.93006479532584885,-0.36619374448424391,0.99929749569414872,0.019239363043767038,0.032161498862354282,-0.02286694346229922,-0.36689143272248398,0.92998267698464954,-1.8945826977694775,-6.5365486142511298,-0.86688713357543934,0.6948714428701376,0.6341789981283436,0.4810126582278481,True,5
-0.069439240415731004,-0.93512852376753419,-0.34743752809222817,0.99660961156198247,-0.080434787484321646,0.017306851378162392,-0.044130194116501535,-0.34505780530036345,0.93754340537840486,3.0028332822732788,-10.21457397732312,0.0060491214077156557,,0.2905306214444992,0.2857142857142857,False,3
-0.33330370463501569,-0.90177154796471115,-0.27516670539493504,0.94158303337628646,-0.3333167959012896,-0.048179921419709323,-0.048270402261484442,-0.27515084744813501,0.96018851243601533,-9.8096563201861162,-14.029011976101442,-1.1377803354681073,,0.2149763352540532,0.1363636363636364,False,5
-0.0002542366781142771,-0.92481566243646729,-0.38041546482222416,0.99999447973784295,0.0010251893387379753,-0.0031606139688637631,0.0033129831801474753,-0.38041416837312614,0.92481029657083202,-9.5539687186198883,-17.708322330890951,-0.88001284452982587,,0.2260879259561685,0.2352941176470588,False,3
0.38035051509703272,0.9158227412028791,-0.12884949499732956,-0.92059847886906188,0.38824432791939356,0.042009314947865618,0.088498171559600838,0.10264038451829413,0.99077395257270739,3.2958197425716036,6.8093657081094747,-1.07502868194098,,0.07163031601280911,0.4444444444444444,False,1
-0.45566389249721456,-0.8677762772866493,-0.19832990105581841,0.88395342934602827,-0.46736447635475026,0.014027864735805293,-0.10486539859115981,-0.16892240473120768,0.98003493272339182,7.3406824244388273,-9.529560429581764,0.34328218475807148,0.1886180875583396,0.122857481099368,0.1428571428571428,True,7
-0.29759111932203913,-0.93395251884036901,-0.19791972678938563,0.95145691175912395,-0.30719498513749749,0.018999636106049773,-0.078544705527778536,-0.18265796905172774,0.98003407878269799,-3.0055479473869342,5.7387021109289904,-1.7298351646397114,,0.07386085385829919,0.3831775700934579,False,5
0.16701809072773741,-0.93884458259507331,-0.30112423864834093,0.98585550209035644,0.15470877651886158,0.064452489992300466,-0.013924308522575993,-0.30762971930539917,0.95140426183208204,-3.5465768864827711,28.996692967372294,-2.8011723611150448,,0.2778830342090837,0.2941176470588235,False,2
0.64061508149693658,0.76659719263022874,-0.044057480751028485,-0.76164441544611894,0.64166784683645317,0.090333597050111944,0.097519750709356978,-0.024312930463523161,0.99493657065858354,-10.028442006115274,-3.0926857972234418,-1.9834270104055034,0.1800948814207617,0.1014964615526802,0.474025974025974,True,2
-0.15234601423301683,-0.91631599595158808,-0.37034536248016259,0.98658291173812274,-0.1632496378813991,-0.0019271735573985621,-0.058692846358322795,-0.36567000327459404,0.92889213501434975,0.657897446745354,4.2543347526551312,-1.2634042537832604,,0.09651067529539782,0.1818181818181818,False,5
