axis_00,axis_01,axis_02,axis_10,axis_11,axis_12,axis_20,axis_21,axis_22,location_x,location_y,location_z,dbh,dbh_approximation,score,reconstructed,number_clusters
-0.84028838605688605,-0.39058674225821743,-0.37597529843066524,0.4153087331794279,-0.90952763395475322,0.016677506335423559,-0.34847393647561903,-0.14213191001595032,0.92647959273391711,-20.672423781676375,9.3206234079627137,-8.8080629527548737,,0.1469783180285446,0.3137254901960784,False,5
-0.21561391318707143,-0.88077514424716141,-0.42159908173115118,0.96000443207021058,-0.27017468905352038,0.073465146841110079,-0.17861167611808115,-0.38889687922536148,0.90380146408548379,-3.3421240900520597,4.0472745660924394,-2.838726247055257,0.2228166108341194,0.2032606575896734,0.7717041800643086,True,5
0.6237841313639636,-0.68282106115433128,-0.38032716955613277,0.77480362096292898,0.60423151716469992,0.18596672446322213,0.10282366654248561,-0.41068195980456579,0.90596226272943725,-1.196524860033962,20.97447981948266,-4.1239871347604282,,0.1536235148599554,0.5641025641025641,True,6
0.94226622108989422,-0.085783544756240518,-0.32369051892513795,0.14237826299112655,0.97753729738804429,0.155400329610037,0.30308876392997575,-0.19251497516903102,0.93331408727987564,-5.5738680429115606,14.131108432323645,-4.6629094296198614,0.3267540329652144,0.2805382999752851,0.9144981412639405,True,5
0.83145592734022744,-0.41910129959874209,-0.36473982722681669,0.51512236024842017,0.82747374465207468,0.22346399236469855,0.20815858104555618,-0.37368610167641875,0.90389640034186558,2.4947336572618237,-10.083661869175316,0.15831835088416321,0.3941862963428734,0.3704171250229311,0.4324324324324325,True,5
-0.90796581117406772,0.3348165522103379,-0.25198405129095225,-0.32758346803387611,-0.9421174512232755,-0.071440741677694167,-0.26131811496702179,0.017680058442851629,0.96509080314939366,15.495644586143927,15.829963421495,1.515340776821773,,0.3046722241665296,0.6428571428571429,False,4
-0.10520512619598783,-0.8254054988030749,-0.55465092082113621,0.97751336649354992,-0.18833412026390267,0.094857142434660507,-0.18275530019272745,-0.53219923120018675,0.82665862274665525,-22.000612230891189,9.3732742040401913,-9.1796530743695488,,0.4159165728494897,0.3150684931506849,False,2
0.92796253665389716,-0.17494807105903115,-0.3290572944026468,0.23845551723339437,0.95729097524011886,0.16350215602486085,0.28639919145804227,-0.23018940278941541,0.93004749447306911,0.29735517183698723,9.4648451009226662,-2.3283098681444852,,0.08100855008048155,0.2985074626865671,False,5
0.64701451575341207,-0.67664224932523909,-0.35146476755495715,0.75451056231894131,0.63463907665035546,0.16717372322688862,0.10993647144389289,-0.37334770498352676,0.92115441888426108,3.452241063742834,16.611938389618388,-2.2379827330129922,,0.08969950096856513,0.2,False,5
0.73862274886589974,0.62009174166555259,-0.26442894466371236,-0.58688608655748842,0.78449604557629526,0.20032642332051992,0.3316642221630472,0.0072240150427365368,0.94336984123070422,-11.656917305877979,18.954853649672241,-7.1297379395072813,,0.1051241542472251,0.2173913043478261,False,3
0.31203556041517272,0.91752998513933681,-0.24652086201090295,-0.92497035199969146,0.35263633232339858,0.1416949718482241,0.21694159803494717,0.18381061856081954,0.95872310890388623,-7.5339541359451658,12.064120045681012,-5.0041644320108967,0.6483467249648808,0.2853780805443796,0.1959459459459459,True,5
-0.94426768969470021,0.081616422205762401,-0.3189001251567074,-0.11432706705681253,-0.98978225067470893,0.085208086397325494,-0.30868730446330317,0.11691815887892582,0.94395036531988341,0.4540039166462328,2.0440128252092431,-1.5704058443506494,0.2772553934473019,0.2045721649595374,0.826271186440678,True,5
0.91058245535570526,-0.24509312484320794,-0.33281969916603188,0.3150585666593288,0.93278489130583908,0.17507268812160307,0.26754007470460495,-0.26427581559073177,0.92659624525513207,7.1439582918830968,4.1739655584498614,0.16387030063778105,,0.07360939208326298,0.2857142857142857,False,5
0.69299918174621877,-0.63182713464426155,-0.34719822295958491,0.70945901114271204,0.68326972018172438,0.17265688805024104,0.12814072579580876,-0.36597399007307951,0.92176081115575359,-2.4246952903306314,-5.1818679494383755,-1.6028428680099869,0.2711429414277501,0.2142914941022523,0.7446808510638298,True,5
-0.46701631759053031,-0.79182508517516081,-0.3935845444012408,0.83933270410636229,-0.53701711105349048,0.08445847650334859,-0.27823797534068662,-0.29090489326086361,0.91540044360662343,-11.226518393357777,-9.9013270253405103,-3.7523075172948674,,0.08747512611980474,0.375,False,1
-0.81927075215050083,-0.44544280096744693,-0.36107637105885426,0.47523836881603415,-0.87982842378378423,0.0071019368639755054,-0.32084876106326327,-0.16577893644374808,0.93250920464934384,-2.2235932865037729,3.3603587292378143,-2.475042367655143,,0.1754959561988561,0.2260869565217391,False,5
0.13821733547356127,-0.92793591530594266,-0.34616600823869659,0.9862463852886072,0.096971907756708858,0.13384512173098495,-0.090631317323245753,-0.35990469042699169,0.92857664095588044,2.6047182793437651,6.9043022517340562,-1.3192327514003788,0.4374494626648909,0.3830672353731707,0.9026315789473685,True,5
-0.29437663887893245,-0.85886831375068207,-0.41915106360046711,0.93309730241068134,-0.3530991307847926,0.068194047195730967,-0.2065715825476781,-0.37103399234313317,0.90535184199827179,-16.566244861310103,18.947932790543618,-8.6759888813485713,,0.288682869594187,0.4509803921568628,False,3
0.067446905020488362,-0.929302209781105,-0.36310923686834706,0.99104887408609932,0.020376867779274815,0.13193525848756968,-0.11520869835144004,-0.36875762521670263,0.92235826535501142,0.95072061408383812,12.597461827836415,-2.5337295476150197,0.2730943119660191,0.283857994081448,0.884393063583815,True,5
0.26191091029063929,-0.889829600502129,-0.37363880572144792,0.9649080497465814,0.23388004428474315,0.11938417156229246,-0.018844909258921544,-0.39179510838649811,0.91985947972472104,-16.757501878064414,20.502589835049964,-8.8645520944315752,,0.2392374676825997,0.759493670886076,True,3
-0.060249772897782876,0.95349903832608007,-0.29531262888167781,-0.99141565872187809,-0.022769938308119166,0.12874984097275816,0.1160385992109163,0.30053471317085229,0.94668576078468791,16.901115476790693,-2.8654923394763805,3.2871543150645848,0.2908498863497284,0.2105740177520871,0.7076923076923077,True,4
0.29104602647861927,-0.88958739018210642,-0.35203193846580988,0.9558242246304739,0.25455445386502984,0.14697646623534596,-0.041137113177277917,-0.37925757111291186,0.92437623978171057,3.5793521038041916,4.8453422154547372,-0.84812752816365522,,0.06926682439948806,0.2580645161290323,False,5
-0.87411515032997789,-0.34839322304197928,-0.33844477555728675,0.34623067910495225,-0.93561631961180081,0.068894261898888462,-0.34065674925080247,-0.056958446384102739,0.93846082207803716,-11.643167712944605,9.1492191650685424,-5.8432932284483412,,0.315804877955573,0.2455089820359281,False,5
-0.51439230084706622,0.80856080289441534,-0.28570962331010036,-0.85565973508836046,-0.50607004948062273,0.10834907829417072,-0.056982265467228038,0.30020415227211317,0.9521714595495937,12.804419499883704,9.9028855408178504,1.3044922156443561,0.2938040531546826,0.2426352008342982,0.375,True,4
0.47777126384222546,-0.79870884179763091,-0.36578519035205653,0.87763484334461006,0.45227092311515454,0.15877056985489546,0.038622547742023713,-0.39688184405292914,0.91705675978483592,-5.5253929942484081,-2.978885954353033,-2.6867234384376255,0.3149439444829075,0.2776130983711806,0.6157205240174672,True,4
-0.94650921390007881,0.028869409634859483,-0.32138273940831352,-0.043431834179657167,-0.99832453351684725,0.038233513547181325,-0.31974049443579716,0.050146614698366392,0.94617722084831857,-18.244793541836895,19.690279847029817,-9.3371930999498911,,0.07366150398162477,0.2608695652173913,False,1
-0.92094591753764055,0.19987950047064279,-0.33452474088228801,-0.23194479930382397,-0.97097530113798147,0.058382999716677889,-0.31314569619693716,0.13135885912878162,0.94057675023451581,5.4562783051606836,4.2090657144120334,-0.31568022847144545,,0.1613613104829923,0.18,False,5
-0.93212185901306277,-0.090643324799430436,-0.3506174947422589,0.097102136799645591,-0.99527406374161254,-0.00084443602525875738,-0.34888395632212138,-0.034832825216493613,0.936518371046966,11.715244208748338,19.947885764404052,-0.083397047001866648,,0.2633237990693507,0.625,False,5
0.54848218291091622,0.80694720919171936,-0.21909700273389043,-0.78304396074012361,0.58759561887725231,0.20389591517409295,0.29327367863089693,0.059729308165729716,0.95416086650435794,9.0892462600025166,-9.0259984059619338,1.8226677537694025,,0.3720934759622664,0.8113207547169812,False,5
-0.39763737923143933,-0.81719501905857728,-0.41722513762212948,0.87888441951848517,-0.46982852918972445,0.082603452028814195,-0.26352740230497651,-0.33384645270733759,0.9050413549938584,-4.2601342709965735,8.1965444351073451,-3.4513219432026592,0.2095970744997551,0.2021294673886243,0.7483221476510067,True,5
0.30809218011506007,0.90759019111886785,-0.28523543527543405,-0.92136256657981164,0.35934342888088427,0.14820027336544009,0.23700259377781419,0.2171459074100773,0.94693052830587454,-2.4442584686408231,15.610136579699883,-3.8537847431374237,0.2770234718992836,0.2423855940444763,0.7777777777777778,True,5
-0.86865863443845726,-0.34331010191194478,-0.3571699185831948,0.35094114948282557,-0.93529198906284183,0.04548851277572423,-0.34967482954194606,-0.085831632397876639,0.93293110381459976,2.6349780958386635,3.948583113274613,-1.0981671343386885,,0.09207660370626272,0.3873873873873874,False,5
0.8423958075189546,-0.27552491778242549,-0.46309321216735455,0.4624285457822398,0.81082879870407487,0.35877081714909853,0.27663901301192817,-0.51637455289072554,0.81044936770084031,13.386533898596891,-13.046116945912241,3.3006872941160981,,0.201877372904497,0.2380952380952381,False,2
-0.43665793407207881,0.86998797034531528,-0.22902135286113348,-0.89905986064131049,-0.4310479851798954,0.076739829658274444,-0.031956464064918033,0.23941296106684032,0.97039178607286036,-3.618194139759336,-26.811436164716593,-0.048912166343842364,,0.2295515409741293,0.5384615384615384,False,3
-0.87362375685694371,0.3736053029546943,-0.31177012214016353,-0.42281254909002641,-0.89995762852730521,0.10632880695044369,-0.2408548936333979,0.22471169186235451,0.94418937494191524,-1.7802353041851893,7.5386452560907946,-2.703055027684151,0.2194890425265212,0.1781542733774809,0.7041800643086816,True,5
0.19558282846457142,-0.80160017583708676,-0.56496417170272939,0.97856632260154031,0.12165391261194919,0.16615738869007277,-0.064461690017387302,-0.58535244395505615,0.80821235258807234,-9.54885470887743,-11.915458441660389,-3.0753335664229517,0.8318208566148089,0.5169060927543137,0.3289473684210527,True,3
0.16206362516486672,0.98531757656298669,-0.053708981692682123,-0.96806353194567152,0.169304614035378,0.18490253049432356,0.19128089166274331,0.02202773212055581,0.98128813276342619,12.327008801146775,-10.813268260113967,2.8068336589758172,,0.2517065251355485,0.2631578947368421,False,1
0.47825607027619127,0.82626705621315222,-0.29758004479606109,-0.83180596023446385,0.53488158863080071,0.14832575859307601,0.28172677501862564,0.17659116048274293,0.94310422874513822,6.6515742540658183,10.805185083775173,-0.5649364149721765,0.3785023054179862,0.3207858071165984,0.8141592920353983,True,5
0.45898019986398575,0.88620056597402908,-0.063132661912263105,-0.84442826361129009,0.45722694629648913,0.27907781566224632,0.27618487240839096,-0.074780187534531362,0.95819092033115338,-14.817427195842232,24.841852684436862,-8.8726683816024341,,0.2451027079963217,0.4,False,1
0.55367195910640188,-0.75486637326501071,-0.35160221872594827,0.82911381478836488,0.53904848701381181,0.14831389272487697,0.07757347372887792,-0.37363550040360316,0.92432617025148933,-4.4639319562056414,-8.7303372531930901,-1.8800945562290423,,0.07913064302081713,0.3214285714285715,False,5
-0.81884113182834473,-0.34940723954486158,-0.45542703233307985,0.45943570707677628,-0.87456931708305496,-0.15507204996304852,-0.34411921174055238,-0.33621881352851041,0.87666349162066881,14.570889099091609,-1.9533564481969279,2.5957272241718927,,0.4579840865884972,0.1948051948051948,False,2
0.19794811589747446,0.94844049708699174,-0.24754225275298375,-0.95979056209231717,0.23882277699904231,0.14753222734366139,0.19904426726523949,0.20838499147454886,0.95757875655060254,11.289504740439385,7.8954444963664363,1.057756543412012,,0.2048209261250965,0.3333333333333333,False,5
-0.42116180765042044,-0.8185631382734001,-0.39061121391561737,0.87027987712551325,-0.48599911417466474,0.080111150858303615,-0.25541273900694739,-0.3062013221418925,0.91706329283835442,-1.9728075134768137,-22.843257202511026,-0.036591644991987644,0.808987918761409,0.2796332912078595,0.3461538461538461,True,5
0.94534816489956663,0.10303151636567928,-0.30935635399391814,0.00039518475591918817,0.94840082061520947,0.31707369377702355,0.32606240345987497,-0.29986728746528152,0.89652825887318455,4.6506499295969022,-16.022342739932657,1.1644775536584069,,0.3322058848486542,0.2222222222222222,False,4
-0.56228472182490075,0.76920526446500703,-0.30357725988883538,-0.82298249392650735,-0.55640896539873352,0.11449400820312866,-0.080843715233783031,0.31421700199580321,0.94590272722091739,-0.73125167426369808,4.8740137449121841,-2.0160152763529897,0.2048132254937826,0.1575258992185194,0.6212624584717608,True,5
0.44040293335535313,-0.82089531799053073,-0.36356035701548434,0.89733633390409517,0.41548625862035743,0.14885789449409897,0.028857583882910751,-0.3917933713054414,0.91960056222990549,-0.74311621260043681,23.13180003549061,-4.2617804183016146,,0.1339022607674216,0.375,False,4
-0.21861604855325192,0.94477286643288239,-0.24415416065911483,-0.97231130823927281,-0.18973174603462453,0.13642794587871598,0.082569626285912578,0.26721918980276749,0.96009174635352268,2.1556721214154115,16.021313226396416,-2.530139532810086,0.2879863789038457,0.2247091454970078,0.4230769230769231,True,5
-0.81129617908489504,-0.45424228136391337,-0.36805225121381729,0.47814478437346808,-0.8777896001439639,0.029376573243848056,-0.3364165200740018,-0.15214916266745854,0.92934092631331555,-17.432649661698871,9.0607323484475213,-7.6630506626898711,,0.1224476583977714,0.1917808219178082,True,5
-0.16229704222772107,-0.9034354280823883,-0.39681746101920312,0.968010026515848,-0.22376081520132118,0.11352394525045775,-0.19135375263872409,-0.36569868042697895,0.91085027116702655,-2.6766780128688543,-23.980532565068316,-0.16850850077058624,,0.1618466751091624,0.2,False,1
-0.066355627243398524,0.99287411265565739,-0.098984479345887971,-0.99222562947002291,-0.055191879203576759,0.11154441578490237,0.10528642341704146,0.10561653700164175,0.988817433177545,-5.1775948961308034,-10.866766143841341,-1.9825058390356611,0.7494441351329166,0.5525971925255743,0.3,True,4
0.95142916829568602,0.013001950668080242,-0.30759305420475014,0.054682225559166631,0.97608509366272078,0.2103990117308922,0.30297259269458354,-0.21699962951181392,0.92796485325019706,17.49727873285995,11.223565066327224,2.6272428915968815,0.2284801044216713,0.183163696966386,0.375,True,5
0.40769534334656321,-0.84516972149286307,-0.34564815764763579,0.91302204410566012,0.38280565555141072,0.1408920759126534,0.013238353018792018,-0.37302543070081917,0.92772666990866359,13.264405962422035,12.728248775177954,1.1584749629121001,0.2635886148356781,0.2084383218499433,0.4166666666666667,True,5
-0.44447321302667536,-0.80149036048380029,-0.40007094989925618,0.85352811101181336,-0.51448319704744216,0.082442729627603517,-0.27190683443847258,-0.30482821720994324,0.91276855301782722,-20.534239629299531,22.364483111814359,-10.359066691653052,,0.1625056414647354,0.3043478260869565,False,2
0.92204992966205102,-0.10725093388521195,-0.37191553394683147,0.2005648842170589,0.95417761612683683,0.22207837378165438,0.33105536459813573,-0.27936054492940898,0.9013101749717124,9.1385484254510505,-6.8730040185264833,1.6489372612957627,,0.5159630925969872,0.4705882352941176,False,3
0.68224237620225436,0.66278387142935768,-0.30864685303274292,-0.65220070871890734,0.74249219578175074,0.1527729516300281,0.33042332796044838,0.097071514752312862,0.93882775063545854,0.4836081480386018,-7.7477406292577689,-0.60853517513384281,,0.08314835842265157,0.3833333333333334,False,5
0.0031073342830999504,-0.8789518218447242,-0.47690045014603799,0.99150078680757925,-0.059319967396417525,0.11579003078002734,-0.13006357765956156,-0.47320696988096922,0.87129709595663585,-12.017668913990368,-11.064425450609395,-3.9180440465994613,0.1814940719287228,0.2066928787636476,0.1666666666666667,True,4
-0.73416836824226017,0.64620296625210072,-0.20837114358635106,-0.65813279383561407,-0.7527409748324605,-0.015564398041888014,-0.16690725793274089,0.1257089941701211,0.97792597676619153,-13.41169044979342,-5.8067677843627177,-4.7730287122701371,,0.5505679915112968,0.6875,False,4
-0.27225883407771506,0.92320922915800063,-0.27121918528034633,-0.96156793594811552,-0.25063428291534523,0.11211405257144345,0.035527902036638068,0.29131971341638091,0.95596579057614472,8.3761691612652278,1.6522977819394795,0.67523446187900238,,0.1093037074940561,0.3484848484848485,False,9
-0.89973325967282614,0.30595884672074314,-0.31123824564443059,-0.34970892929393538,-0.93206038727448548,0.09469476884086489,-0.26112013750494112,0.19404282668279288,0.94560227114910822,-1.0519456832488143,3.5525590396070466,-2.0934050376088758,0.2114422839490777,0.1798810982245308,0.6491862567811935,True,5
0.48866970814043958,0.83225194467311558,-0.26183700451570163,-0.81657086985279681,0.54197265966811536,0.19868983537190821,0.30726849961195885,0.11671476667537484,0.94443831581852311,15.099386432866829,-8.2275344065350904,3.2885067782668593,,0.1936667841158174,0.2307692307692308,False,3
-0.92534179517312776,-0.18206388935091272,-0.33255872007841475,0.16364616502926566,-0.98303546848562862,0.082832363062127393,-0.3419977993744831,0.022226288346467608,0.9394378624099371,11.636200788889914,-7.78213898200893,2.354834572332412,0.1374727019833275,0.1250368273626464,0.25,True,5
-0.75895423058904976,-0.52104367058303891,-0.39051500511035275,0.55603335794518349,-0.83069753827119563,0.027721918446966198,-0.3388441835463441,-0.19609970233412022,0.92017907280120337,12.128797772135476,10.337006406084825,1.0249621104679694,0.2368634530182271,0.1543128234458785,0.3714285714285714,True,5
0.93845575115169377,-0.098487248477662964,-0.33106051564269839,0.17009689721160579,0.9659807367819967,0.19480313581946126,0.30061245597828229,-0.23912648965225519,0.92328255331577413,5.7156297763092372,-3.6528951991693992,0.41018095412225458,0.4374784770969461,0.4621410768943141,0.7215189873417721,True,5
0.4859402988045064,0.85730435020004259,-0.16997434255166444,-0.83668217784050969,0.51253022505349943,0.19306916297190319,0.25263602134661867,0.048394416358632841,0.96635036150635267,8.9346579253553067,-10.392772584811665,1.9656889148773851,,0.1395910330660612,0.35,False,2
-0.88560268520392849,-0.29529806484160159,-0.35847864212585512,0.31298231154010209,-0.94971512038368155,0.0091248439780536039,-0.34314713553023596,-0.10411648772127596,0.93349333171800408,-11.376568428582166,-7.628403542478015,-4.0475497244606009,,0.1268052753232534,0.4126984126984127,False,4
-0.15350066478443636,-0.92759530095887632,-0.3405943386930404,0.96960227374994945,-0.20785582294653113,0.12910223702999732,-0.19054914497227582,-0.31042376601386967,0.93130451993110308,-6.8853676516596929,-17.313970812527803,-1.8746577992315239,,0.08609597298512475,0.4117647058823529,False,2
-0.84328591860846935,-0.40635029535324052,-0.35177876135861985,0.41741449910591133,-0.90746785940940511,0.047615334453026709,-0.33857642477412941,-0.1066842144145361,0.93487137242613327,-12.458360464110456,-8.3267425338191359,-4.3043547865406175,,0.3872175166041655,0.2093023255813954,False,3
0.78198769538914137,0.57460960189748622,-0.24149337396125808,-0.53227722931791466,0.81723167347865422,0.22093741877038936,0.3243087963802771,-0.04422891893874889,0.94491671978004799,-11.611656915793308,0.47268965214407144,-4.9579630044578407,0.3197453536939058,0.2615692023842024,0.7547169811320755,True,3
0.9448826869553294,-0.037043811459391077,-0.32530672283959516,0.093273851152478229,0.98286259956720123,0.15900031151915378,0.3138418337049117,-0.18057925241999342,0.93214507294314097,4.4737425103754722,2.7801609292779572,-0.49240537554419944,,0.08824516086868932,0.3333333333333333,False,5
-0.16755006108755194,0.9473688578365409,-0.27279887138887493,-0.98276625881941826,-0.1385848316162035,0.12233039267488423,0.078086218730583107,0.2885939910105455,0.95426204514114621,12.417444394218755,2.3288697234900626,1.7026495141865259,0.2154607471770246,0.2958419023164443,0.5641025641025641,True,5
-0.13792193541569395,-0.91577761666900848,-0.37726502162169695,0.97421516216380533,-0.19410444216984066,0.11501427450575651,-0.17855631476186923,-0.35167431287764711,0.91893569966602939,-15.024480800719738,10.195178416599482,-7.1038770785387015,,0.07630615059107378,0.1578947368421053,False,5
-0.85035878146726673,0.4708518363191444,-0.23492230846898116,-0.47509133522525993,-0.87893678794976582,-0.041932636244673846,-0.22622591800097769,0.075951767743997659,0.97110924359784401,-15.23154169800233,21.821548631759033,-8.6187770432717681,,0.5165678095262595,0.2222222222222222,False,1
-0.22977313313524414,0.94265304606932054,-0.24209407680785222,-0.96909604499699997,-0.1986602919234331,0.14624275703114301,0.089761700409400458,0.26821506883307139,0.95916813645496224,0.25414009964523854,-11.593665353535586,-0.37634147676632373,,0.2562008782979024,0.2241379310344828,False,5
0.41585755671645791,-0.82305913708510003,-0.38682832029538589,0.90942830436067312,0.37560037601368301,0.17850634937181303,-0.0016284193224874455,-0.42602583771305652,0.90470953009869381,-6.6861038026285602,-16.303161026908125,-1.8923639534354864,,0.117349162368385,0.35,False,4
-0.20396941355078663,0.93523923834695155,-0.28935107636219992,-0.97664892688333083,-0.17402062948676753,0.1259908493926,0.067478529573396923,0.3082926978850532,0.94889528425288794,4.8139086145754799,10.01229347107439,-1.007963838744202,,0.1128145256388574,0.3333333333333333,False,5
0.043878272444509141,0.96700374950609869,-0.25095506699094899,-0.98784582096577789,0.079488992211183385,0.13357445159048403,0.14911516089161944,0.24204389799868264,0.95873845246441924,29.734944738663518,-13.541610626324095,7.8358194023059511,0.2868820951625691,0.3813739059993598,0.7619047619047619,True,5
0.26594729662911043,0.94426388516201087,-0.19400451178880887,-0.94278951276686207,0.29675006553199096,0.15194516518659915,0.2010471835975125,0.14249601322670441,0.96916196591798021,1.3944790719084696,19.225827669738784,-3.1063148717496549,0.3701038105251676,0.2837175876252835,0.3461538461538461,True,4
-0.50363733497039875,0.82638632579089699,-0.25186320765395337,-0.86190531043925911,-0.50051317313057275,0.081276068798706136,-0.058895421388433636,0.25801589886785914,0.96434388330662002,11.703826371563768,-0.82577390623359426,1.7588091019317198,,0.1232707467109639,0.32,False,5
-0.91540716979141201,0.26732332179828427,-0.30094510316203732,-0.29173555885823349,-0.95572620543051534,0.03844195560925194,-0.27734469021806135,0.12298642964213807,0.95286633948929489,-10.411184332912702,12.763927038039389,-5.9518748503665035,,0.1605502786700829,0.3986013986013986,False,5
0.20738751909851966,0.96180939820247358,-0.17864237585623191,-0.95358498350590248,0.23951253854128343,0.18250869325476093,0.21832566535845338,0.13250066192630236,0.96683891028179192,18.410449910816634,5.0775237771144415,3.2924667030321872,0.4817824065801194,0.4823665003116412,0.25,True,5
0.050818006157780954,0.99793764141493158,-0.039217267846612891,-0.98415641128992837,0.056717785651395257,0.16798586520220427,0.16986373470249172,0.030059218852252656,0.98500901264654184,-6.0166658866241267,19.98040163343023,-5.472546479448507,,0.2645550257199534,0.25,False,2
-0.45274547507808027,0.84583587212219957,-0.28210496668368495,-0.89103715163818253,-0.4408280122335444,0.1082749187519329,-0.032776961372877639,0.30038698550619924,0.95325407407556373,-10.734067933052515,-2.2150464392231997,-4.3955723077040876,,0.1546656048933156,0.3152173913043478,True,4
-0.23665001231729166,0.95025339826090138,-0.20252222288883703,-0.96986892571149164,-0.2186215531124597,0.10751224792522251,0.057888156037865873,0.22186278554166311,0.97335803576188307,7.4780067266287489,5.2282569901463933,0.17312360655923734,,0.0787676934146134,0.1875,False,5
0.54297135963654042,0.82184631347819892,-0.17248402719307807,-0.77630199599479122,0.56956652195675039,0.2700910736781113,0.32021448066717917,-0.012752022913490757,0.94725924238439829,-13.544198575606245,17.975176403785088,-7.5821150994464244,,0.1165147272354379,0.2727272727272727,False,3
-0.40897741264489823,-0.82959881514473632,-0.38013587288854267,0.87381420737791526,-0.47609497129247691,0.098905557450131729,-0.26303271076197027,-0.29171798748185762,0.91962732062979968,-0.36434092979487853,-13.480186994176972,-0.4048538088337455,,0.08460901248307837,0.2727272727272727,False,5
-0.72666717316317009,0.65547476948478389,-0.20568822527290875,-0.66513410772874471,-0.74619484923242785,-0.028104549718558608,-0.17190531749464952,0.11638760049019632,0.97821392766061144,5.7487425845526055,12.390795787365544,-1.0386445778463811,,0.3931548202200199,0.2083333333333333,False,3
-0.48120391710650823,0.84853402933678734,-0.22007451287877444,-0.87603232785704455,-0.47458871788806234,0.085632408600563509,-0.031782868195327121,0.23399903826905394,0.97171719104811416,-3.9672022385535533,-22.998898832780476,-0.50779162231914643,,0.3855078940385123,0.24,False,2
0.47898764264725369,-0.77782213385986176,-0.40689503102018765,0.87530449358418971,0.45828308273361157,0.1543329504399629,0.066429524328819878,-0.43008062518308154,0.90034314244046831,-15.160239608692825,18.433595218170808,-8.108988582625523,,0.2411288982311965,0.8620689655172413,False,4
0.94504573928961932,-0.028539273739720605,-0.32569012957863375,0.099723482418024839,0.97387275685757302,0.20402715629310969,0.3113579575102583,-0.22529394866493954,0.9232003352414907,-15.901637675202386,27.522029571114118,-9.5034618061764355,,0.1374362297267933,0.4166666666666667,False,1
0.18575927206073831,-0.91079657012576209,-0.36870462526338582,0.97995095773652352,0.14421198247000994,0.13747372310133024,-0.072038970528015334,-0.38684946937952325,0.91932468408394574,-6.8251502837310998,-10.411632409985938,-2.4912610409429026,0.1650994838861365,0.1768433620152643,0.5972222222222222,True,5
0.18508878498406794,0.93798486915739343,-0.29313226861761754,-0.96284085779971462,0.23278469041810143,0.13692614965177527,0.19667136096705373,0.25689623029296921,0.94621599153503566,-12.406830939198013,14.718691618038248,-6.8265378553163751,,0.09735950613958252,0.3529411764705883,False,4
0.91150196097786829,0.30501929161589009,-0.27591195493425724,-0.25809443342585892,0.94650045950651218,0.19371149575734645,0.32023653534237445,-0.10535706856259894,0.94146080616019812,16.718181231885268,-1.7523481516802333,3.0943394327183928,0.1481095331525251,0.1393709685782269,0.2380952380952381,True,2
-0.50396968222906902,0.81412829436982415,-0.28846088071073639,-0.86273877819872113,-0.49041811962439619,0.12317413907249612,-0.041186890949793734,0.31094241950971263,0.94953591388811476,-9.903001807864138,19.932633722686965,-6.6838321433285666,,0.1235205227970455,0.4848484848484849,False,3
-0.53642978963213694,0.79263422451904264,-0.28978279265049195,-0.84085773174074663,-0.53131544883939019,0.10325777838208876,-0.072120425449581985,0.29905665006097737,0.951506050578386,-1.8671830612316795,-11.162442596929148,-0.93499306904717172,,0.1032618305191365,0.1794871794871795,False,5
-0.43305494855757098,0.86730811979261269,-0.24543845842003659,-0.90125198700504561,-0.4209975935109791,0.1024982057278227,-0.014431474257965593,0.26558925354721852,0.96397825750945976,7.5448601853711104,-9.5169497114548172,1.5109477736321348,0.3257495348586235,0.3055056353956353,0.4137931034482759,True,5
-0.93589672234730226,-0.11852814967668919,-0.33173544102763258,0.099664504646441457,-0.99231196624909979,0.07337539200866855,-0.3378820972072315,0.035609540478173551,0.94051456608272521,-1.0196935032434911,12.635523626647817,-3.1027093563279271,,0.7999261400365218,0.75,False,5
-0.64637345444444305,-0.57739310321887893,-0.49881716264061265,0.69230204543870089,-0.71865309909693453,-0.065234967921839401,-0.32081027924764088,-0.38749829356223675,0.8642487125911188,-1.7664489918540673,-3.7608249425864329,-1.5336959024385939,0.4691292022530928,0.2192009399011788,0.169811320754717,True,5
0.94538976207200032,-0.056766799573576568,-0.32096063346713111,0.12781431334144364,0.97041339404490379,0.20484468741782713,0.29983612036328106,-0.23468143327588875,0.92467449721568096,8.0322502182974223,3.4060862843159132,0.45128203526000105,0.1500480300883224,0.1418428023575818,0.3725490196078431,True,5
0.48111893942249923,-0.74610353223464376,-0.46027609683314863,0.87556163699103584,0.43517786253139634,0.20979048546629431,0.043776545758520663,-0.5039342686795506,0.86263194172941393,-11.857679444493147,9.8119324814589977,-6.0291728622663747,0.3340246747710774,0.257457956816878,0.5598705501618123,True,2
0.25295381792592603,0.95751257677575097,-0.13850643058342033,-0.94105573041062185,0.27674060212786145,0.19449614750745256,0.22456286037105394,0.081143727115354392,0.97107528919842279,3.049567623877528,19.66567979707046,-2.7016165520894186,,0.3852281829562447,0.3703703703703703,False,2
0.41482449152919582,-0.83031507285502804,-0.37215255073329029,0.90989248224666908,0.38035275354056275,0.1656123595179651,0.0040388090496986107,-0.40731887098913305,0.91327708027607835,-20.192005513410418,10.463736416335028,-8.779283910915348,,0.1045272270448799,0.1666666666666667,False,2
0.63068627582900461,-0.68314704286184513,-0.36816428304502558,0.76655217872149117,0.62235722705580987,0.15833268528241043,0.12096519655783848,-0.38207538491836923,0.91618001585998599,-1.3857137464826215,-17.002420902150806,-0.32037300661994483,,0.1444958908383681,0.3478260869565217,False,5
-0.70610737127485756,-0.61903557438723977,-0.34381294023694176,0.62739773647419173,-0.77204856915803144,0.10155337083571976,-0.32830543781419674,-0.14399987675028292,0.9335307038322479,-14.287290079576341,14.665475465167578,-7.4110975664378618,,0.1037776769536911,0.4509803921568628,False,4
-0.48875060805260151,-0.78987739496454945,-0.3704275152472199,0.83056542300673808,-0.55121580949530757,0.079512322743526209,-0.26699048903256867,-0.26880258980606897,0.92545191473123012,-1.0264227011734957,19.788826246205343,-3.9899047553399041,,0.1192160053235965,0.4705882352941176,False,5
-0.078637355313533427,-0.88762676640060034,-0.4538004957230759,0.9869675122805488,-0.13342823705520354,0.089955740556604352,-0.14039692322853739,-0.44081246480284186,0.8865512251541956,-5.4360467408696609,-19.961392395781573,-1.1916216523685392,,0.2292171009842836,0.2307692307692308,False,3
0.94286726202207005,0.023006920920313437,-0.33237329585388092,0.11392234324920711,0.91521668034699055,0.38652312702249031,0.31308629148465572,-0.40230474718104042,0.86030684321350381,5.4960015329061154,22.600507125696268,-2.2426781830500233,,0.3876860888442626,0.125,False,3
-0.56110002165315676,0.77381122558508753,-0.29390976992834456,-0.82392201649308849,-0.5562135162242553,0.10853126327198828,-0.079493876737711328,0.30305562447833834,0.94965152136626119,6.1788382819764127,9.017368060101413,-0.59278194585412158,0.239309570944271,0.2016711283290427,0.7733333333333333,True,5
-0.93890880737266247,0.13065449344505375,-0.31840171918609617,-0.17406667375388543,-0.97836398972694605,0.11182440115570172,-0.29690241583103283,0.16041604330050446,0.94133715985586586,11.295686121371745,4.7487972504061959,1.2848880101431555,0.3089720422869291,0.2495124984362665,0.7865168539325843,True,5
0.89873113413473094,0.33591135853984699,-0.28186150453869291,-0.27557063424967082,0.93265755651484417,0.23283193040258787,0.34109115215164321,-0.13158055129720236,0.93077568965040647,-6.3737553341302764,-6.7670644955614216,-2.6550020676127586,,0.1633490371950935,0.35,False,5
0.66983572818675241,0.69885330307997173,-0.25084688162051538,-0.67819538092674059,0.71337842189018708,0.17647167611574252,0.30227656630006339,0.051916162759585355,0.95180543679376195,-17.664706869477641,10.547563567730034,-7.9730086616576941,0.8494405208984576,0.5917988132740412,0.4054054054054054,True,3
0.94706332851377639,0.13327150350941566,-0.29207834246439368,-0.0063820620114302838,0.91740415619845228,0.39790562131526758,0.32098336571992336,-0.3749777600633758,0.86969038076143179,14.731127442028072,-13.885491312379283,3.7211796418385465,,0.2603565938767616,0.2142857142857143,False,4
-0.72043812130256146,0.62060012406042886,-0.30955516372726943,-0.67635627738531023,-0.72742061312472484,0.11576457853218751,-0.15333329519553604,0.29277079365508812,0.94380832957070737,-17.301078737219534,16.266732835539695,-8.5321174951431598,,0.08288644973765173,0.2285714285714286,False,1
-0.91516277630794518,-0.21949963921097629,-0.33807839511951499,0.21572679650792742,-0.97521340882243457,0.049201184145873655,-0.34049822632249194,-0.027905476867098086,0.9398309647123031,-8.568606155302648,-13.38490157089872,-2.6199022491437205,0.534282575667489,0.3165960149774514,0.8503937007874016,True,5
0.3958438044599592,0.88678037143195354,-0.23859642770517789,-0.87754133824419955,0.44183928745431167,0.18627733016780554,0.27060835564195918,0.13564150141041911,0.95308577838087705,12.655379974472732,-8.681545841848056,2.6747637350244253,,0.1192617759793282,0.25,False,6
0.50902550361648313,-0.75592160144444864,-0.41167410549808392,0.85896114723199934,0.47693314244177565,0.18633444444466554,0.055486793148234986,-0.44846104636888451,0.89207841901698959,-1.8002945403699284,20.409602593565836,-4.2406838793191008,,0.1342710081587714,0.3333333333333333,False,4
-0.036554895489474652,-0.91216917828766064,-0.40818026630126109,0.98742707249901474,-0.095827309277585287,0.12571755363768433,-0.15379049421787938,-0.39845265337130431,0.90420349861609595,0.59277972438372162,-18.015015797265011,0.26883790734206231,0.3941584805465383,0.3160160189895472,0.6346153846153846,True,5
-0.68145980506371728,0.69673026199351318,-0.22400775902850498,-0.72213325923556693,-0.689860194219719,0.051151425561279204,-0.11889529001747659,0.19662109361303018,0.97324408837561294,-15.738612138552263,8.8276834398498387,-7.1372504076666994,0.7777208714390197,0.8150295338765681,0.5209790209790209,True,4
-0.94620375689076697,0.00033245622247418324,-0.32357122850874581,-0.026178904515023894,-0.99679985644373692,0.075529538275692559,-0.32251064386186085,0.079937073167624689,0.94318447237494452,11.217857648728375,2.7711201802615153,1.339810283054748,,0.08973779713575677,0.25,False,5
-0.28164443111776538,0.93033113687312441,-0.23486249207719789,-0.95871881678917725,-0.26285603401670227,0.10846628838202209,0.039174542176163368,0.25571601659921855,0.96595790493163725,-3.2299530641263949,-5.6557101326902819,-1.7908927467680515,,0.07526941376809299,0.3061224489795918,False,4
0.93344316365708835,0.10745939021939982,-0.34225186584666401,-0.042773068225584306,0.98061230487556028,0.19123276957993526,0.35616614782488476,-0.16386575902340875,0.91994222001344539,-20.54910879739251,19.748561667888861,-10.011086471248641,,0.3290084832878192,0.8823529411764706,True,3
0.94384026576107338,0.017549339588571022,-0.32993571102272756,0.11974505793529895,0.91252938561906616,0.39108981255174968,0.30793939960346034,-0.40863448344663217,0.85918053115172821,5.6184383803465643,11.13331046125662,-0.97193155717090352,,0.1495901213064496,0.2962962962962963,False,2
0.21359823148069695,-0.81355376690250625,-0.5408382973376249,0.97489881110651611,0.14190292961107373,0.17156883945196988,-0.062833936781167443,-0.56390941375945958,0.82344281493133642,-9.4693653823640531,-18.948980873884064,-2.3846649871061008,,0.1421473383663316,0.2666666666666667,False,2
-0.46760968766721372,0.86531443611769987,-0.18047744082316669,-0.88121561442532437,-0.47235432870026201,0.018450719528644646,-0.06928362644067311,0.16766727410092172,0.98340605260634695,9.5163076874665418,-14.250964054080566,2.2835949688858372,,0.3357592042234742,0.4516129032258064,False,2
-0.928576766271203,0.22062640684373777,-0.29844459744571833,-0.18719586141984049,-0.97276689670916316,-0.13668311576090003,-0.320472929603421,-0.071053172132180265,0.94458908956294585,12.906619405480098,-11.66525480394179,3.0878903711389065,0.5672138785903906,0.3599095937008404,0.1428571428571428,True,4
0.94617292199967284,0.12970355712509371,-0.29653631977162404,-0.03650122106913898,0.95310867129601917,0.30041891012517646,0.3215967389994232,-0.27342430025408238,0.90653995471545668,-12.266702558361777,11.73230695484774,-6.4005241241319286,,0.2089740927399553,0.2105263157894737,False,2
-0.422441582638447,-0.78934465630036754,-0.44550883585848089,0.87167580536626865,-0.48852704031700839,0.039020779312707893,-0.24844395665218144,-0.37185527352608433,0.89442677506537682,-7.6323432225029846,14.0642856761974,-5.2773929938153374,,0.1304820365309463,0.5294117647058824,False,2
-0.93628410563415221,-0.056574568043354298,-0.34665745598149977,0.10097709002326716,-0.98863415314547221,-0.11138284663613886,-0.33641596398995482,-0.13929045008558377,0.9313551791275263,13.572508239441015,25.029131352850449,-0.10860235777941139,,0.2925756302321182,0.3333333333333333,False,2
-0.38812581083802344,-0.84555155361830003,-0.36660731735060414,0.88640908131951512,-0.45138076371459068,0.102636965576379,-0.25226433659084813,-0.28512799989147442,0.92469710076449763,-9.6662906359355052,15.559359467832957,-6.0740052716166604,,0.1255542129409702,0.66,False,2
0.84492232415061008,0.47634173612955932,-0.24332039900717178,-0.3964870260869276,0.86308754299795998,0.31285448896649903,0.35903245577061121,-0.16786436054988757,0.91810525113436869,18.020954788277919,-3.7632665912903351,3.6166024644520198,,0.4011036648526072,0.3125,False,2
-0.89628404216807189,-0.20054384526284935,-0.39554656095338725,0.26425507414199106,-0.95778857078435387,-0.11318263764851677,-0.35615189392318575,-0.20596897776620382,0.91144534046363557,-8.0822678797135339,-18.302173066848979,-2.1236437705376048,,0.2507159389157482,0.2222222222222222,False,2
-0.47320709515896059,-0.79940502854705553,-0.37017110290364535,0.83578215560875657,-0.54020953618620071,0.098192898824057406,-0.27846585689667619,-0.26291682591110943,0.92375944335937843,-10.638126819884029,15.427245643332268,-6.3459372574694024,,0.2212519671623461,0.7459016393442623,False,4
-0.79845793030222301,-0.41222520642975136,-0.43878846010514022,0.49408753516802217,-0.86511410227523422,-0.086342907271558855,-0.34400936197882742,-0.2857410877498463,0.89443255175695358,-11.138293831593364,-18.994533634505562,-2.8804490533799973,,0.4443507512595687,0.2352941176470588,False,1
0.76385197808537408,0.61093029961174061,-0.2080728828833073,-0.54872917268262267,0.7844853048317928,0.28892750223890756,0.33974468446482886,-0.1065221832262104,0.93446592974736964,12.962555307721281,18.115360366012634,0.52821888355235991,,0.2045961356269257,0.2666666666666667,False,1
-0.49963466296652403,0.81333943192258684,-0.29806739513434027,-0.86445595231418826,-0.49020961740265406,0.11140214322226044,-0.055507747845658595,0.31332650619726815,0.94802183015124464,-4.470838087860681,-2.8874920402126585,-2.3691261550202354,0.2073395946638638,0.1273987655582623,0.576,True,3
-0.91702900888020855,0.30335383196162607,-0.25890973235160591,-0.28857981629083929,-0.95280602258384639,-0.094246341878593029,-0.27528074124741847,-0.011710506485574632,0.96129255564376626,-7.3731699727284585,-11.33074781514782,-2.5186557649848629,,0.4842960928984885,0.1944444444444444,False,1
