axis_00,axis_01,axis_02,axis_10,axis_11,axis_12,axis_20,axis_21,axis_22,location_x,location_y,location_z,dbh,dbh_approximation,score,reconstructed,number_clusters
0.13177238217004444,0.98909224134107543,-0.065822317006613701,-0.97359372225033736,0.14162291204141153,0.17904807951956234,0.18641701449160858,0.040490602660346459,0.98163598538574215,-18.423954796468436,10.842855137954835,-7.796364604988657,,0.4534485015332338,0.6842105263157895,False,1
-0.25748518080407007,-0.8268437374351727,-0.50003081458099174,0.94283853122598216,-0.32828051163278421,0.057335937401858522,-0.21155823241350769,-0.45668516457878539,0.86410750184900009,-0.95550268318591902,7.0181567791897619,-3.2698282135446335,0.7528671072829246,0.460341773812603,0.2340425531914894,True,1
-0.90132319003758221,-0.33920759522152588,-0.26935982336737985,0.32657853236684353,-0.94069724374284458,0.091843115211400039,-0.28453992566526615,-0.0051868062085828198,0.95865015920499386,10.357958553136969,-8.184291780936098,1.4795688055145824,0.781260362770744,0.3855607629356325,0.53125,True,7
-0.29409386100057178,0.94244439101739885,-0.15908290530921632,-0.95244096034064829,-0.27508602506128238,0.13108735973146965,0.079781062835490912,0.1900690628582892,0.97852375206584108,-6.9461113985702845,-7.1816888867764437,-2.2276906539382093,,0.06593517676702045,0.2777777777777778,False,3
0.50631866499139722,0.85157471874133039,-0.13587460352086356,-0.82807405766030173,0.52410167731790092,0.19902458858785421,0.24069641565950045,0.011744370276241811,0.97052939432841612,-13.327314722121036,9.8972126107003948,-6.4608764303808348,,0.1375017455007557,0.3461538461538461,False,3
0.8136051253689861,0.56435919171628457,-0.13980487365845862,-0.51521246035885826,0.81124324281222615,0.2764787906557663,0.26944910588882576,-0.15291534820561664,0.95079654796326785,-12.02090432600904,-10.089829266887149,-2.8081767632689663,,0.3181995907990791,0.2142857142857143,False,2
-0.31747124805290339,0.94310995529221331,-0.098770536540261702,-0.94491393516732325,-0.30587497789373219,0.11652533211758322,0.079684765083019651,0.13032309897799477,0.98826425013072094,7.1219192612004791,-6.6409424648425031,0.68256122286771592,0.2912844296276951,0.1599564974181947,0.2741935483870968,True,4
-0.85478247034355315,-0.46028083700672923,-0.2397675530128221,0.44545811369157401,-0.88774123017762463,0.11611450033937079,-0.26629682187310538,-0.0075537624467414966,0.96386147517845155,-4.4602746105008606,-15.466341724687343,-0.29364749819729863,0.2162702525944672,0.1470178233153137,0.44,True,5
-0.699669502882453,0.70586037611272967,-0.11056091610608917,-0.71401048317336746,-0.68527130587036045,0.14350006017164585,0.025526783086714161,0.17934426889289634,0.983455142119109,-3.2498220152960835,-5.7905187503873412,-1.6634300286502599,1.139376912229811,0.5786229760888805,0.909853249475891,True,3
-0.30677188230259866,0.93283168806847927,-0.18898691479526408,-0.94887397379741856,-0.28423196453351085,0.13729665759703652,0.074358550809018431,0.22144351892239453,0.97233408551220224,-12.805617875912043,6.0193380269874455,-5.6308212142263141,,0.1025559489836801,0.3904761904761905,False,5
0.89960793863545829,-0.28928781414284843,-0.32713623665457014,0.37556032770373132,0.89477559693829867,0.24151826303362323,0.22284523104416706,-0.34013113899224978,0.91359225658315835,-4.774232165783693,-3.1126598309774058,-2.425945636437592,,0.3417196837698593,0.4424778761061947,False,4
-0.17502795576355151,-0.93780638303820696,-0.29980727581902933,0.96498256082416034,-0.2238281681485163,0.1367830707672737,-0.19538135020128639,-0.26536793151410526,0.94414299177478778,-8.4113977332905385,13.594590778970874,-6.0401466831552906,,0.123345065662986,0.4444444444444444,False,1
-0.9462018658768262,0.25030181490732017,-0.20506347911150652,-0.26639350498796116,-0.96231785342889098,0.054578837219584148,-0.183675065023652,0.10627017656009782,0.97722572625900705,-9.8142381809294488,14.644317977505168,-6.5617386191105824,,0.186138803658866,0.1428571428571428,False,1
-0.076716882645637044,0.99705060927381606,0.0021453353695212174,-0.98749940087332888,-0.076278771636277012,0.13793651537021354,0.13769333023771343,0.0084635420701303088,0.99043874887025429,-14.649832867061399,8.1281658606993918,-6.4321293764836325,,0.4178833522155512,0.2045454545454546,False,3
-0.89378004946677858,-0.36213864087413977,-0.26459937256349486,0.37202789218877019,-0.92812196028604554,0.013596847736542253,-0.25050443231357233,-0.086285755606709133,0.96426256682017664,11.163724180661685,-13.292374295217511,2.5507054373405351,0.62205339243686,0.4666923745766756,0.5348837209302325,True,4
0.71849400621111892,0.66187492316878038,-0.21374739558417333,-0.6392962291833475,0.74949919959106359,0.17190486079313588,0.27398301843480921,0.013135291876298388,0.96164482513902949,-1.8412872963191753,-14.556224192347702,0.10630462542964325,,0.07649638566942138,0.1944444444444444,False,5
-0.97220930573026532,-0.016199388981926164,-0.23355223323292623,0.0021631898139343243,-0.99818217720812996,0.060230073168358059,-0.23410336704392748,0.058051019807141446,0.97047704384907851,-1.6186728645111148,-5.1778737924741778,-1.3582622791532393,,0.06699385876475958,0.1951219512195122,False,4
-0.15966994108629118,-0.93355431778554054,-0.32090784605159384,0.96409658758671968,-0.21734225032633142,0.15257822920301742,-0.21218689808077823,-0.28502400244024967,0.93473955640905526,-18.070849226863665,7.5318189324642297,-7.1086965039406023,,0.3391005413202186,0.375,False,4
-0.20904851335638791,0.96868089784360822,-0.13400013886703463,-0.9700226322927723,-0.1880440464812109,0.15393352273878907,0.12391453467323833,0.16216274151565357,0.97895272274039968,3.3213959204958119,7.8644576582709727,-2.6013663799476405,,0.3993479164031901,0.1935483870967742,False,2
-0.26229832221389338,-0.92591468371974539,-0.27181167862316147,0.94035920804877771,-0.30848483775655211,0.1433933914522898,-0.21661982827445059,-0.21798876885398932,0.9516074540754027,10.646512852825428,-6.1181921717300636,1.2190707418366011,,0.0726371723460856,0.1,False,4
-0.50451570486018871,-0.7975093269611504,-0.33082136714456495,0.82582160297552742,-0.55754166549466411,0.084652060201545226,-0.25195750357621166,-0.23049113789343045,0.93988895713495535,-2.1434267603444148,-7.1709065940538395,-1.1887076550290068,,0.07037656992794789,0.2702702702702703,False,1
-0.5684085408194347,0.80682239415419099,-0.16108803498342267,-0.82273199098229999,-0.55855833789222797,0.10547347621735505,-0.0048787024732141054,0.1924843044571978,0.98128792451543345,-14.124590501584567,11.583144756803478,-6.9504129905121061,,0.06633284451678943,0.2941176470588235,False,1
-0.97205831544846877,-0.0007033806545825444,-0.23473844300229246,0.0041727698094819812,-0.99988927951616235,-0.014283441488919107,-0.23470240595188374,-0.014863847560610266,0.97195362372702387,2.4277333889982304,-6.3192262955534462,-0.30638014216291048,,0.07679731934855623,0.2622950819672131,False,5
-0.73546827298251549,0.64889062084768212,-0.19500610660188536,-0.67348563939954809,-0.73162676093258627,0.10554324331701452,-0.07418566545295649,0.20895751927892531,0.97510678501285164,0.81913482482413214,-14.029792159160582,0.64640070429905205,,0.08849061352682358,0.5588235294117647,False,4
0.34973266059772173,0.91945088645216477,-0.17971403260059637,-0.9077829587492745,0.38000101584132312,0.17756499588594815,0.23155380781937718,0.10104105780271672,0.96756061242821201,-4.5187981298826552,-12.094855238655722,-0.86993011671660936,,0.2998562746377449,0.8502673796791443,True,5
0.87376205870468737,0.45457743544793017,-0.17291390906959947,-0.40261981333601832,0.87551405780114055,0.26715617249438917,0.27283172593636673,-0.16381236148155864,0.94801284777603034,-18.926231492263145,14.412992703874101,-8.4527807092137799,,0.1114181617453913,0.2857142857142857,False,1
0.97183824675370867,0.059385312175376889,-0.22804343192582929,-0.01092903402667496,0.97804251213826532,0.20811871772023471,0.23539536605872488,-0.19976543531878579,0.95114814434449413,-7.7297815280279796,-10.967379078933952,-1.7241434392571147,,0.06597606484173074,0.2564102564102564,False,3
0.65364231776188486,0.73251502372775634,-0.19019321871190639,-0.70560237201995268,0.68072818334218721,0.19681065266763692,0.2736366441664686,0.0055570150953273278,0.9618170858081817,-1.1487247000591787,-17.754282751480122,0.78972903057101229,,0.1155743322685541,0.2962962962962963,False,5
0.64451990798201364,-0.69760139951482025,-0.31296385671483051,0.76441867018753196,0.59652524313158017,0.24458481346055516,0.016068132548056779,-0.39687519663210702,0.91773192895019429,-5.3377246347209413,-7.5043407381379437,-1.7626607753535939,,0.1428664131066187,0.3466666666666667,False,3
-0.19036289960805139,-0.90244333154443901,-0.38646862719215352,0.95408923508313404,-0.2627980726079488,0.14370422586697623,-0.23124813069794659,-0.34136960377942283,0.91103847101216562,14.680840919349002,-6.4907813871591635,1.9329067393038661,0.3406336128084831,0.1832740379755464,0.2727272727272727,True,5
-0.437321859810612,0.88066942396647985,-0.18212895602384685,-0.89853288523954955,-0.41950114640169617,0.12906371415217235,0.037259160952420184,0.22009123984886736,0.97476745999592662,9.0585484346888041,-10.925554328666305,1.7575069590815615,,0.06636805770783348,0.24,False,2
-0.31638447953639848,0.94155730373480584,-0.11563176420051813,-0.94571920504509344,-0.3035181076250355,0.11615482578263059,0.074270090328194177,0.14610476421855445,0.98647724330330189,-3.1065228481016347,-10.364994486946838,-0.86169125469782692,0.9968918993523255,0.2685513149735287,0.715,True,8
-0.066598162317778903,0.99770624953890796,-0.012121237845273358,-0.98704757273735266,-0.064099966978409972,0.14706557512439303,0.14595127244802117,0.021758535437241072,0.98905247191765844,36.234969284585532,-6.918537712857141,5.745713869336468,,0.3574656083897045,0.1923076923076923,False,4
-0.78519512322642915,0.59625896323944949,-0.16716419239194158,-0.61077193180295597,-0.79020797453304414,0.050289206655799099,-0.10210908766176703,0.14158603653256663,0.98464568677056663,-7.04942544937356,-8.1327629192714905,-2.0547245260307014,,0.2002950013683048,0.2650602409638554,False,3
-0.97383566222348039,-0.013733623160872982,-0.22683802718378424,-0.012549143765894359,-0.99339934369430638,0.11401869556553065,-0.22690663712747369,0.11388209491661708,0.96723536250744291,8.751354746570426,-11.875731500782353,1.7949658147417795,,0.0784385027923798,0.2727272727272727,False,4
-0.958073300839557,0.23299903736793892,-0.16675430670303171,-0.20938658023489842,-0.96662668411751473,-0.14761474712748898,-0.1955832565326833,-0.1065096340130407,0.97488608956455947,-5.3785157476305461,-7.2082813696126298,-1.8507422500140072,,0.3226592204018785,0.2526315789473684,False,1
-0.96992879014820321,0.098418242463819527,-0.22260276636191342,-0.12222430780799819,-0.98786852759157551,0.095796611500142265,-0.21047413290592151,0.12012336052736076,0.9701912273532034,8.12822783001352,-9.9289200280639101,1.4082553429905198,0.1971541926607686,0.1122636602985441,0.2580645161290323,True,4
0.30141546898074595,0.94872567845010702,-0.095227633114031623,-0.93968276109750581,0.31250112960630605,0.13906600048520315,0.16169422857753707,0.04756712146184941,0.98569383958739865,-7.0185701807067638,-5.0197233495702438,-2.5195857115051146,0.8667064009507331,0.7603268099102836,0.6213183730715287,True,2
0.3818493301655978,0.91440925656581529,-0.13433838081069574,-0.89162999402285448,0.40273159678720732,0.20688937794877971,0.24328387289520681,0.040779559291161893,0.96909751043593628,11.032195536974376,-5.1040793436754184,1.0899293326802992,0.672477020515154,0.2727052607732447,0.625,True,5
-0.52059926928317724,0.84288908754973646,-0.13606758214722797,-0.85311558564760337,-0.50714789459320164,0.1224532994036004,0.034208161993401293,0.17983047322201445,0.98310264090469079,1.7939398094205745,-19.262712109887659,1.6936536131324573,,0.2730344182102125,0.2173913043478261,False,3
0.86214741931441419,0.46571651554314741,-0.19952432062244074,-0.41687492652560743,0.87586352821848323,0.24306043604614258,0.28795333476757423,-0.12637724117506613,0.94926901872399372,-11.123331347265946,12.468230921026787,-6.4681463761212292,0.5334162488992753,0.3803090424123636,0.896551724137931,True,5
-0.97243532976748137,-0.0014342119611691212,-0.23316833502013143,-0.0046452246524512327,-0.9996634694300458,0.025521946928329542,-0.23312647062900874,0.025901562175564816,0.97210141331495215,-7.7248755917325456,14.886127682688869,-6.1776935942869677,,0.4132338597725643,0.8666666666666667,False,2
-0.96929654299755807,0.12761180179083215,-0.21018905722392189,-0.12744386676699618,-0.99174122872767734,-0.014401252209230081,-0.21029092361882837,0.012828222223483374,0.9775546860192148,12.833585096913575,4.0769727724053801,-0.17160093558536779,0.2810937367914261,0.3271412555421057,0.2857142857142857,True,5
0.69215905654446674,0.71922411503364747,-0.060270330989130594,-0.67317936254584099,0.67344388065306038,0.30545521022454558,0.26027943884573013,-0.17085084712992346,0.95029711235441461,1.218984881641314,11.404134538429769,-3.6390264284206526,,0.5489707134592537,0.2857142857142857,False,3
-0.42611244034874401,0.89430465721827856,-0.13655536700450424,-0.90320321309057605,-0.41195441722575776,0.12048864673090673,0.051498971279987732,0.1746789575360555,0.98327774191792794,5.8400987778997457,1.0373095179922187,-0.77721258911464652,0.2209558696626067,0.1386185664447541,0.5126050420168067,True,4
0.87500284992431121,-0.39403689872487518,-0.28125599561185599,0.47614013935015942,0.80548734325707128,0.35281823585562611,0.087524741210383922,-0.44263423082263736,0.89242050479586577,-12.04781579397457,9.4086401708889902,-6.1232780480169051,,0.2736428777123088,0.3134328358208955,False,3
0.37850495571026344,0.91252701516149093,-0.15501111283785712,-0.89585877373838618,0.40328079683226448,0.18655202068669288,0.23274676371267974,0.068257201135068474,0.97013911294951927,-4.9566876388228369,-4.6723627712644271,-2.2192854939342168,,0.1170683757236299,0.2863436123348018,False,5
-0.65732632793607826,-0.68511294333852513,-0.3139145639693921,0.70251604912831067,-0.70783237622924811,0.073787044112126013,-0.27275135071933138,-0.17202785248813249,0.94657969482188942,-15.302483852640441,3.6302641485238825,-5.8630908225442129,,0.1123327890212108,0.2307692307692308,False,3
-0.013666257634567254,-0.96162526452577834,-0.27402569957577461,0.9862323154011633,-0.058131189644893916,0.15481144934703614,-0.16480004083957678,-0.26813730702048238,0.94918034699580556,-2.647648814775259,-18.075832419674644,0.51192520494281524,,0.1029249531641432,0.2777777777777778,True,5
-0.765175860765411,-0.59280667145433008,-0.2511695689791052,0.58212661094796658,-0.80367828921572093,0.1234091417583259,-0.2750172920529661,-0.051782793691820359,0.96004376533016622,5.9908635291811292,-6.5088065004658064,0.4246557343580768,0.3208295655619993,0.275631166893873,0.8081395348837209,True,5
-0.30332345600055516,-0.88016995686708366,-0.36509687490921622,0.92714058211198147,-0.36107043711207659,0.1001922174859444,-0.22001186795474492,-0.3081054794584,0.92556241901169156,-11.981251811817692,8.3148786415370886,-5.9304475402752024,,0.1953391675738183,0.3636363636363636,False,1
-0.023798131339621262,0.99970098133745899,0.0056211082239588928,-0.98367722151822468,-0.024419098041428486,0.17827740046632579,0.17836135458929925,-0.0012866871284130943,0.98396421257345812,-1.6513234594656137,-9.70177440834191,-0.58697085666564663,,0.2740088094552428,0.2818791946308725,False,3
-0.3235382610754633,0.93264903363359264,-0.15965203939377323,-0.94359666243397256,-0.30547349935296575,0.12771562095734962,0.070344383313332884,0.19196802143945546,0.97887688014422303,5.2408449535451762,-11.322246805292373,1.0513574667755217,,0.0808596537509625,0.24,False,3
0.44149740131380572,0.87035217761623185,-0.2180989031422168,-0.86268193379100788,0.47858247642755691,0.16351970635697924,0.24669804568289982,0.1159564581002225,0.96213001932227848,24.007682461565036,-8.4388209650469204,3.8249749534583737,,0.1106376162505157,0.3157894736842105,False,3
-0.87966797262588803,0.44187957532377886,-0.1758598841348869,-0.45486546837817027,-0.88966916605625523,0.039826883456714562,-0.13885843011271184,0.11502702239232179,0.98360923160886848,-9.0947417242654822,7.6767679839633072,-5.2174991919364002,0.3141084460185268,0.1378659228981336,0.2976190476190476,True,4
0.46138990271650276,0.87681161045441569,-0.13535419256008424,-0.83529408885421674,0.48072925520508492,0.26680173971541177,0.2990035832502046,-0.010039071784813752,0.9541991795433693,10.316787781574357,5.5302090081538253,-0.83973271606194144,,0.5214588212146926,0.2535211267605634,False,3
0.31748925303697056,0.94162419420225718,-0.1120020138166109,-0.92254180262942065,0.33403821317078392,0.19322291412492798,0.21935632338112734,0.041980341049351416,0.97474122430422239,15.292720174999257,-9.3972186485481171,2.5360987781953068,,0.2084554547655471,0.2142857142857143,False,8
0.22257933312530362,0.96885805975297745,-0.10850115445095751,-0.95236702784060911,0.23987788885807604,0.18829668801929766,0.20845979168064821,0.061421970732694731,0.9761003312998987,-13.684644089563692,5.168838527244632,-5.706502247401704,0.7161139664131935,0.6479378925671513,0.6588235294117647,True,5
0.1799276515596987,0.98297606538274906,0.037203428455731463,-0.9638788153470258,0.1686293432266204,0.20615958364377124,0.19637634666483147,-0.072953406278307265,0.97781088712642494,-11.552760009256685,-9.1426119425791335,-2.874584705587357,,0.07186833506158724,0.125,False,1
-0.53069268881948273,-0.78458013026005036,-0.32062328242763433,0.802683727761209,-0.58670835901218932,0.10710805129678379,-0.27214720873254972,-0.20051763180914306,0.94113154028155688,-7.41686380987192,-14.136706576310949,-1.1276038746234245,,0.2475659308334717,0.1428571428571428,True,5
0.042456849345699314,0.99863533664494919,-0.030411845515628505,-0.98505892617004498,0.046925814943920056,0.16570117641274607,0.16690215072417619,0.022922310003113205,0.98570697460643275,4.9403810747310999,7.523963709381789,-2.108021323189937,,0.4774729532897783,0.2222222222222222,False,1
-0.70131260871184442,0.68270874308517815,-0.20510825672518304,-0.71011866563135584,-0.6942595156872382,0.11719729348267567,-0.062386742050937041,0.22784314120196347,0.97169717372414544,18.192073381612971,-5.7491798997650774,2.2839224730357435,0.4212662890492572,0.2315815351622335,0.3571428571428572,True,5
0.58235990052079245,0.78525512200255465,-0.21031248092817917,-0.76968220266520992,0.61586544762346684,0.16822323657562294,0.26162234836849024,0.063907306251320364,0.96305223276925978,-11.74557068293058,7.453422296282664,-5.7004904649060206,,0.07325862289100712,0.2631578947368421,False,1
-0.22781075997609629,0.97061262942070547,-0.077545994404207119,-0.96858687951545241,-0.21773821140878996,0.12012297083830145,0.09970814645570239,0.10247533801615366,0.98972576536576196,-12.304567370997061,13.120301924043609,-6.8094510523469536,,0.2499006861955257,0.3076923076923077,False,1
-0.60470852995816493,0.78699969330952402,-0.12230730365170589,-0.79567209786538107,-0.60372631831363965,0.049198020833789352,-0.035121310828884991,0.12706697173606291,0.99127215143949643,-2.321263031338157,-8.7102411189465894,-0.96042241803534145,0.7566762570163547,0.3819824944449539,0.1428571428571428,True,3
-0.11290789739411922,0.97962001670390975,-0.1661217312065803,-0.98421726811323818,-0.087337966239122405,0.15391052206047851,0.13626509404008852,0.18087758989506192,0.97402008276010421,10.18493010296568,-7.1924479206058356,1.2949585616258659,0.629829680256545,0.2524112016557247,0.2790697674418605,True,4
0.35804695165109041,0.9207194653084867,-0.1551710237622223,-0.89505284426567611,0.38577316897062819,0.22373973289132784,0.2658623448051361,0.058776936841024696,0.96221748337384794,0.81630458071544831,-8.617759713286187,-0.31892333823686758,0.849720487178534,0.6877834644326587,0.5063291139240507,True,3
-0.94986758913008917,0.25976676663861042,-0.17399077581962058,-0.25050531069264714,-0.96531200543913687,-0.073619436766740348,-0.18707926778500103,-0.026343103560389866,0.98199154194923388,10.328692656546659,-0.20280323050980492,0.15381486594098259,,0.7042993418161674,0.5189873417721519,False,1
-0.23154177512821841,-0.90060485106072263,-0.36783054334349075,0.95166339108205411,-0.28812495110640157,0.10639926044921402,-0.20180484742611973,-0.32541498858508022,0.92378562922330276,-0.93626691309173249,-13.151009118946298,0.10242055924844642,,0.7228241216583127,0.7752808988764045,False,4
-0.50427961485460782,-0.82869254513544377,-0.24283890890676438,0.82666168034687471,-0.54456636864848451,0.14169663504502611,-0.24966484792250776,-0.12929089594376789,0.95966209049742501,-8.0599340716494439,-9.9641309086021508,-1.9582282522929548,,0.2079008347849295,0.6102941176470589,True,5
0.86474384725923048,-0.39779886953105403,-0.30655201520642306,0.48063274403403872,0.83253457106622097,0.27546025728204931,0.14563737154183265,-0.38554149890692457,0.91112431019646656,19.515722323825557,-1.345643751990482,1.8360166402706222,,0.2757216327252363,0.2222222222222222,False,5
0.18673313007221909,-0.90805083480668147,-0.37493255332168907,0.97921073786949608,0.14125852200852515,0.1455759623050624,-0.079227955763793531,-0.39432183729392473,0.91555077393808948,-10.211105572854141,8.3060188826322943,-5.5472284992513963,,0.2633717730284185,0.2363636363636364,False,3
-0.46100693906218976,-0.81666797111957412,-0.34716858596933819,0.85266533943293488,-0.51603766436503395,0.081651380186740813,-0.24583413324074721,-0.25837676734590515,0.93424141688840345,-14.086038395883373,-6.3972812129545362,-3.8815483701493263,,0.07618651041051229,0.25,False,1
0.24585995574817465,0.96454298675320793,-0.095967228076595301,-0.95319003551778714,0.25856302302355033,0.15676070717664434,0.17601601730838068,0.05293382500937116,0.98296305720040777,0.2818392411027853,-17.848809742562633,1.0830195506526297,,0.3842092584001238,0.8909090909090909,True,3
0.61393337179941654,-0.70225630353008783,-0.36044680487314051,0.78925877049422655,0.55335519238553565,0.26621161555782652,0.012506325956916184,-0.44792199679433387,0.89398516575994447,-15.570366938500602,7.4972544971405188,-6.5303220504429165,,0.1694160678005485,0.2898550724637681,False,3
0.97314302639772343,0.0011175351978661673,-0.23019861269903719,0.052295596344665005,0.97276965459411358,0.2257971871033935,0.22418256126745378,-0.23177133173870007,0.94658556348997525,-14.458447910525486,5.1464798862179011,-5.8837218089570325,,0.0661212534656001,0.2368421052631579,False,1
-0.36763072853528656,-0.79318571097289026,-0.48549364089043012,0.90077905613992726,-0.43349099056116464,0.026127631388303388,-0.23118118317950784,-0.42771718344103482,0.87384968474732072,-2.8877886049444621,-15.681557311232391,0.070060686481755646,,0.3982540830381842,0.1666666666666667,False,1
-0.16698326480342612,0.96800251385107594,-0.18731717073879556,-0.97576486359797143,-0.13499668472128917,0.1722173803130623,0.14141966003078196,0.21153493397606712,0.96708502804278784,1.9191157664720275,-4.5042664110314687,-0.72537920216494123,,0.106421666942863,0.1909090909090909,False,5
0.2818123411491803,0.95370168974820591,-0.10504709109459306,-0.93403292305578034,0.29773485602731203,0.19732322254177717,0.21946367130779065,0.042509322245990716,0.97469413381752412,2.2441401273820407,-8.9710065026921519,0.022514797155074907,,0.1030697934768581,0.2153846153846154,False,8
-0.96845965299519776,0.16708352960218958,-0.18484857223169471,-0.17562265463588533,-0.98397841592908819,0.030710912788907058,-0.17675571758522088,0.062205876903694134,0.98228704826011881,0.61972451447335175,-12.269765365967887,0.26419761900358263,,0.2518406197201976,0.1842105263157895,False,6
0.91606411142556987,0.35862255580697411,-0.17948929278526474,-0.29977367856404552,0.9096491167841273,0.28753126086399305,0.26638747229977067,-0.20959090342934966,0.9408025126462024,-9.6984039602542982,-4.1550138749226218,-3.291894229297962,,0.0761706183150295,0.2068965517241379,False,2
0.37721180276595284,-0.88111138281628298,-0.2852262030838626,0.92442632719585105,0.33956218014436251,0.17359000951320927,-0.056100101971820443,-0.32915081176746969,0.94260942159070649,-0.50793688269892434,-8.082920001828386,-0.65397421162209968,,0.06870088325494644,0.1666666666666667,False,3
0.90899791994762635,0.36403204443313891,-0.20298633490143339,-0.32265326809666395,0.92288206643506776,0.21019885832011731,0.26385156834369966,-0.12557612065344109,0.95635400757470646,1.1913189682091003,-10.388333180725263,0.069064705393746401,,0.1845968683490371,0.1923076923076923,False,4
0.35951081096656773,0.93202514647964652,-0.045619109238928923,-0.90615752789218473,0.3603689885443041,0.22138818112058128,0.22277906419249738,-0.038253345280482132,0.97411814998611268,-6.5236802861706176,-9.8962172500886076,-1.6332030606132246,,0.3205268199728585,0.163265306122449,True,5
0.25934904300109879,0.94787043329123355,-0.18514782090725213,-0.94073975222687911,0.2913123374302875,0.17362557599908365,0.21851039443130726,0.12914628818975799,0.9672509724845374,6.3147397225217894,-9.692629635819717,0.98369779965044823,0.3137180207175129,0.1781958972426019,0.5,True,7
-0.73631997917695113,-0.5956658980669729,-0.32095953973191194,0.61851790799220774,-0.7848670920018056,0.037672873338411267,-0.27435102652951177,-0.17077993375304912,0.94634334597412739,-7.3431680067113554,12.666424636577879,-5.7109604754413157,,0.5426243618296476,0.25,False,1
0.2029175301646787,-0.91464010634641335,-0.3496540459003557,0.97578395769454651,0.15909639833647837,0.15011330368201323,-0.081670948677203772,-0.37164742956057417,0.92477459104539828,7.280761099453561,-14.781143158535667,2.0172384772105478,,0.149856016204253,0.1363636363636364,False,5
-0.57210429399774643,0.80154558341483828,-0.17384290177486683,-0.82015904807103246,-0.56063717370203836,0.11412753975534394,-0.0059843676823251174,0.20787168439101167,0.97813779712875104,5.871054464594045,-7.8049104595378527,0.59573571394104663,0.5428635368891036,0.2765680649472969,0.861904761904762,True,4
0.6546567132372767,-0.70241156184698783,-0.2793610309206358,0.75505640408668828,0.62533563203301301,0.19709179069040761,0.036254854310081061,-0.33996079934831702,0.9397405176139888,-13.400764140076777,-11.809326706037128,-2.7918972895177627,,0.07979771380483786,0.6,False,1
-0.94702069870512418,-0.19973152349139311,-0.2515136472398003,0.1927128444247001,-0.97984986864353474,0.052497566734000231,-0.25693103319334742,0.0012463719575392662,0.96642893724222889,12.044622042869342,-11.791891121232368,2.4360550497873152,,0.08361954836021634,0.3181818181818182,False,1
0.9524297699167823,-0.12988521685226001,-0.27569433040870905,0.23861133569209356,0.88056892666581243,0.40946672132159212,0.18958418672320787,-0.45577208759846266,0.86967214529996262,-4.8220044218597984,9.7909524029201158,-4.6475283609478533,,0.1883083049896933,0.1578947368421053,False,1
-0.67725472674297993,0.73198840943281451,-0.074289996367671945,-0.73441977174684347,-0.67864237739407662,0.0084924950532216242,-0.04419993180543047,0.060311624592055316,0.99720051843521484,-0.36874075207194434,8.9189110755510246,-3.5350452066740936,,0.2902850498653273,0.4666666666666667,False,3
-0.29335504463510759,0.95028006829185674,-0.1044538634726284,-0.95072871387471769,-0.27852796006065045,0.13615097531262355,0.1002882366045979,0.13924786271852552,0.98516612930361314,-5.8194387135355017,-13.230244506561162,-0.95904848653826991,,0.4245035796796313,0.5161290322580645,True,4
0.20350939868432413,0.97035684447841764,-0.13035152097705757,-0.9616626111875185,0.2231071341221994,0.15946231199810967,0.18381770015737975,0.09290210480751443,0.97856029555218771,-4.2932810782994748,15.186322434580822,-5.4163193578399573,0.3187791370845224,0.276752503097066,0.391304347826087,True,4
-0.29451408407955787,-0.82322834896539709,-0.48534167319372634,0.93035205811682686,-0.36306523267789992,0.051270700973629124,-0.21841818201918073,-0.43643868100828226,0.87282001322333758,-17.134742235907321,11.505903618232267,-7.5580885126437094,,0.3418278412963468,0.2272727272727273,False,1
-0.83346391091311767,0.53130780476454664,-0.15182202014757146,-0.54163510807740356,-0.83992203544150479,0.034093754234168439,-0.10940438246885133,0.11064805003288022,0.98781966477719563,16.136374741584966,-6.0297930839194631,2.0588461705134646,,0.1352577416249221,0.2,False,3
-0.66635622403822026,-0.66874759257516692,-0.32976664493311636,0.69778530539555383,-0.71517139090266091,0.040318100257674822,-0.26280230261464488,-0.2032401019958231,0.94320115069966304,-16.731452406198805,5.597647505715929,-6.4748077024116837,,0.5451960195982852,0.7777777777777778,True,5
-0.95207144575725744,0.22556335780145123,-0.20659412816200784,-0.239755346375043,-0.96973750727924835,0.046114432235613859,-0.18994034868418253,0.093436280925368154,0.97733941153959758,12.922407577159467,-9.406461900393964,2.1654993247171572,,0.3951898804919046,0.2439024390243902,False,6
0.97177849649879033,0.073157560525026727,-0.22426440885833265,-0.032471437858474915,0.98312990341157869,0.18000332980626543,0.23364965111455566,-0.16764117738779757,0.95776003058077086,8.8724669560624658,-8.1002133889966537,1.2012951480805607,,0.114153354345005,0.4074074074074074,False,5
-0.74707487657013638,0.64274634170955747,-0.16957673489219022,-0.66068017441820814,-0.74609618777880782,0.08271750547892763,-0.073354181397119619,0.17383215698170193,0.98203948254163786,-21.125241359690396,9.1103507857312387,-8.0917728233284887,,0.08735498118225327,0.1333333333333333,False,1
-0.92353434231277043,0.33222642258601187,-0.19159833690462855,-0.32215037865073931,-0.94308903798192112,-0.082475450732448052,-0.20809481517833223,-0.014445434366462645,0.9780019822688808,-8.8180334956365698,-12.053543369904302,-1.7853923860447716,,0.2571535898450171,0.1875,False,2
-0.28101594851540235,-0.89049226038137752,-0.35784573615016485,0.93509183099927906,-0.33796467797054436,0.106691818068125,-0.21594745721680619,-0.30463652217869569,0.92766550279530424,5.4698777949394639,-16.105280852419817,1.8550139762360793,,0.3213218251652493,0.4324324324324325,False,1
0.46824904776337406,0.85666429940992495,-0.21649274210743735,-0.84840436001528596,0.50435486843202137,0.16073645695974836,0.2468863527531403,0.10840869340335398,0.96296141356693576,-3.0572058219186307,12.606049271285652,-4.680827656039277,,0.1765131927055668,0.4375,False,1
0.17568342581524554,-0.91437413827247038,-0.3647674178874758,0.97384444449428653,0.10718719129849029,0.20034446323558719,-0.14409140092813943,-0.39042392508658863,0.90928918771672851,-5.9561906750125511,11.753880495547644,-5.2095044066243963,,0.2259047908671304,0.3448275862068966,False,5
-0.96795857076300262,-0.087519006077103126,-0.235364884512796,0.079954943605222026,-0.99593378481138373,0.041510279020494451,-0.23804077860637993,0.021361644284781083,0.97102022011589417,9.4794915859463789,-12.910811367945687,2.1662980060273487,0.342239539413993,0.232919114430798,0.3870967741935484,True,5
-0.7522969411760978,-0.57283602648508969,-0.32543539920829395,0.59346163915388939,-0.80372142745227648,0.0428386496852457,-0.28609892546087418,-0.16090604033052966,0.94459337867427606,12.714716115280352,-18.413078906295624,3.705956050732373,,0.5802964358398379,0.782608695652174,False,5
0.85961542958398329,0.47812462695387592,-0.18016146736014563,-0.43125466353912029,0.86804469973317055,0.24600368786038565,0.27400862832564965,-0.1337730928302357,0.95237809258599027,7.5078703705116068,7.3861487570723767,-1.7171856724093848,,0.8975451323038872,0.576271186440678,False,1
-0.9495258112877929,-0.19248680939431395,-0.24768843716947458,0.1814843095932068,-0.98112672674111856,0.066736732357352932,-0.25585968629257883,0.018416684920389392,0.96653848689372301,-5.4543697607596373,-6.1266105076069151,-2.0530129658471554,,0.07614332859977091,0.3184713375796178,False,5
0.94142278402512025,-0.20950564100225291,-0.26425466525044955,0.28549077357412389,0.91221965614145428,0.29385424474255217,0.1794941779625189,-0.35208334998605451,0.91859629584500158,20.407888630887882,-10.97766189278299,3.6959761237927675,,0.5915890446368393,0.5333333333333333,False,1
0.11619607330493048,0.98482687442684425,-0.12889724572374364,-0.9782951940969391,0.13589928850294983,0.15642856705609731,0.17157210074877305,0.10792317077923519,0.97924236195826819,-0.52331197367833659,-15.786534170225284,0.54281021908622806,0.7279883798843126,0.3224528309231598,0.4857142857142857,True,5
-0.19528321182001057,0.96868648015554304,-0.15333287431313031,-0.97721750441930899,-0.17893590406603294,0.1141397883849881,0.083128913368089252,0.17212915325399353,0.98156056275825609,6.2046646412337303,-12.940426958725363,1.5212310336315646,,0.2060229497448336,0.28125,False,6
0.93645226129286341,-0.24504829975551612,-0.25101492606300119,0.31304669241240063,0.90667139173223532,0.28275211013180368,0.15830012851902253,-0.34336324526842199,0.92576603475694585,-11.032985073360219,-11.820807016055337,-2.3108864999751528,,0.2257929646407086,0.3529411764705883,False,2
0.32983844920791905,0.93880629884980749,-0.099243794083263226,-0.91723065855494768,0.34357093951009249,0.20161083435919297,0.22337080478650836,0.024530445655932293,0.97442482563045851,1.4525600706906638,-13.299123819469422,0.55612726353300623,,0.08541452624611881,0.2258064516129032,False,4
0.10393987233910057,0.99422418831078785,0.026735113911992042,-0.98121043985971201,0.098111984552762821,0.16613281192295998,0.16255022500274388,-0.043500596143893427,0.98574090028094308,-4.9585366693594315,-18.661378776540104,0.16307489371543959,,0.1534867970130939,0.25,False,3
-0.28325387532178703,0.94301892078603811,-0.1745925461029888,-0.95484500510270875,-0.26028206318630737,0.1432629184886525,0.089656334665190851,0.2072885974264235,0.97416280930416776,-6.0983696940745498,-2.6191435782446577,-2.754003634256625,,0.1461034839065419,0.4707317073170731,True,4
0.69325702064342665,-0.6716286539195504,-0.26136115733370069,0.71859825916622866,0.67180045872732996,0.17972391487226805,0.054874814367472741,-0.3124085384363896,0.94836156599694277,29.829908702359521,-6.6098683237718969,4.4985081985334521,0.1801636844144304,0.1321611981341441,0.2857142857142857,True,5
-0.81355701600284747,0.55921565526389749,-0.15938266097763859,-0.57293222343533445,-0.81773005178961433,0.055373547381389651,-0.099366237032440657,0.13636500030405424,0.98566268958000458,-12.745717925838322,7.3122275013306224,-5.814552360824921,,0.562304136307751,0.5967741935483871,True,3
0.79711056912941902,-0.51777382918310211,-0.31068473151289866,0.59266537033971234,0.76936171780994,0.23839107778738428,0.115596277545023,-0.37415612915146357,0.92013297497488267,9.6657070554551616,-5.1390976349719217,0.86635712655668728,0.7105387304193115,0.6526365480843841,0.9175257731958762,True,5
-0.97315538955884773,-0.0025462490637253171,-0.23013496993780466,-0.020659983511493327,-0.99493527864096032,0.098371522286385821,-0.22921987883661751,0.10048536177643763,0.96817402320801105,-8.7110986362325065,9.0724627410134566,-5.3240074371685369,0.7977422329464869,0.9130553544803095,0.797752808988764,True,1
-0.29589982883972837,0.94537795161807037,-0.13676190948886785,-0.9512292149456012,-0.27855608066139742,0.13254995496241045,0.087213943418443268,0.16931343278364797,0.98169582333451055,-3.887930527550636,-19.253219386226871,0.49961157748446694,,0.5266786077126868,0.1,False,3
0.94435200710202039,-0.2293481529031707,-0.23579379008423884,0.27570706596076167,0.94285171597025985,0.18712630886982645,0.17940150629717283,-0.24172311939870636,0.95361681669655174,-12.918063253808658,-5.9652397865483531,-3.6818894344790509,,0.07293729192964948,0.1538461538461539,False,2
0.91609244633507958,0.37353934931136745,-0.14574973167677122,-0.29954872079995687,0.87920043019851968,0.37050933511296158,0.26654304274341889,-0.29576165751290273,0.91732210717408391,-9.401186928018868,-13.160377135283552,-1.7239064849616323,,0.6648425232368917,0.3055555555555556,False,1
-0.81468795319986387,0.54679698716158154,-0.19312326048933892,-0.56961975901110584,-0.81699343521793311,0.089749969108241054,-0.10870542330144158,0.18312504373192026,0.97706107757040228,-15.446678772000812,12.121543542708293,-7.2933867822304403,0.6869423027050082,0.5790741935958588,0.6853932584269663,True,2
-0.5744321718006361,0.81495207829595129,-0.076686309609430597,-0.81848814768636824,-0.5730328475945442,0.041358284232123455,-0.010238754677285203,0.08652436453853285,0.99619712017444673,7.235737167850278,-10.711704934338465,1.356781866584756,,0.1291021982551251,0.2727272727272727,True,5
-0.29713974532831433,-0.88524206038430653,-0.35784698723445163,0.92366824202685638,-0.36146128424652935,0.12721131499150562,-0.24196063815679353,-0.29273235987399671,0.92507449163046296,1.7402689275478287,-11.339998167183465,0.32729906544224374,,0.6321469648097569,0.6511627906976745,False,3
-0.91238683746057525,-0.29515645781753841,-0.28360698904874365,0.30529715340362579,-0.9522162128056042,0.0088279212613230629,-0.27266079100657931,-0.07852992728098511,0.9588999653607827,3.1036459502716718,-13.645432462428058,1.02519174973399,,0.1221873314705876,0.2380952380952381,False,5
0.92545944857739437,-0.22836822207259752,-0.30227928176807906,0.33933304553238652,0.85447040515575523,0.39336167953001561,0.16845739297680073,-0.46661363231303066,0.86827059427985886,-7.4548823870345267,-9.0686204367579801,-1.9432990449892011,,0.08939417520574533,0.4166666666666667,False,2
-0.54547117395163536,-0.79642779664202956,-0.26108229186167825,0.79766980234176887,-0.58892526775914078,0.12996120739231332,-0.25726267669420699,-0.13736736777978387,0.95652816030129795,4.7272743148459098,0.65272807747749062,-0.99167408316977135,,0.1246339791980521,0.1470588235294118,False,1
-0.16967257884384576,-0.93761901672858006,-0.30344982362395662,0.96615888354653856,-0.21896522797478893,0.13634969997053714,-0.19428903142634102,-0.27004593758633022,0.94304133730210093,-13.511498795179239,-4.2817258679005716,-4.1054575436506564,,0.1142402287801562,0.3658536585365854,False,1
0.16731434681664803,0.96694962027103637,-0.19239111519770422,-0.96666693830411288,0.19925641084551143,0.16078530133913585,0.19380644916790152,0.15907644261380327,0.96805668515137389,-12.548928206382051,-8.1071126624498699,-3.2326927113926511,,0.07325823469715428,0.1891891891891892,False,1
0.559656288639097,0.80672234293210454,-0.18969422764239913,-0.78791595870535514,0.58891436839675904,0.17991194711098668,0.25685264375538663,0.048774256631764462,0.96521903798354802,14.246386849306941,-7.7475047659867737,2.0928357290267905,,0.08023584965312276,0.3,False,5
0.20017123207148751,-0.9039169829126823,-0.37797561542117608,0.97388363917960263,0.14137556616692032,0.17766149450366914,-0.10715472546405577,-0.40366698811398605,0.90860928209968583,7.2699520070477313,5.4663771253134925,-1.3200098690364146,,0.2121923478292307,0.1785714285714286,False,1
0.95018133543832761,-0.19073150060151109,-0.24652976384796679,0.24712134641976277,0.94299986848350625,0.22289524037936576,0.18996439121141145,-0.27271366434116817,0.9431546995871315,4.5675629865539644,-5.6789663788947164,0.065404434650514695,,0.09234263565029385,0.4215686274509804,False,5
-0.59151216232539172,0.80355140918039947,-0.066471758103230666,-0.80608314540702675,-0.5912374775199627,0.025849716952940929,-0.018529018102821079,0.06887218582292054,0.99745340618402789,-6.0575341935006577,-11.829547866232469,-1.2224646615872015,,0.4213099927757324,0.3,False,2
0.87374846706422027,-0.40524461530807238,-0.26896174089772895,0.47670570923037403,0.82325372951331399,0.30822875211372625,0.096515714213234849,-0.39752999711497389,0.9124991059193851,9.9302362711043006,-11.587904814838778,2.0459109855612749,,0.6147380460977808,0.64,False,4
-0.76361137689974357,0.61562924036671784,-0.19467486605819778,-0.63921336683242991,-0.76334101625599982,0.093363614775825818,-0.091125938854032723,0.19573229500201836,0.97641432392259386,-5.9475251771816229,-15.846899846582721,-0.54987222648634848,0.8120114549810717,0.1988234162435948,0.45,True,3
