axis_00,axis_01,axis_02,axis_10,axis_11,axis_12,axis_20,axis_21,axis_22,location_x,location_y,location_z,dbh,dbh_approximation,score,reconstructed,number_clusters
0.52629893034097319,0.81123306818282648,-0.25477508710355884,-0.8225518128168593,0.56165276153991017,0.089189072684335735,0.21544825632537973,0.1626255962057363,0.96287847847227459,-10.046818133153881,-12.497350015289614,-3.3232745652920723,,0.9054555975109129,0.323943661971831,False,1
-0.92015288283349528,0.24918077663367416,-0.30203909145911439,-0.25896169202186692,-0.96585522837649451,-0.0079069515593223408,-0.29369629599022862,0.070940949909264472,0.95326274832681435,-17.15544714092773,10.782338504123052,-7.6582021355114991,,0.08156951745289968,0.2727272727272727,False,3
0.49262047909241913,0.85936325724639451,-0.13718547909171863,-0.84510419446006846,0.51002500685221197,0.16022918863740562,0.20766310236716554,0.037003844128277119,0.97750025648844496,9.819422838296191,6.0299687139552844,1.3896172139533054,,0.09916628885097742,0.6666666666666666,False,5
-0.94187553414214209,0.18646277463572064,-0.27946755063800077,-0.16469159618843471,-0.98129578347747637,-0.09967579181642508,-0.29282615376595139,-0.047856232660691708,0.95496734219876089,-6.7242012422087383,13.833909095684911,-4.594082027207735,0.346501840905222,0.2493875048231287,0.3611111111111111,True,5
-0.87643874802603106,0.42670775761101581,-0.22310448348956063,-0.3889434957702092,-0.90051665147984439,-0.19440349149533998,-0.28386278032988799,-0.083607714967628199,0.95521289351708327,1.3614228329183986,-8.441275214042923,-0.032553782390524567,0.734454109242721,0.6314928518916226,0.3181818181818182,True,5
-0.14426730191574147,-0.9227558783708617,-0.35736330887483747,0.98454771332000046,-0.1700785309307378,0.041702440130049638,-0.09926099835439206,-0.34582493005632525,0.93303396077379064,-1.3075993497084446,-18.202433137873914,0.032619216849666094,,0.191355278155907,0.5609756097560976,True,5
-0.43304531668987173,0.87501422144436136,-0.2163836083512036,-0.8962769908777628,-0.44349460748433822,0.0002979184713501476,-0.095704280552499466,0.19406866156706276,0.97630837611970622,-0.66479620460550892,10.194315974616091,-2.3632945033403963,,0.1887856608020191,0.25,False,1
0.71965959198194385,-0.60290915181609517,-0.34436989752993946,0.66437225352866391,0.74205573606070541,0.089234485041664174,0.20174137009951298,-0.29300825796520358,0.93458364010642181,-5.0958212526008024,6.3675075284562022,-3.524519630005007,,0.07333216951478765,0.3622047244094488,False,5
-0.90580508809762528,-0.26832147213860208,-0.32790353759273067,0.28640632677047739,-0.95808134120783384,-0.0071805024365474285,-0.31223157809916746,-0.10041778337910116,0.94468392090631648,-9.6319534936536471,-3.6723379512438483,-3.9528262766766575,,0.0785735577482081,0.3690476190476191,False,2
0.94830329068657593,0.11487603855896422,-0.29584517004340344,-0.047475501259206854,0.97304979956544868,0.22565496747429803,0.31379443215773917,-0.19994395047272329,0.92820012444308719,-14.426775859264994,-11.196450450497476,-4.8542950758046395,,0.139355139419039,0.1666666666666667,False,2
0.28496874812162271,-0.85213670291505605,-0.43892579343102595,0.95430409824290729,0.29520330473260448,0.04646177947241064,0.08998055718203285,-0.43210883862750304,0.89732126404605161,0.26727842097880106,-20.15547317339982,0.61193364288751206,,0.2151024938844361,0.25,False,2
-0.61029115181232019,-0.72618021812198641,-0.31655489386186358,0.75525554883326917,-0.65394584553783996,0.044089534589928363,-0.23902670557104869,-0.21217238725174253,0.94754900248575402,3.8224766162514423,8.4188413689498258,-0.7854646422221061,0.2464574032786811,0.2210440812596526,0.8287671232876712,True,5
-0.29589773975207123,-0.89444269932965492,-0.33528612441539735,0.94491030544278631,-0.32551049728016956,0.034459118219098105,-0.13996085980600653,-0.3066189390372005,0.94148594463542878,24.198889901483685,-7.4103382372576334,7.1653770162053245,0.3612766599726398,0.2500694162814224,0.7307692307692307,True,5
0.82582555806156699,-0.38691989941260879,-0.41025009334653251,0.50630709838052501,0.829071450210905,0.23726283437293855,0.2483249278300409,-0.4036502469759235,0.88056868462061566,-19.780499080414231,8.3689081835430486,-8.2431966927255438,0.6064596583133675,0.5238660408780168,0.3980582524271845,True,5
0.56170178725290765,0.79647617127053094,-0.22386784225325254,-0.79646929212752748,0.59379644805209886,0.11420352437025683,0.22389231539909174,0.11415553810021076,0.96790533846357441,6.3064131424339251,15.749046446861623,-0.58710770074077878,0.3591473212153107,0.2705033182395908,0.6296296296296297,True,4
-0.66273994053888374,-0.60897365579276597,-0.43580598638030643,0.7007095421275944,-0.70959529154267009,-0.074031478384609356,-0.26416265592595572,-0.35443703075563071,0.89699079284197669,-17.52315071608712,12.396711822981954,-7.9487015443614695,,0.2248559823496521,0.4230769230769231,False,4
-0.83155729917348187,0.47270290486884237,-0.29165805649743692,-0.49861081847836614,-0.86665973815363706,0.016974980406545132,-0.24474417232620183,0.15953953112638608,0.95637201345519041,-11.202084988036052,10.700453320012945,-5.8593989131944868,,0.09462884657322226,0.3902439024390244,False,5
0.10235361799143272,0.99316303704834163,-0.056133044857548164,-0.98419325187962114,0.10930472841054958,0.13934173567784147,0.1445246686164037,0.040983633172421985,0.98865209349563821,1.9862129974401523,-11.192329653270278,0.39544104562483579,,0.4102667810124356,0.25,False,4
-0.43016291879785146,0.86182556276902178,-0.26873139498237542,-0.89814535270799567,-0.43859853593664344,0.031084556989994974,-0.091075730578153505,0.25473127729451145,0.96271345044492018,6.660495387724561,-7.4317749317879906,1.5961933462441167,,0.09586765774277702,0.5217391304347826,True,5
0.92444437665825741,-0.17920607171747677,-0.33658249854161632,0.24912575150515151,0.95210098215265104,0.1773135068768068,0.28868487040702373,-0.24776784223048087,0.9248092462527242,-4.2752767307936379,-8.9419257404151207,-1.7463098375994017,,0.1050312516380326,0.303030303030303,False,5
-0.20941188313275289,-0.87802015976154535,-0.43038036927246653,0.97025294002578377,-0.24125826622690813,0.020091822926476807,-0.12147384728457766,-0.41337035214138984,0.90242398926246759,-1.3367336587705845,-3.6572189767630188,-1.3112513658564053,,0.09505865196858092,0.1386138613861386,False,5
-0.69029637502819052,-0.60080186911646671,-0.40314765122607477,0.6679049278688155,-0.74338603530500691,-0.035780020151702778,-0.27819763110330942,-0.29396312112178979,0.91443521447330733,-8.543159137716863,-5.6915572567968971,-3.3807479305435701,0.3517565917340356,0.117637065113174,0.4358974358974359,True,5
0.8556554691822047,-0.36494953025664345,-0.366968061858301,0.44504717254279713,0.88077164972267608,0.161784780670057,0.26417178553025733,-0.30175013075432466,0.91605683574738117,-16.789482684653965,-11.554938703483764,-5.5889815659354438,,0.0908271056299567,0.275,False,2
-0.3160962403626647,-0.78769036957378769,-0.52879773875206659,0.93641673624085719,-0.34853513526111102,-0.040582700458935021,-0.15233798907892038,-0.50800309169258906,0.84777709093497078,-11.961927690062995,9.088753900857931,-6.0056304543227412,,0.3372124086534404,0.2,False,1
-0.69410062871708966,-0.5696921840192779,-0.44008536976578494,0.66792129461732197,-0.73768375465781733,-0.098507980949093202,-0.26852460112857957,-0.36231684142652243,0.89253629898589937,9.4244741555903637,4.61003807606303,1.440226488647242,,0.1054352077739371,0.25,False,5
0.43915955071649337,0.88640159817508324,-0.14639363294605875,-0.88238619721750289,0.45619980598711179,0.11522298372006679,0.16891858386370928,0.078574447309409434,0.98249303725548054,-7.891830872546941,-8.5265947180084964,-2.8957864798824655,,0.3336474591396897,0.1578947368421053,False,4
-0.95005504252932182,0.042270750507661617,-0.30920640325861432,-0.035046848526649257,-0.99896822309040012,-0.028882653340016384,-0.3101082626647666,-0.016603400468834229,0.95055625426374035,-20.305850386671697,-6.035114191554495,-7.0820642781784056,,0.1911518402336853,0.6363636363636364,False,1
-0.85252933682705101,0.42366311041399779,-0.30610994548293402,-0.43018176073694225,-0.9013861255347998,-0.049464183230143899,-0.29687940746790148,0.08951324800105169,0.95071025862447134,-13.04541700172517,14.004629416532502,-6.6870649017705137,0.3111969823488274,0.202595397635407,0.3829787234042553,True,5
-0.49350623777332947,-0.78840407641657395,-0.36724733568610701,0.84503164853572243,-0.53457981225804807,0.012080451115335337,-0.20584728866762889,-0.30437384351464891,0.93004486834362288,-23.744824084012794,10.98637020620766,-9.6627289614099912,,0.4160245655973026,0.4833333333333333,False,1
0.84914943896391737,-0.30306556041163069,-0.43254652512723979,0.4626211881312654,0.82192019190004795,0.33230834241560281,0.25480750891463494,-0.48228462990165211,0.83813761946433696,16.344711243202219,1.3684568172542992,3.9483579983323032,,0.573365478069225,0.2592592592592592,False,1
0.52827850207763427,-0.66532902204363986,-0.52750271721486541,0.83906969292482381,0.50415733006237062,0.20441975677371546,0.12993796465103735,-0.55060210585397962,0.82459289735693819,-8.2521482765556851,4.5137332154760257,-4.2844802941842621,0.6933198347016478,0.3347602082521378,0.2462203023758099,True,1
0.95688959315937916,-0.015923508831820019,-0.29001508300390411,0.084336767383853012,0.97070957656584278,0.2249671701173406,0.27793815170019442,-0.23972767848090795,0.93020482905628621,-14.188516438999351,-1.153802895494626,-5.6388646320581151,,0.3126017469915398,0.3658536585365854,False,2
-0.74915922070210261,-0.57417409202355008,-0.33027953930867504,0.60312597707573046,-0.79743695683416305,0.018258029781839845,-0.27386039840302601,-0.18552199849074782,0.94370655940421178,-4.8269302806810481,-16.179326363284311,-1.3148480770877049,,0.1194540649391587,0.1764705882352941,False,3
0.91552690606919085,0.27858116870536581,-0.29017756065231848,-0.25068437089457823,0.95929562305154337,0.13003558660360159,0.31459152953086172,-0.046308099042237885,0.94809689879807613,2.0659939699851306,-3.0034858137385387,-0.28738041102398332,0.4291899425076843,0.299557171475706,0.5149253731343284,True,5
0.49320248532987876,0.84432599986113499,-0.20943952450033732,-0.84479647320700701,0.52231031234003811,0.11623620984984082,0.20753367755965557,0.11960578406477054,0.97088837107919779,-3.2969244232901747,20.398343398900305,-4.0432781848589379,0.4591873107700835,0.2428213969777033,0.4705882352941176,True,5
-0.61983952098335382,-0.67439980822732049,-0.40122794878981277,0.74641302626266426,-0.66449845669820362,-0.036185567165890858,-0.24221181319774282,-0.32191101209598222,0.91526320686390672,-15.432385344788619,-10.483521904532985,-5.1811126736057771,,0.3432594413513506,0.3888888888888889,False,1
-0.10543795290754505,-0.86813837000179706,-0.48499341090090087,0.98914600957249821,-0.14175019737388733,0.038691772914504062,-0.10233772439071476,-0.47564971573111209,0.8736614550793933,2.4683177065549486,-5.3638122163291149,0.099284718717674317,,0.309542751995972,0.3225806451612903,False,7
0.42521906671048193,-0.79162215929970192,-0.43877454599320787,0.90073308158558396,0.41763271616905207,0.11942709124230982,0.088705473580866237,-0.44600142521177999,0.89062566079462158,-11.024645757146896,0.82088713393343149,-4.8108899126687179,0.662972439457667,0.5323637869602034,0.8746928746928747,True,2
-0.95973087676038749,0.098264125554506865,-0.26317447790724047,-0.053212442005389007,-0.98345676320577213,-0.17315089061466307,-0.2758352410562574,-0.15217409941851479,0.94908269568968662,-3.2641304684330641,9.3625853103438814,-3.1350097550911795,,0.2935490508841818,0.3235294117647059,False,2
-0.0041458755485781328,-0.94210107211260641,-0.3353034172808475,0.99791752930642807,-0.025481409352688521,0.059256244230929206,-0.064369374852413438,-0.3343594887268479,0.9402448169915274,3.8886044780595159,19.596425799981503,-1.5721739903811593,0.2236860064507268,0.1829399423788461,0.5217391304347826,True,5
0.22376761535591816,0.96972825137000007,-0.097750564258258038,-0.96348248260983282,0.23522399457508403,0.12794990457258643,0.14706991542092857,0.065549911296833518,0.98695169542741956,-7.2442987764053184,17.167964116058286,-4.9708209720733336,,0.3494493684015569,0.5977011494252874,False,5
0.81748557494570695,-0.47295074586354607,-0.32868666955446069,0.52163482135295736,0.84991715598948303,0.074417344126336923,0.2441607009896469,-0.23228951750319071,0.94150259274756087,12.128779085535324,0.43211035472627096,2.784877313021457,,0.08168668571895396,0.4210526315789473,False,4
-0.6288438016052722,-0.66603279251216774,-0.40119296165445567,0.72551030472513545,-0.68819091904140706,0.0052968562926586707,-0.27962523298205882,-0.2877387326158713,0.91597824801266003,12.461877930945967,4.6082908090236794,2.3435282035007079,0.2943964455712322,0.2566993838513362,0.375,True,5
-0.029113096583010232,0.99623907306828308,-0.081609661801756772,-0.99864192858558121,-0.025459797921683566,0.045454341494060392,0.043205625539042253,0.082822146686957004,0.99562732281709954,-10.645007475862069,12.997710303935611,-5.8503540291010321,,0.2555960581982129,0.1967213114754098,False,3
0.013746245355502992,0.98470906639291178,-0.17366374204832455,-0.99832043401096315,0.023291380610651932,0.053045476955268546,0.05627923040330679,0.17264288619242454,0.98337535156844436,-18.210129442506872,-4.9245864745628776,-6.4682992685327712,,0.1757313463446293,0.3636363636363636,False,1
0.70184740275024304,-0.57486183409562819,-0.42064723338321175,0.69490987413368088,0.68234299464551496,0.22695441059760052,0.15655826418382252,-0.4515992796256465,0.87837782335242687,-2.0895881676385297,-1.2630509866325659,-1.83439908537114,0.7937240033822611,0.5320693632205498,0.4848167539267016,True,4
0.93792343708041492,0.22084632048238076,-0.2674444407809885,-0.14425111075339411,0.9496096095117964,0.27826822773947124,0.31542232517955049,-0.22241513494420251,0.92251843587327775,13.998981599780786,-6.6765748159418665,3.8639666354627296,,0.7172011286165709,0.6,False,1
-0.66442007838056671,-0.66710875799966374,-0.33691521848219869,0.70213263577875451,-0.71162784956331693,0.024404210707734911,-0.2560385151088414,-0.22034452279563208,0.94121866219004846,-0.53567096446288875,-12.886438574003817,-0.24696268701700566,,0.08135947355909175,0.2307692307692308,False,5
0.50545628809798016,-0.78468361817346222,-0.35886705085925286,0.85300447871193397,0.51707616690432323,0.070820879102955564,0.12998961542982873,-0.34191206031630161,0.93069804066123851,-14.988908028199043,-8.3940878507056151,-5.1640843380271786,,0.1018544513070813,0.2926829268292683,False,2
-0.94802961701101374,-0.010216812665246679,-0.31801802151594483,0.018329650858297349,-0.99957815063540623,-0.022528752111811767,-0.31765369377573055,-0.027187083537330702,0.94781696192849929,-0.040734842566204965,-6.8860312974945659,-0.55788225344513409,,0.06871802211750935,0.375,False,5
0.84023855586980867,-0.41965957246457075,-0.34334386912929471,0.49226160337220742,0.85588619181052072,0.15854759699695681,0.22732725985953384,-0.30223280746295511,0.92573087180768576,12.332292136827533,-6.9005251696642507,3.4327460076521938,0.7273128238383395,0.4966197020451781,0.2439024390243902,True,5
0.66915539689922943,-0.61148713367147034,-0.4222730634966963,0.72257507831247669,0.66809842018350341,0.17756620497725781,0.17354051688972688,-0.42394337629282142,0.88890702702537461,-4.6293672378633692,12.655945188199862,-3.8604998627137546,,0.3432688908392432,0.2325581395348837,False,5
0.9275139897306498,0.21572454811418085,-0.30525516898959543,-0.19506459464127879,0.9759794201622074,0.097025642679018947,0.31885357575440104,-0.030448165146286774,0.94731478742171993,13.38771553715848,-0.14461963648264275,3.2466229129020321,0.1824718254852527,0.1345576308694842,0.2826086956521739,True,6
0.82037730593951486,-0.41798748650668166,-0.39021473194031525,0.5135343771089188,0.83871064782915761,0.1812371174603897,0.2515224034291581,-0.34907149746409105,0.90271012525140015,4.6797643592559348,-3.0283996793555654,0.56340079556426437,,0.1515555717795196,0.2272727272727273,False,5
0.8568719969433547,0.46885188694759339,-0.21435552001287353,-0.41711576272475248,0.87487469408174223,0.24618836313263576,0.30296009859527101,-0.12154084811724652,0.94522113862211343,-17.708007708710085,-10.607175545576837,-5.9164409185247102,,0.2868673835272325,0.3846153846153846,False,1
0.14090800946052701,0.9863944594571894,-0.084681185761850158,-0.98371071331871118,0.14913978609788184,0.10035216342795739,0.11161615193091684,0.069161366056772894,0.99134178771667669,17.748612768910217,3.6181578950961746,4.2304443733624097,,0.365349413415598,0.3461538461538461,False,6
0.47079927940507676,0.85789458935178542,-0.20582738416593951,-0.8392720862636498,0.50743196184660355,0.19528228110908749,0.27197500570883759,0.080806420892399783,0.95890558378405488,15.470838927784987,-6.1781514830051751,4.3010607987314771,0.5542622269612837,0.1988477471173281,0.2222222222222222,True,4
-0.91635511072310338,-0.21691489571789599,-0.33651335644717745,0.24474269654001529,-0.96867571956628284,-0.042051906176389015,-0.31685063285714421,-0.12089366541899593,0.94073928275563601,-0.31324852113049034,5.0167361249170037,-1.8497163454750816,,0.07729903025253099,0.3620689655172414,False,4
-0.95760826517062392,0.13088067925760943,-0.2566255214782362,-0.10600471298220591,-0.98842383639787168,-0.10854179133437344,-0.26786080583480304,-0.076737001750011732,0.96039680406587657,3.4026424094154186,-3.2268042438149989,0.12033305282338505,,0.429302092764711,0.573170731707317,False,5
-0.46535153436179472,0.84893984364968245,-0.25049768727710298,-0.87028498978525104,-0.49045087823299771,-0.045408948401915145,-0.16140627627700821,0.19687325340059572,0.96705167187377106,-17.216727736073508,-14.865932176890034,-5.4095846186128558,,0.5936132197914602,0.8613861386138614,True,2
-0.90006968395967846,0.31163694664780095,-0.3045603019120548,-0.33405420995513879,-0.94227155123871875,0.023067477916505982,-0.27978982974363859,0.1225019885969863,0.95221369133289147,-1.6800895070790829,-5.4164982049577493,-1.3076476232714036,,0.0865281778002361,0.2027027027027027,False,5
0.18934441677517008,0.93607186776478557,-0.29650994960610927,-0.97531788386140827,0.21422757109251955,0.053493674428892996,0.11359453004513734,0.2790627280077837,0.95353042771622065,-4.1551620670285363,7.1136459866907229,-3.2751285370184084,,0.07951491592632269,0.4266666666666667,False,5
0.5915192515291241,-0.69858372672514923,-0.40259874791810835,0.79928015137953445,0.57374881226838126,0.17878350044490016,0.1060953094209863,-0.42754307055012053,0.89774757484687262,8.6516195801309959,-10.244385483932842,2.5002916901831509,,0.2469961406236443,0.1578947368421053,False,2
0.78194918637800037,-0.5119122355936212,-0.35567025876832348,0.58172221918193845,0.80428789769230113,0.12132698519183878,0.22395251646906317,-0.30177282958417717,0.92670298893007508,4.2092550321108106,-2.390486369481263,0.39628165996380155,0.1416782351567175,0.08967716411662685,0.1891891891891892,True,7
0.43430804078569246,0.86421723758950819,-0.25397852657666764,-0.87929416378264202,0.46794886530623586,0.088688403956731221,0.19549501079740977,0.18480374918212036,0.96313512813184954,-18.734549121561166,15.852615150625196,-8.5832502403755715,,0.09651151190640642,0.2352941176470588,False,2
-0.58768222678038273,-0.7146542139622778,-0.37934015710495539,0.77477899157886931,-0.63216306462955196,-0.0093474021099518995,-0.23312467594504702,-0.29939808647373511,0.92521006873108824,-16.509392650543457,-8.4982605748076772,-5.718378906028911,,0.1392785841857192,0.2173913043478261,False,1
0.25822843296210124,-0.84947491030876032,-0.46012004212581503,0.96600647448902821,0.23307056679704891,0.11184633269884604,0.012229785575229662,-0.47336084296108261,0.88078371050783955,-2.4728855813616772,-8.9338615651467226,-1.1754396659481412,,0.2036965834811609,0.2586206896551724,False,5
0.87062927912006927,-0.35805189491559386,-0.33734774178319699,0.43697257265909262,0.87785927030977795,0.19600528634421949,0.22596377825342712,-0.31805965176132917,0.92074884134540147,7.0045129027908892,1.9870055909618403,1.0235236572021396,0.5124126030093454,0.1856037839611401,0.2790697674418605,True,8
0.80331322523378723,0.54012077388161495,-0.25091315586477092,-0.51819594434424421,0.84155402990346595,0.15251156683483263,0.29353164297852147,0.0075076211121918868,0.95591987645177046,-10.224713671605786,19.307807126258453,-6.0820240567365049,0.9429130495731388,0.9089922050728261,0.9036144578313253,True,5
0.34933580195247571,0.93329142419574773,-0.083256321062691707,-0.92263142217681482,0.35811889539968028,0.14318559833202754,0.16344955272563058,0.026795042085916876,0.98618774552992972,-9.6714848812288245,8.0300550691597028,-5.1441964316081181,,0.1162821879019709,0.2619047619047619,False,4
-0.52598353978000711,0.83513928331643594,-0.16088409909684853,-0.84063886625464856,-0.53921662830541039,-0.050712171133221566,-0.12910310771857519,0.1085716593805939,0.98566961115616814,4.539420274353394,15.185593648483394,-1.1821148478501142,,0.49204139185328,0.3928571428571428,False,1
0.41475433777237858,-0.82225167428454415,-0.38971915969741883,0.90763037802172986,0.40429267125380519,0.11293596797564805,0.064698811357935385,-0.40056163084690111,0.91398273709197775,-2.7685598197369758,23.668759834348251,-3.9269939754820506,,0.2081595462392234,0.3809523809523809,False,3
-0.81260397032311293,0.50298316883388905,-0.29441929163173763,-0.52118094930825731,-0.85323065309273016,-0.019179955711578545,-0.26085475938394981,0.13786001774544343,0.95548386172345623,-13.135570574886268,10.021589588633134,-6.382126144867736,0.6367953600999674,0.571534038788067,0.5875,True,4
-0.93980384117735216,-0.12422512723376641,-0.31833450625411602,0.14189865318982497,-0.98933604594736169,-0.03284753281688195,-0.31085931276256001,-0.076041475215811644,0.94740919444334848,-24.494104146195813,8.9746653953531119,-9.7667581263044205,,0.4843202933917639,0.8378378378378378,False,5
0.94698206714239319,-0.061818702656965561,-0.31528306727848676,0.099577514110741103,0.98946553546028015,0.1050822193324206,0.30546568251482237,-0.13090608136412721,0.94316187087246217,13.255080177576382,0.72832425769780895,3.1333625703067018,,0.08955553474949168,0.2777777777777778,False,5
0.43025338822362735,-0.83069971755538363,-0.35329874210856588,0.89758894931427602,0.43530885212249509,0.069572130430866172,0.096000520784954427,-0.34705069156709933,0.93291999522564406,7.8800757312701348,3.7615693373565104,1.1173461073551454,,0.07163832358820954,0.2857142857142857,False,5
0.33062151964266617,0.89870906556537367,-0.2881170356292525,-0.93126191527900415,0.3601928264832126,0.054885088147106534,0.15310341570342414,0.25016623117568865,0.95602102533328059,2.807537653544256,-7.4675659590026093,0.35091676146913336,,0.08952938571015642,0.3947368421052632,False,5
-0.17143520613375135,0.94436014203129326,-0.28070249774541539,-0.98518885321254157,-0.16328985837941626,0.052338758642025085,0.0035907664413270951,0.28551767772428194,0.95836671587826849,5.0588763799139311,-11.910624889905302,1.4717648923074365,,0.09571226645567896,0.3636363636363636,True,5
-0.5256453273270032,-0.77570562947758681,-0.34925315496938647,0.82424377309809582,-0.56599287681493771,0.016560975326552867,-0.21052123970826267,-0.27916453892200066,0.93688204585217871,-0.7369299328428951,-11.135582783757334,-0.39525880408231584,,0.07149133459004516,0.24,False,5
-0.23502718724060803,-0.83564567190535954,-0.49644590066150035,0.96365845545182982,-0.26705346648745509,-0.006695317261112381,-0.12698268580385869,-0.47997787143041676,0.86804184256472594,2.1157722977236491,19.245745711978667,-2.1990087944996257,,0.2040297540749482,0.2307692307692308,False,4
-0.82104300935550256,0.4877909266132916,-0.29656093590054472,-0.51155189781372346,-0.85924733873931436,0.0029439280874670876,-0.25338317353691486,0.15412340115359779,0.95500939502457727,0.40979542077214115,-10.299522659258447,-0.20940375923627416,,0.2168293423303801,0.5666666666666667,True,5
0.2713720455569264,-0.8859963592004324,-0.37598891522733774,0.9615662580037041,0.26654031865069777,0.065928673597611856,0.04180364049942692,-0.37942945328106159,0.92427579521689918,-10.364829285903363,-8.7252156764930078,-3.7030438344194194,,0.08613704897148472,0.3,False,3
-0.53557559007183109,0.80818623485070695,-0.24493631236925356,-0.83540227571118031,-0.54946904174837907,0.013667841698665015,-0.12353875932593575,0.21194051514034981,0.96944282605332222,-2.9736173379073807,-13.071802225917052,-1.0082175709875552,,0.0945217767509969,0.2857142857142857,False,5
0.93675962420949055,-0.13253507402906481,-0.32390717899269356,0.22631422515000621,0.93536905785689695,0.27178410015792565,0.26695182701312758,-0.32790117376430883,0.90621053971929844,4.8680231135750196,14.15842248006415,-0.94325910659602052,,0.2332492468569949,0.2307692307692308,False,5
-0.60185321458333096,-0.67384656208208715,-0.42860648486212105,0.76264012878862653,-0.64420891404202663,-0.058093967243252817,-0.23696569805982198,-0.36183654574813884,0.9016216346694863,-1.6071499023729199,13.280819773842389,-2.8483836622777847,,0.1244497125138934,0.2222222222222222,False,2
-0.44859847034994232,0.87384787497713057,-0.18748147587867781,-0.88798067815454562,-0.45955675358710441,-0.017259937910561719,-0.10124093847790569,0.15873714634715042,0.98211648532426032,-3.9558317640688752,11.700594348437097,-3.5641954436937664,,0.175540319285499,0.25,False,1
-0.93004381971085848,0.21493213420701726,-0.29803132570730434,-0.22052004378482745,-0.97526440369209177,-0.015174095697812209,-0.29392074392049006,0.051609307070773637,0.95443547488392333,-12.594549176809073,-1.7318511574644329,-5.1173662184808961,,0.06239534386615497,0.2962962962962963,False,1
0.024421163024002029,-0.89637594704271406,-0.44262147299903187,0.99742072816844984,-0.0080451997886138386,0.071324370170934528,-0.067494428040204349,-0.44322165597321495,0.8938674766764293,5.6028948756692314,4.0110067616254739,0.409198265496165,0.5033245309606604,0.3953517556224023,0.1728395061728395,True,5
-0.8079822969109528,0.54008109253424841,-0.23553560530313822,-0.54366209865192849,-0.83747727413578876,-0.055347428083617096,-0.2271478161195557,0.083332039415241643,0.97028843177635327,2.5594170137867214,11.435718909455526,-1.3488790107739799,,0.7723718698155994,0.5826771653543307,False,5
0.67745876118502446,-0.61240477880053246,-0.40744326451166629,0.71997528923561993,0.6655029658701539,0.19682831429475431,0.15061610067897074,-0.42669214818215295,0.89176712256954316,-4.9421768453297235,-1.313146506348303,-2.7098386359763591,0.823756612511459,0.649192034163958,0.3026819923371648,True,3
0.3790832077462104,0.91203332741133247,-0.15649642582453882,-0.90994056192479611,0.39814315665222821,0.11614732271982828,0.1682382101926562,0.098372945986236332,0.98082550340473873,5.3418726555166716,-14.314997354616581,1.7897130279381921,,0.268323334577779,0.3555555555555556,False,8
-0.74526775022948377,0.60279567322143257,-0.28497957262478557,-0.63102289290359959,-0.77570685370437709,0.0094332257277128795,-0.21537429999760385,0.18685891325162296,0.95848717124381266,-13.445133151486077,5.3451325811241652,-5.9661064586010406,0.5072547864209499,0.5372708264521017,0.8497652582159625,True,5
-0.53869513138996128,-0.76920077445641,-0.34371168730843865,0.81452453556816606,-0.5797542435395987,0.020851811798816126,-0.21530753905569139,-0.26872883297757438,0.93884369197023154,4.0191225643114477,-4.7012304244626923,0.48342971312481625,0.1778021860387402,0.1267562582846823,0.3846153846153846,True,5
-0.53791348838425379,-0.77507930308757234,-0.33151342799284389,0.81407356072140535,-0.57973564484194928,0.034508257476459206,-0.21893678710681697,-0.25131385959586944,0.94281919116359314,4.5032532762337878,-6.5390678135145768,0.8817473294756929,0.3379535514248351,0.2526274282296179,0.75,True,5
-0.91953500985996151,-0.078173944178446336,-0.38515477420567817,0.12156390588059482,-0.98853245819645164,-0.089586806389865159,-0.37373464172979165,-0.12919912361802791,0.91849333368698916,-13.463783020761536,-3.2736228592238263,-5.1790379468942245,,0.3886081868030904,0.264,False,3
-0.51920119315298019,0.80137927051128932,-0.29702085082248908,-0.84485684148796214,-0.53372416013126978,0.036816277421196301,-0.12902340260396869,0.27005515304649158,0.9541609800728228,-1.1340362991460722,-7.7608968671568554,-0.86255628636743176,0.2752397007199928,0.2511941814783898,0.8274111675126904,True,5
0.87415654521944064,0.41060893613934862,-0.25932727587457016,-0.38750685532125617,0.91160481989444253,0.13716810643970051,0.29272644487480809,-0.019415300866438612,0.9559990975744812,12.778482784840064,-4.7949990211339966,3.3331432217703352,,0.3823569211089717,0.7794117647058824,False,6
0.60803624666244815,-0.71769057994863161,-0.33942915932141116,0.77777622157713533,0.6242452875641461,0.073361911801367835,0.15923590014138655,-0.30860663052979587,0.93776642918117337,0.25899842305742249,-2.9858195402100591,-0.90023271979999653,,0.06676853366283253,0.1413043478260869,False,4
-0.41263091017246439,-0.84257332170431842,-0.34612993156096294,0.89270802542232508,-0.44961779754916065,0.03026908445290951,-0.18113010052671824,-0.29650300787546019,0.93769816732463929,-8.3883002100664683,12.224922390334251,-4.9932952888462614,0.1458950221052849,0.1432071707487048,0.6371681415929203,True,5
0.73588239568549185,-0.59023269691304159,-0.33181691218944526,0.64413084314332569,0.76129555765983481,0.074327187481218235,0.2087404048852276,-0.26842957620604591,0.94041108350879876,5.5742251832035681,1.6370194829050164,0.58447405468537206,,0.08223112666482857,0.352112676056338,False,5
-0.8790330015546387,-0.27194493201392045,-0.39159537296779662,0.33032648057581909,-0.93966657080084881,-0.08894465666788183,-0.34378103264757998,-0.20753960988524239,0.91582853849421286,-19.723096095177624,12.623552538827699,-8.6451249876420171,0.3340142257597032,0.2599905653533243,0.5942028985507246,True,4
0.01577762326577864,-0.90660374827899548,-0.42168792988483805,0.99881153607308348,-0.0051603196510235641,0.04846531242474001,-0.046114878416966043,-0.42195143643264943,0.90544486484877318,-27.745701435654656,10.833263926579916,-10.798809187461075,0.5712055717829307,0.2028532276862213,0.6382978723404256,True,4
0.86837604458476803,0.40898918881633983,-0.28044765754533668,-0.35220850042700119,0.90676313156793786,0.2317968840516853,0.34910201577515598,-0.10251081240756826,0.93146085045012161,-0.6280891781713831,-4.3144689182301184,-0.99948015439478777,0.4922544704073612,0.3100574602168371,0.2912621359223301,True,4
0.060697728397343297,-0.879717278819936,-0.47160714065104059,0.99572958268744849,0.086291010156206202,-0.032809445702451152,0.069558492856609061,-0.46760172252876636,0.88119818721990584,-15.29541072076465,13.702326540276921,-7.4215512133439141,,0.1662581138242555,0.6,False,2
0.88890206936449501,0.35682633493499627,-0.28727700530390143,-0.33955948633576993,0.93417073448406163,0.10965579817272827,0.30749384761147336,7.4366443517451253e-05,0.95155006602423453,-2.3748611113159157,-15.920926560897389,-0.49583420210114604,,0.1063154994099538,0.3333333333333333,True,5
0.0097351771489391382,0.98977939448616703,-0.14227430047790157,-0.99844062746524376,0.017442915013976802,0.053028842554086845,0.05496853420539536,0.14153619666506737,0.98840576955059212,-12.475126105077241,0.098551413842373509,-5.2211479499603932,,0.07047704611552594,0.1875,False,1
-0.87489297256990894,-0.3503662504191084,-0.3343737087676667,0.37746920320875382,-0.92585649744823628,-0.01751418744427484,-0.3034456906544204,-0.14153881693775519,0.94227781260259058,-13.451024243513103,12.3541501619175,-6.6409358484531804,,0.09106992157693854,0.4324324324324325,False,5
0.7471543452989855,0.60734158687851414,-0.26999366871972263,-0.60803196956677441,0.78863410254686717,0.091396806754114934,0.26843529627378737,0.09587726084942344,0.95851449783840925,10.188449996042792,0.43327170102916773,2.1863936736105445,0.4187640981353403,0.2418555505657937,0.1818181818181818,True,5
-0.91141827042247103,0.27861796733304123,-0.30280152677837868,-0.26983247013623651,-0.96025774427970745,-0.07138278931945935,-0.31065603873140768,0.016646105552160395,0.95037662680100543,-7.3498234557796582,9.4235648700624992,-4.4651432766767378,,0.1472343407263592,0.2372881355932203,False,4
-0.87196588850958734,0.398091912879452,-0.2849531859370325,-0.40756767080566025,-0.91274637146305837,-0.027975973532118108,-0.27122699531893041,0.091743611663154478,0.95813309447553541,16.294344101584478,7.0722773724833248,3.4429990117334301,0.4012092739836934,0.1936349583646161,0.391304347826087,True,5
0.75102678635787201,0.59934566183622484,-0.27702625112264107,-0.59906020828380957,0.79495170071901633,0.095805325399486413,0.27764299563274702,0.094003038046865828,0.95607415811433449,-9.4229017437149274,-10.925021632536794,-3.2267512134333054,,0.07039893321591548,0.3809523809523809,False,1
-0.90032869428258855,0.36210391992543328,-0.2414311359912934,-0.32419373809370483,-0.92811287962086986,-0.18304344528741928,-0.29035609591024808,-0.086528803623381417,0.95299848043491997,-11.970155176428822,-10.696882066698661,-4.0717956618938409,,0.4793782871616875,0.3,False,3
0.60722122222711739,0.78424356390708694,-0.1274535984086681,-0.76381118875458909,0.62035831503848049,0.17817976567478203,0.21880323400331303,-0.01084405057760765,0.97570874309742817,1.7776664744395831,-20.901177212556657,1.200159765368382,,0.3065239824001511,0.1666666666666667,False,5
-0.79050948552674061,0.5583832329255608,-0.25160071239932569,-0.56757647205394623,-0.82226903506344284,-0.04160026858845689,-0.23011236747086247,0.10991723779023359,0.96693665727053757,-8.9182711680040754,20.416943099764396,-5.7364465785196339,,0.8324387648578091,0.7241379310344828,False,1
-0.025862853793932196,-0.93291723738946775,-0.35916088452842077,0.99785649587120384,-0.045696849745455945,0.046842412096127536,-0.060112614660118587,-0.3571795432341347,0.93209937638310814,-10.668386139103777,-1.8084068319618447,-4.4862494000601014,,0.07707690715211044,0.1769911504424779,False,2
-0.75879832861524232,-0.48242785005459821,-0.43759395103499044,0.588375721792054,-0.79586991997480405,-0.14284635271850335,-0.27935480396154766,-0.36586123048363295,0.88775359956049049,5.8746229276782422,7.5087952255716406,-0.028109312883624355,,0.3763297487362078,0.1176470588235294,False,3
0.77630831504691233,-0.46467539226402699,-0.42593682608257477,0.58908352231425509,0.77527829809422466,0.22786874345103536,0.22433457987313349,-0.42780876607240759,0.87558760609361597,-0.81384910357828666,13.153955929789825,-2.5884250594051705,,0.4885776776746548,0.1428571428571428,False,1
-0.64195536174606171,-0.68241157904620131,-0.34958225113577318,0.72541352469350051,-0.68821980910058045,0.01134515549978591,-0.24833149562074636,-0.24630860956375911,0.93683698535953019,5.7734548906402381,14.921383108581168,-0.69955021814528684,,0.1205063640388255,0.4090909090909091,False,3
0.93435284438690702,-0.14714247805333386,-0.3245517729706956,0.2006553369679013,0.96990185531143736,0.13794138903799308,0.29448632893972448,-0.1940089745752944,0.93575548080246296,16.12473362268231,12.281780557031704,3.0199120464796465,0.5675532362102955,0.748516845211486,0.8333333333333334,True,4
0.69736378883890504,0.69029748712242789,-0.19280333318879733,-0.67379693340776836,0.72312880802251611,0.15192899505434834,0.24429784801863524,0.023960515027820289,0.96940417534332235,11.867457737572765,6.4633419931415101,2.0828013235259446,0.6063738675992703,0.572123996768097,0.3448275862068966,True,3
0.93520629720121862,0.19324827479614159,-0.29672257407130864,-0.15824573344196502,0.97770852001039299,0.13800122371378956,0.31677668715137924,-0.082104532075907996,0.94493987972251192,2.3948158035082048,23.192361875636205,-2.3037554402280871,0.2706908473940426,0.2517714088950245,0.6486486486486487,True,4
0.47946664801599159,0.83751065028925065,-0.26208327701779133,-0.85330208273724839,0.5146702523402219,0.083606739873798741,0.20490800139716847,0.18354956281104945,0.96141680292955622,18.249430550714379,-4.5803597931276876,5.1191810611580424,,0.0914278948442844,0.1333333333333333,False,4
-0.89659853868198736,-0.25384393755577145,-0.36286955755409889,0.29549757901423773,-0.95324450572770281,-0.063293705031955416,-0.32983668872648203,-0.16397611919462374,0.92968789983726308,-3.8209694942093653,-18.545562621669212,-0.7582709518564974,,0.1550333746143171,0.2941176470588235,False,4
-0.1854354457899933,-0.81741539133047658,-0.54538589407933191,0.97638494008923438,-0.21587350464740371,-0.008430821916665221,-0.11084288074391452,-0.53406994673665453,0.83814267746076421,-18.933386456603071,14.246251838027744,-8.4792304804670131,,0.29510463690051,0.2962962962962963,False,2
-0.051184485732208435,0.98426095304600714,-0.16914645940514653,-0.99771921208924963,-0.042933017306763611,0.052087713070797813,0.04400593424003145,0.17142675501188448,0.98421356697505402,10.292169341620966,9.5366172526987878,1.265193111809684,,0.3280644485590067,0.1176470588235294,False,3
0.59264560800804178,-0.60679677737159998,-0.52968750625271666,0.79068599998002598,0.56366919892809542,0.23894075335812281,0.15358005321123799,-0.56042368361017936,0.81384179181486693,7.872125688240823,-5.919610457142026,1.8696340893343799,,0.4309048326956577,0.3243243243243243,False,1
-0.674604269200895,0.71214457443791512,-0.1943172279407272,-0.72315230483886905,-0.69040755405135035,-0.019701606915781128,-0.14818847452537806,0.12723016311973284,0.9807408738348623,4.8471099421501327,-9.8835531752065542,1.2185655131567856,,0.2067488585396416,0.2608695652173913,False,4
-0.71942150074575983,-0.6036988020031091,-0.34348283905419419,0.64123733719978226,-0.76732242316167354,0.0055656351147177485,-0.26692205162865695,-0.21624998352209929,0.93914246149401648,-1.4030834676850723,11.060326187535594,-2.6509556088018114,,0.1049623567417353,0.4054054054054054,False,3
-0.8495445135752846,-0.39052624460005825,-0.35463131803706893,0.44650520330083571,-0.89032439288459997,-0.089194051707204264,-0.28090429487534113,-0.23411904602839048,0.9307422035168188,-1.3852554929474552,-12.386930807441166,-0.55404771945986986,,0.1635145243425027,0.2222222222222222,False,4
-0.94859573940013109,0.068930764259972507,-0.30889265599955101,-0.063014548634493198,-0.99758823133760188,-0.029101329129577941,-0.31015365522964894,-0.0081406655288770585,0.9506515869194333,16.997041533811284,15.221677001092489,2.9016785347096383,,0.1980512634074628,0.5,False,2
-0.91420037560356704,-0.24799242807719604,-0.32052679897736219,0.25479076931184791,-0.96676209653039924,0.02127704362979916,-0.31514970588559071,-0.062215788418410203,0.9470004533006845,1.9230469275653692,4.0122002462957065,-0.9344846910944038,0.1054292880749271,0.09869904134472704,0.4267241379310345,True,4
0.75539774305005547,0.60493564169703906,-0.25184741253281845,-0.58464648070626823,0.79578207871353224,0.15785872100123649,0.29591002415034734,0.02799558184718956,0.95480548019184486,-0.51190063326779778,-1.6633600361405423,-1.2672737032866408,0.7069995015911417,0.4910573985969392,0.1369047619047619,True,4
-0.94110630869632594,-0.044332270204808996,-0.33519183395552143,0.10788475782695867,-0.97891872057841711,-0.17343303471292737,-0.32043688108673851,-0.19938101293655014,0.92604935987224812,8.7370960527216095,-13.55509798561253,2.8102850756296012,,0.3768215220061782,0.2307692307692308,False,4
0.9491211580122918,0.070825851348889357,-0.30684316220850161,-0.032018401249959104,0.99103450109887437,0.12971291228364032,0.31327918761833579,-0.11328864202739736,0.94287954384045536,-27.496923277269229,8.7379536084872402,-10.522975480588222,,0.6863261700392636,0.5,False,1
0.65059819719529421,0.70571727669342699,-0.28050866507587191,-0.71682165037082557,0.69264783838892419,0.080035576681859399,0.25077620972867498,0.14900368234230019,0.95650885792163765,-0.27844092210108479,-19.723974528048124,0.45854953778712804,,0.07673777279797017,0.375,False,1
