axis_00,axis_01,axis_02,axis_10,axis_11,axis_12,axis_20,axis_21,axis_22,location_x,location_y,location_z,dbh,dbh_approximation,score,reconstructed,number_clusters
-0.97364604176589076,-0.0073191533841734102,-0.22794695731102249,0.030431799835112967,-0.9947164722785734,-0.098046138814672529,-0.22602497851434425,-0.102399071145247,0.96872449092411272,23.582469870003454,0.76788432910120874,4.0362342978395187,0.5689609541126855,0.4279964515851166,0.6190476190476191,True,5
-0.84688267068315792,-0.45515272292570125,-0.27500134710557733,0.46699954068421701,-0.88390971151434827,0.024800219582745392,-0.25436424885838982,-0.10742262659208134,0.96112392967752369,5.5433724499025718,23.477302410079869,-3.3332956646549534,,0.1854900644465127,0.3125,False,2
0.77465248375550866,-0.57704091480320741,-0.25872246144179145,0.62077344061947137,0.7719210850180992,0.13703347739127192,0.12063940000217675,-0.26676135617356245,0.956182259833112,-2.6381096796878052,2.4731042538932391,-2.2010751643034108,,0.07629284500133394,0.361271676300578,False,5
0.72865139127200107,-0.62559754241624543,-0.27873798614492784,0.67722744008693558,0.71882253439645294,0.15702598013435409,0.10212807836570643,-0.30318621170266413,0.94744286194087401,-8.9381769568253411,0.089302790394492362,-3.3980875888161624,0.1113723185995631,0.08280784103294761,0.4177631578947368,True,5
-0.63413323233191532,0.75547085151012683,-0.16473869057037252,-0.77133343995579906,-0.63294782459825538,0.066496434056942194,-0.05403487816429732,0.16923605955853416,0.98409318059158901,2.3427378305558988,-4.1596625729843026,-0.09822623878726798,0.5970283291513223,0.4158022537501859,0.84,True,3
0.89190016089514446,0.42189943527713331,-0.16283417794815444,-0.3601391778463594,0.88040951658253019,0.30851070595858304,0.27352125251132436,-0.21651778131079874,0.93717990524812522,-14.871777527660266,26.314025147041175,-8.2521112135759935,,0.2802254151682864,0.4,False,4
-0.8313665014946231,0.50504191376223573,-0.23186721531076526,-0.53229798937576367,-0.84356034242344524,0.071167402629003007,-0.15965146632308067,0.18258864705621114,0.97014060592631202,11.306419914991999,3.2740599346145789,0.83166584729393034,0.1887249237559388,0.2073612941163386,0.3103448275862069,True,4
-0.8500978460637455,0.48021062204938608,-0.21617449106849218,-0.50497478145091623,-0.85979564750782866,0.075841378054411032,-0.14944605119031823,0.17363525850913597,0.97340468192118612,-17.07975796472633,9.917937006973224,-6.6553525827387237,0.5461268277563557,0.1799275844940548,0.2758620689655172,True,3
0.71507541034851652,0.67920768296746792,-0.16536045752496448,-0.65547067407851212,0.73368268147590199,0.17907517506732248,0.24295133862146753,-0.019663323734678412,0.96983916231597056,17.967312532871237,-4.2765566781910307,3.5319141422392053,0.2579328425961723,0.182544653072681,0.2941176470588235,True,4
0.53756142515132588,0.82174699070852164,-0.18910208208997631,-0.81140228593637242,0.56512660410902626,0.14919199611718018,0.22946469132854491,0.073237999629211903,0.97055764941800693,5.3206766225273423,-11.070890409868163,1.6166280028675681,,0.1182111760856265,0.3333333333333333,False,5
-0.46641300463408752,-0.78618035149043164,-0.40543725043289291,0.86601970319182286,-0.49921131100710009,-0.028247843211814519,-0.18019096201460746,-0.36429180870965772,0.91368632216713008,-17.707291303353696,-15.616086832207868,-3.1744106868805213,,0.3556489172098243,0.3,False,2
0.95583578335573627,0.20285335904625762,-0.21266986147636599,-0.1566522371874654,0.96389363879579226,0.2153349244158248,0.24867253937837352,-0.17250961658022693,0.95310146382557548,-0.37659262931721244,-2.5374883524814473,-0.97909975323012199,0.463359911318828,0.4033361551730563,0.8274374460742019,True,5
0.97187469005529525,0.038012498906275671,-0.23241049192501143,-0.00083342920530479216,0.98743596355647245,0.15801747773920927,0.23549711723434144,-0.15337948950952388,0.95969570175765295,0.45769593858067825,2.754151173480297,-1.5519426148974194,0.1027842922260458,0.09057752979186293,0.4397163120567376,True,5
0.62116108996352926,-0.67272887071142984,-0.4019885157895009,0.78084600476672883,0.5748927805548264,0.2444950054822766,0.066621446660657196,-0.46576191061234862,0.88239867716785281,-9.4076637024142631,-17.77534384366065,-0.91535583292449385,,0.1334747985991648,0.3157894736842105,False,1
-0.95324346061371312,0.23738079588073269,-0.18702209105937789,-0.24323511233892522,-0.96992869002313287,0.0086612005795638769,-0.17934208909974994,0.053746572142221435,0.98231752557933016,-2.3841030321170229,11.731310893539646,-3.6529244331095456,,0.1563913443480859,0.2972972972972973,False,4
-0.069149780850511558,0.99756244189265009,0.0093531991050860852,-0.99347528338650049,-0.069712753279126294,0.090260696487209663,0.090692718056295668,-0.0030506647499907169,0.99587425126676721,16.250389355523367,1.3318939961545087,2.2869656880714122,,0.313644635838511,0.2222222222222222,False,4
0.11410576375302428,-0.89035213917843492,-0.44074135605672954,0.98917417877437275,0.060615129310300199,0.13364224685608081,-0.092273066083148295,-0.45121931957650196,0.88762988171677404,-6.198886386033907,-14.437853842934059,-0.60805853573163704,,0.2456200955132329,0.1818181818181818,False,4
-0.95071733345026377,0.21550208059363649,-0.22292466246926007,-0.23557043557265064,-0.96951637913582467,0.067413355290112345,-0.20160139325245571,0.11660550521812062,0.97250194570062154,-5.9809961544824093,-17.333565968330614,-0.14373712712029743,,0.12447185293027,0.2777777777777778,True,5
-0.4572531211859317,-0.82271434657568709,-0.33772871821073025,0.86727821387170068,-0.49656197003640079,0.035421881049434417,-0.19684532737465599,-0.27670799383485056,0.94057673968616506,8.821259913971458,1.7057437821306416,0.57666125491589038,,0.08254015445453161,0.2758620689655172,False,5
0.56326359447099961,-0.73931547980407053,-0.36898068305222598,0.82487671082186587,0.52911789089930261,0.19902931812668706,0.048088824973269217,-0.41646954132607517,0.9078769663673264,-11.493058131618866,-2.936361442729666,-3.4992906738531762,,0.07752119667305275,0.4814814814814815,False,2
-0.69935257631188541,-0.66233813099904337,-0.26872695106859462,0.67726723445839665,-0.73422763217387688,0.047104960263409323,-0.22850616432605017,-0.14905698365737965,0.9620639004182413,-8.8928414568859875,10.992782785745389,-4.9927343653989347,0.2494543078817586,0.2342293530810899,0.8195121951219512,True,6
0.038060173540304235,-0.94774027839537223,-0.31676456224954241,0.99450167662777733,0.0049766740306640637,0.10460233219260659,-0.097559409462244215,-0.31900407116940493,0.9427187089491349,-26.379609078182888,15.460052372932296,-9.4421536586437469,,0.1038561993619097,0.5384615384615384,False,1
-0.4525107083373181,-0.83990134417269302,-0.29966613238229256,0.86838214463753449,-0.49146182382536813,0.066164390701935305,-0.20284602464621843,-0.23028462341013073,0.95174706855659896,-4.7399405176318643,-20.558665160356185,0.54876687149746328,,0.3321150248141049,0.6818181818181818,False,1
0.917530644060917,0.33465367283819913,-0.21481256123668133,-0.3051837968543597,0.93889824621123208,0.15916322879054084,0.25495169610480395,-0.080479826772779997,0.96359879106187529,-11.171356122138349,-0.45162822888424897,-3.8411222548119621,0.4652981469584612,0.3144526884901812,0.9057815845824411,True,2
-0.43652556148521404,-0.85771778689947475,-0.27159829197969443,0.87705818208102537,-0.47297742058680364,0.084031570613563061,-0.20053523235268961,-0.2015255756754521,0.95873513700809543,-11.402676033342603,-18.561011070854459,-1.3108470444014197,,0.105687229824129,0.3125,False,3
-0.95837609685320235,-0.15376214119179382,-0.24056695724171373,0.14236386994178263,-0.98773199129284606,0.064171971388358867,-0.24748289944079138,0.02725284045350105,0.96850890402287759,-7.4139858257287861,-8.9915997445970461,-1.6693760686972696,,0.08083621378954378,0.3076923076923077,False,4
-0.97242336109238581,-0.029477352683417765,-0.23135231245994714,0.010801145390944015,-0.99660813946935267,0.081581564104146256,-0.23297240622020299,0.076832948805916831,0.9694434258468908,-21.181733111892218,15.175953853384254,-8.2786563989343609,,0.1538203767102673,0.3888888888888889,False,2
-0.67942126529549451,0.71842757965764892,-0.1491595020490559,-0.72885493879323016,-0.6842366815862031,0.024303122610432992,-0.08460036915396002,0.1252276980510052,0.98851444156363244,-7.6767290521126776,16.401101179421968,-5.418756723426819,,0.1952607255747696,0.1578947368421053,False,4
-0.73396068495458522,-0.59500268888626295,-0.32752635490768151,0.62019010954046583,-0.78371669683578538,0.033946533386929836,-0.27688615163850394,-0.17821318503107977,0.94423202641718129,11.44933867355215,6.2416433376862681,0.37416222205243743,,0.08075784190529793,0.3333333333333333,False,6
-0.6805469077463292,0.69904240895607905,-0.2195350013956584,-0.72744846851951672,-0.68044749211736111,0.088373842961612506,-0.087604977059065281,0.21984294610488672,0.9715937664695079,9.6915237343661467,2.8880402726625123,0.52076922441217033,,0.083145680020621,0.2173913043478261,False,5
0.77817274782984514,0.60500745511147958,-0.16856201765070977,-0.59154375255651104,0.79621925175055552,0.12692868845594235,0.21100512635077973,0.00093936218539866778,0.97748450333106307,-13.569621071488173,1.1749733879925188,-4.6429840562705493,,0.1164797401134993,0.1204188481675393,False,2
-0.07352076723900916,0.99615592451175083,0.047624267393073821,-0.99249177680186218,-0.077763797228487627,0.094407970115293366,0.097748502624188036,-0.04032574736748501,0.99439381752602607,14.597564176265266,-10.384508436303054,3.7005935542675248,,0.3413805219233116,0.3076923076923077,False,5
-0.96119993281971428,-0.029631434845991629,-0.27425657187448699,0.025970448895501586,-0.99951864649989497,0.016970889286808413,-0.2746274293138688,0.0091898513582492087,0.96150679753211854,-10.247641897164787,-2.6071152899133834,-3.2660174366212269,0.1651628844384645,0.2321827624805905,0.2088888888888889,True,3
-0.79286066909227126,-0.50217315669530749,-0.34524495666298682,0.55372776723744055,-0.83023168801887237,-0.064038301035973327,-0.25447498736967455,-0.24194516920989653,0.93632527248771813,-3.2476904067765253,6.8710664470944103,-3.151502231601107,,0.08995602557804752,0.3972602739726027,False,5
-0.084604140872641148,-0.8494415333043297,-0.52085623817402105,0.9892873407189966,-0.13401940293038844,0.057873630707938814,-0.11896510765909049,-0.51038013395485171,0.85168035202409687,6.3506401228935845,-6.4972669836632955,1.2330378671169309,,0.5841695386028003,0.3469387755102041,False,3
0.28486273238545173,0.93654443067171889,-0.20429819645724084,-0.9428961182338651,0.31214938723857411,0.1162311071361397,0.17262715289723299,0.15952206563472493,0.97198383559513324,0.55179853382325184,1.8797907903960274,-1.3903792320061603,0.1795794168394373,0.1371576468847416,0.5607734806629834,True,5
-0.14212960995538856,-0.89370263061992816,-0.42555232580371499,0.9809366202538442,-0.18472754686017601,0.060324791553624725,-0.13252366210943572,-0.40886592112090181,0.90292089217553395,-0.39679965306850318,-10.643826470250438,0.24249288074244166,,0.2742375755651018,0.3655913978494624,False,5
0.43741431382557788,0.89925783566859896,-0.0020157006539574529,-0.87387668648569339,0.42559516747213866,0.23496444463183669,0.21215149039609446,-0.10101533751361541,0.97200187587767872,-5.9080512472524802,10.190564212435484,-4.276358926516175,0.5630618584853779,0.1996330397904639,0.459016393442623,True,5
0.20730300367609708,-0.89705147990090928,-0.39028721100550712,0.97810036169902237,0.18248016925771865,0.10010329800719053,-0.018578135296904177,-0.40249177660576313,0.91523506415216993,-12.903244467979462,-0.32203827189855955,-4.2724501134835586,0.2995053093444098,0.1041805190403626,0.2598870056497175,True,2
-0.58746689878540848,-0.68923894222576032,-0.42406641384454258,0.77816096956026992,-0.6249750453161802,-0.062222971522264359,-0.22214443113541377,-0.36654586786861304,0.90349099523125864,27.318059581708354,-13.366937434983736,7.1571792260588714,,0.3295216512176942,0.1764705882352941,False,5
-0.62504478972154809,-0.74166682059085365,-0.24341186921881719,0.74573975158970562,-0.65949840930134318,0.094520214916812326,-0.2306322478337931,-0.12244253902811222,0.96530647511320422,-1.6846744425771947,-9.2640689407308621,-0.27531220662894473,,0.1151243199496838,0.2786885245901639,False,5
-0.73634827176139039,-0.59494865075234338,-0.32222247848649388,0.63137663678259759,-0.77539619678429406,-0.011148118116846642,-0.24321752650479084,-0.21165264227128738,0.94659832760282903,-7.1749251336046864,6.4315407653147405,-3.8858280252852802,0.8430312418056316,0.485412111502139,0.4471910112359551,True,5
-0.11720172387731578,-0.91674450664206175,-0.38189431190028211,0.98080539414023571,-0.16719074833099887,0.10033958589678775,-0.15583495995957941,-0.36280402866303041,0.91874300108369411,-12.023450556384528,-6.2318340353730113,-3.1128267844204527,0.6299996970938953,0.6268127016601022,0.7404580152671756,True,4
0.9512007577555992,-0.16244589622749503,-0.26235176623003892,0.22752547120454628,0.9435574324629028,0.24068969981527039,0.20844490494690476,-0.28863593408108729,0.93447312382904602,23.17040383740126,-4.8534069241079534,4.7409298464251606,0.7305614568437991,0.6986533069035141,0.925531914893617,True,5
-0.46281872803850066,-0.75483644416087292,-0.46478034332724694,0.86249200280415728,-0.50453000287051386,-0.039459109244282906,-0.20471045424134443,-0.41913174393029251,0.88454633069967215,-5.7923574147765251,0.91256585374057464,-2.8198462091326735,,0.4734304254206986,0.250728862973761,False,1
-0.066946538399327127,-0.95171221831605379,-0.2996030949511102,0.99150920723078462,-0.097007196562622328,0.086597319771701015,-0.11147938362284254,-0.29126183636548963,0.95012572310409227,-14.102815423363277,13.687344696518414,-6.505358122759894,,0.1031177748127044,0.4,False,3
0.13076176821254651,0.98428500248443918,-0.11867768896526833,-0.98188875980995449,0.14512775113513601,0.12178833773940798,0.13709786042385338,0.100603030444747,0.98543554174412418,-36.898810221787727,11.569988397666934,-11.156121322371135,,0.2752417508368704,0.2307692307692308,False,1
0.90445194155213526,0.37627614561556194,-0.20095508867224676,-0.34580266338950577,0.92257687601694327,0.17109186372105079,0.24977430495408912,-0.085253563441740468,0.96454374006842625,-0.55291770329605927,8.4161830530880533,-2.7509177018173077,0.6054816025053212,0.7637177703072746,0.5951219512195122,True,4
0.58235144724088217,0.78692674517736361,-0.20399286659344529,-0.78018612056891945,0.61151604448054586,0.13174879359784333,0.22842156020846643,0.082428302587328806,0.97006657800611906,2.6520546586609881,-11.691295802724088,1.0776065464600229,,0.0864116722496516,0.4871794871794872,False,5
-0.32488650627399884,0.93724096660233314,-0.12660224549114529,-0.94561544231302386,-0.31963245569306287,0.060386492916601281,0.016130508368289539,0.13933579507774546,0.99011380300944885,1.9041871099181407,-13.278882622992171,1.1345209744148828,0.3249642420617826,0.31608198645174,0.5657894736842105,True,5
-0.85719095143004864,-0.44696175541057231,-0.25582975195771679,0.44951591009473196,-0.89176630860086048,0.051848793776697925,-0.2513147814159607,-0.070555226912634522,0.96533043078375669,-8.5776907520233774,-7.4595624048863423,-2.1334642135722337,,0.0692320711695676,0.234375,False,5
0.066461599749321407,-0.84237774181399638,-0.5347734060844026,0.99366807038873373,0.0072178165373667919,0.11212345434548082,-0.090590405941750857,-0.53883916266431975,0.83752357288050316,5.9265934002518375,4.9268624860263683,-0.71033770279776887,,0.5036380066571646,0.24,False,1
0.13162821880827649,-0.95130784477802477,-0.27872458893529817,0.98851441151783981,0.10490259419194348,0.10878742552951541,-0.074251398875037303,-0.2898427680581161,0.95418965597490635,7.025020625426567,-10.143627913724352,1.9242637149755173,0.4223416136193001,0.3727407297649329,0.74,True,5
-0.92261623121483183,-0.23116574422911945,-0.30877449472703872,0.2876384965210243,-0.94568555099105045,-0.15146925089231283,-0.25698907606757404,-0.22856342083052367,0.93899700608691183,-15.133098953733995,1.9667979901954185,-5.1539361480844761,,0.4626286257229437,0.2796610169491525,True,2
-0.88054428861006151,0.46516660401752657,-0.090894368929005681,-0.45393546357711861,-0.88284119736894484,-0.12055710321334868,-0.13632443179132189,-0.064895691189550034,0.98853639212818223,-21.973905407232508,9.0471824321951448,-7.6228285143788668,,0.3239265928197986,0.2592592592592592,False,3
-0.22313092609360011,-0.94488039183480876,-0.23961142490856258,0.96200706764887589,-0.25312409099046529,0.10232593197162787,-0.15733719081712369,-0.20767580428723501,0.96546142786722788,-24.079139877397711,8.1873948313602387,-8.0148443322351319,,0.4054887473241835,0.8260869565217391,False,1
0.88234770397430085,0.42255563148814507,-0.20714552273446835,-0.39530229125685812,0.90434026039673532,0.16094965657821306,0.25534021974291365,-0.060128460176703577,0.96497976168333222,11.764744219046706,11.346160828229401,-0.26529160560743775,0.578752509403518,0.559615888247424,0.9305555555555556,True,5
0.94006882186228691,-0.2348268149574482,-0.24723870477615822,0.2868982002421685,0.93656948708668375,0.2013132349250551,0.18428248115395138,-0.26018063501176697,0.94781116489763761,7.1565376280407733,8.4534662196589476,-0.94201359396992967,,0.1373566520155711,0.3846153846153846,True,5
0.66513316894697927,-0.66992347155250398,-0.3298490712880533,0.7383182654340642,0.65610122492313561,0.15626042871052301,0.11173185084381421,-0.3474675882976761,0.9310114223733309,12.332378208502153,17.823938603601039,-0.93137050568684665,0.4327457331755055,0.361883215337469,0.1,True,5
0.33528682244175712,-0.89584430240156498,-0.29162601487446949,0.94190554995662434,0.31220411424619054,0.12386495068687323,-0.019916868675056085,-0.31621444764970241,0.94847864574790264,-14.385255673202311,-8.4320371885200558,-3.3304798000901741,,0.06137809140557738,0.1379310344827586,False,1
-0.7512006052667819,-0.59528247155416325,-0.28519542371361245,0.61185437642567009,-0.79008081536247421,0.037503696416778004,-0.24765272600069393,-0.14632526868772183,0.95773537213986781,-15.269408556865205,-17.672360079594725,-2.356886415173622,,0.1022237781162426,0.2105263157894737,False,1
0.91299706622271259,0.3787927259126368,-0.15150058701006161,-0.32371325589080213,0.8986463622344345,0.29604804272852858,0.24828629649921347,-0.22124824618172806,0.94308171890468406,2.7553474592001503,5.7786059871106348,-1.5739928566547541,,0.1183286196213149,0.5217391304347826,False,5
-0.75180450727621784,-0.58996276837602035,-0.29450622195340131,0.61874122466828751,-0.78557332447366957,-0.0058179696952440907,-0.22792384635037988,-0.18659711628395886,0.95563185194893929,-8.392390016432401,-9.2198274506438125,-1.8686766363749421,0.7629414755842548,0.2709023918303237,0.5526315789473685,True,5
0.54646014097812512,0.81005596554080006,-0.21258091874373469,-0.8082952822182925,0.57657114444987312,0.11926630761206045,0.21918040757745422,0.10665387043856393,0.96983756415940869,6.0866477684311668,1.8808178981123631,-0.13684723821936282,0.2377176964914406,0.2115836322519594,0.7564102564102564,True,5
0.91411052403020054,0.35539493872571315,-0.19518295874737693,-0.31620431752080069,0.92616730801740854,0.20549683000229549,0.25380460878092492,-0.12612912069753834,0.95899669732154358,3.8160980836583969,13.914707557248697,-2.4786654086161035,0.8206503603618647,0.7061126783817366,0.4654088050314465,True,5
0.59703987371241496,0.78729038676204721,-0.15400401329034041,-0.77402212130367465,0.61578914305295962,0.14728709050919075,0.21079170982281265,0.031266247139192266,0.97703084744536484,3.4358688814728047,-14.921450654320715,1.7019129248174625,,0.2376779982766023,0.5238095238095238,True,5
-0.94052061573396439,-0.23275688512692438,-0.24747768344927173,0.23208361203812994,-0.97215890358823842,0.032315061464438424,-0.24810918645374871,-0.027042533167721351,0.96835454922106556,-10.06931030460872,13.990982773063342,-5.6128946168927154,0.4250974797877852,0.4956720864335538,0.6402877697841727,True,5
-0.95688435196338451,-0.15943438788132061,-0.24280241540915731,0.15023040591316275,-0.98705881483290481,0.056086729266612796,-0.24860241774121733,0.017192208164414531,0.96845302718905846,3.9713452528651385,8.6992150312887375,-1.7130181642666773,0.3283418099459492,0.3263239066678894,0.6470588235294118,True,5
0.90865342399166749,0.38598197974358905,-0.15926979117660126,-0.32694416457702968,0.8949481547490693,0.3036038760626476,0.25972383086125694,-0.22379837270287481,0.93939226101682238,-15.321442244390019,23.000220771153433,-8.0018181190584325,,0.3192410542393292,0.2068965517241379,False,3
0.83447657974935197,-0.47086043926720839,-0.28625038791749319,0.53602116274962175,0.81407951947425439,0.22350805143688007,0.12778947896586457,-0.33994850007855482,0.93172145320367827,17.507031563568482,-6.7836083606677251,3.8684869705344873,0.5552774742387182,0.572615721503182,0.48,True,4
-0.94764567297744429,-0.19293390826266188,-0.25444878763637802,0.19769385500866568,-0.98023891700410881,0.0069860777568724469,-0.25076845531075181,-0.043682635372732717,0.96706101626937357,-9.561429795234071,25.650199718176559,-7.0318687953226755,,0.2637462032144695,0.3,False,1
0.74810204407971426,-0.58430233883195326,-0.31453792852256313,0.65276691930111308,0.73322004560885201,0.19048284380355479,0.11932594315524872,-0.34782055941658319,0.92993665253997138,6.101658660057562,-8.8089546045284308,1.5312322106461007,,0.2236706251372369,0.5094339622641509,False,4
-0.83997194728260638,0.48819832281334485,-0.23687449288706319,-0.49196829076837179,-0.86933544396840812,-0.047149620769389583,-0.22894175821966786,0.076930380620972669,0.97039548014239985,-13.128822162674393,15.373755656264064,-6.5368049871935243,,0.6485232145932187,0.2413793103448276,False,2
0.61983041000176409,-0.70701536361048334,-0.3404989551463854,0.78114577965099186,0.59734433574616208,0.18163429049994562,0.074976888242228729,-0.37856177853913237,0.92253425197051619,7.2123736974613664,17.77030445258988,-2.188504856125133,,0.3009407307718797,0.3684210526315789,False,5
-0.86764701659950982,0.45737443274893419,-0.19492891743802698,-0.46497124335813328,-0.88529324467327242,-0.0075903745534454253,-0.17604089705509329,0.084050575271444494,0.98078800123195709,1.6552389786617507,11.987960947104803,-2.7711070194856862,0.3502741696770568,0.5854007892364479,0.782608695652174,True,4
-0.81634184553812561,0.53358754143285181,-0.22106634038463144,-0.56089669290905897,-0.82370804537686182,0.08306597296794771,-0.13777115484414576,0.19180560890932247,0.97171483331471054,3.1588019387375708,-5.1839835591293273,0.26792562676232723,,0.06844189075956342,0.2894736842105263,False,5
0.92189322324649581,-0.21294254114657757,-0.32367940790576155,0.2911728623746998,0.9319160997688497,0.21621921100618877,0.25559978315466209,-0.2935776850539783,0.9211302262381994,-4.7617478578044272,4.0094801882626925,-2.9448937262456911,,0.2173921000028864,0.2485875706214689,False,5
0.9136486131999022,-0.32534074303098143,-0.24372035721692267,0.36315501286656543,0.92265185340923772,0.12973817491541556,0.18265992507329046,-0.20704337305151127,0.96112870805510342,-7.361887746674058,4.0033477645766613,-3.4971158454486071,,0.08110246443037228,0.4637305699481865,False,5
0.52241143419366476,-0.81382149220657696,-0.2545208679978509,0.85201322927567846,0.51011945678775727,0.11769280753637411,0.0340551106729787,-0.27833921504025372,0.95987891465946218,-8.2150420816856098,-11.910233257478305,-1.4598202047959947,0.3359822044115417,0.3049655526126755,0.8941176470588236,True,5
0.71345780227775957,-0.64842632144355206,-0.26555841170667788,0.69387684106997227,0.70656050574247153,0.13895028302130075,0.097534064796595307,-0.28339999538483857,0.95402911319316019,-16.240114220267916,-13.099592983057375,-3.2142087330149973,,0.08630933480873788,0.4375,False,2
-0.31909021004108457,0.94516315916226812,-0.069627870988128199,-0.94738545640096516,-0.31614952517522582,0.050102641960435373,0.025342353005842519,0.081951694881083892,0.99631404930887457,-19.696141545156234,20.043184909163962,-8.563718066359046,,0.22644186323212,0.3,False,2
-0.86089018995061684,-0.44318783510496118,-0.24990522936059079,0.43872396496855853,-0.89535923863283884,0.076505662255097945,-0.25766133471877156,-0.043776438980366372,0.96524310926374413,-14.65988080455641,-5.0202195773715168,-3.9004340251100058,0.2537146053211845,0.2175252470911662,0.8805031446540881,True,3
-0.091491837769630255,-0.96353159219892448,-0.2514679193379179,0.9876070319624829,-0.12013582764609508,0.10099372918178311,-0.12752095529673266,-0.2391113835650524,0.96258202362698198,-9.2692018735564385,-2.2488314884640261,-3.1228132953130574,0.1561211263157564,0.1353675926071638,0.6823529411764706,True,4
-0.87377795459469121,-0.40897377359367038,-0.26315877066301824,0.40730027137336278,-0.91108196820284548,0.063530592275016243,-0.26574155678685818,-0.051673007733074844,0.9626584676136779,-8.2088766183693291,21.916644994117497,-6.3010768907798163,0.244739151275322,0.177485879849347,0.3823529411764706,True,3
0.95707762306603605,0.21866046735687006,-0.19023675628422088,-0.15005616560274551,0.93538559349408845,0.32021389515183973,0.24796284114937123,-0.27792335543992552,0.92804797177201181,-5.792703396929018,4.8468299582433811,-3.3350439301507961,,0.1566321965164665,0.1272727272727273,False,2
-0.64839633851725598,0.73493352916179078,-0.19863256508239513,-0.75690317573167654,-0.65033041959082438,0.064559491340354852,-0.081729864582778713,0.19220575711621629,0.97794538506332906,18.423318687298604,-8.0316136203945057,4.2030613334970139,0.1664103018649237,0.1439664403107805,0.5714285714285714,True,5
-0.84743855961646408,0.49686526120715635,-0.18701015983287506,-0.51344111930311687,-0.85662548125711546,0.05070504777414292,-0.13500409135998578,0.13898811843664982,0.98104851982432817,-13.923777154794966,11.784781193340203,-6.2461084920413699,,0.1174076018746966,0.1621621621621622,False,5
-0.83228536537174125,0.5107922455818098,-0.21538884010440709,-0.53521930045254251,-0.84161683721585945,0.072259253648696148,-0.14436540794498035,0.17542058365045951,0.9738512452220891,-10.536248671907154,-5.2670868144594563,-2.9327884985474602,0.09584381965313223,0.157801949475535,0.3809523809523809,True,5
0.31864972607471748,0.93562742746212912,-0.15186727446394033,-0.93113270646611013,0.33895653566517248,0.13453754077937269,0.17735341840969487,0.098538235779127042,0.97920170601767897,3.623495696671216,-2.4589362737899028,-0.021662743662554673,,0.07455707119421211,0.2321428571428572,False,5
0.68175068738889466,0.72750391560505367,-0.077162510483293312,-0.69035726628839389,0.674650132550495,0.26125474834424534,0.24212155031633426,-0.12484090447010615,0.96218080600451628,-2.9208377049262984,8.0492713474037902,-3.303857692853549,,0.09500567732170408,0.2790697674418605,False,5
0.9627143710743532,0.19943996402436867,-0.1827696377325036,-0.11381464921486538,0.91153089457166503,0.3951678806095919,0.24541243927521122,-0.35963193544419553,0.90024308142726206,-21.4215479975676,10.842371920977158,-7.7509424714810802,,0.2924084773983932,0.2666666666666667,False,1
0.94978952628870716,-0.18363557640001646,-0.25333343804659164,0.2277666932490742,0.9609108505640771,0.15739336299413392,0.21452782849470764,-0.20719148715247648,0.95448912956245313,-15.283627249282253,-15.427656134487378,-2.6394720302266297,0.3033888417587974,0.1810259433923327,0.2857142857142857,True,4
0.84004768462090618,-0.39775192247650182,-0.36893535440413161,0.52209818418918019,0.77751564532942719,0.35054658368657088,0.14742243258546575,-0.48709632459526109,0.86081577409825183,-8.1717924754636329,11.518614327874602,-4.9122745786110587,,0.2981518621867204,0.1621621621621622,False,1
0.54815525749121641,-0.78641430204146145,-0.28474261927112382,0.83528553947664252,0.53212186069728962,0.13836326430548268,0.042706922459395946,-0.31368594312256987,0.94856589010007719,-18.104181305582475,9.197744846843765,-6.7941991757935902,,0.07558338428194071,0.2093023255813954,False,3
-0.73340034744313098,0.65474808347248403,-0.18283565724279394,-0.67182058617193863,-0.73916824047994278,0.047826898931235942,-0.10383174064749096,0.15790902271528146,0.98197948562035509,10.779613037933446,1.1257168582705717,1.0946534158023991,,0.08403297785492883,0.3103448275862069,False,4
0.88480758943456606,0.41724455410914213,-0.20741868706858652,-0.33721636694528495,0.88059762512299944,0.33291582193094493,0.32155971691618351,-0.22462146979751685,0.91986115461127482,-5.5619131267406585,-3.4460020493060197,-2.0109719919728026,,0.6302748245350958,0.3784860557768924,False,2
0.67984003986978114,0.72296763508431705,-0.12302568353983546,-0.682501851692773,0.68511066753017047,0.25458710822093827,0.26834444772677901,-0.089113252981548152,0.95919241318791504,14.763560582880862,-3.8866464252706154,2.7838861081717345,,0.1913373948349399,0.375,False,5
-0.95369204586616108,-0.16984179634279661,-0.24824432695767354,0.17138585008045251,-0.98508135706637967,0.015543820394629718,-0.24718084886134875,-0.027721547130560131,0.96857273541065125,-0.26036828678498142,6.6364432361861239,-2.4052265766778156,,0.1449786098799228,0.2924528301886792,False,5
-0.022503528093311315,0.99523594997656528,-0.094863033356508614,-0.99442258572558495,-0.012503018776552374,0.10472533370830216,0.10304034269253773,0.096690632409337868,0.98996646881704387,-9.3123348965644528,-11.903885208565425,-1.6887390828881108,,0.3782073090564496,0.1923076923076923,False,2
0.44180146765668854,0.89540477240894056,-0.055333143085225966,-0.87917782053470439,0.44441618291979579,0.17187383814544505,0.17848759916656426,-0.027286441803441863,0.98356373816721421,-13.056509990820761,32.831219007822277,-8.5002925153676223,,0.2002631592492315,0.1764705882352941,False,2
-0.5883457750056863,-0.77182519428927543,-0.24111225288914728,0.77677902993988357,-0.62231337263722641,0.096645770122304409,-0.22464101958148938,-0.13042981138222318,0.96567306922383711,4.9041455403438663,12.992131510520025,-2.1027014988039578,,0.07084664197715634,0.2631578947368421,False,5
-0.94368267048082266,0.23924641809353295,-0.22852607917609491,-0.26223209130598402,-0.96203036566969946,0.075709350933127847,-0.20173583648790405,0.13137247412924802,0.97058947311295662,-20.279544904024362,12.229502178156258,-7.6838734989193354,,0.084360938900298,0.375,False,2
-0.87842012976672268,-0.37458137815941739,-0.29676062197805997,0.40219236841075301,-0.91485746043171479,-0.035736898082815063,-0.25810729244398067,-0.15074686805577078,0.95428298075498164,-3.6131931571484763,21.722166892478313,-5.2539235971939089,,0.1738029186993489,0.2,False,3
0.37812458841191182,-0.83868124807200417,-0.39196372251868916,0.92503007738347287,0.32554212650845799,0.19581031587809045,-0.036621736363105062,-0.43661892767118632,0.89890086240086275,-10.135333852694139,21.598740183012929,-6.731219919374511,,0.2555297781772617,0.2272727272727273,False,2
-0.53505481664935106,-0.7826785744233663,-0.3180103651124227,0.81640354327420706,-0.5758322213469228,0.043617741665385623,-0.21725928682026308,-0.23628690610627445,0.9470833650176077,-14.694790448631366,-0.94915642737556127,-4.5475122432045136,,0.07429132707667174,0.1129032258064516,False,1
-0.33325091453948225,-0.9039867703999751,-0.26786516552254785,0.92596179608384022,-0.36731290212424716,0.087612693864830338,-0.17759104749898849,-0.21883589941983106,0.95946457411064756,-5.8860287017336619,3.9144761388809717,-3.1736377712560362,,0.08557342955898276,0.4766081871345029,False,5
0.4354737521624979,0.89936359634010066,-0.038829534580231223,-0.87350046494980893,0.43259149465315549,0.22329696927235293,0.21762249173737674,-0.063322352545928856,0.9739767608922022,-11.627804638872872,-8.5921771352669651,-2.7163560061799399,,0.3930238557901229,0.3333333333333333,False,4
-0.49610562892666632,0.86282704363495066,-0.096998441840316002,-0.86784260184555351,-0.49623448319332342,0.024506246383248415,-0.026989319539738918,0.096337066916257652,0.99498278687058472,-18.865621592557225,14.627671148090956,-7.7171640308182727,,0.103341305176794,0.1875,False,1
-0.73800226847389028,-0.60467787120762151,-0.29952850248217378,0.63252719075310504,-0.77452132400556228,0.0051060374712569162,-0.23507872018832235,-0.18569165498883333,0.95407368928302949,-25.494135501730277,8.3089491944091147,-8.3296606388624657,,0.2252077672474851,0.2307692307692308,False,4
-0.96859397167824046,0.091403673773249594,-0.2312381595873082,-0.075675530507062286,-0.99423085134774347,-0.076014658525939721,-0.23685213132046487,-0.056128269607158908,0.96992303057503415,-26.718620315867962,8.5580352729963405,-8.5870239506594341,,0.5688253298424031,0.6060606060606061,False,3
0.95424199949067123,0.20352881717498228,-0.21908497663555027,-0.16292438714575277,0.96820512698561156,0.1898274905063998,0.25075456223412529,-0.14544707854793471,0.95706180409660269,-16.791744440699443,-10.288896266691371,-3.7478196713602077,,0.1192042437269864,0.15,False,2
0.74194855951494298,-0.59775948974241533,-0.30363782283600282,0.65859938768238646,0.73459753162539176,0.16313587304534236,0.12553557893316847,-0.32101411020820891,0.93871761433838297,-14.24479685186358,-10.157605111507683,-3.1168294476785277,,0.09570465997664852,0.3448275862068966,False,3
-0.73475941583361482,0.64547503620676649,-0.20854394855214495,-0.67085839730916752,-0.73697312586831776,0.082581005731685017,-0.10038730798074527,0.20058063062458267,0.97452029174082599,-13.205316045154561,-7.6484040610412443,-3.2521741357725613,0.2435159017453164,0.1935264508450488,0.5625,True,4
-0.75284573415802813,-0.6086705979081054,-0.25048633456188951,0.60935222828101709,-0.7884004786253126,0.084347775266089567,-0.2488235568611229,-0.089133543324436071,0.9644387222656563,-8.8621253233759028,-4.0743046325851884,-2.708022514704397,0.2916328234258412,0.2589523858859474,0.8542713567839196,True,5
0.29576471891859879,-0.84040353583138105,-0.45414218919311522,0.95457305975277917,0.24197867004744963,0.17388673565365642,-0.036242304524122276,-0.48494146059517385,0.87379532795649584,-15.850957619650146,-6.2270748432095315,-4.02884309662881,,0.2041590542511847,0.1875,False,2
-0.15408941294991804,0.97739247373688343,-0.14477708761833091,-0.98529379327844424,-0.14104942219155733,0.096442736514485344,0.073841680260705228,0.15750877049207157,0.98475296063243811,-1.1217813831765322,26.774666999664554,-5.1611571484434604,0.3143984218478307,0.2841603087646117,0.2727272727272727,True,5
0.89045115181110013,0.42157305823645602,-0.17138524676134639,-0.3490245684335414,0.87432172042282408,0.33725862454006078,0.2920249935674446,-0.24049466889316956,0.92568013771815338,-22.580672755313667,22.072674997411927,-9.4438774830919776,,0.5299573675205416,0.3888888888888889,False,4
0.056152849358099541,-0.93788555751868963,-0.34237046967696194,0.99521876360814598,0.025131716043491056,0.094382251567667053,-0.079915393205812521,-0.3460333478822038,0.93481252242478763,-6.8177978874275498,-11.317130586673168,-1.1982922230701545,0.4159579387606452,0.1287430165836082,0.3043478260869565,True,5
-0.93878971530426603,-0.20376476114438186,-0.27776571522545679,0.23428854966962745,-0.96877266574507681,-0.081168944793446191,-0.25255246174337542,-0.14127789714230593,0.95721356543167013,-5.8632744582475276,16.849824377738997,-5.1661045779330426,,0.1281824842549908,0.2105263157894737,False,1
-0.82153466367962846,-0.48195662329015665,-0.30462864218512103,0.51042000236898877,-0.85977137956559757,-0.016266408992481218,-0.25407128439562338,-0.16885197110670469,0.95233229195430491,-13.224169374122706,7.6373448904682704,-5.422475796703039,,0.06966108354368766,0.2884615384615384,False,4
-0.9046897864647413,0.36932119724638468,-0.21245762761284237,-0.38243496361872042,-0.92370123695312012,0.022793057127622446,-0.18782941427882915,0.10187187107230448,0.97690441344887935,-2.1579399199103237,16.676893322400023,-4.2494728295420066,,0.2865198704660863,0.1666666666666667,False,4
0.86465728230329442,0.46540356780049452,-0.18912245566947131,-0.43328707103876157,0.88141439940259547,0.18807171663068439,0.2542245035997352,-0.080673264495319655,0.96377472791370489,-12.929796330376089,-14.946920491881068,-2.1445725059980791,,0.1454940719537702,0.2580645161290323,True,5
-0.92856448364833954,-0.27497857669815101,-0.24930860808233732,0.28728534703646452,-0.95774779071960225,-0.013649130003766302,-0.23502155025663393,-0.084296807346308456,0.96832789858920643,-9.7765915500391465,-0.75823016774133034,-3.464421759028574,0.4953753368550438,0.4417279905968551,0.6688311688311688,True,3
-0.71956075029098143,-0.59432150612128942,-0.35918557042621052,0.63541338702798977,-0.77215778944642621,0.004709116990096282,-0.28014666556341172,-0.22484282412149731,0.93325427950520079,-13.527915979060088,-4.2543616714070831,-3.7107519032390535,,0.1057564695538946,0.2307692307692308,False,2
-0.27941658161249383,0.95837767712461575,0.058639593358188524,-0.95868438069715989,-0.28185948114357767,0.038464153399954668,0.053391311346422887,-0.045469339985294288,0.99753792258440499,-13.986515975562419,-1.5579580343287625,-4.2873641374921236,,0.3261378486998761,0.3076923076923077,False,2
-0.06568339557505537,0.9784398473834699,-0.19580897987054527,-0.99368681436701078,-0.046251911505452048,0.10221191532905485,0.090951671226387226,0.20128642709905861,0.9753007575957392,5.2991404438989251,-2.702095908075357,0.36445710980121993,,0.07789885007960763,0.3928571428571428,False,5
0.94726359553628992,0.24736410905738321,-0.2037220609602895,-0.19660860336256306,0.95063184820742064,0.24009195375431983,0.2530548115635885,-0.18737685749310407,0.9491328545680664,-3.7200647551995978,12.397153574163275,-4.059957328412235,,0.06951789176892363,0.2777777777777778,False,5
0.14832040141877351,-0.95218425827350184,-0.26710708867253086,0.9865110576987326,0.12354118387111822,0.10739417547451217,-0.069260317362120433,-0.27943284378158539,0.95766397773699008,-6.7309064188493126,-13.019889861757758,-0.91927421217418914,,0.07212638428969445,0.2727272727272727,False,5
-0.91651277299233702,-0.27382046977380753,-0.29159335944899334,0.32289295864064271,-0.9367194605711856,-0.13526562552075233,-0.23610267724486034,-0.21812611608901744,0.94693005194561819,-16.046444638847813,12.077574753830477,-6.7353387574597425,,0.3619831217009467,0.2894736842105263,False,2
-0.17194531594256054,0.97335856247617758,-0.15168360880373213,-0.983967234839767,-0.16229517122567386,0.073951052451018282,0.047363372844393702,0.16196723820310033,0.98565882771964486,-11.554998274360646,23.711356229054957,-7.2807283522063644,,0.2033440719139244,0.52,False,5
-0.52044187157554267,0.82911066800096556,-0.20424435981916253,-0.85306427913839067,-0.51540345150774969,0.081489986084159943,-0.037704031204159882,0.21664436844952112,0.97552223124338078,-3.1371113145460665,-14.163284234808506,0.092732595410880109,,0.1409624693732796,0.2333333333333333,True,5
0.39907600402111404,-0.87962135028902977,-0.25885251231202083,0.91686964346753475,0.38571787544671154,0.10281914923102438,0.009402122220873485,-0.27836666588616588,0.96042886223872115,-10.245749668575174,-9.3527250811468043,-2.2775586065340163,,0.06511428485351292,0.1090909090909091,False,4
0.12255672087147193,-0.95186187849545889,-0.28096052113478681,0.98909610115094415,0.093850786985863119,0.1134941957552788,-0.081662432349492955,-0.29180643250146659,0.9529849175582652,-7.0156049909044649,-3.8504116676201114,-2.3896612251272806,,0.07980240897160658,0.1590909090909091,False,3
-0.61766303242325959,0.7846099324649336,-0.053662205089574783,-0.78127254251124634,-0.61998358161327172,-0.072343436799702315,-0.090031065170396163,-0.0027590591425326327,0.99593513588834293,-22.112968646332341,4.1914655660937088,-6.9821324420526807,,0.4755650996042222,0.3076923076923077,False,2
0.23296052854180582,-0.93315923435233461,-0.27375762178337348,0.97137642121861356,0.20983997819109929,0.11133297738441433,-0.046446102549535524,-0.29185788818485808,0.95533330972087127,-4.8560048822146689,6.0087808601494404,-3.3337669942369175,,0.06611733220008524,0.2452830188679245,False,5
