axis_00,axis_01,axis_02,axis_10,axis_11,axis_12,axis_20,axis_21,axis_22,location_x,location_y,location_z,dbh,dbh_approximation,score,reconstructed,number_clusters
0.15995356750224943,-0.92403108783431154,-0.3472483332703582,0.98496201344754897,0.12612955943514617,0.11807271616273404,-0.065304581069423981,-0.36091256967918739,0.93031039376055147,-3.8139543906001205,-7.738211798998778,-1.0329108114793821,,0.09386083741200979,0.2582417582417583,False,5
0.17545698787820335,-0.87167367210759095,-0.45760228884827125,0.98335623356636859,0.13290025458917987,0.12388720771854148,-0.047173756590650213,-0.47172293953612182,0.88048401746115001,-16.499893828244176,-10.990466976303336,-3.5356883873053029,0.5413657575008134,0.445970492018289,0.1973684210526316,True,3
0.26724698748380082,0.94878290552209454,-0.16849345942761412,-0.95241264402597858,0.28666696766924771,0.10359635682186091,0.14659196151316445,0.13278948691959871,0.9802437191756711,-21.909858474101195,15.245694291123352,-8.0760447957185235,0.1976425486867514,0.1617309390496632,0.6071428571428571,True,2
0.068802927276322798,0.99472233121803122,-0.076115970560547919,-0.99411788375857046,0.074757531549703826,0.078364179750547075,0.083640841636069524,0.070276562613435956,0.99401479584443264,12.434554854260526,0.53919294189954459,1.665607395391522,0.9947768344461608,0.8451392110915359,0.8941798941798942,True,2
0.78042608172919048,0.58791810948308887,-0.21280842910621148,-0.5747606901455401,0.80856468171165874,0.12598930332352129,0.24614077277087798,0.023988581249308166,0.9689371847284014,4.7265130077331579,20.280053975461271,-2.3016366425009172,0.8094106374881122,0.6668892214524841,0.5853658536585366,True,5
0.55635408395108443,0.80595717371988884,-0.20224531490345729,-0.80236327725459544,0.58434896669913217,0.12144734015581286,0.21606319581135275,0.094706489994642568,0.9717753733083998,4.2381826322474172,-6.5105218348921454,0.60976497685406073,,0.08910214313345358,0.456140350877193,False,5
0.64242034281763527,-0.71762162376143301,-0.26891505767449264,0.76223973625574981,0.63464690412680702,0.12733378010183818,0.079288634789836179,-0.28677955330229343,0.95470979894463237,-14.51952584667394,6.7897407732923503,-5.3000972665899839,0.6369232346410945,0.2785987563239234,0.26,True,3
0.96832166353756355,0.13383828931280975,-0.21080908006456076,-0.067358079715241076,0.95293462679071517,0.29559852191835384,0.24044967253236368,-0.27203475766353996,0.9317623332170164,3.8714423961903273,-18.421170913801177,2.0377859485603604,,0.2708792234575215,0.2156862745098039,False,2
-0.85436497769081021,0.49859648143311003,-0.14649926142443251,-0.49730371137869045,-0.8662485569644881,-0.04798391611698806,-0.1508293855465897,0.031858848997799075,0.98804630974270302,-22.865153985951476,-9.9228169276576583,-5.1690973993553024,,0.1661968334473931,0.3877551020408163,False,2
0.51037489899897737,-0.76945655738733287,-0.38399748536340578,0.85969379670167134,0.46747125775907694,0.20590580147682369,0.021072218308717611,-0.43520940874799779,0.90008262518102677,5.7270397935907988,-7.5634116127118816,1.0740825268661822,,0.2399075810534292,0.3292682926829268,False,4
-0.11161113655258176,-0.96021074923979355,-0.25600443598069633,0.98536438241117341,-0.14033370663579314,0.096765100409730076,-0.12884094098106752,-0.24145759011928505,0.96182027640349699,-26.477276094559791,2.8769199693998595,-7.6277535771981242,,0.3186309491049462,0.3692307692307693,False,2
0.94453666308002515,-0.21665264997743,-0.24680381146856289,0.26885804658281831,0.94169843756420091,0.20228545048227098,0.18858908474597291,-0.25742121502879567,0.94771750810448585,6.8999054527208505,-14.929242930221166,2.2919579317461189,,0.3191701884017807,0.303030303030303,False,5
-0.72606219600044142,-0.61856256274401089,-0.30035652733140084,0.64400620873530678,-0.7648019320014442,0.018275883487132966,-0.24101802971851169,-0.18016204033708189,0.95365190115271448,-12.704271361550685,-17.515445230423804,-1.9509194715807308,,0.2246528931591263,0.2592592592592592,False,1
-0.26891396189593253,-0.88778733413622146,-0.37352232924516426,0.95300723521829311,-0.30142635850929639,0.030320950140261926,-0.13950803101978088,-0.34781575545556442,0.92712550905357849,3.8725792030885708,-22.331612128355889,2.4419686403231649,0.5331097660367071,0.6422692988596136,0.7209302325581395,True,5
0.69289890076252159,0.71240258321061578,-0.111237011632505,-0.69260292425638048,0.70050346522586315,0.17203512582629005,0.20048018015155183,-0.042159870035364477,0.97879019341481011,5.2400007614183011,11.972337490480195,-1.2806725491709798,,0.1540496967085648,0.1111111111111111,False,4
-0.855770238154409,0.50004869961933629,-0.13269739069837833,-0.50030290943614431,-0.86518845693518165,-0.033851629146161827,-0.13173571383218904,0.037419673904657738,0.99057835111918002,8.2063922087154939,15.143809285989668,-0.87523337864782336,,0.2695438810117649,0.3333333333333333,False,2
-0.96422775583764619,-0.075930604370810367,-0.25396727779810452,0.11767282952350432,-0.98112838022124826,-0.15342818097194938,-0.23752460938653988,-0.17782475880571993,0.95496618531310251,-8.0417139429031348,-16.573338481036348,-1.0189647077770674,0.7271539745456473,0.5329781085175279,0.3410852713178295,True,5
0.76284049879114368,0.64425392248719837,-0.054874919261335309,-0.62427302873674062,0.75596084975349009,0.19699334819185632,0.16839702787144312,-0.1160175719442553,0.97886789915913774,1.6868937519771272,-17.268511038969582,1.3660465243125073,,0.3580421726324191,0.4705882352941176,False,2
-0.33367245043491339,-0.90649683797106806,-0.258700944275848,0.926295364517293,-0.36623885493835723,0.088577642818129659,-0.17504169073262349,-0.21007756634609062,0.96188763513394238,0.75212951218901047,-7.0361856503585427,-0.16588184817286517,,0.0858645930585212,0.4,False,5
0.82946385155463487,-0.46477076126030936,-0.30980293484998267,0.54452567242163286,0.7963965399194487,0.26314319918648421,0.12442472036504117,-0.38696342292501185,0.91366175266355476,19.398009058958095,7.4211085887596395,2.5989339113379728,,0.335328249825524,0.3571428571428572,False,4
-0.11574052157160997,0.97994779176616187,-0.16219265420774795,-0.99063425545066663,-0.10197380892610332,0.090802611310498646,0.072442415710925856,0.1711831408338011,0.98257235290854772,10.825747991960304,7.2371350041345375,0.59494704707821633,0.4334485615579074,0.4530689568083776,0.8088888888888889,True,5
-0.91126579316359535,0.3580900375124168,-0.20338677254010434,-0.37092486186913337,-0.9282527085779122,0.027598113434338427,-0.17891171302429731,0.10059042723900825,0.97870943843951241,12.805541316637346,-10.295650727372369,3.0524166286491319,,0.3300939001286095,0.9230769230769231,False,5
-0.25101555959865079,-0.85276645150481167,-0.45801808700887436,0.95497895240549746,-0.29546576695946392,0.026742868536397249,-0.15813408646422661,-0.43068475680356766,0.88854051734019257,-17.492600717773705,-9.9300233234495217,-3.9493689895564446,,0.09990528581988845,0.2181818181818182,False,2
-0.87002210921504763,-0.42725067132819589,-0.24600486443687608,0.42302799743123254,-0.90320617932683456,0.072566597103232183,-0.25319724103220537,-0.040932401290760943,0.96654834108711352,9.8825770684108942,2.0067751351648591,0.8985316860901994,,0.215255446129675,0.5,False,1
-0.9491037642571426,0.21710648688597925,-0.22818154619721176,-0.24108997649456351,-0.96696757156151203,0.082760732127515349,-0.20267626379715237,0.13356080600408077,0.97009475990377736,2.0300815547732518,-12.617629604789849,0.90953926542210006,,0.07439434493670798,0.2209302325581395,False,5
-0.1366649405175008,0.97215745381327434,-0.19034857243656864,-0.98818676833213981,-0.12033698332529728,0.094899532862120398,0.069351315248014619,0.20106937966646926,0.97711897926194824,-6.9015536350219797,3.0724069410610433,-3.1238139672379046,0.5393260414088388,0.5371432340786519,0.736322188449848,True,5
-0.62350356839500365,-0.69129355999565534,-0.36518011187252786,0.75017952853841086,-0.66053301408281462,-0.030443591584451035,-0.22016806117279117,-0.29293233214380221,0.93043896824252181,12.840979535815077,2.0807439248628015,1.6408736446064445,,0.2174190418148626,0.3529411764705883,False,4
-0.84006120389483363,0.5160782858746914,-0.16721356571583335,-0.52148384151229077,-0.85315804912818427,-0.013264473203810911,-0.14950510610794127,0.076056203273836484,0.98583146490220241,-21.547312481886937,-12.87679118779068,-4.4944216062355435,,0.07840918097160512,0.2307692307692308,False,1
-0.43375525960556843,-0.84936522128962766,-0.30072428506545346,0.88274194793798355,-0.46748807363817496,0.04713336776343148,-0.18061846006197857,-0.24501759502062381,0.95254572069541577,-4.346921241947884,-18.546091715093006,0.041497974332588006,,0.08425175254471284,0.2051282051282051,False,3
0.042730219389797458,0.99777655891904538,-0.051147500648311223,-0.99596685177787059,0.046583509616534215,0.076681202334624859,0.078893336287529356,0.047664610598173035,0.99574290175021962,0.40390979181476638,8.3689333961699415,-1.9779237600809083,,0.2373635257367019,0.1724137931034483,False,3
0.48015952250859528,-0.82060407737266861,-0.30992867105782707,0.87680458877013223,0.45934922277477463,0.14216892996661243,0.025701090559720072,-0.34001064650325785,0.94007032407606561,24.81252423342265,2.1711089573967639,4.4769088105752859,,0.09573782894894503,0.2777777777777778,False,4
-0.96074808929467903,-0.069935092450169642,-0.26846264500039752,0.12985522423898913,-0.96851336096066898,-0.21241348916325992,-0.24515450159943025,-0.23893713082033677,0.9395787981116217,9.5453534187007989,-14.602500770303038,2.9147183509700501,,0.2487855870614347,0.2692307692307692,False,1
-0.26793950069180705,-0.85051577810922963,-0.45258295941879667,0.93703220916030638,-0.33927608853157359,0.082839451633089076,-0.22400683687151191,-0.40188884898435151,0.88786614424520782,-19.071180646547123,4.390406933445826,-6.0996083614488121,,0.5235050645809248,0.1528662420382166,False,2
-0.88993289392330932,0.40411141127076927,-0.21145546007145963,-0.42239765377392929,-0.90514469693127753,0.047888408863386307,-0.17204553583155041,0.13193576049704722,0.97621375154343204,-15.72633698021539,5.5822211431237374,-5.4945371548412707,0.7678505239262489,0.8925057646795682,0.8495575221238938,True,2
0.95721625990923498,0.21569274754755213,-0.19290845087959207,-0.16432228398823587,0.95388979566156229,0.25118209473931946,0.23819155893999588,-0.20873642803337156,0.94852194748545671,9.1535378704993811,-7.6525916796259716,1.9368804438081879,0.4433878956265868,0.3777308113401762,0.8,True,3
0.13891234829209292,0.96718645020559435,-0.2127292411274915,-0.9814975384147111,0.16304797459903084,0.10038894393814696,0.13177989823125102,0.19484796257045117,0.97194049710067398,14.979879508567643,7.6578140795982481,1.5394372785373795,,0.07668708118253034,0.3333333333333333,False,5
0.86128875401944482,0.46029384323225164,-0.21520051134259488,-0.43946180592298761,0.88740464899341487,0.13923473014941001,0.25505882328305635,-0.02534890189645192,0.96659320804467974,-2.1754469746027638,-9.8785658397088163,-0.40414158185195681,,0.1248221725242411,0.3670212765957447,False,5
-0.96311676464109064,-0.11777031459483001,-0.24194265987525351,0.11335747764621364,-0.99303462831715328,0.032129569320198899,-0.24404134880992201,0.0035185171945071037,0.96975844420545543,13.326313372547279,8.0439007618084872,1.0766066941317989,,0.08809983231623024,0.4090909090909091,False,1
-0.33352837590429513,-0.88509867417173183,-0.32459075687099825,0.92638166105082209,-0.37156397015394893,0.061296281715590387,-0.17485948797638917,-0.28025087522232561,0.94386630748308697,-10.670430986651031,-3.460476095129347,-3.2341091842410141,,0.06614962091858718,0.1794871794871795,False,3
-0.88681251712468512,0.42968648805121179,-0.17009727057538651,-0.42885603223612295,-0.90232423466449752,-0.043514125888244909,-0.17218032142399389,0.034358369043719472,0.98446606817654492,-9.7094796988413314,11.415025714507911,-4.7140779611894361,,0.1338977560880742,0.3076923076923077,False,2
0.64427853485187814,-0.63573867122366345,-0.42513705018486492,0.76105723107802647,0.58780881222154235,0.27435869094772047,0.075478874878768129,-0.50031704167004987,0.86254611312182317,5.7166637245599627,2.9242129391400269,-0.10875188940395811,0.2689330764603802,0.2254129532036546,0.2666666666666667,True,5
-0.68835533855095599,-0.67141744043427543,-0.27452786483176095,0.68584357301091914,-0.72566236913487703,0.055070131479541901,-0.23618958750972791,-0.15037535270862779,0.96000090210881617,-16.935653010305973,6.2662797320930386,-5.8356840231592191,,0.09830631734044941,0.44,False,1
0.43872549404301531,-0.86156728082527445,-0.25538551542336269,0.89851001567028421,0.42505216168372212,0.10959202337844554,0.014131263811104647,-0.27754725806489122,0.96060805062406351,-10.051245454811642,-24.542102725142112,-0.55545438465353036,,0.08913943693155993,0.3181818181818182,False,1
-0.41668338487419881,-0.84774780168544717,-0.32817468139281103,0.88769195835517323,-0.45725106431459356,0.054078195742179473,-0.19590289390751334,-0.26878453995842844,0.94306782748538198,24.389568523034317,9.65517162956451,3.600306851089722,,0.1639492153095378,0.1904761904761905,False,4
-0.60768625030354073,0.78689178913880853,-0.10732536223067216,-0.78871300557760537,-0.61379434663514176,-0.034471653158463497,-0.093001161416191219,0.063700959370027788,0.99362617304023115,-2.9337033247198927,-16.52102607672678,0.13609755383345257,,0.4263620818847203,0.1132075471698113,False,4
-0.43362650892415278,0.89486138923900105,-0.1057882073177238,-0.90099485941661439,-0.43231108603299045,0.036268280877544815,-0.013278330583618242,0.11104151900177844,0.99372705860044419,5.3832885280699285,-5.0364474870702791,0.65350906857730007,,0.08429889530941927,0.2244897959183673,False,3
-0.97928252458065124,0.063531871462939787,-0.1922743830034622,-0.041055871888303036,-0.99208071060915148,-0.11870248110604735,-0.1982930972939724,-0.10834927293552438,0.97413565924870327,8.9038675123782092,-8.2773862770744326,1.9317112669008871,,0.3967238922212129,0.2222222222222222,False,3
-0.13148611295096135,-0.90041984281565035,-0.41467518465045178,0.98259717616122677,-0.17374267686537831,0.065698338149721536,-0.13120286392083624,-0.39882024635102453,0.90759474414491748,22.302199931202619,10.379717402606264,3.021629974500267,,0.3622440863573888,0.2777777777777778,False,3
-0.068586086709150687,-0.95539240899549638,-0.28726519723716354,0.9923302902611475,-0.095014027935025322,0.07907546728150168,-0.10284232465357088,-0.27963847970074479,0.95458146689033541,-13.905633975712162,-15.337051866110951,-2.4894201765252477,0.3106923899281538,0.3396278552780937,0.7397260273972602,True,5
-0.07593635834830785,0.99191146890675752,0.10171188392727945,-0.99363970081277075,-0.083783473640497513,0.075236125055983358,0.083149350265079497,-0.095351808561616014,0.99196482707529698,-24.004373941830462,4.4136489500075351,-7.2605122328100329,,0.3687620438186463,0.1481481481481481,False,1
0.65343681878751669,0.72623573654061446,-0.21354619833694691,-0.72114919955008883,0.68298825899403848,0.11606407740795241,0.23013942695921802,0.078158128480693256,0.97001399531722199,9.1654200815347533,-0.069912051238540579,0.95255617076158638,0.4622754851566416,0.3379986071695901,0.917312661498708,True,5
0.38220896304301349,0.922384281891514,0.055888684803462624,-0.90925436958283334,0.36460126459104031,0.20080440546247663,0.16484174217748637,-0.12756627445406818,0.97803581000789563,-18.112037046225204,-8.4038079265696961,-4.2265298938783884,,0.3227039017395487,0.25,False,2
-0.92672444101382478,0.30382948715898972,-0.22106436429311735,-0.3257601685027669,-0.94287712386600675,0.069735513959650317,-0.18724882655083244,0.1366395697551516,0.97276282049246909,-9.6012393871191577,9.4455269562959785,-4.4429605629329476,,0.1443901227777626,0.6736401673640168,True,5
-0.35382769912170964,-0.83455752620205226,-0.42227916689525324,0.91799217955100976,-0.39634698903870397,0.014121705390677752,-0.17915445184930406,-0.38265232227109969,0.9063558256243025,3.4421977411692417,-4.3597808054568334,0.11850756270112171,,0.3031114677754719,0.2710843373493976,False,1
-0.41207970088817797,-0.85190572048957036,-0.3231825544689203,0.90245311910804793,-0.43049414005385722,-0.015911102772791452,-0.12557343639506816,-0.29821374679319645,0.94620287110930823,13.932362707835187,2.9461954338762735,1.7702073149704634,,0.4196326237283222,0.2727272727272727,False,2
-0.30491056869416028,-0.90685298394782632,-0.29094193682507746,0.93712079531953663,-0.34015005151280964,0.078118867346577192,-0.1698062427541546,-0.24882847096093441,0.95354613520320064,2.0096461038081959,-2.9240159034530206,-0.3846415907989793,0.4705267163550643,0.4091173471779165,0.9581624282198523,True,5
-0.71794883582083147,0.68224107512351362,-0.13819039242228792,-0.69189485288455088,-0.72119004158731237,0.034153132611180088,-0.076360864946509371,0.12013342303290843,0.98981663906756889,20.49947205932159,1.2602686730236028,3.4419739232751323,0.2855458387723502,0.2614677234800102,0.5272727272727272,True,5
0.95560699200920751,-0.14849670740952706,-0.25448772998249675,0.2218266989649228,0.93106404012825805,0.28967683512212566,0.19392831781212452,-0.33326938213489532,0.92267184116671996,0.98469642410722258,-10.617779845432253,0.41656871478645174,,0.5788890202687693,0.2757009345794392,False,5
0.85507926134951584,-0.42180381846911114,-0.30153108551995811,0.49370910536955248,0.84002403610174547,0.22496874904423936,0.15840068208553632,-0.34123475423264127,0.92653551816356527,-4.1473532682785024,5.5008105159784639,-2.7271982097794067,0.7282492757675347,0.6413142337288785,0.872852233676976,True,4
-0.14753584477129988,-0.90325892337267943,-0.40293484815196723,0.98028381492410988,-0.18768317831939818,0.061795362073250745,-0.13144130517251457,-0.38587347916585163,0.91314009953072839,-0.67776780701144745,15.981866473813119,-3.1096308707047045,0.6839218688199821,0.5411383139670627,0.8275862068965517,True,6
-0.1703856316696547,0.98008668705788227,-0.10197461631425345,-0.98201527301389391,-0.16035085643754701,0.099667479185509333,0.081331052421455413,0.11712253707827376,0.9897815775313098,-3.1540503629545404,12.808886573166326,-3.3084903930742691,,0.4620563373438288,0.5675675675675675,False,5
-0.97127032311142203,-0.0022451719261992673,-0.23796831437410995,0.021869180209562519,-0.9965664088007179,-0.079856945890770317,-0.23697193589114104,-0.08276685358923308,0.96798447794731846,10.428795273113193,-21.700320897833159,3.981105013496459,,0.1327497238925807,0.3333333333333333,False,3
0.95310642333191509,0.25602265254482731,-0.16137083747491529,-0.17374435662342091,0.89949419584465984,0.40090284382039842,0.2477923411749412,-0.3540658032423914,0.90179618685674323,-20.416661853327536,-5.9000999035543398,-5.0894640486670752,0.5837328712337164,0.6288064721147922,0.330188679245283,True,1
0.13881816811349895,0.98548227940990685,-0.097745553201499302,-0.98125674986768563,0.15019766153016273,0.12073049867360611,0.13365892054299736,0.079153897187222877,0.9878613027745119,12.917289763873869,24.808189064720317,-0.79432028473555372,,0.2203907166715845,0.2272727272727273,False,2
0.089899106812057844,-0.9532289393928185,-0.28857016425548304,0.9948074877278138,0.072064285211266066,0.071866551034986126,-0.047709673600530654,-0.29353249888390809,0.9547578013003607,16.864963702249998,7.0950404887562044,2.0231140727324677,0.2332744311510273,0.1085314360020981,0.3095238095238095,True,5
0.051605987635759909,0.99856916220925485,-0.014016073802799373,-0.99239061701184861,0.052847662313041673,0.11121145559199222,0.11179304677385239,0.0081702431270084253,0.9936979228217524,-19.869324049074777,0.86696050023565452,-5.902036859508959,,0.1538671417194836,0.1428571428571428,False,2
-0.84797836834859952,0.50717571554721574,-0.15396584157538487,-0.51039350166699304,-0.85968815229943207,-0.020850761427180106,-0.14293760970770408,0.0609021703649201,0.98785614609410111,-28.617558606800028,3.7408912743354814,-8.2355071752292162,,0.2040567540801191,0.1923076923076923,False,2
-0.1074254842121275,0.99283860915081523,0.052261472628183619,-0.98886408520700331,-0.11214520938749106,0.097832883015649172,0.10299313729325776,-0.04116974849221508,0.99382969641663521,-16.677828910718613,-14.018783106566259,-3.1930083076904356,,0.5723212524518155,0.3666666666666666,False,2
0.39505382691249086,-0.87590478026070706,-0.2769896925126264,0.91865751477039481,0.37696992573526472,0.1181611003970072,0.00091891113731461249,-0.30113865744469381,0.95357992040244322,-14.964914051103545,-5.6166259901755193,-3.8297913206062022,,0.10176587490394,0.3759398496240601,False,5
-0.62638593446376079,0.77943855284470764,0.010779770188201337,-0.77835350065170938,-0.62464030887778943,-0.063168920746600979,-0.042502813191502981,-0.047958595313134345,0.9979446297297262,-1.210075446451284,9.4423247697849071,-2.4673972509356856,0.5699645278531655,0.315769921170256,0.2222222222222222,True,5
-0.90760840487526118,0.37343490058105105,-0.19181594935720081,-0.3791055877513303,-0.92532177120547199,-0.0076533044422728153,-0.18034948498818082,0.065772294784265037,0.98140107423178891,-7.3424075264341582,-14.665110183287462,-1.0453850126743363,,0.8606790926701734,0.3049180327868852,False,1
0.73708707948407548,-0.5357983607420217,-0.41185283037002307,0.66681693469463033,0.67564928480808262,0.31440931847320297,0.10980807284573221,-0.50637748820863793,0.85529177861909633,-18.852599030447845,13.471372508861963,-7.1486736016403931,,0.3463879950722696,0.3076923076923077,False,1
-0.13040998203176149,-0.95174357525144582,-0.27780821361880759,0.98269311754967537,-0.16125913964183378,0.091157701827530774,-0.13155787056264301,-0.26111234526458704,0.95630166257486515,-8.4581962782279927,-11.169054706237837,-1.7050771913484082,,0.0785405576614658,0.2244897959183673,False,5
0.62151352839200091,0.75649637363002897,-0.20355385211373714,-0.74972413207711852,0.64973165088942397,0.12554882561662911,0.22723261167124889,0.07457894151246254,0.97098059799150671,-27.641672305838952,4.1646317443158294,-8.0744551813639394,0.5166292365632792,0.4426563548748602,0.9668508287292817,True,3
0.97268264777444358,0.030552389012241533,-0.23011957379619374,0.022428179953700673,0.97429529568458551,0.22415542275584041,0.23105290186981339,-0.22319325333112056,0.94699489344188514,-1.7516126665027503,-2.7413236596876063,-1.2661902178384827,,0.381349332708851,0.3526284701712936,False,5
0.95680269576615118,-0.075095516476443414,-0.28087232825567227,0.17343429732847404,0.92277921781790095,0.3440916442948902,0.23334340763090849,-0.37794070774199368,0.89594178133775881,-8.7813960171346626,-17.853346383169512,-1.0289917573088254,,0.252230695773224,0.3043478260869565,False,3
0.066924482453325967,0.9828146600871559,-0.17203621004347586,-0.99083366307810139,0.08574301375157313,0.10438767984790717,0.11734464521053403,0.16347317673112613,0.97954415660032812,5.6249429516508824,-20.955907399571426,2.7009809808305718,,0.07517368832917495,0.1904761904761905,False,1
0.80777968770428155,0.55307464930529404,-0.20396178178325125,-0.53313899864760328,0.83306645954450964,0.14752315785328682,0.25150503822667913,-0.010426230277573931,0.9677998292357749,-15.20278237674369,-1.0771308457926816,-4.5844486091692138,0.2484796395185899,0.1673510225016637,0.3229166666666667,True,5
0.79147161158221646,-0.54753419006663395,-0.27162289809131401,0.60568415997500902,0.76221677816914313,0.22841252468465706,0.081971863555838062,-0.34529971587814334,0.93490572776064262,-24.922682868730696,-20.843033622189708,-4.3631531739974161,,0.3228448336708984,0.25,False,3
-0.0042535376546654659,-0.93074360961251568,-0.36564770009243175,0.98981182652071986,-0.055957934728915582,0.13092462572255148,-0.14231814886772562,-0.36136552506615649,0.92149905143549904,0.88133796718280666,-15.49737687644471,0.95342437424498105,0.4621120557712748,0.4407519960421388,0.3760683760683761,True,3
-0.96545523082984475,0.1276833962381235,-0.22714125030119409,-0.1419090838314159,-0.98874544615792637,0.047373564654681073,-0.21853605924290734,0.077970462529482448,0.97270889673299432,20.833105983614356,-20.519169442672403,6.3526760723845532,,0.09472528952353697,0.5333333333333333,False,1
-0.97183390314006834,0.060852143709482914,-0.22767494660919732,-0.056469301406480717,-0.99807295939829743,-0.025721308609563287,-0.22880140451099598,-0.012140194557122935,0.97339741779496769,12.378619298329095,-12.018237656479917,3.1732147930967742,,0.1173176667539357,0.24,False,1
-0.93453471088416895,0.27407885995449527,-0.22699262692582398,-0.29757620548374009,-0.95166365818236476,0.076057107655085013,-0.19517498836311242,0.13862561170650395,0.97092206880699528,-17.849973844847284,5.1179774163945391,-5.9211275308984623,,0.1066420954558931,0.4929577464788732,False,1
0.49827873245706061,-0.80736676608427405,-0.31603355803396405,0.86615427687670132,0.47979170800995935,0.13991670941343975,0.038666179397298217,-0.34345133854377063,0.93837418156261554,-13.039852911782912,4.4414834355280925,-4.6941845681806171,0.4280761886553877,0.3490238785688048,0.9888143176733781,True,5
-0.86516494577513747,-0.35476524802670317,-0.35444496807608544,0.41515435179465782,-0.90315125340611879,-0.10938316898369849,-0.28131207010695936,-0.24178385443099948,0.928657141763648,2.4525506858878492,15.517543176109919,-2.3138540869569089,,0.4585515732412783,0.2307692307692308,False,2
-0.59462782793143554,0.80379682249478401,-0.018122207283666231,-0.8016336132498908,-0.59445473039208441,-0.063301845331706588,-0.061654653980603241,-0.02311366828877548,0.9978298762718868,16.731357866883595,-23.131059043080601,5.6497581826075303,,0.1759612703949883,0.4285714285714285,False,1
-0.89654397459084478,0.39010785766379086,-0.2098207830836086,-0.41040715472783507,-0.9097840520287015,0.062120415504404586,-0.16665794002403281,0.14180563480766362,0.97576446592594368,-10.387652942067458,7.5333380173624516,-4.4401521760092804,,0.07830413182545475,0.2727272727272727,False,5
0.66180817151102456,0.71901369943199711,-0.2122009522842625,-0.71194946671659121,0.69146183363644531,0.12250914033689808,0.23481460977374274,0.069998804655783509,0.96951651166112984,-12.18845679986714,-1.5342071423219692,-3.823829648312234,0.1443140960517934,0.0884669311411421,0.4230769230769231,True,5
0.21882503113386892,0.97509976332477488,-0.036000796008277797,-0.96370980709850529,0.22175601657742489,0.14861923433349566,0.15290197334051298,0.0021727115964110255,0.98823897204719469,13.119603629851026,-18.623295895637799,4.2026291830397033,,0.5812675381086235,0.2602739726027397,False,2
0.87648303963386198,0.43644264028132584,-0.20321245773438987,-0.41089514889347234,0.89812134892774298,0.15666275631439081,0.25088375365893484,-0.053813235774075638,0.96652029353010815,-2.8189441023644113,-25.628998797886361,1.2836924629367956,0.3539257313539516,0.2753333797076339,0.5,True,5
-0.093291561998678205,-0.95384138072663005,-0.28545280673583079,0.98790837171733792,-0.1243390011191,0.092611348610757094,-0.12382945348601647,-0.27336136013383677,0.95390766494201829,7.7281111006611631,-16.566231182562202,2.7246256338372894,0.5913860760168395,0.5704173275423454,0.8505154639175257,True,5
0.84218966323985089,0.49684402845366721,-0.20943395742304338,-0.471248063936407,0.86702457742282546,0.16184450679883544,0.26199586517373458,-0.037608423719981951,0.96433592336755958,-1.1684620671220045,-16.27120089719638,0.54589101209580404,0.2596415995199546,0.2509076250536095,0.6428571428571429,True,4
-0.92725336701342187,-0.20451413711678756,-0.31364814853853185,0.27686626349255988,-0.93843394711799333,-0.20660783875790381,-0.25208384617412799,-0.278416405076855,0.92678910215978472,-14.705660780120688,3.7019136198428257,-5.0210317502273432,,0.1402663191403987,0.3090909090909091,False,1
-0.52089795538106654,0.84415175389534491,-0.12677987409379518,-0.85329788713809762,-0.519000216610217,0.050214449755098402,-0.02341016628483969,0.13433760290388541,0.99065905969740931,13.417657761543062,-19.323598180223357,4.382110587210601,,0.3583273619381728,0.52,False,3
-0.88181233706166051,-0.38762442071894426,-0.26861554435318336,0.39543942936300785,-0.91810347309547014,0.026714610143051688,-0.25697209947952054,-0.08266390477312098,0.96287694901100895,18.769901486646262,-27.780637624682107,6.7932658680513907,,0.2828854889840647,0.3076923076923077,False,2
0.86999077881499087,-0.43041754398096777,-0.24053436887538043,0.46583444145821762,0.87738433824822326,0.11486947439610659,0.16159925101372283,-0.21198457686850516,0.96381959994683886,-16.148922619324306,-4.8143731894923265,-4.3446461795741529,,0.06529242162588028,0.1162790697674419,False,2
-0.93943372984782969,0.29344332377940929,-0.17707423006606177,-0.29952798070123854,-0.95405352652232611,0.008053403463863032,-0.16657507617057932,0.060604325419940222,0.98416454911725015,8.5527661333623932,1.8366841676720083,0.63306915101794825,0.08428876216939396,0.1484393643540823,0.2361111111111111,True,2
0.0079331770600760895,-0.93268961423564078,-0.36059277335895823,0.99647534266683524,-0.022741499360244229,0.080744756262317821,-0.083510215894503512,-0.35996236984415397,0.92922179060622201,3.7182950027906743,-15.981566784545777,1.708439223378776,,0.3115987726622481,0.3157894736842105,False,2
-0.47181754490950523,0.87942719471742103,-0.063214029352787665,-0.88158657958107922,-0.46941425004382686,0.049551635273984429,0.013903489421773635,0.079107970819884577,0.99676909158272953,-2.408367746876793,-21.810220862736792,0.94430244851227185,,0.2331366733788958,0.2105263157894737,False,2
-0.01951108649292908,0.98301622114445031,-0.18247856441442903,-0.99529937372341915,-0.0017802664539174175,0.096829682004657427,0.094860287632051066,0.18351005318030539,0.97843016419779616,23.911478112546455,-22.441616554443261,7.3712278864899661,,0.20074311060487,0.6857142857142857,False,2
0.93316385722774398,-0.25779096031260101,-0.25049757752310764,0.30088355327796534,0.94147299489400338,0.15197923296339277,0.19665783211116739,-0.21719212846330868,0.95611363153283879,3.7416531599198382,-19.492175972017801,2.1654564310883773,,0.2813299761835192,0.6875,False,5
-0.52923859741808899,-0.80844552337662046,-0.25753124613381506,0.82104170727137571,-0.56452285746884245,0.084879080556498634,-0.21400238765919796,-0.16652260845757411,0.96253477804630383,-19.306902554872138,-9.3348367241542753,-4.3639664706318637,,0.07350708402032397,0.2368421052631579,False,2
0.26024248096932567,0.94880821744253707,-0.17898831697193762,-0.95185472736604682,0.28321036015863355,0.1173220775886913,0.16200749701739123,0.13983868710887437,0.97683095390032937,4.1723333615473592,16.456068914551246,-2.0068691927543068,0.2350823748263045,0.1097562430844626,0.2580645161290323,True,5
0.83291469031519028,0.52226311582180973,-0.18301463468599125,-0.4983167823423959,0.85164388895849819,0.16242866383605842,0.24069379529408952,-0.044089956359028487,0.96959918144312951,-18.137412168447671,9.0498059225330625,-6.4492564881872614,,0.1006211936192136,0.3116883116883117,False,3
-0.55319759847655359,0.81670838618252628,-0.16419448522684529,-0.83104586119705548,-0.55470485221890464,0.040808130465007711,-0.057751135287713876,0.15902810715071081,0.9855835162527038,14.103477809745865,-9.7016537203840425,3.2365969774095098,0.3645186808926663,0.2038199450306689,0.265625,True,5
-0.30651945536136616,-0.9053180233571555,-0.2940154759016354,0.93621722964902443,-0.34251439204941631,0.078620545325793392,-0.17188112867117727,-0.25116362758909272,0.95256165668318304,-13.857932883096009,-9.2634516298709197,-3.1916947689131754,,0.06891317142845678,0.3076923076923077,False,3
0.84374849624434378,-0.47373569745272281,-0.25231520771525245,0.51507600133347142,0.84685567519570226,0.13240913200815363,0.15094763309085174,-0.2416815142864949,0.95854309121523407,-2.4476539232889185,3.1575047799785141,-2.0674575259790382,0.6218106349859022,0.5425590822581873,0.9830801104972375,True,5
-0.18815164207853757,0.97661417432105835,-0.1040370804009101,-0.98080915702214899,-0.18132691219277117,0.071651576508370049,0.0511112226878759,0.11552188290462806,0.99198908133382091,-11.191352435010602,-19.542698594168112,-1.3779157179419477,,0.1521926720092604,0.4745762711864407,False,5
-0.62009243435223849,0.76527767366087229,-0.17272942729980245,-0.78141160005221799,-0.62208020986964441,0.049113376918830984,-0.069866187551252026,0.16542761161529887,0.98374408316000084,12.338620872090738,20.759330250909645,-0.48048820823589622,,0.5254594647083487,0.375,False,1
-0.97988082771726859,-0.025923812095890938,-0.19789269677918242,0.045355903015360535,-0.99450981285739493,-0.094303097467738614,-0.19436153306089579,-0.10138139916555476,0.97567689650285983,-19.419218509638405,-12.212515815344455,-4.101265718786224,0.7179993246683811,0.3586925361715853,0.5188679245283019,True,5
-0.25253672114882553,0.96723932435258231,-0.025947907379199553,-0.96682038609404763,-0.25117829409964471,0.046559699377767175,0.038516821057247963,0.036844999649226551,0.99857843983158956,12.696406785074659,8.990787014586811,0.89175591455213143,,0.659616137062893,0.449438202247191,False,2
-0.26459576883302333,-0.93401305214171237,-0.24001811920058161,0.95194820234206512,-0.29277342363802061,0.089879599848812788,-0.15421964587357817,-0.20470305527811605,0.96659865507170706,-6.9521711332611593,5.3332610803447373,-3.3835375054911228,0.2566181797728418,0.2260326121382459,0.8577648766328012,True,5
-0.1800880479852548,0.97988544087906504,-0.085981496416969283,-0.98200788202803413,-0.17404969653372449,0.073261332033570617,0.056822659280213864,0.097627997468754349,0.9935994965289412,18.686950428919268,-26.769587504521699,6.6173748122188289,,0.2660756174119203,0.3666666666666666,False,1
0.74820965055859001,-0.58981131508487383,-0.30381726647583118,0.65284965848102494,0.73608896064644269,0.17877462190045468,0.1181932410597295,-0.33210789604026791,0.93580697964671378,24.322141055949022,7.7131910877088297,3.7803619618292728,,0.2591297261736655,0.2142857142857143,False,4
-0.79582280634971392,0.56452213543378271,-0.21904524532375952,-0.59077801581604528,-0.80321431090347861,0.076342038146129915,-0.13284350538178638,0.19016185044621967,0.97272353405926559,-2.9400920766712542,5.3826957060817433,-2.4672114079778802,,0.07346470355669191,0.3177083333333333,False,5
-0.61126788093664075,-0.73350743506401439,-0.29718415240560864,0.75502561174251415,-0.65304798612969817,0.058861306686040844,-0.23725071832993808,-0.18840162026308721,0.9530041585083312,-4.4506361131379695,-10.922984405027337,-0.77728421143740523,,0.2393892151288695,0.2709677419354839,False,5
0.94375030734119569,0.24365018705232935,-0.22353957981253622,-0.21652642795588281,0.96631537364268272,0.1391075291221498,0.24990330808147815,-0.082880546638935682,0.96471713553702709,-16.287343903311783,10.812180834335699,-6.1857779571680291,,0.06599187497574384,0.1739130434782609,False,1
-0.6374322707645006,0.77047360950526944,0.0071075483770875469,-0.77040413972205224,-0.6371702843152478,-0.022169580166293154,-0.012552357831727007,-0.01960729052027893,0.99972895950418317,5.605263704608241,8.924105955648443,-0.86311527946786981,,0.3333474700240397,0.462962962962963,False,5
0.19423544275707563,-0.90542431441063564,-0.37746444024701842,0.97951382141290322,0.15816643390101398,0.12464370360402773,-0.053153235442965942,-0.39394186127024922,0.91759715752658999,-25.428865028010662,-11.694463342265424,-5.5608142089667361,,0.1665642893925776,0.4,False,1
0.95231213657984892,-0.11879893433829959,-0.28104876395886891,0.22656972981645099,0.8922623845287011,0.39055600710532812,0.20437160285525,-0.43560836809597797,0.87662854025586867,4.3185890833144063,7.4993813323563563,-0.95528505035485112,0.5970789836443118,0.3957823624906312,0.2048192771084337,True,5
0.24248916292125072,0.96578284302841422,-0.091991879955275135,-0.95773557106518603,0.25342977582987208,0.1360732326332553,0.15473067498784587,0.055107611405098733,0.98641855689308267,-3.4750142190185325,9.0619574530935356,-2.9725694595189047,,0.08384160819697235,0.1714285714285714,False,5
-0.68427845241974705,0.71027616325276688,-0.16513864317283261,-0.72412550379236229,-0.68856824561459384,0.038936177119703118,-0.08605378731637893,0.14622429020572619,0.98550149804165088,-0.55166945148950397,-17.259903071160775,0.8692266750371167,0.2165500033121773,0.1890526695857639,0.4130434782608696,True,5
-0.93422053213471179,-0.27967973585595335,-0.22138482940228749,0.27922681687046663,-0.95962294966572648,0.034002635416057941,-0.22195581109383608,-0.030050621065039772,0.97459354507162754,-8.1601035390228827,10.458403727163573,-4.1723341813267405,0.4897066101816241,0.1376674839499011,0.2926829268292683,True,5
-0.61133813292265671,0.77544240420127586,-0.15797077261691478,-0.78985847448259783,-0.61022022989210722,0.061276923212957357,-0.048880236524214915,0.16223547330028798,0.98554065044541306,10.193124427345035,-9.4013854381443327,2.2929241404036471,,0.6582346978727163,0.7485714285714286,False,4
-0.056820685317717119,-0.95475341308619854,-0.29192007454143765,0.9916738872994072,-0.08781610910382269,0.094187219039247316,-0.11556085396234578,-0.28413773276726034,0.95179380006878223,-1.7202096429208804,-18.92903804822113,0.74240501151897365,0.2269472181040697,0.1378524047933083,0.3,True,5
-0.092741016707818036,0.98796081611251485,-0.12382459225167405,-0.99337546475446559,-0.083332144504755234,0.079126100094014246,0.067854917609924001,0.13034254684688235,0.98914434267078444,10.12477704817011,16.749670123048841,-0.60581425435253655,,0.4953722517651284,0.1333333333333333,False,3
-0.48255055617778453,0.87486201845966094,0.041969148063769446,-0.87544987689178233,-0.48028545706426584,-0.053975853700819046,-0.027064252856376564,-0.062787963729180996,0.99765986078826951,-44.395534365199225,9.0258209576236563,-12.807363588874896,,0.4119026400366189,0.3333333333333333,False,1
0.15888311052725707,-0.92370083673546077,-0.34861572168133081,0.98539953208903108,0.12647957045950661,0.11397666609924686,-0.061187575110506882,-0.36163473626103776,0.93030983988212645,7.1401567156341885,-8.812788121916789,1.5589390984062437,0.2029992362442688,0.1464029020299317,0.3541666666666667,True,5
-0.16318765824151368,0.98332660850864995,-0.080240695389107886,-0.98469759108079491,-0.15729251835120983,0.075031445344029932,0.061159155629641977,0.091257025316470675,0.99394754037275967,-23.210317804532338,-6.9344363111110949,-5.590242876784342,,0.1538685647829078,0.4761904761904762,False,2
-0.56655488166376289,0.80080637637930041,-0.19422850875506145,-0.82248945636212623,-0.56394460151335468,0.074010678939450653,-0.050265895357532953,0.20168201202437211,0.97816036813485097,-0.095364150810695048,7.2792370633076695,-2.0077124572821052,,0.08685443113777597,0.2878787878787879,False,5
0.42596783659983084,0.90322680114499143,0.052275691060434198,-0.88389468664884974,0.40312794117195205,0.23710344991246943,0.19308439889434759,-0.14720464917878559,0.97007690734485519,-0.77924924705262355,-27.498403369595238,2.0336439140536799,,0.1587282344991399,0.1176470588235294,False,1
0.34167106003737319,-0.87361417670102337,-0.3464955367676924,0.93972258946442111,0.31227205488698107,0.13931122922056707,-0.013503391545118468,-0.37320829841210101,0.92764930033559756,-15.522798779770625,-17.272914264890517,-2.6114452298102071,,0.29603073537737,0.1176470588235294,False,1
0.39235656203279257,-0.84630071379548344,-0.36032128726882523,0.91977955834379344,0.36433628128033158,0.14582399732456894,0.007867164845372504,-0.38863115671813409,0.92135982750780987,28.706678569387918,3.0821437197305221,5.3526307723425246,,0.1986880557419887,0.3846153846153846,False,5
0.051875938402640501,0.97639170604002445,-0.20968577298208729,-0.99255644395745901,0.073576304946959353,0.097047580644110662,0.11018435720812904,0.20309053086395243,0.97294071951996608,-0.51120101860304357,-8.9958109307932759,-0.13728652476796249,,0.06821080394357357,0.2169811320754717,False,5
0.46833837717979104,0.86196807667702191,-0.19408812238339934,-0.85916158857741087,0.49554254347996313,0.12758899762340858,0.20615656471171889,0.10699823545798504,0.97265145269779862,6.5205535235976351,16.974281677263338,-1.5508206583109319,,0.08819018484455209,0.4347826086956522,False,5
