axis_00,axis_01,axis_02,axis_10,axis_11,axis_12,axis_20,axis_21,axis_22,location_x,location_y,location_z,dbh,dbh_approximation,score,reconstructed,number_clusters
-0.21296426995634923,-0.9733051088985093,-0.08557677672136757,0.96755409041234297,-0.19789401581277469,-0.15708927599246097,0.13596066287092573,-0.11625456334076892,0.98386969394028212,-8.8765207873421286,7.5437724350807631,-0.74054657560004955,,0.541743081155114,0.3333333333333333,False,2
0.95282160998681564,-0.29996791587514676,-0.046370561649090078,0.30302447396557752,0.94888701183023283,0.088258750035196315,0.017525630374291303,-0.098146259355163731,0.99501767022227872,-10.491627691521396,-11.302267235299816,-2.5411384952140406,,0.3464585998096746,0.2564102564102564,False,4
-0.73802519354579366,0.66449086871187313,0.11734862202102575,-0.67296366010900721,-0.71210258050250352,-0.20007455364029597,-0.049383457395995173,-0.22663141935798564,0.97272785191717537,1.5657364540616143,-14.661707469942508,-3.4472603950949208,,0.3022607816763286,0.425,False,3
-0.20132101525038407,0.97923563963924165,0.023820387882654899,-0.9741940045416253,-0.19763230023906861,-0.10902988313928877,-0.10205826930585726,-0.045155685827370735,0.99375302450043057,-12.585889944599389,-15.087473043245186,-2.8757916650338879,,0.06380614434928049,0.225,False,3
0.8222350404142077,-0.5688176777619981,-0.019390404340634104,0.5666858369574963,0.82136825583180595,-0.064971920885858223,0.052883839751170281,0.042433922482655859,0.99769868282758978,3.6507356146832008,-12.778656652591646,-3.3666205323436249,,0.1283957412965745,0.3934426229508197,True,5
0.93793254538059878,0.34526001956905639,0.032833811887221807,-0.34387904142575842,0.93810631835754188,-0.041276389446752236,-0.045052693415291424,0.027423609259781725,0.99860813158675743,12.078088319601575,-2.9022699457519354,-2.9925367498165607,,0.1124605709352444,0.2083333333333333,False,3
-0.96106589204707571,-0.27392678058874526,-0.036283191977057483,0.2740961182475567,-0.92845581564839041,-0.25068130434937441,0.034980982052825536,-0.25086633346259835,0.96738948393584068,6.9140623621727268,-12.521783081913778,-3.4941727158778941,,0.2189299074974486,0.1764705882352941,False,2
0.96686920818412614,0.25108783661366219,0.046030778508201309,-0.25229664189037632,0.96738673813999587,0.022567750479348891,-0.038863077029996862,-0.033433473877683868,0.99868506751038899,9.9192771564284072,7.9044260424852677,-1.8241422925298652,0.3902172267567787,0.3283381656136818,0.4210526315789473,True,5
0.86152417711546914,0.5042338482681229,0.059365970944927911,-0.50448365624476232,0.86334057003203546,-0.011802572544898818,-0.057204307769877318,-0.019780960479227946,0.99816650954391828,-6.2623695124432954,-21.112345099704083,-3.6953549833833308,,0.1001925647189521,0.2777777777777778,False,1
-0.28924361718839647,0.95029264516779977,0.11524763969712873,-0.9525418085281282,-0.27379274028825268,-0.1330475041908446,-0.094880097606061531,-0.14826133651574933,0.98438627742001195,-2.7915396176057601,4.0475939845639788,-1.4539785522791129,,0.6033139065810211,0.3598615916955017,False,2
0.45359759344501943,0.88932572151842826,0.057870409248699961,-0.88691837576689792,0.45682468797136611,-0.068461662168474005,-0.087321348752141745,-0.020272284172956904,0.99597390354693338,9.2194249134500605,-17.452605289435336,-4.0865230207965064,0.8653377229204695,0.7492054714092896,0.9113924050632911,True,5
0.99997869536442718,5.5228835478335868e-05,0.0065273093256319886,-0.0005015535581137957,0.99765810957267653,0.068396234164613337,-0.0065082456380421011,-0.068398050802987123,0.99763688253044536,-24.034048069840033,-12.659661234365943,-2.279413786215378,,0.4309186570733779,0.1578947368421053,False,1
-0.57036094403820892,-0.80983601399344418,-0.13730995577543798,0.81265228181560178,-0.53202644348916739,-0.23779010132502071,0.11951846039729089,-0.24721143555158925,0.96156218922999648,-16.859659230283008,19.750003340734281,0.63153897390957059,,0.2705767563753482,0.4705882352941176,False,3
-0.99567945416883397,0.064966804140926218,0.066345602007719134,-0.077863365440199575,-0.97343232953184111,-0.21532950597755707,0.050593684075960092,-0.21956505683265579,0.97428510455086714,-7.4224949226842698,-18.180104373769741,-3.353968623436947,,0.2998440955662633,0.4,False,5
-0.69649879134304937,0.70926698617863493,0.10876477359304995,-0.71288445626548547,-0.66669566673540592,-0.21751468909316393,-0.081762984734747246,-0.22903543453646796,0.96997813586387449,3.2023287600914001,4.8840735833270577,-1.6864908466408222,,0.2989742927885624,0.25,False,2
-0.034840805641117648,0.98116799086801709,0.18998813636197184,-0.99433505093173113,-0.014930782385485572,-0.10523724733167472,-0.10041874700905538,-0.19257841372639511,0.97612992465949699,-3.7268854281649748,-8.8762338008700841,-2.6374865712262792,,0.07317960042055657,0.3214285714285715,False,5
0.81924961652322337,0.56656585389717251,0.088505361556903334,-0.56975383858044604,0.82169903501772601,0.01382965197625341,-0.064889361604175702,-0.061756206560191186,0.99597968940229742,4.9822283179182572,-5.4305779635006814,-2.7997397977450436,,0.1808012435805918,0.2,False,5
-0.17361512119893405,0.98119250546534909,0.08437450390793258,-0.97980699853106701,-0.16346931503641124,-0.11513482822789942,-0.099176788214888525,-0.10265987658358441,0.98976002870353463,-18.24984831682465,-4.749725489664856,-1.6355017741645304,,0.3494333609161283,0.3636363636363636,False,1
-0.98629907447739951,-0.16495171697159355,-0.0022509449452748423,0.16333126200102702,-0.97451125346184142,-0.15378789201162968,0.023174005656666965,-0.15204850523550734,0.98810131945943225,-22.188444049226934,-10.899486455246954,-2.1574075397966981,,0.5328391281544207,0.9612903225806452,True,4
0.4176144227578874,0.86828803939323584,0.26772014222177504,-0.90362377974744057,0.42774866303131182,0.022251875199054666,-0.095195895812506759,-0.25121099084549636,0.96323973106328975,2.2242805896240729,-11.535477167103307,-3.1690774502125674,,0.1922826160184558,0.2,False,1
0.55285105267009915,-0.81865565182106093,-0.15543049026171343,0.83218399772118989,0.55199795301862642,0.052612297041892339,0.042725958132513758,-0.15843353055675929,0.98644478248758483,-9.4664947135954964,9.735718070942502,-0.50075099201219753,,0.3343975845151153,0.2888888888888889,False,4
0.75138327107743375,0.65920086076930173,0.029621024728869516,-0.65592668619016514,0.75104239691091246,-0.075468539047081812,-0.071995571312165524,0.037276577140667039,0.9967081290468699,-20.292274846213054,-10.891431974821499,-2.1887854541855201,,0.102404042890208,0.5294117647058824,False,1
-0.66345629173662335,0.74398872497222668,0.079413639063383903,-0.74312878158058315,-0.6428694814005631,-0.18568371999270636,-0.087093989124664484,-0.18220759314027518,0.9793952368989659,-0.54687605203177836,-12.710789563161551,-3.1616059827110607,,0.5871683609609993,0.8366666666666667,True,6
0.54187226666386101,0.8323250732355344,0.11665941489666849,-0.8331278683019584,0.55024054318433702,-0.055975884940232583,-0.11078087235261266,-0.066860429999135773,0.99159330434464221,-14.286878512204058,6.6475645997213304,-0.65556979536893134,0.3032324552598211,0.1470657790679353,0.4761904761904762,True,4
-0.67634383899392103,0.7269454064379316,0.11878294285693816,-0.73126645907099586,-0.64332522927111202,-0.22667601377525215,-0.088365023016643729,-0.24017290738561869,0.96669984859066083,11.961562824095704,-6.3322461594276582,-3.2581693795706004,,0.2618805722709073,0.46,False,7
0.99610532824686526,-0.08599964070547142,-0.019448311925062817,0.088065873511732229,0.98119231855413258,0.17177321075470692,0.0043100998619863655,-0.17281694306084461,0.98494453002708959,9.876235866643837,-6.1749900392318011,-3.1342630496072457,,0.2053454640140962,0.25,False,2
-0.17051842304299406,0.94688272520865568,0.27264734017473602,-0.9803321829290278,-0.13512424947213483,-0.14384105227019797,-0.099359340358800785,-0.29181251156525145,0.95130078291644571,-15.251556037937407,-4.9938852875444635,-1.8076245007481384,,0.09835612890172989,0.2758620689655172,False,2
0.96417647272823237,-0.26101532725608373,-0.047272913753465637,0.26444142255483838,0.95981203323770259,0.0939765656388869,0.020843787432147529,-0.10311091013809386,0.99445144513745687,-8.7365817252967304,-21.139219299261718,-3.5953249359656176,,0.576568663402011,0.6071428571428571,False,1
0.3383918338643282,-0.93355678277416265,-0.11816386973306134,0.9357354727413274,0.34710414584958466,-0.06259262726227971,0.099448940806332015,-0.089389290579941605,0.99101940591600612,17.953302914989855,0.8051255471303701,-3.167534855394198,,0.2748405769692223,0.2142857142857143,False,5
-0.99149482001676015,-0.13011357871410548,0.002911788821405404,0.12889577550527623,-0.98481710507098164,-0.11628047392621084,0.017997248034786032,-0.11491617028868935,0.99321214897390131,9.8295138274694729,-8.7246377007822868,-3.3038073988576722,0.4841796698045202,0.445073780951181,0.9447513812154696,True,5
0.41433232435276329,0.90577685034787347,0.088865192118863068,-0.90511951306204419,0.42031139867501949,-0.064007774669774822,-0.095327813731168692,-0.053913129363214643,0.99398490049472121,2.2656714030642542,-13.718199758695057,-3.3730404701855896,,0.1123012512351837,0.3125,False,1
0.95954941857331422,0.27291089236242372,0.069170500544377414,-0.27709247913965912,0.95894289756377715,0.060400970325189485,-0.049846477506958406,-0.077124341435972271,0.99577465555125255,6.6014834295713847,-8.007414197657436,-3.0592389353519436,,0.2592371164485807,0.2105263157894737,False,4
0.06962918839668375,0.99152420725995605,0.10968829719133696,-0.99252699505820985,0.079902288428457535,-0.092226831153498973,-0.10020948160697946,-0.10244691660275343,0.98967807345350878,-14.943602264874942,-16.681101417941903,-2.9635021194152134,,0.5329810798715802,0.9423728813559322,True,5
0.84781877961609386,0.52661107026209331,0.062322528893554233,-0.52852383453095819,0.84871866626969839,0.018416890564781491,-0.0431957551498727,-0.048553127631443968,0.99788612603554894,-10.43527411482685,-17.21053860975675,-3.1548863287531952,,0.1772907131327232,0.2765957446808511,False,4
0.45620904777096072,0.88142167451932507,0.12234842221892776,-0.88666823790772253,0.46190676836344885,-0.021484255296564676,-0.075450252600810452,-0.098681148288732812,0.99225464995377555,23.065317638003794,10.608890313648615,-2.6619827988712994,,0.6976558733898772,0.5454545454545454,False,2
0.99546742342705441,0.094971777662508916,-0.004997033432225427,-0.094779773118606775,0.99504147058681114,0.030154044836804936,0.0078360387368394367,-0.029543751624625705,0.99953277246764394,21.045432720579516,-9.7907516067187323,-4.3261059108177573,,0.2003095629701419,0.2727272727272727,False,4
0.94078688001694033,-0.33899397670740944,0.001769221322385689,0.33888281225848216,0.9403163666095089,-0.031041427835619452,0.0088592292990789315,0.029802926741981175,0.9995165329367186,20.29083173469596,9.9653897953353621,-2.4147568270643878,,0.1032703804663752,0.3529411764705883,False,5
0.30462031679903478,-0.95201770302467692,-0.029474662353862181,0.9479610844808164,0.30604062641907281,-0.087800440152520282,0.092608017488824607,-0.0011950349953176523,0.99570192677736125,-9.7757940674191701,-18.29011266369994,-3.2673507345524602,,0.08934987853629874,0.2083333333333333,False,2
0.86163672237044431,0.50699541793369673,0.02319062002092237,-0.50443897173043228,0.8605338310735956,-0.070872063447772859,-0.055888124519103403,0.049367719939623876,0.99721579698964902,-4.2962331890615904,-9.4889694026613824,-2.6810169639987844,,0.2325289784261925,0.7949886104783599,True,5
0.79347587153935362,0.60338536979427737,0.079511865800555637,-0.60514551665202954,0.79611116283366645,-0.0024331230086821753,-0.064768394767903484,-0.046185624709967524,0.99683095011608591,-15.955873778506083,-12.995190568554696,-2.5169841703677855,,0.4216724742680742,0.4819277108433735,False,4
-0.14352306787687655,-0.98195616774186878,-0.12313900121777818,0.98508088911072345,-0.12981186858332266,-0.11298017827801779,0.094956679049111647,-0.137517138599553,0.98593725241282748,6.1078884637293651,-16.289595312639282,-3.8381667087080622,0.2892367958096332,0.178445567718521,0.5,True,5
0.84884529633663186,0.52815464039874305,0.022679036850120623,-0.52547551550421245,0.84767311341813834,-0.072977910312512356,-0.057768031754223161,0.050029677325296527,0.99707566708548712,14.722100740975785,-4.0253197490448329,-3.2684589992857038,,0.0783666075371505,0.2692307692307692,False,5
-0.52117498289685238,-0.84942620598681184,-0.082775345274504156,0.84875928090470165,-0.50571237104816125,-0.15447550241697927,0.089355023812861686,-0.15076510986197861,0.98452301210672866,7.5752288266372716,-15.720915455526505,-3.8666231179794335,0.476207318269763,0.3973578413244055,0.625,True,5
0.76768602201143865,0.60700730944377146,0.20542711089358584,-0.63697381695541377,0.75789798100721928,0.14090779573334766,-0.070160730622643039,-0.23902463610894462,0.96847544894616844,12.031221024609639,6.8505476058755717,-2.0835741065416746,,0.7744309121263514,0.2608695652173913,False,1
0.54604087597460516,0.82352834710093981,0.15375442525689853,-0.83226991053198296,0.55422327097263702,-0.012781311962229751,-0.095740053206432696,-0.12098606297249478,0.98802642412966102,19.601760641101468,-5.770598321206192,-3.9206574894089075,0.7675038042603153,0.4182359175321643,0.4473684210526316,True,5
0.99310531429466009,-0.11508268250517084,-0.02231167647480754,0.11493096062877185,0.99334149732063837,-0.0079714484090504523,0.023080489783584103,0.0053521853671656926,0.99971928315059699,20.034205149313348,1.3592126928705401,-3.2540298796055036,0.3970455659866884,0.1251541136299177,0.2222222222222222,True,5
0.98435565424994198,0.17502228022167085,0.020276769273576772,-0.17431768824115818,0.98415412033198213,-0.032465535569880889,-0.02563765809166987,0.028423033961695637,0.99926715228110308,-1.6532925495424886,-4.9677331106347324,-2.3714518380311054,,0.06704763111642505,0.1363636363636364,False,3
-0.63694794455071313,0.76976436211501365,0.041954055230551811,-0.76662962561297643,-0.62675047779485227,-0.13950933917280373,-0.081094593316260372,-0.12102340848608968,0.98933159331605292,8.3182759752879196,-19.648035286669568,-4.2200118802453197,0.287419663980601,0.1605379314464109,0.4285714285714285,True,5
0.99745779078374353,0.067061809847398887,0.024097080005797078,-0.066626005462040089,0.9976073220033802,-0.018455527123802599,-0.02527708450329437,0.016803117128572128,0.99953925598436499,2.8945338566902215,9.0863908404997069,-1.2419358422174001,0.7348833161505718,0.6027921680298753,0.7549019607843137,True,5
0.42019113661607066,0.90608809664044287,0.049434500460636008,-0.90170739650520937,0.42303008541699522,-0.089271036287729755,-0.10179970430747837,-0.0070645565032600166,0.99477983104017575,9.5246522620521645,-14.514505753589106,-3.8887772997593895,0.2828472891700885,0.1660963676139943,0.5384615384615384,True,5
0.99995597951289528,-0.0065528184948111384,0.0067156240349818194,0.0069291410487696305,0.99831355916446163,-0.057637007145672159,-0.0063266136859633851,0.057681003442711279,0.998315018318922,-0.92645298558259015,-3.1785348950133541,-2.2174924593970609,0.5294544953898076,0.4241993008896484,0.9598540145985401,True,5
0.96219253386320591,-0.2669814492212414,-0.053911348987268431,0.27231614400334109,0.94691207351079554,0.17088429639564767,0.0054263701544363108,-0.1791045248205908,0.98381508612936797,-13.333467984111254,-17.542272187946601,-3.072962427584919,,0.498904368862626,0.3666666666666666,False,2
-0.5639582186576465,0.82445396599315912,0.0471888288331586,-0.82220638800007906,-0.55525670155761764,-0.1251664927495317,-0.076992097908538754,-0.10938762879551642,0.99101289775972978,2.4760995300479713,-9.256407746172723,-2.9721024023434559,,0.1278392719084488,0.1666666666666667,False,5
0.65499360128999373,0.74287197717204778,0.13829174885602052,-0.74716753721345519,0.6640360055637583,-0.028228614016776107,-0.11280094682024738,-0.084837543855421207,0.98998916031895756,-17.297186993489433,-15.231515723571915,-2.7035503126903988,,0.2303873438808133,0.28125,False,3
0.99995393304255553,0.0062103953037102224,0.0073186599112385411,-0.0064414719320876699,0.99946759629625492,0.031984861937094142,-0.0071161247932313917,-0.032030531434219099,0.99946155795206504,4.0797386134571303,-15.652555974448825,-3.6401784461232682,,0.05971105906662871,0.25,False,1
0.23970950502055072,-0.95856346643967472,-0.15393321282282496,0.96575817681900655,0.25164638299721936,-0.063128771821139101,0.099249670578955451,-0.13352969232186299,0.98606253562256252,-8.4839815932812481,1.7328794537462351,-1.3867819809389224,,0.475778956864823,0.2679738562091503,False,4
0.96150805844182008,0.27098967460546042,0.045462619905450113,-0.27277594658567894,0.96128155276788352,0.03912875250315076,-0.033098889947060756,-0.050023720027529174,0.99819942442323584,2.3691654658379386,-17.169064237027083,-3.6923770658336053,,0.471424654706302,0.8472222222222222,False,5
0.92139837404961811,-0.38813043193454461,-0.019488563441758932,0.3879838298337342,0.92160094613861721,-0.010965576316522417,0.022216752378950547,0.0025424167064694268,0.99974994475169787,19.232795843535349,-0.11179677365702728,-3.3287675712987483,,0.3440047753692458,0.1935483870967742,False,4
-0.35571002188983952,-0.91680218110287681,-0.18150520943525905,0.93296639610035204,-0.33686406733102803,-0.12687120984966374,0.055173218817201046,-0.21446762195306762,0.97517155160471392,1.9585895846552714,4.5797946346252845,-1.6410369855604505,,0.397103833938435,0.3333333333333333,False,2
0.81418679474729594,0.55682026752489533,0.1644720430122644,-0.57587228045822803,0.81056199286178321,0.10658504739302653,-0.07396607235053132,-0.18149502858601346,0.98060622817703813,-0.53670068547456251,5.2223066927356401,-1.4407539543614543,,0.5392662091777564,0.3270676691729323,False,4
-0.78207270046787492,0.61543502711950837,0.097989890179010192,-0.62074788991465368,-0.75542211714338559,-0.20978437047861503,-0.055084919437079743,-0.22489364669775305,0.97282500961148988,-6.2718252248904669,2.5680896200336267,-1.422751648256293,,0.6719834525058699,0.4409171075837742,False,4
0.95038037583761736,0.30240315739938955,0.073003230186265644,-0.30879179802217116,0.94548917298828994,0.10343040769596981,-0.037746081875918665,-0.12084102844977712,0.99195397027594812,-24.557552216947848,-11.240404235961538,-2.1290315551989281,,0.5814158464768244,0.4509803921568628,False,1
0.99960339994196179,0.024860287370226417,0.013229094312892889,-0.026622837608635153,0.98737208187017522,0.15616528571042823,-0.0091797245129632034,-0.1564555465786534,0.98764234143876228,-2.5644305129957101,1.2709297698822464,-1.6823425967968966,,0.3175955527181054,0.2505800464037123,False,1
0.98950033444908392,-0.12594447065262249,-0.070901893043712555,0.13310972714259559,0.98524858196976617,0.10755013838479997,0.056310644332799892,-0.11585862953874687,0.99166823549825822,24.642982141141989,3.6253665870654403,-3.5290561072770483,,0.2458149820243513,0.2352941176470588,False,2
-0.1072789438701171,0.9874590172416714,0.11582710162230477,-0.98913043223274455,-0.094218935432693968,-0.1128883529731599,-0.10055951587579945,-0.12667865437413398,0.98683347242216235,-5.9132071733796634,-29.732267014609107,-4.3915918867446635,,0.1448401905824307,0.2631578947368421,False,1
0.099441747646071887,0.99202587589776026,0.077433845147806366,-0.99049295615248467,0.10612062637897887,-0.087533516262304364,-0.095052841290541479,-0.067993192351975124,0.99314746294615308,12.44825727607339,-15.849641264397103,-4.1459510849832579,0.2497314247609658,0.1621118457907361,0.4166666666666667,True,4
-0.17170415293987584,-0.96436699157153316,-0.2012808719935143,0.97991436894866035,-0.14615551807514324,-0.13567016644839403,0.10141752013901828,-0.22053314967019416,0.97009258140931831,16.240086768903737,-1.964400404026359,-3.2693587126880059,,0.1349111274639402,0.4615384615384616,False,1
0.82810911138619214,-0.55897502893532658,-0.042216308056495636,0.55766904801042005,0.8291363462664495,-0.039219283408465269,0.056925675492891327,0.0089351176082068575,0.99833843517266474,-3.4181408271209057,-18.96175638689013,-3.589815207929155,,0.1265203115248835,0.46875,False,4
0.59272568027276107,-0.79846900964423984,-0.10546804531676027,0.79675633345155583,0.6004504533391205,-0.068107255044353901,0.11770986810809264,-0.0436634140052094,0.99208764392435811,26.620463454735489,3.9635966499448383,-3.6821823366016648,,0.240411750519635,0.2666666666666667,False,5
0.76037977758404585,-0.64947519210527427,-0.0021374473219143778,0.64668806333374307,0.75741327093507149,-0.090109298926850295,0.060142685198530256,0.067135027007166032,0.99592958865868497,9.662554115484097,-7.0461579221183115,-3.191369793472639,,0.07755315968955694,0.3448275862068966,False,5
0.51308123376637815,0.8411627387875048,0.17085928254641161,-0.85083335010459626,0.5246845529266978,-0.028084342077044494,-0.11327072837481231,-0.13096322688302428,0.98489510877952102,14.022683892072152,-9.4018185478616356,-3.639376090424586,,0.2136568252799841,0.3809523809523809,False,6
0.47819926736270568,-0.87813402178574962,-0.014356199920435384,0.87400484201711126,0.47742901970878709,-0.090427137909759037,0.086261212746028187,0.030694802854726939,0.9957995944231417,-2.7323320435642278,-17.37582182627008,-3.4815988827208484,,0.0763316211182422,0.2857142857142857,False,2
-0.53859125521212181,-0.84252654121176729,-0.0082756971166330247,0.83753169852001996,-0.5342743954088931,-0.11441819953412649,0.091978876831589271,-0.068555800368727118,0.99339820236026266,-11.094046983475378,-20.606088023699385,-3.4314393551314808,,0.07874896761686506,0.2272727272727273,False,2
-0.76231800253510895,0.64198661745241581,0.082002719606651397,-0.64168573326675238,-0.73322007283215118,-0.22500609884606604,-0.08432486426192648,-0.22414617509121229,0.97090051470744798,-1.3203339822015527,-16.885490283031789,-3.5082594723738092,,0.1025323065899631,0.3333333333333333,False,4
0.068404056204635966,0.99612030220433034,0.055364506961642954,-0.99106910268167137,0.074214852867790893,-0.11078894043882968,-0.11446798156908077,-0.047291639326258864,0.99230065103542819,-4.8321302033613236,-10.505738498310476,-2.7210291918740257,,0.2807088977803929,0.8834355828220859,True,5
-0.87016157256422544,0.46216582720006766,0.17094322391084266,-0.4925238978425277,-0.80483833261890092,-0.33114267076478077,-0.01546116705034245,-0.37234125008613528,0.92796710383382486,10.338770321215526,6.4369830864761317,-1.9614020867230768,,0.5884798936110395,0.7777777777777778,False,3
0.31616917453273385,0.94675879088881409,0.060702923735513649,-0.9436737266867502,0.32042828830484982,-0.082496118788486006,-0.097554859624877491,-0.031201024482763771,0.99474094388177048,5.2498454348775088,-3.4172163830560218,-2.5999328182676607,,0.1043142454647106,0.2622950819672131,True,5
0.97286286086799312,-0.23120522186497958,-0.0090553479285706319,0.23044189381850405,0.9716909989455198,-0.052087773436744214,0.020841965288407302,0.048587528756069608,0.99860145430111069,-18.34473924165319,-20.574174621840271,-3.1953781467490443,,0.0850404836892221,0.4230769230769231,False,2
0.35366250839381946,0.93205624997535996,0.078701823603136573,-0.92956382762746437,0.35958257853579517,-0.081310882298279014,-0.10408612070380709,-0.044401757796469224,0.99357665199088407,-10.034306444900553,11.047825823444796,-0.3892566787690353,0.4645053109033747,0.26798940506021,0.7416666666666667,True,5
0.84981638133613924,0.51435479064029466,0.11511414925250826,-0.52375484925931326,0.84856048334619316,0.075006426262220621,-0.059101403452913023,-0.12403328363247776,0.99051641513972,-12.551573258815321,12.035428744041647,-0.22794465618275628,,0.7775679593229061,0.3148148148148148,False,1
0.9772829399762567,0.1977480430546904,0.076248060299290196,-0.21010527725279454,0.95117900880114492,0.2260846427482362,-0.027817758750306291,-0.23696878419764822,0.97111892557708801,-4.1712548727618568,-38.041418770956874,-5.1512406128373325,,0.3787087182982523,0.3333333333333333,False,1
-0.81393804489002919,-0.57441633246623469,-0.086894971526764231,0.57737580889413431,-0.78325818471141595,-0.23052937206877078,0.064358638770883866,-0.23780768086547965,0.96917773010781749,9.367911239365414,-22.314322912443949,-4.520824821317257,,0.1861657808128013,0.4444444444444444,False,1
0.1061809691129984,0.97182881822601042,0.21041470923787517,-0.989718955728637,0.12368581700072903,-0.071820660984691101,-0.095822703310020796,-0.20062543891116408,0.97497048303631328,4.0976324703400406,-18.161319553963185,-3.8725629733315712,,0.1804310192916117,0.4285714285714285,False,2
0.73961708272464333,0.67267761761509415,0.021711602924875374,-0.66903334613284071,0.73835413907877112,-0.085014981429978806,-0.073218527055526172,0.048352746198393762,0.99614309174480098,2.7795583746798185,3.7023292957062144,-1.7393572808406192,0.3934694641580455,0.2887665722906451,0.9270833333333334,True,5
0.93611247206186154,0.35025152666915338,0.0318952616568067,-0.34920499041061093,0.93642425716430178,-0.034139204246868185,-0.041824805110771926,0.020820150340751499,0.99890800728457119,-11.393192461793316,-19.749852268066206,-3.3541310815740575,,0.06842820615314156,0.2592592592592592,False,2
-0.12115199992593871,0.98816133780013826,0.094124191316504124,-0.98392240805731468,-0.10701261220145265,-0.14298599844920656,-0.13122075993012811,-0.10993394065011071,0.98523887502295471,21.434913309851414,-16.064417627936972,-4.805621950278665,,0.1685907329236085,0.3333333333333333,False,2
-0.17528594050050578,0.97739939147421229,0.11817473760789389,-0.98110791407480402,-0.16343471993856001,-0.10351982060645915,-0.081866354521513737,-0.13408773942626473,0.98758208678211368,4.2079394498829616,-10.654880025701567,-3.1913117025553905,,0.1335143375293369,0.2380952380952381,False,5
0.55669657625143143,0.82976970933393512,0.039637752986388525,-0.82524754766687769,0.557867944326503,-0.088033185576381859,-0.095159902583693071,0.016296814559836111,0.9953285923630768,-10.576700908916584,-12.579577905591561,-2.6851078319209631,,0.2167131446764471,0.2063492063492063,False,5
0.60144366589283171,-0.78694087284041181,-0.13780268288593397,0.79514620290955296,0.60636907405023088,0.0076851827554223207,0.077511500797691341,-0.11419548453697737,0.99042988573419655,-18.138081329420228,-6.7675878332133834,-1.8894492723179994,,0.571499614241448,0.196078431372549,False,1
0.75870588407185069,0.64817790577528434,0.065044476625745085,-0.6497384381216883,0.760148205988049,0.0038297467721842837,-0.046961084974047662,-0.045167548061815686,0.99787501677321455,-14.406195570294081,9.4136278439460241,-0.3686412169003655,0.8586035898975544,0.7037206109291285,0.9367588932806324,True,5
0.98561006172891297,0.089394758523468898,0.14346213217173009,-0.095833895700585425,0.99464840102029939,0.038605994127999768,-0.13924320684894326,-0.051798991267133034,0.98890251989269895,4.3736411316092623,-16.696094340816245,-3.7986237876007456,,0.1965744544968974,0.3,False,2
-0.5216094638208324,-0.85261741294624172,-0.031098462878423331,0.84830531272216392,-0.51438936599069229,-0.12562514303691014,0.091113465853814662,-0.091908254779157608,0.99159024251126737,-6.0462449410232821,-14.330115145769181,-3.0924825234819662,,0.07455764240715193,0.2058823529411765,False,4
0.20960539692711988,0.97403239453922252,0.085594812735432318,-0.97400137522255059,0.21568722055432299,-0.069284514533419453,-0.085947068848247266,-0.068847057146547555,0.99391809726891234,-1.4364500148368291,-11.56878772132923,-3.0205000228291463,,0.08134829918712994,0.2549019607843137,False,4
0.30218757178748201,-0.93717450520894885,-0.17431757869918432,0.94591182789235662,0.31744972307697528,-0.066906555521051903,0.11804018515118188,-0.14467072995154429,0.98241381025755192,-6.574980387167856,-10.095469449665865,-2.6013281277248543,0.6737858909131139,0.5098908544363557,0.2108108108108108,True,3
-0.72997224921959458,-0.6722812283533488,-0.12320091465975047,0.67536258893966106,-0.68179764673555809,-0.28113580769189506,0.10500423243853184,-0.2884266265613632,0.95172695257643469,16.743312050319766,6.7417089746539709,-2.5333811104021167,,0.2682457972428428,0.1875,False,5
0.75402497326345608,-0.65449349083545816,-0.055539266731386421,0.65279794356165921,0.75606726266720681,-0.047086507670302702,0.072809234144530208,-0.00075151642200201041,0.99734560240989401,23.812641483578396,-3.6957086959546896,-4.1485523185771296,,0.209067768598592,0.2333333333333333,False,5
-0.19144453018731422,0.97959674238152927,0.061149114276936117,-0.97637637620456197,-0.18371486694815764,-0.11374541595980076,-0.10019063754166785,-0.081480488325218231,0.99162632385958671,-5.7313118916335863,-15.807970108478507,-3.202478045639165,,0.2608240443168012,0.7340425531914894,True,4
0.99590299292391149,-0.090426691627642372,0.00049206348475119843,0.090384000145323995,0.99523355407904535,-0.036618374525926999,0.0028215603704000586,0.03651282345245669,0.9993292012748376,-20.61915622716803,-0.39766039050607216,-1.1519992595029345,,0.06061882746063481,0.1666666666666667,False,1
0.86031138791004103,0.50903915861332838,0.027266294770876529,-0.50668816153870744,0.85975964336280697,-0.063878498739267833,-0.05595911711975346,0.041139891138561424,0.99758512747949679,10.549797673638908,-5.1845496055172102,-3.1028150735428754,,0.08456662458633954,0.2941176470588235,False,5
0.47177472252106073,0.88045322916686375,0.047230524449922678,-0.87723269591561537,0.47409715849595241,-0.075463113656157446,-0.088833599537531976,-0.0058305707870051141,0.99602941524710997,-3.7669493497122062,-7.3201104622778477,-2.5011409528231567,0.1693899548520391,0.1302400744093754,0.3333333333333333,True,5
0.88843418939810159,-0.45049613928838694,-0.087965445458985103,0.45716375305949347,0.88561445196250344,0.081782304710215997,0.041060857237737738,-0.11287280877790902,0.99276066352444137,-20.880998004774384,1.7358947540115466,-0.90303982188008924,,0.5314620262388046,0.5238095238095238,False,1
-0.48487761513980909,0.86458041862011625,0.13188782383145159,-0.8709323241158764,-0.46356996521754068,-0.16303304621556536,-0.079815945439803082,-0.19391644357009294,0.97776573255902022,29.058011309141349,-2.9081929528363109,-4.4801392467263383,,0.2173072645150625,0.3870967741935484,False,4
-0.99961688032077989,-0.026904051113581628,0.0065011238589355556,0.025344255409316178,-0.98411819612579887,-0.17569588717966794,0.011124805413973916,-0.17546380848420293,0.98442302422115269,-7.1397455428853718,-23.840491419921175,-3.8658429214865366,,0.4804942197749293,0.9090909090909091,True,5
0.44484368548704561,-0.88940759665812086,-0.10520562004535837,0.89104162167637135,0.45135865862583124,-0.048168347738250281,0.090326761940441619,-0.07231520096297947,0.99328323643713978,-22.270202846469832,-23.368699806785351,-3.3643256726994215,,0.2013410379924894,0.3181818181818182,False,2
0.5722908824175994,0.81180151971970771,0.11602343936662131,-0.81356162998261339,0.57981457841273676,-0.04396053775939493,-0.10295931294312559,-0.069234003501420963,0.99227316432394075,1.4224808189111147,-12.376969988870332,-3.2175481217699611,,0.154795896010492,0.2448979591836735,False,5
-0.99411248566572963,-0.10800826240359343,0.0086360347416855471,0.10554202522880883,-0.98327898525559077,-0.14840255410650971,0.024520333482735988,-0.14661736734538158,0.98888932689083231,-3.4694711952348394,-10.137838830532312,-2.7826123221510954,,0.07371104707652801,0.2058823529411765,False,5
0.81988389359102332,-0.55284217612082076,-0.14884867930895057,0.57008150826606574,0.81232265898530753,0.12304052841290698,0.052891161483850896,-0.18573482710852948,0.98117536609713851,-15.153436494204698,-20.391704736084229,-3.2755779822034197,,0.2570519165815457,0.2413793103448276,False,3
0.84625861905882482,0.52724146476779488,0.076568841562085876,-0.52914019641127619,0.84851701264753276,0.0054343159221723336,-0.062104768017326326,-0.045114488550972977,0.9970494875944208,1.2720651360422817,-2.4481715688721457,-2.2611727397884169,,0.09413246972641347,0.1063829787234043,False,3
0.075381905078938508,-0.97310332296623148,-0.2176866813076726,0.99286943298143593,0.093465013696970189,-0.073990406579147544,0.092346399159860593,-0.21055691403205806,0.97321011529653978,-2.4493067817268255,12.548385669251553,-0.59385286727592912,,0.451694639518066,0.2222222222222222,False,4
-0.15102039453723987,0.97988402666901242,0.13046123835353957,-0.98483101641328785,-0.1377318460128121,-0.10553581242532648,-0.085444189645564009,-0.1444203340005335,0.98582049967678576,30.753076235808535,11.052795119237574,-3.6352940790895185,0.4153776777846804,0.3862240174337011,0.8,True,5
-0.68978553119041641,-0.72381413664812178,-0.017000486719209097,0.71988282934977366,-0.68315607467714123,-0.12274562981664845,0.077231036298371553,-0.096906517944126538,0.99229254447074489,-15.537827810363842,-14.407626625671224,-2.6890558782615228,,0.075845800207462,0.2962962962962963,False,3
0.77917265809466518,-0.61759923065271527,-0.10705680349640147,0.62140100761892569,0.78348776588167146,0.0027764084588665638,0.082162988065655085,-0.068688507123976769,0.99424902935894366,-13.141529645280849,-12.385015672566984,-2.5342843045386019,0.1893550479362107,0.2221798939119648,0.2439024390243902,True,3
-0.72478440461490801,-0.67963312611865456,-0.11307687964034611,0.68490437646415425,-0.69291533596568655,-0.22533160515961165,0.074790119182019332,-0.24076368302911419,0.96769793169511065,-2.2963510678454551,5.7964611061782065,-1.2769296602358025,,0.3332301151511904,0.3515625,False,1
0.3249091934290399,0.90930570815233003,0.25999450983988159,-0.93248390673514114,0.3538858694350549,-0.072377863288189709,-0.15782198739484737,-0.21892446308209784,0.96289371155852699,-17.495304533275458,-18.459446673274169,-3.0545810540352369,,0.437858174953663,0.3255813953488372,False,3
0.37690768808890956,0.92229528771576796,0.085510215277248683,-0.92186582137442141,0.38249383396496356,-0.062143980886693234,-0.090022230816260221,-0.055406400677819545,0.99439736962785275,-4.4832827510780282,-18.701416810777211,-3.475360217657002,,0.07196393487451624,0.2222222222222222,False,2
0.39746946334650057,0.9157430451919375,0.058589255752578409,-0.91453373274109373,0.40055474171966143,-0.056426505868575991,-0.075140384519151796,-0.031154037755827063,0.9966861835832892,-9.9099760780159407,-21.458006657791802,-3.5578161992282995,,0.1301004546137247,0.3684210526315789,False,2
0.91639622235817975,0.3881729101879931,0.09767167165478953,-0.39754906582721389,0.9110646762118827,0.10915995611416469,-0.046612272070415225,-0.13886305323994919,0.98921400542921545,18.743774579407827,-6.8416942932021696,-3.879116897316492,,0.3569600057378812,0.1052631578947368,False,1
-0.57997068367905724,0.81292413869168978,0.052804836949118736,-0.81042400406680892,-0.5691736071384198,-0.13876000349294434,-0.082746236803671519,-0.12327104148751097,0.98891724154522476,4.7835092045602536,-9.1762062088534151,-3.093808892905801,,0.08667661570885118,0.3170731707317073,False,5
0.98564907944653624,0.16781737632785387,0.018254325203417146,-0.16702595647488971,0.9851973817777685,-0.038580419928755744,-0.024458578246597133,0.034977809260534468,0.99908875021666099,-0.39780199027658736,-20.556776412191226,-3.8531959539134752,,0.08687177602087329,0.4615384615384616,False,2
0.98569618605996789,-0.16851752342712703,0.002207506470941735,0.16837602543145855,0.98413618941512682,-0.05590594551009271,0.007248644475790926,0.055477968433066197,0.99843359928029352,22.498722294839016,1.85170033983425,-3.4877128914042315,0.3489870176990944,0.265607265291778,0.875,True,5
-0.73988468898910154,0.67223662305441023,0.025856713323703772,-0.66966061840404345,-0.73229106813211331,-0.12371114619404142,-0.064228522933471949,-0.10884720556051111,0.99198134190288756,0.058637377904639965,-8.7826659629993831,-2.8290915527374856,,0.1352176475513084,0.6733333333333333,True,5
-0.389882898854152,0.91364168830091053,0.11510947215474604,-0.91632900469206047,-0.37252866917154021,-0.14684531250720456,-0.091282420767311218,-0.16273062417363968,0.98243893632882684,-9.1110817741902572,-19.095015357972752,-3.3701324569319069,,0.0682809005656553,0.3333333333333333,False,1
-0.65609638227951605,0.74019623978315052,0.14712941164368512,-0.75111406930310221,-0.62154680344646107,-0.22250219329350879,-0.073247471319267871,-0.25649385516298806,0.96376641890499704,23.837128294391473,10.170878316099763,-2.7782545023571572,,0.1085204137328742,0.3333333333333333,False,3
-0.96214494033087394,0.27066512914628682,0.031898301834465265,-0.27168113716797937,-0.94325169621338534,-0.1909596745328315,-0.021597997657475818,-0.19239705157510925,0.9810794570484046,-6.7855269033944152,7.0122708344775777,-0.8826226677296487,0.5107369003891106,0.5081747698970956,0.5151515151515151,True,1
-0.64815046896498063,0.75794989730389462,0.073572567968573671,-0.75796624181683914,-0.63280150511278688,-0.15827012160558879,-0.073403990671704777,-0.15834837638576071,0.98465102744549093,-8.4104061857905883,-19.905611473246324,-3.4703504882534535,,0.07360272287383765,0.3636363636363636,False,1
-0.64730231029322316,0.74643147976377067,0.15440131186853112,-0.75712973963669195,-0.60623719819662103,-0.24337423216188231,-0.088058369543904183,-0.27443852779881023,0.95756421090853772,-3.6738036306655624,10.807422503529693,-0.69071950551292649,,0.255364932469239,0.375,False,3
0.95379217816771233,0.29993982458383295,0.017792765235046231,-0.29839800734254746,0.95249938117261768,-0.060856865510611424,-0.035200995441705921,0.052735476620574075,0.99798790545051863,-13.486704043219738,-19.344717805102999,-3.2448690036420058,,0.08985217155242024,0.2222222222222222,False,2
0.95710701699711109,0.27889334524015541,0.078515348790211256,-0.28685798574665844,0.95023868240958675,0.12148638798591288,-0.04072657643680478,-0.13879822921510698,0.98948289401004252,-13.092621362285842,1.7085521547605236,-1.2038314563419881,,0.6102811957174992,0.283132530120482,False,4
0.92262246117607316,-0.38504351516698437,-0.022567356098067579,0.38425742203762925,0.92264998154476918,-0.032607440323215213,0.033377054130044756,0.021412682767208154,0.99921342528726587,-8.9504300537008206,-18.270091148228282,-3.2726542889508412,,0.08849219629178998,0.15,False,1
-0.69413733283968893,-0.71266413555894748,-0.10140607992730544,0.71192357978993515,-0.65881691273572562,-0.24315651756112383,0.10648088888288275,-0.24097739599677681,0.96467181721107931,14.207790098100951,0.37471673953061979,-2.8543289804630505,,0.3060126983539118,0.3333333333333333,False,3
0.70129967460933351,0.66838915569019342,0.24786024882702487,-0.70868787761091601,0.69128131210655885,0.14103772424273928,-0.077073072601133025,-0.2745652638044116,0.95847465140807753,17.383255274573006,-2.7559635685658419,-3.3829892018394472,,0.2886878986379475,0.375,False,1
0.94237440082063051,0.33381294104014986,0.022347462318654178,-0.33200338279635866,0.94132627864869001,-0.060651388584134158,-0.041282471943099364,0.049736882889205296,0.99790881346480409,16.215789636196945,-8.2881257503785246,-3.7526476982604415,,0.1742769790839258,0.7333333333333333,False,2
-0.90796351601868586,0.39510383635157359,0.13962525587891991,-0.41742435236477188,-0.82344738082751401,-0.38430628548224011,-0.03686683647718806,-0.40721906820355952,0.91258614215842015,-13.711306655400552,-37.041006188279439,-4.7895569912894302,,0.3663265799383472,0.3529411764705883,False,1
-0.93774657108115544,0.33224140523681223,0.10122755095231165,-0.34607616806657654,-0.86917466462796211,-0.35322328386620183,-0.029370977543982889,-0.36626636620789677,0.93004639382289589,-8.5417862146800356,-12.85909456295299,-2.8093779547839359,,0.4303901746534814,0.125,False,1
0.55316604741597653,0.83275826943656606,0.022825176257839277,-0.82837095325199384,0.55274499554348067,-0.09096446399567569,-0.08836791156618222,0.031410739988949721,0.99559252589539782,-18.058769131527637,-17.156078955043085,-2.8832882920359153,,0.08096721753715992,0.2941176470588235,False,1
