axis_00,axis_01,axis_02,axis_10,axis_11,axis_12,axis_20,axis_21,axis_22,location_x,location_y,location_z,dbh,dbh_approximation,score,reconstructed,number_clusters
0.23984380924779597,-0.93531373447833777,-0.26012144329465081,0.97046515771252706,0.22383505652126875,0.089973580222862004,-0.025929227360379212,-0.27401840370366681,0.96137484344046964,-1.0745843120513849,5.2481788513028862,-4.706211009958194,,0.1827938587571171,0.2209302325581395,True,5
0.85425875681774388,0.50422822389067445,-0.12647479840766435,-0.45366836702285351,0.84189795387409616,0.2922205468912617,0.25382472133939382,-0.19225434584078069,0.94795109438320357,-11.916626466518878,-15.695315880415109,-3.9864296953349041,,0.470389491074947,0.3809523809523809,False,2
0.51600045738218103,0.85615478941557499,-0.027248936532510024,-0.84835123913943444,0.51518083866977005,0.12201999228855277,0.11850613077797381,-0.039845702758076723,0.99215352488400133,-2.0371585338886358,-8.6906896285567576,-3.6913044957355825,,0.6863513274982904,0.753968253968254,True,2
-0.7612786096458356,0.64842492123578011,4.0094835395548811e-06,-0.64599131554906208,-0.75842091716557081,-0.086561727344862588,-0.056125740359442192,-0.065900181533185359,0.9962464892500239,-6.8483593027751999,-13.498146121881662,-3.7248072890005242,,0.4472808335475807,0.1463414634146341,False,3
0.99525509328455741,0.015331138054008427,-0.096084626747040797,0.005129269470353465,0.9778686250602926,0.2091569810391124,0.097164756397830329,-0.20865739461774188,0.97315009211605608,1.0412239711393285,24.455756634948955,-6.0866600655451135,,0.1444638810325171,0.4666666666666667,False,4
0.98182195937424999,-0.1439922884353188,-0.1236602642794655,0.15856414542528277,0.98034184549127756,0.11741923932773735,0.10432186672053508,-0.13489287175353121,0.98535316576039234,-9.5652122236324733,11.866358827030631,-6.0117762534406163,,0.3729677284038582,0.4583333333333333,False,1
-0.20307623671579975,0.97817630789322252,0.043944883180309077,-0.9776720537468041,-0.20503841042151685,0.046006581858716575,0.054012937374796538,-0.033620840682530642,0.9979740686350248,-15.097528544411849,-12.995703082274906,-4.485818655964346,,0.2248242766517297,0.2352941176470588,False,2
-0.87057646731322569,0.48442962107601079,-0.086165867862956838,-0.48715604477704882,-0.87322307239169838,0.012667039116721776,-0.069105734911119723,0.053003849548453927,0.99620027571540004,3.9271403191455239,5.2881820864371605,-4.3117013330870284,,0.1164858842069369,0.5116279069767442,True,5
0.6885695198032733,-0.71360316930385259,-0.12900594233363322,0.72478391267505193,0.68303192655284128,0.090308732894211916,0.023670579319781539,-0.15568527248591224,0.9875230628221574,-1.3361198204463896,10.208938532879783,-5.1475844777900877,,0.1730141804439927,0.7474226804123711,True,5
0.17760275149509649,0.98280672690383075,-0.050479701008920755,-0.97999189875891979,0.18131147593667835,0.082109847524827709,0.08985065958721819,0.034886763195262557,0.99534404741551519,-4.5822692093809456,-8.8767053286877999,-3.8940257060386685,,0.2173744758787121,0.3546099290780142,True,5
-0.85324880317665941,0.51642405228260579,-0.072613208864571649,-0.51839831320312779,-0.85507862369822285,0.010185095115098783,-0.056830174606006444,0.046332985208858819,0.99730816989328108,-1.6659153755844667,-10.118127317722937,-3.5124355535887588,,0.1469878096757014,0.4210526315789473,False,2
0.65758422991632648,0.7488357571419183,-0.082631648846207731,-0.73845603902185386,0.66239206611221901,0.12617222033292716,0.14921681874878329,-0.021949022239645649,0.9885608637940394,-14.644125318859452,9.2908682696860936,-6.2461227173671157,,0.2298186710781357,0.8340248962655602,True,5
-0.86792841849186331,-0.44466962785745018,-0.22128981548035698,0.46594835967978754,-0.88324190620144138,-0.052686442671335043,-0.1720243775920402,-0.14883768740060921,0.97378383449475592,5.36601503587924,5.4378687551955851,-4.187594452036409,,0.1297469534154791,0.1739130434782609,False,2
0.42099697267782044,0.9035888053922031,0.079302079203530773,-0.89195524710268459,0.39651057011642732,0.21724457404486669,0.16485565250272899,-0.16219321365531342,0.97289052584659397,-2.5299280441323986,-13.33693911251472,-3.3636449780452593,,0.5962879577161598,0.3571428571428572,False,3
-0.99259821161181194,0.024068780571351232,-0.11903564217006143,-0.028675309855048594,-0.99889862762976867,0.03713836727805634,-0.1180106643899089,0.040276860865402588,0.99219517110751931,-5.141299921891207,-15.057636014153854,-3.4259648319967302,,0.2775595668836635,0.673469387755102,True,5
0.79415159405296087,-0.57028058224096112,-0.21000786457190584,0.60565337193817392,0.7711658521968302,0.19618160327986117,0.050072334907225763,-0.28298990428007753,0.957814948386426,-2.9699128400959083,4.6693367473890408,-4.8569160645232019,,0.5091277342703865,0.6387434554973822,True,3
0.55842051212230448,0.81807826700992348,0.13752992651457388,-0.81895747835322374,0.5172369118714869,0.24854501734490084,0.13219372258315715,-0.25142379768766615,0.95880701586185713,-20.869045618338269,4.3175474180729081,-6.4125433571207235,,0.4020245720310162,0.3414634146341464,False,1
-0.024612305948687761,0.99839295416275198,0.051046483464210007,-0.99680855813292235,-0.028388013314614116,0.074611119365778439,0.075940324129235418,-0.049047219882710685,0.99590533555801597,3.0466979431438874,25.923171739786071,-6.0458375068293027,,0.1184230471912428,0.375,False,2
0.76901653656962721,0.63697760468916342,0.053601283631183758,-0.62334384724956349,0.72868777415012953,0.28364868393885145,0.14161925920780608,-0.25154255888136556,0.95742901903631839,-5.3995457539315037,-13.90929177284041,-3.5502550185778783,,0.2592982743729501,0.3684210526315789,False,1
-0.88342033701230838,0.46583492195377613,-0.050658993686982151,-0.46547012414035027,-0.88484881511149271,-0.019497126161392153,-0.053907992782381835,0.0063560903160361712,0.99852567740147191,-18.495310611644435,10.371703985930557,-6.6971566568614049,,0.2062644589465041,0.3170731707317073,True,4
-0.72834467306770534,0.683814141409122,-0.04372936339353832,-0.68443415261661344,-0.72907388676739393,-0.001076274065872948,-0.032617908361466538,0.029145971296080819,0.99904283412240757,8.5386834335105259,-17.419878923928533,-2.1105321072682717,,0.1946214501648039,0.28,False,6
-0.72162017210150964,-0.67623789059243278,-0.14821147912116861,0.67863267222703771,-0.7332976444781375,0.041620437152981624,-0.13682844515004078,-0.070547005109445782,0.98807949916386295,4.8393251434061924,20.084604931082872,-5.4089492863920494,,0.1159579685480903,0.4117647058823529,False,3
0.20392030311249312,0.97630534652438905,-0.072418093915833218,-0.97350652065401444,0.21003965073557895,0.090379197623077862,0.10344836500701315,0.052069333266036438,0.99327097023451105,1.4291334874803234,20.260860351681831,-5.7258646082940059,,0.1000828299596024,0.4,False,4
-0.91876980427297295,0.38286520290229803,-0.096313463040150177,-0.38084775686322503,-0.92380401670810253,-0.039257162483124622,-0.10400496549902803,0.00061247086363763054,0.99457658932381277,14.898143507087475,-1.6952283033687316,-2.8804360821493691,,0.3236635432605425,0.7419354838709677,True,5
-0.56984377447086942,-0.73020691397515103,-0.37692961608194181,0.81095453313170129,-0.57382351915755447,-0.11436482874898399,-0.13278109010675357,-0.37084286651427811,0.91915436704915687,6.8196838788188821,-13.121098721171052,-2.5806134842658595,1.083726979325253,0.7158258347791007,0.4807692307692308,True,2
0.14939485851883536,-0.92531626181722426,-0.34852688829520123,0.98875119135527179,0.13722571504456391,0.059499451459983088,-0.0072289585465610748,-0.3534952881540383,0.93540837253641584,-8.8953806205708634,-9.8195856398359052,-4.1944102949304192,,0.453901533311046,0.7,False,5
-0.8713858273559002,0.48775389272600173,-0.052753009524644415,-0.48794083904903729,-0.87281767728887627,-0.010150852189558371,-0.050994876913241387,0.016895038996251034,0.99855599752138091,11.103698401745703,8.8862690788192715,-4.0391117161719734,,0.1291070237827733,0.3478260869565217,False,5
0.19584874513216349,0.98059932705366504,-0.0082600733687522854,-0.97508892656878565,0.19562887408014354,0.1045510827733009,0.10413863026317921,-0.012421892288843939,0.99448521471104556,6.6795503061393378,9.8698673254152673,-4.4611318087927634,,0.1290789306356303,0.1739130434782609,False,5
0.99378877430339296,-0.003289406508092679,-0.11123422078382923,0.01791657272358381,0.99125253878315334,0.13075702955403523,0.10983109072754253,-0.13193780413808176,0.98515458043335569,-4.5826600329063298,-21.51820570826224,-2.8309242930567056,,0.1064178775465617,0.2941176470588235,False,2
-0.99287753465801065,0.031473622881931361,-0.11490697208662819,-0.013139102615019915,-0.98751830177155375,-0.15695530462108823,-0.11841269000366117,-0.15432762140625567,0.9808982720533177,2.6499820248433306,3.0691932654515544,-4.247087915261198,,0.1047002586545326,0.2758620689655172,False,4
0.95402427552391278,-0.25829755708582847,-0.1520527991013878,0.2856370973498763,0.93721761848182883,0.20008644188147046,0.090824723113319156,-0.23431924293737158,0.96790772393893343,0.57281966765814718,-9.3046676943713909,-3.4235049810124902,,0.6439641150929856,0.4520547945205479,True,1
0.21139146895142419,-0.94948342607530989,-0.23193721232879014,0.9740477638487981,0.18500764976736417,0.13039602474275003,-0.080898705772803559,-0.25348253023797818,0.96395124683172517,8.1560280667599567,22.728218198570104,-5.3641043283292689,,0.2243381079695435,0.1666666666666667,False,4
0.98652522569904455,-0.10446457085725025,-0.12591716521213397,0.12950847408670985,0.96890582794820346,0.21082943747906316,0.099977668502427577,-0.22429589832098296,0.96937908776556647,14.255485838708486,4.5381140981488981,-3.4712179609774161,,0.1292507648158696,0.3333333333333333,False,5
0.82474585099269482,0.55748671931818761,-0.09488329175456138,-0.54727654346666743,0.82910326718701644,0.11435102671595246,0.14241722592970843,-0.04238313489656087,0.98889888443400886,-8.3309130343598827,15.773326574140139,-6.2342280015789626,,0.4182378622327846,0.5333333333333333,True,5
0.82954700606063658,-0.54421878578126948,-0.12521053445535557,0.5560338314962906,0.82572574800525067,0.094886075441682968,0.051750777456863011,-0.14833375301640139,0.98758237871515309,1.0499427701946928,13.171487089690766,-5.1984684209358969,,0.1473072887734915,0.6666666666666666,True,5
-0.23371363617592605,-0.94356202836700975,-0.23466707244383722,0.96608752854821156,-0.25260567227662667,0.053528137622017684,-0.1097853517052028,-0.21419867636754375,0.97060089820345685,3.7262764403853157,23.20115728166914,-5.7505599696581546,,0.2891368283725477,0.4193548387096774,False,4
-0.69729370210564345,0.71198189637800935,-0.082844868481886338,-0.71632370798747058,-0.6963226798010641,0.04488954187499683,-0.025726219677373485,0.090644938218521917,0.99555093129205263,4.4948096830054567,8.8053961895093931,-4.55656774405041,,0.08140779075968574,0.360655737704918,False,5
0.62289947695022685,0.7818570160550028,0.026378932137216274,-0.77279088314510669,0.60973449261179524,0.1761195600926867,0.12161616892066124,-0.13009018012518297,0.98401527045674342,-4.2054533565046981,-6.6429388370768132,-4.0708266155748651,,0.2867506724336464,0.310880829015544,True,5
-0.91080879196066267,-0.371814767881605,-0.17939097767810971,0.38973360800102452,-0.91773446598545161,-0.076623526001505043,-0.13614352456750825,-0.13970407412651803,0.98078933129943369,13.622680708567273,1.7186575894862393,-3.3061786658227765,,0.08282910515703028,0.3181818181818182,False,5
-0.36262694596977985,0.92329834979704073,0.12657746765792521,-0.93140750349125467,-0.363629997049012,-0.015915014493410998,0.031333057572160344,-0.12366641625032351,0.99182904625493939,-11.161628913185478,-10.453027440664714,-4.3410394071498715,,0.5952701013440878,0.3506493506493507,False,2
0.75736108810106739,0.65204617721476255,0.035213136894949926,-0.63823089893980711,0.72775603995032323,0.25106267335928262,0.13807788334434148,-0.21261921149190346,0.96733012412294306,3.0286637476467977,23.696830182967155,-5.8323083422696298,,0.1383372762316288,0.2666666666666667,False,3
0.98758774319523779,0.12399658433397949,-0.096412118346421577,-0.094703661209518356,0.95978060761125172,0.2642960495483998,0.12530628892458209,-0.2518849585165493,0.95961049474725246,-14.155023148873823,32.681991955310252,-8.0424103727541656,,0.2673443364897733,0.1875,False,1
0.52925683501949994,0.84809207834888156,-0.025040551651619877,-0.83848996362330541,0.52732025296705221,0.1373605901041231,0.12969881837600125,-0.051702779931444745,0.99020454405099079,-9.9816295737353578,10.597356783272247,-5.9320825102695371,,0.109535160038998,0.3181818181818182,False,5
0.93065026307956233,0.35645993601691772,-0.082622042124098405,-0.33413427435116583,0.91992061868485797,0.2051836787424573,0.14914548110405909,-0.16334738851075323,0.97522984784765265,-7.5955071186649219,20.905196560713403,-6.5331664309246129,,0.1223331699218245,0.2727272727272727,False,4
-0.93542406562504821,-0.32846808149468731,-0.1307307801885414,0.33921126633719773,-0.93808910168135051,-0.070175167235932145,-0.099586817598615401,-0.10998889373875842,0.98893119528848095,-9.4241937711251857,-17.58649158311632,-3.6271335887654881,,0.3365322417298883,0.3636363636363636,False,2
-0.76925030234809777,-0.59404290703240248,-0.23530192719536511,0.63186522590936922,-0.76194010271773338,-0.14210424397952259,-0.094869956381679693,-0.25799283803040496,0.96147771003864446,3.434985245623948,-4.0163243759989893,-3.599309445327834,,0.555081167695668,0.4692737430167598,False,3
0.8546773890061905,-0.47984462785564835,-0.1981809623541988,0.51561613018299779,0.82908650740930145,0.21623036217644545,0.060552184243608399,-0.28699250225384149,0.95601712151687301,-2.1640141979155931,-16.631241563278554,-3.0654493142582688,,0.2950561188190493,0.2222222222222222,False,1
-0.89633048906792101,-0.41993187494151907,-0.14229854101627959,0.42005654854643859,-0.9069804210018878,0.030643301755708431,-0.14193008979957306,-0.032306908353142219,0.98934933834422045,12.397852136409721,8.8395358744658683,-3.9568521954668809,,0.1136108213177846,0.4,False,5
-0.8838317765793241,-0.44383334781764544,-0.14782878634967472,0.44238052684632306,-0.89572762298184883,0.044401519055743938,-0.15212120225598544,-0.026153102918562744,0.98801576659075929,-14.369983057204479,16.292653988264259,-6.7997734827982566,,0.2266954212517737,0.8131868131868132,True,4
0.84393271304353223,-0.51618395666662831,-0.14605375289586695,0.53370889690231749,0.83538726254748319,0.13146457675257289,0.054151539426818114,-0.18889744427441535,0.98050260903492725,-4.2006980264870064,18.446109555042565,-6.0568796179191731,,0.1956144288083576,0.7758620689655172,True,5
-0.091048003943119377,0.99563056882638268,-0.020737198374622678,-0.99388125999908672,-0.089541035977392769,0.064671816881263888,0.062532407602795978,0.026498552687834992,0.99769109683551283,5.2498537028024579,-12.708277939385907,-2.76023879427306,,0.09682184548924576,0.5238095238095238,False,5
0.9098746029014797,0.40541923634515176,-0.088110440903389542,-0.37698214168251115,0.89657485694754235,0.23246072946190666,0.17324165736722441,-0.17829405119299041,0.96860650393327907,19.45183769781568,7.478508416549559,-3.3722248269715247,,0.2761456959302883,0.4375,False,7
-0.087498171915001394,0.99465788723712711,-0.054770039880463202,-0.99400902903198829,-0.083561707419023509,0.070452049339259429,0.065499008499494096,0.060606339686473179,0.99601041735284634,11.912981868149249,2.4137227979072904,-3.4520115438665271,,0.07801561030452103,0.4285714285714285,False,5
0.4543439130554805,0.89034694988661778,-0.029221866761557025,-0.88166062467796957,0.45412066139046492,0.12825352935003004,0.12746039212981539,-0.032507441084817804,0.99131080631264723,8.7051191238346544,10.944983239676731,-4.3909852540899124,,0.09493470607737765,0.2222222222222222,False,5
0.96403755832993521,0.24494015153821774,-0.10313054006302745,-0.22987886395685395,0.9632526250896607,0.13892475720253747,0.13336901452422523,-0.11022115233616778,0.98491827251936193,-16.288236307652873,11.027656822231334,-6.5581234075525145,,0.1041000524086001,0.5106382978723404,True,4
-0.2401827615861393,0.9703297399364802,-0.027792747824900335,-0.96962483017442436,-0.23844715330183897,0.054503612646026878,0.046259374683134555,0.040039366591543543,0.99812670507149204,6.6943358192603108,18.064950769334676,-5.1172777618936331,,0.1661543749184669,0.3846153846153846,True,5
0.83261866795980566,0.54780796800473408,-0.081563373859607685,-0.53503206470421971,0.83362276013355341,0.13716334614485903,0.14313225877899638,-0.070565742239694224,0.9871847003063724,-8.58421360838115,23.323443822537044,-6.8030602358805217,,0.1102257217175129,0.5,False,3
0.93142090993308446,-0.33889943654533888,-0.13267351072718611,0.35444270376248516,0.9274364826001491,0.11929769692581019,0.082616331853720915,-0.15814152728336439,0.98395416512128286,-22.118444526015555,16.105103403568418,-7.5331123237744251,,0.0688452607362381,0.4,False,1
0.64672006669133941,-0.71530530912929591,-0.2647479368572892,0.76071828700261723,0.6300905693815706,0.15586392204808414,0.055324887334296184,-0.30219892307526497,0.95163804449674938,24.630839608509262,-5.6435835122764448,-1.8821658894483935,,0.2039749653185653,0.3617021276595745,False,5
0.26576689059926417,-0.94896038889065049,-0.16982973879065946,0.96260883321247714,0.2516361944565586,0.10031679750038858,-0.052461357993400452,-0.19014049004861078,0.98035422167783925,14.685290873695381,2.9139548976115761,-3.2994873700869305,,0.09631645594317556,0.4545454545454545,False,5
-0.5613194406629578,0.82326347736939565,-0.084603382695224882,-0.82758904227451369,-0.55887907775559276,0.05244572007524656,-0.0041064146134213234,0.099455634715728741,0.99503352409972323,-12.417434104840696,-14.206290459571672,-4.128640083208083,,0.3661803458169581,0.8181818181818182,True,5
-0.87269021106386446,-0.3765760397088258,-0.31080907617140707,0.39919416025314836,-0.91681133192926501,-0.010050077903655336,-0.28116866456468859,-0.13284377276825099,0.95041923071011447,6.5148829576046765,-6.9294947577319395,-3.1005170875859318,0.8420703037343572,0.2443547144666935,0.1363636363636364,True,4
0.99108674232454996,0.07548319174397547,-0.10976956296102362,-0.056541079968915622,0.98442823010451885,0.16644568498231915,0.12062410813954472,-0.15875562206557273,0.97992166880731502,-7.5406078551653195,16.848309721247691,-6.2336764753283029,,0.07729592291756698,0.40625,False,4
0.46897430784241628,0.87570081807530875,0.11493987909321042,-0.87418400898148729,0.44167366514092665,0.20180855274748855,0.12595799706561656,-0.19512163063898338,0.97265725321513075,-8.7426761255195853,14.280752595192849,-6.1280777189450744,,0.1306958332366043,0.2727272727272727,False,1
-0.46663179228463664,-0.86921243531357339,-0.16347633689766236,0.87433739452235582,-0.48122019022398171,0.062938454546133143,-0.1333750012899296,-0.11356439062067358,0.98453757582627055,11.751539957152291,0.63046756479716248,-3.3065070117693258,,0.1823838365810869,0.5208333333333334,True,5
0.97241040123716449,0.23020603507063894,-0.037725230056748646,-0.21922094232298367,0.95707769259666942,0.18959026552241526,0.079750799449296292,-0.17608938568492039,0.9811382870096893,3.676135628826624,19.774266265785393,-5.4679076184683293,,0.2610604388169498,0.25,False,5
-0.9891275953876314,0.0034697100474233231,-0.14701891427591285,0.03381872918625492,-0.96756102023813595,-0.25036366683679007,-0.14311846002143869,-0.2526136045978587,0.95692396415450254,7.9327176525754819,7.5355057610835354,-4.1809580499813626,,0.6655068552182095,0.1864406779661017,True,3
-0.97784389094215274,0.17682144582282849,-0.11205133307656948,-0.17691022312753646,-0.98418371483887157,-0.0092297561681869561,-0.11191111607019683,0.010797765652366495,0.99365955455419441,7.4266023828014793,-9.0224503148612243,-2.8759593981205205,,0.5905690629860868,0.7571428571428571,True,2
-0.9905541853100216,0.080048616098592304,-0.11133115029272009,-0.085971805401240151,-0.9950694056365641,0.049454288410073113,-0.10682347420324492,0.058558492354188731,0.99255208847312071,-16.851283493098403,10.115789353302064,-6.5119567450789857,,0.1113950090658627,0.1129032258064516,True,4
-0.87260969010275358,0.47987365591381625,-0.090959348605220189,-0.48407094433397213,-0.87450515536863738,0.030266385401850678,-0.065020378270155416,0.070441518961371283,0.99539456639868296,-10.602207978932503,-11.774601935605308,-4.2116042300329148,,0.07337546440715466,0.1304347826086956,False,5
-0.79763232549219854,-0.58730438797644891,-0.13731798568838743,0.58841904997380579,-0.80772349228797036,0.036684896538614113,-0.1324601636637639,-0.051539459346542124,0.98984745752688319,-9.6809265468488626,8.3038829845294035,-5.7175322248604532,,0.5490033065179033,0.8386508659981768,True,5
0.15484415931086237,0.98625408831652084,-0.057672867158323614,-0.98314105731326573,0.15957566424332831,0.089270761205756471,0.097246839291911857,0.042877507626375683,0.99433624674326537,8.8357512479649465,-6.9292452008848269,-2.9087461633934972,,0.07124003232721686,0.2,False,1
-0.6415528041068721,-0.7274490636339086,-0.24336774511171327,0.74471142389729483,-0.66672396896310926,0.029732882923513795,-0.18388826678033054,-0.16216352557905631,0.96947825984510738,-10.414150013490287,-15.22308934644675,-3.8676585311381975,,0.3485071450318112,0.2592592592592592,False,4
-0.64143152161504369,0.76113959680929189,-0.096083907328952139,-0.76698484056099137,-0.63904574547740334,0.057920545032489223,-0.017316391894408659,0.11084696367613561,0.99368661720662266,-5.9449335433631507,-4.3831024567757089,-4.3741296044168161,,0.2456465530253132,0.8625146886016452,True,5
-0.82751604937882317,0.55304534506531333,-0.096736933598566263,-0.55107574715178154,-0.83304653825087682,-0.048466338930601746,-0.10739045079321764,0.013202704640295472,0.99412925702275268,1.8588087594937064,-13.079206625628563,-2.9869204181291833,,0.2329691463634299,0.1403508771929824,False,3
0.25861984768523366,0.96540818604673906,0.033208563612577763,-0.96010246103002905,0.2531082061740238,0.11890963077668942,0.10639097098601574,-0.062636014251483033,0.99234958105061943,-9.5020909838051519,-13.819053952902138,-3.9146732673415352,,0.1786899859511331,0.5,False,5
0.087296741895037083,-0.96623529480579906,-0.2424224286778392,0.99270845009338915,0.064071873635769952,0.10210155788225357,-0.083121669663767675,-0.24956792678618112,0.96478320774770698,-8.5602930048612542,-16.521687782056105,-3.6113154964189893,,0.2445611164418437,0.4137931034482759,False,5
-0.63766518458236177,-0.75458492555360901,-0.15486995350551203,0.75752984194891493,-0.65075413017044148,0.051648820150768632,-0.1397556829914155,-0.084383956966765122,0.9865838519245268,-22.042287624972975,3.327945797612307,-6.46457944872492,,0.3550831145443307,0.9552845528455285,True,3
0.97589807525767591,0.18703880407122478,-0.11242523062004267,-0.17601559084901139,0.97917760104005069,0.101142164301169,0.12900177706697377,-0.078915850074983251,0.98849928180070323,7.8180767036211618,0.31323292699735206,-3.5885723012613733,,0.222322827506676,0.8353658536585366,True,5
-0.34007932795135726,0.93931511644760957,0.045090605597699521,-0.93947890034641646,-0.34147457209864557,0.027830063132075547,0.041538494243793085,-0.032897243396080661,0.99859517567075096,12.14155157602649,11.469137400779916,-4.1651827233855361,,0.7862382460036921,0.6470588235294118,True,5
0.15952358158678315,0.98440740646744196,-0.074123444400336802,-0.9833064499998968,0.16510389589023344,0.076479598262986101,0.087525152421036714,0.06068576154183003,0.99431211701344691,-6.9227823591888669,24.254671239956281,-6.7134365166470893,,0.1690981663741938,0.5625,True,5
-0.96096041211462846,0.26811930483961544,-0.068316357637136532,-0.2618980578327853,-0.96107780167000001,-0.087970827213204178,-0.089244011854570898,-0.066644560989489399,0.99377764557199599,-14.079505516503003,6.207665936949379,-5.9612460148922137,,0.1682674726665119,0.4963503649635037,True,6
0.14421748901210918,0.98720723595322335,-0.067994037566823151,-0.98490634230022489,0.14984812449098814,0.086631613648396888,0.095712134861959688,0.054473965048724877,0.99391738810226882,-13.187600875085087,16.371790635742389,-6.7173525091561794,,0.09384674471289814,0.2765957446808511,True,5
-0.94068182816295298,-0.31042324751766132,-0.13694928099334008,0.30865541424957188,-0.95054781903318053,0.034506216623796167,-0.14088837219028835,-0.0098107661195209542,0.98997687621970176,-9.5135693398576429,-5.8369997197188255,-4.5836457430219353,,0.2390135010400846,0.4757281553398058,False,4
-0.94050489034419693,0.32215535877390994,-0.10801146259496515,-0.32543747267140904,-0.94546298967928277,0.013790813172477864,-0.097678055979304179,0.048121304636986453,0.99405399119974303,0.19665255003911103,22.361193204967982,-5.9603596307970683,,0.1742735890696326,0.5581395348837209,False,5
-0.41239715005575062,0.90995328623847038,-0.043744799573231172,-0.91067742385440253,-0.41048774153439838,0.046545072047391466,0.024397137287039662,0.059032456443861153,0.99795788928110585,0.72684307052071029,16.971329772732858,-5.5044263491688357,,0.1005321321547314,0.4285714285714285,False,5
-0.78651592867863018,-0.55580024073453749,-0.26921884468629631,0.59229903470572043,-0.80231079420767415,-0.074021908814383669,-0.17485579035727022,-0.21767747218599229,0.96023016547141082,-3.857328331624533,-10.256131740428669,-3.6916239668122288,,0.2499313433277243,0.1896551724137931,False,3
0.45521484165840542,-0.8385360724338119,-0.2993938929924751,0.8903571106593875,0.42620111936177124,0.16005255809589553,-0.0066078311252454891,-0.33942578140449181,0.94060962970074369,21.023110712184231,-1.7700966090058867,-2.443891467343438,,0.5849657082224899,0.6551724137931034,False,4
0.55814961924466078,0.82647108470671826,0.073583616931623519,-0.81855944374543566,0.53394943873947665,0.21179809707587055,0.13575507206805254,-0.17844759178396802,0.97453938729755774,-0.11359892574756669,-15.509801248060686,-2.9639736950251967,,0.3192305383969716,0.3636363636363636,False,7
0.69914928597851367,0.71489480554287355,0.010756064501021637,-0.70160620848304278,0.68310240675379041,0.20278025077710776,0.13761905439938882,-0.14932018917411988,0.97916519391327528,-0.1474690651386249,-13.888770264678284,-3.0942296089850054,,0.6344362477141667,0.7843137254901961,True,4
0.46595356304721725,-0.8172337860682044,-0.33914040748962732,0.88480848438499715,0.42988795744155528,0.17975063284186382,-0.0011059131638994218,-0.38382975777726613,0.92340321312020479,0.59778528014375254,26.500968010814393,-6.2778954652591787,,0.3652321117621284,0.4615384615384616,False,3
-0.61801014746378835,-0.77090447038231724,-0.1541744310070412,0.77447007721511651,-0.63069828188134169,0.049150551678841102,-0.13512792875715007,-0.089027943795652736,0.98682038289311802,2.5416424420086736,5.8418173332577421,-4.4438497339994552,,0.1214300881207021,0.4551724137931035,False,5
0.36552039091023369,-0.91446264854888115,-0.17364592778926607,0.93023221030684722,0.3523489996991952,0.10255836054956022,-0.032601821060595344,-0.19901820725738012,0.97945335490955909,-5.1245379217777405,13.268005546236198,-5.7157545836875387,,0.1019739320059058,0.4130434782608696,True,5
0.4933295279982548,0.86967194011534266,-0.017224789723976508,-0.85924819223948978,0.49030661633075157,0.14591766896252856,0.13534593063032213,-0.057185125323857694,0.98914677399438911,4.7665295106586383,6.7109716955748535,-4.343217163754364,,0.1682409000465767,0.3,False,4
0.99339969870737133,-0.027624411893343217,-0.11132803095200321,0.059662328823527129,0.95338184751371169,0.29580983646710324,0.097966551064414764,-0.30049949201103143,0.94873737681913584,4.8425048304016309,15.588790763186749,-5.0195428620566407,,0.3639944758351957,0.2608695652173913,True,5
-0.044372825364361906,0.99882960919484887,0.019247445670790328,-0.99611652019518648,-0.045702441453869862,0.075254003477482623,0.076045582142667573,-0.015833465849958123,0.99697862103244828,10.877730058930476,4.2356459524902705,-3.6767796812445663,,0.5237911276466287,0.8992805755395683,True,5
-0.7060002314630025,-0.6785262581058964,-0.20289354409393245,0.69435168376075673,-0.71957067510226269,-0.0096841515619534302,-0.13942529337529913,-0.14771648721007125,0.97915291296790208,-11.420606209516894,-17.492178939910431,-3.8040826051884071,,0.1140183375895637,0.3636363636363636,False,4
0.052821690362596499,-0.97079829026898501,-0.23400971911023657,0.99308105436578109,0.026455200131027687,0.11441215777081579,-0.10488035319822656,-0.23843406215732077,0.96547879806662373,-11.471853139065939,-7.3898249888350982,-4.6097859227575801,,0.6094839073448574,0.805,False,4
-0.82995779070461917,0.55258514337393616,-0.076287121921824089,-0.55480414669019096,-0.83192191031181961,0.0099143309659987383,-0.057986416203091466,0.050552887806142782,0.99703659966441704,-14.745883997350733,14.32887092918215,-6.6595732980435853,,0.127111990190429,0.4,True,4
0.34379940946942972,0.93754214719875217,-0.053072481329069512,-0.93259317451853263,0.34750504717956276,0.097520321093478926,0.10987236636168675,0.015967605039045249,0.99381743730898597,-6.0320124956591279,-11.381247959765879,-3.8274072302514783,,0.1604876018681544,0.3269230769230769,False,3
-0.99421571350505777,-0.004073460265866571,-0.10732437719871174,0.0029503295860830981,-0.99993923751890335,0.01062152651210696,-0.10736112226948093,0.010243446274390002,0.99416732054190016,-7.502402461960088,-16.866369921782045,-3.5033256551784926,,0.1399457947115071,0.475,False,5
0.4675072588471953,-0.86604523242397591,-0.17720783933247353,0.88379809205990478,0.45374984290008219,0.11407020881642659,-0.018381931249300737,-0.20994460093999295,0.97754046931044936,8.4751180364079701,14.337373342447956,-4.6810313484378403,,0.1495427146964493,0.3214285714285715,True,5
0.83211172752623153,0.54482554765252145,-0.10370725885125889,-0.53639256696671134,0.83811695619711613,0.099211802915503453,0.14097193698099664,-0.026927501926703644,0.98964732234458885,5.0313824273183814,-5.1369910868519577,-3.3680702253281889,,0.3585172451664123,0.9705014749262537,True,5
-0.57131473977867953,-0.80145059529139151,-0.17685138229229325,0.80977207061758705,-0.58553973291629691,0.037582107764440001,-0.13367371379342291,-0.1217380979126374,0.98351978818795915,-11.661831520025961,-4.0659466741251507,-4.9024012830141572,,0.3968758808655251,0.9084745762711864,True,3
-0.66416476862909568,0.74675521395864985,-0.03523933225008008,-0.74737801666242432,-0.66435413874626636,0.0077251886998582764,-0.017642571286561846,0.031467900411030481,0.99934904358893584,5.5578936361379547,-5.9909927315180074,-3.2526371218303947,,0.09148460356988372,0.4725274725274725,False,5
-0.87244453140298994,0.4884520912049381,-0.015971669372371211,-0.48393698032253268,-0.86801455453110621,-0.11115634124274633,-0.06815818880608604,-0.089248460601223517,0.99367458132881026,-10.855237341629543,-8.4606919976523525,-4.4682331179911934,,0.1766437707093509,0.1904761904761905,False,4
0.25435701826451601,0.96363422455513537,0.081924285322527046,-0.96079773061713281,0.24212549985491444,0.13506651384030943,0.11031875679389859,-0.11306778314811861,0.98744389628647644,6.5808756238491011,-5.6226759087650873,-3.2242752982885734,,0.560659394393757,0.5,False,3
-0.94640155184163577,-0.2752407981627053,-0.16901658409309742,0.29438789701299217,-0.95035848661666333,-0.10076960359131872,-0.13289043894882019,-0.14512494596877717,0.98044830628317559,-1.908497721421851,-14.932682512751741,-3.1465954999208026,,0.4834937491062716,0.3846153846153846,True,4
-0.16952292583630635,-0.89800328716282385,-0.40601979491234319,0.98056236248641215,-0.19498728774048943,0.021849734430265159,-0.098789831920920376,-0.3944236984061309,0.91360304029959616,-13.93642046719043,-5.765312345748896,-4.983827840630866,,0.404326000326546,0.1733333333333333,False,1
0.97327982340976693,0.2119023908891921,-0.088452032644241674,-0.18850568391461323,0.95730339292302646,0.21917075769807048,0.13111823853048771,-0.19664076544172227,0.97166888233140247,-1.9416255131039526,39.324509200447217,-7.5174190396710641,,0.1729167451702784,0.125,False,1
0.9830636038545405,0.1540657460761625,-0.099245638002486716,-0.13938668363739234,0.98016276613665376,0.14089820546733425,0.11898446621763151,-0.12467837729671122,0.98503705465001001,20.864318911010983,-3.7409040275112346,-2.2911165545319068,,0.08959028048749544,0.2272727272727273,False,3
0.96194553409803196,-0.20151605735885841,-0.18453202447107586,0.25652606581774567,0.89862085913217504,0.35591421591251654,0.094101896818937894,-0.38970736477399703,0.91611844368290352,0.077887909487266649,-18.137499926273453,-2.7375318455914268,,0.2281454405664088,0.2727272727272727,False,1
0.501243175659569,-0.84534900464047646,-0.18477104537255643,0.86362089232676076,0.47540701453743756,0.16777104894865225,-0.053983638182703318,-0.24366622843955493,0.96835558341272698,-7.848629407857211,-12.13934674427912,-3.926505357387458,,0.4737434496192128,0.4242424242424243,False,3
0.76077390402416256,0.64476761338389099,-0.074147094933489685,-0.63219094810639198,0.76204391554686146,0.1400845313028862,0.14682531146970418,-0.059697533527354255,0.98735937348190261,4.1332959274405665,13.485890902264556,-4.9578065999617094,,0.3566146525403485,0.7328767123287672,True,5
0.63309556598356775,-0.74965898721251933,-0.19287666324220371,0.77212053371442935,0.62926969956912238,0.088597554259313691,0.054953487136772942,-0.20501475092218857,0.97721495391537183,-14.665049907997012,11.923311080540579,-6.4764440402571637,,0.2283940651801492,0.4634146341463415,False,3
-0.77520238046925172,0.62485475966391968,-0.09283209919069732,-0.63032075373820062,-0.77484742696904318,0.048033450077631192,-0.041916783293959668,0.09574964357531035,0.99452249297514062,-13.515714136797634,-14.359966904011856,-4.2369273764496906,,0.08210825843283685,0.5555555555555556,False,2
-0.18926982042697052,-0.96566299977597325,-0.17796602467665815,0.97778948569784518,-0.20196808935444763,0.056005468851346829,-0.090025867028802414,-0.16341316270785672,0.98244159191248115,3.8950649717532917,14.598529039475187,-5.04137782971228,,0.07467347653088693,0.3846153846153846,False,5
-0.85750448940784207,0.50714906827634121,-0.086520940770630717,-0.51137961551337885,-0.85862777396578138,0.035344513180348182,-0.056364345847217411,0.074553124153224168,0.99562286644904319,-4.4531145394554272,14.011942574291549,-5.7537569470261882,,0.1977489427710408,0.664,True,5
0.89381499970224321,-0.42904129508580491,-0.13045425795417426,0.44338638047310169,0.88906197224149641,0.11391807198606724,0.067106362725458793,-0.15966332272991243,0.98488799335589594,-13.203618659732692,32.940100881318266,-7.992501769486319,,0.2626983985208729,0.7804878048780488,True,3
-0.99067747961330166,0.071620332636388867,-0.11588209240468861,-0.078269221583533499,-0.9954754115119826,0.053876098854279207,-0.11149914950233256,0.062443838992340496,0.99180073937870949,-2.6806006865316681,-7.2343202849796198,-3.9091390686808678,,0.3734506592833549,0.9453471196454948,True,5
0.43526236631212861,0.89877301059655113,-0.05247616502353955,-0.89260593785732667,0.43841292175508212,0.10511303315961393,0.11747898609627316,0.0010887889526935562,0.99307477178931869,-10.934876013258584,17.689869374634753,-6.5876099618884592,,0.09948628035009913,0.2647058823529412,True,5
-0.43789493449277234,0.89415730578909214,-0.093438422769026558,-0.89890612789471536,-0.43376701723492767,0.061757169563089173,0.014690118410035126,0.11103552252818299,0.99370786107285736,7.6452136106515187,11.907552189901388,-4.5480740604708068,,0.08199982545663352,0.4074074074074074,False,5
-0.97608197009587538,-0.17242571797020831,-0.13241359233935585,0.17403407482428532,-0.98473945875996427,-0.00058237546960145103,-0.13029247274424555,-0.023612923232644002,0.99119438124043047,8.2572427722370065,-7.5304241398867156,-2.9254063296636286,,0.0813678670211169,0.1111111111111111,False,1
0.80877360979879986,-0.56174334253083014,-0.17415414211355751,0.58603860055344903,0.79465825400902168,0.15835724800806614,0.049436896690363871,-0.23013621283410318,0.97190190697827261,-18.084618832755048,16.971780234462269,-7.1941032451738991,,0.1180320945271024,0.3846153846153846,False,1
0.85424721382962487,0.50882269452029405,-0.10658875740635936,-0.4996130957391316,0.86019720885933826,0.10221309327364275,0.14369569315148439,-0.034062111087138393,0.98903555060371962,16.120999946707094,-9.3966519827160617,-2.1690184031030992,,0.3137152623095035,0.7464788732394366,True,5
0.050004155910923227,-0.95454113862491607,-0.29385506472457368,0.99587500013712249,0.025348653400193245,0.087123073136120971,-0.075713727246260257,-0.29699942835541648,0.95187119457573333,-5.0002713525522564,11.289417646151483,-5.5664204350623292,0.8045464329963907,0.4744398926877708,0.1604938271604938,True,5
0.51558874739731309,0.85565120051204113,-0.04504738193917486,-0.84764735761050114,0.51703303011002189,0.11904118157673713,0.12514871430904195,-0.02319199942983341,0.99186689150774754,-17.372367980236167,25.346548114925888,-7.787996566022878,,0.3998057369102978,0.7413793103448276,True,4
-0.52534709513216205,0.85084380518651737,-0.0086746073068791896,-0.85072713947311285,-0.52502222639629603,0.024799111955325526,0.016545809139944308,0.020407865287821444,0.99965481804185818,13.574370552883629,10.326493138958176,-3.9623899787200423,,0.1394288104831414,0.12,True,5
0.33992778299376858,0.93733072684275875,-0.076552014116979594,-0.93351507588213523,0.34616898847510452,0.093362918328925765,0.11401186539001984,0.039725809425962447,0.9926848213888132,-11.93384256357824,18.395166782488971,-6.7416328579190177,,0.06815826844993426,0.15625,False,5
0.92440431967009729,0.37394662576291804,-0.07510376059687543,-0.35781076876001389,0.91841416053492431,0.16878057793566859,0.13209128485495375,-0.12914856100421152,0.98278814688411298,2.9578711168237253,9.5056722567407661,-4.7236032334085749,,0.545726285975533,0.786144578313253,True,4
0.50130789391103725,-0.83665719862785926,-0.22066972489823702,0.86515961903115768,0.48872440152577301,0.11246018384805137,0.013756056860263127,-0.24729171303838371,0.96884342365637155,-14.70024048042783,-10.839282811051563,-4.6417883789117491,,0.5603169977513522,0.9641434262948207,True,4
0.34339206595775429,-0.9164869216366508,-0.20526473517446397,0.93905262673876932,0.33127365072257997,0.091858219838802616,-0.016188058941238682,-0.22429777262806597,0.97438619445361907,-4.1737875985662889,26.408741508464882,-6.6798259619295219,,0.2531215133465258,0.8421052631578947,True,5
-0.6333572933372712,0.76660430555877024,0.10571838853880515,-0.77340471850259795,-0.62236772857389588,-0.12043069304661,-0.026526974467569062,-0.15803875831113551,0.9870765271735884,0.80624261557182686,-11.862721053765398,-3.1768862547835783,,0.387345877506316,0.3636363636363636,False,3
-0.019847462451048604,0.99817045227385992,-0.057112401820051763,-0.99725169244070588,-0.015686185018722237,0.072408601172159276,0.071380250478718738,0.058392566367297574,0.99573850384256946,-6.4679885551991827,11.878829751473695,-5.7265659329904679,,0.09436057246512308,0.3414634146341464,False,5
-0.89302592114791302,-0.4211758108486589,-0.15847914851454986,0.42807449479178578,-0.90368181647935586,-0.010554689636831066,-0.13876934483768172,-0.077266492870759734,0.98730590903365623,-11.957280422068505,-11.958070368776919,-4.2801132706575347,,0.07197468914485243,0.1470588235294118,False,3
-0.49746360895798891,-0.84194305493931965,-0.20895418158519541,0.85460289098715059,-0.51700351397550925,0.048592851875353407,-0.14894246029557159,-0.1543996722030877,0.97671740270391472,9.1135010815204023,16.542930946439096,-4.8013731187741859,,0.1688886279147274,0.2222222222222222,False,3
0.01001469919789775,0.9999451239554914,-0.0030748784712984062,-0.99665283921196834,0.01023113583111809,0.081107594899172283,0.08113460353448862,0.0022523181930710484,0.99670060859420517,10.279095359972848,-10.518762290824117,-2.5296675138309404,0.9234862536224727,0.4193637609513182,0.5675675675675675,True,5
