axis_00,axis_01,axis_02,axis_10,axis_11,axis_12,axis_20,axis_21,axis_22,location_x,location_y,location_z,dbh,dbh_approximation,score,reconstructed,number_clusters
-0.42135620279197128,0.90645120318826644,-0.028375457833765355,-0.8933658691717633,-0.42025142401081839,-0.15901623947213725,-0.1560652881575911,-0.041652813295429997,0.98686811123719298,-11.533557351965792,-23.309901989034863,-4.3845238424060566,,0.5017458292342551,0.4736842105263158,False,1
-0.99593598843546149,0.059006245690884501,-0.068042412571488103,-0.040707642902326813,-0.96883596477003153,-0.24433534573913035,-0.080339247870628516,-0.24057251783524794,0.96730060938365592,-4.3097775031772212,-15.558864660901035,-3.1072588255988944,,0.1453216166510376,0.5217391304347826,False,4
-0.79294569211208743,0.60781914128022296,-0.04234407696781705,-0.59298981852767951,-0.78583212802876723,-0.17558741891232021,-0.1400007302959308,-0.11412168089873681,0.98355276292909377,-5.0853989524840566,-15.128472031640197,-3.1358208683425897,0.2252929741267907,0.1819721890153244,0.7898550724637681,True,2
-0.019126040966585659,-0.97734528654930308,-0.21078516412880272,0.99007069388025215,0.010851428432977581,-0.14015087449046268,0.13926311671229374,-0.21137274507567377,0.96743338114970656,6.9793503283366212,-1.1654217095513566,-0.47452547980191134,0.4739517770301248,0.3426612081342067,0.6240601503759399,True,5
0.525644860989681,-0.78157254099948137,-0.33591939996188469,0.83630431557027074,0.54710043583747092,0.035724009643238464,0.15586074513385309,-0.29970898595481421,0.94121302151226993,-19.549063304314132,-30.111110664115131,-5.624579402277103,,0.2210913683885335,0.1818181818181818,False,1
-0.98454498079976838,-0.12904544188451175,-0.11839955536577942,0.15790725083260646,-0.94648494892812907,-0.2814809790856303,-0.075739559785302779,-0.29582683343697519,0.95223421683017673,-9.7379556691877251,-21.871268295262155,-4.1063721282520556,,0.1893549701614555,0.4074074074074074,False,2
0.42126842944503234,0.90672119573882481,0.01973787098123525,-0.90068032271915499,0.42081534720095476,-0.10811752784196894,-0.10633845315517193,0.027768989144297831,0.99394215959605481,5.4651811165263737,-16.652179533132845,-2.2662775226051113,,0.1572624789036563,0.6666666666666666,False,5
-0.41479211229195379,-0.84627700368252357,-0.33430934270299251,0.90455117506924154,-0.3436682477877599,-0.25234759191112499,0.098664457943232142,-0.40707169945922139,0.9080517365426638,-15.531738102790474,-20.740775972835205,-4.4031112769032212,,0.5226288772283813,0.3809523809523809,False,2
-0.10634935303524475,-0.98183534424492691,-0.15712788390489602,0.98583318531653685,-0.083502838251940978,-0.1454654829590892,0.12970252826231166,-0.1703720422936692,0.97680633769803527,-6.4723126783605949,8.7455159177310176,-0.43149376342350443,,0.5149190884640698,0.3571428571428572,False,1
-0.83674599682304052,-0.53663316519849791,-0.10899992114519197,0.54664083642876804,-0.80685602366932807,-0.2239802513994878,0.032247988294982544,-0.24699838679141711,0.96847915009739061,3.9087877945328571,-2.3925548845006768,-1.0297871769405329,,0.1305636681019645,0.2666666666666667,False,4
-0.59285232716131286,-0.76171212242746689,-0.26138240324562934,0.80359464429377692,-0.53837958578290135,-0.25373819041403944,0.052552505570861607,-0.3604747760374874,0.93128737240389403,-12.82602865651026,5.1356290669195479,-1.3459523780656866,,0.4160329033330182,0.5230769230769231,False,4
0.730219803390878,0.6818875586500982,-0.042525240669481851,-0.68219844595886092,0.72433277820088326,-0.099736185785835957,-0.037206438516789328,0.1018399910742363,0.99410477171719525,2.0814033797002502,9.3139270134135632,0.32874994834070886,0.2185212161809741,0.1800081976553494,0.4444444444444444,True,5
-0.85646912015770704,-0.49758740229664555,-0.13735873940873738,0.51619452225210538,-0.82659722203909258,-0.224232575051384,-0.0019650478879481292,-0.26295210513120076,0.96480688689181027,8.591043269619604,7.2509794541342316,0.71397373849901447,0.4920047446968203,0.2389330362140478,0.4193548387096774,True,5
0.78993891925834436,0.61239703254145228,-0.031086626954083436,-0.6125571242487754,0.78581998061505298,-0.085209903169930892,-0.027753799253964984,0.086352953629751289,0.99587795137074342,11.142110260256953,-1.0455119664891579,-0.069532970197415431,0.2091292653445159,0.2370754567297129,0.5714285714285714,True,6
0.82607073535491682,0.56176496316781299,-0.04502517459436179,-0.56329987831434658,0.8205836468712302,-0.09662155855995469,-0.017331684315994383,0.10517891730084622,0.99430227198482868,-13.268931314106206,9.0058764552659998,-0.86933717309413616,,0.0888146047127116,0.5217391304347826,False,4
-0.020987120920557767,-0.98684383367471518,-0.16030841741361063,0.9903913527169601,0.0014013758223406971,-0.13828595232081256,0.13669129167191077,-0.16167029437715236,0.97733218850965353,-11.00247189814605,-26.002050583193373,-4.5866332530029537,,0.1779183272961625,0.375,False,1
0.088328636362847254,-0.98045578378667442,-0.1757967805095946,0.97298582658506272,0.12271761618520534,-0.19554786611570082,0.2132993981774523,-0.15377529943745619,0.9648090609131208,0.72217917908045171,-20.037026816310632,-3.0813349129335377,,0.2750602652966808,0.1875,False,2
0.89933040274953779,0.43358811015266568,0.056623117404411075,-0.43723005296037448,0.88993282888393177,0.12980539612400813,0.0058913053410922928,-0.14149526779677959,0.98992140178526056,-12.612788455416634,-20.402590406018447,-4.1458408678666414,,0.3464455609493592,0.25,False,1
0.99346502648729196,-0.038415193183502616,-0.10747797020448947,0.041119929966267482,0.99888801246286651,0.023062738726189691,0.10647249647759852,-0.027331510947208603,0.99393993581260698,2.6848798562725897,-6.5455851732711618,-1.5341794318726396,0.5259336545461308,0.3617634057184688,0.7761194029850746,True,4
0.047740656415563548,0.99808329921465067,-0.039377119673855931,-0.98959276521256356,0.041903472837090769,-0.13765993608578891,-0.13574604511352589,0.045539288455017257,0.98969651128163882,-16.563133486439447,-6.2059229767306601,-3.0117960171378058,0.1719663853242263,0.1305711596031416,0.6933333333333334,True,4
-0.9222284516078364,-0.37545468468229226,-0.092349676746234843,0.38648083745235973,-0.90212340290276749,-0.19184871179461976,-0.011280307049731042,-0.21261972082864969,0.97706990997963505,-0.28214537761882769,-16.186747156012743,-2.8115568455968591,0.4354049091200284,0.394342308849699,0.9166666666666666,True,5
-0.54633032348200128,0.8367950261769338,-0.036017520869662825,-0.82314818915290522,-0.54437231599096758,-0.16151111502594415,-0.1547586389780721,-0.058590662636422902,0.98621341397969209,-19.474767405006627,-21.299041513437427,-4.7679733212759556,,0.1062994312746721,0.3478260869565217,False,4
-0.89006211804097279,-0.44043498498542272,-0.1175008511854628,0.45583181178729265,-0.86144303209681294,-0.22390458194187141,-0.0026048783334260001,-0.25284961232467923,0.96750208690014106,-0.90904064961165321,-16.809973415045071,-2.9346030706392541,,0.09137612000476707,0.3125,False,1
-0.78614000799541561,-0.6063508322180623,-0.11967688205092379,0.61768923675045906,-0.76421177724001177,-0.1855811583386017,0.021068807075923388,-0.21981589523081677,0.97531383542543437,-12.760781898469878,-2.9536298638819485,-2.3888762467436533,,0.1125947341987916,0.139344262295082,False,2
-0.66392405730743842,-0.70545820987886421,-0.24805959010475143,0.74779181683402574,-0.62477236645021461,-0.22464836700111096,0.0034992577063981539,-0.33464638685440395,0.9423372808929914,-0.82669940484768978,9.3397707671226069,0.12795586691532693,,0.5483128590885038,0.1967213114754098,False,4
-0.66244612058819785,-0.73879700996879849,-0.12387136625874831,0.74708005345755379,-0.63939280551677335,-0.18179173242820351,0.055104727959627828,-0.21296905482851716,0.97550379324836156,-0.81709407550050051,-13.865364557586487,-2.6524671158899129,0.275229468373627,0.1995295367073406,0.5555555555555556,True,5
0.99437308403718339,-0.083047932935573845,-0.065766333161486806,0.083719318477231269,0.99646104119284229,0.0075145923764174116,0.064909517453815652,-0.012978220987646626,0.99780675500013905,-12.929199661135554,2.9672784696735506,-1.6518893972071635,,0.2506040017085009,0.5454545454545454,False,3
0.61943040633965296,-0.76214094764602747,-0.1882741289267014,0.78028645859764201,0.624086758934007,0.040850457187129013,0.086365584760616509,-0.17221176860035556,0.98126657566865827,1.2236646833029807,3.4416692136963585,-0.52706328929310076,,0.2602656457211432,0.1304347826086956,False,2
-0.1037850189880416,0.99457823154316882,0.0065430248443426875,-0.98658484958107495,-0.10211297107913485,-0.12737062343601321,-0.12601192170084061,-0.019674411753686408,0.99183361160600236,1.9283928716570269,12.946476674751336,0.80216130071460667,0.3342428900380094,0.2744752157213829,0.3793103448275862,True,5
0.51043776439981636,0.85990564883018872,-0.003945096253500105,-0.85568595049297846,0.5074678480039182,-0.10138016261182639,-0.085175365003300696,0.055124026995533093,0.99483993629344714,-14.440945506500775,-0.57405179959957198,-2.1725265071674116,0.4378911017704957,0.1720871153579988,0.1724137931034483,True,2
-0.94331941969815425,-0.32006436207562222,-0.087791096071650129,0.33087521715260543,-0.92757834396678474,-0.17355116386257044,-0.025885576960014749,-0.19276208115955185,0.98090403045990415,7.9096062221826369,2.434319113229777,0.019893087944419179,0.2168897902335808,0.1763837265948497,0.5053763440860215,True,5
-0.91230915062060247,0.40810707480256897,-0.033773202246807014,-0.38909397363005027,-0.8896010587145694,-0.23919831943116537,-0.12766320291568431,-0.2050818661657007,0.97038318966854564,11.96272756636124,-6.749459768416239,-0.54820392818824482,,0.1404578571485672,0.4347826086956522,False,5
0.41766347345323485,-0.86569047576790026,-0.27592974306465473,0.89861530985536864,0.43846606989021797,-0.015428235432737358,0.13434190647940228,-0.24151088116226541,0.96105397686274974,-13.674604274031905,7.1931263389088631,-1.0939960014698897,,0.5560470363645995,0.4423076923076923,False,2
-0.55244539663786352,0.82791818151668506,0.096724187501058892,-0.81892958873812804,-0.51745214016977858,-0.24818866074604892,-0.15542976684932436,-0.2163209822181428,0.96387074871548184,3.4509138175819385,7.6688580062520861,0.31391612770300015,,0.1401940024182405,0.2258064516129032,False,1
-0.38151767331132252,-0.91319616268874348,-0.14323768150060048,0.92151848165044159,-0.36360586322097588,-0.13636152026137158,0.072442756213290938,-0.18402050071087633,0.98024920422836281,-15.138291208848734,8.5341838149568918,-1.0719994357251885,,0.171409838260975,0.3125,True,4
0.90423691529732864,-0.39773365706846331,-0.15544625775011928,0.40853401760533248,0.91169418430090887,0.043745522869720638,0.12432038237077783,-0.10306140085815527,0.98687526576580942,6.9801255978044479,2.5812769471581856,-0.071385101803467119,,0.5053447367901898,0.1142857142857143,False,1
-0.98592285330776785,0.15375282582860211,-0.065697761569082899,-0.12113480308658305,-0.9276778262683063,-0.35318580114620152,-0.11524967161186758,-0.34025566740295293,0.93324358770555005,-0.92115471618983624,-8.5292729716868525,-2.093976261797974,0.4065121970527529,0.1450649229047088,0.1774193548387097,True,4
0.86152131905016116,-0.50099820561366804,-0.082351774686124826,0.49011907694869722,0.86297906520860213,-0.122680167193575,0.13253040116526738,0.065329403667652497,0.98902364065951487,-8.0720110568206582,2.3114096461595612,-1.3873523200170292,0.1995920308076269,0.1716468042512851,0.6963562753036437,True,1
0.86159323899112827,0.50606883939693637,-0.03938807327370266,-0.50759924695316383,0.85894810364053886,-0.067462283869604067,-0.00030824885645568123,0.07811840400161868,0.99694404052528562,6.3173581327502104,-2.114308882014551,-0.66937006772850494,0.4913826625691612,0.385531706051379,0.9554896142433235,True,7
-0.98920825498917175,0.13393169787075371,-0.059408152359199252,-0.1114650185102769,-0.95107996240979908,-0.28813617397174901,-0.095092470310642149,-0.27840475105147094,0.9557448491528413,-9.5375874148044986,5.6065082827451933,-1.0524506858284244,0.7517232538573195,0.4831847082430074,0.3090909090909091,True,4
0.4729258790671898,0.8577677066747259,0.20143404452700367,-0.8767767333490819,0.48076622288292781,0.0112427217610237,-0.087199041085543785,-0.18192965761761981,0.97943755641332109,9.5179906879360008,-3.3706133873631736,-0.48087273445220741,,0.428769859030153,0.4705882352941176,False,1
0.78196074333475007,-0.60223894116777932,-0.16076583475501638,0.60672931963089571,0.79450994528825891,-0.025169019414323118,0.14288781817774263,-0.077860160410573129,0.98667161043441609,-2.4614625904320353,-16.735599812955474,-3.051311706113113,,0.08237013249737003,0.2173913043478261,False,1
-0.062692359080914459,0.9932078106783202,0.098019961846802103,-0.99015378344657923,-0.049580088663136165,-0.13090951048178801,-0.12516050990346561,-0.10526186211413137,0.98653676421356484,-10.394512817938633,18.742857737192853,0.58790495088688588,0.3228201117105817,0.271814684677645,0.4545454545454545,True,5
-0.94337993893472727,0.33025732224565219,-0.031054660175904789,-0.30964976187049037,-0.91033569194404051,-0.27460144381687568,-0.11895930307907068,-0.2494374251709143,0.96105653066562391,-14.945215615709996,-12.20254634664156,-3.5994552417114809,,0.6917619378999763,0.4653465346534654,False,5
-0.19774807417970983,0.9798803141861272,-0.027023490313272787,-0.96907164958065073,-0.19957011513578268,-0.14516165858699048,-0.14763413269719025,-0.0025177400949998874,0.98903883839188111,-13.021069862428226,-9.757374341074053,-3.1805573710554702,0.1975737015744483,0.1756958836444217,0.3728813559322034,True,5
0.67285001180710791,-0.72190926626359675,-0.16161643757344005,0.72468232595412074,0.68710759761692497,-0.052140921998205234,0.14868889689852405,-0.08203755591101361,0.98547524137303766,4.3269917942568128,-14.930049502774976,-2.2285855312788674,0.4340815676912257,0.2265062958286401,0.2941176470588235,True,5
-0.90942975394422776,0.41341293387234274,-0.045025201254470543,-0.40018043459295954,-0.89944911892883206,-0.17563286203652262,-0.11310677437684204,-0.14170754590074564,0.98342555845618351,-3.4303260655698615,1.6905990363432442,-1.148783920047447,0.1566819792816102,0.1220158185252022,0.4396135265700483,True,4
-0.45883677302629411,0.85782899749978614,0.23151290842483885,-0.8746749135362335,-0.39026529577825675,-0.28746616242871337,-0.15624535624842986,-0.33439857948206136,0.92938957315604731,-17.454107868955106,-21.756170716604764,-4.6570366912377645,,0.7742234776457022,0.4242424242424243,False,1
0.9819537712695352,-0.16183916848988661,-0.097851288351457136,0.16304151819343118,0.98660955106162029,0.0043654437540263102,0.095834515883991306,-0.020240486567535888,0.99519147316925438,-15.968853767148097,0.76228039939186232,-2.1027962131238107,,0.1690015382124873,0.3157894736842105,False,1
-0.21029796291554903,0.96983855799613183,0.12323935336390884,-0.96598433777444648,-0.18672849599394464,-0.17890424242679179,-0.1504959333936812,-0.15667048288629015,0.97611747951982797,9.4433824543191598,-15.113084088975144,-1.642458098775369,,0.4508742184059527,0.4375,False,1
0.46809184151780675,-0.8764546256839314,-0.11277108238245026,0.86959242504802592,0.47955934067387468,-0.11760889877697961,0.15715928926908401,-0.04301311299684784,0.98663611828614806,-5.3507292509472668,-6.5101432863233226,-2.2554037847127901,0.3373043932882915,0.2992453789223505,0.6825053995680346,True,2
-0.86649265714347867,-0.46470927986943067,-0.1823067752983128,0.499174617027349,-0.80376673246939534,-0.32370316879986094,0.0038957453758790145,-0.37148933360018177,0.92842904854881592,-7.3139109316174356,-11.897182137581753,-2.9855873358312848,0.6486856506957811,0.5082311440313019,0.6391752577319587,True,5
-0.96169637216087345,0.26868552207893559,-0.054297126975426602,-0.25294332133031261,-0.94616533046726004,-0.20196743206807288,-0.10563978401627944,-0.18049725107865516,0.97788597412277223,7.3657650923218858,7.2099033655225426,0.59715960355152409,,0.08565434742893654,0.2571428571428571,False,7
-0.99400913000023727,0.079249789299348575,-0.075268322501436641,-0.063598363457141219,-0.97945496344628102,-0.19137194869159244,-0.088888118675922001,-0.1854385220941242,0.97862733299341353,-15.667746132933857,-17.96514258689076,-4.2114982307895419,,0.08568231041558783,0.4705882352941176,False,4
0.94256012403898282,-0.31188448954017911,-0.11961804945692847,0.31386944542093625,0.94946322322251719,-0.0023577487277545439,0.11430828405138552,-0.035322130912095059,0.99281718521843554,13.049161475377524,0.87474970839198263,0.35436376608527254,,0.0805982411839993,0.3846153846153846,False,2
-0.96468028084357282,0.25643271340296958,-0.060284485967428053,-0.23855158676671742,-0.94748487860734631,-0.212991890130834,-0.11173672718783172,-0.19108811660387037,0.97519240947114594,-0.99429536370167504,-11.135136671576428,-2.4297784217326481,0.686534056542731,0.3279287399673134,0.1612903225806452,True,3
-0.18747836887007266,0.98224387642647004,-0.0069877341477152383,-0.97088970468132652,-0.18638153407790248,-0.15044967629933745,-0.14908065786554853,-0.021421740766563349,0.98859297310516336,2.4164680753299663,-9.7794662057465374,-1.9217508657854989,,0.09699108569085696,0.2962962962962963,False,5
0.92846578705467364,0.36773606352630572,-0.052167708892791542,-0.37102091393027786,0.92477177915868658,-0.084502295223382914,0.017168683563034644,0.097812801073556818,0.99505672815717283,0.1581730296084195,-1.4330696507339704,-1.2487943318503913,0.2567567274133286,0.2258916742405042,0.6341911764705882,True,5
-0.94656031385123163,0.3214117007140479,-0.02679721787725587,-0.30660245093075317,-0.92249830509074215,-0.23450333513185551,-0.1000925038407619,-0.21375545782227767,0.97174590039067077,-16.858012295947109,4.1708744800761259,-1.6958958846066259,0.6073486608461189,0.5263253892966281,0.7986577181208053,True,5
0.70987841249043926,0.70346575674855161,-0.034764472701895151,-0.7029491346849559,0.70454607382329848,-0.09735165076076828,-0.043990379922487152,0.093545491298953939,0.99464269339894706,3.62024006266802,-9.7855327504868761,-1.780376224228237,0.2560575762874512,0.2074432201658764,0.6266666666666667,True,5
-0.97536453203643614,0.2170344548195606,-0.039497785590072082,-0.19214154555785029,-0.9237761535142498,-0.33123895403327364,-0.10837737824834048,-0.31548956182351356,0.94271983126718129,-11.142934921320176,11.100918369993613,-0.47900090594574946,,0.6681026271548806,0.25,False,3
0.56218119133970335,0.82491403053403367,-0.058899493478013966,-0.8239166920827814,0.55249531910499505,-0.1261356685257449,-0.071509388273419211,0.11943937623398984,0.99026291599433147,3.9488605655054867,-5.764410190773682,-1.3384747974985511,0.4683991325920614,0.4217618313702992,0.8763250883392226,True,5
-0.85990154902894689,-0.47707090527905344,-0.18158380245452005,0.51035099490133384,-0.79613596600325964,-0.32512979814110454,0.010544571154698257,-0.37225109129763612,0.92807216155150474,-5.5367292836796418,7.7286691149363662,-0.47875733551561073,,0.5919520112533923,0.3235294117647059,False,2
0.95181459678830593,-0.28804125372267725,-0.1052673239641964,0.2859769354203554,0.95761400624285531,-0.034534149114909013,0.11075272343512298,0.002766080508051813,0.99384414424512557,14.409324930432616,-19.067900329013192,-1.5420473810597661,,0.1855498925627179,0.5454545454545454,False,1
-0.70721492444428025,-0.69936439086119717,-0.10361708082462752,0.70550994950619061,-0.68859949784743246,-0.16759010326399282,0.045855880659332146,-0.19162510367801569,0.98039637792545209,-17.050067878088583,1.2164074647302516,-2.0872161972031957,,0.07952164103553287,0.2857142857142857,False,1
0.84605436717918092,0.53296426904396399,0.011878371078148292,-0.53297369541037554,0.84612775008314711,-0.0026211714635547556,-0.011447610128118693,-0.0041132057651104142,0.99992601414339133,3.9848128806437697,5.4070215097123189,0.02898535501555595,,0.1837020279412088,0.3076923076923077,False,2
-0.16346837380204199,-0.97599863319216384,-0.14389148263029572,0.98040226673776965,-0.14445717742341518,-0.13395342200296317,0.10995219935026229,-0.16296868379504337,0.98048545219200078,-3.9654018204083621,-11.161799274189104,-2.6374245226496571,0.2543401650353155,0.2266065370902464,0.5639097744360902,True,5
0.876011725678985,0.48019651606049718,0.044886105158347164,-0.48228864685248879,0.87241146717857232,0.07934666377690805,-0.0010571613504304217,-0.091156666781377155,0.99583600281933315,14.754779777131972,0.25998036562617138,0.4313466384783029,,0.4861180674159282,0.4473684210526316,False,3
0.96085982100878309,-0.26514990602382593,-0.080274103585930151,0.25546752942284551,0.96013296373079504,-0.11349464026158593,0.10716690618635946,0.088545012807472623,0.99029037909361095,-19.241648338002996,-24.871155141467842,-5.0856993591945239,,0.09732011130705762,0.3636363636363636,False,1
0.86770538018789145,-0.48668437642387941,-0.10112215849104998,0.48089176222229718,0.87338764122317269,-0.077052846705096031,0.12581926013024824,0.01823035664832124,0.99188566270349665,-3.050413387558188,-21.825159170242621,-3.5271230932757218,,0.2707543270645492,0.5,False,3
-0.30344619465566691,-0.94234045747956419,-0.14112005224701141,0.94465195442464678,-0.27813396634957915,-0.17399477510645153,0.12471203610994641,-0.18610738555966905,0.97458244858475374,1.9476008332271828,-16.212628259940836,-2.5888814257654977,,0.3914991911760317,0.3461538461538461,False,3
-0.99491039361981348,0.072459468047158235,-0.070020955131953555,-0.056998296050569441,-0.97774243422837082,-0.20191811844535504,-0.083093338569345296,-0.19689935957108556,0.97689617630836134,4.8921951824195267,-10.091834379469141,-1.6384694694727937,,0.0952052471978761,0.5,True,6
0.14354825429586607,-0.9812676568383899,-0.12848223352473731,0.97855944654208327,0.16011534553093806,-0.12955495246712934,0.14770006185462903,-0.10713011606641733,0.98321301352236723,-0.050437409518817769,-9.6290387780023732,-2.1515947294278521,,0.06793310434523145,0.1836734693877551,False,5
0.5293554732428184,0.83668187431924812,0.14052125865327586,-0.84474015027502691,0.53516015477090195,-0.0042056222973971547,-0.078720146475954128,-0.11647767997008493,0.99006872923428402,-19.892814307060071,-5.6332522048319653,-3.1421120348756109,,0.5988628729326211,0.4444444444444444,False,2
0.70952173319925227,-0.67657545760718107,-0.19703948914256478,0.6883469317181522,0.72528655498893824,-0.011743710933252771,0.15085559887566308,-0.12729910964304403,0.98032521388157379,-17.872771388103548,-13.424248255908163,-3.888821959268721,,0.1639030196859073,0.3793103448275862,False,4
0.99320744775540781,-0.065663227018664921,-0.096058869141185332,0.079456239649264251,0.98584320600873931,0.14764782134257379,0.085003951108091391,-0.15427739232922358,0.98436416762908796,0.5603636352649356,7.8955197710493099,0.044830283486736199,,0.6780839468454574,0.25,False,1
-0.86358259739015131,0.50274294143666887,-0.03840094166143674,-0.4874440698210471,-0.85192156103392391,-0.19138425390249758,-0.12893167291698782,-0.14655779979628381,0.9807636998980428,7.7421764121209007,4.0503286443532298,0.22047669010076612,0.2240398876614749,0.2040355883509929,0.5192307692307693,True,5
0.83365544074585163,-0.544981705098047,-0.089518418346528017,0.53557788898747694,0.83731236591262448,-0.10983772902568878,0.1348144315070047,0.043622734877902809,0.98991016060004866,-10.997503627094696,3.5604081429492438,-1.4524557625124173,,0.1051637490804828,0.32,False,5
0.90909485696205283,-0.39785292444401765,-0.12352971932489125,0.39831100645852158,0.91698553707810027,-0.022042389244066235,0.1220445950427276,-0.029164624134899737,0.99209603442404992,3.5726105802757679,-8.2146084078580675,-1.6027633701213853,,0.2281093672549508,0.25,False,3
0.76163464361723821,0.64531972468163423,0.05895017030391865,-0.64667947706346485,0.76274245350124281,0.0054409164510361152,-0.041452666825728651,-0.042265855767076317,0.99824609884001581,9.0510908311724965,-4.0031296724091803,-0.61951108532099974,,0.431006916976451,0.2727272727272727,False,2
-0.89826534922475565,-0.43053907705430594,-0.088065120855833276,0.43937926806962291,-0.88357798424457756,-0.16197470342275627,-0.0080759626502738407,-0.18419025187971749,0.98285743113625368,7.6359370701148395,-8.5776090585368365,-1.1806307139787329,,0.1108664022182339,0.3333333333333333,False,5
-0.91861082313322795,-0.38481903437658327,-0.089824642520677289,0.39513428209048146,-0.89725977199641183,-0.19696141925206401,-0.0048015351017414443,-0.2164236871010693,0.97628773060109952,-15.314633170054305,-18.990201745955201,-4.2430591344077921,,0.2923566207190469,0.2941176470588235,False,3
-0.87761914235486949,-0.46876098282799539,-0.10023862504261374,0.4792719942077841,-0.85408771256198901,-0.2020706183954552,0.0091102437067095005,-0.22538260853215752,0.97422773684125985,6.1572285679335019,-11.688201323531734,-1.6518237488755745,0.220925208385453,0.1398469184637922,0.3448275862068966,True,6
-0.78494325194883263,0.61699926804932725,-0.056355961943565971,-0.60293852492534517,-0.78164140886305611,-0.15969296512816297,-0.14258059608810511,-0.091370734796049291,0.98555677788851392,-19.468242187237962,-7.4012060966266295,-3.3451445770520678,,0.06571037291249233,0.375,False,1
-0.12025285119231484,-0.95670112941566932,-0.26507018081048278,0.98072695037058544,-0.073066343515534857,-0.18120694871356804,0.15399318360541414,-0.28175212229911051,0.94704901720186396,-2.1599054155533017,-15.469063413793378,-2.9447462126788975,,0.2510346506328323,0.2,False,3
-0.11922052586098479,0.97993778774423235,0.15971348836078289,-0.98198563165312891,-0.092627141166670757,-0.16469496636538336,-0.14659701716008891,-0.17647137124822632,0.97332788395768011,-8.4454518989429062,4.5291000441940605,-1.1381474002732341,,0.09254448167512179,0.3181818181818182,False,5
-0.94752736217050559,-0.3097176098604395,-0.079163754841083636,0.31854163227860927,-0.93559181542256487,-0.1523127815371651,-0.026891010458550246,-0.1695374797991451,0.98515679792603139,-9.9495060090114791,0.76945677926999378,-1.7238660076797268,0.5424750475286382,0.4956823985001662,0.9868305531167691,True,5
-0.76391589166204421,-0.61583170956125133,-0.19283105549949731,0.64359116317775278,-0.70523259990276588,-0.2973842543139979,0.047147907118882205,-0.35128092110624515,0.93508223666213297,-9.2405850777738632,8.1404662849005032,-0.73196227424397564,,0.1501148757276137,0.15,False,5
0.97680307941532496,0.20821411630099929,-0.050026251286022824,-0.20966381237660769,0.97743651065977766,-0.025670087825036075,0.043552609846540427,0.035563315399894907,0.99841795895973473,3.3719908967998045,-4.3618527797721285,-1.2589878368715226,0.4764063577498455,0.3874438732532684,0.4513888888888889,True,4
0.92666941589381857,0.37300812389337973,-0.046354429740318157,-0.37551322796627223,0.92413191362154579,-0.07049838188590174,0.016541138695976454,0.082735395905990577,0.99643426526536072,-7.5959400694731469,-20.707108251151041,-3.8452301256293362,,0.2996358285785142,0.5333333333333333,False,1
-0.22143991586246167,-0.96134396099814934,-0.163652535315571,0.96813707457625808,-0.19659981475321178,-0.15511001795476687,0.11694002092419495,-0.19278563611273314,0.97424777649982719,-12.895805582771127,-6.0566570346387048,-2.7541154254269826,,0.1273425339924108,0.3157894736842105,False,2
0.9724765238513069,0.23146655424001245,-0.026695408338005988,-0.22948311266627422,0.97132094607045028,0.062234401465765921,0.040334991745079408,-0.054395349002091864,0.99770448252368993,-7.6804100336286263,-16.816948669638187,-3.5131187186837085,,0.2274990984321828,0.2,False,1
0.019345006428224117,-0.92361588904166125,-0.38283085068483469,0.99001336052230682,0.071174038208703036,-0.12168731352279742,0.13963995385856262,-0.37665361513577467,0.91576893236860279,-9.2584200905435399,-19.113582131634928,-3.809618719303332,,0.4179409585464031,0.2,False,1
-0.67270054752493513,0.73959054204440822,-0.021904416863045742,-0.72476137899057402,-0.66459550058302308,-0.18175193019190092,-0.14897958545832066,-0.10638914758216023,0.98310041826529959,-10.258830236751008,-2.5413774767106054,-2.1524976790939467,,0.2906599017091947,0.4509345794392524,False,4
-0.98944534451960531,-0.11328936216020583,-0.090351705184855038,0.14135562922777328,-0.89178910947607948,-0.42980317623940323,-0.031882539015854659,-0.43803847392802481,0.89839067173736109,-3.6953566583460593,19.110737844281019,1.1806222268013349,,0.3624038799433107,0.1818181818181818,False,3
-0.20020491323428222,-0.96276312295958133,-0.18167322803860347,0.97180464795187016,-0.1715637329460275,-0.1617455154146947,0.12455408036670096,-0.20893313429596816,0.96996558003738842,11.919406353565414,0.22290261095247066,0.18922211484266602,,0.07486703423636937,0.3333333333333333,False,4
-0.90317176945320843,0.42464042638366589,0.062938566423610662,-0.41081116345527341,-0.81243462582417447,-0.41374408363438708,-0.12455899342594921,-0.39953784181555607,0.9082150461834918,8.2630242237583467,6.1450051864270314,0.54629637118019037,,0.4589920832442195,0.2142857142857143,False,1
0.19691256586558128,-0.94227925739519203,-0.27080480514015376,0.96699778298205263,0.23221103442409435,-0.10484904958789625,0.16168094851288514,-0.2412215508084955,0.95690722346187562,0.49339575642869599,-13.547215817338984,-2.4878974320438729,,0.5443462943460003,0.5402298850574713,False,4
-0.75902545709060287,0.64083433079912866,0.11494222878313085,-0.63366986426160765,-0.68661371402189419,-0.35640442034819891,-0.14947527760494975,-0.34335545457483635,0.92723469154180693,-15.703772399602418,-13.686057002483423,-3.7772427527730654,,0.2558109621956431,0.5,False,3
-0.82819978307184428,0.55878474252506949,-0.04295032992819537,-0.54299013449294242,-0.81903445400503372,-0.18532208987600818,-0.13873295629764867,-0.13016210920950383,0.98173875963162749,-18.81838153178321,16.676834117858867,-0.34435370835165452,0.473047341419272,0.4332092489332779,0.7702702702702703,True,4
0.14661597646448765,0.98853409594738895,0.036112277619156405,-0.98112960852720765,0.14997575948206743,-0.12203263022251562,-0.1260493820556568,-0.017538891562904863,0.99186891299512536,-14.008809129423343,-18.899813041716548,-4.1217925270371314,,0.8307828819874319,0.6842105263157895,False,1
-0.93743374207309282,-0.32290217680167987,-0.13020047403744334,0.34799898301292809,-0.88050820536627428,-0.32187265821226702,-0.010709203742863285,-0.34704392301177028,0.93778773102221502,-3.8211044151618836,7.2683172949526043,-0.41733040690824053,,0.3117369297113449,0.125,False,2
-0.4821999125370991,0.87266006291501252,0.077121066787095446,-0.86970006858149151,-0.46625094235053266,-0.16196249401200485,-0.10538043014982701,-0.14517049752069383,0.98377868018728198,-10.843706892626209,-1.2839515147345402,-2.0333412568640488,,0.2805655083795345,0.3291139240506329,False,2
0.35011640287448559,-0.89013196627247582,-0.29169091013970022,0.92379115633134823,0.37965306546487521,-0.049733784966701194,0.15501098000535893,-0.25204886927542242,0.95521880403118076,10.623438239249523,-2.2702305639278308,-0.24827389639335118,,0.3911906866954061,0.2692307692307692,False,1
-0.86837276881092285,0.49445682917895478,-0.037962856398656847,-0.47667196355310515,-0.85334918490509992,-0.21113741445851897,-0.1367939090386654,-0.16525015189129125,0.97671890211556045,-8.3712067254661644,-1.2919884482748796,-1.8746206348076238,0.6975068723590291,0.4723834703026402,0.8681318681318682,True,4
0.10694529764043406,0.99419756286479988,0.011571918868213502,-0.98589916204987493,0.10754489843175394,-0.12820661874747147,-0.12870720874121516,0.0023023498859411767,0.99167996531292746,3.1874864222618022,-16.936348715290571,-2.5382490602543992,,0.1420665586822495,0.3636363636363636,False,4
0.99517709327143167,-0.047606474990552136,-0.085768155901811624,0.054369677353273846,0.99544411394518628,0.078325948423135172,0.081648583651674267,-0.082611376643030462,0.9932315285152894,21.629238146584353,3.4264876755898555,1.4622642955564054,,0.1470836249407458,0.1666666666666667,False,1
0.33302141446710581,0.93088661419534835,0.150156082188666,-0.93780240667598203,0.34355512342269945,-0.049965219930973026,-0.098098845758065559,-0.12417724703799479,0.98739892028450205,4.9041467652746782,-8.1852137196096937,-1.4487236096364262,,0.3727535055202659,0.425,False,2
0.29043345052863173,-0.90441510115458423,-0.31254077432804994,0.94453362304632082,0.32328919904506592,-0.057795576956993389,0.15331224918128672,-0.27841950108486269,0.94814446982863965,-16.392670465394303,-14.595339976071921,-3.9325506224054729,,0.523429768874015,0.5882352941176471,False,2
-0.75860936159087966,0.65001155762571028,0.044685696365548686,-0.6351784137475246,-0.72253511263038328,-0.27293111534849962,-0.14512139475575203,-0.23543148890748503,0.96099521060978643,-2.4790067541757597,7.8502341313292581,-0.2502880180314121,,0.3057316183683079,0.2105263157894737,False,1
-0.64572251710857476,-0.75153739876511449,-0.13503321501146021,0.76134884886585663,-0.62020929374165978,-0.18891363711258741,0.058226808512927351,-0.22479317208010677,0.97266523971845631,-12.142845194926389,8.5513549561665823,-0.84756406937010342,,0.8616407048010566,0.5050505050505051,False,1
0.8997050045034658,-0.42270071778613616,-0.10888070561171082,0.41995290139071784,0.90626621057544954,-0.048177963663203635,0.11903976430141683,-0.0023788132125360587,0.99288663792135035,3.3616456078680521,-18.978683104237156,-2.7056445733938421,,0.08980160565387445,0.25,False,2
-0.26850445203144913,0.95437809729572565,0.13064381593279528,-0.95109056974610551,-0.24115159095676195,-0.19306122945597237,-0.15274844476890848,-0.17609190095292121,0.9724502840965531,-4.9944284900636031,-19.143555428404071,-3.46263776819552,,0.1440959472968028,0.2857142857142857,False,1
-0.11803101900709133,0.99300469610330278,-0.0032174631210563631,-0.9817913455032069,-0.11718261191706675,-0.14951250569533431,-0.148843651013911,-0.01448823595479494,0.98875459977274827,5.6426165879192682,15.610679911700867,1.5755063509840643,,0.1875822291814875,0.7291666666666666,False,3
-0.83531535200115115,-0.51589928953425257,-0.1899899622854993,0.5492896548992009,-0.76870508033965046,-0.32767876721070538,0.023002993977060765,-0.37807462559402799,0.92548929748000097,1.381141631133495,10.66230468653136,0.45706264063331642,,0.1209343669268327,0.2307692307692308,False,4
0.55496210963631987,0.8064889331796764,0.20394278003084981,-0.82779259381678294,0.55964550344419428,0.039450375115780062,-0.082319368863510059,-0.19071578627214028,0.97818761512120544,16.695805419930167,0.42327320539077273,0.63091189410013326,,0.3574295414902491,0.1052631578947368,False,2
0.076956988093161358,-0.96710477305250042,-0.24245820242404631,0.98665956509592712,0.10886015835384051,-0.12104696827220426,0.1434591390896526,-0.22990829446161254,0.96258072469243172,-8.4841313153388089,11.650768170845456,-0.2297310058951077,,0.4821216839346545,0.1428571428571428,False,1
-0.14541221911878408,0.9753878275642065,0.16575244303035025,-0.98462981588664378,-0.12628806592885167,-0.12064596997407183,-0.096744055104101306,-0.18074819568540307,0.97875976498755135,-15.707996528059651,4.9411334427415339,-1.5540368492474224,,0.3936021148670833,0.1666666666666667,False,2
0.72506990510237079,-0.68058751599347977,-0.10523433749810798,0.67421869623180575,0.73265819403993393,-0.092957626678117591,0.14036659989586189,-0.0035501802727478451,0.99009323492977552,-0.82260619499588783,-2.5889213747818585,-1.4571402238281412,0.243979646109913,0.2185971076282797,0.6071964017991005,True,3
-0.9644113166364483,0.25757815088387515,-0.059701830213125529,-0.2378223312729133,-0.94371926516395799,-0.22985753697957625,-0.11554804667959537,-0.20747878143473902,0.97139137538012277,15.561673414984538,-1.9771033659075457,0.33460713738914594,,0.2490601824414564,0.25,False,3
0.74275555568800911,-0.65522306572297517,-0.13782930979723565,0.64510680115779351,0.75542648738356966,-0.11475206864924259,0.17930811357703763,-0.0036818886331644596,0.98378607639137527,11.048868387051922,11.349968518667852,1.507966664362874,0.2407111058388324,0.2787128567387038,0.3571428571428572,True,2
0.66174549147764883,-0.69221528554726974,-0.28797726119212308,0.73421290272971196,0.67607712240841766,0.062057537988258554,0.15173766168692499,-0.25250291683595411,0.95562438176049014,-10.84173892382338,-17.302423443646287,-3.7860865938130353,,0.2069062660625935,0.4666666666666667,False,1
-0.59287728257247585,0.8051063055519333,-0.017331029109462839,-0.79034315864254956,-0.58586380435248264,-0.17922414551771038,-0.15444811231087949,-0.092560464077015292,0.98365560085502135,-9.5436734107631249,-6.1235751233744402,-2.5163440457223625,,0.1059121243782291,0.2916666666666667,False,1
-0.75454501667344154,-0.61958799927164654,-0.21626957477147482,0.65529689263043234,-0.693621637661054,-0.29912373071573284,0.035324217219581622,-0.36742310069857692,0.92938284078783584,24.080230131789847,5.2291950415491169,1.9396613162195986,,0.1932920184859936,0.1538461538461539,False,1
-0.783139134979144,-0.61567404447060503,-0.087398891465099507,0.62115568205969995,-0.76788113361424126,-0.15660199003927011,0.029303820724774166,-0.17692946505463189,0.98378719776505263,-0.48631515075848414,3.7520634278149663,-0.60474409883313529,0.4175926634919049,0.2811323103266736,0.705078125,True,3
0.99707339230759395,0.0073183817124721738,-0.076099222343838729,0.0073261765143222508,0.98167989111874598,0.19039673975876822,0.076098472323085725,-0.1903970395310747,0.97875328344169255,13.631147745576346,-0.027134485389747831,0.29900538751087608,,0.417633511850292,0.1320754716981132,False,2
0.98336874396271878,-0.13710092387348963,-0.11911863863484976,0.15491259914327049,0.97552202203721972,0.15607328774358023,0.094805063281771712,-0.171930570851869,0.98053652598089847,-8.2671155046793388,23.770690122178966,1.5137556140079071,,0.3907092561066654,0.32,False,1
0.72649353644689973,-0.62682577014206242,-0.28159651167350719,0.67110223545244296,0.73530148202137924,0.09462304216150208,0.1477461710895121,-0.25772307700897434,0.95485594960989528,-10.139805980853318,-18.12401881240022,-3.7895864885146739,,0.4084865783050352,0.5625,False,1
-0.94003242761527694,-0.3074186262338171,-0.14775934243303032,0.34034580615017129,-0.87391766334158183,-0.34703407604380887,-0.022444760362252666,-0.37651255748527523,0.92613958277798392,-12.051461224153627,-1.5947764317306945,-2.143865485105251,,0.3488262411199605,0.3265306122448979,False,1
-0.31492853004476618,0.94698613614587779,0.063539585388499395,-0.93656233133541145,-0.29921397147269496,-0.18254314229550028,-0.15385389331252183,-0.11699682569641306,0.98114255961584951,15.468701222670292,1.3371011135272599,0.61653054167513999,,0.4735498581985484,0.4523809523809524,False,2
-0.98961985081909964,-0.093259253733761996,-0.10934012281776898,0.13271967950987879,-0.88490336691686577,-0.44646558421673405,-0.055118395618686686,-0.45634279090637175,0.88809527622446283,13.474772281466054,-3.8695838331143735,-0.056240375439464363,,0.4692030737242536,0.2608695652173913,False,1
0.56387915813005396,-0.81114538747733267,-0.15518845124811559,0.81114435142670205,0.5792795141156325,-0.080498979338322035,0.155193866422279,-0.080488538936945436,0.98459964397957156,-4.7234653734446104,-14.484717202995633,-3.0479179480772367,,0.08769996764853694,0.2222222222222222,False,1
0.97123967316781246,0.22822232281901761,-0.067882756514246773,-0.22993848850725754,0.97302855035145686,-0.018540002803138111,0.061820617660115179,0.033615644691642341,0.99752102717891955,-4.9008020212770251,-8.0702091223458705,-2.3616469530411996,0.6862098654997926,0.5413510158666929,0.2439024390243902,True,3
0.97358209303030652,-0.20440709342669991,-0.10176270577954874,0.2023363388462491,0.97884469414312858,-0.030382079095080186,0.10582019709404511,0.0089891548374786655,0.9943446489936395,12.065148035823853,24.024850363955945,3.2743433301468765,,0.2711736777251059,0.375,False,3
-0.25726286115541119,-0.92811158093052393,-0.26911840073242027,0.96217046242428417,-0.22017148533437889,-0.16047591184938939,0.089687354227734675,-0.30022226830849397,0.94964349526721425,13.272501522198198,7.1499345224441591,1.1045751404112154,,0.3678404090294173,0.1111111111111111,False,3
