axis_00,axis_01,axis_02,axis_10,axis_11,axis_12,axis_20,axis_21,axis_22,location_x,location_y,location_z,dbh,dbh_approximation,score,reconstructed,number_clusters
-0.53841522459931623,-0.72736033248095666,-0.42550674806971078,0.8224106706238582,-0.56363777726987663,-0.077156625627933462,-0.18371100882550273,-0.39148359195177707,0.90166005926227588,5.5139123070770477,11.61030351909708,-6.3096984140037629,,0.3715391604450445,0.2168674698795181,False,1
0.35706358762056345,0.92839451048205068,-0.10290397126605581,-0.9121424797348775,0.37029095088454328,0.17572907658133471,0.20125031940009463,0.031116628991806727,0.97904548634961042,-11.107485629584835,9.0208943127446979,-9.1154239237992911,,0.2313269198135516,0.25,False,3
-0.72557815452321561,-0.61594967406979029,-0.30682623859768521,0.65650932853867383,-0.75323563365171498,-0.040392842670444337,-0.20623249797348725,-0.23074245212058089,0.9509080279233092,14.443090112650376,5.752307911768507,-3.6057722847409681,,0.1108600660280291,0.1,False,4
0.96204315730761536,0.25960791003971001,-0.084123103380755446,-0.21679773846553249,0.91428032088844202,0.34218450495654928,0.16574590213283125,-0.31095856296449192,0.93585953435610858,-9.068184592699259,-11.956277470591598,-5.7882163511302425,,0.4740542561190437,0.25,False,3
0.12945072970502583,-0.89029886144417747,-0.43658956227793355,0.98961682909197279,0.088263610135953158,0.11343750131115107,-0.062458307348064221,-0.44674094555678445,0.89248052494507957,19.584232049582095,4.3227850092168305,-2.4107136875469486,,0.2751138707309037,0.2,False,5
-0.87504656551601379,-0.44120037821420849,-0.19908725333950716,0.43840106820513525,-0.89674788831657304,0.060396425360815881,-0.20517799973492776,-0.03443037994864015,0.97811887690677324,14.820746533740232,10.220587099300785,-4.1306369738836057,,0.1135840534767847,0.4761904761904762,True,5
-0.1113561564198986,0.99239112659839157,-0.052532449744528198,-0.9903375598026567,-0.10641878700615223,0.08891883611618967,0.082651824368888904,0.061926517913681561,0.99465259377713378,-17.257759117994652,6.8710792513743186,-9.9464630523047042,,0.1452006044656135,0.2765957446808511,True,3
-0.8105016569912894,0.58543811064604045,-0.018689104247340382,-0.57891130288209391,-0.80550638893390836,-0.12657472410402831,-0.089155860209690713,-0.091769689930003215,0.99178100233893385,-5.3714487507777484,2.946309857993878,-7.129198023602382,,0.6078166392707941,0.2541715172681412,False,2
-0.29902577556511639,0.95168131665041777,-0.069901767404041165,-0.95322024175662534,-0.29450810746895856,0.068089245409928764,0.044212625494554868,0.086992219040443033,0.99522740997889458,-20.106553011547192,19.389508881956878,-12.438218406761548,,0.4029366706507386,0.44,False,1
0.13210765463992924,0.98045809714912668,-0.14577203888348933,-0.98346954229238459,0.14801995446085894,0.10429646429583264,0.12383548348007464,0.12958399907441348,0.9838052450638477,-19.845099313424427,9.4457450790900754,-10.823261245711109,,0.10448909700453,0.3103448275862069,False,2
-0.0099627768184742133,-0.91773354769191318,-0.39707162895235981,0.99658955865283805,-0.04164207213408249,0.071240363646751736,-0.081914557083627243,-0.39500768760771632,0.91501854192611765,4.3202168281883528,1.7127510194313422,-4.9999615030051059,,0.4625826952692312,0.375,False,4
-0.74374237262950915,0.662343994026104,-0.090264703694055509,-0.66790088791163271,-0.74186019257677671,0.059597471396019369,-0.027489763227061786,0.10461304052313497,0.99413300149940897,26.319061982211505,-11.298431837273869,0.99657158519025235,,0.2002108755743869,0.6153846153846154,False,5
-0.97719191060650068,-0.090426771793833766,-0.19214309456278861,0.093125907489815085,-0.99564156210750376,-0.0050443194120020352,-0.19084950929834016,-0.022822768172984793,0.98135395553974669,18.609984094187372,-0.17584811064780725,-1.9353476089089803,,0.1007946737951855,0.2142857142857143,False,5
0.77610149623649183,-0.59431574260870146,-0.21084417380365778,0.6265887119879473,0.76446337778074225,0.1515992415592638,0.07108483346512437,-0.24976897749625873,0.9656927069889828,-0.47318059563380754,8.8504771168415495,-7.0511439391358017,,0.1108462394154047,0.125,False,4
-0.80330109152286755,0.59485224207794174,-0.029294478200084434,-0.59398027369031781,-0.80377791523081576,-0.033593116169506068,-0.043529195087253975,-0.009585044707717566,0.99900617420164461,2.9983669169594416,15.143969224194874,-7.3713994997326617,,0.5389797573166076,0.2361111111111111,False,3
-0.25499420817330604,-0.84762235555184084,-0.46531096716799691,0.95637537169191489,-0.2920344474858208,0.0078759064749436281,-0.14256262560439659,-0.44300363864239234,0.88511223804124439,2.9369796984724905,11.135273407401183,-6.7628265449101352,,0.464350560923946,0.175,False,2
-0.68343390383743652,-0.64429600353558369,-0.34322115161160449,0.70270388915652138,-0.70801462308095331,-0.070160798654478093,-0.19780127211375598,-0.28913310659903702,0.93663050527866598,10.343561150949965,25.476810591026972,-7.5532312208429939,,0.3284742291576562,0.1818181818181818,False,1
0.44273609826435739,-0.86787621813092874,-0.2253344565227639,0.89659996257395758,0.42579622418133922,0.12168024730946227,-0.0096568320908252125,-0.25590710321456678,0.96665314364476052,-5.5354256749015391,10.159365056916316,-8.2665903431394554,,0.1031412892109905,0.148936170212766,False,3
0.49650756704078913,0.85566436056049167,-0.14600937619838139,-0.84940712104357563,0.51358923446199012,0.12138221025014473,0.17885127506310872,0.063754217988702691,0.98180834234434389,19.67189251500125,-3.9967512811089332,-1.2014603944481452,,0.5905686864889217,0.7222222222222222,False,1
-0.9705526145777692,-0.0062482949759341058,-0.24080818330395501,0.038467834463778591,-0.99085507683197604,-0.12933074819225038,-0.23779791430524538,-0.13478566513614748,0.96191734386374517,-12.856684162282361,-6.9957730662297575,-7.1526311039088943,,0.4137679096808444,0.25,False,2
0.74950130211922539,-0.58257837994965223,-0.31440456316158216,0.65627029172651707,0.71623334472602218,0.2373164556025722,0.086931595630003827,-0.38420336687464673,0.91914670785648123,18.413209029547438,10.536881067798536,-3.4484171040738421,,0.3940184916662755,0.3902439024390244,False,3
0.74455165502584542,0.65748426524336367,-0.11557367328102557,-0.63310735066067447,0.75036077081688957,0.19008891645360548,0.21170242213469562,-0.068360475250529101,0.97494047504748993,23.511832855782774,-11.047175836909656,0.40929571427248801,,0.3846251103474814,0.2,False,3
-0.91966494915858199,0.36346681972235201,-0.14868844020320529,-0.36952568807950043,-0.92910909991086776,0.014389103939753151,-0.13291782099671451,0.068177352718747752,0.98877939978427387,14.614031866382634,18.856831462376721,-5.450985563512738,,0.2648689661933772,0.5581395348837209,False,2
0.93983617684661669,0.32133734357778088,-0.11597530906495164,-0.27662012959713722,0.91502228695015109,0.29362479167498606,0.20047260309578191,-0.24387809661158802,0.9488594255215631,12.074630967653503,9.5899902443817933,-4.6667054164436443,,0.5903362460417867,0.108695652173913,False,1
0.77106459722302045,-0.53922984449549882,-0.33865994997144522,0.63214114342648953,0.71215570884129797,0.30533886282653111,0.076530789207690311,-0.4495168752895814,0.8899874252668627,-10.218217793337956,-6.6676834017818747,-6.7258906592058887,0.3713194851613885,0.3688255151176308,0.375,True,2
-0.48660812139694226,0.87131765355069279,-0.063388349098648961,-0.87361904506893495,-0.48519881110834745,0.037038868663702165,0.0015166685134438557,0.073400683307170214,0.99730137842412492,23.409535485191007,-0.82575496481803967,-0.93892021840811057,,0.2370284569760334,0.4583333333333333,False,4
-0.11303132883322811,-0.9288710820011683,-0.35273563999711588,0.98595830943412233,-0.14877748632273549,0.075838457403199014,-0.12292327184062114,-0.33921051367177368,0.93264467867164147,3.2968709274857844,32.577426809785827,-10.5381995991631,,0.6339231084546743,0.4444444444444444,False,1
-0.90061472259823561,0.42704304265543835,-0.080792085991687232,-0.42061539024261008,-0.90321241272933561,-0.085381678261257601,-0.10943406658970294,-0.042913601704326357,0.99306727257442262,4.1643309160133803,6.08107084135656,-5.6985282764404666,,0.2929278850653738,0.1904761904761905,False,4
-0.77497050815221225,-0.57245287591819605,-0.26780294312663633,0.59582180875789492,-0.80308130530646749,-0.0075358659575887194,-0.21075360899109713,-0.16540290783491968,0.96344423521913325,23.195718566589246,-3.3284903519264275,-0.60220922114032915,,0.3897176544922263,0.6857142857142857,False,3
-0.57809638613097059,0.79746145736101959,-0.17279986216994303,-0.81569667918298372,-0.57026199338634942,0.09716062200747945,-0.021059342633730452,0.19712047819206094,0.9801530600702979,18.98450678235314,-3.5880530946713765,-1.4086783770203866,,0.9039720159859308,0.4516129032258064,True,1
0.93728532973615208,0.31399870296843962,-0.15133084680768449,-0.27633824058520379,0.93400254394182913,0.22644298333237411,0.21244619895791803,-0.17042318634601775,0.9621967314972566,-11.842472569083272,-14.442298913800251,-5.9485729109007401,,0.319841631609862,0.3611111111111111,False,2
0.97050854454926083,-0.13548129414850377,-0.19939404176835604,0.18192837563276482,0.95430283564391538,0.23708261012061738,0.1581620406307972,-0.26636613301586898,0.95080694785307152,-11.0545525861387,-11.668024277930233,-6.1963992317155903,,0.1700890033053782,0.4242424242424243,False,4
0.79550514671791561,-0.54776476810667396,-0.25908554642501619,0.60021512162916091,0.77099014602185656,0.21287555638186295,0.083146673493285417,-0.32485066347206054,0.94210332614250059,10.045441951026669,6.1181166326827618,-4.5215513752491683,,0.6283661187225174,0.391304347826087,False,1
-0.87852239628760331,-0.4252225575836413,-0.21767906592760264,0.43085544421462174,-0.90211855777260996,0.023360092313319272,-0.20630556321075741,-0.073265846369864301,0.97574081104768762,21.421797824551319,7.4367940616212858,-2.4281211056633811,,0.4746626909752915,0.1111111111111111,True,4
0.38618075826075804,-0.81415659857452349,-0.43360518325627617,0.92208284224186909,0.3279611008140535,0.20543794293165757,-0.025053023615977693,-0.47915608036463153,0.87737209703597285,13.308140609517981,10.792527470080874,-4.5850734196842362,,0.5376991282826299,0.4210526315789473,False,1
0.35391731236465357,-0.82779004064128847,-0.43532308073851778,0.93425481605003535,0.29114896506241589,0.20591313418623547,-0.043708977291796972,-0.47957890774947343,0.87640949136001889,20.971215976921133,3.3618076947003823,-1.9855608719331399,,0.258391655292096,0.8333333333333334,False,2
0.67594551498306055,0.73608778225399052,-0.035671243189542345,-0.70919502774184995,0.66288340740056706,0.24005832795229343,0.20034987746570293,-0.13696848181029153,0.97010286134515755,21.607556878558125,-5.4414941010520064,-0.66846947913027677,,0.3433651874105419,0.4,False,3
0.92697631506894518,-0.267953061269259,-0.26251870077698058,0.34458303292538056,0.88482094172206904,0.31361510567894857,0.14824791641418561,-0.38117326512559163,0.91254013458715832,-12.232883906367171,-12.47724469589488,-6.2855304408879817,,0.5346359374501924,0.4029850746268657,False,2
0.53743736380870721,-0.79018448161650234,-0.29456674115522063,0.84323487523701757,0.50800504009225378,0.1757436326723654,0.01077149786978833,-0.34284014387659911,0.93933200231883629,23.048423863916629,11.855120608708249,-2.6879706776029884,,0.2264440610103198,0.4444444444444444,False,1
0.026482776594848413,0.99705508776232077,-0.071970928235622622,-0.99456906357571251,0.03352899437518387,0.098530118818145898,0.10065306911344736,0.068970707575453316,0.99252808583665952,15.006022269763012,7.7565243003478788,-3.8014216997265833,,0.2892195416270002,0.125,True,2
-0.59584229558341484,-0.74772939184720966,-0.29304046710597476,0.78034047126726069,-0.62529245236003295,0.0088373029802488873,-0.18984390350041558,-0.22340569730733695,0.9560591962396191,14.183192946154824,-9.2245767714963502,-1.6792758270391077,,0.1572805716467886,0.1666666666666667,False,1
0.55996463613869008,0.82848754822745596,-0.0069273881169407414,-0.80411518117380587,0.54546792663251042,0.23635464120902538,0.19959554524057183,-0.12677982271358754,0.97164216400526282,-11.4116165338674,-7.6968102874056123,-6.8046372657695953,,0.5732553757046103,0.4375,False,2
-0.58874331088145604,-0.7254548321296308,-0.35650610153559803,0.78588447899271607,-0.61691301976978463,-0.042472481877943849,-0.18912138845378668,-0.30517800146520108,0.93332710656608364,13.060864743138859,7.3269659109734393,-4.1307879945030708,,0.4313662440265194,0.1612903225806452,False,1
-0.97805102832031032,0.17889341369755135,-0.10683319960208719,-0.17834747181282487,-0.98385744507387518,-0.014720973835974691,-0.10774212407204675,0.0046555674565556954,0.99416797393202117,15.937216178964185,4.3145538226058378,-3.1200745172307198,,0.1778212852563665,0.2777777777777778,False,3
-0.9420888529630892,-0.21696241516256115,-0.25572622769187864,0.25278361504117253,-0.96050246865476197,-0.11634196007814041,-0.22038384035451969,-0.17424786401828798,0.95972321259603655,28.208126309251572,-12.399242273792218,1.5131209091440401,,0.4757836152772391,0.4347826086956522,False,2
-0.6369419163813308,0.76259476098480106,-0.11293460795970509,-0.77004486265664873,-0.63630720780605377,0.046303852865250586,-0.036550029447060137,0.11645757945534549,0.99252291033246243,-11.973068998579254,-9.4513241940014616,-6.6556018093859013,,0.1812730231351592,0.1153846153846154,False,1
0.47368070250417033,0.88023294548877695,0.02857540465694422,-0.86291506102096049,0.45738545701055328,0.21488634479286828,0.17608006570406537,-0.12644566181328479,0.97622093046105751,-1.2285381461005014,-4.2642240403843088,-5.2890990880203974,,0.6540910543373313,0.1592091571279917,False,1
-0.85244885772673051,-0.41451867876018372,-0.31859882284670127,0.48065959004437836,-0.86110979381867836,-0.16569937081329886,-0.20566308239147418,-0.29438781895395161,0.93329443831664016,10.223583346093822,17.709722316110362,-6.1286149741815334,,0.7662191257197762,0.6382978723404256,False,1
0.98281696823899711,0.084832019625369889,-0.16393393604677389,-0.037797472607752958,0.96180624372389067,0.27110901976549417,0.18067140893338121,-0.26025425641096017,0.94848593242810197,15.321850852560397,12.319537496812579,-4.405222623053735,,0.2277854919843975,0.4166666666666667,False,2
-0.67200487500531292,-0.69598273996972493,-0.25301674575673422,0.71440180651568863,-0.6992514678148446,0.026027746846503955,-0.19503719341759998,-0.16326484748107686,0.9671117219643065,-11.160448375536053,-15.272082570362237,-5.7671280579847686,,0.4972221258740233,0.6692913385826772,False,3
0.036021247252193377,-0.93421275715519114,-0.35489293331213262,0.99235361851860027,-0.0085134083383617849,0.1231333329829994,-0.11805407896144142,-0.35661470279134289,0.92676274644247847,18.316152686723875,1.9196815888620078,-2.2968917239143325,,0.1710597332467155,0.1785714285714286,False,3
-0.017693592641452659,-0.8973643749614002,-0.44093550019200556,0.99417137686477619,-0.062697941223104986,0.087705425084078859,-0.1063494720355171,-0.43681362927056183,0.89324332803623385,15.535821923604541,-5.4882798660206893,-1.814952712511585,,0.5642602402042701,0.2318840579710145,False,1
-0.88727793342416161,-0.38616425825584855,-0.25222021034060682,0.42412924642783173,-0.89799210776764993,-0.11715185321441986,-0.18125189980551715,-0.21092022196253191,0.96055213746270296,-24.257000916150453,6.5488102470021206,-11.186182053804815,,0.3974022671468927,0.2222222222222222,False,3
-0.17116920823866411,-0.92725920220285463,-0.33300371481572866,0.97416753422741198,-0.20981865642858907,0.083508961625604894,-0.1473048451621124,-0.31010724490831881,0.9392203038942134,21.895970784414679,2.306340282386504,-1.6079477975114815,,0.1767827412290262,0.375,False,3
0.72986392610779927,-0.6284368206229638,-0.26900894381378571,0.68070162724985073,0.70428983904183051,0.2015468116389755,0.062800828226330929,-0.33021657303613955,0.94181371346267484,-17.648713582165346,8.9476100657360096,-10.278698022585113,0.7749537976966382,0.7633670199482532,0.2580645161290323,True,1
0.72228032937208075,-0.63942715766364611,-0.26352236308205379,0.68894385329833308,0.69859256521959823,0.19319625985599972,0.060559828307253261,-0.32109397045427812,0.94510907800809085,19.982009005470609,1.4049144149363149,-1.8554877378463721,,0.6203326797421217,0.1388888888888889,True,1
-0.41784822885842809,-0.81372474983580501,-0.40404812726274453,0.89266736942264102,-0.4504313099346105,-0.016018820139213269,-0.16896101682913817,-0.36737401450735074,0.91459745694858352,11.694514959208766,26.072257714127392,-7.2826069654993546,,0.3705479962794913,0.2307692307692308,False,1
0.15696224968354078,0.98404464147953852,0.083779447060049139,-0.97895454292931872,0.14382363827065239,0.14478523389020287,0.13042566868653607,-0.10474208633590532,0.9859098540422806,3.5455463695759661,15.739957161904439,-7.2814492246361002,,0.7518588368488291,0.2941176470588235,False,2
-0.37964496173569523,0.92197752546948897,0.076335742335158357,-0.9247519428721086,-0.38056055811678108,-0.0027396642319387488,0.026524463858146524,-0.071631725757525411,0.99707840648668933,-18.108365803274907,4.1209060525810273,-9.6954431198104771,,0.7208291017196404,0.2987012987012987,False,1
0.82406325353596055,0.56563319019507408,-0.03128655176699674,-0.52795700924752254,0.78684985871165869,0.31957580670609753,0.20538050189377088,-0.24683272472503481,0.94704406204076708,22.21726896253676,0.19135245257379496,-1.2889224946185005,,0.6589615380101504,0.3137254901960784,False,1
0.23091091206903208,-0.89626742539908866,-0.37866192422256617,0.97112580540620941,0.18832001349275015,0.14645901335264866,-0.059956824145284804,-0.40154735049129542,0.91387357142650294,22.857495782720946,-5.6014225228603509,-0.40541235460803271,,0.4794172078679603,0.1944444444444444,False,2
-0.69127742717738561,-0.66362885665151805,-0.28588854348226922,0.69309725771391451,-0.72083927378674395,-0.0026330051368966545,-0.20433235187915272,-0.19996870251616478,0.95825925927670308,-10.29688038711085,-17.426488409447202,-5.3179277842238708,,0.2120696638304168,0.2727272727272727,True,2
0.08669403117423824,-0.8905123731167186,-0.44662272477426662,0.99280657720423493,0.040066359451251941,0.11282635818076572,-0.082578721343767245,-0.45319135049816783,0.88758005532733508,9.0072314620743548,10.148494656125022,-5.380968813145766,,0.4440313830082696,0.4158415841584158,True,2
0.1921927643899069,0.98090891627070376,0.029658713674049181,-0.97161145944778449,0.18594853182432106,0.14626795746890603,0.13796054938246663,-0.056928389165801313,0.98880030608868386,-19.459439495859513,7.9890832482155556,-10.513437062846814,,0.2239413853153819,0.2962962962962963,False,2
0.96607715149743278,0.22878502169993564,-0.11980129882587642,-0.17073711995180035,0.91386180942328221,0.36838217810878099,0.19376215632876176,-0.33543107656173571,0.92192310940309119,23.102604175378303,16.327179862670402,-3.314915157559474,,0.2861999214938328,0.25,False,2
0.74190104504134768,0.67008136767538073,-0.023954124088522377,-0.63938335805921453,0.71776776607034243,0.27567799227960355,0.20192018423991032,-0.18920992226805183,0.9609515307817762,20.878905773984496,-6.0478862109978655,-0.73367101776261112,,0.3629331020364428,0.1428571428571428,False,1
0.54787619379314734,-0.71991040815321838,-0.42609937867520969,0.83645237306124809,0.4795688956303385,0.26525667181826618,0.01338296958599143,-0.50173965218683247,0.86491515049078449,16.262214307672565,11.556718140707336,-4.0587742302801706,,0.7996027752777233,0.4411764705882353,False,1
-0.073855603385970123,-0.92062513059230522,-0.38339890293321954,0.99047246391804922,-0.11252212684829571,0.079391871055202207,-0.11623101164751208,-0.37388252151101975,0.92016423101528932,14.038233013744611,9.8893722798513011,-4.2621260910715035,,0.113131433632538,0.1304347826086956,False,1
0.22162164141873336,0.96658093833376435,-0.12886092388574316,-0.9649444719126502,0.23643539282526843,0.11393187062792715,0.14059165757641545,0.099093867970636657,0.98509613294872644,22.517962861847117,-2.6883897830666177,-0.77983089510159231,,0.1115897115697197,0.4,False,1
-0.0014852311890971351,0.99352825085921959,0.11357556441829669,-0.99469081672788373,-0.01315449835147196,0.10206438306449785,0.10289787755600384,-0.11282098172654242,0.98827296476061133,17.197261628850391,13.638999902812161,-4.1655202627711274,,0.5004486286266345,0.2352941176470588,False,1
-0.74164447382497245,0.66707488924730762,-0.070530607402553042,-0.6675063883152208,-0.74431556766173335,-0.02072576403326036,-0.066322665833411079,0.031708482651889039,0.99729427759546752,-2.1529428545791767,14.242969038533861,-8.3042224530423674,,0.2059183668179709,0.2,False,1
0.771550593240236,-0.60034697250606317,-0.21045948463646008,0.63167125583513406,0.76222487543090267,0.14143784439113061,0.075505672782278849,-0.24206765970932484,0.96731698088090357,12.617614546341271,12.799818672545328,-5.055142753242805,,0.2113953348673627,0.5,False,1
-0.87585288151481011,0.47497327802474665,-0.085335309834971979,-0.46954769907439203,-0.87958851820582862,-0.076478735177947135,-0.11138531427503441,-0.026915122197401553,0.99341274803625845,1.6222923529315856,-15.522647099453904,-3.2762164676387346,,0.4476770572387047,0.4210526315789473,False,1
