axis_00,axis_01,axis_02,axis_10,axis_11,axis_12,axis_20,axis_21,axis_22,location_x,location_y,location_z,dbh,dbh_approximation,score,reconstructed,number_clusters
0.48704279646735477,-0.79568619345151648,-0.36010109130616796,0.86771433891295024,0.48771967583938647,0.095923635481480279,0.099303275142963832,-0.35918379605677908,0.92796867414591211,-20.132534026196478,4.2548987236273215,-12.798365009093287,,0.1989406365617139,0.3333333333333333,False,3
0.89799039462870911,-0.34903542502080953,-0.26793193769149309,0.38802979519284014,0.91527670900714719,0.10817312046737151,0.20747561109002158,-0.20110399804476464,0.95734583760166514,2.2230095588019303,11.182957635917013,-8.2764878657797976,,0.2305927747301531,0.5,False,5
-0.22160774010061696,0.96140486223759047,-0.16306655203755416,-0.97491405300745781,-0.22200433175905265,0.016020796758820975,-0.020799009016499337,0.16252620572121712,0.98648498907879778,-9.5208998492161481,0.0054029498385425589,-10.149919894587956,,0.08550895098019416,0.3287037037037037,False,4
0.74279988139377739,-0.57765615409632187,-0.33846964980044714,0.65056432715514001,0.74217385584045403,0.1610714870487438,0.15815938933421314,-0.33984016146058971,0.92708913930855097,2.6864242004066137,-7.3488707252853835,-6.90261906070603,,0.3591445393144263,0.56,True,3
0.93840318321276273,0.27281497850006475,-0.21206473832809483,-0.25287538017569733,0.96044775309984753,0.11659397783097891,0.23548568499412129,-0.055786208613452119,0.97027542022427127,-1.8654706267678787,9.8396100514232074,-9.1281160122387845,,0.2102402880649763,0.145631067961165,True,4
-0.53108624221711076,-0.80384094598387479,-0.26793121670954212,0.83696339476756598,-0.54696196782603668,-0.018024471449085838,-0.13205937735298307,-0.23382116951126769,0.96326942313224262,7.0321108812269317,-7.3478015814614697,-5.8641514802196859,,0.5656701960938798,0.8793103448275862,True,3
0.5078399114386678,0.8400793370015075,-0.19069696351298968,-0.85004071221077704,0.5245916871085422,0.047268905221184439,0.13974767237475494,0.13809514603968512,0.98051023386098213,-2.5984200776806849,-1.5719037797790054,-8.4931706463638932,,0.3569858028392968,0.9287571502860115,True,5
0.37531558959617478,-0.88586318164836531,-0.27273546085155942,0.92463309968781349,0.3783774261277642,0.043406846909625943,0.064744414182097879,-0.26847150090235872,0.9611093663238609,-3.756423383392069,-2.7282193478766965,-8.7061832854974899,,0.07718122545914896,0.163265306122449,False,5
0.70308380038530049,-0.65304873914095785,-0.28142585869491116,0.70009909275577498,0.70505069548734045,0.11298131312459597,0.12463719331846201,-0.27646131935448476,0.95290855224542614,-3.8365579804160279,6.6910576325322717,-9.2797806655822939,0.2598033572488203,0.1459252227347474,0.2700729927007299,True,6
0.74210692904758779,-0.61045031516711734,-0.27681712116833679,0.65539811296325501,0.747403392834177,0.10881857334189479,0.14046572316320868,-0.26218043613574193,0.95474122123427219,-5.2705970407181519,7.7543999166416082,-9.7372268997676077,,0.08282123535510744,0.1578947368421053,False,5
-0.79568774528486808,-0.55593130409975422,-0.24046080164016267,0.57192004402918051,-0.82029964556395185,0.003994336655210734,-0.19947048714319393,-0.13434610753424059,0.97065063135468832,9.8182122707724453,-15.108850330839493,-4.8073254778620855,,0.1202367496938303,0.625,True,5
-0.35919357490516363,-0.89317741344032842,-0.27058101165250592,0.9284950253219818,-0.37127904082695795,-0.0069901212397847357,-0.09421764006374507,-0.2537439299030797,0.96267183107129506,4.787369607291649,-9.3552055744531692,-6.2993100006321665,,0.1020326911318883,0.2380952380952381,False,6
-0.62799239031576959,0.77227572428128055,-0.095998767655156428,-0.77045258355855273,-0.63436091532590266,-0.063158891652983773,-0.10967394491599472,0.034299195219500436,0.99337565453047905,-9.2766790474257412,-12.271152111854768,-9.3751829834360318,,0.2485739713384613,0.3414634146341464,False,3
0.80591935553313254,-0.46541646823901356,-0.36589821462940153,0.56803379126601738,0.78205286420510811,0.25638043913009662,0.16682806825296198,-0.41446450834843501,0.89464382128446807,-4.0280384745752542,7.8505846103697694,-9.4458658224838317,,0.1476123311011267,0.6,False,1
0.52757015524582551,0.84681687588196186,-0.067608505496042054,-0.83524081304666531,0.53158860616349946,0.14066391867956768,0.15505649136698413,-0.017740702315881679,0.98774629939387715,-11.534094429220103,10.822317690972408,-11.359729496082007,,0.7118577816830651,0.6041666666666666,False,4
-0.15886243354405566,0.97567446727871643,-0.15106972267417787,-0.98729342372884832,-0.15757911349500692,0.02050654656191787,-0.0037977190824081096,0.15240786361116748,0.98831038668995619,6.6180646288963629,-4.8033663338406836,-6.1242041691441731,,0.2412113023014763,0.84251968503937,False,5
-0.47431989184194889,0.86398707904082339,-0.16895847848968185,-0.87641370735909596,-0.48155432457808039,-0.0021085618875662585,-0.083184456217054101,0.14707739367644163,0.98562091420242215,-0.013614378454104736,-5.3452254253870066,-7.6271478245557436,,0.2446205473273778,0.8373205741626795,True,5
-0.9493541188618545,-0.18478360607618022,-0.25412944718295594,0.22395186849720192,-0.96523669658471234,-0.13477269813594991,-0.22039128294159818,-0.18485978062227354,0.95773406742771838,-7.413336819010202,-18.077374925107026,-8.6672563128525741,,0.2909614679038765,0.3076923076923077,False,3
0.8104570340345334,0.57974614830734206,-0.083986900804525699,-0.54943452950908056,0.80202144751611926,0.23427184104643231,0.20317749325917733,-0.14372195812384075,0.96853647581594315,3.4906566280635349,-4.4246484536895192,-6.8549298524413134,,0.2698392544056104,0.1944444444444444,False,2
-0.61338332058149858,-0.69142432550098865,-0.38169792262719593,0.76609578485920327,-0.63836583887555176,-0.0747415826543293,-0.19198476620131932,-0.33826240976823829,0.92126021931070545,11.848412333784001,0.34725943598431208,-5.1752054694891081,,0.3389623952495544,0.1568627450980392,True,5
-0.56577223971810453,0.79829519866331833,-0.20646197847413195,-0.81779428047754288,-0.57526775854568335,0.016718875441947133,-0.10542432158936457,0.17830250073658108,0.97831177578955075,-9.6179966012163867,3.3191846009181227,-10.43241151967441,,0.1141272113499812,0.2330508474576271,True,4
-0.83906784409059887,-0.48500808544048235,-0.24643926243703912,0.50633706051708871,-0.86189053159532381,-0.027703658481211306,-0.19896716854814989,-0.14802658073362207,0.96876219849674372,21.413666025287526,-5.5980337886285803,-2.5772760644042525,,0.6409635137641888,0.3571428571428572,False,3
0.63415012282615879,0.77320751991340808,0.0019372322845864209,-0.75539605749133798,0.6190033666497502,0.21496890101318814,0.16501641750477647,-0.13778593261153904,0.97661897315598878,10.56553017482338,-8.6860706609375349,-4.9373232290068474,,0.1423408999402748,0.2272727272727273,False,5
-0.80157475751213958,0.56644645598200938,-0.19135391457917941,-0.57491061393342746,-0.81810521581185647,-0.013477457034797018,-0.1641818933562538,0.099208207154732928,0.98142856975283699,0.90558286949258815,-2.068446592183403,-7.6127777559168992,,0.08239781571822011,0.4202898550724637,False,5
0.88990475458046692,0.41804968839353968,-0.18249379663194837,-0.40264681947016062,0.90792547344441388,0.11639103677388665,0.2143480033628547,-0.030096390228743358,0.97629357303505615,12.298094148748328,8.7126908210861451,-5.6744640801346167,,0.2201054721135462,0.5454545454545454,True,5
-0.8420771057242914,0.50691614271429419,-0.18423401496646041,-0.50958358339031451,-0.85965987620299733,-0.036186582951881152,-0.17672215354642701,0.063410736490821629,0.9822160449430688,-21.965404024136628,13.05607873950051,-13.75404288083211,,0.1521589806452445,0.1904761904761905,False,1
-0.95711801496467908,0.21296535908762962,-0.19639465689969515,-0.19955111001572462,-0.97610912407221029,-0.085967042489980883,-0.21001061859240402,-0.043089833274903254,0.97674910102173995,-6.1271900463891624,-3.9961425640429882,-9.1076507715297161,,0.2573273515515149,0.2958579881656805,True,3
0.9734795986132887,0.095060446367518758,-0.20808888153891497,-0.052321035983930474,0.9779865482911233,0.2020020310669696,0.22271053023437559,-0.18575743026328939,0.9570236135146829,-26.342680514255303,7.3341161404769135,-14.36136135629469,,0.1036017773978986,0.3529411764705883,False,1
-0.68817188201938118,0.70293280997377661,-0.17973571003079272,-0.70556634345599023,-0.70609737167309261,-0.06002196846567158,-0.1691023234022718,0.085510036713363352,0.98188208958165279,-18.910058162690103,4.3373797098748001,-12.490457596028756,,0.2340236011150144,0.8562091503267973,True,5
-0.37049570839751017,0.91978004519884859,-0.12937387105993525,-0.92736732473950023,-0.3741296256901529,-0.0041070897786313759,-0.052180217175964987,0.1184554415590589,0.99158738056740059,-24.634377737455093,1.8379090767099502,-13.660833699264973,,0.1409966384203351,0.3478260869565217,False,2
0.72262045778405282,-0.63696716179547896,-0.26850048191051312,0.6761493180442848,0.73207084215409512,0.083032414008278155,0.14367245282312971,-0.24154733875993223,0.95969427915236638,-0.92920228927231818,-14.929351751096977,-7.2995800020343644,,0.1025327274739557,0.2608695652173913,False,2
0.87511232852530418,-0.37893108795261971,-0.30098113403677818,0.45632877318062109,0.85319545780678052,0.2526292966885435,0.16106664220281794,-0.35842536372433603,0.91955902225392139,-7.8507639991818561,9.0164927315518693,-10.328545463414514,,0.5941455546306283,0.2857142857142857,False,4
0.67160615015323166,-0.6082519402750467,-0.42305408191860661,0.72911217963378006,0.6440640568363597,0.23146688791524406,0.13168374457780557,-0.46390846925134988,0.87604127960435529,-11.45599865310334,-11.97984262396835,-9.8495262738086726,,0.7792714696529881,0.7532467532467533,False,1
-0.97244213543172087,-0.07238441601594571,-0.22162307992405395,0.08220844936013541,-0.99598566283295442,-0.035416525591885767,-0.21816980563495741,-0.052659811519119561,0.97448903542316689,16.460501409680397,-8.6178433846533249,-3.5904182155289521,,0.2247182921634671,0.782608695652174,True,5
0.90597666006880206,-0.3427862926964671,-0.2484025944912627,0.37577990906713737,0.92140024862637149,0.099050703040187704,0.19492498903956051,-0.18308232948778363,0.96357932173602323,-10.276486543231076,-6.6900318213662064,-9.8783650095277853,,0.3187226304633337,0.4728682170542636,True,2
0.76399047181151658,0.62807654955974257,-0.14777823545550856,-0.62078515892417896,0.77795239615077827,0.097035332651274897,0.1759100492885414,0.017604465808147673,0.98424881881712822,8.1168288636572452,7.2313772450389511,-6.556677890127534,,0.3475830727132092,0.2545454545454545,False,5
0.97076422469654122,-0.078851379087498549,-0.22671409322166719,0.10884219410979168,0.98642360217620229,0.12297094718303249,0.21393970372675022,-0.14405185554419395,0.96616710049741672,-24.701727398894604,5.5257791578675466,-13.872564460344597,,0.2485340138041504,0.3392857142857143,False,2
-0.23493745929271814,0.95830503495886488,-0.16265254438086946,-0.97168965639383897,-0.2358474145997968,0.013971710124897924,-0.024972021910631369,0.16133027303974859,0.98658448250649811,11.628644223086349,-2.7740257782070192,-5.0789542232990508,,0.3344473433544629,0.7213114754098361,True,4
0.56411242243819915,-0.72851837452135559,-0.38863627318569727,0.81903606123147188,0.5533731110950656,0.15151940575188433,0.10467619239035669,-0.40378110146678381,0.90884746621472612,-25.723720722944766,5.3513954687308063,-14.078030996428911,,0.2848139842586954,0.2758620689655172,False,1
0.68307994234972813,-0.66254005175458308,-0.30731493972881641,0.71516275588011935,0.69213077644810239,0.097453685898989589,0.14813515774941619,-0.28634885736524351,0.94660462016840718,1.8129988095043064,8.324024199923775,-8.0614902281584513,,0.2189798073305024,0.717391304347826,True,6
-0.97401530056650099,-0.023387186156949104,-0.22527146687054872,0.054421023019940569,-0.989680391230922,-0.13255593335068788,-0.21984664317612768,-0.14137101094874133,0.96523659832577813,-12.772726000021237,5.0119117115859986,-11.217491187316787,,0.1877679950307232,0.2702702702702703,True,4
-0.96414872428450826,-0.11152495051308628,-0.24078916685268015,0.14351139116052941,-0.98239178497746205,-0.11962801267246966,-0.22320779123436438,-0.14989518411826572,0.96317688703084381,6.7496887318657715,-13.502662128919452,-5.5961300578494191,,0.4766879282394714,0.7272727272727273,False,1
-0.08205041634513198,-0.95674226233959692,-0.27912716211594402,0.99522282166480147,-0.093523795588558514,0.028014904894712964,-0.052908075141142236,-0.27549508727383787,0.95984540029779808,-0.41848708974220106,8.9333357734401524,-8.6918634202387715,,0.2175193930012738,0.6666666666666666,True,5
0.8425582896063416,0.50355640453070716,-0.19111901023117112,-0.50133644261815735,0.8629232963067518,0.063444117095755842,0.19686873778893002,0.042359557920214147,0.97951435310269808,0.96306374020164476,-12.769262795307952,-6.9893868265442398,,0.1694695879149813,0.4385964912280702,False,4
-0.20927610642866912,0.96233425424963248,-0.17354046898594053,-0.97768909458023023,-0.20920344307374764,0.018919665562024221,-0.018098221375208706,0.1736280579396457,0.98464498773881004,-6.956706145863679,-5.0064873879387406,-9.2717232656117226,,0.08346018249723845,0.1637931034482759,False,3
0.32625391526191294,-0.91248083093941212,-0.24685444282895239,0.94417908780151438,0.32717758976924799,0.038479538862704603,0.045653400033001175,-0.24562890286142164,0.96828828824091506,10.663359266560265,-1.561059519693742,-5.3161484547073847,,0.09723667246012468,0.4,False,5
0.90101716336790261,-0.36073375898329441,-0.24091331728703183,0.3891967350143023,0.91752085341698764,0.081739739412178811,0.19155670902024469,-0.16741158464917022,0.96709843788240524,-1.2967937086491379,-8.1687693290277377,-7.749262020122953,,0.1030329674002581,0.1686746987951807,False,2
0.034499931280316788,0.99517425729796116,-0.09185832761978581,-0.9992513324886555,0.035958792431435405,0.014273743955895053,0.017507977076147738,0.09129711308865926,0.9956697785312042,-8.3385045072389321,-16.013454041768433,-8.9354016497205748,,0.1894020095304611,0.3846153846153846,False,3
0.87049687129130893,0.48779510199780057,-0.065506759490897321,-0.44818032371281974,0.84063724828657249,0.30407797393078634,0.20339516835145069,-0.23534008426134145,0.95039226124329867,-14.00987047488481,17.483948132328958,-12.465973212512516,,0.5953192787537497,0.2307692307692308,False,2
0.67647979067882613,0.72296030111179932,-0.14036914126496908,-0.71818871027969766,0.68979582702688214,0.09157889190791263,0.16303395115715222,0.03886026289969334,0.98585486291717983,-10.695527927521548,9.3787387492736993,-11.036714715133449,,0.2593735556682848,0.1842105263157895,True,5
-0.24826133078447782,-0.91647407385150592,-0.31375401765578009,0.96508710585502711,-0.26192515368933289,0.0014463668918911488,-0.083505627052831211,-0.30244087988042045,0.94950319874535971,13.412414482631744,1.2329787509286141,-4.9150256221155013,,0.1518732309946926,0.375,True,3
0.72750350386511842,0.68182804944769104,-0.076479819889501449,-0.6581393144315828,0.72500234187324863,0.20303755090581002,0.19388474582467774,-0.097376153470241755,0.97617958904693269,-18.46157141887549,9.7589890295865001,-12.761956882687226,,0.2873992326837097,0.2666666666666667,False,4
-0.88063021689672483,0.45687647384831992,-0.12551616920681391,-0.43731791972284784,-0.88571820217742425,-0.15574435277361662,-0.18232788645105533,-0.08226271315436523,0.9797904816065397,2.0346080439477858,-16.10178544281105,-6.6090099509141824,,0.8212800446320482,0.5106382978723404,False,2
0.8008584495131762,0.5947125638548818,-0.070304411216532581,-0.57331363985029904,0.79532072340459437,0.19691728538854336,0.17302373884803099,-0.11739639396653007,0.97789614605984732,-15.606632312572806,5.2951631481490669,-11.827316410821824,,0.2792601284500756,0.1153846153846154,False,3
-0.91574769215906426,0.35522887735451181,-0.1876662169885705,-0.34965432986922307,-0.93474702273864674,-0.063165283858621565,-0.19785857047156835,0.0077748424221258938,0.98019974388706022,1.3493534329898846,7.3364844570737038,-8.1401214040094025,,0.07535253031004327,0.2291666666666667,False,5
-0.67878155961123954,-0.65557527833464002,-0.33087255668639604,0.71319004906854278,-0.69588136698844316,-0.084315342541585653,-0.17497299289130983,-0.29320671464813852,0.93990120451242265,13.816686671804877,7.3236614244922214,-5.168582777315514,,0.2665522556567456,0.1428571428571428,True,5
0.59615672715020618,0.78766699333593482,-0.15549232869400209,-0.78696928581953152,0.61163873570244587,0.081101172402194707,0.15898584795588455,0.074018677355397661,0.98450227808385826,-3.4589797080567184,-12.52246198545059,-8.0492763491430974,,0.1078031145919325,0.2058823529411765,False,4
0.9046338727992137,0.37478763999430359,-0.2029083071039598,-0.36814360282465303,0.92705185797425438,0.071029151239230814,0.21472737106288642,0.010444019053116496,0.97661818464660921,9.7204145806665174,4.6099908912670307,-6.023017012308868,,0.1106343295203586,0.3928571428571428,True,5
-0.10784251317460124,-0.94590563636813552,-0.30599431275626393,0.99264413266415197,-0.11948505865353039,0.01951785454386586,-0.055023797030184993,-0.30163860470031817,0.95183324900679223,-15.978816838339576,15.677223401249902,-12.727644001890246,,0.8150245059693215,0.9852941176470589,True,5
-0.90720050128843333,-0.34336901209016485,-0.2430740051882124,0.35915439867011761,-0.9330078985530933,-0.022458387151490462,-0.21907845256419206,-0.10767535824767141,0.96974772433262979,-21.532047123240307,3.5637517064109008,-13.057743067864838,,0.09213934049221935,0.5294117647058824,True,3
0.57300792527180489,0.81765168098524699,-0.055746265863291344,-0.80167823184724551,0.57334198988286467,0.16908866082452145,0.17021730275731292,-0.05219857487667709,0.98402305797317002,1.2806856772786464,-3.1461047607164194,-7.4500971900185258,,0.2716711861054659,0.4010416666666667,True,5
-0.94473507077093322,-0.2009895560913999,-0.25899583857201391,0.24168387083930473,-0.96077871214883082,-0.13598960569750729,-0.22150519775293959,-0.19106926656010204,0.95625727853157549,-16.887289434822112,-0.53593981478574615,-11.792955392007146,,0.3388610155230674,0.4928571428571429,True,4
0.64427945370477813,0.74396091520184782,-0.17727420056483317,-0.74626858532168794,0.66225804516955733,0.06706325499230073,0.16729370608554944,0.089086689579447542,0.98187391127574852,-11.130339570724646,-17.636412560102805,-9.5017657918932485,,0.3343149108298025,0.8461538461538461,False,2
-0.62744057083499105,0.75721044386563063,-0.18152320449759038,-0.76931172698862726,-0.63884766745452759,-0.0057553892730139999,-0.1203237166481954,0.13603676520971358,0.98336981940836521,-17.357071041035407,8.8586647982375517,-12.467033412970441,,0.1786039893210231,0.5614035087719298,True,5
0.47960061521720171,0.86175515419587212,-0.16541252703508444,-0.86720715346340715,0.49425433519548423,0.060534330114129585,0.13392162956437612,0.11441462475278667,0.98436491748614408,11.626161535066059,7.9360851392885774,-5.7549515465619825,,0.2063408171050291,0.7580645161290323,False,5
0.24205964610561928,0.96266419495414113,-0.12118075540496188,-0.96647723189049473,0.25024747945238529,0.057427861400314598,0.085608924561099545,0.10321747323502405,0.99096784269443805,26.318551594563665,-4.7123212753590122,-1.4355080989693363,,0.4273677555586685,0.5,True,6
-0.084809387602741843,0.99170796387715032,-0.09655403749757345,-0.99447927983815898,-0.078238229011306892,0.069926686563492352,0.061792635054855265,0.10195142914059216,0.99286835801588846,-9.0172720939518918,-10.417170755397658,-9.3671148510617925,,0.3205857903736625,0.3255813953488372,True,4
0.96475033296854096,-0.096654684687294351,-0.24477472697378147,0.15713506210696204,0.95767742513826148,0.24116907272117341,0.21110510958697992,-0.27113063513470598,0.93910745465985945,4.1094802105633086,-13.094178703512569,-6.2129555408574078,,0.2673107014294705,0.2857142857142857,True,5
-0.94508544020257723,0.24261323118913103,-0.21898020634082466,-0.25203714407371669,-0.96758955700875016,0.01573935115483268,-0.20806438600650889,0.070066177429482554,0.97560234832443637,8.5636900805807521,-0.65945288267138991,-5.8871719270316474,,0.07621022068009227,0.3108108108108108,False,5
0.72286360191596977,0.66122146835707907,-0.20063494912098256,-0.66600011929049796,0.74408599178156498,0.052724547788362573,0.18415225800981419,0.095510243524730962,0.97824625695769163,-8.1811075799808144,5.5155846936423201,-10.274511132188211,,0.08549038789124909,0.3945578231292517,False,3
-0.91705416154912944,0.3506015572708237,-0.18997424252960929,-0.34535575882893432,-0.93647637815857276,-0.061166927294861194,-0.19935161055059625,0.0095153134618396751,0.97988182664064571,3.6068426433347129,1.264273015708441,-7.2118650736422607,,0.1064989302582298,0.2216216216216216,False,5
0.97497879764921769,0.03613673126088339,-0.21934101483367055,0.025650018442100533,0.96182047849096131,0.27247650120576966,0.22081308993899279,-0.27128491260885956,0.93682766585023414,-2.2280682708505988,-6.4588867922940132,-8.0663891371544505,,0.2242328895061787,0.144578313253012,False,1
-0.83901965690142311,-0.48393170848751921,-0.24870889982742794,0.50758234593332197,-0.86079005671031406,-0.037425130133112314,-0.1959749408211266,-0.15764066667267648,0.96785496991085962,-3.2882159282462409,9.4243036021881217,-9.3827572026167037,,0.8894683234418893,0.7685185185185185,True,2
-0.87141080500519086,-0.33824476808068876,-0.35529380206562239,0.44298508352822358,-0.85371711797058059,-0.27373581836416344,-0.21073069233430908,-0.39592620442457049,0.89377570785866389,-17.063134922067864,1.2189668206966444,-11.919089356881553,,0.1251599746302745,0.16,False,1
-0.75608808294998842,0.64456881912936248,-0.11341008873636529,-0.64042689984987622,-0.76437596593550328,-0.074717927225279535,-0.13484879224408255,0.016137537183371381,0.990734769312134,3.1925719670885178,-9.2208309393841628,-6.6771917989719114,,0.3142551956488666,0.1538461538461539,True,4
0.96779240740057815,0.13541141448888966,-0.21223007563470156,-0.12441043338158868,0.99013724959473137,0.064422597206145807,0.21886045838295751,-0.035944064754812995,0.97509390520364914,-10.839214200791041,-14.014451933440318,-9.6352293800244002,,0.2544368915597592,0.9,True,5
-0.89164012579880536,0.4190250852185407,-0.17145222081700828,-0.41056422260883207,-0.90796393404292863,-0.083895849664287134,-0.19082689846846765,-0.0044127581943699534,0.98161378473716543,-11.124631432987698,11.616240621889235,-11.352683425341318,,0.3178927849128295,0.1071428571428571,False,1
0.63858758990496256,0.76352405299741311,-0.096108847219056256,-0.74994101852983663,0.64545688586976091,0.1448236072252822,0.17261042478889743,-0.020406591526148377,0.98477876311204171,12.611775892031577,3.6928709720925825,-5.2864468485771132,,0.4618240788235579,0.1951219512195122,False,3
0.079871692893631163,-0.8947507341560651,-0.4393650377550401,0.99678670915821088,0.069011674536954448,0.040665036863993087,-0.0060637546000737383,-0.44120121543892854,0.89738771909100823,-19.065964303673542,8.5465787820028147,-12.827961704250647,,0.2541990947448837,0.4375,False,4
0.81015055023306615,-0.50638158825400525,-0.29535364063172143,0.56164147518957042,0.81483275243180631,0.14354943020190075,0.16797303147810411,-0.28217950429072319,0.94454210496636859,-34.630073467374331,-0.5437266155811965,-15.755020759976727,,0.1398842995722535,0.25,False,1
0.97612874926334225,0.048031172822991172,-0.21181518193658919,-0.027405997929519539,0.9946843819604112,0.099256695298209213,0.21545666882013562,-0.091082307399858634,0.9722563638977364,-0.31646067590169702,4.3247763547735039,-8.3218610645541098,,0.1766066136013867,0.4462809917355372,False,5
-0.9139966425028494,0.34067386315706583,-0.22034395034845183,-0.32783484782256278,-0.94008732143389229,-0.093595622934026207,-0.23902813651676527,-0.013309659683555644,0.97092141953529509,7.663666637213506,-5.986241708504509,-5.7823551367586807,,0.3031261807914123,0.3333333333333333,True,3
-0.3027871053326302,0.95090554710437536,0.064020382148306271,-0.95215902609881609,-0.29890089164555889,-0.063650970079356384,-0.041390311219416533,-0.080230277698747632,0.9959166354055653,0.66934876037834778,-17.757025490160938,-6.8302710570593721,,0.3724346263141331,0.1052631578947368,False,2
0.95068226836839009,0.2375409466479686,-0.19944303265724345,-0.22641257841819376,0.97096691497771204,0.077204885549354896,0.21199190773224463,-0.028240904451712116,0.9768632874521348,12.20979442803314,2.696521079209425,-5.3066791774937183,,0.1059721003774702,0.4857142857142857,True,5
-0.83515159617464474,-0.48702552651313119,-0.25559332528755396,0.51118762853035693,-0.85880084778247279,-0.03388675678808397,-0.20300004887795375,-0.15895672484268328,0.96619032275366701,11.882230170584847,-12.147331141637441,-4.4856398220564655,,0.4219191369222141,0.8170731707317073,True,5
0.32024484865135439,-0.91067378330208049,-0.26099137403091782,0.94619091593321414,0.32101458224999024,0.040894847943588893,0.046540171011034734,-0.26004403163529705,0.96447452744648687,18.423924484405187,-1.0231365283858143,-3.5752084514124309,,0.2726217501454153,0.8636363636363636,True,5
0.90468396273252749,0.38502793893046006,-0.18248400975847595,-0.36654929075830206,0.9216375501773908,0.12738070319951111,0.21722924531276944,-0.048349894994489259,0.97492242903467208,4.2013418394294568,9.7132120602284377,-7.647633933497973,,0.922445993342244,0.6738351254480287,True,5
-0.76395625373539522,0.64007110508623122,-0.081730182994242562,-0.62321595360341475,-0.76473531890899893,-0.16365135864800792,-0.16725046353528644,-0.074086924938501247,0.9831268534631683,-17.428945020780169,5.3088673974487,-12.251611437870617,,0.3237114882509582,0.1621621621621622,False,3
-0.79088031506329881,0.59503229488542619,-0.14298564714249978,-0.58404510841895574,-0.80367418644785871,-0.11401365431061969,-0.18275568001369097,-0.0066610870550052464,0.98313579496526227,18.93725039384784,1.1069639866846184,-3.5504487744517066,,0.4297098881783314,0.8,False,3
0.32512897638373023,-0.88920739536775539,-0.32187164637314714,0.94451246911241626,0.32217570805086876,0.064023502193242973,0.046769053944192202,-0.32482767918577027,0.94461613072610173,-27.90022682637791,11.659121594867312,-14.865369260072342,,0.207251146082808,0.4444444444444444,False,1
-0.64692493296537723,0.73669913625955297,-0.19688197922148715,-0.75227564076646358,-0.65881451126554202,0.0066932843470853889,-0.1247777681205593,0.1524395696017703,0.98040434831883438,-8.8092597901790057,4.2963228559114324,-10.299966134448576,,0.2287387041980751,0.8630849220103987,True,5
0.84283994898361236,-0.43029245928296128,-0.32321698575650892,0.50357309430252539,0.84243102109642443,0.19163536570533093,0.18982876255162776,-0.32428131950307731,0.92671822401928694,20.14246694654398,-0.81541461289492601,-3.1494477459076631,,0.1871024741163568,0.4285714285714285,False,5
-0.96299590876258823,0.060605875765412855,-0.26261341841044883,-0.050952867500116683,-0.99775676403416746,-0.043419409456828248,-0.26465578588050875,-0.028431806955793053,0.96392372486270728,1.960274437797475,-10.030132837130454,-6.9172961077856332,,0.4753501286869411,0.1538461538461539,True,3
-0.97265276182650462,0.09793169479860378,-0.21060861346380283,-0.0779798003988834,-0.99181992549359421,-0.10105635122856563,-0.21878243905995451,-0.081869521482380803,0.97233308377902228,-28.168027772011456,8.212854977388476,-14.835066568194435,,0.2186903077641671,0.391304347826087,False,1
0.58353551651984226,0.79269774807035664,-0.17639892619884703,-0.79599227171854081,0.60134558155774021,0.069136060817347661,0.16088071458157327,0.10006883503453327,0.98188778581391589,15.969790656163308,-7.4816630120975756,-3.7762267710766229,,0.1197330514561502,0.2941176470588235,False,2
-0.74373106773961417,-0.56027535477873203,-0.36463080740176002,0.62440087441728143,-0.77703533232673949,-0.079621858448594915,-0.23872085561556541,-0.28689304478052424,0.92774173882106481,-19.789014309086198,0.22477862677397192,-12.44642446395337,,0.2479036574243097,0.16,False,3
0.87316274596374166,0.43843281712354926,-0.2129870510856593,-0.4401862964790812,0.89693543753921423,0.041747398462267792,0.20933906337109431,0.057301708137241093,0.97616272761843659,-0.66044841042919367,-4.1951747886346498,-7.8412170984157674,,0.1816016363193396,0.8037974683544303,True,5
0.6232484858948274,-0.69901487485438885,-0.35062733715742744,0.77177949324714656,0.62212976872565418,0.13157113919299229,0.1261655207772035,-0.35260850187944581,0.92722678227570099,13.459858147866219,12.142065540964975,-5.6367884631490552,,0.2558382903064768,0.4166666666666667,False,5
-0.4195934502347568,0.8923374996736545,-0.16635841787015737,-0.90502642662260735,-0.42535390539514906,0.0011055676402538378,-0.069774663272605522,0.1510226534042611,0.98606473140657946,-7.3102486814148335,1.7045492727738352,-9.8120319559148808,,0.2108382553599042,0.3918191603875135,False,5
0.90442651284307762,-0.3294190120400351,-0.27110108331225702,0.37965269464138018,0.91132840698148443,0.15919913969657773,0.19461889506944366,-0.24690817956308925,0.94929438876820083,2.0668414210331072,3.3159266214895213,-7.7220729162589361,,0.2784299656100914,0.5961538461538461,False,2
0.35751978021726466,-0.83052609234386399,-0.42709017395560744,0.93231466386691808,0.34408411483696433,0.11133503247216957,0.05448829500099206,-0.43798690831221765,0.89732853172903793,-2.7291765348132806,-11.253771670558566,-7.8884017304410063,,0.08393560297413283,0.5333333333333333,False,2
-0.60762767182269506,-0.72355321639511216,-0.32750474115594075,0.7778558697100264,-0.62543543539641899,-0.061406531477933499,-0.16040217702073073,-0.29206379302265506,0.9428519939058464,-18.414388930354313,2.6385546792754,-12.294379329286855,,0.09482194701598397,0.12,False,1
0.81426109288200643,0.54306976198088242,-0.2050709785431071,-0.52926942262707266,0.8396371763213285,0.12199709181431595,0.23843814898334667,0.0092003131019277734,0.97111410418561095,-14.555415356577527,5.200303039720076,-11.606289466225647,,0.1251133172198716,0.6666666666666666,False,5
-0.88798726682641327,-0.33480681678638108,-0.31525070878195732,0.40731759386872352,-0.89084630233022111,-0.20120945144193716,-0.21347363228077912,-0.30707859101204443,0.92743288019290537,-29.893652117579595,-1.2568321261488415,-14.679486776301392,,0.32969791601795,0.1666666666666667,False,1
0.97570993937057193,0.0057129247764028009,-0.21899195579740585,0.018922952656382171,0.99372549236006646,0.1102341494116359,0.21824764850105058,-0.11170052965067674,0.96947973449655944,9.7857269052527158,-12.279737275519377,-4.9781777851882598,,0.6152361197036507,0.7391304347826086,True,4
-0.94889440951492865,0.23934144978296998,-0.20570627119050239,-0.23635062852816055,-0.9708701053377693,-0.039365199806068556,-0.20913579317194358,0.011265388462642821,0.97782171740922574,-3.5141200437423397,-6.8230101725004877,-8.3748290105644436,,0.06666959398792971,0.25,False,5
0.90070956379685385,-0.34626416586814968,-0.26234216039461905,0.38452104580665458,0.91647371728353733,0.11054180593898225,0.20215302871002994,-0.20044214368273316,0.95862250131072602,-5.523903445335872,-16.480303577248826,-8.2860404709968236,,0.2094957192780889,0.782608695652174,True,5
0.92922126235971736,-0.27020431593583416,-0.25206640638581795,0.30032596780617449,0.9496633848426338,0.08912782141685896,0.21529551467668126,-0.15852155417759045,0.96359678196910958,-7.4737034506087099,-9.8805120962653188,-9.0877488051349697,,0.4168890807487952,0.9456264775413712,True,4
0.37934748950792457,0.92463937315216693,-0.03372701915089113,-0.92001202101540724,0.38082228022291159,0.092478495191961885,0.098353258162515333,-0.0040522219327047415,0.9951433143553885,16.618149046467728,-3.2669619728246078,-3.8517035685624399,,0.5066799486291518,0.3157894736842105,True,5
0.46360874146180603,0.8678556109522545,-0.17858771900354167,-0.87259724606592592,0.48218118570368362,0.077944533557846252,0.15375623889247722,0.11969938467710538,0.98083182876044595,6.7877251417912934,-6.5694765092880987,-5.9520991989020535,,0.3236000718189974,0.5955056179775281,True,5
-0.022273435021965344,0.99932198785265602,0.029316525826542233,-0.99948367997563392,-0.022937116199714638,0.02250027028294966,0.023157451385834579,-0.028800230809089222,0.99931690626680403,0.84394743716851295,10.982418629389104,-8.6058499883544588,,0.4638228506776101,0.2727272727272727,False,3
-0.95933063944776853,-0.16408860787068089,-0.22969469515815266,0.17192627471231048,-0.98500466224217276,-0.014393450758228815,-0.22388854432570213,-0.05329863157947265,0.97315629556175254,-9.6555743998387449,-7.8811053184182942,-9.6966725128544766,,0.08050061097189194,0.4411764705882353,False,2
0.72998579578284961,0.67959408424728007,-0.072612799225620972,-0.65789437320783228,0.72748795780292475,0.1947723413454869,0.18519106797238558,-0.094409490560167952,0.97815699989082372,6.7324518002428562,-10.668060487552866,-5.7924663784548143,,0.4050919232903357,0.3125,False,4
-0.70981950693558793,0.67675386625936962,-0.19534705545954259,-0.6904480723842451,-0.72337656721490384,0.0027930888387920558,-0.139419248723405,0.13685958683035809,0.98073020070660855,14.397601472451541,0.79811355460874389,-4.6443270368167866,,0.09864860578072103,0.3947368421052632,False,4
0.90405355184518565,0.38643475372027036,-0.18263448883838423,-0.32676545767826637,0.90032355208307913,0.28747493322517725,0.27552043674547405,-0.20021409211556829,0.94021423423277417,-16.933658639327852,12.829536699241546,-12.642879911983547,,0.742535236585339,0.3966942148760331,False,3
0.27471645142396661,0.94982001634675561,-0.14957542533475415,-0.9572142533386101,0.28486966961466725,0.050893462635565434,0.090949131510040415,0.12919445762369094,0.9874396425082852,-2.3333675752086958,-16.159979639525002,-7.6026213143889896,,0.08551342402142573,0.2352941176470588,False,5
-0.54057010541077333,0.82187118493638867,-0.1797546007963137,-0.83418403803340957,-0.55134989276001045,-0.012259137155621276,-0.10918311145255427,0.14332149568289315,0.98363509344103717,-0.79181696255011391,-8.8452571421664423,-7.5678581150202522,,0.08912761738604996,0.2127659574468085,False,4
-0.78632518476434132,-0.57176525683240287,-0.23404528383349577,0.58605811951281028,-0.81020337410512189,0.010313735588274323,-0.19552131433282027,-0.12905418888224013,0.97217098906185961,-5.7372718467627859,-2.0717843499746844,-9.1935580911302122,,0.2163312578546941,0.8651162790697674,True,3
0.88519914523427001,-0.37759179019255162,-0.27174788546684459,0.42457966373859712,0.89447407769179699,0.14017215656837254,0.19014358368384954,-0.2394588990131554,0.95210548431739961,2.0623182223910952,-12.385910303077342,-6.781221109840935,,0.2166605679456105,0.4651162790697674,True,5
-0.78030103368104653,0.61050706181343473,-0.13568870370158834,-0.61039739175999497,-0.79068006447778705,-0.047329269696435874,-0.1361812063718259,0.045892952763246342,0.98962038980499245,-12.651582202985342,-0.88872965210136945,-10.873770924601537,,0.1280098981691263,0.3256578947368421,False,5
-0.97334341152601767,-0.033283485056978354,-0.22692468543848474,0.054790112539563618,-0.99451069236184564,-0.089143291087238036,-0.22271202663258952,-0.099200264114688907,0.96982403599456168,-18.987078246263906,3.3923009584287889,-12.465960245570074,,0.07200064172196557,0.2058823529411765,False,3
-0.54748741572160387,0.82571634373220981,-0.13583095862133299,-0.83075101913815896,-0.55581668841960385,-0.03034061758063536,-0.10054985742102907,0.096230600994565929,0.99026733643235709,-2.2019855889149103,-7.5399875326852657,-7.994262879942343,,0.3640855326969697,0.7226890756302521,True,2
0.37751496907258136,-0.89371856932584304,-0.24238309959296983,0.92410543099452347,0.38035674034068806,0.036849728409199069,0.05925875912093919,-0.23789886279588168,0.96948054676093043,-9.9285707814262771,-4.3162912684736972,-9.9499097020750131,,0.1141976440178113,0.5369318181818182,False,1
0.66993546933178838,-0.67543204015776193,-0.30818505164838761,0.73109822093061139,0.67241052400171331,0.11558321056206848,0.12915826835046543,-0.30274683539231917,0.94427882289959497,-10.380961884876896,12.776043310559382,-11.248034612275633,,0.3454136831345619,0.4912280701754386,False,4
0.68704446960516818,-0.6429065303054402,-0.33858690180745776,0.71424263001989996,0.68316895636942465,0.15211062591208785,0.13351914562042866,-0.34633996353832874,0.92855870434187404,-3.1219891487416236,-10.510160926279886,-8.0293455053138683,,0.1104886407471124,0.2258064516129032,False,2
-0.97149592822332342,-0.037902987949495925,-0.23400646347911844,0.080245305843586676,-0.98143931067081103,-0.17417683646246609,-0.22306131967594212,-0.1879900076453635,0.95650583097539132,-14.487304291570473,-15.911797623098016,-10.38157305861762,,0.3974004306178712,0.1111111111111111,False,1
-0.66627383452371003,0.72123206261588912,-0.18948216085927969,-0.73491633625501651,-0.67815155109458736,0.0029073103564681707,-0.12640077584641463,0.14119060026374003,0.98187985938331046,13.798043408033553,-6.0461642168054954,-4.3666066121735394,,0.08606585182342415,0.1875,False,5
-0.50628871832075151,-0.8281859515783383,-0.24037421515090268,0.85127859639106429,-0.52452225457499502,0.014182939823004004,-0.13782773678613927,-0.19744476205725517,0.97057667440989126,9.8857998937301499,-6.7587622859960046,-5.2090376842581376,,0.07329569553988502,0.4761904761904762,False,2
-0.96347754884916448,0.18490519576813058,-0.19370359171052137,-0.16583996985987426,-0.97993749646768513,-0.11054233312863823,-0.21025726446542359,-0.074381258355825874,0.97481244921519228,-15.061241233557444,-1.2725814245036078,-11.356254126408029,,0.1629255993127985,0.4659863945578231,False,4
0.77410572772802644,0.62287248174868592,-0.11309373890226529,-0.6045186385630279,0.78035146277960543,0.16002752940551118,0.18792960897251912,-0.055510954035771484,0.98061256164372756,-15.108294478435193,9.8358472428091428,-12.077128498120643,,0.4260717734567346,0.6724137931034483,False,5
0.39003053753076522,0.92018816371851631,-0.033614329471322174,-0.91434411658600701,0.39135289329346895,0.1040084101185294,0.10886237301297377,-0.0098313917211632629,0.99400821298357922,-22.767235955286058,6.8504365646971159,-13.570608856539645,,0.2214963314868501,0.1818181818181818,False,3
0.34609943873528698,0.92492716732026969,-0.15724157738976496,-0.92966621562587493,0.36065219108181779,0.075171301649954447,0.12623749851364979,0.12016543688093578,0.98469506028426412,5.4143453520062739,-12.703061284572627,-5.9569833967484103,,0.5118344051806394,0.6440677966101694,True,6
0.94698004560884186,0.2579599047027708,-0.19153454201374084,-0.21171856907353556,0.94941763858130834,0.23190816083128141,0.24166927965327031,-0.17906098155776518,0.95369446058758245,-14.646081209482425,8.5648557683798519,-11.918954930289939,,0.5167002093187849,0.5035460992907801,True,5
0.9661508395777848,-0.12975296048875304,-0.22297247459618419,0.1697705401278673,0.970564333949967,0.17082984917440461,0.19424345262539525,-0.20290155965063869,0.95973977629537932,9.6312627757229663,1.7086901502458289,-5.8612587300705741,,0.4482576238388288,0.2105263157894737,False,5
-0.74469751932005168,0.66451648430465249,-0.061995538597110822,-0.65421690509132013,-0.74520209417720684,-0.12912815311402917,-0.13200699152429837,-0.055602885907926058,0.98968806866982806,23.029312659494046,-2.6685298596656071,-2.3415170613167171,,0.5415229531450768,0.4375,False,5
0.91236483469607343,0.3590695599714217,-0.19662008928880392,-0.34791868179606988,0.93321263145605537,0.089815228932238658,0.21573826565376064,-0.013536454217965635,0.97635739621304318,6.5472137626125937,4.1468289153947024,-6.7427238119738142,,0.08318754990944772,0.4153846153846154,False,5
0.57884841892680039,0.79439572121930779,-0.18403789287643613,-0.79960978261837967,0.59721766344373006,0.062890842034422717,0.15987089618479744,0.11075423503987102,0.98090509019670324,-4.3828359798367416,-11.869641028159485,-8.2417100434502455,,0.09724353271991312,0.5,False,5
