axis_00,axis_01,axis_02,axis_10,axis_11,axis_12,axis_20,axis_21,axis_22,location_x,location_y,location_z,dbh,dbh_approximation,score,reconstructed,number_clusters
-0.96874246689675336,0.22837020862795887,-0.096876625880632769,-0.20741624374067072,-0.95988811753951953,-0.18866187648528482,-0.13607547414322757,-0.16267098578929431,0.97725207378599888,2.1595495266717464,29.505267544600741,-9.2493821483852106,,0.1379030338863242,0.5,False,1
-0.68405498348956295,-0.68860967010075935,-0.24059406020684682,0.71763060100416998,-0.69441491115232268,-0.052860681718118412,-0.13067172634309943,-0.2088172727842077,0.96918535199490019,-7.1770326507341071,-4.0550305526311288,-7.8359509541956687,,0.08287752137726814,0.3055555555555556,False,5
0.9324745328698989,0.34997321676950832,-0.089498564754227378,-0.32916202917447318,0.92525088025328261,0.18858199049821472,0.14880727165971139,-0.14638837431479412,0.97797077654021181,10.048218446029264,1.7855038818256079,-5.7845496045177516,,0.1287582528236568,0.2857142857142857,False,1
-0.89074071322038284,-0.384977680529072,-0.24160539585468635,0.4298667354192926,-0.88622322355866978,-0.172693334570967,-0.14763323335754669,-0.25768310677988926,0.95488420496343984,6.7445131147378357,16.840853372075358,-7.3672849429284311,,0.2410609112965893,0.1956521739130435,True,3
0.67549818793158056,0.73731716486083376,0.0080991667924301958,-0.72833596983900584,0.66547616844305957,0.16330396282092316,0.1150170123930544,-0.11621044546823235,0.98654255824280046,21.125900181326028,-7.1588431945516433,-3.606817678344477,,0.2310018934148661,0.2692307692307692,False,2
-0.63684285222455661,-0.73890596275558007,-0.22011169840501568,0.76158242348044536,-0.64735902815130553,-0.030306780044217212,-0.1200974346776103,-0.1869338569527903,0.97500376374074105,1.88701912613724,0.47790284304975272,-6.8563993311416986,,0.07991405272614191,0.2549800796812749,False,5
-0.98263363474815779,0.11742540396797128,-0.14367468240640371,-0.1205597657069976,-0.99261727726576576,0.013277189693985385,-0.1410548926988926,0.030367999217184978,0.98953590226390831,-13.752101264379631,-2.5325624862193945,-8.8902751067311154,,0.07263146370962045,0.2727272727272727,False,1
0.58321333931926955,0.8123101921524718,-0.0037884779635692367,-0.80343534350597168,0.57751678158885034,0.144796463315569,0.119807552539509,-0.081403431797868062,0.9894542089687739,6.0129388384859421,1.1651541569028856,-6.3037195282158782,,0.3890426193142785,0.3310344827586207,False,5
0.3498478893764006,-0.90175746940708179,-0.25385019335705256,0.93637321440950672,0.34484385356014824,0.065482211311122945,0.028489605741136792,-0.26060733495111399,0.96502443457893439,20.325537972348634,-2.7833049492185107,-3.9970295734749262,,0.1156343234518733,0.5806451612903226,True,5
0.90842203888045736,0.40947315577753712,-0.084268226359982989,-0.3906639078526789,0.90324071989190835,0.17758916923737397,0.14883249100094398,-0.12840536058409674,0.9804901595608807,11.304646127411081,15.815630147301709,-6.6767187698271169,,0.69856486754779,0.5490196078431373,False,2
0.1522604557722432,-0.94775949676879334,-0.28030107008820682,0.98830262567056537,0.14352343522116204,0.05156494579638779,-0.0086413946036674114,-0.28487358569527288,0.95852614282158355,6.2487552785590381,11.267823001716684,-6.99351011856933,,0.7100202714295557,0.5617977528089888,True,5
0.86357815763660628,0.50266804034168511,-0.039466528502177661,-0.49000537142187067,0.85511766564915037,0.16931778959241237,0.1188591672134616,-0.1268803338338767,0.98477097807334102,-7.2953029876694773,13.873915830547309,-9.0803429607136792,0.4699872207895834,0.3199745192768391,0.1929824561403509,True,7
0.79584303917128929,-0.53428120397145273,-0.28491657039459983,0.59732700297716201,0.76981555791144407,0.22490988931528602,0.099168082148076819,-0.34918133094469334,0.93179294352488262,4.9669239600547179,-11.723650302518379,-5.6797657888647901,,0.2726032078974215,0.3333333333333333,False,5
-0.45566085725282746,-0.875639884726365,-0.16008739939176209,0.88477837872084864,-0.46525871069257368,0.026486839615009326,-0.09767499022639077,-0.12957285364258692,0.98674742051002706,15.652507357865826,-5.1799905165126461,-4.5116106772488092,,0.1629348559592367,0.7,True,5
0.96846808049331634,0.22734142572544491,-0.10190904383180553,-0.20551170211396852,0.96022045976346737,0.18905451315917896,0.14083507148366933,-0.16214976040918708,0.97666418887938766,11.351949246829456,5.6877220154827199,-5.8911016955875182,,0.355813009925524,0.5555555555555556,False,5
0.5100366051021421,0.86013414497505958,-0.0056492569338764953,-0.85435127323702076,0.50734717579557287,0.11261769457122522,0.09973245897982895,-0.05261269675923716,0.99362233306501202,15.395789824318665,5.3394847071143863,-5.2581153350056713,,0.157185949807328,0.2857142857142857,False,5
0.8145840916523639,0.57954432789470489,-0.02410663045655298,-0.56990241863698454,0.8073863810287456,0.15276931943627056,0.10799995767873852,-0.11070503030296673,0.98796781597732775,-11.912806667934223,5.2453367913148838,-9.1024898078904304,,0.3940668517560864,0.6538461538461539,True,4
-0.9623513599340795,0.2375427492586806,-0.13211094696373835,-0.23639450225607511,-0.97134723831533731,-0.024539395271069415,-0.13415475890228654,0.0076147811389980849,0.99093113573652281,6.9433588834673019,11.671726445258992,-6.9344015051956971,,0.2238914009071113,0.1578947368421053,False,1
0.64373866088037102,-0.74820247019538488,-0.16060386073027488,0.76218408424493389,0.64563775752401853,0.047194361772008198,0.068380978434483347,-0.15279054176512186,0.98589000001798477,-2.0188369615614929,8.5872479753072106,-7.949846930542293,,0.08267390362137383,0.3888888888888889,False,5
-0.28460031799660546,-0.93667100937017289,-0.20408351036204336,0.95555551140716799,-0.29426097333785584,0.018004004822397369,-0.0769176417710416,-0.18988917761610558,0.97878791196492743,-2.7179124328411897,14.022845412698752,-8.4437371565381287,,0.09320172226805021,0.5,True,5
0.9817362915377611,0.13062180222646746,-0.13831774528524243,-0.12016960357812322,0.98940800832116116,0.081431317352900073,0.14748939030845673,-0.06332249089432325,0.98703451909919382,-3.1206748442778052,10.549840613132906,-8.2581844690709385,,0.07707234536278554,0.3811881188118812,False,5
-0.86902502291681072,0.49440055375177111,0.019068350594071359,-0.48190248937537916,-0.83706686732418156,-0.25901554077292938,-0.11209594229163236,-0.23428007187557059,0.96568491116084454,-6.3140957348920317,7.5426488955760611,-8.4611844963327396,,0.06816283963386391,0.3061224489795918,False,1
0.79963169689834523,-0.57055700458221081,-0.18722674445080723,0.59241977628029097,0.80050663030979941,0.090708012336618293,0.098122158493802472,-0.18344982788824052,0.97811972818274762,7.9951510216206767,-7.5146980103476739,-5.4762622275177399,,0.07626601334555028,0.2121212121212121,False,1
0.039178943771180572,-0.96845884729731324,-0.24607411781114721,0.9988620055494174,0.031255390425314625,0.036024914145033768,-0.027197504201131765,-0.247205504916296,0.96858129968749063,-3.3621881595299437,8.6816140068605954,-8.1311018818661722,,0.07190190957960958,0.2916666666666667,False,5
0.92126445013878955,0.38415601826541734,-0.060794461433047328,-0.36426103548975386,0.90699934731582499,0.21134351656154393,0.136329420648685,-0.17255821510182523,0.97551932398413632,6.9141427916887519,18.952518222541009,-7.5296871269626164,,0.2926121214696796,0.1153846153846154,True,3
0.83798467279699751,0.53963541661908476,-0.081088256163611511,-0.5323416060963988,0.84107514670580208,0.095942753830185884,0.1199754248836619,-0.037231904653938039,0.99207846599945126,7.3938989486604072,-7.495072818642659,-5.5797627089201711,,0.657571288237904,0.2826086956521739,True,4
-0.6218903378053634,0.7749330535904857,-0.11283248733080975,-0.77900301351487111,-0.62690515488741116,-0.012009650716870823,-0.080041943249033021,0.080428161911840046,0.9935414425641248,-4.2812360855931892,10.5085133528667,-8.4130251372513012,,0.1941079757234329,0.3489278752436647,True,5
0.98179713679188241,-0.11293177782852208,-0.15271147875569563,0.12759109515244876,0.98774919009616735,0.089844587495096884,0.14069433046523494,-0.10769378357572298,0.98417841591557198,-14.930438711222711,4.4474599776106603,-9.4649657837194461,,0.07023481547308891,0.1764705882352941,False,1
-0.62182832949813482,-0.74097319073893297,-0.25355129508587376,0.77466250886135002,-0.62950372961303502,-0.06019179153271359,-0.1150109820764853,-0.23384564355455484,0.96544740353494052,8.1500415638417216,1.0735708639852668,-5.9793617438850859,,0.1676653610116547,0.3472222222222222,True,5
0.88985969360521378,0.44977610688858427,-0.076493002091587728,-0.43361325262857503,0.88590550947247071,0.16477553043819806,0.1418776685800209,-0.11345872358911377,0.98336048588492031,4.9275834852787703,7.3512209934020527,-6.8949717738588383,,0.4297084400305491,0.2241379310344828,True,2
0.4905999211173091,0.8674880520691286,-0.082317658597643992,-0.86683578225390212,0.49549645946027177,0.05548860483559126,0.088923810107052706,0.044133186828547791,0.9950602081363723,-0.48569093116459028,8.3915645646387986,-7.7604822021015307,,0.1821354874659377,0.9007936507936508,True,6
-0.20135915944748489,-0.92017494973901315,-0.33575668389386654,0.97217118392977819,-0.22964392427699404,0.046334190175656195,-0.11974004360770005,-0.31708315930598685,0.94080847787493871,12.334464464044625,13.670299259791351,-6.3595393531026447,,0.4880703589524472,0.7466666666666667,False,2
0.71039047640413411,-0.66378702475160223,-0.23394904745632727,0.70015660446153427,0.70033446161594559,0.13896895733219666,0.071596789475519118,-0.26252319448863742,0.96226580116529081,8.9136024151709439,0.25600130847236535,-5.8387307545416141,,0.4222828082822126,0.7878787878787878,False,3
-0.79496418358578746,-0.57953806550313391,-0.17935321978896307,0.59092947905572191,-0.80662128338094741,-0.012824039137762526,-0.13723810549084312,-0.1161797565402819,0.98370115714658257,-8.2605057305668517,17.37383632596957,-9.4705608304274893,,0.07174644693554955,0.1818181818181818,False,2
0.72886841714059036,0.68443293054851284,-0.017389481756077949,-0.67354241896761446,0.72136546853577577,0.16115976748374714,0.12284722359998551,-0.10575171102604246,0.98677511889428982,3.4378667186118825,-7.7120010671348913,-6.1098778069695143,,0.2080986570803097,0.2181818181818182,False,2
0.51114281859729027,-0.8337400730760558,-0.20883129445452023,0.85823394894328353,0.50825892434604336,0.071465758960638837,0.04655650199096753,-0.21575531597097602,0.97533693447578884,-19.094334053557983,2.5585563509602833,-9.8947169753228383,,0.2976630846888999,0.52,False,1
0.21256085071299105,0.97386788011033709,-0.079995230067597053,-0.97503258386969893,0.21677250790099933,0.04817821302922462,0.064259980832145652,0.067757153922736554,0.99563026418231326,1.0616047921774059,-7.4623995941050163,-6.4514589988445881,,0.08098778261434378,0.2285714285714286,False,1
0.97691141171723528,0.17979589550006062,-0.11540160145323312,-0.15159515271563803,0.96397377469836443,0.2185714330989087,0.15054236390385919,-0.19603060387378191,0.96897316733494709,2.3680534591304978,7.3773705854802252,-7.2662908530528236,,0.2575727944503904,0.2608695652173913,True,5
0.95948630884496089,0.24520767192280435,-0.13877759462272976,-0.23934947508482687,0.96921766166978951,0.057697080376419241,0.14865346250824479,-0.022143214255016246,0.98864140422438618,-6.2122185384050201,0.64750040285509824,-8.0272032447329931,,0.1133106162034911,0.5483870967741935,True,5
0.89175411754248035,0.43365476411994108,-0.12929864423926019,-0.42795433158584623,0.90104771047522236,0.070484846061206363,0.14707033665203845,-0.0075212368290599255,0.98909744063647131,-1.8383547412611811,-4.7337661271946043,-7.0370670659960322,,0.3405983769256971,0.8115183246073299,True,5
0.88591413808011688,0.46135104251536629,-0.048076558942465528,-0.44815646416956406,0.87806402603430611,0.16780747840146912,0.11963245200528953,-0.12711719692634035,0.98464678675796835,9.7871059087236318,8.9579435423053511,-6.3472164473104327,,0.2448703924760009,0.3181818181818182,False,4
0.98314688574613784,0.14268790595411956,-0.11429069315608467,-0.10624423078587257,0.95469520731269319,0.27797342419535587,0.14877622280589126,-0.26114597953750179,0.95376538671678035,-17.245650035951922,2.9415775951829168,-9.6930386281434373,,0.3292152525027013,0.2608695652173913,False,1
-0.92739413500977463,-0.34266349555092457,-0.15007280621848967,0.34416657147419039,-0.93876069848432142,0.016664995077371902,-0.14659293785572286,-0.036195024493006718,0.98853448638516273,-5.8420819116803262,11.919129647789603,-8.7240662167220897,,0.173941832143919,0.7662721893491125,True,5
-0.023489710075834856,-0.91666993372141092,-0.39895421558336513,0.99966648848338002,-0.025820386222261311,0.00046846413126799824,-0.010730578915522088,-0.39881015567123945,0.916970727127982,-0.084251210385183573,13.62811885545853,-8.0752853741574153,,0.385613012437225,0.336405529953917,False,2
0.016576067344642485,0.99234705211740404,-0.12236242129544782,-0.99920890051390399,0.020865307188520983,0.033855754159731966,0.036149787346282283,0.12170442518588816,0.99190787161156835,4.1979469196225576,1.7519846723519383,-6.6230011532228321,,0.1478992568485744,0.7555555555555555,True,5
-0.98431610503777067,0.11730408726913114,-0.13176325919325826,-0.11175111040119128,-0.99253720177568638,-0.048801561608131531,-0.13650455921827115,-0.03331147251695029,0.9900792145638545,3.0609774448328757,0.48588547894919487,-6.6752546694578125,,0.1524524530598206,0.4210526315789473,True,5
-0.38044328512574099,0.92465548775441009,-0.016587217017597897,-0.92450168167414437,-0.38071640259069034,-0.01875263661683764,-0.023654753949554155,0.0082005953477842508,0.99968655230103431,15.298049721545885,15.260106653664062,-6.0472500865671286,,0.3460930615266918,0.3191489361702128,True,6
0.89377503089679222,0.43306578832725784,-0.11670568591943883,-0.4071385530616452,0.89253482545712493,0.19395820157211099,0.18816055047832397,-0.12583961350349276,0.97404311963946655,7.8809718117008138,-8.618192779018047,-5.4460561582494398,,0.2931670900721169,0.3064516129032258,False,2
0.9373728478204485,-0.28904804396876455,-0.19437945479605775,0.3240200695661421,0.92837227064605099,0.18203274874001901,0.12784028585439761,-0.23361540054826324,0.96388832648774192,7.7371323341249987,-11.908758833096782,-5.2521472290855389,,0.4899742082497494,0.3207547169811321,True,6
0.98287151403569162,-0.057216537865241807,-0.17518520112127506,0.088178034058758181,0.98071654778062767,0.17441240557591925,0.16182775165810939,-0.18687247176607319,0.96896359998160841,18.621937819092583,-0.056184030913139671,-4.429879399271063,,0.2125345246000716,0.2380952380952381,False,6
-0.062151547076006383,0.99421419679444145,-0.08760888133313334,-0.99776705600167948,-0.05974219846788955,0.029862546441399244,0.024455820448318594,0.089269259068323017,0.99570724223116513,8.0114120699378262,19.03982915866786,-7.4225753796619269,,0.08870641234702327,0.45,False,1
0.98926556732814275,0.028088387605232322,-0.14340390434247727,0.010671974302335293,0.96484483954866829,0.26260339784701026,0.14573862310114791,-0.26131490213541791,0.95418801902902683,3.2666968761957182,-9.8552104068953899,-6.0102442753092538,,0.1965015543030084,0.2222222222222222,False,1
0.63467151638416486,-0.68005584039971068,-0.36703694668093934,0.76980377417697887,0.59802301798986202,0.22309329711395381,0.067780642911547215,-0.42413738799183798,0.90305772825105546,9.5659178569675767,14.558939858347765,-6.8304967828145671,,0.6619188622797856,0.4130434782608696,False,1
0.78886447828143791,0.60268381198601984,-0.12027076816814167,-0.60008221940895123,0.79761554361829679,0.060916126992089578,0.13264299776083949,0.024117780753817361,0.99087040918403091,1.850499924285536,4.4241869646313781,-7.1277647925438075,0.1806492127027001,0.1196542263125958,0.4291497975708502,True,5
-0.98636251371175887,0.089564498936535175,-0.13808400368785467,-0.084574263388022888,-0.99554822691669587,-0.041604348996180061,-0.14119555770842587,-0.029358617359644151,0.98954630314611181,14.226530896600558,0.79504568149791144,-5.1298764385092843,,0.1231077545306288,0.3043478260869565,True,5
0.98293164673365374,0.11650236718788881,-0.14238179760449332,-0.10817179096897696,0.99200906060353766,0.064937564776110332,0.14880941330451011,-0.048427493431994963,0.98767936922457911,7.6192368154449506,-2.4302731395714825,-5.8654063028666217,,0.0834077922981431,0.3015873015873016,False,1
-0.72750786055259287,0.67192069299471924,-0.13876200906475195,-0.68087734833764635,-0.73195625224910799,0.025418129634888313,-0.084488752830688824,0.11297179789193876,0.98999950683128035,-18.447773102793946,25.649770350414311,-11.338430288833072,,0.06646400409292841,0.3846153846153846,False,1
-0.38435854261960412,-0.88114406832362024,-0.27541539821410449,0.91836746448915785,-0.39537623691543067,-0.016698246924423801,-0.094179142505598307,-0.25935065479133262,0.96118027808326245,-0.86740424879081579,36.390148054925675,-10.24766651491319,,0.5570130261314575,0.7333333333333333,False,3
0.51671889009583272,0.85575328555982233,-0.026227902541012732,-0.85505027771302566,0.51736569422371703,0.034953698277722565,0.043481159149790831,0.0043649391727136888,0.99904471176469878,-6.2948117163514103,18.333644521355456,-9.2960134161556294,,0.1703965906130744,0.5151515151515151,False,3
0.31323127442776361,-0.93227630169498843,-0.18096150424406349,0.94950832770534843,0.3110273640054525,0.041181481979314975,0.017891459933498,-0.18472378335702982,0.98262760979107111,2.1051112587665166,-3.2310421065742641,-6.5913444530419731,,0.1120720975644665,0.5,True,5
0.98245300717490791,0.12723377271972167,-0.13637322234400287,-0.11160066717561418,0.98687168228069533,0.11674576565524181,0.1494368755660343,-0.099477885944450284,0.98375442587522055,6.1030518715325286,6.8262036780430284,-6.7027369771882483,,0.0726771443833855,0.3015873015873016,False,5
-0.21427594279666262,-0.95565252431758541,-0.20202493188720094,0.97464124682706299,-0.22284281837686004,0.020384265531182756,-0.064500080015371788,-0.19253397378978235,0.97916822283748872,-9.6774814973555685,19.666943106213733,-9.798578004437335,,0.06668900902433364,0.1818181818181818,False,1
0.3996091881976781,0.91465543193951349,0.06097489263241912,-0.91227961725000595,0.39029393632852988,0.12416337308306583,0.089768572775642236,-0.10524297643417285,0.9903865504201379,-22.357719254947479,-2.7155852191229424,-10.039790297309537,,0.3375168145911077,0.2272727272727273,False,1
-0.022028891025978027,-0.97126331626182338,-0.23698586127499371,0.99907495033439775,-0.030143047563620153,0.030669859763256747,-0.03693198579126343,-0.23609101458476203,0.97102886736587357,-17.668605889797409,-4.3997898571089751,-9.3275608365164615,,0.2201200976841517,0.3333333333333333,False,1
0.98546696659411515,0.07737009244515658,-0.15122409380393045,-0.034179079784568474,0.96235600327882298,0.26963440703717534,0.16639305351147368,-0.2605471008248546,0.95101448989744097,-11.841474539447649,7.4831925678986684,-9.2324979419885711,,0.2119707093721095,0.4782608695652174,False,2
0.0021365666919545188,0.99232961502256412,-0.12360165950318452,-0.99935416491914408,0.0065524843812973747,0.03533154408164968,0.035870435480093207,0.12344634501516516,0.99170273356528871,3.6261185424226161,10.342148098345859,-7.3212584068449233,,0.1119068012651956,0.5420560747663551,True,5
-0.98423357117121546,-0.057481054872501845,-0.16727284809645393,0.096192084982777884,-0.96758815563545497,-0.23349570415886395,-0.14842964719428847,-0.24590463477682178,0.95786196835924953,-9.5923412068308043,14.369699378936934,-9.4203556250839764,,0.4564835077547735,0.2117647058823529,False,4
0.92498452123921948,-0.34236260407729613,-0.16489840143938478,0.36010735152262102,0.92829797151135707,0.092658358863422496,0.12135209453163646,-0.14508867432474554,0.98194854536043408,11.248702364454406,17.464192430253206,-6.8346879035763246,,0.2649675519769303,0.8225806451612904,True,5
0.86872701517813522,0.49483328305438345,-0.021293075900600783,-0.47381412700419306,0.84281095465119737,0.25528389641963711,0.14426900620348987,-0.21168305719059832,0.9666316450166007,-6.1633812562539587,20.842935443678346,-9.5357459151531909,,0.5419481587333258,0.4516129032258064,False,1
-0.90292389656567718,-0.40091390442475977,-0.15490796703058446,0.40596783987318275,-0.91388671859057191,-0.0010856207707769447,-0.14113309321118056,-0.063867885691095139,0.9879283087238635,-8.0583959096097768,4.0951181157650876,-8.484784817475461,,0.1506446097510494,0.5236686390532544,True,5
-0.017912024432120231,0.99452942013482548,-0.10290962961273017,-0.99949318373367013,-0.015101676000830289,0.028023473230425401,0.026316060698241907,0.10335943047565682,0.99429587803685093,-5.7542142251961872,-2.2684812437865332,-7.7579211212466577,,0.07905425310748639,0.2436974789915966,False,6
0.68986966578447162,0.7218226058342877,-0.055244637178826134,-0.70978287338276447,0.68942705392278847,0.14456351535519346,0.14243636081748223,-0.060518286706940108,0.9879521345141824,-16.505967456257057,21.807882730855709,-10.85919861024942,,0.2587274362697255,0.7538461538461538,True,4
0.7601655423485919,0.64926305184003719,-0.024613771373622126,-0.63228106720667576,0.74794081297824644,0.20200295129880474,0.14956269681260392,-0.13799286139797715,0.97907556905753734,-14.723168726007758,-2.0270688208382439,-9.0448522249550383,,0.1919284052124793,0.5925925925925926,False,4
0.91768720712634289,0.38096836068627471,-0.11275326173847057,-0.37567811296046255,0.9244127044310797,0.065780751963488843,0.12929093285732585,-0.018007221951999046,0.99144318780172813,-8.2899897922022934,-9.8586429894675227,-7.6927074079975375,,0.1169971797447345,0.3720930232558139,True,5
-0.26433243915556492,0.96279043010708421,-0.056240104056485912,-0.96419478371684686,-0.2625255334541714,0.037533496211047131,0.021372427641509602,0.064147735570458705,0.99771152512030759,-15.313533084017708,-5.1934470892693092,-8.9527054021506931,,0.1851404132275727,0.2142857142857143,False,3
0.71878601856141977,-0.65046369095099588,-0.24544581128026977,0.68989164205095399,0.71100820250914332,0.13607666292555604,0.086001056672931314,-0.26714101654205868,0.95981221889076573,11.817418436343575,-11.292545674717001,-4.7362931722484785,,0.1876580617713561,0.3333333333333333,False,9
0.260989705596334,0.95550283407105518,0.13747257055471138,-0.96272724797747522,0.24715649370618295,0.10986315861371529,0.070997320896324545,-0.16102174294500343,0.98439391440850421,-12.441268041319018,1.2217663044170206,-8.9396016127852178,,0.2861476279007081,0.2162162162162162,True,1
0.94000758209756108,0.31497256481201591,-0.13106498012375031,-0.30700082374895066,0.94853487387221813,0.077666513155173394,0.1487825252392373,-0.032770054378311694,0.98832681017944657,4.5668074128286937,0.65359760053288818,-6.496786504607817,,0.1548266482228966,0.4947368421052631,True,5
0.75286865456897911,0.64831292532448892,-0.11348629796014742,-0.64447685188285531,0.76115281787015732,0.07277345144682823,0.13356038467547138,0.01835044156208103,0.99087077105938359,3.8593516034440087,6.3542555135665788,-6.9674630049608579,,0.1035873487511185,0.3571428571428572,False,5
-0.1885923507524056,0.97926040432428596,-0.074040433280196521,-0.98204690569406072,-0.18773928527986455,0.018380309554726623,0.0040988113403315103,0.076177564185547303,0.99708584307488535,-0.30861571346202177,-7.66247185381817,-6.6674921320251936,,0.08052515336391998,0.247191011235955,False,3
-0.73304859223055729,-0.6449844556063461,-0.21595095150284369,0.66767308455453056,-0.74293918860051367,-0.047476459462021545,-0.1298168463268029,-0.17898718967511551,0.97524928728093274,-1.163888799293205,3.2598845229466358,-7.4712944808109727,,0.1107674571591786,0.4372093023255814,True,5
-0.75011541205226151,0.65479122815562918,-0.092603002824476088,-0.65345966585252291,-0.75541941758927311,-0.048290461097338012,-0.10157427679081109,0.024288908158398986,0.994531404850997,10.372054805314052,-2.803974897240471,-5.4493744340735448,,0.1680809617752594,0.2903225806451613,True,5
-0.93788144956590103,0.33064442823017998,-0.10513157775141217,-0.32480684628562084,-0.9432604502965517,-0.068994460011909342,-0.12197909315187185,-0.030561167953518396,0.99206205241767154,13.599840832677801,3.95326179763887,-5.4442787501417866,,0.1228437453478114,0.5185185185185185,True,5
0.36145948263322858,0.92640319100984059,-0.10547118137814837,-0.9292967468412644,0.36715218868931832,0.040085242307920266,0.075859071473095313,0.08352483479436984,0.9936141118401105,14.693503422284058,-3.8250087415472627,-4.7392719600464881,,0.2390786748962039,0.8450704225352113,True,5
0.86287822810000858,0.50434352135119453,-0.032844724722041141,-0.47967547249678855,0.83768116999765652,0.26115454910136987,0.15922501234407868,-0.20958976573877458,0.96473806058514844,-4.7154518997813248,17.885993304517466,-9.0204624340761175,,0.3399082960584552,0.12,False,2
0.92984555945722525,0.35846046459097203,-0.083026085556920523,-0.34011931449504845,0.92343426268495932,0.17773017303458688,0.14037837249768509,-0.13702283687294775,0.98057057609852405,9.4746144153958944,7.0216301546034554,-6.2289059341911033,,0.215595293388417,0.3125,True,5
0.71115781918544563,-0.6789492496042977,-0.18243484500819002,0.69856439219096966,0.71164110291799199,0.074664118561226969,0.079134987042789956,-0.18054045834500571,0.98037890467222544,-8.4776797293027162,-5.1979214438415751,-7.9881201093837744,,0.06976976670219846,0.203125,False,4
0.56367108955940981,0.82117951398172506,-0.089101675694930826,-0.81837168443163189,0.56983304216913044,0.074552600040550865,0.11199414679098327,0.030895143129797353,0.99322847382440049,9.5139249835681259,-6.7916363315176813,-5.311932193416661,,0.0773474876240203,0.1111111111111111,False,2
0.43772256436232693,0.89501929781572209,0.085670375191898573,-0.89516279689395972,0.42489940023010248,0.13469991366397763,0.084157731106846087,-0.13565012429611506,0.98717603297152479,17.822972435964516,14.042204618257875,-5.5384075742461176,,0.3449736322014486,0.3181818181818182,False,4
0.58536774585384099,-0.79259297255966499,-0.17070729909124799,0.80849524670449446,0.58639532458683385,0.04975901284130993,0.060663318160425694,-0.16714336107586628,0.98406456021850075,10.94091788612586,9.1031785242998833,-6.1820626218846808,,0.3410033442849937,0.91,True,5
-0.10540109181396527,0.98966353833899046,-0.097245517772148724,-0.99426776348888557,-0.10311359154683877,0.028270156085890424,0.01795060810203964,0.099667788781837074,0.9948588380007013,6.437229337932858,13.589682808397731,-7.1777312374302626,,0.07790961879320746,0.3448275862068966,False,1
0.96926096761478198,0.18377920153381286,-0.16357989406419091,-0.16038373520418459,0.97614365155439087,0.14635787991090571,0.18657500942090763,-0.11562342588617271,0.97561313503147029,13.241890652110717,-11.15213353587775,-4.5524896894233997,,0.2515080535271381,0.375,False,5
0.96839529114113376,-0.19151683798515179,-0.15978692331930328,0.22344700637685899,0.95079723901996527,0.21460672313148027,0.11082416449899238,-0.24352804980162146,0.96354143321546903,-4.3991279292036696,25.765690773105796,-9.7059720067380457,,0.425538358260736,0.2807017543859649,True,4
-0.042534950227183586,-0.98175023688155938,-0.18535708886409766,0.9985792713163224,-0.047735138174149719,0.023681120768608399,-0.032096992172687973,-0.1840864714380088,0.98238584788613958,-0.27701118936561309,-5.981533336937634,-6.7507025150328639,,0.1170308433904064,0.4825174825174825,True,5
0.86826522476067747,0.47689016305819615,-0.13671602630860957,-0.47477766633355428,0.87869571795553214,0.049799626479270699,0.14388073888520786,0.021670432043176757,0.98935773376110403,-0.082557453658216096,3.5219836759378822,-7.3621792756911049,,0.1040906618427989,0.5700934579439252,True,5
0.87649252314302628,-0.42483485953318578,-0.22644248497088701,0.46962618291324748,0.85799442263575387,0.20807887698724459,0.10588722867610248,-0.28872289976958543,0.95153926978971126,12.320910551517477,2.3801191021146231,-5.4971584823639157,,0.3091048458779612,0.2,True,6
-0.055102595734371214,0.9974138201045295,-0.046145155843531349,-0.99731091114701886,-0.052742788840399485,0.050883639143051065,0.04831822068782822,0.04882488801652661,0.99763795029045299,-10.668303506633258,-8.4161442609868722,-8.096900271873487,,0.179839110536398,0.2560975609756098,True,5
-0.30849038180880595,0.95122395421246575,0.0025832661225997366,-0.95106019575156553,-0.30838407237016496,-0.019589996564283646,-0.017837835867983345,-0.0085001671039870996,0.99980476032611154,-20.550448720069518,-3.1062344434077613,-9.7891952719320834,,0.2134616669369822,0.1428571428571428,False,4
0.49378007463145579,-0.85119582068006705,-0.17789579183820331,0.8695284718429066,0.48093479086067742,0.11234751263083709,-0.010073457772468625,-0.21016041919586992,0.97761501811905627,-7.8732373285676243,0.55961359219205975,-8.2325079379594772,,0.1643676621115489,0.2786885245901639,False,3
0.85121356568357542,0.51800952412204182,-0.084270982639987696,-0.49657352734688276,0.8469179042419458,0.19011784611841351,0.16985345900077475,-0.11998415059200943,0.97813782570361019,18.348898383219684,6.7415189243122375,-4.9258798870904199,,0.2253494335851118,0.1,False,4
0.81426753081297198,-0.55569536651705953,-0.16784233046289485,0.5716205923560902,0.8179283613232069,0.065139036971734024,0.10108554129160777,-0.14898273515613542,0.983659421734565,3.7939203734849296,-6.786734198773928,-6.1011598976009465,,0.152756672685314,0.53,True,5
0.54651092005251745,0.83399811026073101,-0.075980039121341297,-0.83007986008385481,0.55147778889755161,0.082702323037721459,0.110874885102619,0.01787177758918311,0.99367366847435579,7.1952596269018105,6.6910924855356866,-6.5344734465667145,,0.08473288937473249,0.5,False,5
0.57895775168740815,0.81349282943291146,-0.055112051515958868,-0.80798919707488759,0.5814801639727657,0.095048810179214641,0.1093680902792963,-0.010499303188391873,0.99394586646417427,15.531921059747187,2.6024925416127607,-5.0849934973995117,,0.194010086248982,0.5882352941176471,True,5
0.060373110073254105,-0.93139260072686914,-0.35897480537124066,0.99786968785599783,0.047409533205056989,0.044815423901272258,-0.024721926265056343,-0.36091572350413881,0.93227070472541818,1.5568179984740254,2.0124638481462509,-7.0001117279310838,,0.2726514413116219,0.2395209580838323,False,1
0.32389500453084336,0.94594864408251833,0.016528423954212973,-0.94423236912557273,0.322113541524851,0.068323491288327501,0.059306484767461448,-0.037736310428594155,0.99752629626479716,3.682839370416227,16.365055068686104,-7.7937770920916671,,0.400181476590834,0.2666666666666667,False,3
-0.97775699115024728,-0.087372135975640433,-0.19067610262398044,0.13112802629966894,-0.96417330338147811,-0.23059766209830246,-0.16369699745435121,-0.25047145725911329,0.95418412380573969,17.612118448993836,5.0532746595632156,-4.9199014021741938,0.6808912284544819,0.5427722631705446,0.4615384615384616,True,4
0.97966805257669087,0.16402836568487633,-0.11552143528949364,-0.13406542571657651,0.96360378386838352,0.2312881521867664,0.1492547097683328,-0.21109818323539462,0.96600237507300601,-1.033669404061444,-2.9896936996136589,-7.0432734472119076,,0.0955786406692125,0.256,False,2
-0.1409412388466191,0.98990747989804928,-0.014790146526444087,-0.98989939760256296,-0.14067743223772169,0.017579609924115551,0.015321547521812123,0.01711844913812581,0.99973606961069583,-0.5333326846187505,7.4125567626223408,-7.6553670511292671,,0.08652050682638163,0.2440944881889764,False,3
0.67823816856781893,-0.65855387616747196,-0.32603646863896635,0.73095078039551276,0.65020761585808484,0.20722213424085492,0.07552445522452042,-0.37886257200328188,0.92236609228553934,-22.841534964378951,-6.0924131084107449,-9.9541066097402844,,0.2696616245768412,0.2608695652173913,False,1
-0.26610865778058246,0.95325006624985886,0.14317993382054825,-0.9639190091251566,-0.26210136834479769,-0.046508241839064574,-0.0068063280403694859,-0.1503901057464366,0.98860330264074192,9.8228941170461219,-8.5391462235784452,-5.1744959562124677,,0.398282042619381,0.1914893617021277,True,1
-0.38833522342069976,-0.8677301012538442,-0.31022608792425649,0.92030944479782584,-0.38242580207498844,-0.08234702012349443,-0.04718347238930741,-0.31748224719706009,0.94708961700991745,9.138311804053421,12.884347183073782,-6.7189642674377978,,0.4907100503180518,0.5217391304347826,False,5
0.98937801200977749,-0.0016974391396824503,-0.14535566054318405,0.012306941561527396,0.99731989331320836,0.072121907844490782,0.14484366931619563,-0.07314471342547689,0.98674726366832299,14.105595273223317,6.9026275642608121,-5.5717868689760106,,0.1064920075112515,0.4210526315789473,False,5
-0.98929490124473618,0.015276287611094874,-0.14512833427001451,-0.011252982506431156,-0.99953036397932171,-0.028503015069860783,-0.14549559703261097,-0.026564760871987243,0.98900219652129018,-2.5839909890144463,5.349503950427497,-7.811281276090523,,0.310648300247555,0.6091954022988506,True,5
-0.94725863975023783,0.3003018911827473,-0.11189210682882955,-0.29725351163728836,-0.9538119380292166,-0.043395122908569596,-0.11975566474212931,-0.0078460834188018372,0.99277239070048473,9.5933390637432634,1.2377583267597103,-5.7982287999293112,,0.1189982383902956,0.2777777777777778,True,5
0.98878966860954487,-0.012673082384703448,-0.14877628921940744,0.036149718731975956,0.98706750820654643,0.15617596511153062,0.14487301020764803,-0.15980340179667488,0.97646028269847451,3.6368873574484706,23.677296156554622,-8.4371887632073044,,0.427184025760691,0.1,False,2
-0.56964203843334438,-0.80614824311701372,-0.16010296114955619,0.81424805180426485,-0.58003980594762194,0.023535795062079992,-0.11183943035648611,-0.11695654592880737,0.98681969385594415,-2.9172871771730686,6.0705610210006258,-7.9036439080710412,,0.1323019192511704,0.5601799775028121,True,3
0.59887408241218065,0.79401399442033105,-0.10436287692296838,-0.79284585874798297,0.60620842144379294,0.062504352142846706,0.11289498519040225,0.045311438239085816,0.992573219406792,7.9561347689182362,5.5935421627609605,-6.369150897751271,,0.07572764723976588,0.3076923076923077,False,5
-0.1572894281647606,-0.9670350030842213,-0.2002581798516688,0.98602400525372935,-0.16506125553434156,0.022615105235681256,-0.054924464958675409,-0.19390225561175792,0.97948211745681024,8.6058048469559711,2.3000685179577625,-6.0042327805658511,,0.0861512649095983,0.3269230769230769,False,5
-0.43634649683855792,0.89715118524845749,-0.068713066472150031,-0.89910922674105687,-0.43769394024920694,-0.0051587845683263162,-0.034703502500716438,0.059529534488447652,0.99762312595376967,-11.090956497304216,13.942096096692076,-9.5884268784666826,,0.2371109113085149,0.6779661016949152,True,5
-0.6962918441085626,-0.6462538763794522,-0.31230369048800399,0.71051283916078045,-0.68226642296428464,-0.17229054960503309,-0.10173088624199672,-0.34186028631598803,0.93422822234418013,-7.0988481572281943,-7.8339196771175308,-7.611058325652678,,0.3096550882652384,0.1,False,2
0.43840028521675528,-0.87495151465237719,-0.20558462230764729,0.89744066501250175,0.43862351170631481,0.047007103296610953,0.049045312760606155,-0.20510792765256677,0.97750974179814876,-13.111778890549736,-7.1563260008869349,-8.5220551645909719,,0.1021065461588824,0.1333333333333333,False,4
-0.98516709828595406,-0.074777440919731319,-0.15444779954512372,0.075493815729480204,-0.99714551142747043,0.0012299701838147936,-0.15409890408902299,-0.010448127561716213,0.98800018440738024,-15.286019404396837,2.7384003661022014,-9.4164853329849549,,0.232185887163803,0.6838235294117647,True,4
0.76382216846794215,0.6422865685050001,-0.063589770207190782,-0.63572501007632776,0.76569880078663499,0.097770435395177463,0.11148724824115197,-0.034253618669881525,0.99317535364488119,8.2321654013726668,-3.4289159016498494,-5.7031254424982087,,0.1374540628934876,0.2641509433962264,False,2
-0.51028721872441563,0.85866387258608745,-0.04799279447963678,-0.85869203767108693,-0.51179611127810154,-0.026696908451926966,-0.047486196381455098,0.02758793932277484,0.99849084460356763,9.525755808964453,3.185597995312607,-5.9443492507126052,,0.09622455393546386,0.358974358974359,True,5
0.74877309790763535,-0.62609431173888819,-0.21758851223814946,0.65699197470681514,0.74451265667535793,0.11858519815322932,0.087751883288297486,-0.23174731251604402,0.96880998659228756,-18.552857435759449,-2.7071140880831264,-9.5376655464903237,,0.3654256927575014,0.1176470588235294,False,3
0.95678805009301504,-0.24031477175569224,-0.16372366253909454,0.25880034524414525,0.96046265921822038,0.10263460210365408,0.13258585332046938,-0.1405713012085813,0.98115274079819437,-6.6626460730619197,17.152209669442229,-9.2093848538374399,,0.0784331536724204,0.2222222222222222,False,3
0.67293146084855004,-0.68461565571504235,-0.28011542790446042,0.73593625006081254,0.65781895609521002,0.16022501942030581,0.074572681637887203,-0.31396755397918219,0.94650054949887052,5.3683589128353457,4.2555291562188584,-6.6078188486186162,,0.1066612899305988,0.2857142857142857,False,1
0.82643908760623608,0.54899090100411119,-0.12492968058578895,-0.54507647567537498,0.83572781568592236,0.066713220235197768,0.14103215995610827,0.012961817138501447,0.98992015897979546,-0.43150988843710603,9.5521853406658952,-7.8045704709770494,,0.07331897994629286,0.3439490445859872,False,4
0.93508880178381526,0.32632324429249893,-0.13828258391035717,-0.32023844275669561,0.94511731916704378,0.064811980306611977,0.15184292067552391,-0.016321557674321141,0.98826986911258641,-0.15726578694040083,17.131799196394489,-8.3939271951935268,,0.4099440232762263,0.9372693726937269,True,5
0.95512521939752992,0.26951156669362569,-0.12287933385711088,-0.26255477624442841,0.96237626382552877,0.069977970079545412,0.13711602656895419,-0.034575168019301432,0.98995138921786374,8.2421485508742744,3.2072789516116385,-6.0924061673920944,,0.1073854226958309,0.1956521739130435,True,6
0.73777196274316192,0.66775789350761727,-0.098954164381149318,-0.66232555745802335,0.74437328844714123,0.085048594252385382,0.13045070688969204,0.0027934037764084652,0.99145086109565761,-6.654484340862389,-3.2645023964851454,-7.8138412693949153,,0.1174087156537916,0.4390243902439024,True,5
-0.76455157390018336,-0.55116588392513233,-0.33418117727331409,0.63044501111397933,-0.7473658875859992,-0.20972200178875819,-0.13416399967295556,-0.37102614256924982,0.9188795474500101,-12.694227437090916,20.900554373370152,-10.308754360603528,,0.07772086484387794,0.2727272727272727,False,1
-0.23797507626253189,-0.91755262901984069,-0.31853576888101554,0.96819924009369684,-0.25016558464529848,-0.0027224512967269146,-0.077188694507868694,-0.30905396492822046,0.94790693224720957,10.697469916699232,14.613542011271019,-6.6749572189197979,,0.5517837916757774,0.3461538461538461,False,4
0.93638099433525757,0.32737417852836914,-0.12655742048804977,-0.31918021798916923,0.94423178101539684,0.080934122376641049,0.14599528037611315,-0.035390548927167871,0.9886520556568591,-20.995560004096443,-8.9636582871447228,-9.552175745762284,,0.2666391394386275,0.4516129032258064,False,2
-0.25045560581461823,0.96621281187196473,-0.060867000012358494,-0.96519506877524008,-0.2540930400167552,-0.061929041870546528,-0.075302514752117466,0.043238052563864232,0.99622286767695334,-13.373128515215686,-0.096037781673461886,-8.9830021868527226,,0.1775444307616938,0.3214285714285715,False,2
0.95832877303266828,0.2598652759992644,-0.11864232426721373,-0.22896760339230954,0.94708589664842158,0.22494919641207226,0.17082095707050285,-0.18841003874390869,0.96712039474205902,-7.7353678943359014,-1.8027567219709157,-8.0663601260004612,,0.3782564954941423,0.1886792452830189,False,4
0.70917850038447638,0.69284974064055604,-0.13048023408447512,-0.69313755911752239,0.71902034480925403,0.050695837018282314,0.1289425404318843,0.054488353294034793,0.99015394794055944,1.4945840125558298,-9.0311634579570246,-6.3091592963811314,,0.0740998003109436,0.3333333333333333,False,5
