axis_00,axis_01,axis_02,axis_10,axis_11,axis_12,axis_20,axis_21,axis_22,location_x,location_y,location_z,dbh,dbh_approximation,score,reconstructed,number_clusters
0.60275050699182775,0.76995862326393294,-0.20941715493865815,-0.76901751559876375,0.63055535642143101,0.10493809218079755,0.21284709775657842,0.097793971949957398,0.97217922834570536,9.7905302844659072,12.131668761595275,1.3708318312399572,,0.1211901125852707,0.1428571428571428,False,5
0.43735356788573826,0.88239817990732339,-0.17347999525553273,-0.87940762131320216,0.45999064742676432,0.12268186441427914,0.1880534291999813,0.098904278856634151,0.97716623528956348,7.579622707369575,-6.6293960194015931,0.95438414538293959,,0.2603352512708202,0.8163265306122449,False,5
-0.97402834192850829,-0.031169176642643716,-0.22427053205318917,0.043086086383614171,-0.99789640945677072,-0.048439087041652173,-0.22228895222242742,-0.056843983153054056,0.97332234295692122,-1.8978402095887861,-11.710564583906738,-1.4724129222214963,0.7299425732482026,0.3671331328358873,0.1428571428571428,True,2
-0.021078506046770775,0.99508756771692575,-0.096728636701081339,-0.99752924739029492,-0.014447221981972581,0.068750842743606655,0.067015648797790289,0.097938809224010576,0.99293347836800971,-14.943929283843735,15.631453377275648,-4.978104063547506,,0.09665647830641003,0.2,False,1
-0.88395753681549338,0.40180111243896177,-0.23911281678299476,-0.42125146239583638,-0.90629226055888801,0.034373592777440676,-0.20289474743436409,0.13111142015046956,0.97038318048576688,-22.050532482691832,-1.9338636677594945,-6.0710054220789109,,0.08069995499668028,0.2903225806451613,False,1
0.38990941448849475,0.91856873605551037,-0.064823804536769086,-0.90523389370560237,0.39525553255171364,0.15596365497722633,0.16888530480723746,-0.0021309924080254727,0.98563340684634038,2.7141352438380322,-10.993561200492964,-0.17749263599636755,,0.21548181034986,0.1818181818181818,False,1
-0.072724041162787134,0.99028119892688737,-0.11855108978360064,-0.99592931840066512,-0.06575853435336905,0.061649070631137087,0.05325416966716659,0.12255187559406389,0.99103230583136748,-0.14417295209934286,11.999667653667021,-1.2015739657134867,,0.08989891924777046,0.1,False,1
0.67739183633113487,-0.6593028416579807,-0.32628218316917618,0.72198288785336362,0.68087324199107724,0.12309483330943,0.14100003446400092,-0.31895358803793183,0.93722334529122719,4.2116757420913498,-9.3684746191836084,0.1779503158215848,0.697777741533496,0.5741261971981211,0.6451612903225806,True,5
-0.59446102726131778,0.78809287165297348,-0.15976768358210502,-0.79852901368965368,-0.60195340977194167,0.0018726344448520282,-0.094696892046412989,0.12869233898607052,0.98715286583337569,3.7766877944197002,-20.408116860502876,0.69966512650605206,,0.2709749252310628,0.2105263157894737,False,5
-0.43932726848358711,0.89783959236566568,0.029590835530706849,-0.8968889395248677,-0.4365227655935856,-0.070979611695790937,-0.050811232269133019,-0.057722972023128122,0.99703875409941267,-28.600383215241781,-9.1684072326720134,-7.5486915469181444,,0.2300391394581002,0.25,False,1
0.12222749214713606,-0.91916483485616707,-0.37442815936739771,0.99073811871808504,0.090512412627931166,0.10121997470470594,-0.059147445273417788,-0.38333211387008359,0.92171474448091684,-12.789403212266649,5.0568165943111598,-4.137236609890226,0.8806000095991808,0.6837087209413216,0.2368421052631579,True,4
-0.87322677905612056,-0.36616001615658333,-0.32156155694903044,0.42873017944537428,-0.89093509984007402,-0.14975006212250841,-0.23165799267888704,-0.26862890842418358,0.93497223701392373,-13.539616646758295,13.504280476526336,-4.526638345161488,,0.3825538135630178,0.1666666666666667,False,3
-0.85816308400175312,0.46952398486191799,-0.2076134602957779,-0.4845521707560283,-0.87439312318709972,0.025413774586462434,-0.16960340524948767,0.12240871603973358,0.97788076531102863,6.2254639500734354,11.581536057900765,0.47457161040800144,0.6614720399322056,0.3701449696182738,0.8876404494382022,True,8
-0.96663152122306462,0.0064175634999595194,-0.25609044702352651,0.021789552856467803,-0.99400345732337014,-0.10715569147508576,-0.25524246818329593,-0.10916016538972706,0.96069523821438207,18.182954860958997,-6.2705518867369694,4.0003057681813692,,0.2794908446345137,0.3428571428571429,False,4
-0.27646716928194104,0.96074975031387333,-0.022930799834730092,-0.96100980101204314,-0.27651131942521512,0.0012855304428325692,-0.0051055526658044942,0.022392130348776629,0.99973622812740948,-3.299818399777493,15.448657789075581,-1.9391183817124227,,0.3747068351309489,0.2777777777777778,False,4
0.50181238781510618,0.83052332079930402,-0.24169265823313391,-0.84295884861772996,0.53220336537349044,0.078612705221247137,0.19391933109510559,0.16428813558388194,0.96716322383246123,6.0652338195624331,0.45151039370130464,0.53949748060409208,,0.07967837010528811,0.2967032967032967,False,1
-0.30676224494433474,0.94286231686310296,-0.13002913718183551,-0.95162669880562101,-0.30633594630829286,0.023767922074025755,-0.017422720712510789,0.13103029969798369,0.99122525662133365,-19.173685430872034,1.677926285710905,-5.5064151204373681,,0.08474566356920828,0.2826086956521739,False,3
-0.063096506594334772,-0.91572313111225623,-0.39682487069431016,0.99552258590009668,-0.085791067417119712,0.039682158638548119,-0.070381899792309938,-0.39254431583885674,0.91703617610442645,-11.59635337952583,8.858114078733994,-4.0001810605413057,0.7945986766941567,0.6265717547474327,0.6593406593406593,True,5
0.69239265357529411,-0.58829029043354297,-0.41774028708825839,0.69862100179942743,0.69133059466357905,0.1843656820746935,0.18033610043396017,-0.41949558169749535,0.88966417698845945,-3.7288090211963287,16.790781331465691,-2.0603332141485584,,0.4046392820547508,0.28125,False,5
-0.88021287375942669,-0.32775443308026375,-0.3432234381046948,0.39979924067790135,-0.90178168772778577,-0.16416563231139519,-0.25570659753230046,-0.28172117292646215,0.92479582433280538,-24.798932921675025,-0.59195413305105316,-6.770499045099398,,0.4035824498026871,0.1666666666666667,False,3
-0.43310319364056588,0.86815701853795435,-0.24233244690225328,-0.90001475771542494,-0.43113889350674595,0.063974138526628893,-0.048939345651407486,0.24581018219160447,0.96808176037881377,-25.380658733667868,-0.87042788831345641,-6.8825064255838653,,0.0858393358054628,0.2,False,1
0.86911398638440451,0.44352858638772058,-0.21891384544591883,-0.42996696163865844,0.89626010347416041,0.10884042824110923,0.24447758705089881,-0.00046901748139960286,0.96965483005674358,-21.677099198550444,11.865190961686999,-6.4751311125577269,,0.1890112019188021,0.6923076923076923,True,3
0.71970130942258714,0.65530071672208079,-0.22937086972617221,-0.64878758911485379,0.75240277512090292,0.11386276037800801,0.24719362739753023,0.066865795844297859,0.96665623461505679,7.4919999451489279,-16.866088603191368,1.4507171473392884,0.2172667975234211,0.1549790987331237,0.2,True,5
0.8578345865775634,0.46342721421745864,-0.22215994056973587,-0.44360268791044272,0.88596314806837384,0.13522557281597719,0.25949273082291413,-0.017450426568548991,0.96558738872390237,-11.795760715361434,-10.971503404311242,-3.9519398566408781,,0.0698594952640901,0.21875,False,2
0.71754657387673271,-0.6233134572127762,-0.31081706577216678,0.6823092295902029,0.71869960107431441,0.13388427327974486,0.13993223193312729,-0.30814155427835155,0.940992961181504,-22.75361416140974,5.1241796668007007,-6.5916967522371488,,0.1144358468726194,0.3809523809523809,False,1
-0.70294856317554943,0.67555818782958155,-0.22245101120436162,-0.69849530759581469,-0.71466219572990963,0.036908688152428537,-0.13404336162622593,0.18132589680163463,0.97424498785111757,2.5814197259312115,7.2523043440771149,-0.42013305072709167,,0.07848558730977415,0.2121212121212121,False,5
-0.32414387393523442,0.94210632252595561,-0.085827886184380336,-0.94593345333886658,-0.32391908190545443,0.016921295220334392,-0.011859630882325042,0.086672402955887018,0.99616627312973582,8.5141978344145315,6.0314456416046243,1.1426667238134081,,0.23091137821728,0.4166666666666667,False,6
-0.82970767859050398,-0.45600592109123744,-0.32193752191642649,0.48993454247369655,-0.8712919129955593,-0.028540259978302104,-0.2674870317960239,-0.1814083853582065,0.94633064282135648,-15.121777853852217,10.208202615001444,-4.797209546563737,,0.2687920298928004,0.1111111111111111,False,7
0.96268138238621859,-0.034477899060736658,-0.26843217110346135,0.11246541520539981,0.95312011877568548,0.28091559153543122,0.24616272339580039,-0.30062154557080878,0.9214285647563687,-3.0892149464578975,-22.854865683895405,-0.91575066895033164,,0.3533146212813741,0.3043478260869565,False,1
-0.39814131701247124,0.89751161365960686,-0.1896217156174459,-0.91558389894835968,-0.40152981526672649,0.021907337546774833,-0.056476682569841175,0.1823368059334079,0.98161279205596541,2.2172977307444786,-14.703927438623509,-0.14345391165566207,0.2510897306767557,0.2283864496920415,0.4186046511627907,True,4
-0.87031961491246768,0.47174586938768182,-0.14141995125962406,-0.45895093188329356,-0.88104857685534066,-0.11453142514015643,-0.17862757352119674,-0.034774127405862623,0.98330206449548851,1.260059020717919,13.44739589018651,-0.87207596459129499,,0.4831180394188828,0.1153846153846154,False,4
0.6819034113736574,-0.6691757911297217,-0.29531592934157719,0.7182322059643077,0.68897318804146424,0.097254534473335319,0.13838437727074726,-0.27842361021632495,0.95043677191146969,-9.3377806068701048,-14.249807562178804,-3.3558026352654688,,0.1012883253883176,0.3793103448275862,False,5
-0.19661740436224592,-0.85557437084856869,-0.47888839226789365,0.97276863368586175,-0.23135808733050725,0.013950653881097258,-0.12273052439712756,-0.46310466567920061,0.87776493835614144,-25.608955424810489,-4.35881980711547,-6.9413172486994608,,0.07553705450766046,0.25,False,1
0.54807863521983824,0.83621544181484309,-0.018802778676739657,-0.81121016266885293,0.53689903380778226,0.23168405098116551,0.2038329747571111,-0.1117280733149762,0.97260935428104445,-5.7468952890603369,-0.10730895943288676,-2.4627868428350239,,0.4006626139571905,0.2150537634408602,False,1
0.18872309973319953,0.9793966515322583,0.071873434553339027,-0.97457513251539041,0.17778689922506752,0.13636395985209832,0.12077625060293043,-0.095781091199338142,0.98804811616588906,10.623003671386719,1.9480950774752623,1.8719280780920728,,0.6939642095088827,0.7096774193548387,False,1
0.76402175332217959,-0.56322744325130913,-0.31471512137025681,0.62692696032425943,0.76332141279053423,0.15589421796220143,0.1524248892703759,-0.31640996814900668,0.93629663311733502,0.26713535842850289,9.2917956369605683,-0.99752904861913061,,0.08232453071165849,0.1833333333333333,False,5
-0.4466346945140936,0.88026701071886793,-0.1601481798097274,-0.89199855759528146,-0.45202778848076003,0.0030743599543029826,-0.069685169901762156,0.14422506121080325,0.98708819707992679,-21.360482360022946,8.2471895521104592,-6.2698021445976098,0.8807686584769618,0.6090117392125531,0.8484848484848485,True,5
0.82622182966376367,0.51210286248649906,-0.23475124370319556,-0.49760713076487351,0.85877532531604683,0.12203312681509246,0.26409208923974514,0.015987459505876919,0.964364956611103,-11.123914284848002,6.6650980295571012,-3.8132373848478291,0.2011396689784159,0.1448098663723366,0.6814516129032258,True,7
0.22684900900462948,0.96805805436353232,-0.1067854414024226,-0.95876756332440627,0.24124277042075004,0.15022211966518884,0.17118494860997149,0.068304678475298891,0.9828683453381678,-21.979164704654703,3.4041635733551421,-6.3440570845164617,0.9042633518315222,0.6502823056590588,0.4453781512605042,True,3
0.84187495038774851,0.53318454958597783,-0.083431432880091722,-0.51231875392343296,0.83818956323689386,0.18699665895167056,0.16963508566322139,-0.11468431524643727,0.97881124102070305,-20.502220517242922,-0.1132106916219303,-5.7381645601791789,,0.2826835098577011,0.1460674157303371,False,2
-0.047781333517326788,-0.89414770738673688,-0.44521547765362723,0.99846956313907709,-0.055182245469869752,0.0036675972737830326,-0.027847363468838756,-0.44435886078702708,0.89541595205127378,-3.3048556022427302,13.125881987830853,-2.0109882475103036,0.4694200141395791,0.3624886153375383,0.3928571428571428,True,5
0.50633460590532164,0.8591876784380551,-0.073632873656584774,-0.83779079356483988,0.51035320264671979,0.19402627339159736,0.20428375628203332,-0.03655327301980299,0.97822901467439671,1.2658987609384287,-6.4526088869734819,-0.73866765172971183,,0.1084642951305332,0.125,False,5
-0.094499613040545813,0.99312990671649815,0.069013125711469836,-0.99439633409186157,-0.097465358163596152,0.040944287790956845,0.047389385729864106,-0.064757179859240316,0.9967751771471961,-22.363103753093899,-3.2782216887159765,-6.1613032641467491,,0.2913679553954699,0.1363636363636364,False,1
-0.15550085859377152,0.97919897702295011,-0.13034126888214298,-0.98767143630810217,-0.15170908600693592,0.038593874177515287,0.018017127342881252,0.13473572881811041,0.99071775319823652,-1.7130346662997762,18.64929549024485,-1.6832080395649329,,0.2445233121379542,0.4285714285714285,False,4
-0.88446143119097598,0.41986683839671513,-0.20356771539307744,-0.41430634440384095,-0.90733713065020916,-0.071341322739145077,-0.21465840240329784,0.021240747590225775,0.97645819210013907,-5.152773936748579,-13.209246364481386,-2.3394199620048259,0.1735151360054276,0.176949908811212,0.36,True,6
0.00052213508667270023,0.99216061897189034,-0.12496813008230304,-0.99775429536690707,0.0088870345602172478,0.066388151756263822,0.066978305829861681,0.124652824990217,0.98993715950565275,-13.184685386553506,-13.429345422037269,-4.1978519905222855,0.3927389994395186,0.4268004600408906,0.5151515151515151,True,5
-0.81889376437198547,0.56931561415231524,-0.072751179750243283,-0.54820299540865358,-0.8133922419069316,-0.19459325946855455,-0.16996022622266552,-0.11946879210902231,0.97818235989735181,0.052549463896621018,1.5340681987381741,-1.0866330754569795,0.2695269665554381,0.2108142645393078,0.2790697674418605,True,5
-0.74113488622868129,-0.54747366052069513,-0.38857646795820261,0.62302033221160136,-0.77650597929238618,-0.094255661761612736,-0.25012945861242986,-0.31194719931303172,0.91658289247345748,-6.5012987840362175,16.217158198803613,-2.8048112405178807,,0.3797999852869579,0.703125,False,4
0.85991173720879943,-0.40277109120876931,-0.31357176578423246,0.46973284257485248,0.86481456025787384,0.17733254910627375,0.19975700442560942,-0.29978529725868408,0.93285900045528258,-20.439876817864572,-1.8508000731210026,-5.7112012431975394,,0.1179808069645103,0.3043478260869565,False,2
0.92575778664109643,0.29634622575701647,-0.23484342646314521,-0.23338163125266381,0.93649240858885441,0.26175366826329749,0.29749879775761262,-0.18751235461968407,0.9361269049641493,-7.5161887605966218,-11.707237001032185,-3.017631389369396,0.767733446396799,0.6375359594306479,0.1538461538461539,True,4
-0.085934321386862619,0.97518847524735164,-0.20401649480501671,-0.99509190175454287,-0.073926655541868294,0.065779606740398969,0.049065257263230265,0.20866788767115074,0.97675499137939081,-3.071187293222247,-6.9549268591443587,-1.9724445114841076,0.2545804866899989,0.2000087443560616,0.6666666666666666,True,5
0.94239823446838189,-0.17110313558463081,-0.28741830954896225,0.24284640256418349,0.94088568616421986,0.23613502563770375,0.23002433008816728,-0.29233173376216259,0.92824079042191243,-4.2226872543733327,-8.5763563804628689,-2.3196105689569628,,0.1120828130184435,0.2352941176470588,False,5
0.96204811347442054,0.10661947909293321,-0.25118860252460123,-0.041874599683700393,0.96728913901924973,0.25019640172618363,0.26964781709044178,-0.23018255410293703,0.93504333938326623,-5.506473779487747,-5.2389981629428481,-2.5661191377508432,,0.6742527299090351,0.6643356643356644,False,3
0.73468566404604185,-0.56932777821039948,-0.36892120568386544,0.66621502620476947,0.7081122875194783,0.23395411328487029,0.12804106335158666,-0.41766358378716939,0.89953466685495398,-16.006163137599856,13.924757377376896,-5.1775541755027792,,0.3851155367723092,0.3,False,3
0.95789306089413728,0.18772948993910124,-0.2172522094204476,-0.13917979572078004,0.96539571881138286,0.22054498535168715,0.25113715048551277,-0.18102139295635425,0.95087401212682154,26.077830745430447,-7.6505633254349936,6.1694856011801873,,0.1922967761761264,0.375,False,4
0.38340775250393788,0.90434918166887113,-0.18748614064703828,-0.9110460706053638,0.40365931412518735,0.083989376438387525,0.15163625079249649,0.13860633367499947,0.97866987882062084,4.6095262162105621,4.9197557796463798,0.13536425187451046,0.4836760712075295,0.5080224398856973,0.3023255813953488,True,2
0.43734881639777012,-0.80313864244138045,-0.40459156418898129,0.89814064037993491,0.41284514425222696,0.15133498262225523,0.045490690183706176,-0.42956630208243163,0.90188878983045107,-16.297477617396257,-25.25071326019885,-4.1341584708077637,,0.2524253334146949,0.1666666666666667,False,2
0.17517133984502264,0.98213200158060632,-0.068787594580491246,-0.97643991776524763,0.18224872431137493,0.11554431825698538,0.12601622392174236,0.046926900154888318,0.99091764408065541,-23.377617802472507,2.0994010958013098,-6.585437655077846,0.4361799500161356,0.3522249207836679,0.2285714285714286,True,3
-0.12806914106689221,-0.9108894724410983,-0.39227371069492517,0.98201946519628935,-0.17178287799341269,0.078284179780424179,-0.13869414220500431,-0.37519463192358937,0.91651127821415268,-17.920620981403285,2.6859911272900443,-5.2923582662847997,,0.4822587951122926,0.4910714285714285,False,5
-0.33949064684939562,-0.84947790323551775,-0.40389775019968588,0.92973452605372764,-0.36816091013776275,-0.0071592814014438955,-0.14261771196253945,-0.37794819243002475,0.91477612128511931,4.3669235247406002,9.8206690995165378,-0.028626553210522706,,0.2221715648957597,0.4210526315789473,False,5
-0.6580465247951891,-0.69386879712477945,-0.29243950413988895,0.71903710364087159,-0.69434560145432977,0.029492869117293187,-0.22351826500919217,-0.1908671740180444,0.95582912023522504,0.21875911588284147,8.1006556621564965,-1.0465153302147723,,0.06587058563459093,0.1372549019607843,False,3
-0.75227329023057665,-0.56898074204579785,-0.33218340113057437,0.62126563772357601,-0.78045506298318945,-0.070134884671070527,-0.21934881852789032,-0.25913473299602097,0.94060368166699193,14.408570902692651,9.5144817844266818,2.6480976966627132,,0.8153474581423724,0.2903225806451613,False,3
-0.96650551340461921,0.049886412679282552,-0.25175074654996704,-0.050078280003505414,-0.99872932115897162,-0.0056487989192341298,-0.25171265051714015,0.0071476490772669574,0.96777562104152226,-24.431086713610274,-6.5499152653851667,-6.6732329543020592,,0.3585356575255285,0.4736842105263158,False,1
0.12304422664872602,0.98332185867753952,-0.13393371694747339,-0.98677691968687986,0.1355755429061038,0.088828953269685498,0.10550558782211361,0.12123281079255799,0.98700110259596241,9.8996585095737686,2.4896880609205887,1.6076901713175902,,0.1151381194305992,0.3809523809523809,False,3
0.82714524748886487,-0.49080267867380051,-0.27375805040803081,0.54350227430910569,0.82252262563693246,0.16751659062957339,0.14295459900756413,-0.28734867482198101,0.94709805284386339,-5.7375089344370984,17.144173912779056,-2.6423029516384822,0.5558480886576451,0.1931383387533452,0.56,True,4
-0.11052295391331127,0.97685553955506821,-0.18313364382016756,-0.99286484442865952,-0.10022050926819996,0.064616176145573107,0.044766922564870817,0.18896852743935585,0.9809621900366351,-5.6864542375142033,-1.92384612621219,-2.4441579106659943,0.4597692227614201,0.43014608662597,0.9837467921300257,True,5
0.78333198259200609,0.60040218300370707,-0.16096031713704828,-0.57607019476932053,0.79847185334081783,0.17488805025191279,0.23352544989125529,-0.044270961892210331,0.97134234242424755,6.2745536126379911,9.4596412940967909,0.46529122597827616,0.4882864359004073,0.4863458187086264,0.5357142857142857,True,4
0.94414246123787027,0.17757441912000932,-0.27760104207637248,-0.13057011337655319,0.97503157691484965,0.1796242453339072,0.3025664528339696,-0.13334447755018894,0.94375462485030304,3.7697427696347083,-11.919287578139173,0.16813147327954298,0.4885878904185275,0.4509658754847809,0.3448275862068966,True,5
-0.90207220063268212,-0.31010865637807139,-0.30016389870385368,0.34094093290591099,-0.9384712668710774,-0.05505416902144708,-0.26462241990231511,-0.1520009950519477,0.95229757554467209,5.2051544403338124,-17.559949837923433,0.890609408445311,,0.1237405827334775,0.1481481481481481,False,5
-0.86355936288441493,0.47954800469248376,-0.15588116618155917,-0.47134008886942774,-0.87751099352864892,-0.088391045139909002,-0.17917518633791082,-0.0028578719046211259,0.98381303364458106,0.66147056677037486,-7.3900050061582991,-0.83331802908852359,,0.4125056021146832,0.175,False,4
-0.82140938637812266,-0.49086782660769257,-0.29040557289996227,0.5105710845454422,-0.85978698206139936,0.0091385504233970766,-0.25417275148214807,-0.14076619721790617,0.95686001595050596,-26.094895698232484,-2.8713352463244131,-7.0393432086691226,,0.08956097700702795,0.3846153846153846,False,1
-0.31552437218168045,-0.89373410675169884,-0.31887884374492337,0.93701793223780472,-0.34650020442558266,0.043988668970745319,-0.14980575831437462,-0.28491569764014801,0.94677414414108452,-12.338270629498894,-14.804843614685332,-3.9652961903243478,0.1042130401013261,0.1288358388999469,0.4285714285714285,True,5
-0.64346971241590933,-0.68986033373480793,-0.33172194552469159,0.73507843608629986,-0.67778488909215562,-0.01635044094982778,-0.21355660140652777,-0.2543626624676541,0.9432355029037337,13.678214904780726,-1.230863616754698,2.6196378537092078,0.1974343519151072,0.301612135510996,0.5405405405405406,True,4
0.13337499579789241,0.98172897804616777,-0.13571781077050521,-0.98528000227593204,0.14612260984091677,0.088721474336359435,0.10693188304266542,0.12188681863805324,0.98676703219718642,-17.974828901029497,-2.3317684928950229,-5.1811594362389517,1.188326792173556,0.5632405129677822,0.7,True,1
0.87095033182507187,0.45357823058641689,-0.18897700450555294,-0.42099322654078358,0.88714493195567046,0.18904648346940783,0.2533973612739035,-0.085092058639238827,0.96361253564695748,14.230079509735202,-7.6533654340405928,2.9106960720048591,0.4746894705950533,0.4030649371287239,0.4848484848484849,True,4
0.089704828560269179,0.99215021198472786,-0.087126348435084516,-0.98780819566231393,0.099803974202265847,0.11947441280791751,0.12723211982567911,0.075346689324034016,0.98900700912206418,7.531182620964703,1.9753019519590966,0.98079782018629902,0.6916055014725213,0.5946098435711258,0.6545454545454545,True,4
0.69194701128952207,0.69021213038936535,-0.21169919374166724,-0.6795310422467763,0.72169335995859174,0.13189487031226307,0.24381734185760484,0.052591912449087785,0.968394131825694,-5.9968067047516724,-10.890575433027617,-2.663437382049723,0.2184468740878635,0.1810733385563579,0.492063492063492,True,5
0.60670522888024436,-0.65959215057045606,-0.44367438528183145,0.78823357783451053,0.57145191190055411,0.2283211316532224,0.10293974948277645,-0.48824267254208986,0.86661554375938865,-23.067742544496134,-5.893316245913037,-6.4219106349434005,,0.4048293061584012,0.2962962962962963,False,1
-0.91571125603417791,0.33793444587055854,-0.21742402320458265,-0.3379865617784828,-0.94037861595250238,-0.038120109081898348,-0.21734299995506676,0.038579385083416934,0.97533258502785458,-17.885422667243326,-0.076418663282362909,-5.1213090557932386,,0.09975943850642653,0.4,False,1
-0.34772928424855515,0.93040932688872069,-0.11585693468440134,-0.93694461688161157,-0.34022328096789672,0.079893078448700472,0.03491603890131284,0.13633269426633457,0.99004760830049188,8.4198436413734807,-1.053253550967614,1.0530610353318235,,0.1860535815152347,0.2741935483870968,False,2
0.67717346163985148,-0.68539253428521063,-0.26771846555065504,0.72492665336879747,0.68380456083690389,0.08302210437085028,0.12616437724736712,-0.25029661708609974,0.95991361767038108,-26.175422511281273,-1.4099291737550645,-7.1044499559642027,,0.1049635877161318,0.391304347826087,False,1
0.33610026879872834,-0.85195378146387402,-0.40151134923290488,0.94160817094889715,0.31313071890336164,0.12378693501874721,0.020264790048113629,-0.41967118929999125,0.90744996068975392,4.1945412074470276,-6.2178397753167962,0.088661310029052282,,0.07774481092442032,0.4,False,5
-0.91326533424840151,0.36432262230733453,-0.18225107992893411,-0.34528057856837713,-0.92969375112746777,-0.12826087157829735,-0.21616602721899231,-0.05420844943037105,0.97485060018790182,-5.2835584634678652,-7.9986532887778248,-2.5933467887755315,,0.4690333438318033,0.1153846153846154,False,1
0.65237599654186151,0.74269267780378845,-0.1510402114426877,-0.72987788732634573,0.66934240223165087,0.13877686466696759,0.20416617919734911,0.019706215045045439,0.97873787929177192,-4.4178874470199743,-22.232602279190122,-1.32711656145282,0.3030068057746096,0.2429453086976165,0.1111111111111111,True,5
-0.24817810863804105,-0.82936761070979848,-0.50055668280262333,0.95814607257513851,-0.28627885883974863,-0.00072013210571225672,-0.14270154169343499,-0.47978514075253798,0.86570346465252479,7.273876368535662,6.0516106837066106,0.8346031648672666,0.8288273761864232,0.3126845927794595,0.225,True,4
-0.95731362859445435,0.13813668194259429,-0.2539072145670706,-0.13095036622878226,-0.99036367338182307,-0.045075448197525528,-0.2576870545678725,-0.0099020981388065928,0.96617769088329819,1.9521965250203894,-15.599168914411914,-0.15432537528929621,0.4111949323042107,0.3414237563044338,0.2631578947368421,True,5
0.53950148378429397,0.83908722633103494,-0.069790942124573707,-0.82082873232916698,0.5426000698966521,0.17839662645644616,0.18755890055510002,-0.038958834123193065,0.98148044711360571,-13.529173728593998,7.5301963252694204,-4.4669779297909429,,0.3221378931871456,0.2740740740740741,False,4
0.82553540455399488,-0.47671191900216531,-0.30205470052483163,0.53515320568400482,0.83118469036842613,0.15080801352473655,0.17917126520177826,-0.28614289573291335,0.94128630126416779,-23.587877744284825,-3.0298254640225637,-6.4407118766849853,,0.1077171627209891,0.25,False,1
-0.34693477860692284,0.90937352441489172,-0.2295126412339952,-0.93757008908846973,-0.34265566860972069,0.059577015838869721,-0.024466046668902723,0.23585352628880621,0.97148058482788591,2.4758134666816951,-4.1927538524554304,-0.49829257061848065,0.2082180531683631,0.1295343722915217,0.5595854922279793,True,5
0.93388544648321914,0.3151374532533906,-0.16895667611493193,-0.24087703207277705,0.90365950259092453,0.35408721919455632,0.26426545038398286,-0.28997911810006349,0.9198238324805792,-21.257495710969934,-3.6981810279263425,-5.9471095709391477,,0.3834652866050253,0.2258064516129032,False,1
-0.72723683419619578,0.64236458730254631,-0.2418559984121223,-0.67056102127894002,-0.74013100737684701,0.050537200760226067,-0.14654181563512853,0.1989317191876748,0.96899518439019927,9.7981107114467179,-0.096040721542589066,1.5190194292570789,,0.1212843722118579,0.2682926829268293,False,2
-0.74720789949856437,-0.55545818689503512,-0.36489252875089634,0.61467271548731195,-0.78636996897294043,-0.061641907278659799,-0.25270102445854392,-0.27034880156711816,0.92900684482345186,-34.418580682132585,6.294404429727404,-9.3864197497895283,,0.5767251461733053,0.8813559322033898,False,2
0.83666227614370414,0.5333918421520365,-0.1244563313122113,-0.4928336941441544,0.83227319356186003,0.25384302471127762,0.23897946688840005,-0.15104460931791402,0.95920505649299848,-2.1072780492287402,-12.254767362206227,-1.5507433862749025,0.744976909799338,0.2687435711027608,0.2083333333333333,True,3
0.92270557996746694,0.32418185305915725,-0.20861576844532481,-0.23980075230205239,0.90637069421759764,0.3478329539576171,0.30184435043954722,-0.27092118929800035,0.91405234931982238,-8.2971652677784871,-10.390026904103504,-3.1889871455975554,,0.331825468382536,0.1111111111111111,False,2
0.65809179208231394,0.74434370450088916,-0.1134356326900072,-0.71817862895343176,0.66579348638390379,0.20233262318107859,0.22612971964883022,-0.051686391426177036,0.9727249697796817,-19.568181757084616,-3.8705093469204512,-5.5778083835816918,0.3453010720659,0.3537018389997725,0.7121212121212122,True,1
-0.43765660109994614,-0.81974354104799163,-0.36942824259082035,0.88099457483266153,-0.47308760164155561,0.0060564253861713768,-0.1797366368580991,-0.32281364296315007,0.92923952417436451,-20.461706874962694,4.0976401920348451,-5.9975763503151454,,0.2362069031227528,0.2857142857142857,False,1
0.842528354435232,-0.44197905391557318,-0.30789687863399101,0.50502800956550276,0.84695547607253419,0.16617199254102122,0.18733040737415291,-0.295501163196766,0.93679580540392648,-0.61011280941548951,-14.585527191914512,-0.94325069665046968,,0.0897471456792426,0.25,False,5
0.96498768047636885,-0.03653132201642606,-0.25973879001906752,0.076920940258400392,0.98612866428552826,0.14708305960987947,0.25076272745087269,-0.16191269248015103,0.95441203603853775,-9.9789906614453887,7.9506505837330375,-3.5267124809488153,,0.129000985698344,0.2783505154639175,False,4
0.90468060075936485,0.41196801868648769,-0.10879045081810904,-0.38480422831716504,0.89958259991527756,0.20658376460628269,0.1829719007905555,-0.14502929879580387,0.97236196244602835,-3.5423266822366433,19.395731190895702,-2.1742369258573984,,0.2357424567898963,0.375,False,3
0.37856156865280521,-0.86571708509907308,-0.32745238937392335,0.92475714257153185,0.36864517473843939,0.094472019164408894,0.038927702244833662,-0.33857741169432665,0.94013295351684567,2.7059641813676145,8.1957088486094047,-0.43046649048372948,0.2188993699771359,0.1732281665055554,0.3275862068965517,True,4
0.63736627627977416,0.74366807171803562,-0.20179699940393944,-0.73786249478511601,0.6644984346459033,0.11832484583818065,0.22208820016097158,0.073482171037081725,0.97225367157390452,-20.352725689816218,2.7908175341626271,-5.8666638409172238,,0.07671656285117164,0.2121212121212121,False,2
0.74638301768162052,-0.55736424090416681,-0.36367223413095695,0.64679533833772429,0.73620514407326387,0.19914260253560839,0.15674240402988718,-0.38385816234826686,0.90999160983909344,-2.0128622090320238,-6.1260336991745925,-1.7401936760329082,,0.320222383034308,0.4468085106382979,False,3
-0.93196963787213116,0.27043434513213049,-0.24144949587324399,-0.28789612605585363,-0.95684506882802856,0.039539029597555973,-0.2203370479209521,0.10636154959589555,0.96960755261138454,-7.4092676265464812,2.8950813335172452,-2.8640326448405564,0.2353748804802714,0.2002764738927376,0.3066884176182708,True,5
0.44050373249806346,-0.82894452481737146,-0.34468454626016898,0.8961693753263269,0.42880467329433986,0.11404824807140779,0.053262673444892598,-0.35913441346693392,0.93176475608453102,3.0717875583647265,11.703440293890083,-0.27656423864053109,0.3042557647059747,0.1432521111837942,0.3333333333333333,True,5
0.88668832280734722,-0.36472571747057148,-0.28418122600318158,0.41768478294396882,0.89544581841197179,0.15400067657502176,0.1983008832409581,-0.25524877532339252,0.94632173302834222,-8.8273626338980247,-18.517819257030514,-2.7769966671323267,,0.1064385157667587,0.4137931034482759,False,3
-0.94543581675852983,-0.14772921757428628,-0.29039145074368328,0.18402109694854632,-0.97763915124031264,-0.10177389567062411,-0.26886307345558924,-0.14965883948838632,0.95148036211737119,-16.596743078747366,-23.299163586265191,-4.3852445945821046,0.7641619259520533,0.4096875970066114,0.2857142857142857,True,5
-0.96038130578777348,-0.084329230558513366,-0.26562441221917127,0.098046505351565602,-0.9944256738449393,-0.038787394684146603,-0.26087282396163186,-0.06329423410901984,0.96329601351133809,-13.489424333156398,-11.547967939440385,-4.2772569753445309,,0.152611890842631,0.3636363636363636,False,1
-0.61926234724358775,0.76137338862986281,-0.19189765077416143,-0.77535804792044716,-0.63151233498357784,-0.0034739442400249509,-0.12383070221619284,0.14663810504050234,0.98140879522183566,6.3057308555283846,5.40769686780268,0.5659836314884662,,0.1501120061372163,0.2571428571428571,False,2
-0.83914451583370153,-0.44344661368595312,-0.31494695165485537,0.47957416513200618,-0.87640798648252893,-0.043791110599988164,-0.25660300404353015,-0.18778749170299464,0.94809849502872623,11.001408441602488,4.7760975562725489,1.8894438733828631,,0.7563352859672048,0.6363636363636364,False,1
-0.93563473893270288,-0.20871990162065485,-0.28464651406577468,0.23185757485761804,-0.97147553178198331,-0.049773046220388167,-0.26613849831145647,-0.1125668415492635,0.95733954577263025,14.909062221958424,-2.5834815867333196,2.9974872401326311,,0.2296727810447309,0.2608695652173913,False,6
-0.54533934678644547,-0.77867158597174646,-0.3102830289377404,0.81856318820942453,-0.57440946525998038,0.0028413250722486294,-0.18044196783164357,-0.25243677905564582,0.95063997855395077,4.1993463438991689,13.766132503557861,-0.091485101320802814,,0.1472400373697078,0.3870967741935484,False,6
0.96590900429450344,0.011164833575651088,-0.2586409517343109,0.065636340043026806,0.9558638583467417,0.28638462803062181,0.25042297476181835,-0.2935977363633947,0.92254468884370744,-20.366218124307615,-5.1254556756584666,-5.7899051942686874,,0.3656194314974567,0.4482758620689655,False,1
-0.91327916524752739,0.34710609320786084,-0.21316314499170527,-0.34247321907205386,-0.93764048902528596,-0.059518127985068989,-0.22052950039213329,0.018646002209532983,0.97520206421971722,14.764361893526731,7.1217014970181589,2.7439727387994473,0.751083083190652,0.552228692892286,0.3684210526315789,True,4
0.61713901150196748,0.76343227784260004,-0.19055339837020949,-0.75020296805520637,0.64392817018520443,0.15017329444044036,0.23734984138089393,0.050275926545369998,0.97012235517303236,1.1239678755253963,-4.0551995315182543,-0.83905051713411849,0.8476848412557103,0.3850571758111949,0.4263565891472868,True,5
-0.96845840863047461,0.19160680727768162,-0.15929576942838955,-0.18422439470807386,-0.98104948653302315,-0.06002730518468892,-0.16777867310052569,-0.028787781751037675,0.98540427260819297,1.8267117286534622,15.940129201631931,-0.71193105867960893,,0.3714331773238543,0.1875,False,2
-0.50564760906580108,0.83845114436166512,-0.20327364306434884,-0.85993094425532568,-0.50881001585985763,0.040387360310302524,-0.069564837081542361,0.19522306799992917,0.97828865227115491,0.32714626121002044,-5.7096269387131695,-1.0026745678799716,0.3190989129987627,0.2456788670106929,0.3730569948186528,True,5
-0.22042533440165299,0.96993462139086928,-0.10314796256480374,-0.9743571712820851,-0.2140565047293875,0.069339134363004998,0.045174934699372324,0.1157870589072392,0.99224623066279183,7.6130938881587813,16.385917060232046,0.72500973630733412,,0.2933078488973176,0.375,False,4
0.399175551391732,0.88771432914244064,-0.2293951808698127,-0.90137579850679417,0.4257549803650329,0.079084553236460187,0.16787063184889417,0.17520264418540507,0.97011519132167801,9.830064016940721,5.8580390622452789,1.4881367338264337,,0.06375629646982128,0.2,False,4
0.16286486432638553,-0.94462123300544398,-0.28489605494499864,0.98623319253915975,0.14748587139834687,0.074779727679952473,-0.02862037564333364,-0.29315293601317727,0.95563708080258658,-15.185216455741301,0.37876134034598369,-4.5182896710173113,0.2267041756855046,0.2100741089903335,0.8651685393258427,True,3
0.050199658061984405,0.98088150297503418,-0.18801986983268087,-0.99511369913220604,0.065149294462644933,0.07419093765708247,0.085021880300763616,0.18337678847787139,0.97935909314084835,-2.1238236347978967,-20.48211678954101,-0.8689042214800724,0.1669018227035758,0.1535710515505982,0.7142857142857143,True,5
-0.43796137564284893,0.87486327430650912,-0.20689148052715742,-0.8975655522944237,-0.43849595339607705,0.045797141719469345,-0.050654839644707551,0.20575604517233825,0.9772914289481972,5.7447283250983769,3.0342628314080726,0.50000741885458821,,0.07324150944948152,0.1707317073170732,False,4
-0.94760853276829904,-0.17511436743446895,-0.26715730748519362,0.17858036678734782,-0.9838585068746567,0.011466954629205744,-0.26485301814932916,-0.036842865909123758,0.96358470411728436,-7.253637552653986,-14.33691502409396,-2.8288539028102595,,0.1983374218535353,0.5263157894736842,False,5
0.4458358658945214,-0.84745049673426009,-0.28819791162834046,0.89386983543185727,0.43848311992229261,0.093430566990869629,0.047192139039307898,-0.29926611757442023,0.95300193750318596,18.958328011331869,-11.489763937018184,4.4078886115193372,,0.08956441438984368,0.2666666666666667,False,3
0.94272259038093364,0.2319270500736719,-0.23975813026795365,-0.20039888875193171,0.96835429151713182,0.14876239944066078,0.26667283883525039,-0.092194411677044202,0.95936738921180265,5.1547771823335538,12.370691367365433,0.22362674661547782,,0.08431684110391653,0.2608695652173913,False,4
0.53848287155660601,0.83686416633391536,-0.098460977785079895,-0.82104835864513515,0.54737291023279699,0.1620570575735871,0.18951461633943312,-0.0064237255172044094,0.98185688669184268,15.947123441400471,-7.8576169896027785,3.4115758955508868,0.4881457511617081,0.2785172052688612,0.48,True,5
0.49828834999739635,0.84585911680076709,-0.19034462110051248,-0.84524539991578496,0.52281134285858799,0.11058261029476318,0.19305163604091991,0.10578588896173866,0.97546932884560655,-0.35151134197187855,21.670573358599707,-1.4134193221337172,,0.1090089914931067,0.3333333333333333,False,3
0.95975450469988977,0.061592197272427068,-0.27400308747060254,0.0099124944015108254,0.96761708762569865,0.25222790129067718,0.28066534015265987,-0.24479291854527571,0.92806432636271319,-17.581550991210854,12.440551561064908,-5.4742638304782449,,0.3623166880075018,0.3793103448275862,False,4
-0.73621681176477061,0.67313052363412895,-0.069857742784598387,-0.66071261611140786,-0.73727135591876614,-0.14103115490175536,-0.14643648789196978,-0.057673615230423997,0.98753739631475101,-4.4101925602906737,-16.272761274109886,-1.9066629012838523,,0.3809499787263975,0.2,False,1
-0.54726486533931828,-0.72718441192111127,-0.41437181157033975,0.80636763252812338,-0.59073774080504371,-0.028287149017560811,-0.22421509399709605,-0.34961657948029334,0.90966798282470751,-1.4814868145714573,7.9342074640191971,-1.4356755884953747,0.4445200025642722,0.1941624549320431,0.18,True,6
0.62997558039912127,-0.72054315493978327,-0.2897383819417314,0.77369493071843309,0.61461538900369828,0.15376630899007274,0.067282406923266785,-0.32103813709473072,0.94467327275061397,-21.429219259146006,4.9221260802123972,-6.2682636882193599,,0.1522865593556691,0.2272727272727273,False,2
0.85788886898097705,0.46282512302887918,-0.22320303307043604,-0.44332921609810888,0.88630726724040276,0.1338605027283428,0.25978047392438042,-0.015885009605006356,0.96553703804539381,2.4105883886931458,-8.2488409779991905,-0.34999145170795093,,0.07733020094687754,0.2702702702702703,False,5
-0.90226453254756955,-0.3055602220131004,-0.30422304980067089,0.36431340264798567,-0.91763530459315945,-0.15881181447004147,-0.23063923768032923,-0.25412280198267317,0.93926947334335964,-0.83059291789770895,-6.9408711842768405,-1.3966659149737251,,0.5365052963476304,0.34375,False,4
0.63360635300731605,0.74283987960031284,-0.21617562930210688,-0.7421556816648327,0.6625191065326459,0.10135767189410386,0.21851300556574837,0.096215106685894003,0.97107915210040718,-16.419258044715985,7.1826449741833818,-5.1517899567706813,,0.0786752045568299,0.4,False,5
-0.5933874410416542,-0.74410394659578405,-0.30692126266294562,0.77721559942559515,-0.62885100902741309,0.021961795343688015,-0.2093496043071281,-0.22551213959737015,0.95148148593163162,-0.080165401555363544,10.71667578393474,-1.1298230063219077,0.1408028465075928,0.1253685348322617,0.4333333333333333,True,5
0.9598945565452528,-0.062897572514396996,-0.27321481600855702,0.11431546216005083,0.97762801425385171,0.17656568425717917,0.25599690511005685,-0.20071711715214549,0.94560997427914506,-17.158550118861879,11.227511558985215,-5.3218698339336425,,0.4663651099512957,0.6363636363636364,False,4
