axis_00,axis_01,axis_02,axis_10,axis_11,axis_12,axis_20,axis_21,axis_22,location_x,location_y,location_z,dbh,dbh_approximation,score,reconstructed,number_clusters
0.02369656923998998,-0.96108225511240608,-0.27524420341636263,0.99374138881566121,-0.0074187872983475676,0.11145857414189408,-0.10916283598815392,-0.27616274278598035,0.95489141515459708,11.954785574544371,1.9230430750324659,1.4392432320084465,,0.08251264750224767,0.3333333333333333,False,5
-0.69086688583972944,-0.65385266099809547,-0.3085119831640632,0.68007072869796625,-0.73254768915755808,0.029625784008833894,-0.24537063805258091,-0.18934249606369569,0.95075899636345185,30.981043463920631,-5.5436841384064888,7.1674483232693706,0.3557313394383805,0.2473578405611462,0.6785714285714286,True,5
0.9080745357308555,-0.277355890509631,-0.313806226128165,0.38105082564318998,0.85806939340073851,0.34426324867103075,0.17378407819427721,-0.43219281126425302,0.88487765711292965,-14.753958945712514,-15.930461281782627,-1.588830688616663,,0.4448313963442787,0.1764705882352941,False,2
-0.96870842636347099,-0.093297649329242921,-0.22999898548046818,0.078354946181170268,-0.99422806660106344,0.073287474998504812,-0.23550899579708817,0.05297263644890797,0.97042743813553545,-12.127580655296093,-6.0539913970850776,-2.586200129864614,0.5213194753061705,0.4362139813654263,0.9590643274853801,True,5
-0.94347496060932556,0.27520471013547576,-0.18470886882464951,-0.27943326715489852,-0.96015958136679569,-0.0032599872208483177,-0.17824715400356866,0.048538086373380515,0.9827878744982762,2.1177375976053865,9.2042339157217867,-1.788099040552642,,0.07989921751977579,0.25,False,5
0.44414812898327571,-0.84553706691743624,-0.29630981757160002,0.8958617254239265,0.41438241243738905,0.16037139764632385,-0.012814384149120242,-0.33668128063679004,0.94153146884618277,2.3262436402713016,-20.197729682020974,2.8510673909564987,,0.2853846275207743,0.5925925925925926,False,5
-0.090536023144683619,0.99492438933357841,-0.043916830741209778,-0.99174070592773178,-0.086048030663647787,0.095111033139550744,0.090849329766983428,0.052165083419033254,0.99449746271811845,-9.1364633955829753,29.899734849171939,-6.5319310166830098,0.7794197310725531,0.7426625874908593,0.5555555555555556,True,5
-0.9608520961160284,-0.16483510051321892,-0.2226940480305509,0.14809875286962004,-0.98486986418250877,0.089989499518508542,-0.23415808503636917,0.05348588845597934,0.97072614621641717,-17.640063936511414,1.1461844940209829,-4.8183746533271385,,0.07758859391702994,0.5384615384615384,False,1
-0.38976096634764767,-0.8733737275566843,-0.29206971963127221,0.89964941062538206,-0.4288674937524265,0.081875580998944555,-0.19676719003215504,-0.23084844555737091,0.95288596805210379,-20.911668475741681,-8.4977647037331234,-4.0164443373076626,,0.2172073817128656,0.52,False,1
-0.48998676661149848,-0.80496411150139358,-0.33458294597958899,0.83986262480018015,-0.53874670702617555,0.066202395215002569,-0.23354601261712904,-0.24856541365045887,0.94003802855385354,10.642734297195927,6.4526550189047933,0.52535925504841807,,0.2317447785815327,0.1304347826086956,False,4
-0.46195486480200154,0.87017165835255206,-0.17146133058428734,-0.88689623441867982,-0.45245720994685523,0.093260616237904576,0.0035738298407763242,0.19515060380915339,0.98076677634042653,-1.956309799669943,3.3459370472788925,-1.9809840001470418,,0.1099360286902164,0.1848739495798319,False,5
-0.97249214689460628,0.021300082202854332,-0.23195976100710453,-0.02243067752535946,-0.99974589707793016,0.0022374051040484622,-0.23185316244139251,0.007378873491118881,0.97272280907354536,13.549768505974889,11.036202806004191,0.72347101401254743,0.226373395491864,0.275730088715975,0.25,True,5
0.96779511301196541,-0.092142635982636931,-0.23426983131493567,0.15406638229624284,0.95276624284456224,0.26172511599386983,0.19908834490322408,-0.28938939360320015,0.93627859624882337,-19.367787476550834,-10.290966234844227,-3.427398264625285,,0.2567775346647032,0.4761904761904762,False,1
-0.11903665569505406,-0.94179644425922737,-0.31440377253082458,0.98069487938961897,-0.16100138215502019,0.11097796395300462,-0.15513809377428373,-0.29512372409694621,0.94278001640638953,-16.653967060155512,-8.0259549824190355,-3.2023805265979912,0.5118862544242,0.4339977128069304,0.9425287356321839,True,4
-0.96503770226108887,0.19685401932164295,-0.17306278713678253,-0.17347514182748425,-0.9746491857772499,-0.14129876089929808,-0.19649073357940136,-0.10633654000698459,0.97472248967425112,-3.8244535493115621,-14.275406198793412,0.45952604503124628,,0.3352512549095357,0.2340425531914894,False,6
0.80153192833658171,-0.50448730400757602,-0.32099708402446131,0.58238836947900352,0.78032687309528725,0.22784590894048909,0.13553728251897013,-0.36957073912919236,0.91926444172875199,-11.433413654210733,19.549682273824949,-5.9687042370033696,,0.2998668622376249,0.2962962962962963,False,3
-0.82069565445539183,-0.52155862799394093,-0.23331360938255344,0.52006566571792812,-0.85100118927605428,0.072997802652614505,-0.23662279285691173,-0.061429418162797282,0.96965771305382598,-10.254838801955669,-10.028126560744495,-1.5618406517377639,,0.2711163179765932,0.44,False,4
-0.95534555555603107,0.21416090861649278,-0.20359266858091546,-0.22204203096450162,-0.97489893860368571,0.016413287134764171,-0.19496719202086174,0.060886490537450981,0.97891809121373152,-10.41080736371207,-12.454801197354497,-1.2117787159916602,,0.2880659220055928,0.1333333333333333,False,5
-0.94472930200887029,-0.19820588390003202,-0.26115316102478847,0.22236186354168316,-0.97271803068491236,-0.066142531118299777,-0.24091854965548409,-0.12055729081176458,0.96302865588933806,-13.046228328712413,-3.8820689812035925,-3.1417807167764669,,0.342797929578646,0.2712550607287449,False,4
0.68208221341820696,-0.69311803657467463,-0.2331335272186045,0.728428559063383,0.67207850258069035,0.13305006843192785,0.064464629676770385,-0.26057220447270529,0.96329976527396277,-6.1700165273762764,3.2838616885554703,-2.8484070620870252,0.7469934575495162,0.6396630257326723,0.978505225793729,True,5
-0.38869012217723586,-0.87481909480599107,-0.28915660166192059,0.89923022445186185,-0.42856785096044669,0.087832798858951247,-0.20076103295733974,-0.22587861449453234,0.95324386132821814,11.066548378914641,-5.795141314995746,2.2903819614950858,0.7247156013268294,0.516805695933144,0.9120879120879121,True,5
0.71063406276765861,-0.66148172815826789,-0.23966883849821394,0.70019725509289321,0.69821081824520292,0.14908204870386821,0.068724324621705496,-0.27375824480390709,0.95934008078844202,-7.1176601253121925,15.860691014709952,-4.6193323204430445,0.9828631217195944,0.8848944062756094,0.9826923076923076,True,5
-0.56103343648775317,0.81439810688388559,-0.14831455305089508,-0.82498656158292605,-0.56482495432527069,0.019233933010122245,-0.068107682021369673,0.13314839268801049,0.98875317909692528,-12.622666019998954,11.88283180014213,-5.4182514667815704,,0.2493801917621646,0.3461538461538461,False,4
0.52671104737428398,0.84810552424881702,-0.057380243224680744,-0.82158367375987218,0.5252358022198429,0.2216475108764131,0.21811863649197066,-0.069601521571850372,0.97343715185407143,-15.463846678701882,-3.4942852920028789,-3.6546727275107762,,0.4179147779532302,0.5428571428571428,False,1
0.91862393087349603,0.33504201157567753,-0.20946819354224439,-0.28793947396502489,0.93064767342025134,0.22580028186479106,0.27059366762596709,-0.14711138105801985,0.95138704458486856,2.2926865965323664,-16.376511675148585,2.1247330640250697,,0.1652092724993836,0.4117647058823529,False,5
-0.95139225031011543,0.23662230205648102,-0.19713617684064638,-0.22682396120345211,-0.97132849491792639,-0.07121689114565076,-0.20833549067268883,-0.023039989799651606,0.97778601043183389,-5.2188411119842701,-12.45708866919618,-0.12095359559749642,,0.4656729022797838,0.1333333333333333,False,2
0.85057494847484372,0.5014296681657946,-0.15839995236792132,-0.46183915716161544,0.85637089226341101,0.23094044209756659,0.25144949779084314,-0.12327685414185446,0.95998748288382496,-5.5021192684950204,25.449853496676919,-5.2227699387418536,0.4322618049949144,0.3741996906116459,0.9054054054054054,True,5
0.94450722721737712,0.29365063448776263,-0.14722568593515939,-0.2274670188525236,0.90801493058682603,0.35180625515438041,0.2369912510378589,-0.298794562695404,0.92442249877162486,3.636107643225722,-7.1310559797863657,0.83465371718534398,,0.4560969258601023,0.2692307692307692,False,2
0.89017850360138262,-0.38124911461171829,-0.24946211001630125,0.4278355885007083,0.88772895382014272,0.16998239250477812,0.15664910130050813,-0.2580434404459388,0.95334917103051364,19.279350313171296,-7.8843537260688175,4.6325019448911346,,0.1309813533297379,0.4166666666666667,False,5
0.65479055821483945,0.75563403216619052,0.016325878382595915,-0.72488656989609135,0.62173795247825736,0.29661655252602304,0.21398314339446928,-0.20605612798557668,0.954857102640292,-2.673721813089633,15.258032822547039,-3.495790528693075,,0.3682929987793743,0.1363636363636364,False,4
-0.95808020643723313,-0.16407548860971713,-0.2348649656093291,0.16425829614498214,-0.9862358275388553,0.01892365256224153,-0.2347371512580318,-0.020448142121759383,0.97184378544240935,-15.50049196353203,-4.3248838929811519,-3.5199282845499114,,0.1014567854711393,0.253968253968254,False,3
-0.20260197807352112,-0.92597106869513401,-0.31863775422929141,0.96882706059420909,-0.23690851964659468,0.072446393831868711,-0.14257126337758097,-0.2940270961296747,0.9451039633820556,-15.063430666064278,16.81017679018472,-6.5170412736288732,0.367708311822239,0.3186935766051724,0.8785046728971962,True,6
0.48336646550107787,-0.8433688583715292,-0.23470370418487266,0.87541782766984044,0.46588389590673462,0.12882477452952001,0.0006978730644593284,-0.26773338279689329,0.96349278601830712,-4.7480002487250248,8.4547476556666847,-3.2304946719633079,0.1538201655233836,0.1152766342000336,0.6282722513089005,True,5
-0.14335441430287382,0.97348355147839305,-0.17826745889504342,-0.98558536873429392,-0.12407606303433039,0.11500700638999127,0.089838704558595564,0.19218456125016098,0.97723799638589448,3.5956907006211059,10.710507993542143,-1.6703921314023165,0.1609280937877993,0.1392705757739947,0.4473684210526316,True,5
-0.62351979621474729,-0.70966546338444858,-0.32802133133022993,0.74706602029524771,-0.66451674100097458,0.017602904580348688,-0.23046783951029057,-0.23407783109209701,0.94450629640181816,-2.7219104148945874,-6.7624467575011096,-0.57673004327197908,,0.1951513111335273,0.1372549019607843,False,4
0.98236375297216261,0.09695101940894138,-0.15988107043054101,-0.047543513176928953,0.9564845450458701,0.28788353451211901,0.18083437505420175,-0.27520504160346032,0.94422513939991803,-17.043759997959274,-4.3835390179562275,-3.8553060522664229,,0.3453500117452049,0.32,False,2
-0.44250419341895914,-0.81672690882545629,-0.37033389691878349,0.87293213153498428,-0.48687498295685894,0.030696004700088264,-0.20537656278267452,-0.30969324721597358,0.92839138303217827,-19.875747515636775,21.502887359697105,-7.9424276456525096,,0.4425285288955172,0.5333333333333333,True,2
0.95687024161208811,-0.031863001126733972,-0.28876303412386573,0.09874185836410948,0.97046336056074101,0.22011567689729389,0.27322039844057255,-0.23913513955157134,0.93175372223974728,18.756350463487617,17.882087331385691,1.2226032423080351,,0.5156429974019298,0.3636363636363636,False,5
-0.0030209853275726655,-0.96502472161884667,-0.26214148910868323,0.99292993591855583,-0.034001639593036453,0.11372788075822829,-0.11866345690406599,-0.2599445617231731,0.95830465345114757,15.163807595207993,18.449505470456014,0.24722556798798651,0.3484065179225178,0.269252995086624,0.6296296296296297,True,5
-0.70207617407403899,0.71002390590017539,-0.054360820889852834,-0.70878894341071552,-0.70412582013681002,-0.042720757429919765,-0.068609616645783481,0.0085371228715147851,0.99760705592773125,-32.367751619415444,21.772665490796619,-10.320121207819705,,0.3226430011285445,0.3333333333333333,False,2
-0.5532331608009069,-0.75688848811437814,-0.34792655309730214,0.80472394414220383,-0.59353561249076692,0.011612511762171818,-0.21529617626528913,-0.27356040149323868,0.93744987237740063,-3.6568873376838731,3.6328938241131405,-2.3709010187732762,,0.1198598451186083,0.1428571428571428,False,4
-0.10707105111949537,-0.95614851997273897,-0.27260924006002757,0.98131445331912426,-0.14571484102701901,0.12565480019265965,-0.15986786330952524,-0.25406139584440984,0.953884203361412,5.1589423098572045,-8.3174905115635056,1.3895223562299126,0.3448772680759006,0.279223337099941,0.4358974358974359,True,5
0.39505217272877635,0.90233136394081415,-0.17242937821317736,-0.89713751403386288,0.41933019926197446,0.13894770563076342,0.19768171826300349,0.099801270711463108,0.97517262298988061,-15.251851221619983,0.12179601962852898,-4.1746048577167656,,0.09525285946422113,0.5982905982905983,False,2
0.2228729856379057,0.97368509184996344,0.047591744893141552,-0.96050733261581067,0.2109897749720836,0.18140832078074443,0.16659320593621404,-0.086143234013806913,0.98225559146768726,-18.902278693294708,-8.2929537827687518,-3.652676082447349,,0.2734231290776042,0.4,False,1
0.73527414429119109,-0.5929881051291318,-0.32823320964250291,0.66794998440556941,0.71611749030218652,0.20253038887015951,0.1149554307958385,-0.36815872563156848,0.9226290704675868,-23.659725286667328,15.129179176355667,-7.971164446756883,0.297846999829506,0.3242855705488686,0.7397260273972602,True,5
-0.90465025620210504,-0.35481151677885359,-0.23604385506629258,0.34842556978793204,-0.93474100345898681,0.069705658094901965,-0.24537224022171406,-0.019184473242123606,0.96923909316277668,-1.5553143380960808,9.8090129297549442,-2.7011085290885095,,0.09276291361637486,0.2419354838709677,False,5
-0.60629022754558326,-0.7126537745206375,-0.35289765888174018,0.75193164621369968,-0.65818412644389279,0.037315614957345949,-0.25886475118308444,-0.24273082490441492,0.93491752964426866,18.854030215073003,11.991501262150898,1.9570000149599274,0.6490000591839201,0.5408123917666732,0.4693877551020408,True,4
-0.83090400951989085,0.53941334663632967,-0.13649823601191571,-0.54277750398053648,-0.83975160436849716,-0.014485307493932828,-0.12243818087683464,0.06205227176445649,0.99053440497159995,-0.28590298241825574,2.8061780083225227,-1.5215173473009247,,0.120175178981058,0.1610169491525424,False,5
-0.057057614541222185,0.99642413716643485,-0.062316671084008013,-0.99124254050423544,-0.049094169350158562,0.12258869617761789,0.11909095061160464,0.068765553934692331,0.99049918933559977,4.140865091697882,8.3426892476758532,-1.2677898219144779,,0.1513516075356152,0.3733333333333334,False,6
-0.79994483817536899,-0.52535089415222258,-0.28999085139025427,0.54799153832472536,-0.83647558177415859,0.003724918802549021,-0.2445271555494099,-0.15593280318472075,0.9570221685467224,-16.501746429245333,16.714303405775315,-6.799615700624587,,0.4811758227612304,0.3255813953488372,False,3
0.83338534069365811,0.51869779462586429,-0.19084410330733292,-0.49421067811973779,0.85395519385562035,0.16283836316863104,0.24743621309207001,-0.041389911056616949,0.96801972898974598,-9.154133666934122,19.928506350501404,-5.4553520538219065,,0.7708474502654121,0.4782608695652174,False,1
-0.43763716621214982,-0.83658611853664777,-0.32954116134647804,0.87555957934335971,-0.47990607789289969,0.055547992056722513,-0.20461948531329754,-0.26422305477236546,0.94250572600747684,-13.369182242533027,-9.0810854768994105,-2.387721658770785,,0.1021200062472463,0.2307692307692308,False,1
0.84764037532150227,-0.46319931974081091,-0.25875120157493497,0.51244987696506772,0.84110043610724994,0.17304675662571864,0.13748060853556621,-0.27927843914603162,0.95031712375651034,-18.227171698042778,13.958981041748954,-6.7788766347843898,0.1803521913111068,0.1582138674319062,0.7926829268292683,True,4
0.55325656027352732,-0.7467150156777953,-0.36922061680737184,0.83235531899893911,0.51313306553627991,0.20947333956261632,0.033042418925983655,-0.42321524359910645,0.90542644987700116,-6.0588165803625982,-13.029570079944971,-0.22615455402234239,,0.149406663483618,0.2222222222222222,False,5
-0.94587885699036189,-0.19173959464227361,-0.26181886056016496,0.19848475952858846,-0.98010372726652861,0.00069572489990926689,-0.25674303911398433,-0.051308982105227462,0.96511678061353823,-8.2738576867538178,10.66533104604321,-4.2095721910174522,0.2920017941418484,0.3030050628200305,0.2235294117647059,True,6
-0.24475159344756184,-0.90873621654614178,-0.3380756516554872,0.95418857443064153,-0.28764137378007837,0.082380850420033583,-0.17210700721033467,-0.30242507969299126,0.93750639957377813,-0.38974072873218518,5.6028233016813171,-1.9274234696441188,,0.2102636274583816,0.1617647058823529,False,4
-0.94672800551169134,-0.19869317580137438,-0.25343067191999313,0.21370674268580778,-0.97634486460544545,-0.032865384360996702,-0.24090560746997353,-0.08527442317915887,0.96679509775390604,-16.763067116897162,-8.874245075729652,-3.0786303134950459,,0.1126610879077927,0.375,False,3
-0.83689672149859873,-0.49077836786676099,-0.2423643356167223,0.49807233995732092,-0.86644315637725122,0.034643916298035551,-0.22699740464229087,-0.091721591793124502,0.96956656702085164,9.2000153341776318,-4.9395012309930904,1.7568271634308041,,0.782042784905303,0.2068965517241379,False,5
-0.31176212016458826,-0.87040951057108107,-0.3810402397882568,0.94277234515913322,-0.33328593332058715,-0.010039514618403411,-0.11825686294515367,-0.36236414082803003,0.92450394472297126,-14.607976001446156,-13.431688080497874,-1.9245593136651413,,0.308172994853408,0.3333333333333333,False,2
0.92615431652018543,0.35892653546320674,-0.11580122681305391,-0.28814781029107217,0.87152610194279356,0.39675318909475721,0.2433290394003339,-0.33408680873805735,0.91059155652341306,6.5245864360444603,-6.9542694937673799,1.4042638412547803,,0.5908322283102511,0.3555555555555556,False,1
-0.05027606985996274,0.98014294396080526,-0.19181273733327306,-0.99331823797097074,-0.029096382579464265,0.11167935635128248,0.10388067632473059,0.19614588939010802,0.97505671381806358,-15.522226640662472,1.7967862448507124,-4.5067952518156948,,0.07422639865565703,0.2857142857142857,False,2
0.42923926252113737,-0.82052722356822549,-0.37747679517254173,0.90288131663582494,0.37887962140659304,0.20311464878919794,-0.023642833592289053,-0.42800152787837054,0.90346870922766953,-10.424388465508557,11.772041040837802,-4.8948538151880197,,0.1773403910708482,0.3050847457627119,False,5
-0.96771110126814552,-0.11096531365650322,-0.22632260966926732,0.10268837584651312,-0.99355186738439039,0.048060215178421822,-0.23019626831988158,0.023267702553213181,0.97286601958825603,-18.671950910942936,1.912122993462599,-5.1155143211458389,,0.1290490646603416,0.2352941176470588,False,1
0.089370469556612459,-0.95294666880336498,-0.28966457427134551,0.98941184803966775,0.051550633971755466,0.13567139380075169,-0.11435521033148933,-0.29872257791080892,0.94746382902797965,-12.231269096657075,-12.341220784379821,-1.6309835981838381,0.1122706427966542,0.1536075129329334,0.2647058823529412,True,3
0.35505660559241436,-0.89525512586715883,-0.26917107280272456,0.93420240415180822,0.32911428619024691,0.13765774479652451,-0.034650756155870099,-0.30033655494138761,0.9532036922210092,-26.127078653835959,13.813239691235077,-8.293687748242899,0.6658747651176969,0.597064522605921,0.9552238805970149,True,5
0.43319153296998353,0.88008389897804296,-0.19441560257017027,-0.87736470544357192,0.46114214969178646,0.13258616601875395,0.20634017884316735,0.11313818337433521,0.97191742553455918,-13.115197537120491,-6.1537326394493137,-2.7746581552841909,0.2208550845639692,0.2199903911361433,0.8647058823529412,True,4
0.26086066030833827,0.96467325287928141,-0.036840617296713229,-0.94380977679412237,0.26286859623408609,0.2003077790345375,0.20291579813145594,-0.017481884716077617,0.97904012306720467,-9.3216425505937703,1.9263426674386883,-3.2629120102939413,,0.456479610821631,0.3339350180505415,False,2
0.65711806708053089,-0.69990550436800936,-0.27987163284568467,0.75175236226392461,0.63576458582418027,0.17513359826834501,0.055355503312283366,-0.32547761269735831,0.94392801202521415,-8.2537241328870525,18.149156403098644,-5.0755562134346199,,0.1024840323647707,0.3235294117647059,False,3
-0.84449483977647977,0.50774725513879249,-0.17035606971846401,-0.51958311678232438,-0.85386675284254532,0.030740090190101238,-0.12985318766078008,0.11447398520691038,0.98490296799491117,4.3402025190974491,-20.752086939369978,3.3861395099366693,0.2087242238331659,0.1989998108861631,0.3333333333333333,True,5
-0.42950391991671055,0.90193013701286395,-0.045259371671913962,-0.90264141991167957,-0.43029779691110659,-0.0090704483502719591,-0.027655918643334429,0.03695719038840295,0.99893409003927203,21.361465414586647,17.679560119960922,1.9126302744334867,,0.3052297420433632,0.5,False,3
-0.95625133451006705,0.23615068464858582,-0.17267379473365974,-0.21724508425020314,-0.96852754041582134,-0.12148652939813505,-0.19592845280060778,-0.078659122777246931,0.97745832841460623,-13.901314055473007,-2.3248641027807353,-3.5161206441503956,,0.4245003762618061,0.462962962962963,False,4
0.8995151747429847,-0.33535742714929573,-0.28001401119033958,0.41005749990217605,0.86921627301231696,0.27625335745390572,0.15074912000099949,-0.36331593246977661,0.91938905585858599,6.9080700620639401,22.992729566031581,-2.1867144567958117,,0.4199308776330699,0.6216216216216216,False,3
0.055223161212787954,-0.89230703285930812,-0.4480385715264768,0.9916477243722529,-0.003367196643534371,0.12893196940285187,-0.11655553703278364,-0.45141646081704118,0.88466829133320801,8.5733918478251869,18.149514024251719,-1.3010506603238179,0.4186988922940265,0.2685092440798755,0.25,True,5
-0.21941585468842864,-0.93242836891426117,-0.28711325214144512,0.96019906793292942,-0.25851791355070153,0.10576501460372276,-0.17284221895150506,-0.25247935602199778,0.95203977969969178,6.8035377171086617,14.037855510861197,-1.286750998985172,,0.5568393077741984,0.55,False,4
-0.17574412968577902,0.98442403443153559,0.0048292146906266931,-0.98013896800097089,-0.17543276857703866,0.092471331316187622,0.091878203546766124,0.011517992139922745,0.99570363641501525,14.470967864727193,-13.830323465080735,4.5709490350474233,,0.3628728295626192,0.3809523809523809,False,4
-0.8806682495710203,-0.38589508657809518,-0.27478794797515965,0.39952032413278515,-0.91669813870387051,0.0069305917274595508,-0.25457208174179041,-0.10367981795770551,0.96147987526828016,-27.760707516146532,17.918469352373748,-9.0068142358513725,,0.181671079860691,0.2,False,2
0.4978841733320617,-0.8171841083650494,-0.29038161612104174,0.86662950691220131,0.48141057168445406,0.13113793966492449,0.032628939525575398,-0.31694478147788729,0.94788256540531968,-11.731088061828181,14.573248547434151,-5.5291463492562487,0.1761539582542733,0.1756860939611039,0.5841584158415841,True,6
0.4367372861276031,0.89681359301578401,-0.070611063495857662,-0.86656200184362064,0.44047846710670929,0.23462526926164734,0.24151778374826355,-0.041280738819012619,0.96951795276615871,18.539945676442617,23.844742425500769,0.37178043443900005,0.4287347278225986,0.501366453398808,0.3043478260869565,True,5
0.18530786194277307,0.96624616536852947,-0.17896743897371706,-0.97002276439366353,0.20899883174705602,0.12399727773802594,0.15721587979677346,0.15062481946538148,0.9760099030751419,-0.21055541864053634,20.038054545692017,-3.4532976638602477,,0.1341855552747351,0.5,False,2
0.96297771330814685,-0.13992292759575981,-0.23042460373155491,0.19781321315205941,0.94746643348742565,0.25135093020929028,0.18314981947648828,-0.28762637526424689,0.94006766345730675,-15.394024685747388,-7.3310199948786492,-3.1034842832626302,,0.2450031797556294,0.3684210526315789,False,4
0.9653584666498658,0.15931152478283903,-0.20664672496506759,-0.11195381761081888,0.96825996839173167,0.22347030302124521,0.23568914610092878,-0.19259405930975781,0.95255349179392856,-9.0805657559570747,-9.3408592598018068,-1.4466855947971806,0.2036322643568495,0.1749664012192966,0.2424242424242424,True,4
0.93087809262565469,0.32235666408309832,-0.17190741051751998,-0.27449678653128734,0.92766904353545609,0.25314355581370795,0.24107569527768535,-0.18845775862836633,0.9520326582419073,6.4586279141116281,4.1890326251517465,-0.26643253109074949,0.850283405049046,0.8432939196596472,0.917910447761194,True,5
0.97491610921068206,-0.032666963477065845,-0.22016232533904165,0.10194596108211218,0.944847217737251,0.311240672395528,0.1978524728694348,-0.32587820521072586,0.92447703830224248,-11.8825457813904,-8.3680521449732908,-2.1574877961311825,0.5689140028860687,0.6291499105379155,0.4892086330935252,True,4
-0.88409895145724915,0.42068798816388397,-0.2034469479909104,-0.44452689958639019,-0.89137890465554526,0.088540859941562147,-0.14410024141653541,0.16871652245617125,0.97507428202880642,-10.798888028294066,-14.377092702943344,-1.016142973585779,0.4593169693169888,0.4607234241294436,0.9403973509933775,True,5
0.97321653819091303,-0.06535962692452503,-0.22040346857520671,0.10038177001792434,0.98332433063344016,0.15164682994499201,0.20681651297651199,-0.16970969316036039,0.96354841601636843,4.0169950108207342,-4.5480005400654022,0.45271918039130071,,0.07218351690671389,0.1025641025641026,False,1
-0.81505264940937172,0.56034336511613281,-0.14732444420765106,-0.57098561135451009,-0.81997801417630578,0.040143341833974583,-0.098308749950761082,0.1168390749612961,0.98827325181111148,-3.5488883214148883,17.038233434267745,-3.8991050690429168,,0.1409014893718187,0.2083333333333333,False,4
-0.97662352389155049,-0.0096911297761338531,-0.21473838638053064,-0.0035805747935545498,-0.99811118050142555,0.061329037512419242,-0.21492713199082081,0.060664267585738604,0.97474415852185936,-8.9315546198848867,16.52352008132948,-5.0202960899443472,,0.09571623705592931,0.3928571428571428,False,3
0.52613734720350935,0.82971650419522436,-0.18641355783233543,-0.82033547875286239,0.55296367009260416,0.14587968281096814,0.22411870554901281,0.076168905885361182,0.97158072418058039,14.506667712570456,-8.2690622458246938,3.5656834307736158,,0.08780731293732894,0.2608695652173913,False,5
-0.04397659897701494,-0.94813262512608154,-0.31481833478045851,0.990554583876053,-0.082348296771897547,0.1096374679610377,-0.1298756139718111,-0.30702326164363103,0.94279851596465314,13.88255427553122,1.7903759219055679,1.9440975433596792,0.4395991176907603,0.4306753404576001,0.726027397260274,True,5
-0.0065974730374914669,0.98908171005484047,-0.14722039323582997,-0.99272133301033583,0.011226266313273179,0.11990965737106389,0.1202531843058721,0.14693992575081932,0.98180844867246997,1.4146466155197235,-12.105234062532107,1.2797469257981406,,0.07876957033160263,0.4583333333333333,False,5
-0.96269060663305495,-0.14070282490203276,-0.23114824456411118,0.13719142149738825,-0.99005058235258936,0.031278718816896742,-0.23324945823733056,-0.0015998274558332651,0.97241561627943063,-20.427084046067208,0.098386362926658033,-5.2003511967313845,,0.07530591146525858,0.3333333333333333,False,1
-0.74508697334884222,-0.56938748045695542,-0.34733744290637736,0.61892310593351674,-0.78433175699873381,-0.04192712612244387,-0.24855500616054715,-0.24621452447440764,0.9368024428076448,1.32634016843561,4.1849142214209998,-1.4223625531835817,0.5260316617463714,0.4844989807686947,0.4285714285714285,True,4
-0.16484459316759775,-0.95410603908089553,-0.25001585208297444,0.97203035024373374,-0.20014192664032579,0.12288290119355515,-0.16728197245506099,-0.22276641441219314,0.96041234181026724,0.53478388123725451,-9.218664091946124,0.55181473778854773,0.655177035510525,0.2379997306487086,0.3181818181818182,True,5
0.60321431824114535,0.7787769232700511,-0.17215978058450226,-0.76609517454581888,0.62579236104954727,0.14656774675775497,0.221879854440376,0.043479013720034043,0.9741041553958445,0.4105296279304339,-11.817571038332325,1.0220404039409838,,0.07359679834684664,0.2758620689655172,False,5
-0.4836407174260568,0.85887573094027891,-0.16859458843453604,-0.87525320799156781,-0.47564277415120837,0.087725556699355764,-0.0048454461175818919,0.1899906055560224,0.98177395130059208,23.244894529581305,-1.9723906476041388,4.7883953037272997,0.55132162463897,0.5376868194598247,0.8163265306122449,True,5
0.26770409731620054,0.96341688103130074,0.012744788112724087,-0.94745710849452203,0.26081943058233487,0.18519787308148333,0.1750986688793402,-0.06165336953181566,0.98261860260329692,-25.043967586119027,18.654985762560415,-8.6421820445133033,,0.124377398961705,0.1538461538461539,False,1
-0.75529129630954162,0.63108526463608805,-0.17682320684302602,-0.64985260982068893,-0.75613388656781,0.077156536295365452,-0.085009665499236414,0.1731846827610847,0.98121374961251484,17.496173962674991,0.43171935514819176,3.0717155828445804,0.6777255531566797,0.6076249939939015,0.7,True,5
-0.14052909041676243,0.97106088174550143,-0.19311224376069014,-0.98602984742724542,-0.11964986236881228,0.11588377978702984,0.089424351992295537,0.20669947841921385,0.9743092993972623,-0.18989847199044546,14.182851162209595,-2.8552694771294056,0.2590353500193834,0.1589352319214668,0.119047619047619,True,4
-0.0058192120060977445,0.99270383437441789,-0.12043767678744553,-0.99517475190502713,0.006047671278183642,0.097931807105145138,0.097945647899212007,0.12042642106464899,0.98787859940741918,-9.2447207436290046,-4.2609998626831267,-2.2835745939932326,,0.1848366669258774,0.2580645161290323,False,3
-0.57104418088047004,0.80265783321395467,-0.17218869377178339,-0.82040142199608601,-0.56543843330704502,0.084975790235070986,-0.029155621573778157,0.1897887797514764,0.98139195473118324,-3.4735448403150184,19.693441883748374,-4.1700941728746086,0.4992850875166313,0.4367252958709112,0.8088235294117647,True,5
0.23421735304241048,0.97208262063456241,-0.014057389304203305,-0.95678728658521917,0.23304706927280483,0.1739170829224424,0.1723378071193376,-0.027284467442111021,0.98465996063295869,-12.29018293559308,10.945463144871011,-5.1501213257150882,,0.1302163394530835,0.2589285714285715,False,5
-0.93776387343450796,-0.26718508219564341,-0.22183563630132733,0.25114086297017141,-0.96295947079011268,0.098169876042617385,-0.23984825333469695,0.036348170074057926,0.97012969540395055,-7.734964654780029,-4.1700408420371566,-2.072547638183011,0.1328602983036423,0.08503295902787031,0.4797687861271676,True,5
0.9617878523539839,-0.16150334593874024,-0.22109001857818636,0.20895179554301321,0.95477339570525244,0.21153465435434465,0.17692731333421077,-0.24964861726845769,0.95203586786017935,1.8243949870180918,11.026594933295073,-2.0464281850393924,,0.07958545049078782,0.3055555555555556,False,5
0.96546875955960498,-0.13803753764956961,-0.22094278108614668,0.17690778294564899,0.96994625402187362,0.16705657916463379,0.19124254403163646,-0.20037440582214605,0.96087272145884595,-12.879481811946411,9.9418542156738745,-5.1629899575402707,,0.0890723070562232,0.2948717948717949,False,5
-0.42690159022408047,-0.87013302501291701,-0.24621850264758935,0.8811804184140607,-0.46144301153494338,0.10291461173799593,-0.2031652097869403,-0.17302851177604203,0.96373493847883096,9.4498636941738603,-6.6787106973416748,2.0647876886916143,,0.07058247177373259,0.3181818181818182,False,5
-0.80044781689202593,-0.5112632923295829,-0.31287879178542466,0.54063724050332207,-0.84121252154198978,-0.0085362627608750186,-0.25883327957151253,-0.17598675949424436,0.94975470194623013,-19.922851114964924,8.191937660661802,-6.3924058752181603,,0.2272651148151103,0.5,False,3
0.28801647308606498,0.95121492482383263,-0.11061951917928106,-0.93654896679479782,0.30389368384505394,0.1747130839825104,0.19980626623472381,0.053280350144060962,0.97838574205773532,10.449994708263267,-12.140899983463287,3.3242367310496843,0.4119246114328292,0.2022433361611661,0.25,True,5
0.96741299668623271,-0.10297452689838868,-0.23131869931464005,0.14446923850520435,0.9747492591168645,0.17027190307520085,0.20794406211356498,-0.19814168834744814,0.95786175326637468,2.4691798804603637,-9.2602232491625696,0.97198411747736391,,0.07778287968668962,0.2058823529411765,False,8
-0.34143243157699721,-0.9101177900432077,-0.23475413290139802,0.92049390656484931,-0.37428258177780854,0.11226538627164144,-0.1900391081972394,-0.17775870505999425,0.96555009198435282,-9.4357512605822347,-2.8077707658978248,-2.5649731764877379,,0.06957458214858324,0.2542372881355932,False,4
0.73187968050995234,-0.63110660804686014,-0.25701475159266263,0.67629779009078472,0.71893825471489126,0.16046521437940309,0.083507079789512856,-0.2912597383558081,0.95299230450089967,14.739408173510476,-6.7167462319955282,3.3039716152609446,,0.0855036881482204,0.3125,False,2
0.45716802699246256,0.88858548710384966,0.037592914282260109,-0.87118644091361819,0.43890969977803562,0.21998286435315231,0.17897368595433771,-0.13331956926561422,0.97477910943287505,-1.6450085541793935,13.401879727671394,-3.0382908251651175,,0.5750102778474379,0.392156862745098,False,5
0.07947937495217211,0.98348826345781026,-0.16258494579128155,-0.98728765574755351,0.10018519903919684,0.12339372229565729,0.13764488281702777,0.15071085406903659,0.97894847908358762,-16.424421489404924,6.9308091528416638,-5.4534621995866122,0.352344634696825,0.301924745305006,0.9617486338797814,True,5
0.95741720653118756,-0.18438058918449465,-0.22216230771666856,0.21827246726077673,0.96594012620258907,0.13898490071809691,0.18896936967114608,-0.18155845043319996,0.96505290342156103,-24.454739227298138,-3.4035946409279925,-5.5073816901355324,,0.08270593435529645,0.4210526315789473,False,1
-0.77662241617122729,0.59413430372441534,-0.20943269047183266,-0.62183675733103183,-0.7762334100303363,0.10383034423859064,-0.10087948221711714,0.21086991793658252,0.97229481525771078,-2.156396125413385,5.3307875928881145,-2.2840261721837534,0.2126941904742758,0.1939412151580589,0.7461368653421634,True,5
-0.94933963970332647,0.24173410630205186,-0.20079559342353154,-0.25575080674444978,-0.96561531015711544,0.046675450075408118,-0.18260825101162056,0.095664489966377178,0.97852058334096936,-8.6671221378840411,21.204422742898114,-5.4678658198261143,,0.0958058361603827,0.4444444444444444,False,1
-0.6763889852345063,-0.63042002244090256,-0.38087863678479961,0.69687771645567842,-0.71516647507797448,-0.053836430342886529,-0.2384520684769886,-0.30184020313761606,0.92305639199828349,11.798292221462493,6.1997548923338632,0.9032500455183532,,0.279582675075402,0.3043478260869565,False,4
-0.93695702492234034,-0.25325778316026193,-0.24077381235804624,0.26273659177473579,-0.96483798380278452,-0.0075596530326783318,-0.23039317869953033,-0.070343160862506332,0.97055181362387788,-23.758887900334503,16.305755347858479,-8.0973232981528316,,0.1990158999554803,0.2,False,3
-0.76213408370530922,0.64741441458000726,-0.0024928394844776769,-0.64059044175807223,-0.75464751412882758,-0.14195427202933758,-0.093784457043087951,-0.10659129989453989,0.98987007753741385,-16.705834007208228,-2.2466367856851028,-4.1610402985773014,,0.1361979803135182,0.35,False,2
0.78685910429706574,-0.5052134219250044,-0.35441804171295987,0.60170188862758056,0.75567468457366771,0.2586708493752099,0.1371407569135607,-0.41679151790951496,0.89859737557588071,13.891135993015924,-10.217554910940352,3.8194192528670792,,0.2622584392670327,0.1333333333333333,False,6
-0.80314493476177384,0.58848180504046377,-0.092991284015362941,-0.58269687319675534,-0.80841062674942787,-0.083286328561920225,-0.1241876311604054,-0.012705262489107666,0.99217740781165364,6.7355277068596227,-20.386435548296294,3.8870440129325075,,0.2185319152401678,0.2,False,2
-0.95036485990555897,-0.21573316497739842,-0.22420043395480577,0.20000441227087226,-0.97556712195162276,0.090923185377612598,-0.23833771864493364,0.041569124309556484,0.97029229605066258,-10.30843759925073,-4.143722213368795,-2.5303587789387572,0.2003753036125335,0.1790232170194466,0.8023255813953488,True,5
0.53984758115419262,0.83685803146612137,-0.090737116400154472,-0.81296407802992265,0.54629488491948774,0.20162169164988453,0.21829795453674022,-0.035078966368061293,0.97525149021348512,9.9995980373342661,18.581187486170371,-0.98614854524014572,0.2828599246974159,0.2148778448980527,0.3125,True,5
0.20192151481888015,-0.94066891204271097,-0.27270808526633433,0.97676045489259822,0.17297761584606591,0.12656128228733471,-0.071879869304641436,-0.29192591925451283,0.95373609665156034,-35.200251561214955,26.371934409498682,-11.390535937689076,0.3924053222918941,0.3223352928120949,0.8529411764705882,True,2
-0.77977810461265717,-0.57920348965002233,-0.2376329630836766,0.57594903325634128,-0.81247479356511021,0.090373784431199908,-0.24541560394110548,-0.06639297702744941,0.96714174449439128,-6.4454458206957632,6.4915781956603782,-3.3533742950001058,0.1735437458507864,0.1420702027605671,0.623342175066313,True,5
-0.97149382040895127,0.1227246189150721,-0.20282609501583407,-0.12085239047005657,-0.99243462453335807,-0.021638293486480858,-0.20394719077470716,0.0034905500260589591,0.9789756684594475,-26.416649313429676,-13.865940181897331,-4.3289346016430672,,0.645888421164613,0.5588235294117647,False,1
0.87422884886948271,-0.42557361880063466,-0.23368999718702588,0.4746508113366627,0.85040153003368946,0.22698864512086933,0.10212995203067408,-0.30936116869654517,0.94544441412539992,-17.548328014458018,12.533481962624101,-6.5183972548131743,,0.1538953123118785,0.2682926829268293,False,2
-0.2568610879436653,-0.87686455161774779,-0.40636306379468379,0.95082600958214847,-0.30458044757202807,0.056219662564896938,-0.17306727305439484,-0.37193992669923015,0.91198048768846285,-21.410895328583486,22.731365439692144,-8.2876317376459347,,0.4045475191402523,0.32,False,1
0.68308611219333559,0.72845281094261027,-0.052439160542526564,-0.70706982736295265,0.67759610643328894,0.20227648350555366,0.18288144400545314,-0.10109410851408551,0.97792349325610539,-4.3855514392021409,-9.2191715189825132,-0.48525549719450523,,0.2022001090695363,0.2380952380952381,False,2
-0.83746492172424114,0.53638244283811931,-0.10462494872840888,-0.53194961477791092,-0.84397267270383425,-0.068845733831361805,-0.12522824050126566,-0.0020006859218936607,0.99212594212468763,8.7762086420573198,-17.268864923701326,3.8588221700040388,1.060188767341215,0.6524655692451973,0.8513513513513513,True,5
0.12669426294472283,0.99172924352446579,-0.020534635991090455,-0.97454986920452724,0.12830576174872121,0.18382106499398213,0.18493543784341293,-0.0032770475238467767,0.98274520847938707,2.581412056743853,7.2482184100031342,-1.5127546527506175,0.500318003002949,0.3942973304994002,0.2278481012658228,True,3
-0.63859859917829975,0.76934039980959812,-0.017526504167169277,-0.76787451528326756,-0.63854882323246009,-0.051226254273838714,-0.050601955555108005,-0.019254858328449614,0.99853327061483077,-15.14331813905676,28.359990533596893,-7.6468345938847051,,0.507409353763577,0.4,False,1
0.097376878937567038,-0.95879792548161291,-0.2668787768642088,0.99081681623552831,0.068118141925456344,0.11679878169534358,-0.093807143188946701,-0.27580148083862988,0.95662623999864738,11.663409721332123,12.975541441633901,0.038945826584272376,,0.08568292098728414,0.25,False,4
0.62084921449655761,0.77673409181836306,-0.10597359796718425,-0.75366983169012236,0.62860145500589726,0.1919426882291998,0.2157035874972647,-0.039298363471931885,0.97566777182053011,-18.574867455088214,6.4889703416430917,-5.8555012635282857,,0.1672971782897618,0.1851851851851852,False,3
-0.90043388484290798,-0.34266549661564899,-0.2679536834153623,0.3774793803360364,-0.92164769258256141,-0.089860159015899818,-0.21616691802362228,-0.18206012244967756,0.95923197161363305,-0.34562963972368266,18.852966099817397,-3.2930637023043912,,0.2164322870140233,0.2941176470588235,False,4
0.14969424430682027,-0.84919004721300861,-0.50642659580217564,0.98441685037311233,0.080203506786746259,0.15649556607326373,-0.092277288228972659,-0.52196135988545989,0.84796299498482242,7.4311210330326576,1.123791129700467,0.35215163956528173,,0.6248484690737904,0.4093264248704663,False,3
0.54883783367268713,-0.75490622298295262,-0.35901758568499809,0.83456288752315433,0.51937411448261428,0.18372619838884052,0.047768390160095722,-0.40045864169351292,0.91506888112015916,-12.086791008243859,3.6832921339834677,-4.1347124323739175,,0.511459947374796,0.4174757281553398,False,3
0.0011313762684106784,-0.85842417469596666,-0.51293923254639906,0.99276120316493688,-0.060639702914356899,0.10367265753787855,-0.12009959816022274,-0.50934346243768358,0.8521416101762348,20.940401530326891,-8.6810302693498755,5.1496751149925002,,0.314744222284791,0.1666666666666667,False,1
0.84145700915635624,-0.40956407448204024,-0.35243066074805401,0.52551633361706473,0.77199683809494724,0.35756602896959022,0.12562915602406216,-0.48608451000322322,0.86483476126460612,2.2439934686177399,-6.3084365569554581,0.40604753095710161,,0.1330873287821284,0.1428571428571428,False,1
0.79485675538617584,-0.54688989073536154,-0.2628957698945078,0.6000973191106993,0.77267720576505516,0.20701000769831943,0.089921888398280928,-0.32230634977079087,0.94235485401430197,-3.8125138356371502,12.690524126400321,-3.5175787598115291,,0.5712713784588016,0.3805309734513274,False,3
0.92481277590426403,-0.27936029144600044,-0.25822307621019303,0.34738985482569951,0.89681776171664096,0.27393099684725924,0.15505359811506719,-0.34303896255784055,0.92643545478290701,3.9218994464041574,13.775606724180744,-1.9091682878010094,,0.3139391788182606,0.4090909090909091,False,4
-0.94332241626014013,-0.17627565717707994,-0.28119337059738592,0.20593756171100322,-0.97533544028595132,-0.079438653052122318,-0.26025475914506718,-0.13284453925170323,0.95635756322274423,24.953949381617861,9.6244393862137976,3.7473800638070189,,0.3574493632766746,0.2083333333333333,False,4
0.78721899233787174,0.60204814958071373,-0.13350761659539451,-0.56661868706483487,0.79160704729839892,0.22869531288688805,0.24337116010626045,-0.10438538333477262,0.96429983416704168,18.7007534147398,5.0124380608101102,2.7911651503819814,,0.06950455528562526,0.2941176470588235,False,4
0.97935977426708043,0.11796840727536961,-0.16412765590370726,-0.078667418360096095,0.97045230993164333,0.22810907793618196,0.18618772740460315,-0.21048935610441219,0.95970222524002669,0.24419418083058589,9.6944347549706915,-2.2763803677890122,0.4779794777750587,0.1602933491330793,0.2040816326530612,True,2
-0.52327838740347654,-0.70281553727720736,-0.48190253147101059,0.82400502767225159,-0.56147781139767516,-0.075884001468884799,-0.21724512341424351,-0.43679856669845896,0.87293273995360199,-2.016325796452155,21.643792950221421,-4.0505005147810618,,0.3476736019829826,0.35,False,2
-0.40807925488255758,0.91187411396254603,0.044237111337880525,-0.91275226284031497,-0.40851268248684874,0.00083362298754934006,0.01883158024125732,-0.040037339227557228,0.99902071202412834,-18.714704157309615,-4.8276917606014056,-4.1655118212917328,,0.7145079848531493,0.3783783783783784,False,1
0.59792647302885016,-0.76130026863538436,-0.250810354305744,0.80037567543648824,0.58400680929041593,0.13540614783684801,0.043390218032021283,-0.28170542713643415,0.95851934842287589,21.803021412674347,7.7880972433426088,3.2456663191510833,0.4136424372693006,0.4394361889483595,0.8043478260869565,True,4
0.95113466202660246,0.26593662856856159,-0.15690941423995866,-0.19686154335777067,0.91376083868723934,0.35536834753307622,0.23788313819675527,-0.30711372367118273,0.92146230161330178,15.30254537146183,-4.5552751433321923,3.1509723377905385,,0.5497436561263151,0.3064516129032258,False,1
-0.79115398292532868,0.60848525797468034,-0.061814772739825941,-0.60254141650097626,-0.7927696965801907,-0.091978527848351588,-0.10497245687506068,-0.035523217923490863,0.9938404722519476,-16.727129123410563,0.4349943694218843,-4.50507963092738,,0.3232695978401579,0.2222222222222222,False,1
-0.81200046052397867,-0.46393518672753675,-0.35414600749540248,0.50762007298453315,-0.86081984255879074,-0.036208564735949827,-0.28805748317310748,-0.20917299341250065,0.93448892193264144,-19.489465618977523,15.998762739020234,-7.2898979956642265,,0.2618855636687157,0.1714285714285714,False,3
0.56614774650618394,-0.77952963044583123,-0.26797440994049526,0.82389153767454804,0.54540843773318082,0.15405314082394062,0.026066516342610424,-0.30799868718297796,0.95102962383898626,23.137869761965479,-6.7861376518846264,5.514040130124152,0.1860642968900355,0.1773839573462106,0.3809523809523809,True,4
0.79634060072936574,0.57382202828047435,-0.1912326527820887,-0.54737702744507022,0.81821896790004278,0.17577289436652932,0.25733254255027938,-0.035298731261486388,0.96567798054834897,4.9767192049650442,-15.208677702986261,2.5520270166196584,,0.1137963594723638,0.3571428571428572,False,4
0.73992352609355472,-0.62179556474786613,-0.25667771853662097,0.6691234326649278,0.71955951172479937,0.18576313128571503,0.069188202693713258,-0.30919958723493191,0.94847699384948869,-1.3840957698981515,-10.852591689643651,0.38905393998333143,,0.1257730081838275,0.2142857142857143,False,4
-0.88649571383277592,-0.38432289345058473,-0.25772322930982883,0.39571131952892297,-0.91833735385120951,0.0083100010972365634,-0.2398705920966443,-0.094617218788801735,0.9661830473341354,27.179667860249879,12.421393834962274,3.9804398552802627,,0.3216893304376858,0.2307692307692308,False,4
-0.63825349264435072,0.75895537311148309,-0.12891555667372556,-0.76384195050930814,-0.64518887486892684,-0.016637018588169711,-0.095801637613469437,0.087852475039563505,0.99151600534736684,19.744268552376717,-0.53786324008833974,3.7288940448866996,,0.2579572463636467,0.25,False,3
0.9247805396685681,-0.23380301459364849,-0.30019510958247342,0.33124250091947283,0.8829134649167143,0.33277953520818265,0.18724144582576815,-0.40718541702237238,0.89394668584283687,9.6098610698682698,9.5681220496432218,-0.17196414322426637,,0.4894836487468743,0.1525423728813559,False,4
-0.16909206041085634,0.98436587663467101,-0.049312229956343129,-0.98279116688505208,-0.16462417212238908,0.083787852614422453,0.074359917958060698,0.062631484656472225,0.99526272899722157,-5.5865998395837266,-15.768903030332591,0.25503002446496259,0.4236434038506784,0.3951267809968699,0.4905660377358491,True,2
0.80910409359571089,0.56885245868938494,-0.14750405407887726,-0.52573027626428348,0.8128189511284486,0.25086456367037657,0.26259901436552052,-0.12542819830281365,0.95671810097058718,-11.179648121445222,1.7217499639390101,-3.6017212302329935,0.7258603369189061,0.5166150139124265,0.7594433399602386,True,3
-0.96557273935210974,0.17278496336622712,-0.19445987106494952,-0.17465103850950789,-0.98460074427408928,-0.0076412775412458833,-0.19278563164202783,0.026584409142267826,0.98088071110759611,-26.276890650495059,12.764174840934549,-8.1836515408952533,,0.2374702909956706,0.4615384615384616,False,3
0.94551876540149316,-0.19475513576700892,-0.26089212591799715,0.27053751581244101,0.91580694039217381,0.29682840239363972,0.1811179638016929,-0.35123793220821298,0.91860121824784735,0.49554327713052987,17.667739493719381,-3.0424559340100381,0.7934463869660267,0.321446942967753,0.2941176470588235,True,3
0.87636318659935686,0.43769170392654377,-0.20103118536013276,-0.41295676747465071,0.89761815686912394,0.15410500529108281,0.24789972442564051,-0.052034765039886341,0.96738725950724402,2.1914921982970204,15.877740588092474,-2.4699892589238766,,0.0753816927841128,0.15,False,4
0.45146851037726671,-0.86029783512180735,-0.23677799522435353,0.89226275774020725,0.43331296233097394,0.12691354469006227,-0.0065844732190415006,-0.26856565595900039,0.96323887647443918,-3.2636356381125728,-3.1695150046594298,-1.2648877121275057,0.2209484480536379,0.1740363114877246,0.5615866388308977,True,1
0.79127483860241543,-0.54221014119731259,-0.282652246722919,0.60216881604825556,0.77127744503858586,0.20621304457719253,0.1061924986699416,-0.33337556232804988,0.93679447461473264,1.3549925849100424,-19.8025121740306,2.5673583602458963,,0.1610431667939866,0.4242424242424243,False,4
-0.25408703823793277,0.96320715560433168,-0.087588540301157258,-0.96559414356206008,-0.24744163209882564,0.080003678808667433,0.055387064537907024,0.10490287935458013,0.99293889992536388,15.008442505031455,5.9031813945137808,1.788564345837391,,0.6469150483104196,0.2,False,5
-0.71757542101547822,-0.6248372489849906,-0.30767503544377472,0.66457728909904568,-0.74644292320699057,-0.034058614298973111,-0.2083807619916544,-0.22891346547346608,0.95088173994283098,12.660012091926419,11.775250138564099,0.42115927833432709,,0.2703398332511177,0.3333333333333333,False,3
0.6686064262264908,0.73027452667699766,-0.14023039076935945,-0.70504282425671427,0.68249765674566387,0.19264362045184294,0.23638964184742933,-0.0299343318509874,0.97119713395575824,-1.1446713654459515,-14.324421159764427,1.0442818238435483,,0.07239607088311488,0.1739130434782609,False,3
-0.78616720934693074,0.59614245959525458,-0.16295792958730365,-0.60958953323591158,-0.7913962789685508,0.045744186559125502,-0.10169424721626993,0.13530002772524796,0.98557200781102972,-10.472792976870208,-1.0837577425461895,-3.0457916668330802,,0.3277750171449619,0.2063492063492063,False,2
-0.47386534383884427,0.87644982364760238,-0.085365933114924769,-0.88055629698183391,-0.47067584649119715,0.055541474372189106,0.0084996325882548684,0.10148868980277073,0.99480038303570373,15.900891641955017,0.024587147101935922,2.668120345882647,,0.1859079946148581,0.1923076923076923,False,4
-0.91681285477537755,0.37403530547941288,-0.13982767813828778,-0.37858756261536686,-0.92554268460438416,0.0064958762507058981,-0.12698679754831946,0.058892522702217662,0.99015454552215754,-20.743051318131254,5.7914345570633019,-6.1268861492757782,0.4899034736190128,0.4250774030279076,0.6774193548387096,True,4
-0.018789978450325213,-0.95352613635327754,-0.30072386669672113,0.98944167356064916,-0.060965642695926248,0.13148522742945215,-0.1437084247055071,-0.29507812135409772,0.94460403924967351,11.191400625351591,10.984450303596947,0.12146727290249897,,0.1709419171186152,0.3684210526315789,False,4
-0.83197149707736051,0.52960288653939891,-0.16536084971961268,-0.53689331872761936,-0.84364983405988392,-0.0007223547420797255,-0.13988921458246345,0.088180156837393026,0.98623286681373301,-16.52741729150425,4.9657193516306917,-5.2059576600119861,,0.1680833606021409,0.1666666666666667,False,4
-0.41382821699167599,-0.79595452959502544,-0.44181737589037184,0.88804264745393802,-0.45974754573600424,-0.0035285255735366255,-0.20031590831607152,-0.39381287562354339,0.89709807483274917,-13.340121140963895,14.961127374399677,-5.8761149338182053,,0.2475393404841754,0.4230769230769231,False,4
0.19078804418573386,0.97629455640990759,-0.10221967188445145,-0.95822954554638895,0.20782922375049634,0.19647684799290521,0.21306351221582615,0.060464476179394822,0.9751656202320752,-0.3436795930689453,-15.2307373603033,1.3943288022895426,,0.1768742819508255,0.125,False,3
0.20815705273067012,-0.9392103967955916,-0.2730466479368498,0.97472503308977387,0.17603780820478235,0.13755653365288331,-0.081127993113484703,-0.29477876557432897,0.95211539641991649,8.9915865037037985,-8.4353111123924105,2.2686508898751758,,0.1436103336878127,0.25,False,4
-0.14235015714361196,-0.92964447070001988,-0.33984936495169354,0.96731671443602418,-0.20344807138848117,0.15135143283432409,-0.2098447205289769,-0.30719707086036452,0.92822149992387493,-16.412299327302954,24.129732028681936,-7.5270664996767112,,0.1841075759648472,0.3888888888888889,False,2
-0.56822556464566842,0.80434742753330424,-0.17362293484349151,-0.82238028764373905,-0.56239991940703338,0.086005773910610844,-0.028467001565181435,0.1916547585412853,0.98104948058208019,8.0563167824150188,-18.770852170194889,3.9542285993339372,,0.1468679591979439,0.4090909090909091,False,3
-0.9373169737495195,-0.18408737322066379,-0.29588634598737235,0.25134269692845596,-0.94525999546973594,-0.2081114837419728,-0.24137882968846563,-0.26943529832832058,0.93227725521593408,2.8099599644054623,23.02019556720386,-3.0833302447094724,,0.6836782056424526,0.1724137931034483,False,1
0.80809408376775793,-0.53373092402721334,-0.24922931712903462,0.58405801609848684,0.78097557743014989,0.22125411021886876,0.076551849165434047,-0.32435851799313187,0.94283156830615911,-24.280582804941986,14.204002921748268,-7.9882193960595993,,0.5028071929714627,0.75,False,2
0.37339155830075715,0.9272196310383769,0.029025850664333191,-0.90806863328147058,0.35892283624257082,0.21583733429115223,0.18971057282095319,-0.10694930313304785,0.97599782024310944,3.8377134187925908,-13.236882201413184,1.9653801437117693,,0.2795194285444333,0.4090909090909091,False,2
0.91678265132659542,0.3848128477196287,-0.10690482896711991,-0.31574812716233325,0.86225561385916016,0.39600300069802863,0.24456633132967887,-0.32929368138224846,0.91200492377051834,-1.2389219978509949,-19.317950332128682,1.9092335075725917,,0.1689842733994799,0.25,False,1
0.32786359146332844,-0.84101601267662274,-0.43034582815949607,0.94385006700135865,0.2720003235564602,0.18751766585234519,-0.040651155141010892,-0.46766215413126577,0.8829720228744542,-9.3667086620039708,-13.904232597553802,-0.7584651386062552,,0.4474908243561931,0.103448275862069,False,1
-0.92371807017757268,-0.28486911840587509,-0.25611425615549049,0.30180583846918235,-0.95294089324478803,-0.02858128492106897,-0.2359198225951655,-0.10369782717340405,0.96622388603582987,4.062661989577828,-15.344229372448565,2.3553592419796621,,0.1659985505778943,0.1428571428571428,False,2
0.77394673712632178,-0.58345555867524201,-0.24614235544188912,0.62555588195697709,0.76483380624902031,0.15397755475284175,0.098418934359952387,-0.27314622433707014,0.95692468538012643,-13.780417366103819,3.0527163090817453,-4.347021547720618,0.9380193070544981,0.8737248751756277,0.8701298701298701,True,2
-0.27488640627053834,0.960883949268168,0.033756476215337228,-0.95916138638321913,-0.27649044411962925,0.059686423765798455,0.066685069686466189,-0.015970921993994247,0.99764624548562908,5.4105835927643229,-11.857458517547672,2.1374927517441074,,0.3116040342429352,0.125,False,3
0.94996223562322424,0.2654785995119161,-0.16459910112426893,-0.20201812739643243,0.92406577060083817,0.32448594392841923,0.23824446917602179,-0.27499739054229255,0.93145907484009471,20.6020565110292,23.130746885480939,0.98716477866298458,,0.1794339393826724,0.2307692307692308,False,1
0.017694046994259957,-0.93658945128954108,-0.34998160013652463,0.99304396434543296,-0.024291155189813757,0.11521121758167259,-0.11640706841971425,-0.34958566834568844,0.92964469283120588,5.7776807704755218,13.003530906994854,-1.4005852368234033,,0.6850135027047113,0.3953488372093023,False,1
-0.97261426045068899,0.12387716876831695,-0.19666201317464516,-0.13794362430633852,-0.98865340968524551,0.059464207982356063,-0.18706431215277305,0.084964007530736685,0.97866647053177702,9.2506089664903097,-12.516796272138079,3.1065282065988558,,0.296096538379112,0.7878787878787878,False,3
0.97375073376490839,0.075904447135672168,-0.2145880318128929,0.008685060571149171,0.92968241782513361,0.36825965256825199,0.22745126558271478,-0.36045681695848403,0.90461970180456475,2.0730389625419594,-12.893130624752734,1.5809595483284136,,0.220948608597026,0.5,False,2
-0.67531163566837349,0.72096389692641338,-0.15545177406380922,-0.73438621505759183,-0.67677266005223879,0.051533035416135804,-0.06805205260893965,0.14896249841653567,0.98649839949247409,33.825586429651686,-4.3676148084105053,7.6659810449040791,,0.2118178311948819,0.3076923076923077,False,3
-0.21636315766394326,-0.85348713269610099,-0.47407457042945711,0.96250579624021826,-0.26784320868781125,0.042925607320103962,-0.16361410761199596,-0.44701200194402413,0.87943771462697951,-12.205221845518803,1.416413110546568,-3.7763694770638021,,0.3576697522109556,0.2631578947368421,False,3
0.39240691151999907,-0.80794938015725104,-0.43958459355947577,0.91949969339254434,0.33254051752922026,0.20961182708142989,-0.023176057523930121,-0.48645102868111212,0.87340040477019187,9.9055764263825345,3.2303788967039186,0.73823124531730333,,0.7078775221764342,0.3852459016393442,False,1
0.56221147130210969,0.82697337399322479,-0.0057706362369659703,-0.79616674589029512,0.54312886907485147,0.26670122668621454,0.22368901241405628,-0.14534810037883228,0.96376198069932673,30.41233995023147,21.244015629431498,3.6986598634049455,,0.4042330763548629,0.2380952380952381,False,2
-0.77739881535908451,-0.52594819364281442,-0.34500663686681921,0.57926886333036953,-0.81239512092259902,-0.066796343291366758,-0.24515029238047897,-0.25177900052430313,0.93622041691086266,8.4480730567414692,-6.7969774450881157,1.8134902235622314,,0.3234443402594946,0.2325581395348837,False,1
0.066268830298172127,-0.87231924487729962,-0.48442499641080683,0.99222176666548312,0.0063382972418250041,0.12432132457186151,-0.10537745435405016,-0.48889565451614769,0.86595417379275219,11.246124445837454,4.6486784128133705,0.94590704762081379,,0.1267116979553232,0.3636363636363636,False,1
0.69791580996014646,-0.63243612705925689,-0.33606259446412851,0.70773816754112273,0.68087763461094597,0.18844716206973722,0.10963671106526071,-0.36936457853574917,0.92279445149496975,8.8038903385314615,-11.442542380378908,2.8164106546736369,,0.1687609299731797,0.16,False,3
0.91246177776342829,-0.33280714749285473,-0.23801871081592194,0.37938186466806118,0.90603585051549529,0.18753249942782663,0.15324132889592518,-0.26141622015156624,0.95298407906946636,3.8857203905492708,6.7851283697313747,-1.1654489443975415,0.205684415102369,0.1387552030976168,0.4285714285714285,True,3
0.92411722565918986,-0.24100676064435858,-0.29651828706451783,0.32190465500061916,0.90913222608129163,0.26430283500070229,0.20587556030013676,-0.33969741951358567,0.91772594866164525,-7.0940099334456121,-7.8160378985568055,-1.2863337759326181,,0.1575417615904129,0.3214285714285715,False,3
-0.96237521325296249,0.13676931748020052,-0.23479374504512612,-0.13175158956825009,-0.99059188585462987,-0.037003166421367722,-0.23764567650717938,-0.0046764810454207259,0.97134065237818434,-17.965248299444614,4.7770413094377719,-5.4362597052898938,,0.174519776642049,0.3333333333333333,False,3
0.9019964969585843,-0.33712896471517667,-0.26971536964829551,0.40170967596152596,0.88426092515797339,0.23814271451726496,0.15821395549485912,-0.32315116801404109,0.93302822406282671,-2.0684744114287184,-14.963496824830615,0.96448592328844629,0.5742050893876036,0.307318524875508,0.3508771929824561,True,3
-0.83373269425269259,-0.41848927181226026,-0.36021732872280132,0.4936211164000851,-0.85723324918859933,-0.14659246204866938,-0.24744289841917066,-0.30002980829177833,0.92127852800242704,11.633915030323177,33.606221718455764,-2.2400135864796944,,0.5903832938291932,0.2666666666666667,False,1
-0.38113252624433547,0.90475931329403136,-0.19012780555806219,-0.92414693202717813,-0.36699045383654916,0.10616239832256121,0.026276328955267464,0.21616797126437809,0.97600254238197448,-12.171900961042176,-0.90381406514233131,-3.4471660155858004,,0.08714473519490244,0.3777777777777778,False,1
0.76740467453533057,-0.59707616670103958,-0.23364527955624781,0.63396271686891159,0.76107126780929402,0.13733826464370152,0.095819304534696156,-0.25351642249122192,0.96257367739084809,-11.002340325979308,15.280769897754803,-5.4743983991269483,,0.09119673409300448,0.2173913043478261,False,1
0.55533494446079723,-0.75296358334937974,-0.35305656998614932,0.83145286364094395,0.51138277690995493,0.21719528315121489,0.017006910477698922,-0.41416602664816027,0.91004245360668656,1.2692107047027483,-16.863435073077891,1.9815878176568007,,0.327252055568256,0.5333333333333333,False,2
-0.67373348953870094,0.72946598987549194,-0.11816325439397114,-0.73770719408654417,-0.67328441915174753,0.049761297415281777,-0.043258304023197774,0.12069573539468191,0.99174656973975661,-17.812317182675937,5.6497696467287515,-5.5699671935379644,,0.1340423623013184,0.2173913043478261,False,3
-0.64803698104572682,0.75484277810851785,-0.10129388695551308,-0.75971227776609995,-0.65006072107072488,0.016072147723769456,-0.053715232556376627,0.087369555672587113,0.99472671349119346,-15.801575853641294,-5.3149875117033485,-3.4782293432639566,,0.1057058503338298,0.1851851851851852,False,1
-0.96097092238614579,0.16270954137821267,-0.22374201990867018,-0.14938298835400515,-0.98590279606005127,-0.075368425161999722,-0.2328510449165887,-0.039003613492399586,0.9717299568376947,-7.3580734191111858,-0.79323265660768383,-2.4944103050344144,,0.5790076849736353,0.2804878048780488,False,2
-0.16501560340321134,0.98411796968695298,-0.065434489168206489,-0.98287423152583364,-0.15856414793750456,0.093891724828953388,0.082024969588393115,0.079807472883704406,0.99342975173685066,-6.1545111543921456,-1.330961339714346,-2.1496549419864612,,0.09598854147153887,0.3097345132743363,False,1
-0.30861019736229883,0.94837779125641408,-0.073070590086642073,-0.95115790558421898,-0.30830541703424591,0.015697403351617664,-0.0076409900305324241,0.074346048173031698,0.9972032292328421,20.192065035520262,18.269695786160831,1.5355217786494217,,0.1890998191649078,0.1481481481481481,False,2
0.24455653267588748,0.96660724420418564,0.076567210851226669,-0.95478128324568901,0.22628950844402423,0.19283609499229071,0.16907040985714072,-0.12026426659715012,0.97823908258185366,-6.3949795283177089,-6.14463761538918,-1.3891409887230055,0.4088229369827377,0.5307932684812527,0.2151162790697674,True,2
0.97587023450791355,0.073410922075966431,-0.20564075938740051,0.013719446418726662,0.91931302037637563,0.39328786830568463,0.21791985267853423,-0.38661920165250746,0.89612305556890115,0.87067676410225603,-24.562758091327687,3.2719588872723953,,0.358601581037053,0.2222222222222222,False,1
0.69694277758104617,-0.66310226581400489,-0.27306803154149989,0.71373061658938597,0.67840121859519409,0.17424234144286177,0.069709193945645287,-0.31633395594037772,0.94608321864334954,18.166681965993615,7.0227082219153827,2.4187215643171562,,0.06631156814924025,0.1428571428571428,False,2
0.61834722642561435,-0.66999736693720902,-0.41079220521932619,0.78462088904992155,0.55615842604596344,0.27396690603900964,0.044908440612660583,-0.49172282175559412,0.869592949906136,-15.662872422097792,5.5179064835720792,-5.0825337427870911,,0.1349267819338765,0.2727272727272727,False,2
0.98028770049427882,0.031259519223222051,-0.19508681841060516,0.027185790918412885,0.95667179304820127,0.28989655596105285,0.19569608333275287,-0.28948561768052061,0.93696377738114711,22.079580778742656,10.359164307940786,2.9435873570063134,,0.4241005328133715,0.5161290322580645,False,2
0.83726334555494608,-0.48725655126677769,-0.24813533290876755,0.53237194609153704,0.82996071622847689,0.16656926646960749,0.12478061229553437,-0.27156263138568881,0.95429740439237898,21.184708664193622,12.144492266226472,2.5573271581942034,,0.1493054248298571,0.25,False,2
0.67877079270737595,-0.61167023197797799,-0.40636158563452773,0.73315434571854465,0.59602227552359355,0.3274784762907183,0.041891721394728326,-0.52020858738748688,0.8530112011497285,35.006213292172724,-5.5982966702405657,8.0292063999747203,,0.5219504207791792,0.4166666666666667,False,2
-0.69355749631050501,0.72039500618046015,0.0030057248309249551,-0.71707705560129997,-0.68995077884464062,-0.098835313030539232,-0.069126663753393686,-0.070703308564233236,0.99509926465473642,24.230700897649189,-6.7649219728013934,5.7449623584457941,,0.6905350330877427,0.303030303030303,False,1
-0.10140505256123049,-0.9228159217310925,-0.37165547206337146,0.97915403080044205,-0.15866872991425579,0.12681331994172776,-0.17599545244778378,-0.35104844216573622,0.91966874034660384,8.7032328634101965,-13.507560200756512,3.1430721970250834,,0.1659781878096202,0.2105263157894737,False,2
-0.88440736326999836,0.45930632571061808,-0.082833054730705485,-0.44354428360515824,-0.88238270231833149,-0.15706442987062619,-0.14523114085827254,-0.10216881036602853,0.98410845434504546,-6.0578652849423644,-17.365064267342827,0.45694199898220383,,0.6300384828723845,0.2222222222222222,False,1
-0.96535730478692983,0.15692583044704811,-0.20846956092681582,-0.14730983081518126,-0.98720896993510487,-0.060977564930651498,-0.21537197552076676,-0.02815552198367946,0.97612610801172039,-10.1700725516333,-6.5325500235016092,-2.099133502531171,,0.295592077936348,0.303030303030303,False,2
0.91724465307575564,-0.30733679707902634,-0.25338969901150976,0.36376306276423154,0.90550225629035508,0.21849965222275089,0.16229196089863451,-0.29259145068556369,0.94236487753597586,-35.445196895470069,14.037749681191984,-10.02574205273678,,0.4228465353139902,0.8,False,1
-0.4607691968882659,-0.82231037917606453,-0.33391224520562335,0.86273713039961708,-0.50328182442997926,0.048908578268707301,-0.20826999550769948,-0.2655429259041735,0.9413344588792415,-10.538846731690461,-3.3436406478676854,-2.7087577703400991,,0.2013285103206262,0.2352941176470588,False,1
-0.66537802843758065,-0.6391965232878638,-0.38561623914096899,0.70835564850565058,-0.7036375678776674,-0.055914651937928231,-0.23559362152370977,-0.31035782201824336,0.92096344542518882,-9.4793094282182118,-5.7213633997366617,-2.0995138159719131,,0.1987134868590035,0.2368421052631579,False,1
-0.12740408094127653,-0.93831380712780743,-0.3214582391428602,0.98327354775802633,-0.16201589384366288,0.083210458605774792,-0.13015886615537575,-0.30548003125467726,0.94326063209793087,7.3887659849142313,-10.919546175234389,2.4064376946208497,,0.4755925593992116,0.2380952380952381,False,2
0.31917091504850659,-0.88435969043948182,-0.34064331038915613,0.94672316872637219,0.28124148379243796,0.15690273927157783,-0.042955427873505009,-0.37257370508398974,0.92700791015837203,-7.3481904182701863,-5.7436751100637036,-1.7158815416716364,,0.07924590953790393,0.1724137931034483,False,1
-0.27420414670055954,0.94673757242089362,-0.16881959275751304,-0.95961501518918846,-0.25789435459526611,0.11238115718992127,0.062857844026602383,0.19281719538071712,0.97921929137953723,20.209146689867278,1.966948397198099,3.4852916066815958,,0.1131286592840398,0.3684210526315789,False,2
0.93842020266049042,0.290450603603496,-0.18709882443513459,-0.24741424151166641,0.94293173963778354,0.22285853692616375,0.24115081657720189,-0.16284403965152763,0.95672780999306228,-7.8506536563998743,0.31082531904012817,-2.733681821764935,,0.2602062785964346,0.2,False,1
-0.078277993948681276,-0.94581195846132748,-0.31513853286280102,0.98792285941681746,-0.11599311296591981,0.10273276783078733,-0.13371977978245891,-0.30329084551964941,0.94346896266856972,7.8814889850517451,-9.3567794830398672,2.2006961056967573,,0.0976538621491655,0.1071428571428571,False,2
-0.68027610964214968,0.72112961215224947,-0.13113541522902464,-0.73010726159746187,-0.68245710066079956,0.034578784251484904,-0.064558509995180619,0.11926603973806461,0.99076122782050824,35.430556492662596,-6.4214521156068169,8.2584234854596374,,0.08253527571683264,0.2666666666666667,False,1
-0.94911131894941325,-0.17952081439854492,-0.25876626797128699,0.22086509949977148,-0.96512641122879972,-0.14053333473440843,-0.22451350085253383,-0.19053421620879668,0.95566228364869465,-6.5468697320212277,1.2490521413226505,-2.6614052768868581,,0.3173400831288226,0.5266666666666666,False,2
-0.82995900577204429,0.54137365636506529,-0.13447160641488654,-0.54479711881247062,-0.83846530368504923,-0.013116167503091636,-0.11985052386831963,0.062373862396509161,0.9908306380094587,-4.4800757159367439,-13.650075735840801,0.28985369102417474,,0.1511113827249212,0.3666666666666666,False,2
-0.3263326529903316,-0.85621923113374998,-0.40049422945783375,0.92681691883912276,-0.37310429274203322,0.042468643621193972,-0.18578858561776235,-0.35732592261715257,0.91531458334277305,1.2972664822589608,14.82081158724521,-2.5550911158292537,,0.3970652421116813,0.2380952380952381,False,1
-0.87897352517178207,-0.39845572075732205,-0.26198965751123643,0.40778611976761164,-0.91285347627412383,0.020224029744936187,-0.24721654995563519,-0.089059359137666994,0.96485875027281687,8.2753424544130443,4.1441624318980717,0.24987726476895705,,0.07783821934024782,0.1538461538461539,False,2
-0.83788153914269825,-0.43297749694425169,-0.33239286018769088,0.48650921972398814,-0.8684870883849799,-0.09507342652990268,-0.24751425309953279,-0.24137246000418316,0.93833684253796068,-4.7337641125393768,15.531042266591749,-3.9916544490155297,,0.241300530903905,0.25,False,1
-0.80765633427421502,-0.54105805679730734,-0.23440867066185855,0.5351640587148262,-0.83951850642030568,0.093851519101681768,-0.24756953763864409,-0.049647321705616462,0.96759726512679201,12.015500223288305,-9.4576533933602889,3.1685407921998179,,0.08339095929358897,0.45,False,2
-0.70618868480699637,-0.64664147684153617,-0.28836147779959087,0.66605155088398738,-0.74487410141966504,0.039216126775644386,-0.24015177079422428,-0.16436962451269913,0.95671822054456279,-9.6733340851090848,14.159939759418377,-5.0041413288504266,,0.3490076282467849,0.32,False,2
-0.10586561623963911,0.9840299002295898,-0.14310005853368546,-0.98971960246654189,-0.090355511751741835,0.11086473735841577,0.096164337421266233,0.15336569678459247,0.98347922360266715,23.758351470497438,5.0057880363035325,4.0487890129190225,,0.5007456542191916,0.125,False,1
0.98621352926874328,-0.090433050246435859,-0.13858116073411816,0.12682458889035791,0.95100865915362376,0.28195399246618025,0.10629392428582923,-0.29564234073953738,0.94936674052863579,-20.930907097968316,7.9168238551809909,-6.5551656444899304,,0.1976794585324774,0.2580645161290323,False,2
-0.1491771822544882,0.98684203887294752,0.062361515437776377,-0.98507611792475203,-0.15379390409350202,0.077281802243346159,0.085855752217962447,-0.049902158037138322,0.99505706591849552,15.234843949144739,7.2983531165155915,1.6152307919500035,,0.4738379746931352,0.1304347826086956,False,1
-0.73461657364224275,-0.57382685966679237,-0.36202379045454874,0.63380517139872772,-0.77081255881545629,-0.06433509058514203,-0.24213528127549044,-0.27671417437008261,0.92994611202172506,-3.2261285295304121,-15.152173851684124,0.74598251582318698,,0.4096014868509818,0.4230769230769231,False,1
-0.39650289981983888,-0.8245882727006798,-0.40353392789078918,0.89644993841710974,-0.44252503742023624,0.023432865129534491,-0.19789633232179718,-0.35245676583196461,0.91466456686200137,11.489215854061506,23.595321318372982,-1.1852306463273594,,0.2667077122866385,0.3684210526315789,False,1
-0.1226784184053961,-0.92267033286115019,-0.36555363835618615,0.98155914405505029,-0.16721119065859733,0.092639432427294027,-0.14660031507287957,-0.34744765731895344,0.92616870657785866,33.203856931365564,2.926966354730304,6.5576736365798194,,0.2985901831500847,0.4324324324324325,False,1
-0.72655009155626393,-0.62247887222535281,-0.29093816884802021,0.64328638627264056,-0.76502367764343915,0.030354536418725764,-0.2414696454958119,-0.16510247205284903,0.9562602072794657,-6.811635546615066,17.63476109911176,-4.6883751786189238,,0.5138364599913992,0.1607142857142857,False,1
0.050993796364547095,-0.94031587259147131,-0.33646053629641492,0.9927462859333136,0.010997867179037873,0.11972409399583724,-0.1088781176267432,-0.34012513384055032,0.93405591311869807,23.773108233105283,9.8559696255860771,3.4516228677154119,,0.2269426326286338,0.25,False,1
0.97357910143801485,-0.056556539402648286,-0.22123537487017,0.095296536301292506,0.98107302959463605,0.16856536053109858,0.20751458602258396,-0.18519467717188715,0.96054184090807626,-6.8321634041860406,10.740777357507254,-3.961090442941007,,0.8356959151145591,0.4429530201342282,False,1
-0.14869325273804854,0.9885841564733151,-0.024324517675038598,-0.98513911892301342,-0.14594691260411236,0.090556143187066507,0.085972280170806811,0.037428121396512248,0.99559424605155322,-5.7773701305858429,9.6717162690324852,-3.5912485349010028,,0.3236375980659231,0.3389830508474576,False,1
0.54182282708712226,0.84037331906921264,0.014167167815533815,-0.81112125917721034,0.51839720344712681,0.27082585247530283,0.22025060035808031,-0.15823092003395911,0.96252410306813185,-3.6598853087099701,25.808629030362805,-4.8340264837199696,,0.1713750554685033,0.1578947368421053,False,1
-0.28698651200134534,0.94135442471332209,-0.17745587902899307,-0.95655521734339932,-0.27167534668571536,0.10580464156320939,0.051389280034114138,0.20011085196922035,0.97842464647091187,1.2419583330823691,-0.31350593035526481,-0.8424483246714356,,0.1281314148858659,0.3472668810289389,False,1
0.61468947018189024,0.76739083565040545,-0.18239561564709006,-0.75455543144606407,0.63945550119993466,0.14745427379491446,0.22978893820798357,0.046989013023409187,0.97210548631942961,5.9690408096900356,-18.132490503634894,3.3775234556180229,,0.6503938542452308,0.7017543859649122,False,1
0.92646721127968945,0.3183158642436551,-0.2008320616695754,-0.28717994692367399,0.94276625135779746,0.1694682075956539,0.24328210889531712,-0.099331796880872153,0.96485595278252068,4.9247240811393276,-10.562171026124357,1.8062928319560609,,0.7597382882625942,0.59375,False,1
0.84996692564960197,0.52293071416934689,-0.06402884881130691,-0.46501270742956646,0.80178809768153791,0.37536519330545998,0.2476275574946957,-0.28927377101036617,0.92466279160278431,20.662516850348201,-15.039733325294895,6.1971645373276614,,0.7680534157376275,0.7777777777777778,False,1
-0.35712967164354942,-0.8800879628404612,-0.31289547023742248,0.91427660765396146,-0.39794124765727623,0.07576970443214405,-0.19119801863129954,-0.25901339941458129,0.94676046421213,24.40014901663654,-8.8372089132893414,6.0512704230196901,,0.7061516679991529,0.1666666666666667,False,1
0.18962376256018321,0.97793583357842195,-0.087660333536876578,-0.96871495374159633,0.20089707789369043,0.1457110239178683,0.1601067364914307,0.057287603345345245,0.98543592558471815,4.7747742223901604,16.337249755727829,-1.9304352473732622,,0.1029342627584725,0.25,False,1
-0.97384895844853236,-0.046554034263657069,-0.22237564619914399,0.038890731076390579,-0.99849303635911091,0.038719082875331615,-0.22384306369653825,0.029058187075954624,0.97419192390350173,14.967819947513613,-12.57333721434973,4.43433200790912,,0.1537598244669526,0.4285714285714285,False,1
-0.4003849392771659,0.91617930336168185,-0.017532384085571368,-0.91610707667786651,-0.39976898257636495,0.030538248649713454,0.020969608025753414,0.028288595963072927,0.99937982312916662,-7.7779163621129781,-10.050053414914949,-1.0291712214910098,,0.288465387658526,0.2631578947368421,False,1
0.29251781635466284,-0.86590471247429646,-0.40576145212415693,0.95495458672498057,0.24235211607127641,0.17125182956305754,-0.049950619696053217,-0.43757797105267904,0.89779198862620724,13.141093470804327,14.215492875155755,0.23879182864872905,,0.1049514894036128,0.1333333333333333,False,1
-0.70212406834524321,0.70749166318321965,-0.080481918320609053,-0.70839423341550367,-0.70548438465184848,-0.021665481210043747,-0.072106883956973816,0.041801071022683697,0.99652058069433336,16.035112166493239,-16.614714943860157,5.3990494048500208,,0.6810413330217542,0.1666666666666667,False,1
-0.88925405445862571,0.41958501666997788,-0.18214181402124263,-0.43294273822620555,-0.90057106700228262,0.039145097976177989,-0.1476069512119593,0.11366691279534155,0.98249275869569941,24.280675235168026,13.043332512518221,3.1905571311188354,,0.4722586511835814,0.2222222222222222,False,1
-0.77525327108258058,-0.56583844237148351,-0.28072980392251207,0.58219127426044648,-0.81250123755160808,0.029917539205334048,-0.2450218068881953,-0.14024477213685602,0.95932044596032928,-6.3607049969403375,25.043582438737385,-5.3834635676311837,,0.100303254767441,0.3333333333333333,False,1
0.41718434903980306,-0.85746611375293813,-0.30117948582476345,0.90867590441941726,0.38760730593839887,0.15514082992793948,-0.016288635418267028,-0.33839686781737432,0.94086249803443689,-6.0112400145025964,-7.6926606426083302,-1.1000859487888694,,0.07055345464876145,0.2439024390243902,False,1
0.3760827552745149,-0.85007262000182637,-0.36869811758179571,0.92617319279385624,0.3329962603888178,0.17696527206516113,-0.02765823810663294,-0.40803189984398641,0.91254862367686662,12.196925750045791,9.9142952870112335,0.47594744467184363,,0.1850623620257182,0.1428571428571428,False,1
0.94239784360401879,-0.23338891806518064,-0.23961618746416144,0.28339136971407197,0.93764162737004875,0.20128961770153214,0.17769534586498859,-0.25760006123293372,0.94977185287347365,6.684800918856606,-13.880023839830246,2.7493821541201187,,0.1294231535563128,0.3125,False,1
0.95271737590291705,-0.18794641594802083,-0.2387587619019535,0.24092140883009402,0.94606025736720867,0.21662609306732572,0.18516607794081191,-0.26390554022715129,0.94660836115968938,14.326639909869593,-9.4405367148165116,3.6975429896090528,,0.2032051116617578,0.1666666666666667,False,1
0.76012819360818051,-0.61133906144674421,-0.22015830947611079,0.64307206280515317,0.75632636924823116,0.1201197120347612,0.09307766284931121,-0.23288403794421564,0.96804006815281551,15.514993394034686,25.766317820184447,-0.51268974954605639,,0.1692425546754372,0.8823529411764706,False,1
-0.92664693735235992,-0.28069225792375618,-0.25007460854144059,0.28662252517946085,-0.95795314082853456,0.013164651020627818,-0.24325497231349757,-0.059478032233835548,0.9681370678402671,-4.8418281484768944,-16.273397498410443,0.54457414698798545,,0.1953932130027087,0.2352941176470588,False,1
