axis_00,axis_01,axis_02,axis_10,axis_11,axis_12,axis_20,axis_21,axis_22,location_x,location_y,location_z,dbh,dbh_approximation,score,reconstructed,number_clusters
0.82443406338535319,0.5246242984028483,-0.21231538016647267,-0.51278504400850022,0.8511739988270991,0.11204607249647269,0.23949942332104907,0.016497552727709294,0.97075633244541881,-25.8566343821537,8.7123890558695365,-7.8032909077925368,0.8310028254835272,0.7832504387709205,0.8992805755395683,True,1
-0.27982449655465558,0.9477114091978196,-0.15343186111175477,-0.95974746587681159,-0.27212088351959401,0.069534354786352046,0.024146487756448495,0.16671325570811324,0.98570971259302742,-10.005013258876241,-27.118036708523981,0.15428685092320421,,0.2554077742786461,0.4166666666666667,False,5
0.04885181558197798,-0.91803503240096984,-0.3934783086764686,0.99115982935904645,-0.0040948548465343671,0.13261004799309528,-0.12335190626532538,-0.39647813489313077,0.90971940496637438,-13.038915733292281,-22.408594441538746,-1.1783162785102437,,0.1699558397810771,0.2142857142857143,False,2
-0.38945734614202099,-0.8256334792584209,-0.40823073556954337,0.90674635816588245,-0.42148813057498596,-0.012601497423501209,-0.1616601914168268,-0.37506947851303474,0.91279179926149467,-11.5951269407048,3.2032833253222983,-4.0522714393005694,,0.4323538515468485,0.2505643340857788,False,4
0.93962161447583292,-0.25289159858826638,-0.23055815095828103,0.29013697449786974,0.94596133397613791,0.14483677244163029,0.18147109312243848,-0.20298520632193218,0.9622189191527003,18.490942617095975,-9.8741633490516332,4.2709096461679712,0.5717598249031628,0.4688373945011162,0.9183673469387755,True,5
0.56567160865466803,0.81304922988545469,-0.13771921051440156,-0.7972791821040156,0.58188427613622951,0.1604886132065706,0.21062178649321234,0.019016807515615158,0.97738263954621285,-9.0296222447282339,17.182286384887067,-5.2184818020531942,,0.114299082136217,0.3611111111111111,False,3
-0.85390826180552959,0.47852264806522526,-0.20458923654216263,-0.49916621066109051,-0.8642947657144866,0.061868021568410043,-0.14722015675344197,0.15495364870562475,0.9768907780291034,-1.473384018345353,-2.4439817662812509,-1.1438846864913481,,0.09449954409495179,0.4043478260869565,False,5
-0.97233636794138201,0.04173504394110758,-0.22982639901846996,-0.011617332322669446,-0.99133150966215056,-0.13086968915935859,-0.23329600332682041,-0.1245793885769083,0.96439252940570697,-7.3864054303550448,9.5770272049275764,-4.1354293962280932,0.1955697532558481,0.1371482970192738,0.2280701754385965,True,6
-0.78243747248839424,0.61289874270253242,-0.11021221728841102,-0.61583826618521331,-0.78782043154219261,-0.0090662862663246496,-0.092384152038989559,0.060779098696243788,0.99386672628361428,-12.677606123171456,5.2404341939809509,-4.5443848007772321,0.3456156398250598,0.4911756328014351,0.4095238095238095,True,4
-0.82157730524636219,0.53265581194321954,-0.20319576153855939,-0.55387162633828757,-0.83020204713905299,0.063172640149873935,-0.13504426326766295,0.16444557436804036,0.97709810153804877,0.06100009765962551,-10.267950984318809,0.2155942787067415,0.2344915687004243,0.1763333151484767,0.6060606060606061,True,5
0.82904823459883137,-0.50907558471252212,-0.23134622054004916,0.54146951203618532,0.8341574111033504,0.10484360274547699,0.13960584602321108,-0.21218732891235503,0.96720563749658939,3.3912120081047368,-4.0543954707084104,0.10723160295694034,,0.07593313029742886,0.3953488372093023,False,5
0.49587040408118005,-0.79877371179658219,-0.3406950244706819,0.86833326010019585,0.46081726150567526,0.18342519156914133,0.010482927078506371,-0.38679194516060117,0.92210742291706227,17.988260545544946,-7.0530125938743042,3.8202564892858022,0.7986568736486799,0.6286321319396173,0.8,True,5
-0.21558962727732797,-0.85120601396606599,-0.47850750714949619,0.96584734029651365,-0.25801477027114306,0.023817925268172238,-0.14373596575865713,-0.45703030546117124,0.87776037278832275,-12.786068080189542,-8.4304414305519373,-2.8571491472258339,0.5923572121012797,0.5201732720478768,0.6833333333333333,True,1
0.95224972012037612,-0.18213817123874984,-0.24504317396832487,0.23497995247028053,0.94964063270552002,0.20728504685993382,0.19494843540724183,-0.2549673612297545,0.94709384552947329,-4.3391673133861746,19.770749856765825,-4.3613952521901531,0.2353883927215025,0.1772034281865993,0.55,True,5
0.82832628774001038,-0.46352880383545053,-0.31466904686309705,0.53767573319121598,0.8155358525816242,0.2140235479830466,0.15741781022534213,-0.34647124147443975,0.92475797474529442,-0.47824847174139451,-15.405137554384984,0.7627381418025303,,0.1976861110690936,0.1666666666666667,False,5
-0.96879088327222584,0.17658894039521034,-0.17395565704718893,-0.13200950879134457,-0.96153026323169233,-0.24090048251977741,-0.20980398966008784,-0.21041839040276544,0.95483317228876197,-4.1990619149391391,-8.3143570938997495,-0.96523695113362273,,0.3658144733094382,0.2307692307692308,False,1
-0.95516045299902308,0.24232125920692299,-0.17014381082799254,-0.23801514890684977,-0.97019130261586251,-0.045580974313689279,-0.17611728455080861,-0.0030403396037968072,0.98436449469571097,11.639435287579497,-3.0704828182392929,1.826001758636949,,0.1447726513449198,0.3636363636363636,False,3
-0.95325956623530583,-0.19018626008432368,-0.23478795935058949,0.18303633793059235,-0.98172531187960177,0.052087532211229054,-0.24040361556730819,0.0066782100922150658,0.9706500415351198,4.7196419247099231,-0.11722605710971816,-0.13235334282919359,0.2306905512834105,0.2057575186617782,0.6834170854271356,True,5
0.95669387435212405,0.20998739541889561,-0.20159891999291951,-0.15870743660388456,0.95682989520601369,0.24349230215075257,0.24402618782365787,-0.20095234610533358,0.94871986078663706,-11.776062996794437,18.587987426302398,-5.8686616645903245,,0.0912378468672887,0.375,False,3
0.97393732766326135,-0.069619136586649297,-0.21586861190333673,0.10394451839885541,0.98290347706531678,0.15197464218657986,0.20159766585695854,-0.17045213578549984,0.96452291342776642,-13.315967545041405,-10.762708274073177,-2.7419568156379048,,0.07155552823571787,0.2222222222222222,False,2
-0.39829687134599395,0.91725430930347762,0.0020333076972500197,-0.91724288222874828,-0.39827784528940391,-0.0063445214418830637,-0.0050097182245644467,-0.004392040053173063,0.99997780610745557,1.7167292639863057,3.1238533769813532,-1.1941444694816834,,0.5366090564349829,0.2247191011235955,False,2
-0.37330682572497154,-0.88509277010372789,-0.27794388314416002,0.91111973706222615,-0.40619352309868473,0.069768521041635362,-0.17465061867283682,-0.22719509260278248,0.95806030671059927,-30.761455620066926,-2.1888698400838686,-7.5315526565776336,,0.1886146810685489,0.5909090909090909,False,1
-0.97473331779795225,0.03596176945795488,-0.22045795588286074,-0.0085612334011010722,-0.9922446236173077,-0.12400529095647035,-0.22320767114337348,-0.11898469666305786,0.96748177114752476,-22.964309970578054,6.559542836301282,-6.8643518461103259,,0.0896597248239224,0.3333333333333333,False,1
0.60648938002233388,0.77273259998787147,-0.18722970073177281,-0.76573135202882381,0.63106930771103753,0.1241250393160914,0.21407038197806466,0.068087133741228337,0.97444241173025192,-23.852610617599922,2.4133670642642913,-6.5608465820194004,,0.0832339290955868,0.25,False,1
-0.8733391750398235,0.43621135357044594,-0.21679100617184566,-0.46109941885644345,-0.88380706814064702,0.079198435810844833,-0.15705416667828906,0.16912930355462927,0.97300013741423241,-10.308466106369764,11.639645462160107,-4.9088061603646569,,0.09546657012113198,0.4651162790697674,False,5
0.86529791443032511,0.4619521277727901,-0.19457582308375387,-0.44362396600745346,0.88647193138911184,0.13177743222219029,0.23336087089815705,-0.02770823894526532,0.97199534846016855,-27.775853613052526,0.18240215225085768,-7.1062573363997856,,0.2999561846795146,0.9215686274509803,False,2
0.82581260860143624,0.52720943298561895,-0.20020926363651018,-0.50636738785811353,0.84947414614394523,0.14827590345961736,0.24824504826610774,-0.021068668776105262,0.96846812400169402,-8.8740647812644085,13.900996158806119,-4.9090562083818083,,0.08001729190039221,0.3461538461538461,False,5
-0.49101817632258743,0.8484754170649158,-0.19746041921701157,-0.87061369390116017,-0.48589147794764631,0.077079618899088528,-0.030544173136906674,0.20975923887726455,0.97727586442775394,-2.6021168953646918,3.7198158280674849,-2.2410108100504966,0.5854167022247054,0.5314651985885076,0.9759290540540541,True,5
0.33036708887859328,-0.90730241854684013,-0.26011518195779859,0.94371537569240893,0.31282978459940586,0.10741887892370139,-0.016089632302171114,-0.28096235898522848,0.95958390803818538,-12.554521219287201,-1.3257437156433485,-3.6977344169164397,0.1436878252572518,0.1465134525026435,0.6180048661800487,True,1
-0.58714722228939487,-0.77483994620159435,-0.23426736249029192,0.7813303396195812,-0.61813347010705078,0.086220145693246708,-0.21161531075939952,-0.13241627884714666,0.96834130829396969,-1.0501622059561355,4.5832689133558215,-2.0292909547804681,0.1106352244219303,0.1129919275291094,0.4797687861271676,True,2
-0.92704791297905909,0.33841790561401364,-0.16141712486906201,-0.32832491355095311,-0.94060586593514384,-0.086390717731454514,-0.18106606027339572,-0.02709107100542979,0.98309773455585203,-13.216964833681333,15.536406889002022,-6.0069004615541441,,0.5550329647212939,0.1578947368421053,False,1
-0.18762223546076914,-0.89585677192918134,-0.40278845682234998,0.97250491093816094,-0.22702022244184458,0.051923181755493555,-0.13795685906058591,-0.38197180889573745,0.91381915182767692,-14.483381487995935,-5.0428515418124267,-3.5783780995756214,,0.3209382651503958,0.2258064516129032,False,1
-0.1671295055193282,0.98548991568406497,0.029620169983980066,-0.9830694307150325,-0.16885738373088513,0.071145473174215129,0.075114730768919169,-0.017228175892288644,0.99702606143316896,-14.089531240563552,10.18264243806836,-5.5890113919561077,,0.5843456216902405,0.2903225806451613,False,2
0.70567989615733606,-0.65478036197493594,-0.27070013249229208,0.70287569975999031,0.69511514949666764,0.15093269899902467,0.089339995781711881,-0.29677871640701997,0.95075799162643182,3.5663031501041287,-11.338112103131152,1.1763298774410764,,0.1415800882262876,0.3666666666666666,False,5
-0.72692751062312988,-0.64549524570263084,-0.23433369811992308,0.64657655288727611,-0.7583102294295041,0.083092461745811252,-0.2313334293950321,-0.09111247838727729,0.96859865823077662,-2.151600124624848,1.9117574389944472,-1.9017131076857043,0.1586682680181824,0.1446936093421902,0.6945736434108527,True,5
-0.67881872661560116,0.71813293132216061,-0.15326522549690214,-0.7278895276803159,-0.68559892336657646,0.011443416094814467,-0.096860579645703312,0.11932815773837155,0.98811882832049414,7.573352978005083,-15.31346390420274,2.5243040938084471,0.3146238101502784,0.3006844831499937,0.40625,True,5
-0.45171833660302346,-0.80461185745051089,-0.38542224018164251,0.86907398916418865,-0.4944911872815394,0.013742891221872014,-0.20164559438490193,-0.32875252782439796,0.92263797326699459,-0.17317610642306258,4.3168899293720413,-1.8179861293393789,0.3432028316394741,0.4796484993836023,0.4482758620689655,True,4
0.67657911679315152,0.71049637495762374,-0.19348281549397575,-0.70149970444771759,0.70179153893708723,0.12404354290361286,0.22391709041331503,0.051802867183116455,0.97323049663090833,11.139228633442968,1.6415397026103886,1.1187381549051709,,0.1218365059016268,0.1578947368421053,False,1
0.95619970841098001,-0.16521553170445222,-0.24163183920661685,0.21450615821550634,0.95718475402598213,0.19438223876641611,0.19917134764413605,-0.23769975755947892,0.95069953167853383,-12.814326485199723,8.328131463278762,-5.0219098812578675,0.4179501267697057,0.4129981051552986,0.9190340909090909,True,5
-0.49124782388429439,-0.71748242445150856,-0.49385680731577575,0.84875537433296577,-0.52168632165707329,-0.086357954681776164,-0.19567802653811875,-0.46158677667270553,0.86524433400690326,-1.219580065772591,10.211206421842791,-2.7610142346403155,,0.6458283333269219,0.1927710843373494,False,1
0.90563747623495849,-0.33170276745833566,-0.26418560842569583,0.3834421280239238,0.90661291285997259,0.17613960568832576,0.18108808932466672,-0.26081851984864024,0.94825144535017958,-22.383275901826256,8.8156303124721411,-7.0663298582492189,0.2515081731508551,0.2519475419179524,0.8037383177570093,True,5
-0.87211321903712713,0.46087118922402504,-0.16436629862576355,-0.46630721110954187,-0.88460131314277601,-0.0061726536690309419,-0.14824344183788235,0.071261937451277985,0.98638005769720916,7.6317372206133287,-1.5579775314059636,0.73368306505747083,0.7172278335943497,0.6854551360729287,0.971830985915493,True,7
0.97422951106957623,0.098983319610099069,-0.20267995016799259,-0.024295867288453243,0.93939003629961026,0.34198840701655153,0.2242466735401818,-0.32825091338788626,0.91758638136481818,-8.1347874069186723,-14.986875969752049,-0.99296942548143574,,0.4876093164486597,0.2222222222222222,False,3
0.40090952403482305,-0.87110935595490879,-0.28361954006378864,0.91601964284159831,0.38570073014289574,0.11019510286572104,0.013400278598652407,-0.30397933603299471,0.95258437725926282,-14.564328645439884,-19.540717039314472,-1.8727474635981201,0.2576174180510575,0.1859908884909844,0.6756756756756757,True,5
0.55188384966058546,0.81313342714059023,-0.18503579694321876,-0.80988116632142049,0.57550671469147185,0.11350998979334473,0.19878811061446586,0.087212676897502645,0.97615430955700022,0.97429614310980339,-9.8357121556204667,0.41870610564831418,,0.1058451186143164,0.4117647058823529,False,6
0.62623477649749848,0.77918956158663266,-0.026336890848388,-0.74883757420109598,0.61055488703235128,0.25780810186169711,0.21696149927981861,-0.14172634559369823,0.96583712436150937,-23.062230958023932,16.260745977458321,-8.0094954991181631,,0.2986447832253037,0.1818181818181818,False,1
-0.16442505412169806,-0.9325802374493769,-0.32133861002988884,0.97736987498542183,-0.19798865415594133,0.074489061589606942,-0.13308842567277543,-0.301818809129556,0.94403012526484509,-5.3184801350986666,11.286524134753053,-3.8557522655897989,,0.07442263878409303,0.42,False,2
-0.65003213831194395,-0.71673971117644275,-0.25247258382706017,0.72726469003729755,-0.68310070639803822,0.066779454501029012,-0.22032768728999058,-0.14020560381529343,0.96529689674847396,1.9890546802760225,7.0116872627412778,-1.626988019417039,,0.0954547253207713,0.2972972972972973,False,1
0.51033531446656055,-0.82120645358610689,-0.25529948569639593,0.85953748889914516,0.49655419588535099,0.12095137752668353,0.027443979034875415,-0.2811652381379674,0.95926687469001637,-13.680928846605108,7.4263125306554763,-5.0918499354871489,0.5185316842238914,0.4051614101958381,0.6727272727272727,True,5
-0.48698563676863732,-0.83595879139422002,-0.25301756593517266,0.8496311355577395,-0.52055054934276745,0.084581671003878978,-0.20241522440743032,-0.17378154294877662,0.96375725795369838,7.6419239840289634,10.264235481640059,-0.64684563858029809,0.2481778974301251,0.2716504034915821,0.2727272727272727,True,6
-0.66691197264312685,0.73838821240318064,-0.10005632678291071,-0.74071426345088487,-0.67155766243260018,-0.01877993473029102,-0.081060475360471909,0.061588585079517283,0.99480452628757021,-17.839688257833846,5.566464451276242,-5.7059600744374297,,0.100994765438703,0.3157894736842105,False,1
0.30503749024698412,-0.9044441381797752,-0.29821624780696238,0.95211528214037711,0.28282030669029207,0.11614285874885988,-0.020703117122054734,-0.31936417306243314,0.94740588234693635,15.743946086333951,-5.6915817824178214,3.1314331598641605,0.4473888736769339,0.2252818107208499,0.3529411764705883,True,5
-0.097655653548393784,-0.96465167398541563,-0.24476625831019125,0.98854023590362283,-0.12246846060443775,0.088259153388123138,-0.11511548692354585,-0.23334228942545848,0.96555673092575967,-14.590305533063948,16.288535974765082,-6.361275395432874,0.3657012311716271,0.3132263439302829,0.6,True,5
-0.91059771870593254,-0.28871509377312388,-0.29572857372111888,0.31198934400270911,-0.94948782324923608,-0.03369751816063063,-0.27106169761939847,-0.12294904688123073,0.95467747849977391,-3.4844001814393279,-14.806609660231052,0.03379317424066592,,0.604191992275128,0.405940594059406,False,4
0.010511286244885735,-0.94662714866049369,-0.32215920641878465,0.99183159421208267,-0.031087457809558447,0.12370795726086821,-0.12712042158597472,-0.32082800904198172,0.93856794481271399,9.9874254127856368,-0.40713691760161885,1.1469349307785537,0.6816479006933471,0.250098148688293,0.1923076923076923,True,5
-0.059774467724634656,-0.9389062478214949,-0.33894257745228695,0.99207924473837406,-0.093458319592202091,0.083930415573497577,-0.11047979529115189,-0.33124100033172926,0.93705582252695141,-10.428820679838807,-10.871742721542633,-2.076304505430572,,0.6501196047989701,0.6304347826086957,False,1
0.51296224875825436,-0.82483252182042377,-0.23774154516246898,0.85773462843719395,0.50350167675321389,0.10381410639413913,0.034074015445591452,-0.25717187337278063,0.96576476898743369,-9.3435225210811002,-8.9886203488233214,-2.061104178860468,0.5460667217858749,0.4973331462499157,0.9612590799031477,True,5
0.90809565642498613,-0.34283089939761485,-0.24047713654378064,0.38204880111165795,0.91339261330299271,0.14054411240843251,0.171467175725322,-0.21950149972551838,0.96042599885000501,0.87138985809999769,1.9727777008765413,-1.2337713430588808,0.6427049501129016,0.2159542983563801,0.2264150943396226,True,4
0.14365453870528913,-0.94622511506753637,-0.28986445992014731,0.9876023356125645,0.11834241908921395,0.10313437126739361,-0.063285070924968767,-0.30108653815728947,0.951494559279495,-10.665954303896747,23.333120293726264,-5.99129154884975,,0.1643642109038384,0.4666666666666667,False,1
-0.65097835353348998,-0.70662074806975916,-0.27733427777352238,0.72637809429998967,-0.68596367159578076,0.042763364834306129,-0.2204587202900869,-0.17361151934180652,0.95982133389495339,-23.875049724491049,12.932701242980201,-7.8597236033693303,,0.09715787696044922,0.2608695652173913,False,1
0.58076123667866664,0.81155333329050405,-0.064012289418038604,-0.79016891292911906,0.58087735189283807,0.19548552657007179,0.19583021986373927,-0.062949895020059543,0.9786152643940742,-7.3828384523798603,12.675916622231675,-4.4774265200657171,,0.2074220675105247,0.3548387096774194,False,5
0.91303372882995582,-0.33142401237365476,-0.23775519771608269,0.36867206512594164,0.91993459284957058,0.13342133740323237,0.17450019603037531,-0.20947188093116775,0.96211808666323195,-1.9856484393080789,-12.474911410241129,0.033229616162325247,,0.07598634703476703,0.3461538461538461,False,5
-0.1422516361637623,0.9882872382722675,-0.055252209701578486,-0.98585851301544525,-0.13646424750783764,0.097265109196952262,0.088585914928435344,0.06830698222212922,0.99372364964108506,-31.544798662128823,5.2165099562599506,-8.4985473903032069,,0.2073338087283166,0.3125,False,2
-0.70635505355647832,0.69781942399506258,-0.11878800364692793,-0.70157906079542387,-0.71246323363256525,-0.013526351142802914,-0.094071035758272914,0.073784769546476753,0.99282750164081268,-12.261621621335241,-4.1032288076279873,-3.2629642271666666,,0.08227250180936777,0.2962962962962963,False,2
0.45227200366266945,0.8918797442592129,0.00074597793209613128,-0.87170037310880655,0.44186182385239686,0.21188815007876383,0.18864912993417596,-0.096481347430238118,0.97729363825470794,-10.156128812473877,16.851286491216296,-5.4187071542703382,,0.1069519056580635,0.3793103448275862,False,4
-0.78639478679949104,0.6150181273239983,-0.05775761731118681,-0.60561787949443191,-0.78602572977497132,-0.12405859973573512,-0.12169726098499846,-0.062579990369174943,0.99059251030589923,-14.604544773900836,14.427420411512882,-6.1625166813718275,,0.123023576045409,0.5185185185185185,False,1
-0.93191920464426337,0.33801912245364207,-0.13141411214505505,-0.31269351615388802,-0.93245459784911267,-0.18097289273636308,-0.18370999148255812,-0.12755977346216452,0.9746687351217127,-9.5382664634856713,21.439956186256246,-5.5781278729665447,,0.4776292385080411,0.2272727272727273,False,1
0.80283700466975305,0.58573171525557977,-0.11122545426589905,-0.54744869395252038,0.79813342716370861,0.2515610461371004,0.23612003604645426,-0.14107228710015693,0.96142911251415297,-6.6177304600337461,-13.330591933627309,-0.83434727248672225,,0.5550152243952332,0.234375,False,3
-0.95302733491247338,0.25439651517777023,-0.16438160473433666,-0.2328361609980564,-0.96244754220668371,-0.13957811659426123,-0.19371685791720944,-0.094747778684888345,0.97647152410757165,-18.381158320743122,1.6184405376306894,-5.2612063943901104,0.7620339358410761,0.4596846875655125,0.2941176470588235,True,3
0.97312805070264141,0.08673755367407178,-0.21330352486144322,-0.035639068472516029,0.9719130231497688,0.23262616411377623,0.22748989809239906,-0.21877310669850572,0.9488870712847739,4.8882798308272362,-8.9452150639934107,1.1188408329358606,,0.5190141201286838,0.2758620689655172,False,2
-0.84249041065068841,0.50619265201971586,-0.18433368385317486,-0.52060485630459574,-0.85299455137904556,0.037025381966060131,-0.13849365167294275,0.12715854025156345,0.9821660827412978,-12.361927592066564,-19.665685015792985,-1.3432005916533598,0.3147378827087658,0.222913152794627,0.625,True,5
-0.68629142720869307,0.72681534506026491,-0.027267767139645127,-0.72218879126823488,-0.68541266196600459,-0.093020603003849442,-0.086298474531010097,-0.044146766604161058,0.99529072953183739,-14.120969756249293,13.905512042620094,-6.0741153751141264,,0.1233494642383603,0.3478260869565217,False,5
-0.97370261116381329,0.098651011097475066,-0.20535628313304027,-0.086240344516327783,-0.99391292582633084,-0.068554349628940123,-0.2108692201116053,-0.049041552634350061,0.97628330833049437,-2.5777393231386316,-21.026507061411436,1.0236491429485912,,0.3717989296200236,0.3,False,4
0.76535748355398148,-0.59368055737799108,-0.24853836355636436,0.63351340009068202,0.76303552566945243,0.12820904208317835,0.11352838532041627,-0.25557813356721426,0.96009953826092376,-6.6003419333598243,-0.37853434282074383,-2.485373330238998,0.1414212555444285,0.1020832395274537,0.6206030150753769,True,4
0.62964518232769118,0.74647605139290629,-0.21522186010808333,-0.74540265068042555,0.65854827880587241,0.10338787569351549,0.21891055874517271,0.09532926716742085,0.97107697845804086,-0.17778010933658034,-2.3771567760855854,-0.88316479883135679,0.4554376046170849,0.3022741991624281,0.951417004048583,True,5
-0.75901345920324625,-0.54799496577363682,-0.3515680392684653,0.60691493926933904,-0.79099310980074111,-0.077357331517105055,-0.2356964684504565,-0.27208715099119141,0.93296074784820404,-5.100998088837601,-10.929088861316137,-0.87581048665963701,,0.1299392711864206,0.2549019607843137,False,5
-0.311527675629098,0.94083672320064404,-0.13332954509111988,-0.94993710759881123,-0.30482314546520334,0.068573621717845895,0.023874650236898845,0.14801726340455337,0.98869656154468921,-1.5918905760901172,15.745477274719187,-3.3052629695193052,,0.1169400051114207,0.3953488372093023,True,5
-0.071943673383958268,-0.96286485767449304,-0.26022177794239465,0.99076325565498213,-0.099055998512793231,0.092607129329086796,-0.11494467844995275,-0.25115567884105683,0.96109757354907799,-6.318754982376527,-9.208550857792563,-1.3813972024581522,,0.08341405712667231,0.1142857142857143,False,4
-0.92706271522663364,-0.22687817768239446,-0.29846442757577935,0.2648579209050736,-0.95978292076610217,-0.093096867506545111,-0.26533941239564007,-0.16535730252155575,0.94986944299326248,-7.088613352986358,15.939927346571562,-4.704544698396333,0.4610846774151214,0.4195822389214245,0.1333333333333333,True,3
-0.82232886278380213,0.56384802162485992,-0.076489541392474131,-0.55273834443203873,-0.82347897353054644,-0.12791678055519953,-0.13511315268036739,-0.062910958209280304,0.98883094981395203,-27.229186720125579,-0.87304838667042017,-6.8539284563749394,,0.6294499053855498,0.52,False,1
0.89166868844009539,0.40321064687476393,-0.20578659893772472,-0.38242145668342942,0.91418961106784902,0.13420575428699094,0.24224115984622702,-0.040969857974501533,0.96935065441454416,6.2356168750783763,-1.5949303961387464,0.40410227624883127,,0.124571918495543,0.3902439024390244,False,1
0.89741135057029464,0.40733044274542918,-0.1695133572330301,-0.37290713053537783,0.90562123981069531,0.20196643780492252,0.23578197527264627,-0.11803423408719926,0.96461120650756371,-14.189171911954334,24.684112848308942,-6.8547548245579657,,0.291051498301631,0.3125,False,2
0.78281451281676184,-0.56091556976040546,-0.26939777676108323,0.6122210536203746,0.77170376002425123,0.17221698019762688,0.11129609169873349,-0.29974494218383618,0.94750522405303617,-10.570179764746987,-4.6708206494871796,-2.8068308349830056,,0.09721074731049727,0.2105263157894737,False,3
0.28470382395062677,-0.87275803307489586,-0.39653139640024632,0.95794768923461804,0.24358617871652197,0.15166409670168407,-0.035776491135180236,-0.42303568317757945,0.90540645758716165,-10.174888205131914,-10.245930529335876,-2.0777674351321069,,0.6517143121174387,0.3148148148148148,False,2
0.024977431899758956,-0.96710227516824454,-0.25315868000149183,0.99493543236724113,-0.0006153569968088443,0.10051421171146323,-0.097363305797940516,-0.25438712762278543,0.96218895025037832,4.3395225657286236,-4.7802544707003056,0.41563780095470559,0.2724669021658771,0.220039589738658,0.7297297297297297,True,5
0.97105836746821017,-0.081498552950681383,-0.22450753403153415,0.10996474368074256,0.98698449174484026,0.11734295122592034,0.21202217364512616,-0.1386347680855172,0.96738151675575845,-1.064357426996605,4.5632354198337426,-2.0302010369319903,,0.09189321245126784,0.3841059602649007,False,3
0.015258834249818847,-0.95487015774032336,-0.29663133656831747,0.99549608951566793,-0.013253281072586397,0.093871648008458944,-0.093566573819658175,-0.2967277074992844,0.95036727840654811,-21.443529691165182,1.3708565920423161,-5.9270843636724688,,0.1455084430782696,0.125,False,1
-0.74097416303089614,-0.62842812563888184,-0.236717934738087,0.62997676376062794,-0.77257960316422081,0.079057155882948621,-0.23256518837166745,-0.090547488538428644,0.96835664167549051,-12.587450608468007,-2.7543249056101229,-3.5332076492567368,0.5052559963557827,0.4188916301123348,0.9652605459057072,True,2
0.66746457030534789,-0.66776910415884616,-0.32950792239032833,0.74019689575473091,0.64326258613711129,0.19575954840379212,0.081237940041328574,-0.37456330413841765,0.92363560362880881,-2.9090955546470507,-12.300790040375071,-0.19886331722941447,,0.452462621436642,0.3,False,1
-0.97541440640058041,0.00030630773161942609,-0.22037840629648112,-0.011673001307408547,-0.99866705978284931,0.050277676409673483,-0.22006925461472485,0.051614047315165563,0.97411781284045273,-13.846881789628133,3.6987172416174698,-4.614982426542058,,0.0745243113691592,0.2808510638297873,False,5
0.454684246220593,0.88972065540095024,-0.04073563049363052,-0.87003718376707462,0.45347862593645993,0.19337123540339843,0.19051912004171012,-0.052481341176484536,0.98027964057550887,2.265481573550896,16.730551837370523,-2.5556657311218061,,0.0964523494453961,0.2857142857142857,False,4
0.37383664291916852,0.9227418141104653,-0.093774777542018989,-0.91471057176950443,0.38352350385861006,0.12733535204773933,0.15346248500540249,0.038174159848560985,0.9874168315437124,7.8327430220740819,3.2451854707535248,0.15119841755206415,0.1789077111444883,0.1393957546838872,0.2941176470588235,True,4
-0.65505159685308534,0.75530161254733641,-0.020661063467737356,-0.7516543859514988,-0.65418626072748853,-0.084000121162190799,-0.076961610820586737,-0.039494434529198569,0.99625152451633447,0.95073508865725986,-3.6193205307384271,-0.49007022285849478,,0.09696886819249695,0.2258064516129032,False,4
-0.7688486604575604,-0.54134788765016151,-0.34031485693299113,0.60422931925349865,-0.78923121923792039,-0.10964037730087461,-0.20923352280900803,-0.2899250715563122,0.93389763133653902,-0.28732915062118303,-20.330121985683679,1.4197548447519115,,0.3457537163015745,0.1142857142857143,False,4
0.54031046746447764,0.84095589042955099,-0.029288036809549611,-0.81732035801691993,0.5327666567851741,0.21942452412855035,0.20013003552543057,-0.094619658474273866,0.97518977081940328,-16.219023027380349,-20.242574208030348,-2.1545776868182824,,0.2883130441048429,0.4117647058823529,False,3
-0.65809301855193258,-0.70142594872595299,-0.27370644381728221,0.71963832416050222,-0.69286797879859929,0.045328207057061747,-0.2214368111508786,-0.16713946993287079,0.96074457388938161,-14.39566951227691,-3.2060227817361144,-3.818456981017786,,0.09112250974879348,0.2352941176470588,False,1
-0.96427831997359126,0.20843461229574034,-0.16346967310798993,-0.16736609399490221,-0.95774181682288295,-0.2339213604818785,-0.20531904979762144,-0.19820601581669478,0.95841455700770439,-16.114443736895733,-22.752243872364478,-1.8057374971318441,,0.3618090607371079,0.3333333333333333,False,1
0.17624688431952609,0.96782758608050723,-0.17957393850232894,-0.97544547981677465,0.19619949125525182,0.10005936006292601,0.1320725242913208,0.15752943614689593,0.97864259312302548,-3.9595524566286358,-3.5010977159267922,-1.5784208010402765,0.1968716950819974,0.157366919851896,0.4163822525597269,True,5
-0.26905827076890276,0.96120501565147165,-0.060766477743100594,-0.96158443820200667,-0.26452712442876075,0.073353722803838547,0.054433584656710624,0.078168525174176356,0.99545299564244405,5.5691077818109154,21.085193483396861,-2.1605246608393083,,0.3711026526603222,0.5666666666666667,False,5
0.6903495822573783,0.71260516810142283,-0.12494530272165261,-0.67653394293139324,0.69705226030620215,0.23752888343044937,0.2563577155826694,-0.079448227149236134,0.96331132084289228,8.8528645454387185,0.76838005679549592,0.6705580280318123,,0.08685051959691466,0.3076923076923077,False,3
0.75983468888867978,-0.52949450517696561,-0.37720924504688841,0.63910993024947305,0.71469194001104919,0.28417235604427871,0.11912070608402603,-0.45700218803704085,0.88145292416067234,-0.96369447476623182,11.656782585321444,-2.8294057609328225,,0.2734051299392186,0.1666666666666667,False,3
-0.40694864338739239,-0.82625095067570165,-0.38948962521825892,0.89536977383331928,-0.44523254518145217,0.0089971560460127831,-0.18084736589409109,-0.34507585719482725,0.9209869070895762,0.38922078609605781,15.733377739395223,-2.88674368927283,,0.08762796296519766,0.3076923076923077,False,1
-0.82448767421292879,-0.46136716945485551,-0.32765898434221175,0.49400055285540578,-0.86925212857093637,-0.019083782472275795,-0.27601363888313263,-0.17759806283884555,0.94460330257012148,-26.343715973584811,18.132185629207147,-8.8282128296879296,,0.3604417474113327,0.9473684210526315,False,4
-0.46536248459607382,-0.83570833896241425,-0.29159789114335277,0.86421446910084576,-0.50018429535598885,0.054304899189438871,-0.19123574280795769,-0.22673165387284233,0.95499824492235208,-28.078736069559486,7.6065170105445006,-8.1195926301245791,,0.1101525968448061,0.4375,False,1
0.46704272191684854,0.88341710114948913,-0.038017381565987829,-0.86440713511387324,0.46520164961304428,0.19075568133486159,0.18620257965110537,-0.056228556747750291,0.98090109019071747,-22.342546273883748,-0.27855309867753925,-5.8482593751811542,,0.4469837329668586,0.543859649122807,False,2
0.97314696144614132,0.06958827732175131,-0.21941390814516326,-0.036636565018247191,0.98788195905128096,0.15082107639407533,0.22725042031161757,-0.13873250030326273,0.96390380216482141,-14.061544018220987,-13.343476441065635,-2.5521490452461113,,0.820653884112811,0.64,False,1
0.30093058937430123,0.94795420024927712,-0.10403660225415326,-0.94120882791990246,0.31279473258409823,0.12761425278269303,0.15351456811807296,0.059517136165943785,0.98635236496808054,-19.382694695744572,22.483378854151113,-7.7934072054761145,,0.2899872896532463,0.7,False,4
-0.063761139062186487,-0.95770837549856336,-0.28058721397347097,0.99215976774185888,-0.091115798756076116,0.085538917993282795,-0.1074872663151866,-0.27293328620185564,0.95600936651433654,-10.284228857348417,19.168556226068432,-5.5956494095866374,0.1979606778973637,0.2287102245932071,0.704225352112676,True,5
0.93071144535645045,-0.28092828400975556,-0.23421252042928975,0.31665490755610881,0.93936947792172631,0.1315851567225374,0.18304610075917638,-0.19663235540570784,0.96323924432327002,-5.2474798780703793,-6.1997195470226414,-1.5258142143251094,0.225361795737056,0.1858967065318625,0.625,True,1
0.35540506751543233,-0.86885015072628269,-0.34465439728410108,0.93165899780367079,0.29950361915849388,0.20569174490587416,-0.075490064219143185,-0.39420425884797317,0.91591716465535766,-23.037632340156847,0.9247771733983956,-6.1927587858780866,,0.2090763079007526,0.3214285714285715,False,2
-0.92918538139478835,-0.29341645832695457,-0.22476945741156476,0.29055097514371608,-0.95572915915768797,0.046496292097059064,-0.22846150188873909,-0.022103310127804796,0.97330200135216838,11.493134903861142,5.8740306528699007,0.68222730273278254,0.3492416496130842,0.1820693122850286,0.5217391304347826,True,4
-0.9755547544092219,0.034200103315433987,-0.21707895817599662,-0.030004568922434069,-0.99929434994809851,-0.022594866797260416,-0.21769852317675775,-0.015529169167108621,0.97589251350322292,-5.6090808913694277,-14.799729986647094,-0.48586420653157081,,0.1601355486980611,0.2,False,6
0.86465272990795916,-0.4365539568360805,-0.24858861485087258,0.47876779903634936,0.86596364645227286,0.14452805135672553,0.15217441068919452,-0.24398279815151747,0.95776580798102839,10.068172518902401,-3.4604804790401058,1.5384337217078277,0.4406795927775805,0.4007737767729603,0.9215686274509803,True,5
0.64216851301048361,0.73639996014416897,-0.21291946739922568,-0.73106724978614013,0.6718773355501525,0.11883401139470172,0.23056512569777945,0.079346989065075174,0.96981636310090846,-8.7131731946402127,-4.9452969247824141,-2.4204400885175033,0.5554909981938485,0.4916180905718412,0.9573361082206036,True,5
-0.75193654203160676,-0.54029994265263026,-0.37771339495325706,0.61673380315912285,-0.77894149471616037,-0.11353221503273304,-0.23287518716779362,-0.31831763975456806,0.91893581246061318,-0.59801959993773879,15.257645390813508,-3.0433717448037236,,0.1460123982984547,0.2380952380952381,False,2
0.97409622149182573,0.063753808562209593,-0.21696083326066257,-0.002665468514298931,0.96260554668020715,0.27089381088924575,0.2261182136691938,-0.26329833534284314,0.93784035957765244,-16.060267873382909,7.5098072513580183,-5.5620539124765491,,0.3166640793889351,0.1621621621621622,False,3
0.96876706432712911,-0.086752491839664242,-0.23230234659728241,0.13222645048046144,0.97323320673209979,0.18797151674466717,0.2097773602377839,-0.21281712918268975,0.95430725065782884,-20.557432032781325,15.503639933039086,-7.4997720283141254,,0.07446633681596534,0.2857142857142857,False,1
0.92626374160175984,-0.24537775649270424,-0.28605111014032819,0.31521963342741971,0.92043721699203473,0.23115343881897818,0.20657217551207147,-0.30427797520452116,0.92991550697342651,-1.1434683413364426,2.4245260274653018,-1.7001169467652282,,0.1482908019608636,0.2469135802469136,False,4
0.96872021828429322,0.13433268160880452,-0.2086525085854937,-0.090412266679299719,0.97407765426200388,0.20736042414439529,0.23109902795369597,-0.18200948909114573,0.95575404009590126,-9.5562929629257951,-21.712789084611142,-0.49180926024654548,0.3324690094493066,0.2955479130213229,0.4186046511627907,True,5
-0.34963654627878687,0.93576890529829215,-0.045725719054781538,-0.93641843233020605,-0.34750501887725577,0.048587873459912036,0.029577104295045897,0.05980650242200436,0.99777170593756848,-18.058545072755404,9.2728761772736341,-6.2516054157453516,,0.45352584491473,0.2439024390243902,False,5
-0.41933021913532176,-0.86724893788198354,-0.26840537822944982,0.88830746666501581,-0.4529580009416071,0.075755488581118122,-0.18727523057549306,-0.2066599359468444,0.96032268477181204,-6.6194723248943808,-2.2902271362989013,-2.276039676583161,,0.3322557623522547,0.3764044943820224,False,5
-0.21881485536489526,0.95493834260838972,-0.200531346397468,-0.97477771511637479,-0.20467816656590793,0.088967714614446178,0.043914293619948752,0.21494094525603943,0.97563923909829542,2.9002065209384678,-10.030017656575373,0.81408122149935302,,0.0731775559185747,0.15,False,5
-0.70675825506237011,-0.65087077741241661,-0.27723636127274082,0.67119729358959301,-0.74075031154879789,0.027985157108079105,-0.22357764194838195,-0.16630155456553808,0.96039410190290431,-5.7066281578520224,9.4397477707774637,-3.7457741424006845,0.2830111011648632,0.2810700918269169,0.8090614886731392,True,5
-0.75638012480922456,-0.57383620215725284,-0.31400815258098458,0.61106031989776444,-0.79115300158486201,-0.026119217631944067,-0.23344033978732978,-0.21163397925901156,0.94906093934107982,-13.495501752276114,-6.0984789765222116,-3.2376514204083038,,0.3494699232075425,0.1724137931034483,False,1
-0.58163965821582975,0.79454818374055025,-0.17432295231886452,-0.81127189272002653,-0.58226755067488489,0.052937845758353863,-0.05944092927468253,0.17221406198583944,0.98326450804516441,-21.325826233744909,8.898245491507792,-6.8430025684330378,,0.07506737910192303,0.4,False,3
-0.67989670544973735,0.72643474332246449,-0.10016503188547894,-0.73039414500309452,-0.68301250894054899,0.0042785015993568043,-0.0653059175250775,0.076068891964866242,0.99496163785919212,-8.3269223445165235,-26.524864349590228,0.4206466296216726,,0.4107245832374973,0.2,False,5
-0.70951059168591857,0.70432839442075246,-0.022720763591568105,-0.69826311041228484,-0.70701561394892953,-0.11206047594839458,-0.094991309722838979,-0.063643023538360516,0.99344160202401277,-6.4001014086511914,2.8518621139319875,-2.8642963775918626,,0.4206413410199401,0.306935817805383,False,1
-0.81094878854414598,-0.48273982168920526,-0.33064229450307248,0.53855340914615524,-0.8367245884952822,-0.099258191120201913,-0.22874065632465984,-0.2585618447545478,0.93852196808667676,-18.349782666917381,14.20717716516101,-6.9335441464385497,,0.4740840456941766,0.3333333333333333,False,3
0.8635413315348166,0.47685765446564676,-0.16402178546948021,-0.46169906550357992,0.87844737192252176,0.12314295625627068,0.20280616766803575,-0.030610327341185989,0.97874034667825371,-18.971360840329638,6.5120123586735863,-6.0943703447892545,,0.1280850245521622,0.25,False,4
-0.32169417577818182,-0.84296297371766626,-0.43119170007256047,0.92709892479609191,-0.37294402166718016,0.037421121637914841,-0.19235498671031642,-0.38771920463626575,0.90148398623818904,-11.545005561892131,-8.5829812431614663,-2.5711067856124212,,0.1652254577890771,0.1904761904761905,False,2
-0.21092128503846938,-0.92897683086344895,-0.30416156765216895,0.96869733327708119,-0.24031676574236327,0.062236071574308174,-0.13091099273778781,-0.28151358727783315,0.95058529978028461,-11.5587657024161,-5.5236459539232152,-2.9201903841750996,,0.2383417210180182,0.103448275862069,True,3
-0.4571120631979595,0.88830945638120307,-0.044213927473532616,-0.88854724309848532,-0.45829243238513551,-0.021256603693801723,-0.039145350438896984,0.029569513392108782,0.99879591780141352,14.613405903546468,-7.5350266366891221,3.1110406772979968,0.7203414874902697,0.5104199418690356,0.7605633802816901,True,4
0.73720604741982509,-0.56372941455932302,-0.37247334241290403,0.666331403337316,0.69790007031159562,0.26256037931415194,0.11193616294192024,-0.44175178439896734,0.8901267642342674,1.1604225927465586,-13.152169523886695,0.7912204431382508,,0.408363185366398,0.1666666666666667,False,4
0.97358458430132688,0.032394096385977511,-0.22601698991480185,0.0080317234536031457,0.98441293122436258,0.17568913528338076,0.22818533833087626,-0.1728635396999415,0.95814907400322069,7.8434033511036629,-9.1227803842309605,1.8101193133881566,,0.08950386912003695,0.5625,True,4
-0.95947899064635045,0.23640945715389816,-0.1533317810385702,-0.20456871011962641,-0.95863065806609793,-0.19793661676342816,-0.19378263427937267,-0.15854914059672215,0.96814795391396025,-10.979341837701478,1.388776902097548,-3.7345826766373333,,0.5732592192388802,0.3575865128660159,False,2
