axis_00,axis_01,axis_02,axis_10,axis_11,axis_12,axis_20,axis_21,axis_22,location_x,location_y,location_z,dbh,dbh_approximation,score,reconstructed,number_clusters
-0.34412765529364275,-0.87428447552862987,-0.34234896335716769,0.90551150322330831,-0.4054365671333352,0.12518030021293497,-0.24824398158336849,-0.26692292123525879,0.93119658489862989,-1.3882774010037706,-21.43686546026618,2.6936856213522726,,0.3661111480131972,0.6097560975609756,False,5
-0.9831166840500345,0.015964232032644986,-0.18228200360450503,-0.021444068956537332,-0.99937420274969502,0.028131028864930435,-0.18171884175575242,0.031564951671437073,0.98284379042497305,-9.7221683638981542,-6.4805178400956018,-1.6919971184464744,,0.07245823830677234,0.2758620689655172,False,1
0.93666121815038239,-0.28906798834826281,-0.1977510063825961,0.32874803661500779,0.92037073394412905,0.21176033745940809,0.12079110412119977,-0.26335795072758561,0.957106106423811,-1.022695785077874,13.62413337673879,-4.1020046980254667,,0.07831925255443026,0.2666666666666667,False,5
-0.47018622610663302,-0.80097743228527152,-0.37062118901824104,0.85349573359124276,-0.51955683472045089,0.04007153898731948,-0.22465517025242962,-0.29748251791484975,0.92791928852346439,-5.0137413229792198,17.120012576889746,-5.4340315627869007,,0.1248379317156162,0.2857142857142857,False,2
-0.87421978200210881,0.46587308891995283,-0.1367553939571142,-0.47555327199735525,-0.87839501843965284,0.047657917212255374,-0.09792271569351664,0.10669796905556557,0.98945777330345075,15.476907893444601,-4.5686963475799827,2.602440471564222,,0.1608660014778502,0.1666666666666667,False,3
-0.98022077885107439,-0.059427538883771364,-0.18877391856612546,0.040666808433516742,-0.99397870939789879,0.10174741252493141,-0.19368385425849002,0.092058095167697002,0.97673531302685612,11.627808809729217,2.249326288186559,0.43531153727818611,,0.1039040225698542,0.4117647058823529,False,5
-0.54379623496164931,-0.76914382377850221,-0.33571331993967513,0.81041377450465113,-0.58518919514540457,0.027984280912655785,-0.21797974432194198,-0.25684895216538828,0.94154843042558511,6.7698987796521806,0.61813486089271685,-0.22373588150460749,0.7398764194848251,0.6202327114812705,0.4793388429752066,True,3
-0.76060363562248345,0.63648400526177773,-0.12794616259890901,-0.64821881602177145,-0.75546241372809808,0.095335764534878756,-0.035978827568366123,0.15544983914447158,0.98718836676531219,21.397878447533678,4.7265047594863736,2.0734805128621225,0.5409949005870764,0.4872231425839135,0.7866666666666666,True,5
-0.23763343663314829,-0.87961402330685512,-0.41207950664386028,0.9618436972653126,-0.27230450843364529,0.026588657689045628,-0.13559886365642554,-0.39003772213548604,0.91075986049366942,-10.97047339749516,-4.3701215438358618,-2.3389218013398878,,0.2737525528132176,0.1631205673758865,False,3
0.10762791942840978,0.97893072073818532,-0.17352485399656511,-0.97821974696806346,0.13543308777168225,0.15730227391352872,0.17748903515781123,0.15281532230651912,0.97218574339840269,-12.361080513155313,-8.1789884257470522,-1.7839906231480753,,0.116519160303734,0.6138613861386139,False,1
0.73254393361828363,-0.5846063403818168,-0.34873315314783471,0.68011598934605366,0.65012743578037757,0.33878689213349145,0.028664025448117719,-0.48535527609268947,0.87384702872648079,22.570393745015959,11.618458610875329,1.1233919133908046,,0.4405166793923426,0.2,False,1
0.83836052557019181,0.52671104595347873,-0.14045320657167157,-0.49133320662598889,0.84172810527695896,0.22379784818778964,0.2361002101487748,-0.11861395726243149,0.96446224390084412,6.2599180735449691,-2.1162224881581282,0.22312908326000855,0.4619080869586224,0.3608401986921607,0.7226890756302521,True,5
0.083495219875856244,-0.95876770517455212,-0.27164873600332562,0.98621982581811618,0.040433007038134509,0.16042327482363139,-0.14282507980451684,-0.28129994570951533,0.94893168201017319,-4.8239119683758585,-16.16797372588297,1.0195450141213152,,0.07356160009629566,0.1304347826086956,False,2
-0.95889937459021035,-0.19770010188399748,-0.20353540017785962,0.19311701320325633,-0.98026169553316089,0.042341793560350213,-0.2078889333802014,0.0012953708005698159,0.97815157996730351,-22.910000174080338,-0.24448590864105149,-5.3298945028168596,,0.593845506589915,0.5068493150684932,False,2
-0.88538266037337454,0.44124389812991788,-0.14629206086893443,-0.4552020506133182,-0.88675695116344533,0.080331828565899391,-0.094279572695231725,0.13771685418432122,0.98597435577502657,-11.767476588268183,14.036318327118547,-6.0525104190794563,,0.06940052656797452,0.2692307692307692,False,2
0.95721493386868628,-0.21294799808517165,-0.19594060449606718,0.2517203407954598,0.94674084083762056,0.20079504555614186,0.14274606967823705,-0.24152625199260055,0.95983781400287771,-1.3248371607264118,-13.719789521514523,1.1974802636833723,,0.1023255096585707,0.3235294117647059,False,7
-0.68440898372840431,-0.6932040817105829,-0.22594787914835632,0.6932098325616135,-0.71471543395856563,0.092962231585301272,-0.22593023487739039,-0.093005105027663126,0.9696935492242077,-15.899423764882403,-3.8302905397354721,-3.3071207077071709,0.2931482026583381,0.2497331053678016,0.8695652173913043,True,2
-0.45001724697281764,0.89000776909611468,-0.073284707651478861,-0.89171088768047424,-0.44340032530297302,0.090817643183020491,0.048333944791488018,0.10621827747508694,0.99316741152291077,-17.10563534454743,10.415585646505264,-6.2875023132865513,,0.1759219259449916,0.3529411764705883,False,4
0.92743053787787733,-0.32275649423820391,-0.18894666665124044,0.36286276392890315,0.8988926140882656,0.24560676475097745,0.090571584757184839,-0.29634492363566656,0.95077677415360928,6.5521871437636081,15.504310993894173,-3.1150828791537379,0.5181975138261055,0.4453510868415656,0.7586206896551724,True,6
-0.87628782091663393,-0.42792328995425505,-0.2213624015678935,0.42074884012564484,-0.90354539040050075,0.081093409220064971,-0.23471273601171155,-0.022076806850966774,0.97181404916432601,-13.954422368598907,16.066104667965419,-6.8135808431754246,0.1914566588950369,0.1451343104398484,0.4047619047619048,True,4
-0.47894345325126514,-0.82168170488421144,-0.3089536283106738,0.84210685727453538,-0.52944952783965515,0.10266079291322763,-0.24792984797914033,-0.21100325430889211,0.94552018336580113,-0.5403555037761103,11.65680302764093,-3.6333790599898999,0.1963616519857667,0.2334452562131101,0.32,True,5
0.56840142085302214,0.82217285533433926,-0.030848350420187687,-0.78919052453907268,0.55543190179674184,0.26205670845105167,0.23259007018789662,-0.12460817957837073,0.96455930913145771,10.695847663371786,9.6227245102774059,-1.1462075262744995,0.3201009097508198,0.250023739319185,0.4705882352941176,True,5
0.16097971274402481,0.97676533994730874,0.14147438906908222,-0.9692541302497667,0.12943117171679261,0.20927016696554587,0.18609664983180277,-0.17081288729377819,0.96756963287183784,-12.537701256639371,-1.552798626444382,-3.126750980301531,,0.3520094004586806,0.3041942604856512,False,1
-0.87193954367235593,0.48567938427687657,-0.061943263305037966,-0.4818613641472459,-0.87366266392906367,-0.067254556711997371,-0.086781668125236119,-0.028793842133447933,0.99581115515573293,-12.332744588273883,-9.9221826414340448,-1.5050390648833039,,0.2293921556597188,0.3541666666666667,False,1
0.83606072186385016,-0.49718686646702409,-0.23196484468384471,0.54576698252945743,0.79688271762296603,0.25906820556472854,0.056043466498689146,-0.34319550429243523,0.93759051600166721,-6.6102499972733142,-13.350068762751944,0.16220886784285343,,0.1701943194744014,0.3333333333333333,False,5
-0.087129686543209225,-0.96316380278276592,-0.25440893603001358,0.98074796154570287,-0.12773532438333451,0.1477062044351343,-0.17476227752816537,-0.23664145011752649,0.95575047498781973,3.5591309236009794,5.7760926944526183,-1.8494489016119484,0.4219181421201144,0.4227326032392547,0.8451612903225807,True,5
-0.47111429198159593,-0.84487994064733751,-0.25343482353936719,0.85313274089799418,-0.50943765611769376,0.11241797426206329,-0.22408893390472262,-0.16325183129466264,0.96079810016484901,-5.5211521632093037,20.464393171074157,-6.1235559217226836,0.2398783265560715,0.2079318606615724,0.4,True,5
-0.86275706779031469,-0.41353832820923569,-0.2909231738445206,0.42427487441613088,-0.90509003184258052,0.028334876007730048,-0.27502922193293444,-0.098985278506994887,0.95632674422597708,-7.2347374955713049,-12.051658416740544,-0.24032047784374821,,0.2333157283089577,0.2068965517241379,False,5
-0.9198204876896463,-0.33694379335163993,-0.20099539932094979,0.31920108034457428,-0.94056440000821107,0.11597102976196405,-0.2281248358536121,0.042514580545984018,0.97270322797231501,-5.7649652675364589,9.9552447862771274,-4.1881095328739129,,0.1227513299236427,0.3076923076923077,False,5
0.94340457881956941,-0.26757346990158015,-0.1959393754892042,0.31032784079846115,0.92062164293670024,0.23696502227522098,0.11698047652337612,-0.28435933035748828,0.9515541704763868,-21.318954903232306,14.518037063027155,-7.8525318498910686,0.3131568222312686,0.2798826188483435,0.6875,True,5
0.88817880940149285,0.43041056438264991,-0.16088862171687257,-0.39771570719286437,0.89545506941398301,0.19995608246032098,0.23013174223089267,-0.11360882328678343,0.96650525942136822,-18.072237080385989,3.9926242668361094,-5.2579072745080939,0.2398079058176815,0.1731984385529148,0.8130081300813008,True,4
-0.67273092503789256,-0.71119846919074259,-0.20403391854886643,0.70015445276912591,-0.70107295106591005,0.13520524971798276,-0.23920042802057681,-0.051898503875164176,0.96958222989609921,0.85214819242473971,2.4519082767866145,-1.669992365995139,,0.08516618450706617,0.4410480349344978,False,5
-0.79816781410311455,0.58224386374681314,-0.1546616424943151,-0.6000956867216084,-0.79102382203883814,0.11902302191253293,-0.053040619415482659,0.1878121297899914,0.98077178619481631,-6.4945438102586461,-20.611851558328905,1.5435759084349108,,0.1237549988756717,0.53125,False,3
-0.23948216645890125,0.96843284513059014,-0.069181763640582525,-0.96374050065650441,-0.22847390138594967,0.13785471983154657,0.11769681109742053,0.099687014489118653,0.98803337990158235,-15.511740425144589,4.9496950431616327,-4.9630667193262923,,0.1297616615360807,0.3055555555555556,False,4
-0.45341465702273054,0.88676396264054003,-0.089804361581194925,-0.88825873563707602,-0.44125223372773253,0.12764358501197473,0.073563356104668132,0.13764498099216338,0.98774606647978314,-13.399801682433999,0.36341989002409614,-3.6966359969128799,,0.1189857366808306,0.2173913043478261,False,2
0.95620940114759134,0.24427351037041833,-0.16122665191672456,-0.19338586794987483,0.94078438076424875,0.27843608779628654,0.21969407646597389,-0.23506424875199738,0.94682591415973649,6.4945166304910726,-3.4288450634615746,0.49634344024591781,0.6749130279849447,0.3664461835935346,0.2580645161290323,True,5
-0.28049790731287899,-0.91256650166258491,-0.29756226917471718,0.93882077037795464,-0.32537842307238518,0.1128912879981091,-0.19984114966652788,-0.24769186874469515,0.94800435286855167,-8.8101738452770721,-3.6668975548106668,-2.0807755164215744,,0.4550727193923953,0.5392265193370166,True,3
0.97442972466062661,-0.15293235258842386,-0.1646159385648423,0.19427064193051574,0.94153759234032108,0.2752560260809841,0.1128965428244785,-0.30019769776225796,0.94717248317110592,13.898364104527644,-14.882558926856518,4.1945861042769339,,0.211740419808553,0.1379310344827586,False,5
-0.47808724883939918,-0.84460016820295469,-0.24100443640878216,0.84803693740515607,-0.51531247464126917,0.1236382071836015,-0.22861744310891557,-0.14527081382931559,0.96261646326858041,-0.32806034039125331,-10.286820014315595,0.69901512753777084,,0.0870206975791274,0.4482758620689655,False,5
-0.10025250066518786,0.99442380231025163,0.032722125682756814,-0.98514142931452708,-0.10381864785377218,0.13681393425359015,0.13944819955276491,-0.018519982630555515,0.99005616501532701,-15.264302617863164,-10.293051106708125,-1.977398113985704,,0.1224369742724247,0.25,False,1
0.89427941558893298,-0.35735380967248814,-0.26937442634087483,0.43658696604314251,0.82886543294891935,0.34981983240468945,0.098265700705588821,-0.43044203881005871,0.89725331054829749,-22.045551484100447,13.210607064404062,-7.7816172980737779,,0.188488151184358,0.7142857142857143,False,1
0.11812898798298672,0.99119478165540198,-0.059820122176528545,-0.97770483134126729,0.12663047174906336,0.16750518319309829,0.17360531377253172,0.038699204690911371,0.98405465630026412,-35.258435769724066,-3.1550997198989514,-6.9899668935275105,,0.1362672586943512,0.2380952380952381,False,2
-0.95541143050010036,0.17626806026830172,-0.23689358243524111,-0.19001640936127559,-0.98110859769024006,0.036327451214468454,-0.22601496110479097,0.07972133006631188,0.97085619269243895,-11.312818288073316,-6.7942400512736212,-1.8871282398498426,,0.2986744555566922,0.7734375,False,2
-0.92176353121889032,0.35255082481199801,-0.16143081626276104,-0.35956331964349397,-0.9329916138257891,0.015519912941136027,-0.14514203967780001,0.072350289945028595,0.98676198947012439,-15.284573924406519,7.3934290780544707,-5.42458832406429,0.3960812655330651,0.1676257631430534,0.1627906976744186,True,4
0.059484970841579429,0.9914575954298207,-0.11607486682523337,-0.98499091539552042,0.077172576585152655,0.15439329652386147,0.16203220307171262,0.10514860858674249,0.98116733296619718,-18.012720889737952,13.965139457255662,-7.1800601187194948,,0.1117778434994685,0.4,False,4
-0.91506915484164264,0.38094655032563302,-0.13239398646616748,-0.38836916846884706,-0.920851644972978,0.034664635197548713,-0.10870984702509771,0.083138280867255887,0.99059083148100013,-16.956344544434121,-3.810524034137182,-3.5162270410087837,,0.177843174336961,0.2857142857142857,False,3
0.14860635821406074,-0.9541778564561203,-0.25973210919552719,0.98037067868532268,0.10773820415326305,0.16512362562610372,-0.12957423614451327,-0.27917216482778656,0.95145857488013241,-15.616523892996582,-15.532817870670208,-1.0568416395021312,,0.2927926233257236,0.3793103448275862,False,1
0.84823217933512662,-0.47245293460902038,-0.23935411949600133,0.52536717752148177,0.80777261282628932,0.26738125355174347,0.067018644596061147,-0.35255018160130713,0.93338998855215516,-0.14524419616957973,17.729505588306939,-4.7116607911250803,0.4011428132040029,0.2533830968275019,0.2,True,5
0.1563306551785075,0.98300771196681569,-0.096211041285418603,-0.97026309854822812,0.1710647355388788,0.17124945503739616,0.18479785130528517,0.066578483527183263,0.98051877069445759,-9.9153780601241213,4.9324369177422325,-3.9347500392662016,0.1967221778431529,0.1127257691061554,0.375,True,5
-0.77395398210431798,0.61198912185421339,-0.1626792805398945,-0.63078280058516645,-0.76769209932591964,0.11296857580095815,-0.055752058892952303,0.19004777126993966,0.98019056951417638,9.5014245782912852,9.1366378521746849,-1.350493375528248,0.6080661716403498,0.4101535758197538,0.8023255813953488,True,6
-0.98190047162195293,-0.021188505729167806,-0.18820869016480413,0.03220696891545672,-0.99792909432080701,-0.055679743725459696,-0.18663915715054291,-0.060733598057574931,0.98054946590425296,17.996784606751522,5.1019074870517693,1.3123376519594356,,0.1830198449135754,0.2564102564102564,False,3
0.87936263271789439,-0.42190137969862235,-0.22072740198682397,0.46926073935766793,0.84647900838131207,0.25153060821157808,0.080720001715491582,-0.32476532169890066,0.94234376272401843,-6.1318759819221951,34.162071513983683,-8.7341298041763391,,0.1480467463727156,0.4166666666666667,False,2
0.96194166146966942,-0.196989608147219,-0.18937617118047423,0.23373015423720184,0.95218105879585369,0.19677765693965535,0.1415572496526582,-0.23355154795550373,0.96198504121340811,-5.1585185634319055,-6.6477940396909361,-0.91730885180687605,,0.07776960078893805,0.1566265060240964,False,5
0.047764744845691251,0.99634435211833494,-0.070826980393920089,-0.98152088828394579,0.059971617566594387,0.18171447644241215,0.18529780088311848,0.060838615108669933,0.98079732253893248,0.30884378388904293,-12.061605027120182,1.1609679437012483,,0.2181853839738797,0.5,True,8
-0.19644373027395395,-0.93935711215001838,-0.28110154159881917,0.96115110334424181,-0.24117545506599011,0.13424960489275412,-0.19390311337418492,-0.24380856368653514,0.95024153082093177,7.6911544228631614,-8.3854593537996784,1.7898950713495621,0.5902896793501672,0.2623170270272909,0.4761904761904762,True,5
-0.73868192403416932,0.66505026383358545,-0.10980510771387655,-0.66833215607120267,-0.74380884466324526,-0.0089739490719562831,-0.087642137504715417,0.06675739041938844,0.99391262521310064,7.1783613441564977,-17.176653036859015,3.3853457414832491,,0.2649219276259013,0.2631578947368421,False,5
0.21065498602591615,-0.93158544663974596,-0.29626513880550787,0.97070422098352183,0.1635086933676253,0.17606312094810464,-0.11557591542876089,-0.32467439505177753,0.93873784677649319,-22.299919267477019,11.911421456881417,-7.5722244795048113,0.5878801769127553,0.4630237184646037,0.8785046728971962,True,3
-0.57284630736580167,0.80327294976770136,-0.16309407196112979,-0.81926097582371404,-0.55488686490261763,0.1446098912623941,0.025662455645216631,0.21645585076417068,0.97595507224473066,-13.718507621655649,3.2732153055698183,-4.2984228730495051,,0.06945497878591372,0.1525423728813559,False,3
0.61916978485626795,0.78084179689664557,-0.083155671726356503,-0.74863705528188085,0.618937366828895,0.23761122743210017,0.23700493028609759,-0.084868275357360884,0.96779441972866853,2.2108253117313947,-10.023418911524793,1.1616261981159437,,0.08076805439105153,0.3636363636363636,False,5
-0.68956724507801914,0.72303298916749958,-0.041476633072396879,-0.72408177215958347,-0.68942806982246585,0.01986262236230249,-0.014233823862516384,0.043729087760671914,0.99894202291317735,-10.794509927071037,-11.882245763972346,-0.873430522991826,,0.1102904580742009,0.2,False,5
-0.11510236839634444,-0.95817213005238244,-0.26202597959063634,0.9767371313126999,-0.15721374235820915,0.14583694843476616,-0.18093098436859906,-0.23914432547022108,0.95397797170102561,-11.901454526393575,9.274233386577567,-5.1348484262498149,,0.08411626342627308,0.2105263157894737,False,3
0.92741476203745155,0.35875930889697355,-0.1057998933590325,-0.30033048971800286,0.88285374122386673,0.36106906341137385,0.22294271932665,-0.3030858457381142,0.92651795126292658,-15.879637869340769,-14.127971286264136,-1.3583301909264149,,0.1236340293802031,0.2916666666666667,False,1
-0.47092144630636695,-0.82669906706736407,-0.30789875595505306,0.85444326269871362,-0.51425851724851424,0.07392488259129594,-0.21945318917139656,-0.22826920499118911,0.94854281285305908,-2.1678257750278758,18.724166999749595,-5.1950761127157046,0.1758807495243725,0.1423264167551108,0.3529411764705883,True,5
-0.98128991580869962,0.033390598755969177,-0.18961848287251065,-0.045379772206312965,-0.99721169378509433,0.059241151683325388,-0.18711167095255685,0.066737588306602022,0.98006903680320412,-10.496860420982587,18.075281231661318,-6.5740421336240713,,0.2426542682971024,0.2941176470588235,False,7
0.71947020694548414,-0.6673734413935255,-0.19228965401286063,0.69411346734501589,0.70044721768956786,0.16607284450271859,0.023856147386006707,-0.25295530228383617,0.96718379808513688,-3.4169093437201576,5.8451559483766946,-2.9436661952815597,,0.07136533298599547,0.3465346534653465,False,5
0.061418400099107907,0.9953619987242952,0.074042363717276322,-0.98358890152218637,0.04774920889157358,0.17399105107047219,0.16964861606168413,-0.083513499183092532,0.98195969495827584,-17.902217651303346,18.137891553598141,-8.0112336178540389,,0.2080408705661315,0.25,False,1
-0.16537006253212219,-0.90118479461803158,-0.40064786080469389,0.96838250682921578,-0.22531315557937226,0.1070948289602697,-0.18678346523524464,-0.37027010123978549,0.9099516411560522,-0.076747677135025338,-9.315064588377977,0.55061181623232014,,0.7021512433908549,0.575,False,1
-0.90676763111597258,0.39888014675238165,-0.13662756561955341,-0.40741586412192127,-0.91235094085397617,0.040349403770720188,-0.10855771194215198,0.092251770983882792,0.98980040105478895,-3.9509076556467,10.053844929328148,-3.8664150581596108,,0.2207599333997545,0.3137254901960784,False,5
0.25889543411409904,0.95843382885909778,-0.11990725538248773,-0.94655987434444522,0.2764684936411036,0.16610110265993749,0.19234749407231758,0.070496579507859869,0.97879143529241763,11.821182124931401,12.723810895819557,-1.5023252289472244,0.2115138429576479,0.1853444074232037,0.6428571428571429,True,5
-0.96174492982497883,0.21674418311688171,-0.1675370079741863,-0.22749424727376696,-0.9726128604978681,0.047650719317736442,-0.1526206323315728,0.083941543225932752,0.9847135420555363,1.4789808623683607,17.002413371312471,-4.3052228200122089,0.2546305069604108,0.1712041659404052,0.4375,True,5
0.66530389549553504,0.74618801189427897,-0.023962002080995887,-0.70689811172215755,0.63994736594432045,0.30126803425616633,0.24013701564339196,-0.18349610275477132,0.95323837207263951,-13.902225499015234,-3.2075376319741196,-3.0617375805460267,,0.242157164062611,0.3297872340425532,False,6
-0.96129814654165746,0.24944550673317598,-0.1169735552430686,-0.23455521305633581,-0.96370487998049958,-0.12750198559186518,-0.14453278342186276,-0.095130665257846081,0.98491645891615021,2.1280476299018463,-7.0972106945907738,0.54028517153776656,,0.1253715651518679,0.1538461538461539,False,2
-0.27099248674745718,0.95566178686916836,-0.11521120277324115,-0.95757153622001634,-0.25544851909953581,0.13342716032012467,0.09808070731630858,0.14648072640413057,0.98433915478581402,-9.4053793563721779,-14.53717840558455,-0.14903296867607679,,0.0920665034781015,0.3018867924528302,False,5
-0.45908299589410317,0.87884333926632641,-0.12991223155695886,-0.88591104815333233,-0.441954926830261,0.14084550901723822,0.066365786673263427,0.1797504594644273,0.98147101571140039,-1.1540375616145666,5.3082439924589151,-2.4827240816448106,,0.07964440807819943,0.2786885245901639,False,5
-0.28644025470485796,0.94647842036853203,-0.14876350446700565,-0.95288142406015885,-0.2652447807867897,0.14718083416821851,0.099844740300632798,0.18391249561151807,0.97785848761067828,-5.2983864553761801,-5.0213278835759914,-1.202759385699065,0.09767097348380598,0.09917289573372201,0.337037037037037,True,5
-0.76337105866579247,-0.60122279250155186,-0.23621130491172826,0.60014646801757343,-0.79536931227774621,0.084922753210523824,-0.23893271797202181,-0.076933808325464426,0.96798364935521575,-11.638439815118613,7.9307264205490053,-4.8166225093977229,0.3249410084551372,0.3315367940133206,0.5977011494252874,True,5
0.2205560824390399,0.9712952004478721,-0.089110314139678376,-0.95565383101270163,0.2334714689314738,0.17949046901082991,0.19514294701549234,0.045570898410154492,0.9797155319010723,-7.9742572630065975,10.633568153408936,-4.6757565823800418,,0.08908212552250591,0.3225806451612903,False,2
0.41605541882847591,0.89825041762835134,-0.14157710158763542,-0.88248488703420025,0.43640233427916275,0.17542356395859338,0.21935886720098241,0.051953728126017396,0.97425997429541933,-1.615874824413696,-7.4910765354526649,-0.062029451715930786,,0.09289674957743244,0.2840909090909091,False,5
-0.84124927849821263,-0.45687234353757261,-0.28908011542948236,0.48613899107397107,-0.87319294685149829,-0.034683698280000896,-0.23657669535230696,-0.16971075180813597,0.9566763966655073,15.773924221669754,7.1371791173671024,0.41202360869799842,,0.1604817567489662,0.25,False,1
-0.33340535462201071,-0.8590842799405658,-0.38834915922191982,0.92438529185664065,-0.37885745445368674,0.044484395061493903,-0.18534481840204103,-0.34415291537901216,0.9204379767956351,10.966285789050534,-26.959527070486207,5.9383173798332836,,0.3366492916685714,0.2666666666666667,False,3
-0.77723720033125265,0.62584830334334152,-0.064932546719628351,-0.62633105307098391,-0.77940974036709754,-0.015161417476145272,-0.06009780678384552,0.028885252693273133,0.99777447140955533,-13.095182279845957,6.5278079488396159,-4.8254886889534747,,0.1940890162976284,0.2173913043478261,False,2
-0.37870649718507782,-0.89078746734543823,-0.2511554837348946,0.89996608804605749,-0.41775663128171914,0.12466129065281856,-0.21596858418965795,-0.17882137747050852,0.95988566277586695,3.0733803262337447,15.705676439316578,-3.7712469736367442,,0.2381224144379314,0.2,False,1
-0.5744862614620978,-0.76783640454095925,-0.28353622564483127,0.78480793918910297,-0.61510818390951549,0.075620239838905576,-0.23246942589738076,-0.17907869205785626,0.95597530725107738,-4.0512727300242295,-3.2325761893289604,-1.3272416319412801,0.9074828206269554,0.7473142951162102,0.2204246713852376,True,5
-0.079863684916954142,0.99670821489583661,0.013947264629340317,-0.98990399140605811,-0.080946628107665966,0.11635175630971327,0.11709773537452012,-0.0045141729203272696,0.99311013619487587,-7.9611167707191433,-14.329146978141319,0.082429646909153415,,0.2783581142426488,0.4545454545454545,False,3
0.74414629205052218,-0.60269414508541275,-0.28810772899598314,0.6671850941799532,0.69205699553397659,0.2755379557095049,0.033321856664154839,-0.39726173036456647,0.91710019706475077,-17.471244376642144,4.8286972367393677,-5.2396056166656848,,0.2490607391571761,0.2758620689655172,False,3
0.70114848081454362,0.70118687307074223,-0.12933590717480975,-0.67206317090497436,0.71050385597398413,0.20860336756450193,0.23816360377817553,-0.059340034372874328,0.96941057254190177,12.991462363181876,8.1450061411341821,-0.39065028035895416,0.1751769230629102,0.1394292658794147,0.6666666666666666,True,5
-0.95624934155821428,-0.2022430624642792,-0.21138812751559954,0.19463191541563551,-0.97925137666721362,0.056437211102325469,-0.21841614929103267,0.012825169801494916,0.97577143878494432,-15.221918119354894,3.8353914442163175,-4.6930411741546614,,0.2826407221067878,0.2115384615384615,False,3
-0.22064643241377382,-0.93801754042080465,-0.26727934025281097,0.95563248560843495,-0.26273710357010693,0.13317569920010058,-0.19514534150965196,-0.22603607736486428,0.95437203826211636,-15.313556041276595,-16.280118187693574,-0.87621565415237301,,0.1183054769062328,0.2777777777777778,False,1
-0.32604285304149122,-0.87392743218378044,-0.36048148531821644,0.92589725921520516,-0.37217167397079326,0.064826772799116139,-0.19081489291545156,-0.31263251329706654,0.93051092861460982,-3.5376448770443414,-11.876423016899599,0.40456212232526279,,0.3418626202791387,0.1081081081081081,False,4
-0.52763059417212299,0.84650470974436243,-0.070962895052171515,-0.84789631789292319,-0.51972101521243008,0.10469909479161799,0.051747368988148343,0.11541162301594297,0.99196893453153578,13.310666352939569,-4.0705472002158727,1.9727123449673958,0.6251846998586603,0.3076170088595596,0.25,True,4
-0.4666900658652603,-0.83067059465773951,-0.30362270269799529,0.85642255610914664,-0.51014729012402704,0.07931045181176638,-0.2207731591705695,-0.22301593115754798,0.94948570639045271,10.838974540696537,-0.39614892743717955,0.79814064365586357,,0.2388877520697204,0.2857142857142857,False,5
0.81225433040478368,-0.50444057765809769,-0.2928866783427363,0.57669992681990545,0.76982536048745898,0.27347048973567478,0.087521980922464868,-0.39103531549249981,0.91620482693177774,27.900162131276318,7.0037677704319368,3.1154496379298084,,0.2052677036601306,0.1428571428571428,False,4
-0.96868094152194095,0.18297972910524515,-0.16785604626803802,-0.19472251852773534,-0.97924404010568955,0.056251672825819998,-0.15407911704829572,0.087175275474520003,0.98420531244022436,-16.353849561505896,6.3681476132195236,-5.407611267715378,,0.1277123389416006,0.3,False,4
-0.022959667045388189,-0.96170766907252947,-0.27311391933815188,0.98374198477359776,-0.070404001273334835,0.1652119366099403,-0.17811389918495293,-0.26488041802252182,0.94768866357329928,4.6543829825238703,-18.046830555205162,3.1133125753613751,,0.3954113027773996,0.44,False,4
0.18851857847154022,0.98201210697338481,-0.010628608975936954,-0.963121463443812,0.18698616415247529,0.19347666802328872,0.19198383323842688,-0.026237304991883925,0.98104730344761826,3.9516715249637318,17.884980960691973,-4.0011788874159109,0.1427350319751532,0.1286055919393758,0.3,True,5
0.43307825995265026,-0.84053148800319721,-0.32549967500984778,0.89943544739476444,0.37942940861265118,0.21690827519860745,-0.058814086120295817,-0.38670420421167639,0.9203264430183723,1.8534368868798821,10.357875398220237,-3.0074892736499113,0.6017498364319339,0.5448265274970404,0.625,True,5
0.96344230487758786,-0.17231354448767669,-0.20515108471137677,0.22600194272229734,0.93393823823175148,0.2769160324977949,0.14388205954151639,-0.31315716430359031,0.9387388046668923,14.324282698581206,13.246258329412077,-1.0042388422493458,,0.1131486280360233,0.125,False,2
0.14143203311302199,0.98195646267858427,-0.12553280612365347,-0.97421858172688924,0.1605765044283185,0.1584718941756896,0.17577011983714924,0.099883390157442797,0.9793508938797626,9.6778063348559371,-9.6037078152168682,2.3787974582859586,0.49416613304264,0.3902783543989875,0.6724137931034483,True,5
0.97164509027030288,0.20814872987891461,-0.11216026392358917,-0.14288810727504048,0.89486084859373227,0.42285582703027957,0.18838473227141073,-0.39483942040264897,0.89922912805531874,-8.8379278399688577,-7.0663084639403442,-1.4033157453349709,0.706046497042215,0.2918590661994799,0.1842105263157895,True,2
-0.56842153632602677,0.81193767190413701,-0.1328690106219293,-0.82259888361716083,-0.55790140309179237,0.10989586479941553,0.015100785163736613,0.1717650761100768,0.98502219513894163,-22.30484994424555,-5.2636159446029245,-4.2107542301785781,,0.2938873907166299,0.5416666666666666,True,5
0.86857243417964403,-0.39783946024894412,-0.29547536352812409,0.48819555522461672,0.78935287919836084,0.37227292670860035,0.085129468706062736,-0.46759576128327707,0.87983360789852572,-10.211415981412078,-17.640799205238118,0.32582970208599965,,0.2235299349236818,0.2173913043478261,False,1
0.33005338221464686,0.94081226170991317,-0.077052275144548529,-0.92016092123800253,0.33887207321006202,0.19613667944764024,0.21063865721919184,0.0061649180524480651,0.97754455134807217,-6.1743287893472747,-9.7761742718420734,-0.44243050691875196,,0.1183938753986045,0.4051724137931034,False,5
0.1770879037284826,-0.89337519331837723,-0.4129414465955239,0.97459410174461136,0.10071601212784845,0.20005654637046438,-0.13713574004491444,-0.4378778926417905,0.88851378151265514,1.8728394905947832,21.799775009230878,-5.0467384643185245,,0.5021641141191937,0.45,False,3
-0.0070600071446562072,-0.94857910165249038,-0.31646144189659453,0.98709503519541375,-0.057240853542728037,0.14955559561001225,-0.15997983557837203,-0.31132165455338023,0.93674184256627679,-19.589234054314417,4.4536866109283748,-5.6320195486866522,,0.2070691427501566,0.2666666666666667,False,2
-0.4838062417221824,-0.8194364941258433,-0.30733589534157074,0.84523224842993439,-0.5285669918450423,0.078736150185041501,-0.22696688455529304,-0.22167716893408457,0.94833816019847827,29.466901414758283,9.9003675566383791,3.0058238271041247,,0.3307466248699267,0.2307692307692308,False,1
0.98265355422583844,-0.018476274233538856,-0.18452809991373351,0.061866935284560554,0.97068332804091495,0.2322635550014433,0.17482698500466615,-0.23965079585484278,0.95498849278947728,7.7892375283772299,5.685051967321348,-0.99203273736198061,,0.07352549599726678,0.3043478260869565,False,5
-0.98184863068490102,0.099189589361019209,-0.16166227693737426,-0.091661968625608672,-0.99435767882527026,-0.053393726868404628,-0.16604622829158705,-0.037606275056328672,0.98540063839360525,-7.8148549985700706,14.981019819096662,-5.4855640109843034,,0.297208094905712,0.2777777777777778,False,4
-0.77791706982507336,-0.54770151247492449,-0.30800663257055133,0.58371406635613332,-0.81134771573863607,-0.031508298965259141,-0.23264333476968185,-0.20429864756864283,0.95086231463280957,23.710725893993743,13.147795892724005,1.1419187425688597,,0.5637797196497457,0.6153846153846154,False,4
0.96548974728497083,0.20381693310205296,-0.16213637984263929,-0.1468344883148352,0.94015857526839486,0.30747599319397784,0.21510272180733533,-0.27305770659363537,0.93764082032561935,17.865646803000114,-12.526056850199978,4.5138152118655208,,0.2777278716557235,0.6153846153846154,False,2
0.26273942867522238,0.95525857345449716,-0.1358272817260914,-0.94371844905703983,0.28373362345081321,0.16997270319921942,0.20090664879190911,0.083524180721234492,0.97604314951033455,-4.4126242957726767,-11.979894340207533,0.28210034702692133,,0.08695136498825548,0.472972972972973,False,4
0.37972410712656757,0.92507379294265635,-0.0069339799262260471,-0.88964248449758832,0.36721500949029889,0.27145789099231904,0.25366484234889347,-0.09691034215049546,0.96242533909929062,-6.7595936356101918,-10.789770991700015,-0.349001541787754,,0.4675672269155067,0.3795620437956204,False,4
-0.082387852482304624,0.99649336813395684,0.014601678958188036,-0.98762445863220327,-0.08359904319727679,0.13269939219133409,0.13345475066404966,-0.0034881573278505162,0.99104876887247806,-6.4246649896298882,-2.9671032808079154,-1.802754276892641,,0.2639502746160893,0.1790123456790123,False,3
-0.14653603250082656,0.97744729560962917,-0.15206569463340203,-0.97975422967761372,-0.12221172697748862,0.15857472439833042,0.13641422436001083,0.17222391847418331,0.97556654375683427,-8.8882699912394134,19.119766262501809,-6.4646233032569667,0.3454952127007281,0.2847102370334728,0.7941176470588235,True,5
-0.80290885218234165,0.57686299733101942,-0.15022136132223907,-0.5934436777655927,-0.79730292483455756,0.11014829717388896,-0.056231453896212646,0.17758695999575017,0.98249727492354189,-17.116369725158464,8.0270949965748279,-5.8738051021557975,,0.09907680951722989,0.4230769230769231,False,4
-0.6764343147360119,-0.64396552396535744,-0.35741435588353926,0.69652658366240494,-0.71704885917848582,-0.026299273800075712,-0.23934773050773103,-0.26673833150646947,0.93357556009459886,-14.251325022792541,-8.4072404298811207,-2.1037001467508292,,0.2896911200930721,0.16,False,1
0.85710823636733113,0.49349067207006481,-0.1477580039494292,-0.45745366440552104,0.86103539115188588,0.22215805208427825,0.23685779715526559,-0.12282105586484555,0.96374964184844203,19.884278450207702,9.2262743436036914,0.97688958782762703,0.6575785509529637,0.6794727746555086,0.9081632653061225,True,5
0.91451309073585973,-0.34349667954762325,-0.21371906328753532,0.38764734165189568,0.89516553265946686,0.22001865295631359,0.11573826239823437,-0.28405756507836533,0.95179617268551087,17.887353265000041,5.8914672617518118,1.1769064432979872,,0.3818960633633928,0.6818181818181818,False,4
0.24741943460407631,-0.92440170120808518,-0.29028454692559391,0.96277364887028449,0.20089859877460864,0.18084981075853457,-0.10886011400507573,-0.32422407038034207,0.93969581661557122,-10.230983920937117,30.955297456960739,-8.9183408529317187,,0.3404157981346563,0.3448275862068966,False,2
-0.96113397146658719,0.20284103407014167,-0.18728855755283211,-0.23100181351546301,-0.96235901358991027,0.14318970324301314,-0.15119408402921117,0.18088848459647872,0.97181258743389254,-0.62666143812140018,2.6900087048826897,-1.886545688931148,0.3618849068451767,0.2749082671880947,0.9130879345603272,True,5
-0.97581542421070522,0.14008659912698831,-0.16780942350629705,-0.1496298950835574,-0.98769088124461313,0.045580890771500404,-0.15935856541072682,0.06958784269737299,0.98476513940074095,8.2316334115022549,-7.0170727005912674,1.5980097610739115,0.1184579916116208,0.09789994058133163,0.3703703703703703,True,5
0.85778882657594835,-0.47028024184001499,-0.20744836257814733,0.50735411964892529,0.83937485753543195,0.19504267690082039,0.082402222522949306,-0.27255521031943358,0.95860499218969641,3.3603651968618657,-10.915980090411429,1.4748338049909238,0.1839047219469145,0.1735512939295344,0.5,True,5
0.75703462676062849,0.63516001459146543,-0.15320029291605886,-0.60779382822233685,0.77063238863862593,0.19160475974245433,0.239760789663851,-0.051937245260954015,0.96944173950499524,4.9135203546327526,9.8885153895188651,-2.3747804451311869,0.5279193257358674,0.44811710357331,0.8741721854304636,True,5
-0.51208939895211181,0.8455054072102749,-0.15127806800410298,-0.85802279063211995,-0.49544851215533192,0.13537969773544237,0.039513772747443124,0.1991265381139771,0.97917683979044789,1.4834656382474505,-7.9095119921482988,0.5166506724968436,0.2902791295586149,0.2290803050541263,0.6772151898734177,True,5
0.9737593303710872,-0.12783877549424322,-0.18828174100369979,0.16192649194743636,0.97052605535143033,0.17849085996092193,0.15991428241670175,-0.20429494209139173,0.96575928621734008,8.5945844151344115,-2.2461381829211389,0.64075383263892827,0.4112237634918595,0.3178116592676727,0.8604651162790697,True,5
-0.87028026133413683,0.48612164455244511,-0.079360024129357082,-0.47969028071678388,-0.87305913570745697,-0.087549872322014055,-0.11184588198963352,-0.0381246935118707,0.99299396092150849,-17.316939952355149,-4.7846898985291428,-3.4012295133165105,,0.3601002849224917,0.2857142857142857,False,3
0.96533593264086648,0.19971854986659271,-0.1680447499673054,-0.15930303589720299,0.96082365992667318,0.22680484403788229,0.2067585062490136,-0.19217282681039716,0.95933337517746042,12.589671054413499,13.677462469826059,-1.5209534433038612,0.2136039172029814,0.2684344500095038,0.3333333333333333,True,5
-0.64268259054884747,0.75429249681175881,-0.13417122291648817,-0.76610419423425702,-0.63423374096169582,0.1040765362721755,-0.0065917662354710582,0.16967731456861382,0.98547762914166737,-28.583220786200258,-4.1758697832858562,-5.5076854038290266,0.5233327564352491,0.3013910277479005,0.8230088495575221,True,5
0.10593128231941251,0.98677198576167835,-0.12271760893253778,-0.97733837459300454,0.12606642880465396,0.17004986644024622,0.18327101509532107,0.10192302803780635,0.97776450711893581,26.099427291041248,6.0770513765258096,2.8706094129530384,0.266573121066778,0.2618750413597551,0.6444444444444445,True,5
0.44205339025527274,0.89436554119430089,0.068549827775454014,-0.86894462309900555,0.40802027047275563,0.28009766309390471,0.22253997877043752,-0.18338412583308336,0.95752087196117508,-13.841013693747239,1.5448716508156133,-3.9876015777535954,,0.100810921868945,0.216,False,3
-0.18674134879700685,0.97319198621235958,-0.13425731496465268,-0.97621876764336013,-0.16850620044781706,0.13639126845777358,0.11011169942542429,0.15653439999783891,0.98151535661290734,-16.01591345767887,8.352427921379288,-5.7120637596560702,,0.07525293906958681,0.3888888888888889,False,3
-0.97641599889604036,-0.080181049572260937,-0.20045647006105174,0.066470452110335712,-0.99502365386019076,0.074226728709827786,-0.20541050629433322,0.059151733264591881,0.97688668552483582,-9.9743575961951034,14.695755558158435,-5.834072317273284,0.2288734546408887,0.1335772517352629,0.4117647058823529,True,5
0.89821965152975447,0.41324106058527027,-0.14977744640675059,-0.37025648492406243,0.89497964561239229,0.24884044950770051,0.23687885717692039,-0.16805731101584867,0.95689348792677975,-19.542502616795851,14.644241026726968,-7.630812420846028,0.3135849184266188,0.3260381871879096,0.8035714285714286,True,4
-0.34325849011996296,-0.89238226301572332,-0.29296331786675922,0.91385887281418099,-0.38934308135025658,0.11521252355313906,-0.21687685339694127,-0.22817945056385799,0.94915676724185971,-4.0134444148947619,20.580110079895967,-5.8950868670104128,0.3311718450901954,0.252496201272737,0.3142857142857143,True,5
0.26953038034398469,0.94797227278162555,-0.16941648121970704,-0.94158696448585022,0.29631544802175636,0.1600348198798919,0.20190929246062611,0.11638610441502961,0.9724643501523047,13.043483894274253,-8.2397066441768612,2.7622792910912621,,0.1162939002633772,0.5789473684210527,False,5
0.42412985054165431,0.90363090644276922,-0.059708079863073332,-0.88378357799764762,0.42739628086475373,0.1904179780500119,0.19758658137938467,-0.027992928114039251,0.97988567641047386,15.905237122338137,1.0434809596688792,1.6273925644109375,0.5141234661321818,0.6980129134161851,0.6438356164383562,True,5
