axis_00,axis_01,axis_02,axis_10,axis_11,axis_12,axis_20,axis_21,axis_22,location_x,location_y,location_z,dbh,dbh_approximation,score,reconstructed,number_clusters
-0.33359825873979632,-0.92216673799196769,-0.19575676005448595,0.92332055856064543,-0.27770887104700681,-0.2652488059936457,0.19024023734487347,-0.26923278084782049,0.94409870342666813,5.436324257245678,-14.9044003799766,-4.1663396850884284,,0.4159619636881666,0.28125,False,1
-0.36474161264444072,-0.92298360803856183,-0.12273880925629248,0.91565719947096913,-0.33164358624835866,-0.22712204815321296,0.1689243885959503,-0.19522753646052937,0.96610080216561178,-28.587330062468066,-0.52716602132720281,-3.2808249074606288,0.5243134065709368,0.4455662986886119,0.8648648648648649,True,3
-0.029958166896119322,-0.97644977374919018,-0.21365473919709685,0.97703648411892385,0.016505551167481501,-0.21243181372193071,0.21095548567590194,-0.21511254293000404,0.95353257780603984,-16.530054354652947,4.5278805709801855,-1.7746038396658321,,0.2723074165871457,0.2,False,1
-0.9989172177432234,-0.032992057744651103,-0.032801161898803173,0.040462671436919423,-0.96406651875497473,-0.26256145877841919,-0.022960059153360073,-0.26360438452620094,0.96435759142666433,-11.374033984433176,5.9452034910484137,-1.3058013709607819,0.3578637626099539,0.3040469826953366,0.8111380145278451,True,5
0.99897560813179886,0.023617521170084213,-0.038599832272734516,-0.023780415582530239,0.99971011121081765,-0.0037663480423738294,0.038499690809469689,0.0046804098789278983,0.99924765077078881,-9.0787306054249832,-9.740016002106854,-3.7788210839198983,0.4714298305519731,0.4134190733828756,0.1590909090909091,True,2
0.040141812667708068,0.97725783321812931,0.20822046558770047,-0.97719034278835992,0.081887719577884557,-0.19594242864551292,-0.20853697235003391,-0.19560554387885296,0.95825403853411473,-11.412762344360889,2.8184556908725136,-1.7626835179336859,,0.1802537943194161,0.1182795698924731,False,4
-0.29383903824642232,-0.950408803532522,-0.10189075409623059,0.93656948172941168,-0.26496543138509981,-0.22941431093985801,0.19103985316032751,-0.16283865124345914,0.96798106808227014,7.4570074738668932,-13.041245217560343,-3.6802102946711357,,0.2798132986299738,0.3333333333333333,False,4
-0.52867501737813027,-0.83820732881917115,-0.13383273110141819,0.83272381818859631,-0.48159657562698388,-0.27319549953425054,0.16454108490477323,-0.25587733830527737,0.95260328527680793,6.3280247455382677,-10.678145740183421,-3.2830809744710652,,0.1088631981818479,0.2571428571428571,False,5
0.90804121824905737,0.41417375072271956,0.062619886402340522,-0.41416394694084269,0.91009845225674169,-0.013748900111125423,-0.062684695222599895,-0.013450331302889714,0.99794274263240779,-2.9785192931051832,-23.677267922688483,-6.2361044527964342,,0.2351091680022123,0.2068965517241379,False,1
-0.92024703909189143,-0.38881278960230747,-0.04438470101601058,0.38671452690926611,-0.88612440715878593,-0.25541223485736619,0.059977176658719857,-0.2522065615307495,0.96581291594225793,0.22592361080280465,-15.39431856200259,-4.5418540394642539,,0.16897615084797,0.392156862745098,False,5
-0.97566311389103433,-0.21531679874569901,-0.041474864319898885,0.21837496978809162,-0.93700046608660759,-0.27265820934556373,0.019845925589397316,-0.27507962980086942,0.96121659188037112,5.4796969293563773,-3.1136691379249788,-1.8660533487382074,,0.09703281794487009,0.2452830188679245,False,5
0.14451918539471625,0.95461943283747663,0.26041494485129152,-0.97249261861088077,0.18561544485551662,-0.14073028593177767,-0.1826809015748469,-0.23291338536061457,0.95518534490414908,-6.7161994493294666,-14.221764066717121,-4.5639710297341107,,0.5170627630927992,0.4074074074074074,False,3
-0.99446685039413474,0.1050482123607519,0.00074602076469450565,-0.092858200311597985,-0.87570179388049652,-0.47383934284667906,-0.049122684190321952,-0.47128679301916793,0.88061099279060062,10.029254557485823,-1.9005811599984836,-1.457947714326421,,0.0958012872047843,0.1666666666666667,False,5
0.20417229689650881,0.94209567471693545,0.26602521094747245,-0.95794860333062537,0.248244007633178,-0.14390756078512273,-0.20161385507179061,-0.22545654205159363,0.95316378502817134,-24.904968290588137,-1.8043225578869824,-3.3093302624226548,,0.7628148125493166,0.425,False,1
0.092816946629284761,-0.97059777889843446,-0.22209224663604021,0.97174031428158636,0.13692426807067237,-0.19228236115992389,0.21703865097797961,-0.19796892789207576,0.95587788318954348,-4.9229286681073736,6.4895072096434374,-0.77816367822875798,,0.09426908091993866,0.1666666666666667,False,5
-0.75166672862912476,0.65950963865885182,-0.0066457195292873826,-0.63749111014627091,-0.72908143409473969,-0.24908903416817449,-0.16912188964313929,-0.18299535233013373,0.96845778817102068,-10.17829720607476,-11.554463745625824,-4.176069279476831,0.3490895445472743,0.2662816522018546,0.8388429752066116,True,5
-0.020711413031363798,0.99284989916087307,0.11755898564757672,-0.98263549293661023,0.0014707143474820203,-0.18554062902914725,-0.18438689050870125,-0.11936044041285626,0.97557908950170713,3.5584155367001498,6.9727318698717706,-0.19026902120524281,0.4150054476939243,0.2329408830601433,0.5,True,5
-0.39546333683362095,-0.91110489916134196,-0.11617491960238041,0.90054726936129259,-0.3597538171783497,-0.24411433114736703,0.18061939227651597,-0.20115927458063662,0.9627624740214249,-1.4671409629431162,-7.4066304805237841,-2.9275212197862213,,0.08497384269252002,0.2527472527472527,False,5
-0.99240449214769266,-0.11357136378806336,-0.047274404199317346,0.12299114911594024,-0.92396846630477514,-0.36215390445712831,-0.0025497459131472271,-0.36521749492832573,0.93091872910263096,-13.932758459691996,11.108700043907998,-0.60027992410446496,,0.1080830063872037,0.3529411764705883,False,2
-0.086949281935494879,-0.99394458260026874,-0.067186226940352062,0.97439214494885984,-0.07081302979042782,-0.21341382962184322,0.2073638595147741,-0.084021911020153786,0.9746489358921292,-2.3652687392867935,-8.0412949769867392,-3.1506577683390526,,0.06809050604643334,0.3043478260869565,False,5
0.61494158577015345,0.78378534062886385,0.086760508906895434,-0.76860726047966565,0.62033421204862049,-0.15629569571795299,-0.17632278703681747,0.029427965905096897,0.98389240752953089,4.0711746071043482,-25.405589180679428,-6.3497857896184149,,0.3482084496956778,0.5882352941176471,True,5
-0.26398731417388266,-0.95939135957744481,-0.099392741804427254,0.94422459697508243,-0.2360237682765601,-0.22963599734313259,0.19685174223893037,-0.15447006174878822,0.96818820050691745,-20.711070001607144,2.2981601498809208,-2.4154967299316517,,0.1289546926209965,0.25,False,1
0.8755014849841235,-0.45945433217662351,-0.14966250844727147,0.4656357935538975,0.88494746371111543,0.0071619992109677733,0.12915284569853144,-0.075958561830769544,0.98871120117685241,-21.963340421079209,12.598211725080951,-0.72185142738504227,,0.3826282073798556,0.25,False,2
0.57598724787034994,-0.8141369042572888,-0.073619232657640768,0.7949223046013244,0.57883272244442974,-0.18179991494742273,0.19062324081302506,0.046192862586436789,0.98057585097126054,4.6269496472768932,-12.052251581237826,-3.634307994476615,0.2163336307347539,0.2104499827252054,0.4647887323943662,True,5
0.89677304998510587,-0.43990596369334944,-0.047758139907615391,0.42645854499626451,0.88802205818577251,-0.17190094117011731,0.11803053088111896,0.13378926445170675,0.98395590678515255,2.2615665779375616,3.3404683911726076,-0.86806582143318278,,0.1130247612891265,0.4074074074074074,False,5
0.74664218969514895,0.66088077824536073,0.075908085952946264,-0.65438758804032671,0.75019415534483391,-0.09479247810462027,-0.11959232912690129,0.021102754139156868,0.99259878530136514,-23.728751219329741,1.202650218316164,-2.7473537658397706,,0.1605537775565347,0.4210526315789473,False,1
-0.063804381388344725,0.98962825089529416,0.12870480156377581,-0.97063131534333336,-0.031562770339648605,-0.23849243426858824,-0.23195657048361643,-0.14014177306715819,0.96257801390384568,9.013414381853293,-13.689119752220723,-3.752274894909799,,0.1842708541052664,0.5,False,4
-0.96677818930972514,0.25540315110823714,-0.010448113657129665,-0.24441826293545232,-0.93561708014238354,-0.25471629725923817,-0.074830778551511226,-0.24370045086093617,0.96695938116942193,11.136031981439666,-9.3944459516304732,-2.8413057001711577,,0.6415628037265987,0.9342723004694836,True,5
0.99748342611588758,-0.06367932016092713,-0.031173046177019686,0.058170485107884293,0.98641090264953957,-0.15365456646789133,0.040534050950107037,0.15145453218033575,0.98763278367802876,-5.1019096754801918,-6.2819094978467795,-2.958939000710425,0.5485497633652467,0.3944841076276203,0.9828358208955223,True,5
0.5565614360199207,-0.82546606760162178,-0.094048600062724058,0.80849494912153719,0.56419169088627774,-0.16740266777995333,0.19124666057321438,0.017132051050512648,0.98139248399730272,21.332215931535817,8.1656728516259456,0.78425899738863036,0.5690737966277611,0.4763565735986527,0.8850574712643678,True,5
-0.437588350563832,0.87280982545037955,0.21614681132994668,-0.87515340916997009,-0.35821704055181747,-0.32524923101596581,-0.20645325347158971,-0.33148689333905229,0.92059409821887306,8.2853998010746199,9.4543341403396361,0.40661124028843848,,0.500654310371383,0.5833333333333334,False,2
0.99813359840394977,-0.052295571902884537,-0.031535581436417159,0.046279699430056193,0.98468253853154086,-0.16810261072256927,0.039843558548984137,0.16632940651138697,0.98526494881921156,-3.1408354761408743,4.1498751064965296,-0.99501596679015125,,0.1377407444820966,0.458128078817734,False,1
-0.15110686736713122,-0.98508534584984131,-0.082301737687540219,0.9626104529761923,-0.12769963889819563,-0.23890148188372112,0.22482844672207236,-0.11532416753294553,0.9675497433865462,-13.00226191258275,13.309375989001248,-0.14986339374058599,,0.2000165528864944,0.4285714285714285,False,2
0.39075077015230281,0.91086841063311552,0.13278770325630446,-0.90193988912708878,0.40768843300037333,-0.14245903972410909,-0.18389744975610045,-0.064100546865078892,0.98085312247288103,-27.603382491234953,2.4301692462450548,-2.745823996249158,,0.1924852065683664,0.3529411764705883,False,1
0.92441554687601468,0.38106814257429888,0.015587411872840438,-0.3788399347720236,0.92219053198829748,-0.077749125609685263,-0.044002278530194061,0.065967366372437525,0.99685109522838833,-8.2251377884750347,8.075970843392744,-0.7668304859467524,,0.1881274908414166,0.1794871794871795,False,2
0.68734321231672635,0.72622623319289115,0.012440526700581579,-0.71381815995914266,0.67856706294562097,-0.17323502993880013,-0.13424955491422275,0.1101916480855874,0.9848019383091785,-24.775816904429583,-6.8532987189947638,-4.1588080299869343,,0.07099767372406703,0.1333333333333333,False,1
0.48886094594019536,0.87202665335512897,0.024176256383286351,-0.85536969490564996,0.48459793630125636,-0.18305060821963315,-0.17134077323121824,0.068806656442645525,0.98280617797087111,-0.10404150026086956,-6.7873569113125614,-2.771638831162083,,0.1129739668097791,0.4832214765100671,False,5
0.7901581115756342,0.6074683871055504,0.081439040874810242,-0.60229504846951165,0.79421147971032013,-0.080428851076294383,-0.11353780559944132,0.014501178011638249,0.9934278446550302,0.52702062534329963,-13.175228568160826,-4.0246632129099194,,0.2567867032698435,0.1162790697674419,False,5
0.22678370983241491,-0.97064234546782502,-0.080141039045960441,0.95107421936381431,0.23843461611881267,-0.19648603792072647,0.20982606657934039,-0.031660243539706895,0.97722599779316577,6.9758660261257628,-2.9805307543909518,-1.7678332546941062,0.4123363137343729,0.2951218575397204,0.5641025641025641,True,5
-0.97019670537007308,-0.23821491561947955,-0.044407283923460827,0.24155249447309315,-0.93618825859478283,-0.25535061559176409,0.01925474754134537,-0.25846701616583651,0.96582817118338771,-20.065987752549333,-8.9910788875957142,-4.2869722921740969,0.3844991926331924,0.4142922796541192,0.8833333333333333,True,5
0.9646703791604414,0.26195971330001355,0.028074333086021017,-0.26196841306243951,0.96507034171613904,-0.0034330886154230467,-0.027993037134208764,-0.004042789589999758,0.9995999428393012,7.3994620308413692,6.7586368727274202,-0.085455174094450859,,0.3280365778258749,0.1818181818181818,False,1
-0.1145379577304055,-0.99049092299623687,-0.076215403305442658,0.96979501738592389,-0.094852930244476247,-0.22472326510059554,0.21535709993493102,-0.099652662212807636,0.97143742280268219,-10.100040510269064,-18.22010368689968,-5.4724070460158245,,0.1494804547278602,0.7450980392156863,False,5
-0.19741801401878767,-0.95624962251368051,-0.21589994715914315,0.95245063418489428,-0.13495692538717008,-0.27317470184999421,0.23208601246449378,-0.25956364871161147,0.93742348759023819,13.922088769828967,4.3650935363821901,-0.19690632924696172,0.3632238838355134,0.2155566969784835,0.2727272727272727,True,6
-0.99771439342827117,0.063034362081103371,-0.024344575229098039,-0.053702938456664427,-0.9583493944554099,-0.28050389043303586,-0.041011992723794417,-0.27855539367238474,0.95954411524892713,-16.085501392611178,5.8729202321356118,-1.5299119033542403,,0.1570863373890421,0.3717948717948718,False,5
-0.88239472521237494,0.46740012068593267,0.054006259823781134,-0.45321849099780498,-0.81351728018948621,-0.36439351565412659,-0.12638254758886086,-0.34601555169656367,0.92967773429779033,-4.9136877149219709,-27.251593613202317,-7.0323772384476442,,0.4190330138463138,0.2352941176470588,False,5
-0.48837225947073704,-0.8684172926199667,-0.085696803079550535,0.85457768778737664,-0.45607958049847092,-0.24837147941806942,0.17660552572167404,-0.19453231641798455,0.9648666571882486,1.337732511270292,-7.5706859582884549,-2.8657125277540412,1.405966827300633,0.5253153372877618,0.265625,True,4
0.9711474975818094,-0.23256545556398148,-0.052781121804175407,0.22771690112616366,0.97006073970568973,-0.084422593084710021,0.070834672880492736,0.069967636518374024,0.99503114471756415,-15.106089091574159,10.479693495856257,-0.74591605603470112,,0.3597887233487448,0.1,False,2
-0.89290190021744675,-0.44614061071426808,-0.060702158607196487,0.44456521874818605,-0.85221856728719392,-0.27583560294193471,0.071329957713788097,-0.273280202434174,0.95928617632596302,-9.8760129459188697,-0.21765413205412459,-2.1690135205325727,0.1702528634145571,0.14482909830683,0.5849923430321593,True,5
-0.52866727942084057,0.84881439464657704,-0.0050031100858858937,-0.82453062945296296,-0.51492495542367367,-0.23452405287268016,-0.20164361820714041,-0.11985997548261122,0.97209744239640938,-16.675527248620515,10.422478130739204,-0.83401029589043019,,0.08022675821497545,0.1764705882352941,False,3
-0.88802839854586557,0.45978859865991101,-8.8985507260500724e-05,-0.44267285413879814,-0.8550236030042826,-0.27013956117937415,-0.12428317498630076,-0.23985221042952654,0.96282117216407048,-22.574831985393654,-5.0266403287070371,-3.7214977176425119,,0.08747673778599456,0.3043478260869565,False,2
-0.25336207191954868,-0.96614256776410201,-0.0487462743891421,0.94689381831575559,-0.23737047120126811,-0.21690402540547049,0.19798928594255427,-0.1011127991694227,0.97497509942361182,1.8000874318817688,7.2455792405798229,-0.2690966954011893,0.3912769598250646,0.3125344547861642,0.8306451612903226,True,5
0.20257152039013498,0.97706443991524061,0.065649519266685941,-0.95532961421240714,0.21190732187996847,-0.20601120149747498,-0.2151978330179069,-0.020984927609531114,0.97634498281991522,11.370470435450452,-3.2355304099406128,-1.6505063235492274,,0.1848185705604818,0.6470588235294118,False,4
0.86872544835562449,-0.47902953903684536,-0.12588405820224385,0.4769343646002121,0.87761214808200483,-0.048275556985705959,0.13360279653776108,-0.018100228424958422,0.99086965565015339,-9.0212363560168338,-16.892180328353845,-5.1779385121941379,0.7121134620354623,0.6554458098526285,0.4423076923076923,True,4
0.98837370157027948,-0.1338283937330087,-0.072162227481610455,0.13874131547330831,0.98799137988457597,0.067999122453955951,0.062195445371833871,-0.077220426731629779,0.99507222465024381,-20.922906320688668,-7.1869013633675358,-4.0287526698592693,,0.3841888795846805,0.2777777777777778,False,2
0.97907082726365213,-0.18986100761330374,-0.073301521057403701,0.19087235717374751,0.98159002490382463,0.0069832854908348507,0.070626188260483863,-0.020828365211177705,0.99728537577487042,17.385176570333883,-1.9982480658174973,-1.1989149228879439,,0.3176442084290934,0.5789473684210527,False,1
-0.031189145531533204,0.97013736175773302,0.2405425877526837,-0.97512257485995912,0.023307407846503987,-0.22043758467638719,-0.21946116102740248,-0.24143376744196621,0.94527590402976147,-22.292904719892061,-0.56363647098344449,-2.9652288592105949,,0.3383225733462947,0.3333333333333333,False,3
0.29219275541473627,0.94330686739075176,0.15746602051424138,-0.93815060014399276,0.31469424610753932,-0.14436406379800257,-0.18573326339837584,-0.10554470806371472,0.97691528264590866,3.8330984977171001,-14.746769051794571,-4.1791425253545169,,0.279275096466677,0.2307692307692308,False,5
0.1920800686032853,0.97941631593283207,0.062039723805930716,-0.9597198346902881,0.20067326278270795,-0.19664201104084639,-0.2050441078095232,-0.021769742504245203,0.9785105989021764,-8.8927641730881763,-22.696972165723285,-6.322597054993901,0.2399312177667951,0.129979514411038,0.2727272727272727,True,4
-0.21971813355948094,-0.96245630283073114,-0.15937944323701012,0.96333691099607233,-0.18826548044880953,-0.19114943050902661,0.15396732672123795,-0.19553509662661606,0.96853502171554795,-2.7856253690554524,-15.079828305247624,-4.5638214666749883,,0.4130938350738875,0.6534653465346535,True,4
-0.60123712188570266,0.77658328898382034,0.18823474317369884,-0.78707010588258541,-0.53486929465088007,-0.30730357314168188,-0.13796583523674155,-0.33291625510140194,0.93280876678807323,-16.655893001526117,-0.8676394050836862,-2.7138841525840345,,0.4211157408653552,0.2325581395348837,False,3
-0.81424893877011451,0.57078438782412033,0.10584823252179684,-0.56774228650087744,-0.74494382244848667,-0.3503247029751036,-0.12110888419310763,-0.34534603517643481,0.93062815031430191,19.794034108412792,1.6288364896981609,-0.45241782359787741,,0.5697628969312509,0.6923076923076923,False,4
0.99873227959430577,0.048172297446535541,-0.014603542552542455,-0.046283343034797024,0.99287021312871049,0.10984804067106557,0.019791054895702744,-0.10903288329889879,0.99384110626681377,-20.785563129880146,7.9259588931654577,-1.460891911553643,,0.3856361961501696,0.1875,False,1
0.46508969057642863,-0.8689698327333123,-0.16906510437982969,0.86593898724612606,0.48624932351765582,-0.1170951140986535,0.18395991434732897,-0.091940334881175922,0.97862440432234366,8.2925527545606617,-4.582727574322818,-2.0240625445622964,,0.345657528926416,0.25,False,5
0.19126402231342876,0.98139899594413194,0.016555498432165933,-0.96031661254506817,0.19059047361840326,-0.20363515176873834,-0.20300265377194598,0.023049558038321649,0.97890685993907756,-11.757663050553798,4.0184110382485096,-1.6254329885025582,0.1525859173047116,0.06891536716482644,0.2705882352941176,True,5
-0.73195094329132182,0.67728656483251837,0.074368849072116799,-0.65746491353572611,-0.67341418116068219,-0.3380136507319611,-0.17885106676898674,-0.29630431942355301,0.93819829791283504,-2.0031409456749656,-17.51368247200427,-4.9409097272487035,,0.4105830605170936,0.1052631578947368,False,4
-0.36246570885948515,0.90127870937192844,0.23730844471670687,-0.90853123660894997,-0.28491638323537055,-0.3056037412563658,-0.20782108171887509,-0.32637301144081554,0.92211227917008587,1.1479838798962578,-17.170383354488695,-4.841390635881762,,0.5437704541636984,0.53125,False,1
-0.95621736921414946,0.29152398466955021,0.025731482187339276,-0.28583204923879107,-0.9114217176038022,-0.29599069632014841,-0.062836155524688075,-0.29038632723067542,0.95484417499210572,6.1197011474792964,-12.58073499810812,-3.6259914333186893,,0.1561337633540841,0.24,True,5
0.79968166303017174,0.57596196816231104,0.16963799410478106,-0.59129103167737462,0.80452404950808187,0.055820870837180264,-0.10432714733569025,-0.14494435136876538,0.98392427622001655,-22.994580369373821,6.6118925382239251,-1.7941945687453591,,0.1386559610773303,0.4444444444444444,False,1
0.54475199131036933,-0.83637757631865606,-0.060973910771058272,0.81600107401830058,0.54543543395783201,-0.19142213713207312,0.19335851458977912,0.054522813707303872,0.97961203934061147,5.4336630901872578,0.81933407442274475,-1.1319422748492893,0.4263354340038364,0.3123996743585684,0.8954248366013072,True,5
0.4316333170939331,-0.8924383274267893,-0.13132597349406452,0.88021985607646047,0.448534814032931,-0.15501459792283939,0.19724523959584875,-0.048686264388629101,0.97914450573786993,-11.024587211652529,15.468796598245515,0.27016209547962133,0.5173694205435019,0.3650010128338115,0.4230769230769231,True,4
0.956477010528202,-0.27472623963636061,-0.098372870174138982,0.27635589139286776,0.96105045615184892,0.0030727874602531624,0.093697116409665784,-0.030124972789820511,0.99514488211060292,23.315948871959879,-11.569175170070208,-2.7247326718185643,,0.2803216601784882,0.375,False,4
0.95505978280240944,0.29344873539096733,0.04181687423584135,-0.29474275659383931,0.95513586808953599,0.029020353621435679,-0.031424810403232348,-0.040041393410947299,0.99870374391249306,-4.9438322117816469,-13.839542737638036,-4.4196579173580393,,0.3456657460665636,0.1388888888888889,False,3
-0.11606506429756432,-0.97184700213436603,-0.20504220368511658,0.96584863633496509,-0.062284725279179325,-0.2515094922399278,0.23165774871454531,-0.22723119820866078,0.94588618238198507,5.2139343986556126,-14.395702057588439,-4.0559193602450607,,0.3860790739978748,0.25,False,3
0.57270645594248659,0.81973250384387497,-0.0067777181741211015,-0.80310054864338665,0.55938978585304422,-0.20521348944934459,-0.164428781210856,0.12297027943831194,0.97869376532415697,11.901241497464341,-11.487843484977926,-3.2282233438151566,,0.2375319373367741,0.8181818181818182,True,5
0.60356248046302918,0.79483228675177275,0.062880586147586293,-0.78393757000231867,0.60597341511787928,-0.13504853390257443,-0.14544489855672435,0.032215774200273051,0.98884170895877066,-1.1795221246768255,19.272357782443127,1.3985494452170397,0.5022236003395151,0.4163118729287388,0.9166666666666666,True,5
0.39349551475534245,-0.91628245263166996,-0.074751233212019472,0.89562714784465369,0.40042561812591848,-0.19367843553716757,0.20739646070045847,0.009262361889155607,0.97821312439629227,-4.4680067326886288,-16.789599794145559,-4.9618625126391054,,0.0729327761868144,0.3461538461538461,False,5
-0.17734372234451426,0.98144700425269482,0.072876484467929104,-0.95864561076126964,-0.15552515990268481,-0.23834957018085459,-0.22259334471889675,-0.11213252195797985,0.96844127359701027,-5.1395898262858681,-9.6029077210599141,-3.6065364465468455,0.304127415203283,0.3603829211438316,0.5460992907801419,True,4
0.17567581650609085,-0.94068455778968885,-0.29025948775352239,0.95877862509028822,0.23038054414749107,-0.16633806824742139,0.2233417909055451,-0.24907301663232181,0.94238053716149106,-11.979094462932293,-8.8400098194710459,-3.7679230419425789,,0.2971918265066517,0.42,False,5
-0.45913376760072172,0.88745537056230028,0.040238646956575017,-0.86147287154924301,-0.43371624271836257,-0.26411117429402153,-0.21693472528266886,-0.15592686126000194,0.96365249903901373,-15.412953981876088,4.5933666199846632,-1.714908771583507,,0.3993119813766801,0.28125,False,5
-0.36797784106963688,-0.92736246806239775,-0.067758108820628674,0.91097385841849776,-0.34495262978716995,-0.22612897311275904,0.18633018477918259,-0.14493631716079555,0.9717378896636798,-4.3314287495142727,1.1026829111547782,-1.5872478700107442,0.1560574494893469,0.1189758405967318,0.6106870229007634,True,5
-0.45528595805232108,-0.87186100113308962,-0.18048016817253207,0.87655670947988806,-0.40339255078971153,-0.26253149341204718,0.15608661526911882,-0.27772800483670224,0.94789457423452617,20.672820365488441,9.47258441143223,0.99673233305438336,,0.4080055679615091,0.4444444444444444,False,2
-0.79134068514247369,0.61137524197095217,0.00048326307561859932,-0.58761232788958651,-0.76036416842142462,-0.27669131445163958,-0.16879476339751046,-0.21924106569197938,0.96095873114500796,-5.562078070606324,3.7740635898089936,-1.2088341862618361,0.210536858657177,0.3749143293918485,0.5761154855643045,True,3
-0.1356224827936427,-0.98696528897311797,-0.086637523759036911,0.96922478019669878,-0.11403302316679442,-0.21817377266780211,0.20545040183350469,-0.11356050365180195,0.97205665698908739,-18.139148406789385,10.89404897806479,-0.80007184641525797,,0.09904255172637615,0.3333333333333333,False,3
-0.20557961448502429,0.97836410133784979,0.023253114233835942,-0.95515966673284192,-0.19541680900843048,-0.22244613236415367,-0.21308926100345071,-0.067940826977198804,0.97466764123708294,3.5436645331788572,-7.5111464058039132,-2.788927105654905,,0.1486573856764021,0.6691176470588235,True,5
0.32863266638341904,-0.92749246917061912,-0.17820855820501758,0.91938835507157146,0.3573487670558923,-0.16439863515985151,0.21616110460606186,-0.10981611136541077,0.97016225371845177,-21.937776158451694,11.036709899172187,-1.0144121941244617,,0.2180418174585272,0.5,False,2
-0.15025259865649665,-0.98596853014929409,-0.07273385836191168,0.96746112220386504,-0.13148541943655054,-0.21617252716206295,0.20357586699068289,-0.10284766419727408,0.97364224659171239,11.224601936660481,-0.78505535343907484,-1.2017857421953897,0.07635880885543879,0.1265819796638277,0.4666666666666667,True,5
0.94682789245240118,-0.31695126272899204,-0.055306772900266706,0.3055920772406171,0.93969438188000176,-0.15358369376638173,0.10065000944813127,0.12851601346781061,0.98658664590619349,-6.6654437110088525,-24.858902995041603,-6.6452232210413946,,0.2313972372401509,0.5263157894736842,False,4
0.9925320579372553,-0.11014829704700003,-0.052416282055120576,0.10966499386399378,0.99389595199149516,-0.012017725896724757,0.053420062594930665,0.0061797469660538791,0.99855300692541538,-10.696299700723554,-9.97995359839868,-3.9035805106267687,,0.3739198355363001,0.2162162162162162,False,1
0.20947413664832054,0.97649983860974743,0.05068186332977407,-0.96182135439158056,0.21510711665113003,-0.16919991312758623,-0.17612571734924554,-0.013303892707560314,0.98427777488219226,-19.277353008859158,0.083889122692979878,-2.6811939403972165,,0.1096528344504344,0.4117647058823529,False,2
0.67999003454625651,-0.72916077251249123,-0.07705920286875953,0.71179217554891117,0.68168365603369363,-0.16929055473913815,0.17597003081527612,0.060265752509402207,0.98254902540756062,-3.6698554965849048,-14.551503205674702,-4.5017889621472147,0.768705403112758,0.3909759889511554,0.24,True,3
-0.11232339153397823,-0.99082051418459516,-0.075220770969706668,0.97113487972235912,-0.093429961471019979,-0.21947183802520273,0.21042932566764966,-0.097701335561475991,0.97271473101241768,1.7624007342580252,-1.5547238650547244,-1.7378645680288669,,0.06977504706106108,0.1683168316831683,False,4
-0.17308108660150778,0.97901371550386673,0.10758755651169059,-0.95454977897426385,-0.13983036327918621,-0.26321510018499283,-0.24264718609748256,-0.14825523383855863,0.95871931696323343,1.260654022948329,-21.730413646285331,-5.705805884923751,,0.2621944888838787,0.8,False,3
0.70919964596648932,-0.67255453578966162,-0.21143854556291222,0.683200918188411,0.72964183294208684,-0.029313836450115344,0.17398956160505352,-0.12366564603666247,0.97695160598814568,0.21425955589020065,8.7338115045099691,-0.17786415072251158,,0.3441881322308699,0.1724137931034483,False,5
0.35568880463945185,-0.93172110305745648,-0.073357074447901793,0.91160400961272914,0.36317096338136562,-0.19257461155263078,0.20606698889476135,0.0016240301868952825,0.978536539232848,9.5726794235172825,-7.6659742392607182,-2.584621431352073,0.2671727725841749,0.152405160130401,0.5161290322580645,True,5
-0.18510699243106843,-0.97365967069100745,-0.13312493013332757,0.96154100678691434,-0.1514770232819703,-0.22911482641863321,0.20291449829997701,-0.17041583578855693,0.96425315622618335,-16.962165032562826,7.7292414122153144,-1.2625941175227493,0.3863191269747611,0.3673038435812727,0.9426751592356688,True,6
0.60588449655615162,0.78881575706950757,0.10331349491600048,-0.78126077436943575,0.61446635719828346,-0.10983031595666609,-0.15011855070099897,-0.014170295350879627,0.98856644868471055,0.12749957194693717,-22.439736761686834,-5.8859339932315828,,0.6090335495159416,0.6037735849056604,False,2
0.37958443367870009,0.92499735510277592,-0.017191589853426847,-0.9065320678590979,0.36816863619265144,-0.20652231179015446,-0.18470318798528426,0.093977382262494302,0.97829084835296343,10.574795413463256,0.68134339946503908,-0.94749861723227169,,0.08195762650472414,0.2272727272727273,False,3
0.97361851845813119,-0.21443823761958042,-0.077995017546009682,0.20848082744026297,0.97491633953158208,-0.077935072362602456,0.092750876573848215,0.059618563895394265,0.99390286332912525,1.977132810050263,-14.814939880904589,-4.2768545014208579,,0.1791872191096018,0.4074074074074074,False,5
0.70941266200718067,0.69774120014646768,0.099452966783570185,-0.69726170787991948,0.71538326908152483,-0.045308818596491135,-0.102760817962221,-0.037202095860299794,0.9940101701468339,-19.48424624811495,-5.1580732419024091,-3.5900985906029845,,0.3468825270992622,0.4716981132075472,False,3
-0.54576220732607139,-0.81764766663268429,-0.18329186098869593,0.8206933486416742,-0.47743287135129309,-0.3138794049449144,0.16913320357010964,-0.32172992805050771,0.93160281925653587,11.517314502942204,-18.362789716341378,-4.5712826205300345,,0.1716428417487939,0.4705882352941176,False,6
0.36640321507302714,0.92651238731147345,0.085577334280417805,-0.91142669618859873,0.37589431278907143,-0.16734647617313786,-0.18721661640699494,-0.016681180150849181,0.98217700887868997,-18.39797300090278,-1.5493962986936674,-2.9274566837255076,0.297934550336678,0.2176822455710882,0.4098360655737705,True,3
-0.98799701521713246,-0.14881906867070441,-0.041409935064213046,0.15446416681407693,-0.94891926571872887,-0.27512369639538881,0.0016489670922101227,-0.27821774197166727,0.96051661566040414,1.0622517946957257,-6.9624643235769188,-2.7663909487493692,,0.06860414043272926,0.2586206896551724,False,2
0.36594465024489864,-0.92350125845574316,-0.11502147011665742,0.90628342660616756,0.38172550527879984,-0.18148275201414521,0.21150617867126612,-0.037829409859305163,0.97664429150718668,-17.739870490146664,0.55469472104974948,-2.5180554640527859,,0.1175697744539691,0.131578947368421,False,3
0.83445722700302283,0.55062920675026039,0.022104591740275268,-0.54789982587002406,0.83328318574682603,-0.073789654852272082,-0.059050123742651658,0.049463208804112369,0.99702882298395856,-1.3424719296046712,-14.686640713544429,-4.4208318007612277,,0.5472465511768929,0.1764705882352941,False,3
-0.82269759134885057,0.56684741167858421,0.043042828230610057,-0.54998526572507389,-0.77449278693302337,-0.31253340697282017,-0.14382239281182801,-0.28079340245455997,0.94893107466447324,-28.414555206105781,-4.8590236992332398,-3.9878351894225017,,0.1397750309088666,0.3571428571428572,False,1
-0.99288962667361014,0.1164507060677934,-0.024686480110616027,-0.10669467940626889,-0.96254496242074428,-0.24924574360426238,-0.052786689897481864,-0.24483959723615098,0.9681255791450335,-8.9128889813307399,14.97274789877601,0.27290586605271849,,0.1532538171436069,0.5,False,1
0.33923480789867383,-0.90165935382207518,-0.26819797682888774,0.91667589773816305,0.38087453886485889,-0.12099538896344128,0.21124640497741773,-0.20480477364954136,0.95573529864417894,1.280901711320344,-11.429293514212326,-3.6524292448895608,,0.1799810015472741,0.1818181818181818,False,5
-0.15626514755397292,0.9876567176117268,0.010742989172816457,-0.96561168924517804,-0.15047102956488925,-0.21202012841887979,-0.20778659546036923,-0.043504912574494431,0.9772062491249619,-9.7682202957560822,-14.167237828894432,-4.6627655532041929,0.2081821528858858,0.1795395537308102,0.6442307692307693,True,5
-0.36937518476597947,-0.88326633218250328,-0.28879501261615725,0.91069725150933767,-0.28222566517191011,-0.30162756838792265,0.1849121114812024,-0.37441856304294113,0.90863537828791519,-0.94763645940863006,-8.6771007224917138,-3.1863445274792692,0.5769512294240629,0.3494689925055063,0.3523809523809524,True,2
0.36548967510597019,-0.92138785775136312,-0.13214277497950672,0.917756232881488,0.38040901771624847,-0.11407224135317355,0.15537308131755059,-0.079582628936917185,0.98464501764512924,6.6231130413036201,-9.4064706749955267,-3.0146294870189347,1.216687545820211,0.7468326203274627,0.148936170212766,True,5
-0.27008639416516683,-0.92140345371646148,-0.27940833052404612,0.94260917772716069,-0.19386488084189016,-0.27185353784838834,0.19631932597526811,-0.33679679846390487,0.92088361848448586,-5.7155379412318572,-22.224061104137441,-6.0706555719309421,,0.3363976965387187,0.2173913043478261,False,1
-0.57109879766196481,-0.80329865653282739,-0.16898944263359422,0.80054639319191268,-0.49948451132947008,-0.33112036374916587,0.18158093417668572,-0.32438633040637649,0.92833284601429855,1.8279664616314486,16.051882243307574,0.99924886699727611,,0.2329935915812648,0.2307692307692308,False,3
-0.77640307503684602,0.62991154329830368,0.02024136094433767,-0.60772994278710601,-0.7397839365569191,-0.28876295443205435,-0.16692088459300145,-0.23649772690640716,0.95718662937527099,8.6186860390555857,6.8345583484482795,-0.010357048807147259,,0.1378793041636916,0.2272727272727273,False,4
0.9720851233874257,0.23371498782462011,0.020683746154650923,-0.2343085048782626,0.97158233951962281,0.033575021597731736,-0.012248976715040515,-0.037484156649344326,0.99922214775780493,-7.6915736723662569,-13.427103371369483,-4.4580195806326479,,0.3000832840537582,0.1666666666666667,False,3
0.84395820934804733,0.53400704919440101,0.050705150475322841,-0.5288938545950358,0.84417583899244242,-0.087398188957267184,-0.089475311933748664,0.046942776569922726,0.99488217608029539,-2.3004596064052092,-12.722313736412971,-4.0639294989468251,,0.0824231908527098,0.3225806451612903,False,1
0.66229022741816101,0.7455657555646269,0.074184626411055721,-0.73608451592841218,0.66593566447123009,-0.12128180488307432,-0.13982574897648731,0.025717599316584201,0.98984209094610465,-16.970037451860595,-4.4001019140530211,-3.3099028375658044,0.6622159683594263,0.740593495971623,0.4680851063829787,True,1
0.41061270797259802,-0.88440344773267232,-0.2218732649283662,0.88848635881270843,0.44276797475219121,-0.12061720746882881,0.20491265030530822,-0.14760441108722297,0.96758655611394739,-14.673742578871531,5.9381043650406395,-1.418007392892592,,0.2548442191894305,0.2258064516129032,False,1
-0.59670020942225543,0.79283220214596306,0.12395950675853185,-0.77276741074623345,-0.52608618365145865,-0.35505472290846196,-0.21628543400792749,-0.30765309459101126,0.92659062396755132,-4.0770836121891367,-21.557113103913856,-5.8813300548466811,,0.275259527025656,0.2,False,2
0.84723901363008625,0.52745227174777853,0.063088468131866429,-0.52032906280602398,0.84792494608490454,-0.10139503048135913,-0.10697532511062022,0.053079062115097421,0.99284384118674907,6.4814346883093847,-15.439123052017701,-4.1965913848679079,,0.1919240773925135,0.2307692307692308,False,4
-0.19903672226790745,-0.96838012329949086,-0.15041382910926512,0.96695896536008219,-0.1691142375980913,-0.19076355509209825,0.15929451496711228,-0.18341295330504773,0.97004378564130456,2.5932214240555793,14.415905282082599,0.79440616724507751,,0.3982085737567899,0.1621621621621622,False,2
0.82915581404771821,-0.54589234676273346,-0.12042500478198824,0.54027100226430813,0.83785528079938243,-0.078139442977977092,0.14355445009886039,-0.00027236457960896042,0.98964238271930849,-0.996958443417165,15.003916757672139,0.64433420393030139,,0.1004397547891292,0.4545454545454545,False,4
0.99746950278556079,0.070951141093997652,-0.0045306280123271654,-0.071030529823671487,0.99180353373590391,-0.10620929480013644,-0.0030421777881894929,0.10626234538364666,0.99433347480001499,-7.0144045033967659,13.201638120728585,0.063727984437620025,,0.3103294173707969,0.4166666666666667,False,4
0.92308469710127183,-0.35955551148004466,-0.13650815412193004,0.36930075300090881,0.92776450752312167,0.053572123472387684,0.10738526812563637,-0.099864171476573907,0.98918934054349894,11.423588170202864,-8.3659154589473399,-2.6019698087010745,,0.6500172477206637,0.24,False,3
0.015676016574372984,0.99190882801688252,0.12598071045416304,-0.97745467026867028,0.041735706274924837,-0.20697946369555476,-0.2105626511856418,-0.11989582029374032,0.97020016604913362,1.1750331514329186,-9.3820892494337329,-3.2429781657465968,,0.1116923965548183,0.2173913043478261,False,3
0.82339614535018468,0.56129361186677362,0.083476158871915729,-0.55613007975585971,0.82742489748049275,-0.078021621491332502,-0.1128632899272325,0.017819099498782957,0.99345073228613312,5.1245947912521794,-19.017052293479008,-4.9849473756527063,,0.2006311630304854,0.1111111111111111,False,3
-0.9068608470346925,0.41389475841900053,0.079338093428048831,-0.4038693167692694,-0.7997541001487195,-0.44416545821082865,-0.12038678950717138,-0.43483848524318686,0.89242507397739956,13.053213976951049,-1.9024707690834184,-1.3372165271534233,,0.2469921115883843,0.3333333333333333,False,3
0.54822882724111921,-0.8031368822210293,-0.23327301901015476,0.81333077537199738,0.57695460645631202,-0.07494285770924107,0.19477731596521369,-0.14864229043286062,0.96951909041558371,0.084346892570576953,-18.234157829401433,-5.0604423685829305,,0.4638933365891382,0.3125,False,3
0.97825511910368412,0.20738461254254922,0.0029230853586758934,-0.20680399368030505,0.97639484152687483,-0.062331546086921555,-0.015780688999968137,0.060371648315135563,0.99805121809173747,-12.72402572331309,4.0150726850642657,-1.706963100748258,,0.07889066424538223,0.2222222222222222,False,2
-0.37082265952534882,0.92390679328304426,0.0942697857639965,-0.88061540655340553,-0.31756524757326515,-0.3516657777983393,-0.29496959321822896,-0.21342106470349478,0.93136694606234516,-21.054357193632093,-1.9108931495717458,-3.1086109387680909,,0.2234993349596842,0.1538461538461539,False,2
0.69628195070122401,0.70731453285299117,0.12205571163470527,-0.70666358948191499,0.70532208276277364,-0.05610107724206026,-0.12576969598530019,-0.047190159802008629,0.99093646233733246,-8.1241298923033565,4.7515621925884375,-1.2384983340899125,0.3255262751250084,0.2689679300246906,0.1931034482758621,True,3
0.33953809480125524,0.91615712462714283,0.21300235954951252,-0.92330100301764051,0.36785979426897614,-0.11042839121804256,-0.17952476153821326,-0.1591706466510473,0.9707912057900685,-11.858503764834671,-11.804569811532005,-4.2999647622911708,,0.4727139664980053,0.3103448275862069,False,3
0.70777630974040084,-0.68607552514514947,-0.16838369626263755,0.69242007496678415,0.72098376184407464,-0.027145072115576901,0.14002548037144383,-0.097379612619759637,0.98534769289463109,-8.574250914282894,-15.641420622420179,-4.9258574750627311,,0.3055964695741432,0.3783783783783784,False,2
0.054982094960760612,0.99289569093850161,0.10552305979965197,-0.97712599030456937,0.075247910716282215,-0.19890337102258535,-0.20543068978378015,-0.092173200273124117,0.97432147305002481,4.1483429594677634,-17.176913406728186,-4.6147263884416665,,0.7768214522465529,0.651685393258427,False,4
0.99519162894388291,-0.090759305439991653,-0.036828930965633257,0.085261906298699203,0.9877978227549844,-0.13032984575615852,0.04820818410117636,0.12656306663700329,0.9907864356909134,-16.120763024721455,11.761645200742784,-0.55362792801592631,,0.21622011807111,0.1333333333333333,False,1
-0.95083225465419952,-0.29307608952648984,-0.10012207177776218,0.30733608611230456,-0.85296978275244772,-0.42188515011127237,0.038243348210905082,-0.43191313415905941,0.90110403997458399,-11.782835507775479,-15.537707911072262,-5.0290108091709849,,0.4167420515819293,0.2,False,1
