axis_00,axis_01,axis_02,axis_10,axis_11,axis_12,axis_20,axis_21,axis_22,location_x,location_y,location_z,dbh,dbh_approximation,score,reconstructed,number_clusters
-0.1747088578635855,0.98388843598023601,0.037952082003054333,-0.9797594522481915,-0.17754244616393711,0.092466726666673715,0.097715048556122203,-0.02102915486867199,0.99499223310093432,-14.2403519554589,6.4553643966504701,-5.3800747786831309,0.7756115066359205,0.4784848969363417,0.34375,True,3
-0.96905903601930121,-0.043433191161726552,-0.24297765867431309,0.052551428216207105,-0.99813167226942234,-0.03116909053986297,-0.2411699237089461,-0.042973511820123197,0.96953099237727625,-19.446673920138164,12.835666851652894,-7.4779892367669918,,0.1886609494458392,0.3809523809523809,False,2
-0.96437748380395361,0.002671830781241169,-0.26451640790739439,0.055750797549560666,-0.97543636410782009,-0.2131097091845027,-0.25858831625683038,-0.22026520582332529,0.94053990973220525,-5.0931046079318989,-9.7209360284058572,-0.82997548928022014,,0.4527401578248752,0.2068965517241379,False,2
-0.96300672569311607,0.087283823637475638,-0.25495015277706046,-0.073693364882478712,-0.99532688398104985,-0.062399374971810431,-0.2592051971742122,-0.041302883141456526,0.96493872220057664,-3.9502829267070623,-9.4669273298724299,-0.54623804297022249,,0.2167123890890061,0.2758620689655172,False,5
0.11837936380274555,-0.90784764998205492,-0.4022424277071206,0.98708071452003743,0.063541447899677111,0.14708551057607677,-0.10797216885971027,-0.41445763211801706,0.90364090319709234,1.3272068494069755,13.768388863771758,-2.0015277574953476,,0.2197665970098613,0.5,False,3
0.15219826132384764,-0.91284817518986672,-0.37887187584001125,0.98485220085203085,0.10785204173785559,0.13577216051123092,-0.083077263597866297,-0.39379708752796411,0.91543542761222874,14.294587304298044,-3.7115568310409279,3.664676451496975,,0.1860186529476497,0.1923076923076923,False,4
-0.039916991354370851,-0.83185837571643573,-0.55355060884405938,0.99157845558117608,-0.10128572264851426,0.080705444765628492,-0.12320227363350383,-0.54566733926265187,0.82889586477045052,20.407120688592943,-2.597781460933196,5.4209845278887805,,0.5872373100897245,0.3611111111111111,False,1
0.64183790235664762,0.74760342058093876,-0.17068459987385981,-0.72492115782802635,0.66411494393178427,0.18286786535571972,0.25006683512951794,0.0063613506556188804,0.96820767978060562,-11.136139186635837,-15.366722602014981,-1.4066295225268197,,0.7328459854832882,0.7297297297297297,False,1
0.95083100716630031,0.19366883336081106,-0.24168735754230408,-0.14277933434945328,0.96659854328510808,0.21284106230197691,0.27483532795811777,-0.16786792160436551,0.94672377354874981,2.5237821108108149,-11.102861349773242,1.4424118856772317,,0.1312906137177203,0.2857142857142857,False,4
0.74074832504964783,-0.51257107979300953,-0.43423819165979716,0.66129597566371856,0.67013642829994191,0.33705311159573625,0.11823515343210181,-0.53683149649142781,0.83536362912665896,-16.293669788383461,17.236391159608228,-7.0052244181572183,,0.2799732502816864,0.25,False,1
-0.080754683790710657,0.98134018857879524,-0.17449961411417514,-0.99317640985475342,-0.064445180550657857,0.097197930079886849,0.084138575896456597,0.18115808837566932,0.97984817551607872,-18.415231789889614,2.6290826914908592,-5.9759963951027046,0.1464184506624225,0.1824491468885923,0.4945054945054945,True,4
0.57719329713688128,0.79024835352860978,-0.20580436702261856,-0.78128353509292536,0.60772274882973731,0.1423695836459907,0.23757932471694734,0.078616794008358776,0.96818152438831928,-1.9763560549414638,18.44624312978846,-3.3117131472158303,0.3081985564122673,0.1170510439319433,0.2857142857142857,True,5
-0.37997486091875798,0.91350060277263345,-0.14538140804038996,-0.92497187355379562,-0.37408813111337619,0.066970913794592107,0.0067925108871332851,0.1599209770297107,0.98710644963028737,-2.053850292890584,3.910136610539539,-2.0147155462509789,,0.07487554162473917,0.2626262626262627,False,5
-0.88580042820976057,0.41190716781880277,-0.21375239526821274,-0.41557407548711867,-0.90907573309260181,-0.02965635320089012,-0.20653277988356272,0.062560343682256242,0.97643761410134466,-15.269561619335098,15.566488615830242,-6.6182286356208868,,0.3439666359746783,0.1428571428571428,False,2
-0.72505938485623833,0.68192970282575682,-0.096232888535413896,-0.67950713380030392,-0.73111493526209226,-0.061163768288124448,-0.11206669240407732,0.021043570055546218,0.99347784304076359,-28.405689353757271,11.103339126948027,-9.5425290679168651,,0.2504063422008536,0.5,False,1
0.67580154689455318,0.70589923619927164,-0.21212858729604039,-0.69151802687592789,0.70681860630722682,0.14903112521729278,0.25513738989131318,0.0459752771736536,0.96581115450602095,0.31374996682663603,17.62992312638897,-2.5851615754008894,,0.768957695308459,0.5625,False,1
0.94265442140908473,-0.21029246604196053,-0.25919051009613653,0.25328534042688655,0.95643570260473387,0.14518017463767524,0.21736876068731836,-0.20250389010826586,0.95485234270450392,-22.169082946236845,-1.2765629270832817,-6.296355011665046,,0.1348377421437686,0.4482758620689655,False,1
-0.50053974990621242,0.86500263891422369,-0.035076964453267828,-0.86532176681306594,-0.50112122779306545,-0.0097854450427385803,-0.02604224727899436,0.025454856640727497,0.99933670583545542,-9.6788147980048933,-11.711769403625574,-1.5603751000908856,,0.3695521541736936,0.2181818181818182,False,3
-0.27535486930112985,-0.88022608460423324,-0.38649933497285427,0.95886618251585787,-0.28031057905220774,-0.044739504902050489,-0.068958973162470225,-0.38292038239524012,0.92120390835398658,-14.16829986235536,-10.264515551765946,-2.9643391077069219,,0.2246193919353762,0.3,False,2
-0.91583617774507742,-0.29263836638625712,-0.27496705630324292,0.29471507230467775,-0.95495438306680336,0.034715305240631752,-0.27274002582997692,-0.049243403418980772,0.96082670941745774,-4.5510569387602624,5.8006577146848946,-2.882444932185102,,0.1390140321058501,0.5682451253481894,False,5
0.95766140374755615,-0.077511114251859664,-0.27726641148847408,0.19036614565817578,0.89296989918991354,0.40787925876171466,0.21597538368876865,-0.44339236158079076,0.86991829922832331,-6.6583450172568188,10.594855772067751,-3.8861924353345434,,0.4219032260769101,0.25,False,2
-0.73220535625162475,-0.5959955573199589,-0.32964315847792636,0.6277079855300749,-0.77834078838225307,0.012973127697978024,-0.26430664232706452,-0.19742064936415449,0.94401646491278368,-7.6841341272552963,-7.8614532856133321,-1.7071738368292042,,0.1347226898876182,0.3968253968253968,False,5
-0.51080479288011471,-0.78106490913864557,-0.35918807230049199,0.82560992919633647,-0.56216676343577454,0.048340199633086653,-0.23968042970406342,-0.27185683327881544,0.93201242149259489,-23.194138274281336,12.182113839340236,-8.3427405101781886,0.3861480260445365,0.2802579989783516,0.7777777777777778,True,3
-0.94501276121658184,-0.17617414826353966,-0.27552413800142411,0.1808568579125262,-0.98347243287441521,0.0085305757183343628,-0.27247326122726206,-0.041768926963644558,0.96125630227140013,-9.4886826415852976,5.7886822221700971,-4.1314580120741597,,0.08936937956647717,0.2481751824817518,False,5
0.60139627496922698,0.7974354550169942,-0.049185521599126591,-0.75810254400824728,0.58899883931325536,0.27993016996362097,0.25219645759082721,-0.13106129241495351,0.95875955505494725,-20.778491717102447,0.69758609842338137,-6.2498507779684846,,0.5053904781556879,0.5526315789473685,False,2
0.58920350661461729,-0.74952040548849275,-0.30175882679617649,0.80524086302744158,0.57546609647351943,0.14291929303054818,0.066531047668439314,-0.32719708673198244,0.94261110015225458,12.143264021229662,-4.0595787618780754,3.0681130337047433,0.179230136320277,0.1634242632831667,0.1363636363636364,True,3
-0.93174574106815344,-0.22940225803782374,-0.28146843163755814,0.22785010332934144,-0.97292678439172997,0.038701455088633818,-0.28272637728759481,-0.028072695280590351,0.95878971592602968,-3.882321888309852,-11.607714723867543,-0.15679296605352777,0.4022897974814183,0.3128738946701925,0.3870967741935484,True,5
0.27128720036402443,-0.8754469964063829,-0.39999476421785046,0.96237822409671636,0.24015212987231091,0.12710274702870966,-0.01521212355659457,-0.41942759923595496,0.90766132466689553,18.350559116763794,-0.338585658315808,4.5041197268333537,,0.6236105460225435,0.3636363636363636,False,3
0.9665535272397735,0.10490526403009837,-0.23402812770931736,-0.017096009600726131,0.93684024875808936,0.34933948354374944,0.25589452013688202,-0.3336543629051732,0.90729970829834306,5.723493022982546,3.3266572527713012,0.28277936645192331,,0.265959582133719,0.3684210526315789,False,2
-0.85614176517325258,-0.43204862318536025,-0.28347004273761012,0.43910806403366892,-0.89746760567820771,0.041665391619773784,-0.27240665562102417,-0.08880249975006535,0.95807553460648853,-15.111301061489497,14.181121215575319,-6.4753680578453015,0.2515569861561828,0.2446772713327205,0.5569620253164557,True,5
-0.7284093166296256,0.65321064498140535,-0.20672619749353771,-0.67634377793360823,-0.73374274444630605,0.064658170581107566,-0.10944844218925448,0.18691559125813498,0.97626000647725297,5.8876122425742139,-7.5306955014594443,1.7419244414922552,0.2033842684363425,0.1028862076320578,0.375,True,5
0.89374422383017127,-0.32630260055922178,-0.30781142805051204,0.40848276080831664,0.87558414268845586,0.25786477695671972,0.18537285802571549,-0.35620081687274707,0.91583725714046316,-15.227109341718664,7.5008337598683026,-5.7287113363235225,0.2455154935137845,0.1659985289812699,0.5,True,5
-0.83762954880993279,0.49558338267057972,-0.22972559670453443,-0.52233010659440926,-0.84975108053094706,0.071374791639352439,-0.15983741334725665,0.17977822993141745,0.97063473528263167,-1.2801089046472329,8.9462619786375051,-2.2591491081067705,0.1869519198185099,0.1638742586025534,0.6063829787234043,True,5
0.019762952506756529,-0.89492465809070976,-0.44577940962929558,0.9968569420215988,-0.016575047164886492,0.077469380756717984,-0.076718073825945643,-0.44590932279187595,0.89178428613411209,-0.28404930849543231,-7.1367983525858847,0.039461771960157689,,0.5282906038063118,0.4641638225255973,False,5
-0.47129869354240489,-0.82900107144344581,-0.30105608283315338,0.8531734376093173,-0.51504340198043941,0.082615854618330709,-0.22354558108610423,-0.21791630875644818,0.95002097637622795,8.1020978662618468,-11.522496019174826,3.0918160075147409,0.260562449352796,0.2186505589254126,0.1428571428571428,True,5
-0.94909125405358741,0.19421953137669537,-0.24800113933368517,-0.21750810837752649,-0.9735471871181306,0.069972117621275393,-0.22785085970656169,0.12035218355390259,0.96622944358200358,-4.2090778523941905,10.43498846785017,-3.171270870965162,,0.0822009824078609,0.3023255813953488,False,5
0.40923343897446074,0.90011457426302055,-0.14940463722534969,-0.87618253760306408,0.43336633140779113,0.21094497766386477,0.25462158829249359,0.044579995529998001,0.96601266594903068,3.3785047108382016,-8.3699910520347824,1.2660527581099374,,0.4535683305429519,0.2692307692307692,False,2
-0.14746016008709367,-0.94739313574010142,-0.28408053002560146,0.97859055176631837,-0.18144633493683762,0.097148131900111429,-0.1435828443121992,-0.26367304354166898,0.95386607704053072,2.298662228870429,-12.306413156215063,1.5765844100743784,0.5685222953700088,0.5012674352421543,0.8761061946902655,True,5
0.27305199878479269,-0.90591273466295474,-0.32367379123913914,0.96122186447371505,0.24340093378262623,0.1296476482294284,-0.038666952521572942,-0.34652287458295433,0.93724423933863754,-6.5894379681287543,-8.1638272150968376,-1.4294424756362711,,0.1049745824387621,0.3214285714285715,False,4
0.89306264817862524,0.39579755605547468,-0.21397056117301558,-0.35985972083032153,0.91379712723726569,0.18835018337353432,0.27007422637509254,-0.09120912713886957,0.95850968037597883,-6.6753508414423113,-0.74768796719642594,-2.664011286915013,,0.08758306129281491,0.2660550458715596,False,4
-0.9683843739539082,0.043425726888440819,-0.24565404642730332,-0.016240681616103429,-0.99361758646987941,-0.11162585774996592,-0.24893361472999487,-0.10410714721853548,0.96290900782757038,4.2191422907876994,14.081285616482031,-1.1916723258419675,,0.2321894333217331,0.4666666666666667,False,3
0.37225808136737659,0.92736305585578249,-0.037705218345818942,-0.90730371847075975,0.37216246663793423,0.19569123862631704,0.1955092921214063,-0.038637560220524697,0.97994043473794523,-15.846513384458358,1.5376504119193828,-5.2169270065280742,,0.2713740351467373,0.2429378531073446,False,4
0.93511857171819857,-0.1511980258788202,-0.32045657084551249,0.28398558861620837,0.86066921326792223,0.42261174947116892,0.21190904248290815,-0.48619714345430287,0.84776582580973003,-22.501470782340679,2.4146412904329977,-6.923768848651962,,0.4318336001685317,0.3673469387755102,False,1
0.95817857809595652,0.14871274581840097,-0.24449607708338489,-0.11485208937055442,0.98238273872840087,0.1474216816336934,0.26211220888243836,-0.11317541199235612,0.95837806531406533,1.2127195667557396,-11.906862267815223,1.2460239490243117,,0.08600787121194839,0.2857142857142857,False,5
0.22663204466540673,-0.9309832743380001,-0.28619584069946591,0.97262131635281401,0.20080701302070122,0.11697999186965201,-0.051436283953033027,-0.30487159005817654,0.95100348173311267,-23.658822647830998,0.31710918875999516,-6.9107171741851676,,0.0783511210176078,0.2222222222222222,False,1
0.88201532587202769,-0.32934527660739049,-0.33701728991739094,0.40069776787193478,0.90056118730069601,0.16861449151840283,0.24797230439972562,-0.28376264148749758,0.92627668628046977,-12.146084707806375,14.666894859591677,-5.7490019159829631,0.3493006746393089,0.3535994472967868,0.2580645161290323,True,5
0.2054142452896438,-0.9286391501913327,-0.30892445122393136,0.97703979368950256,0.17634628272677796,0.11956266187913051,-0.056552890105299236,-0.32639135604419489,0.9435414422908891,17.18257595094224,-6.7150418421436733,4.9533216732087046,,0.09494571956982878,0.2631578947368421,False,5
-0.82061221535543705,0.51309465954933042,-0.25165345686359691,-0.54431611704590155,-0.83590089710796278,0.07063748960838595,-0.17411363167056657,0.19494501931585573,0.9652361797562431,-2.4877616778444902,7.0009509865032875,-2.4190202062823749,0.2911233770068349,0.1619332474036357,0.7128712871287128,True,5
0.49976359495044326,-0.76667505140937198,-0.40304554917359925,0.86545076010597322,0.46084929612455744,0.1965016745310203,0.035090326219691187,-0.44702046016702507,0.89383520695811636,-9.4863528300007438,-22.013974910641167,-0.10458473357399252,,0.2867540506277502,0.68,False,3
-0.96748711039865176,0.080398765257050447,-0.23980143818920144,-0.069456787052309871,-0.99613583149342133,-0.053750906478687785,-0.24319631153625218,-0.035347471763228798,0.96933281709385555,9.883933108398562,0.61836062397957425,1.864301502801093,0.5707713247906683,0.5493377467267978,0.616822429906542,True,7
0.93830568333153119,-0.17982493709827002,-0.29537338509986388,0.27322534864471087,0.90908972026817347,0.31448972854564028,0.21196781238132692,-0.37579099576804331,0.90213678231958683,7.526677350878118,19.086175581747572,-0.77287347616681301,,0.4002448513679269,0.4666666666666667,False,4
0.92059526038862705,0.3259157366747894,-0.21513553666868737,-0.24962213035314137,0.9147648147206221,0.3176383569204202,0.30032175843244197,-0.23871377492066595,0.92348393330646006,-0.65485101176974714,-14.501738711765972,1.1702379383685702,,0.4283695428837065,0.4871794871794872,False,4
0.033784684365452372,-0.9598679958552585,-0.27840981598201231,0.99386081965017614,0.0029017381034350982,0.11059950759501731,-0.10535305532640225,-0.28043717736560936,0.95407322742261402,-11.439858479648686,6.211570653688411,-4.6574764593744717,0.3950860929190723,0.3791372751650459,0.7755102040816326,True,5
0.69492265938653908,-0.65299586268033205,-0.30112937550745433,0.71216714462056507,0.68292979811568266,0.16255721752251995,0.099501033130975122,-0.32741914141974332,0.93962559045495686,-0.42346518478776735,-5.0029813876205553,-0.46184898396119484,,0.06791790881967771,0.4705882352941176,False,5
-0.75592625826199256,0.65335936163251451,-0.041195104529261894,-0.65450874822553862,-0.75559564981787231,0.026334624974464177,-0.013920868013955229,0.046869590818147122,0.9988040102493968,-1.2427548040442238,12.912821029734344,-2.5286866044093665,0.8765074770337918,0.5314026198447296,0.7159090909090909,True,2
0.97853142410670679,0.051444009773684019,-0.19957396096211297,0.013016856819177398,0.95098660779050093,0.3089579797345679,0.20568620146779637,-0.3049229175734775,0.92990064031821607,-25.210898045898805,4.8158656858593076,-7.8940488428314808,,0.4046258197512407,0.4761904761904762,False,3
0.32158069960127444,0.924041142372378,-0.20672160227491193,-0.92764267340873452,0.3512330244461262,0.12694263668887595,0.18990767260711711,0.1509414778699972,0.97012975737442986,-15.571830300429388,4.9668192828172941,-5.5139922462178941,,0.07651467038089152,0.4651162790697674,False,2
-0.15644443553816262,-0.90137643230366982,-0.40378913541185535,0.97594317398624009,-0.20393170313018882,0.077115378544646063,-0.15185539087832611,-0.38201097856727684,0.91159615648337522,-20.90506132526226,12.98763319461931,-7.8924388080754015,,0.08154517496149202,0.2222222222222222,False,1
0.937277525594025,0.26454037174835537,-0.22700051042141817,-0.19327464752534163,0.93632779690960899,0.29314700639500524,0.29009610586889534,-0.23088665714943413,0.92872794773822909,-14.252861131124893,15.253489490118048,-6.3167632537459708,,0.2583734642205365,0.15,False,2
0.37994125581288185,0.8985363017266198,-0.21972063310208478,-0.90237299065961252,0.41226352973144531,0.12554587918923307,0.20339033374120363,0.1505699058006621,0.96745081301729396,-0.96350074270721064,-13.215031326750958,0.87701605995713228,,0.0772360635065773,0.1739130434782609,False,4
0.039765634685652085,-0.95371630355226777,-0.29806694992341237,0.99385915952543225,0.0069247443623743563,0.11043558730281078,-0.10326018267196817,-0.3006281095541708,0.94813505072876469,-3.0792801842688688,11.218365703959277,-2.9204499526240513,0.2885403531686698,0.2412016309781845,0.639344262295082,True,5
0.13380547473009755,0.99093388358507306,-0.012088560512351354,-0.9803014897312754,0.1341382818344698,0.14496865377432649,0.14527588981967188,-0.0075471656602921766,0.9893623987839848,-10.614785796681378,-9.8520639736141487,-2.1119180578740799,,0.2333237013159721,0.4230769230769231,False,4
-0.58566746643838707,-0.76094840497012117,-0.27919732041885803,0.77518125223048073,-0.62647673364029244,0.081369087482744934,-0.23682830267099719,-0.16877330114926237,0.95677997882123123,12.739677998966195,0.30268307739125633,2.749930560186336,0.4671579311867755,0.4136747066180428,0.696078431372549,True,5
0.93286522247138937,-0.21301908982849449,-0.2904915559393168,0.28655003313238664,0.92750053174766989,0.24006632858361868,0.21829236178857353,-0.30718989400113683,0.92627361713930778,8.2332477211922086,-4.1748238045759889,1.8977834801080378,,0.1070439810126401,0.2272727272727273,False,5
0.14447126934117865,-0.92925380022905979,-0.34002268614726178,0.98675861268305176,0.10969389642107381,0.11947673155799661,-0.073725793524162586,-0.35278126912835583,0.93279680719941294,-10.563957475195721,-7.3877781849745867,-2.6005475678759047,,0.164621507923557,0.1666666666666667,False,7
-0.86762007374547978,0.44958242367716805,-0.21239362503251466,-0.46594324554456207,-0.88424892334223193,0.031634372121223872,-0.17358657656998949,0.12640999125333283,0.97667200970747803,-23.936944068715157,5.3212641387911708,-7.6786545285715562,,0.561306100026482,0.1363636363636364,False,1
-0.78706604045553852,-0.50948276600530285,-0.3477849322573191,0.55527307698668538,-0.8307211831324377,-0.039675255119311817,-0.26869845168028167,-0.22434265541494741,0.93673449548203935,-22.181056596979907,3.8253542470010049,-7.0525924074168636,,0.3076675081359377,0.3888888888888889,False,1
0.90000790935283159,-0.25993950965044832,-0.34988171490523656,0.38764440001093808,0.8443651432811895,0.36983688830604095,0.19929270494050863,-0.46848581209511525,0.86069940259249333,6.9874143623444427,-7.0636962154376022,2.0676674579482475,,0.4158135950094202,0.1333333333333333,False,3
0.5326316427116814,0.83042416499413108,-0.16339901889563707,-0.81150334983431238,0.55592128278176323,0.18003844188941759,0.240345264962608,0.03670468013863748,0.96999325774253442,-8.6010478422220711,-5.3811995072630134,-2.4102680614372454,,0.1067014568620892,0.2758620689655172,False,4
0.73479203519601122,0.67244151003439101,-0.088899272185841594,-0.61904864868362852,0.71839760066813496,0.31730688287088954,0.27723534330145866,-0.17812159593079996,0.9441468431804384,4.7892550213239433,-4.5706191473198476,0.96071199204564561,,0.2894164206861248,0.2040816326530612,False,5
0.1954653586055865,0.97899243962326954,-0.05802668994236948,-0.96721977243265156,0.20221906434854067,0.15360130803261246,0.16210862222756153,0.026100827084196976,0.98642766659547909,11.734648347786045,-8.2381724877700719,3.6864055094701258,0.4859496994906516,0.3785897185055748,0.1428571428571428,True,5
-0.24134270035326782,-0.85832517437828204,-0.452804147523724,0.95504330261777359,-0.29285956728115636,0.046103839068250593,-0.17218011241467499,-0.42132074347269854,0.8904172280501339,0.29837001557620679,14.599342132137025,-2.3419031049345707,,0.1059390800944824,0.2777777777777778,False,5
-0.016111699967680273,-0.91462409282793611,-0.40398413575637626,0.9923145682636354,-0.064203345675850607,0.1057815107463584,-0.12268745141988303,-0.39917502329517307,0.90862923684052321,10.199812605159343,2.8052059270104723,1.7629838043071375,,0.6552408143713098,0.2307692307692308,False,2
0.21378892717382697,-0.91132348106210004,-0.35182923056892534,0.97496988688226705,0.17654137712103612,0.13515495491097945,-0.061057467116192282,-0.3719175379423052,0.92625554286076495,-4.7497580510288948,16.028189377625839,-3.8413039854827131,0.2622828659997308,0.1461743784442228,0.3333333333333333,True,5
0.91901641559629976,0.32135823729036722,-0.22833683712917835,-0.2813464758094012,0.94038315366068659,0.19111170780674472,0.27613943654277057,-0.11139303226328233,0.95464056269835496,-6.2762212050091932,12.414248243492981,-3.953661931006375,,0.4354358647148753,0.1363636363636364,False,2
-0.96642359911325249,-0.021913716355449149,-0.25601799958690419,0.027350189488904986,-0.99946931783305115,-0.017693214667087009,-0.25549441131247497,-0.024101280999721766,0.96651007963821245,-5.479129633310583,22.891111811465965,-4.747650022984188,,0.1495332583732548,0.2222222222222222,False,1
0.67913166030328886,-0.64000930361764197,-0.35939988766909681,0.72585114343638502,0.65839643588399399,0.19913375100003966,0.10918015179413687,-0.39610885435460086,0.91168934948045466,-21.295789765900839,5.6941399152357501,-7.014983208083299,0.3127666996047277,0.3115426318812315,0.119047619047619,True,4
0.89312496321495316,-0.35410003673264789,-0.27738234274774476,0.4086955709987985,0.89638949528754852,0.17162110296843164,0.18787157935210949,-0.266644026229864,0.94530695170810652,14.725539818616678,-5.3173560500223083,3.9809275759095697,,0.08157830968666258,0.3478260869565217,False,5
-0.1848797231433848,0.97023247551909209,-0.15642388378543565,-0.98068007120802703,-0.17178341333178762,0.093579147460843837,0.063922499214623646,0.17070267236389197,0.98324692307781036,19.59182409037356,-3.0590560887222669,5.2187917185851012,,0.1341927544833866,0.3125,False,3
0.74332572174740241,-0.61018734898441329,-0.27411360879766367,0.65868143743913599,0.7391167907445414,0.14087275681480996,0.11664319680897892,-0.28526788949838877,0.95132360207203837,-0.81265678590973278,10.967098007778795,-2.3463899156729888,0.1125500612118979,0.1045396763619716,0.4915254237288136,True,5
0.10993540170899879,-0.86646045102579139,-0.48699126712833685,0.99038398716159537,0.054091659687271955,0.12733283286794783,-0.083986697904974414,-0.49630673898352262,0.86407514454158418,10.702377910676876,-5.779088666152119,2.9326370850667822,,0.08863652070722979,0.2,False,5
-0.69578145884078035,0.69364684020070799,-0.18639265707899666,-0.70855492174649126,-0.70537348934352528,0.019954032178040551,-0.11763538754226198,0.14595308016932204,0.98227267802116369,-8.2553284970684402,16.769732999881096,-4.8539585342041986,0.2846230466132343,0.2861117270632459,0.6285714285714286,True,5
-0.84528195995587352,0.48331242721861217,-0.22783218795686422,-0.50681597905569475,-0.86027221403855481,0.055401093193376556,-0.16922166394104432,0.16229853803795449,0.9721230441686729,-12.223257548401589,-11.96530260077625,-2.2260832390439957,,0.1358835915398171,0.4545454545454545,False,4
0.88083529465027577,-0.39244641099546307,-0.26479236808326284,0.4391363011513007,0.88626951040346735,0.14726053083006499,0.17688553561418227,-0.24599221415723405,0.95299493066044449,-7.8574785441928041,-10.1610986755023,-1.4021279740136805,0.2081185150297206,0.1494417291467018,0.5327868852459017,True,5
-0.34922996419417068,0.91696036359121713,-0.1929303597456889,-0.93687147442779151,-0.33781665119493076,0.090287045465769517,0.017614553994746804,0.21228189225203595,0.97704970483054798,-19.179591606592631,5.6479019010208544,-6.5073547654508124,0.7093915439792545,0.4450809751307001,0.6551724137931034,True,2
-0.88212874822523768,-0.38048825190414814,-0.27762845984787232,0.38408703022172314,-0.92226801257847313,0.043575981802037436,-0.27262799703998364,-0.068193864368283091,0.95969973017214494,-12.19631014749177,-4.4672207579811616,-3.4727091419118854,,0.09557583353911092,0.2017543859649123,False,2
-0.5250846134651268,0.81954031823775009,-0.22943368428577943,-0.85008859749843302,-0.51788317010295659,0.095636805296181696,-0.040441625898645861,0.24525637383538162,0.96861436391775357,-8.2735959661821763,-13.687733162663321,-0.93795069649850404,,0.6749666938161465,0.6470588235294118,False,1
0.95979874904795492,0.13677557209740171,-0.24510977990159649,-0.10281950662503488,0.98386806506183089,0.14639596855403,0.26117907723124584,-0.11530860084536876,0.95837853491598901,0.12830692716098085,-9.7050055036402014,0.56538720739535364,0.6660775130585107,0.2493805309637914,0.9418604651162791,True,5
-0.21374293509069042,-0.91241209853535032,-0.34902452656673677,0.96263557100722774,-0.25753382907968431,0.083720274194152539,-0.16627301383689741,-0.31808880729424249,0.9333663779801159,3.5575459499983224,-6.8046926567001638,1.0213623694651441,,0.08042807121047352,0.2352941176470588,False,5
-0.91417547942718691,0.35568045013577854,-0.19435691447768053,-0.35876137222292664,-0.93320771073055653,-0.020338299677155086,-0.18860930680853755,0.051134978480929683,0.98072001272583353,12.66449153117528,-6.2549382249046488,3.5338629443283374,0.4282050731476396,0.353512926612939,0.421875,True,5
0.96377595130299321,-0.11104550591064322,-0.24249703360466246,0.16895168810282268,0.95770741019706496,0.23292025146139198,0.20637645887362727,-0.26545322011736994,0.94177669601243708,-1.4971859825495044,17.55938944662072,-3.0922347414342628,,0.1731701336542466,0.25,False,2
-0.88105850606467817,-0.34732991552546433,-0.321088521551538,0.37956920357630819,-0.92421970093129491,-0.041775161363132404,-0.28224657409351456,-0.1586816756640238,0.94612736839229672,-4.841242380902723,9.0391424504156923,-3.2560544192639185,,0.4118845728950126,0.2045454545454546,False,5
-0.37349841578917553,-0.8747524615515293,-0.30871842253502985,0.90485185118158828,-0.41685798869165774,0.086443881664344066,-0.20430873896196788,-0.24705778326838196,0.94721718254594822,14.150182085029176,-7.5511175835146753,4.1864470266374303,,0.146174876253998,0.4347826086956522,False,5
0.12635059032660767,0.97333428490514007,-0.19145730112043155,-0.98138772645888162,0.15078734282140541,0.11891723004144132,0.14461555476499377,0.1728685832447926,0.97427039072680088,-25.362770214784636,-0.13141724595991747,-7.3355922285979585,,0.122226472084119,0.391304347826087,False,1
0.74500024424261269,0.64830842339858852,-0.15706948853575814,-0.59903138208706463,0.75380557312323659,0.27007140019485593,0.29348941949124707,-0.10711370630682843,0.94994242697539599,-4.2946008990510842,16.922524888604546,-3.8422268429190187,,0.2056195936097061,0.2631578947368421,False,4
0.81232169757321859,0.56113958812725162,-0.1589208050827311,-0.5164844616553832,0.81872515745860597,0.2508643406563198,0.27088237395650927,-0.12170242060353345,0.95488808784010226,-16.762378358951167,-16.371698342503834,-2.7699558959272101,,0.2116475758874193,0.4705882352941176,False,1
-0.66018439352976932,-0.6636624045286178,-0.35172258863346456,0.70753723627071829,-0.70665593631814039,0.0053335688546306825,-0.25208654432580407,-0.24533568937606048,0.93608908426935977,-2.5737142103925654,-12.00844481780217,0.21684177445861505,0.8636315184037137,0.4719013644095929,0.6739130434782609,True,5
-0.66449550649993983,-0.67008137848969418,-0.33081213406213006,0.70003691346817987,-0.71308185827994974,0.038243733786840595,-0.26152254515305839,-0.20616791601353962,0.94292139056408164,-9.9570032500636625,7.8310415287000357,-4.4749129395190135,,0.1673959699104094,0.4340425531914894,False,4
0.69019515313594271,0.70730397239304388,-0.15281276525432369,-0.66891478653537972,0.70417530788662519,0.23809692168758451,0.27601387454615395,-0.062114623075381875,0.95914447017027771,1.6022215274845497,15.524815555325862,-2.0716475944325614,,0.2906704211808421,0.5,False,4
0.71243922994008213,-0.62416887961465117,-0.32069230324872933,0.69385305917081364,0.69487208044408022,0.18899927010075968,0.10487266527407035,-0.35716383011148767,0.92813561645828802,17.313741738050485,-2.8730313158189515,4.5454613164622,,0.08409900506956293,0.1818181818181818,False,4
-0.9666219901289842,-0.027621479820418023,-0.25471352938470504,0.020179945785029935,-0.99929105924588402,0.031782836552968471,-0.25541084156158289,0.02558188350707763,0.96649411237163518,2.18741707859584,12.487029697763973,-1.6469222781910746,,0.07929631093055796,0.4,False,3
-0.30457629977403278,0.95244050192633145,0.0095062035679954193,-0.95218612006082459,-0.30471585296270282,0.022132368077653591,0.023976454689357538,-0.0023106803175892698,0.99970985309588623,21.09986384378621,-4.1999536888940376,5.85891446804699,,0.5706338805198242,0.4166666666666667,False,3
0.3317448607798813,-0.82425469604547497,-0.45885677873724251,0.94314598002301386,0.27920919893240742,0.18032715712823683,-0.020518472471548962,-0.49259153390867866,0.87001871991867452,12.182262918812237,-4.8883084217018853,3.2254566623467218,,0.1525374788196233,0.2666666666666667,False,2
-0.37095982066679517,0.92013491875453968,-0.12546131969430657,-0.9279232086520296,-0.36193153695508667,0.089241702147883739,0.036705998089985953,0.1495235561572375,0.98807660424600274,-11.011703306685376,-5.0590225622183,-3.0454065938110904,,0.2633972710193223,0.2830188679245283,False,2
-0.90010584873388588,0.40714996285363314,-0.15504311923892719,-0.39798351077606087,-0.91320035218111595,-0.087602750679683428,-0.17725288777735626,-0.017147143335579734,0.9840159496928983,-10.666151027398014,17.80936026265876,-5.7065823344071456,,0.3142783075646532,0.36,False,3
-0.58952084656664416,-0.71380879237263029,-0.37807694903931244,0.76397723816743113,-0.64471957518963718,0.02598940032701566,-0.26230507243553547,-0.27352089005928093,0.92540929954035323,24.836750451543757,-1.5240970234279896,6.5575425512154206,,0.2016188144558536,0.2307692307692308,False,4
0.49911275560918833,0.8334556463673245,-0.23714582586802935,-0.83841376335929507,0.53363419933448886,0.11089140052476726,0.21897218681354955,0.14347901184168371,0.96512432078102117,2.7522024352760828,13.009516494142717,-1.4684777111980503,,0.08783639494609477,0.32,False,2
-0.070879292818342668,-0.84759288791608867,-0.52589202523297196,0.98884831251458505,-0.12893467189463387,0.074530968197658462,-0.13097763429925327,-0.51474473939758547,0.84727959527884467,-17.203062860234368,15.949095689339934,-7.1652958689032689,,0.1893536036495669,0.2307692307692308,False,1
-0.19349441986930691,-0.87024843806619956,-0.45302049128354144,0.97542296404635864,-0.22024581567340687,0.0064669845656380731,-0.10540375083675582,-0.44063526495469768,0.89147664724761411,-12.461874439598201,-16.137764048436114,-1.6170021110026516,0.6820649102032481,0.5878527954893986,0.2926829268292683,True,2
-0.96258822947588607,-0.086346487177279815,-0.25684272352282683,0.065050272361496075,-0.99378769556910773,0.090302149482379496,-0.26304441172580462,0.070216097068882169,0.9622252008611285,-0.047974029037531077,-12.892154816173212,1.0611378068960684,,0.08752253871438893,0.3703703703703703,False,4
0.081809820951527931,0.98282253733264446,-0.16542978361499033,-0.98779500251872976,0.1020329861865632,0.11768730912411834,0.13254503459165168,0.15378273583493102,0.97917449107103605,-4.3750723294433271,-6.7221795082322533,-1.0480761331180592,,0.09216455078875356,0.3043478260869565,False,3
-0.18213767147008003,0.96532226106281893,-0.18702620385396679,-0.98171394318646565,-0.16782194693219435,0.089852812316420574,0.05534981829003003,0.1999718140750244,0.97823702198945917,19.805528910208512,-10.037244209369884,6.1768725402463343,0.8065756222861732,0.5597719729236783,0.9411764705882353,True,4
0.11151832668539069,-0.94746439949217376,-0.29979138497999869,0.99030175811900345,0.080798492024058352,0.11302226131629742,-0.082861877119105407,-0.30948798907481606,0.94728617320149111,16.768267455555812,-4.9965096025720666,4.6193359826034106,,0.06956651114720697,0.3,False,4
-0.50101444729947098,-0.76809993317620207,-0.39875683850176141,0.83279224707191168,-0.5532479948157053,0.019332083418949889,-0.2354603933024017,-0.32239595048188074,0.91685290766772565,14.342939982247032,-10.757875566895242,4.6942666619336837,,0.299617946268064,0.3125,False,4
-0.56240984428533802,0.82674089484036961,-0.013952055385750783,-0.82515667173786855,-0.56225438778716352,-0.054648609319589855,-0.053024844529947379,-0.01922228427183223,0.99840816786019315,-13.453741245254049,15.100100750771801,-6.0620829251443666,,0.2390772436940551,0.2105263157894737,False,1
-0.60277160950123687,0.77349224924220761,-0.19589825711710657,-0.79509716197931579,-0.60287074228171555,0.066086088650575553,-0.066984250325930805,0.1955929662920545,0.97839485983183139,-17.524933268751361,0.34354091998746389,-5.5037871695713401,,0.08395249211186175,0.4375,False,1
-0.70292173809420122,-0.65114072691271319,-0.28621108271729834,0.67032948787629443,-0.74101017842901151,0.039525854173016628,-0.23782221889077007,-0.16407214638745182,0.95735099257361322,-9.4948061209924415,-5.1725114260014537,-2.6812743830367838,,0.1097692586562184,0.2659574468085106,False,3
0.96841234138125298,0.0080013482616507967,-0.2492258323017022,0.061983584364352362,0.96038905558221443,0.27168160995409657,0.24152758088845172,-0.2785477344081233,0.92955666170829776,27.780414634185384,-5.6828011773134861,7.9238753814652547,,0.212252665289115,0.4210526315789473,False,4
-0.17357150467023963,-0.92129746251679856,-0.34797114582479138,0.97503988384218232,-0.21043828927194178,0.070802198591022991,-0.13845633854588635,-0.32699650146203063,0.93482786134563822,-18.770877203047863,4.3827237439540738,-6.1949924294480967,0.7216506952197854,0.6651079355685416,0.8208955223880597,True,4
0.86462006309363448,0.48004345073704063,-0.14829171217716372,-0.41038874334537084,0.84504445708668363,0.34275493414753383,0.28985035075253529,-0.23549554337937545,0.92764682030236356,-3.3282287556329631,8.4347816596004535,-2.8008163955817182,0.5750561683371666,0.4353954218072235,0.6220472440944882,True,3
-0.28444230541714599,-0.84705871015751522,-0.44898119830930983,0.94132102422750608,-0.33551763825959496,0.036642103705718132,-0.18167912438212616,-0.41221287699802434,0.89278958316097823,1.0845513754027476,12.616843858624106,-1.9437745037154959,,0.1304987967370578,0.2258064516129032,False,3
-0.96026053526259358,-0.05477581478743615,-0.2736773913416492,0.037794821580384545,-0.99704070079195972,0.066943202985702693,-0.27653436654221591,0.053939327754900568,0.95948907916788972,21.7100131447474,-9.3202428937283006,6.6490083468185688,,0.1193806689793148,0.3529411764705883,False,3
-0.71986099691478289,0.66704853429791278,-0.19195415601612664,-0.68531936598561705,-0.72691102653092599,0.044019610548354904,-0.11017037589991495,0.16323790123241533,0.98041617483358035,-3.467123504316334,-7.6187351545203068,-0.71093391997794131,,0.07980349319732111,0.3142857142857143,False,2
-0.54983446583276208,-0.78223807018860969,-0.29289189427159373,0.80093079776645215,-0.59326598857641011,0.080903176622739922,-0.23704834395455462,-0.19010278363573702,0.95271664952510848,-1.7921535893239005,-16.4385580766833,1.1606905445530105,,0.09759903088748179,0.4375,False,3
0.96880320745265491,0.047090607289045516,-0.24331629607282257,0.058244325672890652,0.91102130092432243,0.4082251680005361,0.24088989965616828,-0.40966164571180519,0.87985759772609617,4.3198993971784123,3.4485951585170098,-0.23310421448243154,0.6785875115386928,0.5905293211744546,0.4342857142857143,True,2
-0.91721182232609344,0.37213849427714946,-0.14225123571478382,-0.37000080813408143,-0.92807267407519145,-0.042196132702540287,-0.14772229000856191,0.013930280401331013,0.98893077225990234,12.753456822076378,-11.9403842253618,4.4430558338121866,,0.4465093007510548,0.3333333333333333,False,3
-0.71296494843327662,-0.56540063949284902,-0.41473256342685783,0.65111611207838316,-0.75334436592175547,-0.092304251938239601,-0.26024755694812068,-0.33584875047411622,0.90524959315511955,-13.752159449431414,-6.2772492939943021,-3.5273857562710291,,0.3208032263218102,0.2,False,1
-0.12708711186258165,-0.84037994685835227,-0.52688747462506602,0.97873177391501143,-0.1924873569780737,0.070941751689460292,-0.16103720293025797,-0.50666573036070583,0.84696921841968387,9.7884974587393785,6.4605213348851223,1.2159460982607242,,0.4438478404983568,0.2666666666666667,False,2
0.80510095560271522,0.56929819526342162,-0.16646926490318009,-0.51559501477970404,0.8104607300866935,0.27805608377027041,0.29321362864285633,-0.13803249565647177,0.94603001967217426,20.731943900164122,-12.678362567191121,6.7671161428173496,,0.3485963236452939,0.4444444444444444,False,3
0.75228497941202555,0.61562450375283639,-0.23467803503976087,-0.60268398885778895,0.78692671803858938,0.1323569039056133,0.26615656919473907,0.041866583525397266,0.96302018143878876,18.044954702569122,-5.8601039048273993,5.1218611278822026,,0.09298667140209517,0.32,False,3
-0.097753572079032389,-0.90938408615332122,-0.40430783197568565,0.98564785660625598,-0.14464757694958152,0.087036666124736983,-0.13763190732269712,-0.38999700298041362,0.91047229268825769,-8.9823164524047545,-23.775754789865072,0.28882528526300594,,0.1327130885540996,0.3333333333333333,False,1
0.91880155778787254,-0.29169085922579219,-0.26593258553757121,0.34111592486911235,0.92575752303136793,0.16313471228256615,0.19860418728533524,-0.24060226764298115,0.95008785151573549,1.9837197801749658,-18.031228286241348,2.3571229148642248,,0.1871692542610643,0.3714285714285714,False,3
0.6466150098619925,0.75551919933246647,-0.10526047910400696,-0.72040810720908699,0.65019348398490939,0.24137231086225835,0.25080109267823564,-0.08024445665337171,0.96470702241033213,-12.20361731405945,7.6471262106520586,-4.9936722473223529,,0.2235459053779825,0.1428571428571428,False,1
0.8925547481774897,0.39431963220640232,-0.21876482615453788,-0.30510109819066517,0.8853011373183306,0.35093477477405932,0.332053220717203,-0.24648311081994523,0.91048708650472043,22.02336014623997,-1.6168087067394072,5.7766948328881309,,0.3558671819024936,0.1428571428571428,False,2
-0.6877347206100427,-0.63226174977558869,-0.35674365283511245,0.67814081149103522,-0.73491615200378246,-0.0048259003548313528,-0.25912544039076563,-0.245241369460101,0.93418985053768766,14.100268757132516,-9.9641527529209011,4.4957974698748098,,0.1139235923386154,0.3571428571428572,False,3
-0.48826272938082105,-0.79775115922292361,-0.35382565629992746,0.84407192712432111,-0.53468049670142803,0.040735098965759442,-0.22168015007714892,-0.27876487297648772,0.93442391699708571,10.825579362220058,-16.081673171300601,4.5096000887514789,,0.1448460570717204,0.4,False,3
