axis_00,axis_01,axis_02,axis_10,axis_11,axis_12,axis_20,axis_21,axis_22,location_x,location_y,location_z,dbh,dbh_approximation,score,reconstructed,number_clusters
-0.87523608678242526,0.42755834564890238,-0.22617615581612538,-0.4317399331672257,-0.90138508468874845,-0.033249950517517765,-0.21808810720107136,0.068547721819412391,0.97351876578257213,2.0372239164280472,8.9663754030485432,-0.58569119583540941,0.3461594669127075,0.2068639233255237,0.3870967741935484,True,5
-0.80466927271345845,-0.47106456288378684,-0.36139388365867386,0.52914851031164134,-0.84505705355815863,-0.076683963555447973,-0.26927535272609565,-0.2529362643566736,0.92925455639858268,10.067429679106878,-16.339383301162204,2.5557409435075926,,0.2933149558495501,0.32,False,5
-0.83317587712980967,0.51321620722709316,-0.20597835422298488,-0.51418042348076531,-0.85603888132803174,-0.053065297170497169,-0.20355945047605406,0.061697311887062345,0.97711667257692292,-10.341681856257068,-8.2366905934871824,-3.7748775152181371,0.5388032188786801,0.4968365778898138,0.7228915662650602,True,5
-0.54432698817629466,-0.76106535756830795,-0.35282807633796454,0.80929334043853829,-0.58713110403063618,0.017926399571588543,-0.22079949969317786,-0.27578358941240694,0.93551643104012483,-7.0311773307751402,-2.9681046708533723,-2.8907852327463828,,0.09541005660271354,0.2162162162162162,False,4
0.052508143299531768,-0.9259927458454118,-0.37387207642308545,0.99745506443420973,0.030550193107689382,0.064421115603730358,-0.04823162159602494,-0.37630322924837678,0.92524028789037327,-8.0087726972453464,-11.089681338504553,-3.0705928760715722,,0.2214296064932888,0.6956521739130435,False,6
-0.32489354153130651,0.9417839794903885,-0.086528161002599469,-0.94488188065249479,-0.32715425562773542,-0.012973998584350124,-0.040526760120314136,0.077543723149646138,0.99616492244720278,11.973996215002508,0.26186348993645864,2.3675575762432519,0.4862715760502296,0.3878785276151538,0.3684210526315789,True,4
-0.081594574814207163,0.9901416347829578,-0.11385020171356702,-0.99666467285367721,-0.081216509524415989,0.0079629433090210519,-0.0013620742861484916,0.11412020701874659,0.99346601507230092,-5.0911213351600448,-20.695603695344229,-1.7875986094032286,,0.3858467877177587,0.3529411764705883,False,4
0.68266689596402652,0.7016731282531824,-0.20401159340153507,-0.68680420301951228,0.71145496011783527,0.14876769285857008,0.24953135247814659,0.038557240709392232,0.96759880287198818,-10.337464546442607,19.792624604866162,-4.6814363682462998,,0.1748038663565802,0.4166666666666667,False,1
0.95470639168296978,-0.074674768732217262,-0.28802670812699632,0.13717929978525736,0.96944678815458329,0.20335870929760891,0.26404080250997286,-0.23365916171114023,0.93578087753401828,10.685079635854578,-1.0202684072963935,1.963398080709537,,0.3382947244847059,0.3815789473684211,False,2
-0.8514575111671876,0.45405829878499215,-0.26239506089379233,-0.48173102771816523,-0.87493896220231882,0.049163292749060387,-0.20725666119712191,0.16826429723743588,0.96370732209764443,-4.6008528898065739,-2.6003434252442905,-2.323089848703896,,0.08078633700875645,0.5174418604651163,False,5
-0.69810770289448842,-0.63672335898213517,-0.32745839321337722,0.66993061661738074,-0.74227059320047017,0.015077645322715522,-0.25266302475438707,-0.20884858294067576,0.94474529124290174,-6.7872123426367335,-26.103704451289367,-1.874076238194768,,0.2585731382565095,0.75,False,1
0.5960199549232954,-0.67818486712677362,-0.4299133625900371,0.7921750828596219,0.58412404905627269,0.17679856733145838,0.13122062120560096,-0.44594212776362036,0.88539074269842621,9.5178377126188973,-13.172996717655257,2.1348157428561834,,0.1999489104630004,0.2857142857142857,False,3
0.95882590920992905,-0.066327180234194316,-0.27614050950545554,0.092443462246156849,0.99228213923043385,0.082646006873994274,0.26852761890668758,-0.10477051744862972,0.95755733852226843,-32.057254996464223,5.1211246517671976,-10.067398807881938,,0.131510301849737,0.3181818181818182,False,1
0.77612639066086853,0.60595898254172786,-0.17447503316155591,-0.57568446133496187,0.79381092345158988,0.1960908431987797,0.25732319502370354,-0.051748712891505316,0.96493877734127009,-0.094291519047883465,6.6478398136267671,-1.2538451619481084,,0.107932842028384,0.3220338983050847,False,5
-0.57336578234884605,0.7794219049381611,-0.25249390831080121,-0.81295448863626629,-0.57951453288490518,0.057165597883139685,-0.10176777013201233,0.23804285386828553,0.96590833969098744,0.12944678749094757,2.6667843341336925,-1.0210663270103655,,0.07113412660533047,0.2909090909090909,False,5
-0.28114369796000105,-0.87041957190584673,-0.40413857764462202,0.94535112853924519,-0.32365961875467458,0.039442299085554751,-0.16513468704954576,-0.37096390664163142,0.91384698670085229,12.487929952511342,-3.9825836150485632,2.579556065973279,0.3560963477478448,0.34410547383958,0.2,True,5
-0.44501312009902722,-0.84177172192728689,-0.30558745246377378,0.87247245481814606,-0.48446031750438873,0.063953235626863961,-0.20187901952240392,-0.23815660588595311,0.95001383808319118,-15.654767047794836,4.0199430032744354,-5.5138952118920024,0.5695415089524365,0.7268391653090034,0.8503937007874016,True,2
-0.93583325898247305,0.23195543817546763,-0.2653540768163733,-0.24656976238012002,-0.9688598309296127,0.022671133426741825,-0.25183221331286049,0.086644692346783569,0.96388445034976922,-9.5232630293957428,-1.8716790388969367,-3.5873021516166923,,0.0769603543479894,0.2894736842105263,False,2
0.21809590394257825,-0.90172235344831353,-0.37327064440577601,0.97584612314822738,0.19656176226268635,0.095330045383191619,-0.012590497211938265,-0.38504580364915131,0.92281157798985969,-0.15296959785676845,-11.93594480118176,-0.70884090994243043,0.6576401666312451,0.8129439377470762,0.7352941176470589,True,5
0.48860744573133086,-0.72703020075053604,-0.48237936437262602,0.86960342037308669,0.45082960181689236,0.20135183485891051,0.071082031845834129,-0.5178607508995603,0.85250664949102328,13.31072165747219,-18.123340288995188,3.7072166925817034,,0.3820202539738391,0.2666666666666667,False,5
0.9615105934201772,-0.027914615393591372,-0.27334621451230384,0.058087854514992793,0.99299196579639126,0.10292112038674978,0.26855759140010088,-0.114837842679348,0.95639379441218142,-4.2109591461617164,11.132545550314669,-2.5254345496762745,,0.06743121040455116,0.3,False,5
-0.44680063158028682,0.86439616557971755,-0.2306262442796535,-0.89244692976933748,-0.44865688628013889,0.047386453113673684,-0.062511384281109361,0.22699398081114885,0.97188788422881789,-7.8475491127418779,12.561609304625483,-3.6146074027307287,,0.07008540670703722,0.2954545454545455,False,4
0.28679842838992697,0.94362323528962322,-0.16529322821764869,-0.94750800042987338,0.30486113985755875,0.096375694685604876,0.14133382678768341,0.12897625838228399,0.9815242606167488,2.1305885503720932,18.418299435439202,-1.1323455396440405,,0.1605288099057642,0.32,False,3
0.95476202491067252,-0.10482084630288779,-0.27828414609678637,0.13750293976413802,0.98537983099780635,0.10059587575519241,0.26367104001898067,-0.13431001021175101,0.95521641726481443,-4.6288483124474,5.6462265595108061,-2.4317304562432893,0.2775046609066359,0.26486092217215,0.8951724137931034,True,5
0.85104105388574625,-0.42399031221679023,-0.30977627369982313,0.48672316553248968,0.85833531749652003,0.1623608415603392,0.1970524923340774,-0.28895103025332447,0.9368445001068596,2.8978358925397685,-21.389134535124949,0.61351876712313946,0.2455542566073313,0.193024581532646,0.46875,True,5
0.92135543802487307,-0.27905616452868059,-0.27061377248864105,0.32342436868982116,0.93651233610513096,0.13543013719441843,0.21564052160849234,-0.21230238190244188,0.95311429748953258,3.1864532633849199,-9.2375373901469828,0.17329370799932345,,0.1293571704939916,0.4090909090909091,False,5
-0.75497120508496807,0.61798150898218751,-0.21935663666424143,-0.63339897935526679,-0.77382538732129069,-5.3747186690225601e-05,-0.16977694909573665,0.13889969219962911,0.9756447422410427,-3.7803797625552704,1.6012459118980604,-2.2110758169930693,0.1093755646488077,0.1017598283943309,0.4705882352941176,True,5
-0.96113700995473761,-0.083865717916245835,-0.26302507381171858,0.091439923915610122,-0.99567111986879164,-0.016666174532118883,-0.26048874910363151,-0.040069469894425794,0.96464503791436473,-12.520563003161461,-11.047588474853677,-4.3122331762186246,,0.4281459363152171,0.3043478260869565,False,2
-0.0051364856862817672,-0.93932455081962241,-0.34299126044596151,0.99671532435887122,-0.032531041020061185,0.074163964014483524,-0.080821894947997408,-0.34148370326805616,0.93640626957499029,-16.846231366094596,13.051446901671925,-6.1128494806781646,0.4319906923613637,0.3566404853553473,0.7891156462585034,True,3
-0.63566072262825968,0.72775715279421671,-0.25749751894838396,-0.76199288015765443,-0.64496253930890513,0.05822519624055824,-0.12370245064977936,0.23322274641437468,0.96452312271825569,-11.444261291790299,-2.2057666732972652,-4.0396755233703292,,0.08816585971057904,0.5045871559633027,False,1
0.13673816034826727,-0.93101330648383174,-0.33840345544130324,0.99043136025450207,0.12205254006818334,0.064411940564784095,-0.01866537245779832,-0.34397296494484408,0.93879401535058005,13.379967631882341,-9.2716285207987745,3.0706443336564488,,0.1045660779848817,0.2142857142857143,False,6
0.9556923766525639,-0.12602849348300738,-0.26602424708770034,0.16106741359880342,0.98031246763156865,0.11421363352374958,0.24639271394415493,-0.15200093630142206,0.95717623553801501,-6.9230174928768262,10.282482145951954,-3.2348485537206288,,0.08648559588993254,0.2,False,2
0.41774812460568522,0.89431333682925984,-0.16028150223200208,-0.89053425479000126,0.4380058582829468,0.12288046694017837,0.18009787737241659,0.091403083531867324,0.97939278682600894,-4.4080907662008615,-5.0266526066219601,-2.1885672766105975,0.3637990741983776,0.3739107631870471,0.4857142857142857,True,5
-0.6884055549716116,-0.62606336751181935,-0.3662546269250232,0.68039807696974686,-0.73234448243031092,-0.027018806593754496,-0.25130907015087617,-0.26779884038890189,0.93012232117408178,6.5876705761425738,-23.368957447467377,1.8592369664936961,0.2344117667604722,0.2123205838591165,0.5555555555555556,True,4
0.77780727089063129,0.57753366033645748,-0.24793289521166964,-0.56426904179718096,0.81541584917506416,0.12921857986914986,0.27679649170276477,0.039393706254703093,0.96012074141149506,-21.238504619488314,9.0139320767843252,-7.1692544523296755,0.3565335470245864,0.2928508644887827,0.8918918918918919,True,5
0.53760842236383477,0.80221964922407496,-0.25965519174911617,-0.81451734349954752,0.57371552280308546,0.086092949962363774,0.2180336702023529,0.16520936200344072,0.96185611468894217,-1.9203265894539687,-9.1496310837897799,-1.3240214322129054,0.2474667150077084,0.2384740552771173,0.8372093023255814,True,5
0.96071121060924691,-0.023685940627288068,-0.27653742246993473,0.055584516792645401,0.99258620890523785,0.10808783180384106,0.27192706982322051,-0.11921239074747181,0.95490526995594138,3.8394290739123256,2.804364634579402,0.019616825132957209,,0.07013571429317195,0.391304347826087,False,1
-0.96247748653929066,0.025150030891977815,-0.27019356737557709,0.0024899912130041525,-0.99483542269864988,-0.10147059518775267,-0.27135012041413775,-0.098335943022529598,0.95744407380332219,-6.5932721049967959,-11.583085499034652,-2.6200106130854555,,0.09130126795591405,0.2380952380952381,False,3
0.89960530280097262,-0.30452596165753476,-0.31300836705896889,0.38203823734654047,0.89601993570017613,0.22626325382836543,0.21155870196594859,-0.32312878779892756,0.92240484718917048,7.6719391579649567,17.53661995414198,0.55186352452776588,,0.1415926262085069,0.1081081081081081,True,5
-0.92627663543909811,-0.2427487700706332,-0.28824404463720965,0.24600860064467334,-0.96893350588993943,0.025448567202882327,-0.28546692111078725,-0.04733810085992906,0.95721875303323534,-14.970057294083444,14.417450658135937,-5.7188685106802941,,0.09956042142148881,0.3333333333333333,False,3
-0.61590389924168021,0.75720249744089518,-0.21750118337187233,-0.77923811288741152,-0.6261591305606643,0.026696566055932944,-0.11597564538539885,0.18592773081168876,0.9756948952375718,-2.4322245901322868,16.828001013184259,-2.3266161801824721,,0.2241957614395158,0.2692307692307692,False,6
0.19586198749936357,0.97016690700646813,-0.14287846024611581,-0.97175444091989349,0.21157793423549343,0.10453747795458457,0.13164873111907743,0.11836786005560357,0.98420407502742668,3.5268488348862137,-10.084608050770477,0.24024667229605623,,0.2028316019322747,0.45,False,1
-0.49838565484900565,-0.80657701817842575,-0.31787615951361792,0.8415180427595188,-0.5382379920059629,0.04633840385228892,-0.20846851740950367,-0.24440412784523152,0.94699920778282343,-24.524499272062791,4.0846173199467737,-7.9376439320920342,0.2765250189397083,0.2245198086649013,0.7926829268292683,True,5
-0.94411083081699088,0.21353635602845661,-0.25111145690338038,-0.19978906534599569,-0.97662207838837822,-0.079332498842133295,-0.26218136566549388,-0.024729348120236853,0.96470171080978395,-13.798439936037765,-9.8508773793714735,-4.6194824627645019,,0.6379685817433344,0.5666666666666667,False,2
-0.1494428962589405,0.95514916720182796,-0.25564993477682318,-0.98781590611307535,-0.13286435173391672,0.081035792513742266,0.043434506878100382,0.26464529550320826,0.96336717360530633,-0.2912156935690286,17.957828895034933,-1.7743083681298242,0.2322923652866441,0.1967749139263796,0.1836734693877551,True,5
0.72072089238537163,-0.57389632332876062,-0.38885010653073443,0.67570941957863873,0.70688013779071834,0.20913452868829124,0.15484887978907744,-0.41347730393179383,0.89725043525281301,-14.236516638211871,-17.595482776864888,-4.4628879196151408,,0.1539974400234604,0.2307692307692308,False,1
0.77107097182849982,-0.53222269839309932,-0.34955479644630882,0.60499239340410305,0.78355502135582433,0.14151230487575445,0.19857935523771739,-0.32059402337417542,0.92616721592276785,-11.033478004813167,-6.397712923916421,-3.8809947650308074,0.3539589897923028,0.1551397268329706,0.4090909090909091,True,3
0.42581831222709488,-0.85527857193580936,-0.29525807247137154,0.903335485561924,0.42046708848995756,0.084808183693440842,0.051611679847398548,-0.30282997190539063,0.95164607003817814,-0.37732199606160011,12.599911883010751,-1.5547420040724562,,0.08504574378811938,0.2857142857142857,False,5
-0.12886053338293221,0.96922597351782125,-0.20975217566141624,-0.99015386994372134,-0.11408974113332006,0.081110078310923678,0.054683423189650068,0.21813881641414345,0.97438451342460197,13.776310310635932,-3.8564222895225631,2.9242179997081541,,0.0932018569505404,0.3,False,5
0.87800378008074775,0.41710980998604902,-0.23479516301942738,-0.38451607858042536,0.90676656839073722,0.17297911943936592,0.28505569188677787,-0.061593805388920689,0.95652990317117736,14.979280304431716,-3.978630814301173,3.2385346806219726,0.7442160256806365,0.5555450083012757,0.7681159420289855,True,5
-0.17039315755900358,0.95935464106782919,-0.22495520558255314,-0.98505536377768821,-0.160014597834615,0.063728006187490527,0.025141641749873038,0.2324521480680326,0.97228282752945838,-5.9918215395076384,-2.9034478240193629,-2.6594913419316075,0.5627995819257929,0.2440540977538335,0.3900293255131965,True,5
0.38827412266180672,-0.86239236927175622,-0.32484243425551701,0.92066362599407192,0.37840840699944833,0.095841354767066969,0.040270255060667393,-0.33628333133532712,0.94089947795891704,-12.782790281289635,12.450653572302695,-4.9649535520712966,,0.09898948470186515,0.1428571428571428,False,1
-0.50077578643512077,0.83209129966470119,-0.23842751674794904,-0.86131294739363196,-0.50633926602701929,0.041958960083790776,-0.085811528202100543,0.22637273842388073,0.97025345396246465,-0.55924317095277676,-20.177175574158589,-0.56946237400440991,0.1938624543761837,0.1290101144027704,0.3333333333333333,True,5
0.47012053109717977,0.84486908204559652,-0.25530946015440964,-0.85535137288354923,0.5074528765328904,0.10423822237894728,0.21762517121678038,0.16937476878781535,0.96122394505699915,2.1887517472276987,5.7146301273485216,-0.48853738892938892,,0.1908700115320976,0.2325581395348837,False,3
-0.62868291656624886,-0.71033610522687507,-0.31651288761892238,0.73877705527050375,-0.67263119288113249,0.042139541634285085,-0.24282967904191133,-0.20734004913286413,0.94765175618577524,-9.7700679577136409,18.350416589666604,-4.4291945237376966,,0.1527301197420743,0.4848484848484849,True,5
0.18133454439667865,-0.93064982358168169,-0.31781864148572619,0.98326014896844283,0.16572233767938133,0.075733653316317054,-0.017811862872927006,-0.32623153229181362,0.94512206877182292,-11.974862881943483,14.713978064152828,-4.9205658927203961,,0.1117974110499022,0.5,False,5
-0.1369731404483151,0.99007743708429941,-0.031385145727064523,-0.9903486348156626,-0.13619616496279546,0.025694088195118807,0.021164600503616557,0.034601636175330158,0.99917705461019801,-20.071050810089172,5.6370817080397781,-6.8253689870809717,,0.3388416870500968,0.1428571428571428,False,3
-0.9515180844719876,0.027443594301321633,-0.30636609481890131,-0.017103327257532577,-0.99919145936286746,-0.036385487945408801,-0.30711693395102985,-0.029381570212094071,0.95121812020818386,-13.678688230181109,-14.410375867241088,-4.5434155153189062,0.6104790993947278,0.5578319325030507,0.5378151260504201,True,4
-0.53185086609787224,-0.74265595717627797,-0.40693584936882826,0.83305873566520094,-0.54516433078620541,-0.093856248435177952,-0.15214400797547162,-0.38891899119098694,0.9086221542138101,-19.752227069138289,10.275727828959505,-6.7570783311848741,,0.2128337105866559,0.3157894736842105,False,2
0.65941269580546547,0.72379119692399063,-0.20322696638464421,-0.71440866138016923,0.6874739345684544,0.13038348758168378,0.23408366272673353,0.059210577976449685,0.97041174060299351,-1.8545562831085076,8.3837793787474499,-1.7160622355422277,0.8586936096656189,0.5587374607442858,0.2105263157894737,True,5
-0.40880647877785675,-0.80423168648161736,-0.43137994548678671,0.89356333535431942,-0.44882464043860126,-0.010050265947950512,-0.1855312065926214,-0.38957391672710007,0.9021143690165857,-4.7243939076420274,-8.9382039192759368,-2.1650053184605484,,0.1039332411863725,0.2888888888888889,False,5
-0.22129909085768804,0.95888884369857497,-0.17764824180377026,-0.97513682456161122,-0.21541142607976385,0.052020100905132843,0.011614033298493164,0.18474334343811277,0.98271817490359326,-8.9205129123197349,15.520329119442097,-4.0630725183851917,,0.1755770395064122,0.2777777777777778,False,3
-0.96009160059414367,-0.032960116938781786,-0.2777368343593552,0.028120542605234104,-0.99937562193128748,0.021391619224336786,-0.27826849184225161,0.012727803456748872,0.96041899682742859,-1.710156338911281,2.41522062883161,-1.5518008596509665,0.2831965469168387,0.2867606770188276,0.8814472671285605,True,5
-0.95148549913912794,-0.061526154998870895,-0.30147948052731582,0.061125413895792208,-0.9980719635038876,0.010772160580095551,-0.3015609867075536,-0.0081785034419615474,0.95341181206098857,-2.895678186370982,4.5921446645130253,-1.9005123921209961,0.3722029287616775,0.3544358319185594,0.4311926605504587,True,3
-0.064130286452507457,0.9805913476719873,-0.18527794048497365,-0.99466471957785929,-0.047775245435124819,0.091430966038377706,0.080804715126140542,0.19015292475912027,0.97842345802772668,15.693940051117863,-12.515926166714438,3.9093622086560078,,0.2511169326734978,0.3157894736842105,False,5
-0.87914035341567942,0.45634666078588065,-0.13733158480746616,-0.44642548609935462,-0.88945990388199747,-0.097802682719763487,-0.16678286589787611,-0.024673965546786705,0.98568487411904981,-16.39801959665018,-18.783205518334071,-5.018930898374796,,0.3882856959688091,0.4666666666666667,False,2
-0.46011082191421143,0.86558583142392587,-0.19763400515999074,-0.88477113311257849,-0.46556176345608802,0.020791498703591864,-0.074014009269276801,0.18442725624431999,0.98005536251075087,1.2551931425650302,-19.600930125463744,-0.028593563833119711,,0.1432700588239507,0.3333333333333333,False,4
0.61005775847896415,-0.66909908677818664,-0.42442424929805533,0.7876064938640579,0.5706360654265854,0.23248761613821711,0.086634532045755802,-0.47611016887592472,0.8751077447664094,17.092216323558905,-0.49354249888336743,3.87127410859107,,0.313779909526018,0.2352941176470588,False,4
-0.9446323881708627,0.058076993234611442,-0.32295001792141065,-0.0057627375400272074,-0.98699652837033269,-0.16063823903714861,-0.32807993244734929,-0.14988300718139544,0.93268357017994297,3.1843851779863548,-12.912679422169749,0.31929066143691964,,0.2335735531033946,0.7272727272727273,False,2
-0.95617445364773179,0.14458525942490805,-0.25460855631437979,-0.1547636600273847,-0.98774298818651274,0.020297754144388697,-0.24855306018310996,0.058812346028788737,0.96683115600822511,-12.55164484810024,9.6442295293913265,-4.7860431495804354,0.05760433030656437,0.1760114001152057,0.2619047619047619,True,5
-0.55426961419953158,-0.72397308460723853,-0.41066795290037111,0.79846270660511209,-0.60181194541843286,-0.016723890471992992,-0.23503723308433533,-0.33717258950863788,0.9116315834524924,11.791313296461249,-4.8539599050629407,2.3840704494665994,,0.1447787309273443,0.25,False,3
-0.38412169208521646,-0.83906492654320597,-0.38525390940863075,0.90226861251929602,-0.42965598654669129,0.036153617897702051,-0.19586188126354137,-0.33371512142789217,0.92210213165260213,-17.284694168159366,10.991999516653042,-6.1556699048512851,,0.196327594644804,0.2285714285714286,False,4
-0.95659550997346199,-0.10141839152317632,-0.27320201346158518,0.098844380333122803,-0.99483225920909013,0.023206992771561456,-0.27414379215144258,-0.0048047786411095916,0.96167671040066105,-6.0262706904835674,10.63580513959417,-3.0219149254703566,,0.0772718622379212,0.4303797468354431,False,6
-0.18699603128168782,-0.87807906926079338,-0.44046524540648707,0.97200889009959779,-0.23030462063121193,0.046459652207715918,-0.142236429413306,-0.41944836373743588,0.89656671157574297,-14.709488257072625,-9.0557497653486756,-4.853482112581438,,0.1760060325467438,0.3,False,2
-0.7517831877672847,-0.574693906736643,-0.32334030393724988,0.60513240272955338,-0.79608496076456481,0.0079693419576767691,-0.26198628543726554,-0.18967247771950221,0.94624919415475761,-12.422725880974562,4.9401017704803811,-4.7000443756205108,0.2990525564238457,0.2712558687357334,0.7327478042659975,True,5
-0.96126657232122958,0.014423455701312836,-0.27524269447784794,-0.015992756253921922,-0.99986612818236376,0.0034579561899020506,-0.27515597156012489,0.0077259070173610646,0.96136855662933074,-12.517108554841407,-2.6241968928516917,-4.3432286109528935,,0.07981574727676277,0.3766233766233766,False,1
-0.8598428952737881,0.49239295409979572,-0.13497916209572977,-0.46579902498887205,-0.86479973167979796,-0.18749051284255758,-0.20904895064698353,-0.098339223300906276,0.9729480630506282,-1.7249483809849608,19.563215009740968,-2.2433571871156803,,0.3758729998668448,0.1142857142857143,False,3
-0.95342950639633273,-0.15310086891390934,-0.25986977560049168,0.1633687784304651,-0.98639626862524565,-0.018249478796094912,-0.25354056591989671,-0.059854199351402543,0.96547120943766118,-19.996999119519785,7.9273776633672632,-6.789699142667275,,0.4240979141622239,0.3333333333333333,False,5
0.64927738336196195,-0.69838106118617271,-0.30116901040963584,0.75033910040392859,0.65287217386542473,0.10367815101195886,0.1242180094014854,-0.29329476294115836,0.9479177539067527,-1.0204028886366272,9.9630752890200505,-1.6116341160764427,0.2818916158786699,0.2693092481023475,0.7666666666666667,True,5
-0.38083846441404162,0.91605124716128206,-0.12574647747358153,-0.92449094385185504,-0.3796935831833117,0.033900997408976966,-0.01669007964811893,0.12916228344093647,0.99148300327220051,12.069487632398081,10.178515812211472,2.090084714357844,,0.4711200459318192,0.25,False,2
0.65112658575691729,-0.6858420395727084,-0.32504594456059033,0.74762181726894916,0.65337356938935509,0.11901511318688569,0.13075086104501685,-0.32050534407114056,0.93817937344509217,-11.058973025703839,-22.915049169754031,-3.4738964726827297,0.2434750242095674,0.302244485969395,0.6829268292682927,True,5
0.81840972575053716,0.54699567600629073,-0.17607172182764569,-0.50588060416670255,0.83116840269778391,0.23074639907211378,0.27256253433820088,-0.099773828167691619,0.95695080755904127,-8.3745723394412046,-5.7998101348292881,-3.1631164989190332,,0.1148407829095289,0.33,False,5
0.44182575230387533,-0.8238918135314397,-0.35495391841334711,0.89542018720515226,0.42921823124409714,0.11829792184640478,0.054888003667503432,-0.37009997239065451,0.92736902983107661,14.673722107227315,1.1441234720128393,3.1892169459156103,,0.09665390073932055,0.5384615384615384,False,6
0.60658992083309082,-0.72290538673410631,-0.33084206167674085,0.78434740185182894,0.61211258185077522,0.10058499067089412,0.12979915697719399,-0.32050895302750898,0.93831028443538844,10.338827020374614,-5.328774222070547,2.0335932437229189,0.3354508061003122,0.1405969260602924,0.2702702702702703,True,6
-0.96119696715418657,0.020240334697054888,-0.27511946347894828,-0.015933308339309418,-0.99971315406837591,-0.017881254654642117,-0.2754024691591519,-0.01280384450119821,0.96124374720828798,-12.628530820466169,2.7046548918222619,-4.6290969534326774,0.4534005011367778,0.4128557355687351,0.9093851132686084,True,5
0.92899012549879811,-0.22398930311513307,-0.29462881531806168,0.27626621907482513,0.94941255821253789,0.14930763713362266,0.24628098368292287,-0.22010130939710892,0.94387556948882323,-8.7298347148219335,-22.980662174093389,-2.6822894106832371,,0.1317529236560893,0.4285714285714285,False,3
0.90401816552864334,0.33874514773099762,-0.26077362075741189,-0.31063291170049762,0.93960709531868247,0.14368611831091754,0.2936977197097328,-0.048889991976811153,0.95464727419178752,-14.528833790962045,7.8386873528787495,-5.2134217712448541,,0.3227904384312452,0.8044280442804428,False,5
0.4821971584877402,0.84570784775835439,-0.22861350919462195,-0.85329281654171785,0.51249987882938841,0.09610017397571799,0.19843706706321296,0.14873503433889618,0.96876241668200347,-6.4052271112995633,5.1294005015427713,-2.9519201490806011,,0.0932643898677469,0.1292517006802721,False,5
-0.1337042932831346,0.96197826980402068,-0.2381616475894465,-0.99017701023847216,-0.11975772859576475,0.072163528439120175,0.040898048276880962,0.24547076173435656,0.96854088957601403,-6.7042712058610405,-5.0042424048771377,-2.7139429528584755,,0.06943369885468637,0.1627906976744186,False,4
-0.8700324823583917,-0.37065127935435871,-0.32505554718274321,0.44070147497244722,-0.88026567783389309,-0.17582532918993005,-0.22096535836733544,-0.29622620670800692,0.92920629833260449,2.6891947950076958,1.303681262188084,-0.31319555645584607,,0.4329014425742325,0.35,False,5
-0.94721361508164403,0.21877207297821141,-0.2343611475666933,-0.19195074373663851,-0.9724875064310553,-0.13199606742042774,-0.25679034129599293,-0.080042675619464959,0.96314686870526833,-10.606431863149377,-11.156180613680124,-3.7132751208618617,,0.3525876456407376,0.3333333333333333,False,2
-0.63354330016218574,-0.69575069502045694,-0.33845805825560737,0.73580296150193958,-0.67704160502431243,0.01444530757985471,-0.23920051978325699,-0.23988671377267301,0.94087059465729184,-16.549250917501094,2.0060109524309233,-5.6653570046601747,,0.08064518445799371,0.2909090909090909,False,5
-0.88891218057639754,-0.34600719835271732,-0.30019019622735532,0.36070414699309766,-0.93265477255350338,0.0068988096912268038,-0.28236085699844532,-0.10214741269986873,0.95385441893080702,-18.195533301586217,2.0308943767663683,-6.1150405960845413,,0.09311845679922777,0.3378378378378378,False,5
-0.93092654410388187,0.30041562995175436,-0.20766853098987631,-0.27675704895048342,-0.95132876091079466,-0.13556962978540266,-0.23828828200107183,-0.068731637144927527,0.9687593389053627,1.9887588261456768,-8.627938847887588,-0.11887174875734634,,0.3384828893961876,0.1,False,5
-0.87953438714452625,-0.35584430994443061,-0.31590202422661584,0.38321244365798512,-0.92326739679754621,-0.026935794704387325,-0.28207709027139549,-0.14474854434795958,0.94840939158844728,-16.235314438611486,8.37148224285888,-5.6896250705043423,,0.2163286302935911,0.5568181818181818,False,4
0.95762579384776614,-0.0097808963089370538,-0.28784921925346246,0.10509831314187083,0.94237458224236359,0.31762319077526885,0.26815514824848563,-0.33441662759337099,0.90347016312488593,0.79957560047851262,3.8883025054778759,-0.86629756843325745,,0.3070581040851399,0.25,False,4
-0.13114050533128738,0.97960660415700662,-0.15222703095519249,-0.99056465299476248,-0.12331651363760725,0.05978884261827238,0.03979743834496504,0.15863145512868607,0.9865354658322909,-18.131493195858127,12.916199045567282,-6.4901274957327431,,0.1263853299742653,0.4,False,3
-0.86918965920370173,-0.38653966038239351,-0.30837708618640192,0.40657291759107589,-0.91361800556653583,-0.00077626419807641511,-0.2814388015445487,-0.12605249246281816,0.95126388038707677,-16.547735563355459,14.549472699974555,-6.1014138431899747,,0.09876546773038303,0.3,False,1
-0.65545080465353245,-0.65786724180040335,-0.370937912385571,0.71178039957169981,-0.70229639783147124,-0.012183282746890192,-0.25249337707074138,-0.27201187797386456,0.92857774729773868,-18.584935564701848,14.441455490298148,-6.7127082049133904,,0.375467018578415,0.2333333333333333,False,2
-0.34550826968760606,0.91574215599617093,-0.20503740953533123,-0.93803787228056168,-0.34322408118867126,0.04777217034579187,-0.026626786227997551,0.20883853529383636,0.9775875819748796,5.8318650568114139,3.7723545473632636,0.53409778226741567,,0.256479872859861,0.1219512195121951,False,1
-0.91172595082499674,-0.26492468527547719,-0.3139597135365394,0.31134069801294212,-0.94421238700374555,-0.10737754881493716,-0.26799768721589839,-0.19564733415096555,0.94334477275625539,6.5289848156882533,-20.149254439604562,1.6270618277133306,,0.3732379003890046,0.2368421052631579,False,5
-0.63133175508573736,0.72754753457487176,-0.26850474847642558,-0.76600503432461331,-0.63907173606293044,0.069452167387786146,-0.1210640425961045,0.24952334780444524,0.96077135494911114,-3.8805435868770726,3.9334942753786133,-2.2006141449908085,0.1578684701715727,0.1340981829799321,0.6383399209486166,True,5
-0.56960724567977339,-0.70850991999061497,-0.41660686377446138,0.79154355004769628,-0.60938859604512863,-0.045873166317963232,-0.22137387842062695,-0.35589216384325961,0.90792861705531147,-8.2801382676129567,-7.4728497187017533,-3.100347778459581,,0.106020787127198,0.3076923076923077,False,4
0.30854890488058451,0.92049113645332259,-0.23977831638382335,-0.93737845246244933,0.3370727464461335,0.087770157014573497,0.16161438721875662,0.1976816413178763,0.96685198377506321,3.6645356944494236,-11.078621828826789,0.39504792920204873,,0.1028489366619963,0.4210526315789473,False,4
-0.0042327728044873857,0.99547876398119017,-0.094890010522014068,-0.99723384341708288,0.0028396164301826721,0.074273805087144124,0.074207446917268549,0.094941914037014102,0.99271309439384836,21.783900576263846,-6.1806380316874741,5.4774370328532838,,0.41717539106609,0.5384615384615384,False,5
-0.42715102218182438,-0.84297067977976881,-0.32702054565524774,0.89103558558506546,-0.45389181474358636,0.006148636422227606,-0.15361506915046208,-0.28876054706349236,0.94499722591629365,5.6910586255269946,-8.8501306370163739,0.80296605524089804,,0.5091164468894503,0.131578947368421,False,2
0.95380337637872392,-0.11261544446775483,-0.27852626604303565,0.14431257332976721,0.98486572475268852,0.095986381254333022,0.26350142388132625,-0.13174697671936009,0.95562007813661076,-3.0518836007815469,6.8040129532655653,-2.0895947147812062,,0.08917063842997265,0.4444444444444444,False,5
0.44890600999414543,-0.83246962139284886,-0.32477334196202634,0.89169915265678668,0.44088957979952037,0.10241581701754601,0.057931125850487791,-0.33557518961068866,0.9402304381243175,10.798748525601287,-11.349228246988798,2.4385724305846028,,0.1371854507690771,0.2,True,5
0.85538643662023028,-0.32654765756810961,-0.40209535110832328,0.47385874041041481,0.80683695735420646,0.35280592169642272,0.20921744234838602,-0.49232179677949239,0.84489485158391897,-3.4457047293852168,20.072809395516217,-2.7712774241254463,,0.5712486715258523,0.15,False,1
-0.94661438383407814,0.17112828229328492,-0.27319648481958647,-0.18021332982475466,-0.98359239049880798,0.0083165561571594271,-0.26729078560979785,0.057106219908086654,0.96192230225518038,11.887615112393693,-5.7141624058829255,2.4836124321961695,,0.2186336492489513,0.375,False,5
0.21068964823243794,-0.92809114440802054,-0.3070125401333007,0.97743494485935045,0.1951242616891706,0.080916321394723198,-0.015192126101688713,-0.31713301652723902,0.94825937861581067,-10.389481931570405,14.972408810987833,-4.445008228483287,,0.0615849013648216,0.3333333333333333,False,1
-0.5700914678504504,0.7962943574245952,-0.20226471421844455,-0.81557347632860355,-0.57822260778623957,0.022327573852913681,-0.099174709444471335,0.17769049546509513,0.97907633248280157,3.7878710340744397,9.1542681415752014,-0.15426580551982633,,0.08387523383719271,0.1818181818181818,False,5
-0.77856081060015758,0.58890730775319056,-0.21686688791172104,-0.60258071241228506,-0.79804874639460321,-0.0038318933578458808,-0.17532697803341413,0.12769644181766202,0.97619366394214013,10.069042003002886,9.6793658081203411,1.5918220535295504,,0.1023057816754544,0.25,False,5
-0.95366723235713635,-0.11635696479098383,-0.2774524584012697,0.10509249680063286,-0.99293012942173731,0.05518446523017434,-0.28191200230654856,0.023469444628305844,0.95915317239966968,-6.6235624332233654,13.334710623613679,-3.3401258927312969,0.3197756481114969,0.3156450211942497,0.8638743455497382,True,5
-0.5452724090703096,0.81146962270504974,-0.21022619088397498,-0.83288311586967112,-0.55281823378294803,0.026414308552949808,-0.094782462543918922,0.18949683855945065,0.97729587790498995,-16.571565470259049,4.8110296898706686,-5.8365411132413199,,0.09173927394196282,0.1739130434782609,False,5
-0.83097805924646795,-0.43942361506486111,-0.34114857697827256,0.48265996042395315,-0.87441545668702736,-0.049365693658283069,-0.27661313716907865,-0.20568056697253687,0.93871224382945728,-13.548283466270354,-17.862065813047018,-4.3747245772509071,,0.2283468614951888,0.5526315789473685,False,2
-0.75741549429985033,0.60084383582617129,-0.25555518766834828,-0.62930865355109888,-0.77610327940570345,0.040426702331681587,-0.1740470843197747,0.19144290178903023,0.96594887431705179,-8.2608585445177773,14.18857219695068,-3.8421956684974918,,0.07295030214041695,0.2368421052631579,False,5
0.90292239417406883,-0.30818950165682818,-0.29958367974154521,0.35851916651402099,0.92449715190406634,0.12949526386460353,0.23705517784064645,-0.22433066484497252,0.94524102506670427,0.04103471592522058,10.881106947442769,-1.3370958127140056,,0.0730585112854058,0.28,False,5
-0.88951988812221161,-0.31993862878208967,-0.32618038329746774,0.36127154718634208,-0.92956409163116416,-0.073440239266454543,-0.27970920225947749,-0.18316624515167554,0.94245047021496153,16.03928121754252,16.671274659687001,2.9877576830050478,,0.4704400555597598,0.3125,False,5
0.40288015212443257,0.8971388233529749,-0.18118916815591862,-0.89561921114902643,0.42721966976077791,0.12389343158653651,0.18855718401850918,0.11236229528775021,0.9756130908063293,-3.1520172321251327,2.5607129925063408,-2.0392890193547744,0.425096943790884,0.4504021073165003,0.590027700831025,True,5
-0.96118923353012797,0.023214101731891697,-0.27491155455263344,-0.041308468066046308,-0.99733046685312698,0.060212543149742843,-0.27277988894308269,0.069231823371225701,0.95958224599087627,0.87261641343369767,7.5825151132892534,-0.95230557243391067,0.2574303097338405,0.2438151835137936,0.8680851063829788,True,5
0.62309906946500915,-0.70063979419634492,-0.34763692039301886,0.77237192761889828,0.62123197116929674,0.13233458891528357,0.12324429016431671,-0.35096255752660122,0.92824357156744175,8.1475441207311547,4.0128178022280467,1.1521067040230828,0.877465691833664,0.8016376254474038,0.9337748344370861,True,4
0.93129549614698393,0.26728145640727768,-0.24748600347726082,-0.22578819598239008,0.95671923498099098,0.18359737463374698,0.28584679359992832,-0.11510398984479696,0.95133731247673048,1.785461286526572,-5.2234473394436769,-0.4542500336379362,,0.07405902691573762,0.208955223880597,False,3
-0.83189115424285087,-0.46260724066070275,-0.3065153313959843,0.47656023803037878,-0.87853958509896157,0.032535164707981047,-0.28433685484109894,-0.1190073035676269,0.95130952621985077,1.0888659486511054,15.827296192853746,-1.3483014630820063,,0.127990833099636,0.2727272727272727,True,5
-0.79734634308705254,0.5781426542757937,-0.1731758657337798,-0.57540866842414951,-0.81479295143134756,-0.070832976784412013,-0.18205403996630076,0.043168479296052359,0.98234047505292943,-4.3647875003124019,2.1977077943621173,-2.4260686396351243,,0.187649306317823,0.4092219020172911,False,5
-0.66289004935757201,0.72794618326049565,-0.17513176964558444,-0.74214792358649229,-0.66976264201008084,0.025188546681693472,-0.098960810318909798,0.14667091614957148,0.98422273920940873,-22.154758295663832,8.7539772934486777,-7.3998379054261312,0.4826208458100256,0.4351293833666626,0.6831683168316832,True,5
-0.86594804749677168,-0.34666515539533704,-0.36049583780018157,0.41369080994296875,-0.90154857495242469,-0.1267678222972311,-0.28105852202923598,-0.2589081633243312,0.92410641711805164,9.7245672365882996,15.380034264312616,1.2086504757480898,,0.1714752767956972,0.25,False,1
-0.73674237048372371,0.62682108426943683,-0.25358629270784849,-0.65674468386084306,-0.75260047173418698,0.047738351102657742,-0.16092575851784729,0.20171231559021546,0.96613407039845611,-8.7705218057913861,-13.225390852624047,-3.271842250854756,,0.08500841413267857,0.3684210526315789,False,1
-0.43378673865754352,0.87160071017856811,-0.22834462415626555,-0.89615843679644258,-0.44364225794669798,0.0090334446647364272,-0.093429767865532726,0.20855154993470951,0.97353845814966244,1.0469572216117695,1.3989834612641534,-0.79760483349624189,0.8072743502058976,0.4337946400517264,0.1935483870967742,True,5
-0.88041230828588002,-0.37546081981124457,-0.28966073293664846,0.37994559278856965,-0.92401415244558482,0.042885808851063398,-0.28375255759071261,-0.072298124919914677,0.95616811659550416,-6.9246257349061509,6.3051977242981874,-3.04296080790215,,0.0933758174512094,0.3694267515923567,True,5
0.40019731279844312,0.90153477556250572,-0.16455138796245067,-0.89906920383404088,0.42101901218207111,0.12007313645632312,0.17752937093937696,0.099890138816085272,0.97903283020600185,8.6116430073667747,6.539982060044303,1.3482946056593659,,0.0783872303192168,0.3043478260869565,False,5
0.31553185194731914,-0.76766348843911525,-0.5577924514765169,0.94875951693063831,0.26586076404994929,0.17080232191723491,0.017176421054355753,-0.58310446976186414,0.81221557969759384,-31.421138397255309,2.8838732639903264,-9.7676669843086614,,0.5065316119549583,0.125,False,1
0.87311507341940997,0.44199395556698212,-0.20569737920078207,-0.39775796813341951,0.88981434494556932,0.22364934678076054,0.28188413817416419,-0.11345384423341436,0.95271693481037101,-27.680355388736949,1.5511676182692307,-8.6398478333732989,,0.2191122815078166,0.3684210526315789,False,1
0.48262420182742688,-0.81459521430175441,-0.32172739492793739,0.87320909388348456,0.47592405656603509,0.10489123290777434,0.067673910553643024,-0.33155833456332751,0.94100441689291203,1.406188175099383,-23.58877299475299,0.29040102103119947,,0.1558931169622663,0.1428571428571428,False,3
0.86993515441673364,0.42619644489651398,-0.24813185500355411,-0.3735434016044637,0.89794761491366637,0.23271314528539847,0.32199092258586803,-0.10975732881420387,0.940359066816432,-9.6938062636949187,12.30669526265954,-4.1184380222375241,0.6229888245670697,0.4842354939258169,0.3333333333333333,True,5
