axis_00,axis_01,axis_02,axis_10,axis_11,axis_12,axis_20,axis_21,axis_22,location_x,location_y,location_z,dbh,dbh_approximation,score,reconstructed,number_clusters
-0.72374837276955251,0.6774322849171035,-0.13142979976176433,-0.68337890533029222,-0.73006385609355895,0.00019435888232531562,-0.095820481437930469,0.089957019613790379,0.99132546116762654,-10.432381711054635,12.22266337666303,-3.7298860163781629,,0.0657589742893946,0.4117647058823529,False,1
0.52198953701268569,-0.80241761277461865,-0.28922810713754249,0.852459009038392,0.50230574019410956,0.14492267344115672,0.028992432781095895,-0.32220322480870911,0.94622646378354025,-16.949692154173487,10.932582343007935,-4.9813854706286582,,0.1621754312275749,0.2777777777777778,False,5
-0.79468213362883255,0.58338226037625263,-0.1677660417647821,-0.58702439457657773,-0.80892554855013343,-0.032277191248157588,-0.15454017815160756,0.072832651888848243,0.98529829907277788,-3.9210851561557853,2.0543673121465793,-1.8801570157722802,,0.1721742964202879,0.2140350877192982,False,4
0.958625322150231,0.190495789564431,-0.21153923014559003,-0.15839197922512913,0.97438031322746299,0.15967149436232003,0.23653640871863929,-0.11955902037476779,0.96423864680768367,-6.8814016690156841,19.242819979311594,-3.4695152227317876,0.2393341107469582,0.1698557991198381,0.4736842105263158,True,5
0.96941493908370613,0.10780263423632799,-0.22048416708018601,-0.083352962494291319,0.98958508852726834,0.11736113584958144,0.23083968360045934,-0.09539362985119669,0.96830423724109183,9.7958883935938079,10.140332443407482,0.71348950131898503,0.1383760979318135,0.09356731618296424,0.4210526315789473,True,5
0.82089874842848387,0.55967488326509662,-0.11353092032900297,-0.51780175667658357,0.81330839462325488,0.26535032696039601,0.24084556381879682,-0.15903924131341096,0.95744448095503754,-21.996056516474841,-7.9839012196051087,-4.4896009629795799,,0.2406614551781901,0.2142857142857143,False,1
-0.39535483176048453,0.90470793756594114,-0.1587391089455287,-0.9184833211654132,-0.39110057311250351,0.058555362282409318,-0.0091074554400194241,0.16894936938696367,0.98558265246459964,-7.761122848492362,-7.9099745196908993,-1.6400870296882977,,0.1138916027904608,0.2653061224489796,False,5
-0.7259847479885766,0.66087612730861089,-0.19023377734129374,-0.68056502746091441,-0.73018040893303227,0.060562478545021559,-0.098880681050896507,0.17343389162434195,0.97986901989549002,-2.6075105312587166,10.741127004474599,-2.0161654364994614,,0.09380253184188418,0.3692307692307693,False,5
0.54516972043795131,-0.80185337589917338,-0.24458360426796263,0.83731793711155311,0.53512580613406857,0.1119778719239588,0.041093163772837851,-0.26584118410898,0.96314060070307295,-2.015714568949202,3.9185125085226922,-1.63049363915168,,0.06672350544291442,0.3591549295774648,False,5
-0.26074508766822363,-0.8787682386881146,-0.39972288141896462,0.94750874677321584,-0.31230390669272134,0.068508719537840282,-0.18503830426465995,-0.36087761434792998,0.91407230207320356,-2.9314835474113567,-10.016225067978604,-0.28700955065834244,,0.2048839564972637,0.25,False,2
-0.82551134986721619,-0.49331226849277021,-0.27417880478790407,0.50961015025654999,-0.86029917868463823,0.013521017344628031,-0.24254588431037818,-0.12856254862538313,0.96158367555561319,12.253783125693268,21.425408068253599,0.58534766291710083,0.69561494917731,0.5064145224754057,0.625,True,5
-0.90920662638172278,-0.31603503261986277,-0.27104458803032599,0.35168969566398262,-0.93141464407289321,-0.093707623864557055,-0.22284000652338493,-0.1805231812358962,0.95799463074128444,-11.320499158971549,18.092483023447091,-4.3506397326471049,,0.4014660440869025,0.5,False,2
-0.74417650803368007,-0.61269278091619861,-0.26609938200599575,0.62246103468466329,-0.78060458049519021,0.056557485881411844,-0.2423707597671306,-0.12354774430600843,0.96228497322092721,2.2633932885404091,8.5914706731634887,-0.90562488176446665,,0.1322536644691891,0.1333333333333333,False,5
-0.83174178310059232,0.52207649687234203,-0.18879019481464565,-0.53840789609887529,-0.84148105248722005,0.045017504633024348,-0.13536079071515147,0.13908907116846092,0.98098505932479174,-20.205968529141188,-10.379050623691533,-3.8770595061819013,,0.08399198297772408,0.1666666666666667,False,1
0.9389858411144385,-0.22042700510974358,-0.26404076504388363,0.28936200187120215,0.92124432326401284,0.25995870581098268,0.18594413693284506,-0.3205009083796484,0.92881857521698996,-4.1239714034034778,9.9507929294429722,-2.2730310620794372,,0.2045804206228928,0.1754385964912281,False,2
-0.0089210791966548436,0.99986714124506448,-0.013642367990581467,-0.99001552042153662,-0.0069122323939697083,0.14078881478230551,0.14067581053770964,0.014762144212653872,0.98994565276473834,-8.4773592370901572,-14.902642998401724,-0.82007067601764394,,0.4192171683928869,0.4137931034482759,False,3
0.57505426645288404,-0.77709463977354643,-0.25580561266234458,0.81646996525218407,0.5649425006692691,0.11923408396364782,0.0518592949762397,-0.27742366837163523,0.95934702884399037,-5.1177762129664996,-7.3008643305302225,-1.1911664139319456,,0.06703178008122228,0.2826086956521739,False,5
0.85534973382695623,0.5062901610922429,-0.10975930768434246,-0.45717981164973776,0.83735434893565508,0.29970704719518337,0.24364616283058063,-0.20617460343052979,0.94769645996922347,-14.555585539275844,12.530171035419448,-4.6162409957298767,,0.2791004901720861,0.25,False,3
-0.92903318934519175,-0.28928662871353256,-0.23067418482062713,0.28418666701653983,-0.9571441894804732,0.055793716794988367,-0.23692883189922767,-0.013720313091460865,0.97143012184281219,-6.341101211387155,11.736261830202219,-2.8544709234839512,0.172700642451592,0.1458080978390036,0.5084745762711864,True,5
-0.90099701277779909,-0.32952079965829184,-0.28217091550697354,0.34076328065620792,-0.94009841995896437,0.0097645966162681619,-0.26848606951181342,-0.087355614491684025,0.95931445683617156,12.435469478968418,6.6627679514522082,1.5635737663545821,,0.1318863726225912,0.3333333333333333,False,5
0.019594818681978748,0.99787303863615107,0.062172677631541912,-0.99416133374645932,0.012846780413705506,0.10713637438547322,0.10610978071922791,-0.063908989947090239,0.99229852133300123,-17.376518591068972,-12.23008017119297,-3.157355777885269,,0.2885811243913077,0.1578947368421053,False,1
0.60748423981732114,-0.73013367594915946,-0.31283815882743499,0.79220541791443388,0.58569000219547462,0.17139952495640903,0.058081616718105966,-0.35195459447666427,0.93421329964102851,-13.596831089668608,-8.8512014933361289,-2.6615803179150044,,0.2784820639277403,0.5121951219512195,False,1
0.36931072427615924,0.91768521985252494,-0.14650401427552143,-0.91230623061019922,0.38803724554398233,0.13086037467640754,0.17693764586551242,0.085328385282170127,0.98051626000832248,-4.9216918299073935,-11.701522938642615,-0.45720014470235104,,0.07360262969488188,0.4285714285714285,False,4
-0.50345287947250184,-0.7176254458812743,-0.48119530086499074,0.84028388896098194,-0.53631141546241889,-0.079328756433622735,-0.20114219871388211,-0.44427894961206432,0.87301662689100379,-9.5172528361403543,2.7781625960294005,-2.9328357127824667,,0.1305386181508297,0.4416666666666667,False,1
0.79914555040788671,0.57760862245703837,-0.16653728869703843,-0.55242477181554561,0.81488892155911119,0.17545061129780495,0.23705117748667812,-0.048211251627743368,0.9703001672001651,-13.462227841183807,-0.70520395175098638,-3.4060591332753107,0.3192589498216692,0.2270179027057416,0.5844748858447488,True,2
0.96259542120362518,-0.12773337758178149,-0.23894400877478739,0.16971644905471997,0.97170733936467346,0.16425947018386633,0.2112022300972986,-0.19866814258047985,0.95703949089133722,-6.733754059102262,13.553026642524848,-3.0543363287044145,,0.07353207217022116,0.1071428571428571,False,4
0.28210652061877056,0.94464025262607121,-0.16754314113960192,-0.94483029190851697,0.30386006048562375,0.12233063039868902,0.1664681066043549,0.12378956644332495,0.97824563005583409,12.844165657556346,4.9138596329796647,1.7938721817846883,,0.1504695600366098,0.4193548387096774,False,5
0.054224595932229856,-0.94320452730780779,-0.32775739940090198,0.99413891153075196,0.020250112871584732,0.10619678671758845,-0.093528165685205666,-0.33159486213562495,0.93877437631670468,-1.9170440385243739,-13.73130778660356,0.48025800610352321,0.5535100555164358,0.4738993525482605,0.1111111111111111,True,5
-0.26928722621070383,-0.89153266672922815,-0.36421682272297351,0.94815082816886875,-0.31171557165155828,0.061995237176997883,-0.16880283422512576,-0.32863795664015272,0.92924845795564892,16.095905322386042,17.255492825159749,1.7880563482076166,,0.2438958715558434,0.1538461538461539,False,5
-0.91849660152796653,0.34375678070779242,-0.19543609876118642,-0.35521533513927156,-0.93442754381298143,0.025830815812421658,-0.17374135565107254,0.093147415858170698,0.98037620343186327,15.540604759989746,-3.6116835537987031,3.3475456740126508,,0.1050472403884078,0.2608695652173913,False,2
0.29206251084889323,0.95502028768531866,-0.051339457204896632,-0.94800025069948346,0.29617873039084774,0.11650615579351999,0.12647139767693943,0.014642737910609632,0.99186217580676228,6.1815081537021417,-5.3120955551518865,1.1357853626837413,0.4545194362287888,0.2423621540957597,0.3,True,2
-0.88931784050567997,0.40983968235632756,-0.20284282911746926,-0.42799406884883123,-0.90219178953192503,0.053582197896366444,-0.16104302402940729,0.13446713229353841,0.97774420721588329,-6.8029603890704218,6.5633376580046372,-2.6433024501914679,0.3169121693246021,0.1877861356342474,0.3937007874015748,True,4
-0.18832095867903925,-0.92923097618186568,-0.31790723399492565,0.97425420883128477,-0.21761089226299418,0.058942651306423649,-0.12395141425871165,-0.29862232413635847,0.94628788137155406,20.48066049308213,8.4491210959325063,3.4930972883218367,,0.1468078138608322,0.2307692307692308,False,5
-0.46791756762351039,0.86363998740447612,-0.18756098225722617,-0.88368340068752493,-0.46021959664964673,0.085449225912054491,-0.012521871211223251,0.2057277205814384,0.97852915527629336,-3.7120563038913534,-11.474796563685253,-0.25269602663013285,0.1867239919633727,0.1547407696105565,0.6037735849056604,True,5
-0.17957295323168038,-0.92723826758730454,-0.32860728779098497,0.97270726214985559,-0.21725690287033525,0.08148631980966009,-0.14694943561846457,-0.30500595613345671,0.94094486028381652,10.176690054533157,-4.05026592232635,2.0284792049173843,,0.1323078693876625,0.3823529411764706,False,5
0.94833770090752534,0.24538090650386965,-0.2011064786643344,-0.21472291298621471,0.96305660144415717,0.16253016044274465,0.23355871997453587,-0.11095130976319775,0.96599178629307547,-12.328260846429705,14.632755885868628,-4.3154939459311743,0.8570794868536039,0.9244737169591888,0.9450171821305842,True,5
-0.64197019680723433,0.74786754902386376,-0.16902187884507536,-0.76319267483839681,-0.6444385317814777,0.04728551393763436,-0.073560910028994841,0.15935215051065885,0.98447736624227877,3.2347453978587599,-17.930102808734247,2.3013812487484024,,0.1809000809676363,0.5,False,5
-0.040742954196274113,0.97756579331896643,-0.20665219915602467,-0.9949214956427328,-0.020640790712165357,0.098514847950982018,0.092039280697910827,0.20961650099989163,0.97344218796864079,-3.0235367740367471,15.117204157225522,-2.3528602152537159,0.3502731410357015,0.3390175102827346,0.8471337579617835,True,5
0.55695884046717103,-0.7878770780855866,-0.26276712095082116,0.82954058361157212,0.5432302713958056,0.12947313381783915,0.040734140065025848,-0.2900871973503113,0.95613291323257166,-4.3239165162957907,-9.0756224018946927,-0.73543868509495569,,0.07453430375451331,0.2692307692307692,False,5
0.94822237402920717,-0.17291926975072519,-0.2664080620763799,0.2598655451750142,0.90465311387213643,0.33774641669800409,0.18260401918169536,-0.38948898535173637,0.90274808361378855,-4.9403693460477687,20.971861139899044,-3.2107286630462375,,0.2998462256249954,0.5897435897435898,False,5
-0.92501832181184473,0.31369566970530649,-0.2143271590828818,-0.33371274237280446,-0.94051989576111716,0.063703463449966052,-0.18159545668992363,0.13045057487661049,0.97468237781543021,-1.0592010712486271,14.022829440776841,-1.8864184343637092,,0.07819043961044153,0.28,False,4
0.96970866431724767,-0.081065461554606741,-0.2304202623273367,0.12631606622590871,0.97382136352475068,0.18898731003961,0.20906783052701322,-0.21236841310735088,0.95456288391755206,4.7342952461319125,0.42906961380675307,0.16332521751613466,,0.06879864184091322,0.2083333333333333,False,1
-0.03325534625377799,0.98271089440261661,-0.18213560873138018,-0.99454129279960168,-0.014504377181861438,0.10333073095194459,0.098902471465773745,0.18457768300901217,0.97782891145280937,-14.431315642657616,-3.8809484187725007,-3.3086070653035073,,0.08000656784231713,0.1403508771929824,False,2
-0.59373824569790812,-0.74368631818021413,-0.30725487099007615,0.77432226985566044,-0.63191922140880796,0.033213250663913785,-0.21886049895115522,-0.21819431194612682,0.95104748789595561,3.0737588768112349,16.095411242770858,-1.1134253647174102,,0.5433628213514766,0.5517241379310345,False,4
0.92143395808675022,0.36061253074552002,-0.14463078356247894,-0.3040313536218337,0.90098720980493896,0.30949472335208916,0.24191816157424145,-0.2412066550433922,0.93983772677165756,-12.475351983077681,-11.432524998590537,-2.1217272237657587,,0.2455953332134027,0.1666666666666667,False,2
0.18121768516276004,0.98044933730859152,-0.076676251573723403,-0.97460189958851462,0.18947289525129826,0.11937821946884514,0.13157236754999896,0.053095375846081622,0.98988362606977853,-10.222293768235851,13.329167756534739,-3.7869901012676319,,0.2159977635958467,0.391304347826087,False,2
0.93908396672042171,-0.22262441875582656,-0.26183901852525682,0.27588115325820511,0.94262874790895212,0.18799104471363909,0.20496558912549712,-0.24877582637634449,0.94662542512083747,12.108584284846795,-5.2702252151615667,2.7078723770389508,0.3596695083845811,0.2338245024715867,0.4761904761904762,True,5
0.45175005258574907,0.89209287636962764,0.0096015581724012422,-0.87113765186760028,0.43876562915050099,0.22046295420040374,0.19246059723324482,-0.10795842999381772,0.9753480896100083,-1.3555111495461722,-3.9174611101130603,-0.77194583095359925,,0.2070987837302092,0.2588235294117647,False,1
-0.60944537883813854,0.78139977371896607,-0.13412950400559676,-0.79236196926424662,-0.60610754122490074,0.069254300472908717,-0.027181609159951547,0.14848583131819335,0.98854090356505819,5.4473816577036898,-12.676418151510855,2.109468920498069,,0.1752516526841602,0.35,False,6
0.97686320247793867,0.0067133627642064833,-0.21375971183771508,0.053097386781283645,0.96059898231764018,0.27281910249708302,0.20716889525588916,-0.27785702426016023,0.93801733614456395,-0.7473200125997429,-9.7962183752834093,0.20876397453509285,0.4233956747709854,0.4068076696673388,0.125,True,4
0.97182849032011331,-0.066084731025908394,-0.22623481988270802,0.099014638059719939,0.98554759269213699,0.13744833206930879,0.21388194606378225,-0.15597676385912634,0.96432658486842626,-11.452371890178451,11.174910508527292,-3.8445179193678447,,0.06479016880820944,0.25,False,3
-0.93040647313290803,-0.23149085903530486,-0.28417560932543301,0.27608805387163715,-0.95257721504718895,-0.12795325663036061,-0.2410792012218318,-0.197506029163769,0.95019586779895293,-10.855125302473594,-0.94712264368853627,-2.9716496437313378,0.7439308742488366,0.4905699285784508,0.3494949494949495,True,3
0.88016097526963988,0.44122752607025401,-0.17502836298817448,-0.39959474263202371,0.88775573943242481,0.22850336707723978,0.25620440916042719,-0.13117933275753579,0.95768015714227084,-16.312394713292559,9.1062402242312022,-4.7573561990843585,,0.1519457033142697,0.25,False,4
-0.51984208157195577,-0.81464474853064595,-0.25713448605424044,0.82871492048607742,-0.55397018456224656,0.079678197644188861,-0.20735426398001119,-0.1716711050454113,0.96308527187461246,9.6956564075707412,-9.6094429017159886,2.6978583107189631,0.2004465568816705,0.1149676013650687,0.4210526315789473,True,6
-0.1410413161651432,-0.93437077290079684,-0.32719811411921779,0.97826353722707615,-0.18228467405795723,0.098857216911838589,-0.15201249575733616,-0.30614303250662561,0.93977052772539826,-8.5915638612965157,-2.0961245542048461,-2.4451621546377198,,0.1192649005100059,0.2163009404388715,False,3
-0.96755399930704555,0.12369643676270711,-0.2203144342914288,-0.14400654503056709,-0.98645141219204668,0.078585789890265184,-0.20760870264346315,0.10776271579970179,0.97225810547928648,-5.9076384428239255,3.8920249743465587,-2.3709187123803619,,0.07532505657546214,0.4035087719298245,False,5
0.620899715985616,-0.72762431899072744,-0.29162714740274431,0.78123373842745192,0.60498058560156753,0.15385817166420535,0.064477815034701097,-0.32335946168075075,0.94407694067267944,-8.8449252259109166,12.182739448791249,-3.4130175148978941,,0.07808421149524629,0.4166666666666667,False,2
0.17696311369240109,0.98401763169896295,-0.019833227116483942,-0.97547068259968062,0.17803540084809294,0.12946174505764907,0.13092365630703723,-0.0035632219159823231,0.99138604976506195,8.1818764175873238,1.3232540680521794,0.91691053235091924,,0.3450235537699013,0.3214285714285715,False,5
0.88646826149048852,0.41541284545802487,-0.20397595250053072,-0.39627069028262296,0.90901165211774482,0.12910211592806001,0.2390471949071252,-0.033615236763050005,0.97042591394933364,15.870662310369919,-2.3626890883773295,3.3202762169021622,,0.1281593109498039,0.5769230769230769,False,5
0.96874062912504744,0.14594221899781704,-0.20060523970326055,-0.11035543113856201,0.97774902968123278,0.17840547574452831,0.22217846948035164,-0.15069075509599969,0.9632907266386237,-8.4053753553184301,-9.5820961502750137,-1.5314515385029404,,0.3826660720421373,0.375,False,6
-0.65007512877063212,0.73559061164570116,-0.19054862637277084,-0.75650035145838324,-0.65010283717249773,0.071228641315218208,-0.071481082792506923,0.19045407099606088,0.97909024182852444,-20.858872607204429,5.4761814824504649,-5.4029968044304919,,0.1294943631628876,0.25,False,1
0.050671013408066165,-0.9693877802105233,-0.2402494120257411,0.99464518838839089,0.027286571539767587,0.099681453788698221,-0.090074400447756511,-0.24401388196600593,0.96557952950125137,-20.495144391936503,11.68816887350278,-5.7872384907423422,,0.1469276935049131,0.5882352941176471,False,1
-0.95016309882494743,-0.14743326843712584,-0.27468803575933137,0.20126665803589983,-0.96298035920590097,-0.17933365592307032,-0.23807943631156708,-0.22568176519519781,0.94466180343228967,-17.221157548929984,-6.8427946910772617,-3.597229857807021,,0.5721401458555773,0.1379310344827586,False,1
-0.92784441435237486,-0.26081606247982209,-0.26660780991490446,0.2842615209924092,-0.95729254298504574,-0.052786123444596447,-0.24145419946271887,-0.12476365134824953,0.96235850952961977,-2.6620577225813506,3.1286140725535683,-1.753699795679333,,0.622421990624345,0.2687224669603524,False,1
-0.92438083834548657,0.32064508298781186,-0.20665622771993883,-0.33344623720664968,-0.94230926170425167,0.029442523653984962,-0.18529347692895859,0.096124846226811597,0.97797052171599197,0.94279658877848593,-14.778882547979752,1.390058369226326,0.247573367915559,0.2279995382139912,0.696969696969697,True,5
0.94748972328737269,-0.22212436462287413,-0.23005214823101058,0.25616231777782661,0.95782362654963349,0.13021047336524202,0.19142646425066234,-0.18230377687857474,0.9644279349543422,-4.4330829179994318,12.194634531398535,-2.4781720115273052,,0.08660925279530593,0.3088235294117647,False,5
0.95655175423335759,-0.18181108033208571,-0.22793304398784875,0.21494462314952106,0.96793995716908099,0.1299655658035184,0.19699632091030805,-0.17331177220257765,0.96496397816903268,-8.6491301987638352,-8.6156931768737515,-1.7125438905675852,,0.1580570274176948,0.6,False,1
-0.82252648504176207,-0.42178272790711679,-0.38150951737024158,0.50613793442167054,-0.84880638717456114,-0.15281396674071857,-0.25937342335753755,-0.31878997401251452,0.91164597280133441,-11.275737814221664,8.8177635631995859,-3.6710777700262125,,0.2590508261657458,0.2424242424242424,False,2
0.8773358156425638,-0.41936914595872532,-0.2332624830714258,0.4544102087713166,0.88227054700517804,0.1229229191468911,0.15425053891382767,-0.21384153316190485,0.96461317114155143,1.5309690009273946,-7.3940446884963276,0.35116718072162739,0.6393835408333214,0.623618993022426,0.964,True,5
0.38735595437119918,-0.8380575860826629,-0.38420677638802531,0.92191284980270416,0.34955003179614624,0.16700740294960095,-0.0056623300711480667,-0.4188964760899927,0.90801634365112172,-5.7579576247470037,-6.2055997160587859,-1.4648680284900424,,0.08408652750442912,0.2432432432432433,False,5
0.12112635113358497,-0.96182441386932371,-0.24540212702011391,0.98991496903324239,0.09874825587787589,0.10157330380071865,-0.07346265136093974,-0.25523044263177197,0.96408540078616023,-15.042971892333826,-1.2163445856393433,-3.6490260007936888,,0.07708846568386477,0.4264705882352941,False,1
0.81052511220725865,-0.53772419665232873,-0.2321674628711346,0.5766219100622807,0.80212432352325802,0.15525380010963952,0.1027434441584428,-0.25970994964953598,0.96020546068823076,2.782815752572529,14.863006449983828,-1.1140864132150423,0.2292379734774709,0.1509177207486752,0.4473684210526316,True,2
-0.560569535619863,0.81754199124444082,-0.13185935039657393,-0.82596397526212584,-0.56343405364729149,0.018043801145208524,-0.059542483187367795,0.11902587845782256,0.99110419883745127,10.248467584001791,4.0952081566674652,1.2030557285385715,0.3016475025501721,0.2526026694842538,0.24,True,4
0.39926002082717399,0.90128969719294716,-0.16813184559425748,-0.89870685957428498,0.42101682718291134,0.12276323465501324,0.1814315747691449,0.10208679132327184,0.97809042052057116,21.804346056501039,1.4482222420863038,4.3930150036191105,0.6653206196139215,0.6899058477461237,0.7126436781609196,True,5
-0.72583635773450317,-0.62693156471315825,-0.28305192978854948,0.64800487557890885,-0.76124559201851894,0.024389134021897629,-0.23076235181821581,-0.16571651033824619,0.95879443844060763,0.89643889385243669,17.363187003517375,-1.6869108646425257,,0.07034618367797522,0.3636363636363636,False,3
-0.74328079364625876,0.65376438147753579,-0.14186541265538335,-0.65867966436884207,-0.7522610960037418,-0.015631480614387738,-0.11693913606460515,0.081825283076467012,0.98976252783479268,-1.5471225079808755,8.0407710238002625,-1.6496165916215209,,0.138358449185234,0.2580645161290323,False,5
-0.14838574488576664,-0.94927569584174354,-0.27723153500074516,0.98055921662107637,-0.17762677890603565,0.083380753863986912,-0.12839506771740361,-0.25946942151174485,0.95717831457163882,-5.7411593779260448,-13.897857619418918,-0.29796899737367116,0.1612044209780157,0.1317340713142874,0.4545454545454545,True,5
-0.97139234615956993,0.10052876627283591,-0.21515314772103286,-0.11050295581513903,-0.99326593443380529,0.034812070456346302,-0.21020467782312668,0.057591237571367845,0.97595965222762882,-12.570204642388049,10.414463875801911,-4.0595927776639531,,0.06394585168536565,0.3809523809523809,False,5
-0.27225924411649172,-0.93126538306834639,-0.24211503524499237,0.94894161349433026,-0.30152578477313019,0.092693124317428127,-0.15932582393289185,-0.20451647223516062,0.96580965744425584,-10.475401437250007,14.534572244885734,-3.9481407266124262,,0.3336788825620607,0.2666666666666667,False,1
-0.07783311032293104,0.98045572339073261,-0.18068918453469901,-0.99344383638455114,-0.061051661812925387,0.096654221529251308,0.083733809700764439,0.18702745536481077,0.97877953597976308,-6.1890981124764108,5.3033021620257319,-2.459769894744102,0.3437803930396847,0.2011279846644591,0.1264367816091954,True,1
-0.80332366605931771,-0.49180607038154317,-0.33585395142067975,0.55772465692557327,-0.81902760889182746,-0.13467361631065383,-0.20884035674713677,-0.29550053300933682,0.93223663325623929,15.501394508201736,-5.8803263915995778,3.6424903340444681,,0.3386141655048475,0.3125,False,2
-0.6847680771794854,-0.67677179157910206,-0.27031948246236859,0.69237849891600378,-0.71990674467960614,0.048438550800306443,-0.22738666344957842,-0.15399422420215914,0.96155139446502969,-11.896217709694524,-2.3390386916662607,-3.0165771298632476,,0.07298037599009803,0.3116883116883117,False,3
-0.76076984771183831,-0.56479597712768959,-0.31974168172586448,0.60596608900790883,-0.79457026903360817,-0.038251621407693434,-0.23245287218050192,-0.2228532965612956,0.9467323119165193,-1.1203124343664757,13.027269022759313,-1.8334874868577871,0.1851122321470047,0.1512490289675339,0.5882352941176471,True,5
-0.36064585247603737,-0.8086702656416862,-0.46474398388665239,0.91383309473644148,-0.40608199666292588,-0.0025469492868428756,-0.1866645227574073,-0.4256169797520491,0.88544143933435437,16.253928856805608,-3.8159377358168212,3.5298842452892472,0.9572323523199591,0.444491946660617,0.3333333333333333,True,3
0.87121923931255107,-0.37792246392898216,-0.3132916345986726,0.46610160071987444,0.83710433858077771,0.28636624126389376,0.15403355107908032,-0.39551351125731105,0.90545167046887831,-10.186473215918177,24.731596063487615,-4.7047431718903443,,0.4613037961699417,0.4615384615384616,False,2
-0.73327236143476049,0.64823853269476106,-0.20517906493020502,-0.67253746189654562,-0.73587570087064547,0.078614980849002397,-0.10002502837611421,0.19563680021376312,0.97556201038195278,-2.5110186297189889,-2.2180062535369811,-1.2904786382155218,0.2628767924155678,0.2331834691287131,0.8890052356020942,True,5
-0.94555253597720346,-0.21795598328916893,-0.24171386194327407,0.22445617736599691,-0.97448396036112772,0.0006598796386087652,-0.23569010617614997,-0.053630218602433319,0.9703473468317062,1.1859014862415769,11.238351084467368,-1.3178596783379586,,0.1154910813925591,0.2222222222222222,False,4
-0.77885088805044955,-0.54170391619500968,-0.31614579130840581,0.57704833865390781,-0.81639317012950119,-0.022746573866636643,-0.24577735664579275,-0.20014759290307546,0.94843789043632876,-18.419790299101781,-18.366657297145956,-2.6725346288313268,,0.5155265275170273,0.5862068965517241,False,4
0.28382415183652293,-0.90050961690776199,-0.32943327198526151,0.95785779826356987,0.25043344377097659,0.14068236757560065,-0.044184716135171234,-0.355479282234065,0.93363921873623612,-11.404751355219817,-12.419770989795611,-1.79687279939026,,0.1126230542888438,0.1764705882352941,False,3
-0.059826470766796737,-0.96251914582816722,-0.26453296072475602,0.99155614309434092,-0.087847645066998256,0.095389760184506484,-0.11505306813581545,-0.25659244955843574,0.95964738646136949,-16.367781417690498,-4.0173372164388823,-3.6682896236095233,,0.0636994744329813,0.3571428571428572,False,1
-0.51735323044774295,-0.82031681806080969,-0.2437743894503164,0.83078407791641107,-0.549772563003601,0.086878909115109801,-0.20528870116463943,-0.15757679707063921,0.96593276277342166,2.8200153808810784,-10.480817177524646,1.1540154095266726,0.8270201345138825,0.7224177870341889,0.9433962264150944,True,5
-0.95633720194737881,0.20270728492205564,-0.21054432505053963,-0.21136025584686832,-0.97721965823277435,0.019198484621616829,-0.20185638067647266,0.062860927474455097,0.97739577724545457,-14.533876674465965,-13.390106840720458,-2.366698347121079,,0.1095957087239958,0.4090909090909091,False,4
0.90769334048595041,-0.31104478615712661,-0.28168056489918575,0.38431903550479762,0.88571907613217205,0.2603854779442088,0.16849830440131749,-0.34460536731171121,0.92350173916124367,18.199187301415613,-3.5934760343163474,4.0172503462804929,,0.5566583678765968,0.358974358974359,False,1
-0.021091623133249193,-0.94720287075804588,-0.3199404086096701,0.99631870854040772,-0.046509475339840095,0.072013191263740173,-0.083091362041912684,-0.31724373962511926,0.9446969012454155,17.221900824755597,-13.708017613000537,5.1260901674870203,0.5415557251233242,0.6222029775488357,0.5555555555555556,True,5
-0.07394323889744947,0.9873099615806632,-0.14053980640709446,-0.99363201763463782,-0.060924908502721316,0.094781691561467402,0.085016533407760275,0.14665331666049669,0.98552777422039339,9.4124372332036472,1.5025520086529294,1.2894336913686268,,0.07388506675125699,0.2857142857142857,False,5
0.73519037509458407,0.64538197110458362,-0.20730948782303321,-0.62893344943739515,0.76352412628583155,0.1465388165580648,0.2528593058344214,0.022649943766399866,0.96723789808935545,-7.8273804317426698,-10.25978070760682,-1.3582203182325057,0.6854479272783787,0.7787901897740157,0.7428571428571429,True,2
0.031164113420555511,0.98843700222983388,-0.14839504930290148,-0.99242994805418294,0.048245613280034128,0.11293874005143528,0.11879223981339451,0.14375205536663885,0.98245801454208925,-2.875446434033202,18.710056892698404,-2.6000613717498098,,0.4529288984598934,0.5333333333333333,False,2
0.96798935868781988,-0.10822031606362596,-0.22646183929799737,0.14286510594409907,0.97941154318620505,0.14262745379904165,0.20636415137015551,-0.17041535219781495,0.96352085849999636,5.2435133573057247,2.4203568725421101,0.15487760268729842,0.1725108239574096,0.134535058367675,0.5575221238938053,True,5
-0.80856107197809868,-0.53315826854486603,-0.24894026103438993,0.53701788873938394,-0.84156440716769765,0.058147534447974006,-0.24050110198401284,-0.086669540616781809,0.96677174693603496,-3.8731441804524818,-13.758162060430211,0.10677733179301016,0.4831092173348664,0.4414583683579963,0.8676470588235294,True,5
0.024796474877648713,-0.90440112572815257,-0.42596213284198603,0.99511657614634574,-0.018391828290831299,0.096978041488244945,-0.095541272298506216,-0.42628669277115866,0.89952849918933164,7.0281917002780485,0.4601813966424948,0.70838271049916923,0.4832926872107527,0.3996080106393209,0.7414634146341463,True,3
0.89880149365659201,-0.31919314691005124,-0.30045234225470457,0.40644030016318972,0.86356414962298922,0.29843465262797558,0.16420157552208769,-0.39034945171164592,0.90590570598958142,2.4894466162118309,-4.9999859118680616,0.15637927115693898,,0.06726501002970242,0.3636363636363636,False,1
0.68249046200392416,0.72847286142702372,-0.05944795570913361,-0.70380814458844421,0.67695778878295676,0.21536538212317646,0.1971315928121169,-0.10514486373767701,0.97472236700762305,19.087340537719445,-7.8197251042448661,4.8317693807483053,,0.2954032314819233,0.2916666666666667,False,4
0.79645559565499402,-0.45626075867931143,-0.39684329935029361,0.59230879156980321,0.72079533484396152,0.360033860485788,0.12177347650029043,-0.52180475788992164,0.84432873637255312,5.5928502830585485,-7.3466329551831429,1.3079617185853538,,0.6072428876354916,0.3076923076923077,False,1
-0.96874497288411843,0.028230336732756003,-0.24644720651633337,-0.027008671966589154,-0.99960043620771366,-0.0083366403275006995,-0.24658408129956449,-0.0014198666501273726,0.96912036137331559,14.550157646083774,-15.142235185834458,4.6621722766123241,,0.2830795845810204,0.2727272727272727,False,4
0.66321947907627909,-0.70321911506778634,-0.25616947276572338,0.74454690984801442,0.65472991186139695,0.13030211644382414,0.076090877308396934,-0.27714909113552422,0.95780925015014928,-3.3970639528627884,-7.0064235249914146,-0.83462875658351887,,0.07359375367701565,0.2549019607843137,False,4
0.9544691605317519,0.18804312243031479,-0.23157807689949939,-0.12944385615116408,0.96048349467301541,0.24640565043324031,0.26876180848202669,-0.20521023504535324,0.94109290175524174,-13.606955575100949,9.2471056981616542,-4.1880361508714472,0.3334067966513751,0.2757338452929704,0.2040816326530612,True,5
0.59133878307859922,0.78781736513703005,-0.17222729985594029,-0.77547793017469846,0.61412247571110501,0.14658637262183591,0.22125194561649869,0.046876262809759234,0.97408941712037045,4.8467647573683603,5.9253323172396497,-0.17820386878765967,,0.2659610613843187,0.4347826086956522,False,2
-0.036766424171737283,0.98014838042241681,-0.19482654441564062,-0.99504238296687153,-0.017878903932403909,0.097831492341618212,0.092406093701855596,0.19745758316532588,0.97594652348234445,0.0028182741708037418,11.245990884309723,-1.5304471314573191,0.3590164726599537,0.3278505849770809,0.8844221105527639,True,5
-0.86799248831933296,-0.41362778542602274,-0.27477462645735334,0.45231140200364389,-0.8869243023039336,-0.093699933832312746,-0.20494739773588766,-0.20561453525041887,0.95693219564138565,11.638083417162829,-8.1627868072346708,2.9440590497162824,,0.3173491460581404,0.375,False,2
-0.96326639719255891,0.1795257455658017,-0.19972069176405433,-0.17603639188931039,-0.98375253276398411,-0.035244049299719998,-0.20280295059555339,0.0012087015723630107,0.97921882246525882,-4.3882272527480728,4.7927198206850647,-2.1297078122292246,,0.1191908915930498,0.4558823529411765,False,5
-0.36444143798800888,-0.88481512591759548,-0.29031815517576898,0.9136488513053036,-0.40002913104497256,0.072266664679527859,-0.18007835734960345,-0.23891188179501185,0.95419751516729212,-6.3635509332699902,15.151925440014383,-3.0639059354423384,0.2050069677065885,0.2232582928078717,0.25,True,5
-0.94008365064446386,-0.2509961372969734,-0.23074589671969681,0.24331079832966268,-0.967986368265356,0.061662356982434913,-0.23883589597705043,0.001824805317226251,0.97105822939636022,-1.5807378647499533,-3.0817591004964244,-0.95278223795800598,,0.06567404197005407,0.1224489795918367,False,5
-0.70985032719018337,0.699194310456829,-0.085087185949411448,-0.70358017894998903,-0.70953484443772852,0.039182091794984206,-0.032976427591409535,0.087679078197303251,0.99560279954898678,-0.81862328567628018,-6.4155917533222571,-0.29561954543091001,0.6287569000937594,0.3400508736118302,0.1111111111111111,True,2
0.022839870442572269,-0.95933358738951313,-0.28134926412651917,0.99664114687448491,-0.00028891938540281936,0.081892251662168417,-0.078643274822947834,-0.282274661689561,0.95610472788976719,8.2476694710187797,-9.2788850299949139,2.286096799393587,,0.07116644356274097,0.4615384615384616,False,5
0.26950437756273915,-0.90226604337374938,-0.33657596089025899,0.96251913378698739,0.24134760718681125,0.12372651130275072,-0.030402427016104593,-0.3573056387462718,0.9334925671646509,22.006700417656205,10.250285311659409,3.7060051441678539,0.3635030428933802,0.2880599331006687,0.2173913043478261,True,5
-0.60148001807631679,-0.70736975395986357,-0.37128132061507768,0.7688420247592942,-0.63880445027288568,-0.028474818271333954,-0.21703393471746027,-0.30258371650556265,0.92808370618535185,0.47797192558833151,8.8708915579318752,-1.3237913958753751,,0.2096929056125711,0.1515151515151515,False,5
0.77295527780653872,0.62923578718857698,-0.081255539086203421,-0.5994837905426964,0.76626469868578817,0.23120898863266504,0.20774822114179062,-0.13000282946594291,0.96950499789494216,4.1850915346831021,-7.4532101781104192,1.0074997475789722,0.5413840306082154,0.2184581717514228,0.2586206896551724,True,3
-0.587334389943869,-0.76231689044716799,-0.27186627765911953,0.78064728070048595,-0.62224713022656064,0.058295214724266964,-0.21360743789531739,-0.17799288599203056,0.96056774618557106,-6.7347025252081369,8.3224578050391429,-2.6815565377461703,0.2593117905798784,0.1584833813675299,0.7201834862385321,True,5
-0.72874245473092814,-0.59251084841654211,-0.34331520383089764,0.64223246149352253,-0.7653371528044467,-0.042385232583465035,-0.23763817049605618,-0.25137608686168333,0.93826337607166277,-6.7210310128233193,17.793516924152513,-3.3620802764744382,,0.4117334268465176,0.4285714285714285,False,2
-0.24524879293234542,0.96406819607058092,-0.10210554779464334,-0.96851222228756262,-0.23898982019023171,0.069770632253468551,0.042861461067438399,0.11600163434476862,0.99232379593785203,0.2789865504044366,12.788458307326746,-1.5192840297118735,,0.2366349260508793,0.3888888888888889,False,1
-0.91299969398161873,0.37081080641733821,-0.17009087169390918,-0.37860916733218802,-0.9254392603319761,0.014740211946646944,-0.15194294061093377,0.077855772299349882,0.98531813213711528,6.306994114282789,6.39660672553231,0.10890477571933302,,0.09624356349325083,0.2307692307692308,False,5
-0.34158917189999721,0.92830813029017878,-0.14683614295475086,-0.93968247810565253,-0.33439044500834297,0.071971318095082532,0.017710956549417955,0.16256397363584651,0.98653903951837085,8.4502946297738983,-4.863412709375079,1.7322580658420947,0.9722406295571504,0.9284928364220104,0.9693877551020408,True,5
0.5182615467227083,-0.71882807137428351,-0.46334778837598301,0.85465016175661934,0.4551281260976191,0.24986294211878474,0.031274113863887051,-0.52549461713627332,0.85022193406358926,6.3574179412625131,-8.8496621788999636,1.7853699727162049,,0.186017716498999,0.2222222222222222,False,1
0.79940099490500982,0.58098988940563923,-0.15299933906166227,-0.53543724540235216,0.8044573003484341,0.2572069364384505,0.27251606481237789,-0.12368993622980984,0.95416759224710801,-6.3425808143282003,-7.5372265638979368,-1.4206093953169578,0.4098042163697334,0.2435749166894853,0.1851851851851852,True,5
-0.8744212531887503,-0.4240307778813287,-0.23576550082904765,0.42086313353842797,-0.90470437729120479,0.066213386398442695,-0.24137459435498113,-0.041326615146772647,0.96955165725219583,-10.017246237953154,9.6363508386409453,-3.4495630231514411,0.1463416514380771,0.1107599749123976,0.3561643835616438,True,5
-0.69821656323452741,0.70729943875019163,-0.1105492413751842,-0.70941871160333858,-0.70431984867200337,-0.02566402917908428,-0.096014178390609356,0.060506650132938974,0.99353924071355404,4.7513428106874596,9.5621175689447799,-0.40864594015700956,0.3067923149220365,0.1896388642956824,0.3421052631578947,True,5
0.6418694279578101,0.76039437109801811,-0.099015341516168226,-0.73398675481810161,0.64662424894617676,0.2077029716359052,0.2219618913343151,-0.060642238392417391,0.97316773359891628,-21.969607836237884,9.9314658171429926,-5.9664846240521801,,0.5326466372219,0.5094339622641509,False,1
-0.93206050440672794,0.3223266263822217,-0.16543506898518159,-0.3209091483171938,-0.94642645802589009,-0.035976076424500569,-0.16816817371729242,0.019557747151035837,0.98556428500375692,4.1247656342650263,-15.206660750038953,2.1658312686723233,,0.3225973645877229,0.4375,False,5
0.60856920039928852,-0.72741611619938973,-0.31703205235239101,0.7923176337775597,0.57886438607047908,0.19274021309622613,0.043316227103731175,-0.36848584292024822,0.92862365252929813,2.7419810651873995,-4.012305443833811,0.12286502914702289,0.1869016687238377,0.2685790768476432,0.3515625,True,5
-0.46888392653143091,-0.82643851614570463,-0.31168452395227142,0.87278322088258564,-0.487705774118667,-0.01981230014743382,-0.13563669409967216,-0.28132269180106684,0.94997906834388424,-10.373712238402987,-11.153751711291969,-1.7551460409945838,,0.4903922266821601,0.7951807228915663,False,2
-0.53695071959729301,-0.79109490315439746,-0.29300644861006792,0.82053386174520959,-0.57043426748776749,0.036454467561442196,-0.19597986236714043,-0.22084746020461563,0.95541524630274144,-3.6891932431535426,8.0699495432034052,-2.0921175775699759,,0.09309050648178582,0.1428571428571428,False,5
0.4580105458674873,0.86363172728078164,-0.21063375681068186,-0.8680145632290629,0.48560674489567507,0.10361856655101602,0.19177345461879491,0.13537477219128319,0.97205792685298964,-6.5941950835219778,-4.4978018300096121,-1.8329003678995579,,0.06672798565711052,0.26,False,5
0.84931343515297042,-0.41481544804162113,-0.32648864135631311,0.50858758762672984,0.80870194087656067,0.29553313948609589,0.14144028627192995,-0.41704833639341371,0.89781141145053467,5.5998596677935035,-3.9706163639863639,0.81272007994802686,,0.08622745340935853,0.5,False,5
-0.6432565547882243,-0.70950816268774997,-0.28778320277847486,0.73268681285001513,-0.67952593879785406,0.037610274880428889,-0.22224094806689071,-0.18666190179130765,0.95695678869109924,11.721003654249545,14.48480055414721,0.8933190343214219,,0.1155977780477181,0.4166666666666667,False,6
0.9593987536351436,0.18290234393910337,-0.21471088492416129,-0.15523899596904797,0.97798600649311251,0.13944255173431436,0.23548861045463837,-0.1004495081383525,0.96667213193559465,23.448920732481014,-8.4597435472384497,6.0115265683527479,,0.07046599872571602,0.3571428571428572,False,1
