axis_00,axis_01,axis_02,axis_10,axis_11,axis_12,axis_20,axis_21,axis_22,location_x,location_y,location_z,dbh,dbh_approximation,score,reconstructed,number_clusters
0.037789793872549403,0.99780244670939822,0.054426177707131845,-0.98946811728584694,0.029747077686266468,0.14166141409688135,0.13973108585376093,-0.05920632322535567,0.98841784430283497,-19.595130998051896,-9.9500565646724937,-0.2501857584416215,,0.2144286768383026,0.2941176470588235,False,1
-0.52527548462112672,0.84347990419893903,0.11237133294834918,-0.84787580940399865,-0.52998766110661177,0.01482197362893925,0.072057456821304836,-0.087491315496405153,0.99355573201967595,-17.457197748858189,0.82149931812896437,-1.6689393097243566,,0.1175449336088764,0.3125,False,1
-0.52226464075684842,-0.81680727128567487,-0.2450826933709713,0.83736319504383772,-0.5455922012795219,0.03394155990730463,-0.16143891910284711,-0.18749675057935028,0.96890786141979945,-15.667157427120706,3.3369065674670009,-1.9600390224957569,,0.4083635366985719,0.4027777777777778,False,3
0.87474654616270653,-0.47341302285172548,-0.1034339875031767,0.48455520679869768,0.85673259933896528,0.17667910118112617,0.0049730816087078106,-0.20466891074193722,0.97881862744587278,4.235432225327842,-6.3976694092333988,0.10312809209238183,,0.1148912831602833,0.3636363636363636,True,2
0.86367600854443016,-0.49699823905514967,-0.084002991856493972,0.49959824641442346,0.82198630633322245,0.27338636465686944,-0.066823232819093886,-0.27808499164238654,0.95822930083506597,5.5626470125101726,4.9588449089776763,-1.6530943200973516,0.4959355685112323,0.1914243112609438,0.4863013698630137,True,5
-0.64945728650776124,0.75999513625952386,-0.024751280044545867,-0.75884348380957911,-0.64570570600644406,0.084974751017351163,0.048598354722324238,0.073969818795151243,0.99607563258303611,-3.8374455662940341,6.6144491256578393,-2.0498216338757507,,0.0681714395387898,0.2909090909090909,True,5
-0.57179398045163421,0.81918514855050006,0.044579550396704207,-0.81792925496679758,-0.57344332028939093,0.046416508754313412,0.063587560015592071,-0.0099222381434340978,0.99792693690544798,6.5373070542927376,17.03840457606962,-2.1279198809124158,,0.08118338294606274,0.3333333333333333,False,5
-0.53085236540011338,-0.80541746355126043,-0.26362563524012039,0.82791826742508068,-0.55930294501764377,0.041611995367223112,-0.18096162193392223,-0.19617065300712791,0.96372712231512925,-3.7251645742758628,18.331089161846148,-2.9576229814751258,,0.4416006746327816,0.2,False,3
-0.87389641643953442,-0.46890400848374658,-0.12819549197227356,0.46553216847617651,-0.88319395258420197,0.056993352529590396,-0.13994589471652091,-0.0098728388302386991,0.99010993006101289,4.3393080220472759,13.429633230554215,-2.0067431921659056,,0.1234415289398711,0.2368421052631579,False,5
-0.96083264431050275,0.27150002715984467,-0.055573058935874824,-0.27430757800337047,-0.96027437583611785,0.051268662577431873,-0.039445941200729334,0.064504715833475196,0.99713748267630131,1.4084976785362113,9.4597035426905247,-2.0814648312966786,0.1633410357291057,0.1033349877493348,0.3185185185185185,True,5
-0.35696943494565087,-0.91343809607185034,-0.19545758404118019,0.92262314236151666,-0.377494783347536,0.079146861746731911,-0.14607997704525497,-0.15208067987101154,0.97751322605703295,23.946543580434003,17.065957080117723,-0.53698643905400256,,0.3456561215341758,0.3103448275862069,False,5
0.13117128774854789,0.98911950290373352,0.066608574867349085,-0.98419367144409453,0.12186482035870456,0.1284981814981615,0.11898281539693638,-0.082411009788815645,0.98947032047747996,16.042658354887141,4.7349174884649647,-0.43471999252733473,,0.6934554797829657,0.6601941747572816,False,4
-0.45836154854362365,-0.87559320788207939,-0.15245073016374586,0.86816535147830465,-0.47781858438749192,0.13408326855533981,-0.19024619131336509,-0.070893827126916553,0.9791733513357358,18.464670708892754,12.107546505479229,-1.0023808364262041,0.4965707580751518,0.1783387842200029,0.52,True,4
-0.47721903442095143,0.86527698176459433,0.15348530227577908,-0.87514202867078927,-0.48382178473961451,0.006550592747830597,0.079927609999978694,-0.13119537125877001,0.98812921812886578,9.284429407559772,-6.3052544313162731,0.57129926973290002,,0.517188832056063,0.3253012048192771,False,1
-0.59611185043691051,0.80093641476141653,0.056138411785601125,-0.80116620903808244,-0.5979621316144349,0.02395818546275344,0.052757627545493804,-0.030694440282376272,0.998135503862838,5.3461140786055275,9.1280302078216131,-1.9014228813656422,0.3906700843826725,0.2545803846757523,0.384,True,5
0.44270449188024796,-0.88240670264056975,-0.15928321946786467,0.89290689864615025,0.41758409457476026,0.16834724324529374,-0.082036596828268485,-0.2167531662817736,0.97277338660535995,-25.952877144889172,8.6538845964338673,-2.8817539694326264,,0.1313771050245373,0.3125,False,3
0.84178576282952167,-0.52180174797874845,-0.13827387787952583,0.53940007530731549,0.82308231769635376,0.17771622619800359,0.021078146407637742,-0.2241839291785212,0.97431887882874224,-22.932655956098802,5.5196030748238414,-2.2733410155598781,0.4654310437281797,0.382322345099981,0.6486486486486487,True,3
-0.094957851844327298,-0.96949509982935622,-0.2259695948130577,0.98583179208301586,-0.12311181910510524,0.11392610638050041,-0.13827032975841219,-0.21194983227994904,0.96744952555934505,4.2435985402672118,-22.82976425668598,2.8519228106890768,,0.3131893902923216,0.4333333333333333,False,5
-0.36034464669496807,0.93158394021275381,0.047990602579663866,-0.9269504310442519,-0.36336525848447787,0.093426908936259934,0.10447312565992457,-0.01081902325485315,0.99446886062392981,1.0091453069235863,4.5371014348752059,-1.8136466952359205,0.2127551181516543,0.2290218335221577,0.5030425963488844,True,5
0.74430294708804545,0.66778421407380661,-0.008795816612328991,-0.65000789066928022,0.72738738758261423,0.21999393276500137,0.15330644155978013,-0.1580247822955862,0.97546158466477273,8.6361541852448145,11.346627834711317,-1.8958060566090171,,0.1870939944612463,0.5172413793103449,False,1
-0.67326516465420494,0.73824837262106069,-0.041271762568394155,-0.73776686629573318,-0.66702067306626789,0.10384350099258399,0.049133176768047182,0.10036315073062685,0.99373697169628439,6.6710874886070419,-4.1821729016675837,0.0072526230342291366,,0.06930988809357184,0.1666666666666667,False,3
0.90450549291812077,-0.403127307851737,-0.13913370168711597,0.42562354623819504,0.87378057517236873,0.23527027721127097,0.02672845241631748,-0.2720218375712809,0.96191980420187495,-14.445818714111299,11.412423986245809,-2.5440901571419792,,0.2335081475072499,0.2916666666666667,False,3
0.65390831297946284,-0.74882665089295442,-0.10799335687344064,0.75501570190572909,0.63672348459089156,0.1566349068574184,-0.048530486213845647,-0.18396154783778643,0.98173465907289537,5.1094000421669339,2.1372368828947521,-1.2437509775991762,0.2497206505888933,0.1856426455135783,0.7942386831275721,True,5
-0.9102886333945337,-0.40347786410150127,-0.092629461257222809,0.39237979997996369,-0.91225238133953424,0.11761668805077297,-0.13195717669151807,0.070719204749768394,0.98872953713296363,-2.030179229220388,4.9023834538984525,-1.9241776792804708,0.3830539785683774,0.2527027841934142,0.8491379310344828,True,1
0.61064237802321153,0.79186066654841147,0.0085188576501454977,-0.77461641914247004,0.59503974022578354,0.21423610981095026,0.1645760898704747,-0.13742049456154071,0.97674475597128618,7.230938755192776,9.3052360113212558,-1.7967280390674079,0.6414945134668648,0.6370609801250143,0.7103321033210332,True,5
-0.97146358705090274,0.23303867357470712,-0.044175509648843932,-0.23113501900623259,-0.97191510416416127,-0.04424514986478037,-0.053245676098463604,-0.032772044734948762,0.99804353164614468,5.2098749209267057,16.061022424306639,-2.1088796726103616,,0.1197109070207074,0.3023255813953488,False,5
-0.16490117801372417,0.97764584396021803,0.13044617770175962,-0.96037347033183929,-0.18928502185712956,0.2045824478867278,0.22470068752112393,-0.091541161713509928,0.97011845500416893,21.706240922460761,-5.6104995348761753,2.1931390209237471,,0.5103361326152829,0.4363636363636363,False,2
0.94680507634174682,-0.29891375840259282,-0.11920869285055169,0.31934319331726363,0.91846968320249722,0.23330959242997032,0.039750123212810407,-0.25896719111799177,0.96506783265686857,30.248989659112922,-1.9806694096004662,2.6301478577632955,,0.1463651013402459,0.36,False,2
0.10606681957246267,0.97382701003240313,0.20102433762391436,-0.98376224962234027,0.073333950525254543,0.16381076862756172,0.14478144219400399,-0.21513504184978877,0.96579254903137202,-15.769817394081937,-7.1468748833831777,-0.54634919070339338,,0.3307658693766344,0.4411764705882353,False,1
0.28938377301290502,-0.93757817024029944,-0.19288392002877944,0.94998339965792877,0.25658745787113624,0.17802925837511285,-0.11742475161217175,-0.23475530058356736,0.96493594427647889,-2.8218950398967388,-20.899926793554478,1.9991374266334014,,0.1335953640586371,0.2631578947368421,False,3
0.98696703370399774,0.14021946753442727,-0.078959326908820682,-0.12470217731544447,0.97655483451730773,0.17547085841717822,0.10171254275810694,-0.16333755264860461,0.98131310117640091,4.8493850926105635,-4.7674114794797342,-0.094068504713658754,,0.2546750294337221,0.7228915662650602,False,4
-0.89771695093977566,0.44055203863521392,-0.0042634785975054906,-0.44048310683091108,-0.89768754798821382,-0.01147600904053786,-0.008883050826300011,-0.0084242175462925402,0.9999250591753126,-8.9940429628521823,9.6528080560657408,-2.4135642215598909,,0.4670026504300698,0.967741935483871,False,4
-0.85541887212395906,0.51481086801720599,-0.056818336701668075,-0.51793400182729665,-0.85061356061113425,0.090559042925647801,-0.0017096681944479969,0.10689406286514855,0.99426894568765778,-0.57219532235322845,13.967394886732688,-2.3127283023644134,0.0772690341375315,0.1138661744811847,0.4186046511627907,True,5
0.8138577519402449,0.57889227917660646,-0.050192516538674764,-0.55823355810269049,0.8029334880960789,0.20898111948660392,0.16127880894519714,-0.14206175700581064,0.97663074034234698,-13.908970031163284,9.851648550209493,-2.3882945683245262,,0.1155020244290552,0.125,True,5
-0.6290392510618279,0.77718706563898543,-0.01702602792892248,-0.77509126666786743,-0.62536495999919461,0.090289507366056634,0.059524356013099418,0.069992369646036751,0.99577001322220837,-14.870648435219156,1.5161614660257423,-1.7213701008369877,0.208194645089502,0.1579938174266889,0.3768115942028986,True,3
0.93814512742275724,-0.32525758353452139,-0.11870646252931111,0.34429582297868006,0.91263470102685817,0.22035945353229225,0.036662053575492758,-0.24759928682227844,0.9681686252883468,-11.871077485564722,26.33348175749531,-4.135379108290401,,0.3909494829386053,0.8157894736842105,False,4
0.95023652275246018,0.30165905496584494,-0.077796949711592858,-0.28713955391573209,0.94495622399985812,0.15687132083655642,0.12083636623297306,-0.12672627699512345,0.9845501629244533,-10.947814304856623,-7.3139944015814198,-0.46240670647493737,0.2997568075639141,0.2965271661869338,0.8188976377952756,True,3
-0.98580395421541078,-0.13810644140689285,-0.09548389757014028,0.14455931881673667,-0.98740430027504111,-0.064306695931277663,-0.085400042134074192,-0.07719688232228808,0.99335163671442017,-18.619181309556335,8.993858375475595,-2.5290471191386823,,0.1929080329290703,0.1111111111111111,False,4
0.81940285505140842,0.57273691504094826,-0.023481637144333975,-0.55202306507733423,0.79947909165983855,0.23686223342142304,0.15443282279433287,-0.1811231850099182,0.97125943758381972,4.4562605508923481,23.39080474664388,-2.9392287095631495,0.473514976505329,0.4035927371348652,0.8625,True,5
0.65484426778373317,-0.74147794346675155,-0.14625130530392361,0.75299781090316209,0.62357346439325623,0.21012004016665417,-0.06460094214351858,-0.24772281658520601,0.9666747769634112,18.123309064675595,-0.0078727890677148804,0.56215678466302521,,0.3020546052122166,0.2631578947368421,False,4
0.5595241828536609,-0.76016567576254257,-0.33027387755379617,0.82502461618230527,0.47277198667738407,0.30954972347970067,-0.079164837492303575,-0.44568463514641871,0.89168275440271971,16.832563112593867,2.3755208167510529,0.094262567647332818,,0.4235968333868149,0.1764705882352941,False,2
0.95219457838443022,0.29759934297343066,-0.068993593594473199,-0.27949669904222468,0.93982640894606406,0.19648897239296936,0.12331699039385016,-0.16781225256019744,0.97807564521915957,16.246934793609704,-2.1990070975371125,0.6174930442440062,,0.4569582187302274,0.806930693069307,True,3
-0.67953157064536174,-0.72557764023286886,-0.10850775313474302,0.71654034517073895,-0.68814028933260074,0.11416162200951459,-0.15750167693979278,-0.00017375657332258793,0.98751870441516587,4.1061581167446883,16.687114263791145,-2.2949935527352716,0.4035327742568782,0.4269034988247158,0.8870967741935484,True,5
0.25758547249700114,0.96614696862764882,-0.014483071846176171,-0.95589937184873996,0.25698471092627573,0.14218034058660453,0.14108903308790877,-0.022779230929585156,0.98973480861318375,-11.302066336097251,23.082318080823818,-3.7435716890502619,0.5273496602618819,0.5085892342768188,0.5,True,4
0.86889803913671981,0.49290278639968549,-0.045420708314487974,-0.47484081010524082,0.85592482688127591,0.20474104568175033,0.1397941438078231,-0.15633148719206913,0.97776176212273413,26.590301959201415,-2.524304483361802,2.3088239706864138,,0.3324419008630856,0.5652173913043478,False,1
-0.83026164480396447,-0.52343992983672605,-0.19151042013409764,0.54345148314899117,-0.8365536301731753,-0.069559394097732902,-0.12379857281316697,-0.16182911881551271,0.97902259916348078,10.184510989989649,1.9892774128999109,-0.85554093202254033,,0.3189974936200781,0.528169014084507,False,4
-0.86800598562410802,-0.46047043815403466,-0.18582945005287338,0.46927951598016454,-0.88304110564504834,-0.0038912237912922532,-0.16230324951196887,-0.090583559917917056,0.98257430959213143,18.844401687365409,8.4338285920119151,-0.87685588268260795,,0.2792536477839997,0.1666666666666667,False,4
0.29742716628062793,-0.92961709310510421,-0.21759857758057921,0.95035485965529642,0.26643774970211692,0.16073756954499935,-0.091447916804250906,-0.25460358548238798,0.96271194693515394,11.661537700367463,-7.1324774177550738,0.94135076069089862,,0.1954726482208784,0.1081081081081081,False,2
-0.61350532387202783,0.78496773936826603,0.08623726417131157,-0.78766294548559779,-0.61609095333508956,0.0043613676310620131,0.056553531186222056,-0.065250175246775233,0.99626508156244975,19.074402496775733,4.4315663470135407,0.11451382081268745,0.3653251883615783,0.2699451134039646,0.2325581395348837,True,4
-0.34888897959576154,0.93704425609027142,-0.014984727053150543,-0.93194967193349876,-0.34521903523998831,0.11087662824515646,0.098723294615157081,0.052648645150667958,0.99372120399241104,-4.3216323939480699,-25.739389011902247,2.7704116850667768,0.6029616067436423,0.4425082245909732,0.46875,True,5
0.48267501348820052,0.86821597016741459,0.1150037412453228,-0.8614562208053117,0.44699113494692078,0.24102303814095044,0.15785439806985424,-0.21540648649731794,0.96368150059284896,-1.4147927572337335,11.197624215326444,-2.0748848654261702,,0.3389060774187487,0.4,False,5
0.20150288758973159,0.97948791979513039,-3.5614721723489784e-05,-0.96836868972213774,0.19922087263064586,0.15024355118977403,0.14716883861344524,-0.030240021225064931,0.98864901459389398,17.970213920221234,23.102621522223973,-1.7531874476338487,,0.2460442167035808,0.3333333333333333,False,3
0.95734090919793202,-0.26400970156872239,-0.11746174293645925,0.28286387199173962,0.93928412299406816,0.19425078175674165,0.059045859278338428,-0.21918990343731345,0.97389392273143593,1.3991696950719261,-1.9208255368899256,-1.0294875279225868,0.1923847978646782,0.2145847474056851,0.2636761487964989,True,5
-0.20040587761313344,0.96183139389057926,0.18632727643749297,-0.97127092502427037,-0.21996593215047111,0.090817283022950418,0.12833656696595139,-0.16277394883604215,0.97828133333909328,10.977581108139931,4.1978923890056787,-1.1690367876332262,,0.5540082744293446,0.3981481481481481,False,3
0.64943526675633756,-0.74546725297014715,-0.15004135777267383,0.75882631473507234,0.6225803019996714,0.19124955327421519,-0.049157485276545003,-0.23805953522415493,0.97000577283341249,-18.157821682773385,-10.754874685877441,-0.16785186991285819,,0.419008129727005,0.5961538461538461,False,1
-0.94571112794464762,-0.30908619481748273,-0.10047978231918883,0.3019046538116878,-0.94992793219527583,0.080563662044697393,-0.12034966758785567,0.045854637807493721,0.99167197686686526,27.243432328719706,-6.2345075855590135,2.9567147143237289,0.550971505143559,0.5043516709701275,0.7532467532467533,True,5
0.50095071331323493,0.86245711784738122,0.072222591377983467,-0.84681466648507575,0.47120437305733087,0.24672121805272254,0.17875486974270774,-0.18475431980345647,0.96639150340699476,-17.899554517270488,7.2989325731931034,-2.3626267379073695,,0.1382235963076715,0.1764705882352941,False,4
-0.54142537832248261,0.84070617064309117,-0.0084672516784881011,-0.8379186475337661,-0.53874979174603044,0.087412825196267543,0.068926771457401281,0.054422390026892975,0.99613618729580355,-1.5411479637375549,-15.867219752155599,1.3457746281718743,,0.1056672722330231,0.2608695652173913,False,5
0.088474317629677057,0.99448583102690702,-0.056304768951532636,-0.98530129124012145,0.09566979790588287,0.14152263157953693,0.14612891774222114,0.042956043292766068,0.98833249351830887,-3.9221467062313939,-1.7337232508155407,-1.2942204327678983,0.4518138217409587,0.5204674401799072,0.9354838709677419,True,4
-0.80914573194129402,0.58743421274054064,-0.0142909126051994,-0.58731806115266771,-0.80774330122247218,0.051071071793083359,0.01845750592737995,0.049717250850428781,0.99859276756985216,12.425489730852808,10.391535111415887,-1.6247796235866883,,0.08420717865941796,0.1842105263157895,False,4
-0.99573544029529293,-0.033447458019630172,-0.085977906999206141,0.027152857010884678,-0.99693534936204331,0.073366419760859572,-0.088168334996672787,0.070718998468624172,0.99359205308794085,3.5957710094901767,-11.55025084423619,0.91260296211240244,,0.1032684271300081,0.2105263157894737,False,5
0.82093797357035769,-0.5628465777467746,-0.096252654347500743,0.5709641521566845,0.80681416797717165,0.15182501540689358,-0.0077961851051482692,-0.17959573566777473,0.98370960716451172,0.36157755588112439,7.935629168488429,-2.1108393249599224,0.1530686097478986,0.1219556449404023,0.5025125628140703,True,5
-0.35097618917798007,0.93480129343047835,0.054426615096003383,-0.93244131015829068,-0.3542358659763733,0.071205016440275978,0.085842400597803958,-0.025758358967034919,0.99597569709452871,5.2030470627356733,-8.9417275078642895,0.62859340360343074,,0.2766550460418329,0.2,False,4
-0.96145148685042292,0.26771685482769192,-0.062759254889448751,-0.27057163217258695,-0.96176601190663036,0.042392572517797933,-0.049010512102737144,0.05773927590802478,0.99712794852067188,-10.753965544474207,8.5889409082808559,-2.4318293496036607,0.8554399904817714,0.5803830935061127,0.3684210526315789,True,5
-0.39924418944897389,-0.90778966665676686,-0.12853792554117249,0.90220819821232223,-0.41394115534605946,0.12113251829812074,-0.16316998581144451,-0.067606516120604657,0.98427888055587565,0.090954670337133434,-11.168126233596409,0.53788044242804456,,0.09792555900071268,0.4133333333333333,False,5
-0.97471254689843179,0.22318582127157796,-0.011114859517980677,-0.21793107966470107,-0.96040725077117028,-0.17356254544786046,-0.049411490920137913,-0.1667513173845839,0.98476012445445593,2.7277085213221897,6.0157133313282323,-1.9099562735314977,,0.2353626895440846,0.2528735632183908,False,4
0.45286592929531283,0.87438042200430155,0.17427371488285687,-0.87954204884836062,0.40612424172717948,0.24792919269249147,0.14600765182386757,-0.26555974449660502,0.95297417998169165,13.865213681044036,5.5856397692539224,-1.1015616054136488,,0.4402570376064328,0.4036697247706422,False,2
0.45200688433825303,0.89186162894894305,-0.016510945441246143,-0.87983553807800563,0.44880735056169252,0.15640136833410689,0.14689861281105454,-0.056167578640463761,0.98755556839291636,20.668428152644623,10.546226439614026,-0.50928241332255353,,0.5070067984586608,0.6176470588235294,False,4
-0.59053313056075996,0.80478290816026243,-0.059959089746405729,-0.80457119891238993,-0.58134304831097516,0.12126601362781272,0.062736015101266362,0.11985295538121735,0.99080747953151838,0.01094076631357245,9.7664305867386325,-2.0690880439015977,,0.0733178802453507,0.2105263157894737,False,5
0.65076345948427294,0.7580200501052039,0.043732407189229466,-0.74203504718770086,0.6227209514389721,0.24819872156013792,0.16090652113946979,-0.19396963751434093,0.9677214843008024,-17.39305537737479,3.2901865384409117,-2.0055360908519209,,0.09766459193372269,0.25,False,2
0.5682056957000986,0.81608654170945116,0.10557008958353277,-0.80719457666667682,0.52782972373490389,0.26425877117295343,0.15993499546337955,-0.23536894268922401,0.95865648594451491,28.929701653498274,9.2184893668409718,1.0535023872877005,,0.3469871909310357,0.3571428571428572,False,1
0.25293513207096674,0.96017302219121992,0.11870798802280069,-0.95675100143713199,0.23001439718318095,0.17810361685688053,0.14370574175476536,-0.15862264827141365,0.97682522246411918,20.631050951913753,-6.6262478566749037,2.1515606812383887,,0.237717159507035,0.1428571428571428,False,5
0.11839654891863358,0.99284002205773658,0.015841332158348931,-0.98324070324401869,0.11499457992858686,0.14147072513865,0.13863613053012272,-0.032325488201129821,0.98981568290474864,12.310862129421757,0.8842498294948995,-0.27282630652615714,0.1893971474064945,0.1199985094844951,0.2307692307692308,True,5
-0.25165986828312875,0.96767095870429054,-0.016739963441959514,-0.96035502601987266,-0.24753896762662642,0.12822902754335391,0.119939712748066,0.048346408208508856,0.99160329271299241,-6.9449810511977024,-9.3996523451895975,-0.034174298143713706,0.4992324655807615,0.4388705153141691,0.8837920489296636,True,5
0.48038757742912563,0.85946293564646181,0.17478912352243564,-0.86279587974196181,0.42730539069754364,0.27017285759512077,0.15751522260426054,-0.28059502014609056,0.94681328112629737,10.46546034838522,15.042086918379447,-1.8955092575827952,,0.2252912729123575,0.2307692307692308,False,4
0.9956293562597619,-0.06597511279512043,-0.066101962493130995,0.081980940974463262,0.95643467571016461,0.28019963671663373,0.044736006423391546,-0.28439408501384678,0.95766314230966587,-4.4928562223443,-18.502704228397537,1.6494763767056377,,0.2557754118135688,0.2727272727272727,False,4
-0.10423503005187716,0.99452763025241298,0.0070605364247151581,-0.98691367223244297,-0.10431001055217215,0.12296676485652683,0.12303032988153335,0.005849304499355612,0.99238567279365519,20.49408862795827,5.9783570794206682,0.11126581993118602,,0.1030338292625514,0.3529411764705883,False,3
-0.56964861577152437,0.82183801732799955,-0.0090954837128294636,-0.81810484638473824,-0.56593091899240489,0.10211099475676999,0.07877128202201153,0.065608446123926606,0.99473142954559035,22.071129341340161,15.057969087275781,-0.59534445338698938,0.1966801026346129,0.1914431104191228,0.3181818181818182,True,5
0.64323529211383579,-0.73862246279168087,-0.20170576699435652,0.7640198649666694,0.60189917041028695,0.23235970949310847,-0.050219567058485404,-0.30356917847331233,0.95148502298538462,-1.4493775316811544,-9.1595160808469114,-0.028993277941602381,,0.0928953812249873,0.3809523809523809,False,5
0.87360857974966322,0.48650338815158412,0.011068094000551337,-0.46768109333201563,0.83309016443887851,0.29535601035863779,0.13447097949946743,-0.2632018830332159,0.95532315183932515,-17.295975541013441,4.6282517529976781,-2.1801126761742062,,0.09728260407791263,0.2352941176470588,False,3
0.040698214380680865,0.99895336420938574,-0.020876577329011423,-0.98939635798069503,0.04320674057453347,0.13866515201542398,0.13942202896515249,0.015011785492572816,0.99011925753192231,0.30853827944442175,21.257283230640748,-3.0145694754695271,0.437670526476859,0.3743643829837525,0.7903225806451613,True,5
-0.92826256975659982,0.36353075632415294,-0.078574746549150337,-0.37085465048644084,-0.92071857959452397,0.12142539026917737,-0.028203365073223949,0.14185445497351049,0.98948566629472445,0.34992118374938475,7.9152136831108706,-2.110488230297765,,0.08458058396925047,0.3518518518518519,False,1
-0.12289038684614181,0.99218544080789461,0.021587122773737949,-0.98677406219584662,-0.12447931104686714,0.10383569376088347,0.10571141375609487,-0.0085412042558494078,0.99436016856647425,-1.308306479510899,14.906943244790774,-2.4948381740345273,,0.4052774399915354,0.8817204301075269,False,2
-0.5050130385037932,0.86303027441795166,0.011856491017264076,-0.85986059447378826,-0.50425449402920763,0.079794506844344387,0.074843764017791997,0.030102336942896255,0.99674081901877909,6.4787390127881288,15.370623877929662,-1.9896642661183956,,0.1114395170535132,0.2702702702702703,False,5
-0.8866302273811516,0.46245191595292384,-0.005006528289870471,-0.46225091038902533,-0.88648095311561403,-0.021808613155108597,-0.014523626908060736,-0.017021903380700414,0.9997496281903453,17.779972556244925,-7.0302901580134138,1.8892063752124466,0.2733807974409262,0.1506075732225317,0.3888888888888889,True,5
-0.86635774272975064,0.49938848422699322,0.0059500784597551898,-0.49939708799223675,-0.86612617650852441,-0.020688036919879277,-0.0051778486927770706,-0.020894692823543407,0.99976827399889256,-21.674414043294817,-13.634850113037485,0.23513213729602817,0.5558398222758212,0.441967966458142,0.28125,True,1
0.44029044029844133,0.89453308565666323,-0.077167913327843077,-0.88253527106140428,0.44698566004380741,0.14606613244614558,0.16515393884003476,0.0037918835386270902,0.9862605122911754,-1.3821498141566104,7.7249090931110214,-2.0977507274556273,,0.1070484532623675,0.5632911392405063,False,4
0.29935808949455212,0.95299097758550155,0.046828740051419918,-0.94228848677097621,0.28757133679204222,0.17145009173081052,0.14992378714879509,-0.095451154504644947,0.98407923215089499,-3.7799618944574589,11.714499376052517,-2.2698712208609271,,0.3355304128857311,0.3142857142857143,False,3
0.61001022360424695,-0.78447305106456711,-0.11175669667516369,0.79090250418602459,0.59412836447828365,0.14657665364795855,-0.04858761128693774,-0.17780190852689853,0.98286607701844142,3.157344513517371,15.527031117848479,-2.230078620374925,0.348929409758657,0.1688764908123722,0.3684210526315789,True,5
-0.33046160267930108,0.94231322577366705,0.053300222200812111,-0.93903442470430165,-0.33394089751953893,0.08184024794749703,0.094918272081252614,-0.023005683990549794,0.99521920205010039,10.766912880550903,19.212921469624519,-1.9720318989423435,,0.2258456133435679,0.5074626865671642,False,5
0.81146765502049045,-0.55674771977470339,-0.17762944964507765,0.58409231963320429,0.78249025986145038,0.2157432626235663,0.018878744689397695,-0.27882067668597826,0.96015760333985001,-15.598001818725686,-8.5341494389983144,-0.37931192347377291,,0.1935259333173625,0.2258064516129032,False,3
0.32215017293683634,-0.9208564583713037,-0.21964209330778639,0.94114601021088296,0.28645599017897577,0.17940778454325573,-0.10229102375527949,-0.26451152860781418,0.95894222854802624,8.1316426978847502,-8.4658181061498716,0.81548359080481325,,0.1625683109162112,0.1666666666666667,False,1
0.98447714385910112,0.16667438420202821,-0.054994571276642167,-0.14367113042828597,0.9452689540256044,0.29295940134564524,0.10081348868323833,-0.28051070248069898,0.9545419772295507,12.540372471658451,-0.28045223334436209,-0.048891197107595104,,0.1407184485466765,0.3085106382978723,False,4
0.20895564033257769,0.97526040695258742,-0.072143461269033718,-0.96617322755902557,0.21728451755558595,0.13891268041043686,0.15115169440458948,0.040676492736104297,0.9876733205960927,-21.382868567486902,2.31503460081225,-2.0095317186901327,,0.1123327068246813,0.5238095238095238,False,1
-0.077211482269144135,0.99559309785804617,-0.05322377761131783,-0.98859412899724419,-0.069526774895129609,0.13359519334489456,0.12930597479613778,0.062931796971796086,0.98960575675969054,-8.5784379844868432,8.501089371523971,-2.3139418646794168,,0.07553636186293841,0.5,False,5
-0.36822645974489554,-0.91393980469230951,-0.1706555236220707,0.91497830656421808,-0.3887990662146727,0.107935094512735,-0.16499688742705221,-0.11640154427489716,0.97940119850335239,0.62243212380801316,-14.084959454679289,1.045406084585756,,0.1118632715731008,0.2682926829268293,False,4
-0.97536029313852202,-0.18009877986247314,-0.1274234203778328,0.17453278111816031,-0.98318770012571222,0.053668003844693751,-0.13494668163351703,0.030106076023988244,0.99039538433018837,18.594913852230249,16.107408664388462,-1.0960633030089406,0.7263975783836889,0.5747113336186984,0.5,True,5
0.99061644275553673,0.11000656339180928,-0.08110252371591406,-0.094608596628574321,0.98019973345800138,0.1739473942685974,0.098632027183558707,-0.16464215298515453,0.98140953973052192,3.7374756878074749,-18.03081319810466,2.0043868218945038,0.180149284336958,0.181870728133876,0.5531914893617021,True,5
0.49499766751218571,-0.84743103316146218,-0.19193215778600539,0.86540806592760944,0.46106568704025663,0.19618183315875681,-0.077757241366511451,-0.26320918728074905,0.96160009107012756,22.971363959397046,12.564185645218584,-0.22772748964452599,,0.3670830616607539,0.3076923076923077,False,2
0.56936696595045833,-0.81129885360042564,-0.13272312621018351,0.81943808627797832,0.54714801995167284,0.17073449276595518,-0.065897502543371775,-0.20596896467574582,0.97633718803953573,9.1857349375599657,-11.402458318613958,1.6040802525221449,,0.1403337321989885,0.4509803921568628,False,3
0.16244506099805517,-0.94916202053170096,-0.26963505138894261,0.97924554738211245,0.1215130320834461,0.16221202472750007,-0.12120132049464596,-0.29038946574224589,0.94920187425873115,14.343287022405157,-13.697771488246756,2.5298045505773139,,0.1229457730895505,0.2380952380952381,False,1
-0.38314233398409825,0.92364566567521611,-0.0089797655094727147,-0.91769345316054751,-0.37953140013356973,0.11745059531105906,0.10507463031335225,0.053240967234260986,0.99303812689769022,33.984748143840008,-0.48845522105333283,2.9058793346274721,,0.3040520085851204,0.4285714285714285,False,3
-0.1775816945579394,0.98399313423247825,0.014908170285875613,-0.97434015624836667,-0.17792815070931872,0.13785076389729536,0.13829678839306672,0.0099541432832708221,0.99034080666791557,6.0154293076365404,-13.178982442347568,1.5564685827227684,0.4748874764303145,0.2565704066308571,0.782608695652174,True,5
-0.098436131084090606,-0.98180302920876084,-0.16239809091765389,0.9848101369977289,-0.1195641942807965,0.12591027564301455,-0.1430360869281305,-0.14753716576675449,0.97865901240105235,-5.846326315702016,2.4457643430025398,-1.7173363655939244,,0.1273829917429551,0.2235294117647059,False,4
0.011081233189800536,-0.98986867715998206,-0.14155284613366204,0.99116102782657123,-0.0078423360659430046,0.13243230226347028,-0.13220069284526317,-0.14176917768886069,0.98103235271251699,3.5759793339066706,-8.4043796282601235,0.33759348431377117,,0.08723452873333008,0.4264705882352941,False,3
-0.99444896317997922,0.077059365736003749,-0.07164575202082217,-0.073985123823249024,-0.99626066712449035,-0.044619329819300446,-0.074816181960340955,-0.039070926441918577,0.99643163419466318,6.53195444240162,-8.5760322317906059,0.69518110615654372,,0.2862949471843674,0.25,False,1
0.0010495912516767386,-0.9741308786122912,-0.22598214463149585,0.99325147471677,-0.025192968098975331,0.11321140548251224,-0.11597588685225134,-0.22457592411567612,0.96753048942988062,10.477885618147678,10.772906060246422,-1.7218881375582242,,0.5825137836449303,0.2831050228310502,False,3
-0.22400751399912261,-0.95919656241119056,-0.17251837099418846,0.96522078961113766,-0.24283404920121821,0.096852732800846303,-0.13479414295281811,-0.14482257837469892,0.98023311503872379,5.8699270758483211,1.0982593983451083,-1.0444441102429365,,0.1402845358085545,0.1901408450704225,False,4
-0.62373931493757684,0.77873703387882254,0.067215318691629611,-0.77803071482767905,-0.62681109931374224,0.042143238625312343,0.074949808444946975,-0.026009187659615636,0.99684805681274924,-19.931933550635829,7.8203956120469265,-2.5085941378447756,,0.2065730901177685,0.2307692307692308,False,3
-0.92698196376944575,-0.36034606500425259,-0.10418806209010775,0.35272088950372066,-0.9318797810228604,0.084782355643664917,-0.1276417367237116,0.04184240859147241,0.99093733398707828,-0.12664352201122803,-5.4988465074948847,-0.6001410200494478,0.1874902821348069,0.1916849429996732,0.6985138004246284,True,3
0.92025207594845648,0.39116722903599738,-0.011149692410853652,-0.36681899928302397,0.87219483854064017,0.32360467454607034,0.13630824801734434,-0.29370795452518295,0.94612668230585062,12.197917138146417,30.569101336532185,-2.9041735121187209,,0.2958398570016409,0.5882352941176471,False,3
0.24658568516403911,0.96644887467831675,-0.07191712247578734,-0.95690671749938472,0.25455120748345866,0.13976128495855597,0.15337872693673943,0.03435484538939481,0.98757010420604419,1.1425190433164338,-7.6287639433576011,-0.091989989575256975,,0.07163625471186126,0.1764705882352941,False,3
0.83194468783075837,0.55474458922547376,0.011246204481664163,-0.51940670882399098,0.77150002750247759,0.36742941960641562,0.19515303538201284,-0.31152230785087881,0.92998341086948999,18.770716612193752,-9.2454127812926217,2.3930233658475659,,0.359167649146676,0.5,False,2
0.91842537702284699,-0.37126628551551122,-0.13658759855842478,0.39534261241930319,0.87371002889997607,0.28343430315521956,0.014108353763743975,-0.31431215477470698,0.9492148459200157,5.4096678673660543,-10.359788882529747,0.94107380523799478,,0.4003684557202664,0.5432098765432098,False,3
-0.015242711814218145,0.99906393160062046,0.040483580761332266,-0.99322732303651018,-0.01979292893560097,0.11448897212341978,0.11518309125160536,-0.038464276138527084,0.99259929223774035,-9.6329589937423457,12.21091767004847,-2.4263883000961775,,0.5403864716635843,0.453125,False,3
-0.99115120528070877,0.10950718632793958,-0.075016427621802315,-0.1121543181828478,-0.99317473325408412,0.032021213884236635,-0.070997867457689906,0.040151281028348654,0.99666803773786383,-14.066178515596084,7.0789347209659965,-2.3407712021707661,0.4537847105268391,0.4086473732034091,0.7128205128205128,True,3
-0.45122764254974645,-0.8762489859121132,-0.16906013512059084,0.87800279969311623,-0.4698063653980401,0.091613660348955628,-0.15970190459117545,-0.10709665596776285,0.98133868157251136,12.467071811106658,27.6572267213696,-2.6757144252670519,,0.08663882063007405,0.1818181818181818,False,1
0.31068680956329192,0.94720547111876696,0.079218065149669128,-0.92692536636338141,0.28347171889077361,0.24587222246773027,0.21043543322238678,-0.1498184904201903,0.96605970228175941,-13.809705413909931,8.7464404669141107,-2.3804369565999637,,0.3490403191608898,0.2777777777777778,False,2
-0.98584889678133814,-0.14699761465295447,-0.080583211659506063,0.14271851898097104,-0.9881469554729857,0.056542185395932323,-0.087939621644043273,0.044241334471410931,0.99514286776788607,-3.2485098929838823,7.7599314165650108,-2.0683361723218043,,0.1037281128941832,0.1923076923076923,False,2
0.30660399158170126,-0.94073437421595485,-0.14495802673423869,0.94610496717419246,0.28451410486460527,0.15471624097493003,-0.10430428291536423,-0.18458212617046255,0.97726662445000312,17.032167567197227,-7.6749233584447438,1.9369841218771342,,0.07642034378090376,0.2352941176470588,False,1
0.525028803917721,-0.8287832160929498,-0.19355396089813015,0.84718216561439852,0.48717406073527086,0.21199955851747632,-0.08140720681626161,-0.27528133839643798,0.9579107742420695,4.812828974472712,-21.124123365093407,2.6633458655126074,,0.2672189070369752,0.6153846153846154,False,4
0.25420348478772337,0.95690923246675408,0.14037560023617557,-0.95489746234090334,0.22529415609988448,0.19342538520614422,0.15346473450497372,-0.18321371140591469,0.97102075735598437,8.3646432345782582,-14.903969909239059,2.046569331205307,,0.0805778228188141,0.3846153846153846,False,1
-0.76232387466702678,-0.62863789268038828,-0.15387238218410376,0.62845633983924365,-0.77582288044450232,0.056048970504869497,-0.15461222147201523,-0.053974605743397075,0.98649977339395922,1.1547329832012077,-18.27333057702694,1.8266744275698257,,0.09127260411287978,0.2142857142857143,False,3
0.68654218169023185,0.72696856489433248,0.013286775963031058,-0.70939604495117492,0.66571626380142301,0.23147161276905026,0.15942736329641757,-0.1683406123481469,0.97275092087676973,-9.0669738852288049,10.756910139057618,-2.3670454465505011,,0.2922627366864645,0.5,False,2
-0.45342370307325996,-0.8225709745375499,-0.34319664529199212,0.87686510134979279,-0.48069430442149086,-0.0063702222533001951,-0.15973271276150539,-0.30382557092036278,0.93924197251228392,16.295386962575776,6.9484957029932914,-1.0023138286990267,,0.2470207905253626,0.1764705882352941,False,1
-0.51974415847165001,0.83422945610035881,0.18419344263327136,-0.85007018614740937,-0.52647794853878982,-0.014200293155302551,0.085127482976448204,-0.16395787348245053,0.982787427354058,7.6771604801087339,0.76748319671296572,-0.83334776707186164,,0.3397293638887821,0.1910112359550562,False,2
-0.62228990902392889,-0.75713787425291901,-0.19873980099306299,0.76648064003543415,-0.64091270684664348,0.041693292666565879,-0.15894243479279574,-0.12638489456529239,0.97916503248832298,-10.940346787839685,-13.124378037700966,0.53679151754185961,,0.6416135669536038,0.40625,False,1
-0.35777935909530145,-0.90964143122292129,-0.2110601734294551,0.92051437165644212,-0.3815594319672771,0.084057667412050674,-0.15699433677461594,-0.16420982455238498,0.9738520995208535,20.936726372721537,7.9645275322640963,-0.2241296698681618,,0.4347837917530893,0.2608695652173913,False,2
0.8558266489731986,-0.50542820233652963,-0.11001399542862814,0.51721121978810758,0.83916462697165861,0.16821201789650847,0.0073007556186940673,-0.20086080036279258,0.97959258768378565,-10.017895863835161,13.87589730901184,-2.6548847045918378,,0.1227038062915276,0.2857142857142857,False,2
-0.99610204420506987,-0.018487441497480002,-0.086249243691512295,0.013983088737397929,-0.99852092994310804,0.052539753472128012,-0.087093000636346604,0.051128925007545262,0.99488725103286446,-4.1985126992706636,-7.8836512329122197,-0.41142932754602796,,0.8399817769892917,0.4691358024691358,False,1
-0.80063904294757648,0.59913058882361958,-0.0044340099064181793,-0.59498561330380706,-0.79418570906251684,0.1235361464606953,0.070492856868478435,0.10154603417528821,0.99233016686674913,0.30253369764512417,-8.6824903160434861,0.064962340200801855,0.6204400041624332,0.4263513238956658,0.7910447761194029,True,3
0.3759636960693532,-0.88295989639196548,-0.28112829918270565,0.92175027013056121,0.32524702150928009,0.21116537243018696,-0.095014413391383862,-0.33852059961371872,0.93614959535592401,22.315439574166561,7.9769114002143056,0.042834383667290706,,0.3481674026505663,0.1666666666666667,False,1
0.48414764742291216,-0.83472674573824435,-0.26235913447810422,0.87142870912487136,0.43298192818909403,0.23051823089424961,-0.078822968783342856,-0.34023214106091548,0.93703203242006916,9.7167012767789451,24.264068515903034,-2.6016640283182579,,0.4273441361090076,0.5,False,1
-0.68931838375819532,0.71412787602242567,0.12190792632429348,-0.72329260460766776,-0.68793832666766641,-0.059905482399755849,0.041084959934823216,-0.12946905185947255,0.99073194693507494,-17.345303114792156,6.3823171120139017,-2.3091762909234221,,0.2605641571345724,0.3333333333333333,False,3
-0.41711223313262452,-0.87737744467053291,-0.23712065400238963,0.89481264911858382,-0.44212990365269694,0.061898879419892236,-0.15914681256153551,-0.18635978074537124,0.96950622698982203,0.80580986315484882,7.2485327048424644,-2.0549318880361414,,0.08639194013857288,0.2162162162162162,False,3
