axis_00,axis_01,axis_02,axis_10,axis_11,axis_12,axis_20,axis_21,axis_22,location_x,location_y,location_z,dbh,dbh_approximation,score,reconstructed,number_clusters
0.63761778064345231,0.75493106242992625,-0.15337097765138069,-0.75872595379536567,0.64988197972325001,0.044590800265318531,0.13333601480706719,0.087934654200783668,0.9871620959832067,-2.6094254928314458,5.54466691109754,-1.6667862007386027,0.3113375635275231,0.2772480704583589,0.8883248730964467,True,5
-0.88381888277381482,-0.40393039639013717,-0.23601783264099466,0.42810970083113348,-0.90174138011102933,-0.059871257292075507,-0.18864322544614048,-0.15395687145289449,0.96990258027583054,-24.892036734582163,-8.0777720696027657,-4.4001044503973157,,0.2335307692158835,0.28125,False,2
-0.61257428801271641,-0.7640368938713642,-0.20248547224211649,0.77950381631845267,-0.6263751978287535,0.0052831704458854191,-0.13086841487037146,-0.15460186398743564,0.97927101541959716,4.7075175214748759,9.1685673192295862,-0.96843971838080056,,0.08422473066608505,0.3170731707317073,False,5
0.59244000271724895,0.79963211189986005,-0.097996575445039286,-0.79618026938933406,0.59971577199895199,0.080236970598525359,0.12293015014842114,0.030487348757649399,0.99194692385742878,6.7241246023501713,14.815183286904062,-0.96405299850276382,0.1784657183938752,0.1295331028569935,0.1428571428571428,True,5
0.30856649978904055,-0.8952384445137217,-0.32145737302571276,0.95115513316108735,0.29377961159333277,0.094854902210613698,0.0095198670817760803,-0.33502487560884608,0.94216118836111207,13.033304811022958,12.532863132320228,-0.11020470173657157,0.4580317676153792,0.3159053426303701,0.3684210526315789,True,5
-0.98273642972560504,0.097443596011648745,-0.15727000758723364,-0.080260730479085857,-0.9904449717608359,-0.11214710453970635,-0.16669530537220748,-0.097588439428012486,0.98116724958432577,2.3787395445568893,-6.690223576676825,-0.64521427553617827,,0.2673540209111692,0.225,False,1
-0.21843808324926292,0.97084934801495981,-0.098672930661432692,-0.9758255007487856,-0.21804114430564298,0.014921510589360053,-0.0070282198863316075,0.09954698814536618,0.99500804080993044,-12.288023587411418,27.448487013603287,-3.994733923194385,0.4432153744442184,0.2939652064303074,0.7590361445783133,True,5
0.98112979713740511,-0.082797147691293926,-0.17472536594124177,0.099373351833214704,0.9911205830620391,0.088345496637894649,0.16585915143442326,-0.10404144445820707,0.98064576668667847,-4.8913028508414111,29.431339732935989,-3.1344670274479554,,0.147011914655206,0.4444444444444444,False,1
0.9469249416046438,-0.25842041681655586,-0.19118588634990638,0.28549197030156909,0.94942700664321855,0.13070078021888881,0.1477412936872079,-0.17834586406433933,0.97281306678661261,-2.0278402600425558,-8.3740227821657705,-1.2200036659162419,,0.1129162968501652,0.1162790697674419,False,4
-0.24110089633859516,0.96754631437223482,-0.075660341853790031,-0.97046257458143226,-0.24104297519773776,0.010033715393752481,-0.0085293095562302967,0.075844667924180389,0.99708316464875024,-5.6073333664545135,21.8356760609201,-2.8296052923033632,0.4046948451524598,0.3670445329478366,0.7230769230769231,True,5
0.9744068710386371,-0.15733534286889345,-0.16055167254507466,0.17419096652107841,0.97993438065920258,0.096881973475552316,0.14208714528466582,-0.12236911165156336,0.98226118912357607,2.7046523039966828,23.386576036972567,-1.8637229004087181,0.4232809821195165,0.4230492907786532,0.8181818181818182,True,5
0.98328430896562402,0.040040601222457679,-0.17761958787177295,-0.023428492012980279,0.99523423808566636,0.094656838654373285,0.18056321193419242,-0.088913225089333359,0.97953630096092947,-2.5202056264918302,7.5445314042134068,-1.7901476199202087,,0.1389007722884862,0.2040816326530612,False,3
-0.98120609630382072,-0.04897239441558314,-0.18664485302687034,0.087956766143812468,-0.97443864669530744,-0.20671945026083313,-0.17175041154460208,-0.21925106251013457,0.96043259405459414,6.9040711627958453,0.44785683370953722,-0.28096630966663377,0.0954147441580167,0.08966707374503817,0.4375,True,5
-0.80985626053538828,-0.52891178972951181,-0.25374230226109734,0.56554110620095899,-0.81886006228263464,-0.09813997959789747,-0.15587204518011955,-0.22298097919689158,0.96228030658834662,-12.41719586589816,-25.292882848337076,-2.1333267206202948,,0.2259827202738117,0.1052631578947368,False,1
-0.26945569392830199,0.96242641508976789,-0.033600960508219979,-0.96294540461727107,-0.2688600324615924,0.021223352026282383,0.011391959273862384,0.038074643559843441,0.9992099603094905,-22.504619439655912,-8.86613801275365,-4.0006670777337634,0.3850503193259544,0.2943993960914702,0.9425287356321839,True,3
-0.9500952144260425,0.28221449919434566,-0.13294382260646231,-0.27001583120930628,-0.95737122621622694,-0.10262449078844264,-0.15623870973955636,-0.061606100815782286,0.98579620303650795,-1.2710697739966215,-16.96974384920204,-0.9079841190033241,,0.3256697262065697,0.2666666666666667,False,5
0.71247107610521943,-0.66146629694601899,-0.23419501215438476,0.69337044990353358,0.71492125627747749,0.090138873540806089,0.10780716541140939,-0.22660524117317959,0.96800190069999481,6.5326847071870224,-3.6556166972825004,-0.15515475044282745,,0.08599642433928642,0.4102564102564102,False,5
0.041636152774032015,0.99789361914363794,-0.049746916030940835,-0.99847820161617418,0.043359351972450715,0.034077081651161668,0.036162296380460479,0.048252372676803656,0.99818034284970314,-15.158895712614745,-0.95498279731123004,-3.2119837018349275,,0.08172634676399286,0.2608695652173913,False,3
-0.46234065264806201,0.88412634964107972,-0.067540497327930646,-0.88372868236672919,-0.46568443107773849,-0.046493296443347376,-0.072558506540102222,0.038191733688628743,0.99663265780653976,24.761551968860452,-12.338547367638999,2.7306805419672395,0.3672976128985133,0.3655343748296018,0.6129032258064516,True,5
-0.95366111448314783,0.27014112925809081,-0.13249244886379083,-0.25507894168249573,-0.95942424322814523,-0.12016594782316456,-0.15957823232790469,-0.080801558086864955,0.98387290641517144,-4.8458063087144465,-9.4772126767546396,-1.5546917902679298,0.4534762338556941,0.3547032309302892,0.6296296296296297,True,5
0.88476688270033466,-0.4298958049284668,-0.17993654487523825,0.44522018062799534,0.89380609531855615,0.053755508861622725,0.13771911282864222,-0.12767247501439907,0.98220832061502628,-6.4216603003878161,9.4580712820194996,-2.4275013997203914,0.1426555358958952,0.1194451767992484,0.7177700348432056,True,5
0.48980561606040329,-0.80209651240623314,-0.34166012828752135,0.86817497201241922,0.48459244030085696,0.10696908326472163,0.079766386698428726,-0.34901483004167222,0.9337162159693162,-14.979871111880735,-7.0880389250230413,-2.900355388738924,,0.4345805619824639,0.1666666666666667,False,4
0.49868976068926429,-0.82266259257600705,-0.27301058836573894,0.86574386420532368,0.48814117650749772,0.11047965146899283,0.042380233299480694,-0.29145231269282917,0.95564609832902214,-10.628117578394356,-17.848881137718543,-2.0914132720135052,0.3963974475544606,0.3223644948624405,0.55,True,5
0.088945228695619938,-0.96585260172387122,-0.24334645679671213,0.99595151986851516,0.083050755839223528,0.03439683162923423,-0.013012162152389914,-0.24542070755697026,0.96932933512731223,-15.343821689895332,6.5518436346355671,-3.5701111506433496,,0.07164829879732722,0.5,False,2
-0.30222669496462473,-0.92186178328435209,-0.2425487113355867,0.94988923365455147,-0.31255660005158487,0.0043376896342158244,-0.079808950863476544,-0.22908344393252816,0.970129531082362,-13.900532950465566,-6.2110618363965839,-2.7960884600462728,,0.08526092564811699,0.2352941176470588,False,1
0.78055091607399951,-0.59164736404494966,-0.20172670630013975,0.61452779823352477,0.78538271568867279,0.074361112792520417,0.11443711204979115,-0.18200930337800963,0.97661495015669075,5.3293806994671469,-7.9820489624407021,-0.18976410312576694,0.2345354564329691,0.1703291103076892,0.4054054054054054,True,5
-0.7060129327287985,0.69532378884234725,-0.13442681090319536,-0.70084845882320557,-0.71325991576042058,-0.0084693762801461916,-0.10177021462499793,0.088233334060093288,0.99088733071718171,-0.085396280227602178,9.4255431188103938,-1.5970006738530012,0.08981107422348394,0.1101860204693217,0.4554455445544555,True,5
-0.9659147718144685,-0.20164059592094621,-0.1623259796435845,0.2215422460979346,-0.9682896185432649,-0.11547401359276248,-0.13389431199452012,-0.14750011762024129,0.97995715647038861,-7.4773314913195197,-11.210740761865093,-1.8331576465215103,,0.6208807256028231,0.5294117647058824,False,3
0.46754618412921722,0.8698145124380301,-0.15755405313225179,-0.8754760901759594,0.48028681766519243,0.053536793957600012,0.12223821512286698,0.11290388270221113,0.98605807741448037,-14.176165250466758,15.680379099453575,-3.7376854778759485,0.5206952970694783,0.4300640737998795,0.972972972972973,True,5
0.96555336596832664,-0.13335852772851592,-0.22343276516508739,0.1639810023317923,0.97856707587825342,0.12456608238740194,0.20203199831089924,-0.15691392892017889,0.96672699898644465,29.381113602167463,4.8140091474140476,2.5437262667004137,,0.4011064009552632,0.2727272727272727,False,2
-0.74860123702793469,-0.6130017828681481,-0.25263610613037696,0.64902361238248829,-0.75539590939545731,-0.090251707122898067,-0.13551582376325286,-0.23152933781506707,0.96334294373327145,-4.4182349111732035,-11.308435674025072,-1.4677015566145826,,0.0853163277518885,0.3076923076923077,False,5
-0.61001713188021467,-0.76469863809371419,-0.2076417388442314,0.78150002047154721,-0.62390268286085471,0.0017777294506512234,-0.13090766522862096,-0.16118757773676923,0.97820332649595154,-15.834262604662896,5.401332822045446,-3.5615243670838721,,0.07917523636138901,0.2222222222222222,False,2
0.90676160818331397,-0.37516963172410295,-0.19243475090744944,0.39553814894070227,0.9149591770643829,0.079995481361332457,0.14605806604694593,-0.14865211649239773,0.97804375648789732,23.95587602074928,-8.3270139777730634,2.382467391464234,0.3424613225060357,0.3513681254441242,0.6666666666666666,True,5
0.22299446883986423,-0.94226590915206299,-0.24981677949382075,0.97472232180684049,0.21914846971534052,0.04347808175285385,0.013779050704244906,-0.25319736308117824,0.96731651132937313,-2.2887891249845551,20.840295330408807,-2.3691905941683737,,0.09932682961717738,0.3103448275862069,False,3
-0.93057064870006145,-0.31852050181862762,-0.18050750039584526,0.32418141768513514,-0.94599287938090315,-0.0019699208826689796,-0.1701313498612245,-0.06035032793479829,0.9835716352724696,-15.55403010479127,-1.8731038774649595,-3.2426068104202557,,0.1021129604528899,0.4367816091954023,False,3
0.26751285936294195,0.9612803964225286,-0.066157913579618963,-0.9531181503679268,0.27406896930644054,0.12826531683400355,0.14143076579968297,0.028743686559849657,0.98953076706500842,3.2702152947409666,14.14337032970089,-1.3884068086476016,,0.6508860154018397,0.5636363636363636,False,2
-0.98402513729175189,-0.033146604325539911,-0.17491664243186092,0.040782968217455355,-0.99835724301354922,-0.040243817236440743,-0.17329535100897378,-0.046734547650235346,0.98376044003334751,-15.32973750894768,-3.7854066402451543,-3.1216617833203606,,0.09551443975756357,0.3265306122448979,False,3
-0.94094240271754959,-0.28210936546206233,-0.18719428593501006,0.29254514209599253,-0.95577792049864474,-0.030098281069243102,-0.17042515836624958,-0.083083527885377081,0.98186169738408668,-18.416348474058179,-10.501070076817101,-3.2922968941242976,,0.09266528050606687,0.1052631578947368,False,1
-0.81476421450101577,-0.54516909551347859,-0.1973573714497589,0.55840400679126367,-0.82944978385058821,-0.014072003044158718,-0.15602640791867589,-0.12167051149406698,0.98023060892055747,-14.917855568366631,8.055563550295318,-3.5388172654534875,0.5939660805250754,0.4768351539213858,0.8923076923076924,True,5
-0.44313180350371262,-0.84710743490396778,-0.29333120947823887,0.89059912903851812,-0.45334571311930855,-0.0362057419780102,-0.10231029312527437,-0.27728443542104042,0.95532504719276301,-21.32329146422272,1.3797229110996205,-4.2101597673379008,,0.1308545238437711,0.125,False,1
0.94716077442109947,-0.25534799007835812,-0.19412334058779684,0.28103829023653698,0.9523497582485414,0.11852180130621054,0.15460901273518027,-0.16681529284477339,0.97379089708939315,-10.062043193592618,-4.4861600672352981,-2.3259164544400495,,0.07981268255398415,0.1159420289855072,False,3
-0.80319918560918524,0.57766869393784381,-0.14549896316086877,-0.58384081366127449,-0.81186808333982918,-0.0003457708117430916,-0.11832570532256838,0.084670510204313931,0.98935834365595687,-16.732996023965867,-5.8258753748924494,-3.2219443146818421,,0.07203353637341013,0.2058823529411765,False,2
-0.96580646179860008,0.23333348899902509,-0.11301929596140875,-0.21336573282063753,-0.96297456566489015,-0.1647878937920805,-0.1472852416434961,-0.13503876774489421,0.9798324289387238,7.3119010074020947,-5.0193034948620232,-0.01802158849867402,0.7422540401112373,0.6817041739351835,0.6920289855072463,True,5
-0.13655536172618607,-0.93959251942306654,-0.31387661688638901,0.98923700920413415,-0.14614873435246509,0.0071194850960593671,-0.052562085239180711,-0.30952616188520665,0.94943708706997654,-0.79538056741787888,-2.9902699746799213,-1.1299764018537188,0.631161294441729,0.348556753240785,0.391304347826087,True,2
0.7432736570730516,-0.59342439908921008,-0.30885555404891596,0.65970876079960938,0.72680127581750509,0.1911655209348492,0.11103432633873569,-0.34584301067920731,0.93169951719363175,5.6418340459550373,15.109877060314348,-1.1410889341079076,,0.3767465330310788,0.3333333333333333,False,5
-0.56709329246475371,0.81901165688585853,-0.08732183877224238,-0.8203656595059895,-0.57110969031073044,-0.028877436459705051,-0.073521305380058036,0.055259637333790551,0.99576151268109869,-7.9888209820905738,31.013045467445409,-3.5885779718974615,,0.1264186395507621,0.125,False,1
-0.66836507461668693,0.73312148011242584,-0.12578164584071214,-0.73842192079105762,-0.67430791634412401,-0.0064730866588305555,-0.089561118393402916,0.088553539474229601,0.99203683233976303,-11.088289947009001,-3.0039664092885898,-2.5356481970162172,0.483652743288827,0.1815700857811092,0.3684210526315789,True,5
-0.19343514580280441,-0.96104434394096128,-0.19742495624245557,0.97882128811501146,-0.20278164180555316,0.02808009400830028,-0.067020372284242069,-0.18781207289663804,0.9799157591207267,-0.30922865135184996,-11.891698727278493,-0.91292602973879344,0.2109359746854085,0.231303927891389,0.7659574468085106,True,5
0.95312016092072149,-0.23478422356061271,-0.19088825844849325,0.26195207290305589,0.9559951392548609,0.13211512109850254,0.15146970108985691,-0.17592516047490242,0.97268045501265721,-1.699352279712774,-18.430109575667927,-0.92158437576542285,,0.1382884525601923,0.2682926829268293,False,5
-0.88948210525963778,-0.41792447609213945,-0.18482617970945978,0.43062111435832173,-0.90193098228973589,-0.032953892860627873,-0.15292821940923793,-0.10890195346725082,0.98221857253838196,8.4800986045798759,-4.2711356910859228,0.097394898856613607,,0.06963854553028148,0.1818181818181818,False,5
-0.78880994231877444,0.60221993683352137,-0.12292283180630925,-0.60367131349280956,-0.79669423410049045,-0.029312840478196406,-0.11558468828058149,0.05108272732796483,0.99198323312635606,7.7872519065375867,10.181832597819241,-0.65853841338099661,,0.1049576342241588,0.3157894736842105,False,5
0.80245887732109678,0.59461835011641928,-0.049887552689960604,-0.57255058073341181,0.7908242940391832,0.21629324644856937,0.16806422198195298,-0.14500328845324859,0.97505305682683041,1.9938727357588566,10.212353791654126,-1.371571649521435,0.7854202467053674,0.7164917652810752,0.7407407407407407,True,5
-0.12009439117822834,0.98235103260628154,-0.14340078781130544,-0.99269845294392567,-0.11718679587530555,0.028583848502531314,0.011274694242721688,0.14578650009466537,0.98925182722089577,-0.13210230469880263,8.3805018490409431,-1.5034625899657064,0.6919031379152992,0.594686205494102,0.9703989703989704,True,4
0.15617430947001101,0.97883576262819372,-0.13225027357873201,-0.98608447366544616,0.16223465759284983,0.03629499513256592,0.056982417090777969,0.12474159561194917,0.99055163341780417,4.9329759189319873,10.631160388947515,-1.0294469732641138,,0.07392292421414672,0.35,False,3
-0.63294643759306568,0.77221960952534729,-0.055278221776464201,-0.7678897578945596,-0.63528325651285311,-0.082222282351318579,-0.098610987516009954,-0.0095947203682675009,0.99507980307218236,13.63069654488112,18.120172902280487,-0.26882326497978365,0.2917382050276435,0.2740652289368627,0.2142857142857143,True,5
-0.29059395811864058,-0.90711111934530575,-0.30447424959271929,0.95044072272687552,-0.31040362986521053,0.017664063771327454,-0.11053318093386176,-0.28425165562685695,0.95235676728106167,14.917515716232607,-21.09022169167746,1.6610787419397481,,0.4682734441893621,0.25,False,4
0.95606452047343393,0.25292170933572755,-0.14822699362328273,-0.2378122656078375,0.96479187105499087,0.11234754947339934,0.17142333277115551,-0.072161308835859583,0.98255116227539308,0.7635327028178116,-10.405854889811371,-0.78170526912269866,,0.5437311838169007,0.4166666666666667,False,1
0.93920207983001769,0.32161659725652081,-0.120258960631242,-0.30635246230467417,0.94306331707362323,0.12953666982734616,0.1550729572905378,-0.084819481012515935,0.98425506529452789,-13.799066797638398,-2.9901454334812319,-2.9289684049287055,,0.1374113340062573,0.2790697674418605,False,4
-0.44167433424981867,-0.86525995382570886,-0.2371687052933277,0.89137539034444924,-0.45321899281835326,-0.0065159831951820124,-0.10185134242248246,-0.21428428979804254,0.97144662601323017,-5.9897734733233596,8.5569217023916391,-2.3120093972770186,,0.09252167138974646,0.4619883040935672,False,5
0.58566251348172127,-0.7858294289124812,-0.19867442955085532,0.8068787940810821,0.58853992891172024,0.050669159642210609,0.077110517859323172,-0.18998121152280456,0.97875487600511901,4.050410294523215,-5.8263652267176482,-0.41260914815395938,,0.1134340304009922,0.24,False,1
-0.90652445720209862,-0.37280978777899859,-0.198056230981556,0.39012783911394966,-0.91907829475927161,-0.055635934886285904,-0.16128756195913435,-0.1277025850896093,0.97861042918962937,11.264464730564937,1.7789912922173379,0.26846060320367393,0.1746118873730121,0.2306486835087604,0.631578947368421,True,3
0.80432979429575546,-0.54306364123523132,-0.24111296849501784,0.58100773943308781,0.80380978641815226,0.12774910558300651,0.12443306926617541,-0.24284091258833806,0.96205233872501061,-1.0747002907223413,12.007892900448216,-1.8282660537201458,,0.07646602824472575,0.2142857142857143,False,5
-0.72352762497415501,-0.63724350666692231,-0.26538366398499985,0.67463642651784772,-0.73419220277316655,-0.07633807308489679,-0.14619667545634543,-0.23427019144127231,0.96111602290648679,-24.000127889933584,-13.344958733764004,-4.0267845316193718,,0.32315846990306,0.3170731707317073,False,3
0.29269922548143767,0.94784226426369955,-0.12618322185627431,-0.95296451963971796,0.30001055414951561,0.04303825863975836,0.07864977883254741,0.10765086843292936,0.99107290489409916,-10.61010363608121,-1.1810111603991347,-2.5055635149653983,0.1878141783268291,0.1557043050777386,0.6219081272084805,True,4
0.97257476960864597,0.18381262376219987,-0.14251749670249561,-0.15285964816912231,0.96696436100730809,0.20399473645989444,0.17530614787366142,-0.17661495940997068,0.96854267362378677,-5.5169634115408561,12.248247941643829,-2.3998080530437127,,0.1147266486451322,0.3414634146341464,False,5
0.47341693553361636,-0.76118644563618465,-0.44325117047754292,0.87907636720397786,0.44010415542199766,0.18312037845020901,0.055687932026763282,-0.47634391710196344,0.87749377597025768,-7.3792160794919894,-9.9821989349266769,-1.8555322107480101,,0.2465742190293768,0.5,False,1
-0.039527790463920742,0.99360081091749231,-0.10580634350143021,-0.99896603375322846,-0.036915584992014257,0.02653493908117734,0.022459233922482752,0.10674581082552909,0.99403265272465591,-2.7379958804229361,26.372391130201567,-2.7257143747220796,,0.06980374295938863,0.3846153846153846,False,1
-0.78283521752962992,-0.50883766856157098,-0.35812462809497242,0.60329483985318433,-0.76159792359348588,-0.23665151380164942,-0.15232976860042263,-0.40131387943966795,0.90318481595254141,-1.5758702635094477,2.657559288518728,-1.379195655785959,,0.7400772658437598,0.4624098867147271,False,1
0.91852584284710459,-0.33724071751295365,-0.20634673361447695,0.36691477120497429,0.92151679636815764,0.12720198380123054,0.14725429261524842,-0.19254997393589868,0.97017559278909249,-17.043269807884759,-0.30535037229658557,-3.5204151536321451,,0.1131328472565986,0.1923076923076923,False,1
-0.32524508161527887,-0.8922238581731039,-0.31329255304231646,0.94193283583462906,-0.33494366171657725,-0.023984917186137121,-0.083535439554750818,-0.30290151928076081,0.94935372751983349,-20.110166908601339,-1.8301097878315693,-3.9341023819182288,,0.08312084321348201,0.6428571428571429,False,1
0.91677277243142496,0.36950816808834464,-0.15162914444258885,-0.3622089454565996,0.92913436281465933,0.074256418363751242,0.1683222016241884,-0.01315483002512749,0.98564424965978148,-11.615570324858799,-12.936437890339766,-2.2540807801752099,0.3779078747270339,0.3712326622503727,0.9391891891891891,True,5
0.83252169619506988,-0.5078851057248529,-0.22126984599655888,0.54191621365394016,0.82953637293658211,0.13489337772551774,0.11504104808051435,-0.23221138076777567,0.96583820171831181,-0.22461072978673269,-10.125616046773706,-0.93893646091414606,0.4235629941135388,0.2187933228325624,0.3673469387755102,True,5
0.50000083830809072,-0.83168258090676606,-0.241460651675313,0.86492886278070102,0.49358864732589608,0.090930245572503787,0.043557135122621153,-0.25431148587362784,0.96614100634051214,-6.8493104724934266,28.64118309321249,-3.3271679718707543,0.2203268182172361,0.2115470089556831,0.8958333333333334,True,3
-0.75480232508738243,0.65440459966468145,-0.045034097974646609,-0.64650919362591597,-0.75378828726763292,-0.11759711108397623,-0.11090226598158417,-0.059647614502485069,0.99203974188754829,-3.4452793242304733,19.068247099721678,-2.4725640531376336,,0.2447916063228158,0.5,False,1
0.35340634190808329,-0.87360573844588219,-0.33453993969864249,0.93487310855474592,0.3425966171082257,0.09295067964886336,0.033410004494652847,-0.34560175303436225,0.93778632955446872,-19.291778918784765,-6.9866284487867834,-3.5406499937931923,,0.102976936153095,0.4375,False,1
0.97176454658393496,0.2011078157999886,-0.12340710039004188,-0.1704759763594709,0.96001411974581152,0.22206042279740107,0.16313064545573636,-0.19475250014526971,0.96719173704098749,-6.4789349495418627,-5.5604128643665609,-1.8201778722294422,,0.2254920202741625,0.2727272727272727,False,4
-0.12895133077177554,-0.96919557772143394,-0.20983680901453972,0.99033873670912331,-0.13674663202064577,0.023011849217050427,-0.050997459403055501,-0.2048421117744747,0.97746558424233421,-6.8990337395627828,5.4208916363224526,-2.2797542262329951,0.5535572383704803,0.4839023515509591,0.9753930280246069,True,5
0.79873013802812898,-0.56364030285392874,-0.21057012039769049,0.59043084968199966,0.80160384078265612,0.093929197730453856,0.11585153580923543,-0.19935117617216613,0.97305576932127402,9.5807886957473709,-13.570893041789123,0.54711427862628303,0.1461845330434001,0.1309564914785545,0.4,True,5
0.7960064355884382,-0.52134517746968678,-0.30752717023197973,0.58975378253542599,0.78238441726630548,0.20016268284577959,0.13625061646446188,-0.34069609558661412,0.93024832166744031,14.331004567058596,1.7486311132534804,0.66127587755131367,,0.3865070151906419,0.1428571428571428,False,4
0.97094652322711228,-0.16484304072075728,-0.17346360125143742,0.19027447111369322,0.97142188810227459,0.14189834727091383,0.145115384007304,-0.17078140191996097,0.97456412722953523,-14.682416184494057,-12.47513555084463,-2.6898281185867412,0.7896698200048755,0.6009122342186535,0.4727272727272727,True,4
-0.12050757762492145,0.99147598379773605,-0.049530771115395056,-0.99267363968249756,-0.11991183898734853,0.014839000983093927,0.0087731872473801528,0.050956102902246475,0.99866235873919817,-13.493822607294282,21.855134505717754,-3.8887012503495999,,0.1080909996745301,0.3703703703703703,False,2
-0.095573374902400615,0.99542117203982894,0.0015557199681310308,-0.99519874782148998,-0.095584913157608878,0.021047011930244837,0.021099344641591931,0.00046328339753973213,0.99977727670926253,-10.851210335397347,1.9772604149051296,-2.6833673756193521,,0.4818559066319952,0.3098958333333333,False,5
0.30320345922426994,0.95210372293502377,-0.039574778428996982,-0.94956456735578298,0.30535838909619661,0.071297872555925984,0.079967460487761433,0.015961045762843656,0.99666967962374342,-17.104648114572484,-11.896746104244869,-3.065331587979228,,0.09971362278359547,0.1111111111111111,False,1
-0.16048434699379208,-0.96307865799423908,-0.21615798131457833,0.98516753925065725,-0.16976905080814755,0.024967759100643645,-0.060742851240152537,-0.20894489202590735,0.97603910685971029,-12.85509372604036,-5.5521525764321078,-2.6844963393447232,0.9682809216026927,0.35515192735879,0.3333333333333333,True,3
0.70989608825019568,-0.67639312898273407,-0.19631576338138781,0.69694124966520621,0.71483692437117874,0.05728059069750352,0.10158955852926765,-0.17748382072882163,0.97886620892608611,-1.7730198120819634,9.5427458865364319,-1.7693471195357178,,0.07283863611275816,0.2808988764044944,False,5
0.7858325592314509,-0.57018341432782593,-0.23949543393812683,0.6146102357773352,0.76305631231076643,0.19999830579388314,0.068712785778756946,-0.30436152560426871,0.95007505745723342,-3.1643004344352184,13.46551951573451,-2.1590835776375981,,0.2765036638834959,0.2307692307692308,False,4
0.96546185436861343,-0.20960939666293907,-0.15474917960918633,0.23727340260306501,0.95270732221455412,0.18986861408863034,0.1076324308760208,-0.22002876864031229,0.96953731273961097,-13.452125503948819,4.5970255637321671,-3.1982874584979664,0.1992450566056624,0.195885825064567,0.3255813953488372,True,4
-0.9061597636960308,0.4199216955865222,-0.050400915012459954,-0.39758333920641475,-0.88641009443836072,-0.23707516289829497,-0.14422888422167743,-0.19478940950040446,0.97018303165055053,-7.0828504154193883,31.394640752009689,-3.4909058049797377,,0.3208700647358308,0.2666666666666667,False,1
-0.17083580385490299,0.98471342703880749,-0.033979327991235264,-0.98503586233086393,-0.17148624103145507,-0.017228437508756276,-0.02279206097176318,0.030527622678297367,0.99927402958861644,9.2739258254421202,17.168780323254143,-0.85114487589415389,0.2871481101355506,0.2106451284307313,0.1818181818181818,True,4
-0.85747781419866165,-0.47311448206193507,-0.20222384879225341,0.4903012172770746,-0.87052325833335353,-0.042355318878514243,-0.15600164900956745,-0.13546934547693262,0.97842298723116028,27.090747297411887,11.616576182672958,1.8552422346921262,,0.2940101619396892,0.2105263157894737,False,2
0.25162987376122581,-0.94576679160463006,-0.20544484059911108,0.96770820424016701,0.24914299179680183,0.038322331411470664,0.014941153810243617,-0.20845370118187734,0.97791810310802418,-3.5120193564898488,21.441287651015564,-2.5390324544925464,,0.07612606469600641,0.3846153846153846,False,1
-0.60490024619186455,0.79606893359209963,0.019233957641592414,-0.79446443410849377,-0.60168920405310544,-0.082440067094896902,-0.054055111633334804,-0.065148712155171401,0.99641040250031021,-1.9181204350182528,34.70521528629763,-2.8781937244761719,,0.436064991027203,0.4642857142857143,False,3
0.32522961793187832,-0.90939879702917736,-0.25926728212747635,0.94521423960464612,0.32080650527105231,0.06044193432033429,0.028208808349411141,-0.264720634136552,0.96391246957068,-2.7417663250820934,11.780009009771193,-2.0735810900881844,,0.07818544335544561,0.3278688524590164,False,5
0.90161624222497749,0.43169880834981955,-0.026912648057320215,-0.39908927333669353,0.8542748476632297,0.33307992517946289,0.16678100510460253,-0.28956972134412162,0.94251444170208187,-1.1123996320391738,-5.1216007497167579,-1.1637770584597331,,0.1001486706848435,0.3125,False,1
-0.083322251229040509,0.99586014182560956,-0.036331534143242777,-0.99598963012560138,-0.08203002326200251,0.035717390244857261,0.032589248723969753,0.039161884616451814,0.99870130052027839,2.4362894561115955,16.422653849561897,-1.6212737978517231,,0.2110177670634827,0.7142857142857143,False,4
0.2739678212092152,-0.89279157944369325,-0.35758191874913126,0.96172737674412423,0.2561408118861187,0.097325933374332763,0.0046995492060963179,-0.37056049460345197,0.92879644383282589,-15.000288821295761,22.374119970715334,-4.1536759612567975,,0.4242053904401297,0.3854166666666667,True,5
-0.95217685841630362,-0.24581432904815209,-0.18147877542860072,0.25292447335822382,-0.96734074815630577,-0.016765671261921279,-0.17143057216530189,-0.06186430789239096,0.98325193431595737,0.67407037834907524,2.8236215395986215,-1.114236491741778,0.1806640686813045,0.1456459473567627,0.6392857142857142,True,5
0.43883902215766374,0.88394137103559378,-0.16145576856657304,-0.89288659914354629,0.44913798202688654,0.032071703582613097,0.1008654237168527,0.13008737706839035,0.98635867747279882,15.366048332035657,-1.1546562347601603,0.94551134021587602,0.4708653916886278,0.4264723914286009,0.9876543209876543,True,5
-0.0187767151270537,0.99771847821008575,-0.064848077898944326,-0.99927359793766091,-0.016575626001957278,0.034315085419752873,0.033161897318446258,0.065445296704907077,0.99730496925737178,6.2622919826687573,12.301477412103264,-0.91209685097727056,0.4685673540173845,0.2214720540211517,0.2857142857142857,True,5
0.84918367251407334,-0.4901779338557809,-0.19650110304115578,0.51210328946752692,0.85521846471982577,0.079696916620436278,0.12898570173492749,-0.16830618159516308,0.97725928902456949,-12.421680999280788,-10.677882248612141,-2.4113751707471769,,0.09805829797280095,0.4,False,2
-0.68044546799826922,-0.67851768018759639,-0.27678100143156276,0.72036367482138186,-0.68863741662479372,-0.082793021578903017,-0.13442522485921585,-0.2557191156272301,0.95735969876759297,-18.125166781122953,-6.6059109620013468,-3.3931154238086938,0.8744672263024138,0.2520364104005639,0.582089552238806,True,3
0.97424317891534573,0.19314799413506481,-0.11637903891390393,-0.14599316018688896,0.93358505778763468,0.32726890633591493,0.17186106457126463,-0.30184895599829636,0.93773716053442813,-10.585443594565417,-21.21623061597337,-2.0262909575728894,,0.3808200232586009,0.1379310344827586,False,1
0.83823212532592761,0.52609951632900964,-0.1434789287315747,-0.52147355998592237,0.85028877416058757,0.07123430895358232,0.15947485791555582,0.015109581558335639,0.98708635399236722,4.4771466545606229,34.226000802327036,-1.7693162250470411,,0.2754416356894024,0.5185185185185185,False,2
0.96301066659093204,0.21877621758588631,-0.15731313565910957,-0.20751441374964183,0.97453492847758505,0.084967295257236841,0.17189596888301653,-0.049179668522682199,0.98388674962404499,-12.310158713717762,2.6249790953219221,-2.9076222939651855,0.1148300096632715,0.08609067781331156,0.33,True,5
-0.86368805069145282,-0.45041295294288886,-0.22621035103209985,0.47709871902393036,-0.87531559939341419,-0.078736356051531051,-0.16254157436952432,-0.17592831858406349,0.97089106666075642,-10.573302223206987,-13.001386202413359,-2.1407143286597732,,0.202596403096486,0.1818181818181818,False,1
0.11456221614728754,-0.97475857351363249,-0.19162782155284694,0.9933717122587914,0.11058260288211136,0.031370833968091517,-0.009388286076727332,-0.19395156947414699,0.98096618126368462,-17.872006532979185,-0.96830259301381183,-3.6060197754757142,,0.06983895215843024,0.1724137931034483,False,1
-0.21248087629636606,-0.94654547707586589,-0.24270050893137685,0.97504280100131069,-0.2217368262181115,0.011149713639266336,-0.064369351587902607,-0.23427428310836848,0.97003718838517372,-5.1475577141309614,22.892072189727841,-2.8034866116697414,,0.1740192062721274,0.7894736842105263,False,3
-0.56800910893237255,0.8148762615259465,-0.11550900645122471,-0.81971597294960974,-0.57269534785537202,-0.0092607902518670529,-0.073697868769229902,0.089424364388635824,0.9932632617753272,-20.155381343731825,-12.459147409981639,-3.5025860036906455,,0.1736745029533454,0.25,False,1
0.51512966547551231,0.85693862357607542,0.017251758479298968,-0.84788277200696893,0.50653361890237369,0.15658383650761509,0.1254441416761479,-0.095288448120462804,0.98751398925479972,4.5098123741070371,11.290256750458241,-1.0906393959576979,,0.4599078591747405,0.509090909090909,False,2
0.53129375276003732,-0.81104435507742967,-0.24481422012455456,0.8445614949137642,0.52978628675004813,0.077732693769258038,0.066654554136877431,-0.24805955830935683,0.96644897741380142,-23.868600358310662,-4.7414860289127914,-4.3674731879690647,,0.1165139058929649,0.3333333333333333,False,1
0.011637757441946816,-0.96442449480235592,-0.26410217043209633,0.99946325699328775,0.0031305701118679178,0.032609775392431956,-0.030622875797230307,-0.26433992009531282,0.96394327951488523,-0.50574186914798003,-13.557561115934341,-0.88445697860674544,,0.1690444947068725,0.3333333333333333,False,6
0.76205365759838906,0.63180106858828233,-0.14178022665951356,-0.63015690691687487,0.77398728146181217,0.062015810889737538,0.14891774778674144,0.042084413576278026,0.98795364594097557,-12.722242096361859,16.981763704062537,-3.6253724691504803,,0.08351268379656943,0.3125,True,4
0.69601904320275576,0.71669506956240048,-0.043653966189418553,-0.69868428515541581,0.69003515009052407,0.18892263315022453,0.16552269081907411,-0.1009934102033118,0.98102118729389287,-12.145756079855449,-5.0921817725688596,-2.5851617951963797,0.5247835319152753,0.3666153751515648,0.46875,True,3
-0.097723623028672629,0.98959827166953596,-0.10557155966838737,-0.99516626985102175,-0.096133152981544873,0.020062707908688859,0.0097050941753478726,0.10702185574214676,0.99420930067091706,-2.7719447819030427,-3.0736885357861095,-1.385863279479659,,0.07759411921062097,0.2620320855614973,False,5
0.77707165319813054,0.61243035343736074,-0.1452195165413856,-0.61093831090717787,0.78940235345503629,0.059985870215699386,0.15137379582282079,0.04210684680950906,0.98757935751510728,3.9022403698744763,5.2753211096963346,-0.79567249466801027,0.3295432674700023,0.2762314315459299,0.8097014925373134,True,5
0.95957134786000908,0.26151441003872594,-0.10408189904217571,-0.2353376085643839,0.9482893521769562,0.21298712295115135,0.15439895842046786,-0.17988195543163624,0.97149546769337469,15.319210872474882,6.4325611948561905,0.51348095328013299,,0.429164938840924,0.1538461538461539,False,4
-0.11130870191944756,-0.97534127492399136,-0.19057746536946757,0.99261536143132112,-0.11841897657394967,0.026300004519892738,-0.048219468346048615,-0.18624270030479428,0.98131979469263886,-18.873807127060434,2.3722170218445311,-3.9113247874644443,,0.0785963814198222,0.2258064516129032,False,1
-0.055748356471546016,0.99034197658990741,-0.12694443727362223,-0.99823053683110796,-0.052649885592852906,0.027636658353315097,0.020686132760856756,0.12826051204893377,0.9915247475279404,7.5049214110883309,3.7562631489601541,-0.26943292410453656,0.6944130857169829,0.7271462234413069,0.987987987987988,True,5
0.88375100407172202,-0.38339068135725385,-0.26832023451585507,0.44651646046292548,0.8624427335818925,0.23836019346244369,0.14002575955117538,-0.33046046168976617,0.93337488177146843,-16.342137734095488,-3.5684376973113734,-3.2714272642441133,,0.1856104526975675,0.3333333333333333,False,2
0.98553701980914832,0.038304715803273534,-0.16507432063447519,0.0036423716619419385,0.96910487706784842,0.24662212060556832,0.16942111944612862,-0.24365649178821738,0.95494921241659747,-17.735804517511031,0.95688253510088428,-3.6496762149671724,,0.07665611400826615,0.2857142857142857,False,1
-0.62452601324618273,0.77344603201772399,-0.10839047160552712,-0.77660096945699997,-0.62971150920456176,-0.018824170998033803,-0.082814207822562977,0.072419960862687288,0.99393015662639517,1.612138795789843,2.7508633303087509,-0.98262202664966003,,0.07140840167147862,0.2972972972972973,False,5
0.49496074781697147,0.86489448324459572,-0.083494855970461662,-0.86175582536079742,0.50092082123123194,0.080344435487215371,0.111313770833601,0.03218483664852155,0.99326400353214894,13.555277874849724,7.7291279129938255,0.2133995558540013,0.5146595214723324,0.6359703824493381,0.6477272727272727,True,5
0.11538328032588116,-0.9716567625521999,-0.20632458507850437,0.99330931274347745,0.11185590555063737,0.028720473716970906,-0.0048278192094818803,-0.20825799427638975,0.9780620123395326,-7.2499360020519479,-7.3515972361572786,-1.8670437766674086,,0.1042879057872206,0.3809523809523809,False,3
0.38855469867708897,0.92097682422775662,0.028756483987310288,-0.91751591235713237,0.38384560958879188,0.10405334483267817,0.084792668948536154,-0.066814947689604776,0.99415590631340089,-16.46437090177114,-15.622602618429172,-2.8771023221804906,,0.4231094097139518,0.5,False,3
-0.95319076346614928,-0.2440592065424709,-0.17850062225291999,0.25022404994134168,-0.96810693206557574,-0.012525690301634862,-0.16975067974465685,-0.056604520918731069,0.9838600687789848,2.9985421734391955,-8.3205053027991944,-0.49390804550569478,0.1916797908790699,0.1539946278705334,0.5747126436781609,True,5
-0.69575238084164648,-0.68776285066947107,-0.20714942865521996,0.70444373175049368,-0.70969298518306234,-0.0097414362079134426,-0.14031269846531949,-0.15270274398633862,0.97826081319269031,-9.2302639786157847,25.3677718133196,-3.432466984366918,,0.06687208773637819,0.2631578947368421,False,1
0.63298778723617355,-0.68368853321237311,-0.36317550958698641,0.76933086226323266,0.60785096281556739,0.19658899097736746,0.086350944286467252,-0.40384055833720095,0.91074492469776303,-16.846043359263803,25.628540057859652,-4.5601915622390798,,0.6000505850691134,0.5454545454545454,False,1
0.54194778417961631,-0.7993963705379401,-0.25934155469876435,0.83760022185803717,0.53899604251943201,0.088933314858703691,0.068691102525515219,-0.26542175668011597,0.96168228824007707,6.728372737861493,26.548157454594261,-1.3669976106319703,,0.1095813608707568,0.2352941176470588,False,1
-0.97589560079673809,-0.1270866152206567,-0.17741693430259725,0.14360599825361414,-0.986101299166947,-0.083555640425072852,-0.16433226588579117,-0.10701971787020295,0.98058232004040624,15.796242177908571,-2.7964694732637163,1.0744604581271679,0.141355457883991,0.1300628208834442,0.1176470588235294,True,5
0.25312447162162915,-0.92120675055211976,-0.29547609819319487,0.96606203962463022,0.25694606323990848,0.026511434925543403,0.051498907391996279,-0.29215893503830492,0.95498220884721863,18.918054738252007,-0.88235283320317859,1.4261423132344779,0.773767919519472,0.4971667715860718,0.3404255319148936,True,5
-0.13732266133881793,0.98925947772684875,0.05008165742492332,-0.99009571917183714,-0.13559663205220709,-0.03638708910729016,-0.029205368691866157,-0.054582406540032768,0.99808206442950942,11.488251810694379,17.252226725061416,-0.52221930328330091,,0.2995200032055351,0.6,False,5
-0.16394955001193667,0.9784645118849068,-0.12541030273751186,-0.98646497092539931,-0.16226792083283456,0.023579291883766194,0.0027214312474086455,0.12757868493764879,0.99182471886999579,-5.3004461108441241,-1.1658787026611186,-1.7608304176020924,,0.1011826142806909,0.5041782729805014,False,5
-0.92806926921061483,-0.28034075853597801,-0.24514585587022808,0.32630853722181147,-0.9293872520548917,-0.17251688106970314,-0.17947192004053428,-0.24010080137585715,0.95401333066977345,9.2340897076289998,-7.1625799749253654,0.2865729930500952,,0.3990474389837743,0.2,False,4
0.89315001287644347,-0.40832181337511647,-0.18856391813087353,0.42718551241359087,0.90131994276201888,0.071658207927705747,0.14069681049244892,-0.14455330332278479,0.97944308155998761,0.088098880152194345,1.9823275841205055,-1.1525313410858788,0.2246671711709543,0.189292994419168,0.7769607843137255,True,5
