axis_00,axis_01,axis_02,axis_10,axis_11,axis_12,axis_20,axis_21,axis_22,location_x,location_y,location_z,dbh,dbh_approximation,score,reconstructed,number_clusters
0.74776543740575208,0.6423295287159716,-0.16810599977663837,-0.62503036817269109,0.76640715045818519,0.14817934602526744,0.22401760976158852,-0.0057320385626517811,0.97456823991479524,-8.58100816041879,-15.141253114997953,-3.877517553384596,,0.2463061667393208,0.3448275862068966,False,5
0.7461521841852411,-0.57478681744126658,-0.33597177341457646,0.64165558351916818,0.75544103811817309,0.13261579870292295,0.17758105240782646,-0.31452973217595592,0.93248915135944166,1.2620227264896273,-9.1728511883017418,-0.87365201336569287,,0.1290081645097087,0.3636363636363636,False,3
0.92311294493743123,0.29710577040489583,-0.24411196627993703,-0.27723750526296559,0.95414503497386849,0.11290092076809347,0.26646173564793679,-0.036543308920095385,0.9631524957184403,-7.1156582350186355,-4.7169051022559998,-4.0461735900957283,,0.1029560039595511,0.3880597014925373,False,5
0.95301457127423028,0.066949551174159572,-0.29543355350496869,-0.0042464730653385642,0.97812816424649018,0.20795975998807012,0.30289469194011964,-0.19693413087976636,0.93245469256641655,-11.393674436362099,8.8398567813015561,-6.7463734123547612,,0.1650796254395661,0.3333333333333333,False,2
0.88206242721956285,0.3866136343735655,-0.26925038942218499,-0.37978475424168068,0.92167407029002546,0.079249281388574205,0.27879995504504951,0.032354379479169415,0.95980403166240047,3.6543330896782886,-8.4146756930757363,-0.1127606767368966,,0.2702144786109477,0.8701298701298701,True,5
-0.7089133681190859,0.68335741279731066,-0.17454077711818003,-0.68649724690069547,-0.72531030133249219,-0.051444113159174062,-0.16175093971849996,0.083352343433969009,0.98330515118362261,-5.565151774553506,9.5615604604933147,-4.7573037400012819,,0.2260693067694843,0.2413793103448276,False,5
0.12207001842636873,0.99187784080989927,0.035738767629538537,-0.98870511411175976,0.1183671256944691,0.091931609819920573,0.086954631450189973,-0.046557195632059845,0.9951237709974774,-1.3669700596078882,22.568269032012861,-4.4232663958117771,,0.2718199328760972,0.1052631578947368,False,1
-0.59116748072279013,0.76652607109069892,-0.25091590637926386,-0.79431934034048768,-0.60728305775882141,0.016250332924275593,-0.13992067501596464,0.20891402561186298,0.96787247848346414,-9.8405405676139726,-10.286883421871524,-4.5525153270076215,,0.07997734717872677,0.4545454545454545,False,3
-0.82866593228308361,-0.45348538737475641,-0.32812158738945396,0.48689241834970864,-0.87316244246516117,-0.022871860917875964,-0.27613139196219694,-0.17871304514735717,0.94435856636511673,2.3951476989881417,-2.9272613039339981,-0.85571088162415987,,0.07832358968433276,0.36,False,5
-0.95558700819919695,-0.087647325029832662,-0.28137415690859585,0.090229968932842936,-0.99591374311155079,0.0037906447893150813,-0.28055662969761824,-0.021766090523000006,0.95959064961891882,-15.798896787589943,5.2680975466779092,-8.0167679985105273,,0.07630626967255733,0.3372093023255814,False,5
-0.4981220274937555,-0.79303800629739896,-0.35066389362658335,0.84639602781319601,-0.5325500001466561,0.002064326969985604,-0.18838314634688741,-0.29577223992735013,0.9364991042498676,-15.365882685819516,-12.929474149646383,-6.348940545966828,,0.08017636382452978,0.3636363636363636,False,1
0.23048018462868133,0.9493422867844008,-0.21360736648461803,-0.96636329489166062,0.24904900697552823,0.064160536240253765,0.1141090127012878,0.19163458625067709,0.97481040134626651,4.0460699369620583,-11.468397855612789,0.13832074323382437,,0.1011604321731253,0.3529411764705883,False,5
0.025768326103393285,-0.85309834032640275,-0.52111343784455166,0.99866899923146446,-0.0013301136239163933,0.051560263495967019,-0.04467911529848434,-0.52174845714202711,0.85192859097817564,4.2781561146459728,10.948528711493248,-1.3241269301173482,,0.294656346615028,0.1666666666666667,False,1
0.12338205228934156,-0.87824060931042458,-0.46202846376703205,0.99058474528358098,0.081167504501313464,0.11024381445002493,-0.059318897362749791,-0.47128045617347936,0.87998636355604065,15.713882683245647,3.6626998888586346,2.965263962308855,1.186168307206345,0.5788386065661878,0.3684210526315789,True,4
-0.57815363248990082,-0.6369229927127249,-0.5099681152705523,0.78882661750082639,-0.59607230148553836,-0.14983450511794327,-0.20854482674220984,-0.48890378680840668,0.84704317628056125,-11.903613028198176,7.7108041403457168,-6.8029863304562994,,0.5733534944421812,0.3776824034334764,False,1
-0.52492405178545642,0.82201697532280227,-0.22077778905109618,-0.84614576133867825,-0.53206105404695536,0.030795865550927209,-0.092152538900061795,0.20297568092654289,0.97483782370539884,10.628042801226254,15.923335610192076,0.54462875421513812,0.562734570907851,0.4862964257931373,0.4821428571428572,True,5
0.27857037554971903,0.94580871896121388,-0.16686645259918403,-0.95606171639240134,0.28961523830497848,0.04548635169329035,0.091348455459869277,0.14686347700670069,0.98492973292849595,9.9663942422611331,-5.294974629251235,1.7430877686136534,,0.1513780186098371,0.5161290322580645,False,5
0.80345691023573906,0.54774030298428189,-0.23331856737329529,-0.53566763155854491,0.83611084977977757,0.11823212499569584,0.2598406856035041,0.029986786543838365,0.96518579078738809,-17.953543203815148,7.798046383916196,-9.1533138711637267,0.2346633374158297,0.2078810837441247,0.5402298850574713,True,5
-0.11443275966766489,0.98278169523152459,-0.14506992463186441,-0.99341953170161135,-0.11390631119202448,0.011957688086688942,-0.0047725830108347363,0.14548364783877971,0.98934914497508342,12.032787405570581,11.408053099545223,1.3308303799854453,,0.2763589042588279,0.2105263157894737,False,6
0.92057342298683598,0.28276995326890764,-0.26941738328957449,-0.26956563058325345,0.95916772942012019,0.085624982612002326,0.28262863212801809,-0.0061984165197750268,0.95920938065372086,-3.9095200928344811,12.803762124611845,-4.4475440767150802,,0.0772784604859716,0.3513513513513514,False,3
0.90561121721573201,-0.31242535139107591,-0.28680781555111701,0.3468583255903156,0.93475318987129241,0.076979062050189312,0.244044309955638,-0.16919478075167377,0.95489030833110344,-9.3870353515546547,-7.2580951258031403,-4.7267957463121313,,0.07156097358630664,0.28,False,1
-0.6880773979094611,0.7091825363584674,-0.15365423720261348,-0.70684658624232399,-0.70293675801081368,-0.079043138568889879,-0.16406522484584868,0.054222175919256987,0.98495815019464827,1.4636119243171064,-11.939118148545573,-0.6571213927294588,,0.1905050178886203,0.25,False,5
-0.66893980437618206,-0.67792002229990134,-0.30486715383270757,0.70701307233886024,-0.70690106096844751,0.020576820542745757,-0.22946035313997126,-0.20178040877791842,0.95217257520383092,-3.8245260620106376,-13.691843396007664,-2.347118671712134,0.1900702284450781,0.1423290908983589,0.5116279069767442,True,5
-0.79872366850107002,0.54192006785851365,-0.26146346098148637,-0.56326797281945551,-0.8262336361242314,0.0081956898912091611,-0.21158849725836815,0.15382008512920431,0.9651785789369709,5.1028650656941492,6.3166042059988552,-0.57929385028489122,0.3293590579970597,0.3255569723828017,0.9265536723163842,True,5
0.51267847876568706,0.84058743048054352,-0.17485293571633026,-0.83797005080443254,0.53423983654971319,0.11132830277226538,0.18699457576442829,0.089445898516666678,0.97828035852368456,2.1747200249082548,19.950900173519862,-2.7918170829219058,,0.170371014738046,0.5,False,5
0.87824268222325486,0.43574214255146199,-0.19702430389666248,-0.3914613538035468,0.89171219622830822,0.2271725502255536,0.27467762850220889,-0.12238522910199844,0.95371592001919214,8.8784439540745073,-3.6379900642206922,1.315855541256048,,0.0720524288124722,0.3157894736842105,False,3
0.63179131743185246,-0.61530028206115417,-0.47142899159172291,0.76165278073297205,0.6057411409871325,0.23013628944027609,0.14396101145607432,-0.50446331185832671,0.85134716430459378,-6.4998392088614283,5.2384544711451912,-4.427221839413594,0.6100503594435458,0.4064207315419856,0.2289416846652268,True,3
0.69542688306346345,-0.64752977249052923,-0.31158729764064474,0.69928100917161518,0.70966547609225394,0.085912643159678614,0.16549175364520027,-0.27763304158748542,0.94632572283242844,15.566682772849509,-5.1857188705775723,3.5214592240817253,,0.1828088038364207,0.7555555555555555,True,5
0.50875355623269458,-0.80807561825177765,-0.29695725990046939,0.85477105266375564,0.51524986062742062,0.06232197567086703,0.10264631775510943,-0.28553699639526958,0.95285484578758695,-15.547652983355528,-14.769370449364695,-6.2192823641406516,0.3525890325342996,0.312455227134753,0.76,True,1
-0.4437117800887298,-0.77296584705335591,-0.45347949843358865,0.8791295306209771,-0.473642414942957,-0.052859541779557921,-0.17392850427871759,-0.42212161998183895,0.88969782136592668,-6.8741187629150939,-1.5095852881530949,-4.209062936265938,,0.3435854875445621,0.2151394422310757,False,2
-0.80485859382006897,-0.51339104574755723,-0.29771173658458866,0.53427477948616076,-0.84520898523312404,0.013123691790351978,-0.25836622062296866,-0.14849715629406227,0.95456560309576488,-7.0086238020650313,11.58891555480221,-5.3585318634132806,,0.1227907410157705,0.3580246913580247,False,5
0.52951169402024145,-0.77283208265108128,-0.3497827010030754,0.83955000442884742,0.53650454867313657,0.085549163155208649,0.12154487220502865,-0.33895935048059467,0.93291661082994815,-18.903202093644165,11.579729458588586,-9.9153699889319018,0.3685425346174115,0.2218052589136252,0.8514851485148515,True,6
-0.085832440603633597,-0.94950252253848855,-0.30179090747249299,0.99366780828632661,-0.10362706524465837,0.043424856064555976,-0.072505716433063361,-0.29615264821005138,0.9523846544556992,-2.9089049765019341,-1.8301039101018699,-2.7274425948372754,0.2295144745104309,0.2107815259309609,0.821826280623608,True,5
0.30271274827705885,-0.90321135418331211,-0.30426015464549233,0.95228604047762933,0.29967656664577985,0.057838157948172653,0.038939557547437803,-0.30725104569024086,0.95083148127324046,7.4855084216945498,0.85716108475857777,0.58100407481085448,0.4787709626960358,0.373678690477236,0.9479768786127167,True,5
-0.72787789552167748,-0.60821204916180416,-0.31665734235184295,0.64239221974320504,-0.76636193224127058,-0.0046502499742578154,-0.23984579467718606,-0.20680302721629706,0.94852859878331741,6.1305608040326174,18.116204195322929,-1.2035475391983144,0.2527012618081929,0.2812182725828524,0.71875,True,5
-0.93425934176756498,0.24226699633750551,-0.26166043798335387,-0.24661033982421882,-0.96897199079985363,-0.016631937263975001,-0.25757100499050894,0.048989626769068075,0.96501668061086265,12.196903587576815,5.7757111988703773,1.8078054580540426,,0.08068013205895859,0.2727272727272727,False,1
-0.94468604600007144,0.1866468114754572,-0.26968730459329182,-0.19759734976999033,-0.98018627867286223,0.013789360584214011,-0.26177005530928471,0.066316113181417044,0.96284921523356004,-20.398116533623014,7.9354153994211281,-10.171270263311769,0.2051128793555696,0.2062739592994495,0.8230088495575221,True,4
-0.03323508357802174,-0.94653865497649492,-0.3208738129777024,0.99715442211836336,-0.053139243836185006,0.053472228439735758,-0.067664522974411931,-0.31818358757139903,0.94561129272594802,9.3007990363278186,-6.8745742179445406,1.5921880533038815,,0.1425382746450563,0.5681818181818182,False,5
0.34814669559822981,-0.85504014580197307,-0.38431787287475283,0.9360015287119825,0.33976076405615041,0.091998703560503159,0.051913549222395425,-0.39175116116601616,0.91860547088084155,-11.006132419759098,18.960230044552425,-7.7806449451204571,,0.08139903274546385,0.5,False,1
-0.69958680388107319,-0.60815662538748916,-0.37513174063623139,0.69280765567666647,-0.70582241702017912,-0.14775746298443587,-0.17491671181242019,-0.36326331307895171,0.91511961474969883,-30.556314591118099,12.406266754592288,-14.389845216508869,,0.481842216448214,0.4897959183673469,False,4
-0.89571980905152737,-0.31476179498510204,-0.31402394190642702,0.34410606279795863,-0.9380220395635559,-0.041299768022508364,-0.28156178934362142,-0.14505056260070914,0.94851636415553486,-9.9781410877465326,-19.754360834381373,-3.9714544408867782,,0.2700214075371248,0.5,True,5
0.63927096451691889,-0.68099761070808862,-0.35717627039808397,0.75443044363206635,0.64534602065282942,0.11984664930102826,0.14888700294765195,-0.34607913522406231,0.92631630262876918,2.6028172123881523,10.680736716975431,-1.9267937023449009,,0.0806099645713429,0.3333333333333333,False,4
-0.81549097667774495,0.53991165997095958,-0.20849428381752144,-0.54078789858580345,-0.83916532444475744,-0.05787924492144448,-0.2062108525280105,0.065551183642470368,0.97630944204321968,-12.434236763550388,-14.127334412929487,-5.2581204486842044,,0.3584981837732378,0.5396825396825397,False,4
-0.53685330734926229,-0.68499632234274976,-0.49251250214087516,0.82005937330284007,-0.56083585105545042,-0.11386734575400122,-0.19821995521720606,-0.46501955501657743,0.8628242363343025,-22.565427140839287,13.280283852498819,-11.73830979397542,,0.1578189361675929,0.3684210526315789,False,1
-0.11065263604227661,-0.93044965240832334,-0.34931280891219341,0.99187979982588792,-0.12555759777774228,0.020242340221430798,-0.06269335558297183,-0.34423645067527897,0.93678749414807738,0.52539106913694322,5.1114495528114459,-2.007492763484473,,0.0921716632239765,0.5,False,5
-0.55681626314258403,-0.74769017416504424,-0.36182185196167282,0.80538937778711628,-0.59255790010631915,-0.014936035928970678,-0.20323286950592084,-0.29972410393332655,0.93212759978114268,-17.608492436348953,-14.021884738203584,-6.9672182895173513,,0.1566127574993078,0.3076923076923077,False,1
-0.33126049171777133,0.92339941571713469,-0.19390720894323205,-0.94342951506356143,-0.32728747821638904,0.053138090948863945,-0.014395719288503944,0.20054033423730649,0.97957967394702283,-13.550339471559207,-5.812333625212279,-6.3882792224319784,0.2753972986489113,0.2456176718341365,0.7902439024390244,True,2
-0.8993507668983427,0.37211601741004735,-0.22956016132214416,-0.36460930138302866,-0.92805847444292233,-0.075944225321324527,-0.24130531578136277,0.015399272760808616,0.97032706185805995,-7.4748969155308274,-9.424348716139141,-3.7583488159922571,,0.5297458801998732,0.4285714285714285,False,1
-0.93717677036668301,0.28568068570440053,-0.20021550114947967,-0.25484861869396747,-0.95257512241673048,-0.16629136388438268,-0.23822653637840302,-0.1048197594359712,0.96553660489747084,17.410503558824228,0.51446689041647908,3.7654451937142506,,0.5116666295660535,0.425531914893617,False,3
0.50636468900896503,0.824758042024761,-0.25173194839022156,-0.84132087305569392,0.53654498538850215,0.065564222067049843,0.18914013398974719,0.17858793567857567,0.96557359064154491,6.4350717287819768,-4.4929502670008068,0.5120547740441671,,0.1788248758460891,0.6186440677966102,True,5
0.95603985803315672,-0.076277942185923459,-0.28314212930580063,0.11440847000329356,0.98607946186298845,0.12065652441333112,0.26999720710305014,-0.14774630427824653,0.95145811138939407,-9.7244222900833179,-2.394994621260178,-5.2022531108043948,0.2545031144808286,0.1513740379370685,0.660857908847185,True,3
-0.58737619567262234,0.80134057691435767,-0.11332468640029328,-0.80495387681446129,-0.59297140829216599,-0.020836629990890136,-0.083895535986900832,0.078982205202012018,0.99333949398123755,3.7624711156144905,5.5302497413089169,-0.91702521300093609,,0.255762135250146,0.6310679611650486,False,5
0.24263922811278338,0.95747594674808134,-0.15609617669788409,-0.96048332419554661,0.2597188242362608,0.10008954130980041,0.13637444380493252,0.12564212564342678,0.98265765520892157,6.9746040800173796,9.6570982624228066,-0.3032028408933104,0.213754417708636,0.2862314404836455,0.3,True,5
0.70383793610780121,-0.58241004152719988,-0.40670714675770958,0.68966564700006316,0.69744126200875178,0.19477418051585951,0.17021590714000742,-0.41758140472957606,0.89255381651784971,-3.3963715020499463,-5.915184150068149,-2.5326227399950474,,0.2228418095873677,0.3291139240506329,False,5
-0.93910894853733939,-0.16336116799836864,-0.30230367441912076,0.179481418128739,-0.98341412663158878,-0.026135724362002621,-0.2930201414981396,-0.078802184815134374,0.95285330053727157,-14.547010694054279,15.403605194804506,-8.9261268797760902,,0.09500021589774747,0.25,False,2
0.49089080934150875,-0.72315347158556098,-0.48587577613808852,0.86685713098443984,0.46117080838321434,0.18942069569241499,0.087091490775302052,-0.51416975993238268,0.85325525501201072,12.220717027249862,-4.799337668483405,2.4458584810440773,,0.5313017904598982,0.1428571428571428,False,4
0.64244784926067566,0.75989619244924844,-0.099088534561104835,-0.73279004530589686,0.64700760628220944,0.21071285417256203,0.22423093114223602,-0.062760928244413816,0.97251301040396665,3.162108209940163,-12.415705338511611,-0.11304598639430424,,0.1594843801307807,0.375,False,1
-0.52660950738805978,-0.69739806469519194,-0.48612587473606561,0.82729105013155435,-0.5520126396291849,-0.10426679270913133,-0.1956321678577792,-0.45707546975200902,0.86764628152850687,-14.581259043093054,-5.8950676141583855,-6.7397831769443881,,0.3766844655765569,0.2777777777777778,False,1
-0.25890797289344758,0.96542618053843154,0.030314212890675207,-0.96564645787860881,-0.25799010016471902,-0.031113125903611656,-0.022216659485655238,-0.037328248659341257,0.99905606544043568,-8.6481581299631571,11.988103816951366,-6.0102467647020141,,0.5702386222754647,0.3387096774193548,False,2
0.95422561906179826,0.1568857476208175,-0.25463764474167183,-0.12488352567897654,0.9826097396738851,0.13741253404260176,0.27176749794652988,-0.099322513517721367,0.9572238324281348,0.44154695001355826,11.297195983734435,-2.7774540420609926,,0.09277983251703537,0.5405405405405406,False,5
0.75964135634842966,-0.57941238508695547,-0.29534098552853194,0.62337454410500992,0.77814534471927588,0.076772392522258176,0.18533533793367646,-0.24242753659509508,0.95230231650114394,2.1875700444687811,-6.1939951499312382,-0.6896009825160474,0.2830352641987763,0.2650080428493723,0.7631578947368421,True,5
0.90606989212683775,-0.2437860355089469,-0.34584059835723596,0.3455150480448953,0.89808327446059655,0.27215029617596609,0.24424721524675413,-0.36608032045572031,0.89795795938297829,6.767017764882425,8.407867858636985,-0.2785832145845889,,0.4015541869748003,0.12,False,1
-0.19947324198680869,-0.8996586895496268,-0.38836151720931256,0.96729221708910473,-0.24416109743673281,0.068783175685146442,-0.15670415594398104,-0.36193866996542012,0.9189364541106998,-29.212323442935535,8.8869123932522562,-13.565384898095086,,0.173240351966116,0.3636363636363636,False,4
0.90764804832989554,0.32408506388706348,-0.26672812324209633,-0.31349848108438383,0.9459885085854699,0.082610192966876092,0.27909446916898462,0.0086378810803443701,0.96022479883083933,13.838313202655828,-3.9974278532798544,2.8775326013646043,0.29843092147463,0.2328082669428869,0.7567567567567568,True,5
-0.9525397172744382,-0.12273195330858122,-0.27857665848342966,0.12069651763175528,-0.99238669937510404,0.024515087904276183,-0.27946455525933966,-0.010271637671143516,0.96010106541616358,1.432504167011815,3.8929661464918204,-1.6988519977069754,,0.1019169838999127,0.4523809523809524,False,5
0.94488082184974687,0.18446624482886542,-0.27050404251930465,-0.14898171717269068,0.9779296095096488,0.14648592694379894,0.29155562153528286,-0.098111586283398083,0.95150903105968065,-5.6489427674184221,13.806703646727254,-5.2322149754796374,,0.107838742429021,0.3870967741935484,False,6
-0.69022372957186939,-0.58227792043175852,-0.42958541236122705,0.6936540495427278,-0.70145334769167356,-0.16372922941588519,-0.20599821040211475,-0.4109934602762082,0.88805918323122757,-27.303935270552341,14.163092794780072,-13.459079322042934,,0.6353138536194634,0.6190476190476191,False,2
-0.9210072433476949,0.27832187431722122,-0.27254832961812503,-0.29230334809481961,-0.9562595046197544,0.011247778311388346,-0.25749642792403948,0.090026074561386144,0.96207634598582104,9.8965966149379518,7.793440021805611,0.84176694680200848,0.5561703260808835,0.4425951422558203,0.9214659685863874,True,5
0.32811965368269763,-0.88477613800922361,-0.33092095502798158,0.94352709913100308,0.32393692306613947,0.069436899987527653,0.045761403743575249,-0.33501650031592001,0.94110033388767456,-8.961806336891172,17.754814585633461,-6.8812518038165909,,0.1169627297252266,0.2,False,4
0.81629203271986994,-0.46442022795389559,-0.3434838703422835,0.53913016839464212,0.82602304895117729,0.16439155735063188,0.20737882930720755,-0.31937403537021114,0.92465898940448277,-6.245912687816614,-6.2625259417512149,-3.5674873895244574,,0.1036100913000793,0.1818181818181818,False,5
-0.26255318247854248,-0.86013056925407461,-0.43731136528227899,0.95664152618177345,-0.2912641779678215,-0.0014727584108323172,-0.12610637079464582,-0.41873688930806052,0.89930895735426331,-24.288925340580576,14.60477880973035,-12.538876824503435,,0.3082948826992186,0.4130434782608696,False,5
0.6126679730001543,-0.70786064763857182,-0.35152703791399198,0.77358075887451438,0.62820479386162742,0.083255909510389942,0.16189738836378476,-0.32294278207443072,0.93246833466183399,3.9559676366945804,3.5216936479369148,-0.74605051388214649,,0.6092890475712442,0.3906976744186046,False,3
-0.15031664413856388,-0.88128549231924003,-0.44804105562164287,0.98407361390977977,-0.17687295987821036,0.017750449866627972,-0.094889561604357103,-0.43823719272964123,0.89383674908060085,-13.889635335025712,-3.1331601104777009,-6.6702102642350196,,0.1336930158685457,0.2142857142857143,False,1
0.74642225935281747,0.62550537726135902,-0.22714936442737563,-0.61742368423861926,0.77828338397192587,0.11429334352628767,0.24827767697448275,0.054936301753331668,0.96712987642085679,5.4200640688857193,-5.366859867690974,0.25590269717378589,,0.07827562035522084,0.186046511627907,False,5
-0.93665719211388154,-0.16610946274562377,-0.30835199180108985,0.21077714621913285,-0.97044911076917251,-0.11747986227026713,-0.27972539944212682,-0.17503191078681313,0.94399021769998215,-12.400894315200045,11.752337401441524,-7.34294268731841,0.4421871562743871,0.308064660868668,0.6822429906542056,True,5
-0.49913921353877994,0.85950903135981238,-0.11001940973667096,-0.86078452237993308,-0.50640799436504425,-0.050999502687026618,-0.099549241780331948,0.069247153400631173,0.99262015907741408,-13.317736859462618,-14.931177818471607,-5.5291184992333031,,0.3171291999848172,0.1515151515151515,False,1
-0.94748968310586745,0.17802760812812696,-0.26564915048258542,-0.18517946666208895,-0.98270286300982346,0.0019100154551715334,-0.26071414525239228,0.051002487943949987,0.96406788178470104,-16.924702570393684,6.6047355867994071,-8.6619839462675845,0.4592816457107488,0.4234846714248496,0.9948186528497409,True,5
-0.23675529072320906,-0.87803566289579749,-0.41593305590888885,0.96959017385508217,-0.24083829133748449,-0.043494967402134863,-0.061982473960310612,-0.41358226764306411,0.90835449072098517,3.2475282216996297,-10.453610478029882,-0.13343163674405573,,0.3944159891975445,0.8363636363636363,False,5
0.73907808553178767,-0.59474469397907292,-0.31629469244741693,0.64896664450616182,0.75452334635797391,0.097656613289514568,0.18057097719478626,-0.27744056802224126,0.94362113870473219,-10.743129494521272,-3.4882934265441352,-5.5065271180544189,0.09724179046470276,0.1009148934656454,0.4698275862068966,True,3
0.70673734961265833,-0.6440577059511019,-0.29276610129500918,0.68787222532050241,0.72229796473008201,0.071536366831154732,0.16539081079399615,-0.2519430918913747,0.95350435665135769,-7.8145739899583679,-18.931361728051151,-3.3317442806971278,,0.2498691693051053,0.3653846153846154,True,5
-0.81573635713434645,0.53179921111073902,-0.22751658117856174,-0.53974805442661844,-0.84125055781243363,-0.031137384651717386,-0.20795728742187791,0.097401735314441698,0.97327625500978376,-15.897623008085356,-16.95077021848719,-6.2359014516024134,,0.09496485038875471,0.3846153846153846,False,1
0.62310971812601257,0.75971300164960376,-0.18593126230268414,-0.74636270773448221,0.64863635173596534,0.14904224807049901,0.23383110930791967,0.045902487200645714,0.9711930673087722,-7.5335422521545281,-11.840725647224382,-3.6538797292103409,0.2012877433283413,0.229548257139287,0.5769230769230769,True,5
0.30067494180310816,-0.85510026296619857,-0.42237201570042193,0.95276345510563354,0.28920825930411265,0.092738241116934406,0.042852981073375013,-0.43030468626942142,0.90166595754065249,11.86260334512739,9.5392142338263977,1.4735121862169822,,0.6036591969026185,0.1904761904761905,False,4
-0.49010548028901363,-0.80677649584301137,-0.33001258149644641,0.8510707696778067,-0.52471346039172129,0.018823641618277334,-0.18834851523360363,-0.27163849182142624,0.94378883579446926,-34.006633199007638,7.8611011372258268,-15.219909653963194,0.3087741834959236,0.2806622236761388,0.8490566037735849,True,5
0.93402067191335492,0.23484936864483993,-0.26916752866132587,-0.21948565868952172,0.97179398360710878,0.086269919755694063,0.28183582112313615,-0.021499476090062739,0.95922173789989829,-10.635940306244544,15.160997352795759,-7.2790474134475538,,0.06141607988706855,0.2352941176470588,False,1
-0.34706108461662111,-0.81623231270213703,-0.46185865288598321,0.92596146190625872,-0.37637164261887462,-0.030655467649248952,-0.14880851658812622,-0.43830263327213853,0.88642361603104314,-14.541692786961871,-16.064531424357682,-5.7688676777333745,,0.09093951067335287,0.25,False,1
0.7102620032704795,-0.63668308234469151,-0.30027077674370811,0.68458000411481268,0.72408271820257808,0.083990684998580062,0.1639454320082456,-0.26521476176191683,0.95014894909545677,-14.016914204076087,12.436372979105855,-8.2236896775302633,,0.08000774535741736,0.3428571428571429,False,4
0.72378423167601913,-0.61729225460512072,-0.30836124656266833,0.66999970071792614,0.73558203774078879,0.10009728663155273,0.16503571436221115,-0.27905078060746691,0.94598830586182148,2.9416870245078428,-16.492124203365638,0.052555975478997249,,0.1634180366002747,0.45,True,5
0.63705727011451585,-0.69982941002576515,-0.32310498519402486,0.75669682514047854,0.64765683482079472,0.089165795752803298,0.14686030578941967,-0.30129623491324914,0.94215318786837376,-1.8488119794669726,-20.133808204216958,-1.3256566755003609,,0.2032591558515312,0.5294117647058824,True,5
0.85259956249161162,0.50674586129740318,-0.12760336240501249,-0.44703678852123729,0.83374517840572671,0.32407882867262611,0.27061429331750125,-0.21926607020502675,0.93738481676903296,-4.4887968571560375,-14.615929565071575,-2.488473261209621,,0.3534981476940657,0.2173913043478261,False,5
-0.86503396415864198,0.42902332904069462,-0.26010617830190874,-0.4457469753933565,-0.89513914620422852,0.005961783327025072,-0.230273478237636,0.12109868732403234,0.9655616154077048,-1.4631509134521616,-15.798238149100932,-1.3591252740842852,,0.2790828076220751,0.9545454545454546,True,5
0.14253888417178082,-0.91632518585882816,-0.37420692171557751,0.98973445493212753,0.12797566880361008,0.063623399111284368,-0.010410341938126851,-0.37943429201253459,0.92516011739897142,-15.196658729080562,-8.880049512894848,-6.7520161842906719,,0.1153616590388887,0.2857142857142857,False,1
0.94329764541652927,0.19156055140834188,-0.27109796623317556,-0.17347288300154537,0.98077109548846886,0.08941597797642703,0.28301362337308811,-0.037317735709455242,0.95838962618903345,-2.5441477497112084,14.1559793307704,-4.0244817527190015,0.5699667546041309,0.4788612685623536,0.8102564102564103,True,5
-0.94501263814763958,0.15981776199893363,-0.28532331957078466,-0.15909163225151296,-0.98692452799453367,-0.025881046932415004,-0.28572883349215789,0.020934636190311794,0.95808182047192181,0.03908261458131429,4.1445041249336976,-2.0879674762330649,,0.09159289475004466,0.2923076923076923,False,5
-0.81368096615531615,0.52765416288866673,-0.24393517520606497,-0.54262831709965542,-0.8399448858316052,-0.0068628162535282894,-0.2085132964540849,0.12678199064375922,0.96976725663958085,6.6177061379037703,-6.5008516709245683,0.72211568111721669,0.2429643152255344,0.1549338830096507,0.6111111111111112,True,5
0.48955507804842269,0.85817217964738768,-0.15451969336060303,-0.85947565994565311,0.50479592858427147,0.080514970320602008,0.14709661966879825,0.093389402846335595,0.98470351066603701,-21.499572841674023,22.950388382289791,-12.114050748491957,,0.3226741177090598,0.5909090909090909,False,2
0.79229302732583773,0.59757484978031994,-0.12319114319174063,-0.55280986368108032,0.78850887419314619,0.26954593288633233,0.25821117998213222,-0.14545808409533673,0.95507535425407641,-10.217486420036662,-5.6589876833903592,-5.0576036602858849,,0.6874076639356235,0.3057553956834532,False,1
0.46782309095807456,-0.8254412215174517,-0.3158929334224021,0.87941177933318593,0.47040241027121199,0.073188078134859141,0.088184340653388621,-0.31203903959410517,0.94596784291682745,-8.3344380387583676,-8.0250467573974724,-4.2894372280060313,,0.08178850138458227,0.2989690721649484,False,4
0.72378287865430435,-0.61093467026392279,-0.32077589254244399,0.66755524176196268,0.73762395054814323,0.10139480644430937,0.1746663784562357,-0.2875234533864387,0.9417122278008927,-2.4987059234413298,22.762798737092393,-4.8461665712092996,,0.09229986020309174,0.3333333333333333,False,1
0.94467887700825903,0.1800442750910238,-0.27416396251397512,-0.14386145950845805,0.97862398010753582,0.14696593491889232,0.29476380341302583,-0.099393986565765341,0.95038683473207564,-5.8257305987991028,-15.814820185619679,-2.8485627406969605,,0.1591595243762424,0.2173913043478261,False,4
0.72380593711246555,0.64575905190138261,-0.2431053522409051,-0.64618350335866981,0.75793012591908338,0.08938011082673615,0.24197488586186586,0.092396813320109711,0.96587317153983898,15.022041866665559,-14.405679022433173,3.8288604582483221,,0.2725565459658743,0.8648648648648649,True,4
-0.59287309242052122,0.80410554226119313,-0.04376954636001526,-0.79471191552196674,-0.59299920253200611,-0.12955661744508451,-0.13013250021088241,-0.042026452398914449,0.99060552678027558,-2.4303437136444379,9.5949216990281059,-3.7129405596012175,0.9471653064093327,0.625527723397447,0.3582887700534759,True,1
0.97151598539788198,-0.0052931334612117201,-0.23691490635784024,0.036036300378154848,0.99142326643786893,0.12562361171659617,0.23421800778641644,-0.1305828836556634,0.96337429658712292,-4.259093181580508,11.40585042927254,-4.4563785084812109,,0.08484504897855946,0.1428571428571428,False,2
0.15426891842654658,-0.87770293529865118,-0.45369445464501279,0.98789781491018047,0.12954501226960086,0.085299455401310204,-0.01609372869146837,-0.46136281510780774,0.8870655808521738,-12.576257978823021,-19.372398075045531,-4.9138163690004211,,0.3225426805153158,0.5161290322580645,False,2
0.8749094949895444,-0.36488467453691026,-0.31842196825161639,0.42952088577036657,0.88837755501098836,0.16216389376102838,0.22370781002052653,-0.27864761624817735,0.93397554662583571,15.509248587284659,-6.8344676485512625,3.5933348502405624,,0.1531859408481586,0.2826086956521739,True,6
0.93631823170682671,-0.19888428741752717,-0.28940146715561715,0.24245581310564665,0.96232094482054387,0.12309986941900372,0.25401446349505585,-0.18542772009092506,0.94925929700856793,3.6791686050781758,-14.016490720368878,0.13187227527774981,,0.126176058420194,0.15625,True,3
0.36347526565324906,0.93102629407009074,-0.032798948282096646,-0.92094866825928279,0.36440488549410383,0.13806748299104163,0.14049655401379932,-0.0199779673175422,0.98987958819853716,14.692705812755829,1.5890350443917318,2.8046579270882903,,0.4199019469884749,0.2272727272727273,False,3
0.70194137192045769,-0.63177039925369194,-0.32885326973173945,0.69333766041441158,0.71177247811278388,0.11252923198998858,0.16297606891042554,-0.30699528013964172,0.93765276031934497,16.888128603832357,-8.9678930836269295,4.1047008348827232,,0.1350696081942621,0.2592592592592592,False,4
0.61096095486681601,0.75204742572898176,-0.24728805285060085,-0.75326165023687286,0.64834144565664831,0.11068087516039865,0.24356436092058464,0.11865091360061458,0.96259979367912185,13.25949549999941,-10.489215979143289,2.9983152209733515,,0.1373405827667449,0.1304347826086956,False,3
-0.84429956045643439,0.51226259391059115,-0.15730634791090084,-0.48913706716930772,-0.85660992251873769,-0.16420831332015889,-0.21886795501872991,-0.061696641095249721,0.97380200387115856,-10.036640126060199,13.051492832766902,-6.7076814804974667,,0.5659700353982322,0.7058823529411765,False,1
-0.71621344752894334,-0.61993046562210619,-0.32050665417782503,0.65032692060441155,-0.75949049224469389,0.015782538677160778,-0.25320583310004746,-0.19713043900795979,0.94711477451290982,9.2014297699105452,-13.54879206649068,1.9405886105273249,,0.3318210128095311,0.5238095238095238,True,4
0.1565627001891034,-0.86718009816351782,-0.47274390346001405,0.98764595043217862,0.13426029178840282,0.080806253741983469,-0.0066028406324693534,-0.47955484712179386,0.87748706605714566,6.5774383061758401,17.042034589575525,-1.023184334427975,,0.2593609126903833,0.1333333333333333,False,4
0.95566571640463016,-0.050539763440941368,-0.29008407539911413,0.094149041138066575,0.98589083794059995,0.13840236167625436,0.27899640954967131,-0.15957752967167954,0.94694034420457374,3.4152832236554604,-6.4597363115821604,-0.28487463775374861,,0.1205152410546809,0.2463768115942029,False,3
0.48361783419260856,-0.74601006647115486,-0.45780210918534814,0.86976502426857161,0.46821389340754566,0.15583501717918771,0.098094816427478818,-0.47354485610536456,0.87529005263752924,-5.0565819411067157,7.63217971793775,-4.2176036612365273,,0.6167071015106362,0.4169741697416974,False,2
-0.9302000215198416,0.30442307596312462,-0.20507196489436552,-0.26021572451688157,-0.94096456559533537,-0.21650280138634809,-0.25887390111527403,-0.14802796058559919,0.95450093043759132,3.3023301489215333,20.834339396316032,-2.4857951889472876,,0.2999763145434882,0.4285714285714285,False,2
-0.76544523441397339,-0.50393950906864116,-0.4001731679068386,0.60300232911233753,-0.77883959085525589,-0.17261831537097866,-0.22468151725950683,-0.37343521916937011,0.90003575089320265,12.62095927814366,2.2200031943056842,2.1521690681075496,,0.3021080352918247,0.3636363636363636,False,2
0.948906962777327,0.040774897100408908,-0.31291050439248436,-0.0042900639947044605,0.99319178818465459,0.11641162842898777,0.31552681556981693,-0.10912139867605455,0.94262153009962157,-1.9699550836236446,3.9848539470830557,-2.7566502518771792,0.208468454529251,0.2568245187073966,0.2631578947368421,True,4
-0.7788755128120457,-0.55467515885094121,-0.29272581658517716,0.57304609494924175,-0.81906895977423055,0.027280252890820336,-0.25489430869519264,-0.14649746512498368,0.95580718981746349,12.707642108011692,15.186889331290029,1.2958268504449992,0.2938802778579542,0.1865394022008778,0.4583333333333333,True,4
-0.05839247827505626,0.97142111297598488,-0.23006811979367503,-0.99718071712891398,-0.045877819165114284,0.059378810150750666,0.047126806248279821,0.23288676856608409,0.97136132163046585,-13.661690849690196,21.586790413779038,-9.0918365576180822,,0.1033857845395832,0.2,False,3
0.69073193661839916,-0.65374200270289595,-0.30904819306607123,0.70290689197082701,0.70734361475038354,0.074745647978822244,0.16973889641242834,-0.26886131103948113,0.94810458414186727,9.3288630003253594,-11.741254671064505,1.8376437645823811,,0.1913677153492118,0.25,True,4
0.69858482762328822,-0.64176219460043538,-0.31641827411857038,0.69636048561736419,0.71145047811451634,0.094447293563000786,0.16450323001476402,-0.28632062931661084,0.94390634309895927,2.1356706327018737,-10.349029326866027,-0.55856691347516862,,0.06801548985410635,0.2068965517241379,False,4
0.9184829680066996,0.29616659943748824,-0.26205797614123277,-0.28191967207139007,0.95508418488689006,0.091298950038351034,0.27732712810102894,-0.0099772319096915474,0.96072374742308542,-3.1638448793403731,-9.8500664249283236,-2.3551488920840677,0.3842396600024244,0.3613831903380871,0.8625429553264605,True,4
0.96005671485903898,-0.021966599465809332,-0.27894188061669628,0.049988319237822806,0.99434052855172916,0.093744766356561593,0.27530396327304862,-0.10394412820057473,0.95572137467923934,11.301194574782235,-10.624996565643967,2.383838871731581,,0.08846580849387453,0.55,False,1
-0.025898863781318549,-0.87561840235772714,-0.48230867948580169,0.99831009893886979,-0.047761464760643024,0.033102701409122581,-0.052021103520594206,-0.48063630318195788,0.87537566156027002,4.3289483223931038,-21.950798617674355,0.89045225131270156,,0.3033062087018262,0.3333333333333333,False,2
0.017063526228711542,-0.88310924913748956,-0.46885700395799057,0.99921745053518174,-0.0016738492636125344,0.039518157530630961,-0.035683646374987152,-0.46916441927800101,0.88238961069638744,14.116586219631387,21.465246514262688,1.308110128561204,,0.2707279607870903,0.2222222222222222,False,3
0.91379906280321088,0.32257504551352278,-0.24681291058597871,-0.30334940115590503,0.94610687344892475,0.11340601761394434,0.27009334245465483,-0.028759763988064138,0.96240452115366926,17.878429814263768,-5.2793198132436681,4.2079780229013037,,0.2632766606819232,0.3035714285714285,True,4
0.94531009066479166,0.19266691595004692,-0.2631887003380301,-0.15547316904450817,0.97549450522458114,0.15568739185916208,0.28673494065875837,-0.10625408121549045,0.95209933516964018,2.9349447777292959,-13.747747040756904,-0.14087695724967822,,0.2131628179912267,0.6111111111111112,True,4
-0.0075494362316947949,-0.94701197951526805,-0.32110950883952044,0.99837603217177751,-0.025270708076866561,0.051055750883060878,-0.056465072367995375,-0.32020259519227556,0.94566484212674951,12.296004966145608,20.915165801157148,0.69845604836729147,,0.4905471147069181,0.7096774193548387,False,4
-0.95788136803861001,0.01525786317807477,-0.28675857855645626,-0.010544176932018954,-0.99978283667163992,-0.017974977875771167,-0.28697056486215872,-0.01419426320903387,0.95783423294150705,18.89168451660991,2.117609813438786,4.1430372196753513,,0.2550457645341877,0.5128205128205128,False,3
-0.9532497373345391,0.14608244900389522,-0.26452760983432028,-0.12329932541273521,-0.98723009057333599,-0.10086637011080243,-0.27588442258380313,-0.063534764968395802,0.95908869194460544,5.6156825629623164,-23.392128242504697,1.3487862852720292,,0.3170214138836664,0.7222222222222222,False,3
-0.52481044000587207,-0.7769028844610929,-0.34784466386143942,0.82951084790854801,-0.55847493458129516,-0.0041833773988272788,-0.19101244792653169,-0.29073640219355545,0.93754284658177744,8.3552762917863692,12.25442904450837,-0.021586789760982807,,0.1008683458081683,0.6923076923076923,False,4
0.87884254213811686,0.45065213102529683,-0.15667942727292467,-0.39352397470629347,0.87035140439199044,0.29601911121454799,0.26976780285937307,-0.19849707724611224,0.94224425860027283,-30.189843362068689,9.9016858574368705,-13.977731092873297,,0.5074424327942172,0.625,False,3
-0.85965392854985123,0.47342109755830569,-0.19200934226098709,-0.45274594378786742,-0.88010099016979082,-0.142980269568174,-0.2366774883938923,-0.035982099561359282,0.97092175534319747,-3.8390014253814249,6.3755798755578201,-3.6110350179862145,,0.3587710565355107,0.1945945945945946,False,2
-0.3143079353079124,-0.85772027902313108,-0.40684941287282073,0.93908971663001262,-0.34367075136096609,-0.00095852947335269001,-0.13900009324543433,-0.38236937326552561,0.91349473806163162,7.4601033467754991,-8.2117049972860752,1.1099141178390692,,0.1079944814300038,0.1176470588235294,False,4
0.95629365792632492,-0.031300026105658303,-0.29072796249359101,0.10956722287033781,0.96017291485557765,0.25702723056171778,0.27110415615104738,-0.27764776596171237,0.92163672592518764,-32.012800077767317,5.5851234318417182,-14.384329343959232,,0.3165134227816985,0.2777777777777778,False,1
-0.40468575694908365,-0.8595670658977741,-0.31204790873588573,0.89960887976188353,-0.43545988272818809,0.03284134570815643,-0.16411368491419959,-0.26743064476279671,0.94949857749532107,2.8613414885954107,-22.036584795105409,0.36317361546157567,,0.284001905181723,0.1818181818181818,False,1
