axis_00,axis_01,axis_02,axis_10,axis_11,axis_12,axis_20,axis_21,axis_22,location_x,location_y,location_z,dbh,dbh_approximation,score,reconstructed,number_clusters
-0.86201028899678078,0.47544497083407278,-0.175756483158587,-0.47039416742946238,-0.87950603363866142,-0.072100374766939784,-0.18885864796728241,0.020523559676087932,0.98178979144529333,-8.6069094477404402,18.981405059005038,-4.9975437560200193,,0.07837369572245942,0.2105263157894737,False,1
0.59392707111515985,0.79735886203655448,-0.10709565503949789,-0.77038675756848163,0.60203048187513364,0.20991317885334473,0.23185098222714062,-0.042168045069288312,0.97183690916498144,1.1317243037848348,14.7321394464725,-2.3939727377901217,0.5557610655685835,0.4175442708427067,0.3888888888888889,True,3
0.33259516190518285,0.94305567811805102,0.0051425914255329164,-0.92921540039018302,0.32677298937730775,0.17256347554199281,0.16105650547239414,-0.062172352237329753,0.98498497484088543,1.1793787251937886,-24.961684799276334,-0.44423623233307941,,0.3616686619095386,0.1538461538461539,False,4
-0.80624928723760914,-0.49487486490588994,-0.32413107674708597,0.53297841954059777,-0.84540472440351555,-0.034997946514382136,-0.25670233955469635,-0.20097193844065453,0.94536457984554911,4.4719802997604177,10.164243559776736,-1.2451524717297453,,0.3119233524267815,0.189873417721519,False,1
-0.92004996571596231,-0.26255537551596819,-0.29081391881016516,0.28190792874110882,-0.9590896617501159,-0.025979615796733635,-0.272095535242595,-0.10588529412395736,0.95642685250327863,1.6429584367702512,9.1379203958515358,-1.7350877241017137,0.2475716309314955,0.2065817783232851,0.4368932038834951,True,6
-0.82572190983661831,-0.47541678602478249,-0.30358229062584208,0.51144844275929158,-0.85800286263015657,-0.04745079680628847,-0.23791556908883205,-0.19444785235204343,0.95162293725026104,13.010577729237548,19.014734247018609,-0.033298034227758531,,0.3793336222828477,0.3888888888888889,False,4
-0.47118476992148289,0.86175214994869953,-0.18806420353919806,-0.88032272934326006,-0.47273372138680347,0.039429948838631393,-0.05492544761467253,0.18413598432293965,0.9813649344060289,-9.9153405741987779,23.065264400301661,-5.5812937993233156,,0.1006744776801564,0.2857142857142857,False,3
-0.56455881909135497,0.82183516423215108,-0.076552613395555663,-0.82136395946851959,-0.56853420596185122,-0.04615303605966399,-0.081452967241053137,0.036821454110911811,0.99599678445504369,14.853946247417387,4.0479862569393692,1.1677028592206529,,0.2755678461840758,0.2352941176470588,False,1
0.42088694162957857,0.88394555478863945,-0.20370183733856412,-0.88903092725855248,0.44657563522624028,0.10096639242877326,0.1802170711766807,0.13860179721665605,0.97381278953647687,-4.3594594124143793,18.016540801303979,-3.8708495030333476,,0.1435350365761909,0.1794871794871795,True,5
0.92793261209672717,0.32650330144171824,-0.17982397380494655,-0.28168818014292119,0.93019235508376485,0.23535919721032203,0.24411644060798721,-0.16774318672117916,0.95512794259905798,-9.5606786683959299,18.908981028714035,-5.1596159868466431,,0.2407499330224508,0.2173913043478261,False,3
0.71404888205763173,-0.60353542116297687,-0.3547945735688105,0.69116763115036639,0.68839065629426377,0.22001274957770778,0.11145178187107055,-0.4023223828329473,0.90868872590639183,2.9568949764053221,-27.230659556255688,0.051549715417383617,,0.4295377236077981,0.2941176470588235,False,6
-0.77907128453614516,-0.49229123429527266,-0.38819746811028666,0.57294773514652308,-0.81044929512071773,-0.12207715932475212,-0.25451684895438625,-0.31752366947106175,0.9134549211230738,-2.8154951982116136,14.369983574073366,-3.2410065405099866,,0.09766192834651077,0.2941176470588235,False,3
0.87807014069528266,0.41838138604103886,-0.23227105681455035,-0.3964665604673317,0.90784731726790735,0.13648265443150648,0.26796845793968466,-0.027753636587761574,0.96302785069051045,5.0363893233348893,-30.01346141639975,0.65115087835644347,0.6431174218573634,0.6777181547218666,0.967741935483871,True,5
0.43627299719241225,-0.82790592224881887,-0.35247362429844692,0.89970371294725748,0.39521632404061374,0.18530322749683625,-0.014110309339946406,-0.39796462294676138,0.91729224244685137,-0.39052189880424198,15.713256725469474,-2.8254640828417976,,0.3711130227904045,0.3333333333333333,True,4
0.29743663271530879,0.9490144261191249,-0.10441775968084663,-0.94429445560938707,0.30855223169321666,0.11447052643587907,0.14085251373103108,0.064553383605540277,0.98792379768923755,-22.354435705025196,-18.221997301169562,-5.950868091729598,,0.3362717767802241,0.375,False,2
0.3690938959570419,-0.89049469567492889,-0.26606182165442199,0.92915524605115907,0.3600190667783546,0.084004763505730301,0.020981532424094368,-0.27821838280541389,0.96028865804313102,-19.842356727682379,-27.469115429252152,-4.9013677114720151,,0.1418540916134634,0.5294117647058824,False,1
-0.7535423980058783,0.63194482528918683,-0.18116178459534421,-0.63890264904490179,-0.76889387184501523,-0.024609325114450839,-0.15484592164780323,0.097200574223617775,0.98314535492959598,-9.5064158992731045,11.549191104573096,-4.6031951011095567,0.2236662053568695,0.14192886703028,0.41875,True,5
-0.93835997029572349,-0.19667373776475838,-0.28425342041961182,0.21083087252715468,-0.9773224782323664,-0.019776671387903358,-0.27391770540811733,-0.078487033421996172,0.95854518737958627,8.9760851703302915,13.513239662808076,-0.54823867598285159,0.1690442186523648,0.1193070360666037,0.1333333333333333,True,5
0.55206314617886809,0.82255608657036416,-0.13648357804929923,-0.80646495183490285,0.5683319056622409,0.16313530111001509,0.21175590686689127,0.020008234614151493,0.9771177546512021,-6.7839085189664132,-21.620349340545658,-2.2958499760677755,0.7041318480873778,0.8220372290055595,0.5882352941176471,True,2
-0.85539399074091838,-0.39527805348593659,-0.33474823530034464,0.43045799963744852,-0.90193405228136714,-0.034941034378489805,-0.28810940830256165,-0.17398340658718431,0.94165956857022703,-5.5554755652291075,10.476460837084382,-3.5841608307007178,0.234558000003764,0.2548662828477239,0.3703703703703703,True,6
-0.96588015067260202,-0.019728643686125306,-0.25823693607804771,0.038463396615514373,-0.99696412446681804,-0.067698608899361676,-0.25611735914902262,-0.075321412257186277,0.96370668940197424,-4.3505830542137236,9.5357593149791295,-3.248738547815301,,0.09603139239108013,0.3454545454545455,False,5
0.82342241827269391,0.52229523393603261,-0.22177287862508233,-0.50387517657554814,0.85276346730633668,0.13749281893479676,0.26093165296090659,-0.0014688210855389877,0.96535615968807542,8.0186863409518896,17.498346914182378,-0.97975122185989516,,0.1865685165422552,0.3846153846153846,False,7
-0.23923589124593209,0.96475384806841424,-0.109618433563656,-0.97017982029699523,-0.23298588534878215,0.06684828731338098,0.038952594627992235,0.12234210176970679,0.99172330087898808,-5.9183879683678926,-32.753617661698172,-1.4973144992241174,,0.4235943783533243,0.5,False,4
0.18918573260613991,0.97790566137067902,-0.088934110651952558,-0.97348103466807745,0.19864832595473428,0.11346152535970766,0.12862128019829444,0.065110368256961759,0.98955404411562831,-18.274683906758629,-23.986523592236878,-4.7277078219716717,,0.3197207994955229,0.2,False,3
0.094269552299343154,0.98655304318282566,-0.13351533431028734,-0.99355920676142961,0.10170157457369973,0.049968914225038609,0.062875704122343515,0.12794484247493745,0.98978622091600321,-20.911125333207107,-21.51125738786503,-5.3773372928783036,0.6646461062226054,0.5147252976856678,0.7843137254901961,True,5
-0.62221691615160279,-0.61166223768275241,-0.48858511668665999,0.74953184659958805,-0.64559741899324119,-0.14630783821202714,-0.22593831058012465,-0.45724531663232248,0.86016196162699832,31.216770877208337,-0.0012297842179016527,4.4870930922301291,,0.3979723502332065,0.3684210526315789,False,1
-0.73750489479350934,-0.61993454865486486,-0.26789491510609842,0.62931892107523946,-0.77479239138767586,0.060452012575786217,-0.24503923304710068,-0.12400768376135159,0.96154972239392444,7.4226069013329843,11.450280297766318,-0.72186210744739832,,0.07981918391065113,0.375,False,3
0.12878922037513682,-0.85124654961700763,-0.50871666817621053,0.99053334726578079,0.085849301053579671,0.10711482373164238,-0.047508153717160967,-0.51769605877749547,0.85424455869302152,-15.368268620013135,20.581929999675346,-6.6828050658554217,,0.4990613858304715,0.2105263157894737,False,1
0.54791344487269023,0.82116790107940663,-0.15960618773902358,-0.81146005128307519,0.56809025977229455,0.13713512286616053,0.20328168166219898,0.054375867705166586,0.97760923835236901,0.36859559894366406,-23.184027630148325,-0.67527819181858961,,0.1255762719528269,0.3,False,5
-0.96613066818815063,0.10412468145714476,-0.23611349537408291,-0.065159846999703716,-0.98376517411145337,-0.16721326665201633,-0.2496912620122981,-0.14616474580729533,0.95723045331717049,11.5648518270993,6.4991135672012321,0.44480865616413884,,0.1649802899227661,0.2666666666666667,False,1
-0.93975913505257025,0.25913874770391487,-0.22293469340524744,-0.25526532867646673,-0.96575029549858937,-0.046540076494166138,-0.22735958317374777,0.013171035754039745,0.97372179997996611,-11.518230648126877,14.276988884978122,-5.3851477403270787,,0.08457244880953135,0.4193548387096774,False,5
-0.31545977225455252,0.9184922617359087,-0.23844726297519417,-0.94892472684286977,-0.30670947809408822,0.073967282182311925,-0.0051956592739957203,0.2496022058766863,0.96833452068291004,-21.404536235017023,-19.897784214436324,-5.5399009845593117,,0.6586534227285618,0.9215686274509803,False,1
-0.14984444011026912,0.98250051579261544,-0.11063173249698521,-0.98782996534806722,-0.14405202849604329,0.058659804351970421,0.041696562549882472,0.11807518601899249,0.99212884602661544,-12.092741547386362,17.675257583130893,-5.6950595821890353,,0.0926921485076129,0.1333333333333333,False,2
-0.96085562814218173,-0.088116596006604153,-0.26266314430407278,0.084011540899146517,-0.99610320604920999,0.026841458496810626,-0.2640047781068447,0.0037240309738052549,0.96451418275215695,-6.1553999134084139,18.087059467813855,-4.2789217338653414,,0.09231340674637693,0.3,False,3
-0.91082414384104426,0.34889314062355342,-0.22061948105745974,-0.35905881689974478,-0.93329273983472816,0.0064364414347397869,-0.20365692967042648,0.085077836112706973,0.97533871900975755,-10.864359311836424,20.521172310139651,-5.6045123685066098,,0.2739377748865966,0.8297872340425532,True,4
0.95700477093976855,0.20230135077768741,-0.20788466002099584,-0.12288707160164562,0.93192915096971851,0.3411844445546024,0.26275584871072616,-0.30096880410830529,0.91672086423399535,16.072396055342296,11.659997513675439,1.0323786769271843,,0.2832777810408769,0.5555555555555556,False,1
0.18670215654368635,-0.90483192732027495,-0.38265060831496611,0.98212929057621789,0.1624887238668217,0.094970896638847113,-0.023756290413100775,-0.39354364169429612,0.91899893402974064,-11.093353921378094,-19.411904152547443,-3.3777447835457699,,0.505135621753715,0.4912280701754386,False,5
0.94501651575385948,0.24801509712670855,-0.21314853166199671,-0.19131450710773837,0.94789608022349525,0.2547386513017933,0.26522168901234117,-0.19995382640540477,0.94322633709162218,-1.2493202218769901,18.099346037671115,-3.1773399891534688,,0.1372096005246962,0.24,False,1
0.52728235527347356,0.84661692210863171,-0.072201835271457016,-0.82370236857505796,0.5301616663074159,0.20110448921390278,0.208537108978472,-0.046566026000210065,0.97690525610288814,-18.176155895971686,-35.436805838190871,-4.0655031119539426,,0.3206409119897717,0.2666666666666667,False,4
0.89489375837296059,-0.33039946586255498,-0.30000225696293714,0.39236858504451944,0.90278052227483474,0.17616532596211776,0.21263126462324286,-0.27536071171994703,0.93753102548438627,-19.114583587454565,-22.503462830604889,-4.9797608998064913,,0.1603512937389527,0.24,False,4
-0.15228221345845769,0.98442746293851147,-0.087821965798082907,-0.987127913644543,-0.14710020500689563,0.062769513226581711,0.048873403482522525,0.096250194282277796,0.99415657244352573,-13.331924965138077,13.093649809610422,-5.6968801543299854,,0.1450782619770261,0.3846153846153846,False,3
0.70102453847389445,0.69034340538932315,-0.17885910402587035,-0.67164064833548198,0.72343650214186983,0.15980759328714988,0.23971532274962731,0.0081000002598909104,0.97080943239898154,-11.877154683861065,-26.116830888971624,-3.199040364362471,,0.2360240783920861,0.6470588235294118,False,5
-0.94308483943142019,-0.14905901261650598,-0.29727495083239913,0.19852816885350516,-0.9695048857121622,-0.14369009274101627,-0.26679121388510363,-0.19452939967531924,0.94391777229569795,-14.837163401223172,13.595699242694122,-6.0845599872904845,,0.1339585699198639,0.3125,True,4
-0.96329797465450917,0.13650771888915691,-0.2311334132275113,-0.10892265491895592,-0.98574560330474226,-0.12822425983711519,-0.24534234708245248,-0.09834250479344589,0.96443552634638274,-23.560047493286056,18.184756144599536,-8.4716889433506264,,0.3811387328295348,0.3166666666666667,False,1
-0.93093041043698599,0.28438476293835191,-0.22911542403802182,-0.2942537339990916,-0.9556813284695731,0.0093775499051722763,-0.21629450051080124,0.076147915422088486,0.97335408974619986,7.5725390802075383,9.4550992381536929,-0.48280910913734076,0.7824865739625628,0.696848137270136,0.75,True,3
-0.4827619401046036,0.86850688493202632,-0.1124130775849019,-0.87483778661065104,-0.48413114128362505,0.016609791015968413,-0.03999695369173259,0.10636178291606782,0.99352272990118273,8.8844956999874398,6.4669367034197043,0.023655401195226206,,0.6048413976103743,0.5238095238095238,False,3
0.96903358312921972,0.052648738460419495,-0.24125095876756983,0.028271697852219075,0.94692510280806286,0.32020862070295991,0.24530516885768663,-0.31711348128148931,0.91611375610304857,-0.1152323901237291,13.920807533799229,-2.6030083857557877,,0.4794422428742452,0.4615384615384616,False,4
0.66537822390521817,0.74586243203154401,-0.031000832839272269,-0.70610004382031966,0.64229755400677857,0.29812175404329799,0.24226957561708151,-0.17647403378656126,0.9540243016450991,1.6502558123046038,13.281671069619795,-2.1122891142921225,,0.5584675918643991,0.546875,False,2
0.010884445401736383,0.9999316571284026,-0.004267308372196188,-0.99510865507178337,0.011250784138241819,0.098143692907396524,0.098184996050940915,0.0031781958280573952,0.9951631050344234,4.2189666316848262,16.189319894820382,-1.7406201979455989,,0.2440546173238679,0.2105263157894737,False,4
0.71809549175953069,0.67856264774365294,-0.15456907129746184,-0.65238492086087196,0.73367845595889303,0.19002588848661511,0.24234846759983963,-0.035618202493904461,0.96953523087256155,-9.8134811901054597,-20.097793099321187,-3.0876855533074199,,0.1130762065464771,0.3428571428571429,False,5
-0.22443857673376219,0.9680792463311827,-0.11157911138099205,-0.97320120232445284,-0.21678521182453975,0.076704574364429318,0.050067405244948633,0.12580439084959705,0.99079085087368413,10.669049261679175,7.910894098286815,0.25318608606930437,,0.1682856556904242,0.2592592592592592,False,2
-0.54560589153255223,-0.77810767999890607,-0.31122764891906907,0.81250242272677942,-0.58213178017548861,0.031022630011546752,-0.20531445197083842,-0.23594708906116824,0.94982890405350262,-13.88865638206051,12.646883315658883,-5.7832808724928917,,0.2544655369148485,0.1578947368421053,False,4
-0.96194662552416776,0.17482789902798196,-0.20998546464965065,-0.14223973098826076,-0.97657402737669208,-0.16146525317125293,-0.2332949818814265,-0.12545267942428079,0.96427956353653721,-15.986673464913597,12.749464595544918,-6.2745717642901315,0.1320404359252104,0.1629239602901073,0.2816901408450704,True,4
-0.95591367199695687,-0.085165872439667251,-0.28102637929718333,0.1304349786777621,-0.98057197253676387,-0.1465104877225234,-0.26308889757385395,-0.17670704809641927,0.94845076368065806,-17.855943837136188,-18.615456528187682,-4.8115085844330103,,0.1706814406669257,0.1935483870967742,False,1
0.34662609402918937,-0.82714029886598728,-0.4423678072938334,0.93291256187315807,0.35306700369528077,0.070836733414938277,0.09759355940496274,-0.4372443446101083,0.8940318116650815,19.16553428885728,4.1248786109840063,1.8937878100791981,,0.249224670305552,0.3571428571428572,False,4
-0.75595538991088707,-0.5824476901279978,-0.29880785921598446,0.6062801000688004,-0.79509041486856447,0.015989760620491532,-0.24689246388912942,-0.16907371306236554,0.95417932844201803,1.3009497125024776,11.588801716204527,-2.0423560798806788,,0.06485519378274252,0.3,False,2
0.42120953927297661,0.89705267522916476,-0.13371245973971649,-0.88804649031608507,0.43787122145523782,0.14015072050682353,0.18427141683595494,0.059710060169931217,0.98106001531597076,-1.5201260607535749,15.188752583443847,-3.0450274180187256,,0.1768032988125476,0.1904761904761905,False,1
0.86797780378517675,0.45816043149431246,-0.19158170880647496,-0.41787334892679412,0.8822775462238055,0.21672147029311306,0.26832144229071453,-0.10805253556603091,0.95725036075458558,8.2013874340670405,8.2287875659706788,-0.26500326698926452,,0.2321826179195645,0.1739130434782609,False,3
0.92829827622167316,-0.2629872872411807,-0.26286878307131573,0.29945877923467684,0.94783357361053633,0.10925180216342713,0.22042402297196825,-0.18013662449986198,0.95862612451917251,-6.6347654339082087,7.6022331202182558,-3.6200279802463093,,0.4006026004073219,0.3445945945945946,True,1
0.92902634057497324,0.29188005851192822,-0.22741171904928131,-0.2551541987304321,0.95046026391429617,0.17754329497392957,0.2679671498301745,-0.10691734266732317,0.95747704330122341,-3.4703058966240419,20.197095024830897,-3.843870750927989,,0.09754055057176166,0.3478260869565217,False,3
-0.97162378926079784,0.014353220321731355,-0.23609573737974124,-0.016663658653108329,-0.99983077748203619,0.0077935152504446797,-0.23594392262311104,0.01150658359644877,0.97169854580068005,2.3910356301428228,-24.08356917682174,-0.23577731610956079,,0.8547037878296609,0.7580645161290323,False,2
0.1424328315671341,-0.86969523491723455,-0.47259188191718526,0.98763195558685879,0.093257474445632454,0.12604032594253936,-0.065543945528536263,-0.4846991250479834,0.87222173177597073,-15.475515496665135,-22.403442361570281,-4.1896536331425258,,0.5740068494698612,0.8681318681318682,False,5
-0.65157651241817538,0.73692388337109949,-0.17997566108289925,-0.7498831292578112,-0.66154208623455146,0.0061123313843043023,-0.1145571513240511,0.13894336348921682,0.9836520730536904,-7.4619947689263419,17.460838456798161,-4.5951993052316444,,0.1104993879518348,0.5,False,4
-0.95779456324941836,-0.079825272050113361,-0.27614760645709341,0.1032817694595602,-0.99208288682956813,-0.071445236070803997,-0.26825817919899214,-0.096950872105598163,0.95845609064307447,-0.61387057450597782,17.066124235237652,-2.9615360874857841,,0.2130437427943011,0.3,False,4
0.86679807837974188,0.4865573808159519,-0.1091925203056905,-0.42309955903035978,0.83349524737867253,0.35534833015715966,0.26390879952268176,-0.26181594254492457,0.92833429203267648,-12.770883865936096,-20.275872579382959,-3.7427190912607133,,0.1722926599490842,0.1851851851851852,False,4
0.67899114925955983,0.71251618488530744,-0.17689461694372918,-0.70769877351785881,0.699337689303549,0.10044522029888357,0.1952779178209888,0.056986687884619983,0.97909093153569737,10.329253602607141,12.941591545897539,-0.15056422600543973,,0.2090372513093909,0.2272727272727273,False,6
0.31058489014736446,0.93672976710743983,-0.16147560009794476,-0.93758335474819576,0.32985559384423918,0.11014871814408025,0.15644321305594977,0.11718630732515692,0.98071040091569583,-12.636198632970103,-21.799067728268597,-3.6348874817766017,,0.4467536029651658,0.7560975609756098,False,5
0.9641588495854031,0.10092466549469967,-0.24538118236926165,-0.056694449651223326,0.98183630561432789,0.18106133865724769,0.25919770860271657,-0.16066014089497302,0.95236803126874747,-21.418778726449158,14.105084687321128,-7.6849198563198486,,0.685565053619437,0.6865671641791045,False,1
-0.8648587181394628,-0.41420868021384866,-0.28363809140111795,0.4265537191940747,-0.90424386015087432,0.019873752065233882,-0.26470988326821093,-0.10379889505649598,0.95872543884325012,6.7476758611663019,13.312531746611461,-0.94323111531338411,,0.08031815580136872,0.4347826086956522,False,5
-0.24174066408521397,0.96631222804473915,-0.088329662395221109,-0.97028586726389143,-0.24169278392428542,0.011398859016962221,-0.010333785153544627,0.088460590830847924,0.99602607232655282,15.755795235670945,3.1096059038368331,1.3777265464634354,,0.5357567488026574,0.5109489051094891,False,3
-0.2850377986769857,0.94128827135547344,-0.18091391194157269,-0.95851624078949949,-0.27996652732537125,0.053529054915424645,-0.00026356810249790474,0.18866672675911095,0.98204113801095838,-9.8421764315484612,24.606057520672174,-5.636438570905498,,0.1620713899390042,0.46875,True,3
-0.82044355377007661,0.53420458854619601,-0.20371016826195931,-0.54836047826890855,-0.83608928983430131,0.015983907440501328,-0.16178121321655414,0.1248204991199848,0.97890075188939174,-0.96422930851708355,-24.906357849660921,-0.89990319845918065,,0.1525980729138196,0.1052631578947368,False,5
0.68205741332735381,0.69583810170515714,-0.2249600434311905,-0.69183403080569306,0.71364995987921798,0.10986086010740168,0.23698809831792639,0.080703599546451649,0.9681547243472497,-4.9792569659169947,-23.247048043916898,-1.8878667617721578,,0.7953610726325326,0.9180327868852459,False,1
0.90343989878140107,0.34215680422383454,-0.25831196374381293,-0.30675823632722254,0.93683586206923242,0.16804151863872963,0.29949246023107889,-0.072576090169773219,0.95133431421367576,-19.49693624035859,-18.218411493757628,-5.2313169677204323,0.2789990704271703,0.1623038971498045,0.4230769230769231,True,3
-0.80740214663246823,-0.51204250959736386,-0.29311131328987755,0.53120502957753823,-0.84708198443277127,0.016532640471678746,-0.25675472763867435,-0.14235371443932418,0.95593536906033461,-14.539382596091256,16.379871496548066,-6.1355975257929218,,0.07597053559559283,0.2413793103448276,False,2
-0.83820188153241826,0.52937346287058273,-0.13107762053044336,-0.51647497667605557,-0.84772084486335419,-0.12092546320618357,-0.17513196242543219,-0.03366163977838868,0.9839693540677209,12.471321846443784,8.1807720807783024,0.59888749359127502,,0.2790699120556563,0.4375,False,4
-0.77530886566769119,0.62378198407855356,-0.098955541310738193,-0.61244886837251067,-0.78080902348754977,-0.12346518727823565,-0.15428073906456741,-0.035118445003187115,0.98740272856329936,-10.470504001276401,22.163175212300377,-5.5860046792007756,,0.2521663813797905,0.2272727272727273,False,1
-0.95813000466145881,0.13539691168270504,-0.25229857406299294,-0.14788036941823807,-0.98851614124983966,0.031100399181576942,-0.24519031487430171,0.067108231948947578,0.96714952034136248,-5.174263498413711,16.203460709173019,-3.9061698718149986,,0.07653531853939227,0.5454545454545454,False,3
0.4500731576947079,-0.83608128929245729,-0.31369129796310291,0.89183530930386767,0.43871557289329416,0.11026525826289379,0.045430538204917714,-0.32938840871525876,0.943100918461243,-17.415251567129495,20.50198914685998,-7.1360226817219967,,0.1321547534022746,0.4375,False,1
-0.3448889351578312,-0.85130836361861029,-0.39538044013165502,0.93263277155757185,-0.35838940254747981,-0.041870628828600737,-0.10605534320598511,-0.38318547229072297,0.91756261802821737,-2.8290178950000238,19.196140071427035,-3.5835172127250714,,0.2639317926207798,0.2258064516129032,False,2
-0.75754729821312672,0.63022846581707304,-0.17010047573081874,-0.61710469018384717,-0.7763699194771192,-0.12818560560449188,-0.21284711020610664,0.0078631421804956358,0.97705387705692026,-3.6441551155861109,-21.393477614097812,-1.6548086167414446,,0.681140136586595,0.7804878048780488,False,2
0.75285748115160578,0.6356430232017044,-0.1707734175129651,-0.59442850539966341,0.76804816548547306,0.23823678864256567,0.28259576260514341,-0.077845761280864845,0.9560751395200171,1.4124462808617586,10.613780060761336,-1.8860134316692829,,0.1962268684471007,0.1346153846153846,False,2
0.63807617867881539,0.74363369814072522,-0.19966900909302371,-0.73812936096415682,0.66456769852969744,0.11625326039981509,0.21914341579268712,0.073203121931312745,0.97294268395123007,-9.2188063155734774,-21.717525676578756,-2.8374645190656986,,0.1821698851441164,0.5,False,5
-0.048653733954634543,0.98944920830137306,-0.13646640012859002,-0.99803253332846176,-0.04275019775128959,0.045863743961844894,0.039545879560880501,0.13842934943143526,0.98958245670875977,-13.216470361735123,16.935821913617087,-5.9155348101215255,,0.4285807237569904,0.4130434782608696,True,4
-0.75424674647994416,-0.52935242931158089,-0.38845572592812666,0.60373957905350495,-0.7916900494974114,-0.093409775779004278,-0.25808984115752542,-0.30498011592350571,0.91672065689749183,15.764537963466029,8.0818726123142728,1.1173938446048044,,0.2921177620311065,0.4,False,5
0.33716363111658992,0.93809897298077938,-0.079315841700665413,-0.92915238744435769,0.34514843434283871,0.13247037094059683,0.15164605751132565,0.029032312396638865,0.98800839980142741,7.1528358306447384,-24.979019447473124,0.83725931400068399,,0.3818365776583465,0.3529411764705883,False,6
-0.66106919405915066,0.73083523725307187,-0.16990402189245216,-0.74142863022272276,-0.67102975838062784,-0.0016277756887790734,-0.11520029059009275,0.12489563385836203,0.98545927043743187,17.554865905717708,12.061138543533017,1.2480640760952615,,0.1551954415791557,0.2631578947368421,False,4
-0.90940586862384221,0.33394949383786676,-0.24790865591574107,-0.32588088913759095,-0.94249664170411629,-0.074173623825170606,-0.25842331978250299,0.013334764411019398,0.96593973510291742,15.13989748222197,-8.5231226165410465,1.8304431211078824,,0.2246975931635865,0.2608695652173913,False,4
0.73734773524744435,0.670785057858025,-0.07978548414261144,-0.62896722934288163,0.72481946349120641,0.2811351450051357,0.24641132631882789,-0.15711190756503984,0.95634580919407508,-1.5223219854627299,16.239488830197772,-3.0897984829820899,,0.1730977701628781,0.2608695652173913,False,1
-0.80395642857075855,-0.52462585465409473,-0.28003887870831762,0.53771111092424129,-0.8424231032687215,0.034497482048919406,-0.25400949224068259,-0.12284554410949525,0.95936862057504912,-3.4182500654896444,16.169492599085931,-3.5431591164752847,,0.0792940997763444,0.2631578947368421,False,4
-0.49026137225157135,0.8665329581505623,-0.093618477432831998,-0.86739931601216191,-0.49559181026846377,-0.044801609083381461,-0.085218621554442223,0.059240104943041494,0.99459961618065051,15.607024279748796,12.276343530564239,0.90621576764757472,,0.5534878068064439,0.4193548387096774,False,3
-0.649288193586541,-0.68551964154628198,-0.32937465403910959,0.72401500628025017,-0.68973434704725622,0.0082946479312820606,-0.23286715601418634,-0.23308657524094278,0.94416287582827152,5.9627937003248004,10.4041657522229,-0.95711825848732135,,0.1135914838200588,0.3225806451612903,False,5
-0.95228943033639979,-0.11489976392679796,-0.28274172864849634,0.15571229969064138,-0.97969186631769267,-0.1263231047592116,-0.26248527691020257,-0.16432252225583971,0.95084151575583364,-10.727257676049007,11.241905218985412,-4.9103509658330866,,0.09728520884443588,0.3142857142857143,False,4
-0.93047102124231618,-0.25387529624940652,-0.26414203107903128,0.25156858044499403,-0.9668785240814145,0.043118082089014603,-0.26633987302161582,-0.026329709919033967,0.96351949560681294,10.47935467535952,9.267797744274505,0.14770025742488116,,0.08968180037166296,0.24,False,1
-0.89921172588311415,0.41577015882681045,-0.1362110386989332,-0.39440853809924825,-0.90508442275437051,-0.15894682369208868,-0.1893678354650738,-0.089204051009575694,0.97784582638305295,-18.08963765876614,17.139528507983716,-7.121305162785502,,0.2873447024865907,0.3947368421052632,False,2
-0.39217959574099509,0.91549871370944558,-0.08976229654359924,-0.91954359412647524,-0.39283412307265297,0.010996829120470654,-0.025194110133018782,0.086853076779646682,0.99590250520244927,-7.3398059582647921,21.530064920834519,-4.8623011533545464,,0.1438369003669594,0.4615384615384616,False,3
-0.78435904780298549,0.58762952906496368,-0.19867667377043249,-0.60330938057682326,-0.7971432974004099,0.024090552455500361,-0.14421745885156761,0.13875914377254736,0.97976896490035115,-2.449045359060523,17.312690525677024,-3.4081752610610652,,0.1015617008085557,0.2647058823529412,False,3
-0.23427836455018161,0.95425130652976353,-0.18579045155748025,-0.97211032303007749,-0.22783669908010865,0.055605381130240786,0.010731624390158602,0.19363595363082836,0.98101475508752101,-8.6729807973029782,15.904977676663732,-4.7827297018757804,,0.08668860341481413,0.45,False,5
-0.94656996721516617,-0.17962958411991586,-0.26784045563578662,0.20275743422516948,-0.97732013419538111,-0.061112831408378782,-0.25078819755464127,-0.11215421438906739,0.96152312097113157,-16.539695959635765,15.814704746664262,-6.6192637311266225,,0.2543455306852048,0.7710843373493976,True,3
-0.22079857149251131,-0.88944031175985405,-0.40017986286593804,0.96554408840293016,-0.25728480845420104,0.039104228528898541,-0.13774107657856335,-0.37775714308960412,0.91560195318039761,-21.476184545254725,21.351897509159656,-8.2282921423989084,,0.3035213971010189,0.2222222222222222,False,1
-0.93641720928205208,0.27242095454155846,-0.22115522532167425,-0.26630135275960592,-0.96216553883443456,-0.057628685546753072,-0.22848719806330128,0.0049294427787338474,0.9735344374571826,18.647117062323897,5.3473609838902636,1.7838156952876247,0.6732320491375503,0.4706246011058325,0.2666666666666667,True,6
-0.29674738841844456,-0.80472588307175874,-0.51415682489023828,0.94235737900126715,-0.33393373588463149,-0.021232764304150741,-0.15460775436146521,-0.4908202452553394,0.85743333801456145,-7.4809384051752632,20.196770608318182,-4.7890637333515205,,0.4757593469644709,0.25,False,2
-0.78324717609636374,0.60356618566405329,-0.14910305382526112,-0.59812692833941372,-0.79697281696634803,-0.084133861268715499,-0.16961143455655048,0.023284942337724962,0.98523589699523184,-2.1438614491306471,-24.394009208545445,-1.1768419350404591,,0.5308398605690725,0.1,False,5
0.96421449892305078,-0.02754116565246971,-0.26368899154320946,0.096161671111114413,0.96319176908499771,0.25102698854113664,0.24706949037809062,-0.26740063605275372,0.93137187350858663,-10.331138196075123,12.187837623613932,-4.8341185126490052,,0.07893675895489632,0.1153846153846154,False,2
0.91065487522695243,0.367369152500715,-0.18907036789589809,-0.32202736464815956,0.91779692624333598,0.2322653194001334,0.25885531604188683,-0.15062771315130252,0.95409916538463846,18.298078334157236,9.136535542551135,1.4954760395826905,,0.6657873166160467,0.2,False,2
-0.64396674613306737,0.75981986571021565,-0.089334212633798676,-0.76023963704286368,-0.64861570762306053,-0.03651517620897321,-0.085688529825907134,0.04440085018046111,0.99533212565431017,-6.0727322670993225,-24.956594043159026,-1.9863603449403386,,0.4632486787784862,0.8076923076923077,False,3
-0.93613438356351519,0.27679198588054593,-0.21688386860820713,-0.27029864347416138,-0.9609258753003368,-0.059666619766085394,-0.22492456345669881,0.0027674411621836717,0.97437225023254215,3.778755688092494,13.28675943210812,-1.6200645632002446,,0.6799806191983967,0.6258992805755396,False,2
-0.55308218275636811,0.82106576837548073,-0.14124837386473976,-0.82949040785855932,-0.55851924847355261,0.001382879307593593,-0.077754500757785977,0.11792901715235371,0.98997322414567734,-20.442203826405802,-26.167352394559217,-5.0671637877890277,,0.0956773533853169,0.2857142857142857,False,1
0.4959270494998847,0.85360599573842166,-0.15941507335806707,-0.82595253456261575,0.52036032457880355,0.21685834836093948,0.26806486570218657,0.024123363025521954,0.96309879614316218,-13.006477975118724,25.777055268301059,-6.5296112004070013,,0.2459198663631813,0.4,False,2
-0.26337557869928557,0.96196654085400024,0.072482265570315785,-0.96464310890676541,-0.26338441502514504,-0.0096084525576613233,0.0098476892470815702,-0.072450149753133797,0.99732341736130969,10.44463458333918,10.381716002390734,0.062724050016183822,,0.5829494168504863,0.6,False,1
-0.96582385268567383,-0.043709185775393705,-0.255487363018712,0.038521843552976422,-0.99893805605932673,0.02527504155672998,-0.25632080124851947,0.014569393785142094,0.9664819603138235,-7.525126629041611,12.785788252573754,-4.2326485580104682,0.07774850162843694,0.1091420946955203,0.3950617283950617,True,4
0.10705253020259917,0.98084013226334676,-0.16276483256171356,-0.98740785496972361,0.12405833941050079,0.098159341719465137,0.11647095655703751,0.15020706829017744,0.98177001019299803,0.45077233612068657,-25.748505305703468,-0.5466376277044972,,0.4847677367165717,0.6896551724137931,False,2
-0.32533099389009046,0.93950893829680981,-0.10715735753968256,-0.94537833806891847,-0.32561415093035811,0.015336969190536169,-0.020482732350333072,0.10629383601274082,0.99412377403478336,16.827118316980947,-30.407677920850372,2.7098535575720737,0.315933178957198,0.268530684285278,0.4666666666666667,True,4
-0.94885098217536024,-0.16871712199339978,-0.26686390983255781,0.17215740821683265,-0.98501209966204051,0.010629690279698095,-0.26465759089986096,-0.035856607001272238,0.96367560066312707,-3.2227909592665931,10.985510120801969,-3.0647446766301014,,0.07805539804513087,0.2291666666666667,False,1
0.95524335232532476,0.20073488404013773,-0.2172916109003501,-0.13488758344001212,0.94929521945475948,0.28397874243339988,0.26327832738755846,-0.24195886561507501,0.93388459119865386,3.2109045796762357,10.742425937126868,-1.524839138330742,,0.2807197776561233,0.1511627906976744,False,1
0.08365548369371012,0.99045944998232138,-0.10950725084984325,-0.99174482317237944,0.093469405666221902,0.087781979444477368,0.097180068732013125,0.10125980518015204,0.99010226042369975,-12.774385946624639,-24.788583434679595,-3.462059371549111,,0.1171567393375823,0.3333333333333333,False,3
-0.96213910352026366,-0.0072146311483296532,-0.27246338208026816,0.079927217730897032,-0.96316993873621126,-0.25673976898930556,-0.26057625629174747,-0.26879661123659598,0.92728010678796535,14.631849580343021,6.325616622044655,0.9825276805920593,,0.5631913492795216,0.2702702702702703,False,1
0.78822995135658824,0.57983834987809957,-0.20610927149217131,-0.56053441761894185,0.81473029946218911,0.14837690454665037,0.25395808797710034,-0.0014237797915187256,0.96721417607586802,14.494771571105193,-28.626222175184932,2.1424714299328573,,0.1488985879363641,0.5,False,4
-0.67464654547882141,0.72774811644051018,-0.12342899858129824,-0.72638047932418592,-0.68428047214676957,-0.064277793174316797,-0.13123809633737535,0.04629162403593276,0.99026948231976597,-2.3198187112796491,-27.355492061483048,-1.0441174991802726,,0.362304717907151,0.2857142857142857,False,4
0.83631914287534792,0.53214688321931414,-0.13187109592406179,-0.50864144056703642,0.84288674618625326,0.17557282831190277,0.20458293232362654,-0.079759813086042464,0.97559427838540835,10.006665492631667,15.312877629592389,-0.45563909777085893,,0.20573043277204,0.4285714285714285,False,4
0.41405651838699192,0.88138653216160168,-0.22740927972575853,-0.89290958061102943,0.44182244497888251,0.086633757657839872,0.17683235120949328,0.1671846525163958,0.96993794210180984,-8.687221613074394,13.736048683473737,-4.5716720802947028,,0.2583812556186936,0.6122448979591837,True,4
-0.90590739569140011,0.38986893376072168,-0.16532998796317055,-0.36226448304525977,-0.91564754618102873,-0.17422403822839849,-0.21930853780820919,-0.0979376621169704,0.97072755167631153,18.944625537947314,2.6159764097202549,1.9532068729010503,,0.5468950218411459,0.5555555555555556,False,2
-0.3936957179278574,-0.78460347025610155,-0.4789583240192743,0.90158533481740344,-0.43120666429739796,-0.034708741084955072,-0.17929742253434716,-0.44548648366431298,0.87715119970558431,8.7407047347649716,15.906445463860798,-0.76789959897157101,,0.1478056364243429,0.5454545454545454,False,3
-0.49067424838249929,0.85564682966947525,-0.16464290100349166,-0.86941097996295502,-0.49334308537048582,0.027150470290285451,-0.05799422293749204,0.15646438250830669,0.98597949629400017,-12.367675983975076,18.888494499908155,-5.8328815439861463,,0.0783173689241376,0.25,False,1
0.8212317040618945,0.54606755215385572,-0.16549536769436396,-0.493402406172126,0.82528261151209037,0.27470470822201132,0.28658777682789127,-0.14394040301624794,0.94717928954995967,-8.1537659731812298,-23.571947854109986,-2.5214747977112046,,0.4059805590563451,0.3076923076923077,False,2
-0.63467918055906436,0.74082821031447299,-0.21989975117569086,-0.76567110092716884,-0.64134421388759177,0.049247989988276605,-0.10454713276725044,0.19962755850624198,0.97427857151585973,4.1147310722878032,-28.170140819523557,0.33688761230775321,,0.07500680563500575,0.25,False,1
0.034475123198675794,-0.93485069332152215,-0.3533633357844399,0.99674194969810026,0.0063653079159641359,0.080405028245540466,-0.07291742996339981,-0.35498403351616487,0.93202434751251428,-24.225589751054628,-17.690124415332431,-6.3635861149686654,,0.2286463917703003,0.2727272727272727,False,1
0.62372359723674342,-0.72858405091268907,-0.28307976792012818,0.7751080086719877,0.62326070128850664,0.10369991862053592,0.10087838788662051,-0.28409748148305697,0.95347373947706682,-2.1151502912278044,19.892140573649495,-3.473706146065993,,0.07676255061549575,0.2,False,1
-0.96636783247630809,0.029699895627600937,-0.2554430045132432,-0.014339074950668437,-0.99798630018805601,-0.061787827009174068,-0.25676371099632106,-0.056046952072937251,0.96484772678321229,4.5903187200326139,-31.972651155719941,0.65117168442163975,,0.1426137537907433,0.6363636363636364,False,2
0.96336355865555479,-0.0063079151538953798,-0.26812471736286475,0.090923441609974592,0.94820209775367559,0.30437757733007487,0.2523164315305334,-0.31760508815499067,0.91403688457181942,-9.5162557424855887,-30.185629978154125,-2.4912481557592061,,0.4274006790221692,0.4482758620689655,False,3
-0.91494214286825237,0.35339951523934376,-0.19490935799044473,-0.34276070472622638,-0.93538493612753149,-0.087006439768989113,-0.21306331101161219,-0.012798589543035144,0.97695456476055087,10.423817890483193,-30.991745795085038,1.484312459450472,,0.3044923998101073,0.5,False,3
0.96896669215003606,0.048662263303186119,-0.24235414919911882,0.034381513055848884,0.94437022997033104,0.3270822225462196,0.24478860484877116,-0.32526428158652093,0.91339021565823453,-3.1895498106902291,-25.215669647484475,-1.3216711291261805,,0.4260009414693229,0.3461538461538461,False,3
-0.57675164088110498,0.80619006434701357,-0.13196637787373228,-0.81117975363566841,-0.58429326161807205,-0.024265030791111405,-0.096669292086634273,0.093053557567001552,0.99095715517452876,15.816760433269497,-29.930476912435321,2.4740712420521134,,0.3046957424797619,0.3461538461538461,False,3
0.53259655235185854,0.83377728680670127,-0.14545222043052741,-0.82461537550080333,0.54990018473256441,0.13273759572465355,0.19065779530505508,0.049246551517319687,0.98042051297036226,11.13325768234027,12.097741297886659,0.07880541308782131,,0.4621059189444642,0.782608695652174,False,2
0.022127945128698371,0.99636958416823496,-0.082207090866910804,-0.99470816772828441,0.030193522358383823,0.098203932010044875,0.10032953253664169,0.079599013511556738,0.99176508405416564,16.782974758993277,5.8830532925656174,1.3960299090047756,,0.5713838857947816,0.4782608695652174,False,2
-0.20889579817364046,-0.90370999625577408,-0.37372555193990598,0.96859591173645143,-0.24389243050397577,0.048357441105752269,-0.13484993612468166,-0.35188737546302068,0.9262779117073433,25.059987331324148,1.9851475991191552,3.2129716187071704,,0.412674656559034,0.125,False,1
-0.69269588704301444,-0.60561791064746073,-0.39166229634303112,0.68052582892542235,-0.72868450138362673,-0.076834195568528232,-0.23886608013499733,-0.31975904013225365,0.91689538771587298,17.639267826022952,3.9049599741565868,1.6521122850863392,,0.3235596627367618,0.1538461538461539,False,1
