axis_00,axis_01,axis_02,axis_10,axis_11,axis_12,axis_20,axis_21,axis_22,location_x,location_y,location_z,dbh,dbh_approximation,score,reconstructed,number_clusters
-0.55387211755689758,-0.7915518784950617,-0.25820786402427243,0.8099618625745274,-0.58407416800622314,0.053095644290659508,-0.19284050033081801,-0.17973032554017465,0.96462923007411638,-16.758387891489907,6.2425419148877097,-3.2310209992810073,0.3979043667090726,0.3375587258423983,0.8041958041958042,True,2
0.804468502577949,-0.5581959454349168,-0.2030953344122218,0.59287582554308016,0.77554129498036817,0.21687313173093803,0.036451115848543242,-0.29487791758657184,0.95483942622474671,31.509237754173434,3.2310611015112216,4.0859949911992439,,0.2653423047688196,0.6538461538461539,False,2
-0.13629421656056817,0.98598327878740277,0.096233364711964156,-0.98752682749820286,-0.14294944173269028,0.066001682400138623,0.078833060980007086,-0.086037381759077075,0.99316812143592648,10.955848200948559,15.656817270380238,-1.3620534141576475,,0.2960684911398566,0.2894736842105263,False,3
-0.91256939807690374,0.40260068773560903,-0.071622482003728158,-0.40102147656710807,-0.91536700810187888,-0.035847117186090349,-0.079992931097042169,-0.0039908286647665561,0.99678744186565404,1.5777496990733753,17.206568066908957,-2.5473139142082175,0.1433879470415721,0.1349282567010128,0.2439024390243902,True,5
-0.65266417951226907,0.75703589956278006,-0.030432146732507048,-0.7576463443760153,-0.65220125045681254,0.024607839324690239,-0.00121886637356311,0.03911745998581706,0.99923387587142032,-12.893841847069114,11.898536129102075,-3.2857795011514241,,0.6031786172358334,0.2653061224489796,False,5
-0.87413414228161634,-0.4583042903366486,-0.16076902300071103,0.45088764336212855,-0.8887950721649035,0.08211974646045278,-0.1805265475239814,-0.00070509176983078042,0.98356985948363984,-1.7794998220133014,-4.9027828692171802,-1.0528984386758651,0.2013119081708937,0.1876211421376185,0.6245353159851301,True,4
-0.10633661905485124,-0.97618653699927449,-0.18908296705242233,0.98454004296991104,-0.12998756292741701,0.11740586558173424,-0.13918845942386493,-0.1736752097035002,0.97491717304479564,-1.0927404304104122,-10.514848694830039,0.12126913032975237,,0.1088321876153444,0.4150943396226415,True,5
-0.29902931341100608,-0.93193924749110069,-0.20511145435266009,0.9412116087895066,-0.32345418580804997,0.097458181612015318,-0.15716926290089722,-0.16391042879869655,0.97387432152727826,20.085915733923866,19.837404108022383,0.13892633886637548,0.9041624769278059,0.4085538483188712,0.5,True,5
-0.47142341512861058,0.88039039060574553,0.05169839260113461,-0.87971672422987679,-0.47357284165856034,0.042746330295024157,0.062116413118697734,-0.025328319575124353,0.99774747679398734,-2.3911426509154339,-15.440327867483994,0.87684292856041834,,0.352561431348439,0.2692307692307692,False,4
0.024989332265856496,-0.93310816314287237,-0.35872648236371002,0.9927637220389699,-0.018997139847800142,0.11857192281874354,-0.11745520625428899,-0.35909367100206263,0.92588120726690681,15.863123627032284,10.754308643368788,-0.074025123609824328,,0.3303568770127485,0.24,False,3
-0.0040512423198793973,0.9987111780196869,-0.050592196376484738,-0.99221277737970615,0.0022836714542020711,0.1245334864570216,0.12448852091706102,0.050702739011028189,0.99092474003663056,-1.4421210379733713,5.1803917053726822,-2.1373256131835006,0.2961192030523754,0.2063479980013833,0.4887820512820513,True,5
-0.20809283151126443,-0.95154518248088993,-0.22640481260572731,0.96552551940198028,-0.23684700392476454,0.10799985238600562,-0.15639004078636515,-0.19612562920045032,0.96802732023097704,-0.42095301717157563,-13.400590318477564,0.79205336993254438,,0.1242546996770489,0.2857142857142857,False,5
-0.098334297869627676,0.99506936788838729,0.012935182746846796,-0.99016119612493625,-0.099133066985586646,0.098759509509052046,0.099554867037853434,-0.0030964689951910318,0.99502725607333953,3.7347599116336485,-7.8012031733427216,0.4409319878999563,,0.2270463433263688,0.4222222222222222,False,5
-0.12636297781789041,0.98142147677867786,0.1443754922227275,-0.97915251172972106,-0.14673396174613371,0.14046175010892764,0.15903696617571023,-0.12361646082882187,0.97950304440659219,-15.348655437145661,11.507751684079761,-3.4695932817923381,,0.4660076610246939,0.1538461538461539,False,2
0.29474796728896119,0.94677066119637043,-0.12941773787550948,-0.94153566350872542,0.31087215826017289,0.1298810823786406,0.16319996973103468,0.083569230680021631,0.98304727941403691,-0.33015044617414213,-6.9090564707180224,-0.56630244106384076,,0.07283587255613573,0.2428571428571429,False,2
0.83072559061131057,0.55635839065089476,-0.018982472331968328,-0.53488964412670725,0.80718842341009411,0.2496796301637953,0.15423378913030711,-0.19726173036114081,0.96814242135412854,-4.6512468566057592,11.561724876512534,-2.7175696434333867,,0.4187672539974118,0.6182432432432432,False,5
-0.8355921467298949,0.54057896245867565,-0.097776017869551729,-0.54738322293653963,-0.83435476398768205,0.064990268953632704,-0.046447514152340177,0.1078263101388551,0.99308414309710291,-1.565466343224968,10.132779330708226,-2.4902682186833793,0.1089641472651399,0.10892259172059,0.3545454545454546,True,5
-0.082992377719407345,-0.97169792597897486,-0.22116827505010017,0.9876655506230152,-0.10977036879652464,0.11165673399670173,-0.13277433996452193,-0.20917362831493008,0.9688226710108262,3.5977397722549975,2.2357905400882876,-1.2347492051702993,,0.1248182257191114,0.3168316831683168,False,5
-0.98634213658775349,0.088202959710781223,-0.13910221957166491,-0.10039454069549054,-0.99146284451817013,0.083200746021174235,-0.13057613024610143,0.096029505039840604,0.98677667603757047,0.4633292650204125,17.58302870128243,-2.6454811886730885,0.3911176766164772,0.4043527704726732,0.8638743455497382,True,5
0.032936196098308286,0.99196950287650787,0.12211352238596332,-0.99593582138854753,0.022326669208447548,0.08725456731412462,0.083827481542107174,-0.12449106475964426,0.98867331719497586,-7.2336196394084604,12.223625231661169,-2.941799029420423,,0.4563205530662868,0.1,False,3
0.61650204498132499,0.78720911134686133,0.015067964239717554,-0.76674547210492938,0.59590623089929151,0.23874074847413379,0.17895979867119199,-0.15873745300931807,0.97096643169147789,17.53250934999264,8.3326897269073381,0.70802469588820149,,0.3092738615531645,0.5666666666666667,False,4
-0.19299773072366119,0.98081495137614905,0.027457368637928331,-0.97755778535407611,-0.19461480897403083,0.080658864495076643,0.084455030810193968,-0.011274186667046687,0.9963635082066411,2.3483062521795386,10.139117591961769,-2.1249835002505453,0.3576325704077156,0.2018402124647501,0.3734177215189873,True,5
0.59612727843628122,-0.75625316435200396,-0.26965425884219552,0.80271279166978626,0.55432172797135859,0.21995362235831853,-0.016865408202922247,-0.34757527717953185,0.9375003918397693,-2.6087459943459175,-8.7330742362384157,-0.58364641082468705,,0.09477421039663321,0.3333333333333333,True,5
0.83296530093933052,0.55031632601163194,-0.057625938223250822,-0.5214098766316777,0.81551066600883004,0.25114556372106778,0.18520407118092513,-0.17914880672472708,0.96623245498540211,7.1659353908696497,32.050072434831314,-2.6849846466931733,,0.2467072256278948,0.1875,False,1
0.4955708691102918,0.86093644701975691,-0.11488232188751639,-0.84949796394092669,0.50799574194543151,0.14245538047238013,0.18100475946640135,0.026995561826116607,0.98311165016604407,-11.414063137941234,8.2710408222516936,-3.0846626934348045,,0.08477686149653499,0.1388888888888889,False,4
0.71064000685847073,0.70124794747736885,0.056939413510950457,-0.67832416287522324,0.66142730985229647,0.31998475563873802,0.18672737001259693,-0.26601734894614038,0.94571013495037015,6.9104685629327101,16.507798217184664,-1.8897853796704449,,0.2631521718343253,0.4313725490196079,False,4
-0.088716772990466042,0.99424723457761444,0.060014754226979258,-0.98943510996362982,-0.094902908268996777,0.10959745057867978,0.11466253686979851,-0.049657572804688979,0.9921626016443722,-4.5618748349567291,19.859329502823957,-3.3869566705839396,,0.7853059941456818,0.4705882352941176,False,1
-0.98032580288988502,-0.089870109833211143,-0.17574038678365261,0.10324698552098521,-0.99229426537115029,-0.068499276582729307,-0.1682301404895411,-0.08529627348304461,0.9820504903317212,3.9533507122462628,-21.757434774609205,2.6689351226248106,,0.483922333216198,0.1538461538461539,False,4
-0.98980258051122461,-0.021067038303092339,-0.14087949286697757,0.014743778375788967,-0.99884281256165397,0.045778344150151917,-0.1416808830171748,0.043234427150827003,0.98896780114238958,0.98085154905955152,14.364967301102038,-2.4103150791626944,0.1524633473993263,0.1926470866223296,0.186046511627907,True,5
0.64377349953962304,-0.72551201622890171,-0.24328583106704338,0.7651832256969745,0.60739733497103465,0.21345516761619737,-0.0070931236053700525,-0.32357501723334536,0.94617593280529,6.9218210574424974,12.290780544984203,-1.7398934686094711,,0.5368813881541996,0.3384615384615385,False,1
0.9743217666015106,0.2054938681941966,-0.092029154408250102,-0.16118089165559307,0.9219445502639857,0.35219166146239933,0.15721900423173846,-0.32831466061253406,0.9313923278271391,-4.8354524302731123,24.166466894174544,-3.7809911438207044,,0.09951857523390778,0.1333333333333333,False,2
0.057605540861011072,-0.96827198123257996,-0.24316860821669406,0.99163341302613661,0.027311051964272748,0.12616370560006551,-0.11551959068593338,-0.24840184540485694,0.96174411740712795,7.7720834661565306,3.3587356227604492,-0.86132292923389087,,0.350489695765055,0.2285714285714286,False,3
-0.39140430192083042,0.9195314326870222,-0.035561450173182879,-0.91743565330078158,-0.38692572942419529,0.092737813011320641,0.071515694014919862,0.068923321235317692,0.99505531569830719,2.8910587747043315,16.481676922803864,-2.3320560859161295,,0.09689302131658128,0.2894736842105263,False,5
0.77467431286726396,-0.61375369970339744,-0.1522698429894212,0.63172263514358473,0.76193390991680543,0.14276984683795663,0.028394035128464529,-0.2067924394635357,0.97797273262082429,-2.4783019103870094,8.5335307122079485,-2.5202908265560477,0.1348113027452177,0.1229210246700118,0.5520361990950227,True,2
0.88035865287199155,-0.43401274987371302,-0.19131538166198522,0.46991108636929024,0.85289565734282247,0.22749190885169804,0.064437669267646283,-0.29017568925189752,0.95480147472997801,-17.527487169413959,10.561862511642458,-3.5718025964495586,,0.153267121659116,0.4285714285714285,False,1
0.92992218720315867,-0.29910884532102328,-0.21395939894759403,0.35220609789160723,0.89174849848510318,0.28413989522333793,0.10580921677840313,-0.33958579784832887,0.93460467340178266,4.1548589276298147,-13.325157406750652,1.4523860771991959,,0.755851957301727,0.4130434782608696,False,3
0.25000331728254371,-0.93524322246203617,-0.25063610311874374,0.96433898368503235,0.21728020865892131,0.15112787787318996,-0.086883058722871692,-0.27948063575847498,0.95621227159192834,-11.988410522725477,9.4001724751677678,-3.1344990390590515,,0.2630208220434135,0.3928571428571428,False,4
0.4697710530431381,-0.86515487358476495,-0.17556253141051859,0.87940725753640181,0.44123544725923736,0.17875725292766265,-0.077188296490107777,-0.23836594722079935,0.96810311542236294,2.9935471201448238,6.0900002448236696,-1.8557475176871252,,0.1330897219098205,0.245,False,5
-0.83951766755867197,-0.51202996152227032,-0.18175644241773239,0.50732477731889924,-0.85847337981465521,0.075133391164867683,-0.19450361481262324,-0.029133737369348364,0.98046905569309917,4.4090670872339386,-20.023615069244023,2.5024157839768488,,0.335275842215274,0.5833333333333334,False,5
0.56893925016779201,0.82133102110817691,-0.041514857387574933,-0.80038590628862938,0.56461431946259821,0.20147722271342994,0.18891937601273334,-0.081400393261870707,0.97861302124168192,15.815560122531382,2.2102281992094523,1.0747860449378515,,0.1652295917083407,0.2448979591836735,False,2
0.95274527457245151,0.29257026353336169,-0.081725654943128279,-0.25848349380758934,0.92214179483730563,0.28782076652537458,0.15957043964621367,-0.25309514240745828,0.95419082141931266,10.267018727255973,1.4873903389018512,0.11054189519582519,0.3142593608805253,0.1672295374830145,0.2613636363636364,True,5
0.41077695475288334,0.90887281452029434,-0.072197648645273949,-0.89509890775148904,0.41707336379365723,0.15763170542735006,0.17337888794786654,-0.00012743548333991883,0.98485518984983733,9.4077563556285835,-16.163121275128987,2.7935028294068402,,0.1201955213576105,0.2,False,1
-0.41489939929219311,-0.86226239391432746,-0.29045146325696103,0.88513963783573379,-0.45642232103044916,0.090589659438608319,-0.21068058761785047,-0.21950450771296248,0.95259196988778294,17.523449653501824,17.226532694522295,-0.21515701452230773,,0.3614277551846086,0.53125,False,4
0.10539241881305778,-0.96936856675224103,-0.22184909251434815,0.9880796147790667,0.076906794394687159,0.13335673898976869,-0.1122101283966158,-0.23325935515781579,0.96591871309990462,-8.1837487305487642,2.5043227064134572,-2.2250251096454661,,0.1479934609601301,0.3625,True,5
-0.48155635536306363,0.87397049952090333,-0.065414391204273295,-0.87615607575505394,-0.47825656644507103,0.060176304054634429,0.021307452380500212,0.086291497955211294,0.99604205225165998,4.8306447372675256,-2.9546820849451518,-0.10575877023008141,,0.1408631034451237,0.2592592592592592,False,3
0.14564244198840393,0.9887843951366484,-0.033071120723467531,-0.9772507616404853,0.14899191911561402,0.15093825529446472,0.1541727212082119,0.01033576182475808,0.98798985018205354,-4.2245804247835581,-25.428206097031637,2.2769129208101204,0.5857016726409288,0.413889994059347,0.7894736842105263,True,5
-0.61904940713825451,-0.76112591275048658,-0.19355923243677334,0.76336114320402471,-0.64106894821495264,0.079437829028853185,-0.18454700368203891,-0.098579655985967352,0.97786729920662974,-0.58713881754376107,-5.4100024278174201,-0.8144686920103168,,0.1055563888737403,0.3488372093023256,False,2
-0.9506400458479275,-0.27311154749025068,-0.14728742600008804,0.26336909387932,-0.96116916765963312,0.082404802831353846,-0.16407383587713442,0.039546349616227015,0.98565504240205404,-1.2250829115044597,-7.7477698432106088,-0.58208761376425877,0.3671261004894975,0.1411835600563985,0.1016949152542373,True,5
-0.99067054125941567,0.023420048798109681,-0.13425118247177867,-0.03352050287514409,-0.99673349838602343,0.073475908175103799,-0.13209184141260999,0.077290584869393927,0.98821956615054585,2.3897409511785384,-10.525862066631111,0.74262053808925832,,0.1009299656052308,0.4444444444444444,False,5
-0.58252398964633767,-0.71970414462915,-0.37774560975627008,0.77777489293389335,-0.62854012369550161,-0.0018785171049150451,-0.23607629573547467,-0.29489533246300537,0.92590751454092279,16.656307599376664,-5.804592285129698,2.5760196776614692,,0.3423775936420658,0.1,False,2
-0.44674144382677894,0.89041833011694815,-0.087047571817439884,-0.89311784350537138,-0.4381378419023238,0.10186142108517326,0.052560441207068542,0.12324945794980852,0.99098283089829498,-7.5442551409077687,6.8651730636771555,-2.6716187876885469,0.1634801791690551,0.1239445307794779,0.5714285714285714,True,3
-0.3457564551181731,0.93031480707703407,0.12233901044775181,-0.93518434444472331,-0.35231527659926404,0.036113540123843935,0.076698863417962504,-0.10192303767060884,0.99183112410449581,16.32832680129312,6.8028913201469523,0.6327663146016359,,0.1882740898341335,0.2765957446808511,False,2
0.97438679926432159,-0.17407738510241816,-0.14236372225864169,0.19429777016456007,0.97042882638215566,0.14323501469833541,0.11321988309705615,-0.16722726130166987,0.97939588581381753,-13.358549685814339,13.484851522878929,-3.4988804605100894,,0.1293754566382279,0.4285714285714285,False,1
0.64611246056612082,-0.74063811278204539,-0.18437427747883625,0.76314684849994285,0.62308016824462342,0.1714000920794872,-0.012065484896926007,-0.25144838403716502,0.96779550228304967,7.9258736188126431,-9.9269489669984292,1.622866675867255,0.2421924654402351,0.1407677686465727,0.4090909090909091,True,5
-0.35682185111686371,-0.90306246843214921,-0.23907393139940286,0.91925465602118606,-0.38498370201744198,0.082209650068070461,-0.16628001668542111,-0.19043562505523232,0.96751497598792602,-6.9795327198557775,-1.7285432023158083,-1.7814957206908861,,0.3733220066857612,0.3653846153846154,False,2
-0.35024689769317952,-0.91506048694883857,-0.19997853855166048,0.92143503388795689,-0.37494531441885109,0.10185032900903575,-0.16818022767318236,-0.14859446968276899,0.97449222398102964,5.7706454847577424,-14.59800040556461,1.9343518953595642,,0.1206196070756132,0.1428571428571428,False,1
-0.77764750362074175,0.62863006947422573,-0.0094125376630769392,-0.62796349410711139,-0.7773735221850161,-0.036773048207215997,-0.030433701405126481,-0.022685739099546146,0.99927931383587199,-4.7147689399722879,15.17021693360453,-2.9640460705648972,0.4247521304319111,0.1242520938872263,0.4166666666666667,True,3
-0.3895177881792824,0.91769757368966054,-0.078147654705881059,-0.91743032992239071,-0.37911802280984025,0.12079368575902705,0.081224887998770673,0.11874631794235702,0.98959680150287455,-8.2339046459548317,-9.4075596762526157,-0.74995321679404459,0.5387039916669416,0.4423640942641325,0.3636363636363636,True,5
-0.15787687340917711,0.98381958935741298,-0.084698928205466387,-0.98217868577978307,-0.14759554968111599,0.11636401039078914,0.10198000805276065,0.10156066812965193,0.98958855523223288,-3.7411692550922524,21.819087064246443,-3.4022112127826003,0.4358602030737707,0.3836849220048908,0.8636363636363636,True,5
0.18567079326117922,-0.94987860386495526,-0.25150943212795807,0.97714225978075353,0.15151688988858106,0.14911618365909862,-0.10353434541410345,-0.27344701497375146,0.95629878663606926,10.050076033388983,2.6256100074897062,-0.10526206250045284,,0.1400466438710056,0.2,False,5
0.31888879631098671,0.94655289530808129,-0.048451542506068451,-0.93528556883814096,0.32254668237089379,0.14561779566606511,0.15346283038717928,-0.0011198550875370916,0.98815378641896501,17.254411751967119,13.088998213384274,0.079578040285050611,,0.7010788956202807,0.673469387755102,False,4
0.95848877972019486,0.27217427110712361,-0.084973085725999764,-0.23066101663193284,0.91534259867642043,0.33006578504083239,0.16761489956687986,-0.29676437319126397,0.94012560450589888,-16.466631952791001,7.9642156632450201,-3.2716265646663407,,0.5121025552794602,0.2708333333333333,False,4
-0.64719201132874349,0.75833672254355522,-0.077896827368994309,-0.76229952897395126,-0.64291319373558498,0.074579175691360328,0.0064752295981164998,0.10764776153088071,0.99416800936212135,-6.5443686682206801,6.8349299451666425,-2.6161952973954978,,0.06767114682487614,0.225,False,4
0.9282735126904067,0.35242115218716841,-0.11877549043671921,-0.32788731333862509,0.92626782610992475,0.18578973078502936,0.17549414630976382,-0.1335187095678507,0.97538431338951959,14.115186977276503,-0.053632698563261236,1.0441065064161721,0.5584656179682114,0.4471746002142515,0.5116279069767442,True,4
-0.94943422883051931,0.30382250219908657,-0.079161431786473502,-0.30516654249049002,-0.9522849151087035,0.0051789768111975693,-0.073810747655056172,0.029074518291745399,0.9968483565300722,25.254366034339768,-3.0142075799800931,3.8294420626362702,,0.3844046578103092,0.7014925373134329,False,5
0.88360491884873793,0.46506581049336859,-0.054370389886974582,-0.43350396253484147,0.85641926919967704,0.28039320571312426,0.17696514304491218,-0.22418703631931483,0.95834415055002886,0.19841253501478845,24.249143558518636,-3.2024733750003049,,0.2717740396430658,0.711864406779661,False,5
-0.19536881060437283,-0.95100357566054505,-0.23963143976509316,0.96937391595322786,-0.2243288383743223,0.09995390609241997,-0.14881276461559936,-0.21276459140206103,0.96570491856103591,-2.1286160691632325,8.0453882171696378,-2.4739285055939009,0.5864163547347745,0.5494676083943232,0.2397260273972603,True,5
0.74448794566087662,0.66744693596569027,-0.015883527179423221,-0.63654514165662102,0.71679289931258328,0.2846370006313535,0.20136529343211007,-0.20179823380067724,0.95850377747608695,18.913318942211038,-4.0901386921109406,2.7741798819574059,,0.2202870247975766,0.1481481481481481,False,4
-0.17488733164019471,0.97965907153399967,-0.098399821102041984,-0.97937509989329941,-0.16281942874491098,0.11964216368893736,0.10118712833538732,0.11729423338051283,0.98792875647736622,5.1819876635839002,-11.59151445588107,1.3422783907874867,,0.1141094391142387,0.4666666666666667,False,5
0.33720443359695029,-0.86653517898398147,-0.36798091464878996,0.93859121133307066,0.27910212243723231,0.20285103711677704,-0.073073305460201271,-0.41378592150317556,0.90743677641744747,0.31041119788012927,20.326694800892824,-2.9074701741643469,,0.0757920369371691,0.2,False,2
-0.93893876095354678,0.34206297999115631,-0.037241386904732665,-0.33282598050106599,-0.93034158030974701,-0.15392014374430024,-0.08729759379571822,-0.13212668794127802,0.98738121738827189,-0.065576031579996863,6.7350596696885683,-2.2584394181612115,,0.2489903955703619,0.2846715328467153,False,2
-0.16171777041256136,0.98676611186220142,0.011832295345547153,-0.98225925848600371,-0.16210957295056005,0.094272135206082464,0.09494267665974522,0.0036230978652546791,0.9954761480369797,6.8077500640365978,20.711957090784217,-2.098930263661301,,0.1924548029787249,0.4,False,5
0.98963739495947001,0.037183086882610072,-0.13869118410235848,-0.013222466716925322,0.98538434129916164,0.16983187656131227,0.1429789945123193,-0.16623813633549095,0.97566484468589354,3.0748884167577017,-3.6981100720781765,-0.33427706515463762,0.3007673571799367,0.2539212023992514,0.7239819004524887,True,5
-0.51055906440525234,0.85979343541267428,0.00920272649297664,-0.85930908245012849,-0.51058999885051704,0.029761617774362342,0.030287663699128463,0.0072870772673459816,0.999514660188908,2.8817540099107326,18.117866101388231,-2.4411778328276936,,0.1174681845967173,0.15625,False,5
-0.5979446114836704,-0.75097746100924045,-0.28016976041992003,0.78440575561376236,-0.62013453282583164,-0.01186472742579063,-0.16483280061214545,-0.22686122245328846,0.9598771450500081,-5.4749475613911853,-4.4699961436450435,-1.5217140327568772,,0.2512813900981072,0.3671875,False,3
-0.58820134291924919,0.80870910183255118,-0.0029612161655112879,-0.80867696472425477,-0.58813479329443996,0.011791167918046033,0.007794030559156645,0.0093302481045990787,0.99992609704815105,-21.508662203662571,7.8012850352596539,-3.7175922895473863,,0.1943908677872528,1.0,False,4
-0.87943908931126846,0.46865331748824307,-0.083372394703696492,-0.47401895385953108,-0.87822920549278349,0.063399479504395007,-0.043507695563895568,0.095276075836363772,0.99449964796370904,-13.57151705173108,8.174799007402541,-3.174544440923365,0.6168489445167032,0.5094212812191893,0.7160493827160493,True,5
0.36359247660559779,-0.8918811063153298,-0.26897695654748943,0.92889914179496524,0.32531245383593793,0.17696946559171334,-0.070334168996183735,-0.31419723037764485,0.94674875500030775,11.495329705745844,-12.09230733682967,2.5962062906849606,,0.08969987478967621,0.5,False,5
0.91724162821738453,0.39618925155935958,-0.041253756361768451,-0.37443893441874693,0.89291674796712772,0.2499903309953454,0.13587965210610098,-0.21385452566790225,0.96736909294998752,-16.299379079317699,25.662329956426614,-5.0602576188598949,,0.2162497508461589,0.1764705882352941,False,2
-0.95903352139905917,0.24317413506691499,-0.1453308118307251,-0.2501060808019529,-0.96771505350623932,0.031217359966899685,-0.13304755983785202,0.066286614424586568,0.98889050534895861,14.860872173719931,18.378756424216821,-0.7452628593723396,0.7080505558566021,0.575030628625455,0.7922077922077922,True,5
-0.84263496712290054,0.53005127404261942,-0.094931338701096574,-0.53631378060847168,-0.84190871209451512,0.059642679591053786,-0.048309842798694651,0.10116999251333776,0.99369552263438066,-6.5807969232055452,-11.339094148630862,-0.32118997838001712,0.203944978755795,0.1507922529086063,0.3333333333333333,True,5
0.54764772132225836,-0.81956163377637159,-0.16852507757702781,0.83615430989675854,0.52873577949728023,0.14589189669230873,-0.030462162950352686,-0.22081033472464257,0.97484093713137521,-0.37527388420887964,16.303933256956149,-2.6819232520091401,,0.09145110429587869,0.2702702702702703,False,5
-0.69937422793213777,0.70972004558194079,0.084694428408808198,-0.71474965902211562,-0.69395452715845674,-0.086948485691545077,-0.0029350012088938532,-0.12134484387666154,0.99260607223230968,-20.070390681976388,5.3884325445156911,-3.3718543354077366,,0.3163234746144157,0.1875,False,2
0.80322095850894315,-0.57516090010508936,-0.15500332513297399,0.59468189204357191,0.78931633857444738,0.15275197195095638,0.034489695380684249,-0.21487125598770027,0.9760331983405155,3.0940650852921125,-16.98553124592917,1.9076412528963851,,0.1584194428546059,0.5454545454545454,False,5
-0.94430285219389498,-0.28461054954917164,-0.16519369970974718,0.28076218175516954,-0.95864051373006287,0.046700778702705503,-0.17165290744567296,-0.0022804650140762217,0.985154850185882,0.52121997572852086,-17.502135540513397,1.5671795324864777,,0.09093939240714424,0.25,False,5
0.28241594290207722,0.95393003514292973,-0.10128535554037696,-0.9455719191341998,0.29461401193661835,0.1381894703495079,0.16166317125306612,0.056745678450609058,0.9852131480230979,13.631364587957995,25.366548790087105,-1.3826079090834678,,0.3487945553360586,0.5333333333333333,False,1
0.75101114207157205,0.66028892428678587,-0.00089495729120632472,-0.63353302602283679,0.72095965114150329,0.28080791720368264,0.186059585678087,-0.21032288960101789,0.9597635712440733,4.1361952015730274,10.465076730680565,-1.9675494679045975,0.6648898498302128,0.6461576778605835,0.8362760834670947,True,4
0.72750585938799939,0.68026624716291173,-0.089291979074362204,-0.65631261198626878,0.72793261960636535,0.19841334799043964,0.1999724478619225,-0.085743421228117012,0.97604256352487406,13.339571922669975,6.8366483603096651,-0.011443979657839243,0.7285775864358396,0.7219128637265801,0.7894736842105263,True,5
-0.88566600669559203,0.4562217722108039,-0.086356349764888013,-0.46039516784624651,-0.88699204653840347,0.035796631146521277,-0.060266192908701825,0.071461905505289358,0.99562100322052427,9.2655430223292861,12.118327200965199,-1.4153528708835588,,0.08357692527043495,0.1363636363636364,False,5
0.3030940381408786,-0.88781947877968537,-0.34628106668257663,0.95230293646973818,0.26868247832656389,0.14466804426482405,-0.03539945246143171,-0.37361249837185989,0.92690915403062446,22.333965298429717,-3.4800318556397083,3.328526517110816,,0.7197907884663544,0.2,False,2
0.91841470582801865,0.37142215134213968,-0.13623514088227168,-0.35360806191146643,0.92510745922134463,0.1383384525150064,0.17741411068472621,-0.07887822503965719,0.98097016210715748,-4.2019978270676681,8.1677355329204033,-2.5645182897906156,,0.1051176102608402,0.5824742268041238,False,5
0.53048595000767851,-0.83186342428631044,-0.16305796570270822,0.84701594900150523,0.51247260510923398,0.14119423199846168,-0.033891576852237038,-0.21301425385924266,0.97646110453579282,2.754117148082694,3.208108020974338,-1.4842843503478245,0.2795499281344871,0.1965027024355532,0.7965779467680608,True,5
0.47268061323541133,-0.80546663597814561,-0.35748641400400727,0.8803975649329473,0.41396161159393957,0.23137828719801051,-0.038381838563729676,-0.4240981990678544,0.90480249337403462,25.020189030215068,4.7203529092978984,2.7654584389032011,,0.2369495901934273,0.3,False,2
-0.86645033958216167,0.48303061357466109,-0.12627444471326243,-0.49574793355512653,-0.86233770016589306,0.10299357867566189,-0.059142162741804866,0.15183911624573027,0.98663422166674186,-15.444998506951951,22.601368250331991,-4.6674349950506127,,0.5851049212700961,0.9661016949152542,False,1
0.98530501514314084,0.1018459460632718,-0.13711830805640574,-0.08000024652225278,0.98445671186059858,0.15634878646473843,0.15091052875844363,-0.14308174496802417,0.97813783617992789,-0.62049848266993379,-1.1778743977779795,-1.3379216639054281,0.1895436612881823,0.1782615716903771,0.7418147801683816,True,4
0.34679885346691769,0.93395720456263154,0.086339419036642467,-0.92102836776064623,0.32169881773682957,0.21958282366087861,0.17730567112811096,-0.15567212567534244,0.97176586082941252,3.3685024870815519,12.114854434320311,-2.151031863322789,,0.2424323151800059,0.2608695652173913,False,4
-0.35311349493614919,0.93330958653500207,0.065146568411863975,-0.93350204108282275,-0.35611271660693228,0.041924603337828076,0.062328155661640468,-0.046010311373584606,0.99699460994487032,8.3407746974966592,5.79126976634402,-1.0220567626392696,,0.5011008399637963,0.4090909090909091,False,3
0.97665150259949585,0.17221129979852084,-0.12843329277041188,-0.14476914249642373,0.96928748597259606,0.19880559579089757,0.15872535352298478,-0.17557060619200349,0.97158696182605064,-16.852540984477752,9.0986435722331738,-3.3770117057044136,,0.1339934532727904,0.4375,False,4
-0.87287740706388162,-0.4263596726672324,-0.23728139783920013,0.42125476030083081,-0.90387863195464779,0.07448386147135018,-0.24623050006309916,-0.034940638501380884,0.96858127827239759,-5.2384305844396586,-1.9416033845714713,-1.7503811852069615,,0.6938245632921012,0.93359375,False,2
-0.35410112053762827,0.92895371369798563,-0.10796941344990277,-0.93255096798873116,-0.34203928844448878,0.11557602374051257,0.070434995118022148,0.14161258053968143,0.98741318023187008,-2.9879373030786787,10.321117918009209,-2.5725018652058251,,0.07398869652020763,0.2465753424657534,False,5
-0.81858493628458129,0.56493284127456345,-0.10377662037962397,-0.57278996562684259,-0.81633441760175396,0.074227851349783158,-0.042782675993539701,0.12020400778781831,0.99182691995457439,-3.9561284798306477,14.463555697056544,-2.8540613561795718,0.199700852664807,0.1137997978686765,0.5612244897959183,True,5
0.56552567835189238,0.82471645248941761,0.0048456287417758814,-0.8035275756640865,0.54965329952995845,0.22852720945923777,0.18580673365631417,-0.13313160146674785,0.97352546675414275,-8.2855959492634632,10.314506707659337,-2.9138386036081876,,0.4061743651133431,0.2,False,3
-0.8652072062119569,-0.45130976738974138,-0.21848566126297,0.47346566992397199,-0.87878774815002203,-0.059685451366786449,-0.16506589509145783,-0.15508574260721117,0.9740131737905936,-5.0775512013390074,-18.129184533011049,1.0720819246736049,,0.257277464208269,0.3571428571428572,False,3
-0.53883887680558751,-0.80139398473448886,-0.25965428183311512,0.82246875536096098,-0.56713659797865201,0.043603046776484883,-0.18220266545219455,-0.19006251725308376,0.96471676062849498,17.653768578511311,10.478986892076133,0.48232269764452163,,0.114060328852489,0.3846153846153846,False,1
0.78681347803994794,0.61381147996294005,-0.064498200287962465,-0.58663338152595401,0.77623804140908614,0.23090209775749299,0.19179631501701311,-0.14384008528602749,0.97083685725810986,-12.210502559485548,10.49550398358277,-3.1516007076137287,,0.1509637147296963,0.4090909090909091,False,3
-0.86079706063552563,0.50525347333250448,-0.061215586958532339,-0.50523492722298002,-0.86281589088128718,-0.016923556266908987,-0.061368466782440886,0.016360505131850875,0.99798108456854095,16.170899369058851,-4.9130492014123499,2.3150758230125983,,0.1574270785101987,0.7368421052631579,False,4
0.0062715807803045498,-0.98906418436013765,-0.14735232095400036,0.991924229168615,-0.012513698638564196,0.12621303789478841,-0.12667671791913543,-0.14695389264118802,0.98099824799784296,-8.5228054289941415,11.478926436510834,-2.9877933786775639,,0.7685269847141567,0.7058823529411765,False,1
0.88349975330838471,0.46792505225040626,-0.021779150132105629,-0.43344167574130443,0.83425347666997585,0.34080705743077999,0.17764149187223155,-0.29166295983636942,0.93988095960334006,-20.619796458731493,6.1364231953364046,-3.4497109701371329,,0.2471626783415015,0.15,False,3
-0.92369716713521854,0.37782704055875233,-0.063484414221025326,-0.37349525439342207,-0.92495031560184637,-0.070485520595633719,-0.085351264618426986,-0.041396148258738837,0.995490592892457,1.4042492779704387,20.620992752451027,-2.7605998607136426,,0.2646742935822599,0.3,False,3
-0.25189761596130322,-0.9410002099895528,-0.22597830841173483,0.95468492606235833,-0.27987198134550179,0.10123421361897483,-0.15850641318987962,-0.19023742759341691,0.96885780077383832,2.1028358793150153,-7.4246795933795031,0.1025595873625031,,0.08700003066459566,0.2142857142857143,False,1
-0.041041424872111626,-0.97215687629419467,-0.23070892769544354,0.98424134902413485,-0.079085481843866615,0.15815958217153703,-0.17200165207235224,-0.22058217161737714,0.96008277624845673,15.075925244864568,14.386439952062709,-0.45760913390595748,0.4160732774283243,0.209359616576707,0.5675675675675675,True,3
-0.058271207432496301,0.99436311621394469,-0.088580243269324413,-0.99108387855114199,-0.046971784093546409,0.12468519228478982,0.11982158428423792,0.095056007765753361,0.98823435647990543,18.395033621111228,17.66319995889382,-0.07735816337865338,,0.208176023867296,0.7222222222222222,False,2
0.085890170474697894,-0.91113353250642404,-0.40306148979801204,0.9896988894824168,0.031517871761734241,0.13965218192667966,-0.11453814549353809,-0.41090425855906687,0.90445492067041422,13.446861932026824,0.54017624241602868,0.81496356019255711,0.2575978172206474,0.2208524524377251,0.234375,True,3
-0.9829099372531499,-0.075189543069511144,-0.16803150853934143,0.10289043780292789,-0.98128545861248151,-0.16276488111510012,-0.15264865887956713,-0.17727205456215889,0.97225151355684714,5.4458147174678517,2.1147363005312472,-1.0398995814079419,,0.4007465262403866,0.2116182572614108,False,1
-0.76029439948837474,-0.5646463664770619,-0.32113378354023081,0.62183537113175069,-0.77559691875755898,-0.10849051029107852,-0.18781160058966012,-0.28217707284262555,0.94079907644826999,14.415619565253463,4.7380389171103463,0.45393555304133137,,0.3251530566263182,0.4,False,1
-0.96096722920585154,-0.15793672060808428,-0.22715188019470806,0.19548703024804337,-0.96861237152150059,-0.1535411825546929,-0.19577233051998869,-0.19195329124309607,0.96167932731431538,-7.6976522313818512,18.398489315783113,-3.5035663557884127,,0.3217458924819606,0.3,False,2
0.86292283743155662,0.50436685789409608,-0.031276977109481532,-0.45618521063035083,0.80412494387235345,0.38115368061246108,0.21739188172793561,-0.31463812118101681,0.92398247951920953,17.342853919359918,19.47508642272664,-0.37133513025398945,,0.3682853329253407,0.2,False,3
0.53155024787428651,-0.83134671798977677,-0.16222505500818896,0.84636230531414947,0.51371636172448432,0.14059284419868665,-0.03354373455806503,-0.2120333327196085,0.9766865841649065,-3.1645507945280591,7.9637453600136929,-2.5130284898819859,,0.07065186524602778,0.2631578947368421,False,2
0.24414383938308715,0.96273657614116526,0.11632742862829483,-0.95683326070327668,0.21964966449979503,0.19032639359022752,0.15768289984402267,-0.15777296931069382,0.97480448975764689,2.2208351678466407,26.788168278133366,-3.0737270003004329,,0.6105126909940136,0.15625,False,1
0.796564004872505,-0.56608132266543676,-0.21222092797560255,0.60425166647846063,0.73439449626362052,0.3091029721884061,-0.019123537838989943,-0.37445515083525444,0.92704780368299666,3.9465939025193477,-9.1460817007663362,0.78242798475315611,,0.2799072103162112,0.4705882352941176,False,2
-0.8382215292523062,-0.51043514488069108,-0.19193913297854115,0.50548535071787337,-0.85932588996801484,0.077740433754312943,-0.20461971583294442,-0.031858714683864593,0.9783229498438325,24.133650573303129,-1.3930679860278492,3.3984942782674996,,0.1101670835363874,0.125,False,2
0.14252313880151443,0.98616773988765516,0.084618814167051276,-0.97894747402687365,0.12782534362991063,0.15913052699685884,0.14611296315716488,-0.10551715657071582,0.98362448712232831,13.128430063296824,2.9132004173056671,0.45435798391758442,,0.7643129345495899,0.4311926605504587,False,1
0.2112935309636608,0.96196801052762182,0.17312593824853945,-0.9651986696157393,0.17742661208412783,0.19212320395088772,0.1540992275935037,-0.20769531541630165,0.96597933932833546,10.654318068254437,-19.387392165963831,3.4185407250026971,,0.1615096585876115,0.375,False,1
0.69962382042375004,0.71339639774610786,0.039900997212514888,-0.68936464540530584,0.65926283189049706,0.3002480710228439,0.18789064788033705,-0.237567039318587,0.95302623587627844,-5.1702309259871004,22.537586871032595,-3.6343317975164582,,0.3968862443824995,0.1764705882352941,False,1
-0.98948767779551727,0.021433160432744697,-0.14302012139800016,-0.0011362717176108417,-0.9900781900465051,-0.14051294061694075,-0.14461273933308311,-0.13887331359228242,0.97969452299912396,10.810800060361149,14.603173406101867,-1.366364763567703,,0.5648900857044662,0.2272727272727273,False,2
0.97544118384979728,-0.16533887794413621,-0.1455250916161194,0.18838490297725596,0.96860048046823821,0.1622474578135128,0.11412986103538289,-0.18567758259109191,0.97596014782529517,19.018756298483559,10.637966182760042,0.73005138650922041,,0.1203687490046918,0.3,False,1
-0.9973992169850836,0.015534375877795147,-0.070380999734504596,-0.010769704098525762,-0.99765580970898338,-0.067578834168265101,-0.07126580828960799,-0.066645093742893458,0.99522842405591927,-23.593452859017066,8.718352933155245,-4.0106781755851344,,0.2284779530815276,0.1176470588235294,False,2
0.57848120889667509,-0.77411893897559003,-0.25709795657053958,0.81537673790519283,0.53996716608167539,0.20879711405287649,-0.022809345376994083,-0.33041690010202251,0.9435594342119854,3.8376699561008345,-11.822631038766923,1.2102437536533699,,0.3860745423186271,0.1764705882352941,False,1
0.97888958490093891,-0.12171476789268251,-0.16419712497269007,0.15605553490827215,0.96387303399051916,0.21585977941803702,0.13199185807071526,-0.23692676003934418,0.96251953734991702,-4.5822220789028183,5.2801752715505978,-2.3011707123176866,0.3380321546236633,0.2635690327554918,0.6721991701244814,True,3
0.12259099028085792,-0.93410062889728351,-0.33530204919692508,0.99160394583856504,0.10127628030857222,0.080403542485681351,-0.041146855278937973,-0.34234358492683636,0.93867342891982164,-6.9020050907714072,0.57305910376580682,-1.9406002639691942,,0.6403542974157119,0.3063291139240507,False,2
0.70656533458438253,-0.66786287886541407,-0.23393290276757001,0.70758774218616627,0.67109194923443216,0.22125818127385516,0.009220361790274953,-0.32186141537365415,0.94674189419404331,-5.7505896132488949,24.051112597758088,-3.8609743031640291,,0.2541717150873559,0.25,False,1
0.21402350418394872,-0.94250047723448427,-0.25668422247888867,0.97291720235070933,0.18218376825695393,0.1422715430216622,-0.087327298291492897,-0.28018194980488104,0.95596653601297299,17.312686448718352,-6.8299076748553551,2.8655756894372963,,0.4599905832991078,0.1363636363636364,False,2
0.94410285650528736,-0.26823896044052364,-0.19161851799955287,0.30741461181004925,0.92627335303833813,0.21797690679700973,0.1190212282924121,-0.26469895268569293,0.95695789440437995,32.623078589312335,-1.1771520647999978,4.9355082676736455,,0.2508962667226464,0.6,False,3
-0.78446497058306053,-0.56550537392613465,-0.25459454430285755,0.59121295242830518,-0.80589585696792421,-0.031608742508060866,-0.18730177470895365,-0.17531554347118497,0.96653117146229617,-14.408072305001252,6.7800612485397656,-3.1607374965031867,,0.6071943959053501,0.6206896551724138,False,1
-0.91077450699730755,-0.37942385637264736,-0.16287214193692451,0.36786779262552916,-0.9247791616530211,0.09724602470619445,-0.18751822458799478,0.028653784874703915,0.98184310154918442,20.371933583550486,12.868850973678041,0.77980775989231954,,0.3076013368618352,0.6388888888888888,False,2
0.95106994221027608,0.30157828655121249,-0.067204926195752773,-0.27406657776160914,0.92384932791262331,0.26718894114359182,0.14266560895388083,-0.2356967466814692,0.96129785583116201,9.7776389747829988,-5.4980586563695244,1.152394589961607,,0.5128423079503099,0.2586206896551724,False,2
