axis_00,axis_01,axis_02,axis_10,axis_11,axis_12,axis_20,axis_21,axis_22,location_x,location_y,location_z,dbh,dbh_approximation,score,reconstructed,number_clusters
0.20028478464545701,-0.90021496056395278,-0.38665104398716371,0.97838950968284499,0.20447155948704104,0.030746523437606085,0.051380661557484719,-0.3844533861702587,0.92171341613331037,-1.3047486352579398,14.991757037221667,-2.0111979457870892,0.1371040636733385,0.2661442536652737,0.3448275862068966,True,5
0.3545710143204599,0.93402393051635846,-0.043343892609392309,-0.92469623988634553,0.35714821586968409,0.13184087318110702,0.13862272448561791,-0.006667017614777504,0.99032282167599783,-10.682702374365325,4.1819672433027613,-5.6823000720162753,0.2098903190299348,0.1680191132298787,0.2440191387559809,True,4
0.76095182503873993,-0.52824252277681394,-0.37671230017163088,0.59981903965134376,0.79409879990651289,0.098103086897295771,0.24732456336149319,-0.3006109331302273,0.92112085376492459,-12.705781459377445,11.071007003048816,-6.6439572055523817,,0.09698752922963233,0.2115384615384615,True,5
-0.22424004058120017,0.93820818462759603,-0.26359401832730012,-0.97298949359332687,-0.23076128953346825,0.0063775081225223799,-0.05484386526443695,0.25790430308671103,0.96461262737547393,6.5268813676381967,7.7881392987694182,1.1577736230811435,0.4813786865103939,0.4645368342141494,0.8699551569506726,True,5
-0.53446648368073546,0.80096866812473322,-0.26980506019057948,-0.82966153520913932,-0.55810723840688137,-0.013343441544796171,-0.16126783565350222,0.21671525816226361,0.96282250807887726,6.5019753584173481,-11.006851668126934,1.2044131649992271,,0.3253232813951923,0.8961038961038961,True,5
-0.18075037437567226,-0.84724897512406994,-0.49949822453565074,0.98015266168403592,-0.1972160621612708,-0.020163943545390313,-0.081425192396175738,-0.49322915462978745,0.86608021514547429,17.827708970539248,5.2125231204626488,5.3524715495276478,,0.4884092076681448,0.2352941176470588,False,3
0.16338521796196867,0.95398734481519265,-0.25142278433741749,-0.98370208856730113,0.17692431592701435,0.032062242312240766,0.075069777539638755,0.24208662161758868,0.96734616148198604,4.4862412623664607,5.3662479480571204,0.44465321345285042,,0.09614938708536978,0.3181818181818182,False,5
-0.4523549804248857,0.86765287515160017,-0.20628489989808699,-0.88165392508043094,-0.46991788293554154,-0.043168735071220474,-0.1343924405428813,0.16234429937186318,0.97753925772133954,5.9390389354098332,-22.69313015058442,1.1647929467063618,,0.1421276207473125,0.3125,False,3
-0.18600758866871181,-0.91514467568746816,-0.35764703202812842,0.97924002374013264,-0.20250916603212629,0.0088889582289770515,-0.080561484985538126,-0.34856887444786355,0.93381453560280026,-0.80066082493865487,10.406521702595871,-1.791845394209731,0.138343422182988,0.1028432118536299,0.2444444444444444,True,5
0.46532069801320691,0.86361364720802103,-0.19403122521017435,-0.86642034097347675,0.48924731095584867,0.099764028937664506,0.18108683206656945,0.12169033272421675,0.97590933091838161,-9.6213500258416218,-16.412392502916926,-4.5108372062864808,0.6343974688776748,0.3924364471895952,0.6979166666666666,True,5
0.0037687226125740787,-0.94052786786101805,-0.33969563804482106,0.99979450654334556,-0.0032223685126171226,0.020014020758413319,-0.019918368799145637,-0.33970126010654933,0.94032245132529135,8.5381392178960063,-4.6560168060249705,2.0358746671939918,,0.4430752705844705,0.889937106918239,True,5
0.65182623795818129,-0.64605341461602694,-0.39716185739854026,0.73209155089214772,0.67271375666063249,0.1072294862053865,0.19790026938237415,-0.36065383272954876,0.91146272349222934,2.1133669849347738,-14.412651459472514,-0.34180261118038807,,0.2999897762617854,0.6918604651162791,True,3
0.57287718318441494,0.79291821336067159,-0.20758718627990996,-0.79588318091244592,0.5986717065761753,0.09034461846649082,0.19591246853474159,0.11345877959016532,0.97403563076847122,-24.785274205890197,17.149608868872303,-10.937393837383141,0.2797476676779116,0.3019739451885702,0.675,True,4
-0.7759935538085454,0.56340533275595039,-0.28356381198901615,-0.57093638041389982,-0.81850694613321406,-0.063859444497705697,-0.26807770136186232,0.11234237915336223,0.95682471533646307,-13.924001479815079,7.949368099951422,-7.0295378956699492,0.1455505377668568,0.2128201169738816,0.3770491803278688,True,4
0.92335982381364223,0.25455398438168514,-0.28741764873133407,-0.24563049608225024,0.96702189225353863,0.067337354393926324,0.29508015040193303,0.0084219319514188817,0.9554353855185489,-13.651367603128129,-25.028198401205099,-5.5274765158101005,0.3485626524753013,0.2572706353796432,0.6052631578947368,True,4
-0.2387308817183483,-0.8714663162449352,-0.42843205501510007,0.96454357738585861,-0.26392290662383067,-0.00062183833784552195,-0.11253112208482402,-0.4133898390257198,0.90357378644614239,-23.953926099748287,24.226686078109733,-10.719567128958548,,0.3449457793359133,0.5789473684210527,False,5
0.70392584109683587,0.6654717945306432,-0.24826538405560822,-0.66529691945683567,0.7401666515503561,0.097638808339611388,0.24873363101389723,0.096439714935810661,0.96375876763106194,2.6234655510005056,-17.447436705437212,-0.079476240596787609,,0.102706738454385,0.25,False,5
-0.5309686724229995,-0.71418669821494773,-0.45608072640508401,0.82099439695241627,-0.56685408283223893,-0.068151661382242004,-0.20985821184336859,-0.41062611810411265,0.887325037431409,-8.908740893173384,-9.3353881890714856,-4.4866717321746856,,0.1924371689710096,0.3020833333333333,False,4
0.69617273220928133,-0.61894033793291592,-0.36367070958183312,0.68451011967482422,0.72497904475902508,0.076493664594209324,0.21630862902580694,-0.30218908441533954,0.92838156717440101,-1.9977148628118195,-7.2421752371556618,-2.0389266884123263,0.1368444667894785,0.1137955344916635,0.2356687898089172,True,5
0.83722580094955434,0.48257876120142407,-0.25723665652794309,-0.46704016936742199,0.87567970117827487,0.12271324762052549,0.28447572554020456,0.017401154606104502,0.95852530555888182,12.16477467224712,-14.236688586747025,3.3403819809139841,,0.6785283944707083,0.8313253012048193,True,2
0.8604514355930204,0.46574230327032856,-0.20665777007013239,-0.41525339428385166,0.87601265620438928,0.24528849281095672,0.29527604969189497,-0.12524349529688178,0.94716741992330467,-10.799895434944993,11.939209713841533,-5.9557836625680709,,0.08698270048414795,0.3043478260869565,False,5
0.94248474077964006,-0.082996083965712231,-0.32378104244055411,0.11419445323062352,0.99034855651166642,0.078545295636454349,0.31413713605509053,-0.11100174170532422,0.94286609499413565,10.528592258242263,-6.6957653959426562,2.6949399918952994,,0.1207371783931631,0.3076923076923077,False,4
-0.00049632627793939324,0.98116415696137704,-0.19317518151796159,-0.99980716071887932,0.0033054320212252282,0.019357569434392673,0.019631480725612663,0.19314753742521446,0.98097330939791449,-24.351641159653553,22.209244203659086,-10.822908128163176,0.4428551665982647,0.2253102442592708,0.2222222222222222,True,5
-0.64355515688143317,0.71826033790046506,-0.26445953764313779,-0.73945994157262052,-0.67264228886109334,-0.027410692167925597,-0.19757468173004672,0.17791694195555902,0.96400716123089636,0.37598254682846743,3.9118861972611274,-1.1442814363809426,0.1415329696510796,0.09629388347978488,0.2871794871794872,True,5
0.086881516168253153,-0.92210661692623386,-0.37705568444085485,0.99574309720342302,0.092073014519482591,0.00427134276660961,0.030778020079925562,-0.37582169577893065,0.92618074178953247,-14.752016620731087,-24.055965557408626,-5.8151667585627465,,0.1742659927890493,0.59375,False,3
0.9398780789193899,0.10437174327888069,-0.32517031840517963,-0.066912106759485293,0.98997906802027191,0.12435519631572581,0.33489097738787427,-0.09512089195672474,0.93744335785025046,2.1899033778660275,-14.55432337826479,-0.33407575265481487,0.3307160449717108,0.3947464951919488,0.8770949720670391,True,5
0.65840734025050807,0.74174542655563935,-0.12772429873772595,-0.72090046911608152,0.67025319666917882,0.17624745667089867,0.21633836444899235,-0.023966112295053882,0.97602425048202335,0.9049185797556164,4.7074470272380404,-0.95292740944182219,0.6862957191368165,0.2798803045275468,0.1973684210526316,True,5
-0.78384968699389468,0.57770339536240056,-0.22768059905561927,-0.5711536445643316,-0.81464456892771675,-0.10068634772129814,-0.24364560841610264,0.05111764180130926,0.968516290103692,-1.0617444269171674,4.2732009208496518,-1.7911251329267754,,0.0997993977050978,0.2117647058823529,False,5
-0.40955784142471452,-0.84685606330270691,-0.33925975678669967,0.89896250478287298,-0.43795296144861012,0.0079761239267921932,-0.15533444409412808,-0.30171511663460676,0.9406589173936184,-2.5752572973303836,12.701316605824209,-2.538954822065024,0.3204150687483163,0.3154814361372632,0.9032258064516129,True,5
0.46200727111067891,-0.81552228059238752,-0.34852932631021977,0.876353679128136,0.48015265867653284,0.038179227918299807,0.13621127163140448,-0.32307403829965803,0.93651997055978875,-4.9097565045975688,15.584885354861013,-3.4955204720603041,0.6461499562976994,0.5804117527411867,0.9850746268656716,True,5
0.64888883977653788,0.69940809666499593,-0.29961907137715404,-0.72479168598317267,0.68800875845934373,0.036345016342057584,0.23156054401199366,0.19357753641030279,0.95336637860488316,-13.624808705582945,-5.3665161912384267,-6.1824382495350756,0.169533251461838,0.09573062085166167,0.3611111111111111,True,2
-0.91215380942499524,0.28588993080923281,-0.29367052186653408,-0.28505752723850153,-0.95737647430746509,-0.046610005441747017,-0.29447858006337457,0.041197498765105228,0.95476967483229114,-11.529670449442101,3.1155702510318508,-5.9956847627181533,0.4609634024524326,0.4611281183178076,0.8514335360556038,True,5
-0.31234404996650678,-0.87805858864287178,-0.3625662827139462,0.9385941464104266,-0.34412890310820088,0.024825921324898192,-0.14656815061466713,-0.33254836183032904,0.93162726681294672,8.935105416829888,-9.6198709442388104,2.2084555390411214,,0.09315478251208709,0.2222222222222222,False,6
-0.33214633192219484,-0.74364590892953508,-0.58023234684305391,0.93453871334860839,-0.34275998674688785,-0.095671232551911123,-0.12773491082456578,-0.57402643982454338,0.80881236324564265,19.821794845785075,-0.71111797060329229,6.034414674150292,,0.5859335462060347,0.6111111111111112,False,2
0.88411984744139849,0.3534588140945199,-0.30561243773625324,-0.35248004715705955,0.93387002071474101,0.060370528955837596,0.30674078913042635,0.054347503614666795,0.95024019970452656,-2.8160622209495814,-5.1791634636980026,-2.4413219964137731,,0.07286965361538747,0.4275862068965517,False,5
-0.13237300111370701,-0.87054812508683954,-0.47394445928182261,0.98906297010910538,-0.14739066517447777,-0.0055166093191531956,-0.065052515209680667,-0.46949116469558155,0.88053745890659352,-8.0714370670250428,18.249587313498527,-4.8420252892062878,,0.102152874114833,0.3214285714285715,False,5
-0.94102192268274765,-0.10986919786348395,-0.32001015670021948,0.11869752524227659,-0.99289700889807053,-0.0081502897263692614,-0.31684166161005967,-0.045654014961438658,0.94737905422596125,8.0333841106428689,-19.913139738023279,1.8654490274508873,,0.1492962119076621,0.6206896551724138,False,1
0.19853150229897004,-0.92039798198056322,-0.33682754839980245,0.9792016010621063,0.20093573940416859,0.028090089133140449,0.041826631137611057,-0.33539884227022493,0.94114725177916314,-0.41306287491246679,8.151652524355578,-1.5229151372518082,0.6851601000551192,0.6263324176674956,0.9706390328151986,True,5
-0.7916642227054842,-0.46873682079934975,-0.39185909625149873,0.54430922139516136,-0.83242272785193172,-0.10392244059751171,-0.27748014341987814,-0.29556419773455056,0.91413706577581511,2.4291077911424366,1.9920805522615188,-0.40863252519323617,,0.18835222385279,0.3739837398373984,False,6
0.94313702406677691,0.12027413921068669,-0.3098817278762841,-0.10571269709318627,0.99237177779632735,0.063427756594731363,0.31514660002568212,-0.027062632364288033,0.9486570689252084,-4.8140478694463011,-10.715208637686054,-3.0220874794626646,,0.09443933867839441,0.2972972972972973,False,5
-0.93902953504934128,0.14362189204417986,-0.31240404035586422,-0.1421414839003767,-0.98946052517912308,-0.027634537572641404,-0.31308039041054198,0.018455926904514756,0.9495472857643682,-8.8751178907738151,-4.1948512351193363,-4.6138384451937879,0.478581795830732,0.3625917885130738,0.9282218597063622,True,3
-0.95287302412488561,0.13056298392861104,-0.27383627795226728,-0.080940983182537854,-0.97934440490751085,-0.18529191514417523,-0.29237229201232157,-0.1543950899608188,0.94375876105043466,-5.6292919727742508,7.9651775973761376,-3.7415260379003259,,0.6414786883612291,0.6962025316455697,False,3
0.89959429496605214,-0.27305019544418657,-0.34084262531617499,0.32377383182514841,0.94073714397595865,0.10091645935731464,0.29308805893415624,-0.2011397939539751,0.93468827584300029,6.5119955714264961,-16.946671426716435,1.3022961942186553,,0.3915996166519353,0.4912280701754386,False,3
-0.47468486885939642,-0.77074669147072439,-0.4249986033657881,0.86149975344347496,-0.50575921935299639,-0.045008741998420476,-0.18025662288185265,-0.38750116080649399,0.90407433338241061,3.0057276035331864,-25.314862308542502,0.14385058778844798,,0.1660314963360811,0.2941176470588235,False,4
0.50432274954725353,-0.7843567034663641,-0.36116910999762747,0.8503608699433024,0.52384002335500435,0.049779722786493258,0.15014977575197991,-0.33222912524161491,0.93117068960681038,8.1769805469037866,-8.0756694763778185,1.8944014494538779,,0.08634875712359683,0.2280701754385965,False,4
0.042833922098858127,0.96659969581409877,-0.25268613568955295,-0.99846409317124596,0.050310968216631419,0.023200455271939181,0.03513843715006558,0.25130426683443985,0.96727010483393638,11.944509964947208,3.0838692491077397,3.2492096930235705,0.2791695743760518,0.1438949507300022,0.2222222222222222,True,3
0.81483812533651601,0.50616962465805249,-0.28254405067457683,-0.50498005409573454,0.85914912984980818,0.08281254520774925,0.28466467020608732,0.075200290902647932,0.955673030792758,12.34421340598049,-7.1641515680088546,3.4349170185008466,,0.07397289890724591,0.21875,False,7
-0.1245514608402917,-0.87338617620282299,-0.47083279497116814,0.99029523679760556,-0.13891358020271513,-0.0042849983942902896,-0.061662610863671516,-0.46679717699775841,0.88221205952333259,-6.6140653485643623,-11.878988651983187,-3.6421851342806022,0.1335275178416859,0.1902331633009837,0.32,True,6
0.88076786698067089,0.38022639907895683,-0.28226910907459718,-0.35566559129264386,0.92469369855600703,0.13580703597849639,0.31264988671798849,-0.019221063817083162,0.94967394354113266,13.174745571438089,11.708178957926618,3.7042246396966401,,0.1143678044676478,0.4615384615384616,False,5
-0.49198173034586851,-0.80045908904679808,-0.34237293083457121,0.85127008794452008,-0.52471598367474237,0.0035176479607148484,-0.18246428246868776,-0.28972121641090848,0.93955755671729313,-11.574244759955073,14.708912494067715,-6.3481126062170414,0.6196846649752151,0.6001423110291049,0.9285714285714286,True,5
-0.058859848676865403,-0.92087501296324026,-0.38538906148681445,0.99746378228852495,-0.06972956026901983,0.014275554187431018,-0.040019010937373783,-0.38357137396401247,0.92264374481104738,1.441279458291731,-14.036928163600788,-0.59343339983498011,,0.07856450323531625,0.3695652173913043,False,4
-0.01681997474212325,-0.92988938591862969,-0.36745451202230195,0.9996389139779962,-0.023341839883015639,0.013311655485613458,-0.020955431528993724,-0.36709792762524468,0.92994622501663171,-7.784104438776982,4.1678721029739805,-4.7292753024485306,0.4271865346657477,0.3211214745966916,0.9208333333333333,True,5
0.9214650110361251,0.25459644707529344,-0.29339884555470236,-0.23205059394914926,0.96647878028848844,0.10986941840168239,0.31153612195705638,-0.03315744846507554,0.94965563670587716,-3.3772808201996707,-15.536302920677558,-2.3513385318757476,0.7702994884133876,0.7376535100926751,0.7470588235294118,True,5
0.059756825536566978,-0.89883387373483625,-0.43419671720157182,0.99820044439049049,0.055985469508162973,0.021482551584447597,0.0049994620130755472,-0.43469908515061306,0.90056188612932142,-13.828998659396634,3.4767780342383965,-6.7370388316810521,,0.1081571665626317,0.2537313432835821,False,4
-0.60294177540941041,-0.71684106109255352,-0.35014298307670172,0.76813723603285156,-0.64017064278555369,-0.012113411383421278,-0.21546786787352085,-0.27626154500261946,0.93661793526859494,10.693247257285151,-7.9239358211939974,2.744484936897865,,0.1063537120401902,0.2439024390243902,False,5
0.79518243856817228,-0.47898374666108973,-0.37183256961605599,0.55024040015845366,0.82765510215787319,0.11055556931020954,0.25479480258874748,-0.29250914909886994,0.92169301085948119,-1.2567627993477322,-6.4487761698301744,-1.8247493401425667,0.4309804222958982,0.3920950341445517,0.9512690355329949,True,5
0.58051518303147331,0.76637559663111265,-0.2750828369023407,-0.78672430500016866,0.61501107513637687,0.05316244333736117,0.20992139050591119,0.18555274815508027,0.95994957547787929,12.269626100034024,1.9338775927678253,3.3782028378202122,,0.4877497083804259,0.9534883720930233,True,5
0.60418030331959904,0.78188211828381726,-0.15370918706651673,-0.78361986558445129,0.61799354036371923,0.063434141675628178,0.14458930576652168,0.082123913549759675,0.986077885098955,0.69189694657699463,-19.704999321645797,-0.82123892175815683,,0.2664317872748039,0.4239130434782609,False,5
0.7862590390164772,0.5590265145387221,-0.26322249069480103,-0.54972745702456216,0.82737629890164699,0.11510075155758739,0.28212842210276307,0.054201624131581486,0.95784431792609426,-7.2867865066580775,7.3744150791677106,-4.5350148575314124,,0.1473113962898086,0.3529411764705883,False,5
-0.82093612191861232,-0.40404559115534711,-0.40349850556991684,0.49228794763944439,-0.85884149836727541,-0.14157633026462288,-0.28933796905724951,-0.31486257470550538,0.90396078383503264,3.4158318773135981,-20.391496443228494,0.18262925901497001,0.53329640360307,0.4092562691619352,0.7254901960784313,True,5
0.18178662682652896,-0.90680156215349006,-0.38034793174542753,0.9824938511573631,0.18351719273048198,0.03205109062572245,0.040736405646637545,-0.37951596389126407,0.92428793046684277,-3.7900903616357984,-30.954786548754157,-2.2471003363387441,,0.2589999432659015,0.5384615384615384,False,1
0.90837821403165109,0.30027631737944344,-0.29100370013748289,-0.28879079387046314,0.95381086326381515,0.082732789724522193,0.30240518786610449,0.0088865258101282901,0.95313804457208118,10.191481885648789,-13.618056653113728,2.60538069520334,,0.1040493979744855,0.3,False,4
0.30240169834039393,-0.85018054663273812,-0.43098288941453755,0.95226766942040597,0.2892503989818857,0.097573010947946057,0.041707296933194096,-0.43991731588569899,0.89706925962628326,-14.87997721993997,-13.277977040960709,-6.2635336824305874,,0.3564155762134713,0.578125,False,2
0.49183381738143384,-0.78230818584807593,-0.38222166138917091,0.85813221812343699,0.50982185170747341,0.06075175503730576,0.1473383599018126,-0.35787648969533437,0.92207148628768931,0.37428616208063392,14.057395662592182,-1.3623863045744586,,0.2183627671910378,0.2777777777777778,False,4
0.51589600481685105,0.81929342484848533,-0.25021909642161733,-0.83533462621948507,0.54587515376367446,0.065087469932680483,0.1899141238896267,0.17543830968042221,0.96599897776535526,11.62523784369257,-7.8050595094237396,3.1273531434162458,,0.07005972090266374,0.15625,False,5
-0.94477994714129887,0.086535876248895749,-0.31607339907293719,-0.090915573378053963,-0.99585820329962271,-0.00089299394562475376,-0.3148415633251494,0.027892311533521681,0.94873431948058717,0.48661012068963438,6.3418011936936152,-1.1080495085276478,,0.07589051715943491,0.3306451612903226,False,5
0.024031679524360906,-0.92074869078441368,-0.38941536538512023,0.99963464369726762,0.017311343769672145,0.020758046563320774,-0.01237164093704521,-0.38977194074955746,0.92082831011261168,-6.3991141278510266,15.673450667211677,-4.1488401968667903,0.4222789136009629,0.3828179793695253,0.9019607843137255,True,5
0.48890418666104213,-0.78977722831077257,-0.37043842390748011,0.8595915099658038,0.50849228985399786,0.050378836367528157,0.14857702467075226,-0.3430561481751796,0.92748980961474436,12.149376115654157,12.17046543079141,3.4080797161804943,0.2856612147514365,0.1700516640880273,0.3157894736842105,True,5
0.6315490530977409,-0.68126803944909076,-0.37016165651852451,0.74747084171669731,0.66182478324243155,0.057230211160189962,0.20599304433567181,-0.31282873063595029,0.92720281005507155,7.6522006827176003,14.501245075542521,1.7078272551532527,,0.09243092518038713,0.3888888888888889,False,5
0.92206039814980523,-0.20626444077313699,-0.3275051184888047,0.24066036233411889,0.96824174807311658,0.067753282500000553,0.30312903550308656,-0.14129011911970113,0.9424170467866696,-0.87889483623525244,7.1775752390194736,-1.7438724629577982,0.1105170378355284,0.09846598167873981,0.35,True,5
-0.91736037438095586,0.24518349360582387,-0.31358411627325239,-0.25291714494073742,-0.96734791481582494,-0.016459936102623585,-0.3073806456344636,0.064211106241205837,0.94941775448146215,-4.9213836854536055,-12.977607459360327,-2.9157609730572118,0.1400992259322024,0.1031377963426367,0.4266666666666667,True,5
-0.33954813267602102,0.90556268879061508,-0.25428976044374729,-0.93583963545592719,-0.35238641362741013,-0.0052907655900237098,-0.094399376618408179,0.2361779671373325,0.96711360528788559,-6.1953661225134704,-23.525123172531401,-3.2079063455884085,,0.09861177728672643,0.2142857142857143,False,1
0.81823332834442608,-0.47636182001584598,-0.32182858297173306,0.53865210088383075,0.83087200293302632,0.13966255387718263,0.20086845098182549,-0.28763019864620021,0.9364404595204705,-21.232706874651178,-0.57392808896511127,-8.8907442901941796,,0.6167396884135417,0.2608695652173913,True,2
0.53951020802477834,0.8268073891528287,-0.15911717908303807,-0.81254985053462714,0.5607982207842781,0.15895941608266967,0.22066145071855137,0.043530412443155642,0.97437858523230758,-7.0267467197587221,-5.2371579166799149,-3.9207502098767351,,0.4714226371224381,0.3571428571428572,False,5
0.92794959306620306,0.17921697989955165,-0.32678865776515637,-0.14549649998851316,0.9814206297838155,0.12507723983935648,0.34313309548826881,-0.068518767870000413,0.93678431734856449,-24.354008716019425,18.588847384340241,-10.735808982366731,0.3099039418873119,0.2723984935138943,0.7560975609756098,True,4
-0.68652283352257337,0.67234322908318778,-0.27684107599510976,-0.69461689194986553,-0.71899197600115139,-0.023620157998398384,-0.2149273655681071,0.17608270997446834,0.96062537275360449,9.6921303227908542,-11.763907521555417,2.3549905063752079,,0.08000604047989297,0.2439024390243902,False,5
0.81532358571147634,0.55085745861492608,-0.178335388722725,-0.50834034156105767,0.8284723547574333,0.23499713731077776,0.27719586527249612,-0.10094363620842159,0.95549611960742853,-3.785927442335367,-27.453288599908781,-2.4902623404234068,,0.2024049666774843,0.3333333333333333,False,4
0.26452918222046218,-0.90296544217403563,-0.33864099278324611,0.96193773641426528,0.27202024583416518,0.026091705933507105,0.068557297321100136,-0.33265356768832255,0.9405538266831186,2.8072327132860471,9.6058347800780073,-0.25813316886480636,0.3248378484862304,0.2971585206544698,0.9271844660194175,True,5
0.90162963717616784,-0.25128553434040901,-0.35202212657278603,0.31519802370784006,0.93909164092072928,0.13695654713624777,0.29616583735509289,-0.2344407605005292,0.925917559288995,-14.537106527244228,-21.654656589448901,-5.8437611305426147,,0.1813498200580976,0.3846153846153846,False,4
0.26229700441654591,0.93015996425305481,-0.25690994993355526,-0.95889471580989771,0.28110344980232449,0.038752735401350089,0.10826451619049274,0.23618486702155039,0.96565806739448445,14.596122111733012,1.8029396904335888,4.1674973991722748,,0.1564609492615986,0.4666666666666667,True,5
-0.88540016612588635,-0.31089352517613972,-0.34556006978209719,0.35014432688038011,-0.93502492062013276,-0.05592269818957242,-0.30572127203997518,-0.17050986429784459,0.93672882415317626,-6.1403232949553237,-21.486586547460391,-3.225132202694224,0.1975034366074062,0.2181061315503297,0.6071428571428571,True,5
-0.41299595120826127,0.8813782460870736,-0.22936157396141799,-0.90419929509954244,-0.42692930553050645,-0.012450012880778356,-0.10889434800335385,0.20224676858658336,0.97326166346425624,-1.8617743910269726,-18.746393981549417,-1.7636102842981483,,0.4181488881562371,0.5675675675675675,False,7
-0.87192290025372754,0.38502060536879801,-0.30250551970926859,-0.39873444356631899,-0.91689537854054581,-0.017711813144045529,-0.28418532602333341,0.10517603459170696,0.95298305452960586,2.5937606822039947,6.1224173635851251,-0.25382437623234916,0.5153370772093644,0.4686653614731641,0.9821109123434705,True,5
-0.86600142349535436,-0.28475550161349206,-0.41104238078921851,0.37016938645720315,-0.91771552004579526,-0.14412789319550082,-0.33617876172345873,-0.27697026657734314,0.90015071604601737,16.892396609258224,18.739063630539253,4.8719864101577608,,0.4681660592755692,0.3636363636363636,False,2
-0.92885376367155981,0.1862482811420717,-0.32022220954331387,-0.1659125056967049,-0.98203257177257364,-0.089917008575608665,-0.33121552826916051,-0.03039088266847554,0.94306556934500141,-0.60284884605109312,15.171783215427562,-1.6924033838583321,,0.558521595765642,0.3636363636363636,False,2
0.55585841982376993,-0.74828752396840192,-0.36205966163639147,0.8135479863663998,0.57916621735807372,0.052020828043345499,0.17076618807655203,-0.32346912394288468,0.93070222674356207,5.401707449417807,-9.8843192103368889,0.86216180629507611,,0.08664772315725995,0.2830188679245283,False,5
-0.82084018134151981,0.48093733830575736,-0.30809198840378127,-0.50682052602931049,-0.86203906786807571,0.0046475654393798149,-0.26335214274920038,0.15996225208627771,0.95134521957956575,4.448432037150905,4.3676233592479772,0.36562592492464746,0.1160518784782409,0.1128943165466622,0.6716417910447762,True,5
-0.78779111276220182,-0.50535784379318649,-0.35213436692488809,0.54903423413185326,-0.83527681831063183,-0.029564278176809324,-0.27918913375011489,-0.216624298059031,0.93548241089092177,1.9457391398919031,13.964568092626754,-0.59185498405807269,,0.1615421663083904,0.65625,True,5
-0.81844978753431685,0.54163915604314605,-0.1917471510242087,-0.51576496034582964,-0.83963611085210199,-0.17028713114214628,-0.25323201014977781,-0.040475004558691186,0.9665584943713843,-22.675136649612845,16.582076113011016,-10.22892646494696,,0.2869302474254996,0.2333333333333333,False,2
0.92250621010933764,0.24358842047815585,-0.29941104475063079,-0.22512934535241702,0.96966303438806389,0.095238530031313023,0.31352682528118586,-0.020451922899578243,0.94935907257412944,2.9661871118038041,-11.315455459764388,-0.10113633864252619,,0.07032183772775999,0.4230769230769231,False,5
0.80357256758605056,0.56053705270612852,-0.20017327785368377,-0.51308429133498035,0.82281488437844907,0.24437711846766538,0.30168798220751569,-0.093668984134584909,0.94879422574273253,-1.3379642584213611,23.520374661668448,-2.0992041278559554,0.4971257792763172,0.4935030135589552,0.2105263157894737,True,6
-0.71337523072679365,0.66201649408891927,-0.22984764897581478,-0.66931064487970415,-0.74083496567029838,-0.056451875885591876,-0.20765124809691884,0.113568108175242,0.97158800114518096,10.14097028676956,-10.098804817966764,2.6347884604357117,,0.09879277011155975,0.3888888888888889,False,5
0.2833119354580349,0.92040729944895183,-0.26941557183672982,-0.95199916458716538,0.30385927585951955,0.036974735962141285,0.11589623743833946,0.24600801530685582,0.96231393970596757,6.3493256814159906,-14.421852559014676,1.2733934939027887,,0.08597691900409317,0.4285714285714285,False,3
-0.516873652601473,0.80063049746512815,-0.30303866712872735,-0.84166815527785666,-0.53991823439098885,0.0091113425623855302,-0.15632128338004295,0.2597674088504196,0.95293470377647471,-5.8785247131044658,1.9493484367967229,-3.8353846194627592,0.2578961356506883,0.2095576856352959,0.7905282331511839,True,5
0.59080589426857166,-0.7285192580236739,-0.34671037767299301,0.78656512117181399,0.61575494146231491,0.046488301977065882,0.17962100504529835,-0.30017585304847094,0.93681948730432585,-5.4463619709446531,-9.342311192949575,-3.3217396631277145,,0.08551063995472934,0.4020618556701031,False,5
0.94886230179333597,0.11742850456419554,-0.29303733303330082,-0.060687017232374817,0.97878036431838145,0.19571940211490169,0.30980222428977228,-0.16792720071684,0.9358541751173185,-6.7289288597145749,-25.419693551366212,-3.2677523418174168,,0.2553194653430674,0.5,False,5
-0.89262679543531254,0.31796173636543434,-0.31955866171700387,-0.29695551235037065,-0.94807963693249231,-0.11385264915091853,-0.33916784599312083,-0.0067332192472335933,0.94070177846273628,6.4647359923263297,18.646691647681482,1.1487167853596989,,0.2100952729241657,0.3684210526315789,False,5
-0.89274962757060905,0.33838741857744414,-0.29747614596977823,-0.32968260249846743,-0.94064452097275453,-0.080605624951208515,-0.30709523617662426,0.026112068329242885,0.9513204905841105,2.7778549850256793,-13.556950870757156,-0.12193448585847486,,0.1223776884353311,0.2380952380952381,False,6
0.029582284343082788,-0.92552918240348836,-0.37751903392090835,0.9995377296237723,0.024739822650995429,0.01767111297435774,-0.0070153767967386076,-0.37786726994373065,0.92583319814838805,-10.238256808141854,-5.5448425464012558,-5.075189102563419,,0.07869045937173617,0.3333333333333333,False,2
0.65714569928892874,0.70432552533977799,-0.26848665564774477,-0.71353412377305747,0.69608322042141912,0.079606560402776833,0.24295798837963739,0.13926128177850303,0.95998839122143986,1.1256496052636682,13.476455605712555,-0.99777295414941758,0.1805304801728114,0.1459240312903017,0.475,True,5
0.56649289031638794,0.78979431497112063,-0.2351823659636981,-0.79243442697755184,0.60040494107103681,0.10752481424417196,0.22612714158575398,0.12545456060575427,0.96598533584184032,14.121915817197191,4.4528907291447677,3.9513454517818571,,0.1182982140973778,0.3478260869565217,False,8
-0.76530617808378187,0.63166581827330626,-0.12371235917203147,-0.61003588802408104,-0.77311061662509106,-0.17365537649103407,-0.20533550377240203,-0.057430553598989326,0.97700514963015839,14.162718617080348,14.295890717139562,4.0361318588090924,,0.4374525316342052,0.2727272727272727,False,2
-0.9474921416104477,-0.005807409392009133,-0.31972631355989772,0.072478715430765839,-0.97771510221888813,-0.1970279541146801,-0.31145702335306952,-0.20985579069747867,0.92679828965896482,-18.212563803996638,1.6636395947938105,-8.0692795849586592,,0.4985243005820165,0.358974358974359,False,5
0.74856083803892515,-0.48624780008238078,-0.4507990113892314,0.61372948555318574,0.76544308022868357,0.19347612124664892,0.25098364551716351,-0.42149729280870973,0.87140532580300678,-15.88777762166634,5.2479991563370811,-7.5534700404472934,0.3326614535477017,0.2387330312730163,0.48,True,5
0.72340536297658031,-0.56385731275871664,-0.39843394893663525,0.65161058336782662,0.74834441360101311,0.12403340789963267,0.22822867580512962,-0.34935021036300373,0.90877175465545912,5.1493781169208619,-13.926894315286315,0.76190411577920514,,0.0824828885172403,0.3214285714285715,False,5
0.4115833674018452,0.86274128066477218,-0.29372881083589075,-0.89793553501033185,0.43901557946363212,0.031258534097429888,0.15591955183320233,0.25088404418200855,0.95537756396673523,-4.7765145268419005,9.4984173464393962,-3.4928132812042771,,0.08547954331475066,0.4736842105263158,False,5
-0.23723500897902361,0.94272093958673153,-0.23451392406301708,-0.96819594481150351,-0.24919625279731555,-0.022312329379473014,-0.079474291222283444,0.22176216461896364,0.9718566660666732,-5.3684350086698158,-24.636270128891994,-2.883382400625742,,0.1396605550596064,0.45,False,5
-0.67347500256787363,-0.64865076600165228,-0.35451883543991536,0.69988502112115947,-0.71387156135619068,-0.023416897683303892,-0.23789152596601326,-0.26389311785710856,0.93475560668081437,12.176487808998111,7.9375559832754883,3.4174366640838367,,0.0963344962977643,0.2962962962962963,False,5
0.50240636229960045,-0.79172622904984957,-0.34750169115471696,0.85165846901005327,0.52250164598298598,0.040864191029839875,0.14921695374298299,-0.31648318783084828,0.93678849936156294,-7.7711375828421758,9.9690954839963073,-4.7864196078927881,0.1800791231696493,0.1881523519227263,0.5441176470588235,True,5
0.24626271085957233,-0.75725098736853125,-0.60491786167171546,0.96711798185093212,0.23291305961720621,0.10214849896270364,0.063541218281336423,-0.61018230783032201,0.78970884811440945,-4.9287602480661254,-39.466652361494177,-2.1563407047552352,,0.7138946328494522,0.6296296296296297,False,2
-0.28597778294801329,0.9275458684443707,-0.24057300262481018,-0.95520922603517,-0.29588368447875624,-0.0053084608472630627,-0.076105467329423832,0.22827944977823522,0.97061653120659142,3.308359728398063,-9.0848608434503912,-0.063131728875097159,,0.0783964938221734,0.2,False,1
-0.90777781471173824,-0.26812593402225504,-0.32256460224562178,0.29738293043554304,-0.95373772782173027,-0.044133198558611433,-0.29580877573654185,-0.13598834521435377,0.94551802635545357,-12.624546845871688,24.794286525673975,-6.5294349768885054,0.4469059726526557,0.300081472673193,0.7407407407407407,True,5
-0.71337022789940674,-0.60871828624540236,-0.34722466205212055,0.6536775496668964,-0.75659114948760653,-0.016597999231976846,-0.25260360054486819,-0.23881348476893571,0.93763507852697481,-2.9372710616807027,13.853887879309479,-2.7360338674856259,,0.1413535094880026,0.1612903225806452,False,2
0.86650465580275848,-0.31121981844968466,-0.39027157989826589,0.41480815958679934,0.88386244775263823,0.21615125304500843,0.27767584016683117,-0.34918390291773227,0.89496744618493485,-13.046762151126597,2.3344518443330982,-6.4641699330308571,,0.2767392240012505,0.34375,False,3
-0.71193514242702516,-0.48841654288816111,-0.50457668754173535,0.64426262633756237,-0.74016475721565855,-0.19256635344865766,-0.2794172888030364,-0.46217465617346853,0.84161782651563322,-8.5694078954699382,-17.97987483766385,-4.0939879040252807,,0.687616975259973,0.4952830188679245,False,3
-0.8640339962037944,-0.32169381263403635,-0.3872445536312677,0.40411747979185342,-0.90191568790685872,-0.15243737873034838,-0.30022377642482478,-0.28820337059180323,0.90928790888735656,-9.0747416670515371,-32.367933687887401,-3.9334386002312716,,0.2613999971419253,0.3333333333333333,False,4
-0.24835325798446603,0.96359195805617348,-0.099051489731202591,-0.96350067986481125,-0.25628260581258344,-0.077367085107028027,-0.099935474925310686,0.076221810050544153,0.99207012681769169,-12.946473861888268,-10.112541889712745,-5.7553262607707429,,0.3965781555961725,0.2542372881355932,False,3
0.51848914630465737,0.80685362946824501,-0.28311874854588426,-0.83365843723228794,0.55063985219500033,0.042536610185667401,0.19021728416652084,0.2139695627620623,0.95814112270360507,-10.715655740679873,20.195432338861011,-5.8537109417824658,,0.4776632037662993,0.1052631578947368,False,1
0.45036600412988781,0.86495609525886841,-0.22140780383403402,-0.87717441225046933,0.4748968227872124,0.070979280072817216,0.16653982351714666,0.16224660545337508,0.97259473893381487,-8.862184308880213,-6.5660125155635098,-4.5042562170085132,,0.165509619906189,0.1578947368421053,True,2
-0.93332645030899408,-0.13582956071188063,-0.33234329779676719,0.17764995456757238,-0.97912909680787807,-0.098725404158853169,-0.31199716472390032,-0.15118380277333598,0.93797719960734705,18.359044809571962,3.5471104512071725,5.4740548405733112,,0.1537045004599495,0.1578947368421053,False,4
-0.47261606886949575,-0.81817027794097763,-0.32746213176537808,0.86384193438314039,-0.50363001446079492,0.011572421328832353,-0.17438796933142112,-0.27740620906569691,0.9447934331504747,-2.9457315303800558,-13.222064357141354,-2.2093866557033892,0.3212171611153936,0.2620903490313095,0.8620689655172413,True,5
0.52788324779586437,-0.7789218302493276,-0.33855584333685423,0.8342253186933406,0.55033931518014267,0.034565240025879074,0.15939697094827493,-0.30067826746888437,0.9403112171639908,-20.058598324323007,-20.760734164066641,-7.5565592160582673,,0.170680145116309,0.4,False,1
0.47669792048691084,-0.76521794277632549,-0.43266683794418798,0.86750361419736466,0.48907137915046034,0.090811152676175524,0.14211464371402291,-0.41862953329768104,0.89696864041782476,-22.608026977735477,2.5672298442176684,-9.4963512047537471,,0.2178170369887032,0.2222222222222222,False,2
-0.90767032522664759,0.2904318209177098,-0.30295864090891217,-0.29570506605250912,-0.9548265315634572,-0.029407627129362936,-0.29781385900228535,0.062893974440495354,0.9525498692274571,0.94716822763633313,14.788207138063246,-0.99418042106930882,0.1039028182143459,0.07205755273763641,0.2857142857142857,True,5
0.52011841774837819,0.82587768555356145,-0.21772202466360099,-0.82939105799725199,0.54925443620057535,0.10212755371685073,0.2039296555999735,0.12745827873732685,0.97065291569551027,-11.871001640881786,4.3258753393423266,-6.1584579784449396,0.4595282309935129,0.3223078490164005,0.7837338262476895,True,5
-0.37792475548805804,0.91215677050607946,-0.15856514500107274,-0.92266418610749812,-0.38523032026698178,-0.016982344407849272,-0.076574662022629483,0.13988433209948173,0.98720245885492108,-17.675436615343191,-7.4382613646024121,-7.399841063356809,,0.5315073294283212,0.3333333333333333,False,2
0.93700279200333303,-0.12132078755149771,-0.32757752408528273,0.14581882047722372,0.98798594724270183,0.05119218344213556,0.31743131441713635,-0.095734186990993064,0.94343644516659597,12.113904562916066,-9.351083880085671,3.3580368759810519,,0.08401471942955888,0.2571428571428571,False,5
-0.49284003123990039,0.82122923579297558,-0.28756085597024561,-0.85765312467039612,-0.51422689606886329,0.0013479994397070649,-0.14676450984676481,0.24729181474175133,0.95776141967150219,16.630986152529047,9.0770358464230618,4.9360463508520205,0.4405397095188601,0.448129966218356,0.9206349206349206,True,7
0.32781563630810984,-0.8560354927025251,-0.39967504778939517,0.93910379549475076,0.34141194617628773,0.039012104473789083,0.10305808982929569,-0.38812513219536038,0.91582635465412976,18.680342720758226,0.61611008169673487,5.5798028709496394,0.7101702461805954,0.5724310692041321,0.7230769230769231,True,5
0.15685203250700974,0.9525248758324697,-0.26094788908661504,-0.98528976092841114,0.16906847404774972,0.024898556038498158,0.067834555412833605,0.253203894131796,0.96503174097458555,-3.7153564814757472,-4.0651589109319062,-2.7994518091484784,,0.08681715556763354,0.3832599118942731,False,5
0.8873246873580336,-0.29186727234325049,-0.35702716218780767,0.36073506443318015,0.92162180524627446,0.14312044362350207,0.28727184424053415,-0.25578651924898127,0.92306453949717571,-9.6450836772759434,23.541691977271448,-5.3247917946845229,0.4181030220682967,0.4548638771054374,0.6216216216216216,True,5
-0.86687280723230575,0.42315975992061627,-0.2635666019531091,-0.3974919087098136,-0.90577419489743161,-0.14687848844585591,-0.30088489259418055,-0.022559375918595984,0.95339359970935,-2.1563430623664623,-33.948039825954829,-1.5144285561354682,,0.3032485052534636,0.2903225806451613,False,4
-0.74167666874910443,0.64669223777929241,-0.17805861009578455,-0.62807834830652731,-0.76274717726638175,-0.15405950785560682,-0.23544279012485367,-0.0024275848447566362,0.97188517809978237,-13.352725050168019,10.270878717878736,-6.8519613267296693,0.501834827227978,0.4539282349304076,0.7090909090909091,True,7
-0.94762464948418867,-0.010687497549189087,-0.31920730111653983,0.045085630329672784,-0.99390818213573362,-0.1005674471258888,-0.3161879340325075,-0.10969185420886286,0.94233374527949343,-0.23757371590730691,1.6188559205233932,-1.5236345203553439,,0.2510644682086655,0.2110091743119266,False,2
0.15354168548036418,-0.83398101250936252,-0.53000058640883396,0.98759115911263307,0.14742466616629776,0.054126428372114718,0.032994745981972648,-0.53173455650316226,0.84626810654660178,1.5003520202308185,6.2222843508150811,-0.78803085149116836,,0.1145284269870022,0.1818181818181818,False,4
