axis_00,axis_01,axis_02,axis_10,axis_11,axis_12,axis_20,axis_21,axis_22,location_x,location_y,location_z,dbh,dbh_approximation,score,reconstructed,number_clusters
0.90200015034358072,0.43047052195504271,0.03302814720675866,-0.4225172108814062,0.89587792588447079,-0.13741160221006055,-0.088740832141441392,0.1099903252140467,0.98996322814039561,-19.911153407120782,-8.0930394025144814,-2.8501388828227223,,0.1575060301780202,0.6048387096774194,False,4
-0.73567585747664155,0.66602856495360463,0.12323547943611929,-0.66787023983923866,-0.68298221712412965,-0.29577801444543772,-0.1128289655322855,-0.29990205360759048,0.9472741856394401,5.2900157895662021,-0.64590719628145477,-2.0528660529702925,,0.8990561221008463,0.3956521739130435,False,1
-0.23884594347398286,0.97024269821395814,0.039770866831415855,-0.95577069163545969,-0.22765008060045305,-0.18621983195482253,-0.17162459117707504,-0.08248968035522021,0.98170283300915273,5.8025511687865716,-7.8822474813717456,-3.1597546203875968,,0.07218460838839479,0.2333333333333333,False,2
-0.99872479248562407,0.047960428249789272,0.015766616524904284,-0.050369755221664349,-0.96773440636575248,-0.24688662680435633,0.0034171089324419208,-0.24736595573768985,0.96891609921010335,-5.334228996057174,-11.813477342183015,-3.6023814467069188,,0.07863278738599165,0.1944444444444444,False,3
-0.99958146192337038,-0.028920452665039498,0.00071301948605635886,0.026586382822245347,-0.92806693707420751,-0.37146322100327522,0.011404614310326959,-0.37128879289220179,0.92844739594932624,1.1797961482371699,-10.055467667194725,-3.4251117199031946,,0.2270175685923767,0.1923076923076923,False,2
-0.024958882163387895,-0.98591667741015954,-0.1653643232552503,0.97538361048940436,0.012236956799478671,-0.22017508777548561,0.21909784706794641,-0.16678897473394469,0.96134154769124158,-3.6723266599764335,8.9947533670025344,-0.75182705798279692,,0.3616558221192506,0.813953488372093,False,4
0.48158783257027998,0.87305126526693677,0.076515669872662909,-0.8614192552958887,0.48762200691462687,-0.14206211661815077,-0.16133823516370044,0.002503315472306188,0.98689599618496282,-8.6811646883160307,-9.0826089362233553,-3.1611315737131993,,0.112701705056241,0.2131147540983606,True,5
-0.99806689486884115,0.059189590061114815,0.018949031512635606,-0.062106004288751321,-0.93857643232125065,-0.33943648142531457,-0.002305991794279063,-0.33995716365376022,0.94043809433813108,2.4005392824621938,8.8139069292987227,-0.78774411893077401,,0.2047328572459041,0.2,False,2
0.99627653646741332,0.078608925320019063,0.03540762268957913,-0.082344442344921012,0.98927328479821519,0.12065554607830484,-0.025543212393900162,-0.12312191049761081,0.99206276991731701,-16.742525787368553,-7.0167043066000865,-2.722318766851612,,0.491037348493853,0.5555555555555556,False,2
-0.94670233787792435,-0.32182285707282487,-0.013591619548772998,0.31470889414094344,-0.91513381184307752,-0.2519690821710967,0.068651259311530169,-0.24281712272211053,0.96763983460164504,-17.275365812461455,12.36462104310065,0.13794374153136629,,0.07701549348512277,0.1666666666666667,False,1
-0.43456493859224526,0.89542713952231323,0.096765448137269477,-0.8867176594943097,-0.40655188904240791,-0.22010759609105551,-0.1577501394207044,-0.18145467567119389,0.97066425410118551,9.4714492811337063,0.54476759490980498,-1.8916187791112891,0.2530038857948164,0.1599016850246141,0.2608695652173913,True,5
-0.92586255959757346,0.35977436017860237,0.11550294582177452,-0.37354452272366889,-0.82540906637902123,-0.42327811505257296,-0.05694743434586666,-0.43504285179438379,0.89860709257385352,6.1857735016405213,-5.3109454231059061,-2.7367223975477768,,0.5343921155612135,0.3563218390804598,False,1
0.99953383620180614,-0.024207581718166515,0.01860385108141303,0.02670527782739663,0.98855467384859741,-0.14848058778256032,-0.014796567975806437,0.14890819251959012,0.98874031564242715,5.1258861977068877,-15.656002344619244,-4.3501301686658476,,0.07935429793423945,0.1052631578947368,False,2
-0.5300490731637072,-0.83388087808792954,-0.1539177091747343,0.83565520770954205,-0.48285747043543664,-0.26178051316439188,0.14397344847650251,-0.26737865360569507,0.95277505305805987,-2.192662762588232,-15.84959339287556,-4.323640679545405,,0.2951580589688776,0.2105263157894737,False,4
0.77326720606067556,-0.63259273655355763,-0.043408037168245914,0.62826712719258715,0.77362915193428072,-0.082330748609620696,0.085663556547064715,0.036391825141482273,0.99565927412071098,4.0195064172529111,-11.038302669960251,-3.6024189710459584,0.6842212306025909,0.4001862113757668,0.169811320754717,True,3
0.86680729939173273,-0.49831866510010203,-0.017989267190853,0.49243027878125611,0.86112707073567396,-0.12638270682973959,0.07846990671987393,0.10069099293904141,0.99181842979464985,-6.9351537288972898,-6.9782052361159463,-2.8369846814634401,,0.08480951063064429,0.3596059113300493,False,5
-0.02882373007522401,0.99309451596958465,0.11372103998683064,-0.9823613174572341,-0.0071148515001893814,-0.18685722049687101,-0.18475777263280871,-0.11710107275027826,0.97578271362660285,-7.1155401724979255,9.7911110392928702,-0.55738647032910571,,0.09213966796155296,0.3809523809523809,False,5
-0.93209219130138876,-0.36205084391376097,-0.011105554299980724,0.3542281964571512,-0.9046904203295778,-0.23676492180769942,0.075673851162010655,-0.22462063526137951,0.97150349379973155,-15.080395545077776,-11.69809044147858,-3.4803366355013781,,0.07399380761814617,0.3777777777777778,False,1
0.98229318809794097,-0.18729542611923294,-0.0045294559495901027,0.18590081121419308,0.97741052362161918,-0.10054629134691229,0.02325899839393835,0.097923907543195063,0.99492207098103103,-6.6616519943247781,-4.9232022606452839,-2.5452028307146271,,0.07800902655007468,0.3138686131386861,False,5
-0.60230960506750963,0.79748938281844284,0.035125830029764368,-0.78605073443691076,-0.58485362285447784,-0.20017612925917297,-0.13909486882920435,-0.14817868985063762,0.97913006967385852,6.3681750014447758,8.618399931441397,-0.91946386352660747,0.3944491550145646,0.2233762822639795,0.375,True,6
-0.33468782597595753,0.92231138138601498,0.19319879634539361,-0.92581621109238388,-0.28362444098669298,-0.24984299020290485,-0.17563713281088944,-0.26248598484644403,0.94881647610966535,-2.1146898354681003,3.4799502836309304,-1.4102410150920925,0.5059094016618643,0.3191327448296835,0.2727272727272727,True,3
0.010665340398786529,-0.99982924612807034,-0.0150906958472414,0.98375423678595697,0.01319608702250075,-0.17903481475113828,0.17920338199893948,-0.012936068733217367,0.98372699770102512,14.584075648630114,8.5444922071955549,-0.91086812980844811,,0.1102340649651607,0.2272727272727273,False,2
-0.99945054084977858,0.030277760280829201,0.01348605307198536,-0.032522945765905108,-0.97431769068031693,-0.22281673102817129,0.0063933085168600464,-0.22313290850914186,0.97476706486547737,-1.2227990475385135,-10.187006868303259,-3.4031322263177435,,0.09047447916758553,0.3833333333333334,False,5
0.99968419413128362,0.025129881627038012,-3.2457596366579008e-05,-0.025121589631754624,0.99931944661703975,-0.027010171183933007,-0.00064632689733872331,0.027002456599774408,0.99963515824480575,-11.153370437714504,-11.298879784295249,-3.4664011748267569,,0.6152103899232574,0.6294964028776978,True,3
-0.98398871396880427,0.1750600870734807,0.033469040856362986,-0.17720196675940875,-0.94075717580690765,-0.28909410084678089,-0.019122598113668968,-0.29039611237349011,0.95671543530965752,3.504581030992719,5.3075084004039486,-1.2559890202146904,,0.07397577734131877,0.2558139534883721,False,5
-0.83951504868707916,0.53986910230709229,0.061284870906812616,-0.53456167788429743,-0.8004968423244444,-0.27101405492357222,-0.097253768901029242,-0.26028092093491395,0.96062247872502837,-11.354517881290564,5.3309664904418401,-0.98304321335542588,,0.2487078496188617,0.4645161290322581,False,5
0.99160804876429232,0.12726886827929179,0.022718115960236845,-0.12524253395191906,0.98926356152342754,-0.07531210746810274,-0.032059090991119955,0.071834817525298258,0.99690118551235141,-7.2850550843662649,-13.089547758252447,-3.7846680378452224,,0.09847025937725803,0.2432432432432433,False,9
-0.65518450458016009,0.7528923459502076,0.062340840286643467,-0.74513303611211079,-0.63041336024543315,-0.21761377189509554,-0.12453924462754494,-0.18902939092547483,0.97404202471656542,-7.3795867041199683,6.9657791044237882,-0.82525357317703474,0.2592495480377379,0.1947598142378422,0.6470588235294118,True,5
-0.90387826197523746,0.42731876910102756,0.020068809197557529,-0.42242431767292693,-0.88415212578935076,-0.19958134757721055,-0.067540975468136519,-0.18887479460255108,0.9796757262465261,-12.50017758583,-7.351153018409792,-2.8318476809665252,0.4251720685377225,0.2984838432253296,0.9003215434083601,True,5
0.94137609652039311,0.33517021785221268,0.038366260762923488,-0.33107986911499593,0.93970059487866653,-0.085725796884471336,-0.064785532079512029,0.067997919450383124,0.99557978976252548,-12.599544439033435,5.5097039447885114,-0.90999757710640838,,0.08227642973316164,0.3125,False,4
-0.81426538285502859,0.5797638579429194,0.02908187248263229,-0.57273893884672977,-0.79421905752250377,-0.20294382621008061,-0.094562118275107826,-0.18190645313239442,0.97875842172423555,-17.125965759094697,-13.729533777770875,-3.7475183119009978,,0.07903718706714644,0.391304347826087,False,1
-0.77649254449037353,-0.62492120957129738,-0.080825801442436465,0.62022987168985844,-0.73533960333407111,-0.27311274966956844,0.11123953710100998,-0.26220059038155791,0.95858052128609195,1.1152760529587411,-8.0981173458742379,-3.141108270801483,,0.2338039066243832,0.3888888888888889,True,5
0.88634986250522141,-0.46299461724668062,0.0044615734417355942,0.46121719894053276,0.88201663962604249,-0.096567814639421573,0.040775196362802912,0.087650623633745733,0.99531640775091779,-6.2210500874941408,13.343814339680479,-0.21353559708161898,,0.1685446288223245,0.25,False,4
0.52765377232941746,0.81119417265117755,0.25208234924982231,-0.83323244649909423,0.5519861625201925,-0.032170895035226854,-0.16524281118303283,-0.19306809846011724,0.96717088599136669,-7.3018717165746772,-9.9033737352750997,-3.2815454567681863,0.502324917197848,0.2201492351866265,0.1596638655462185,True,5
0.79172488774916716,-0.61045043294077628,-0.02284668555802314,0.60259256979150078,0.78657922758674081,-0.13481585055593709,0.10026912261829773,0.092969821186580287,0.99060724578305592,-9.4415641796264058,-5.6654872269868592,-2.6158772231719816,,0.421241356368341,0.2374581939799331,False,1
-0.99674099606276367,0.070054102129162577,0.039997619212735827,-0.077948073243523805,-0.96407749127802689,-0.25392654191456315,0.020772208487120317,-0.25621673166665565,0.96639614122192397,9.2046468079574542,11.594524223239961,-0.59690605081504822,0.4440832351539675,0.4031489961736252,0.6842105263157895,True,6
-0.59611611485350202,-0.79911145787226556,-0.077887454119581784,0.7847766349679316,-0.55941963199649347,-0.26678700970121916,0.16962078534300321,-0.22016028986665867,0.9606030584718398,-3.2759544194303087,-3.7226768366009986,-2.4338088494063648,,0.3694992385591662,0.3848580441640378,False,3
0.99152847090768981,0.12369577668989927,0.03963137908957854,-0.12511616133811887,0.99150258164264915,0.035617085338021853,-0.034888931647058634,-0.040273880183621491,0.99857937943034003,-1.3990345403437996,-8.86522416463254,-3.1837639659441037,,0.09230674174895728,0.3676470588235294,False,5
-0.99872885874879236,-0.050359215177161736,0.0021485225331277676,0.04624372297275342,-0.93240290252187819,-0.35844992042738111,0.02005454531906101,-0.35789492426621111,0.93354648432551501,2.5102873351336887,-5.7390758992060125,-2.8112755142061645,,0.2058332032819773,0.3571428571428572,False,5
0.48763973667954047,-0.87032002625073068,-0.068924154822788561,0.8599265908178233,0.49244765836254301,-0.13424441209109422,0.1507771389022346,0.0061931962810405049,0.98854837954663655,-23.329867225341719,-5.6921852698408912,-2.4098790912659127,,0.08960601324485559,0.1904761904761905,False,1
0.99756261944774194,0.068028184160463329,0.015523737964520742,-0.06560955996915277,0.99021032563860545,-0.1232026649035718,-0.02375301920209652,0.12188386750722072,0.99226010547651688,-4.6267164878446776,-6.4763942681301758,-2.7979344250971434,,0.0710175790845991,0.2244897959183673,False,5
0.57915157795522487,-0.79781720307605886,-0.16754450223110612,0.80322097596618813,0.59357772279739152,-0.050015505261751109,0.13935391461992847,-0.10560869980526719,0.98459498729454453,0.064372525343756898,-10.24481684127247,-3.4402969923762545,0.9106210862454841,0.339591558385329,0.3684210526315789,True,1
-0.38753609732432276,-0.9217331508117923,-0.014959009499295992,0.90609447979107571,-0.3778729032163512,-0.19027575438554034,0.16973086626413472,-0.087292999200467958,0.98161670998807615,-13.019137460534328,-10.822100486091868,-3.354143755522601,,0.07987496693701768,0.2987012987012987,False,2
-0.98202403502675673,0.18786866508461506,0.018280024865766565,-0.18726420134705929,-0.95753238537074548,-0.2192346912786805,-0.023683612976409387,-0.21871693040442716,0.97550089227578329,-7.3308915926599099,0.75652980496263755,-1.724891724508866,0.1198285388327224,0.0743623894954193,0.3045685279187818,True,3
0.7419603682042647,-0.67042748277578479,-0.0046692989964539251,0.66059553397214621,0.73223324181763938,-0.16567444001199019,0.11449171371871555,0.11983935044949344,0.98616944668428896,-12.444240807965338,8.1023731895375999,-0.54822261122557348,,0.2182966123689964,0.2857142857142857,False,3
0.92502567086989151,0.37926282548384233,0.022073002462746818,-0.37143476483146792,0.91507495671545391,-0.15707972201020376,-0.079772950968984513,0.13710409475366994,0.98733922412485864,-2.2560992328946852,11.466761814166615,-0.59675354947811654,0.3178976649106364,0.2841936405015323,0.5606060606060606,True,5
0.43932648598305624,0.88388199189510075,0.1604520586260228,-0.8741821187228116,0.46177622611521729,-0.15022762828482414,-0.20687644143080952,-0.074265344531192823,0.97554435910551396,-11.176488705718143,1.2261686313997511,-1.5842513794303723,0.3930504927248287,0.2531950619825096,0.7847358121330724,True,7
-0.99909162263484463,0.037858604394944297,0.019561586186699696,-0.041323265871134267,-0.97283972218515247,-0.22776141603980593,0.010407558725086551,-0.2283628713516738,0.97352045777651852,-12.233376076809975,10.771354116679696,-0.23700215907551023,,0.08424319384875062,0.3076923076923077,False,4
0.74465082090323165,0.65387828171193352,0.13393411676489991,-0.65351112421116297,0.75506663281659003,-0.052892254057465532,-0.13571427876390355,-0.048141174813945031,0.98957771894234148,-7.3140977743175908,-14.766779432367237,-4.0496423373656985,,0.2907864054389112,0.3225806451612903,False,4
0.061865145944495513,0.98379368314812876,0.16829347199195183,-0.98852326335581853,0.083678572069049925,-0.12577620753086804,-0.13782039588402517,-0.15858084869972297,0.97767972920790724,-9.6318606634281974,13.108330080535604,-0.084121945218622332,,0.2738502247937615,0.1224489795918367,False,4
-0.99864529100863353,-0.051232132947370009,0.0091022689449046061,0.047759508600335031,-0.9719039608288651,-0.23048149657492822,0.020654589914517921,-0.22973454132721771,0.97303413528849902,-24.349856992878632,-9.4807841618714104,-2.9622505652926745,,0.1212220202349831,0.6,False,1
-0.55900105843571057,-0.8251061256706822,-0.081961564458414432,0.81263020244341999,-0.52552622322337028,-0.25190145450422741,0.16477248175748335,-0.207417622407779,0.9642758729586588,-2.3454659228435895,-10.469029488728429,-3.410991895041759,,0.1607231222729956,0.3043478260869565,False,5
0.00078808867323431893,0.98626960042845402,0.16514131580843366,-0.9849792281421702,0.029280738925828539,-0.1701721435970398,-0.17267107182356048,-0.16252665504050456,0.97147814558879686,-3.3082842947495297,10.532159931024708,-0.64903267804357279,,0.1259144939038379,0.2857142857142857,False,4
0.78433718040034772,-0.60721062111666002,-0.12692694373044669,0.61188320596611379,0.79094341770275867,-0.0027298808232144867,0.10204964330296369,-0.075523318225557204,0.99190831164273385,-19.325131303638631,10.104728970202315,-0.080399563658381662,,0.26955538028452,0.2142857142857143,False,1
0.8896128795057322,-0.4437294729625712,-0.10813454324072407,0.44947724566258179,0.89260562914054886,0.035005663230186612,0.080988457505376282,-0.079745505522036159,0.99351976532927444,-0.39262220541700082,8.5995387131393244,-0.77289213283425495,,0.2881600095678942,0.2857142857142857,False,4
-0.84152271619360508,0.53905339869411628,0.035509878716490681,-0.53408514298423093,-0.82028480627326894,-0.20466044229586502,-0.081194693014083191,-0.19119170994985046,0.9781887097451093,6.3171538029990622,0.53347717747544876,-1.8699057659350675,0.3193387529290962,0.2283620749522901,0.6335877862595419,True,5
-0.99188142144207148,-0.12693078288908272,0.0077344782126418533,0.12194387848920915,-0.96663796219231135,-0.22525705437944807,0.036068494521760988,-0.22248511501640092,0.97426866792434319,-6.569167331785529,1.0598049900374051,-1.6674026729008016,,0.07122333891903336,0.3318777292576419,False,3
0.26443950155899859,-0.96247423202558202,-0.060951642324028568,0.94536838028442871,0.27119679341233482,-0.18091690026435872,0.19065774459387941,-0.0097801804500366237,0.98160785066987988,14.470190995108133,-0.3760790441429564,-2.0752383903282023,,0.2654550923388774,0.5,False,5
-0.99841661882136623,0.051179666413361719,0.023343029090686702,-0.056225612515194298,-0.92061087905908323,-0.38641207260559801,0.0017134055570286397,-0.38711271111122114,0.92203080921274982,-14.792099480932251,-14.492320825892373,-3.9126106573134338,,0.4131409139869154,0.3333333333333333,False,1
-0.24406331167641235,0.96641344140331398,0.080487018633729063,-0.95446428799687788,-0.2247026477746486,-0.19623109596003183,-0.17155472255859183,-0.12471479606713091,0.9772487896179658,-0.78702862777684068,-15.114197087234563,-4.1840556203287873,,0.07547055971373573,0.4375,False,3
0.36712007342537512,0.91980752722846293,0.13848091760964298,-0.91455155228413887,0.38410225907597967,-0.12673165661113156,-0.16975956498183001,-0.080122203081232968,0.98222305138425203,-20.355372332512186,-10.896712422337965,-3.2648435393103283,,0.130730268631203,0.569620253164557,True,4
0.99890757629490246,-0.044837937250589988,0.013161056331387706,0.045630162888184542,0.99665462918627135,-0.067804412514048618,-0.010076817724040834,0.06833088251068975,0.99761182242386692,0.67971318571413963,-5.8214217675870099,-2.7732243204992728,,0.1028496997757086,0.3707865168539326,False,5
0.96052943453853357,-0.2772361488842931,-0.022876257056012126,0.2769371383547683,0.9607645547225544,-0.015404278257829002,0.026249319704680703,0.0084609775191065804,0.99961962019283335,-25.809920102424101,-7.146591811905239,-2.5524948469944109,,0.2648356460764046,0.4230769230769231,False,2
0.41426492844958124,0.89873259385140025,0.14375080453965591,-0.89453963062025799,0.43117878563452522,-0.11782913081453458,-0.16787917770359734,-0.07977831514810925,0.98257417131008185,-13.817838552600158,-16.039115820208256,-4.1505680048639979,,0.07987399339586981,0.25,False,1
0.84076829351781635,-0.52884422231673678,-0.11589851223094035,0.534318775312005,0.84504125752846293,0.020216810425813914,0.087247481133947272,-0.078924404317804342,0.99305529324346375,-13.914897697759296,16.278226623957675,0.48603541039973142,,0.3605204107165968,0.1666666666666667,False,1
-0.37487325870811117,-0.89614694582305932,-0.23746724278848341,0.91634927462904903,-0.31932128455484998,-0.24153244940805862,0.14062022184727729,-0.30814699207073792,0.94088861428193504,4.6777341400138157,-12.839629877242688,-3.8986796951409839,,0.3164635652829441,0.3404255319148936,False,2
-0.76872543128164894,-0.63951294504466627,-0.009187187879902161,0.62698671010566343,-0.75067643571853004,-0.20826078413326063,0.12628886194641162,-0.16585560580583764,0.97803018428423716,-5.68967903750438,-6.7472812841113416,-2.8166507928524127,,0.0902531521461796,0.3221757322175732,False,5
-0.94746487105355048,-0.31966890596223574,0.011050279651970928,0.31110181374547052,-0.92900135358395164,-0.20042990426446938,0.074336932972500769,-0.18646253135708807,0.9796457241248745,-14.154275392162456,7.7428760585608529,-0.55062227162052635,,0.09182969245792175,0.3548387096774194,False,4
0.2285608052622809,0.96997781629256352,0.083084259629418178,-0.95650458365065183,0.23963529496650152,-0.16635476206472619,-0.18127034990078103,-0.041448296788030352,0.98255946331009436,-0.825036510347676,-2.9151776904353306,-2.332460449807642,,0.5226799254591356,0.9549795361527967,True,5
0.57231653196684174,0.77957079135530938,0.25440748515542033,-0.80552663857001383,0.59254859060014797,-0.0036058746336506131,-0.15355983130865525,-0.2028683046792582,0.96709039348192405,-0.1292584683350716,9.3455985791701348,-0.71309793805662303,,0.2804204664366156,0.3823529411764706,False,1
0.99736991050473034,-0.072308454647789414,0.0049748373074156652,0.072477769652195059,0.99453692455161091,-0.075121758563462038,0.00048427887628644389,0.075284746727821997,0.99716195895355852,-15.255714785363587,-6.0930166739407348,-2.5852374693663931,,0.06885598326694671,0.1609195402298851,False,2
0.92774808459343472,0.36381492246345926,0.083199721911319038,-0.35824186136200059,0.93063140992280191,-0.074752576095989148,-0.10462437718382199,0.039545936049166994,0.99372524303294885,2.9633629608166867,7.4998514774129346,-0.94656605886411482,,0.1296013801276717,0.2857142857142857,False,3
-0.65714960848740234,0.74524547469764213,0.1129759908455767,-0.74290949570799603,-0.6150329288144305,-0.26423470184825104,-0.1274357612750224,-0.25757266725456229,0.95781858816355514,7.2987886640430562,4.1998736024539758,-1.3688735151585389,0.8846149778825431,0.3295156909198861,0.2352941176470588,True,1
0.43691590101963484,0.88472930144587036,0.16235319091198697,-0.88262290700859947,0.4564779844637778,-0.11227044902188968,-0.17343961329491728,-0.094243900932582184,0.98032483783545954,-3.2723848065597005,6.7736423027454817,-0.94609128558052114,0.2888526189501234,0.2179690448300479,0.3294117647058823,True,4
0.27687424309930209,-0.96082807862820296,-0.012249768480512985,0.94593421973861946,0.2747797195269967,-0.17235010201376497,0.16896480531660638,0.036131828853555897,0.98495958572320119,-16.977472755456979,-10.541054448764339,-3.2741079161172202,,0.0708320155776823,0.3829787234042553,False,1
-0.95988131425138301,0.26725439065404505,0.084870214016312923,-0.28002895391302063,-0.89792374964655641,-0.33958316329148203,-0.014548110579004611,-0.3497256503272318,0.93673919635177971,-1.9013685976155723,-9.5218736233723025,-3.2748856799702937,,0.2362198288616211,0.6344827586206897,True,3
-0.96377269557581535,-0.26644920615453305,0.012124842355431858,0.25633565653704976,-0.93783870909537459,-0.23398843328258509,0.073717178800090946,-0.22240363365273119,0.97216377287359124,-13.326151193292496,11.859694635473161,-0.038443191499866421,,0.1515770675767217,0.5294117647058824,False,3
-0.26563967178532211,0.95983709948623441,0.09026797451832283,-0.94902594072416702,-0.24386718406410787,-0.19969617014167645,-0.16966239597034205,-0.13871387452773717,0.9756911050158793,-14.488685820353625,-1.3807811427927725,-1.8792089869658861,,0.1487924129294952,0.2580645161290323,False,1
0.35513603874482752,0.93003383769650771,0.09442168566669859,-0.91790523679116032,0.36605327091647855,-0.15315018486019835,-0.17699822105320223,-0.032281009755822612,0.98368163861746882,-10.550955777872446,6.1278810316540717,-0.88172802193522359,,0.1141355869448639,0.3142857142857143,False,4
0.7455129035698822,-0.65842028944664022,-0.10340808989535946,0.65970040823351339,0.75107282361411243,-0.026172218187617752,0.094899325536801429,-0.048706632744701148,0.99429461526216367,2.8781730545749324,-8.9136149441064614,-3.2735643672985102,0.1030409304267662,0.3077777385618295,0.2105263157894737,True,5
0.78422809074807376,-0.61997747114458823,-0.024783804284097141,0.61201261221440717,0.77949150175476745,-0.13354235726013952,0.10211201776543552,0.089559667067595466,0.99073316380477183,-12.721307001923678,-8.994343758782783,-3.0594986245227447,,0.07760290205901373,0.2685185185185185,False,5
-0.42998996210217705,-0.88418609837462758,-0.18254746213634987,0.88730116651909496,-0.37651965078976385,-0.26632610173057986,0.16674913008834938,-0.27649212648863614,0.9464390268815901,-2.5520508195592266,18.201069022258149,0.24293172734853621,,0.1158049540718842,0.1428571428571428,False,1
-0.26748403450003333,0.96040924177560272,0.077886966814723763,-0.95089119459494464,-0.25003701361346714,-0.1824484252194534,-0.15575052914640314,-0.12286407178370651,0.98012560038769769,-18.963522085645156,-9.1323565623503349,-3.02104222991581,,0.2386014753908766,0.6833333333333333,True,5
0.88939661656457836,-0.45710291327081887,-0.0055303817960806016,0.45247524301414288,0.88198679408195324,-0.13177803126595017,0.065113845707133161,0.1147005742983347,0.99126382227581578,-10.955089248147669,3.1095728240498048,-1.2794026646286574,,0.1315491452279023,0.4466019417475728,True,5
0.90849592854223049,0.41658007659347934,0.033108724040082554,-0.40927144027696305,0.90296530941085629,-0.13096006327952786,-0.084451382438724382,0.10542622911746678,0.99083463515273862,-6.6189038810395244,-5.970636492216622,-2.6878141800055499,0.1822369360758674,0.129968006603443,0.660759493670886,True,5
0.46334031198071207,-0.88062249257273029,-0.099094807475514371,0.87342444930044572,0.47271144799365966,-0.11693424776322783,0.14981817866277414,-0.032371476807990976,0.98818348540715861,-3.6737554713707481,-10.584670832375787,-3.4204371641803952,,0.07722219299900561,0.36,False,3
0.53390801634167051,0.83985792409332405,0.097882058742936956,-0.83265190499691866,0.54237040082408716,-0.11191583183322257,-0.14708172963052132,-0.021748922906022941,0.98888520524948864,15.535520952185804,4.4260467012608267,-1.368140769703198,0.8575330165073942,0.3982762698070974,0.7941176470588235,True,4
-0.065741209168179854,0.96658576686009179,0.24777015300595373,-0.98221857715254646,-0.018924932309411759,-0.18678467183768263,-0.17585437189200678,-0.2556438973270676,0.95064264455466929,1.3265339979007411,-13.702186713432877,-3.9800304936252959,0.6017146789390682,0.287626343659658,0.3488372093023256,True,5
-0.95060774795997738,0.30105813736134751,0.075557312332936083,-0.30945938905921944,-0.90035150022987709,-0.30594454163606927,-0.024078954328529807,-0.31421517143881827,0.94904637926505953,5.6432228843632091,4.8712013235608662,-1.281166807853132,0.4883630057999649,0.5022308711534227,0.384,True,4
0.9451166183987092,-0.32648476777552299,-0.012738682708700981,0.32231435848746082,0.93801614896390417,-0.12743295725888279,0.053554009554903213,0.11633314529183215,0.99176537919363994,-5.9032676493619975,-14.182436119801631,-3.9905100958187121,,0.08930248031612502,0.303030303030303,False,4
-0.87233964275624132,-0.48076115286785476,-0.088838401432523251,0.47904089584644449,-0.80420901675485712,-0.35180630676101166,0.097690162158483237,-0.3494518153670953,0.9318476597352664,-18.659900141372045,-14.852228159096228,-3.9200510173351151,,0.0769879677420969,0.5555555555555556,False,1
0.88612907353259418,0.44938337006011064,0.11326893551933677,-0.44620063217294298,0.8933334608450072,-0.053481993073813044,-0.12522084845876069,-0.0031487216611099447,0.99212389582308158,-5.8132155032638293,9.6121638163612904,-0.62468649791322339,,0.4748711576839496,0.25,False,2
-0.99980032606952873,0.015552267667923895,0.012547308940531444,-0.017771596910499766,-0.97912838370544986,-0.20246426491013969,0.009136647881723586,-0.20264682379138771,0.9792092659246785,-8.3987180183275072,10.129579023499501,-0.46148551901453944,0.2022552006910038,0.152288518011027,0.4166666666666667,True,5
-0.98142144548086896,0.19104593251623037,0.017703051128131524,-0.18987250275616091,-0.95382848103579565,-0.23272228398255548,-0.027574971393509524,-0.23175996296588752,0.97238209594721403,-14.595329784229088,12.07334716208914,0.013167099543831986,0.3560735536833645,0.3105259654134112,0.4,True,5
0.64387334634517679,-0.76464622507363822,-0.027262874883246416,0.75415794689749027,0.64024857865928686,-0.1460395448367498,0.12912360356505745,0.073470456684292307,0.98890302203854941,-11.065995893435584,10.747946418453346,-0.29903486463410933,,0.0927640039803117,0.2352941176470588,False,2
-0.51403261967116398,-0.8239875508062573,-0.23835893528522795,0.85058501755734739,-0.45375802122568509,-0.26572313802211245,0.11079527887490723,-0.33933489989928478,0.93411788971701826,-12.635899551000822,-15.050445415541995,-4.0203804264245884,,0.4900832098990303,0.5111111111111111,False,3
0.77031973014573141,0.60889375297948267,0.18935657086768137,-0.60964699791429122,0.79030655819324436,-0.0612052449618401,-0.18691723110055597,-0.068293057182318692,0.9799989831925302,-5.0570491351787288,12.457053600986393,-0.36859462383217878,,0.7160309505852787,0.5689655172413793,False,2
0.28257370475196336,-0.94674457229572961,-0.15435937357778889,0.94654119153452154,0.30130031779279143,-0.11522973238870102,0.15560165201937595,-0.11354661301218996,0.98127228258129373,-21.490606127701358,-5.9141817723636239,-2.4368492244236584,,0.7211118350449774,0.5104166666666666,True,2
-0.77043788382676004,-0.63199569716327952,-0.083707263314752756,0.62550827031901257,-0.72402004186731306,-0.29074797116570189,0.12314573044593127,-0.27636283712097615,0.95313100428607611,-16.026268972783654,-0.95463011489504024,-1.7824528856221915,,0.7243375931361908,0.6486486486486487,True,1
-0.58632879602668475,0.80880129005716417,0.045376383193966897,-0.79817182542199117,-0.56724102041747348,-0.20287770172759276,-0.13834840097530945,-0.15517118919957662,0.97815214664691341,-16.220857820891769,-12.329022713552376,-3.5501330303952208,,0.08876440230290755,0.3103448275862069,False,1
-0.93747186206786504,-0.3459221897894042,-0.038527216903296531,0.34094771210183789,-0.89040534797606907,-0.30155094745024047,0.070008324101727554,-0.29583129467133601,0.95267133873626586,-10.430424292193342,7.3931668093295437,-0.68982180931943371,,0.0995839449127547,0.3877551020408163,False,5
-0.27267011485427445,-0.93186180129663254,-0.23934199746294543,0.95224043114637347,-0.22585287173847479,-0.20549608662369331,0.13743787598593468,-0.28394376839733576,0.94893981191263932,-2.0372638182624483,7.1989835578646337,-0.91007301595687906,,0.282420046546928,0.3428571428571429,False,2
-0.70517849055559068,-0.70870728101943947,-0.02138425326662307,0.69586118992744939,-0.6859808341400716,-0.21262055296994328,0.13601654609087765,-0.16481591252826192,0.97690082104939591,-3.5449430065108767,2.1456744626239113,-1.5483236241989786,,0.07651653543555466,0.3442622950819672,False,2
-0.67688358104574353,0.7307034759582145,0.088887839062916196,-0.72555645649012002,-0.64195883025687972,-0.24790459596530318,-0.12408241678897222,-0.23229569621024596,0.96469801666946875,-12.264787672752329,-9.895906448457982,-3.2060347467569561,,0.07863973643394927,0.1341463414634146,False,5
-0.10842841198890855,-0.98790773029629042,-0.11082236188782386,0.97733616199389917,-0.085545963849717702,-0.19363861837985114,0.18181668221755218,-0.1293066297211983,0.97479356254416594,0.36582585193372263,-7.7962319113680145,-3.0612970187900346,0.2246765565934901,0.1459754060640456,0.3880597014925373,True,4
-0.64077358673605356,-0.7497916659697853,-0.16498990327794583,0.75903229599735689,-0.58645484985219976,-0.2827378338988481,0.11523534255770912,-0.30640360103478859,0.94490086733927814,8.9439356144448308,-9.1448735057768893,-3.403823052586564,,0.2777376763872896,0.2857142857142857,False,7
0.91495464015775374,-0.39852456933731661,-0.063530890819367511,0.39881515106214338,0.91699110780626525,-0.0085897315160977372,0.061680481005546628,-0.017477867110875702,0.9979429053929787,7.7895065773943779,8.5047669450076011,-0.91865805011319512,,0.2023932587733212,0.2142857142857143,False,1
0.98233992000231229,0.1870898646052751,-0.0023799436610427334,-0.18636139333337848,0.97722376238665531,-0.10150442996101416,-0.016664712559529355,0.10015538322450984,0.99483224041365848,27.474111458098186,6.0572480644758686,-1.2603170941119917,,0.2786409582830236,0.2142857142857143,False,3
0.93577186048489414,-0.34925713489808774,-0.048481737256626807,0.34841751361587142,0.93700383207160209,-0.02508096666534762,0.054187280152961551,0.0065781764884600188,0.99850912177291251,10.818067434262327,-2.6354004858063336,-2.372725771485515,,0.3824021755536103,0.3658536585365854,False,5
0.53159068953590205,0.82176624788917996,0.20521104412015029,-0.82964646984649448,0.55397885718128081,-0.06923987916923699,-0.17058157541186247,-0.1334453432168389,0.9762654692775663,-11.574622692214941,13.331847665281177,0.029421212327583469,,0.2545450988472013,0.4166666666666667,False,3
-0.12743736413765291,0.98759207632486579,0.09176932495114376,-0.97615192183492805,-0.10848836686279151,-0.18803643198439357,-0.17574738609613613,-0.11354367017049319,0.97786537480605717,3.6152438739672834,-12.221058210783266,-3.7686002953145965,,0.07159766461795317,0.2608695652173913,False,4
0.67879668526687587,-0.72140956523896271,-0.13712512261592916,0.72383206224849239,0.68878364697106886,-0.040549147048102419,0.1237020845895369,-0.071730933682514375,0.98972342976269811,-11.553762347262749,-3.3253451228829132,-2.2572024838263762,,0.1640383912447319,0.2764976958525346,False,1
0.91428702922968197,-0.40330889611156334,-0.037698308975808094,0.40075379419525148,0.91417100782908511,-0.060726969979284395,0.058954428336411881,0.040414140619679906,0.99744226530536606,-6.0747476974611887,7.0196301233515275,-0.86649258844404964,,0.6153728987751572,0.4301075268817204,False,2
-0.15867558151460315,-0.98451422828739654,-0.074523782315944614,0.97464340798368354,-0.14412822094204389,-0.17116449165066822,0.15777289724459284,-0.099793738419567596,0.98241993193709898,2.9876475482659193,-0.2313491733754231,-1.9693265579805237,,0.3532538377927488,0.2696629213483146,False,3
-0.8319064477151723,0.55092426258145955,0.066438837655400276,-0.54021458395340149,-0.77666472672912612,-0.32397547058199749,-0.12688524553303598,-0.30540851192108015,0.94372971517917936,8.8194640419967261,9.5029911088742107,-0.82681638224900322,,0.185984589308051,0.2941176470588235,False,4
-0.86844186290342829,0.49059744991471099,0.071574247421851409,-0.48521742160778014,-0.81136203468882229,-0.32596886727709196,-0.10184686801821377,-0.31781408213418649,0.94266718658924564,17.301239312157666,6.4843201910845449,-1.088430500308573,,0.2730620554992776,0.1428571428571428,False,3
0.6666906007689074,0.73752594786218029,0.10760631522539531,-0.73237825979672577,0.67504031480263216,-0.089121590920962945,-0.13836808672347073,-0.019391998895335424,0.99019100326923315,13.76058170333309,-5.2161819770128446,-2.8344177884188637,,0.2829128061685422,0.15,False,4
-0.66316583204635127,-0.71528479033071424,-0.22040587090142919,0.73491985714265096,-0.56650089746344967,-0.37278618100800276,0.14178816164862401,-0.40919970905983372,0.90136103494751296,-7.8997431468570722,13.968731900120147,-0.079534643193507379,,0.6824994134650523,0.3703703703703703,False,1
0.35797799279218551,0.92762258323266422,0.106621291275421,-0.92527614541616643,0.36774757506395755,-0.092875054553851033,-0.12536271933984175,-0.065406911800963641,0.98995258699009536,-8.9481445844837886,11.875306222978486,-0.26368921291195502,,0.4136884165713309,0.4259259259259259,False,2
-0.54314703592160418,0.83382908663386068,0.098591843744391922,-0.81785211408421454,-0.49881987670058653,-0.2868739271812506,-0.19002425334034967,-0.23644827106949781,0.95288141877711596,-8.8266927592580817,-1.7983132855188106,-2.0613504450150737,,0.3573800789860098,0.3561034761519806,False,2
0.60844893531273314,0.75109631234091123,0.2562112852797207,-0.77943392284206292,0.62630611909698974,0.014946742277190256,-0.14924025274648592,-0.20879409658692996,0.96650523650449693,9.1718787534799837,-13.270238880660822,-4.0581813079518216,,0.2720352854207345,0.3,False,1
0.87713818382988185,-0.47238924929431048,-0.086469668779144471,0.47420799061750601,0.88041266892768122,0.00056038035757058346,0.075864274214707011,-0.041496138890212739,0.99625432614121234,4.1504197487094148,10.620336073661884,-0.65872426562428743,,0.5472569409887871,0.3888888888888889,False,1
0.84338972073530161,0.51190987958338485,0.16322393863326512,-0.52673653383892471,0.84767898761867466,0.06315819716501414,-0.10603019795033272,-0.13924298594436993,0.98456538025055029,12.123600045162853,5.2825106648545361,-1.2710698328482231,,0.3863871777720919,0.1818181818181818,False,1
-0.91860266654730904,0.38499387503394927,0.089156363757830107,-0.39059659814415126,-0.85026433541175528,-0.35282411686989795,-0.060028647580892866,-0.35892934696559847,0.93143238367390868,5.6060859036115751,-14.859922428914093,-4.2317444249556404,,0.08113578001852212,0.4545454545454545,False,3
0.36266191143790272,-0.90266710618770662,-0.231664484543744,0.91759478993602006,0.38929795448917576,-0.080417063567472358,0.16277634801923188,-0.1834099180449503,0.96946617397837409,-23.291592128459222,-8.5524783883260156,-2.8366792030924461,,0.2723631244646536,0.24,False,1
0.324955168404443,-0.94232338370975555,-0.080192138274503055,0.93505166016452201,0.33283510311268505,-0.12206222576841602,0.14171284822065874,-0.035319040895320231,0.9892775313325497,14.399140570335803,-2.4121973253453093,-2.4019881928513587,,0.6686591797836999,0.40625,False,2
0.58749364637606938,-0.80575633165291316,-0.074886243523033497,0.79158304994450324,0.59143681218364441,-0.15361891886941204,0.16806989768637487,0.030971457752090762,0.98528842391271532,16.325225602459,10.137295271386135,-0.6933819434891344,,0.136814528295564,0.4615384615384616,False,2
-0.94702282093627888,-0.32086937879738631,-0.013806461388582041,0.31377933637164279,-0.91521872180966546,-0.25281855018027322,0.068485799200027522,-0.2437571188688922,0.96741519644290919,-17.930430733214639,-10.090191140106809,-3.1770566155409239,,0.1306983531590219,0.1111111111111111,False,1
-0.29359496818642822,-0.95378444482991709,-0.064009588782439286,0.93983381064974847,-0.27576736068743657,-0.2016550796262202,0.17468372281120573,-0.11936329243101509,0.97736277881083933,1.2872505976285964,9.064957816152587,-0.73021303649747804,,0.1933413720057716,0.2142857142857143,False,1
0.36978832004100065,0.89214302124084388,0.25949456258757109,-0.91085999969962972,0.40318944315032562,-0.088160840963102907,-0.18327754720217623,-0.20376236792742292,0.96171213890028706,1.8499634849149378,-17.770351577566945,-4.6568435242746338,,0.3836073054777001,0.1428571428571428,False,4
-0.86185698317336856,-0.49939175066173297,-0.088376580191304163,0.49702497694335196,-0.7970752280968848,-0.342982875736908,0.10084003594684372,-0.33952755429465303,0.93517502480815373,-0.82752755997315275,-5.7517106870715144,-2.7358487343637843,,0.265323250739594,0.2448979591836735,False,1
-0.21259998059271965,-0.96679659572680965,-0.1417941844471334,0.95758365510020393,-0.17725366213284988,-0.22718865012457701,0.19451167506581502,-0.18408009602220976,0.96347274300394503,-4.3498570759926904,14.350063432331051,-0.24901158703030649,,0.4904600485179436,0.282051282051282,False,4
-0.95566203643447312,0.2926423773615594,0.032718665774937025,-0.2915702398526635,-0.92486203734186123,-0.2441659417611779,-0.041193049779999394,-0.24287991035908557,0.96918134618542195,-9.6080737242686265,1.47793043635434,-1.5873784282474868,,0.07859788088563358,0.2517482517482518,False,2
-0.05887009695659725,0.99736120122473193,0.042484655769834082,-0.98223420852730259,-0.05027570317888936,-0.18079909642642553,-0.17818605804906437,-0.052373542570926752,0.98260202562151655,11.650039195162501,-0.53598981705914661,-2.0738053395075857,,0.06625131085706462,0.3636363636363636,False,1
-0.30737458115899063,0.92344548415067418,0.22971570398878721,-0.94059264854961622,-0.25824490747362949,-0.22044282083650679,-0.14424401669308412,-0.28382742215238038,0.94796395399961375,16.913036868689929,4.5733560176525456,-1.3483348754978783,0.8920080387518392,0.6933068247133425,0.163265306122449,True,2
