axis_00,axis_01,axis_02,axis_10,axis_11,axis_12,axis_20,axis_21,axis_22,location_x,location_y,location_z,dbh,dbh_approximation,score,reconstructed,number_clusters
-0.224611323330274,-0.92008900726873299,-0.32091427536814288,0.96341906805382593,-0.25909025681928144,0.068526915380865527,-0.14619662356607477,-0.2937830109529071,0.94462589935557195,-5.4476711515744851,-1.8067503611753912,-2.2499547317792139,0.8352326315951331,0.4964536136969561,0.3246753246753247,True,5
-0.69127771662177506,0.70912126533168773,-0.13886017988095317,-0.71940983337314346,-0.69341570902185146,0.040300696368038021,-0.067709749284801696,0.12775635223388596,0.98949163933591699,1.0087124859485304,-12.209510882942322,0.36281638225227042,,0.07769221004824547,0.2758620689655172,False,5
0.2641905776865085,-0.86838431502720925,-0.41965702672109872,0.9640966389322152,0.22566417776117798,0.13997624682415621,-0.026851619341757019,-0.44157033447696126,0.89682474890506303,-17.726700971686935,7.2950250588689869,-5.7045687724856933,,0.3580675040758119,0.2272727272727273,False,2
-0.68792461840522257,-0.65269044650743013,-0.31741912423475704,0.69765631386487437,-0.71524234907865558,-0.041280138189235607,-0.20008844823353666,-0.24984707947538198,0.94738643106238196,-8.5918959016610046,-1.0459196279097798,-3.0465292980101331,,0.3064683294211961,0.2125,False,3
-0.98034484032116798,-0.041589748300160941,-0.19285820410858989,0.036781658783819837,-0.9989183808831934,0.028446052640186473,-0.19383266915763167,0.020793296276128755,0.98081422053169631,3.0902900116594072,-15.623045082192322,1.1763941399916193,,0.06881018952681617,0.2631578947368421,False,2
0.96597509103410883,-0.13721588592741862,-0.21923486071060777,0.20685906588031644,0.91870311056135834,0.33644304348285814,0.15524641820270402,-0.37034631805114404,0.91582867084471242,-2.0746720051966494,11.518636306822243,-3.1741057159216495,,0.3233868367729506,0.1710526315789474,False,4
0.054257916892480128,-0.96468689266424046,-0.25775041721848208,0.99431974091273445,0.028527394905065701,0.10253994622177014,-0.091565994155700658,-0.26184993194909045,0.9607550581977361,-3.805161302055927,16.285511125217461,-4.0510424892872887,0.2380104332144299,0.2357290070633947,0.3518518518518519,True,5
0.81852732936824502,-0.45375816656715734,-0.35230177029203319,0.56456306414630308,0.74877635652821606,0.34727872740216525,0.10621467732392691,-0.48315369622713433,0.86906901230168854,6.029154767305636,3.8052279251001768,-0.36939839149385539,,0.382542536760296,0.2075471698113208,False,1
0.17279733385451243,0.98065806183567472,-0.091928489433196398,-0.97479436353616655,0.18364084916273829,0.12669643774355974,0.14112770894084356,0.067718566696922555,0.98767260035581761,2.8419780576747895,-8.0489177597769661,0.34944294754197691,,0.1703187259884535,0.3125,False,3
0.46271457829075091,0.88646103671985765,-0.0090581132013003995,-0.86824644949522023,0.45522282192781982,0.19728224789629834,0.17900648584941414,-0.083420697513432285,0.9803048838245253,-17.850884709843591,-2.1323101798983268,-4.6859134164209344,,0.2952697112740318,0.25,False,3
0.18887047011299568,-0.9510067671526945,-0.24477351643728934,0.98052263778561466,0.16895670042027244,0.10014484596340761,-0.053882300519153166,-0.25892037813365376,0.96439459531764737,-6.1052974531161164,-8.234788153592385,-1.6458921982779631,0.2901020922767547,0.1877313899100511,0.6122448979591837,True,5
0.968702569618062,-0.15804753109479591,-0.19140613765029243,0.18947780180675675,0.96894785136250772,0.15886542720950708,0.16035427726706455,-0.19016056177561966,0.96856877221358828,-6.0390634330663024,-5.6261644679762322,-1.8984214786737068,0.1988050254244759,0.1779672543503447,0.7802197802197802,True,5
-0.93358043199342111,-0.28471417885408923,-0.2176359652227064,0.29469663610347308,-0.95548588094921527,-0.014164179326712767,-0.20391534927090327,-0.077359987500928817,0.97592723225944567,2.3838376950187627,18.955723808944679,-2.74980793969912,0.2421615615740205,0.2089590805403686,0.2807017543859649,True,5
-0.81969071198217058,-0.52879740162002276,-0.22018275302592405,0.53543541487647228,-0.8439130634397809,0.033461288853617099,-0.20350934422336189,-0.090465736030816937,0.97488455594402579,-1.9476496521438462,9.2486778932421725,-2.9461742228239012,,0.08025687740046912,0.29,False,5
-0.83402683870584371,0.53109418823454091,-0.14945967864889614,-0.54018335100537984,-0.8411653377911531,0.02535393056894146,-0.11225497590278893,0.10188148861392962,0.98844270580690452,7.9550388200129412,2.9882192222682162,0.13741616706198131,0.5329113532004247,0.4769073513889741,0.9014084507042254,True,3
-0.89266865659971151,-0.37641166719598834,-0.24790507522679575,0.38362793875243567,-0.92326093793657293,0.020465705192774256,-0.23658460248508179,-0.076834219454723615,0.96856813316759471,8.4863977761898521,23.546542892503759,-1.7313516577525523,,0.152720829277709,0.2857142857142857,False,4
0.35191924154421561,0.93191409275112391,-0.087686778722873435,-0.92386298947554801,0.36087275014179593,0.12746777978140711,0.1504327893387884,0.036152205146396721,0.9879590041873223,8.3803333740650245,3.7176091677950165,0.16392016092122591,,0.08078893466355988,0.5454545454545454,False,5
0.53336873600478218,0.83163159500144779,-0.15461785682128737,-0.82740873036378737,0.55092340207312818,0.10898714587489161,0.1758197496598311,0.06980182836801152,0.98194456074975855,-16.501105585442247,2.0140396459256498,-4.9474588493311602,0.1981688346504251,0.164335694697858,0.6973684210526315,True,3
0.51131059051364758,0.8579032843533374,-0.050630373535471895,-0.84706221923773384,0.51304241432810127,0.13882751110798641,0.14507610681511307,-0.028096900116372225,0.98902147976432764,-15.317256080928217,-9.510659476447902,-3.3997546395648373,,0.464191774356201,0.25,False,2
0.98340072407693024,0.05311214845361812,-0.17349961259786309,-0.018035681290785237,0.98007707562394963,0.19779696670268454,0.18054841479599024,-0.19138449655875084,0.9647664196019714,11.742684424221972,-8.7618071295474227,2.383792595286768,0.4526164064623211,0.2058600788245664,0.2692307692307692,True,6
0.10305033513623497,0.99446276534593181,0.020601863236884427,-0.98802206949869098,0.099947255454529316,0.11757098413567241,0.11486086632022731,-0.032470824868313541,0.99285075762701491,-4.3563003870533699,23.926452127982085,-4.7910564991415896,,0.2505349413340717,0.25,False,4
-0.75527381585069908,-0.61918551590996873,-0.21487382338858596,0.62610451365391329,-0.77856397266313027,0.042793439371016873,-0.19379009539323844,-0.10221270644254399,0.97570382881752027,6.4221443598263139,13.325448840865977,-1.3045617896463029,,0.0744374912514012,0.3478260869565217,False,5
0.96065370373162351,0.2468557300542594,-0.12730557743514109,-0.19787667544633417,0.92991729395172806,0.3099978189016882,0.19490839597365259,-0.27260974844799007,0.94217548377683003,4.7659393201936062,-4.2920860168615524,0.29353832869436508,,0.09213581418252857,0.2745098039215687,False,5
0.90704970977601473,-0.34952630282100072,-0.23471725039189456,0.40590272273980793,0.87403778046038449,0.26702235486995773,0.11182040810004207,-0.33747492049657402,0.9346693930840857,-12.966736043484891,0.34703258821742977,-4.1318683645692502,,0.08490410821120534,0.3650793650793651,False,7
0.96936175307752703,-0.06576012912928357,-0.2366714961446863,0.11786295742841617,0.96985889296368266,0.21326521283483635,0.21551360731214084,-0.23462594305864948,0.94789480002115678,-12.948339509479224,9.9280819086092222,-5.122134804084177,,0.360994901632286,0.6888888888888889,False,5
-0.41185320123533331,-0.86945388057978046,-0.27281292157258435,0.89636694577177423,-0.4404325298686726,0.050452801322247998,-0.16402206912482625,-0.22376133754123387,0.96074326677930388,-14.340857666432829,6.5244630097514467,-5.0140469032872446,0.220344309533251,0.1496333718471742,0.3882352941176471,True,5
0.9786544657999604,0.10281395769809172,-0.17794585320329551,-0.069744812666473824,0.98063311055156088,0.18301465404739684,0.19331605643585906,-0.16669730829388005,0.96687171317174359,8.3621156039041971,5.3355483851540031,-0.020429923011007406,,0.4095893217266048,0.8846153846153846,False,1
-0.41201707033947771,-0.80735614352530372,-0.42239553887419612,0.89970310254498853,-0.43380762108471077,-0.048428041047988285,-0.14413972741682063,-0.3999837564211487,0.90511697231873378,-9.1862747861093084,-12.198174158468658,-1.8662247618715726,,0.6173337985550755,0.1212121212121212,False,2
0.1724124353127153,-0.92781706167963596,-0.33080122763633235,0.98356077365690842,0.1438543818564034,0.10915182703067916,-0.053685721313604613,-0.3441822436978379,0.9373667513039704,-19.619916847217997,2.7721305549900639,-5.5840481489671792,0.3839688401746058,0.4351011750881182,0.4411764705882353,True,2
0.96684940400372466,-0.15762738798964201,-0.2008876216525225,0.19538930586897113,0.96319321871486829,0.18461268259178398,0.16439357995276391,-0.21774395508774982,0.96206149538013419,-7.817056379376254,1.2146559980332092,-3.1825240141861388,,0.07734631006785063,0.2,False,5
-0.53436888844321973,0.82821064375711839,-0.16886983339654191,-0.84485871010753344,-0.52944153613310485,0.076846729094033089,-0.025761425026408588,0.18373565082595222,0.98263806134108767,17.026707414570691,6.0380075027021967,1.85346040530824,0.3400704276962758,0.2686886644312504,0.4666666666666667,True,5
0.11717804677922135,-0.94114851347385087,-0.31703119868392493,0.9914857558127077,0.09260982191247806,0.091539155042212605,-0.05679173684181308,-0.32505829703500694,0.94398718325790354,9.6094735238154918,-12.164885839983812,2.2610178637931906,0.4682264260553282,0.4267427435110077,0.2692307692307692,True,5
-0.89430029033756631,-0.40069639696226683,-0.19917175543636548,0.3997128613575513,-0.91543770856469497,0.046940709444800888,-0.20113830855285839,-0.037632422181939254,0.97883971192081143,9.2280921735455284,-6.0596290948205391,1.4544013390644606,0.1821459126632103,0.1643186086437215,0.631578947368421,True,3
0.97393297643238574,-0.11849679307565331,-0.19342457819092673,0.1464713250446536,0.97963078115718893,0.13736696673151727,0.17320712559596269,-0.16211737303614351,0.97145110479253793,-1.0661214350081121,17.167529181678329,-3.4556451681458253,,0.07796290269616116,0.28,False,2
-0.56260369716979453,-0.78960217131825139,-0.24496018243866202,0.80702292311010204,-0.58883721609742934,0.04455035929661353,-0.17941873231551428,-0.17262428562671525,0.96850904719892095,-13.862977283140246,-2.1307138093890186,-3.912808140358206,,0.07204931768624401,0.1470588235294118,False,2
0.76453471837002052,0.62229317839835352,-0.16804125840324996,-0.61278866724098247,0.78255630407231258,0.10998036305496707,0.19994177579458802,0.018889972883963199,0.979625670966492,-2.3800654557786838,-7.452120029582546,-0.91512557836713582,0.6215828612340185,0.5305234286050672,0.7910447761194029,True,5
-0.050019277307495918,-0.92700299873562209,-0.37170352733435075,0.98571685831093458,-0.10574451596761433,0.13107392030604129,-0.16081152676116017,-0.35983821041954056,0.91905174782642451,10.010542984479873,11.963489851635314,-0.37878826054165887,,0.7528854074998848,0.2,False,2
0.77392101213948572,0.6122684739239338,-0.16178251700307564,-0.60020885555357906,0.79064227034941958,0.12097160845329716,0.20197919864197919,0.003480829724676171,0.97938362613450469,-13.970409352223193,12.989949031676108,-5.6377550320284495,0.1716618381771014,0.08770883255362456,0.5217391304347826,True,3
-0.085629100961432336,-0.92285655959794011,-0.37550423096895935,0.99082037635876008,-0.11844686262196404,0.065156139597877194,-0.10460706888552671,-0.36647798179708735,0.92452758206400287,-5.6077879364342991,32.089028280498312,-5.4314895999630934,,0.1707758857023245,0.1666666666666667,False,1
-0.82088196767545851,0.56104294507473507,-0.10669399667804909,-0.56133965225793447,-0.8270383236948794,-0.030089964155939244,-0.10512178626816204,0.035191262009653765,0.99383649818768438,3.4389118336079285,17.692452663430569,-2.3321108143500271,0.7189675254151555,0.6557039736526636,0.5614035087719298,True,5
0.6693746058354938,-0.7040594477830191,-0.23714537956715195,0.74034965962647303,0.65871338085142483,0.13408602976541892,0.061806298655914665,-0.26532428436680511,0.96217618218894829,4.0109016592791429,-5.04649522311691,0.22241396362589874,,0.07274079491035992,0.1875,False,5
-0.88917807619078593,0.44506793728850641,-0.10619265520461443,-0.43765994109026096,-0.89498357920736116,-0.086360690791874958,-0.13347705715410929,-0.030313761675756751,0.9905881843967973,17.637568568227284,0.86945948817404983,2.6071966661063168,,0.3100670110971129,0.5,False,3
0.452853138229038,0.87499407912768123,-0.17119987350349508,-0.87661915912930877,0.47200071962894558,0.09356372436570147,0.16267416833515722,0.10770646295027325,0.98078358101836438,0.61160991861242109,-5.304510198647459,-0.52620439490490944,0.7542800372041836,0.6387721252411405,0.9981464318813716,True,5
-0.92277374556433578,0.34378451876612526,-0.17407130479752037,-0.35147197471206498,-0.93608673423143696,0.01445949473271893,-0.15797488879302671,0.074524027351368968,0.98462688560599665,12.587615817288155,-10.650479358897222,2.7996236104224455,,0.2861515773721368,0.35,False,5
-0.98412175559273207,0.093199553064673452,-0.1510569875167172,-0.093151202712655451,-0.99562438542207155,-0.0074119218904093592,-0.15108680816757739,0.0067769064822268896,0.98849726855275954,1.0579688951051642,22.854045416667425,-3.4002706044078321,0.1783389375438023,0.1933403752036374,0.16,True,5
0.40671162415065376,-0.82570267994361646,-0.3908973511226021,0.91354951432334286,0.36591175466124132,0.17758342456523224,-0.0035971739353745924,-0.42932932829549519,0.90314084627206248,3.7960981962231934,-23.855893367789715,2.3801695395095881,,0.2930442194417962,0.25,False,1
-0.51319773593255535,0.84600513134557964,-0.14458008704744571,-0.85787269106791164,-0.51075705951310779,0.056406312389862795,-0.026125270402396858,0.15297890016100718,0.98788406523839112,1.7659559584068873,-13.695198900304595,0.69786695971707335,0.4522681587723917,0.4344823151812855,0.8345864661654135,True,5
0.68491077485738272,0.71872493493015011,-0.11971507170740832,-0.70246292692846612,0.69497676906987227,0.15347027967750854,0.19350211051911206,-0.021018048502464415,0.98087469885903167,-1.7032116708932312,24.549917776171132,-4.1697282075962354,,0.09869819102716841,0.2352941176470588,False,1
-0.9662341562533534,0.18916157237436837,-0.17495557958014873,-0.18893805089442994,-0.9818223983436698,-0.018088422675767435,-0.17519694122210877,0.015578114376904428,0.98441015544277888,-8.3935338813420337,14.588107481971385,-4.8469641299793373,0.6299470557264009,0.4124870952871237,0.6164383561643836,True,5
-0.49208331892731666,0.85704283195862752,-0.1527468213149219,-0.87031648337229817,-0.48836773104114173,0.063609575129879165,-0.020080488140318362,0.16423928721856695,0.98621611755739624,-12.549934952788423,-2.6873840518819212,-3.5716549110551017,,0.1073887195324044,0.5068493150684932,False,7
-0.33980015973667027,0.93289028731926205,-0.11937991149401389,-0.94029204076045836,-0.33432382577395403,0.06386280296385205,0.01966543987472659,0.13395257125285756,0.99079260147080328,-3.0663046912954042,4.277842815893881,-2.5809899830598568,0.435965566496349,0.3767866667772031,0.7883122190437271,True,5
-0.38093499126762237,0.92306586865744311,-0.053272268091542035,-0.92449115243816959,-0.37936522600669353,0.037391634899220108,0.014305295924333564,0.063493522634761212,0.99787971774755857,20.66599160612169,-1.9753228030616701,3.7040789852257605,0.6586859214266073,0.4622278681134242,0.2424242424242424,True,5
0.47500959108299634,0.87990688098354886,-0.011391627494225093,-0.86713343742900606,0.47023948064636534,0.16417805131622476,0.14981819005621766,-0.068108087913544918,0.98636494173761058,-14.568976563116779,-5.8954784113088072,-3.5997230587634013,,0.3069437716995391,0.1428571428571428,False,2
-0.92567288185854313,0.36143514851186026,-0.11177812492571561,-0.34906406981858995,-0.92988352127485696,-0.11606425816397961,-0.14589033879384208,-0.068419809132163834,0.98693198284630335,-16.698422135923842,4.4609263538453137,-5.2545548905059167,,0.375826463938307,0.7,False,1
-0.10058023279737302,-0.93384040692882386,-0.34325749978323133,0.99019488025010494,-0.12757149889330988,0.056917587761560723,-0.096941817070379729,-0.33416703466548447,0.93751516096859477,-11.220822403588686,-8.9024513656438486,-2.6587333204973929,,0.1305076160392949,0.3125,False,4
-0.52620166997594919,0.83375798951594116,-0.16721069772253805,-0.85004092625509275,-0.52111955609361504,0.076582190802939057,-0.023285751134687976,0.18243361306274983,0.98294239435429998,-1.1590884729931428,-5.6466679586374449,-0.80805978936238509,,0.08019656645742133,0.2952380952380952,False,5
0.66242588833593052,0.73263363543240345,-0.15633265396408738,-0.72463901719294821,0.67958517588707135,0.114290347257231,0.18997430674697374,0.037575855913608222,0.98106973137915565,5.5585884096700093,-10.980130645510245,1.2582858474438865,0.414901959528046,0.3997036458658529,0.8728813559322034,True,5
0.7184882561128757,0.68466580564867485,-0.12250453217464743,-0.66750060390304589,0.72824942014088756,0.15522798025333506,0.19549314468018397,-0.029757631624705377,0.9802534946344954,4.7437563836106094,-8.3012448644785568,0.78056515259419645,,0.07298002973452164,0.1304347826086956,False,5
-0.25203038619501178,0.96747185523534296,-0.021883641421765021,-0.96742115661920869,-0.25132699062641034,0.030513103877268251,0.024020619474649826,0.028860927049480262,0.99929477969711145,-16.098682106004581,-7.7432522628770801,-3.7391419765787854,,0.3794474629784899,0.125,False,2
-0.0097794704907938033,0.99975152268948575,-0.020031346359507374,-0.99617400469497241,-0.008000815688121686,0.087024935037645065,0.086843044205631867,0.02080576430654632,0.99600472179840571,9.334278457233502,-9.4007163380682872,1.8740049373895109,,0.7872338436608451,0.2784810126582278,False,1
-0.94175232244335694,-0.255114217684767,-0.21913306256161735,0.26287166210372032,-0.96480893929342382,-0.0064961467291685671,-0.20976427826341609,-0.063721633646578166,0.97567335772277808,0.19313807423900256,2.7475021567347819,-1.5840868854045784,0.1059581118425388,0.2225422151971456,0.2558139534883721,True,4
-0.95465118926140824,-0.21987244993924113,-0.20074165636333222,0.21542823189972102,-0.97552784130043146,0.044001224395233379,-0.20550373169930075,-0.0012395989011064271,0.97865554698894219,17.801229755211249,-7.6363136229302704,3.57698409572563,0.4234894809266209,0.4935782174174747,0.8157894736842105,True,5
0.24838965452460302,-0.93352344221660344,-0.25852768199403936,0.96788165276478744,0.22848886135833554,0.1048710945707806,-0.038828929504310161,-0.27627309508389347,0.96029448148279706,5.2318055068404226,-7.6238942031367971,0.76087626070040382,,0.08191488753632173,0.45,False,5
0.31445693749769998,0.94714781267881798,-0.063465387395795186,-0.93774003741668155,0.32033128906649139,0.13428137425108802,0.14751425926102305,0.017288325041217523,0.98890882144510217,0.25884764692877216,-8.8405020158469689,-0.14927761582291779,,0.1187558326013918,0.2545454545454545,False,2
-0.17113129359476056,0.97448757976720157,-0.14521720707976166,-0.9838777183904035,-0.16125527935759074,0.077339318164824172,0.051949163684109019,0.15611115193594571,0.98637244113658928,17.860081774044563,-1.2010266229806723,2.9187102182157543,0.142813571134874,0.1095093374438311,0.4166666666666667,True,5
-0.73560507749785398,-0.6454788191862777,-0.20552922892198308,0.65009696079113521,-0.7579541709631844,0.053660192784231384,-0.19041825419193792,-0.094141216804332351,0.97717875527924469,-6.2141148602451208,-6.7160612059176312,-1.8746741980287591,,0.08771870442915865,0.3333333333333333,False,5
0.38239304358593112,0.92359950686535086,-0.027193954018609856,-0.90523981802097875,0.38036742273652846,0.18937131670375709,0.18524694892610671,-0.047797224175147784,0.98152890598021458,-9.303930774221417,6.3406087729138072,-4.1787231785543346,0.5224364018539435,0.3615590130595808,0.1904761904761905,True,3
0.97874237829132227,-0.038653640518864274,-0.20141810497392082,0.093697248712182588,0.95787349757700468,0.27147594409701226,0.1824395311340565,-0.28457733345126962,0.94113312489007173,21.900440738083503,-2.8089127841976254,3.9975032387989118,,0.3011342000815429,0.2307692307692308,False,4
0.94080628210796979,0.28636609383289519,-0.18132291595126337,-0.25537535107048276,0.95062999862284592,0.17631232453789503,0.22286087501355456,-0.11957033922013326,0.96748951641192216,3.4362090112664072,-21.89977319384591,2.0795109735318333,,0.3029415974680268,0.2142857142857143,False,4
0.380627499655114,0.9185511284645802,0.10670768905163969,-0.91181989675478836,0.35359352201629718,0.20870097524974918,0.15397136872932643,-0.17673552439890425,0.97214061329987711,-0.49279920284367723,6.5924080943113443,-2.2263245081522309,,0.3514788527611352,0.3538461538461539,False,1
-0.88496757714914798,-0.38845462653409585,-0.25677887475222999,0.41757381321221126,-0.9060613782573157,-0.068446251539916278,-0.20606915808577131,-0.16779684727285041,0.96404342232656282,4.0274980969119172,4.6711449079551191,-0.8914555164163227,,0.1263493094414568,0.391304347826087,False,2
-0.64236726886739148,0.75051519893402818,-0.1552134918648021,-0.76431358734298671,-0.64226855010069139,0.057583415619871785,-0.056471515746822978,0.15562148219501123,0.98620125846030271,13.861488080228858,-15.495843835923298,3.5975251338698793,,0.1164315202203982,0.1333333333333333,False,5
-0.95694229435457279,-0.14800253732174382,-0.24971322396247303,0.16910045476514923,-0.98344361462122398,-0.065143634063208458,-0.23593745246065967,-0.10456531837596722,0.96612608531149125,-13.187333355855761,-13.968177137425799,-2.5474608104897349,0.5316222715078475,0.192222009971675,0.2608695652173913,True,3
0.48376518725246032,-0.80506653180012333,-0.34327703531974529,0.87510141036259337,0.45077313922326789,0.17607128822213164,0.012990965475766697,-0.38557937746996007,0.92258320951873274,-11.592538582723028,13.124235054797381,-5.2454747015053531,0.7372863361753339,0.3703357476190954,0.2702702702702703,True,5
0.96922546533813181,0.179297162961084,-0.1686846901594472,-0.14588221515850427,0.97027206977226066,0.19310745692567552,0.19829366263330259,-0.1625565685352649,0.96656866563400978,-5.857592256496706,25.100020922752755,-5.3214608154922791,,0.6900992391406356,0.3461538461538461,False,1
0.1019894963013085,-0.94387967791343996,-0.31414852580622699,0.99332075050146151,0.079497282468266317,0.083630548864476018,-0.053963221432918762,-0.32057968697685912,0.94568315784431745,-11.415215556326251,5.2405197840773283,-4.3896137708644689,0.5551660803859031,0.2648585899719101,0.2222222222222222,True,5
-0.95001134290268885,0.28981548202855473,-0.11612680454049676,-0.27127706159514142,-0.95034474707193217,-0.15249136882162145,-0.15455485824954235,-0.11336599176711853,0.98145858175580802,-22.018768766358313,-3.1945254840184529,-5.4139903299650367,,0.354325745517209,0.2857142857142857,False,2
-0.88618178439991735,0.44209877163799854,-0.13867415445551107,-0.44478035731507826,-0.89554924241584111,-0.012727456740620521,-0.12981632695639428,0.050400699643812705,0.99025627527977056,-5.6767733673536176,-9.9680189554477856,-1.3553520397961383,,0.5383388625830701,0.5606060606060606,False,1
0.93624644770591259,0.3331978089140929,-0.11145317085174462,-0.30713636980869724,0.93021791875907256,0.20090264796730639,0.17061605873655489,-0.15386306819502871,0.97325038748865522,17.411333580576656,15.932887985805097,0.90226303551803111,,0.3430929069260166,0.4285714285714285,False,5
0.86765377793639509,-0.43780841052125941,-0.2355859021876065,0.47962226188990814,0.86187083508330975,0.1647457117269101,0.13091756006093519,-0.2559344824552684,0.9577881462818616,9.879946442328766,-10.763037455789968,2.1727291016575432,,0.1041580645968425,0.3333333333333333,False,3
0.12254600980577324,-0.9254735084260769,-0.35844282763393515,0.99155205931232537,0.098700275576551769,0.08415919007808545,-0.042508695041954953,-0.36572809681871626,0.92975048805751626,15.516157247949078,-3.190987518515537,2.5276274242480352,0.3921748131190002,0.2674803857907361,0.3181818181818182,True,5
0.96996093108794335,-0.14422689672066374,-0.19589383457714077,0.17440293267429338,0.97368960685084083,0.14667026482985729,0.16958599363631158,-0.17642888588034991,0.96959447141029165,-16.809203261518242,8.3563876825229446,-5.6739457285978423,0.1629803161018064,0.1315632960576008,0.4074074074074074,True,5
-0.37429703270224107,0.91585184095480543,-0.14531736554861791,-0.92723414354059375,-0.36765341019940395,0.071188573670851796,0.011771761246253704,0.16138889487335281,0.98682067785830219,-12.975237641895637,17.675894025153816,-5.898146426404967,,0.1894106802153549,0.3823529411764706,True,2
-0.3711043531792152,0.91365567462131314,-0.16587606000779395,-0.92853189647617373,-0.36309391009517572,0.077403680003967482,0.010491724252785259,0.18274605518059575,0.98310416693152813,-14.32983187473584,3.4132964905891727,-4.6759653588900489,,0.07556998398479482,0.3387096774193548,False,4
0.13417116214382424,-0.93044813277487737,-0.34097561711172319,0.98899022942459047,0.10405386299838537,0.10521938841207096,-0.062421353330992815,-0.3513389614188242,0.93416514002475515,-17.494685506572232,-7.7906724224882851,-4.038782280905278,,0.5876665041479204,0.2068965517241379,False,1
-0.80601310313672858,-0.55286495593114793,-0.21138405350250938,0.55452590117526801,-0.83021448409387133,0.056964333810767612,-0.20698768682619428,-0.071303933299626823,0.97574169050950377,11.187098631222829,4.6907797146370527,0.70616430221179338,,0.1023499945762859,0.3043478260869565,True,5
0.8949419855412426,-0.38985790768250572,-0.21700150767429535,0.42922927293785018,0.88504715588783678,0.18014928006543865,0.12182394579368601,-0.25436655376104411,0.95940428525152366,-18.211668545342189,-3.7072828154705815,-4.6402985919937292,0.6192421046409178,0.5329426277651605,0.5827338129496403,True,3
0.37865596669342583,-0.83938434117943816,-0.38994049119093532,0.92526359977519779,0.35355641940058918,0.13742317574440563,0.022515102009769972,-0.412833848035012,0.910528024883416,-4.3730416431995689,7.5563151158406319,-3.373621179291229,,0.4681573680888761,0.2387732749178532,False,2
0.11366762342545389,0.98164681545562038,-0.15313131975741245,-0.98772516303201885,0.12827544825389164,0.089131429297603079,0.10713857241059202,0.14112030003192608,0.98417802618262029,11.725033487097717,-3.9356462104326342,1.763745207749863,,0.07584964114223898,0.28,False,4
0.65970323565526046,-0.64787750838196001,-0.38084954378174307,0.74189952131265824,0.642286396050048,0.19249230043066193,0.11990304892715178,-0.40953988765665189,0.90437842702938742,13.024115542557107,-4.422431808194581,2.1088065541618044,,0.7000044905812149,0.2380952380952381,False,2
0.31200439883152159,0.94642610618370215,0.083251910751257541,-0.9395993166907276,0.29439541008276282,0.17459801429718053,0.14073513841289689,-0.13269878694304854,0.98111398561010477,-8.2428300218481247,-6.8650333529082959,-2.2098451262839136,,0.5168773043400863,0.2307692307692308,False,2
-0.70685089451506977,-0.66221945059392473,-0.24865078358679321,0.67709307547476882,-0.73515290405446176,0.033093425395548035,-0.20471145563295934,-0.14496760643458206,0.96802769227809982,-15.406232948326711,-5.4256312202750747,-3.8206035941823693,,0.1093412695083034,0.3157894736842105,False,2
-0.54697140959604829,0.83571083904649957,-0.049088395621639164,-0.83635809746279333,-0.54806486244497132,-0.011403480240280053,-0.036433636833672664,0.034818099508288319,0.99872933773555594,4.7402686882801834,27.546949316577297,-2.8604656069479839,,0.3956800661981854,0.5,False,5
-0.29287051553899801,0.9561248323942716,-0.0072226038897351408,-0.95612205886465962,-0.29279306408962275,0.010140521358141086,0.0075808759603619991,0.009875550619410367,0.99992249890660889,-4.1028148676293688,-2.0098002003671462,-1.9482514411245491,,0.4398558954659774,0.1769911504424779,False,4
-0.73189739878376303,-0.65461852560776879,-0.18921094995975307,0.65305465446486488,-0.75312671570823597,0.079496970812113113,-0.19454001114253347,-0.065381465398361038,0.97871315922849733,-12.723505407216381,-8.0105660664877529,-3.0338951354108992,,0.1021709775243378,0.3,False,3
-0.40405997168898894,-0.84258268735104025,-0.35607577038460825,0.90107220191894877,-0.43365368582083269,0.0036561869404628522,-0.15749421007653081,-0.31937265967879186,0.93444993340577853,-3.1266694640969921,24.713956703815434,-4.5442385428693663,,0.1474283588326807,0.3333333333333333,False,1
0.81601251588119295,0.55488244095430994,-0.16195385344545959,-0.5202873799459784,0.82714398930784583,0.21244731869537042,0.2518424431945408,-0.089097124939529634,0.96365817909324847,10.90234941892035,3.0673266508602333,0.79680384629960144,0.2392086157146471,0.1241737196846079,0.4242424242424243,True,5
-0.98074275584718107,0.021667827421058886,-0.1940983052685562,-0.019857069526993253,-0.9997393071642694,-0.011270071007087185,-0.19429190318455003,-0.0071988169552948218,0.98091734279263676,7.9583736277602153,-5.5619345347308249,1.1797379052712198,0.6489377464625816,0.4726761042575132,0.12,True,3
0.97762587685288249,-0.073205546078827288,-0.19720190904485133,0.1269356308190015,0.95286702863577899,0.27555720162500619,0.16773488169195844,-0.29442379958509263,0.94083985656521929,-14.500612954564062,0.70364581373770285,-4.4392472402569325,,0.1534539727881402,0.3181818181818182,True,4
-0.60980957898963017,0.78453378209990521,-0.11242340555466811,-0.78969771100225272,-0.61349178357579459,0.00231445950369423,-0.06715506392144785,0.090191885605135538,0.99365769818418737,-18.884066761938307,-8.1928282830241539,-4.2860841428284129,,0.3511219591695688,0.5,False,4
-0.92158848523949655,0.36723771937431404,-0.12574228144392524,-0.35577715193035092,-0.92868500225107986,-0.10472241764894716,-0.15523299275057129,-0.051774743482366783,0.9865201943696017,2.2272129160073222,-10.500434643941515,0.44018807459137321,0.7777116905908523,0.6059532456132415,0.4683544303797468,True,4
0.9165437432077701,0.37584594129200344,-0.13670184783322178,-0.33494773146423346,0.90815193373759073,0.2511375767097358,0.21853508636750557,-0.1843906007989633,0.95824971816502214,-24.827757453100674,6.0016084405961863,-6.909412668129173,,0.1416513620109209,0.2727272727272727,False,2
-0.47598553676034794,0.86915694265133414,-0.13417890235037203,-0.87931066995065066,-0.47308260498021859,0.054823303221078222,-0.01582765004362098,0.14408003992960863,0.98943945119849597,-10.151309877572906,13.443203300010715,-5.0437689850086427,0.3386850110170183,0.2982161508112835,0.8390243902439024,True,5
-0.73923754053347879,-0.62403385826944868,-0.253198740911876,0.64381399158080088,-0.7651574603631317,0.0061322993599129405,-0.19756366799290323,-0.15847966615307083,0.96739484829370548,-8.5915082791332917,-2.5794370836306593,-2.8450679025382155,,0.071511626950801,0.1956521739130435,False,5
0.8131341710874439,-0.52455987151388184,-0.2522890425826621,0.57532770134278455,0.79009978727624253,0.21151917694068595,0.088379046597959893,-0.31714234555381771,0.94425096069798065,11.003392259689027,-2.6454227584554841,1.4784358444961414,0.4917587145862968,0.4381576838959646,0.5421686746987951,True,3
-0.89958887591837211,-0.37052878786696591,-0.23118882257963103,0.38364156970229496,-0.92339234086523969,-0.012873648580414565,-0.20870793065975776,-0.10027463384749834,0.97282372374776693,-23.159513212546258,0.41650331037582666,-6.0141458002418329,,0.1644551253495788,0.24,False,2
-0.97295467793920865,0.12113502698545796,-0.1966862982351418,-0.10236443320881281,-0.98940189126237865,-0.10298262173914061,-0.20707659812264947,-0.080063742128761065,0.97504311684473211,-6.8932817058820106,0.56728074929407979,-2.9159971249077334,,0.2385466696246022,0.4421875,False,5
-0.81363964924743193,-0.54366986043878285,-0.2059456336584734,0.55156832450667603,-0.83383656967137743,0.022112405558145865,-0.18374684915234255,-0.095601558194123096,0.97831356808409953,-15.831774165387761,-6.2359325782776205,-3.8267343443945281,,0.1521204076323098,0.4444444444444444,False,4
-0.8706492165648817,-0.41647794513006364,-0.26175573138939601,0.44104843318629766,-0.89656975028281138,-0.040484101345215032,-0.21782153538819291,-0.15069440632637129,0.9642846958357647,-13.518456030802156,-11.028791088923917,-2.8768788472699045,,0.2434679178366358,0.2857142857142857,False,4
-0.98088281006210576,0.004621901685119098,-0.19454447036469552,0.041088226399580888,-0.97226057571319535,-0.23026317674604987,-0.19021217252322098,-0.2338546791036239,0.95348377987532518,-2.2126103911365163,18.846183590925961,-3.8771605741023203,,0.5733520196421187,0.216,False,2
0.32991710111732425,-0.89371022280820089,-0.30403411656992885,0.94377694432479975,0.30510637423603687,0.12726028351957785,-0.020971069388209237,-0.32892573333300534,0.94412291371413049,-13.824939130700741,-7.2859071360624483,-3.3336155950761412,,0.5780883668359176,0.2285714285714286,False,1
0.9791521146623664,-0.077601876352817331,-0.18772076373895577,0.10711168989574969,0.98247422167026,0.15254995785345923,0.1725926482788058,-0.16947670205646986,0.97030377986492955,-3.3938253155439124,20.715240203337107,-4.2969168911987259,,0.1300116680777535,0.3333333333333333,False,5
0.89659222158735585,0.39070206501347965,-0.20850487903944262,-0.36493289462263151,0.91854979921191671,0.15195475902417513,0.25089115291575581,-0.060151165923451058,0.96614464063444072,12.300081777478661,-2.1024673353916166,1.6680457128329287,0.429343642874338,0.3857910154147536,0.8677685950413223,True,5
-0.43187489370200233,0.891324666450241,-0.13792902220799025,-0.90177335361108357,-0.42960112473416767,0.047409833833909995,-0.016996908745565392,0.14485583386424633,0.98930677369994302,0.96169393823542537,-14.250573165550181,0.60039301994842031,0.2350324109954168,0.1517355855787411,0.3055555555555556,True,5
0.10933090982514557,0.99139651603909285,0.071970133683034981,-0.98802320078934369,0.10045610468774517,0.11712696415832108,0.10888942491714126,-0.083913759399235649,0.99050571635134999,-27.719021315935215,0.76627122340640841,-6.9548003399190792,,0.271355277941128,0.2666666666666667,False,1
0.77118437506432047,0.62615902088868858,-0.11488925196193202,-0.60371202352487685,0.77658750101108254,0.18012119787759745,0.20200606997848347,-0.069546630637874446,0.97691187619905984,11.786700414305336,3.8028336351146184,0.92726034766679943,0.2117715285614751,0.2208761188807069,0.1666666666666667,True,4
-0.50458716967394202,0.85268365749851127,-0.1353601434522074,-0.8631131233347612,-0.5019588550724613,0.055435044346129628,-0.02067666626306415,0.14480292831743902,0.98924445281383344,20.488796979319694,-12.368542988647786,4.7662120134651511,,0.184336913429282,0.4347826086956522,True,5
0.083444369434195184,-0.89491285619695082,-0.43836972639901306,0.9938676773663716,0.042709429721894177,0.10199482584526036,-0.072553959892647887,-0.44419239573212715,0.89298882326580642,-10.713810694061602,-5.9626818584970209,-2.8443742379100057,,0.1944165886703842,0.1666666666666667,False,1
0.78075663382561933,-0.58618600437921764,-0.21634474111291724,0.61866380587178882,0.77377190846675226,0.13613276230192745,0.087602363218814802,-0.24013121816550026,0.9667796150213509,8.9736641761101499,15.315037791288287,-0.93964749070905962,0.2073929710890842,0.1469517980563316,0.4482758620689655,True,5
-0.97063947266070816,0.15219935764569212,-0.18626424682472104,-0.16662729645371335,-0.98391891165997269,0.064334433660217849,-0.1734772555393595,0.09348224863626961,0.98039110104102756,10.503943141921514,8.8238348353900076,0.085744990641289556,0.1741549573943466,0.150912438268932,0.5555555555555556,True,5
-0.83607027205763351,0.54373854441534542,-0.073040368965087393,-0.54519627915529767,-0.8383084256937039,2.4620362552504882e-05,-0.061216969679112387,0.039841921741113215,0.99732898478650522,1.3218333711529797,26.076264910459294,-3.6403563377941754,,0.2412933126382558,0.1538461538461539,False,2
0.98054754219804152,-0.027199749449998284,-0.19438799119090749,0.086033097460292113,0.9497077577563009,0.30108716511815409,0.17642228779484428,-0.31195408073521974,0.93357368636968152,-2.8278332865534983,5.3461939974098511,-2.7809020000261873,0.360083641051214,0.2559031892678235,0.4728682170542636,True,5
-0.6286833109478297,0.77729084092065537,-0.024005065226621297,-0.7759812751904922,-0.62905410161448838,-0.046303323808621275,-0.051091634240954059,-0.010482645794308881,0.99863895329980934,3.3917977791146727,22.489635078784765,-2.8339742711808742,,0.4920085355753718,0.1578947368421053,False,1
0.97333012943236474,-0.11299408080868163,-0.19965168880171177,0.15377864280728393,0.96717129682258418,0.20231611804023114,0.170236858980434,-0.22762253909646135,0.95875303991161032,-15.177196349450073,2.3480972586040481,-4.7558214974376183,,0.0901235562568559,0.3333333333333333,False,3
-0.8687314076282866,0.47051269820760933,-0.15467237059530206,-0.47949561384420458,-0.87719652428188943,0.024702511854904435,-0.12405522038328273,0.095624571178998224,0.98765694635459711,11.03197779869156,15.305220691095291,-0.44062149981713261,,0.09481217373649531,0.3,False,2
-0.13085606984861575,0.985172880884571,-0.11095532323132547,-0.98911973805142961,-0.12214609054682488,0.081990708993137082,0.067222264026471662,0.12047708219292383,0.99043749923225033,3.982583983480533,-9.7500714634178554,0.76798723335421892,,0.06294066389720249,0.35,False,3
0.45020590884634176,-0.85322605449852384,-0.26328680096943724,0.89290069050839971,0.43234380883990392,0.12572663937060569,0.0065571738928595497,-0.29169184233139811,0.95648987061434787,-21.816656297994463,-14.012169785203856,-4.2944267588694629,,0.7252567787055788,0.7619047619047619,False,1
0.88747331425258758,0.44823417476879912,-0.1071318862844369,-0.41207159753141714,0.87587969608876404,0.25106126042733168,0.20636888088428812,-0.17866416134409407,0.96202442923959997,-14.289833517736039,15.415683992057168,-5.8822290608590428,,0.2087153577625712,0.2727272727272727,False,1
-0.38298521835763921,-0.84583903309674202,-0.37132014840231753,0.90547989099494308,-0.42330406564169604,0.030328781957020483,-0.18283459607890712,-0.32460745231922583,0.92800943549916759,-14.808136948243085,-3.2742249081061039,-3.9582304873992857,,0.4629038433851399,0.5441176470588235,False,2
0.73576225680435037,-0.62369225552520224,-0.26393535545669844,0.67240410132490369,0.71923879982504324,0.17483784872755395,0.080787536066009719,-0.30611030564833319,0.94856199312025269,-6.5221126039620243,7.9374847686148007,-3.9811025934132673,,0.2278622003600583,0.2632978723404255,False,1
-0.95216637519132885,-0.22787791832382287,-0.20359481401894086,0.22509408828873445,-0.97363250877700658,0.037045772634083249,-0.20666844309780191,-0.01055424999675076,0.97835410891687724,14.644992424114795,6.6345355336304683,1.2320639523476866,0.1772270927854251,0.188862702956786,0.3157894736842105,True,5
-0.57980225004489694,-0.78413214564286815,-0.22128291622352125,0.79415235486193814,-0.60459035119153159,0.061583638357424933,-0.18207522651396707,-0.14002601692404021,0.97326323596151276,-3.7939200385270513,-8.9503529933066215,-1.0645643905828159,,0.09172203538611742,0.45,False,4
0.72138199409621551,-0.6385620046279078,-0.26804213258246457,0.68056841148514569,0.72530955346355541,0.10369517319086467,0.12819772182980982,-0.25722483919731709,0.95781038113896055,15.211637596933544,-6.5714215200604,2.8588914386634978,,0.1082422774749892,0.35,False,4
-0.90577733236286839,-0.3112699159490715,-0.28753862975722644,0.37023329254338572,-0.91140119768818761,-0.17965290408178941,-0.20614250718881127,-0.26918190183887714,0.94076903140585766,-16.952730307643339,-5.1257705707941259,-4.2202906917158414,,0.2378950552807646,0.2727272727272727,False,1
-0.66959283206041809,0.74225105266666747,0.026623562281028967,-0.74012721721415498,-0.66382163274014383,-0.10748275324460223,-0.062105890156566049,-0.091674504206090079,0.99385041313390199,-17.638365028769382,5.3168690917644055,-5.4849086830408202,,0.103166715889856,0.1333333333333333,False,1
