axis_00,axis_01,axis_02,axis_10,axis_11,axis_12,axis_20,axis_21,axis_22,location_x,location_y,location_z,dbh,dbh_approximation,score,reconstructed,number_clusters
-0.88073519585657223,-0.39845862356241613,-0.25600046892189704,0.45227271526239876,-0.86801447832710743,-0.20493964097679424,-0.14055214622574619,-0.2962795820222261,0.94470286517405677,1.803475308896507,-11.624751059885202,-4.6116705308434875,,0.6306362130311616,0.2982456140350877,True,2
0.81973769859402479,0.56005808864444095,-0.11985425669415653,-0.55685113414208376,0.82829949444346052,0.061941600797719591,0.13396611477701434,0.015965113486745036,0.9908573031687804,-7.0428413493310158,-12.993289399310797,-5.8991481469635509,,0.08042634732612494,0.32,False,2
0.54598623420560244,0.83058804532627384,0.10964730283533708,-0.83171897681494222,0.5216324614131852,0.1901134366790701,0.10071035529621535,-0.19499506188901544,0.97561998245987591,-0.27059641628240383,-11.809688838571279,-4.9220324616486497,,0.3257238757113711,0.2105263157894737,False,1
-0.95162499633879694,-0.22374657605683992,-0.21058807194622231,0.26997064613849431,-0.93612725974224853,-0.2253477397069561,-0.14671644954384105,-0.27129913982596948,0.95124710783420541,-14.683392839640815,11.455645414433086,-8.4113381049916516,,0.314699368931826,0.25,False,1
0.9186733528870713,0.38113105574254375,-0.10381902062627832,-0.36014174361582485,0.91609455900492065,0.17626310863857009,0.16228738460083422,-0.12453865789445817,0.97885286304391372,21.747089355344961,6.6997657432776023,-2.4082406534471672,,0.5146776234175422,0.25,False,6
0.98713036651861086,0.065317725990524003,-0.1459699769413636,-0.052442098219760626,0.99452553698858459,0.090381317825524374,0.15107437185421085,-0.081563171523649627,0.98515175644154529,-19.037040032983157,7.5377391432147718,-8.7690346256295264,,0.2674022213494978,0.9044943820224719,True,4
0.95098465537040167,0.28912484532875604,-0.10970418890662972,-0.27223864065494291,0.95101724711817315,0.14646609921111745,0.14667756401163562,-0.10942129361963768,0.98311376387385485,-18.7850565908828,12.988410448732257,-9.1339686230514747,,0.7907322281207645,0.3902439024390244,False,1
-0.72442825171688163,0.68744670697355059,-0.051193097050717493,-0.68122822651800796,-0.72528236539526802,-0.099466546344864099,-0.10550740025966279,-0.03718219355910149,0.99372313698161485,11.189993336668298,5.8294624929408672,-4.0623451050996451,,0.2731839350531167,0.2,False,2
0.98800315621816659,-0.033561733112275532,-0.15074273904053026,0.058249240531941839,0.98499128894902876,0.16247826522948369,0.14302723265306158,-0.16930968892839787,0.97512944779376642,-19.888663829869866,4.443692310293784,-8.7608969506905012,,0.6692524788994889,0.2323943661971831,False,2
0.98676545787459169,-0.035586204323053032,-0.15820098990659548,0.066253429266504474,0.97895109906735167,0.19304203880308868,0.1480013995068192,-0.20096857390324199,0.96835283757901025,-2.3374034636722159,9.4172840277787486,-6.5689652094863211,,0.412573978224126,0.3666666666666666,False,2
-0.84678670498161801,-0.50687764715706396,-0.16132987038640681,0.51442594126816787,-0.85751441480615798,-0.005914334283180063,-0.13534484554919424,-0.088000450068012659,0.98688281653451293,-5.9379575242763316,-3.0931127088412791,-6.1890501593679357,,0.4822702633561978,0.9319294809010774,True,4
0.15796514712489418,0.98328314826695151,0.090560822810111768,-0.98363007722856355,0.14863811840382696,0.10187532050846107,0.086711495576666853,-0.1051710991271072,0.99066652130939381,-12.968424444804514,13.331872925191684,-8.326156769077059,,0.6376379796893064,0.2941176470588235,False,2
-0.93009425809027657,0.34942982586568599,-0.11324075177680276,-0.34409382578984582,-0.93673065308804448,-0.064304919085197032,-0.12854614004631298,-0.020844192493903249,0.99148444744154784,-13.275214625313685,-4.9332050571050212,-7.2980594092061546,,0.2810594729911531,0.38,False,1
-0.98318622010890844,-0.093446352814916173,-0.15688414748963311,0.10570963392662602,-0.99180741780717718,-0.071718332926523562,-0.14889704457462369,-0.087096642462560839,0.98500956593765776,-25.494706345936372,4.3514760145008591,-9.615876524490659,,0.2909079470331943,0.4528301886792453,False,2
0.010280811809793471,-0.92364431232838673,-0.38311289356004985,0.99968476166731857,0.00071733384376911763,0.025097066010060679,-0.022905942431787646,-0.38325013990288259,0.9233605190096299,-26.204074608542257,10.192891757544482,-10.054124135956533,,0.1751918082189766,0.3181818181818182,False,1
-0.9196636699532702,-0.35617542414177877,-0.16540193894119953,0.36651745118860773,-0.92972034194598208,-0.035847506831776968,-0.14100954628070692,-0.09359034677396906,0.98557453033671649,-11.397935725740512,-2.9961707904331236,-7.0557820036705943,,0.2739235774327221,0.7432432432432432,True,2
0.61194559469765641,0.78636308506915675,-0.084591297251262201,-0.78257994764340688,0.61750780629645829,0.079074235433416629,0.11441684612230481,0.017810322946416046,0.99327316369665941,-11.209641894008191,3.324354936744347,-7.3614622410503037,,0.06936023196695086,0.3055555555555556,False,5
0.27338653514587824,-0.94138485877401801,-0.19762173481667383,0.9617824079609314,0.27079077470429397,0.040582706562260762,0.015310197183632412,-0.20116387351129583,0.97943794793551242,-3.2029680614333507,-11.274260120102465,-5.3872545427134719,,0.07762439033038912,0.1666666666666667,False,5
-0.6678739189451256,-0.69457935806014903,-0.26740221343442894,0.7362310326869338,-0.66922159657060853,-0.10053020039877107,-0.10912513414246659,-0.26401130665226752,0.95832652841197696,-3.4494002242783228,-12.507506952972939,-5.4019364650287995,,0.2954592062040431,0.3,False,5
0.91028651728523102,0.39414626884835624,-0.12659848025014345,-0.38470077616736525,0.91834408684111457,0.093002424593060545,0.15291752438799616,-0.035956319568060301,0.98758461602951675,-10.917115723358386,-13.947728656783518,-6.3903272488879228,,0.2119629284856784,0.4347826086956522,False,2
-0.58593778316934686,0.80350404771870498,-0.10515778408777099,-0.80756413080558631,-0.58974435452617513,-0.0064630442304100637,-0.067209291699964896,0.081134712695390354,0.99443454762243,-10.558710583773248,6.0084143504878016,-7.4015407474151944,,0.07152856119937283,0.2121212121212121,False,2
-0.8610829115593901,-0.45799013735435312,-0.22086478557376854,0.48912770686895246,-0.86476034869470197,-0.11377005624741363,-0.13888954529958714,-0.20599653737759849,0.96864602450787751,-24.55210846948971,1.5512840966865586,-9.2733864906947279,,0.1054172259844317,0.391304347826087,False,3
0.74309757962577805,0.66821710348749508,-0.035942868014297982,-0.65797896995280181,0.73938875635707235,0.1427162992534198,0.12194122458857293,-0.082402485275167081,0.98911079670900126,-23.133977881020289,10.642629790499274,-9.6373789833215255,,0.1446498357543419,0.2352941176470588,False,2
0.2321099609735148,0.97109724833432154,-0.055633625572875267,-0.97075037770077788,0.23487781047450099,0.049760610330880431,0.061389495931069536,0.042456429715813385,0.99721050002750966,-8.1077398782619454,11.143448190038932,-7.4678331842004422,,0.2029692914389879,0.35,False,2
0.32713259269762096,0.9375718237696602,-0.1180819294734213,-0.94229335606310394,0.33305950982586585,0.03397931773721144,0.071186360451036268,0.1001520753044467,0.99242232134205244,-12.538193917088254,-16.472446203981423,-6.4885265434479251,,0.1586896737671271,0.72,False,1
-0.87164833189744451,-0.44748726570705466,-0.19996082748985655,0.47170997645680518,-0.8766979833743862,-0.094288621044141638,-0.13311229699589913,-0.17651003647755975,0.97525654235753145,-11.864123435391653,-15.867026052399215,-6.417391974821701,,0.2684752855073289,0.3703703703703703,False,5
-0.474866572699506,-0.85693246961002933,-0.20042075905624637,0.8753087874100226,-0.48352017040106943,-0.0065399922107840652,-0.091303147894370371,-0.17853567526793579,0.97968808701606747,2.5964863462070396,4.3359482189425371,-5.2926181625397497,,0.1995717659528002,0.1891891891891892,False,1
0.91000789751877242,0.39240976482437956,-0.13379163996281779,-0.38896622333331882,0.91977876560123328,0.052079741309724439,0.14349530849222858,0.0046474530173244849,0.98964008489004418,-2.5057900228459804,-8.2764181912436285,-5.4018110444398806,,0.1838269703081468,0.5392156862745098,False,1
-0.66379962437988238,-0.72806136821169787,-0.17116279616446461,0.73884181497527912,-0.67387806459710597,0.001061366522106047,-0.116115593772597,-0.12575769627569341,0.98524218886031656,-11.80528162571283,-6.3685081025794048,-6.9679095853036452,,0.2688486474058548,0.8916967509025271,True,3
-0.1948062221660283,0.9805275839831149,0.024823232135156026,-0.98083036761689901,-0.19461964904433257,-0.0097458794554421239,-0.0047250149099452785,-0.026245937858964896,0.99964434924627299,-13.285354749828947,-2.6412471967479032,-7.374129008937131,,0.1885893411525258,0.3411764705882353,False,1
-0.2016747226376768,0.97913508325858167,-0.024935817235988311,-0.97943555597369736,-0.20175584575039851,-0.00075524832691373223,-0.0057704370293777708,0.024270711521335864,0.9996887688769629,-9.3030099208779315,-1.877125574559575,-6.7911703153263048,,0.1372985650340215,0.2261306532663317,False,1
-0.90109129098845675,0.43100977353086933,-0.0475926509623643,-0.41978655147197219,-0.89456590170834827,-0.15339849642026909,-0.10869101392491418,-0.11824729435212825,0.98701764972586747,17.826729566440303,10.785768464310216,-3.3240080980136018,,0.4255032669051742,0.1714285714285714,False,5
0.040752558595657795,-0.97341195445459849,-0.22540717799748047,0.99899978999259831,0.03554034021741978,0.027134918683785605,-0.018402406436471383,-0.22628754084595651,0.97388669787364768,-8.0703568770556924,-5.4584321010223107,-6.4180588027152297,,0.06281548114239141,0.1346153846153846,False,1
0.58236242513925007,-0.7728394775232077,-0.25213716062410635,0.80827735437676984,0.58360835892259044,0.078032056216469456,0.086843100978838544,-0.24923969462614887,0.9645402274840813,-2.968820629570895,-1.7092167007829113,-5.8316388712539631,,0.3904479372096871,0.6645279560036663,False,5
0.46394755761187095,-0.82808050532374855,-0.31469880916321324,0.88517454511714322,0.4473481481885514,0.12785014270203934,0.034909718741887689,-0.3378791366968944,0.94054186537459505,-10.14747496294752,1.6904113663198808,-7.0810335972440734,,0.4441455847863127,0.2582417582417583,True,5
0.25248053673882881,-0.87793316092518503,-0.40680086469424448,0.96751780310026481,0.23460819271321307,0.09417163371140988,0.012762415606342271,-0.41736358353329284,0.90864996554676547,4.6721430596629796,-10.478340556751681,-4.1724498728866406,,0.2384275904496783,0.1363636363636364,False,4
0.25811674253094113,-0.8721836677011513,-0.41553747968213972,0.96600627336289135,0.23941049963783737,0.097542260004065101,0.014409269542743953,-0.42658910260170724,0.90433075281819086,3.2214296418024446,-11.335315799442631,-4.4271268741197165,,0.3291590483086095,0.3333333333333333,False,1
-0.07640674113871386,0.99642410844320395,-0.036069461067896616,-0.99699765893704295,-0.075895091077734539,0.015349372116119021,0.012556989393094051,0.037133963745731927,0.99923140000397959,-20.641612664530648,2.2909324946023406,-8.7168888319396327,,0.08495324067564097,0.2222222222222222,False,3
0.35097177703078358,0.93164597953134165,-0.094098780815380437,-0.93388348474759308,0.35560394317074784,0.037516296687007532,0.068413804480864773,0.074710136022514348,0.99485574176960523,-4.7668205535047417,-9.7446769969813438,-5.6929020497202716,,0.2458631908470019,0.6178861788617886,True,5
-0.68686103506679319,-0.67878285205344846,-0.25976096370540669,0.71686580937412248,-0.69159260891064422,-0.088335013729294601,-0.11968847002681422,-0.24688763245322087,0.96162423382747853,-22.054345467725305,1.0108269180626364,-8.8327733407120483,,0.4522217786561155,0.9047619047619048,True,4
-0.021947672167535775,0.9982467875455423,0.054969544671867515,-0.99973035110702191,-0.022330959227952599,0.0063681500760360485,0.0075845080168574566,-0.054814956124816655,0.99846772397668282,15.524037965517342,6.9495480301128634,-3.4977299913580171,,0.2821770822322687,0.3333333333333333,False,5
0.98640380013556139,-0.0724710960154763,-0.14749740106333642,0.082650943240825892,0.99451539990923954,0.064093220583510524,0.14204353086122889,-0.075412595669956742,0.98698357420718708,-13.085543688293999,-8.2393208836445382,-7.0040099770193391,,0.118274175050119,0.3684210526315789,False,2
-0.85046065263707149,0.52397158788528142,-0.046588125151188223,-0.51382991521075394,-0.84642798976847411,-0.13978010005365163,-0.11267429409867777,-0.094939102721040655,0.98908597716471935,-22.990132034166923,3.6515284192203596,-9.1562697627993632,,0.5025755849279518,0.4166666666666667,False,1
-0.8796484077397535,0.46096284344833044,-0.11718334233562129,-0.4606851768976663,-0.88701930835194132,-0.031079163399458438,-0.1182702268015212,0.026645892195128251,0.99262387130344742,-6.9025753814430271,-15.08740559480027,-5.7196492939717762,,0.1031656269217875,0.2631578947368421,False,1
0.89376622610023282,0.43922572698760276,-0.090899361025035388,-0.42546357670007728,0.89436185241050781,0.13819414551428302,0.14199534493822366,-0.084838892643983935,0.98622496637979007,-23.826485943821886,4.7020048033300581,-9.3680697230783743,,0.3051133584009143,0.1176470588235294,False,1
0.63469194305215293,0.77275630887124014,-0.0037181345295451973,-0.76464028631667025,0.62870731023291815,0.14160632260337236,0.11176479752696651,-0.087033356590369051,0.98991606961114154,10.480457155005377,6.6497626673341124,-4.2853938999510763,,0.476185079512956,0.4680851063829787,False,2
0.75491321650025156,0.6539806342673079,-0.049146368701824358,-0.64343523885155418,0.7530666496903341,0.13741075113767631,0.12687446140689349,-0.072110686638713895,0.9892941523708737,-16.959475344418372,12.552179290587972,-8.8058364085063108,,0.1302045855137107,0.2727272727272727,False,1
-0.35720488976052711,-0.8759118314550175,-0.32431948792554643,0.93098273011293342,-0.36189566485111863,-0.047986289640242499,-0.075338057863474223,-0.31907677959871317,0.94472968925416734,-10.123997019220765,-10.399864612158497,-6.4326338791516884,,0.7434822769218772,0.5555555555555556,True,1
-0.61614372007742824,0.7809804578452112,-0.10215889913772548,-0.78433431347703775,-0.62023936225750198,-0.011082337700621395,-0.072018059621537914,0.073298417242742719,0.99470635924279538,-11.490081656291453,8.0937024904815509,-7.6696415017205588,,0.07455274895480567,0.3442622950819672,False,2
0.59836133699528105,0.80117823396876731,0.0087833822589802879,-0.79868410647761046,0.59555431962392269,0.086132168423582151,0.063776237340262165,-0.058553307267602217,0.99624500087013979,-15.061354062780762,-12.155104608028484,-7.1103045464865673,,0.3489526312015346,0.4939759036144578,True,3
0.93877770414185635,0.31835941248290944,-0.13169550747722564,-0.3146421672038236,0.94796043344514813,0.048696234348973549,0.14034503490835878,-0.0042779791988415486,0.99009341482031266,-13.429358160310372,9.0804171056324776,-8.0802250401367193,,0.6767817505917053,0.5844155844155844,False,4
-0.25354071232729158,0.96564771310568731,-0.05693506271469892,-0.96722761677558955,-0.25390969447052475,0.00077743198962174076,-0.013705638955675947,0.055266275680941737,0.99837758099487361,-10.523028137258658,-9.047672397361973,-6.5955393750884053,,0.6564722707678363,0.5784313725490197,False,1
-0.34518722662421952,0.93730040554820837,-0.048101230074125687,-0.9381187268767992,-0.34610527010799813,-0.012016500593892757,-0.027911160107258182,0.040976722204612709,0.99877018146259888,-21.84265810314232,6.5816027111615867,-9.1615217127531388,,0.07121768823999462,0.3043478260869565,False,1
0.0015177705874507494,0.9969910137264989,0.077502354293613268,-0.99969515128460018,-0.00039718592344126311,0.024686975136756863,0.024643475211595073,-0.077516196965221967,0.99668647945958666,-17.326283709438087,10.038423385205531,-8.7250902558404864,,0.7592196288341955,0.2873563218390804,False,1
0.80322239673270279,0.58395205765252423,-0.11761707252927975,-0.58052703798429539,0.81163126139272668,0.06513872657055586,0.13349958635200029,0.015959006655688779,0.99092036539290584,-7.5681522375633099,-4.5378654168692236,-6.3554695310998772,,0.08258243326916402,0.303030303030303,False,3
-0.92806214337197335,0.36655953147390202,-0.065838954468106975,-0.34778131068129886,-0.91624011499887559,-0.19887737832052763,-0.13322468983119459,-0.16167300811354302,0.97781031926795559,29.151126621667427,-10.582478629460905,-0.35858162601091526,,0.2361003551207739,0.4117647058823529,False,2
-0.38924423590342966,0.91188265680676994,-0.13022651431633486,-0.92047587977716339,-0.39040470806063066,0.017559005454490496,-0.03482929175869693,0.12670510699699902,0.99132877305991007,-14.361298117981246,-8.157841633119272,-7.2381128371372601,,0.2481862121280751,0.6046511627906976,False,1
0.98794665587954833,-0.025328174370115156,-0.15270850899506702,0.064563274730653417,0.96403972724605136,0.25779640774730533,0.14068755699234242,-0.26454846035166746,0.95405509454805104,-18.766543619962516,3.1456332568295848,-8.4930038426240557,,0.2276179795336228,0.1830985915492958,False,2
-0.8827431812401263,0.46959656446188341,-0.015605852096557044,-0.4627126290010935,-0.8746128577297535,-0.14473897905088284,-0.081618006205492658,-0.12054632196542407,0.98934679729791919,-7.0517587277076768,-9.9594250878051387,-6.0205589741305916,,0.6758845438624198,0.5964912280701754,False,3
0.98910381020734672,-0.038083270086768643,-0.14220870990487008,0.045585325611038292,0.99771471790236543,0.049873036502088866,0.13998439456684056,-0.055812240776565367,0.98857946724441614,-14.253923360308301,9.0913631890463726,-8.199595905980571,,0.1585231953201342,0.7712418300653595,True,4
0.70467157182692763,-0.66096474819885642,-0.25799918119519505,0.70423429549102656,0.69589076865757793,0.14067727304516731,0.086556530159349124,-0.28082314672332354,0.95584848556200885,-9.7507735171931227,7.248215730420065,-7.3464687860837818,,0.09185397239189469,0.4193548387096774,False,1
0.59134736139760813,0.80524937452336864,-0.043379061744236017,-0.79937298179838223,0.59242766746478093,0.10016134380589084,0.10635381581706216,-0.024554096439546133,0.99402513157826533,-4.6417600193142459,17.740030116867729,-7.4093887308552091,,0.6370976072608113,0.3076923076923077,False,3
0.22459187545373976,-0.90376855775684051,-0.3643636692787755,0.97431797419293853,0.21449427776630381,0.06853240087783731,0.016216492985254696,-0.37039789256370326,0.92873162245054797,16.347076169802126,35.300152945736045,-5.2243223302057036,,0.3890201665672953,0.1538461538461539,False,3
-0.26460649366708949,-0.9413520375640515,-0.2093794280325072,0.96249665136867635,-0.27127403482718127,0.0032548629261809486,-0.059863174099737709,-0.200665740480513,0.9778290550930232,8.3575174325759622,5.4282194101820105,-4.4527288850183337,,0.1093206075549488,0.2972972972972973,False,4
-0.96703570432591024,0.21988323066038304,-0.12842628793687474,-0.1958620637648979,-0.9645841043423532,-0.17667925069972534,-0.16272676035811479,-0.14570130584320151,0.97585405206871978,17.24852168556394,27.726642750942862,-4.7367191594864568,,0.6543372880698298,0.7368421052631579,False,4
0.024959094507533766,-0.95859189866763383,-0.28368753129128765,0.99884341547920652,0.012247142089726964,0.046495578977653503,-0.041095923827031526,-0.28451991023373979,0.95778888369274118,-9.0223740514662971,-5.1664053626650608,-6.5923328332005182,,0.4583454942340858,0.7325581395348837,False,2
-0.46268445359238575,0.88445524328116287,0.060514618369243461,-0.88632143765351334,-0.4600446181475768,-0.05285128635388326,-0.018905172829821279,-0.07808887210038265,0.99676713554087704,12.483122769821264,7.2721919857023929,-4.0358381776520886,,0.484213382491274,0.2758620689655172,False,4
-0.14696349598024092,0.98765570357766397,0.054202786273193443,-0.9891386999381897,-0.14688194829310428,-0.0055068639179997256,0.0025225252932829026,-0.054423381520570718,0.99851476324089128,-18.300539647391432,9.0384911466695623,-8.7859714311794637,,0.4966480650599308,0.3333333333333333,False,1
-0.57174554426751967,-0.75375462844838104,-0.32397683976309544,0.81380425751585073,-0.57112547199739683,-0.1074165987397989,-0.10406566705361681,-0.3250686932455894,0.93994716958576563,-10.999923163786313,10.270156482097152,-7.8337481751003599,,0.3312512961188719,0.1111111111111111,False,1
0.20666938319767886,-0.92343902571623571,-0.32333903543021431,0.97783171145621017,0.20631101776565697,0.035789775343224695,0.033658730209422977,-0.32356781319029432,0.94560613373007518,-18.294077234114837,6.0731547406676931,-8.6199658872312526,,0.4425429029900838,0.1052631578947368,False,2
0.016555956590642136,0.9998177980561227,0.0095011047554771355,-0.99986238571047059,0.016565212438601352,-0.000896313689312523,-0.001053538197891884,-0.0094849579371644732,0.99995446177823277,0.62926416859412215,-15.275994729755199,-4.5661453861016215,,0.5909872574963532,0.96,False,4
0.97519745332878016,-0.12831917804573464,-0.18034443591840732,0.17468066367960905,0.94658041398791071,0.27105753188377973,0.13592863111763021,-0.29583730055579871,0.94551768827576399,-12.663471498807361,2.8645557315534749,-7.5760048942516871,,0.2784421620524479,0.2184873949579832,False,2
0.50530083124510361,0.85919040167830063,-0.080392310620405902,-0.85772823068765636,0.5102894276516865,0.062505858192143327,0.094727779581438076,0.037370492247154719,0.99480153502333091,-9.286101458244314,-9.982638267418718,-6.3438372922510826,,0.4850952387014116,0.6585365853658537,False,3
0.20520818922738529,-0.924911671238692,-0.32004374619803139,0.97871638416599527,0.19458073089555097,0.065211797469442528,0.0019591934718219579,-0.32661405292884371,0.94515576599327622,2.188148251738447,16.5683611580479,-6.2234753955946482,,0.283472338923712,0.2264150943396226,False,3
-0.32607536605584181,0.94267698502521191,-0.070957434813597148,-0.9450163825887451,-0.32701817426873064,-0.0017749188233012608,-0.024877545908549143,0.066477181060294946,0.99747776521977938,-7.0119101908399992,5.1650688785053029,-6.8062879449504958,,0.07001468761222822,0.2461538461538462,False,3
-0.023542130596792873,0.99699016328749834,-0.073867329685938718,-0.99950333351708243,-0.021924330683842638,0.022636475262403609,0.020948851405350247,0.074363553115979725,0.99701113714580103,-2.1389746948274846,-11.007640435968264,-5.2261188167309633,,0.8842516522864797,0.7094017094017094,False,1
-0.051879889471106284,-0.97655848535721257,-0.20890668190676673,0.99810389308129188,-0.057642325987174663,0.021586590067886408,-0.033122434760091017,-0.20739066259505878,0.97769730355767481,13.434543824963002,3.9731439047892558,-3.5932740496681546,,0.07961125727357889,0.3125,False,3
0.2341233518006712,-0.93247870916989728,-0.27508128450780067,0.97147845937505573,0.23533889761177512,0.029072430946565728,0.037627903368212291,-0.27404207745475317,0.96098131130235609,-1.19995630774491,-14.871804921162937,-4.8730456938758984,,0.2681636940454601,0.3529411764705883,False,3
-0.98902269356730343,0.055259929996950091,-0.13704178831878075,-0.028828805971930972,-0.98177824935785274,-0.18783069247081047,-0.14492415794169758,-0.18181806627660399,0.97259404646559899,33.301325742816054,-1.3207071625880475,-0.14903841577088506,,0.2662270322509409,0.2,False,1
-0.15338095755294121,-0.90311927961161231,-0.40106090392101912,0.98431045663623296,-0.17545594352587893,0.018658425389434064,-0.087219303005197035,-0.39190659432477737,0.91586135113784628,21.373393131038352,24.929457509212448,-3.696929608891502,,0.6135204704561473,0.2962962962962963,False,2
0.94870018226898967,0.30405948118962417,-0.086693691013151275,-0.28017043964050514,0.93551950143203466,0.21519244222789111,0.14653494093366687,-0.17986409963929642,0.97271600004652614,-6.9981488943471515,6.7937891188737014,-6.9256704972998104,,0.3326742220336697,0.1111111111111111,False,1
0.25600406124334857,0.96565421128913786,0.044428198775832511,-0.9648218462879633,0.25239809963688054,0.073579917268072281,0.059839164034910713,-0.061702054416723329,0.99629921756887774,26.317455822139387,24.607370928250784,-2.8218686389528571,,0.2076383653895229,0.5789473684210527,False,2
-0.91200401382461871,0.39548220933355377,-0.10882325518213376,-0.37556731428070933,-0.91178736356833689,-0.16611139660202734,-0.16491777106109409,-0.11062380276302375,0.98008392653409415,-7.0152524867801871,-8.3269989136170395,-6.1315914834860852,,0.5850755035981559,0.7021276595744681,False,2
0.85942694123606889,0.49973343447485413,-0.10794362948123756,-0.49212235949224092,0.86583408291736752,0.090260313241379855,0.13856736977155026,-0.024450671291585652,0.99005113439053583,1.7189880878909822,-14.293738935337727,-4.4979778178798693,,0.1546439065733777,0.2352941176470588,False,1
-0.75188071001347601,-0.60430344638699784,-0.26361476171571019,0.64873557516184066,-0.7494087992537769,-0.13239563860056128,-0.11754808135001427,-0.27056200081647008,0.95549916393742651,28.655826847735526,13.833515132951673,-1.6432733639541566,,0.2932083896959651,0.7619047619047619,False,2
0.98862141269326465,0.06058942855407027,-0.13768305455598406,-0.03451272576588469,0.98223897060860343,0.18443285059327369,0.14641234280136262,-0.17758244779606791,0.97315358505745331,-9.595816024550178,8.9603068854174825,-7.5108797249755881,,0.6373115836020262,0.4,False,1
-0.79995863974153425,0.59182375273803445,-0.099049585551613056,-0.59108777729691675,-0.80562476437113817,-0.039799228160110195,-0.10335092758687073,0.02670926294415904,0.99428627720587337,-11.458427072113983,6.2614622505571038,-7.554540955517413,,0.2132501356411052,0.3636363636363636,False,1
0.41141235682007116,-0.8298295501737335,-0.37699176425250114,0.91016128277483099,0.39602289496576265,0.12154137567351378,0.048438744754877111,-0.3931269315645971,0.91820744044315838,-6.2905380471489094,14.979854635627129,-7.4992160226187021,,0.7541927151551142,0.373134328358209,False,2
-0.55019727202805357,-0.79923010800743088,-0.24189707792224241,0.82887224471326848,-0.55784842613629781,-0.042141848574119067,-0.10126087001836631,-0.22368810409068901,0.96938633593188095,26.283250868912098,28.110462322845478,-3.1113205590716007,,0.1375633349721687,0.2142857142857143,False,1
0.39092220534475991,-0.85361495614381466,-0.34426927835051441,0.91975710245671349,0.37651748115744743,0.11082174363942543,0.035024303687878608,-0.35996679434420853,0.93230746276147247,-4.3571146091929869,11.079901814251523,-6.9241848042072869,0.4854253753553977,0.4592390374769275,0.3636363636363636,True,2
-0.95703752405716314,0.25893531379215029,-0.13050548194576167,-0.25680681878586137,-0.96589305935724157,-0.033179145718258779,-0.13464559172739587,0.0017610101840725284,0.99089225623753396,-9.6232390576164857,-6.7469385438946254,-6.6327899946509827,,0.1285014760630452,0.2758620689655172,False,1
0.69619140117423062,-0.61902866395324296,-0.36348458858021304,0.71279431268150251,0.65613847995306718,0.24780347643603598,0.08509877049621864,-0.43160839696320052,0.89803807877555519,11.941659981532972,9.3066413329418936,-4.2484596874106266,,0.6787407322468839,0.1956521739130435,False,1
0.085921864972587053,0.9942568778323847,-0.063801990585184015,-0.99561564529302893,0.088062866363869452,0.031534400510000837,0.036971880766041285,0.060812765524835999,0.99746422872293683,19.474666397925969,-2.332855862289767,-2.2443609912360993,,0.1367628901130865,0.3333333333333333,False,1
-0.10142947847354178,-0.88139536764763382,-0.46136131912621176,0.99406943752461641,-0.10807459730800487,-0.012076207857004313,-0.03921752511414172,-0.45985007046428233,0.88713014739547458,24.141846086021804,32.51927541068958,-3.8668723948104944,,0.4303254767393423,0.2380952380952381,False,1
-0.92683301112348015,0.36288024339336955,-0.096428722103698808,-0.35303766877750287,-0.92966790610637828,-0.1052710253580196,-0.12784746347084719,-0.063525690161945897,0.98975729993444306,-8.0114703693619358,-6.4470387484649674,-6.3854692883593511,,0.2169536104721559,0.2105263157894737,False,1
0.41577518221860876,0.90657860545582603,-0.072430863455108241,-0.90564060862907769,0.42000885803364135,0.058375056104731059,0.083343181203003297,0.041325431674047799,0.9956636594974817,-8.2906770872301419,6.7459411541220149,-7.1225709090197249,,0.1962283400906255,0.4583333333333333,False,1
