axis_00,axis_01,axis_02,axis_10,axis_11,axis_12,axis_20,axis_21,axis_22,location_x,location_y,location_z,dbh,dbh_approximation,score,reconstructed,number_clusters
0.91628847169549543,0.38456529588302102,-0.11191501168448098,-0.33563020636284346,0.88973301862348109,0.30939864277010531,0.21855846177800611,-0.24593635106171813,0.94432383746873561,-3.8658451684795847,-11.701693112396979,-0.71265419636737437,,0.1980517270142556,0.2162162162162162,False,5
0.8328073496350229,0.53076038901536537,-0.15724289442180467,-0.49984920379240233,0.84308277478845584,0.19839911371550906,0.23787116652085055,-0.086630504484598803,0.96742568904839088,-19.144535392095982,-11.228541552450436,-3.6206139982601719,,0.07641573192172035,0.4615384615384616,False,3
0.9832507487422455,0.084097582876675472,-0.16169589250229199,-0.022442112357886807,0.93629495041298338,0.35049695779573198,0.18087099460866593,-0.34099759879718772,0.92250003844109529,-37.720277846181467,14.049033826562026,-11.630959006430709,,0.3388068190799853,0.4545454545454545,False,3
-0.97228376056289145,-0.12140997431557872,-0.19980967714896289,0.11389453086534418,-0.9922969887522497,0.048731118930114392,-0.20418698485614972,0.024623246128572172,0.97862217988631661,-9.4425105272260055,28.501215017570207,-9.3777861678172698,,0.1743632457593713,0.5789473684210527,False,1
-0.19034724002810011,-0.94861556927352342,-0.25277743163809874,0.96110679958307554,-0.23255116104036866,0.14897542513432901,-0.20010409293380904,-0.21458904732219036,0.9559863454885178,-11.436778753235497,21.014333039489284,-8.1988361894915425,,0.1268225124391544,0.2413793103448276,False,2
-0.78997249023968186,-0.57787367448883076,-0.20495238714709535,0.56589818990534346,-0.8158318021227865,0.11907018647395645,-0.23601420153535735,-0.021920013181185735,0.97150234672684399,-4.1671648742410774,12.431692775777387,-5.1542452154561902,,0.09244460124014446,0.3583333333333333,False,5
-0.44353251574192104,0.8926062688731935,-0.08082670504183638,-0.89621733960863492,-0.44084307519075316,0.049516292684147312,0.0085666600530506926,0.094400380426339622,0.99549745379428223,5.1833564003128894,10.831500213514445,-3.2515676480995865,,0.1225984999877781,0.3846153846153846,False,5
-0.53850275143436677,0.83297915078652729,-0.12712403805957889,-0.84218872847640491,-0.53691147666199956,0.04943897102416428,-0.027072722894336584,0.13368545389677924,0.99065395930743616,-10.748874378933856,-13.283527743498114,-1.7172158436932123,,0.1436459260511595,0.303030303030303,False,3
0.85522640696569074,-0.45206008179529028,-0.25343534732903683,0.51042777306862086,0.81939264887855678,0.26088153526838642,0.089728932395088931,-0.35247321800530812,0.93151025183849656,-2.658771068889088,-21.431410255495209,1.2380161983308893,,0.4503595353884566,0.5,False,5
-0.56640372850085818,0.81686352176360799,-0.10918243060255686,-0.82395716540059061,-0.55859808297146707,0.095198588674549833,0.016775157982864455,0.14388248160411404,0.98945258883995668,2.5578216888993301,-13.224394907023443,0.71110236008190186,,0.09957977401991935,0.4411764705882353,False,5
-0.87956844142351198,-0.39934638722514437,-0.25861519650252435,0.41499735687771311,-0.90979904769462239,-0.0065487860303147238,-0.23267262545543752,-0.11308472851885797,0.96595822556645283,-9.5757031406025579,9.3837133817533029,-5.6166291659192158,,0.3024144842965986,0.2173913043478261,False,1
-0.90942052687907815,0.39868540321354073,-0.11833957307442483,-0.40081640866762375,-0.9161370665016173,-0.0062515537749307237,-0.11090767256492662,0.041747151355140552,0.9929535052156081,-6.921617681186313,-8.6733345083116529,-1.8205568270833639,,0.09012335358955241,0.3695652173913043,False,5
0.97656686096303036,-0.060938759848762236,-0.20640647668353124,0.13630526666800158,0.91732935967842466,0.37406913819578502,0.16654741171023696,-0.39343781391735499,0.90413972716198787,7.2626437124716086,13.082915018540792,-3.2425657227599856,,0.2705952018175519,0.2391304347826087,False,1
-0.98092061993903479,0.0024323186955685638,-0.19439347006569627,0.027126495885599341,-0.98842742194769806,-0.1492494045642922,-0.19250685857752739,-0.15167503211666178,0.96950285921859003,3.9930732167631851,-12.441166004704716,0.84265844046959193,,0.1464177706113551,0.1875,False,1
-0.80936261270546528,0.58660788472654624,-0.028694088785520655,-0.5836251357190011,-0.80878885733163142,-0.072403627071941756,-0.065679997804215004,-0.041854197314516256,0.99696256903436309,-12.634212967960307,-18.647033997676683,-1.1000808814574188,,0.2953025708372507,0.3125,False,1
0.73715134330172283,0.65286761474910726,-0.17427499728956147,-0.62300668892095035,0.75651763002660999,0.19885608117096981,0.26166880331483888,-0.038012538335819551,0.96440887817411125,0.6592214289696614,-14.190949444747746,0.53389209281393568,,0.09252174262939528,0.3653846153846154,False,5
-0.049203814160232312,-0.96511884386473912,-0.2571470433220534,0.98573065564521567,-0.08841910707865637,0.14323803972641519,-0.160978443256662,-0.2464298657237019,0.95569778805125405,-24.7199599767468,13.511050383844411,-9.1588056345467894,,0.09944690915319176,0.5333333333333333,False,1
-0.2776726464862011,0.94723254709262916,-0.16015118832452988,-0.95773765258332633,-0.25992160185569013,0.12320450362284581,0.075076562371547251,0.18759334374433984,0.97937339516922195,-8.0748993778654192,-12.00662501845593,-1.3792300575287042,,0.07121572693063587,0.3,False,3
-0.67124243783283766,0.73654937999016978,-0.083238215311980251,-0.74116868322518026,-0.6684687613260305,0.061793997584657298,-0.010127816076495488,0.10317231201895652,0.99461193506522005,16.022563445796404,12.922114858731025,-1.7025114447914833,,0.2370988870098118,0.3372093023255814,False,5
0.79405230069638355,-0.52572157561586852,-0.30511926961558528,0.59700828849342369,0.76889821103105727,0.22885944276649861,0.11428931371275305,-0.36388510000439478,0.92440553155304039,26.093188526247669,-4.4196261676729858,3.4015295665707428,,0.2348921828442982,0.3333333333333333,False,5
0.96913892384393185,0.19868571976740465,-0.14592371654784292,-0.14117986876913921,0.93259601464546926,0.33216399281336495,0.20208411848771177,-0.30131156338231829,0.93186552185771365,4.1210899712124167,-20.821477504381885,2.3599342983346241,,0.3817834347321429,0.4117647058823529,False,5
0.58046428436801922,-0.7718955855636892,-0.25930372068370594,0.81346266597476657,0.53537632396626311,0.2272678657478798,-0.03660198954085242,-0.3428547749757338,0.93867507564544972,-3.4628689764557734,-15.046815885311704,-0.07221753555562678,,0.1623730797402058,0.4444444444444444,False,4
-0.02538657254818167,0.99721661490693592,-0.07010381507314524,-0.98848632629961064,-0.014576766377695166,0.15060644275950277,0.14916536009730005,0.073120044006578261,0.98610504233145502,-13.107582557843093,-4.0773814177721786,-3.7720434325804346,,0.167687943924233,0.3518518518518519,False,3
0.60010524209247906,0.78215684561195187,-0.16764357212696485,-0.76530380838130563,0.62237070534279326,0.16420957952623799,0.23277409497235185,0.029755234723915086,0.97207553549933934,-19.639311654200768,10.700898380828699,-7.7367805681487303,,0.07943335503439772,0.5,False,2
0.48265202279878794,0.87575082639586799,0.010368941855041724,-0.84802950391064225,0.46435013437349609,0.25539168585603317,0.21884466039935535,-0.13205848240181628,0.96678207050007947,-0.7634712796327161,22.051186824168255,-6.3895124926137532,,0.2401835016648175,0.3833333333333334,False,6
-0.38640635259888811,-0.85629149224196655,-0.34271710051476706,0.89362577480422556,-0.43955337814111151,0.09069620923877561,-0.22830485162775369,-0.27121524307966566,0.93505036583302081,0.70533167207697667,-10.208906849551555,-0.13764081558069388,,0.2832676937971481,0.2195121951219512,False,2
0.94931637501234245,0.26351450148402433,-0.17134330346136059,-0.22720933131313553,0.95197422213103811,0.20523401317092385,0.21719654669829283,-0.15590121200821741,0.96359767133213103,30.249523979968171,20.886352407186312,-0.10430456903430779,,0.2754234109157687,0.1904761904761905,False,1
-0.87553694996288167,-0.4083821903702074,-0.25818411228835592,0.43380987358716455,-0.89972673915607393,-0.047966534436696184,-0.21270647105338214,-0.15399929037502041,0.96490423138050696,-8.5846784471107345,-4.0065163703207389,-2.9870082711438752,,0.2401182708602778,0.2553191489361702,False,5
-0.54267777120525551,0.83832304678919989,-0.052108596812519337,-0.8396935798612416,-0.53996730604639376,0.057879187458126688,0.020384518132866264,0.075165002647997858,0.996962734407569,-1.4193257288581798,-11.290347812252463,-0.35816364204029272,,0.1761134626655346,0.1808510638297872,False,5
-0.15761954988574733,-0.90478934246547849,-0.39561638395635312,0.97104212131894052,-0.21484789232975468,0.10448723264530123,-0.17953628078532116,-0.36769094212714604,0.91245279053736539,6.5257742991867556,10.121731742651022,-2.8406590300132333,,0.1369952011413008,0.5555555555555556,False,1
-0.82203782111859469,-0.52107808330632399,-0.22963329843122035,0.51758702755662644,-0.85186539105948933,0.080181197422840578,-0.23739732423869153,-0.052943239538887188,0.96996882621630609,-15.779738735089005,13.957674174181212,-7.6266569258884154,,0.1561580998410407,0.2142857142857143,False,1
0.70788908977114418,0.70401843274530829,-0.057018268456869692,-0.66348198774463363,0.69046892321823095,0.28817411057949904,0.24224922811313507,-0.16616471474020975,0.95587896673893502,-8.8943794850139604,-14.113344314384159,-1.2202884679602075,,0.158411841964943,0.1621621621621622,False,5
0.90685562524140029,-0.34796142798177965,-0.23777241136201924,0.41255404064253237,0.8482061654402766,0.33218287803350333,0.086093196697231228,-0.39933588061428005,0.91275342559558159,0.88012464377079325,-19.291964096348476,1.5069452941318069,,0.3085011500148894,0.3076923076923077,False,3
0.96672661096891888,0.19283973991203696,-0.16808478323514919,-0.13450389577164917,0.94207962436886072,0.30723717771662362,0.21759678689447268,-0.27440629741258621,0.93667113880674102,5.9466060619944274,18.446727852646948,-4.4980203076874306,,0.2439230468438774,0.3214285714285715,False,5
0.6150625887766259,-0.69370415044118106,-0.37479669628756618,0.78838816489819019,0.53388418704742979,0.30563340175636666,-0.011921129806298766,-0.48346895089693631,0.87528033234087754,18.178604141896169,17.367566437461608,-2.1357035388423684,0.6430839328843593,0.3777023288286558,0.6333333333333333,True,4
0.83783587705596674,-0.48191597791670077,-0.25649178027073316,0.53364273611870505,0.82205762009100714,0.19861193176154388,0.11513675914147499,-0.30327917745684452,0.94592032815427884,-4.809819925891162,-17.755961650542357,0.19375049566547814,,0.1280366363242331,0.4545454545454545,False,4
-0.2878429145833854,-0.92555747912987241,-0.24594676121245829,0.93646556326017694,-0.32577974084241629,0.1299992664765755,-0.20044626549761807,-0.19290130451452128,0.96052609613932627,10.9496924123613,-13.278055232788702,2.2130355770928647,,0.1044699684500597,0.2692307692307692,False,5
0.22682481274970082,0.96318745442042331,-0.14429286873635874,-0.95514704259369632,0.24895467419881134,0.16036114622650713,0.19038022834732271,0.10144701987573859,0.97645474591132631,-20.285692573013343,-7.743088788528496,-4.424580548852628,,0.1000409850670615,0.28,False,1
-0.95247844537328241,0.26394640037372452,-0.15204311503336387,-0.26979704800352322,-0.96273268464456951,0.018850220307587484,-0.14140142852135412,0.058975212138776434,0.98819409043229289,4.0535965695413605,6.5707109321957562,-2.6360474923992951,,0.07397045275743099,0.2419354838709677,False,1
0.83229350891270726,-0.49041020625801623,-0.25842860642688714,0.54317253030884693,0.81457344995721892,0.20355268837005847,0.11068476561685175,-0.30978690130921233,0.94434154755447364,15.135375989377913,14.31704368087957,-2.1478917018513863,0.4256957007644552,0.3555363714307572,0.6,True,5
0.86901067654036201,-0.43320406319376703,-0.23907045758787046,0.4834819930916891,0.84616997705729025,0.22414622968712489,0.10519318616217835,-0.31037172802830548,0.94477710811903848,-19.842859551359304,8.7552752207401507,-7.4023872586366775,,0.1375541143219519,0.1707317073170732,False,4
0.4982966933307944,-0.83932803447087911,-0.21732200985368588,0.86626819461282145,0.47163542711492606,0.16474051988616112,-0.035774577814945113,-0.27034880144245255,0.96209755489804161,-19.656596541869121,6.0596572707539584,-6.8374791816382752,,0.4028474946463687,0.8976744186046511,True,5
0.60853824241439736,0.78761491130259964,-0.096664155781731181,-0.75857718845111577,0.61315837443628141,0.22044830917985711,0.23289881210688296,-0.060824003094629597,0.97059702449922436,3.2567268926271025,-16.800781572766834,1.5066900294292456,,0.08976437458942672,0.2857142857142857,False,3
-0.85582942312069921,0.50210773903218886,-0.1242731544818708,-0.51007428442794833,-0.85912662284396402,0.041541187826569279,-0.085908223623865673,0.098940711159305514,0.99137808770876246,-21.547403430306389,11.160010427070079,-8.1650334565877163,,0.08974778669141696,0.2173913043478261,False,1
0.89651392860050227,0.43896900900628344,-0.059740982226060585,-0.40112791351761962,0.86157106410810724,0.31111364240197581,0.18804034892090116,-0.25495393823917434,0.94849318213366207,20.844043347367961,29.734645233665965,-3.7077931585312718,,0.2524588915791892,0.5,False,3
-0.64609418010268216,0.74717900284612226,-0.15583917396893476,-0.7632145963423399,-0.63461770273359153,0.12150658956262723,-0.0081111261514289906,0.1974434326155628,0.98028072537898125,-3.093016359591247,12.275338764178423,-4.9851022456524863,,0.08569542145590785,0.3694267515923567,False,5
0.37229237682139193,-0.87449242472742472,-0.31090414158551849,0.92689404078970961,0.33314056097810807,0.17287221806790043,-0.047600665007989637,-0.35253420504334188,0.9345875084577453,5.9338094994237842,19.914268554956788,-4.7975008997282957,,0.2271932180579227,0.3888888888888889,False,4
0.8783481286646948,0.44475951240804318,-0.17519572196200212,-0.41768754253449764,0.89231781482485761,0.17119005274163065,0.23246866817427203,-0.077187391902756003,0.9695361905821408,-15.504905199347782,-9.6400442503075521,-3.2383530807377752,,0.07373160626890003,0.1929824561403509,False,3
0.87791085147884385,0.45098523667024598,-0.16088770357356097,-0.41763410488202002,0.8855539955006263,0.20341060811145259,0.23420992996686943,-0.11138418809848687,0.96578427785223098,-6.7634348873563992,9.1308562184110631,-5.0613496887679874,0.2703541543406097,0.2172443950642622,0.7529976019184652,True,5
-0.41393156179110124,-0.87839876921524285,-0.23890639253549517,0.88447105794680336,-0.4501689092253594,0.12271471314113425,-0.21534068312244359,-0.1605102968908671,0.96325740837242613,-6.1224879461893327,6.1546224440816992,-4.3844510114163695,,0.07274164314826212,0.1455399061032864,False,3
-0.14276919952177797,-0.96014396052049289,-0.24029259402639414,0.97066044097281912,-0.18328533997301039,0.15564315751561603,-0.1934819474740827,-0.2110214662706158,0.95814126138823397,15.883261140715044,-15.363867561780758,3.494637650773043,,0.1474909553881387,0.6578947368421053,False,4
-0.97696823216875428,-0.0060042966329950723,-0.21330030884881884,-0.013027944458837436,-0.99606087124643894,0.087709825190579072,-0.21298672727716145,0.088468577437005896,0.97304160487105373,-3.8568274644868494,-10.253364764310714,-0.9781416888853377,,0.1393409918683283,0.3333333333333333,False,5
0.6671848696488698,0.72934947197764188,-0.15137271034620126,-0.70393997316495571,0.68380093906698836,0.19205413276372355,0.24358338180619343,-0.021578309874480117,0.96963988812899937,-18.402868733141691,-12.012823581358694,-3.3679505231851001,,0.2021115470478281,0.4941176470588236,False,4
0.73540267576848439,0.66452658509833817,-0.13261720163724267,-0.63364030612969702,0.74372897159621676,0.21299572591086482,0.24017257736972339,-0.072606022518614574,0.9680111045714348,-7.789860816033122,-16.594201277497937,-0.58945367473163557,,0.08433476015616088,0.3809523809523809,False,3
0.51177557489725434,-0.79068639893522685,-0.33600711224232749,0.85801054121634635,0.45053982419401922,0.24664099005813017,-0.043631090981283677,-0.41452247870780878,0.90899254262381979,-9.8752314373719567,-23.61836889441053,0.29535847076598748,,0.4497604709209384,0.4545454545454545,False,2
-0.035541490241234999,-0.95821916909819915,-0.28381829828992799,0.98697491739956633,-0.07824260799768315,0.14056531121810195,-0.15689905957510766,-0.2751256408742726,0.94851914415997385,-11.285012076486614,-18.389366320865481,-0.88718439942230853,,0.2374992281770426,0.423728813559322,False,4
0.93790549438796311,0.30097637892706414,-0.17247174529418483,-0.2672476367456002,0.9439166059727746,0.19390755947803839,0.22116053954257214,-0.13577429910255304,0.96573979697040979,-14.66660033332645,21.205426914019505,-8.8111324854322817,,0.06736182824197626,0.2307692307692308,False,1
0.78640595606104602,-0.56685012986530658,-0.24545183344884408,0.61392773973037684,0.76114268152199926,0.20917587995524939,0.068252491978421384,-0.31518684718304396,0.94657215715525322,12.812895723457592,18.431303696326321,-3.2445339094640882,0.2527061449863418,0.2392718068909815,0.3684210526315789,True,5
0.79350625517052109,0.59622035211249824,-0.12193897954346851,-0.55816095403436539,0.79287136318203211,0.24456359262431365,0.242495716244022,-0.12600116337840883,0.96193530678033845,24.496750707891582,4.9012526076582246,1.281867401843052,,0.2180260418834426,0.4,False,6
-0.54868270511699224,0.82905333475360377,-0.10778616441561112,-0.83569043455939851,-0.54020423383208294,0.098999410785197223,0.023849249284275523,0.14439513109458318,0.98923266192779702,-13.140894472067142,-1.718563905175007,-4.2023598901555888,,0.1938828218346509,0.6310679611650486,False,2
0.86858537761116539,0.4660899192037643,-0.16828436949609357,-0.43679639486363492,0.88050025237617269,0.18419613188019951,0.23402639003796361,-0.086484060855885628,0.96837604058737159,7.8467362439410753,19.196015259556265,-4.2628709462000023,0.3135079642324456,0.3323783266717674,0.3617021276595745,True,5
-0.21066915489285246,-0.95016756578709982,-0.22978273238637567,0.95867718089130549,-0.24678603651287065,0.14154403915590191,-0.19119772492116863,-0.19046849899257723,0.96289416909465375,9.4684629205543871,-0.30177111696709674,-0.40036541679376486,,0.09223853059802654,0.2564102564102564,False,5
-0.74756242018156349,0.64954132009579058,-0.13873176067686166,-0.66290384694610238,-0.74265605970462856,0.094976137466495025,-0.04133905703257712,0.16296640903024751,0.98576520119724442,14.365481136770359,-7.8833092874560737,1.7718944769095175,,0.1811623176559695,0.6086956521739131,False,5
-0.85529133141803126,-0.45442774243744577,-0.24894209227122957,0.45198735888739866,-0.8892447891180546,0.070364283783606749,-0.25334594097234914,-0.052336716840018907,0.96595895475079163,2.0171098561444016,18.56077243978222,-5.2182760002746331,0.1879641044435829,0.1978752765833452,0.6909090909090909,True,5
0.34991769209441448,-0.88678307355636388,-0.3019493156363261,0.93384258654667962,0.30469578204280018,0.18734594726636622,-0.074132532070098109,-0.34752879141051551,0.93473424395900928,1.2179963740524513,-15.529809930586216,0.90127063421320952,,0.144820234915655,0.2318840579710145,False,7
0.96541746628501202,0.18462252124185119,-0.18407509457319077,-0.15485619748527388,0.97409206969234485,0.16481564811293045,0.20973477034633256,-0.13061073620796107,0.96899543946036437,7.1070381869691817,4.6300142160632616,-1.7062356183346274,,0.07531697770135029,0.3272727272727273,False,5
-0.6625014832081384,0.73845258272125236,-0.1256167497562638,-0.7490592980126306,-0.65343101280407223,0.10926151914864138,-0.0013974290110293219,0.16648031288460469,0.9860437883856894,-4.9193424518654458,11.009754264801364,-5.0696973671423962,0.32796939879843,0.1039550013172605,0.3969465648854962,True,3
-0.27205720547297807,0.95864907257738041,-0.083527436191721108,-0.95710217164289801,-0.26057827252864396,0.12670594667353424,0.099701103237037444,0.1144155563396699,0.98841730583837994,33.506650408937894,-7.7469925681661111,5.5708343111448606,0.2347621414094246,0.2771331351153788,0.803921568627451,True,5
-0.71433840830358619,0.69069871528099691,-0.11249854724163465,-0.69961100705081469,-0.70859688498498519,0.091841675741025933,-0.016281192697177954,0.14431125839225231,0.9893983947154964,-5.3698700582597629,-12.119359285731976,-0.91547624648658077,,0.1213578975148278,0.2380952380952381,False,4
-0.77001014041826754,-0.56222316462575306,-0.30164465321175915,0.59165987405382525,-0.80615011723551389,-0.0077834385574859777,-0.23879484309266574,-0.18446436414486594,0.95338865174333742,-12.800449903479098,-16.930042728042796,-1.4273035955420625,,0.3268141473410593,0.2631578947368421,False,1
0.21177248819601774,-0.9097351100421236,-0.3571196477371586,0.97297441711967103,0.1618352724648148,0.16471225885426746,-0.09204996943999208,-0.382349805992999,0.91942124675428938,-21.758173948310343,22.191949128517269,-10.287275386110071,,0.4929570058277298,0.2307692307692308,False,3
-0.8262064048426051,-0.48445922438370542,-0.28754519037291337,0.50322883394610374,-0.8640964068685566,0.0099065797374209563,-0.25326609974945591,-0.13651615122903038,0.95771583633732937,-9.9871223206560931,30.090908707155474,-9.6855838366102347,,0.3640763175987879,0.7868852459016393,True,4
-0.40739656376675815,-0.87902525683694543,-0.24767445906629149,0.89050844569329501,-0.44251007455679148,0.10573335360544867,-0.20254073165649877,-0.17748079264665551,0.96305649899762624,-7.2740561211274324,15.309567464191584,-6.3501443476197492,,0.07775794768302578,0.1875,False,3
0.85031060461512142,0.51464104423253709,-0.11007484394860409,-0.46124111867366746,0.82946307790463825,0.31503592309072814,0.25343343529165563,-0.21710734207807658,0.94267486223621277,35.555448234503295,-7.7146349893497259,6.0066825657193519,,0.3609545342089628,0.65,False,3
-0.43930617631361524,-0.82364963784405709,-0.35862425675358789,0.8737818267522024,-0.48447295460232892,0.042323462718367982,-0.20860345800176527,-0.29476639960864282,0.9325220463728795,-8.0366447629853646,45.027341427231569,-10.861553295268038,,0.2247132731207218,0.2857142857142857,False,2
0.2942907024545412,0.94755906533890755,-0.12459855594214382,-0.93502385157176793,0.31244366388473704,0.16765844413621664,0.19779630795519987,0.067162300380021064,0.97793959218704007,0.26746354104072473,-6.1240706732342476,-0.966328599612852,,0.0720906469389477,0.3617021276595745,False,5
-0.03997204933959244,-0.94763008610315946,-0.31685873064144976,0.98644545662543204,-0.087932729607568511,0.1385395112117995,-0.15914646202361929,-0.30702614705571873,0.93830024440446791,-10.184370666668158,-1.2310068855112122,-3.7717562806977498,,0.07569745929263161,0.2816901408450704,False,2
0.20984541950088795,-0.87362925669659719,-0.43901801985595917,0.97163154185858669,0.13624048518501178,0.19331496854113084,-0.10907358424477522,-0.46713001620566369,0.8774351834635391,0.64525161521577934,9.4751824158455626,-3.778967701366029,,0.7361099374299072,0.2488479262672811,True,1
-0.97665493834296746,-0.042878940448348786,-0.21049115866544177,0.07917843813878446,-0.98274091077340631,-0.16718575664857854,-0.19968952487347938,-0.17994915603659264,0.96319385115225953,-2.7263653005387587,-17.978826373279976,0.64517331471716577,,0.1297316764264595,0.4166666666666667,False,1
0.055941796465020087,-0.95861149228540843,-0.27916755231690105,0.98996914379808598,0.016923215461064001,0.14026652881619392,-0.12973669386858908,-0.28421402434926013,0.94994251332764734,13.2767537069413,1.6308081509861525,-0.11172723407505705,0.4129153973562672,0.4151128101399614,0.5231481481481481,True,5
-0.88038609473204554,-0.37864273450258745,-0.28556961289825616,0.41373301772094634,-0.90753181779447489,-0.072187185415237526,-0.23183035661874826,-0.18170217197121707,0.95563539409701914,-12.300887900753393,27.316208933315728,-9.5459453166765424,,0.1413545015040731,0.3809523809523809,False,3
-0.86237011076062497,-0.44777431914490234,-0.23625399717470758,0.45183773366315583,-0.89121057155260397,0.039829381002272679,-0.22838663381391403,-0.072400802945824377,0.97087469285585404,0.64528463286954296,10.127389765727239,-3.9109421783631255,0.2887356106783709,0.2399112586023955,0.3487179487179487,True,5
-0.35320041192965423,0.93127435054590813,-0.089317148566341681,-0.93251633578495752,-0.34276866453332905,0.11367904867756747,0.07525126249386839,0.12344118692453368,0.98949457849133415,-3.958118075425002,8.8807035332968454,-4.499056473470266,,0.1010117250238447,0.3095238095238095,False,5
0.6252187469050926,0.77499581827944752,-0.092103203895387509,-0.74518804146069295,0.62787117255415914,0.22466101918099102,0.23194029702145863,-0.07182807476770145,0.97007444368603113,5.5964974846109374,-12.344189906518087,1.0893091953688936,,0.09707287204190176,0.32,False,4
0.66803957773152822,0.73045875932875248,-0.14196169731367966,-0.70488735891447796,0.68232294742070776,0.19382777578481797,0.23844692035514609,-0.029417619601474931,0.97070987933065211,-3.5094179067706777,19.619414725530547,-6.3955796781232186,0.4621089866335031,0.353197290700856,0.5057471264367817,True,5
0.47039960181840951,-0.85286158591420702,-0.22660831820784,0.88123870796147086,0.44052980587220153,0.17132375704670419,-0.046287732710506665,-0.28028664864760233,0.95879968731243137,11.564419527794399,19.01753578293285,-3.5852141062020348,0.2857689755967259,0.2024224908854191,0.4716981132075472,True,6
0.61340264705182856,0.78375649639572742,-0.09727767959456457,-0.7602427224503806,0.61933794173035794,0.19609058339052368,0.21393502647075402,-0.046327834945057017,0.97574870543509307,-11.574260819484014,-4.1093933089149575,-3.4711913895233799,,0.1810287612543368,0.1203703703703704,False,3
-0.17122973712093476,-0.95326163053014779,-0.24894304747170748,0.96813215905596517,-0.20966880746418856,0.13696391414595926,-0.18275803601246204,-0.21755747501648881,0.95878477529491379,3.0038936271888215,-11.548687471561291,0.45875759556907203,,0.09246289495284603,0.2553191489361702,False,5
-0.33742830095528614,0.94133618224647353,-0.0053229416737512469,-0.93799608813528434,-0.33574328302865497,0.086254197254648446,0.079407054833509766,0.034097505697249175,0.99625894211690424,-12.207963303437575,6.6276442600248267,-5.5781969357828327,0.3650741604867689,0.547903905364612,0.4220183486238532,True,1
0.8368259007924953,-0.49569347965122201,-0.2324013467992217,0.54508901891869621,0.79393111680763884,0.26935356544666089,0.05099385469918695,-0.35208146215874381,0.93457919449722349,6.2068333747107607,31.469323797310487,-6.8018398842009411,,0.3676354107756419,0.6842105263157895,False,4
0.040597022492384942,-0.96084436348227464,-0.27409850588628659,0.98900603599875059,-0.00039705908525452561,0.14787461953330602,-0.14219332798267989,-0.27708834603502319,0.95026475572273239,-5.6572326829839215,-20.604962503707611,0.55707078981358049,,0.0954666519040485,0.35,False,3
-0.47343797330730264,0.86405177994679672,-0.17108771727230018,-0.87975023644269235,-0.45425161382341411,0.14033884999475821,0.043543161457351001,0.21695620044054248,0.97520972112705184,-6.8092557165888046,-4.5105790486028319,-2.5595985809072821,,0.1221490657694243,0.5844155844155844,False,2
-0.68814105271942105,0.72319312544400671,-0.058767294243766421,-0.72504323851426333,-0.68848167738967969,0.017472326217191136,-0.027824339110813445,0.054632254293776147,0.99811879200014275,16.574553193526871,-0.9219874829722654,0.83833029856823049,,0.3768558819976584,0.5,False,4
-0.95627063886858477,-0.19963313363130195,-0.21375939089175652,0.20843135961874493,-0.97784836619318172,-0.019207838525092502,-0.2051897501469056,-0.062922052492518421,0.97669748732387884,-28.058599286701899,10.564505625631877,-9.1887659523322291,,0.631997395899301,0.4222222222222222,False,2
-0.27614817279419179,-0.91703689371129216,-0.28772473344287353,0.94086609022852152,-0.31905919982909842,0.11389568588190947,-0.19624776921158732,-0.23925835947100943,0.95091653182743441,-2.9165209397071621,-15.854037917437326,0.16392485544510435,,0.141598456343719,0.2222222222222222,False,3
0.65583781250147244,0.74056663804313139,-0.14641659165127854,-0.71588723996319115,0.67167839761471682,0.19066617381069678,0.23954586899207414,-0.020228316667981527,0.97067429751364687,-2.6175895154899398,18.45600960650895,-6.0598968581544455,,0.1785204603930893,0.7435897435897436,False,5
-0.81064015047546911,0.5720832149494105,-0.12483325522574266,-0.58291561802439051,-0.808627579505376,0.079566449754402302,-0.055424982637359899,0.13726701292161786,0.98898222353246801,-14.441638041673407,2.3749409518402094,-5.1847451538142728,,0.2776466853049659,0.6363636363636364,True,5
0.8249240022586759,0.54956572848393614,-0.1322040111851715,-0.51521033790057158,0.82725631238921749,0.22406539521437191,0.23250526492513518,-0.11672404931338849,0.96556553278064894,12.374750153791229,-6.8191953553533633,1.2290219607110657,0.4532834132065807,0.3607574380762248,0.6060606060606061,True,5
-0.93266098594800317,-0.29806077521675545,-0.20323203381279331,0.28091092551662128,-0.95349452785826649,0.1092576645811888,-0.22634605632944613,0.044810262457690771,0.97301567467465733,-18.92743264591973,8.5654217845774241,-7.1585850385154384,,0.1437434051313536,0.4891304347826087,True,4
-0.24281918792638646,-0.88205863766904247,-0.40374670486358399,0.95951930678062458,-0.27960881780268521,0.033787703713240136,-0.14269387474590231,-0.37919845558812132,0.91424667863196707,5.279122460189476,-6.0842219692535888,-0.079150220720918985,,0.4615886411162429,0.1923076923076923,False,3
-0.40185907771662155,0.91358096615435491,-0.062282420772000746,-0.91335226335039588,-0.39503090512124828,0.098682455541982295,0.065550932025822586,0.096542230549961208,0.99316799839250902,0.98582023907505356,6.5108975236863538,-3.1790755721473509,0.1840441768143904,0.1027236913745409,0.567741935483871,True,5
-0.35851382068340998,0.92478878138356524,-0.12741095010274334,-0.93068963818759498,-0.34345218613119793,0.12592614189255541,0.072695513955310098,0.16372631330608126,0.98382369181778273,3.10996941589277,-8.4256375147164562,-0.067510598674192707,,0.09961066393396079,0.3650793650793651,False,5
-0.8143683747033611,0.56184243494705344,-0.14538648003089172,-0.57624534508205227,-0.81256254118416549,0.087655113573586796,-0.068887245221977769,0.15516183473102652,0.98548432381678663,-6.8258807807967017,-11.658670182464602,-1.3259907477377486,,0.08986617887524471,0.3333333333333333,False,5
-0.58219356925394405,0.81301734767855705,-0.0073102867985247177,-0.81226495551578926,-0.58121269667797326,0.049167502084715167,0.035725200633235157,0.034562893311212373,0.99876379412034766,-11.374121098182556,-5.9631128453373208,-3.1255454067301978,,0.1711505293939339,0.2857142857142857,False,3
-0.41504599227399375,-0.88191971103822542,-0.22350491623127189,0.88475798838990916,-0.44849445241382019,0.12671238350795921,-0.21199086366524544,-0.14515629313357153,0.96643133449106611,19.011156638998276,-5.0863686856214825,2.1171293159537794,,0.1028660971837232,0.4358974358974359,True,5
-0.97431243461040073,-0.11639828337218203,-0.19278671995643842,0.1015480773853147,-0.99117293193871792,0.085230317207851361,-0.20100564107233221,0.063463837104401094,0.97753213432453756,3.1021875545263438,15.721921194257934,-4.4561444415267957,,0.08033564116863871,0.3076923076923077,False,5
0.14439987243562263,-0.95634907854209938,-0.25405731009410987,0.98235006278972381,0.10769770384534208,0.15293645321985244,-0.11889924717004305,-0.27165721885884025,0.95502111205160201,0.91404950162921006,11.317683171043923,-4.0661976994673239,,0.07814020957388905,0.2222222222222222,False,5
-0.87172622234819186,-0.45256062660373009,-0.18783575942453085,0.43073312156835408,-0.89050289802324567,0.14653861810520286,-0.23358589695127724,0.046834472989882303,0.97120757867987606,-21.675838639461254,-17.688584228238142,-2.9849178834572929,,0.07798443059108207,0.4137931034482759,False,1
-0.70493762089361978,-0.66062594669734953,-0.25814009607008898,0.66812607258582346,-0.74065895825112915,0.070935595390438727,-0.23805566949746715,-0.12246495871302739,0.96349978313828899,2.2659862530715289,4.9437099895137768,-2.6433407821561845,,0.06833816433552248,0.1184210526315789,False,1
-0.66119539062234223,-0.70449777988746243,-0.25788279033973271,0.71009726603702528,-0.69860335889636926,0.087836323383066212,-0.24203827834975256,-0.12504489222814663,0.96217526820280541,-9.6880005933871498,-2.8157239645638055,-3.3869588306562362,,0.1828438999983995,0.2523364485981308,False,4
-0.58682161000867661,-0.7603804952458787,-0.27831978096509108,0.77578979864631692,-0.62643109183648049,0.075724999153921266,-0.23192797662880466,-0.17148058091278534,0.95749873317236378,-5.1054089488740884,20.626068806430318,-6.9146003522190984,,0.8254504739281583,0.6171171171171171,False,1
0.65290102002466122,0.75418106012209263,0.070222408132112279,-0.71973938571972829,0.58884321625613711,0.36774839675097953,0.23599888706208966,-0.29064513624391497,0.92727014946196262,-9.4057051711493713,24.309701194382342,-8.4814442580928233,,0.3622951096155397,0.2222222222222222,False,1
-0.39311670356708361,0.90762347877107896,-0.14723748897626382,-0.91688629304185243,-0.37490685936840795,0.13698311001903768,0.069128742274978755,0.18885038411928839,0.9795696756277612,0.85278668560283455,-4.6050460932351491,-1.1739371483218735,,0.09681584735545054,0.4451612903225807,False,5
-0.74106182178380842,-0.63642059125917483,-0.21400048438212579,0.62873400978879745,-0.76959081800767171,0.11146083515379999,-0.23562877844050106,-0.051950013085699048,0.97045364387539501,4.6633909450746476,-3.9891781976451699,-0.58396865774058149,,0.07075772056454152,0.3333333333333333,False,2
0.58857626740460534,0.80322522733688317,-0.091690848058423646,-0.76624420796043591,0.59041870052322687,0.25352627445601439,0.25777469079633269,-0.078961967060569072,0.96297311309443046,-8.6931897210257727,13.202827722677581,-6.2183920050269315,,0.2164679552322586,0.2653061224489796,False,3
-0.057549232667179359,-0.95389629472006632,-0.29456738573499291,0.98503321331844362,-0.10227250976301534,0.13874401755144752,-0.16247355009034958,-0.28217404676210595,0.94550523682047172,-6.1361052649347165,28.845794670160185,-8.6861813237925745,,0.4815401148806877,0.3809523809523809,False,1
-0.32934386559937956,-0.90156002702552063,-0.28057465292110834,0.92527083189940373,-0.36737757623181899,0.094380104461794262,-0.1881661654714874,-0.22852403407907987,0.95518074730387026,-12.38099909027604,16.19584541892165,-7.4444869867104497,,0.8455819980662285,0.648,False,2
-0.17966305193388885,0.97449012094436005,-0.13449978420669195,-0.97710068252023852,-0.16093272966301714,0.13919379562930953,0.11399756132604077,0.15642781308020726,0.98108862765127325,16.290111027105407,4.8316045654681865,-0.25226209555526785,0.415346178095073,0.4249392341197508,0.8333333333333334,True,5
0.67642859168699954,0.73472150151123594,-0.051270611127784915,-0.69725435850273665,0.66124626523799412,0.27674850723669808,0.23723557890265737,-0.15145194592965228,0.9595736491676089,-12.43216265841852,-8.4737665501088166,-2.8561812010392962,,0.1029321091109107,0.4,False,5
-0.3765791862434687,0.92217901675194902,-0.08817016247357233,-0.92377408953962648,-0.36667346445272775,0.11041739881680358,0.069494949337643067,0.12303020575713763,0.98996667645326109,-1.2505247289486405,1.8721676482862435,-2.6608113256097079,,0.1443741279516073,0.4863102998696219,False,4
0.30074496100572773,-0.90730565950110353,-0.29385184815979976,0.94944646333807048,0.25575234888947135,0.18204985386521888,-0.090021562330880961,-0.33374717418247135,0.93835437977382585,-7.1941695608260012,18.262624753900582,-6.8897680156040879,,0.5139114948897247,0.8045112781954887,True,5
0.56314145400032023,0.82585790510748314,-0.028817067128427937,-0.80141076067735795,0.55431106092864901,0.22467763663234097,0.20152542136649643,-0.10343098328660824,0.97400694876341676,3.7356526636650882,5.8564338681902059,-2.5776470183525215,0.5255062502048171,0.2361427574253442,0.2558139534883721,True,3
-0.95256273619033471,0.25051198210990194,-0.17282355291148763,-0.26813324238314878,-0.95943002139576028,0.08716993962157854,-0.14397499071255782,0.12937457580181011,0.98108787638285455,-15.558575461827331,-17.074944309053109,-1.9352097734320393,,0.1141265435533615,0.4651162790697674,False,3
0.39474707390851893,-0.81988125041254456,-0.41469203375833652,0.91648102047601498,0.31939005158696621,0.24094093478385509,-0.065094444831375373,-0.47516810727282421,0.87748389334668553,2.5856859308456612,13.439231781519782,-4.1742127779236524,,0.3210575607034484,0.303030303030303,False,1
-0.97449742395431305,-0.12248011070559246,-0.18802498022325237,0.097528933662283934,-0.98580238445447443,0.13668125658835295,-0.20209620927940841,0.11485765662514258,0.97260723877085919,-16.733558961425153,-21.252655363605871,-1.4396214990205503,,0.1349184935278636,0.4,False,1
-0.89518659767092179,-0.35931047071689765,-0.26369857979056166,0.38075149992405594,-0.9240730292394177,-0.033426515490951159,-0.23166624841771746,-0.13032659845743857,0.96402579170817426,25.876980971764333,-5.2131002951673118,3.5348817758638891,,0.2570987015836871,0.2105263157894737,False,3
0.97656399791179982,0.13311480308319104,-0.16912482722132974,-0.068918752204721143,0.93782676723877001,0.34019282803289908,0.20389449128670853,-0.3205641961457964,0.92502196329186293,-6.0513971592029359,32.163042236593739,-9.1911585413712409,,0.3516579545121663,0.7333333333333333,False,2
0.77513531315407103,-0.59555185542030942,-0.21091048766471129,0.62987985487569853,0.7544285656637969,0.1846318166845422,0.04915907569623848,-0.27596290840598892,0.95991033876128151,6.0696365842796682,-13.668094491104595,1.3888352446779837,0.1579106733003203,0.1460588262053155,0.4285714285714285,True,5
-0.058310981128079989,0.99407971645074278,-0.091680678559290948,-0.98864541370234282,-0.044762733013965147,0.14344526377139186,0.13849214939917853,0.099004116451447813,0.98540251140357071,-1.9788612364315099,-8.5927778011695093,-0.94975952667947805,,0.1106686496499442,0.2868852459016393,False,4
-0.024924467771675434,-0.93926983236468897,-0.34227321384517917,0.98735292529773122,-0.076750815348660822,0.13872099065869109,-0.15656618987607646,-0.33448691208016618,0.92930378985279249,-11.794321369317462,-17.546160285810902,-1.1600916110358062,,0.1933765388332315,0.2608695652173913,False,1
-0.80332341550114972,0.58606031373427347,-0.10585272208711076,-0.59197953141793436,-0.80521690520220324,0.034437914553406224,-0.06505170627868892,0.090327427962219722,0.99378530441336277,-2.9193398694494173,-9.0646720526586808,-1.0207774105781986,,0.7331561312977775,0.4905660377358491,False,2
-0.97234367724481219,0.10691007257636627,-0.20764876523531778,-0.11734703870358335,-0.99234143750843296,0.038576468360848548,-0.20193426115826826,0.06187655279192586,0.97744250285377487,-6.8008764012602727,-18.477629886955437,-0.067635961581310425,,0.1991604068256038,0.1666666666666667,True,5
0.3535665902660981,0.9319241148161187,-0.080672860813280928,-0.91284728093409739,0.36258057247897535,0.1877369706585354,0.20420702225641138,0.0072644810559535367,0.97890077095493055,29.296142455834101,-2.1680789388544621,3.6123827411882927,0.5792479295316106,0.5622029797224121,0.5081967213114754,True,5
-0.96835270097973669,-0.13506340758892299,-0.2098831161282782,0.1390066056262643,-0.99028304714198678,-0.0040804577494252536,-0.20729257125500694,-0.033126461834144617,0.97771796926763999,-21.07104263986848,-8.8558795234807608,-4.4038723355247749,,0.1588729835132464,0.3333333333333333,False,1
0.072181148085053146,0.99612350904608893,-0.050277595276899456,-0.98408238416560612,0.079334954367709168,0.159021464558743,0.16239379001691456,0.037998943948188008,0.98599408579502257,-25.118686662894707,9.8142772484401366,-8.5231064464836717,,0.2378197233763203,0.2222222222222222,True,5
-0.93366746178922289,0.31095615929085013,-0.17768325130735607,-0.33185503413670792,-0.93772072444114396,0.10272331415847248,-0.13467481989664579,0.15487449742504189,0.97871169551259896,4.9910839565689002,15.573379266035959,-4.1676017806375452,0.1920405682170193,0.164544383407579,0.459016393442623,True,5
