axis_00,axis_01,axis_02,axis_10,axis_11,axis_12,axis_20,axis_21,axis_22,location_x,location_y,location_z,dbh,dbh_approximation,score,reconstructed,number_clusters
0.3985019124604201,-0.81711155947322323,-0.41656323066327589,0.91460239302505286,0.32009077837761046,0.24707156103133893,-0.06854697978930091,-0.47944821719644903,0.87488897500706464,-13.773121612062576,10.654569876461784,-10.188100833891324,,0.4206027115559723,0.2558139534883721,False,3
0.036594680522653709,-0.91056541702626015,-0.41174197098818799,0.98594277406522224,-0.034317416925775113,0.16352113369261023,-0.16302661017766054,-0.41193802472135949,0.89650955832196544,-22.364749534714139,10.120135847749172,-11.828313509045815,,0.2394154040327025,0.3333333333333333,False,1
0.63087603505658696,-0.73650650507541771,-0.24403605547720539,0.77585066187634844,0.59593271702780315,0.20717129927162181,-0.0071539399851968666,-0.32003494302568547,0.94737872911799825,-6.8426682607287912,-16.405012468117008,-3.6113901303738736,,0.09516823794026001,0.3888888888888889,False,4
0.94610481464857932,-0.22989486870624545,-0.22810968642588436,0.28482488815265633,0.92588942348013714,0.24820064177283169,0.15414429210192598,-0.29979513810293335,0.94146822165288113,-8.8976676980917198,-4.9348915065981576,-6.1942431982962525,,0.1436495017107237,0.2083333333333333,True,3
0.020733418872614505,-0.96552461384633237,-0.25948476910744545,0.98422572494744875,-0.02589928614321909,0.17501128343321506,-0.1756981721405268,-0.25902016723445143,0.94975718226940253,-8.993153101480635,19.545326988077722,-10.97737125037812,,0.31687283223549,0.5333333333333333,True,5
0.94873541821699758,-0.19277850232458818,-0.25047465992013668,0.26118673058362474,0.92444879479482833,0.27780553912661121,0.17799606171951191,-0.3289846118648696,0.92740850069883729,-2.8390642916390307,-18.114550722448755,-2.4929897187593495,,0.2049694367454235,0.1739130434782609,False,5
0.97657091641604821,0.055569274129152753,-0.20789733279453074,0.012342238572807945,0.95003094105571384,0.31191165445332025,0.21484160294815502,-0.30716976871032509,0.92708673749175874,-8.1453961443601823,-15.614650049003163,-4.0634176749565771,,0.5609289435968342,0.5084745762711864,False,3
-0.42932553604394064,0.89703029264114753,-0.10495826877726282,-0.90269341568824202,-0.42989514573810145,0.018296473537572661,-0.028708559240710391,0.10260028145650414,0.99430830272675907,-3.9268737439044199,-16.697997561810979,-2.9928581545377053,,0.2058794149228562,0.2608695652173913,False,2
0.69424264637001276,0.70215641093927772,-0.15812502185938992,-0.66340595467061836,0.70947562468236425,0.23777484578721317,0.27914098099119311,-0.060172357095595569,0.95836297934176951,-6.8005947185607889,-13.586029702940472,-4.1251661553944494,,0.2873434038313548,0.3617021276595745,False,5
-0.9500621934967054,0.23113538297183203,-0.20966225990076393,-0.26044566426734667,-0.95739783457200256,0.12472947655299128,-0.1719007982895118,0.17310638663927813,0.96978569511625767,-9.7732902575573046,-7.00842845241396,-5.9706022240890491,,0.1136967783152361,0.5378787878787878,True,4
-0.13908474093978976,0.98590818755868337,-0.092954185179924501,-0.98045049146740604,-0.12390315236338742,0.15285562670617323,0.13918429731486717,0.11239686178522659,0.98386720488173562,19.714241960678155,-7.2300930767987959,-0.097634978315732646,,0.514685169472853,0.9035087719298246,True,5
-0.7575287562482832,-0.53934393945727621,-0.36777479308353189,0.5766443727687135,-0.81693055163029671,0.01028305242598887,-0.30599256659452656,-0.20428555696310147,0.92985803239267073,13.245320166481095,11.757956995885349,-5.1094159221604274,,0.5339482587455656,0.375,False,3
-0.55516759937978188,0.82173646123965483,-0.12860064101014221,-0.83162766993775028,-0.54589431705820712,0.10195495670864649,0.013577746234126137,0.16354993999657449,0.98644161607989678,10.102089530316857,10.711312703469341,-5.4954130008484592,,0.1613822659169179,0.4,False,3
0.9387983154443359,-0.25653853958562778,-0.2298819275762041,0.30446108888065587,0.93011594659875196,0.20539661934976811,0.16112469790967215,-0.26281610222735891,0.9512972869369154,-9.490901221506558,14.065955397844341,-9.9489702273737777,,0.09340987003938798,0.3617021276595745,False,3
0.36993032708309648,-0.88940816475591356,-0.26852312669435174,0.92665917676036835,0.33246432585523444,0.17541448674331522,-0.066740716432995159,-0.31372055797977616,0.94716687456375293,21.173080534182919,-10.436054527413935,0.82263410217608546,,0.09242352797953611,0.3,True,5
0.92484033442093916,-0.3075085578573109,-0.22385004505848016,0.35050081480339729,0.91758265390437055,0.18759331564842083,0.14771436846265582,-0.25195348796619266,0.95639944858377524,-1.9021613339846704,-17.049069468389881,-2.4792977074132749,,0.06841933656296348,0.2222222222222222,False,1
0.87980700587467509,-0.42565432910560086,-0.21156092391436873,0.47324939127405496,0.82601722270258382,0.30615447319522748,0.044436989913546276,-0.36947792885688308,0.92817639164926646,1.5610107803058857,-9.8700103678307887,-3.2052564576121996,,0.6993535234140229,0.1060606060606061,False,2
0.73553758495364741,0.67538422320950842,-0.053297393559575551,-0.61731923371924424,0.70055032953605967,0.35797513805738357,0.27910826716677634,-0.23040266236874637,0.93220876866319602,15.447854709270427,6.4492064318106053,-3.6436786359758524,,0.3287441448988745,0.1818181818181818,False,4
0.98147202737017514,0.026597694154182783,-0.1897504206992921,0.026426440241521531,0.96206331182805349,0.27154341695316203,0.18977434691242936,-0.27152669610945818,0.94353534674321682,0.44375972648898065,-3.9830010365584556,-4.4930797640116324,,0.1494953647167097,0.188034188034188,False,5
-0.63609691363405774,0.76202679517744654,-0.12122656431994316,-0.77148582583287706,-0.6252879151072962,0.11757824526559034,0.013796267763087705,0.16831573501120389,0.98563658431667811,-0.87287859728117212,12.6671503785381,-7.98035055952717,,0.1212512448246953,0.2857142857142857,False,3
0.97280801746192758,-0.078720502220823885,-0.21782480045186864,0.14193794663416434,0.9457995291311605,0.29209051679325854,0.18302508152456096,-0.31506560146321444,0.93125479129374222,2.4391218048241821,15.381101926382279,-7.8893882357635885,,0.3960093429296322,0.7671232876712328,False,4
0.23893814383711984,-0.93251004561656914,-0.2708017323501748,0.96392154974445787,0.19408376104149747,0.18217228010383121,-0.11731926251862317,-0.30455953198704983,0.94524054193518114,0.9562051144034307,5.1542966754516746,-6.2005344666343314,,0.1587381334532816,0.6815068493150684,True,5
-0.091176299116302956,0.98363494260839057,-0.15540007129742064,-0.98402304841219124,-0.065027610784578319,0.16574091235789781,0.15292325746279867,0.1680288948825123,0.97384843164197221,13.810045913016808,4.7174812202567065,-3.6302029404487888,,0.5105690990234437,0.8625,True,5
-0.93678879923629643,-0.20251419042276073,-0.28533269757045543,0.20760424110029654,-0.97813134443843808,0.012631393597915513,-0.28165089153522865,-0.047403330098942535,0.95834529246662592,-1.1706946269570058,11.630296316083694,-7.8407553125834388,,0.1983398823302966,0.1951219512195122,False,5
-0.75716795610977372,0.62596889274779743,-0.18670734198912881,-0.65006635301799631,-0.75013019847006124,0.12131950386128898,-0.06411258000135954,0.21323140166346058,0.97489586440306852,-12.758740657314053,-4.3190399971439328,-7.0714675841456591,,0.1733030536062129,0.6363636363636364,True,3
0.85982110226130182,0.46344973130132727,-0.21429423385356805,-0.43380296592229101,0.88441196349954998,0.17213502135211753,0.26930031352225298,-0.05504384957102755,0.96148193730366982,-23.321423366617299,11.214570192665738,-12.196815992559367,,0.1464689970988929,0.2777777777777778,False,1
-0.045744645864514787,0.99423072737393525,0.097019009066402456,-0.98537125944591752,-0.060870132420591298,0.15918011193948367,0.16416731840624371,-0.088318105304610373,0.98247086666359096,9.9073340275206405,14.564627370036636,-6.3191742256222607,,0.464020186424456,0.2133333333333333,False,4
-0.45660727037342447,-0.83736056820171179,-0.30056127405745153,0.84525429595660884,-0.51371546582416039,0.14711082672585571,-0.27758778036691273,-0.18687883506158165,0.94234883413574488,-13.493768611733854,6.0875261270294834,-9.1890380532671916,,0.1199033172517178,0.2950819672131147,False,3
0.63241472380220165,0.77459950681789103,-0.0068717651056556806,-0.73764516388737045,0.6049046559214275,0.29994994488773552,0.23649784208690272,-0.18462383725310563,0.9539301910549739,-5.2511224111947783,14.417409689666725,-9.1963905473576748,,0.5013577238547424,0.6831683168316832,True,4
0.22546510630339853,0.95875716325588467,-0.17306122542362062,-0.95027222532263433,0.25558667638172078,0.1779273689922746,0.21482128297718731,0.12433886263623889,0.96870618023132304,-15.829729388643653,11.665044958626529,-10.790879732262807,,0.09442505126000726,0.5714285714285714,False,4
-0.28222363632186409,0.94495565364592082,-0.16555552465524934,-0.95383333255635316,-0.2579133503216498,0.15389177180831709,0.10272191979176326,0.20134427324478976,0.97411944381878635,16.196810574837002,8.2290866100592766,-3.8588426863233143,,0.1322335557022508,0.45,True,5
0.36170781691315534,0.93192073418217236,-0.026290690087585694,-0.90110844118748956,0.35670292749463428,0.24650882081055814,0.23910464739225273,-0.065473404662655416,0.96878387727981297,10.538657438094424,-9.5349726958220717,-1.3875449779352027,,0.1938198683242087,0.375,False,5
0.50719190530817704,-0.82566012396746891,-0.24706624795767926,0.86104550742997454,0.47320644533178874,0.18621571961333089,-0.036837553183118474,-0.30718238847055834,0.95093741901820428,-9.7111968444272314,15.48258950346225,-10.260581153161953,,0.1076767096177095,0.3333333333333333,False,4
0.88165494356379492,0.43177399253861548,-0.19040950568914955,-0.38983311719444946,0.89379402685972043,0.22172590802237144,0.26592235939834286,-0.12125781177783959,0.95633772374348469,3.6790855062506695,-6.3467076831760734,-3.4739327724756333,,0.159194818770862,0.5882352941176471,True,5
-0.79256458488171311,0.58745589696810929,-0.16351436606204214,-0.60380608747251874,-0.79351603019973116,0.075832173562334557,-0.085203213099074734,0.15883286477758063,0.98362214978320806,2.9739038812683547,16.100853650795777,-7.9617120074382903,,0.1660486996342131,0.2,False,4
0.047344402634772867,-0.96238797307108137,-0.26752176888487711,0.98588476182283891,0.0019631246077646755,0.16741380632223735,-0.16059185516296182,-0.27167174205263139,0.94889658057419934,-5.1915291781285147,23.680780797890375,-11.035375953081319,,0.1378502485570787,0.5625,False,1
-0.36482927301223572,-0.81791856756343517,-0.44486943971051029,0.89997362700534622,-0.43224671272103815,0.056659068441860069,-0.23863585700436274,-0.37969987645090941,0.89380139380902646,-8.4991397051365443,16.33090135123577,-10.209294858722979,,0.2228413515674181,0.3333333333333333,False,1
0.53184347632429663,-0.81031576394402638,-0.24603024081420952,0.8464189375614356,0.49945926402007446,0.18470361588744677,-0.026786168607313587,-0.30647806820119439,0.95150075926559596,-2.0852374219596861,-10.3245199300331,-3.7962386066982279,,0.187967512227203,0.7707006369426752,True,5
0.9238370896363377,-0.30745800012824265,-0.22802326628965847,0.35347849051437114,0.91382188013762322,0.19995631554272711,0.14689448102615874,-0.26532838057562297,0.95290233597424578,-1.7959425553505703,-9.387122929677556,-3.8421853241004804,,0.07241760478573983,0.296875,False,5
0.6288666591842299,0.75873336359247145,-0.16985407836764166,-0.72964382971716324,0.65136377631764164,0.20819489104416866,0.26860120387320974,-0.0069938453569258485,0.96322607907229474,-6.1949606926773066,12.709447657798778,-9.0926070617134318,,0.6417625402163454,0.7948717948717948,False,1
0.32233574657726333,0.93168150013001561,-0.16753879787667722,-0.91520088896322538,0.35193911498716368,0.19633184199964618,0.24188220132825061,0.090046885884719888,0.96611829452871034,-9.0576870386963417,12.277009616500781,-9.5391272379157765,,0.1194378790772699,0.2826086956521739,True,6
0.59696163502563759,-0.76874557079161421,-0.22949303626862233,0.80223887858607024,0.56948371035144663,0.17916775750483768,-0.0070418742164357895,-0.291064513523417,0.95667751148173996,0.059820875686924291,11.154389795649596,-7.5395966738362601,,0.2662944407540452,0.9105691056910569,True,5
-0.46050485721802292,0.87917527009801144,-0.12241781294687727,-0.8869301648879091,-0.45015045461985242,0.1035347807137577,0.035918784646951432,0.15625432043187945,0.98706353810474456,-0.67902611016371428,-9.1392833772483435,-3.7733680390438642,,0.1536268922753977,0.4666666666666667,True,5
0.97442366049461782,0.06749969204492226,-0.21434159988698129,-0.019962327279048252,0.97605114867724074,0.21662331512430225,0.22383037183964619,-0.20680412650544289,0.95243478406788895,-3.2322929820663582,17.50805417496456,-9.410642749884671,,0.08229336911221828,0.125,False,3
0.18404255561452112,0.97879276459171205,-0.089961445663065659,-0.95651324603403176,0.19941856492293378,0.21287237050758107,0.22629791842682759,0.046871739321156652,0.97292974677963961,-4.7336033089152716,15.767357644741555,-9.4028297206959977,,0.1406331349480689,0.1071428571428571,False,3
0.65881003073514466,-0.69638343944324277,-0.28463915519822225,0.75209533031364528,0.61868533237028034,0.22711467066282798,0.017943174835208464,-0.3637012026087838,0.93134283574726562,8.9137253027327308,-1.5630736974318096,-3.3024268257520486,,0.3845937140606315,0.4117647058823529,False,1
-0.96562577894799007,0.15471429108956147,-0.20887877624053899,-0.18632949584492964,-0.97228481423996838,0.14122166610165546,-0.18124065219829974,0.1752875584033492,0.9676911169684933,11.870984553495038,1.5335736978125603,-3.3711909193913305,,0.1154298635357339,0.6111111111111112,True,5
-0.97570668325030241,0.02247283735932849,-0.21792530794222836,-0.050638411949159627,-0.99092214503914755,0.12453535123121207,-0.21314835091072384,0.13254536601494343,0.96798734829128996,-4.1287595632115348,-14.580025689233791,-3.4183977346918817,,0.6652439338755229,0.509090909090909,False,2
0.98153357462465729,-0.026672400824376878,-0.18942128950782558,0.078017147771274109,0.95994854981596434,0.26909497646716329,0.17465728309514852,-0.27890386289990993,0.94430263619314891,-8.0186604675619506,-12.906116983127768,-4.5090693923596081,,0.1463765717739372,0.3714285714285714,False,4
-0.17428823657169409,0.96941765334024632,-0.17278027660881654,-0.97604243156475023,-0.14686711568367489,0.16053417740757769,0.13024892467079632,0.19662009999755364,0.97178997417088675,-14.184773913208264,12.339610814446173,-10.518138696199873,,0.1105792726435334,0.3571428571428572,False,1
0.95464628778848115,0.23372942954038192,-0.18444787604741086,-0.18441384122550405,0.9505185721000412,0.25001195822870925,0.23375628414254032,-0.20465824649797731,0.9505119682382992,-13.777708588342547,16.550543831534306,-11.322118233776832,,0.3344522124896226,0.8333333333333334,True,7
-0.88865419796829748,0.41778874009807931,-0.18906687991444382,-0.44088571950639149,-0.89179108214513891,0.10162897294440391,-0.12614871687280255,0.17366990082815909,0.97669097813877825,10.291061315975385,12.91603570737767,-5.9097051514541006,,0.09224589620483588,0.35,False,5
0.36577954231511511,0.92144994159168747,-0.13090199220952026,-0.89812413612569242,0.38635409651977337,0.21000844795119283,0.24408679303113509,0.040749444696412451,0.9688968573716763,-7.2664747680345361,-9.1589126695610883,-5.0435474697396785,,0.0960347939277956,0.3333333333333333,False,4
0.66557772409880755,-0.7098401027020752,-0.23050666319948046,0.7460497013747589,0.64124264442089773,0.17949293594659052,0.020399418180047285,-0.29143592704400922,0.9563728165134735,-15.052007838537831,6.5050349108103473,-9.6654570877645796,,0.07211895053106787,0.2258064516129032,False,2
0.17859981608435058,0.98372482405476613,-0.019686955911351056,-0.97007093469218209,0.17939585089478147,0.16364446323408985,0.1645128790097366,-0.010129127314662562,0.98632292552681289,14.185618277606713,9.490689658075274,-4.4761091775634041,,0.5127451247878307,0.5294117647058824,False,2
0.73843287999251295,-0.55726788494600799,-0.37969643947996945,0.67251169685121415,0.64989080269994004,0.35407620954298547,0.049445923434227559,-0.51681181195269787,0.85466990802408949,10.759479916341474,-7.1071281917017552,-1.8627029663512238,,0.6049518019080149,0.225,False,3
-0.96189480282305018,-0.16270856952538204,-0.21973691020174957,0.13605294825064479,-0.98193257379348153,0.13152192135008667,-0.23716657347593326,0.096614398131515011,0.96665282004418307,-3.0730732476641123,-15.254374695561506,-3.0400781696142234,,0.1202061788969305,0.5333333333333333,True,5
0.53385837882864062,-0.79705573727104007,-0.2823072493539186,0.84516142501988178,0.49255365973901999,0.20758867487428467,-0.026408275460912525,-0.34941815058897208,0.93659466100665112,1.759452320681504,2.5548811036604606,-5.4669388524582265,,0.07565508507111923,0.3305084745762712,False,1
0.72108716874414569,-0.60933270123788608,-0.32976803100769969,0.69242604063760216,0.6503252913212183,0.31244710546732229,0.02407225206514467,-0.45364157070325384,0.89085905283069244,1.2204226147733546,-7.7873018053595313,-3.5763653386927929,,0.3523520540793303,0.3088235294117647,True,4
0.26570862601851281,0.94654537376434544,-0.18289554796295704,-0.93844810344296481,0.29738791545947579,0.17571449821506097,0.22071267114431151,0.12494912222174254,0.9673022452431087,6.4430759659337982,4.3899207534079006,-4.966486436387366,,0.3969233964232028,0.6548223350253807,True,6
-0.09487041960201531,-0.94890637377256171,-0.30095896281444273,0.97678814007284986,-0.14705732666495641,0.15575324101661192,-0.19205346364374698,-0.27919677019615374,0.9408318822268279,8.3975302863857166,1.9727408323689941,-4.1214616199801588,,0.2603274138574271,0.3333333333333333,True,5
0.94520391703260509,0.28046976624868913,-0.16711153594718098,-0.23286878200713293,0.9379283574861319,0.2570263149754925,0.22882675890886245,-0.20402721985993041,0.95184621024800697,11.602918115699003,3.2808671288444176,-3.7646941145092359,,0.5752995771759857,0.7729257641921398,True,5
0.93083935267929319,-0.27562964452275612,-0.23992998679584496,0.32972451742917536,0.91656035751276554,0.22627163684865581,0.15754314364545546,-0.2897333430869351,0.94405230140812457,-6.4028260867470568,17.561238944984332,-9.9828159039719484,,0.3130784350824684,0.5172413793103449,True,4
0.66037556949545395,0.7455546342137942,-0.089735135905009963,-0.70579054284903797,0.65703597613971076,0.26488381544178496,0.25644456874423194,-0.11158859018946823,0.96009591692763252,13.55337988742747,-2.8318362126552596,-2.1942027084137421,0.5164669863126821,0.1606897969196538,0.4,True,5
-0.24489620339224677,-0.86360844481339816,-0.44068844279269392,0.94568076168198434,-0.3130007647601678,0.087854528876627494,-0.21380773266803846,-0.3952353416719413,0.89335059083476209,-8.9419495045798971,22.275765565305207,-11.513212905731647,,0.148896274180943,0.2307692307692308,False,4
0.27583331511067327,-0.8689717075094916,-0.41085782677599647,0.95214664608816535,0.18846982235234078,0.24061564871291183,-0.13165388949102216,-0.45756671383582509,0.87937475274843424,-8.5283163558166848,14.860880201862324,-9.9116868297396028,,0.4080568894101562,0.5656565656565656,True,4
0.8031679840592264,-0.48468843073721424,-0.34640772868360692,0.59054905934624302,0.72441244770218938,0.35563803806593919,0.078568428058005957,-0.49020784441257137,0.86805718209624527,-15.274154781490044,-11.490163891517286,-6.3043049366339305,,0.4001270203358703,0.3888888888888889,False,1
0.1099839593782866,0.98580807985232555,-0.12683043159016416,-0.97473617537770874,0.13193620053694438,0.18022826470316106,0.19440400481860687,0.10380399166576915,0.97541366313207889,-17.047755327018471,6.457030010529424,-10.007502855768221,,0.08668409319219912,0.3448275862068966,False,2
0.91824338951815765,0.33690851433054564,-0.20813872916348283,-0.29978785920493256,0.93478445953611045,0.19053937567627688,0.25875918743018334,-0.11256405812410226,0.95936073285240564,6.7997914456570596,-6.3331397672862177,-2.7674302306613532,,0.09319242302591582,0.3783783783783784,False,5
0.30203451992167868,0.94481825259700758,-0.12686062562993128,-0.92814412346987818,0.32181737711802899,0.18703492148046302,0.21753996148756638,0.061253941460192474,0.97412746589528953,-3.1781040429827012,-3.2783578564606408,-5.3752619459555486,,0.2239714132278572,0.2919463087248322,False,5
0.46485910092159,-0.84977073112567958,-0.24858745103584723,0.88404286004801069,0.43003259004166533,0.18313981844533528,-0.048726151997715628,-0.30489617253121692,0.95113831070318589,-14.435244906064973,-8.7642562050595814,-6.5939193666448972,,0.06179804811360878,0.1481481481481481,False,1
-0.79528581543044674,0.57600458912494235,-0.18904810256158591,-0.60222258274311946,-0.78644505060844538,0.13723025616709417,-0.069630687267439345,0.222986312764901,0.97233156469908832,-5.0644212028321798,19.805774614385619,-10.220773881771031,,0.302368401745795,0.6612903225806451,True,5
0.97589441867310378,0.047243404606069662,-0.21306840292242607,0.055835418458236315,0.88975001692416633,0.45302021304687978,0.21097983232593517,-0.45399666089595198,0.86566422026502132,11.518774551628542,21.671322325137488,-7.4328302654885876,,0.2484394850119319,0.3333333333333333,False,3
-0.17905220517709994,-0.94404880471709796,-0.27696960507145457,0.96319412567507678,-0.22557486232449478,0.14619527267429117,-0.20049285295551772,-0.24059891063657168,0.94969193958580733,10.645792930477059,19.416969899294482,-7.1466167268090874,,0.3438055872371867,0.8529411764705882,True,5
0.38628921009913098,-0.89265884281074581,-0.23225166632937205,0.91948307368813798,0.35273708705117168,0.17357253417424248,-0.073017281255904509,-0.28060067314679532,0.95704322727218627,5.3929729569129314,7.5273297246153854,-5.7561395115776106,,0.07731924434442011,0.3333333333333333,False,5
-0.73050788283223589,-0.63300904329942154,-0.25623774940690713,0.62378182327402654,-0.77122791324484785,0.12690052318619374,-0.27794688354593361,-0.067134617993624232,0.95824760526387665,-8.9075723348750238,4.8693803118872978,-8.1016640134863227,,0.2498742159412302,0.7702596380802518,True,5
0.73119388013766728,-0.6360074529389933,-0.24667798737479124,0.68056964240677065,0.70486777098744857,0.19996596524785573,0.046695518880763107,-0.314095439682337,0.94824236526703243,-13.914847018880268,-14.017971695932431,-5.5423036295452652,,0.1508617520819759,0.3653846153846154,False,1
0.73669572904299518,0.66342398341103648,-0.13095045263321298,-0.61840405436317458,0.7393019831574239,0.26647514564530767,0.27359793193114268,-0.11533081086393634,0.95490469456824278,5.7218717740448293,-9.6834664657479816,-2.3934780831785032,,0.09340446904731182,0.25,False,1
-0.91863807145329079,0.34287863212875463,-0.19631183689755632,-0.36896294541289165,-0.92219627269887217,0.11584636175793703,-0.14131680221694107,0.17885267191132914,0.97367411548287353,-9.5148236611743791,-5.9821783935251345,-6.1884014807900343,,0.0790007418138827,0.2972972972972973,False,4
-0.04102673943665925,0.98616233027144551,-0.16062585409823985,-0.98463928480713603,-0.012598558284634593,0.17414578703959518,0.16971236096904616,0.16530315992969172,0.97153104935023604,-1.6748215664641131,16.55995950150313,-8.9317245601137838,,0.1088187477356143,0.2857142857142857,False,5
-0.95141947595122089,-0.20788928216091876,-0.22711897134172618,0.18336259053720921,-0.97513574838844019,0.12445253153874394,-0.24734417553722515,0.076761439392029368,0.96588226003497746,-15.587576253431614,-7.6210931408979405,-7.064114269634362,,0.8572435451914643,0.9021956087824351,True,2
0.91976270290368922,0.34321444905509663,-0.19036914746646258,-0.29688010259343411,0.925670306231129,0.2345137284810446,0.25670756714871745,-0.15918016874527932,0.95329056370385434,-2.7208573837731862,9.3047077651114343,-7.7383896069128113,,0.2653299237798271,0.7303921568627451,True,5
0.97287479765970619,-0.079527207531047778,-0.21723271240975847,0.1257644962436798,0.96998152302311136,0.20813249741051931,0.19415952091813735,-0.22980702394852956,0.9536722771375713,16.269208691015148,-5.4693787342945122,-1.1309511833607508,,0.226953472332061,0.5853658536585366,True,5
0.501945369303745,0.84372649534561461,-0.19020107067609882,-0.82430019998605597,0.53325838553646621,0.1901701200451596,0.26187788478120094,0.061327769459265047,0.96315049610934433,-3.3060095566579313,-8.3390472317417643,-4.377914902448401,,0.225759307013632,0.8248175182481752,True,5
0.94888340598129028,0.24129657223039369,-0.20346067453738936,-0.19884350294438169,0.957626344517579,0.20835797470389245,0.2451153671032372,-0.15725059146395162,0.95665600311401555,-0.59710767904063555,-11.096873813394206,-3.3126241682882496,,0.08405962841808616,0.375,False,5
-0.95877841166751776,-0.16897249596602304,-0.22845623853886113,0.14446748001880141,-0.98218722642591838,0.12015573004555184,-0.24468981290059849,0.08219822292954175,0.96611093959746475,11.581824857130778,9.5381217567423828,-4.9633682825750736,,0.1357314207197892,0.3142857142857143,True,5
0.78440012397760939,-0.56643999521879707,-0.25270967001766964,0.61418011336002054,0.76621104217458813,0.18895350539961686,0.086598116936700997,-0.30342440684008914,0.94891221694989092,-12.838384202699853,7.1844681013820164,-9.3474800793397534,,0.2822983723137582,0.3365384615384616,True,5
-0.39097915867052518,0.90135602964126893,-0.18625951066889765,-0.91775768800174884,-0.36646877152265023,0.15304073187346212,0.069685892395616886,0.23077683447003217,0.97050807779895287,-2.2710784157101052,12.197660977837719,-8.1408003707325438,,0.08293265095133281,0.2888888888888889,False,5
0.41699270933792115,-0.85694390473114679,-0.30292610403059406,0.90713779671557726,0.37158360440977567,0.19755162035236834,-0.056728283325224782,-0.35717330398277747,0.93231385959503887,19.881483806988363,-11.662994692806087,0.83967467470019452,,0.1293110040622693,0.3125,True,5
0.80634799440208316,-0.53780950280027362,-0.24609723814269241,0.58590160425461146,0.78317791724098462,0.20821061471007302,0.08076027523238874,-0.31207897821512476,0.94661739330132366,-17.319914155112485,12.270772811142619,-11.23550656403761,,0.1732806489152096,0.4583333333333333,False,2
-0.69077372923283997,0.69365150745238668,-0.20415494412525595,-0.72058810782250582,-0.68377090279428565,0.11493533554424279,-0.059870141694633366,0.22650593524435197,0.97216800370745859,21.032810915636794,-15.355340086126963,1.7941141720946694,,0.4001247860680703,0.4848484848484849,True,4
-0.90884112774501247,-0.33181035290209288,-0.25280366735109477,0.32423437014921408,-0.94320664688930334,0.072341512824793494,-0.26244976230341088,-0.016220695756528014,0.96480931343766452,-12.763083287465237,5.7033845547621151,-9.0186266523342624,,0.07540977489342497,0.2357723577235772,False,3
-0.061927534487517172,-0.92304559696510424,-0.37967328902048336,0.98425067374197539,-0.11958527870876556,0.13019205949140641,-0.16557654335914979,-0.3656312172660876,0.91591387217890419,8.5335073663845069,3.935533056790653,-4.4700724531539464,,0.2564665532174339,0.36,True,5
-0.29438124278974415,0.94971450242708388,-0.10668668039283175,-0.94745297957103936,-0.27539702559599005,0.16275542938667473,0.12518999718637625,0.1489927587923594,0.98088155372191432,3.099940059170323,-7.7454942310158916,-3.2349673771876479,,0.2761982068565523,0.7426470588235294,True,4
-0.26283890240810981,0.96482965668453302,-0.0044096443058179446,-0.95899121379047203,-0.26074047894914776,0.11113169894338919,0.10607338617002485,0.033438543918249575,0.99379590486530456,11.437110398008972,4.9222866209845133,-4.1053719267856899,0.5185568225187253,0.2602096447957685,0.1538461538461539,True,6
-0.97304497512254517,-0.080342479782207515,-0.21616790310129522,0.073463255224537435,-0.99650798285434572,0.039686146693491908,-0.21860152451568099,0.022736007785194943,0.97554930548353691,15.320519329752397,-8.152285158312452,-0.77859648767326106,,0.09988947668409676,0.35,False,7
0.088201019725706889,-0.93016837358300686,-0.35638094352152222,0.98614745524052505,0.031083813415711394,0.16293248008354502,-0.14047696124981848,-0.36581497143977337,0.92002479859432884,4.6240189716586793,-11.462382635190689,-2.1815166411145674,,0.2468571046609097,0.2972972972972973,False,3
0.52458140523667518,-0.76715125832830067,-0.36917921951976318,0.85114395058168046,0.48234953577381706,0.20710601325648226,0.01919178647562983,-0.4228686228417633,0.9059877499987431,12.302679568207404,-0.35897636772495845,-2.9198335791111334,,0.465297718283318,0.2702702702702703,True,2
-0.96783675842791872,0.13279398317951488,-0.213676781768768,-0.1665453671499206,-0.97477803799379359,0.14856115685423676,-0.18855940633295676,0.17936982654919892,0.9655422391625722,1.3175798604253623,-6.3118232897632716,-3.8465494624116361,,0.1015635076010388,0.3414634146341464,False,5
-0.94761862169541622,-0.2301040256380277,-0.22151994312308426,0.20082158251381452,-0.96853685863464467,0.14699335176388834,-0.24837399182025449,0.094807651860537329,0.96401341761199766,-11.495777046677013,-4.6901287074826348,-6.7909890301452212,,0.07586451343151823,0.303921568627451,False,2
-0.0055142968159704077,0.99099297142018017,-0.13380031063651596,-0.98564344062352061,0.017193164169386699,0.16796250492795661,0.16875011255242084,0.132805593638398,0.97667091377387627,16.337674941107831,-6.9086139108344895,-0.82685479514930948,,0.09007709049613677,0.3846153846153846,False,5
0.80989658573500556,0.56656883060006402,-0.15187916449354008,-0.51734441971421496,0.8119805470576491,0.27026346884202057,0.27644578456786389,-0.14031162244246126,0.950731495640184,-1.7123284002742232,19.248031313975904,-9.475030946739933,,0.1902487701194914,0.2380952380952381,False,5
0.1767441746797874,-0.92721846333995006,-0.33019300107401428,0.97599070654315556,0.1217166274252201,0.18063001785313348,-0.12729350909670895,-0.35419060384167922,0.92646930801409388,-7.3542502333232136,-5.2850917606992907,-5.8174697931051096,,0.09125108964608053,0.3383838383838384,False,5
0.63279569276158842,0.76637268104443468,-0.11064594421463039,-0.71832315668291591,0.63436225348255693,0.28565079017853851,0.28910457242228593,-0.10127904573650828,0.95192494509768444,2.4420952375811513,6.0994565314995279,-6.0410995666557055,,0.2242503197253627,0.2745098039215687,False,5
0.56158575745627515,0.82004401615764799,-0.11022362989078019,-0.78073773789964196,0.56929177054666946,0.25759554461828482,0.27398909036969749,-0.058606241577806056,0.95994546032913364,-5.5488470193002524,17.205175003083333,-9.804329236939278,,0.1241965512208653,0.3043478260869565,False,4
0.97447534158737148,-0.018120779668488129,-0.22376202980484128,0.091355287666462948,0.94248413364156658,0.32152429029434859,0.20506589198000325,-0.33375933721487533,0.92008297711039821,0.33778471646851316,12.601436784580386,-7.7758068763817159,,0.1719974387416018,0.2666666666666667,False,5
0.91029058811000141,0.35937486896260962,-0.20547688131868913,-0.32144031581542215,0.92638142804661738,0.196197790861139,0.26085852212804789,-0.11254844880502181,0.95879386632620556,-6.1908140296615919,-2.8939421031601915,-6.0601668981427075,,0.07866350388156489,0.3586206896551724,False,4
0.95881751062902854,-0.15990145131663541,-0.23473497220905815,0.21856219957489209,0.94318687333592488,0.25025804059767653,0.18138232060523066,-0.29125598334392522,0.93929250286490917,-7.2457656854291974,-18.682878846857427,-3.3122315005805709,,0.1332833755654225,0.4166666666666667,False,5
-0.89112615128521744,0.42512328310728253,-0.1586328359945765,-0.42678289035840555,-0.90400331147820379,-0.025186848428650599,-0.15411212474338926,0.045257120948288682,0.98701633522984356,6.1313449732759029,-7.1598115360495296,-2.7262316326670959,,0.3753201545223065,0.4347826086956522,False,2
0.21660550223882116,0.97609704859055069,-0.01779348568115055,-0.9509913293214951,0.2150840700834368,0.2221583542243683,0.22067520919941308,-0.031199271292138814,0.9748482228099079,-10.947163704137092,-7.8060644917236832,-6.0377528167659609,,0.334516451017824,0.186046511627907,False,3
-0.16840090552992196,0.98196358048953347,-0.085957324346899844,-0.97598614863303002,-0.15387927778780758,0.15418237754026173,0.13817442850675116,0.10985760993066744,0.98429626274163717,-4.5050066326038438,7.3710453817463764,-7.7176368594794775,,0.1675844594679932,0.2555555555555555,True,2
0.92470500297311276,-0.22487504707678549,-0.3071674961298958,0.35089970497121875,0.81637468872977459,0.45869572120576341,0.14761454714088185,-0.53194321201005779,0.83381434664367304,12.909274487238262,7.8332333977487556,-4.3967882212198743,,0.3935550505928069,0.375,False,1
-0.15662068998644943,0.984442799125546,-0.079638776472450989,-0.97914030963713683,-0.14419674014439338,0.14314871349552044,0.12943806824833551,0.10039758653269935,0.98649182009104808,7.961234126935091,0.34192030181535682,-3.8709605885924221,0.3036257071142469,0.1929682360984422,0.1785714285714286,True,4
-0.74346573066730404,-0.62664763721489636,-0.23360532120720012,0.61153457097535979,-0.7784038352648911,0.14182008936286325,-0.27071050187481516,-0.037419353520542764,0.96193327011637864,7.9904528950288709,8.6280698939242768,-5.4825430218184144,,0.08744462200520708,0.1612903225806452,False,5
0.94257926810527415,-0.2482198060181571,-0.22345301796671579,0.29262109461853858,0.93628202755094136,0.19429065821429961,0.16098825523116014,-0.24852141313256296,0.95515437961212313,6.6642673977315354,0.48277291999934391,-4.1190615523024556,,0.09780741203270407,0.65,False,5
-0.26661217217320138,-0.9110301937441877,-0.31455037074452041,0.93764444222934928,-0.32069482398866339,0.13408105691443822,-0.22302656703966889,-0.25918876509854388,0.93972354149568482,4.7645008155102708,0.72083209523670144,-4.6257933055515794,,0.06811446065049544,0.1702127659574468,False,1
-0.012033996116751777,-0.95950851848274266,-0.28142243317922239,0.98433878215804904,-0.060870134951658939,0.16544482044045661,-0.17587593603750939,-0.27502405282087361,0.94521395752121151,15.308107878444304,-6.7177999186185549,-1.0667336340627169,,0.08264902037550156,0.3870967741935484,False,5
0.88893310570968143,0.44494545511184458,-0.10872660920241314,-0.3786392657197995,0.84741169634682412,0.3721904396270394,0.25774064489038573,-0.28968423994051051,0.92176613145720243,-2.3433885415925482,13.076079821219015,-8.3698494924440325,,0.6961410054778564,0.2692307692307692,False,2
-0.58239160588725358,-0.74679959334491641,-0.3211080577810741,0.76738055253025816,-0.63540351107416004,0.085962001564561408,-0.2682295751598282,-0.19634853066549113,0.94313315577127321,3.9885193204862199,1.6704908954700013,-4.9260952845755703,,0.1237103163246922,0.2892561983471074,False,5
0.52847172797353437,0.84101363198997459,-0.11581754417919132,-0.82487958862634958,0.5409428108627955,0.16417837751507613,0.20072692146369303,0.008771897336961848,0.97960796077656431,9.6183492964832702,7.3103521496112212,-4.926807135718696,1.233547246657881,0.6609964849707166,0.5151515151515151,True,2
0.9206187411765554,-0.31485066356861968,-0.23093330865186038,0.37655021827370055,0.87236320810368362,0.3117569025139279,0.10330085436492739,-0.37396723492500006,0.92167100458353701,-3.9847595860181686,-12.297103423032931,-3.8060896602812657,,0.2586882103874529,0.1875,False,3
0.54559177978432616,0.81159402643108991,-0.20891325016174384,-0.79624486291496777,0.57976180978734515,0.17283044348038645,0.2613880795164466,0.072051232976779636,0.96254085197108907,-20.73637186566668,11.853704368668545,-11.839029886727726,,0.0825741377335943,0.2941176470588235,False,1
0.50442337020741823,0.84492979013223501,-0.17790647356318687,-0.82451773378622806,0.53251719397099329,0.19130066596142228,0.25637388763408403,0.050190515761034157,0.96527371344454871,-10.213198004507053,4.2965327615392095,-8.3028912061895692,,0.2591626435784247,0.7077562326869806,True,5
-0.024645854371850923,0.98728854715329417,-0.15701562508941869,-0.98593827841550652,0.0019627097048954528,0.16709835105614596,0.16528246433711652,0.15892599671090213,0.97335719782210361,-0.36540109011368749,-14.588235589060259,-2.6167084448568994,,0.09452612699042337,0.3666666666666666,False,5
0.026102204748986942,0.99376911865769513,-0.10835872696535159,-0.98485746784880823,0.044148427769218776,0.1676504826952227,0.17138973986116277,0.10234185423283927,0.97987330912853654,-2.9238869804920102,19.123593283420703,-9.6812171519628993,,0.1366956719158771,0.3529411764705883,True,5
-0.58646800260417087,0.8094147739212616,-0.030050052902918623,-0.80885630950681475,-0.5833097480710796,0.074170131294684097,0.042505911265272922,0.067804583644821698,0.99679274974503196,-12.760831290341345,18.825578443960246,-11.555788895700093,,0.5603444312624536,0.6944444444444444,False,3
-0.52103833645658582,-0.77400616828558011,-0.35976868040232213,0.81226771633878858,-0.57912328232427779,0.069551282257944935,-0.26218354055188769,-0.25598960003451154,0.93044565437098348,-6.0674265721672311,-6.6839240699848457,-5.3562890378267509,,0.1388029504841644,0.3230769230769231,False,2
-0.96109435996273662,0.21857855828014672,-0.16888174888954743,-0.21368746353295207,-0.97577849509382164,-0.046840115726709292,-0.17502942374547453,-0.0089298584877257545,0.98452270590917201,-2.4166484378308457,-14.343675827497869,-3.0490596359665294,,0.3179723464483188,0.1851851851851852,False,3
0.15139795578228246,-0.95934627202513489,-0.23818771869351513,0.97915322676571315,0.11254025115971554,0.16909657117516949,-0.13541645948420389,-0.25882314854043331,0.95638536180787437,9.558401411812774,-7.1072138010959538,-2.057970594431108,,0.3255031007966971,0.9162303664921466,True,5
0.82741768705903451,0.53879557688714763,-0.15836444509018707,-0.49672584765944172,0.83371227355628852,0.24122039132008055,0.26199886146486623,-0.120926305030996,0.9574619707030998,-13.689207053591181,14.044924085051143,-10.788876226707037,,0.2087220988499822,0.3571428571428572,False,3
-0.48860765700924169,-0.8376466110878138,-0.24415305127120607,0.83276169000640854,-0.53121352893947482,0.15594920432416626,-0.26032772647109681,-0.12712333225954442,0.95711500522435622,-9.1177117392776292,-8.3469632235637174,-5.5768253123207749,,0.07525705945749203,0.2388059701492537,False,4
-0.58660673167567368,0.79418908422093781,-0.15860719043313923,-0.80983740503960755,-0.57341449516032106,0.12393221590349303,0.0074779510228511897,0.20114550764146816,0.97953282997771818,5.0518488618956514,-18.772204936088514,-0.70471184997227365,,0.1324513975034265,0.3076923076923077,True,4
-0.085600826724652218,-0.93531557656052888,-0.34330346736859857,0.97373007920420096,-0.15150873103185264,0.16998481483385203,-0.21100291779271024,-0.3197340717914875,0.92371418307753583,-10.985930342823861,11.925931733846397,-9.8682328635556189,,0.1746722139764304,0.3703703703703703,False,4
-0.11601288914800338,0.98921713592760185,-0.089389415138073747,-0.98227768800168169,-0.1009272202473645,0.15793745555507749,0.14721261225046303,0.10612800855727844,0.98339477962518296,-10.787286713432332,-12.684754025596051,-5.1554668081887662,,0.2758704100188711,0.4354838709677419,False,3
0.94205956656498291,0.26544384652681735,-0.20509348450022849,-0.22210319808620094,0.95177422395941913,0.21165064612783158,0.25138405367739575,-0.15383559714024003,0.95558394011684156,-6.5817427241866042,19.024656538452245,-10.457837269556222,,0.09926390523859704,0.3043478260869565,False,2
-0.61147399986003192,0.79097729089553603,-0.021318367262317534,-0.79118069282175152,-0.61157944530442498,0.0019218187281745958,-0.011517760253880377,0.01804182276515176,0.99977089066947911,-5.1959162776747032,-12.932066801320456,-3.8933025594707864,,0.4605914340970518,0.2380952380952381,False,5
0.51297836547106912,0.84209343863600505,-0.16652878779604738,-0.81894299926175507,0.53824236551686133,0.19906662182037527,0.2572655447563727,0.034260714659855779,0.96573321518533484,-10.023606362660242,9.3841450036299499,-9.1814955647502252,,0.4876492999349125,0.8740740740740741,True,5
-0.048741238444354962,0.98629003528918557,-0.15765867551190477,-0.98588169926711333,-0.022191306048411706,0.16596632485554183,0.16019228047911688,0.16352220713139629,0.97344692770062025,12.477529864761278,-1.646842390926035,-2.6285348202858247,,0.1032276035339987,0.4761904761904762,False,5
