axis_00,axis_01,axis_02,axis_10,axis_11,axis_12,axis_20,axis_21,axis_22,location_x,location_y,location_z,dbh,dbh_approximation,score,reconstructed,number_clusters
0.1646458594546556,0.97676482447485624,-0.13719409110104314,-0.97923807240229443,0.17854545896242099,0.095991232108651695,0.11825624094430032,0.11854111840413008,0.98588207445171749,4.10014150868097,-0.23842817138624331,0.32976868666538534,,0.07652525800253467,0.2142857142857143,False,6
0.30992816269260909,-0.90628821147878624,-0.28737816845502695,0.95074535034643448,0.29375012065676842,0.098965374797292172,-0.0052737808655803631,-0.30389561423080169,0.95269073832312712,8.7162431595948089,4.0517126601837781,1.4733840895318806,,0.09464948437332395,0.1521739130434783,False,5
0.013890927880991024,0.98137823249472911,-0.19158237629836161,-0.99482143604081064,0.032857359358559837,0.096180581874316953,0.10068442042493385,0.18925421718287913,0.97675252175880833,3.2257915344033705,11.084844727534886,-0.86152535520691587,,0.0950774421011443,0.3720930232558139,False,5
0.56793628061913948,-0.76767229189099084,-0.29686298762110963,0.8200897275062452,0.55846771874020729,0.12476636551507404,0.070008713709297496,-0.31431363220188491,0.94673423969814641,3.8240109531529916,-6.3285863969815361,0.93144702588786021,,0.07829213764282598,0.3870967741935484,False,5
0.69348660117359739,-0.58952855493940737,-0.41416472194496146,0.71211004921778931,0.64818097901978455,0.26974190671824128,0.10943313847153671,-0.4819932586126171,0.86931403235899829,9.2143876378359479,-3.962455617386941,2.3362353751925773,,0.09968203154458415,0.2592592592592592,False,3
0.17223426259057339,0.98111506075434818,-0.088026111755959868,-0.97494341805793394,0.18255582177524718,0.12711688920625949,0.14078597364579207,0.063926594598457481,0.98797403818503771,-8.8224458674674402,-12.525782778924698,-1.655591553106128,,0.1268789131562611,0.2,False,2
0.30526392067566649,0.9343016625888193,-0.1841041607826629,-0.9379182669529752,0.32842759443893499,0.11155554547839355,0.16469141826351463,0.13862077223426011,0.97655569132309594,6.9257719936305255,-13.612963377275101,2.6329386766853018,0.2195337371857676,0.2201404766733022,0.45,True,5
-0.10227229858354379,-0.94824625088068337,-0.30061507718869918,0.98830861486930255,-0.13121063343846848,0.077652118115328739,-0.11307722457488778,-0.28915880993565624,0.95057915184325192,12.523466909351818,12.961465477908886,1.7972827884483196,,0.07310119374618879,0.2173913043478261,False,4
-0.0070865512674895687,-0.94357395475406181,-0.33108605029646315,0.99649816225598464,-0.034249034683379614,0.076278543796410747,-0.083313824852646989,-0.32938608885779552,0.94051241940518049,-17.88462364385915,18.648529294694406,-6.8549927474405106,0.5338728075530388,0.2314128153071636,0.5333333333333333,True,5
0.63877014029830448,-0.71647345383767824,-0.28042556554136361,0.7641467158766756,0.63328087854004378,0.12261780250209187,0.089735748050463332,-0.29261086586362345,0.95201175239613778,0.84678193348658914,9.1017720262510284,-1.3364216239781848,0.1734010360306278,0.09521999275052996,0.4728915662650602,True,3
0.11374234602428576,-0.90604365779271101,-0.40761203232301191,0.99129285068648199,0.076101261625833597,0.10745735040854257,-0.066341260907217717,-0.41628534462861039,0.90681053641247444,-20.562863100409999,6.1943769499185333,-6.3404359219543851,0.4648404900675513,0.3544019366597303,0.6333333333333333,True,5
-0.91531912047981467,0.32910008157279552,-0.23212936908723747,-0.3432274756528923,-0.93899120489999255,0.022145362435613367,-0.21067939538788061,0.099943251043983314,0.97243279404273386,10.995532530253104,-9.7215278164058994,3.4369779311589541,,0.1124354406935174,0.2083333333333333,False,5
0.85963450215824611,-0.42802535277194131,-0.27896741760212618,0.4817228108195622,0.86094381263523878,0.16345912339541818,0.17021062315626528,-0.27490007069761457,0.94628658180025027,-0.58023247427315328,10.52683868777293,-1.912608290143716,,0.08975629296311823,0.4229249011857708,False,5
-0.020767696984366139,0.99788588973455461,-0.061582902096630421,-0.99331430206826699,-0.013597877533838839,0.1146376684742314,0.11355791504161487,0.063551937777319933,0.99149672270570355,6.514057026659331,16.20146773875074,-0.2747105299336039,,0.4319993887645014,0.6153846153846154,False,2
0.20081632401074523,-0.86501204521988684,-0.45981188070266288,0.97928446435374683,0.16481252177801248,0.11763830388341709,-0.025975794236296638,-0.47391032304612313,0.88018990213709725,1.9821032121501121,-4.4038356936396461,0.015162951007651439,,0.1521676945731836,0.1904761904761905,False,3
0.87657886546879482,-0.40676639134129194,-0.25719758064301962,0.44835536255381803,0.88445627274895533,0.12928484236080739,0.17489128475334076,-0.22864427495611456,0.957671568987572,4.7026855479511438,17.130830783623274,-0.84186828393525082,0.4395030081367334,0.3872991412959631,0.8879310344827587,True,5
-0.61409992833989102,-0.72720286274302737,-0.30668758441007482,0.75429150471870632,-0.65512732206888691,0.043040885074994956,-0.23221887072787806,-0.2049004350829807,0.95083658311019703,2.4566590702164626,13.508812837309627,-1.2759201772050326,,0.5397392174805709,0.4545454545454545,False,3
-0.85261610630754014,-0.44696515360077899,-0.27068048827279972,0.44808157648348917,-0.89188655101666536,0.061329282823686181,-0.26882833943064888,-0.068996605584831533,0.9607136890545126,10.452793834888357,3.6011649193022586,1.9782936004114076,,0.0698980358759461,0.2962962962962963,False,2
0.87464610153444078,0.47346466036697521,-0.10404524234288229,-0.40913991982985753,0.83611462180809537,0.36539959660667787,0.25999754435806116,-0.27702627056344331,0.92501768758520919,-7.1096175362409602,6.7916059378627081,-3.212912514708913,,0.1634421142407913,0.2,False,2
-0.61478448895562965,0.75917781796834882,-0.21375002419738579,-0.78412352117476447,-0.61748384537097767,0.062161115227769251,-0.084795847068444369,0.20582211108306131,0.97490867413786919,-6.6078000572525957,9.8982328873864418,-3.4330905909457998,,0.09321866482278371,0.4666666666666667,False,5
0.78024666614146176,0.61293710588058714,-0.12459231200143907,-0.57371796187025026,0.78068311832314607,0.24775304032986953,0.24912414616528056,-0.12182763643762382,0.96077842752501563,15.196082290979176,-10.90130124855513,4.8904686855477504,,0.2013258902492129,0.2,True,4
-0.11590796183487988,-0.96042086973709928,-0.25329251342413661,0.98608956047011831,-0.14185321016512453,0.086631665675411723,-0.11913321583475935,-0.23972780343398098,0.96350290977536024,7.2053899959120642,7.9164826511078452,0.61931026126708177,,0.07184867517195605,0.5072463768115942,False,3
0.71738764485961226,-0.6380735801041002,-0.27967315454994668,0.68716744382488448,0.71417104390755359,0.13326899185921795,0.11469904598537843,-0.28778781492122757,0.95080087422809645,2.7725402063462066,-3.5003299236714507,0.18860848794838944,0.5732285121667832,0.667132787820097,0.6450980392156863,True,5
0.87226132176391935,-0.38361267316309422,-0.30331749626970839,0.44318026776420261,0.88228719872825589,0.15862077173149725,0.20676420584595676,-0.27278309322410577,0.93959456534825658,-18.105324539160108,11.288739072998702,-6.3056103578716014,,0.1194905723650486,0.2857142857142857,False,2
-0.90558528180107656,-0.28727254971397476,-0.31207335606567821,0.3351927280367677,-0.93552946545447069,-0.11149194741209355,-0.2599252439770583,-0.2055701861829759,0.94349338423550289,14.701287387266376,10.706013825287807,2.5997571646564972,,0.4020509381622784,0.1333333333333333,False,3
0.95605745898863814,-0.10118444528781939,-0.27516511978080327,0.16395837428661009,0.9625953762500874,0.21570302066323283,0.24304688151358672,-0.25134010753110503,0.93688652660435456,10.881875740056598,-8.2660122818811814,3.2879516291458395,,0.1743785734973847,0.4444444444444444,False,3
0.91819547831249482,0.35343370446464084,-0.17889013431402581,-0.30076687395595608,0.91590775112538225,0.26580496413575028,0.25779129375766613,-0.19025668970327009,0.9472835060771948,-8.4177131012341171,0.82210061790598021,-2.9602563653836422,,0.2480799213242803,0.3870967741935484,False,1
0.1578794748809835,-0.88154697825931294,-0.44491459465067806,0.9847300693216019,0.10708603004139072,0.13725623025511605,-0.073353677380046486,-0.45979072118937619,0.88499250320156697,-15.458472254318929,-11.780213120650236,-3.289154376920759,,0.3566303140611121,0.5,False,5
-0.95563221544886778,0.19405064703862154,-0.22161095455816626,-0.19412068904730931,-0.98073802286565237,-0.021681526453857236,-0.22154960365590187,0.022299706039850341,0.97489409487925904,7.8457385632993741,3.2591515681752767,1.2500205546602565,,0.0716726381080369,0.2352941176470588,False,2
-0.00048144344284174745,0.97963610811637147,-0.20078063623472059,-0.99582655626949901,0.017854509482093481,0.089502437506376042,0.091264659319148622,0.19998577990887681,0.97553905600626611,16.2808208111881,-4.6425762354608739,4.5569443047945288,,0.1206808563308982,0.3043478260869565,False,5
0.2837232399230864,-0.82545935541964544,-0.48797333500687334,0.95874553255555117,0.23488221673170162,0.16011667017513859,-0.017553544722334169,-0.51327107537185979,0.8580470128462051,5.842846639002377,7.5921976236845508,0.23844915543107315,,0.4511728238528561,0.2068965517241379,True,3
0.96336190429878876,0.16118699532839953,-0.21436556132647194,-0.088708201222044342,0.94576920778007478,0.31249233694764145,0.25311004796680869,-0.28202722945143355,0.92541663345013847,16.09254439608215,-8.3686408126283016,4.8007205367064287,,0.2181935586147483,0.2857142857142857,False,5
-0.97042511224502792,0.015630069521820646,-0.24089583319553215,0.0059521067157227332,-0.99604912631666109,-0.088604234602317283,-0.2413289745344957,-0.087417612015891225,0.96649805336563921,11.311715824947836,-21.423202713309589,4.817379206922169,,0.2993563332445106,0.3809523809523809,False,4
0.27831122985327672,0.96016365714106955,0.025072112855572731,-0.94716659213426613,0.27002396355395281,0.17309681063316423,0.15943119544906043,-0.071922253942014375,0.98458564041203822,-12.174753849392115,5.8233977581427157,-4.3653264834329555,,0.1651522811426716,0.2285714285714286,False,4
-0.11983100538246955,0.97018424857753194,-0.21067286004864597,-0.99096534814225867,-0.10401155397390839,0.084671573867649938,0.060234615714875539,0.21891578392610833,0.97388278073785595,-7.4297946306375007,-9.6257895739298984,-1.6227246383874245,0.4045138947890343,0.4587880866379356,0.8243243243243243,True,5
0.88463747774036627,-0.31690001002990592,-0.34203934952020987,0.41484736427828278,0.8698168532161803,0.26705861943113401,0.21288071149947915,-0.37814418613030032,0.90093772102589209,13.930733774788086,-7.0447892151296809,4.1377564007890566,,0.3048473452719446,0.2857142857142857,False,7
0.88025371805620478,0.4444584778573798,-0.16616273140788443,-0.39873074022058946,0.88268678171723303,0.24875257221748392,0.25722983623866141,-0.1527111876791441,0.95420757935904965,-25.619090144036502,-9.3118346165938028,-6.1372859279046574,,0.1417717940884355,0.1764705882352941,False,1
0.54849438887370827,-0.70247275408381971,-0.45352611296809592,0.83393636440460306,0.49905985465187547,0.2355618848593321,0.060860870004377413,-0.50741628988902376,0.8595491046226319,9.3974723345810833,-8.9932400480084702,2.8388185084745396,0.6151268426061395,0.4685949662188513,0.391304347826087,True,4
-0.96335310029230414,-0.10394623301584165,-0.24727714168321874,0.095016751404547128,-0.99432700705363408,0.047808158260792585,-0.25084381816128692,0.022560666780458288,0.96776463833139137,-4.1646047352604221,1.9267199563011237,-2.0995657241075771,,0.08433601724229076,0.2711864406779661,False,5
0.44786869786109396,-0.79569407581714557,-0.40778004755714459,0.89245960365913701,0.42545391595964732,0.15001606990978628,0.054124719978810638,-0.43111472151168806,0.90067231087844357,-19.15803969762807,1.9951973702852064,-5.5654968539132632,,0.4907301128285489,0.1923076923076923,False,2
-0.17376486210030903,-0.85153071060403907,-0.49467284299569164,0.97579454029571966,-0.21660798263681863,0.03009978383763226,-0.13278097690680346,-0.47746877463996262,0.86855787453426914,-2.7203404931117223,13.571913851592102,-2.8792664350223243,,0.08568799437510594,0.4444444444444444,False,1
0.36452458050107928,0.90710686189078982,-0.21042569073465142,-0.9146900841833856,0.39115776526230589,0.10167424733721461,0.17453905037871223,0.15541153041406433,0.97230827215819537,-8.1537045763732152,-1.4171740043028982,-2.6646987099199069,0.1790830055681424,0.1441423660167536,0.5588235294117647,True,5
-0.72503418281269061,-0.61338591133952558,-0.31318230716838835,0.64300084479187269,-0.76578285783514122,0.01124847735397537,-0.24672929973976157,-0.19322095749691476,0.94962640771721585,15.124791279998858,6.9008309249613449,3.030626509601229,0.2834984098727573,0.238472704537382,0.5185185185185185,True,5
-0.27926063932980238,0.94891437725494154,-0.14688430807943725,-0.96012922309930449,-0.27390057085918912,0.055949550791180434,0.012859637313491865,0.15665242392594941,0.98757007235248317,6.5435438119908858,4.2791330730619288,0.77552993420281979,,0.09216420979061557,0.3805970149253731,False,5
-0.97079211919401331,-0.024374636651210018,-0.23868082955888409,0.028980418258961301,-0.99945500303099055,-0.015806083444589489,-0.23816548168937338,-0.022261491514342716,0.97096942759657712,-3.3104114257007198,-18.675745304036692,0.41070135427805493,,0.09127587120496577,0.5517241379310345,False,8
0.95761731968382136,-0.15524285117243289,-0.2426287827143063,0.19316331867160771,0.97096410802765698,0.14112630244509861,0.21367499002303267,-0.18201197235871167,0.95979927097114781,6.7730502255158305,10.918028480110845,0.25805584037879831,0.6124570657069763,0.4629990188559159,0.6461538461538462,True,6
0.10229443161595583,-0.86176500619280727,-0.49688723405001989,0.99372690896953086,0.065832322051243106,0.090404290623856909,-0.045196013654192027,-0.50301807072395732,0.86309335582827773,-0.79248460442883284,-20.005527879991721,1.2471033476594322,0.90644155149494,0.3540399305443484,0.3333333333333333,True,3
-0.48727716222872869,0.86001238554442394,-0.15145845595576818,-0.87221316012137873,-0.48776236465308609,0.036497656624874975,-0.042487297882950803,0.14988853304445293,0.98778958142935824,-12.126631447148055,-8.7180831813954942,-2.8826917235467042,,0.06790942238033856,0.1666666666666667,False,1
0.9544078599596002,-0.13727380193672709,-0.26506893471165921,0.20033441078396366,0.95286285815432725,0.22785630868117263,0.22129564094934118,-0.27057028079928502,0.93692046751312785,7.0172519280402028,-7.9070313967258921,2.0868721978017541,,0.2096211240922887,0.6666666666666666,False,5
0.58615513573031797,0.77949201071398444,-0.22093972501576442,-0.77978733880081585,0.61678437959391275,0.10727877392519483,0.21989511841537912,0.10940399591432236,0.9693693323883652,-3.6676893954434817,-9.8595888824943607,-0.68053061514438695,,0.08568037988353698,0.3863636363636364,False,5
0.87890892502384876,0.46304266813425926,-0.11450148034208654,-0.40777738958867499,0.85394460879676704,0.32325872864809546,0.24746050604827641,-0.23742386694273832,0.93935786862744075,9.7482777106984635,-6.1683956169531209,2.659170152621452,,0.2320653629679931,0.3181818181818182,False,5
0.94616042193349981,0.22253826763604451,-0.23506844833829149,-0.19998886273051886,0.97289828219884633,0.11607492097041976,0.25452880141621992,-0.062814424554267279,0.96502302424218922,-4.838224352870804,0.24621031388385006,-2.0819060532269011,,0.1020722659324809,0.4872727272727272,True,5
0.93915172354807597,-0.24072515649492907,-0.24504170907657638,0.2742662186549209,0.95499308388275894,0.11298783580911992,0.20681412297376783,-0.17331938370127392,0.96290617911196374,11.407924420133847,11.10619378101511,1.6452799285254591,,0.07882192700061146,0.5,False,4
-0.83231351343581539,-0.37389361304169144,-0.40921605721031973,0.46438440442373563,-0.87343653117678766,-0.14647781720749969,-0.30265713320545085,-0.31194902168862693,0.90060339083714758,8.992006146193102,2.141471509410469,1.7534730477563241,0.7367113490518887,0.283406764091544,0.1428571428571428,True,3
0.81775167670120852,-0.46742324819124181,-0.33585369181045288,0.55642727741840137,0.79125214939770905,0.25359164224841962,0.14721032639426895,-0.39425314599106748,0.90713481725653033,2.5709378178425046,-23.908002992448338,2.5937675808341778,,0.2517461695076375,0.2285714285714286,False,3
0.66802567710708016,0.71102800783149711,-0.21950140501782645,-0.7068865626126708,0.69850812249162786,0.11134536546647938,0.23249318769217714,0.080781030523222816,0.96923750586960689,8.7454917560827994,5.6195996559529764,1.3567235140830873,,0.08118990360825211,0.4166666666666667,False,5
-0.75632308230638301,0.63813321645858812,-0.14408814393554653,-0.64376215640276035,-0.76516525483897802,-0.009613468202023176,-0.11638591475879721,0.085487606349810133,0.98951815951317412,8.0421388083762597,13.426360996095303,0.4102483126757418,,0.3292234624442441,0.24,False,6
0.40720735051835238,-0.78791186437601946,-0.46192755672218588,0.91314814682263423,0.36146555561805993,0.18842270047984039,0.01851041972004247,-0.49853540102708033,0.86667169002140343,5.3255250651579109,5.1458149953304559,0.30315611690349459,0.2770568661075318,0.1062986674993359,0.2531645569620253,True,5
-0.069692255474410089,-0.94008154960117629,-0.33375090955133024,0.99160434170981604,-0.10181339502849959,0.079717388912409787,-0.10892115969420851,-0.32539316632686277,0.93928455128286181,-13.868621146027042,1.4076094539795618,-4.2923372843282062,0.3837211169160201,0.3561565150159675,0.5929203539823009,True,5
0.12477316423769265,0.99057266054229409,0.05654610218463349,-0.98885667397058563,0.11948804999085089,0.088797996898663342,0.081204284554110093,-0.066995597583312583,0.99444328851599684,13.408007704441028,-4.3973357416754109,3.681228317370167,,0.3405461331242079,0.5882352941176471,False,3
0.94511753900114992,-0.17776141861156697,-0.27414177997089856,0.24523735561605595,0.94037380905404266,0.23570264880911806,0.21589691262927641,-0.289996512562468,0.93235752038515396,8.1047960514865753,-14.594682617718211,3.1486085485315338,,0.3200128572601712,0.3428571428571429,False,5
0.96205326922187751,-0.09166859945916174,-0.25700267518586684,0.14932994122016877,0.96519033644670393,0.21472816090368221,0.22837266875586795,-0.24495812357032065,0.94225338516888801,-4.1431683455107073,-3.4747964539972105,-1.6290962159759725,,0.06987450317212889,0.2784810126582278,False,5
0.95649817235910461,0.20367238974234231,-0.20887509169437957,-0.14291678396635152,0.95129714300294099,0.2731456362000993,0.25433450244590738,-0.23141154545762249,0.93902218157746786,-15.122719960904268,18.93969389897487,-6.2304747429395064,,0.3320211922837425,0.3333333333333333,False,3
-0.81902018247237984,-0.49656204349915067,-0.28745795807188212,0.50557499647183268,-0.86146624053858867,0.047642831095719373,-0.2712929480200591,-0.10631111592047536,0.95660759090983982,-9.5531060220406268,-5.7886109264402776,-2.5923941378232116,,0.102478405624567,0.1956521739130435,False,5
0.011894696411932599,0.9943870797241946,-0.10513254431837912,-0.99236685834296468,0.024645714761822941,0.12083297234775307,0.12274581320673203,0.10289278119220444,0.98708993557768132,-8.025176242292055,12.706369139472503,-4.028598249076329,,0.2785133682349811,0.4651162790697674,False,4
0.4771819133720312,0.87762717980800065,-0.045474771168878381,-0.85336800173618432,0.47510911433006781,0.21455624692208208,0.20990587215082435,-0.06357564583040512,0.9756524289386298,-1.3980139110643888,1.3925581716555588,-1.4202782724497625,,0.5693044419069939,0.342473578977435,False,5
0.099186446594313971,0.99087135445212682,-0.091301740061195236,-0.98837604772388565,0.10872771794962549,0.10625945433315249,0.11521647928011836,0.079700955299641441,0.99013782910593828,-16.967982520693521,6.1097650833834773,-5.4378369975533634,0.3485246992116973,0.4211706538401872,0.4411764705882353,True,5
0.80551703479274428,-0.44575752144404074,-0.39043890525249925,0.57346270873711924,0.75238172924171753,0.32413308253112449,0.14927433921002781,-0.48499687172115702,0.86168161525826981,9.5817433990269176,-5.1488402616870639,2.5096285472155144,,0.1091476310236466,0.3333333333333333,False,5
0.34277535157103262,0.91804253133099689,-0.19925603886138687,-0.92391718883505569,0.36782050967382868,0.10528580549348676,0.16994730515804712,0.14800670028975199,0.97427507929683654,-9.8299597063077488,-1.3033723005861608,-3.0438464223842474,,0.08441689761671174,0.2535211267605634,False,5
0.95791497466714026,-0.12930048139588823,-0.25628165525304941,0.17995881423801674,0.96607696822116862,0.18522990215038512,0.22363748900061076,-0.2235546398162781,0.94868835585249767,-22.078856072385484,-11.377513968662374,-5.0116826745299443,,0.3106979693129148,0.4347826086956522,False,3
0.16117235905553137,0.97309946608301412,-0.16462350921247335,-0.97831235351230417,0.17951759768788922,0.10333620413769183,0.13010922197020652,0.1443982729443935,0.98092850357657846,2.5978849992996391,5.7180171544088623,-0.575515604580495,,0.1044058795500347,0.4739336492890995,False,5
-0.81794891780044832,0.55488512555626501,-0.15186199427600033,-0.55321805945463198,-0.83108555805401996,-0.056978714335180883,-0.15782695131797753,0.037407120050157214,0.98675800519034396,11.957931451434954,3.5891578430833153,2.4879739213722454,,0.2006385436199915,0.3461538461538461,False,3
0.12105317564697489,-0.94604359347508182,-0.30057885472956236,0.99101739095193953,0.097842075207242585,0.091167204355236564,-0.056838890705148512,-0.30891495199147134,0.94938974764820072,12.061794063936521,4.6489383685918808,2.3585078068766467,0.1654838865161321,0.1716982011346436,0.5106382978723404,True,5
-0.9063335657456647,-0.33780314105549519,-0.25386710203527935,0.33527589158862375,-0.94054005888591852,0.05453873990409891,-0.25719553674627238,-0.035685228371341055,0.96570027459553065,3.0663124331505816,9.9246056317578208,-0.80549477483434528,,0.08361130533511937,0.3577981651376147,False,5
-0.97011962369646909,0.010745595000167692,-0.24238904246502846,-0.0097308905800910818,-0.99993816413015457,-0.0053830924694241306,-0.24243189865927151,-0.0028635823907207057,0.97016419971484857,14.347043452101094,3.2735859498170168,3.1221321330748761,,0.09501696598710269,0.391304347826087,False,1
-0.96827513658450803,-0.047358075679929619,-0.24535784589074472,0.058941905095275075,-0.99745641884462755,-0.040081720639096499,-0.24283556513820612,-0.053271992393236704,0.96860362539609735,6.9233577085578837,5.9124532113428359,0.73685897794156452,0.7173996193038358,0.1753989291189214,0.1666666666666667,True,5
-0.37686464660106056,-0.86273989419314312,-0.33712447717402766,0.91180566833930399,-0.40960173043030446,0.028928283959041221,-0.16304435386290589,-0.2964899617122036,0.94101553721355913,-16.277552940232251,-16.548553229473871,-3.0582593104880234,0.8838666319099084,0.789760542287787,0.8916666666666667,True,5
-0.18316579137037547,0.97609173777621994,-0.11702654535045427,-0.98222899987005541,-0.17674758847762356,0.063138591856439469,0.040944898167335458,0.12651169674122037,0.99111972329367115,5.2517463341681676,-1.6922563145218088,0.86403600305241823,,0.09321532879537683,0.3488372093023256,False,9
0.51539011095850917,0.83782521852238434,-0.18006092506175403,-0.82738805168441987,0.54121660415326456,0.15004532421461172,0.22316371895098708,0.071648381675564782,0.97214426087244776,6.5669752785519195,-5.0075200153771382,1.6602339744741972,0.2524632517071853,0.1811392264025004,0.2605042016806723,True,5
-0.28527584259873578,0.95272788832486155,-0.10453355651479693,-0.95831431224814867,-0.2817310592822333,0.047553014374159125,0.015854733360721476,0.1137417295620286,0.99338383638264394,16.050833173969185,9.7773623815582376,3.0094331642352863,,0.1024003862991149,0.1818181818181818,False,2
-0.48070812662145251,-0.83506135027868145,-0.26756725934022862,0.85516380953260829,-0.51393374481460441,0.067579322329514913,-0.19394472373790694,-0.19632790736822062,0.9611663731751362,3.4639213037717376,-23.265349894192369,2.7976262558403233,0.6774237371016048,0.6201931887048728,0.9516129032258065,True,5
0.79695304505533282,0.57640427677665385,-0.18062102228316135,-0.55483045820371368,0.81675096918004142,0.15836987400676727,0.23880746769414246,-0.02599930878013304,0.97071882093449979,-16.553318894100308,-5.9351203042956087,-4.2240619098337122,,0.1639423392061496,0.3333333333333333,False,3
-0.48937645630595256,0.8660348365245516,-0.10244191495341512,-0.86705938105678793,-0.49577209347584361,-0.049173784194428999,-0.093374052792244769,0.064758731121556917,0.99352281957118549,-12.74543752044649,-6.0281987343468542,-3.2799418302683296,,0.7105250527374596,0.6333333333333333,False,2
0.19666140294741838,-0.84830478496743167,-0.49163328242920212,0.98026838315010345,0.15991130074428894,0.1161992809381803,-0.019954688347195181,-0.50478447648043623,0.86301474073003948,-14.149558968301289,14.323175673854379,-5.5918431976410892,,0.4215527158068101,0.1333333333333333,False,5
0.38357019669828668,0.90503060398229407,-0.18383011195199095,-0.90622191422723464,0.4071940931747991,0.11381921040790653,0.17786440447476828,0.12293321902153578,0.97634608478850315,0.21827252146912443,14.668155053050773,-2.0325724811721697,,0.07152514586161475,0.2413793103448276,False,5
-0.96802689442819778,0.092557406055070679,-0.23314600199887056,-0.088972549358582967,-0.99569806954200746,-0.02586966893787937,-0.23453745356410594,-0.0042989411112202142,0.97209757842563749,6.1239239365086346,2.0447997845288586,0.76601608074643923,,0.07031101541540748,0.1884057971014493,False,2
-0.96016777712452306,-0.12369524085319951,-0.25055404040250839,0.12142559945642389,-0.99229666208697609,0.02455927946203515,-0.25166180395205184,-0.0068426457832613738,0.96779104905464208,8.183375565551712,-13.268795719528866,2.97427596491133,,0.345221602456731,0.647887323943662,False,5
0.58200573546667911,0.79339556786608445,-0.1783053470155741,-0.78218964196789664,0.60615901315465981,0.14405073678917266,0.22237060930353303,0.055630240533573988,0.97337381742892237,-0.50644466737493898,-10.599026772932804,0.1703953150382706,0.3273777596078932,0.1986371259967993,0.2727272727272727,True,5
0.94964769829830387,0.18414818573342151,-0.25349298768964501,-0.15035336280121905,0.97765057803168864,0.14694629484498492,0.27488745953771371,-0.10143368752733767,0.95611092014656318,-2.9829701673117355,16.655604714476617,-3.0665093368421177,,0.2056000052769896,0.3809523809523809,False,4
-0.82278458368244112,0.5239294085801427,-0.22028051134717391,-0.5481273836909818,-0.83395724937069959,0.063809697304832783,-0.15027275236246149,0.17324341559469766,0.97334722419622277,13.629148759935825,5.4550263195423581,2.70787740853932,,0.09712987714212828,0.1363636363636364,False,2
0.93265001615548226,0.31322732811283316,-0.17903236659462957,-0.25353562240952376,0.92206345042104376,0.29243577340512689,0.25667807762758726,-0.22734914629471317,0.93937677752032567,1.4055352253119859,21.825316631808931,-2.2567330237522403,,0.4564178436036341,0.4117647058823529,False,4
-0.68350636769016782,-0.6362175107698167,-0.35783561074444969,0.6880289290031909,-0.72526189673366293,-0.02472597826201052,-0.24379343342616319,-0.26310161560915907,0.93345717720853982,7.3263604901744133,-27.360742092962013,4.3805061096154692,,0.2037548040871403,0.4782608695652174,False,4
0.90793844354623121,-0.30803000616565479,-0.28419236096776512,0.36377092626119367,0.91595733207184749,0.1693897252813619,0.20813095862441724,-0.25717636191028309,0.94368523509519386,-11.4831061835316,-0.30932923748549679,-3.5380871354180763,,0.149409105663191,0.1724137931034483,False,3
-0.81631150790605744,-0.4499019312223802,-0.36224822200048368,0.51962387820148981,-0.84586832374554666,-0.12040682740917448,-0.25224303213960636,-0.28652230483205299,0.92427183315880934,-22.51062018752172,-9.9931830541848736,-5.2493557333419947,,0.2056972459803392,0.1304347826086956,False,1
0.74523678519018299,0.65104891137774878,-0.14407445642184369,-0.61704567842700242,0.75523645137872819,0.22107133066824075,0.25273853037074095,-0.075849967058097489,0.96455690229416968,-1.0661100194713422,-7.009421246574199,-0.45832720234478447,,0.1310871025246689,0.1710526315789474,False,5
-0.74581258439739806,0.630107487948256,-0.21616693222140312,-0.65005182908466419,-0.75931935817631535,0.029440309142245366,-0.14558917699525864,0.16247666272498018,0.97591245796515791,11.365827787451014,13.281648527979133,1.4067299840921317,,0.1134465131258686,0.1666666666666667,False,8
0.26241545136627908,0.95731661081746866,-0.12117358432095666,-0.95417721937047306,0.27614635930710013,0.11527802165142709,0.14381920914351104,0.085370339664253003,0.9859147732877046,-7.1404121996868444,2.8068923923664819,-2.8266148282911643,,0.3444393852077562,0.4708520179372198,False,5
0.70750911164367203,-0.58523004048272753,-0.39615231497211745,0.69755394767704237,0.66822450775468567,0.25863970560643296,0.11335496028562889,-0.4593275595395877,0.88100445289796936,-24.076748174027308,-18.448864665044322,-4.8470439855782335,,0.2150239917192999,0.5882352941176471,False,2
-0.51608007724353888,-0.79568119412972993,-0.31710060104104365,0.831816984581914,-0.55387899107243388,0.036035640824545884,-0.20430824269558029,-0.24517238946682127,0.94770704408576312,-2.2604367849157381,20.543929720727228,-3.1790026640632951,,0.07199719191171763,0.1111111111111111,False,2
0.52755765084271711,0.84560328367708304,-0.081473993837602399,-0.82762007533480875,0.53322466517618983,0.1752611404463251,0.19164533894702537,-0.02503084262017452,0.98114500507193381,-6.6401534272729803,0.79619361995877247,-2.5135713735502141,,0.4167612047216645,0.2702702702702703,False,5
0.61130801337411422,-0.63740353995969234,-0.46906208547637551,0.78719873902935922,0.55068959654677085,0.27759523325471797,0.081367426253878494,-0.53894127277654991,0.83840422615991872,-23.292006150393362,-18.72452913645666,-4.593968821120729,,0.146343139004343,0.5384615384615384,False,1
0.11174035175802442,-0.95860647828673207,-0.26189256113089965,0.99195934848805589,0.091838766363163862,0.08707635695206821,-0.059420070145909228,-0.26951671706890701,0.96116075371617948,2.0238576888199966,-5.4726257039278918,0.1858306467576262,,0.07407770407802972,0.2198581560283688,False,5
-0.2719480388492681,-0.91391580395203309,-0.30133397991721278,0.94976535537378559,-0.30530417263930698,0.068812294691691034,-0.15488716505167516,-0.26748320593214536,0.95103243932397896,11.458054644945776,5.9793473925870266,2.101788381147323,,0.07450180840831115,0.4871794871794872,False,5
-0.95703724627082765,-0.048461766962051372,-0.28588663206464793,0.059720354739617509,-0.99774018472350212,-0.030789657641584534,-0.28374845987269393,-0.046540100245138862,0.95776867279580991,13.519193862440217,7.1064790384576861,2.5785042018246207,,0.147210139822875,0.2592592592592592,False,3
0.78192581276824258,0.59295807152396174,-0.19233499094368517,-0.57046407644407815,0.80504288834834126,0.16271657999898242,0.25132202612092747,-0.017512091090003568,0.96774509342704884,-4.9549475370167348,-6.2537102177964465,-1.4568858423112629,,0.1772497782884437,0.3656716417910448,False,2
0.9241299982419009,-0.2813860723202235,-0.2584678406564751,0.32611312496591194,0.93337850545401158,0.14984924184460274,0.19908283721705045,-0.22276993482207758,0.95432676797047655,-6.3962844792893483,5.1369778172950857,-2.8819349348299514,0.3332521618793429,0.3841199713409947,0.7035928143712575,True,5
-0.15355088150695551,-0.90401524696899982,-0.39897187875339668,0.97978919779797946,-0.19167431984979666,0.05721960318377959,-0.12820005720290553,-0.38212221651939593,0.91517613440008128,0.90804651641452716,2.9306982578101017,-0.79584278689439447,,0.07492398588931,0.2837837837837838,False,3
-0.45064678885329562,-0.85424411222349883,-0.25919966903470354,0.87329089114753855,-0.48207617242128209,0.070466895932663628,-0.18514991529825692,-0.19460102958394909,0.96324968110553555,4.7248468503288015,-4.726472616507734,1.013593952582668,,0.08134415134179449,0.303030303030303,False,5
0.64669516880280942,0.75864219906305974,-0.079040321658453316,-0.72886726904638144,0.64518383695262949,0.22910766169631619,0.22480627829305971,-0.090552914562971709,0.97018673816135825,6.1128723525539987,9.3257890241995476,0.18581560583339887,0.6848804661115891,0.3122108942938359,0.22,True,5
0.95921635661176108,0.15336705858990479,-0.23745005063789615,-0.12761667420686015,0.98449475035215539,0.1203497860132169,0.25222602100663388,-0.085138897505944194,0.96391566148633212,12.614097230643198,-9.065291601093092,3.9049895600432412,,0.08567197209288287,0.2692307692307692,False,5
-0.92614975073941519,0.33928739410788267,-0.16471400488362239,-0.31770336229529089,-0.93717932792391545,-0.14408150782923501,-0.20325159972700535,-0.081110859393555362,0.9757611468473486,-10.265236356591689,-12.695784370003068,-1.9719762205773268,,0.4817516325099483,0.3783783783783784,False,1
-0.19184142192667519,0.97836637752633371,-0.077434489467880785,-0.98048369546488434,-0.18760322927678902,0.058794143351570752,0.042995252769066315,0.087202406451430403,0.99526235161810683,-15.193889235882827,11.195551583385983,-5.5320997673630679,0.4378345154568415,0.2797971186340205,0.3333333333333333,True,5
0.26997604910092354,-0.9029197805604563,-0.33443804027728702,0.96286447174878487,0.2523649796590301,0.095937094419364405,-0.0022230510089568667,-0.34791922469785125,0.93752187768065298,1.7177425690077375,-1.9022219670401261,-0.2241503265070994,,0.1138218605573893,0.2689075630252101,False,5
0.70564433897848045,0.68732798161951547,-0.17218104585136085,-0.65617391912002332,0.72558427209221221,0.20727578719928949,0.26739830727641911,-0.033282274190014866,0.96301112947382317,8.6589215951500336,-3.3908063544475264,2.1033928002496021,0.9700725671852075,0.2255562960889125,0.2439024390243902,True,5
0.88893257533400405,-0.37830377233704032,-0.25823464590488393,0.42124356636112209,0.89660567623309417,0.13657276136169746,0.1798686584967456,-0.2301836596767049,0.95638002306009129,-1.1371569841515539,-18.459858818871798,0.98020003735329841,,0.08370224427172654,0.1666666666666667,False,5
0.78008415173227896,0.5902513099371326,-0.20753820692496755,-0.57607808340940725,0.80701308820563222,0.12986114615293234,0.24413676091788328,0.018255590439868574,0.96956896370821244,-5.2334656250880043,-11.475148362112321,-0.88527999980062744,0.6831173042289658,0.3236866055304312,0.5882352941176471,True,3
-0.053803584582357428,0.97905755785647786,-0.19634528945253299,-0.99549391973279622,-0.037215849858772784,0.087217178894543418,0.078083481358880463,0.20015313867985968,0.97664819204024467,-13.608488980904525,-2.0264564087164527,-3.8744122739060054,0.5045425819530579,0.562501888240635,0.6578947368421053,True,4
0.015456149659584757,0.99335700622607903,-0.11403054686908498,-0.99530487501553644,0.02618296977427461,0.093180780551072054,0.095547439568039433,0.11205494310989361,0.98909775882701834,-6.0998330464719874,-6.3940900845608901,-1.6696186765815881,,0.1680005613960814,0.4,False,4
0.04039059082798583,0.99371393019281729,-0.10440893215290747,-0.99406631432351678,0.050526142170571789,0.096328976349891543,0.10099882622993712,0.099898618099067749,0.98985832481323877,-18.843070902651796,-17.338106599296776,-3.577369317267582,,0.3756498822036876,0.40625,False,1
0.96466699186605964,-0.09697888085396468,-0.2449748792680618,0.12964392360746582,0.98416094034815249,0.12091193722996421,0.22936880318768404,-0.14839925930190409,0.96196029645869319,-2.2294368466746337,14.880714709571603,-2.819257382448789,0.3241834429866283,0.2962991185255873,0.7650273224043715,True,5
-0.69184174442802227,-0.65594287501174275,-0.30181773537703216,0.68224321589650694,-0.73072413280580095,0.024216442728079088,-0.23643010601440601,-0.18915915641739184,0.95305803522843124,-0.11004207494076695,2.766236325837899,-1.0888501444908092,,0.07032464976500141,0.25,False,5
0.73176611469080277,0.66469602110555548,-0.15065707058339034,-0.63722603301388125,0.74566498955883453,0.1947478015167674,0.2417877917507783,-0.04650723462715442,0.96921398095963107,4.6950564504313324,-35.934792911672716,4.6163213911781558,,0.1174852687652505,0.1666666666666667,False,1
0.58137818357841997,0.79337099552266177,-0.18044908179993238,-0.78405220072621673,0.60554752170024984,0.13628773055217744,0.21739722674273992,0.062246786471812005,0.97409639326839703,-2.5757665377044021,-19.70568851843008,0.69757319862915645,,0.2670107737202212,0.6,True,5
0.22568215156152391,0.96334962941931779,-0.14500019987649537,-0.96473469915939991,0.24169851743822779,0.10425347431133396,0.13547887918189569,0.11635857581555786,0.98392385636785518,5.2343915924657827,-28.080325840980525,3.916194789457569,,0.1349374627211336,0.4545454545454545,False,3
0.29141010478669888,0.95404846826876777,-0.069797356842678682,-0.93981328314704082,0.29914214202802036,0.16512108188619917,0.17841284608622301,0.017478531314353007,0.98380046619957862,0.94136714271599053,14.122212347455454,-1.7612242491891141,,0.3456872921219498,0.2,False,3
0.966851619633742,0.073086271941206607,-0.24465555882780654,-0.0079395443487161217,0.9663020297615923,0.25728845857162347,0.25521541733826564,-0.24681730922356973,0.93485095422772724,15.055902888272797,-1.8377494835975996,3.8578675703296401,,0.2508819159039445,0.16,False,4
0.76340748244283629,0.60873813685040179,-0.21597892604185245,-0.58241527960960249,0.79331328890501951,0.17733151926256535,0.27928741079318115,-0.0095867820775512036,0.96015969285418279,3.2419312033006542,-14.669503578902871,1.6452790840481932,0.3117516841329939,0.3254906378719324,0.7914438502673797,True,5
-0.54867382932256781,0.80917454966748581,-0.21022268475816386,-0.83322883968250061,-0.54985183359075684,0.058246560570005095,-0.068459694257734294,0.20712196712879871,0.97591688221632544,6.3058967484860391,2.9697695107020148,0.78762364852628419,,0.09759766512945463,0.4201680672268908,True,5
-0.79243362942979489,-0.50912644650093131,-0.33591547213853834,0.55619921352045898,-0.82920626426261335,-0.055311899143529783,-0.25038246309984619,-0.23066693040177072,0.94026665866182835,12.51250994914208,8.8496656832776122,2.1495171906621939,,0.09867158918217805,0.3529411764705883,False,5
0.45649413904899439,0.86913128576637544,-0.19032579729507385,-0.86834710663989967,0.4818243667826792,0.11755246473207603,0.19387213158170319,0.11160684421915303,0.97465763677273376,3.5047157844476433,-10.468788467394551,1.3792812622665365,,0.08834208754606648,0.2121212121212121,False,1
-0.97062031496683099,0.036156256936998643,-0.23788427702981077,-0.048402233535137701,-0.99777553365592087,0.045838937885300052,-0.23569774704587235,0.056006334659109216,0.97021124633532874,-3.9145585751993983,3.2719230572361431,-2.1577772423854942,,0.08437642961949218,0.1818181818181818,False,5
0.22081576348284948,0.94974743756227265,-0.22185626752783463,-0.96472752232166381,0.2461194689167652,0.093413139842484977,0.14332203693985293,0.19340375349001176,0.97059455070765011,3.8506025371778931,-4.1703173532555384,0.65118074156987105,,0.07305877251849913,0.3157894736842105,False,5
0.90133913202174398,0.37309296462618136,-0.21997592784833378,-0.34800402303406069,0.92621347158177247,0.14498898238331498,0.25783903707235101,-0.054131735672222653,0.9646702991979772,-1.0485688466010794,-9.2130954360333579,-0.12188392427410152,,0.09335247358768149,0.3536585365853658,False,5
0.97038972748043018,0.030987050672568517,-0.23954869962300795,0.0016755690549085549,0.99084964744773762,0.13495987781944055,0.24153875314077589,-0.13136505944623086,0.96145839841767966,7.9281169030027252,-11.950254382501164,2.725397061671023,,0.07847800287587489,0.2580645161290323,False,5
0.34049752143094247,0.92579247220934746,-0.1642246519250059,-0.91955276819380161,0.36432674432110479,0.14727094037691391,0.1961737607492427,0.10086784310615945,0.97536738402542955,-5.8491982025036977,7.2924308892535548,-2.948185908339171,0.3527490008488519,0.3058976591401698,0.3526011560693642,True,6
-0.05299448535803046,0.98059354679256194,-0.18875349138604583,-0.99558943235103547,-0.037228828151333077,0.086114438658230069,0.077416191540149074,0.19248457170189803,0.97824149520665749,-0.064331229085180658,4.6137667632157271,-1.2267510123268079,0.1878640430662791,0.1680878838735602,0.7553743513713862,True,5
