axis_00,axis_01,axis_02,axis_10,axis_11,axis_12,axis_20,axis_21,axis_22,location_x,location_y,location_z,dbh,dbh_approximation,score,reconstructed,number_clusters
-0.31655210020323177,0.94528548607883167,-0.07893109441550844,-0.94546571314715433,-0.30768833817482227,0.10687596462422566,0.076742120898927485,0.10845845453408909,0.99113440588045931,4.0733777173854797,11.947893505175317,-1.8721109711263548,,0.7831380873789539,0.5,False,1
-0.83605373033827346,-0.34856601318839631,-0.42369316071586949,0.40306843379748047,-0.91414479897132261,-0.043302704184905477,-0.37222304827012404,-0.20698072606797469,0.90477012626018449,4.3322679355285931,14.928706244068733,-2.2113176402858272,,0.4535543661900492,0.282051282051282,False,2
-0.54629783718351821,0.80547248708039609,-0.22972319352893206,-0.83692715333955781,-0.53585033262349879,0.11143321331734954,-0.033340862189724735,0.25313730184191924,0.96685567347181578,-16.719259712310851,17.160745232862496,-9.985117550211605,,0.1490825151843802,0.2222222222222222,False,1
0.6155928202759875,0.73560216687689539,-0.2827276635044258,-0.69337545748738372,0.67607512480789522,0.2493048346305185,0.37453431695749489,0.042566156768080649,0.92623548178591053,-29.654808718928425,-17.635138131792488,-8.2980471962776914,,0.1800134019470635,0.1333333333333333,False,2
-0.73204333450261927,0.65294668930767563,-0.19435322825317794,-0.65196884133344735,-0.75420796488398512,-0.078147140932213865,-0.19760866970001131,0.069505155403775581,0.97781381000254253,-1.8566819218573434,-25.374549187415038,2.0703389469906286,,0.6487946950974277,0.15,False,3
0.92286213415706875,0.24544221267731492,-0.29678881645898181,-0.099616507396666568,0.89651959672714254,0.43165861990500165,0.37202423683565222,-0.36879632986279093,0.85181408434386952,2.4220896809673853,21.355855471604286,-4.0969578161759035,,0.4728424826054833,0.3157894736842105,False,1
-0.056078855349292349,0.9489499981888162,-0.31040145444272355,-0.9809156779647954,0.0056048990463213721,0.19435281790996894,0.18617087501963928,0.3153767366882434,0.93052561450520832,-3.4991964351148468,15.371617547484668,-4.8782537332986768,,0.07409363222820793,0.1666666666666667,False,3
0.85933175222209379,-0.31559312619584556,-0.40243001667474998,0.45210481415038928,0.83661511436390101,0.30931599932741805,0.23906103121368061,-0.44774560758963411,0.86161110382773121,-6.67230362945915,-25.556491380586241,0.50414427428989028,0.2472472753339702,0.2029623379179464,0.4186046511627907,True,5
-0.91005596748176265,0.28986499024507245,-0.2962708616807555,-0.27235918129193565,-0.95701472408846577,-0.099716068132795849,-0.31243977406345008,-0.010055113530042029,0.94988435205296351,-10.546252583366218,-22.496814308496873,-1.0570691820571168,,0.3690656460247099,0.1,False,5
0.35185336475109436,0.88935410824111016,-0.2919734232220319,-0.88160280200790231,0.41968668467943138,0.21596200173780922,0.31460405147605375,0.18141763105455272,0.93172524594829209,-5.285867316034123,-24.964692105890805,0.85662557993123845,,0.1519818933538012,0.2631578947368421,False,5
-0.33359018228841364,-0.81177472609553547,-0.47931136472370461,0.8894174119170406,-0.43955198265529694,0.12542217476423206,-0.31249681223906184,-0.38446826737237283,0.86863680196277038,7.155510559150545,9.4059560729116836,-0.38807811691104138,,0.2253313914361498,0.2413793103448276,False,1
0.16149989288531585,0.95413266237610828,-0.25208857011993163,-0.95199306927030891,0.21793516190783283,0.21497316405892189,0.26005188070715646,0.20526842862770389,0.94352418705054109,-23.973717543212437,-17.862930047683445,-6.1633980380565205,,0.1248889581400264,0.4117647058823529,False,1
0.84288777219192046,0.47823973428837163,-0.24663122275399013,-0.36360242718476599,0.84408311093726707,0.39410274900818876,0.39665284372444332,-0.24250867691332637,0.88535646108618837,-24.864288439711494,-21.231023900669467,-5.9918084666600047,,0.3279861841711474,0.2,False,1
-0.92380032900327957,-0.12683029984650765,-0.36125756348383747,0.097396154568801754,-0.99034632604404182,0.098631351842503406,-0.37027954468029156,0.055930577789922352,0.92723504531453216,-15.933341784001358,16.665358776247448,-9.6127557977294682,,0.08542478886287291,0.3125,False,3
-0.016100200455986591,0.97540623081936961,-0.21982599578764039,-0.98434964880997189,0.023124681722770688,0.17470265591256964,0.17548946530479326,0.21919838953325185,0.95976846874288713,-17.13396943186773,-18.926273173221752,-3.7732572663408228,,0.3491786476533053,0.375,False,4
0.32850142113541753,-0.77344949620223158,-0.54209103768327194,0.94060168212065309,0.21578171738309471,0.26211967883965048,-0.085762998453938089,-0.59599842891379984,0.7983924979785777,-9.7139212166165176,21.056210116844024,-8.2534207617306912,,0.4593696755180866,0.275,True,4
0.89436784736416008,0.35273657902358191,-0.27510554232864343,-0.22142037601242007,0.88344799622211378,0.41290756236432508,0.38868904112119662,-0.30837727508665541,0.8682305486000893,-3.6331706077590491,11.795667523034206,-4.3032794114322579,,0.2124984895069927,0.2751677852348993,False,3
0.17821771679114523,-0.80597697012263181,-0.56448168176982783,0.9755851741591206,0.069905280014224302,0.20819899084061572,-0.12834334179328905,-0.58780470860488609,0.79875754216110872,-9.9858907670994288,19.130618616379071,-7.9962399526509103,,0.3750210356453215,0.4444444444444444,False,2
-0.91473613580033741,0.2797510677676518,-0.29154269317533099,-0.28205374692083479,-0.95875932130330777,-0.035017819205912043,-0.2893155469534674,0.050198644372922693,0.95591663360051249,7.2189699811786685,13.173735795442413,-1.0541350348706917,,0.08752806752558721,0.1666666666666667,False,1
-0.90638802008220787,0.2645630953489691,-0.32934347667872194,-0.31600146922368799,-0.94201167914513029,0.11294719032646622,-0.28036374319787888,0.20644700272356759,0.93743042758731121,8.371100613104435,10.986751432304798,-0.28290064774542328,,0.0795494060554314,0.15,False,5
-0.2006992259550289,-0.87346421671559904,-0.44359901129111756,0.93876560641472717,-0.30092903731336368,0.16781195045181146,-0.2800695572779045,-0.38275576627799734,0.88037438994276807,-4.3480638787819021,-26.466858907223575,1.4707940454851485,0.2634559000982921,0.1758654632132381,0.1111111111111111,True,5
0.8658857817585478,-0.36045728387359954,-0.34686072053614814,0.45222658300114299,0.8604624760369195,0.23472418912315726,0.21385259076171775,-0.36010397642192304,0.9080705895411546,-0.63689430187654428,15.877262137475888,-3.9817350256031325,,0.07421006138866304,0.2592592592592592,False,2
-0.66088503046878389,-0.63978268903344249,-0.39231248682066155,0.64734952767602161,-0.75044503201962776,0.13330732513515992,-0.37969667567665943,-0.16586248741109849,0.91012090941253321,6.2785414828612094,14.108774333547622,-1.4300494153350833,,0.2001671781285617,0.5818181818181818,False,5
0.85483736733277738,0.40856838133071405,-0.31988271786448347,-0.26135932641854642,0.87157958031384652,0.41477745559996948,0.44826819863293033,-0.27096293650007031,0.85184195079700586,-25.12871074824217,-25.074474059164448,-5.4459634273934778,,0.2624270280252186,0.1428571428571428,False,2
-0.85017678679670028,0.4204749191867917,-0.31686002197642055,-0.46656798768719415,-0.88054723107707877,0.08337197795428837,-0.24395438929758723,0.21871766315812116,0.94480095245775986,-10.653188259480316,-28.164126930460625,-0.32310034485284589,,0.1998950940972022,0.2083333333333333,False,4
0.61738128742014531,0.74523842858513267,-0.25191274382889994,-0.69138606134004787,0.66679362042214352,0.27815747688858661,0.37526745146380419,0.0024397385702127072,0.92691336571848448,-1.5476546372667499,-31.3541361224068,3.0472353943928265,,0.3231927062657161,0.3888888888888889,False,5
-0.31534193302950519,0.92811677965379646,-0.1978855947214995,-0.94627941900320445,-0.2918177845528816,0.13927541703260493,0.071517315694683489,0.23117444483271629,0.97028019129121268,-18.076040774380687,-33.855657093370965,-1.790195501924928,,0.4649702703719651,0.3461538461538461,False,4
-0.73217206237551025,-0.48159108049923488,-0.48165766085506467,0.5544359041684942,-0.83215685246213722,-0.01076109051975313,-0.39563227781066801,-0.27492727053511662,0.87629338504319088,13.916362600535752,4.6808960322889472,2.5861263694315206,,0.1577865046350782,0.3076923076923077,False,4
-0.067211342796948334,0.99208511238904351,-0.1060649101986661,-0.98152087183523906,-0.046655036442180137,0.18558040232301429,0.17916309204527625,0.11657803116624876,0.97688799209437394,2.8668654619428953,17.368855305931397,-3.1250589533399129,,0.5854119237052942,0.2857142857142857,False,1
-0.92196458670979919,-0.14223788176921334,-0.36020783700918735,0.10847409594473259,-0.98772591220236439,0.11238724515255732,-0.37177233808071708,0.064543840556751289,0.92607743806022103,20.398345192622564,8.7008292800691986,4.0279070839712494,0.4464768176881858,0.3777637536981636,0.5,True,5
0.64658530080171173,0.70641312228824216,-0.28793740543065516,-0.65935777235241821,0.70735333429112124,0.25475201374216955,0.38363364923533139,0.025134858786369313,0.92314325109820983,-3.3767307156267945,18.945183313551041,-5.5773485503414735,,0.5154584509180398,0.3478260869565217,False,1
-0.40539139821242776,-0.83026062664656397,-0.38252464769714689,0.8520841890050691,-0.49474689267090116,0.17081582783822954,-0.33107453708031509,-0.25669593692332027,0.90801808730008915,-13.53450436334847,16.856599958352543,-8.8044054688201179,,0.08704675741269352,0.425,False,2
-0.93292297033782468,-0.039023858329870625,-0.35795512274180297,0.030855789802129656,-0.9991173168345292,0.028504516081779313,-0.3587515179783019,0.015547529785139434,0.93330360690712144,-14.88868515602308,15.813113919870725,-9.1143960269748341,,0.105137892384646,0.3538461538461539,False,5
-0.53346298855747054,-0.73424805015571326,-0.4198774114927647,0.76249226333242859,-0.63232639433178817,0.13699955981516845,-0.36609122933706306,-0.24706908320122192,0.89718118567465766,-9.1603126262002164,16.602140760225215,-7.1943415442625609,,0.07467805949511895,0.35,False,3
-0.93108210596557894,0.063891407573572506,-0.35917126832330587,-0.040534849673903174,-0.99656643105824005,-0.072196083340845152,-0.36255073839756358,-0.052661527950790127,0.930474999965755,-6.4802385792033501,17.830234441067795,-6.441213191147976,,0.6344559743999523,0.6292134831460674,False,3
0.40053485273177325,-0.79253203944974704,-0.45985301803158968,0.91628028213816104,0.34726604969596608,0.19959142089120699,0.001508745157016822,-0.5012975734772549,0.86527363678426461,-21.31384330210329,-18.283596049687464,-5.1995958825470945,,0.5029563202148551,0.7840909090909091,False,3
0.39728798327139092,0.90599948446673595,-0.14603832542918579,-0.85817512198876011,0.42316390308352037,0.29063339644077113,0.3251118551325507,0.0098613017969572114,0.94562415175329639,-0.13347206094098352,13.792749360245963,-3.5025619937110224,,0.2564139714706997,0.4117647058823529,False,3
-0.8739927110329081,-0.28612283068758304,-0.39277279287225658,0.30663006144374422,-0.95176494750192864,0.011022255924110769,-0.37698109565381882,-0.11080257427503878,0.91956948788749548,6.0095214255022364,16.408400380234596,-1.8951565213512196,0.7310775783995228,0.7043229363369498,0.5294117647058824,True,6
-0.26709304437669068,0.95283856901480912,-0.14408319486810781,-0.95955063958135645,-0.24915068393617384,0.1310973179479476,0.089016154290103858,0.17327030354895445,0.98084327299699225,-4.9646840936420373,20.906330908716907,-6.5541898904994538,,0.197504468973026,0.34,False,4
-0.20211155286325241,-0.84430254951622652,-0.49629036367796087,0.93762822692705428,-0.31316843893521734,0.15092659449051959,-0.28285018696976605,-0.43483184535550856,0.85493686199384888,-15.818427560893563,-21.685961257406856,-2.8715866563541259,,0.3778152693456272,0.3,False,4
-0.73443734651154813,0.60618844104300151,-0.30518413784948017,-0.66385753811017445,-0.73512604879619814,0.13741492450089465,-0.14104947055332362,0.30352144294455419,0.94232679073105075,-3.0910902691276032,14.339042482267928,-4.5644926597836415,,0.07950098063760205,0.3142857142857143,False,1
-0.91851776853945211,0.26957110497671266,-0.2892343828782119,-0.26371985028712452,-0.96274382039291073,-0.059801144301760423,-0.29457927530945294,0.021348434530372232,0.95538855702863645,-0.78495654378432111,-26.40718475621312,2.5665694236380618,,0.4476201089195771,0.1923076923076923,False,1
0.61897977640857693,0.75131803468193348,-0.22887823653389344,-0.68553182678486846,0.65903250895675969,0.30939015272493586,0.38328859996377262,-0.034602931954317018,0.92298021985196166,-7.1340054146837115,-27.975887754717085,0.79934103304305981,,0.4959833347925404,0.5151515151515151,False,3
0.88944478779166192,0.33776352013770455,-0.30790221489042774,-0.23650972584964949,0.91661619979726916,0.32230093367493601,0.39108965602374141,-0.2138470171253232,0.89516385886486316,4.0814088616212176,-28.433896381305583,4.5969805803111177,,0.5079460162609254,0.6153846153846154,False,4
0.33731467623844691,0.89270629738613927,-0.29882147814586879,-0.88543243011643868,0.40866504203093035,0.2213646202986283,0.31973148248530336,0.18991669233900438,0.92827982261749176,-14.569367360420548,-24.488274883528668,-2.0661472532699414,0.6989223397516119,0.5805799043168551,0.7571428571428571,True,5
-0.53114477491590506,-0.73861617390110845,-0.41512814374746987,0.76493659021699645,-0.62872088393502734,0.13993592480543721,-0.36435867085432172,-0.24322047149786766,0.89893634992563676,-3.5987879949554493,17.352466875468448,-5.3730599975133266,,0.07993722980664257,0.2580645161290323,False,4
0.93802854963582427,0.0014981958175418475,-0.34655475105299605,0.12720480196373063,0.9287032762641354,0.34832335984488416,0.32236838930869111,-0.37082068451686062,0.87095960957381191,-9.6193568839052261,-26.728794058767321,-0.26018578055318781,0.3377869214587961,0.3247683096145777,0.3636363636363636,True,5
0.92210728400841901,0.21534017623686455,-0.32147591710250084,-0.10510695551449876,0.93898829699869846,0.32749581066321842,0.37238512951122416,-0.26819691757692049,0.88848169858537229,-1.8025029661310965,21.21788506673758,-5.4513681121584874,,0.196786519932056,0.4482758620689655,True,3
-0.90858373862108788,0.26693815892676453,-0.32127808705561595,-0.30838744508624144,-0.94746314076119431,0.084916315347012841,-0.28173174053788619,0.17623171169719282,0.94316997946593384,-21.023151126791166,-20.346497801251623,-4.7776268074247872,,0.7350533693461243,0.5555555555555556,False,2
-0.61255917558173212,0.72221458972713981,-0.32121230175055271,-0.78602538435044189,-0.5993988012271193,0.15127845928694691,-0.083278758200208858,0.34514803124565518,0.93484623599813421,9.7447353857739127,12.670435363683985,-0.13402702900869087,0.2697476096624725,0.1146994923164417,0.3684210526315789,True,6
-0.748755069389205,-0.50657043407391678,-0.42749531153701781,0.52787116254029587,-0.84576749906481963,0.077649039169832026,-0.40089634797828372,-0.16752233536995875,0.90067662639255353,29.857648090690084,1.1725587773888737,8.3076786221210241,0.6256509845367945,0.3508080239411645,0.375,True,5
0.58951792784098023,0.77647536426462838,-0.22260867333549397,-0.71264496457177151,0.62970390317583813,0.30920890801464962,0.38027064996469906,-0.023643244600226321,0.9245729986108171,-26.628854884488199,-12.368561338005621,-8.1735379247143563,,0.1880621808732246,0.32,False,2
-0.40646386360718884,0.86874280414122806,-0.28297184989739421,-0.91341572414076744,-0.37911117928430449,0.14814327063374161,0.021420608626147253,0.31868582333467688,0.94761833220531622,-18.093205128916331,-19.25812609387696,-3.9812395614628255,,0.07622300794998794,0.2352941176470588,False,2
-0.93420802288202309,0.11356953659007832,-0.33816760687797487,-0.15621094506480016,-0.982485851720868,0.1015858839124943,-0.32070782750787924,0.14772782922332431,0.93558696968702004,-9.6219712027832394,14.167555516039146,-6.8666115102124961,0.1947180522819907,0.1683359651446276,0.4683544303797468,True,5
-0.93979043208188007,0.091065232324471418,-0.32939500182765641,-0.11568406458085355,-0.99171269388012129,0.055884971137902986,-0.32157602673303337,0.09062591383661435,0.94253689729997969,-5.3409616478999515,14.645750115442956,-5.4473343826703342,0.2175321465666314,0.1693035454763567,0.2553191489361702,True,6
-0.37893503840699244,0.89679268978865356,-0.22840995645795464,-0.92435847190190645,-0.35495244009969101,0.13989346192888924,0.044380762619240094,0.26414321268756658,0.9634618368676714,-5.8836426111667235,11.77167401163959,-5.0722780207795788,0.5243887713117846,0.3877512173950223,0.540268456375839,True,6
-0.93242486673476244,0.013037279108964489,-0.36112864362730146,0.026425842863761116,-0.99421325111040115,-0.10412341785316792,-0.36039636891012022,-0.1066303928058063,0.92668463708344651,3.6896224791038796,15.989172047627747,-2.5685384142177625,,0.5214744255250962,0.391304347826087,False,1
0.22046578382465373,0.9701454725658214,-0.10105741052797984,-0.93467617400888436,0.23974828696784156,0.26249039722645051,0.27888221152073422,0.036585802656563249,0.95962815253684575,-0.32129472707917289,18.775151236913057,-4.4677111156130307,,0.5938853288974377,0.4545454545454545,False,1
0.81172206811950709,0.53744175223110702,-0.22861243860855046,-0.44911796467715731,0.82462255101079318,0.34393415382700776,0.37336354660309146,-0.17650498951363766,0.91073906841902441,2.5026620882867032,5.8319366731000635,-1.2919956571742341,,0.5472621873853919,0.3386454183266932,False,2
-0.014263047967232691,0.9944406812519645,-0.1043278339361669,-0.98397998867065528,0.0045842375157894577,0.17821999512427023,0.17770747693437242,0.10519846119372103,0.97844434507236622,-24.104490746599012,-14.409650785204111,-6.8527271860132943,,0.4839545946284183,0.1785714285714286,False,3
-0.85582043093120952,0.40735974558296906,-0.31879370708860716,-0.45510148422328778,-0.88590808693758372,0.089719008890814883,-0.24587401053889002,0.22186685010872759,0.94356826555599682,-3.7278978338386954,13.506299019092447,-4.6488897368290925,0.8144147157759458,0.5853646435029757,0.9086538461538461,True,4
0.44669497926421203,0.85755101730932504,-0.25508792251277929,-0.81975983874871894,0.50651424170555992,0.26727725253772489,0.35840954545717468,0.089719427445687061,0.92924325236398586,-1.6560461220055021,28.359472346553439,-6.759899313847642,,0.3424240987743705,0.3043478260869565,False,2
-0.51841627652373412,-0.71974344462555551,-0.46175094818939671,0.77681896264369044,-0.62211992157821006,0.097565887751314292,-0.35748687180433297,-0.30811714832845871,0.8816274493194336,8.9659714785015829,9.1703215017439828,0.26430358368804147,,0.1297548368191337,0.4666666666666667,False,4
0.62351877418595936,0.71768188122107524,-0.31009201151370819,-0.68809092133485572,0.69206075809615408,0.21813480024958545,0.37115390637064416,0.077360354642125456,0.9253432624250616,11.495939453706923,8.7310228339532916,1.2497743435115889,,0.09589851079685437,0.3478260869565217,False,2
-0.81446221854216727,-0.42874102699588795,-0.39093788040797883,0.42096034949084937,-0.90033700671226491,0.11038867016565591,-0.39930399287249058,-0.074661945560714899,0.91377344848773956,-12.465321108079873,16.045017416142535,-8.2199590796233206,,0.0765120100886692,0.1923076923076923,False,2
-0.94347065969306965,-0.0020395477059896097,-0.33144977680408677,-0.028605246618307371,-0.99574915929846397,0.08755199382257664,-0.33021940307048842,0.092083939976293841,0.93940177444702166,10.708483139346365,7.4781588832869375,1.1545097556939372,,0.2346941336759804,0.3529411764705883,False,4
0.86081102114510044,-0.30244572538076142,-0.40930547159063629,0.44512409015335092,0.83732083747505925,0.31742457292278992,0.24671629504408421,-0.45543429639078481,0.85540088346385834,-19.709558388043643,-17.727829776385995,-4.737400568044535,,0.5686229403479144,0.3,False,2
-0.26024915965739837,-0.80776516667869858,-0.52894783334290463,0.92855492692966157,-0.35955614283720605,0.092223249903059246,-0.26468117154846793,-0.46715609345117803,0.84362850934470279,6.803395565031793,-31.864933231718009,6.150753771432643,,0.1792439572401738,0.2272727272727273,False,2
0.2871093754956196,-0.80623579207189355,-0.51725434177464502,0.94592522486696073,0.15352306391484075,0.2857553810632249,-0.15097574461781732,-0.57132697855816827,0.80671668391616214,16.20699666265034,1.1561105149386905,3.8655434654990883,,0.5038064930701369,0.2702702702702703,False,2
0.68510518270546239,0.686332460493841,-0.24408736612652776,-0.61540597278509712,0.72461567476682898,0.31017352005392307,0.38975168670647675,-0.062288663131291361,0.91881104975657135,-3.4964116822847502,-27.226043786118456,1.8348154243966925,,0.3051320613984949,0.2758620689655172,False,4
-0.79606914497397474,0.58227394649673925,-0.16501808280160196,-0.5769934943339502,-0.81248113941127142,-0.083384084795953883,-0.18262646006726801,0.028834863136033062,0.98275944500738521,13.670836912498638,6.3897657658945599,2.2455559106489384,,0.3228120770032279,0.2307692307692308,False,1
-0.88154802341321958,-0.24299445655151486,-0.40475520565087109,0.26392347188314907,-0.96453431351130425,0.0042378117491168599,-0.39143004918553415,-0.10308856456712454,0.91441525821155212,-18.370598730513525,17.135454077873554,-10.546370815080669,,0.1306635357059823,0.2580645161290323,False,4
0.89351012259645046,-0.28120447832853473,-0.35009099129462434,0.36298198019647077,0.91128365872918038,0.19443810168227735,0.26435533448433546,-0.30080913334062093,0.91631333201505882,8.3503663589314634,16.378236084544952,-1.1360197950091708,,0.0861159380929882,0.1666666666666667,False,1
-0.788559366400166,0.5165338307248315,-0.33371683712288169,-0.58884664728486003,-0.79067848530953999,0.16759223982628493,-0.17729566166138494,0.32866447113331659,0.92765613983345618,0.076110080195167795,12.672536609647551,-3.2782369853754569,,0.07056340439627254,0.2592592592592592,False,1
0.26599274378901622,-0.84743586375612789,-0.45945654535711666,0.9593691764706106,0.18618165574381706,0.21200748643053435,-0.094120367029103355,-0.49718090056275921,0.86252681617785676,-17.066682706282226,19.350417406968127,-10.515229413508509,,0.2274958784100772,0.3846153846153846,False,2
-0.13079276814469101,0.98952730185149906,-0.061065298587182515,-0.9792972075369264,-0.11935071487294292,0.16350041642055782,0.15449993887192123,0.081185748440291083,0.98465153386300186,-16.422152183878097,23.973514844309602,-11.252600007551791,,0.4115745481648933,0.1818181818181818,False,1
-0.90924887664899112,-0.16378869157783291,-0.38267446325012233,0.16614281140565001,-0.98572813805919446,0.027140450559639956,-0.38165828502834109,-0.038901186994423173,0.92348451590681824,3.5209643503747734,10.434504236832181,-1.8063288426569806,,0.1237679597483711,0.4333333333333333,False,4
-0.79355738526249431,-0.39320717624926127,-0.46438646927040766,0.46227099648621478,-0.88584151036652592,-0.039879121344300383,-0.39569205463718238,-0.24631876716489504,0.88473434591371591,19.200164082810193,-0.64968798421747609,5.0613310951511821,,0.4648562416711171,0.2307692307692308,False,3
-0.41167211071103238,0.89675847277031628,-0.16232780038358949,-0.91062717027588691,-0.39777130618014989,0.11196492636120073,0.035836155179580303,0.19391294308113791,0.98036398367522537,16.457016007452776,11.598415326264291,2.4038142980444008,,0.3530718660480379,0.2941176470588235,False,2
0.66637418453678343,0.69228347317023442,-0.27692785876161485,-0.63755228842468503,0.72161841249338288,0.26980353273257229,0.38661676852845267,-0.0032341190277957454,0.92223479373027861,-19.165116251284257,-18.465016188714948,-4.4534957409917793,,0.1249714122906831,0.2352941176470588,False,1
0.4535078843666524,0.86716691382302191,-0.20579636145456445,-0.82214499002864938,0.49618895083126408,0.27905938515620671,0.34410494647428996,0.042638816161145177,0.93796253505579874,-4.2342113916797066,-24.725024939570499,1.133465891839353,,0.1307254349542921,0.1818181818181818,False,1
-0.93014782785741512,0.19016879825064817,-0.31410324179166893,-0.20010997571866701,-0.97977325438557306,-0.00060630732820932121,-0.30786525615925842,0.062291236643737619,0.94938863795991724,27.649866735609606,3.2120683276417723,7.287551615643399,,0.2043713297230372,0.2307692307692308,False,4
0.77134678367999243,0.56782689941070508,-0.28739650591500859,-0.49768029880180775,0.81965031368505792,0.28370351330311178,0.39665912253605623,-0.0758022135666922,0.91483089416969021,-13.135596465950796,-19.391953079414758,-2.3987945215601498,0.7666024314773824,0.9291411018559679,0.6464646464646465,True,2
0.7829734313354173,0.58230020442332653,-0.2188128829648584,-0.48391681065468994,0.79119979954419983,0.37393501784001093,0.39086714646876347,-0.1868939515601519,0.9012732796891274,-15.099092274362315,17.616149549730125,-9.5961171796319142,,0.1453735573623041,0.25,False,2
0.47660884145238608,-0.76863154124659361,-0.42667266850631413,0.87906207327989128,0.41133581106426742,0.24094132451067662,-0.009689353449637117,-0.48990652612206165,0.87172112059576734,-1.7155496128390726,16.913516620070389,-4.5878708695515336,,0.1339947355663893,0.3214285714285715,False,2
-0.77836099049016061,-0.46179759817917804,-0.42532005219495694,0.48812722455731733,-0.87118592630348424,0.052601278090105563,-0.39482398753007536,-0.16666751371123448,0.90351312040510423,6.3521927496977622,11.454649859108077,-1.0876011752883041,,0.4841148359774019,0.7075471698113207,False,3
0.710754741340341,0.6493670309652565,-0.27046285652117169,-0.58388224692904855,0.7590347545982723,0.28800653296934992,0.39231265514039954,-0.046783548468528113,0.91864143179446345,-26.475404739987553,-15.073378165329839,-7.6097612523209577,,0.6246636624965287,0.6511627906976745,False,1
-0.26332618760798332,-0.8070782443266421,-0.5284732977686486,0.91944796009927909,-0.37578678615639227,0.11575724607783842,-0.29201843707053943,-0.45542178130264616,0.84102094713865749,-3.2417651635500722,28.249411556421318,-7.2985282451863274,,0.1370963140300707,0.1538461538461539,False,1
-0.75597159223093757,0.59499861137999677,-0.2729168448368437,-0.641253051708641,-0.75689570840656939,0.12610872400462114,-0.13153507294321562,0.2703433724943049,0.9537363291467037,27.464207533687421,1.7007550768936948,7.579443281135549,,0.1740892879374504,0.5217391304347826,False,3
0.0099872758884023173,0.98269060243660245,-0.18498495669409487,-0.9751155932140001,0.05054420121936895,0.21585843415072781,0.2214719715703031,0.17822587804772666,0.9587417286229275,6.9838896477019965,14.699621848182089,-1.2709432942296057,,0.2273987382029391,0.5,False,4
-0.42963980581716077,0.8794799938576473,-0.20475492097027936,-0.9029700188331703,-0.41657639487966908,0.10540043793781051,0.0074015096984685058,0.2301717785333621,0.97312186802114997,-17.540620002111428,-16.879667092251189,-4.1722801232511868,,0.3259528727019048,0.5306122448979592,False,2
-0.93253886366041172,-0.055077086269025438,-0.35684419895952435,0.065013040358715246,-0.99775774347291368,-0.015899368640212463,-0.35516837182703409,-0.038026305473390615,0.93402860113905506,-2.9067737782084659,-22.598285470147118,1.2700634880047199,,0.2794333080953386,0.1904761904761905,False,3
0.3824711079122341,0.89043731166405549,-0.24665207400076161,-0.86341810307057243,0.43948330786802686,0.2477167765723407,0.32897572995952484,0.11821935586808957,0.93690936220945675,-11.148692374672667,15.462986091447496,-7.6320893375918448,,0.4435978555447344,0.3181818181818182,True,2
0.51899616365047563,0.82472561350830587,-0.22465672600533626,-0.77558600935340127,0.56484058715663754,0.28181812077261814,0.35931785957749762,0.027978090068704164,0.93279574520081987,-26.370147953977547,-13.987971508549153,-7.7889349396871506,,0.159896634320767,0.1428571428571428,False,1
-0.045549199977853304,0.96163509347237852,-0.27052396822415897,-0.98526020933118186,0.0014527096975691378,0.17105615903325111,0.16488659827303084,0.27432797275688614,0.94739462373028249,24.346744881586254,10.952913687579059,5.0299161964147467,,0.1119790901747709,0.4,False,3
-0.68523932599290749,0.64758680102119992,-0.33328426493897689,-0.71986493918506234,-0.67172871735641693,0.17485708338751652,-0.11064147253571613,0.35973860707718242,0.92646996666556669,-18.1259066615767,20.443834295171481,-11.185745870430972,,0.1236488663126878,0.4,False,1
-0.26210759671642042,-0.78533998213838452,-0.56083929979845781,0.91991248951591531,-0.3789625991647152,0.1007390692182248,-0.2916515375858208,-0.48951860116772405,0.82177303419777703,-1.1190713361151658,19.568659558747004,-4.8570260987528666,,0.08816093570476591,0.125,False,1
-0.61615397802829119,-0.61481697364177845,-0.49229499721394243,0.69067265088572383,-0.72219502183596374,0.037491862501581347,-0.37858362970207515,-0.31691393051949474,0.86962060461116353,-22.874562920129698,-15.804330280390031,-6.105992451439807,,0.6599615462161005,0.2413793103448276,False,1
-0.59159787815813791,0.77883243444799166,-0.20840342993963723,-0.80418643794871769,-0.58844802622890369,0.083744214407099254,-0.057411876629697406,0.21713811153071205,0.97445108494102151,-11.902773813647434,17.829103162658512,-8.4413225045366165,,0.6309022247678024,0.3333333333333333,False,1
0.75005164948291536,-0.46884569150710975,-0.46648284069532286,0.64387333703212801,0.67883458297449395,0.35300245723926105,0.15116100346011652,-0.56512593863055416,0.81103823862988467,5.6486044031128539,-24.644182790840375,4.4282646859880082,,0.5434473848616747,0.1153846153846154,False,1
0.073420052708393621,-0.82408505394064657,-0.56168792022967595,0.98150517114886249,-0.040135606244478317,0.1871810143135017,-0.17679676147582524,-0.56504243821418421,0.80589698358328055,-8.4326788361757767,-23.88528983163047,-0.173513712836071,,0.6220451498254831,0.58,False,1
0.7648910305011245,-0.43689977178058742,-0.47335008278968027,0.62175677922224648,0.69285300461082477,0.36520298669771289,0.16840492555179304,-0.57364911175719802,0.80160244362780708,16.518189425885097,9.1580720061041294,2.7806598469147561,,0.2763387547328176,0.4705882352941176,False,3
-0.45965611986619759,0.87942846598499258,-0.12378135838984494,-0.88803728978876062,-0.45352294688019135,0.075542760061705017,0.010296767171542015,0.14464615400483583,0.98942986952963197,-18.090459929807523,-20.644678170375645,-3.8437836414898556,,0.2882234860576483,0.2,False,1
-0.90357183723804457,0.25452760277730813,-0.34463550945121962,-0.32815441590234257,-0.92831754986725801,0.17476042438791317,-0.27544983985120985,0.27100226204385836,0.92232595089428937,-2.5197090555067176,13.04263922315614,-4.2121845208093385,0.9210601471818008,0.9245080257913106,0.848314606741573,True,1
0.42693000988204666,0.87333862913833693,-0.2345429715785276,-0.85018153318709766,0.4760189592674659,0.22493846057434197,0.30809434803279323,0.1033711239790342,0.94572315369645021,-2.8703694309337275,-25.007174523179586,1.6660397750772113,0.3002195355044797,0.1547377672131038,0.1111111111111111,True,3
0.8903657597265664,0.38378368844627447,-0.24486505342556877,-0.23745882303342181,0.850424723943628,0.46945830088409934,0.38840973374790178,-0.35984422933816251,0.84832187838220174,11.538018648922428,15.274238439744812,0.016149025817717409,,0.5371804203891908,0.1304347826086956,False,1
0.68556058469371584,0.69051554304712159,-0.23064034669751163,-0.61521077534654178,0.71888442898611737,0.32360605627647054,0.38925876561988554,-0.079959130633353442,0.91765143208978894,16.029523241290462,-30.305151445185601,9.1134810100754589,,0.2040266515725455,0.2857142857142857,False,1
0.75490646218935531,-0.40284050029302415,-0.51752851580219017,0.63740887671542734,0.63639706464067691,0.434406146366632,0.15435723899166121,-0.65781327703262171,0.73719436740284072,4.2719188737976728,17.181544802977861,-2.6530633434705155,,0.7717920610880646,0.6666666666666666,False,1
-0.77001129726438899,0.5721541395357177,-0.28235127535988847,-0.6164662561371238,-0.78124983713310514,0.098071642301816253,-0.1644747917751869,0.24957630615032328,0.95428492091139605,-19.355815104398946,18.615536662180119,-11.22025953624826,,0.1636780123604158,0.3448275862068966,False,1
-0.91760352277202351,-0.17424554415670948,-0.35727057720711353,0.13135303110401478,-0.98122901718170841,0.1411948903480785,-0.37516683784172566,0.082632355540371266,0.92326688319341832,26.6452489894194,-1.0994514955885653,7.6302820277619894,,0.130689337763153,0.4,False,3
-0.74155539609875976,-0.51551339430918064,-0.42935013078446843,0.53287916031306037,-0.84140312541401463,0.089892052193599442,-0.40759709888670803,-0.16213180080217499,0.89865337263473499,-8.3669538379228339,18.224353265537147,-7.2585588175152509,,0.5612084581344781,0.8958333333333334,True,3
-0.9010245432434455,0.28208796796702529,-0.32951654101300393,-0.33745626869624662,-0.93315239769486513,0.1238945898493156,-0.27253997723370166,0.2228294886332558,0.93598556602380056,-5.9763722433674431,-29.632343086331062,1.4763056940371742,,0.1914225764736202,0.4,False,1
-0.92656806881359122,-0.04783245220101956,-0.37307327748243985,0.046333429094035913,-0.99884157456006561,0.012989314021804976,-0.37326241064891652,-0.0052502806407149702,0.92771095032329609,26.477145351502102,5.3368683024924248,6.5922527743152308,0.2044454390411718,0.2168542600112865,0.3846153846153846,True,3
0.87810077240004802,0.42104987164178048,-0.22727964955287777,-0.27497879089936655,0.83280605788604489,0.48043806521114379,0.39156825467083156,-0.35937595292220803,0.84706742730156548,5.9329342737027009,4.7353776915248762,0.016010845206380773,,0.3732231606484067,0.5211267605633803,False,1
-0.93520067582249033,-0.010466938287591189,-0.35396347148263813,-0.0093243237407907107,-0.99848864618390631,0.054161613977116593,-0.35399541371031007,0.053952447995554674,0.93368965959110439,1.660237602843579,14.862680842564696,-3.1346838125967649,,0.1069867145591557,0.1818181818181818,False,1
-0.73268144381942646,-0.48712225973932605,-0.47527866136523772,0.5581290598088503,-0.82969348824017031,-0.010033352816795044,-0.3894481409373638,-0.27261808384314823,0.87977811173165721,20.606431903497349,0.42910908827455241,5.3926926742228769,,0.2440650243988084,0.4285714285714285,False,3
-0.92152602076029899,-0.15530003801758929,-0.3559096672660424,0.10745956404978846,-0.98274013594863996,0.15057977052007493,-0.37315175888091323,0.10051727904884951,0.92230908130447076,-8.7391172628986808,-31.973541276202102,0.857952460562869,,0.1557392904222763,0.4285714285714285,False,1
-0.48570783809622958,0.82874030260074849,-0.27798814157641227,-0.87399995146574483,-0.45513091376740938,0.17023494403652692,0.014559562141876425,0.32564606888225101,0.94537963642749012,12.447713065016549,9.7367817572161464,1.2681354431034264,,0.2098617999119573,0.2727272727272727,False,3
0.92030834913743831,-0.12086307509366424,-0.37205464596860827,0.27244319117589222,0.88052990496651129,0.38786826892846382,0.28072629034313717,-0.45832216129985509,0.84328734507972447,10.391515214193499,9.9562071152894021,0.58931447232315104,,0.3964611819074147,0.8309859154929577,False,3
-0.91810856757165882,-0.058887794738164634,-0.39192969494845875,0.12608856825289938,-0.9809193604320583,-0.14798270603518096,-0.37573705048537626,-0.18528204435518458,0.90801554663569062,41.837443946390209,-6.2795083190672996,13.586948185111838,,0.2988652620579568,0.3571428571428572,False,1
-0.3167672089832923,0.92139591340161553,-0.22514019205760899,-0.9454013953220981,-0.28752702582589851,0.15344188197080397,0.076646833176356052,0.26145320840738417,0.96216811565210358,9.1132194895174283,10.487713893127079,0.0075799686750544814,,0.1546913268961771,0.4166666666666667,False,1
0.40608368848300169,0.8808675117025504,-0.24324568809127262,-0.85133773012354086,0.46140959072215354,0.2496502730976094,0.33214470824647629,0.10570532823169693,0.93728665645430564,-11.376237551794121,-20.281934586194225,-1.6272838205962705,,0.08139186192593056,0.4375,False,1
0.76373860561753504,-0.4494525152449132,-0.46335275852141478,0.62532103083698221,0.69329448073439848,0.3582127459711546,0.16024029044643279,-0.56332512772220844,0.81054787014364593,4.1971110560630809,11.009852406432712,-1.6754070712135054,,0.3258335097097009,0.1891891891891892,False,1
0.16994687174785628,-0.90064670762262578,-0.39994195682828998,0.9752820828221801,0.09555908175256056,0.19923182682653245,-0.1412194027361241,-0.42391505038525301,0.89462456390807887,9.9783067666642769,9.0343500659727223,0.62825397774331304,,0.07742485266960597,0.1739130434782609,False,3
-0.47223142793776696,0.83525762026212724,-0.28167745075157541,-0.88144677393221627,-0.44491824672815095,0.15842770733945835,0.0070045122846947305,0.32309822271624594,0.94633951375035419,-9.2901751776531754,15.830964791504815,-7.0002010990298151,,0.09449702337511873,0.3,False,2
-0.8551672740437769,0.47920817987309849,-0.19760681604450858,-0.46531176135809243,-0.87767960878122864,-0.11473216232364494,-0.22841606367846734,-0.006166414869424458,0.97354408075920862,-20.829874887293165,-16.02285103147479,-5.3693251017147476,,0.7010144724020009,0.32,False,1
0.78972262804410798,0.54781934143915301,-0.27610168398667884,-0.46686892290938892,0.82866041857764339,0.3087965665355617,0.39795926874057674,-0.1149603402391319,0.91017170940189518,-16.008280350755008,-18.061395063045168,-3.4911396413992697,,0.1252096474806733,0.3846153846153846,False,1
-0.6936608132291876,-0.48446436093260631,-0.53303748383803473,0.60539647202575986,-0.79309938657915824,-0.066996079486234733,-0.39029448862235472,-0.36917156715262311,0.84343498039688303,19.011624631679233,1.5290090983238871,4.6669379300559628,,0.5143443270130481,0.3636363636363636,False,1
0.8892014593957257,-0.18625912707473102,-0.41788551325676615,0.37069551959558245,0.82864309740859698,0.41944659835174203,0.26815218880380726,-0.52788081486112548,0.80587607542430573,1.1107976498227989,16.091549221204961,-3.4544051888336651,,0.4510547880467733,0.2307692307692308,False,2
0.17563075013000476,0.982689266068138,-0.058954609346811238,-0.94821836283609695,0.18496067221808354,0.25820822239631647,0.26464273273453576,0.010552539367274905,0.96428878865394785,-15.104761618709972,-17.472183549068426,-3.3154100430478652,,0.4175050293651426,0.4285714285714285,False,1
0.73195097772891959,0.62712284487987269,-0.26639201120051154,-0.55555425457665897,0.77565512323014452,0.29953063287183412,0.39447083089051221,-0.071246524382623966,0.91614229044398154,-3.2557711559058999,-31.122788310648669,2.4828941543514609,,0.2139949512590265,0.4090909090909091,False,1
-0.54086011779298093,0.81315171570549227,-0.21506887321547957,-0.84055889071460388,-0.53181235176681962,0.10313279666952598,-0.030513672699233441,0.23655847005224293,0.97113799535645029,-20.285808941997001,-13.547514784133782,-5.5496188577117591,,0.2474218392584112,0.3076923076923077,False,1
-0.45971590579818417,-0.7918440559209603,-0.40205009272327985,0.81719667206473878,-0.55441516538476587,0.15752277155287184,-0.34763613897647466,-0.25613827416851503,0.90196579723596138,9.6518012407983544,11.54324616538746,0.0084869413093457413,,0.07761984149525619,0.4210526315789473,False,2
0.92416337980700036,-0.054218284702873043,-0.37813016942261984,0.23024063640730252,0.86892806180785864,0.43812472282398929,0.30481354427003604,-0.49195975547468873,0.81551474678439895,14.122954584779379,9.4351402380808729,2.0086708628546872,,0.3243369849358217,0.2727272727272727,False,3
0.24214122661844364,0.93519526592101454,-0.25841331422865826,-0.93027299692074528,0.29943718934939412,0.21196584827426962,0.27560801434612014,0.18906925776936565,0.94249299105867657,2.6622941006639689,-27.707125712817071,3.9348947686710645,,0.1890486388765988,0.4761904761904762,False,2
-0.56496691368924989,-0.67715320470995133,-0.47146147646174219,0.7408938170810202,-0.66782183652589755,0.071346664044596705,-0.36316489126505502,-0.30899438831509418,0.87899586446252453,24.950065198126534,-1.4042287699107199,7.1883598414740932,,0.1637759972999423,0.1764705882352941,False,2
-0.094084224724294924,-0.79988483451802683,-0.59273300073987578,0.96682373027624091,-0.21543312274036336,0.13726049759880204,-0.23748691170833733,-0.56015428333130202,0.79361649783307331,-6.010462930804171,16.488906164326384,-6.0829248366235733,,0.6145148580548525,0.3714285714285714,False,1
