axis_00,axis_01,axis_02,axis_10,axis_11,axis_12,axis_20,axis_21,axis_22,location_x,location_y,location_z,dbh,dbh_approximation,score,reconstructed,number_clusters
-0.061704100747171552,0.99370626951191598,-0.093490394606580457,-0.98973313180738876,-0.048819118079872645,0.13433175913625656,0.12892219263463026,0.10081936144716783,0.98651635800105419,-10.319159204682137,22.939402695303368,-7.6647027131350258,,0.5191102925073786,0.4285714285714285,False,3
0.91174476996991971,-0.25921046318602065,-0.31863993818632624,0.33649294263213153,0.91622698204610686,0.21748705002700969,0.23557158994935334,-0.30551277083874989,0.92258765050436387,-1.0804972414210015,-7.2721627434649658,-0.95017656121418592,,0.07674101524458161,0.3396226415094339,False,5
0.95822806581433195,-0.040524343335867657,-0.2831196769617445,0.11409833371291064,0.96189117127743118,0.24848932544974642,0.26226045094459643,-0.27041292908389097,0.92633487662648706,4.2668046042257659,-5.7022784194847258,0.10124950235191529,1.072687732068134,0.5937185994425546,0.2738095238095238,True,3
0.91523057932729679,-0.24761624542015914,-0.31786660986685211,0.32494334928402868,0.92005379513520202,0.21889000391381619,0.23825365982561475,-0.30362346592669071,0.92252262005783081,-0.75593904490451502,-12.776990180250507,-0.053803473493317371,,0.0849346863404723,0.2903225806451613,False,4
-0.90795812880816451,-0.27464740312700936,-0.31651357046225953,0.3200273028976699,-0.94205286107970998,-0.10059290398222229,-0.27054493477280389,-0.19262712915662628,0.94323922065489663,7.7895634032835517,-8.5341007849349584,1.3729174324828106,,0.360055042937452,0.2950819672131147,False,3
0.7745014471127728,0.60824284291130659,-0.17374738118139088,-0.55101298457022918,0.78360253441325123,0.28696996166173416,0.31069631355268512,-0.12652158751889067,0.9420510010803399,-9.0068479902440242,-14.001891604990638,-1.9379507735863903,,0.3328552828504294,0.1739130434782609,False,2
0.76681055481572802,0.63494648473747262,-0.094045385547199295,-0.56226340733875968,0.73513003066758664,0.37873961870720679,0.30961497669040938,-0.23754325822931499,0.92071264066417469,-16.14172396355351,6.5958510626941687,-6.7122801779701069,,0.08461213081077454,0.1785714285714286,False,2
0.8665796980506284,0.4531662781130788,-0.20899749115150151,-0.38583930956994189,0.87402595378593073,0.29530773660570642,0.31649273943816297,-0.17526824153204207,0.9322625109877547,-10.985411255274167,11.942702199480822,-6.1836252845963928,,0.0797454456977978,0.3214285714285715,False,4
0.96037581122996918,-0.027862570150062979,-0.27731205958092064,0.11054801538371879,0.95145523574818847,0.28724914388398248,0.25584651160236732,-0.3065234274113362,0.91683474571424683,22.133206929745267,-8.2129763364370678,4.7453873307502885,0.2372476593498733,0.2297600012134274,0.3636363636363636,True,5
0.81575285742397641,0.53051670027970121,-0.23043286729317691,-0.48537787285522566,0.84455919844974636,0.22611519377622125,0.31457208418286842,-0.072607100467235952,0.94645264689501851,-9.0869735692482561,22.695423473872324,-7.3467434656750594,,0.08864860622913291,0.3636363636363636,False,1
0.13695370670201334,0.98897187804872133,-0.056376472480662659,-0.97206980924754116,0.14512716281796584,0.18444075623857145,0.19058847858679029,0.029542021616532133,0.98122540773707034,-18.822510696136185,8.714061885253896,-7.6561846580630091,,0.6171815824172894,0.3142857142857143,False,2
-0.92092430382058543,0.32127000129069749,-0.22064453970865891,-0.3054107248798365,-0.9465745891558297,-0.10354147136701,-0.24212128316392079,-0.027966648622023263,0.96984284850892688,-13.317736784706721,-9.1252817863390661,-3.6950520921170815,,0.3974910452670607,0.2058823529411765,False,1
0.91193839163562385,0.32036014123952122,-0.25639373971691426,-0.26333381564476666,0.93613002278772672,0.23305767949891124,0.31468026852505182,-0.14501710361348169,0.93805456571595924,-18.414993071740625,19.646014207732325,-9.2873769458235191,,0.3213639514790259,0.1578947368421053,False,1
0.90822493286523676,0.35953650782918056,-0.21415174727266045,-0.29619774865618964,0.91378645124273783,0.27795901715218374,0.29562537951424345,-0.18901804427937799,0.93641754251181042,-4.8377544686496536,-10.15933290944727,-1.4913174049810136,,0.2609481930894709,0.2727272727272727,False,4
-0.35901903605081309,-0.76344265045200066,-0.53689910711787381,0.89941369920606984,-0.43666389001218386,0.019484476895258993,-0.24931973334174606,-0.47589911392043227,0.84342142724509261,6.9405846623768346,2.421893600756226,-0.49537611757249383,0.7450306909679754,0.3497937302776312,0.273972602739726,True,4
0.94181569617308347,-0.13579271947510613,-0.3074793192713382,0.21246606798176532,0.94934354101113216,0.23152756012365522,0.26046374872211725,-0.28338521217240681,0.92295799315224625,-4.3225616338443711,-5.9443277018143394,-1.907446379017091,0.4488876987193977,0.2833938815768848,0.5782312925170068,True,4
0.13433547185647521,0.96334935043999936,-0.23218959926733929,-0.97647785829602174,0.16857022021568072,0.13444356851128869,0.16865637627647168,0.20866746239715073,0.96333427058213861,-16.716072650759678,12.509562788423896,-7.6609063405989799,0.3031398683133402,0.1943768181593728,0.5625,True,5
0.22066164304704899,-0.90858424554491612,-0.35465914345375582,0.97342767892698945,0.18233053475489938,0.13854288142956103,-0.06121268811765862,-0.37580612667114321,0.92467440862708117,-27.114441077034865,7.6740782153522531,-9.7202142106780638,,0.09309576916312068,0.4761904761904762,False,2
0.79041867034113211,-0.49271317957003169,-0.36396709776317204,0.5905701052025899,0.77073168830271022,0.23916441099598351,0.16268151836382222,-0.40398810294864312,0.90018239055138016,-21.743982100664827,14.279761116865291,-9.268217653279919,,0.1955109107246703,0.36,False,4
-0.22132194275741096,0.97488168413648013,-0.024945933322023717,-0.97328440191302423,-0.21921184845836542,0.068290837513349814,0.06110704253106522,0.039393748624473257,0.99735352905698382,-9.9316131478584317,-5.1225349234610169,-3.4069348845528129,,0.08800289706775781,0.2244897959183673,False,2
0.51019809289961737,-0.7428409873971098,-0.43345723369725864,0.85993372079383945,0.44913099859751893,0.24247750811252122,0.014556848671871875,-0.49645605398834819,0.86793979319712145,16.734892342377194,12.742019786740716,0.11308354851859261,,0.4101019504771888,0.3529411764705883,False,4
0.54646742624139066,0.83416036472895116,-0.074497234662588369,-0.794060894892894,0.54435201565127012,0.2704591988790459,0.26615906383027055,-0.0886418014915199,0.9598447706631168,-14.092997225262144,-11.105830463257627,-3.6712327822511783,,0.2931254281248052,0.3793103448275862,False,2
-0.81745721528261217,0.53061127718285239,-0.22408787050793033,-0.55024441860553752,-0.83441009590540582,0.031478113739311711,-0.17027853938723697,0.14903511122387617,0.97406044712155082,10.692618795716285,1.4150735565087413,0.41230162871244203,,0.2090496812110861,0.2727272727272727,False,4
0.68543064985248525,0.67846874050922579,-0.26431986757454307,-0.65994072650089453,0.73224511206160214,0.16821216771495148,0.30767362862011893,0.059137670005809662,0.94965239653149547,-14.986727689740095,13.665506278602193,-7.4353908819005543,,0.0888494776230442,0.1764705882352941,False,2
-0.79755068987013422,-0.42534640250173128,-0.42777720248572049,0.51569623286381683,-0.84865781063839896,-0.11763212083656521,-0.31300206468606845,-0.31442067095099768,0.89619715977065195,4.808999413133388,-8.985211885054575,0.73601173701585043,,0.413488117504511,0.3125,False,1
0.67902616457573406,-0.65567468454116218,-0.33017294842766459,0.72796627204173237,0.65947843514956939,0.18749213408124474,0.094808093490126158,-0.36766683508922066,0.92511216821758702,-20.044162317755276,2.0204169339134515,-6.9241160076939305,0.5737834586522659,0.1712221404248906,0.5384615384615384,True,4
0.64191021172414664,-0.69377740773878493,-0.32653359489570694,0.76048861789624311,0.63047002445605538,0.15544970348200465,0.09802215124411201,-0.34810983435351728,0.93231496882322096,-12.523882551147826,16.138038885843283,-7.279282029114281,,0.07172253081470151,0.4,False,2
0.76678800335778818,-0.48831162743416695,-0.41663882730630458,0.61792731716219518,0.73726040193901599,0.27315367549687602,0.17378719346174246,-0.46690347422707856,0.86706352543707843,-4.2107016979308849,-8.8726355945258906,-1.4366745032594441,,0.3158388434251406,0.25,False,3
-0.93673822426902076,0.3052016408007765,-0.17138686544141893,-0.28872375655783977,-0.9505269976471179,-0.11461683621128355,-0.19788908911926023,-0.057882512008971515,0.97851393613534188,10.180323464685257,-7.8214419283445462,1.7674117635872466,,0.2944121813423066,0.1428571428571428,False,3
-0.85972196177429283,-0.35918448499448452,-0.36313173116956937,0.40061416941737688,-0.91522870344397522,-0.04318226087510324,-0.31683818536436958,-0.18260045490498422,0.93073661052067047,-16.093309659741937,13.395035297622723,-7.7057661786939518,,0.3174850885795899,0.1,False,1
-0.73273475847399783,-0.50142611135110449,-0.46007785056375139,0.59445566270502126,-0.80070894610531063,-0.074078665652509007,-0.33124347359908179,-0.32777589673774388,0.88478286755326685,4.2347003031839119,16.434629480142316,-3.3302085320613051,,0.3537306264124707,0.2857142857142857,False,3
0.1756521438523819,0.96649198788147039,-0.18718857262393229,-0.96301908954848447,0.20815416776180709,0.17107330478071936,0.2043050599600254,0.15021677604153433,0.96731296004468847,-14.553335347190684,20.524983290434395,-8.4253901469397761,,0.195937638428279,0.4545454545454545,False,5
0.94246300670353145,-0.023977753722896351,-0.33344946891807026,0.12693298359547889,0.94839824820061902,0.2905663099630556,0.30927576476485963,-0.31617373410263033,0.89687383237148244,-36.320890785423984,5.7585913087973957,-11.850480160481906,,0.4790586497196411,0.4,False,5
0.92268019052568195,0.27396861039341391,-0.27129774516312066,-0.22524382450714792,0.95408927585271808,0.19743067954152804,0.31293207814617674,-0.12105723531428503,0.94202901242221704,-0.39568529297009253,8.4264365984067222,-3.0959953392638813,,0.07528735339008932,0.2352941176470588,False,1
0.51781236165317635,0.83837270967493893,-0.1702984374310596,-0.81814160039303196,0.54347198766176719,0.18783641908132742,0.25002935792720099,0.042064216375301777,0.96732410384278278,-6.093754043682921,-9.5138238913242574,-1.8607803647754007,,0.1869180863435406,0.1875,False,3
0.59530963777960211,0.77301401843700235,-0.21921624590024347,-0.75593106647272623,0.63129791232999422,0.17329503348104666,0.27235024859200108,0.062548166940912503,0.96016304287563881,12.427579630861064,3.4565791337300831,0.53317913418128648,0.1745169751212862,0.1011445155985916,0.1538461538461539,True,6
0.95154730912683838,0.13604947443280246,-0.27576848804754783,-0.06224666744774985,0.9634559940694295,0.2605338747328948,0.30113629951422577,-0.23074463807041043,0.92524258501034895,13.736847745246841,10.355956142804551,-0.23851323119677498,,0.22734537667437,0.525,False,6
0.93649582565128531,0.19645931023668484,-0.29048116627252224,-0.1508110834250444,0.97345545809135825,0.17216413165438721,0.31659372333304858,-0.11742321122108237,0.9412652143857474,-6.357427024647003,12.060567872817014,-5.0451540286688248,0.382824844885945,0.3017578206175052,0.7552447552447552,True,5
0.95461479688343953,0.11419726862115159,-0.27508103062671913,-0.029149826729553133,0.95496425629589998,0.2952855512869797,0.29641335525381851,-0.27386539218507877,0.91495184014815023,-15.175554283969461,6.9418452467523339,-6.4595346017889526,,0.08367715507316423,0.2363636363636364,False,4
0.50277647012527593,-0.78231231650026078,-0.36769995994066135,0.86357424140636185,0.47335123382874772,0.17371856265877056,0.038149058544014597,-0.40487781969971931,0.91357462773842812,28.631932322193776,-7.8896463433188426,6.3165395488699643,0.6450871867351965,0.5081675534939848,0.9245283018867925,True,5
-0.11980509223711613,0.98799604889820858,-0.097522034615696057,-0.98432068089120728,-0.10539879168199637,0.14143511544819884,0.12945863062741825,0.11293760256665639,0.98513225552844941,22.334753496959866,-1.1855573607326719,3.7291628369450609,0.5663311091145186,0.5720486638606258,0.5333333333333333,True,4
0.82268166858199865,-0.46355445818611252,-0.32910809238746885,0.53812816793816631,0.82166365998666002,0.1878480895001057,0.18333834037279745,-0.33164151451998081,0.92541934213427923,-17.177978367015069,5.2619524260696675,-6.8214127210611712,0.1194922569816245,0.07484504964807351,0.5208333333333334,True,5
0.94488224096615892,-0.069161583028681528,-0.32002222757136212,0.19897316954602404,0.8975301622016193,0.39350893984653523,0.26001390060452351,-0.43549544586746447,0.86182161038182326,0.78394940083207487,-9.6311977161415641,-0.09170403621875696,,0.266332907542436,0.21875,False,4
-0.91788856099598481,0.27662478810830193,-0.28453350628134716,-0.31704781507661933,-0.94240315251812168,0.10656913755420847,-0.23866560822175886,0.18802931879880622,0.95272435820870827,-16.049181639589047,11.74590268039575,-7.3828551138905425,,0.0953947496523572,0.4242424242424243,False,2
0.93875059103325031,0.19899437019270722,-0.28133355375128949,-0.1402207824603468,0.96635294054045429,0.21563887978521956,0.31477843001217531,-0.16298231480876724,0.93506754037269657,5.2757001610566601,5.0992758194995078,-1.3321018972332475,0.6607981836129431,0.2511107679412773,0.575,True,5
-0.40467241693779121,-0.78773830011513946,-0.46444440517831409,0.88460964991470126,-0.46592498438282154,0.019485281770047103,-0.23174555496819621,-0.40296684660103099,0.88538789143115393,3.237537762076967,16.79450989602374,-3.6482149161048283,,0.3225920979306481,0.1764705882352941,False,3
-0.96018078203595292,0.11329005651425175,-0.25537859915001127,-0.1122776201366138,-0.99350298959963024,-0.018588858842169959,-0.2558253346040667,0.010824636326154793,0.96666241543939346,-5.1525816372452908,3.7781343744356488,-3.5756396089012625,,0.263275818526316,0.3010752688172043,False,5
0.5744840261994375,0.79406131133507918,-0.19858181558868182,-0.77170348688264534,0.60631748753902959,0.19197091612409567,0.27284030489436456,0.042962054713107184,0.96109959415243573,-15.576029701600621,4.5439756406424525,-6.305383479690696,,0.1066050936804705,0.2857142857142857,False,5
0.89386467715123641,0.35919675335710777,-0.26829765433008984,-0.31875815961506215,0.9299856323238157,0.18308456884754309,0.31527634643298852,-0.07813076250098494,0.94577820303223303,25.313423708060803,-3.214259913269486,4.7491203291312667,0.1995324370780629,0.134783923165704,0.2631578947368421,True,4
-0.047071821876675496,-0.94770404955372378,-0.3156600672316387,0.98920944545295808,-0.088118862313686694,0.11704588472557365,-0.1387404649403384,-0.30674435702065267,0.94162571270336715,-9.0514267829220021,11.660445851529847,-5.6626720129308055,,0.1109314403359587,0.5441176470588235,True,5
0.9550262963353926,0.063797707359162625,-0.28957663207451401,-0.0055181277984760885,0.9802348642614388,0.19776036294454805,0.29646976839722367,-0.18726842612163525,0.93650211585688536,-12.773229991498333,9.922966674864611,-6.3925439860978708,,0.1996246507651381,0.6535433070866141,False,5
0.053971184332150202,-0.92968015876898358,-0.36439252688970247,0.99214836734059964,0.0086959342994967943,0.12476376841872411,-0.11282166655907566,-0.3682650989680345,0.92284998154461495,-8.2551349108362366,1.7908269022594907,-3.9261202656671403,,0.08368186283417509,0.3707317073170732,False,5
0.40747053746568246,-0.85092420480535369,-0.33150529222593916,0.91321111819326106,0.38111739828104141,0.14420465434827209,0.0036352036590119041,-0.36149346661297688,0.93236755568310659,19.174288469704013,-2.3074106226964832,3.1019078503194941,0.2249484714656458,0.2172240840239279,0.4074074074074074,True,5
0.52569901007922637,0.81130907190636981,-0.25576970235770186,-0.80846701977606961,0.57002814101868449,0.14645475882054618,0.26461600241883132,0.12979024728079039,0.95557985693225533,-4.2274405019028629,-2.9121546209359246,-2.3287706956394301,0.5808519683064286,0.5048941702664298,0.4391941391941392,True,4
0.95484095792415391,-0.042127978624159068,-0.29411558695099232,0.10158475257919554,0.97653030951768394,0.18991864741704506,0.27921189644051325,-0.21121976235745238,0.93671069646703264,-15.784953307806353,7.8862316141961513,-6.8063694592581605,0.4697919352712321,0.2544608433246323,0.4895104895104895,True,5
-0.23406560442165178,-0.82040229452610058,-0.52168320651812849,0.95009272702085212,-0.30685037165035611,0.056273079532928233,-0.20624524937270119,-0.48247582794824839,0.85128137096781631,-13.682464189579804,18.724713773808059,-7.862433016094224,,0.447157380180195,0.40625,False,2
-0.92134503687015734,0.28005435886293861,-0.26961616998355004,-0.30387406017432039,-0.95138923418712384,0.050190443572586937,-0.24245386898934754,0.12817207634546568,0.96165900414720296,-14.831457339745697,-9.291988822635048,-4.0820965930103092,,0.4014459929966337,0.1935483870967742,False,1
0.39719664044799385,-0.72463194043926438,-0.56315484523535142,0.91773352792916207,0.31363735831865414,0.24371454446050003,2.3054718282566888e-05,-0.61362868117626446,0.78959473219263399,-2.099806473534477,-8.7855884385650178,-0.95572484952191883,,0.4382759113328212,0.2642857142857143,False,2
-0.89067108412494322,0.36267810112365301,-0.27417077683268914,-0.39941786963500542,-0.91226214653915128,0.090791747466466552,-0.21718744282285915,0.19037429174424297,0.9573856295782518,-25.106455820179878,15.622643913609989,-10.384870002917976,,0.1008356374352547,0.4,False,2
-0.90935238636466575,0.35821272949094024,-0.21157003058925367,-0.34106488818530178,-0.93311041042471721,-0.11392850391435252,-0.23822883843068801,-0.031442048083187887,0.97069996299180883,-16.485518422395312,2.6041394507297499,-6.164031243803155,,0.2446873659099134,0.1886792452830189,False,3
0.85020109911680108,0.50457166520742303,-0.15021826030942925,-0.41947743119989883,0.82168670555246881,0.38583628993689101,0.31811440673838931,-0.26502526782957642,0.91025536616783742,-20.864719950338312,6.9466614424031494,-7.9120628800754558,,0.133775240196354,0.1578947368421053,False,3
0.94655054053991328,0.16535984540671278,-0.27694439104388158,-0.110151424708662,0.97269090706821038,0.20430140220143986,0.30316453921633091,-0.16287578344827877,0.93891572642482646,-8.7540955522617612,-6.0766964813880833,-2.9594246323364239,0.9960413103942045,0.380850971551167,0.8036253776435045,True,5
-0.9227696917064141,-0.23064168635415877,-0.30870780453976143,0.25662270142779159,-0.96542630766213688,-0.04579119550476235,-0.28747327733191513,-0.12147615811163391,0.95005402890071744,-7.3152306184381946,8.627195377714493,-4.7792882690949403,,0.2987484718485842,0.2,False,4
-0.38721614928443038,0.91222025306212629,-0.13385762449934788,-0.92179880119036894,-0.38598305073717282,0.036111697102520768,-0.018724952799324776,0.13737283008985313,0.99034240628974768,-23.327148090211793,11.540522187963852,-9.1984256288817452,,0.2538877094230795,0.2857142857142857,False,2
0.80335150126359645,-0.50301857362144342,-0.3187454784140058,0.57044058030945122,0.80367684666011041,0.16941390284943314,0.17095002121597286,-0.31792426886651637,0.93257720833824198,-7.381280988831243,20.682122621089569,-6.7102262076523118,,0.0726744664919553,0.2352941176470588,False,1
0.51722224228298586,0.84037058492528383,-0.16204453733494803,-0.79646022779185366,0.54192558662994716,0.26826808252480772,0.31326068638357696,-0.0096921900582199183,0.94961771456642818,2.2933803468222513,10.926174872068806,-2.8431438399255655,0.6378392090961837,0.6524150278376749,0.8934426229508197,True,2
0.12465059331621049,0.9786469476528048,-0.16343922857063564,-0.97195247788030958,0.15354719957293267,0.17813376503525596,0.19942570127303677,0.13665068369078048,0.97033807526995419,5.5062004179622885,13.84879685504953,-2.6760250562675965,0.3753561296305956,0.3945105755261613,0.3333333333333333,True,5
0.71401109351049497,0.6678843338459366,-0.21004445945351047,-0.63132540604976817,0.74387992458509156,0.21925074566663288,0.30268199487257746,-0.023941061013432408,0.95279086665307033,-26.315416939345994,10.649389369691825,-9.9094560067083748,,0.1051156492003692,0.3333333333333333,False,1
0.81683272433012066,-0.46506757456308556,-0.34131576516979367,0.54366039261607679,0.81846788641046275,0.1858593457841784,0.19291883776336116,-0.33737585865737113,0.92139017361334763,-9.4663041368451335,13.120823065285155,-5.9971982000907396,,0.1354617324845228,0.3055555555555556,False,5
-0.44926082839446763,0.85537637852185178,-0.25786810414853112,-0.8932170092284839,-0.43590320174296993,0.11023508123619097,-0.018113047651859088,0.27985648067727281,0.95987096410282768,20.905509916881829,-2.2956216453788061,3.509746147279253,0.1450925396757897,0.1121156745334145,0.6,True,5
-0.043480824348605195,-0.81700731006231753,-0.57498562870623249,0.98860972929623026,-0.1181892413234755,0.093177821267807409,-0.14408407634016998,-0.56438493826475988,0.8128403412756301,-10.132544129700941,-13.440937822748728,-2.3089068289876042,,0.1548243756350856,0.3333333333333333,False,2
0.85827483563761242,0.47989211909506113,-0.18184570531546768,-0.40691194660696173,0.85229250529939249,0.32866419506696681,0.31270908880261433,-0.2080890180690364,0.92677504624331664,-2.3414666794597006,-5.3208608584858386,-1.4709539790425319,,0.3696554660751246,0.2733333333333333,False,4
-0.86600890406074438,0.4549768739807783,-0.20742377450569446,-0.44926384924309537,-0.89010085972617425,-0.076697152998036339,-0.21952351092943856,0.026767585946551375,0.97523993175618495,-1.1637118746790684,-4.5241386463110898,-1.3399073021041741,,0.1778976309934739,0.3048780487804878,False,3
0.14392404873207348,0.95164074556869449,-0.27141436876117608,-0.97478511361847864,0.18359730703903307,0.12683063949939399,0.17052815153040857,0.2463167071505197,0.95406930005851653,7.1734135078895065,4.8164931572389582,-0.83878502130897303,0.4809450772379945,0.4059938880336394,0.9096774193548387,True,5
-0.93618068746393401,0.22476407386657984,-0.27027177344009751,-0.24169938180822537,-0.96986708938519262,0.030646986165315901,-0.25523935678707227,0.094015637137627381,0.96229617619552466,-2.1147511712952789,-12.297873825860398,-0.5069283816901079,,0.6064532226052298,0.5483870967741935,False,1
0.96455709214817764,0.017446131958802041,-0.26329688275087326,0.074583786267756871,0.93909952572850697,0.33545393067075235,0.25311435125772019,-0.34320214634551527,0.90451390919720742,-7.2102970836160285,2.3374315752013688,-3.7728257693742169,,0.2495679359467908,0.2365930599369085,False,4
-0.48993578398559606,0.85059936908767064,-0.19090217620047228,-0.8692491766821886,-0.49327159969603906,0.032999966221912896,-0.066096871391588513,0.18210942381152972,0.98105420918075481,2.5700249301494513,-11.593871510370187,0.59652526259630623,,0.6493307524194891,0.6271186440677966,False,4
0.048338299772423279,0.99093986757582042,-0.12530597601042942,-0.98816491111967353,0.065729061169978661,0.13859941900874162,0.14557993408076153,0.11712330838278157,0.98238923723059624,-8.3773290672073752,9.6022285541332781,-5.2656553904699699,,0.09099728983471415,0.2222222222222222,False,4
-0.47346249771631838,-0.81311605029197864,-0.33863778881542,0.84854337021537607,-0.52417267969568859,0.07222984649140396,-0.23623592470188773,-0.25315072707423286,0.93814033985434753,-10.289378782666295,20.652077300295289,-7.3812241675749419,,0.1134275070743336,0.2692307692307692,False,4
-0.95613992267875125,0.025288993593508561,-0.29181657777258074,-0.025393431459167393,-0.99967164945749465,-0.0034302929410897909,-0.29180750829716789,0.0041303842388577851,0.95646814794191592,-4.1320372176633864,2.2609475712820295,-3.0516575970094659,,0.09355393046686597,0.3044776119402985,False,5
0.27086534538285162,0.94156889846652225,-0.20019983544241154,-0.93742548272069171,0.30527712263812495,0.16744952296039939,0.21878169259905345,0.14231615450934329,0.96533967242062835,-1.0290097254249422,15.484556440382951,-4.4089569495265311,,0.1150382929076013,0.1666666666666667,False,5
0.82211229081521087,0.53704295617158704,-0.18898741893852727,-0.4736732842385365,0.82936775508945348,0.29628153269577345,0.31585598156318367,-0.15405839816238787,0.93621632589182846,7.9440744403579124,5.7085836559325482,-0.8395575969659903,,0.09184131812664798,0.2424242424242424,False,3
-0.94183025535309572,0.18417236904566694,-0.28113396909948346,-0.18499999663809061,-0.98244938337297538,-0.023837163295302333,-0.28059004142240884,0.029559221744949439,0.9593724412679383,1.9686213231344558,-13.664733462568444,0.8198214157228142,,0.3874175882716477,0.5,False,2
0.87652792268400948,-0.27826775018203825,-0.39276692829702697,0.39226433293414636,0.8858459519515931,0.24780161928184621,0.27897579440335751,-0.3712734957138773,0.88562322548441152,-6.2734965938064491,21.744825835102827,-6.6038509212518823,,0.2923918340596897,0.6666666666666666,False,2
-0.95466608066177794,0.084865433090894477,-0.28532531030418068,-0.11654662419535829,-0.98854191455215379,0.095925844078797118,-0.27391524021592517,0.12483085131432324,0.95361821487301468,-10.559472968033878,16.59243594890059,-6.8054689202958967,,0.1442641626550766,0.3636363636363636,False,4
0.94675265804887976,-0.042191546130897345,-0.31918533473903005,0.18053537170494349,0.89042374416332293,0.41779484845259718,0.26658279021861137,-0.45317262634150257,0.85062811304000874,-13.55050555105824,-13.458870453040515,-3.2196672068419492,,0.4284615630906849,0.1666666666666667,False,1
-0.011267346903657053,0.97500336721746395,-0.22190421539114571,-0.99188735041712739,0.017203035841341099,0.12595054442253065,0.12661963108555871,0.2215231127274282,0.96689967398448728,-31.687568244310032,7.6645837185240797,-10.85046201437946,,0.258910122599383,0.7659574468085106,True,3
0.90234018679462535,-0.23151320838992856,-0.36357093068126672,0.36898073793240488,0.85089650286130714,0.37393629999407063,0.22279004091363433,-0.47156842107948571,0.85322202380757972,-1.6773046410878441,2.8923682289439361,-2.5973917182769677,0.7589752451263908,0.6426990118932625,0.2833078101071976,True,4
-0.51546344949285561,-0.78621673152687244,-0.34082353689868333,0.8145712546531958,-0.57304675519115533,0.089950472247823599,-0.26602838820254593,-0.23125887535852563,0.93581420658070025,-13.015938799809211,20.274378698291958,-7.9716736137461552,,0.1964071780653482,0.2631578947368421,False,1
0.32712919837602383,-0.8850134660111334,-0.33126673927338574,0.94471752935296638,0.2980296235531541,0.13670088960205395,-0.022254826512191128,-0.35767234791597524,0.93358192689939457,-4.9947395383697186,18.30974019144579,-5.738642069401716,,0.1221683848141336,0.2,False,3
-0.60457056950943078,0.773900912691452,-0.18860488810839549,-0.79289820830638524,-0.60733648038529042,0.049546249683823748,-0.076202741076464547,0.17949868224737869,0.98080240891011672,4.1886052657714528,18.011415097952625,-3.580935768811671,,0.3425034779933107,0.5333333333333333,False,2
-0.76005323893568144,-0.57324509465783047,-0.30611947901777647,0.57052938701570033,-0.81414124364355844,0.10802894959226977,-0.31115155878585732,-0.092542405681153406,0.9458438616472995,2.8572148308267034,-9.2506889165875386,0.30786680280632661,0.1952348404545338,0.2107946850183119,0.6216216216216216,True,5
0.76498705777395348,-0.54043757027062944,-0.35031704794133195,0.623820721066629,0.75700572710149916,0.19439659745850082,0.16013278679352883,-0.36724591457974054,0.91623573867112873,10.343930203420989,9.6933351790444533,-0.87271635255614555,0.7632947034992311,0.4183592120445062,0.8246753246753247,True,7
0.52492201162684937,-0.66932818844071151,-0.52579145853493769,0.84977153565197794,0.44726721155125482,0.27899888649749849,0.048427460240042297,-0.59325527189384519,0.80355644696863637,2.9683491574088396,24.211250986442089,-4.8637751153723681,,0.1133409294587406,0.5,False,2
0.95666611183346995,0.050972259096702111,-0.28669108683739941,0.010193421847461734,0.97809380112569466,0.20791491132318929,0.29100866760368199,-0.2018275129957971,0.93518961199184658,1.0355342804802943,-13.188414205148266,0.41543481493352957,,0.119957197673646,0.1176470588235294,True,3
0.5888631210485068,0.77911633705094296,-0.21498362265375989,-0.75681308431847316,0.62489560522107956,0.19167534525791521,0.28367971389116303,0.049831876501924693,0.95762341450641519,-10.44997406587661,8.6774336153032134,-5.5906964868878175,0.7299796082622565,0.5211414651618848,0.5852017937219731,True,5
0.48813779576151128,-0.80858301039913005,-0.32850419729886449,0.87210945457587974,0.4665027062718779,0.14764932875016035,0.033861358337375747,-0.35856483421397034,0.93289049093484333,-5.0116971537310873,-6.7415610808255257,-1.9624462314942066,,0.0753607225041727,0.2,False,5
-0.500187502238024,-0.74153679097562042,-0.44714164448691929,0.82509562284430327,-0.56482637810963021,0.013725004726009765,-0.26273499151818097,-0.36206953782545259,0.89435785567680082,3.0824357882105398,-10.325535103708894,0.57110980904835273,,0.1095393229554573,0.375,False,1
-0.8075587439524361,0.56908204465525247,-0.1549015865540449,-0.56680613590705908,-0.82144733281328319,-0.062889456286812334,-0.16303275549432233,0.037012239393741306,0.9859261710549061,7.9139457649725768,-9.7421163361606329,1.5752140874207547,,0.2506463766234729,0.1538461538461539,False,4
0.7756080730663194,-0.53511532064067158,-0.33478905389809704,0.61192702278548428,0.76754594701309065,0.19083641688281638,0.15484649101366627,-0.35288073458239338,0.9227663579592319,-9.8856053185027548,-7.2957720704391082,-3.1334823112677053,0.4149237466673567,0.2542961381323298,0.8695652173913043,True,8
0.39765055687765716,-0.81557099801059385,-0.42037837934281697,0.9175367094982243,0.35378365765399966,0.18155855887324279,0.00064910558494651882,-0.45790945696825447,0.88899859835715045,-5.3312409240551748,-8.564449207867483,-1.763689262111958,,0.08793019943943046,0.3703703703703703,False,5
0.83814362496877681,-0.45095976014232642,-0.30683963019234167,0.51447424093085403,0.84047134449082783,0.17007108663262197,0.18119470009583383,-0.30040508288335366,0.93644287964350792,-12.705832670381159,7.5338586674118817,-5.9838707770940669,,0.3433689495357692,0.6917293233082706,False,5
0.79090564859612644,-0.43431522113749893,-0.43108994851077898,0.58314752445466667,0.74846455581768345,0.31581604361880011,0.18549183200651892,-0.50116972910673996,0.84523469100951032,5.9144791678547772,-12.199200719478799,1.5645770797638998,,0.3688248669267888,0.15625,False,4
0.88209175988780109,-0.34714186253555074,-0.31844411505535958,0.41913076425829876,0.88692706905293661,0.19413855009611639,0.21504308775288891,-0.30471774063305979,0.92784889338360843,6.6473408992748579,5.4484302752478992,-1.0192184117185321,,0.0744077898073145,0.1320754716981132,True,4
-0.7411318415073026,-0.57229439513731695,-0.35100244842223838,0.58344052011094216,-0.80769607171546365,0.084995383569230906,-0.33214568038236897,-0.14179626592340133,0.93250901656418983,-16.775754609893333,13.48178790809294,-7.8584911660184673,,0.3109702187772617,0.2413793103448276,False,3
0.9541140129030663,0.10917134791427661,-0.278833403982715,-0.021316123912123622,0.95357156387449138,0.30041121056198933,0.29868390188185723,-0.28068289824023285,0.91214310137833765,4.4586034170573123,9.8591780707584942,-2.2049790616260978,0.2508562978951679,0.1325605392218782,0.3571428571428572,True,5
0.34038000450293615,-0.82135865738855018,-0.45772416198782684,0.94004099195490853,0.28609370029777359,0.18566994397144157,-0.021549616678995812,-0.49347781164182525,0.86949138203790288,0.53574718968210255,15.904799764517509,-4.1314819314248066,,0.2642842387570339,0.2631578947368421,False,4
0.89817386338497918,-0.26775584803302155,-0.34869831800027135,0.37747513560654639,0.8762724097486253,0.29943143774853809,0.22538019684728344,-0.40056643613445031,0.88811615068729888,-26.93439222929474,9.1842032542506491,-9.8617668162398395,0.1625116691098372,0.189614503391392,0.4333333333333333,True,2
-0.096242181384986997,0.97935560815344724,-0.17776398763712187,-0.9888654702968549,-0.073712167301734577,0.12927334623293854,0.1135012078210597,0.18822621807302142,0.97554516382025491,-19.271115061141376,3.597384994870823,-7.0417803349756571,,0.2362690430948053,0.5161290322580645,True,5
0.83198137299159669,-0.43124964515883074,-0.34904260276562304,0.51671513747386355,0.8313878769162597,0.20444966329647213,0.20202094371719054,-0.35045390804934251,0.91453244700915826,-18.403872601069377,1.2539516961761465,-6.4913884975405916,0.3878720595572282,0.2470909515628468,0.8356164383561644,True,5
-0.12905153007988721,0.95493136421078684,-0.2673046805249884,-0.98695641382955646,-0.097525909502225797,0.12808487098976831,0.096243128506620715,0.28034761747211223,0.95506150251853883,-4.3663926073159214,12.457961031667196,-4.5668164189957539,,0.08637733068259681,0.35,False,5
-0.53233470404116168,0.8413246815233435,-0.093768561538786238,-0.84472937299208684,-0.53515984006146378,-0.006019301436571256,-0.055245355260006609,0.076004775146257059,0.99557582577981596,0.80289730569079309,-11.098124427045418,0.07596386459126829,,0.1866892170707835,0.2,False,2
0.019752526675048811,0.9819204754869576,-0.18826050438001157,-0.98965310830885822,0.045967231364280089,0.13591813291579602,0.14211461186157018,0.18362786678542986,0.97266861964148166,-11.397620462783072,13.633616913685037,-6.5606378505645706,,0.1255865933066578,0.293103448275862,False,5
0.31705731455212072,0.94789531384484782,-0.03113090554375697,-0.92266042863042841,0.31588038919587547,0.2211725868207351,0.21948210115749955,-0.04140113177727206,0.97473768448698506,-15.35581077613227,-12.480221876320048,-3.8317221093318672,,0.2704847455367447,0.1666666666666667,False,2
-0.36316062803574917,0.90589675697953465,-0.21786560981174113,-0.93169907097417581,-0.35128675195666376,0.092382135965752482,0.0071553749403932415,0.23653474077542813,0.97159668433757174,21.975969400293387,3.2252994101736499,3.0332274940794686,,0.2743617250871096,0.8518518518518519,True,5
-0.25382631835878544,0.94912136312957573,-0.18638894323290972,-0.96602261935031863,-0.23904914403982469,0.098263958995027795,0.048708305369555005,0.20499791409885976,0.97754966943022525,-13.255403110010494,6.0411652591132787,-5.8493034792073519,,0.07287993347572144,0.1428571428571428,False,4
0.20063270595043664,-0.91844714128403737,-0.34088321456209297,0.97773683765699004,0.16589566920039522,0.1284885334536211,-0.061458877239296383,-0.359073078366693,0.93128370049129106,2.5316577199177823,15.934712778589132,-3.6894256624830151,0.2401606524162749,0.2403933279259239,0.7647058823529411,True,5
0.85441288055081333,-0.4070878006745382,-0.32289030968864746,0.48015334980128382,0.85608579560608422,0.19123250569948941,0.19857338750061423,-0.31842837986502831,0.9269153017795454,-12.196476724062482,-7.1743777767420314,-3.69151903369842,,0.1885411237026084,0.4848484848484849,False,1
-0.18214459253628831,-0.84601652758882928,-0.50107821989818091,0.96594006928750176,-0.24921606316190176,0.06965009983438547,-0.18380187690730046,-0.47132514139246062,0.8625946215556477,5.1278660890028895,-16.214353756922954,2.0326503178273598,,0.2020845364590588,0.2857142857142857,False,1
0.54517062262755134,0.82836037045746758,-0.12887237438432966,-0.79788317086997063,0.55987376639983288,0.22343636977839246,0.25723809567474498,-0.018985846118415112,0.96616152882465678,25.305509623046095,-9.2109479173330229,5.683543048236694,,0.197020189426303,0.16,False,2
-0.93186782948736857,-0.17654675072908876,-0.31694414835030815,0.18727848985463863,-0.98230076455108872,-0.0034605202084618258,-0.31072353564586491,-0.062581568926866685,0.94843789023129244,9.4750307723752858,-10.531182432392145,2.0591333052603114,,0.4457519151447779,0.25,False,1
-0.95618506869234343,-0.026343845710211453,-0.2915752324924295,0.0083264980895222766,-0.99798746120441584,0.062862522287362416,-0.29264446661330007,0.057680404575215408,0.95448006112681871,-1.2991625421919057,21.092909717688961,-5.3235767227874966,,0.1455071445839996,0.3888888888888889,False,4
-0.14629111432135142,-0.89028994794517824,-0.43125713728399817,0.97384588029253549,-0.2062216968801277,0.095377215167654461,-0.17384795456913935,-0.40602514740303036,0.89717359990610168,-8.6027514355675283,-8.4217208710949425,-2.6528714482173248,,0.4827374693776311,0.1769911504424779,False,1
0.94038168961427915,0.21286307327375864,-0.26527644048170307,-0.13462289972357427,0.94919800710331181,0.28442893344580139,0.31234428553794363,-0.23175947736295521,0.92126466986650468,14.515486683986806,-8.7497333463341604,2.9980990829843459,,0.4716238552430192,0.2727272727272727,False,3
0.93978827153098576,-0.11057740517153458,-0.32337384272438097,0.2225225410225686,0.91614095478792912,0.33342085972104563,0.25938720752894046,-0.38530298263287832,0.88558448955734681,10.845245631570924,20.222180503206577,-2.5128603630495037,,0.1828470098866921,0.1666666666666667,False,2
0.95335260544530098,0.085064733142100252,-0.28962527663537802,-0.016609374998936732,0.97280126897297248,0.23104505999202579,0.30140162300956608,-0.21545691508985593,0.92883549640782015,2.7313361594185288,11.543436529538756,-2.8331827592227468,0.8027640692201854,0.6474649780928563,0.3448275862068966,True,4
0.95682959024447334,0.08220122025584739,-0.27878323949090478,0.015443614183994826,0.94343950009065303,0.33118484936608245,0.29023891884709291,-0.32119288450578809,0.90144134636110518,13.762044828877729,19.944140447735187,-1.8243500831612671,0.2027855718300762,0.1317893983294564,0.3333333333333333,True,4
-0.92369584208002742,0.28647889471269072,-0.25439307028350044,-0.28337056161173446,-0.95772650490538236,-0.049609138407884779,-0.25785095721350559,0.026263752319833175,0.96582767571558181,-12.364834553954092,-8.5611048403989702,-3.5323118603116841,,0.2334607514679786,0.2682926829268293,True,3
0.9314357722734935,0.20794381188187727,-0.29864154638850093,-0.11626767252885427,0.947694121602631,0.29725019798906838,0.34483217723119142,-0.24214711020338792,0.90689334905828067,5.433207021829606,-7.4791392152814957,0.62662580153101333,,0.4519684452865271,0.2413793103448276,False,2
0.57239076780390574,-0.73613199675381225,-0.36121806749953944,0.817165650631683,0.54856828853843109,0.17695517013559159,0.067890414349558087,-0.39646250284896201,0.91553720594751553,2.0464316946438355,12.856055045176916,-3.2308534265488569,,0.07111667304397906,0.2941176470588235,False,4
-0.21831009016525169,0.96095710064585904,-0.17000633885342273,-0.97403194588115183,-0.20385036214813954,0.09852308488394948,0.060020604254016396,0.18710018858990343,0.98050550559117522,19.774205997919772,6.2013454608803382,1.9839077816465942,,0.231967062079983,0.2352941176470588,True,4
0.14421706255158276,-0.89540791967210509,-0.42124351182833153,0.98577642559211942,0.092878231402658634,0.14006595902766159,-0.086291816621376471,-0.435451824568444,0.89606664420912097,-14.783924729142331,-10.315787187831612,-3.9446839091494144,,0.2041415074855424,0.2,False,1
0.95627297661935295,0.062482489267515248,-0.28572352497212528,0.014776809021070834,0.9653448583113492,0.26055891933878395,0.29210210561157651,-0.25338753534216107,0.9222099093105145,-2.7360741171919116,-10.668982847298899,-0.84252830652777233,,0.5152363037500951,0.1125,False,2
-0.13135789908863327,-0.87809070470151473,-0.46011065697701281,0.9744458259765475,-0.19967876259418388,0.10287722782880682,-0.18220986412350215,-0.43483917266692229,0.8818812047721859,7.3166423390247477,-10.715748443454544,1.5799681465699749,,0.4183612505653187,0.2413793103448276,False,2
0.64843172844043639,0.73116291379702769,-0.21198369522109436,-0.70493729882478817,0.68182397852203025,0.19539566791001936,0.28740163234985394,0.022734462831388025,0.9575403103381126,19.030545773002281,-9.5701851345620188,4.2771889031041059,,0.09304554484553346,0.2631578947368421,False,4
-0.95402432589823816,0.11406915904391091,-0.27717469680587237,-0.11246972203143539,-0.9934177978748423,-0.021717285550241439,-0.27782754942694921,0.010454942396495179,0.96057407156288688,-0.085614916626301607,-13.167432465389938,0.15120160526586643,,0.3348512650138744,0.5,False,1
0.047932076490785631,-0.90289383963792202,-0.42718290039182405,0.99201449991456259,-0.0069194231967751596,0.12593392530165731,-0.11666082462652561,-0.42980790584459166,0.89535211848241292,-17.200149725487904,-14.220776020621292,-4.0342008207437168,,0.1087722131290282,0.375,False,1
-0.14958445255646488,0.96428504128254822,-0.21858373844386825,-0.98512653291855357,-0.12644269209502124,0.11635273849649594,0.084558888907394408,0.2327372010970275,0.96885664034070029,-14.10705443434534,10.744691051415732,-6.7950514740335519,,0.2517066795560722,0.4074074074074074,False,1
0.82540072869971448,0.54713290906871459,-0.13913740286488796,-0.47817946140404399,0.8085703228254415,0.3428679567082632,0.30009671733179411,-0.21647081295169307,0.92902225343998845,-11.075093034894994,-8.5133365949692461,-3.2203925510683393,,0.2053172175043953,0.2857142857142857,False,2
0.94873269764441348,-0.12161150330528632,-0.29174802601591437,0.20587021898046523,0.93813730233411918,0.27841669293739746,0.23984103351447097,-0.32420525016274804,0.91507772042030433,21.819109392026185,-9.7659410300449636,4.9629032098017243,0.6501616183598175,0.5022396516407828,0.375,True,4
0.59633518464756141,-0.70332885186663341,-0.38692747858393423,0.79899901072720025,0.56650905064467649,0.20166327477907647,0.077362319046889727,-0.42941357881374614,0.8997883361780461,15.935099980727943,-9.0006992751012174,3.4533877676325044,,0.1003923218339008,0.4827586206896552,False,4
0.27602436859259899,-0.80534377608330998,-0.52462553337302553,0.96028920775375093,0.20796814592024054,0.18599432183313935,-0.040683969997149488,-0.55513120305597297,0.83076721286946431,-9.9586528992000076,2.4417412656724884,-4.4773439947674527,,0.502531386100302,0.1944444444444444,False,4
-0.50278704337904778,0.86156867491524913,-0.070032902374071976,-0.8630202846999534,-0.50492110537329626,-0.015832420693600996,-0.049001808196903168,0.05247947935516678,0.99741903282424038,-11.042258694411503,-5.4219835425945062,-3.613675604146704,,0.3947971109402103,0.2865853658536585,False,2
0.29247964629805934,0.95545805133419826,-0.039440697788187207,-0.93228209728615563,0.29408002001469047,0.21063483308296035,0.21285146835549279,-0.024836545025754442,0.97676885620401244,13.972869387880998,14.664197573553686,-0.86092177586011964,,0.3368777605851433,0.3333333333333333,False,2
-0.87529698101263198,-0.37532859506659133,-0.30493219042192143,0.37139344683822673,-0.92558602133711954,0.073194431147067612,-0.30971293591936627,-0.049182952642762554,0.94955723076260468,3.8570734878609043,-11.293661717731098,0.81973369422374487,,0.07873872314642946,0.3181818181818182,False,4
-0.79754772344289859,-0.50036444835673799,-0.33697633099626645,0.51641406580515425,-0.85502812211018675,0.047364786913019041,-0.31182389496258583,-0.13624363919604907,0.94032097142889304,20.491886237142545,-1.4853648251996598,3.2781056170682352,0.09834197795334694,0.155790093427024,0.4516129032258064,True,4
0.83001150193702522,-0.45528294817517878,-0.32217750348706853,0.53934531107692441,0.80232873137469718,0.25568582719815269,0.14208287043686249,-0.3859871032969695,0.91149679868710209,33.027050659873382,-1.6302745864838448,6.5499061686765083,0.8844767613465433,0.6505526940633928,0.3478260869565217,True,4
0.64192847738361491,-0.6411337593857499,-0.42056549133262039,0.76009353727209872,0.60427614465772284,0.23897312734863468,0.10092395414935701,-0.47307276773609952,0.87522369249544674,23.349600004172547,-11.264274271409413,5.4996116119729823,,0.4330630999410365,0.3571428571428572,False,3
-0.72442349693210495,-0.53705163498644415,-0.43218761950228046,0.61101132325756879,-0.79051530211701915,-0.041841605727712006,-0.31917982383555443,-0.29438257162615045,0.90081248968865835,5.7108504407128384,-10.764717876085937,1.1900641578868574,,0.3715804003101884,0.5263157894736842,False,3
0.77965200533307422,-0.51549270341268882,-0.35554187279193289,0.60847101617799582,0.7578103163940193,0.23555582531135844,0.14800598991741731,-0.39998849620342269,0.9044907019165489,9.2143565429230154,12.166899280722065,-1.5398443530540999,0.2094534780451061,0.1973526422593123,0.2222222222222222,True,4
-0.091089443669713027,0.99553794309852894,-0.024635687591229638,-0.99047930091812686,-0.088007063515116002,0.10585608732701619,0.10321563691941608,0.034043510726668835,0.99407624037229758,-11.790755506786272,-11.822028385431709,-2.9819683160127664,,0.4131236644823225,0.2777777777777778,False,1
0.6479107086650705,-0.64976752197088783,-0.39750959861233254,0.75528440410787001,0.61569520979278236,0.22464389052373707,0.098778451640756867,-0.4457819826215873,0.88967479533896032,7.3779367273620595,11.93488448082033,-1.8904280093584342,,0.1043368582516539,0.6,False,1
-0.85713165985637063,-0.39222383331425864,-0.33389486706466615,0.39916881734799198,-0.91547425990659825,0.050706357643503633,-0.3255603982809761,-0.089818394712520691,0.94124549562927362,-2.3017509038182249,16.142241379959426,-4.7700152550229884,,0.1219475038648868,0.2105263157894737,False,3
-0.66554631927248808,-0.61339140278554694,-0.4252047552551852,0.68558367837928069,-0.72761579546355903,-0.02345792258208218,-0.29499680819083141,-0.30712577420449527,0.90479314872323757,-20.984376298677404,5.130656139771677,-7.7092360512291354,,0.2157233263097481,0.3666666666666666,False,1
-0.81778995487036554,-0.41710987397821814,-0.39653365902909177,0.47914327236355492,-0.87512806266881671,-0.067620991402576658,-0.31881234960689531,-0.24529620249689565,0.91552632882879581,-3.1888913912312198,9.6735429928297592,-3.9869513802500935,0.4436064226740266,0.5833411145857426,0.2452830188679245,True,3
-0.79541915962409326,0.59432995249971143,-0.11866030534509955,-0.58449052689065983,-0.80403254841987637,-0.10909851078964428,-0.1602472604382994,-0.017423221376375031,0.98692312105801305,-10.126007640375096,-10.431387457922858,-2.731482541111649,,0.4601563846864347,0.1578947368421053,False,2
-0.93078720944658178,0.26293551489910133,-0.25396867077533325,-0.26642006615220171,-0.96362329891663079,-0.021224658689503934,-0.25031084491508065,0.047906709235491618,0.96697953862950192,7.1428191362228857,-14.58378392337055,2.2951428931149782,,0.80891543021002,0.3829787234042553,False,1
0.65893458701013974,-0.59210299027489155,-0.46391729753191013,0.74720533480859497,0.58620086727389031,0.31313372677007656,0.086541306180081809,-0.55297612255401496,0.82869053947162596,-6.7169138375454054,-4.1275948388002544,-2.7283714427726982,,0.3975941069392341,0.1988950276243094,False,3
0.95655403537272166,0.098671646227409607,-0.27435065817842474,-0.031303311896258977,0.97030904374212956,0.23983423920816574,0.28986976399149911,-0.2208263251132144,0.93124178066735463,9.7969965989949408,17.75630126264943,-2.2979943987456943,,0.1049767537574093,0.3125,False,3
-0.47645184158977122,-0.68457319428433649,-0.55168214065080634,0.84064358717571586,-0.53849576480657624,-0.05779853480604058,-0.25751116866275947,-0.49130627204700006,0.83204936455790834,12.423253941638437,6.9853670595735,0.093950465166948396,,0.4254398746098167,0.2272727272727273,False,1
0.22548389395272972,0.96708327133303629,-0.11792777397928098,-0.94691472586927505,0.24601718091358687,0.20694938663172777,0.22914954832997375,0.065003792221113493,0.97121830269875198,11.197332754880595,-11.446597239928082,2.6320198600266256,,0.6460959626306184,0.3902439024390244,False,2
0.77093943245306851,-0.43491184706350239,-0.46529998578632448,0.61782770057121827,0.68814501423336083,0.38045416516664537,0.15472984164608417,-0.58078233846216465,0.79921871314090109,1.9706519409433554,21.378393686312229,-4.6839314772439229,,0.1164988851690282,0.5,False,1
-0.83799206914621793,0.51220414744432641,-0.1881919323161122,-0.51095606459354259,-0.85758724048781099,-0.058889939782460071,-0.19155467131636617,0.046808506634295088,0.98036512157641897,4.7070887046753667,-11.985677364258699,1.1711134484804253,,0.3578212351586661,0.3043478260869565,False,2
-0.15904193875876887,0.98611833819210259,0.047710426503003278,-0.98390255093945511,-0.16230305083750007,0.074789637943187035,0.081494981260720412,-0.035047721325163372,0.99605734034704474,9.643592896536612,-13.298097322710769,2.6087630468184502,,0.4242836538604338,0.4,False,1
-0.89054058841010308,-0.32477239821911486,-0.31852841278164129,0.32214409617456724,-0.94462571409575746,0.062493532216948991,-0.32118630371492818,-0.04695902068915378,0.94585104994489333,15.074407389647199,7.5399747000718271,0.60602114942794927,,0.06896595657677823,0.5,False,3
-0.48874494725304402,-0.75782556047067529,-0.43223696791450672,0.83271087319663917,-0.55300056536435993,0.027981714865052562,-0.26023254637863796,-0.34625250122418672,0.90132581634017594,14.440647745799836,8.4809726093799718,0.28838997912278219,,0.4884640417473159,0.25,False,1
-0.92993871563086838,0.22392150000958477,-0.29167301384301736,-0.23457022769957342,-0.97209788388507556,0.0015850624999581286,-0.28317978997057985,0.069891816256383049,0.95651677485165043,4.3908675100045151,12.991960755598743,-2.7591406396682818,,0.135594659052179,0.25,False,3
0.88829917777078893,-0.34341034507740953,-0.30494902142088209,0.40826006910010715,0.89457128743723202,0.18184039064868818,0.21035276739352565,-0.28602717805604838,0.93484767029884475,9.4829571301885078,19.75426711040242,-2.664043258600429,,0.08063598278025327,0.1666666666666667,False,3
-0.94254647004039749,-0.19264813606985323,-0.27293377856761908,0.19912945257564249,-0.9799649117445457,0.0040290031558839756,-0.26824170617432269,-0.050551631213211518,0.96202438620357866,7.2750539920193216,15.325130860866583,-2.5108496272398191,,0.1513631101650056,0.1176470588235294,False,3
0.35977489461151752,0.93286916470393244,-0.017808614540682222,-0.9042136631848845,0.35330407125871355,0.23994558662703072,0.23012969499185343,-0.070223605551160861,0.97062297969208988,19.642973512454894,-8.3216941751520821,4.1871547999156444,,0.3761298576809542,0.2857142857142857,False,1
0.32102421131051356,0.94650477047301673,-0.032744086859847699,-0.92105187968502122,0.32006651434380357,0.22185775020155873,0.22046970467878838,-0.04106270653074795,0.97452909830913581,-2.3137639420432157,-16.618475853854832,0.12348840702090186,,0.6742013436131058,0.2631578947368421,False,1
0.93243387379945597,0.0066174382275191942,-0.36128005826871512,0.09611347301504114,0.95927164267617004,0.26563154154269841,0.34832351527901201,-0.28240772841526196,0.89382134883599895,11.647044311380451,-8.9467512192839038,2.3356825592284847,,0.2009071944025921,0.2941176470588235,False,2
0.75949830097720861,-0.55342367545927473,-0.34188384906848274,0.63317091256240088,0.74945697867028493,0.19341363087255459,0.14918755409762008,-0.36336823273857544,0.91962307557978029,-9.0266061958702171,-12.393790595301356,-2.2054191541264201,,0.1542406383167026,0.4615384615384616,False,1
0.90842141348270411,-0.20795713226690341,-0.36266288294421689,0.34727841581434338,0.85833532104412524,0.37770117627240418,0.23274070859126714,-0.46905682788698788,0.85194920903597926,0.60891768284364511,-15.147090409105953,0.73954425261401235,,0.2972208113149731,0.3333333333333333,False,1
0.81564687339623454,-0.44874521105047621,-0.3651683358099535,0.56098517629035527,0.76778601829163307,0.30951617421123434,0.14147724163774977,-0.45730992300095985,0.87798167658751858,-0.38079087608210915,-16.438504668119265,0.63122949365359793,,0.3122410004567032,0.7333333333333333,False,3
-0.86316476749532178,0.42936096249666766,-0.26569860375749621,-0.462027698275018,-0.88388575648167189,0.072638664053740448,-0.20365900466573228,0.18545924989807955,0.96131570071741046,-5.4069424088635376,-14.569892133595875,-0.91128201824015531,,0.95040502575013,0.6756756756756757,False,1
-0.76799029037006206,-0.51874684485438161,-0.37562298232527475,0.57583807019558264,-0.81600795933245418,-0.050413561860999601,-0.28035946713235294,-0.25501513927551356,0.92540037169300682,6.6932056082035505,11.5163171454919,-1.9982564205989468,0.8470280828799632,0.5414256000246683,0.2777777777777778,True,3
-0.0043602109771654213,-0.93527715350926688,-0.35388929721572143,0.99122684068749911,-0.050791875217386546,0.12202268523754095,-0.13209973073747414,-0.35025252538062313,0.92729328133206168,13.059226535790419,15.260386231055996,-1.2096893427341102,,0.08150469339944733,0.5,False,3
-0.70328479833978963,-0.62830944670925892,-0.3325924406838886,0.64390147835802336,-0.76126763804427044,0.076566764557793376,-0.30129948322642836,-0.16030852267550116,0.93995733890697664,10.459671184141817,4.9161642041638149,-0.11984595475564232,,0.07336794829894797,0.2127659574468085,False,2
0.083636687416726238,-0.87772487077846739,-0.47180923659343599,0.99088984448404749,0.023100177765365187,0.13267892781293397,-0.10555671753298343,-0.47860780708648332,0.87166068305248845,6.4183790513030843,18.577223682033843,-3.121820256079658,,0.3649453060285439,0.3333333333333333,False,1
0.94174839844395897,0.11464513859351645,-0.31617470838938466,-0.03764865364847797,0.97013356978872811,0.23963187527421437,0.33420432807894024,-0.21376938266705339,0.9179379707406442,-1.042772192588425,18.31787870467484,-4.823968149599164,,0.1874908253652447,0.3846153846153846,False,3
0.87539247593685532,-0.37328342426083605,-0.30716037870345048,0.44236127662245711,0.87480015784768828,0.19758842267352075,0.19494746476446484,-0.30884327579172699,0.93091960822626518,8.7959489500391257,4.006563854264968,-0.40752645743702276,,0.2345243756825558,0.1904761904761905,False,2
-0.35877099935580431,-0.83897221089973073,-0.40915644851236993,0.90427063871360758,-0.42109328273172941,0.070534099545542156,-0.23146918149447485,-0.34468257364745597,0.90973399488094553,-1.1094966069966072,-18.906250068804255,0.74231874524111652,,0.1933005807614713,0.5,True,2
0.11906785649752014,0.99241727446299377,0.030508996976756686,-0.97883322938623785,0.11217568345244612,0.17117863503160741,0.16645826683704712,-0.050245093187478718,0.9847675238411282,5.017788367854763,-14.842253259984945,1.7372822453530221,,0.5973751068489754,0.3636363636363636,False,2
0.23343087637262977,-0.81937144033219589,-0.52358425179129398,0.97070583670017574,0.16484195348468844,0.17480649006133586,-0.056922794661876594,-0.54905152138874436,0.83384784122079936,-3.184164606045353,22.796094854357101,-5.9918118486198368,,0.1945033089100511,0.3,False,1
0.37700216393739239,-0.76847931868263952,-0.51701925026403994,0.92620938523240803,0.31137912255510392,0.21255403252871641,-0.0023543776096011937,-0.55900141215732169,0.82916336032906801,0.21110756172826528,14.588218999617682,-4.0175550344718269,,0.2660493474027147,0.360655737704918,False,2
-0.78865058689158385,-0.49864289339866774,-0.35970198311736457,0.52972250209314042,-0.8480520735682523,0.014203918218912398,-0.31212869552757017,-0.17934030606528967,0.9329591266763323,-19.386604095707472,5.2522584828404382,-7.3778576851515023,,0.1235526548189487,0.24,False,1
-0.84371965915924063,-0.39854142488267202,-0.35958569131808349,0.43486405042814047,-0.90021213239383902,-0.022613587423687104,-0.31469095060621954,-0.17545041847606579,0.93283801180222436,7.5969412341520739,0.96229733359864733,-0.16963292836348434,,0.1032987011418035,0.1897810218978102,False,2
0.90150406197427901,-0.29034061976717418,-0.32092483661612986,0.36822558096762498,0.90421877495841763,0.21632921331561838,0.22737710475096529,-0.31319439893764467,0.92206774193068741,12.525540267561126,10.58593601869349,-0.53952496385282978,,0.08162937827635869,0.1818181818181818,False,3
0.28436411341391504,-0.81832668426606792,-0.49947821656246605,0.95803187770887388,0.22286661736972718,0.18029251830230053,-0.036221158125160149,-0.52978477581021455,0.84735831796459826,-30.030421872495573,17.586953416806207,-11.951026537654032,,0.5180723054711474,0.2142857142857143,False,2
0.920630562362729,-0.24636959464486174,-0.302888412584919,0.32021740765621542,0.92030361030528796,0.22472667107618965,0.22338348076260853,-0.30388038385782545,0.92615146322229713,7.7640671604571168,19.43485163782438,-3.0528261794923637,0.1997720439122521,0.1944874816013064,0.7391304347826086,True,3
0.5135009155507233,-0.71211782558301007,-0.47875360282247048,0.85693578188225672,0.45449209519716782,0.24310080446830104,0.044473311754530287,-0.53509357862921059,0.84362135265258076,-6.6481677454032075,-15.367875485823335,-1.1525048388187618,,0.3058446041316632,0.2424242424242424,False,3
-0.95391652251614711,-0.048054449277950502,-0.29619932136197397,0.03820579413606242,-0.99851039728742919,0.038952584039227647,-0.29762994702336959,0.025840983214521052,0.95433152427307633,11.339538216704236,28.35640001912391,-3.533341172648178,,0.1506292410346929,0.1428571428571428,False,3
-0.39055557635002708,-0.81007735256972813,-0.43731113024426788,0.88938606983126833,-0.45464211882134148,0.047884888887119878,-0.2376105228561832,-0.37023671704365313,0.89803452761057556,24.516700471018858,-14.465231467884946,6.7652263705554452,,0.2989977471546119,0.2727272727272727,False,1
-0.43968311431938106,0.87179646962993373,-0.21598535719625178,-0.89798858600982878,-0.43130311204806443,0.087144276540239679,-0.017183084079320524,0.23226825241181198,0.97249997457227966,34.769397601217072,-8.9739080208282491,8.1801428184362504,,0.400153377138883,0.7419354838709677,False,2
0.926530923399839,0.11006250659470312,-0.35975921478946621,0.015085477933348681,0.94461267622800982,0.32784038839789104,0.37591604959001779,-0.30918139748608514,0.87355250964620734,15.885810821836175,3.35059430166186,1.4027367105968334,,0.1217848310162073,0.2727272727272727,False,2
-0.31368262171014366,-0.83467475551644599,-0.45268230067080273,0.92474487944944883,-0.37675425785136341,0.053880767653140871,-0.21552290079959988,-0.40171417910552842,0.89004246951282961,28.244669218839892,0.19456558329940754,5.0486034943526823,,0.3181508699191811,0.2666666666666667,False,2
0.52291743945699343,-0.72788733793304305,-0.44355087057573095,0.85104505240290951,0.47498898777031995,0.22384767203939213,0.047745892936148546,-0.49453562538372692,0.8678449429097661,-1.2150159829067706,13.757448928821983,-4.114272972485022,,0.3053502467853525,0.1428571428571428,False,1
-0.57593532442698758,-0.68901075772044829,-0.43995758639063581,0.76059326737740052,-0.64890283541832328,0.02056676460286469,-0.29966044733556352,-0.32278365189636449,0.89778300851101878,5.9200511857664244,16.725131782273785,-3.0540533132762322,,0.2230627598884226,0.3157894736842105,False,2
0.15351412507380868,0.95928287566243653,-0.23708601363983789,-0.96920955621631499,0.19292086499721967,0.15301756757868798,0.19252597108389519,0.20629567205719768,0.95936220800523109,-4.2957393103451071,16.184303349468458,-5.2434549428189516,,0.1074835581088689,0.2727272727272727,False,2
0.66182362501264058,0.74446931377844672,-0.088062081609373288,-0.68944760002328964,0.65057876227708722,0.31844823895907914,0.29436626198879046,-0.15004237706815191,0.9438409764819945,-4.1991335769373155,-11.859005420481919,-1.1051848636513408,1.152765846258674,0.737397900113617,0.3093525179856115,True,1
-0.7693949058072177,0.58765171229077096,-0.25039357811179735,-0.61993766511431814,-0.78143729260529216,0.07094398563880791,-0.15397652512805721,0.20981235132240639,0.96554130255626713,11.60971794197058,0.27348005386910523,0.76527162979883478,,0.1052650164002744,0.2333333333333333,False,1
-0.95113825706621891,0.12803393085944209,-0.2809685542791498,-0.14491553914581634,-0.98863264917367966,0.040062095575613049,-0.27264537857648213,0.078821301286592371,0.95888044093326641,-0.30150936376629894,26.1425043852493,-5.8009989513928097,,0.2889615194032765,0.35,False,1
-0.91008388095999726,-0.27030634018900085,-0.31413661370559398,0.26931295819084677,-0.96188307473605772,0.04744977435986808,-0.31498866672831971,-0.041417785913003977,0.94819128177956791,18.178964854978325,9.7080885960242522,1.0105924048688255,,0.08810845388658972,0.2857142857142857,False,2
0.93487929242282719,-0.1248070491015467,-0.33230093152676721,0.24794825249791505,0.89951152558450787,0.35972305934407461,0.25401254434028098,-0.4186910744632546,0.87188038828877279,-5.535888729508696,13.80745236328856,-5.1615328527981195,,0.119579972093745,0.6363636363636364,False,1
0.93051150575564334,-0.21498359911200535,-0.29653058825223227,0.27585719919163115,0.94394964287036498,0.18127845260554268,0.24093804869823909,-0.25048178344494404,0.93766077706797868,2.0216274978704458,8.2539511627301803,-2.5286310649293853,0.8228261162561956,0.9189155017963413,0.6329479768786127,True,2
0.62015537704534041,0.7614807137477374,-0.18855882613123134,-0.73010818319371862,0.64817812892197324,0.21634961063236705,0.28696576303684518,0.003497967616485409,0.95793445238556629,-8.9281491092984258,-9.7370817996502392,-2.5636858434582641,,0.5450378033198817,0.4545454545454545,False,1
0.26424609624145018,-0.77727562803942285,-0.57097863241725122,0.96333406998321458,0.18417569316381988,0.19510710816677229,-0.046491614628106442,-0.6015994615219884,0.7974438021990794,8.7158676710350171,23.965162564378456,-3.5028601034701525,,0.4048459496409152,0.2105263157894737,False,1
-0.9526211982730528,0.11809302673635137,-0.28029785878072916,-0.12971249127107068,-0.9912801400038459,0.023202449056271723,-0.27511365325818815,0.058461278383250145,0.95963261549445611,0.58355756038144202,22.263134127263648,-5.0573425585909071,,0.1430765143312394,0.5,False,1
0.80200391346294564,-0.40225124769139264,-0.44156953758251777,0.57253973183241647,0.72840204309851664,0.37633591256106791,0.17025856296640471,-0.55463897928348416,0.81448611062189991,11.180230743289851,13.977716002035967,-1.4438657919065123,,0.2503725699953979,0.3571428571428572,False,1
-0.91321337619751208,0.32481378775760844,-0.24604335556258497,-0.33201779343530985,-0.94318586788092063,-0.012829788465223091,-0.23623190804014851,0.069974437563082595,0.96917390787796232,-1.728667593878467,10.161538502704909,-3.6591224140084941,,0.2305442479203713,0.3,False,1
0.86759460267328881,-0.40013727242023595,-0.29524526860268641,0.45246701800702588,0.88151839669904719,0.13490335020662408,0.20628427721958917,-0.25063016478715233,0.94584952157875357,11.187424805558374,16.683698181772957,-1.7743673560468862,,0.0727196690822973,0.1666666666666667,False,1
0.52819830173476834,0.84175981075798623,-0.11156601201613542,-0.80547506400006608,0.53828700080751635,0.2479052763370258,0.26873123249558212,-0.04107950528337681,0.96233881711540503,15.040055424214804,15.197867886227597,-0.77631749256223703,,0.1815891846981679,0.2857142857142857,False,1
0.8512908296028413,-0.42975293305550183,-0.30102548058976886,0.48639277884999588,0.86153075837876214,0.14555692030918943,0.19678919715443452,-0.2703278914531575,0.94244195735642233,11.722744663443299,4.5262409508870665,0.19607145465760442,,0.0720076717381675,0.1923076923076923,False,1
-0.95652522601837353,-0.0054707844167426814,-0.29159828961838197,-0.018162918121329329,-0.99676592747013237,0.07828022892100818,-0.29108349385669074,0.080173289520095725,0.95333238865136083,1.0368458304789936,17.05627225069118,-4.1625717274647798,,0.06338324968464301,0.4666666666666667,False,1
0.95198064473788624,0.11380534060857216,-0.2842203308938433,-0.060544708403152223,0.97999113741427979,0.18960935861355482,0.3001119629885089,-0.16329640240505383,0.93982290599492768,21.55736370742008,0.0038195154929430153,3.3858185617220227,,0.0918533944399839,0.4333333333333333,False,1
-0.82541746815455996,-0.42570662310517138,-0.37075581493714643,0.46828256000598867,-0.8831178884397084,-0.028534875363815576,-0.3152736069821791,-0.19717166673278008,0.92829191883709927,29.813088739430064,-7.0370455901464908,6.3652263345071116,,0.6416152292220269,0.1612903225806452,False,1
-0.37407168464138146,-0.81431508682787934,-0.4438032380617144,0.89749052870826629,-0.4384182763852244,0.047960043894537813,-0.23362603799344764,-0.38036870835534403,0.89483994103726283,30.025056038691936,-2.7254157488863213,5.874821565286978,,0.1442426089717408,0.1052631578947368,False,1
-0.75481793568726097,0.62923376474230608,-0.18524241758583671,-0.63926295472902495,-0.768954934874718,-0.0071542185411074544,-0.14694474701716265,0.11301848273641556,0.98266681224310193,10.994766441599625,10.258610794046415,-0.82692614694577948,,0.1693813680829391,0.1428571428571428,False,1
-0.29413583642907104,0.94900547421589887,-0.11345800825163099,-0.9550768054903076,-0.28734660337463325,0.072527409601401333,0.036227135445671368,0.12969402236540273,0.99089205023558591,3.4984501157427026,23.125975616733761,-4.5420196485691902,,0.2830252770467184,0.32,False,1
0.37293065645204965,0.90014945516089917,-0.22506373286644921,-0.89803745244275279,0.41116748809820669,0.15642899584521369,0.23334836508613929,0.14377849319195171,0.96170488477863014,14.456124260866863,3.7430495149243068,0.97871258273355388,,0.06413999715528108,0.21875,False,1
0.92141101001074632,0.3306342470061453,-0.20416352597282114,-0.23004556003610357,0.88755938376540111,0.39914581370428559,0.31317852885958025,-0.320810434675464,0.89386792875943832,36.120137978954645,-11.060429608722718,8.8655749633797249,,0.2739253646513119,0.2777777777777778,False,1
-0.34346952351785243,-0.80793553884524205,-0.47882027054550125,0.91154195835309348,-0.40952629727923551,0.037141216977443839,-0.22609720161078017,-0.42370789101408862,0.87712694549658365,27.643788668435878,-3.7237316597171866,5.458945925623083,,0.1157561543626553,0.4444444444444444,False,1
-0.94635902547444462,0.2180253252579743,-0.23847337891096751,-0.18329552067856356,-0.97003718238225645,-0.15946979931970534,-0.26609649941747371,-0.10720458172133948,0.95796650810752204,30.419999994830949,-7.4925908800283576,6.7369902430659385,,0.6478536600480866,0.1944444444444444,False,1
