axis_00,axis_01,axis_02,axis_10,axis_11,axis_12,axis_20,axis_21,axis_22,location_x,location_y,location_z,dbh,dbh_approximation,score,reconstructed,number_clusters
-0.81991823794463825,0.57140589013428267,-0.035062683947586354,-0.57247920525002705,-0.81823979069206665,0.052451925460379467,0.0012816559825700458,0.063078947740524874,0.99800771725968696,-31.311611424967673,-21.942763535867236,-4.2312382279391709,,0.359589094664116,0.2727272727272727,False,2
0.97913171768506535,-0.036587115917533553,-0.19990613390271272,0.077682719896798827,0.97634223109855833,0.20179505148274368,0.18779370184467808,-0.21311318758426154,0.95880983246165463,5.2561196558828414,-2.6782854514946903,-0.35699195477713502,,0.07550648917375102,0.3229166666666667,False,5
-0.25717298436956165,-0.94092532699490594,-0.2202761565171836,0.95026076542807791,-0.28767063054499487,0.11937372411837051,-0.17568874124000361,-0.17862009221074396,0.96810553601357352,-2.0077881827065558,-4.4795431620322956,-1.1838690842792428,0.4933043085014858,0.259619945122585,0.8054054054054054,True,5
-0.70540794241466176,0.68346714683742704,-0.18780919565404786,-0.70689041018901055,-0.69780538370394307,0.11564425820854637,-0.052015216630575956,0.21433689758811858,0.97537383170309366,1.0638997888544219,2.9357464362022987,-1.9324179461143121,0.349958442159067,0.3267241882989067,0.9362680683311432,True,5
0.42652704513350631,0.88905653330829904,-0.16629239414810726,-0.88202108491349507,0.44956029099770423,0.14118905951270047,0.20028351289534857,0.086452445540245226,0.9759162305866268,4.4546408518902325,-6.8027757632466361,0.18496313742279069,,0.09309427406613194,0.3777777777777778,False,5
0.1614018955182889,0.98282579706010398,0.0894588215676623,-0.9729142930552438,0.14326075456444887,0.18142253049287857,0.16549080485609466,-0.11631770645433259,0.97932782288327014,2.8484282748242884,-16.60034083324507,1.5252019278604692,,0.1953912252506052,0.2,False,3
-0.56232060452532473,0.81328397014174869,-0.14954839229075761,-0.82683417794071545,-0.55039645642224599,0.11579716294856673,0.011865071233484362,0.18876685267363971,0.98195025098846733,2.7055857296263444,-3.770074532008632,-0.55295147699988489,0.3845056792727168,0.3284920052757571,0.7338262476894639,True,5
0.56092903589383247,-0.75815733538545538,-0.33249973156747603,0.82773880692026891,0.52060238778312207,0.20933614440111231,0.014390420752262933,-0.39264565276562002,0.91957724371301974,0.40514041039702414,-2.0625530779549131,-1.2095131662886938,0.3778145333667766,0.3381945870209414,0.5482728077945084,True,6
0.7305180629407243,-0.63344191846741338,-0.25513662152982919,0.68053266550111757,0.70631414333013731,0.19492465754172461,0.056733155238153171,-0.31602478836340908,0.94705315702793924,-6.9085645467737402,-17.730162422817305,-0.037514432127303959,,0.2154000306058397,0.2105263157894737,False,4
-0.96435215213967751,0.19435286425513981,-0.17958811436004096,-0.20583016772764182,-0.97743561386263667,0.047471705322024327,-0.16630955690152871,0.082744092893652879,0.98259582045438365,3.694429017842455,-19.346078746215177,2.1171913671289326,,0.1933594853380052,0.575,False,5
-0.86621761991412538,0.46930875258866922,-0.17151189373911285,-0.48704759397768027,-0.86969755142089811,0.080067535574963627,-0.11158707878093263,0.15289036528232491,0.98192304181793011,16.803887963057626,3.5476326302505092,0.096508850712647296,0.4489214535044079,0.4339935520067518,0.7153846153846154,True,5
0.87780196117188225,-0.42368896839042308,-0.22349804255754807,0.46445950136796216,0.86697119729123207,0.18066077232324265,0.11722238929411252,-0.26239016965516382,0.95781538425550106,-3.7601815209482785,-6.6583600804350693,-1.0849799891725953,,0.07313765200689297,0.2627118644067797,False,5
-0.5720714506463066,-0.74881527833831152,-0.3346788524579184,0.78655093157309863,-0.61653394627943381,0.034978924034339595,-0.23253362637890126,-0.24323151936421961,0.9416828237739352,16.416827322789551,-5.0664120689456285,1.2296156873683763,0.461266343424112,0.5390334504828653,0.4347826086956522,True,5
-0.97476567160530481,-0.048833406338622043,-0.21782374499862434,0.064873109183313002,-0.99563505300095645,-0.067099336365360862,-0.21359626673879067,-0.079537033268465188,0.97367884601345944,15.962487114327912,4.9322736986864095,-0.20080459943609355,0.2596612689501767,0.2069565032497803,0.2068965517241379,True,6
0.74309077953132796,-0.55825590431271244,-0.36900736940543422,0.65048802685912122,0.73203560444645321,0.20245789867437258,0.15710321539818939,-0.39047947336922995,0.90710768963163257,1.3935497426744279,-19.339520749785091,1.6943992604934346,,0.3217145088590611,0.4166666666666667,False,4
-0.36987716760819855,-0.876548339333027,-0.30798358672930809,0.90909981003959017,-0.40983750508365768,0.074637489325299344,-0.19164659211193352,-0.25238111704189675,0.94845946433812711,-6.9086535160353355,-10.150287652749171,-1.2426897077078676,,0.1548583812723185,0.2291666666666667,True,5
-0.30067229161880676,0.94594207400258878,-0.12161318055366074,-0.95318942653273608,-0.29376682869235965,0.071630772062214021,0.032032642708497122,0.1374577862171362,0.98998952863623524,5.6270715794418189,-11.826453942268037,1.1882557453198483,0.2144915767384897,0.184196213142847,0.2413793103448276,True,5
-0.81990734240848928,0.55191517121366973,-0.15212361305475997,-0.56678454914558218,-0.81998706693357859,0.079852895448483466,-0.080667370816754264,0.15169328873042814,0.98513040834178889,10.6772251477668,5.005229316403339,-1.0565906438673531,,0.3073392607811145,0.6,False,5
-0.57808759967885071,0.81587222658039604,0.012932014239576489,-0.81589390605522039,-0.57773472076917087,-0.023232014112520516,-0.011483081446244714,-0.023981290885101952,0.99964645576722966,26.794491724651099,-6.4468695612872216,2.7396198867349861,,0.5198238870084423,0.3333333333333333,False,1
-0.82042130892173804,0.53518193583950679,-0.20121921234867482,-0.56006371736829696,-0.8230456819300126,0.094469243375638945,-0.11505437129786716,0.19020016037700738,0.97498020012604047,11.196434801041441,-10.732291011682682,1.7675428716297548,,0.2832870285103021,0.1666666666666667,False,4
0.10086544239159348,0.98873870235187411,-0.11055288780796775,-0.9838263189040829,0.11565805004369435,0.13678080893068664,0.14802681095933556,0.094968383852855262,0.98441305827664971,5.2097174059259999,-3.6597250110093218,-0.21365386395561206,0.4792523136401779,0.4900590083060834,0.7416666666666667,True,5
-0.97195340942111041,-0.089121501390196839,-0.21763255249304223,0.09309991774051829,-0.99562402931958016,-0.0080745004893491568,-0.21596058721764111,-0.028109611014756678,0.97599737424708821,-6.2915851355115491,-7.6198064869286348,-1.4102202959762673,,0.1684646215990811,0.46524064171123,False,5
0.92300582350123028,-0.28338523273502908,-0.26029417905617791,0.35849020608374843,0.87909461646665221,0.31412963477103106,0.13980351184733458,-0.3832563961202255,0.91300028089157204,4.1583834712540346,7.5601818436030177,-2.4045884443682009,,0.08243100936720206,0.2380952380952381,False,4
0.41491250794456686,-0.86968495284904401,-0.26738678639586105,0.90925977945770342,0.38564478193587454,0.15660381740608917,-0.03307966462462876,-0.30810093306185815,0.95077839207395443,2.3312614075437388,4.3769010466503797,-1.9289486354973235,0.2772691021492315,0.2515455598532884,0.7894736842105263,True,5
-0.7880607839093422,-0.52487196089327959,-0.32166694815016028,0.57279521405990985,-0.81663689064455169,-0.070780163806407864,-0.22553457299105212,-0.24002835979617834,0.94420365540454321,23.367390739583779,0.3145770902922484,1.3079983255120495,,0.1885965536805371,0.1904761904761905,False,5
-0.51680498141438691,0.84516695793419894,-0.13640170234101953,-0.85608099338000943,-0.50904349803580262,0.089442997942658309,0.0061598667820003811,0.16299549172822686,0.98660758446177688,0.66067990564102219,-9.6630386695077117,0.079668822916100224,,0.13360644603581,0.3333333333333333,False,5
0.16238220734907469,0.98254687322673984,-0.090739520875973437,-0.97466347598592351,0.1740534745891987,0.14048664193604343,0.15382823965540618,0.065627965805639718,0.98591573817884404,1.5401661258330206,-16.770756647310652,1.289195494137674,0.230274751778053,0.2225525368798713,0.7796610169491526,True,5
-0.59834919906772011,-0.72049592618618752,-0.35051940934009218,0.76372215111476327,-0.6451555776290665,0.022422233402255159,-0.24229467982532699,-0.2542831119111425,0.93628702176476264,-9.2515774214361972,-14.590751285858554,-0.92195720733983144,,0.2797675562658976,0.1875,False,5
0.67256132096003929,-0.71057956362140295,-0.20673159727555673,0.73899232706328655,0.65973963520105061,0.13650624266447314,0.03939048222698778,-0.24458188303388373,0.96882820582470852,-0.68383677077145277,4.0358732216203288,-2.3844904277928829,0.3109269515191576,0.2164937249608326,0.8311057108140948,True,4
-0.086632601770674292,-0.9359157700824724,-0.34140366667828431,0.98337174565518359,-0.13523842930801536,0.1212046908555032,-0.15960827722120458,-0.3252264419588824,0.93206918160254892,0.36564023375728794,-5.1926947736433258,-0.72711735178645054,0.2015151213382314,0.1316360803337802,0.1754385964912281,True,5
-0.97238301633428925,0.148094397994946,-0.1803865816161058,-0.15777449925554024,-0.98664544598813686,0.040471858068705624,-0.17198394381247639,0.067814550012400901,0.982762794308638,-2.4176432382322135,-7.7054146180791552,-0.72095245555881715,,0.1910487946669342,0.375,False,5
0.68237817301431347,0.72623345478103463,-0.083336655503164062,-0.69213504792468727,0.67856407728459311,0.24596721011793776,0.23517887751229091,-0.11016243541114026,0.96568894235998559,18.35842864003898,-10.421234235402459,2.5613536218250545,,0.2189638375627954,0.3333333333333333,False,5
-0.87270916296176859,0.47009974190772724,-0.13185199862291949,-0.47172324916929476,-0.88150560263727917,-0.020616709539866662,-0.12592018533870428,0.044205261874305943,0.99105499431004895,7.2406903477495383,-13.801210793797468,1.7712003069188291,,0.26971805976594,0.4117647058823529,False,5
-0.94223499242183362,0.29953980268305891,-0.14989705021921346,-0.30383082778257153,-0.95270680788962325,0.0060470066745165335,-0.14099662104030963,0.051241046138407222,0.98868311811513043,7.7980734379852539,11.675912076619731,-2.5963581823949062,0.3654783265328105,0.2617914108003724,0.3783783783783784,True,5
-0.81181410789492436,-0.53179428194283451,-0.2411487008376238,0.53184438644292087,-0.843895771929699,0.070579563106688836,-0.24103817712537107,-0.070956097779423424,0.96791829683914743,13.985537724657288,4.5942852392210547,-0.48869204160072643,,0.09744134415575187,0.3571428571428572,False,5
0.9783986559509158,0.074457575325799927,-0.19285263677234196,-0.03958467740289566,0.98310047527454025,0.17873586330079963,0.20290175787397885,-0.16724091901079793,0.96481156277279023,1.2297465735281856,6.7811363137474787,-2.4543660513348939,,0.08086710504818351,0.2714285714285714,False,4
-0.80305873039974585,0.57393086977917063,-0.16031229598278626,-0.59118540992823987,-0.80110685492653877,0.093421721658764195,-0.074809669272940277,0.16979741960416644,0.9826354103527104,12.341938288076985,-4.7859125890389667,0.93904806394881024,,0.1383069941513829,0.3333333333333333,True,5
0.63809592154804085,0.75664290284001756,-0.142566168797467,-0.73653123020479438,0.65380410585166437,0.17338378847088728,0.22439995952933711,-0.0056310525958385982,0.97448086148979574,1.1732011954642181,-2.1087601608739734,-1.0569479163255451,,0.07483357230665132,0.2651515151515151,False,3
-0.44501993701135173,-0.78348958833771909,-0.43370649133809841,0.86908726064038455,-0.49465539848112761,0.0018357957590175028,-0.21597358416020354,-0.37611182076593697,0.9010523343430874,15.297352936672615,-6.6636644761731505,1.3701696578473592,,0.5096188555215202,0.2,False,3
0.14851012004741265,0.98383812676426297,-0.10003641621174492,-0.97645225650807976,0.16189358053108915,0.14258842639955946,0.1564791839312242,0.07650496002096957,0.98471379399722436,8.6987045812716417,8.1000591336216807,-1.7653080821996945,,0.09574885520083878,0.4736842105263158,False,4
-0.75388539316389236,0.6383055011476062,-0.15563708163168294,-0.65356091715296927,-0.75281400144986299,0.078289250802491425,-0.067193314729171352,0.16073943643595703,0.98470700821612811,-1.4450461360417997,-10.429078887557955,-0.16386252092438161,,0.08686129383279846,0.2727272727272727,False,5
-0.96166208171464496,-0.13347592790608043,-0.23956255396423384,0.14365817750268189,-0.98929941335922178,-0.025475454141338977,-0.23359873421930943,-0.05891389816257573,0.9705466418335732,3.6877964402046364,6.4595688784755581,-2.1671667562339207,,0.2001960330789486,0.131578947368421,False,4
0.73176456936164436,0.67524723468565462,-0.092529925301723798,-0.64122061390013774,0.72809421553561215,0.24231165389454762,0.23099077760052822,-0.11798298755734625,0.96577599644562795,-2.4365682978963004,-2.5347358774092181,-1.5711021826848193,,0.07852569045239179,0.3496503496503496,False,3
-0.73418192242762481,-0.55005949157298728,-0.39800937239083245,0.63839769857831141,-0.75884157148871612,-0.12887143915721427,-0.23113909931120036,-0.3487033482933638,0.90828447727493633,11.133036937724867,12.547684692320921,-2.1748452066012689,,0.4525919968033107,0.1935483870967742,False,1
0.01684923490604303,-0.95897829988855143,-0.28297830946195457,0.99202913656698211,-0.01931374282374004,0.12451976365343491,-0.1248771215445401,-0.28282079075096861,0.9510089930351594,-6.7558877347675788,-8.5650956608201554,-1.4251017824083454,,0.07772573630651912,0.12,False,1
-0.54673484749070833,0.83553139997471471,-0.05448198046699021,-0.83730244970889589,-0.54575816561490831,0.032751066793799619,-0.0023694410298431279,0.063524045218669167,0.99797749545180747,-4.9656822683417152,-17.345833683393757,0.23492696498976373,,0.1079979285856386,0.2,False,1
-0.54444665289899807,-0.80709667929564666,-0.22841364323747776,0.813300099221831,-0.5745765719767294,0.091677213860532292,-0.20523350299801812,-0.13585548647518819,0.96923810079967043,12.778916563682921,4.9321454635635584,-0.68501957315330964,0.135439298019459,0.1048976936023301,0.16,True,4
-0.13225731168332516,-0.9141633700521471,-0.38316228462780971,0.97764221441750021,-0.18405819069462409,0.10167734765949152,-0.16347386364537767,-0.36114805176426501,0.918067742931713,12.392174144910147,3.3956207982742566,-0.51280870362295672,,0.121411283795381,0.4285714285714285,False,3
-0.75755478660581532,0.64779069800194056,-0.080485755713520457,-0.65205588002415782,-0.75672230000367902,0.046845384010199234,-0.030559362174933602,0.087969155158502968,0.99565433415626747,3.851986062711072,-7.5373326396110434,0.21292899238995303,0.6478651298680607,0.649014062430244,0.2444444444444444,True,5
0.47676481538179138,-0.84844979006736598,-0.22984400046251013,0.87880678419090685,0.45415708783178149,0.14642395853204504,-0.019848094971686062,-0.2717982584690331,0.96214955169100236,2.1908277961547693,-17.484401420586472,1.5115615691415871,0.4447368411455792,0.3750015902701428,0.25,True,3
-0.86157865716191284,0.49593880214297953,-0.1082909139866393,-0.49652346533440572,-0.8677074019675084,-0.023416083001006727,-0.1055777717864336,0.033594182528876887,0.99384343083044446,5.8151831863338952,-13.632136764853628,1.5028883199164977,0.6071840370274403,0.4124165366453694,0.4324324324324325,True,5
0.9096614629152574,0.39586292684867874,-0.12573212013511811,-0.34090786565116882,0.88452085237797728,0.31844102883532677,0.2372716797766618,-0.24681046342352347,0.939567318035609,-7.6068798090734573,-12.929307885067269,-0.93968551545112811,,0.5259295186810257,0.2352941176470588,False,3
-0.96225577000587081,-0.18239910521328978,-0.20197623500748807,0.16538644866372945,-0.98132082064372506,0.098268863682885912,-0.21612763749416322,0.061155648868418011,0.9744479621419887,-26.715826905180737,-23.37870255289555,-3.1116870599132889,,0.2292758106428284,0.1176470588235294,True,1
-0.89248389965950159,-0.37885786153104728,-0.24482485495694978,0.38955049195120223,-0.92099079840865139,0.0051345367046506524,-0.22742669823296008,-0.090789151349250044,0.96955372565327058,-3.1381486869734694,-11.394965431206392,-0.29275601512477739,0.6566815595280139,0.2839246038208882,0.1891891891891892,True,5
0.98044702281140983,0.061957823620323489,-0.18677490075617109,0.025393469156299704,0.9013695126671678,0.43230564807594407,0.1951379183666074,-0.42859564828213881,0.88217173106440105,4.5116023540555563,14.378581525462598,-3.4635291779687649,,0.402018828293998,0.2068965517241379,False,1
0.030797926296682515,-0.94016307677475031,-0.33933004111817056,0.99192417095002827,-0.013041039474216013,0.12616009818691035,-0.12303628253861956,-0.34047513912012306,0.93216884351506302,9.0384184173252784,9.9229943762378134,-2.0946473723113139,,0.1362402436912159,0.2352941176470588,False,4
-0.18199082267435418,0.98147835259058247,0.059829623585551828,-0.97714410958962261,-0.18731425308271002,0.10051248522631653,0.10985776966885766,-0.040169814390205089,0.99313526594076862,5.5358548076257934,16.638788706047663,-3.8446214498763509,,0.2882406050661732,0.1764705882352941,False,2
-0.15707777983839008,-0.93812288294779433,-0.30862927205753105,0.97488815059431788,-0.19724462730958389,0.10338109512040343,-0.15785963674046888,-0.28464014735666271,0.945547630530025,6.4681662975912646,14.245259637150324,-3.2889216016076603,,0.2981769571978458,0.2307692307692308,False,1
0.96695791917157448,0.16734513567841541,-0.19232261467688502,-0.09158368163934423,0.93205728963280399,0.35054477331681344,0.23791765762289294,-0.32134843146828279,0.91658626096189777,6.2651053927011064,7.9265157765316054,-2.1315007442997271,0.5284716995376746,0.2788895491493492,0.1162790697674419,True,5
0.4803748662438434,-0.83222260344774668,-0.2768492842538417,0.87691212220599102,0.44987665619212008,0.16922211481240168,-0.016282438680810279,-0.32406254415475383,0.94589552788167564,1.0565703911455526,11.280708650201063,-3.4270496101537429,0.1037836747729767,0.095700152133061,0.3478260869565217,True,5
-0.93722965686512227,-0.27315525457542517,-0.2167643356050995,0.26707505858587366,-0.96196146144160244,0.057454849947489381,-0.22421303123109884,-0.0040439583295373907,0.9745317660431555,1.4152491385063442,-8.9867745945785575,0.083075116366642235,,0.291407902577307,0.1774193548387097,False,1
0.71717855301182887,0.68678656232164359,-0.11823341707943148,-0.65613862632886055,0.72261775586482102,0.21749869412979431,0.23481274696901624,-0.078407886869302723,0.96887314811463077,11.399695690719618,-6.3992801933412906,1.1854636097002855,0.1704322498833522,0.2050503748582162,0.303030303030303,True,4
-0.40537158057887357,0.89739306768592675,-0.17423996019348667,-0.91341696013470264,-0.3899780864834077,0.11656135294778755,0.03665158383023602,0.20640439465278279,0.97778008124053817,-3.4490020066377305,-9.0295436931545598,-0.69923774397006433,,0.07574230165070354,0.3333333333333333,False,5
0.85990220048035193,-0.46134001857824469,-0.21848018872949082,0.49852702602011317,0.85099210028779992,0.1651764195498282,0.10972242221437861,-0.25095384536998916,0.96176044707475139,-0.32038646081766803,6.1112916532603068,-2.6698606905659048,,0.06918487251913916,0.2410714285714286,False,2
0.31322863325329336,0.94136580923744617,-0.12537239133478972,-0.93172732570530603,0.33016472850088641,0.15124629776618068,0.183771635037386,0.069438211761721297,0.98051329460799341,6.8713748644543564,-12.425233129424168,1.4456642467366563,,0.08410024998965764,0.4193548387096774,False,5
-0.91460225745752122,-0.32514579836032342,-0.24038078222319434,0.33498219878272445,-0.94222445442957026,-6.3036422882856158e-05,-0.22647215535755855,-0.080580936228907635,0.97067866751267151,23.948921278381416,1.5019507912865857,1.1800855101005661,,0.1614098834296346,0.3125,False,4
0.76430617749588958,-0.59472273061257031,-0.24928084710693232,0.64061331834706281,0.74451207389771312,0.18792644352748844,0.073828472813584109,-0.30332597236843062,0.95002247925444372,-0.63851128338503083,-16.281772090968218,0.83188796416113553,,0.2880517836296531,0.1818181818181818,False,8
-0.94396107576667421,0.27904895658480328,-0.17626448101179254,-0.29321226528949995,-0.95418370033177313,0.059666016332288477,-0.15153895512779489,0.10800530473128468,0.98253284893110771,4.3620648156186261,-9.7751283497066517,0.64784954160873753,,0.08122308387297064,0.3225806451612903,False,5
-0.97951528527718046,0.14346316559873082,-0.1413086197822197,-0.11303845367726396,-0.97247548595173483,-0.2037492017485984,-0.16664967416295134,-0.18360214960432561,0.9687714574460039,1.9857418939167382,5.9407116363416499,-2.2076729480561212,,0.3855060893646461,0.1666666666666667,False,3
-0.17047170862248762,-0.94446263161526434,-0.28094436111390736,0.9688482591198827,-0.21263834187253874,0.12695663183178754,-0.17964533770656108,-0.25054994122543567,0.95128979790189516,33.68721622754088,-0.83463105851470454,2.3599928317110592,0.4489150691698594,0.2824864476914344,0.2,True,5
0.97225469105503426,0.14913608026525665,-0.18021999135666514,-0.096815257739037763,0.95787783002728943,0.27036432569985314,0.21294981002669441,-0.24541493904269043,0.94573986175071889,9.2249432998119207,-8.6340022518540209,1.2074722876776083,0.6565240335601553,0.3360148577622711,0.2,True,3
0.97539086786374096,0.054420778148566273,-0.21366102544386156,0.01463654156862523,0.95094027707569428,0.30902809109547152,0.21999642392304433,-0.3045504364483913,0.92674193016187956,5.7264090738702569,10.85126467835472,-2.7343930370988265,,0.6258206882280926,0.46,False,2
-0.16425788680638134,0.98633278154954929,0.012922486704602443,-0.98098006755792433,-0.16471205547598824,0.10270367975357153,0.10342849547369053,0.0041931875230637461,0.99462805284309375,12.754184997642517,-5.7653839093626731,1.1797130388824699,,0.1905204337625956,0.2439024390243902,False,4
-0.80920032206605641,0.57286868861730067,-0.13044655752485637,-0.57989423180687472,-0.81443102060608985,0.020610497122537444,-0.09443261452118111,0.092323227177226685,0.99124109228697577,-5.9163172959363504,-17.826621744846356,0.16946437673499529,0.2792075043008023,0.2834576412566012,0.2941176470588235,True,5
0.84392912342365534,-0.46622663197953179,-0.26536081525048699,0.51545235475624673,0.84178888670430174,0.16031325646175534,0.14863547562281826,-0.27207388307986163,0.95072777256805974,-1.9418543779905204,-18.433290744963134,0.90612654260411218,,0.249408126137451,0.2666666666666667,False,3
0.74977099275412018,0.66065430205633791,-0.037139623031939573,-0.61972260197955442,0.72077472995488423,0.31052807482441069,0.23192101030349171,-0.20980867911723072,0.94983838790969644,2.8394771618097114,-13.500818346224893,1.0781837602550042,,0.09400426782476354,0.1578947368421053,False,2
0.66404061874641651,0.74768470434165013,0.0041999462396028198,-0.71199873657926172,0.6306119934178015,0.30884674657046585,0.22827145192601583,-0.20807714110676784,0.95110254314896203,11.249786204902026,-7.6438010501714393,1.3052818172758658,0.8149163176279215,0.4139435905197562,0.3846153846153846,True,3
-0.001770686905134349,0.99665122040657184,-0.081750899260954177,-0.99304935278757778,0.0078684188836450879,0.11743539037464057,0.11768537545530755,0.081390618908828802,0.9897099168734147,-4.5975955485704691,-8.4807307958896541,-1.0142091127129009,0.1232447489784259,0.2230267974699156,0.1186440677966102,True,2
-0.7948593305123175,0.57883271973640549,-0.18207505941250565,-0.60104721929017124,-0.79224952417923811,0.1052755034247015,-0.083311973215524901,0.19311492433348454,0.97763272301954451,1.167902395673843,-14.147717636120579,0.85320282831459837,,0.08391738142686614,0.3461538461538461,True,5
-0.10356373423800584,-0.9508705720853674,-0.29175282019669857,0.98799367338740129,-0.13215829799803841,0.080016783344065229,-0.11464316070812552,-0.27996310366244542,0.95314091628181763,-4.9426999895784522,-10.436652018431408,-0.77267179056565349,0.5278107924004266,0.2110581390272823,0.3225806451612903,True,5
-0.11645797188772646,-0.90684181268633557,-0.40506230082242706,0.98325627139984351,-0.16282221209470332,0.08182928572011644,-0.14015935764933624,-0.3887503749353155,0.91061984409026409,24.027867036856858,-6.5350912384292918,2.4127079565268659,,0.4103253725940926,0.5,False,4
0.37539629890222509,0.9265901332525569,0.022546479315424889,-0.91344557654264236,0.36572767604394463,0.17849494578327879,0.15714578411523289,-0.087601323817081161,0.98368247448061419,6.7393889819462105,-10.268702294846182,1.1749624207760454,0.7971972330107805,0.3821885952385854,0.1707317073170732,True,5
0.97160817208181116,-0.10839209433588014,-0.21030623820829678,0.15785550488256495,0.95909985195197744,0.23496619664106277,0.17623620377809365,-0.26149307423176188,0.94897954277566487,1.7428576292209774,-5.381283281174519,-0.4828734375821761,,0.0747763347728734,0.3205128205128205,False,4
0.97271318384878902,-0.10412205083722931,-0.20733465821276004,0.15551154295502262,0.95578090180653419,0.24959773185996026,0.17217787887676145,-0.27502993704565681,0.94589286483943935,-2.7680808254000246,-15.964432656616404,0.41938551232164073,,0.4905956994316182,0.4375,False,4
-0.13962948626074032,-0.94897716392277676,-0.28274714661627565,0.97675184049915809,-0.17890537190283734,0.11810465691840868,-0.16266360578835487,-0.25968290328281413,0.95189565662132314,-5.0163977826193937,-16.034240171905566,-0.015897477164040514,,0.1262765654801518,0.2424242424242424,False,5
0.97072931575069044,0.18757831221645269,-0.14999657438829908,-0.11724483555400166,0.91515436073718404,0.38567621725954582,0.20961451304266265,-0.35680088678385358,0.9103597547739819,3.1049742596502496,9.2032540663758606,-2.7985874865779041,,0.489275725126853,0.2777777777777778,False,2
0.87615663258498033,0.44901415510085102,-0.17531641023138106,-0.42254575374295833,0.89046193860299305,0.16891602023844776,0.23195827463391791,-0.073917686777046063,0.96991315817983803,13.371303523272594,12.076867725514653,-1.8037067206054593,,0.1133976363473643,0.6842105263157895,False,1
0.96563754218666153,-0.157837752781568,-0.20647368092947815,0.19137610302312366,0.9693589965407633,0.15400754207884487,0.17583891580473907,-0.18822959284434795,0.96625581295341489,2.3417588966542544,-12.805294887200279,0.90306911078714025,0.3201463266991813,0.2566788559925801,0.813953488372093,True,5
0.19896040286511746,0.97315226690661305,-0.11571267651502171,-0.96448151196162712,0.21537275034834782,0.15293786807590048,0.17375319040513598,0.081174157352621443,0.98143801893045102,4.9871331462294659,-15.882999652225047,1.7725655649127221,0.1462822049990676,0.1500085164455564,0.4230769230769231,True,6
-0.30470982402033681,0.95158443045192631,-0.040484501565159897,-0.95128876323775957,-0.30197077268373912,0.06215578317711147,0.046921339314537597,0.057451929177961908,0.99724503696466771,-26.863647240706143,19.439126140798074,-9.6613020160801693,,0.1722333886798365,0.2727272727272727,False,5
0.57333793591373905,0.81438784880769743,-0.089755461987253982,-0.79033301383521148,0.5786068751629212,0.20146416866617267,0.21600309832112471,-0.044570345843082587,0.9753748744903693,10.302993974854909,-13.861989122467802,2.3223399574378534,0.5766722019250178,0.4931673918225017,0.1818181818181818,True,5
0.46175152510924783,0.87786800352449179,-0.12701691795664849,-0.86456423560240714,0.47743855308040584,0.15678364248132912,0.19827811673633705,0.037419198553826749,0.97943125945779375,8.3611365016165315,-7.2775151201237591,0.8095839941001155,0.1946195664820191,0.2241226824946287,0.3764705882352941,True,5
0.69778820217903259,-0.67181758828224125,-0.24850101201884089,0.71481952246611502,0.67541955415822885,0.18122217348331243,0.046094199212809342,-0.30408806937355132,0.95152812405288234,-4.9001382233385744,-11.989552853001143,-0.58231766302967669,,0.2141772513584037,0.3166666666666667,True,5
-0.022006481919483466,0.99482333200119366,-0.09920812899944903,-0.99203393858811095,-0.0094175653748328012,0.1256183670956264,0.12403378347405292,0.10118224927552577,0.9871057557266385,16.390708336807318,-14.446942184210018,2.9049944199907922,,0.07912144892256764,0.2727272727272727,False,2
0.83641070507130666,-0.50685141135761302,-0.20861155108697838,0.53890101465783324,0.82992476212105493,0.14425874538158037,0.10001414321423235,-0.23308053548742685,0.96730069530318064,10.758778169530789,-9.4744404735711516,1.5267326971421236,,0.0853289985363604,0.325,False,5
-0.51650392018952618,0.85274783696680168,-0.077748485369765988,-0.85628366684114587,-0.5142204489777521,0.048534644885901757,0.0014079523902232882,0.091643092492343189,0.99579092246741552,5.3445531500059476,-8.9749928518779178,0.75991822383272178,,0.1170460299531038,0.2962962962962963,True,5
-0.31000224730779818,0.93754819405185674,-0.15780364537682742,-0.94901113269129611,-0.29515453863738045,0.110732417790531,0.057240516176013702,0.1840847146067694,0.98124224387051651,2.0011092226980431,-11.843166528997504,0.63612547164830668,,0.07101964307405056,0.1481481481481481,False,5
-0.87331807977135378,0.4660039913104827,-0.14197116477360475,-0.47311604220898629,-0.88079040091849781,0.019221869168617844,-0.11608937138678574,0.083955641457441318,0.98968414563359031,-0.20366668772394128,-18.126865990319654,1.2019508607163407,0.1700177900297595,0.09688156288892996,0.3,True,4
-0.24520830697894558,0.96944857984640931,0.0065067059484676393,-0.96653656841990732,-0.2449824946202652,0.07609624982022356,0.075365430374869397,0.0123704633467146,0.99707924636961465,2.6677327982497254,15.003344852426435,-3.8140868835029811,,0.487202995509881,0.5,False,1
0.054539777648283577,0.98355838603529466,-0.17215781688242737,-0.98897208671388259,0.076985575164903328,0.12652048418069986,0.13769395177300087,0.16335887633115209,0.97691056559388223,-1.1957820345538139,-5.7432201906473708,-0.79744641072519051,0.3844448750513719,0.2139727939287484,0.7996031746031746,True,3
-0.95420785783912332,0.23588360385123647,-0.18397361080390134,-0.24493027433694375,-0.96914282961901277,0.0277729456717173,-0.17174552323511053,0.071561869960249325,0.98253873919377432,24.723743007899426,2.2828397221166474,1.2100541032960792,,0.2198565569892666,0.5909090909090909,False,3
0.29233590722205105,0.9563147569379109,-0.0013427626168901474,-0.93910662365886088,0.28734015858181389,0.18845260058230184,0.18060583254345608,-0.053830464692059043,0.98208136848344807,11.010176380106316,-18.432102675532935,3.1121873682865275,,0.4326619659855022,0.2307692307692308,False,1
0.9816744141787016,-0.044765387162502411,-0.1852333789010342,0.087392236783513738,0.96953279985607355,0.22884218787893307,0.1693456273332061,-0.24083648003455344,0.95567769064035857,9.2384993070752373,11.586562049770633,-2.3529764207185924,,0.4517243410717068,0.3684210526315789,False,2
0.92518690070918119,-0.27125098582998447,-0.26542814741922627,0.35401524415776936,0.86886545678656102,0.34604338587378924,0.13675673899320573,-0.41412041810244393,0.89988992307426274,2.9161377262839188,7.4570405965511011,-2.445507828421932,,0.1455980203283705,0.1818181818181818,False,4
0.0081382618475503155,0.99961021001225192,-0.026705743452713232,-0.99259336059429393,0.011312624186521222,0.12095637659148276,0.12121134104623524,0.025523568976065364,0.99229852273824204,15.24994219111861,1.8208652189018841,0.11722439756412516,,0.276796220201225,0.6774193548387096,False,4
0.871749550458361,0.46282467668630028,-0.16076703619171021,-0.41177606002012485,0.86990339030591268,0.27149321893664491,0.26550555110947771,-0.17047407481637833,0.94891801128735676,0.56967093501691202,-12.378301671662047,0.4732571729072545,,0.1349111444464457,0.2608695652173913,False,4
-0.82726506609792427,0.53715890821852375,-0.16459896031105525,-0.53762635188215679,-0.84195055927160056,-0.045575887310306595,-0.16306568055811177,0.050789399127396231,0.98530706927353251,11.555166486628407,6.0443435704767481,-1.0273985649640713,,0.2898364963105589,0.3333333333333333,False,2
0.44726385801900526,0.88232113896631137,-0.14650750507447335,-0.87017332319712037,0.4671387806319009,0.15677929463363643,0.20676902308139644,0.057365210388634985,0.9767066108771012,20.455752420282153,5.5203147226575231,0.17488497564555708,,0.08967843281047914,0.2,False,2
0.97805269741458889,0.022883576051527542,-0.20709723085338672,0.060311992812601606,0.92030494555682341,0.38652460556428386,0.19943767097271192,-0.39053187978799692,0.898726580371491,-6.4207986586509316,-13.780272677537001,-0.63954464683759282,,0.08061593776621451,0.3636363636363636,False,2
-0.79295857563870276,-0.48971018141956291,-0.3624922558277045,0.56285354732335768,-0.81656887004557466,-0.12810606831062105,-0.2332650457881589,-0.30561285752813405,0.92314040087461025,-8.1397351085047642,-10.443960571500293,-1.3954662959677535,,0.5322707896066755,0.1724137931034483,False,1
0.42369444318884369,0.90135276136243236,-0.089700715689531252,-0.87674804860155808,0.43296836006792194,0.20940692073915312,0.22758707802565492,-0.010079621243505976,0.97370556286350329,40.4346376331399,-4.4755972586150712,3.8632566945319642,,0.1955271690745894,0.2727272727272727,False,3
0.43646461005604459,0.89082164835027211,-0.12623563284243239,-0.87681695926183545,0.4526026401150216,0.16230486780050993,0.20171927057039862,0.039845212904647681,0.97863256377924079,18.966427931188068,-6.6957915222355604,1.8807607375344222,,0.08111252297883523,0.2727272727272727,False,1
0.34960459973604241,0.93680346487111066,-0.013262429976618445,-0.91414006391677238,0.34417954723322214,0.21421573893758233,0.2052427036112171,-0.062767089081916194,0.97669633210253348,4.8264108506648098,-17.625687814395135,1.9887478490031452,,0.2840525628277518,0.7413793103448276,False,4
0.43129200488594788,0.89330331768745408,-0.12647683238461915,-0.87485857765713826,0.44834350691681235,0.18333185458414708,0.22047602051286253,0.031579778563532418,0.97488103990419772,-27.616891564344339,25.576736938988493,-10.832324267649108,,0.3835431437729761,0.631578947368421,False,3
0.067437742562599018,-0.88546618660913912,-0.45978449653063591,0.99515424880844794,0.026645609617464212,0.094646883554650715,-0.071555376852858094,-0.46393926742622627,0.88297235754210468,10.491158862923449,10.116618801687514,-1.8756281731273636,,0.3477305979791157,0.1363636363636364,False,2
0.95318141269014223,0.26866983414757423,-0.13878657975877709,-0.20772137588736173,0.91526015942861472,0.34518208319982069,0.21976584016058051,-0.30019220639753702,0.92821743935173529,3.4163034128072396,13.923753903266999,-3.5091287141382592,,0.2451519786801825,0.2068965517241379,False,1
-0.35936209720019024,0.92064287298486525,-0.15256337541512355,-0.93202996102626967,-0.34590562344698206,0.10802523509405487,0.046680133303711763,0.18101381187613685,0.98237211130244284,6.5290153667493582,3.1130907536987817,-1.2230533760088882,,0.06643083477938258,0.2121212121212121,False,2
0.90116434185454541,0.40689121240415044,-0.14947364395820661,-0.3488324208223747,0.88541769682553029,0.30716680213098368,0.25733008209897645,-0.22466651601085041,0.93984370266043726,9.5946856939898186,5.4792683214720528,-1.2726939581944388,,0.4506743600224385,0.4848484848484849,False,4
0.68479783570491148,0.71473177127916998,-0.14216335441318537,-0.69362272888520582,0.69910459016147475,0.17360956767700303,0.22347132743980588,-0.020279722367328695,0.97449951188956185,-4.1080958484544601,-12.463237666555019,-0.34633506545682485,,0.2492013805622557,0.3809523809523809,False,3
-0.15626951200867176,0.97457699961540489,-0.16055999326484727,-0.98308628660616437,-0.13775038456578234,0.1206904496589615,0.095504935492752574,0.17670456522856254,0.97961946893878671,5.4184168516111342,5.2921011873424932,-1.8047020121143695,,0.1074002183395492,0.36,False,1
-0.17000401482347136,0.98358446089838358,-0.060499943992847,-0.98117434245132695,-0.16323981967197271,0.1031972431253287,0.091627204798068962,0.076904938415543536,0.99281926139060916,5.3623747362725673,-7.7851819746288644,0.54772385527943579,,0.142850687929311,0.2272727272727273,False,4
-0.89051099946815837,-0.366066286028642,-0.27015853504825427,0.39040304304706291,-0.91974823703922792,-0.040603502839360678,-0.23361426284757406,-0.14162858008336232,0.96195931384739752,5.6706521536419352,12.066193384948134,-2.9169035761903532,,0.6419594728306225,0.2222222222222222,False,3
0.75757469434632962,-0.59640837315397499,-0.26528783409326295,0.6502424175389353,0.72510823142698921,0.22672196882954543,0.057143511610567022,-0.34426022882211205,0.93713366919141305,-5.640654400649888,-5.3564871959941769,-1.6770745270283425,,0.1625980598790952,0.1686746987951807,False,2
-0.94305500685459021,0.24206651130748452,-0.22814700995172627,-0.21976586165472459,-0.96827496506720279,-0.11893930416504106,-0.24970026050776573,-0.062027382078652771,0.96633450925382125,-1.1771971195318087,-2.2211032804289923,-1.4305801347738845,,0.6231744498374009,0.2925257731958763,False,2
0.97881691459281184,0.084604771120901076,-0.18643894553067072,-0.036099783679208304,0.96767619843890273,0.2495988393265241,0.20152978272534022,-0.23758116019249836,0.95023204481656165,31.39876793868611,-6.1687021726235054,2.9739821362266605,,0.2570646167711461,0.7272727272727273,False,2
0.0030925085748492401,0.99998966041498993,0.0033339846772904858,-0.99165734609966882,0.002637068990076024,0.12887495409777408,0.12886482963662454,-0.0037047172976494569,0.99165524793270199,16.038271234364842,-11.506413890873892,2.4890085366611001,,0.4182761768284789,0.2,False,1
0.90677855466098911,-0.30955228573451032,-0.28623423136212817,0.40032679215980238,0.84513783341081294,0.35423227128075108,0.13225396888551472,-0.43579745861376623,0.89027493662340762,4.8029180174668067,-21.859894459398319,2.6666352405275631,,0.3471017156506814,0.2857142857142857,False,2
0.98427694601716786,-0.036516685453779472,-0.17281616018933807,0.094302932830603453,0.93592508973692112,0.33933933350038092,0.14935143252966782,-0.35030095358763419,0.92465311956264451,13.827850449158458,-13.916320803812109,2.5866298462450898,,0.3050813526127893,0.3846153846153846,False,3
-0.050282392713374577,0.98895558272210493,-0.13942215170409594,-0.99170516203249248,-0.032905507650483216,0.12425014754265454,0.11829012038680745,0.14451326226006378,0.98240692406447772,4.5105606854609199,3.96722337019879,-1.5089557885672114,0.5423454893196523,0.5752758799635964,0.7173202614379085,True,2
0.17905669611027158,-0.84878604130188351,-0.4974946790360194,0.97967197505499803,0.10733333118761856,0.16947677512865456,-0.090451759905009019,-0.51772754621252981,0.8507506491462935,-33.059097488667447,13.814412985917588,-9.9203447461464993,,0.7136794591270248,0.4,False,1
0.017017238058468172,0.99454534968108543,-0.10290753634495894,-0.99115445343870101,0.030327962320306247,0.12920164136003714,0.13161786747053372,0.099798607852142479,0.98626415063779116,32.422419456436344,-5.9482573320015337,3.1704160801066448,,0.08848468736546812,0.2857142857142857,False,1
0.6866909835719559,0.71875923339042336,-0.10881478528670424,-0.68345451758542553,0.68933111388354196,0.24023433939416095,0.24768006676568419,-0.090596798222049274,0.96459670571636325,12.843924621386812,-9.0323053585174993,1.6952333833139688,,0.3572739057574583,0.8235294117647058,False,4
0.88916171468242644,0.45229877714646044,-0.069406493462964833,-0.39499114486927855,0.83521595734742393,0.38261769439883875,0.23102692617499065,-0.31279405490520934,0.92129606457321478,9.7582446815746398,7.331385123490465,-1.4671513396279827,,0.5874714093756362,0.2857142857142857,False,1
-0.81652355733724891,0.56648670633304055,-0.11127484828687101,-0.56948411107334962,-0.82198192538648462,-0.0057932350998725901,-0.094747704712671132,0.058638945129231623,0.99377278417443571,14.608969382506062,-9.1625275540648357,1.9305589320500869,,0.0972897449430399,0.3157894736842105,False,3
-0.92295768584539095,0.31665512973654197,-0.21881188027722553,-0.31002799878502013,-0.94850774141825733,-0.064928456311480393,-0.22810469111413856,0.007911591569978102,0.97360446620306418,35.797974600647521,-0.53364766584632395,2.7001299961886387,,0.2619189819880373,0.4,False,2
0.91008039725828771,0.39552274300854434,-0.12375552629759351,-0.35024901564195809,0.89367155233618067,0.28049382094242348,0.22153847875264623,-0.21192667672579119,0.95184441277129173,10.129505934999788,-12.159174722046547,1.9802384250487932,,0.2777821744164431,0.4705882352941176,False,3
