axis_00,axis_01,axis_02,axis_10,axis_11,axis_12,axis_20,axis_21,axis_22,location_x,location_y,location_z,dbh,dbh_approximation,score,reconstructed,number_clusters
-0.87104401126157049,0.41132149050689204,-0.26850877433063736,-0.4414991128145293,-0.89519226946849273,0.060904302539578181,-0.2153157305663847,0.17159671363705559,0.96134993838852756,-17.843722117076979,17.313441449170494,-7.6278819345525486,,0.1678006858587653,0.4545454545454545,False,1
-0.57878315205947417,0.80803483871660575,-0.10995345520868546,-0.81125286941928088,-0.58423728879784975,-0.023142433690544043,-0.082938801239726717,0.07580560532287009,0.99366728106069324,-15.126031756130669,8.6583044747996283,-6.1088609647989616,0.1556788182984046,0.1993553937182375,0.4761904761904762,True,2
-0.49419768532557506,0.84179141122226697,-0.21715401863945916,-0.86741941199972805,-0.49410514954666301,0.058682747699087073,-0.057898285854494108,0.21736448924305138,0.97437183216224876,25.4399132089879,-0.17802332792250905,4.1165814760360036,0.2337711010211821,0.1944544294788074,0.5,True,5
0.071706392243102587,0.96176319942167843,-0.26432885114881716,-0.99001974927479641,0.10086388016843242,0.098424456936456614,0.12132225417188157,0.25463312022504719,0.9593971465076957,6.2373774829987738,2.9209161179382614,-0.1975675311940919,0.2012668083099326,0.1413225667320676,0.5784313725490197,True,5
-0.54954522468413225,-0.77645211425522997,-0.30841880665006616,0.79949551200170221,-0.59589279512745963,0.075622106584786353,-0.24250148930677506,-0.20502168417942473,0.94824002061726431,3.7902446386861914,1.5184325396649232,-0.6720628469021056,0.2639021295019384,0.2061256059095633,0.7746031746031746,True,5
0.54575292769933592,-0.74126872550347289,-0.39073573998043848,0.83413341192399715,0.52502253619994721,0.16903487094149167,0.079844805840049424,-0.41817701165012944,0.90484959739601634,4.1574727759016552,10.261224338100751,-1.2426800861080016,,0.628569231262469,0.1052631578947368,False,4
-0.92618858179144703,0.28996278021055316,-0.24103173453243434,-0.2751440993613492,-0.95681731719187191,-0.093788837866669708,-0.25781860977396376,-0.020547691216168243,0.96597482205278262,5.0758157861979578,1.1306985277430517,-0.31771792029249274,,0.2546598234602492,0.1886792452830189,False,5
-0.17512867764303108,0.96466514312008422,-0.1968530109399175,-0.98350133455350486,-0.16220413047600557,0.080093351709103575,0.045332893118336666,0.20763184174309804,0.97715605053435106,-20.071971509661882,17.847764133801107,-8.2335352994601454,,0.2255021307988915,0.5588235294117647,True,4
-0.67288715637404817,0.72055085403199126,-0.1674196569719803,-0.72656168090829765,-0.68628410176840327,-0.033500082024459643,-0.13903596161625581,0.09909893245491655,0.98531639738905163,3.5723945221274773,-8.1946238923196937,-0.12059711645749263,,0.3177007707973712,0.2380952380952381,False,4
-0.46719212350181288,0.84540859185261719,-0.25887416356145115,-0.88255438979723655,-0.46352319564560207,0.079018960687392864,-0.053190871279700042,0.26538756549669607,0.96267344997784299,4.5664928529244504,5.2606860749370261,-0.80495794668612619,0.2100484636569495,0.2032232213377867,0.6601941747572816,True,5
-0.23720707889633252,-0.92234100369040795,-0.30499159764301514,0.95760241078188346,-0.27483864846810702,0.086379049386693232,-0.16349441759948102,-0.27157096718831003,0.94842964166785271,9.0300148806886256,5.711695050434324,0.24985809489008734,0.4060086508784873,0.3391638519558179,0.8652482269503546,True,5
0.19211971619211116,0.95363750699267602,-0.23165819628723439,-0.96908807173635159,0.22158497126910567,0.1084823014412391,0.15478476626781101,0.20365560577715947,0.9667295745796527,12.049292215504487,8.6475731280400208,0.66201774998041851,0.2416936233330071,0.2096228974833467,0.8048780487804879,True,5
-0.93988201453387454,-0.17054439178837677,-0.29586552550994893,0.18353211137594386,-0.98287563512300324,-0.016475738995303982,-0.28798917141037406,-0.069786075338034811,0.95508750428391687,-1.2345766336277988,-11.751926819820033,-1.0359063692226183,0.1470778166321054,0.1256822237029981,0.3846153846153846,True,5
0.7430942424437541,0.6516524280824082,-0.15218429558020558,-0.60992120280278317,0.75310522936747748,0.24663462828841382,0.27533084320240597,-0.090452343660402501,0.95708479264263269,10.801241225351827,11.341323400026488,0.27880177269319095,,0.2791280462794186,0.1904761904761905,False,9
-0.94007216423170348,0.22524758664384154,-0.25598408299706316,-0.24134638788100057,-0.96988149143739988,0.032890935285570341,-0.24086562040589321,0.09270068650388244,0.96612128411923237,21.484080571523108,-6.2348770120119879,3.5981662603977789,0.1604208545930511,0.1257192685500467,0.5238095238095238,True,5
0.56737300954249936,-0.74314261773676238,-0.35472090119703908,0.81643690471009245,0.56380908609435154,0.12470002030816073,0.10732496759883341,-0.36035866042153708,0.92661911656791596,11.788289306231929,1.8839310750517808,1.154477139040976,0.1640718673251287,0.1484048037933307,0.2105263157894737,True,7
-0.39175333680792718,0.90318675585295027,-0.1754508681987054,-0.91986551107606274,-0.38850196053352881,0.05397840488918091,-0.019410425874530401,0.18253742277524684,0.98300728616523614,24.965678802343433,7.8407718956812475,3.9018177622120356,,0.2800440203116548,0.4666666666666667,False,3
0.94487188938342315,0.16031455422351878,-0.28551069394527878,-0.10914215345526523,0.97628071140685113,0.18698653126383183,0.30871524580452381,-0.1455170651128144,0.93995727603375989,18.883028339427554,-6.0239927815701098,3.0614441607707255,,0.4396948776942737,0.62,False,4
0.46480692701778115,-0.82184787048324248,-0.32942464749688571,0.88414456363805882,0.45072141019158113,0.12303902220100749,0.04735938328942238,-0.34844840102527813,0.9361307604375434,3.928938148059669,-13.355009236506952,0.21886933951292298,,0.1736183234741674,0.6607142857142857,True,5
0.79854894601836901,-0.49988251983865217,-0.33531633895876839,0.58114316517535136,0.78539804016247572,0.2131256438791847,0.15681901154811104,-0.36505805684671883,0.91768208697150233,4.7740357760217336,17.390245316246617,-1.7211728481412329,,0.2548505247936114,0.2857142857142857,False,5
0.95151204701156644,0.14268970211110266,-0.27251508821219855,-0.098342674521072676,0.98051948059159277,0.17003019304945505,0.29146791034331715,-0.13498591442012522,0.94700858504464569,17.878829285302398,-20.656105579997039,4.0153969160684042,,0.1939049133974888,0.5862068965517241,True,4
0.43399721177705503,0.87287726008611544,-0.22300607389553162,-0.87514435774378641,0.46724386195982465,0.1257200324931762,0.21393637670802718,0.14060036374570917,0.96667614247772593,19.748302520338569,3.7347457131770239,2.8051384742244689,0.2714435274744386,0.2572582645922636,0.7142857142857143,True,4
-0.74145544477069081,-0.57327535217484038,-0.34871075981206667,0.61034032747991107,-0.79212657116746721,0.0044922046019346962,-0.27879832867435028,-0.209501469778337,0.93721962532221048,-17.728419987936096,14.913566992717778,-7.3236781749531454,,0.1533098948533403,0.25,False,5
0.81644842151740582,0.51579879246015115,-0.25954494928313621,-0.49841947675251536,0.85648157833412852,0.13422865255983266,0.29153044471458689,0.019771486310575237,0.95635719693720378,1.8889367658566265,12.891216142976289,-2.0455773111698208,0.1840899772842867,0.2251994144390839,0.8088235294117647,True,5
-0.16440783542668663,0.96063417865743772,-0.22394650800014815,-0.98502548260344358,-0.14794417007163232,0.088528646006070494,0.051912062877174522,0.23514782018331545,0.97057232620288059,-13.083409463925344,4.8627693011138797,-5.1626581835779257,0.1611791099713282,0.1184685626484804,0.5863309352517986,True,2
0.84402683354731556,0.50134770246317384,-0.19044470453911161,-0.43940006266570586,0.85005320053683053,0.29040857629633643,0.30748380312053253,-0.16143121597754329,0.93775992307548828,-9.6615271997849952,12.558773230032186,-5.0569981556443446,,0.1127568794975384,0.625,False,5
0.88108365842026815,0.40384893664041255,-0.2461658449890311,-0.37063021213965919,0.91288899016747538,0.17107582377506719,0.29381087916220339,-0.059495613329174205,0.95401018824775574,-8.0463453049633689,13.897379090250698,-4.7153540988052676,,0.1463013392155428,0.3626373626373626,False,5
-0.24369853684092058,-0.91470128096008341,-0.32238577783701217,0.95579254146033987,-0.28290189409274752,0.080169420651015164,-0.16453461894196592,-0.28859675141746993,0.94320743966579479,5.9500204824815537,10.837908808109407,-0.81535492986902269,0.2879894988520858,0.2877232660581092,0.7272727272727273,True,5
0.32259042998376192,0.91345627646940719,-0.24805855248617442,-0.9274916225102654,0.35736041690525,0.10978534785015734,0.18893042279147565,0.19465652675405076,0.96250409450343788,10.866851605791968,-18.384541418246112,2.26963346681692,0.2045736881058597,0.1612327087702675,0.3333333333333333,True,5
0.82040486006322966,-0.48984097897559264,-0.29494352154414932,0.53839468926377532,0.83548017762584326,0.11001832286874359,0.19252798279001948,-0.24905559240964881,0.94915977987496081,-17.119425416234268,12.39619425476149,-6.9918904851693835,,0.4094966244585854,0.6951219512195121,True,5
-0.72964842104172423,-0.58754610816235087,-0.34986104735250567,0.62744739077785627,-0.77865842591179635,-0.00090970468968414042,-0.27188775896935385,-0.22018316588658027,0.93680116352552856,10.529089579027666,3.8999703114633193,0.71169883223971175,,0.3328030937085893,0.5258620689655172,False,5
-0.32804413033082186,0.92504557145364896,-0.19151433181223365,-0.94396006103214614,-0.31317698163159624,0.10420931509375515,0.03642048505554879,0.21496713448830831,0.97594194466587192,-9.8597439431468867,2.9642083581949481,-4.2012697090439515,0.7427055107532347,0.3185539164081517,0.4315068493150685,True,3
0.72480451636265575,0.64864510319656699,-0.23220237543877964,-0.63020735816230566,0.76039408637212158,0.15696980323742077,0.27838300734488874,0.032563223265245161,0.95991798488839353,15.178536198045853,3.7458037383414347,1.7627642907862482,0.2232485665715452,0.1253936500704483,0.2352941176470588,True,5
0.75660218088784237,-0.57934300498088476,-0.30317457422329958,0.63269596054748456,0.76569853728807102,0.11576515668284772,0.16507259428099036,-0.27940549846885065,0.94587716223763263,5.8148534682421191,-11.136597459793167,0.62953018120057436,,0.07474775156029549,0.225,False,5
0.83562113493591339,0.50275173486877689,-0.22130976466222796,-0.46789877141281472,0.86251810646080052,0.19269991109923623,0.28776389377195044,-0.057473551427677794,0.95597527809431115,-14.353289127754193,21.141395214061049,-6.9729136464798902,,0.135527492802608,0.2,False,4
-0.78082966324850855,0.56722462117651007,-0.26184206331753601,-0.58506787582132935,-0.81089666376046243,-0.011923983565425095,-0.21909043263715894,0.14388477971389324,0.96503707311872045,-2.3174355171494199,-12.516644007524667,-1.2490741659751843,0.8631196026483474,0.4929244792103206,0.4444444444444444,True,4
-0.36886624218444641,-0.76270935096246861,-0.53123642696179574,0.90871377215191695,-0.416064009545414,-0.033615774012029406,-0.19538929263948829,-0.49514158168689854,0.84655645907785571,7.5645026843426439,-5.3037504976260719,0.61120498745967933,,0.2762528546245621,0.1,False,3
0.95650503009262644,0.12994997754780241,-0.26117260718312346,-0.0424561172706708,0.9477784484635573,0.31609095326236714,0.28860978069671089,-0.29125421192377376,0.91207202485486816,9.7967589004637077,-5.5673135611409377,1.084941596356414,,0.4801538299976702,0.5,False,5
-0.51561865407016061,-0.78703847790940684,-0.33868545564419961,0.82183472591014362,-0.56608570514541168,0.064301304172001472,-0.2423325955439638,-0.24518851669697961,0.93869990114884949,2.2405652543831138,17.27618908976612,-2.3254928077326662,,0.0825775113502746,0.3076923076923077,False,5
-0.80064480950939587,0.53929907185437753,-0.26100651352537224,-0.57069816002400842,-0.81909521524801854,0.0581948322706917,-0.18240476734689443,0.19554932742101067,0.96358132059225599,6.209332136438916,1.5706011351635971,-0.10042126085709821,0.2069433607164719,0.142423068807987,0.5471698113207547,True,5
-0.95795778184946423,0.0063256460900135286,-0.28683945752911838,-0.0082303828595940102,-0.99995135868538898,0.0054351689237813194,-0.28679112432577047,0.0075674609209056337,0.95796324801276789,-11.35105946594787,2.8744072115770685,-4.6409622414841794,,0.08159056647306573,0.2362869198312236,False,5
0.66481260526163988,0.74498986847415449,-0.05490260245282963,-0.69833808167681044,0.64591084859990533,0.30842032900070504,0.26523220687764099,-0.1667011443626373,0.94966446964335982,-13.918350584195084,9.3864756020329132,-5.8204815053486731,,0.1357409505960414,0.25,False,4
0.46027614107586179,-0.83602870109409577,-0.2986668460060985,0.88623794026441649,0.4524897677499517,0.099173198584485103,0.052232051387976208,-0.31033694757233166,0.94919059823582852,-0.85042783151499024,10.715685469028491,-2.5277613223314939,0.3081653736858086,0.3140120032255244,0.8203125,True,5
0.95494038567059991,0.16757896566063837,-0.24496152776180091,-0.062099307327283942,0.91989407602144202,0.38721901416398519,0.29022842011897554,-0.35455913352890445,0.88885054142216469,-16.574569334060321,6.6416446194206866,-6.2854585596153418,,0.3806506152256647,0.25,False,1
0.48930372037483755,0.84140403839155842,-0.22939292361735814,-0.84328726496081996,0.52353770423816792,0.12155188602373747,0.22237009237359634,0.13396834110865544,0.96571425670244337,12.060391340461951,10.509019568507721,0.57576863517630417,0.331225461546546,0.2828500130576699,0.8269230769230769,True,5
-0.14754833290804772,0.96045778635121037,-0.23611507807293769,-0.98852017610705301,-0.13535612807850339,0.067131065989435107,0.032516932286703472,0.24330959543127212,0.9694034711541597,-5.2763749287066499,11.074302046483268,-3.7092978716219465,,0.1798334769643168,0.1160714285714286,False,4
0.54312653438588121,0.839303861548921,-0.024137017940296851,-0.80313171793720106,0.5276751492336742,0.27665570755807489,0.24493470821674349,-0.13087385097981952,0.96066592728195044,9.7188428122225581,1.4288867286348563,0.70739228733800108,,0.5213951704258111,0.16,False,2
0.28296068418272458,0.92885601868788426,-0.23908104850476516,-0.94224081284758743,0.31577740586049252,0.11165518596256814,0.17920798478628772,0.19367789366706584,0.96455864087857657,-13.475556140240192,14.076756364983247,-6.1471334587287449,0.2976486782202662,0.23267127688024,0.7111111111111111,True,5
0.2877514243344193,0.92535766817139997,-0.24680418098140444,-0.9409165682823728,0.32119973593399587,0.10726947919913837,0.17853607289630846,0.20135519757960135,0.96311004308045911,4.4411029109223499,-5.4983242232787983,-0.086109154127252618,0.1847458856191442,0.1071332932894421,0.4482758620689655,True,4
-0.93161891451655532,0.28010611152783776,-0.23157453314160026,-0.26277984504973023,-0.95931984493940403,-0.10320943823642324,-0.25106363964269185,-0.035298744881266692,0.96732675320140549,0.57882271918997341,-11.268404986233305,-0.58194171751880841,,0.332600723657506,0.3333333333333333,False,1
-0.2687863303977453,0.94168408398030723,-0.20244751065272254,-0.96318619545113382,-0.26166027079766835,0.061694858606384614,0.0051245959533426644,0.21157738221336655,0.97734781416446337,-5.8460830624046078,25.140215881582094,-5.1490801086643385,,0.2146706621568082,0.4166666666666667,False,2
-0.84769389402436035,-0.41529200040787184,-0.33007213822291209,0.44062571176230647,-0.89768831820195927,-0.0021599763191567367,-0.29540488176023438,-0.14726926957436337,0.94395323934570841,9.7803579560509259,2.9195488954568889,0.61836850720525938,,0.1031468898381556,0.3076923076923077,False,5
-0.69028475003020451,0.68964311507721832,-0.21885917321950973,-0.71114909031222151,-0.70241793936391073,0.02959746286181085,-0.13331892297733577,0.17607217919463278,0.97530746561779957,-21.656690224895872,17.746258826589074,-8.6444738963132064,,0.3037722649690543,0.3461538461538461,False,4
0.4922548415022216,0.84710630684122212,-0.2002400457636952,-0.83959209327716766,0.52277920268772349,0.14760427549245103,0.22971784415688248,0.095461039943069981,0.96856435094881599,9.6955718957786825,26.492532546630589,-1.2034327116614236,,0.2480521035939599,0.6818181818181818,False,1
-0.92381364738477811,0.27595170398760238,-0.26536578900071123,-0.26324883290276696,-0.96114701580385764,-0.083044963644214667,-0.27797193541967952,-0.0068608365143390804,0.96056469435502356,12.390527625075933,3.841336005772972,1.114344441134492,,0.3383645631502548,0.5217391304347826,False,5
-0.83520832481238239,-0.45863633969983403,-0.3034464731560273,0.4728297754177484,-0.8806556738527096,0.029624104871381188,-0.28081854932054384,-0.11873622874997967,0.95238786759373262,-3.701994721014894,-10.425842668437738,-1.766441999513195,0.4634659721768362,0.2840247493178734,0.3898305084745763,True,5
-0.80301490393036479,-0.4283825152494562,-0.41431326878855407,0.5203656559563038,-0.8428707900164133,-0.13707084094829763,-0.29049380056530127,-0.32566432406030787,0.89975335501873521,-7.9224396462979563,28.493699715688464,-5.9625376569994719,,0.4365727160445629,0.2380952380952381,False,1
0.84245062490166456,-0.4066889514673232,-0.35338511762269115,0.49650036104721507,0.84070252577688509,0.21611722428429941,0.20919927361914817,-0.35752392913870018,0.91017157943458438,12.960042678965767,-18.837807929579725,2.8173081639925628,0.4086733557584,0.3112911351191837,0.4473684210526316,True,5
-0.82907006152313534,0.5377204003663163,-0.15329580593059478,-0.52216063385183076,-0.842619924186921,-0.13168119007162549,-0.19997776261743846,-0.029127897162575606,0.9793673774766074,-12.026180754195556,15.517988331763043,-5.8823106958647084,,0.5773788617787201,0.46875,False,4
-0.75493238270346497,0.60147713249787049,-0.26134719556139868,-0.63587296839249186,-0.76885202467866287,0.067321112700562333,-0.16044521062777162,0.21700650503996372,0.96289434059867152,8.078936513574174,0.46451460035436698,0.4122320442809484,0.2405130194456589,0.1981927399116716,0.7480916030534351,True,5
-0.43172652143888401,-0.8479108724516603,-0.30766761783545671,0.87615211824722772,-0.47528141180385941,0.080405505312918762,-0.21440540193095975,-0.23485044596933186,0.94809049760601927,-11.41013018606349,12.49626262830912,-5.4732970163837331,0.3744816057241087,0.3092566758474924,0.8871794871794871,True,5
-0.4302647665635484,0.89684599966377709,-0.10266198683590919,-0.89939807370183855,-0.43563068620276962,-0.036180246819594628,-0.077170821399268341,0.076766907750575902,0.99405810001175376,-3.186971264291675,21.392184775893579,-4.0434454691191197,,0.3474281293915983,0.3,False,2
0.77690192907595101,0.58473620237267354,-0.23346727015333169,-0.56331988323265392,0.81116817864560131,0.15708881280195036,0.2812367361366831,0.0094741536593350717,0.9595916520372737,-19.923736392759768,20.89485914227383,-8.378831912422859,,0.3029630560575061,0.2222222222222222,True,2
-0.28219533567306326,0.9515192877979467,-0.12237988998546753,-0.95846731343900615,-0.28512275648057467,-0.0067396443476323981,-0.041306193160116675,0.11539522817433515,0.9924604474341594,-2.4245356817702053,8.4153598178123872,-2.8152335733150555,0.7110496003300322,0.4981612773312289,0.8434343434343434,True,6
0.91401002303617562,-0.19484670612046615,-0.35583765807375545,0.31955099465484732,0.88616160504763719,0.33556634449016776,0.24994567330623657,-0.4204192798307434,0.87222404778938056,5.5778250161444154,-13.359040762629517,0.58831150224388196,0.6489063592700434,0.3545136523297756,0.1290322580645161,True,4
-0.08577021694331835,-0.93877927322329624,-0.33367191378933425,0.98812698079641859,-0.1230012357638,0.092063922481791877,-0.12746975997330262,-0.32181387814530144,0.93818297156014874,14.728416735469182,-3.7122960283484927,2.097380578932281,0.3739757084421171,0.3771153634964783,0.7622377622377622,True,5
0.88587734723695899,-0.35809575421857404,-0.29493856387905354,0.40791427091377602,0.90406684409852911,0.12755033902976515,0.22096894179338988,-0.23330360522794347,0.94696470607428329,6.1480919758369152,7.6337206993098219,-0.65801504441616532,,0.08838721895154175,0.1764705882352941,False,5
0.90919573750737048,0.36959953385076749,-0.19172713807837377,-0.33312135612496008,0.92195151782676488,0.19757419080029587,0.24978645478067041,-0.11576520787447159,0.96135588813606598,12.944182654653993,-10.738974627867336,2.1240856378103352,,0.2626847741745603,0.3181818181818182,False,3
-0.047397272049229631,0.99362632137377871,-0.10227527597373096,-0.99575189482378934,-0.038908820221126898,0.083452187891227311,0.078940880139025588,0.10579620589705258,0.99124946419186732,-8.0551876105701208,20.983352611448545,-5.3012278766170455,,0.1420182537571658,0.25,False,2
-0.5325446754593659,-0.73039145620403456,-0.42769672589818586,0.81196857515420218,-0.583520465036798,-0.014522391169986784,-0.23896276195661409,-0.35501012321818182,0.90380562667571307,-15.719264021515736,8.2705962683424605,-6.1522893996159826,,0.2683979395232954,0.5185185185185185,False,1
-0.12469111764619863,-0.93104877292589783,-0.34292901249868291,0.98302258481761429,-0.16281419506159414,0.084605765908368283,-0.1346058056646825,-0.32655737676498026,0.93554345530378036,7.2631940628958223,-10.653159102282833,0.97682695746749215,,0.8055376778595388,0.8571428571428571,False,1
-0.23548074432404276,0.94017842313147892,-0.24619778985726271,-0.97157987504681109,-0.22144505894527308,0.08363391819559754,0.024111521242306477,0.25889499521375575,0.96560448217510442,-7.7312057728880852,9.5743587145589171,-4.2166474040408657,,0.08092458663313579,0.28,False,5
0.79010447687713725,0.58315214045887875,-0.1888610512968002,-0.54074198570190612,0.8081944166139543,0.23328071041813403,0.2886745927820184,-0.082191033770465549,0.95389287315184279,-16.255049907913776,16.43628104981758,-7.0615332474977279,,0.3204673945481033,0.2631578947368421,False,1
0.69141609604871257,0.67150248100156684,-0.26651116324367852,-0.66829176448039906,0.73461365598099304,0.1171703630356877,0.27446292946850442,0.097093740555095995,0.95668328400395264,-8.0826936014985211,6.7286941815767456,-4.075975063736677,0.05892460376765511,0.1164100859999581,0.4598540145985401,True,4
0.83833579018786775,0.48032783816405183,-0.25783380456164129,-0.45901796033239628,0.87708899227559312,0.1414829025757886,0.29410136854895613,-0.00025983385432054584,0.95577419796937313,-3.5004518925648389,-3.9973380850368438,-2.0143711132038735,0.3957653972557723,0.3125481138918099,0.5776649746192893,True,5
0.25360745138181595,0.94339874022189851,-0.21373366031431634,-0.95297818725996009,0.28156618256421984,0.11204043664201729,0.16587897760217021,0.17526922657428542,0.97044570327541335,15.5414311123453,1.7118939159022712,2.053112891556244,,0.1406020729147206,0.3636363636363636,False,4
-0.4012835596356179,0.90363935857759836,-0.14969106317891656,-0.91532645504732102,-0.40166525074764609,0.029025971686326271,-0.033896687989717886,0.14866383545199396,0.98830667233001657,3.574104293275115,-14.399508289103858,0.24346191071420753,,0.1740859288757235,0.375,False,3
0.57234061753654009,-0.73766290359953746,-0.35816149733184688,0.81449085980698677,0.56200945909115929,0.14404862784121653,0.095030820309870104,-0.37416414652550711,0.92248053347811698,1.786615376930031,18.389809134918224,-2.5559267494680418,0.2491898453255568,0.1435575433335883,0.4166666666666667,True,5
-0.91955645109447792,0.36447828099848184,-0.14687244782776229,-0.36826193954882808,-0.92972081221047287,-0.0015346733960639458,-0.13710972660705917,0.052676313681662132,0.98915424926886242,-15.945836810821886,10.712525041061596,-6.520865035610127,,0.2176499006500352,0.2702702702702703,False,4
-0.79748461989556296,-0.50783985541440069,-0.32575598579720855,0.53101209640509073,-0.84711282305217683,0.020640215406903251,-0.28643399676278186,-0.15652011459634582,0.94522855396208116,-14.736050695747567,12.876672639857178,-6.3747086772067343,,0.088455506964494,0.2608695652173913,False,5
-0.46548894645529998,0.84869878915373631,-0.25105857088917805,-0.88343162981659829,-0.46271627518157216,0.073771296055313407,-0.053559277137802883,0.25613280533948246,0.96515666596744953,-1.9450992115928862,-6.381290722587349,-1.5054132989329816,,0.1316219386200522,0.226027397260274,False,5
-0.37695565660853503,-0.86690468569402057,-0.32616054156286262,0.90499778839767353,-0.41969077874242167,0.069560428649484751,-0.19718883321869074,-0.2689533717214404,0.9427516363780658,-9.2390826999638005,4.5511657588663166,-4.1448662714555464,,0.07633794306075523,0.3105590062111801,False,4
-0.43943926229843633,0.87272069998753776,-0.21272450391026504,-0.89714865469386929,-0.43824655654906169,0.055355641572212289,-0.044915767071120674,0.2151709448000646,0.9755429454320611,9.0025491725029863,-12.83759834268427,1.3475899577673565,,0.1145746523200529,0.4166666666666667,False,4
-0.8802719663021461,0.40465357948232189,-0.24774330657900348,-0.41865678636926118,-0.90813460835833248,0.0042459779582211948,-0.22326612051432432,0.10745703194301914,0.96881640454550577,-5.5425496662054421,4.2199939446787749,-3.1890409172238559,,0.08228944498730414,0.1983122362869198,False,5
-0.79198742752427342,0.55432918351037996,-0.25588097028149653,-0.5835968376402807,-0.8104686048198958,0.0505506844420184,-0.17936177335137071,0.18936683159943346,0.96538570392887246,-5.2775761749093872,8.1271120730064492,-3.5097425990808868,,0.113043743745642,0.4907407407407408,False,5
-0.83968297662953562,-0.44914003607647401,-0.3052961296049897,0.45786363784883238,-0.88779075452329914,0.04678103588833106,-0.29205031740163645,-0.10050275705758216,0.95110767420383524,-6.1904346985258032,10.696137797806129,-3.8404720684642921,0.2645245552285035,0.2150435687667792,0.3636363636363636,True,4
-0.2603314881990777,0.93118456222288015,-0.25519174620241203,-0.96525752559417877,-0.24485157032904284,0.091244823366615796,0.022481671109074994,0.27007965414889107,0.96257548009439697,-6.5431232637895036,15.228283669736124,-4.4030049397729094,,0.1213788123905519,0.3142857142857143,False,5
-0.75928731810300243,0.60079805811512466,-0.25004891907993715,-0.629186064816327,-0.77587117306871611,0.046355351815285932,-0.16615554281724818,0.19252432616703155,0.96712290812752222,18.105633817190718,5.7790751218863115,2.3346208864205265,0.270568253696045,0.2055353089431155,0.4615384615384616,True,5
0.63841233438935119,0.73594354738049572,-0.22542578904941638,-0.72172561260495705,0.67415188354059685,0.15694386903815544,0.26747304800584931,0.06250066389790046,0.96153618527998386,6.3236759257476063,14.413893267618478,-1.0441937559431023,0.2289670749748854,0.1695284828686925,0.4375,True,5
-0.37825676995585061,-0.84102026702881505,-0.38679028740306831,0.89858434227788631,-0.43397970823367693,0.06486750075679204,-0.22241401888277265,-0.32302712469418787,0.91988340615331254,-6.1051602743738025,5.0156319296062719,-3.4114315212036579,0.3409136040565822,0.2999829617060965,0.8072727272727273,True,5
0.92587017949546058,-0.23797122993966061,-0.29348612308258959,0.28440149966621942,0.95030079040750848,0.12666568098135605,0.24875730684474218,-0.200743870322036,0.94753453806153198,-15.131053503760457,14.242203864796817,-6.5716463828326566,,0.1006822507162421,0.5384615384615384,False,4
-0.55569184812778871,-0.76712988731883902,-0.32049696707848574,0.80133028282564289,-0.59692375327881475,0.039393027277785764,-0.22153182107972216,-0.23493354114242257,0.94643007322008954,-12.930382939138457,12.585655169234217,-5.8714365777223607,,0.2319957224619728,0.2465753424657534,False,5
-0.36451737743027773,0.90627000841295624,-0.2140134421071121,-0.93116900726269947,-0.35651814228055356,0.07628298721355542,-0.0071666913393000631,0.22708915886938527,0.97384760227627198,6.748954048168085,-7.4354398217197453,0.51486378313514536,0.2921930132078663,0.1540737814292959,0.1025641025641026,True,8
-0.12536311731653332,-0.91610680714764881,-0.38083120501663703,0.98730521745917177,-0.15293480953436464,0.042887662685066781,-0.097532027532403795,-0.37062010459556888,0.92364941491617414,5.5744352170360179,-20.01301675946404,1.1406311506588021,,0.2142256351838892,0.2307692307692308,False,5
-0.95211453354769304,-0.11691941362869093,-0.28250268268457579,0.10787477906239749,-0.99303301644509068,0.047417932179751779,-0.28607856796603615,0.01467238789998733,0.95809382316337632,-9.6048520339480827,9.0266044672567443,-4.669617024105758,0.09827080873154466,0.1073301733664136,0.3611111111111111,True,5
-0.8900135485657592,0.36630686719564437,-0.27146852932650439,-0.39723366074201805,-0.91524274434805319,0.067350855167085236,-0.22378852102571745,0.16777961128681546,0.96008786050734196,-12.97343881839368,9.8469346537680078,-5.6611609929317872,,0.08428612046817688,0.2837837837837838,False,5
0.38473034243293036,-0.7319115044897031,-0.56239497971359831,0.9227516726410907,0.31991358728857505,0.21490613603669897,0.02262552208257354,-0.60163181952401235,0.79845302897961168,-0.51563488583340922,2.0438152659062432,-1.7863707773004929,0.456345559230939,0.7526847653934032,0.3065549531789059,True,2
-0.89619703182397037,-0.32571854386459942,-0.30122800389842458,0.33548245810216643,-0.94182788646209936,0.020291687659287003,-0.29031431321178869,-0.082871360946100342,0.95333621408153135,11.694051699547797,-24.160971243319484,2.8717976718954259,0.1986590145895975,0.2912855965841664,0.9047619047619048,True,4
0.1528742506465558,0.95092212397021447,-0.26902895315045372,-0.97788366306026553,0.18487667729038912,0.097796501542239983,0.14273403591677092,0.2481284512869098,0.95815409337583524,-9.5636566920962078,-3.4045255698876802,-3.6351580653786262,0.6894400984208546,0.4446428593697621,0.5123152709359606,True,2
-0.72025283398432405,0.66639399938954713,-0.19275604456190926,-0.67795711367056921,-0.73505816287742665,-0.0079780455458944022,-0.14700342567783703,0.12493412169966124,0.98121427734930267,-8.5018121660414767,12.829564671957058,-4.7458706018699299,,0.4940822332686374,0.3783783783783784,False,1
-0.54808162658409032,0.80168131833858247,-0.23856570253884124,-0.83287154432495192,-0.54934625548088334,0.067406841217363761,-0.077016370043703,0.23563903627379992,0.96878414692296,2.9083858417799666,-16.806077083803551,0.27919021473582389,0.5532152879938782,0.3485262451902136,0.6060606060606061,True,4
0.32137689339864411,0.93673502324367308,-0.13872414576457501,-0.92026436593572913,0.34348408693237953,0.18743579917704997,0.22322721424222985,0.067425353190799953,0.97243171100532755,17.621768995408694,9.3978484819432158,1.9335101903732486,,0.2635146523040554,0.2105263157894737,False,4
0.95588564440959634,0.021254725962925471,-0.2929690622504213,0.087572729398683075,0.93140192891372509,0.35330081217208764,0.28038126163728444,-0.36337127492419208,0.88845239865884296,-1.6913948575583679,11.949595069646957,-2.889550961880317,,0.4496679998436506,0.2068965517241379,False,3
-0.55297437965231433,0.81527466087312639,-0.1718911364391626,-0.83111388375377382,-0.55430881719462122,0.044625636264585142,-0.058898622053974295,0.16753794351880097,0.98410466404830887,-10.004355556756821,-5.2934512840594863,-3.5799494008870956,0.2168324474232418,0.2399520709359571,0.2916666666666667,True,3
-0.55676565642728693,-0.74938373774644962,-0.35837971123412227,0.79512361067096138,-0.60564675013247449,0.031152171795010009,-0.24039643836102498,-0.26761171060910743,0.93305601373561786,1.2110147473790405,17.726767069193976,-2.6219759945345098,,0.1368697947268646,0.3333333333333333,False,3
-0.19643809692014166,0.97576912449290176,-0.096367472545192484,-0.98037823038552607,-0.19381067990962234,0.035999246368694088,0.016449907736429292,0.10154819564780723,0.99469460865943038,9.8475449183610415,-24.718866117249686,2.4185194837228621,,0.3740525992734399,0.28,False,4
0.92708754464902254,0.26385328053778528,-0.2662520063888637,-0.23824339006624437,0.96314052539922079,0.12490162298167602,0.28939380029017575,-0.052361958358737692,0.95577688487975498,8.087957840283428,7.0798333853804261,-0.16782857194291412,,0.09849941811281052,0.4375,False,2
-0.41767953346982462,0.89688315071583713,-0.14541121443157445,-0.90793534844365131,-0.41809138649094318,0.029206088210999015,-0.034600727838263304,0.14422276694099451,0.98894013121571156,16.381295033493945,19.264445400078714,1.1095450407536831,,0.262435727739787,0.4210526315789473,False,3
0.23212006837786106,0.96850228860392062,-0.090130964852397355,-0.95873553691886038,0.24344424480216392,0.14683688202085926,0.16415372096044845,0.0523279718857044,0.98504585642150055,-15.342439565811018,5.4409362607696288,-5.781182660075121,,0.4836315902554876,0.2941176470588235,False,1
-0.60937569467386177,-0.68104219475645189,-0.40600836407894658,0.75604137351905876,-0.65337511490492317,-0.03876081462498937,-0.23887801126969099,-0.33057901957670077,0.91304699087590424,3.2901550990691311,-22.226285756157786,0.64590673105056151,,0.1941853276285806,0.1176470588235294,False,4
-0.50804706106455966,-0.78583356640036639,-0.35263832698977016,0.82911031183830652,-0.55710770076024152,0.046979788814155508,-0.23337582254177303,-0.2685081296201618,0.93457964335889154,-8.8739994522266361,-8.1218996411446298,-3.1589706630517558,,0.5764220927978645,0.5,False,1
0.93674363282896866,-0.12198967783447058,-0.32806993897068376,0.23991605873405056,0.90625532716077861,0.34805397103643299,0.25485613807775098,-0.40474658799618385,0.8781961901474763,-8.1537272749008274,24.545703529856937,-5.6758085229094553,,0.2982113759984774,0.1379310344827586,False,1
-0.7348426871046122,-0.58354025910179441,-0.34566890403431133,0.61842570810444941,-0.78575488383063496,0.011785842855504977,-0.27848854332697781,-0.20510979631337609,0.93828252818215807,1.9371573893697462,5.2890328420512445,-1.4640540865342726,,0.1727143879744527,0.5328467153284672,False,3
0.67494256287256527,0.73361070525172134,-0.079169880403382076,-0.68716172538529796,0.6640189014242428,0.2947671313373369,0.26881462011675283,-0.14454837145888047,0.95228381710500165,-12.509470639619666,18.809358788973285,-6.3120916407224543,,0.297008502895071,0.375,False,2
-0.62854195740421503,-0.67992696060524926,-0.37766961225995482,0.73313790967819081,-0.68006700160033484,0.0042046078321577307,-0.25969946702904478,-0.27424113764429481,0.9259308749838685,-17.112886527214751,9.9636616188571399,-6.7438549354915587,,0.167499890416349,0.2,False,1
0.099471421371019983,-0.90402057180772166,-0.41575502652267315,0.99127217670708745,0.053701524761975039,0.12039774883539943,-0.086515362894817344,-0.42410252532457138,0.90147220700169095,11.342088184099936,-25.467341459560849,2.8745237714445038,,0.2364659350941279,0.4117647058823529,False,2
0.90251204869672041,0.34646422548175049,-0.25580176390826453,-0.30976030176363351,0.93488085852186709,0.17333878914057299,0.29919986197949933,-0.077203114125973568,0.95106210194744956,-4.0788782228942679,4.1725095071255112,-2.8247112886691448,0.9071877755352475,0.8420479729137494,0.2930310663308144,True,1
0.42523339858042264,-0.75204884351240431,-0.50358623263885804,0.90436205380329171,0.37526631795794191,0.20323500251428281,0.036136302694588771,-0.54184659044598926,0.83970020843728577,-4.6821104104068132,-9.071347008169468,-2.0854443754976373,,0.5178498830790051,0.3809523809523809,False,2
-0.93683530975375884,-0.051539811381681594,-0.3459526705220235,0.12623864404710536,-0.97224036210534437,-0.19700884001084279,-0.32619535120496024,-0.22823743368696181,0.91733541669133378,10.097848786256884,19.502824781897807,-0.52879656493939275,,0.4235759187733392,0.1428571428571428,False,2
-0.95450794362024471,-0.090526956021905261,-0.28411169599166058,0.096022818963501649,-0.99536423494607396,-0.0054459185192282794,-0.28230161849368207,-0.032479378436532605,0.95877572256092414,14.792645696845714,20.552594094645301,0.57434408689665117,,0.1845775131786499,0.5555555555555556,False,4
0.84989026192076322,-0.41503342108958263,-0.32470571610449606,0.48683491472091767,0.85424423538660899,0.18236927404972852,0.20168864246886409,-0.31307194969755009,0.928066617119505,3.5102574176351404,-9.5962858710881314,0.013074518708633085,,0.1348377223370056,0.3513513513513514,False,4
0.28250767083502654,-0.88411302540311443,-0.3722009863392623,0.95920067306634027,0.25586284527279862,0.1202841352713955,-0.011112367364685252,-0.39099662750650355,0.92032502550462714,-14.959971424766389,16.273200105428252,-6.7230286968107009,,0.6723690125652451,0.15,False,1
-0.17601431129195236,0.97211978195165838,-0.15492608482331249,-0.98148805101927783,-0.16123795391703105,0.10336115287200126,0.075499456466914583,0.17025114318238788,0.98250413755784827,17.874887320459035,-8.9334572352341706,3.1722845314671821,0.3079025817162229,0.2965659212148702,0.1,True,4
-0.94153126390409814,0.18954062355236473,-0.27855561583736282,-0.21336250958213546,-0.97527613964813142,0.057557718316938566,-0.26075911987112721,0.11362571652764022,0.95869383952731024,10.483619195228137,9.2933135465573429,0.19604688563937633,,0.1174383901482106,0.3409090909090909,False,4
0.95137407951543007,0.19420270384854835,-0.23910807314701923,-0.089094499737404881,0.91653237030243673,0.38991099536219531,0.29487205859950327,-0.34964800014544528,0.88926753288961424,1.6271643449885203,-15.669894577121184,-0.057065440302396769,0.6110319753527539,0.4446618202568778,0.4375,True,3
-0.80707861396730995,0.57107557655747954,-0.14998932207376472,-0.56089622015731955,-0.8208935871033205,-0.10737387422401511,-0.18444386975401778,-0.0025307137698848681,0.98283979080925366,-17.419772596943183,16.229977383682389,-7.3215022442917848,,0.2323095579946913,0.1818181818181818,False,1
0.45197868981854566,-0.71911142873536882,-0.52782006120655067,0.89083764562781054,0.3944448381919049,0.22543637407495121,0.046082025587100103,-0.57209441763221069,0.81889219329033258,-3.0766688346473101,17.47167819284018,-3.7381255090486816,,0.2447071882544764,0.3125,False,1
-0.60628065465666747,0.76097715014352707,-0.23094922547719915,-0.78866707011079284,-0.61263977248983426,0.051737430226690119,-0.10211767874339851,0.21350945206955096,0.97158926175880533,-5.3126204977112126,5.8396879767767969,-3.2536071837016265,,0.07209068841175034,0.2761904761904762,False,1
0.82816197029784477,0.54667942035270478,-0.12365016099958223,-0.47737048500389945,0.80357568000961488,0.35550463645953678,0.29370933080093631,-0.23538848285316796,0.92645943847561429,13.042073218721578,1.5476299723520037,1.4606943935570416,,0.7481447640340189,0.275,False,1
-0.74809176656951604,-0.58447898812587906,-0.31423402303100306,0.60149110626270963,-0.79725368331991819,0.050941275206706792,-0.2802983372725612,-0.15090022157761063,0.94797782951399545,1.7441291036357336,20.658835429968178,-2.7466882656293969,,0.2140832716988859,0.925,False,3
0.83515196264954739,-0.44423760109773108,-0.32430564758194175,0.51515821396397454,0.83835570508187829,0.17824625197213817,0.19269980245982954,-0.31593142535620022,0.92900706165472335,7.4973798633815827,15.275382836617633,-0.84474685986744935,,0.07862537605472364,0.4375,False,3
0.50755891595531855,-0.80011653212704958,-0.31968340878319734,0.85975120579660491,0.49471399855521253,0.12683029513801591,0.056672841516416647,-0.33922204328506755,0.93899765408863411,3.3950290579014117,-5.8404184222508597,-0.32475061334426869,0.3670424575449554,0.2619087345879935,0.5421686746987951,True,2
-0.68123623669958833,-0.6473182615147699,-0.3419009478151222,0.68480377934794801,-0.72857444411796635,0.014935299426667728,-0.25876818505788152,-0.22396059405103658,0.93961730439267543,5.4735072549401211,-18.96125851600339,1.0447147236071295,,0.1388490528269631,0.2666666666666667,False,3
0.29576533769531854,0.95376233685515788,-0.053481490392109837,-0.93795145212074615,0.30056018919276439,0.17294694601811456,0.18102469025676343,-0.00098867031756055823,0.9834780546857389,-4.8443116951802061,16.761631100581795,-4.07292539864443,,0.3100642401274804,0.2424242424242424,False,1
-0.60214073565150128,-0.73180542929264847,-0.31919797638279462,0.75887571907348239,-0.64882613597002392,0.05596684985697175,-0.2480608342116381,-0.20853167370931969,0.94603401819924848,-14.503274799308493,3.5731613876148813,-5.4585055810558236,,0.07057352629431843,0.2142857142857143,False,2
