axis_00,axis_01,axis_02,axis_10,axis_11,axis_12,axis_20,axis_21,axis_22,location_x,location_y,location_z,dbh,dbh_approximation,score,reconstructed,number_clusters
-0.84708639115083473,-0.41577072423268052,-0.33102771907815859,0.4565134734603995,-0.88815578601351997,-0.052675879867626271,-0.27210309530796783,-0.19573963482580592,0.94214961703653188,-3.4865161530836821,9.7332616297601895,-3.9832393696232571,0.3327529220970848,0.1403599637536349,0.2307692307692308,True,5
0.93031442980460832,0.26726163113507173,-0.25116982744817867,-0.23851348587168192,0.96110479127711268,0.13924402048747814,0.27861510862597877,-0.069633330433055501,0.95787515916122157,8.7129841966339914,-4.9462659655056918,1.6991853166341053,,0.07812116340825485,0.2307692307692308,False,5
-0.92551517380866888,-0.24923809370285721,-0.28513511831634475,0.2665451813942189,-0.9635496096289784,-0.022930679435357551,-0.26902663311544661,-0.097224083596657948,0.95821299732541598,-12.449163967591508,12.352854490610644,-7.4135399057013815,0.2948889546014349,0.4974911919036097,0.6724137931034483,True,5
0.480448460964081,0.87299617061081902,-0.083946187859205657,-0.85528105168116419,0.4875672864783866,0.17542081915002433,0.19407111838810187,-0.012483078744841586,0.98090803531862392,-0.60825885137425195,-10.762274319217562,-0.87019587754390315,,0.123992103589162,0.2857142857142857,False,4
0.39492015084606574,0.90656966165364861,-0.14889433510013605,-0.90767451712403602,0.41006628694286884,0.089289480212053629,0.14200368100641153,0.09988537872020925,0.9848136197771391,1.5997882019931633,9.1006704070987805,-2.2279745096926149,0.3180819831867505,0.1693924736254609,0.15,True,4
0.96326110956466449,0.066299305765829791,-0.26025456164152316,-0.030575703853915039,0.98982200769000128,0.13898747938707762,0.26682046610799937,-0.12592376720661058,0.95548419333781021,-8.2088891114784381,13.72880932649521,-6.0249259115612155,,0.1313604086517685,0.4166666666666667,True,4
-0.38410762119397862,-0.83633586029364249,-0.39115682804675522,0.90504869408588162,-0.42485398714972172,0.019645634029640632,-0.18261488623369532,-0.34646993865251846,0.92011433253480901,-1.8268366196065564,-15.276021452501578,-0.81412339977161408,,0.3521299177548738,0.8,False,3
0.80495653959920166,-0.50436336650558666,-0.31251010205052754,0.56193800592200294,0.81710764469359554,0.12868867270932707,0.19044854123064989,-0.27920009224646913,0.94115708658686792,7.0149757971582289,-4.856302587472932,1.1853202208181781,0.7758654563927507,0.6707804194970822,0.5858895705521472,True,4
-0.53301992716330315,0.82821250814109193,-0.17307165742972141,-0.84046982582154361,-0.54184001355656108,-0.0044577564460121927,-0.09746911885481048,0.14308543275843844,0.98489914702064763,3.2001629174979045,-6.1728661361599695,0.095000158705563983,0.3188275372521803,0.2643943101231424,0.7428571428571429,True,4
-0.68738771975047774,0.68871546961084296,-0.23058431138079713,-0.71444999452530011,-0.69829245325818612,0.044145838370840212,-0.1306113626720086,0.19508626717783539,0.97205042065706704,-6.6649425077060176,-17.080077935597242,-2.2128228152820513,,0.1059601674327691,0.1428571428571428,False,4
0.34914389275513097,0.91150457871111068,-0.21738892598399789,-0.92568756995958101,0.37154110720262501,0.071131768437003515,0.14560585487583108,0.17639900409959802,0.97348976696139466,7.316322799436465,-14.53936802573085,1.8814238072899789,,0.3029790568321261,0.3939393939393939,True,5
-0.23005992830103444,0.97317362970421273,0.0023485822217475527,-0.97315169232370158,-0.23007062129725445,0.0065797373361111272,0.006943566636808729,-0.00077179286386969137,0.999975595311274,-0.8461770290745988,-8.5231855399987797,-1.0298474241606541,,0.6418366591026794,0.1941747572815534,False,4
0.24332150769687128,0.96987526797832058,-0.01168796201670369,-0.96189691170235658,0.24283401818220246,0.12564223362769344,0.12469552978993093,-0.019328843148731234,0.99200676442902436,-8.4347787962128002,26.526419792022132,-7.5843423490972919,,0.2175773863588323,0.3333333333333333,False,5
0.95345061506819428,0.15029039037818698,-0.26142823716281066,-0.12660404732899008,0.98634863526547523,0.1052985513188773,0.27368474532936876,-0.06729909560987847,0.95946208466207328,-9.6081909585345002,0.45353296561309808,-4.8792243072793111,0.2590678476371698,0.201468159328934,0.829136690647482,True,4
0.81099729872524062,0.54058472522495671,-0.22372200677140119,-0.52333779998997587,0.84125983016093431,0.13564455484555821,0.26153571182921981,0.0070748152665521258,0.9651678705939859,-11.588778131271349,-1.5842269257471937,-5.4107920857664755,,0.09129954685973105,0.4,False,1
-0.38110911079214543,-0.86607345035122707,-0.32353148883523208,0.90990825385570251,-0.41335659259828234,0.034688570463556778,-0.16377672373230492,-0.28116384182938464,0.94558134436507058,-6.5932967241590186,-20.444566482137482,-1.9750925911476491,,0.1441925581667514,0.3636363636363636,False,5
-0.24920546999400767,-0.86023067354419736,-0.44485932834859521,0.95937312982890122,-0.28202885228163965,0.0079324802552709905,-0.13228692863380312,-0.42480926870114138,0.89556532633763664,-19.675515813619462,16.045086252349098,-10.580090087133801,,0.5116671329509118,0.5555555555555556,False,1
-0.94294526654672794,0.24630071846527452,-0.22403165039924972,-0.23215966050759537,-0.96870344783959783,-0.087838045155137018,-0.23865480579724377,-0.030815357002108044,0.97061542200951789,4.7006622568386867,-8.1944763888731842,0.67238405449408967,,0.1947820175736516,0.175,False,5
0.78524619717537281,-0.54816771150118015,-0.28792459062951836,0.59630162836173728,0.79473886420404038,0.11320117374309185,0.16677163378331838,-0.26058069343531975,0.95093896984717807,-18.651613774814848,10.577517632432974,-9.4451225270914598,,0.1505507938648147,0.2692307692307692,False,4
-0.0071830958434134749,-0.95600143075300192,-0.2932740485148978,0.99743700608694641,-0.027728660157707263,0.06595862562370354,-0.071188636891106716,-0.29204860178414249,0.95375038252863331,-13.270667801431973,-7.877052367585696,-5.3375327992319388,,0.1364535292476093,0.7142857142857143,False,2
0.2052626281940084,-0.91252460245013833,-0.35378821827486923,0.97868822380473264,0.18914373778178545,0.079962535251665787,-0.0060509547037645439,-0.36266168308928548,0.9319012230735727,-17.940207446820949,16.220944670134529,-9.9812489946714216,,0.3017396471641213,0.1764705882352941,False,1
-0.45805556862504887,0.86803748690370974,-0.19156204577493086,-0.88613374848942261,-0.46294915492318228,0.021096439130752528,-0.07037098720118462,0.17941293511284229,0.98125375050214569,-6.8024374062458799,19.707674406698324,-6.2180269871872236,,0.1025356313403921,0.1,False,2
0.87012196288496024,-0.35193406768514568,-0.34500750963973326,0.43120372459642803,0.8826285902794454,0.18716334981904398,0.23864433284574602,-0.31162346449506212,0.91974980227054304,16.213006017806453,-21.383072713220088,5.1063914388159972,,0.3108187805249117,0.25,False,6
0.92013345176413075,-0.27682200620684078,-0.27699098870585614,0.31811049311580597,0.94087786619156732,0.11642403136991791,0.22838595647334939,-0.19523938585855238,0.95379318360708065,-14.731832773174895,-7.0300305010229209,-5.9322421032609194,0.2879959147554936,0.2552937705937431,0.8796296296296297,True,2
-0.70558867595341579,-0.64037705665239097,-0.30341695021789222,0.66569187084290782,-0.74577548147577533,0.025947337498196624,-0.24289700175172124,-0.18367404972612908,0.95250453542081792,9.087457333547766,-16.426534451996318,2.5845385826673666,,0.2330902936714555,0.4666666666666667,True,5
0.63640571674758539,0.76166482247024792,-0.12187888210169212,-0.74045294434005438,0.64751123389210952,0.1801628130377135,0.21614162234316814,-0.02441106705745491,0.97605681130556121,11.438810278252854,-4.9176444480691304,2.507968088915836,0.8545257051584372,0.3725425852208175,0.2807017543859649,True,5
-0.86761300315607015,0.4732044886804071,-0.15272586109503111,-0.44455262378656968,-0.87578392406782724,-0.18808371282180203,-0.22275691109139764,-0.095289192656208374,0.97020581750675283,-10.245783095383006,6.7869913271947855,-5.7990934096406193,,0.4833962995891087,0.3191489361702128,False,5
0.2769306170441998,-0.89251612340256847,-0.35598371143911917,0.96078153204309791,0.26276038674341495,0.08863310241308725,0.014431944721227705,-0.36656779540066287,0.93027940445151291,-12.520653874977162,-15.430807937894023,-4.1884910651157474,,0.08180315861477615,0.3333333333333333,False,2
0.40373129077553693,0.89127937234352006,-0.20645126612268783,-0.90006727898992489,0.42738983708021189,0.084951871387411892,0.16395102360275887,0.15152230065403521,0.97476205007382011,2.5057267880825149,-11.887597971320814,0.19120755504111503,,0.2132853982470385,0.2833333333333333,False,4
0.84724616477052195,-0.44539199922183481,-0.28948212951893759,0.48985249045997892,0.86588218297612984,0.10145236712195632,0.20547134562220074,-0.22775867103947828,0.95179173871941813,-8.0096008162327763,-0.89752773379758433,-4.1567057465844659,0.2092587149004966,0.1714698080852023,0.7181818181818181,True,3
0.65388309644388043,-0.62866822565284264,-0.4209669324774456,0.75231108346811559,0.59937511622517869,0.27345475629632748,0.080404787643483216,-0.49550553186070534,0.86487533091159818,-4.237957593765973,7.6161712633570566,-3.8593994923806281,,0.7331238973195062,0.3256880733944954,False,2
0.8367696881655543,-0.47364090001785591,-0.27473766905467711,0.50907573459743161,0.85772147572560609,0.07180366650230835,0.20163924571225547,-0.19994541232387572,0.95883442088779269,-12.427791690352787,-2.55702869700723,-5.6297907655156205,,0.1123300538130301,0.6956521739130435,False,1
0.95811794243596771,0.048882367922307109,-0.28217108726546775,0.040935492490581614,0.95182766855780176,0.30388875402418758,0.28343305000797198,-0.30271208015889933,0.9099621435472196,13.921167946617116,-11.924657438372824,3.7386911826898532,,0.5675046911683365,0.2571428571428571,False,4
0.60453266942835304,-0.72399765007825123,-0.33221627635472833,0.79322391998289055,0.58537860430410182,0.16771315508915768,0.073048370007877117,-0.36490997835651651,0.92817274433967312,-6.4512698798076311,-31.615322956154017,-1.0529594109447631,,0.3828311868647797,0.6296296296296297,False,5
-0.9302482918131918,-0.19280850614212672,-0.31219063973457006,0.24537647543112581,-0.95947000637225877,-0.1385918185789326,-0.27281587359176274,-0.20552904133299299,0.93985600614408171,-12.846474347868936,-20.651949159167415,-3.8849363174507663,0.5685361631704771,0.1788640050385077,0.2380952380952381,True,5
0.69888708303149272,0.6875950493310099,-0.1969007194177283,-0.67016720016250964,0.72572270063083033,0.1555714807265085,0.24986550181662881,0.023229505474323175,0.96800187038938312,-9.2121459547985189,-16.800633416679478,-3.0888071458004007,,0.3419360488651063,0.3,False,5
0.90467179571139877,-0.30524815420247453,-0.29730877282767693,0.35483617020234165,0.92598508541494673,0.12900741802397311,0.23592421317120413,-0.22220527884156924,0.94602567602285093,9.3212036500968249,-12.127765313635788,2.3815757797789163,0.04284497331187763,0.2537216126543149,0.5,True,5
0.91665407523283216,-0.28475128018173096,-0.28046749329272741,0.32514343707015647,0.93936722632585423,0.10895393262785781,0.23243719945233798,-0.19106523111161777,0.95365980610017198,-10.374485559937327,13.903945316535703,-6.9377984147422014,,0.3023135381075455,0.3333333333333333,False,2
0.50946766343586158,-0.78554461984957946,-0.35122976829788538,0.85509007550229232,0.50783183822773048,0.10453605530978743,0.096247923046113293,-0.35359082893597032,0.9304353083378154,-21.839153823128303,10.430162308290852,-10.640640069970242,,0.1104578456408791,0.5483870967741935,False,5
0.031665745405787392,-0.90387338077158863,-0.42662652531275602,0.99581840575112157,-0.0080640893540451682,0.090998204543744271,-0.085691209206026478,-0.42772407226555503,0.89983839364042462,-6.8192167786185003,-0.57015857569819184,-3.7996520029086573,0.4243075654016061,0.2726895367563159,0.2578947368421053,True,3
-0.25948558789728959,-0.863304464858341,-0.43286560342587876,0.95438347822004743,-0.29778741076288828,0.02179069736695384,-0.1477139335817759,-0.40746540828245409,0.90119505928462029,-17.272993997579292,11.225545750164002,-9.0420882566972232,0.3802785369370123,0.2914554983765535,0.3518518518518519,True,4
0.31241808192272991,-0.82483142158611344,-0.47121976619402872,0.94988280572999906,0.27691584361619198,0.14505264883082511,0.010844236544283403,-0.49292062395335562,0.87000670170706584,3.6608830034113384,9.477653027617162,-1.6658566330634461,,0.4024771707075658,0.1724137931034483,False,5
0.73192339184485478,0.65536916906634346,-0.18649236098997291,-0.635199182869854,0.75530862227036077,0.16134089130012852,0.24659713411107156,0.00037062290863845715,0.96911800937082293,-4.4653345709671104,-5.216876812797552,-2.4703825836228654,0.2245585238466373,0.1559173738555633,0.5205047318611987,True,3
-0.91783357517750164,-0.27206128202416913,-0.28907470851019074,0.28456304998109644,-0.95865648077595089,-0.0012737549707415724,-0.27677680333138854,-0.083429075804752131,0.95730569331223736,-24.332558931617843,19.747246785120485,-12.451250104682357,,0.5236445788579063,0.7843137254901961,False,2
-0.96132742895124845,-0.017982573796155456,-0.27482030744770325,0.04096457459980539,-0.99610229448782439,-0.078116083772487105,-0.2723444105794009,-0.086353030958728191,0.95831710621818766,-19.223239770772647,-10.6329042877475,-6.9269561410411802,,0.1862660762231516,0.3333333333333333,False,1
0.91493993666492957,-0.28598483039349792,-0.28477638434459146,0.3260830705052753,0.93959537559145401,0.10406902179326839,0.23781241226106731,-0.18807766202278881,0.95292814504694701,2.0226606321589999,-9.2032281904546185,-0.08207555165233113,,0.1255159013891317,0.4767441860465116,False,5
-0.32732245329568138,0.93101183795944786,-0.16148364978494967,-0.94345085961477482,-0.33151068971453634,0.0010668163552308985,-0.052540337462180516,0.15270108114995198,0.98687481108547748,-11.022587684354319,20.361773100671858,-7.9212990573838962,0.3761248135934797,0.351475704278838,0.8867924528301887,True,5
-0.85649300534495676,0.44721651265209467,-0.25771519669290799,-0.46931850563036864,-0.88257897881939307,0.028186635467828354,-0.2148484863061475,0.14509216711255504,0.96580970743441019,-9.0862888399904307,19.507201595708128,-7.14920435543781,0.09357193489273732,0.1572823744758206,0.4545454545454545,True,4
-0.86505621903709284,-0.37090534392285285,-0.33779722283452757,0.42537418599085386,-0.89925884590277028,-0.10193296796540464,-0.26595965821505257,-0.23186796655659028,0.93568301592315128,5.6627270687913764,-14.177757160359858,1.4329761808191641,,0.1011865313553759,0.3571428571428572,False,5
0.19062833115695058,-0.85001660818909075,-0.4910525482705802,0.98160776119692339,0.1597829000295285,0.10447788290407962,-0.010346135427339427,-0.50193743699874416,0.86484204732474224,-23.13275631568677,13.690126203551205,-11.428144605713765,,0.2871803602348999,0.1818181818181818,False,1
0.9333121077808223,0.2745672316418557,-0.23139002739583936,-0.21454773099383651,0.94316687363720564,0.25378242570914256,0.28791974679607524,-0.1872140053039506,0.9391768393774077,8.7783627825360497,3.233349234308482,0.94265625532865327,,0.1637528872420816,0.3333333333333333,False,3
0.47842880423849765,0.84971840195603865,-0.22155025762160127,-0.85750269781523047,0.50643721642610062,0.090611638646395098,0.18919567255760206,0.1466287256844967,0.97092997393716174,6.4039560550382699,-6.3041801024702417,1.0681522888539696,,0.07802156899112388,0.26,False,5
-0.68579906857405382,0.72431314228870802,-0.071064122106862554,-0.71299025982245168,-0.68823379297638254,-0.13408629909001096,-0.14602919893389205,-0.04128823213944513,0.98841830969763311,-40.326757406571367,14.706317612325973,-17.159831605046449,,0.3629147399932436,0.1153846153846154,False,1
-0.39725652686550067,0.90750720026198806,-0.1364475479274268,-0.91724630610193392,-0.39735721336294993,0.027684994686436086,-0.029094085397494251,0.13615405414852222,0.99026037370673581,-7.8150725837343415,6.6265906149573981,-4.8171715441317229,,0.2579400923220579,0.6038961038961039,False,4
-0.61518784928570291,-0.72671627295100938,-0.30565890911181837,0.7586513498686186,-0.65115087161995178,0.021229030385330076,-0.21445754692655483,-0.21882870245187824,0.95190438571816294,2.1792607438485634,-16.44981097077212,0.4788681221405594,,0.1071531445797653,0.53125,False,5
-0.96276987485076826,-0.015377071572623132,-0.26988463044361877,0.003326491707337299,-0.99897912395855337,0.045051574311275343,-0.27030187297308778,0.042476529576388117,0.96183815785317484,-12.594378807796586,-6.0486031085871099,-5.4062480212840445,,0.0808663274125786,0.2083333333333333,False,1
0.9547406957161394,-0.082979403385887524,-0.28563021996487964,0.14759395397942635,0.96589786262234478,0.212737734617782,0.25823676866817846,-0.24526666629468641,0.93442925559536572,-27.621480270770888,15.236218775543563,-13.133861671582542,,0.2907866241702678,0.3888888888888889,False,1
-0.019233279995033443,0.98816675799782683,-0.15217272859714215,-0.99848758252060832,-0.011143610947800808,0.053836488436728398,0.051503674556157494,0.15297803215857789,0.98688656550999065,-39.367627532415,13.220871972034546,-16.661294865925154,0.3717518161138607,0.3019418166396509,0.9038461538461539,True,3
0.057197756050259251,0.98305353915776217,-0.17416703434408898,-0.99484674328165457,0.070750736869008263,0.072624311455461055,0.083716032423320666,0.16911555925429334,0.98203439529041281,-5.7603850535388332,-17.638216157961885,-1.9065901806560259,0.1070359947813419,0.09211239723487955,0.5,True,5
0.26606398724132613,-0.8337408350697858,-0.48382452876056642,0.96395528762325988,0.22991602376422213,0.13389856414319251,-0.0003976888311626875,-0.50201079864240605,0.86486126048633227,-7.712597400706743,-23.360568734159308,-2.1011785380090666,,0.3047781472811978,0.3333333333333333,False,4
0.92046593919484687,-0.26856826567549963,-0.28392523919899104,0.31223770308913334,0.94227380973981489,0.12094496371506452,0.2350533376741803,-0.19997788415339912,0.9511880856580146,-8.2455261398543414,-2.273962768021887,-4.054045294067234,0.1978106094089975,0.1544110827478094,0.6985981308411215,True,3
0.20801328511610206,-0.87800780203850626,-0.43108325503865264,0.97788413587978229,0.17687507313094233,0.11161462851963809,-0.021750632401385465,-0.44476680189109952,0.89538226580924896,-6.5624623453323512,8.430603639812567,-4.6967890358087274,,0.1556199169818307,0.25,False,2
-0.21170968027595144,-0.91914687761874092,-0.33218673760578538,0.97003600621083375,-0.23907446402974189,0.043284492643767575,-0.11920217251372188,-0.3130693501648032,0.94221994462832193,1.0956677490397659,5.6709784633470059,-1.7035154539690633,,0.1527465707491095,0.31875,False,5
0.96015300645253432,0.16377657111111593,-0.22645847070764571,-0.07969857717036076,0.93710966356742642,0.33981408923934431,0.26787000764770236,-0.30822510151451088,0.91282142054138349,-14.000524285428867,-10.456797835499783,-5.2127737598913431,,0.2943335049336154,0.2888888888888889,False,2
-0.58550144019504891,0.76951700725195393,-0.25501301747071614,-0.80197153053779124,-0.59577542518763416,0.043512147147272383,-0.11844715166012187,0.22998960474875763,0.96595810156088757,-8.8560701111278348,-6.9139460076342312,-3.964038174794756,,0.0836857884383177,0.4166666666666667,True,3
0.43902073448717799,-0.85139976967920006,-0.28701781631206508,0.89637575733482111,0.43687898529667435,0.075148212677192905,0.061410881387316547,-0.2902674359902534,0.95497304634784319,-21.122415694835212,9.162370878123955,-10.237639501109484,0.1522336032378111,0.1280181615092708,0.5238095238095238,True,5
0.066741786546812107,-0.85588190209445336,-0.51284666674915624,0.99704034389478091,0.037551732068731136,0.067085170230201815,-0.03815870247684916,-0.51580620109283148,0.85585505568376741,-1.8484788927637608,-21.964256931303531,-0.36085871452564372,,0.289930268319873,0.2666666666666667,False,3
-0.90480363439046441,-0.32414284704661134,-0.276155387241178,0.3255453373490802,-0.94458856384832679,0.042103187257377411,-0.27450066762046565,-0.051805981850297798,0.96019035806471531,-15.134029077695502,5.6405247922089981,-7.414680170149281,0.4486101606607603,0.461397864658177,0.9197707736389685,True,5
0.91620314786565182,0.32490785294285546,-0.23453502710072299,-0.25735450127345189,0.92573468335374942,0.27709918208148532,0.30714890935076727,-0.19352049796339191,0.93177752943105319,2.4853383116624235,11.660584430074564,-2.2146637658243882,,0.6820423202136436,0.6129032258064516,False,2
0.62678931218884337,0.75158597994590881,-0.20555698206235573,-0.7463302291010192,0.65489164542739975,0.11877761522868038,0.22388914054919257,0.078964849763296305,0.97141042059780425,1.3624474553951549,11.074529326859217,-2.5573245530257918,,0.11072130084576,0.3962264150943396,False,5
-0.11760578332416149,-0.94690781954811676,-0.29922309571178207,0.98800560189979825,-0.14193216278601922,0.060829201716783424,-0.10006902789239319,-0.28848022886415431,0.95224227337960443,1.9400592083602044,-12.426818057447628,0.13672319203954647,0.752165308847922,0.3290733138501738,0.8247422680412371,True,6
-0.9204241055710356,0.34690568453441523,-0.18021074308006313,-0.31028412543131273,-0.92871558187604164,-0.20300524497158082,-0.23778819859085742,-0.13093438821927192,0.96245153571105102,-14.000037158590368,-9.16899487342741,-5.3061878080059923,,0.176960594965112,0.25,False,2
0.95885084781467267,0.094484446096633701,-0.26772698984393922,-0.056091184797993139,0.9874555448112925,0.14759852983479088,0.27831426595315201,-0.12650785140554158,0.95212233084814901,-5.3512519172972155,22.794885082952586,-6.0901738629825175,,0.2068599273262459,0.1538461538461539,False,5
-0.20482599421663497,-0.92896169327928624,-0.30834474944913315,0.97159543987533747,-0.23111402696676303,0.050878362322858688,-0.11852684635396658,-0.28916514132738752,0.9499131053599037,-1.8005308294365701,16.709487106528101,-4.0969259455032496,0.5980317375677915,0.3221589609982031,0.7631578947368421,True,5
-0.20027533176939422,0.97828102792095262,-0.053441761709228819,-0.97834666403525861,-0.19678513780299337,0.064135906565200601,0.052226396158861224,0.065129409254067627,0.99650918891622686,8.8836121060343043,-6.2692927660363145,1.8716227261657754,0.4340848472641449,0.2875762395480475,0.1692307692307692,True,4
0.22416673356954114,-0.90086141692810684,-0.37174989314194468,0.97453105082369196,0.20478355999487566,0.09139433536219152,-0.0062053639082643511,-0.38276938363211593,0.92382308501826105,-15.225854668580473,-24.95903542720912,-4.3454116246291452,,0.1704048006861935,0.6,False,2
0.86322059621165459,-0.4102346148812307,-0.29420700710425701,0.45874170303463074,0.8807079594406122,0.1179387132151265,0.21072791028452451,-0.23677214982172534,0.94843697571104646,6.0822387393281865,-10.813860109676959,1.2764606143369199,,0.08944016120855869,0.1666666666666667,False,4
0.75647549982861528,0.64090506365760058,-0.13032849856073478,-0.59021906462198315,0.75483346523626949,0.28612566385446558,0.28175569899435882,-0.13952469006399668,0.94928741008545325,-11.20639423348752,9.4853577109919094,-6.5299920345193456,,0.4777516435759459,0.4722222222222222,False,2
0.025282138216938702,0.97882193984017285,-0.20314631075828812,-0.99662634603616418,0.040551138152811278,0.071354968860744328,0.078081623150302107,0.20065695921655685,0.97654495280257392,-10.635484943559803,-6.066068697593237,-4.7118246940264088,0.1412510976738693,0.1045932585992692,0.625,True,4
0.0034534320909436781,-0.91456819564612291,-0.40441697456880826,0.99858689146896606,-0.018292945561859557,0.04989577466097183,-0.053031066302129712,-0.40401780116136665,0.91321263808140174,5.6551738582017279,14.667247505530412,-1.4354482442817713,,0.5371959152168828,0.25,False,2
-0.94936273246596037,-0.14463654171142667,-0.27890979367265933,0.15439798711017361,-0.98792013538843393,-0.013231314009798628,-0.27362686962557842,-0.055624427150829991,0.96022615009332568,-7.322295817718059,7.903762185428592,-4.8846851859932006,0.3096262389617339,0.2266479785564205,0.6,True,5
-0.012541747153016976,0.97275355478838454,-0.23150210846752881,-0.99746297153698882,0.0040537722083785199,0.071071705646362074,0.070073711125859084,0.23180614439104982,0.97023480994633748,-5.6779990621925851,-1.2245194515986506,-3.3779766181695048,,0.1933255233394789,0.8310160427807487,True,4
-0.90559837800240239,-0.30959354377793413,-0.28990242394715926,0.32547392288786015,-0.94552534014347667,-0.0069682613721013115,-0.27195275927889634,-0.10066612537285317,0.95703083958826096,-15.045781059236818,-8.7283358843806109,-5.7838132666238078,0.3511829367303226,0.2025585273789015,0.85,True,2
-0.35877162265192897,0.91434302086721786,-0.18777583170129591,-0.93227332583197675,-0.36099499868428581,0.023431962511025632,-0.046361284730771418,0.18346512234303236,0.98193237046232951,-6.4249169698929078,-18.272394149691998,-2.1142782882997664,0.174514245897843,0.2046396070255087,0.72,True,6
0.38143073901824143,0.88882374436961242,-0.25397429550404998,-0.90921153006218203,0.41032304647973794,0.070493908457195442,0.1668681663289403,0.20402781421258984,0.96463861942887641,-11.342008267498109,-4.5849766174248021,-5.1200789442951171,0.4398484174561349,0.3902355463613902,0.984375,True,2
0.79489045081843512,0.554592135684424,-0.24612341260972256,-0.5238955165903787,0.83196336180161923,0.1826758120722323,0.3060762305278974,-0.016264306217563002,0.95186806514826205,11.880966312049477,-6.1768724082772453,2.7761940066800563,,0.2193250551205365,0.1428571428571428,False,3
-0.44455406773454287,0.88066537118533528,-0.16370762002933203,-0.8937340893892991,-0.44834264586011757,0.015107923968240483,-0.060092082042083168,0.15302736976810988,0.9863932105289972,1.6211176382717325,14.384023188846744,-2.7343181423180858,0.1801023397347389,0.1505815013887132,0.3809523809523809,True,6
-0.43155411635907304,0.87357460013770161,-0.22500769464131096,-0.89964267209638804,-0.43513119871466627,0.0361095894245788,-0.066363447746584078,0.21800976560556973,0.97368764750498615,-3.2600862786720088,13.427014415794565,-4.3048628433935106,0.1652707755862009,0.1498344776247265,0.5,True,5
0.9667977707867873,0.11095300064530943,-0.23019883155546494,-0.073413585737754791,0.98344286015899673,0.16568218441165516,0.24477033282410809,-0.14328144489114547,0.9589358225236353,2.313239747602351,-6.9848668668461666,-0.14577495373492202,,0.08379465427737226,0.2666666666666667,False,4
0.93802421389208002,-0.11748542261898766,-0.32604869210623189,0.20640861371842903,0.94511872183440493,0.25327077569458711,0.27839909901970378,-0.30487337881510645,0.91079424929831376,10.237393778754779,-12.102306488581824,2.6720334410451771,,0.208015129941554,0.4375,False,2
-0.82188024241960311,-0.46366277016617841,-0.33095271970799889,0.50510552399636077,-0.86177553226328252,-0.047024904260386399,-0.26340325880417148,-0.2058148866194143,0.94247490985022053,-13.509885773628936,10.45727183038659,-7.5954083550166445,,0.2978744612243909,0.1951219512195122,False,1
-0.38595647805985306,0.92216199324836712,-0.025590139738420142,-0.92209256163702713,-0.38647180892255462,-0.019617560546427451,-0.027980436331452252,0.016024952927424313,0.99948001283986387,-11.589474146095604,-17.821611434765021,-3.7278214791791373,,0.5112131173919732,0.1333333333333333,False,2
-0.43718974656058368,0.86436620196387537,-0.248467692879455,-0.8971709733735892,-0.4384519321261558,0.053330551757214892,-0.062844013542903532,0.2462335722792233,0.96717095585239399,-9.2628990129277877,-10.091310624371133,-3.6030752867921398,0.3202333060563849,0.3025045688910767,0.8653846153846154,True,5
-0.56781567051211568,-0.7627209162334273,-0.30958386304993168,0.79684598797657813,-0.60363718106741504,0.025663691835290527,-0.20645056494596647,-0.23211841282635651,0.95052575276026352,-10.170322492349548,-13.592881205079459,-3.6468877158685946,0.2733561989012786,0.2052659184387232,0.3870967741935484,True,5
0.61012742659790664,0.74721111001631546,-0.26347690673226809,-0.76089666941017164,0.64529548881224252,0.068044034265167017,0.2208637176938,0.15896316927753087,0.96226292094194232,-2.6436572262641449,-11.056941527015141,-1.473570919999277,0.3241407180386939,0.2784971334422032,0.8320610687022901,True,5
0.60701884163202946,-0.69602038732635485,-0.38351498840303599,0.7856965547309841,0.59802636184879709,0.15825736765710002,0.11920171889520705,-0.39739160907090554,0.90987408977971529,-22.248443371781825,18.414123057283213,-11.643626718419693,,0.2384762889522734,0.1818181818181818,False,1
-0.61262537836282982,-0.65752901028635069,-0.43857239586828956,0.75886173310726923,-0.64445802319267786,-0.093822845661475543,-0.22095025641811544,-0.39029406474405659,0.89378494461158309,-5.0367126076618112,13.959896330810009,-4.9753045190427869,,0.5414941040784454,0.3571428571428572,False,3
0.16380551006189148,-0.90926878825018331,-0.38261994928049442,0.98632516697012584,0.14381015614138853,0.080506546267638646,-0.018177455122144984,-0.39057510123487638,0.920391585370406,-14.205475587899778,-2.0393010605607427,-6.3382880416212313,,0.2775700709850026,0.4193548387096774,False,1
0.28915982731914086,-0.91092538928106703,-0.2942813779835573,0.95708830874414785,0.28126729138865031,0.069790257630696434,0.019198008491286597,-0.30183380519423059,0.95316724162758559,4.174174304449271,-11.046935542435683,0.69338777002870444,,0.07993568708893636,0.5217391304347826,False,5
-0.77573651350779815,0.62197734638091517,-0.10666321858879815,-0.60535701649494755,-0.78118252837627022,-0.15263269616957625,-0.17825752211646556,-0.053833427799218819,0.98251016170840921,13.512630172202726,-4.7655768643569623,3.2677510737274118,,0.1600879077797479,0.35,False,1
0.11989660127669327,-0.93922386501893063,-0.3216882596259954,0.99230588994212621,0.10329313361321858,0.068260891691575232,-0.030884070140848173,-0.32739740366604309,0.9443818688879364,10.035708669465791,-7.2148417080819938,2.2701362080452605,,0.08634108766107236,0.3809523809523809,False,1
0.40454845350063107,-0.86185258129124565,-0.30586055138226875,0.91300772064192892,0.39982693601480263,0.080964950967968297,0.052511435121107952,-0.31200729055365461,0.94862742940676648,-5.5711629018078295,-12.97715669412483,-2.2095519698963448,0.2840525038152474,0.2511856372666248,0.684931506849315,True,6
-0.84595715619130252,-0.44905113205259473,-0.2875927166863026,0.46663813022484274,-0.88440931867804173,0.0083073735744493282,-0.25808011412929011,-0.12717404545631922,0.9577167727743352,-11.392917881759601,-14.281241635444392,-3.9437005807259169,,0.08221906273802516,0.3703703703703703,False,2
0.96196831962383833,-0.055122641818116158,-0.26754148537952144,0.10200445827110334,0.98106633294325418,0.16463274540046707,0.25340095211523517,-0.18566190972913088,0.94937748695807234,2.8901943728902459,-5.4850993518478681,-0.14906433732880142,,0.2591048924808862,0.2705882352941176,False,4
-0.87905860333418195,0.40167076632138032,-0.25674221972038896,-0.42336988162383071,-0.90534973342105107,0.033163285848289849,-0.21912077774136549,0.13784939491063053,0.96591077697931926,-10.323934750069196,10.185814132813222,-6.3704196323709414,,0.08099699465067615,0.3580246913580247,False,4
0.44326654704104873,0.87555408631214804,-0.1921452841378293,-0.87600396389165891,0.46857158820050654,0.11427038976636898,0.19008372765812634,0.11766778944705425,0.97469096015415901,-8.9025093467423702,25.316414595533892,-7.7109985489491937,0.2163322372165853,0.2716696108238634,0.2857142857142857,True,4
-0.9386398391839017,-0.15507236381479919,-0.30807111886334071,0.18241418202955051,-0.98127482430046553,-0.061844849329439927,-0.29271200605938591,-0.11424658058332285,0.94935104167726547,3.8532586457252798,-15.400526729531867,0.97550409171921248,,0.1658312926880191,0.4102564102564102,False,5
0.0074541087275291993,-0.93330972243667221,-0.35899498362548027,0.99836436260298933,-0.013404276402890172,0.055578096930719349,-0.056683646207735146,-0.35882208318231418,0.93168324921794066,8.8159403932531202,-14.9130712254769,2.4146298851308492,,0.3418991749742396,0.3888888888888889,False,5
-0.91983319197361268,0.32222401236280079,-0.22378244971501404,-0.30600514851311394,-0.94625409678982542,-0.10470928035250035,-0.24549490427929926,-0.027836489816228993,0.96899813302586324,11.994169023309405,-13.415002123855961,3.2604604519182629,,0.3002972665184416,0.1481481481481481,False,3
-0.46529184474481444,0.84766871472321803,-0.25487496796165549,-0.88173796383762804,-0.46914936638118321,0.049366336218195465,-0.077728130952962993,0.24770268893094771,0.96571306067327101,-5.4933685828092553,11.588977616053025,-4.8325330629258687,,0.0787751558792743,0.4210526315789473,False,5
-0.86177282903654395,0.46993196023380068,-0.19107994108532136,-0.47162025785802175,-0.88091794806686052,-0.039470256543453028,-0.18687408464601366,0.056102776441905089,0.98078058451583594,-10.324110300560593,-26.765504701025609,-2.6597217900567811,,0.4965287092335074,0.5,False,3
0.31409235735677921,0.92622143386907363,-0.20847025325350305,-0.93651384135175486,0.33831502046411305,0.092112821501393827,0.15584548760436462,0.16630334443385425,0.97368135528183619,-9.8335886448027825,15.893258300963302,-6.9552292495786281,,0.08683534514406961,0.3461538461538461,False,3
-0.70359330391322306,0.67655532488313552,-0.21732315813265213,-0.67478630221921854,-0.73198690102834585,-0.094120258500662482,-0.22275526711121363,0.080424306619287095,0.97155134804034848,-0.68329963504242464,15.443962951018435,-3.4802276296114263,0.811825303337968,0.5649882284735498,0.2992125984251969,True,3
-0.39567890516379112,0.89866886221538755,-0.18929469113761482,-0.91682286484080677,-0.39855430461262648,0.024296106269157396,-0.053610059816046135,0.1831631577562669,0.9816196916969796,-21.574923474625891,16.653534027138758,-11.285737397141748,,0.1296827335829869,0.2608695652173913,False,2
-0.39846552477988456,-0.86592006250881426,-0.30233701544240715,0.90121953717280501,-0.43088061909089481,0.046316713072949975,-0.17037773146724955,-0.25401641174652106,0.95207514996637499,-18.634677809985568,-12.693076212126394,-6.5336981680966826,,0.08457029409229525,0.2142857142857143,False,1
-0.96309826117130215,0.055180185464224575,-0.26343288796380049,-0.064620787400149385,-0.99753637564762354,0.027300789285073096,-0.26127742566972589,0.043316583336374115,0.96429133587493354,12.898383718942892,-15.375022855882143,3.6790244825558021,,0.4434885472921546,0.8448275862068966,True,5
-0.93284132953914589,-0.22016264958611556,-0.28519372649282071,0.23069304876106245,-0.97302054245104364,-0.003426546600392627,-0.27674495687720596,-0.068988634538595384,0.958463769345266,2.2102237345696349,3.0778394731597625,-1.1400678816999139,0.3955568331232072,0.3027737527199796,0.7290322580645161,True,5
0.40148045252717796,-0.86071942654797118,-0.31301040717762735,0.91434884678810335,0.39635373559111958,0.082884875943865649,0.052722221271846219,-0.31947736233714047,0.94612609219821531,-5.1740474450193634,5.8043825940027709,-3.9205882021884291,0.1666049290229376,0.1271845177820264,0.5853658536585366,True,4
-0.81817454195884853,-0.44439620582768657,-0.36483205881115344,0.52016378911299233,-0.8424576482079883,-0.14033796161937057,-0.24498990057968303,-0.3045933735684706,0.92043621473306625,-22.522712860313813,9.5003749584328148,-10.762510963728163,,0.3491005819673522,0.4444444444444444,False,4
0.9474144256412198,-0.1890429129752475,-0.25820279460290751,0.23677285392559488,0.95689609392264019,0.16819179849066146,0.21527777807021137,-0.22048274873428833,0.9513373932416016,-18.604284267617164,8.4472994087559048,-9.1549239501192741,0.6399701455204413,0.588268298332476,0.3220338983050847,True,3
0.87009630957584716,-0.39682536314554767,-0.29233891842670906,0.44342990763317164,0.88918249804001837,0.11280249197492039,0.21517975991930754,-0.22778085157387393,0.94963864421018185,-7.6337033816356978,29.394521889183171,-7.6382588793475126,,0.1779803881902991,0.75,False,4
-0.66092528362843328,0.72766264634570843,-0.18353430898291573,-0.73775860153251482,-0.67480619418227505,-0.018677423752283748,-0.13744095214114199,0.12305963353754573,0.98283585163960219,-14.940095416952561,17.82614355815188,-9.1065658556068687,,0.5417977090335746,0.2631578947368421,False,1
-0.82823174878632744,-0.43270432566440886,-0.35608866431501685,0.49405428600264795,-0.86370906844173345,-0.099584173310464416,-0.26446650597903187,-0.25840590481415859,0.92913069886449273,-14.493403494259796,-18.067020571702262,-4.5989414128926391,,0.196574699545666,0.4545454545454545,False,1
-0.8320976398035459,-0.36313648752231648,-0.41922000102968038,0.42474170162548058,-0.9032829864619597,-0.060616278908030716,-0.35666231190533981,-0.22849887920582776,0.90585885074222283,-23.955573743879608,8.5331318524114739,-11.236037412420668,,0.7099112404238194,0.6351351351351351,False,2
-0.036070255397473119,0.99691497998113854,-0.069709822584547609,-0.99506234219238199,-0.029373887314521278,0.094805642736318307,0.092465516957261851,0.072785283081415936,0.99305207856415378,-7.2405038725983699,25.588335065350691,-7.1368313726027948,,0.3144176947888433,0.125,False,2
0.26831696997507543,0.94341013631475512,-0.19489309459796486,-0.95236476591517294,0.2902163776097586,0.093679276312370052,0.14493914677109793,0.16047357684568136,0.97634055271079501,10.364098446667649,0.9600024510291264,1.7496654726201566,,0.0821020601917644,0.2888888888888889,False,2
-0.63932006812923425,-0.62576449672738499,-0.44686535457870807,0.73463549833540298,-0.66871364616525608,-0.11459818505484047,-0.22711348500854378,-0.40154807192650277,0.887230866719245,-30.638133703472064,14.881789989899412,-14.031505174827235,,0.7533184028473132,0.2608695652173913,False,1
0.094604982280193761,-0.87584691916884927,-0.47322518055382551,0.99411810554744562,0.057943667983498974,0.091497123251920193,-0.0527170707695645,-0.47909780371345317,0.87617703971653094,12.158826760120599,-7.9612493930674759,2.9572619195983743,,0.5466555102791313,0.34375,False,2
-0.071783648699477537,-0.91460052476594655,-0.3979359092583229,0.98954581051581769,-0.11533704633119664,0.086582068779807814,-0.12508475794430735,-0.38756063505141169,0.91331843159358339,-22.551041761032874,12.858957580184038,-11.133194498390788,,0.206127655949974,0.2,False,2
0.4243840290794702,0.89543621431012432,-0.13450718183141389,-0.8879322645146861,0.44064627689696056,0.13193616748514944,0.17741051123340371,0.063441664218404442,0.98208994788924608,-1.2878692408718642,22.157737361328408,-4.5776956524611387,,0.09090377083180877,0.1428571428571428,False,3
-0.12917749502193085,0.97351067303048378,-0.1886535032158051,-0.99122014496744604,-0.12135467965392061,0.052494437198731661,0.028209909439349777,0.19377825270610491,0.98063968397551338,-2.6576754875130191,21.511896732021576,-5.0129578156536052,,0.1275865922384882,0.125,False,1
-0.16048021793912265,0.98589907767369978,0.04742476454722741,-0.98685337428389441,-0.16119664778088094,0.011664407773156991,0.019144641931976021,-0.04492938221648346,0.9988067046726018,-25.450467733345548,8.9350178351374776,-11.754403075132139,,0.530158036763343,0.1071428571428571,False,1
-0.34854112597872638,0.93421681946672885,-0.075881603349899351,-0.93728737377354987,-0.34768720385997759,0.024616808012273825,-0.0033856264064888453,0.0797028387041534,0.99681291877479983,-25.827187162808258,3.6760705375837941,-11.211126499300578,,0.2979689406505966,0.3333333333333333,False,4
0.39851455919341006,-0.82713158917825813,-0.39628207162869833,0.91706437287640907,0.36566165433767744,0.15901097618665466,0.013382156466057921,-0.42678435858227459,0.90425440510833899,-3.9252739634183369,5.7495087415328925,-3.4087084321436789,0.3949858077994949,0.4329173707215072,0.3724696356275304,True,2
-0.090152994093251448,0.98877958079169737,-0.11911078148269508,-0.99557022992939626,-0.08626865332644619,0.037384980026355652,0.026689978163193198,0.12195351599128915,0.99217689199205372,-3.7240196270078267,20.336607163716671,-5.2835840819641433,,0.1974773445224187,0.3157894736842105,False,4
0.96194996672427613,0.018610793748831886,-0.2725910854653959,0.06359980957717766,0.95502002008847087,0.28964085597850897,0.2657203901489516,-0.29595675289855283,0.91749783360661619,7.5824217917248475,-17.467680402987643,2.2670811013125984,,0.2552707549059541,0.2222222222222222,False,1
