axis_00,axis_01,axis_02,axis_10,axis_11,axis_12,axis_20,axis_21,axis_22,location_x,location_y,location_z,dbh,dbh_approximation,score,reconstructed,number_clusters
-0.13796305567459632,-0.9430749968617429,-0.30261484689808776,0.97708636358889456,-0.17959298468966883,0.11423045976834835,-0.16207539405338522,-0.27992125704290705,0.94624291622075551,-22.040889726885151,-1.723411259270712,-4.4118143421822227,,0.2428183976665018,0.6730769230769231,False,1
0.95126397225822534,0.27962786259117101,-0.13001966599785894,-0.25240888656722665,0.94824767443784874,0.1926553967712919,0.17716266272946596,-0.15044801888328141,0.97261440692018375,-9.0868399702146192,-10.2046394014989,-1.6056112924010306,,0.08390316184517119,0.3636363636363636,False,4
-0.20653184653390977,0.96966088475673451,-0.13077601056799842,-0.97309668162259788,-0.18961183229803874,0.13088239479651087,0.10211485975303911,0.15428908459566454,0.98273467110520218,-7.8159307800486317,-8.0639715567615049,-1.6465353820935056,,0.1093047084126865,0.5242718446601942,False,5
0.93344837514830692,-0.31818050006267801,-0.16563604774580448,0.34698007688226346,0.91802340162224749,0.19193191584699082,0.090988775020685059,-0.2366309435677886,0.96732974696659335,17.894702563025302,-6.4426473917812421,2.3008534290308162,0.5803889081199258,0.600025754313144,0.6545454545454545,True,4
0.92099108201821844,0.37213731277946394,-0.11527899756759667,-0.33889656262740475,0.91123775702526588,0.23408304084425097,0.19215760896264297,-0.17652073705047014,0.96535790394491405,2.3427087184439741,-5.9997263561960947,-0.20116992842110651,,0.06752536555082246,0.2592592592592592,False,2
0.64610776968628314,0.75229045743412781,-0.12885580159452431,-0.73484876683552414,0.65876235638580816,0.16133644253338081,0.20625721764662303,-0.0095512021530226865,0.97845119178531603,-22.940370187755363,-4.8742472222405011,-4.1613980057193833,,0.2032029685850648,0.6296296296296297,False,1
0.72654095930837226,0.6867124939558521,-0.023752580748274771,-0.65318886573759649,0.70097631692781448,0.28631540088292073,0.2132663595687363,-0.19250494474493207,0.95784096076804326,0.51754968294754433,-6.1935722994707216,-0.52425160609746402,,0.1203510403786435,0.2608695652173913,False,5
0.02266345416662785,0.99164423493304765,0.12699637463049321,-0.98904541071847085,0.0037059258107896981,0.14756504210217658,0.145861384135656,-0.12894951507445207,0.98086516870571705,-22.088333193226759,13.439905747052435,-6.2656457055280663,,0.1898554719909022,0.3333333333333333,False,1
0.11554289582750876,0.98392290711243779,-0.13618205492355714,-0.98094339168807831,0.1345878897365731,0.14012909133990012,0.15620467831433055,0.11739596584067673,0.98072334818594564,-4.9401046486166322,5.1357015063769085,-2.5472548319948389,,0.06778379525918501,0.2569444444444444,False,2
-0.95640101374758191,0.26827102560769256,-0.115445908208098,-0.27289077776444681,-0.96169439948327928,0.025971242049783488,-0.10405635162598761,0.056343045905327627,0.99297418741093035,-8.1359898750937365,-10.827137892475394,-1.4087908065405359,,0.1774162686728495,0.103448275862069,False,4
0.12942434700038191,-0.97613358986787391,-0.17439195261015339,0.98378580121214942,0.10438362516128862,0.14584085892354404,-0.12415649695804976,-0.19043968475568546,0.97381614832229035,-12.089080502484419,8.5709013800321578,-4.0690934863649284,,0.09665539259361981,0.5585585585585585,False,5
-0.81880834159360583,0.56124826668435912,-0.1206369880282627,-0.57230006106680775,-0.81453571447070594,0.09489051561997508,-0.045005997818698809,0.14673770134324449,0.98815105483162036,-23.592848243605914,10.930486256505027,-6.1953576065987681,,0.3684963250552101,0.6129032258064516,False,1
-0.67110830785369846,-0.68633619572289484,-0.28027890675248512,0.71209707370496844,-0.70194481734999503,0.013828630311837536,-0.20623141552771451,-0.19030528063116076,0.95981899513050306,-19.308638375151506,8.7390473898753527,-5.2411001282133949,,0.2027521190860767,0.5476190476190477,False,3
0.97393727369431082,-0.1113995115583373,-0.19757615173258194,0.18980201438983518,0.87719536080994076,0.44102550301210297,0.12418285808618351,-0.46703152762750555,0.87547710990034733,-7.2011861917007645,28.048595675629667,-5.7378594729463055,,0.3649588079607945,0.3,False,1
0.74120605333402523,-0.65084648597031713,-0.16435461113424263,0.67101627152089494,0.7251977391204526,0.15435479431744473,0.01872831693439396,-0.22469332627978444,0.9742495364485072,-20.952198567136211,-6.1945935490692792,-3.6895468940437288,,0.07711459479984176,0.3636363636363636,False,1
-0.50103578291451034,-0.84392957044299355,-0.19169252560062905,0.84158495775726472,-0.52676341644328295,0.11939456425525943,-0.20173721301719838,-0.10150459708261805,0.9741657526597558,-15.303286233844158,13.790398260515625,-5.1794075725255633,,0.1024551227856526,0.3243243243243243,False,2
-0.76942633324155607,-0.61412946202315943,-0.17557938828233527,0.60442919214429269,-0.7889275714894286,0.1107187365697018,-0.206515058526617,-0.020935396316717508,0.97821942312694388,-1.9285918651921066,5.4762846304137502,-2.1143787513027266,,0.07127098313339239,0.4020618556701031,False,2
-0.78184551586115514,0.62274171095609132,-0.030172019542689554,-0.62346722676897126,-0.78111660126540616,0.033844827855803949,-0.0024912793525613541,0.04527269224445292,0.99897155958722184,-11.361433482753423,4.7164759467086119,-3.5304204849962457,0.5984829611899102,0.3319506351407449,0.1617021276595745,True,5
-0.41676820700490774,-0.81196680844125024,-0.40867366396630445,0.88835838079237461,-0.45910860908604129,0.0062187087912836669,-0.19267498256355048,-0.36045691428076432,0.91265939103332783,-11.527867919572955,-21.824699616053046,-0.36593931225790105,,0.3544317718364124,0.2142857142857143,False,1
0.56441921220342639,-0.75281004379906524,-0.33868568149674183,0.82490909251243083,0.49899796201800939,0.26556736055507846,-0.030918311499516016,-0.42927621860187226,0.90264388667785045,-18.379039351337219,16.643328258408811,-6.0588799221035625,,0.4576580589406956,0.2916666666666667,False,1
-0.97550747723971831,0.17266281338088038,-0.13628174758491773,-0.17130384224160411,-0.98497864319631712,-0.021727081727769187,-0.13798606988628825,0.0021506563046595623,0.99043183470383023,-10.214535371215844,8.1091176630222783,-3.6983721090469714,0.4734477603559539,0.2192554565555271,0.3434343434343434,True,5
0.69523259252893654,-0.69467670045044505,-0.18459665256113786,0.71878473033411605,0.67177421441563534,0.17907516936965176,-0.00039207653229997308,-0.25718414939015921,0.96636233348493794,-8.1562225113006903,-15.487159430535579,-0.85224113467419249,0.2708312818272443,0.2369727012955445,0.4545454545454545,True,5
0.95075162146869041,-0.23289492437631848,-0.20452703604756972,0.2988053456172407,0.86406917292711161,0.40509237196918135,0.08238154954367119,-0.44625600118856118,0.89110541559232903,-8.9870881228672133,1.6979435248725074,-2.7956191822953924,0.9696000888716424,0.339182642402359,0.1694255111976631,True,3
-0.92264350049215349,-0.32498695095540137,-0.20763538404688267,0.34041960629704338,-0.93931332750392915,-0.042484872861547923,-0.18122765420363135,-0.10988154750551779,0.9772832664430724,4.4777184136959312,-6.7259719638235653,0.20207882626232987,,0.3318471614985014,0.2,False,4
-0.13238299871538595,0.99043137810121151,0.03899265217519815,-0.98742916313938134,-0.13520501960032866,0.081873380635803544,0.086361967514540491,-0.027663838262406953,0.99587967276152789,-16.940178329479547,5.032406957617618,-4.4399009479768461,,0.6837878749695377,0.4174757281553398,False,3
0.84548283913824496,0.51649421739730494,-0.13561892241821261,-0.49431677163083643,0.85306386630778264,0.16713159271808553,0.20201410348586846,-0.074268185619160071,0.97656261376198383,-5.778780054079669,5.5713615060499269,-2.7324278361088417,0.6319904772318672,0.4271261609027093,0.9137931034482759,True,5
0.92920168187294261,0.34907832254816207,-0.1213612752547375,-0.3210345811651924,0.92508367835118877,0.20287184561768126,0.18308749848251354,-0.14954769398153916,0.97165552287022994,4.8260602256669749,25.830025378558819,-3.5044409480009935,,0.2075650629762775,0.375,False,2
-0.55155192451786339,0.82900721383856468,0.092398668628179803,-0.83272074129099816,-0.55368491779528994,-0.0030296583623957429,0.048648140605895646,-0.078613301734770241,0.99571748362974222,-2.9786689603002454,-12.238700513090343,-0.4686464857457463,0.6574960699344846,0.4083289271183547,0.196078431372549,True,3
-0.083586691864630941,-0.89172855413074903,-0.44478472398567231,0.98442345745173021,-0.14317208741110249,0.10204023620674793,-0.15467294967740325,-0.42932731002608149,0.88980578751987227,-18.822937078187017,12.00403725474246,-5.5659896387080439,,0.5734870715332231,0.2222222222222222,False,1
-0.88294961391770199,-0.4072580188732558,-0.23353990097200311,0.42540751258198084,-0.90446757937246336,-0.031094149014398248,-0.19856592739287873,-0.12680419522850439,0.97184992079593169,0.76125489282111347,4.6404762751242092,-1.6015634553471938,,0.7405355174555146,0.5898876404494382,False,1
-0.58468243913314322,-0.78047115286977398,-0.22138478924136498,0.78520760361327435,-0.61302981465675255,0.087426915591287901,-0.20394966191983918,-0.12271603758284041,0.97125965092901356,-14.350736828295286,19.149036133963147,-5.6576108373339968,,0.9115614611764078,0.8928571428571429,False,1
-0.22036593365270224,0.97317630187481141,0.066081319256178744,-0.9700138566957005,-0.22576270402069876,0.090023992866313046,0.10252791377817302,-0.044261574108096419,0.99374490688192585,-15.633299862405121,11.158157769545893,-4.9603273244384667,,0.172994859324103,0.2444444444444444,False,3
0.56809817503204862,0.81343229532795536,0.12486938953461918,-0.7974956266147456,0.50669197083926953,0.32751178943264025,0.20313834954436616,-0.28564164193007546,0.9365594820084201,-4.266487564005943,-1.9739649254934877,-1.6843066028694009,,0.6399634964886678,0.2614125753660637,False,1
0.97843466626665987,0.14913525110563114,-0.14291354283380919,-0.11551560526947845,0.96864605018259942,0.21995675576093587,0.17123594478635804,-0.19870457051439544,0.96498432363941233,-0.78677361668930779,-1.8715597328277673,-1.0847985370470239,0.2340357978709603,0.2075912416968751,0.25,True,6
0.62173166921618428,0.77930589964314112,-0.078307383272918599,-0.74834441679869446,0.62056912887725446,0.23425326066193247,0.23115009266681891,-0.087041777704273057,0.96901669933711709,-16.619910654636733,10.134268934865124,-4.9995266447079008,,0.2723423044698691,0.1818181818181818,False,2
0.8727466158661964,-0.44463864125626767,-0.2015187911731372,0.48347412209160734,0.84440380399338955,0.23072708785325435,0.067573054998660023,-0.29879540575998476,0.95192183908915273,-5.8632326014888729,-13.656719312272052,-0.73818147103939513,0.224273191319128,0.2023757207610139,0.5777777777777777,True,5
-0.16061776710380302,0.98446978063776747,-0.070860312598902353,-0.98019280033219169,-0.15066828928999965,0.12853458981675317,0.11586201736343323,0.090101707050702709,0.9891701953248615,7.5797630683525448,4.5415358964718999,-0.53464278157575784,,0.0922114773360993,0.3529411764705883,False,5
0.042056920145584417,0.99707281029329153,0.063851597017660772,-0.9895185962581472,0.03273137401228815,0.14064709316076796,0.1381454419341224,-0.069097526215527616,0.98799866839167361,-11.610419246752796,-2.004274663221834,-2.8182239500356308,,0.4241049273450646,0.2363636363636364,False,2
-0.20764213977826945,-0.96114568611486828,-0.18188928459664988,0.96315866022248231,-0.23337022735833465,0.1336552738246885,-0.17090973356346581,-0.1474357726113262,0.97419328468624078,-21.069757418916719,-2.7552757222085535,-4.1273115940481553,,0.8211050340520043,0.7045454545454546,False,1
-0.86112059290457221,0.50615475785396269,-0.047735579785668308,-0.50434116783383232,-0.8623125502787955,-0.045354735802179663,-0.064119504861499227,-0.014980878928674168,0.99782977624584834,4.7870788055131097,8.0051531247185412,-1.3291381537339206,,0.1106366387277019,0.3333333333333333,False,5
-0.84377847126467598,0.51874457320925393,-0.13762979036601594,-0.53342578879604807,-0.83884679829739695,0.10859547335648395,-0.059116996520108239,0.16504580198282484,0.98451260224046211,0.70595533462099214,10.40084843201209,-2.2884240855018558,0.4174245517921709,0.3377012843583236,0.6097560975609756,True,2
0.53496710895328659,0.84487085430985331,0.0018525322942382072,-0.82225662107589148,0.52014147101670061,0.23096947682635596,0.19417580033315224,-0.12508433021894302,0.97295923290683584,2.3863508555230175,-7.1674991423270304,-0.079021089045293619,,0.1672251493076144,0.3783783783783784,False,5
0.83676762586882025,-0.48586262010116354,-0.2525023855061358,0.5412593219831352,0.80368947472088437,0.2472277787572103,0.082814773224427637,-0.34354147145766833,0.93547900603085987,5.3946289381647761,-6.862054342211902,0.35889382435786443,0.4661784104356308,0.1923124715015492,0.1388888888888889,True,4
0.17103831647700007,0.98514182097107805,0.015539847827552827,-0.96871023299681813,0.16526457710834072,0.1851704729173983,0.17985099050037287,-0.046724855558805484,0.98258353796969611,-14.398542755999513,16.36561659090318,-5.3890514659819226,,0.6307266935634266,0.4716981132075472,False,4
0.83211549081222036,0.55381824077015551,0.029481623777994098,-0.51554774892355648,0.75282987565953741,0.40921595386091514,0.20443661249930475,-0.35571411906852252,0.91196114882439683,-9.7272190664362359,-9.1767302785064597,-1.818234946877066,,0.5172571332754421,0.1333333333333333,False,2
0.13425819072677481,-0.95895190813394127,-0.24977184811152339,0.98407589410945406,0.099393217835866493,0.14736221659879564,-0.11648765108564664,-0.2655790393357596,0.95702581000203113,-16.668184244677168,3.2092540778545073,-4.1676600670475397,0.4543625464221511,0.3667006169554153,0.6260162601626016,True,5
-0.9046587045170813,0.41985794354745953,-0.072883026704261819,-0.41577842470643861,-0.90714362701984197,-0.064951839896326996,-0.093385919121183686,-0.028456057305676782,0.99522325279934432,-21.116075049727289,9.8386143786136664,-5.6679672199596158,,0.2650221902998848,0.4285714285714285,False,4
0.56201920602033439,0.82363166578794822,-0.075929514522632205,-0.79707693747949226,0.56383398117888162,0.21623967583745141,0.22091348488172147,-0.061009186024254591,0.97338333220682971,5.8856339908510495,9.5967740656715907,-1.3719925090360539,,0.7948331429647492,0.7837837837837838,False,4
-0.59893067278439638,-0.7805417810776033,-0.17898764535641185,0.77448120993170488,-0.62142378471920301,0.11836948613550506,-0.20361950952880778,-0.067727452170179406,0.9767047084773286,9.9949028273620311,-2.2156380948423706,0.58859309760787415,0.1057293413372526,0.1039781506889639,0.425,True,4
-0.98388138874413189,0.10721244053681223,-0.14311850151904981,-0.11563559246375597,-0.99193636102355509,0.051871624563947338,-0.13640316212784037,0.067585118728071075,0.98834529851061581,-20.134852107569444,10.580976348974948,-5.6135770298487575,,0.0693032393638667,0.1052631578947368,False,1
-0.97337904383261031,0.17969532697672569,-0.14227728733090991,-0.19466472611177665,-0.97582864752294085,0.099318150815328715,-0.12099124528387034,0.12437057584604572,0.98483149747983934,6.2841114037187431,1.3223412107913908,-0.3845681748335924,0.5125515099927712,0.4116140235828215,0.9401709401709402,True,5
-0.9883216430953099,-0.0010464437346866225,-0.15237859017886204,-0.013673599000845625,-0.99533342259062441,0.095521780575939769,-0.15176746186107062,0.096489806868622366,0.98369525499043919,-15.367180842930992,-5.947953402697884,-2.9591394964777225,,0.07882323125477576,0.4594594594594595,False,1
0.24485484050430148,0.96541670500630383,-0.089535985929592582,-0.94989933176896246,0.25736734013661589,0.17735081543619102,0.19426107841379744,0.041624967576858893,0.98006632198424892,-5.1507708241679344,-18.5830362921362,0.073387012699078921,0.1503026674805229,0.1557768981280564,0.5238095238095238,True,5
0.13848409436374964,-0.96846880269118629,-0.20709981608430339,0.98286296675438967,0.10870696841408901,0.14887304524653863,-0.12166570671726606,-0.22416728849704731,0.96692630669398483,-3.7270449847510836,-13.873706342116055,-0.41923798445875282,,0.08840343533389336,0.1379310344827586,False,4
0.56234679235372842,-0.79548068484094725,-0.22577990427504885,0.82598476689663514,0.52752539588939562,0.19866082036085489,-0.038926212045152273,-0.29820703669885784,0.95370714230265774,-5.1130651565329206,1.4943815456627059,-2.1473768414027736,0.3517300164712228,0.3343321468181024,0.8199212155317952,True,5
0.60180337991857946,-0.76680284561201983,-0.22326237452800118,0.79839291131189483,0.57061465500381059,0.19226979654068993,-0.020036244296018288,-0.29395971060026238,0.95560778432279392,-7.1770876450227616,-14.886878269993327,-0.76232842478519725,,0.1044561002874303,0.5,False,5
0.23379656884665312,0.9648742735510677,-0.11981986744622314,-0.95664646968765188,0.25029684211159497,0.14892623295818172,0.17368562528224232,0.079806810913991583,0.98156211036391061,-19.852225926899472,-6.254205320249012,-3.5361332140240962,,0.1966173041327787,0.7307692307692307,False,2
0.91082274218986059,0.39224909166378441,-0.12861797074545564,-0.36225267831328534,0.90890230539937067,0.20656620317602994,0.19792657569056785,-0.1415529912387784,0.96994217420770013,2.4299518226729848,10.947200670905225,-2.0783071552225776,,0.09062742626069627,0.3,False,5
0.83964528854949516,-0.50929113650832791,-0.18872818467492003,0.5404521055369873,0.81793155829508912,0.19722953015612155,0.053919486619145973,-0.26760139054015197,0.96201984633566928,-10.07074772540884,-7.5284418959772497,-2.0143402783457125,,0.1775131790903861,0.6,False,3
0.82670586764606746,0.54430031392492129,-0.14245903502689347,-0.52430050363342928,0.83713729877677923,0.15591704488749406,0.20412346824726935,-0.054206192062794117,0.97744324564281304,-14.770200513061106,-2.9640296925176846,-3.186332226551253,0.4176629206338154,0.3852372043197918,0.9545454545454546,True,2
0.035976403582510051,0.99932568779647635,0.0073394887674543552,-0.98897650290844408,0.034546327660223537,0.14398620746507823,0.14363556342442646,-0.012438687844451596,0.989552476609733,-3.3233972652348673,-15.206250250773673,-0.12737793938023731,,0.1154635742927318,0.4736842105263158,False,4
0.56420343523342376,-0.76957167563767215,-0.29905504464400723,0.82057801420705478,0.48263896591952488,0.3061230980768001,-0.091248048038357468,-0.41811369821181044,0.90380015993405993,-12.893565000187868,-15.487364964507641,-1.5425373348510971,,0.2912789051990523,0.4347826086956522,False,2
-0.40161612136479025,0.90979484066002769,-0.10477518297906815,-0.91566066922822653,-0.39686200428247514,0.063765887317700387,0.016432586175616479,0.12154792250504251,0.9924495315361328,-5.8782988706402275,15.891046323742751,-3.9123750013016365,,0.1575922074758335,0.32,False,4
0.12893058664876705,-0.95119264799918546,-0.28037376877786352,0.98866073806179189,0.10134704189050783,0.11080939542817246,-0.07698603017118251,-0.29148125753183807,0.95347355897588504,-18.896384588875993,5.146599871918359,-4.727078865500582,,0.1355878726410255,0.1818181818181818,False,3
-0.64989620417669791,-0.73091978829492965,-0.20830551331065392,0.7314346532597531,-0.67596437609957127,0.089863842868544291,-0.20649036734798232,-0.093959700527474821,0.97392674409797508,1.7904160352980778,6.8920972681416188,-1.6614431163413292,,0.06732749779922786,0.3571428571428572,False,5
-0.98681305540246478,-0.043542011595341754,-0.15589768091117498,0.026263457405680434,-0.99344822921460951,0.11122430793426487,-0.15971920514562865,0.10566318704538157,0.98149124622232908,6.1438376635006895,3.4186882310276681,-0.61732768826555506,0.1990474188300309,0.1607545217852083,0.462962962962963,True,5
-0.32360505372912557,0.94288690802045128,-0.079019288054261422,-0.94294767643573829,-0.31445869877044669,0.10938649949623307,0.078290795789873718,0.10990907811109155,0.99085344317076374,1.5515338109099677,17.413547637594238,-2.9596641645701047,0.5755590580686162,0.2514712289665705,0.55,True,5
-0.71265417645836537,-0.64580940531507358,-0.27396028322193061,0.67018619858173933,-0.74216743936852425,0.0061604522338678802,-0.20730287988112203,-0.17921412876154413,0.96172127565383225,-17.589896668826828,13.96193258266374,-5.5907367273780757,,0.349222967733932,0.1515151515151515,False,1
0.78216977386420006,0.60912146209069562,-0.13107818000613022,-0.58795702246898418,0.79119968855204736,0.16825454693573541,0.2061964708297222,-0.054535284501289735,0.97698972264897999,-16.690634674416035,-3.5829691260444343,-3.350410353632757,,0.1228227698586573,0.5483870967741935,False,2
-0.98806173722616319,0.028373708925134675,-0.15142303679244867,-0.03274566290984212,-0.99911348452782811,0.026456881812788019,-0.15053811806386622,0.031099480325120825,0.98811492111661614,-17.212233765022056,4.9047100646383548,-4.4709137787859294,,0.3408854194084134,0.6481481481481481,False,3
0.36070419630962913,-0.90427005820686079,-0.22844724685402884,0.92977325973501623,0.32930332083822111,0.16456308324360683,-0.073581031838016259,-0.27176273606858004,0.95954720938480809,-8.3401506657715512,-5.2419411548534782,-1.9785083936675496,0.8420055693615089,0.4602990714727185,0.4813027744270205,True,2
-0.49677521831653643,-0.84825475176458942,-0.18351637140961752,0.84503516842469317,-0.52095781068790026,0.1204928363377718,-0.19781290805204982,-0.095219932745539332,0.97560402716262218,-5.3249373567802394,-9.334528453355615,-1.1193998909029133,,0.107419224558231,0.3108108108108108,False,5
-0.002010687258850933,-0.96306085939269248,-0.26927632321196676,0.9899519632036351,-0.039990036713485666,0.13563151371610721,-0.14138977221148499,-0.26629791225141541,0.95346439589767684,-0.60828595072167968,3.6998781944140817,-1.7142979240848657,,0.07702518337047501,0.25,False,5
-0.68708382138561475,0.7171321200335562,-0.11677904266741843,-0.72657447511067741,-0.67865966765602592,0.10728740659861988,-0.0023139809388885851,0.15856411294233883,0.98734597157178117,-16.677751208955211,-2.3287589646718563,-3.5062060487439912,,0.09182223068477396,0.3095238095238095,False,1
-0.015176673800497482,0.99291892487621514,-0.11782052959910919,-0.99110614347549231,0.00064148058439692044,0.13307216413584569,0.13220544972689635,0.11879224354022913,0.98407831087631858,-12.165844618368586,18.913534568869466,-5.3076048531231264,0.3291360783227122,0.3221093103676007,0.8088235294117647,True,5
0.2755583493387882,-0.90799502749877437,-0.31561467986641878,0.95822705276767606,0.23329001208778283,0.16545901487756848,-0.0766062102825594,-0.34802413752149686,0.93435040977599093,-10.211427353723531,-18.345169850349244,-0.75048099422698278,,0.2138564311220381,0.4,False,4
-0.98129958668415462,0.13105670068299161,-0.14097965236017226,-0.13956980260800497,-0.98883257469646202,0.052253319694802444,-0.13255712494418698,0.070952663271039107,0.98863255469424871,-18.144281141861303,17.837820442981322,-6.1559309208997517,,0.1145019923057323,0.3333333333333333,False,1
-0.53575764824287753,-0.75197277770823345,-0.38405817779995866,0.81962166735189368,-0.57246310111851983,-0.022501561391814195,-0.20293857385071726,-0.32683778766160321,0.92303466662954003,-6.8789696989843678,-12.835855993026835,-0.98194970505301837,,0.1391308358468169,0.1944444444444444,False,3
-0.93067881720615864,0.33542563036259582,-0.14603624789620187,-0.35340732780777639,-0.92749075654834023,0.12191864980040781,-0.094552630082470862,0.16507738492368609,0.98173787597873841,-3.6926473978526477,3.217044180838708,-2.1394453647875578,0.3675281450194679,0.3526636178987342,0.9544253632760898,True,4
0.72707025460038499,0.68414930903615856,-0.057520151431289968,-0.65314694216555436,0.71507001202175702,0.2491464425734195,0.21158430191088773,-0.14357785641438958,0.96675616487940319,-6.4934857625373468,-8.7100862665209906,-1.3693283836196517,,0.078101077371786,0.2571428571428571,False,5
-0.044389327464643032,-0.92495990123897476,-0.37746359918172578,0.99191378681689069,-0.085774849955000829,0.093539909331648546,-0.11889754888059144,-0.37025917438354305,0.92128796619461184,-16.651778995915713,13.967948855530764,-5.4339206150855581,0.5235046129208581,0.3016220011300527,0.1346153846153846,True,2
-0.2797156264222852,0.95446128047378775,-0.1037440716934018,-0.95547072574274061,-0.26616290312705987,0.1274087958016063,0.093993939080286887,0.13476265460175685,0.98640973552619526,-23.561988060094833,9.9597867234191675,-6.0678638266657146,,0.09636583113262323,0.28,False,1
0.60974451350008829,-0.76479182855072836,-0.20809874396202852,0.79225461702196609,0.58037041059681549,0.18842188915054936,-0.023329167664507267,-0.27975640383325828,0.95978753088918822,-12.119434555586762,6.2463698589091958,-3.7871063702189867,,0.07635684537861602,0.189873417721519,False,3
-0.98048221143561554,0.14930828436316174,-0.12791274087773788,-0.14203449906462093,-0.98777329686086945,-0.064265971431793856,-0.13594423170472628,-0.044843619714951106,0.98970107387891304,-10.869574347473273,6.2451615346278126,-3.5858324289253987,0.6413529989257101,0.3471449120047446,0.15625,True,4
0.92147952644801867,-0.30447541953690938,-0.24118499380135586,0.37809709328826008,0.84535530186845864,0.3773817717509127,0.088983539961646069,-0.43894092142418462,0.89409887435069724,-19.919969484216207,5.166752506172168,-4.8788207894878619,,0.3053453054028694,0.32,False,3
0.80557547398798135,0.57845850677213684,-0.1281948191308446,-0.55537595745417689,0.81259970677225291,0.17674632226868497,0.20641148609245658,-0.071186181921770508,0.97587234099164089,-15.786714841655302,9.2407355104662674,-4.7470154195215937,,0.07090238474034469,0.2553191489361702,False,3
-0.10699043468090456,-0.9325001767192086,-0.34495864579023772,0.9854076681297459,-0.14564597491446768,0.088085058791543991,-0.13238117116073048,-0.33050063602035296,0.93447555083707479,12.634120984301248,-0.39220635888964767,0.76463021833691447,,0.2148555142577922,0.6956521739130435,False,4
-0.41928880730113227,-0.87681421526314995,-0.23535872192137114,0.88751861192063419,-0.45044554271940423,0.097002714079005598,-0.1910696458531963,-0.16821309389191069,0.96705570960356069,-3.0725259271158691,16.435674046894967,-3.5405181806324038,0.6821787073119937,0.7555953621888924,0.9098360655737705,True,5
-0.97616358398179437,0.17231641450927324,-0.13195344102556014,-0.17191163111216676,-0.98500505866972266,-0.014540477413412162,-0.13248036985218598,0.0084904467328844151,0.99114926419692373,6.4791007182577118,8.0892626597945565,-1.1103051372598622,0.880415548579097,0.3686507219317281,0.6764705882352942,True,5
-0.89163107562536059,-0.416148572429615,-0.17836588979947091,0.40762187997232141,-0.90929433604077414,0.083834440488377099,-0.19707467606720533,0.0020435530241057348,0.98038635034564048,-1.2018435926446669,-3.6360598710998837,-1.0053145087047655,0.5843027160584382,0.5149856228486335,0.9184100418410042,True,5
0.070644584337942323,0.98407921097994733,0.1630872442001684,-0.985733267445428,0.043831638130751506,0.1625075781314119,0.15277194819429857,-0.17224080241296158,0.9731360839209795,6.2326986514587519,-5.6301204866669847,0.38566160011934131,,0.4380420210575046,0.3529411764705883,False,3
0.83761150564957754,-0.51626465746989947,-0.17854346543890884,0.54279608090802456,0.82336261935319688,0.16566958562974707,0.061476663493855416,-0.23567944437165117,0.96988443607799624,-8.0276452508516041,3.8285002714325898,-2.8752939222165317,,0.07276937334941296,0.225296442687747,False,5
0.98378156593306443,0.096256139282085387,-0.15135582638535555,-0.066253242265770868,0.9791436438273956,0.19206309547042566,0.16668634743001359,-0.17892031858600227,0.96964074851334636,-11.665870425860584,25.240171208382076,-6.0834134680653609,0.9451823436225816,0.5507496615193357,0.9047619047619048,True,5
0.9667965849405602,0.22582972568026849,-0.11960475887874628,-0.18810370549293579,0.9456937565002268,0.26510434718486858,0.17297791572075102,-0.2338038791715466,0.9567729023949415,-5.5051823443660108,-7.1551760991969777,-1.3352862928946165,,0.1297863686345546,0.1290322580645161,False,5
0.0010540720800659097,-0.94389273926403106,-0.33025048932090012,0.98739844192655668,-0.051279953147218373,0.14971534085132199,-0.15825045280522412,-0.32624662936168869,0.93194416732821417,-17.97807013982349,2.4031131110881656,-4.3036111065644764,,0.08431454333182911,0.3181818181818182,False,4
0.15569020473560136,-0.96331896193767452,-0.21857982002167631,0.98086071991715251,0.12456961809382641,0.14964844927884743,-0.11693078411176448,-0.23769515733241203,0.96427599986089474,-2.408817457165799,9.3027859652922,-2.6193213471223746,0.3118433989356993,0.2091760348152551,0.2638888888888889,True,4
-0.74757692530245157,-0.60934508306276491,-0.26424857710603872,0.63727675700461417,-0.77016414808618228,-0.026935478172252919,-0.1871017790856514,-0.1885358182147841,0.96407840423539581,1.6417412019593005,9.4750328009135316,-2.0283667315441325,,0.2396909350158683,0.4375,False,4
-0.9444446597691738,-0.2788000114013312,-0.17405412455930441,0.27049177991334644,-0.96015592769576164,0.070248071219072783,-0.1867042624923117,0.01926520576863236,0.98222724978178721,-14.1350751384358,-4.5900826940046304,-2.9335071449348935,0.1331080561528373,0.1243904334333097,0.574468085106383,True,2
-0.75123465231111242,-0.6319205580207814,-0.19058569074750981,0.62777157261277161,-0.77325181647155194,0.08935592281842164,-0.2038365761738764,-0.052517013187620046,0.97759532197098897,-1.6181265786029104,-13.753751895406991,-0.024108603061658063,0.4797372517628565,0.4529876094230659,0.5764705882352941,True,5
0.95815235218188011,0.24884524226939186,-0.14149245707181066,-0.22433544946622822,0.9597760445854715,0.16882994507092819,0.17781359937056529,-0.13002303503516183,0.97543648395942695,-0.94101059690231259,-9.5894515918171699,-0.3932449686135267,,0.0912268623313293,0.4102564102564102,False,5
-0.27351300003628781,-0.90236376540948238,-0.33306196673767791,0.92467799882231283,-0.34202623832667706,0.16729808961869708,-0.26487966570711341,-0.26221687049487008,0.92794454334446308,6.1936483915325669,-10.623060494179731,0.88722732071901278,,0.2514727721296723,0.1176470588235294,False,2
-0.90720370790254079,-0.36180078244135649,-0.2146663135955538,0.37699711396716595,-0.9256198397414761,-0.033182651150758663,-0.18669388963838673,-0.11103200485349918,0.97612360153307609,-21.134518799225589,-8.0916622943122185,-3.5003473957506128,,0.08719027723296924,0.1666666666666667,False,2
-0.057164764829405017,0.99239327190448923,-0.10903111271880993,-0.98999175626681879,-0.042231979317529957,0.13465802035773536,0.12902911371368622,0.11563759683436321,0.98487533932606675,1.705475753584766,-14.401168233018764,0.50320260141854456,0.2182211862992488,0.2199168967540165,0.7142857142857143,True,5
-0.52270003601772419,0.85251149552360128,-0.0029702436234310958,-0.84627523218864853,-0.51844927749432301,0.12259110102149985,0.10297040220917379,0.066592016531466416,0.99245281983737343,11.807624665159809,-9.3552243912219577,1.558104522551909,,0.2722685839747044,0.1818181818181818,False,2
-0.98937855678992614,0.01596521779686846,-0.14448246670437767,-0.022662502212869209,-0.998737674548416,0.044827094831967132,-0.14358440847715581,0.047625300611345588,0.98849145084008938,-11.437669154163874,29.637016539243046,-6.6373303470836547,,0.4404484961647172,0.5,False,3
-0.66115204930411653,-0.7070199136861457,-0.25099962022322253,0.72723289458623719,-0.68617423868486893,0.017240394338959533,-0.18441877543430729,-0.17113665830696623,0.96783364244628056,14.228741537449457,-8.946991411766188,1.9575590917337482,,0.3975379740017575,0.1739130434782609,False,4
-0.86422378313275838,0.50128718355523216,-0.042759937686654217,-0.49919902666901289,-0.86498063746162934,-0.051076693209173296,-0.062590609842162817,-0.022795973761537608,0.99777891295609666,3.2112244829690271,10.256843413062438,-1.8962900549770711,,0.2489789807318041,0.3125,False,1
0.97075088491447137,0.22397995021404032,-0.086462138187109919,-0.16468674742868414,0.88324754706226516,0.43903535829116624,0.1747025891597821,-0.41195479425612708,0.89429986739921907,-22.957117262514473,3.2599602509942045,-5.1483374415969889,,0.1712394592672131,0.375,False,1
-0.98685821320387213,-0.012301647317643383,-0.16111963413977171,0.019524267440039808,-0.99887039047596426,-0.043321426700019955,-0.16040470695397743,-0.045897848573410518,0.98598362941954676,5.2386320371860933,5.3907483462295813,-0.97682860530946569,0.4822220893163913,0.1706450519451126,0.2105263157894737,True,2
0.92254322161622404,0.38077073289716323,-0.062670991845627966,-0.33932087365393671,0.87777838035183475,0.33818110486784747,0.18378070886980108,-0.29072111026870101,0.93899195262336865,2.6276381992211872,-12.134437965336295,0.40966182312971061,0.310030618645778,0.2625559933303773,0.1,True,3
-0.33929536310335101,0.94066604297900491,-0.0051041319326264878,-0.93709194994390455,-0.33752278845393635,0.089090092741053895,0.082081264164822892,0.035010896311003042,0.99601049352534643,0.66044864042077844,-9.474566380789291,-0.13740362872646389,,0.5814953789307618,0.5,False,1
-0.98661350523995839,0.098947684551518006,-0.12962695321582018,-0.080352526144836067,-0.9866620279422943,-0.14156805486741514,-0.14190582377149497,-0.12925710169539351,0.98140477828520922,9.0892562915904236,4.8304671587280916,-0.31707877454336747,,0.6976016217088767,0.2916666666666667,False,1
-0.95261918590632322,-0.24059219456857528,-0.18609697084006946,0.23271642153243019,-0.97047583535570747,0.063401262919450752,-0.19585646221739311,0.017089438355834027,0.98048365478694655,8.3767508814386318,7.2828803095037822,-0.7405688303500858,,0.2893187818676322,0.3043478260869565,False,4
-0.0099799920963975376,-0.88555915934427987,-0.46441939565354973,0.98953337509722405,-0.075610101071918928,0.12290977253494122,-0.14395867228636361,-0.45833185348320132,0.8770449320053112,4.6790635721195226,-3.9858005416156992,-0.039506844790987983,,0.3548666642519543,0.148936170212766,False,1
-0.87581693158949847,0.47863897794957638,-0.062043783963747837,-0.47790593386132973,-0.87799203305741169,-0.027127629233733686,-0.067458288751535173,0.0058922555186992631,0.9977046960917928,-19.581966845156774,6.1086538538832986,-4.9820442531173992,,0.7440820240525363,0.3333333333333333,False,1
0.025136103514559603,0.99849043395238524,0.048836764897790985,-0.98217837079459613,0.015564230943237351,0.18730563968663011,0.18626278276504271,-0.052674548130214965,0.98108693179345707,1.3675711842877811,-2.7318493271498698,-0.65355336295597533,,0.8074982288808157,0.6646706586826348,False,2
-0.49716949485872786,-0.81870861628187286,-0.28729548379279918,0.85197737574880761,-0.52330552463559521,0.01690795960604688,-0.16418600608484429,-0.23636313060984304,0.95769276174262774,27.740776502688188,-7.1060868861282058,4.0457447985609774,,0.2140319382567308,0.1428571428571428,False,4
-0.062711688562127943,-0.96569087987672353,-0.2520086677886435,0.98517518403094784,-0.10029702641739204,0.13917745241747179,-0.15967811649463848,-0.23954463261519593,0.95766448618395372,2.2047185246135501,-17.816939082680964,1.0974253355064481,,0.1262955533162295,0.1428571428571428,False,4
-0.26823460798236343,0.96301689781462818,0.02546860035490045,-0.95736871703319926,-0.26941735868930794,0.10420857202304898,0.10721629879245978,0.003569504218602082,0.99422931153375249,5.1536955831033024,13.158222342953245,-1.9130385684565063,,0.4180792286878388,0.2,False,3
0.87445820884366576,-0.41851397392692763,-0.24529348669261275,0.48046033735258414,0.81698390696290502,0.31889678580172109,0.066938070012281609,-0.39671570348489943,0.91549764903658426,-2.091383006095636,19.719612152021888,-3.8115219164194847,,0.1891134954019937,0.3214285714285715,True,3
-0.76948838204173342,-0.60919988624982002,-0.1917371338473621,0.60835681593954516,-0.79054523475931415,0.070286672273189771,-0.19439551024314655,-0.062559814518161255,0.97892627669542065,-12.95858147976233,19.368186042508732,-5.4948535305129553,0.5039204380788286,0.4644183972533522,0.5161290322580645,True,4
-0.95150467111098169,0.29177356261556309,-0.097504097414437663,-0.29404687440251082,-0.95574379543813526,0.0094991123596733507,-0.090417346278776872,0.037709224867790554,0.99518978986511597,7.5803618148104484,9.7503826323439426,-1.1363195503906667,,0.09601835947612428,0.5384615384615384,False,4
0.91131322558819805,0.40813098137598219,-0.054196927118719221,-0.36352221226043763,0.8594406741041225,0.35946255561425156,0.19328684916804709,-0.30788119419108617,0.93158433016134368,-23.554199890448704,2.5849331341273283,-5.1245652133005546,,0.385265797112745,0.2352941176470588,False,2
-0.13258500959533023,0.99116220850353798,-0.0043233858256702395,-0.98604087193746803,-0.13145418792853017,0.10219195342516291,0.10072047507535986,0.017812156254706807,0.99475530307214444,4.3090244455284541,9.8171449194874647,-1.660933303929272,,0.3130202203369025,0.35,False,4
-0.56249221367751434,0.82679998869622195,0.0020708075951243743,-0.82620593973604606,-0.56217967456642715,0.036575383104794273,0.031404692277520643,0.018862454673576737,0.99932875126588894,-16.69332769170131,-27.736251131447077,-0.13669124818624712,,0.2810141546593958,0.2727272727272727,False,1
-0.45608404106283967,-0.77336571955683964,-0.44033261439748117,0.86811263209067802,-0.49552751240833759,-0.028860742384751392,-0.19587701624331588,-0.39542122889487819,0.89737074069020073,-12.973537215902168,18.483079989262926,-5.3759796487850542,,0.3648123357520543,0.25,False,1
-0.68539960641033315,-0.64930434763469158,-0.32959254189870418,0.69790940897876697,-0.71489597119866288,-0.042967513575141697,-0.20772538696911791,-0.25947565301316672,0.94314503078896739,8.561777904044094,11.46016059840907,-1.2043858423607843,,0.40958760955795,0.2272727272727273,False,3
-0.74458757221873828,-0.56845202694111174,-0.34993090798605675,0.63457104851629886,-0.76544995972961027,-0.10679861204558141,-0.20714471193426492,-0.30157694244832295,0.93066772593723823,-12.955031174347305,-0.72042430841384963,-3.1598931258558975,,0.5342386097286073,0.2695652173913043,False,1
0.66930633258991967,-0.66074760224499418,-0.33976703678038456,0.74293396585093474,0.58973942248046163,0.31663312517393705,-0.0088405622012562857,-0.46434902788732413,0.88560816660646424,4.0055530317371746,-17.373711516522736,1.3438274992132242,,0.3666994825350418,0.1333333333333333,False,4
-0.91585247748897802,0.3764152754148602,-0.13973467684027652,-0.39235294276501032,-0.91292967157973526,0.1123324666022894,-0.085284276281962668,0.15770527950475485,0.98379654250022142,12.941978085409572,2.1052319769919507,0.59127380780291727,,0.1422510474448139,0.4210526315789473,True,3
-0.17735404934590854,-0.88367262584254325,-0.43320691536164557,0.96984678417038139,-0.23170047640065092,0.075578465650471438,-0.16716086986785245,-0.40674018681740121,0.89812007215781942,11.83252369892352,-20.426034844733788,3.0163669207060373,,0.3962508955308913,0.2105263157894737,False,1
0.27018199645399743,-0.91413450514521122,-0.30225782917080918,0.95701477248285216,0.22058885253760685,0.18831697582994128,-0.10547233780344936,-0.34014506411097573,0.93443936203437694,5.2053441686713846,2.6946345943337855,-0.69650062084276365,,0.1925807382333236,0.4166666666666667,False,3
0.91495753959223958,-0.35832341643786836,-0.18562604875288619,0.39437396118286394,0.89147695700061846,0.22302020957270735,0.085567981653489528,-0.27726010237538917,0.95697698830564171,11.517111395850117,-2.7527388277624327,0.86042317423944792,,0.3704902870191566,0.2352941176470588,False,1
-0.22846616350687957,-0.87221570232710732,-0.43248465955046134,0.95798442411970841,-0.28053709686138439,0.059705782204212673,-0.17340431158560735,-0.40067281652068298,0.89966229154327926,-19.661892302515817,13.713592590358331,-5.8921996430841661,,0.2935188575483543,0.3888888888888889,False,1
-0.90846643938559513,-0.37712257414467071,-0.18018682687853632,0.36978799625696102,-0.92616315502062307,0.074017890448908566,-0.19479621745383069,0.00061184372363919798,0.98084354476793978,3.7473000191115911,1.9619107207564772,-0.80379246881740141,0.1736999481155248,0.1219576080215638,0.6643598615916955,True,3
