axis_00,axis_01,axis_02,axis_10,axis_11,axis_12,axis_20,axis_21,axis_22,location_x,location_y,location_z,dbh,dbh_approximation,score,reconstructed,number_clusters
0.070556846396150924,-0.95156311650809644,-0.29924800204517338,0.99563527579803157,0.048807821021929543,0.079549947791734729,-0.061091153313768666,-0.30355466049541963,0.95085353187454869,0.049086828309171326,20.208043102747538,-4.5120593572765326,0.1573315728332517,0.2595685920366607,0.4166666666666667,True,5
-0.5723926072821951,-0.72078141542551666,-0.39094865942458423,0.79668584907014783,-0.60168834876145261,-0.057120826815566406,-0.1940576229372819,-0.34415880366758783,0.91863831666114726,-5.2182327526996719,19.54570580291298,-6.0939224052864613,0.7272477601955025,0.4019964351567425,0.1666666666666667,True,5
0.84100619618325567,0.52945650793481158,-0.11128514809644019,-0.47892366548714732,0.82423648226927371,0.30210320079854902,0.25167578472655383,-0.20077357271774676,0.94675724020491414,4.0076435722758141,-9.1283379993014755,-0.83175186553301694,,0.1032939246172656,0.2727272727272727,True,5
-0.95624720425508014,0.17161298998100447,-0.23693937204298107,-0.17277839566125802,-0.98483076931999025,-0.01599943103104319,-0.23609089424851676,0.025638593377465185,0.97139268691017033,-18.694177114569897,14.578101173292339,-10.120613528471196,,0.07894624787189503,0.1538461538461539,False,1
0.056585140845152149,0.98495100302387073,-0.16330843051662561,-0.99481613503219435,0.069465430097569461,0.074265816503725657,0.084492480820127835,0.15825951997787979,0.98377586117023097,-12.646121146920155,12.982263805294384,-7.8212235429675356,,0.08077411983541108,0.2083333333333333,False,5
-0.90029072876207317,-0.32898494664219491,-0.28503597770787903,0.34504771793090222,-0.93856220446524052,-0.0065620652254682055,-0.26536517491134898,-0.1042587801203283,0.95849435611905887,13.583617296789805,7.0581257224728207,0.65779389974800584,,0.4302484926246601,0.5161290322580645,True,5
-0.0024654406615839172,0.99996555984156554,-0.0079246913559392618,-0.99725514109974711,-0.0018721672867940322,0.074018096029091401,0.074000710486222643,0.0080854264199823889,0.99722541119204322,-15.828211093508866,5.4963991770589624,-8.1679344171854869,,0.3141720439565661,0.25,False,4
0.91549751718603722,0.34930512890098575,-0.19962520619818772,-0.29931659787025872,0.92290081598412288,0.24220581763288693,0.26883800004013031,-0.16198768712253148,0.94946622844370665,0.60366608912652908,13.517120595042531,-3.6196514115578511,,0.1131450768030532,0.4285714285714285,False,6
-0.62451946998603891,0.77185609142614953,-0.11922082761290456,-0.77507591294418077,-0.63129188819979021,-0.026979271059266265,-0.096087256085824121,0.075556111741490198,0.99250114014866786,-8.9024589108252155,-14.499159524247853,-4.1516078554184155,,0.5537671869802276,0.5423728813559322,False,4
0.43087408935114779,-0.80857943844002178,-0.40068293057957893,0.89937345585603634,0.42117844996750342,0.11720110999706032,0.073992607923973469,-0.41086251351880698,0.9086897649680109,0.54035557013948377,18.046568127278178,-4.18533825998853,,0.163142277076969,0.2142857142857143,False,4
-0.87644308388993075,0.41141059076759845,-0.25017762990675901,-0.40173135085116102,-0.91121577426067191,-0.091091901296577765,-0.26544197566475608,0.020667330325414346,0.96390529566571581,-36.93173513322548,2.0951975731496519,-14.862128229033937,,0.1996370051101966,0.375,False,2
-0.25257696375066335,-0.9179987216871075,-0.30575026469871108,0.95819358974336821,-0.28121213421702906,0.052771016134055167,-0.13442440982653855,-0.27963920066746623,0.95064819754357421,-16.434861516033514,3.7629547712740701,-8.1821454114099783,,0.1831303992270364,0.4142857142857143,True,8
-0.85902811037133564,-0.38841048929897587,-0.33347863109108455,0.44461497054131333,-0.88895056189864086,-0.10992918843800786,-0.25374836662016309,-0.2427018547572764,0.93632663965892715,-7.3231422152084322,7.2698225659294611,-5.5545141946506886,,0.08105602636987017,0.2592592592592592,False,5
0.83557160872722513,-0.4765488155226052,-0.27335199489485834,0.52133210750624936,0.84474662920373988,0.12089651000757154,0.17330008762862462,-0.24352486294610776,0.95428649825667633,5.0537850420307837,-7.5375328901132557,-0.63616761812035272,,0.1473055430351236,0.1212121212121212,False,5
0.22341778946434429,-0.91176525977618827,-0.34462820896747087,0.97467508527478186,0.20547946056658561,0.088242106898363218,-0.0096420690447198351,-0.35561538542437365,0.93458264918305189,-15.591454659654808,-14.87948502871709,-6.1128714816459384,,0.6529765692496616,0.1224489795918367,False,1
-0.91930505688480613,-0.21260106402687431,-0.33117819970623724,0.2962710909764496,-0.92778143093258625,-0.22681502831229416,-0.25903986766065129,-0.30663072903954586,0.91590171032214418,-14.912387956136017,-15.433306362659479,-5.8961606422333679,,0.1689427906218459,0.2,False,1
-0.95775164203442986,-0.064203827037542349,-0.28033847537233714,0.083026609696866316,-0.99498506323964575,-0.055779082210461441,-0.27535136510029762,-0.076698060755996583,0.95827920420599333,-1.8591204446665353,-15.707164209081808,-1.9748519280715373,,0.1333197927130416,0.3333333333333333,False,9
-0.89658866363177103,0.39809861785853745,-0.19402643816273904,-0.38894918083944185,-0.91734241538489225,-0.084861225893455933,-0.21177181817070029,-0.00061918893337546688,0.97731894161207289,-18.615711413797964,11.175373180675068,-9.6161484897040488,,0.1550612484074332,0.2380952380952381,False,3
-0.58920309356272227,-0.7501910145533498,-0.30008858062167904,0.78051508082334631,-0.62448010413075461,0.028649749600425933,-0.2088921327945194,-0.21734314166372481,0.95348100957926762,3.1188986604384819,18.371586704561068,-3.3325547555055155,,0.07157939100546064,0.36,False,5
0.44422259500058303,-0.81412079925350556,-0.37399680521868217,0.89439204496288949,0.42732047103824622,0.13213661467871529,0.052241324619958354,-0.39319783729629582,0.91796857503264617,-10.377580341575701,5.4257910236109783,-6.3514792216060858,,0.08157564394438818,0.2061855670103093,False,5
0.2387825252798233,-0.92728362492293714,-0.28831924072244669,0.97106325616355549,0.2266778111108515,0.075188579445460091,-0.0043655641128855505,-0.29792993958273262,0.95457775636676434,-11.179129908936243,4.8803277940189345,-6.5990934416317906,0.4446979868156935,0.3440889421210364,0.9783080260303688,True,5
-0.92931769745767046,0.33321577089043108,-0.15917244492018795,-0.32346971525915236,-0.94246480049629211,-0.084424185726885426,-0.17814589667499303,-0.026969424454011542,0.98363442886190333,-23.187607203488863,13.461911533705079,-11.309678019786139,,0.380014584194037,0.2222222222222222,False,2
-0.27033601888135272,-0.91811585322874001,-0.28979599194164857,0.95358197398209132,-0.29681626231245967,0.050808713064582241,-0.13266444810799496,-0.26260880883345139,0.9557388543589076,10.335194455817112,12.079827407949775,-0.67161022369343693,0.3028226911628873,0.147324804347137,0.5625,True,5
0.10614752333768815,0.9735862776755152,-0.20214465912115953,-0.98971577048131609,0.12305160347603437,0.072945161200397138,0.09589263240651015,0.19232280884989089,0.97663531589137109,4.1170793640008663,-5.5239101660873544,-1.0714605048084023,,0.0704308393864463,0.12,False,5
0.96745275955188081,0.049997503740572019,-0.24806331380347449,-0.020329236776236888,0.99247474636240096,0.12075015513440232,0.2522337807819271,-0.11177713295928651,0.96118884324562126,-16.480590268994391,6.1217688950426741,-8.4330016143453683,,0.07410202223635434,0.2884615384615384,False,5
0.15347709750400973,-0.88131521820967829,-0.44690968516443208,0.98755348351803796,0.12105904700490716,0.10041326769731035,-0.034393280348532576,-0.45675835327916092,0.88892570498134227,-18.977330824846472,3.7503614997874237,-9.0813640204442212,,0.3023748017051063,0.3714285714285714,False,4
0.83067103262186448,-0.43010820435335728,-0.35354288015862612,0.51974872713202325,0.82670969967390495,0.21543521789559819,0.19961687355423519,-0.36270925686148825,0.91027199164833139,-19.54688415136204,6.3384539693639654,-9.4766152712899405,,0.2599231860884558,0.4,False,5
-0.13154914639682105,0.99129437617615079,0.0055028941298184419,-0.99124191159512387,-0.13160302425681508,0.01095977662658626,0.011588562443730945,-0.0040129500366194171,0.9999247978985677,-14.276436516435945,-15.439307594922649,-5.643141017435104,,0.1134663183253949,0.2702702702702703,False,3
0.51618633241612588,-0.76263381566008104,-0.38979652825356759,0.85074082763872805,0.50913275966750082,0.13047558094113418,0.098953091994946951,-0.39896553265301049,0.91161109544560659,-20.228837070878537,18.157258312192219,-11.045915054856167,0.1922547549905499,0.273001589326009,0.4545454545454545,True,3
0.91233366163703011,0.33726611235653225,-0.23216127864025632,-0.31731699155397891,0.94073969599451635,0.11966098466616248,0.25876092578884435,-0.035502025802121376,0.96528875962006522,-4.3806732964280783,-5.2301365290615003,-3.6124722517882106,0.3315337692755701,0.2214801880854312,0.8108108108108109,True,5
-0.68639350566185542,-0.66241301748389592,-0.30012155812788399,0.69465298560790534,-0.71934429531291322,-0.0010071677080325664,-0.21522356973912599,-0.20917164977273695,0.95390043293841698,3.8751231193448286,11.269238402776301,-2.5631670269390421,,0.1774155125127229,0.6666666666666666,True,5
-0.83618340705028082,-0.47646923543534864,-0.27161439110886504,0.48697988594183511,-0.87282944855873745,0.031927173641406938,-0.25228535522670059,-0.10557377236939844,0.96187643599676198,-0.16254348609468727,8.7794168978352563,-3.5904824543578013,,0.07137289013935177,0.3292682926829268,False,5
0.92530119735082705,-0.23116830560892487,-0.3006308511497498,0.31693192581787943,0.9067100220760258,0.27826442507848781,0.20825909002608867,-0.35275792032042297,0.91224448536163483,5.4259238187587151,3.9499721271064985,-1.4150038132749938,,0.547825645887476,0.2119565217391304,False,5
0.95121315494628644,0.19321430752273883,-0.24054472603996024,-0.15939003766611354,0.97527465610075248,0.15308220360431291,0.26417484692893445,-0.10727337291269408,0.95849051832243326,0.28705453406776749,11.808732548277829,-3.7284110957145082,,0.07550660498277986,0.2142857142857143,False,5
-0.051173608052719963,0.98186193357038321,-0.18256068920853219,-0.99712500730897768,-0.040003564886464157,0.064353978862575753,0.05588364374248507,0.18532905385233628,0.98108621443798716,-12.911519494498634,-7.2919671971525863,-6.0983902649218162,,0.429019249700418,0.4428571428571428,False,1
-0.70697068775287064,0.66940933910176292,-0.22821828012141177,-0.69433181920429454,-0.7183125403130366,0.043936536839946527,-0.13452052445143459,0.1895210572795914,0.97261811485749006,-8.5277892533053716,-4.1867391717235369,-4.9283345193205506,,0.0765547401055888,0.3149606299212598,False,3
0.93875262036170082,0.27817600665700132,-0.20337558133759098,-0.22629340774718895,0.94275512718654009,0.24495726928110081,0.25987460702077764,-0.18393172506083125,0.9479632425057114,-9.1102397128376875,12.356319606808672,-6.5694022790230235,,0.08128025938961234,0.3478260869565217,False,3
0.56003264397167696,0.82751882027966372,-0.039699367363304733,-0.80809827815379598,0.5561950686067153,0.19396963293887279,0.18259411417393187,-0.076548335974891024,0.98020392864368389,-18.21074263272271,10.234194987312515,-9.4576751230327272,,0.4072473652521917,0.21875,False,3
0.96217388797026726,0.11902492347464469,-0.24506014955523722,-0.095351803477840003,0.98974740564746377,0.10633958147199082,0.25520470779690502,-0.078950241329395321,0.96365835051242466,0.19193154967905524,-5.3658613181280765,-2.2009850178793671,0.1742849108043626,0.1153770649793358,0.4195804195804196,True,4
-0.76403179295382972,0.62957357501789601,-0.14104089121578084,-0.623880663957467,-0.7766457849325058,-0.08714494756761243,-0.1644029698507492,0.021411174319903914,0.98616085154425792,-18.431753623518333,17.460829245244938,-10.393157602042399,,0.5057461156862814,0.5666666666666667,False,3
-0.9419585563903905,0.26742704329601119,-0.20297008291096852,-0.24346957228622904,-0.96039963921252469,-0.13548099634713806,-0.23116367667454318,-0.078200444464248065,0.96976700555953232,-8.8512217345505881,-7.5951457098947204,-4.7618107538184198,0.3806473765409948,0.1335183240090512,0.3709677419354839,True,3
-0.47413297470680943,-0.80971246146969911,-0.34577977389713394,0.8612805801762814,-0.50805476624525192,0.008724488907109737,-0.18273938958768537,-0.29367683639702252,0.93827513622442149,-31.036287148853347,6.1589525876627205,-13.265834486205261,,0.2373058124608396,0.2352941176470588,False,1
-0.80124165046986651,0.56035174084150641,-0.20980406118142236,-0.57551017062399756,-0.817674780578724,0.013999882637836296,-0.1637066310833564,0.13196166011925234,0.97764321671963195,3.403784541488263,-11.705800094071,-0.77859379104112902,,0.1481854607278967,0.4693877551020408,False,5
-0.14131020783626294,-0.92990788340853103,-0.3395625914848962,0.98438813079397114,-0.16834778467750319,0.051371503249649682,-0.1049353758902305,-0.32700206691830452,0.93917954360065437,-12.512174178496839,-17.408792964880405,-4.9658796244692551,,0.1173094812665122,0.3461538461538461,False,1
-0.96923009045425679,-0.014895387321418988,-0.24570543175635565,0.015616111504881255,-0.9998775758380003,-0.00098508770677603608,-0.24566067821183621,-0.0047917400668061804,0.96934404130196827,14.336962924854239,-6.3035042586754111,1.966489710945494,,0.1745720127612015,0.5238095238095238,True,4
-0.64748248659474605,-0.68774486804158752,-0.32828863220578397,0.72916299429739551,-0.68432523579593552,-0.0045054855558240986,-0.22155757107429475,-0.24229314504396757,0.944566712606559,-8.1825986210234856,20.784948213461099,-7.2077448655514358,,0.138055651586749,0.2666666666666667,False,5
0.12699705083430193,0.98516412423662392,-0.11542702195099799,-0.98342905428527638,0.14023533491507326,0.11489711061999994,0.1293794584428184,0.098922692838113391,0.98664849697078016,8.2571193992845426,-6.0916898503761825,0.11365094207031694,,0.2267123851234905,0.32,False,5
0.92335190226997432,-0.22271670325616075,-0.31275954768020703,0.30518420887739645,0.92001249667871798,0.24584467577490812,0.23298897661970655,-0.32245042416734276,0.91746490980745565,-0.8249214200833962,19.434975379503285,-4.6816974152793369,,0.2184387460270755,0.5,False,2
-0.056004142856323019,0.99647325976095913,-0.062486627083698759,-0.99784030987399253,-0.053709668543843604,0.03781517546548302,0.034325675135434303,0.064469481821084446,0.99732915025091784,-11.479799352421045,-12.238310741858134,-5.1334541402183556,,0.4045036878884837,0.7526881720430108,True,3
-0.11203486299506038,-0.95006300320599724,-0.29125329081897217,0.98933651837353476,-0.13409431503326538,0.056850400951032679,-0.09306687319455767,-0.28177828982191316,0.9549552620404933,-22.547101043167327,10.616833144028375,-10.972100066859239,0.1728951503596711,0.1386521011208075,0.4736842105263158,True,3
0.91896243502003172,0.31355613091402451,-0.23914555356159134,-0.29210000757210458,0.94865409719027805,0.12137952652928519,0.26492570392173981,-0.041688807254754531,0.96336722735997471,7.2501972786165165,8.4421025043080569,-1.3149565934924143,,0.2187771073596136,0.7023809523809523,True,5
-0.5945699296142235,-0.70649049460221391,-0.3838720878564314,0.77054481726390811,-0.63703805123797086,-0.021052455026853885,-0.2296677674081995,-0.3083078044935722,0.92314625834809394,-22.550276986925169,4.749081753820465,-10.346008926276481,,0.1902577156735101,0.2222222222222222,False,2
-0.51125297471454312,-0.77845485368466216,-0.36418187299798932,0.83770050811329522,-0.54605945467931738,-0.0087710126014688694,-0.19203711764203163,-0.30955954633982669,0.93128654705070379,-7.5688912610236461,-15.664433919386802,-3.6382728049198962,,0.101863003068542,0.3809523809523809,False,5
0.96872544478663414,0.073301053592322946,-0.2370611063949411,-0.018777274213413412,0.97428728710911883,0.22452549109325673,0.24742357728408276,-0.21305219482513968,0.94519327953817922,-11.404116633061866,-4.9352563593220804,-5.8024604093619416,,0.3766250153858826,0.1923076923076923,False,2
-0.85686020155823506,-0.44414159578465051,-0.26178013270575934,0.44859461872505318,-0.89255182212946715,0.045979483079869106,-0.25407373543226569,-0.078035169681573896,0.96403166403197715,-8.5457369013901072,16.377053470862812,-6.8883629523017742,0.1448455059374507,0.1147095547707746,0.3142857142857143,True,5
0.4868505088184783,-0.82756740436467902,-0.2794794684700414,0.87099885378131559,0.48406917295284285,0.083892982474013569,0.065860297409162175,-0.28426963789659065,0.95647958378384534,-8.2382985498292562,-3.1513192797113296,-4.9904262652445466,0.5732316773534757,0.4223066618952824,0.9862745098039216,True,3
-0.93862647476973438,-0.22942439499942927,-0.25757481988829201,0.24571344523798413,-0.96879804255327218,-0.032484697539410835,-0.2420851992390704,-0.093780593536683776,0.96571214996254739,5.719746136980925,-10.23575978472309,-0.23900396272835955,,0.1755683056736413,0.3548387096774194,False,5
0.89484334760314954,0.37389570660233812,-0.2438388480835777,-0.36245915017714608,0.92745080338911234,0.091969406574958903,0.26053550180973201,0.0060834099999365066,0.96544510171191122,11.714246668037426,-5.7325460670934474,1.1390287487343496,,0.1249860887921243,0.2857142857142857,True,5
-0.091343714144112964,-0.90109314007542873,-0.4238955989337006,0.98909331565583136,-0.13148775008611643,0.066373070610325546,-0.11554539718790557,-0.41320954065255233,0.90327578108924966,-20.93356637919819,21.920667562812582,-11.456455101737332,,0.4315697257173354,0.2558139534883721,False,5
0.95144559558769459,-0.12849873768143399,-0.27971298334374406,0.20302075208538337,0.94499509840677098,0.25645045956259166,0.23137383788895607,-0.30078620048376087,0.92519933459718817,-11.757827718931608,9.847448388462956,-7.243880830627937,,0.1959282123578444,0.2105263157894737,False,3
-0.063802802063836206,0.99484856044117931,-0.078775276812694334,-0.99656187784422057,-0.059333781133926594,0.057826689719822535,0.052854763989675257,0.082193942626357708,0.99521381105726781,0.35375039868387398,10.323506353177198,-3.4972768132232375,,0.07489197464613409,0.3928571428571428,False,5
0.94535660054777915,-0.16525278073666622,-0.2810558952584814,0.23048579212652368,0.94843166225929965,0.2176090109620247,0.23060181575294691,-0.27049750550210444,0.93469455015453184,2.8682339602973621,10.600093138680462,-2.8015164956705383,0.7551839303352116,0.4927871191993327,0.2352941176470588,True,3
-0.90321956238216417,0.378890858000135,-0.20158407639020645,-0.36680056147388501,-0.92535601712263027,-0.095778858196283359,-0.22282677180404878,-0.012568185981388036,0.97477703628497647,-26.124728559501385,16.952071365783265,-12.72564561545515,,0.4640063906019356,0.2631578947368421,False,3
-0.46907142338040597,0.85673767703964787,-0.21441210905307881,-0.88090928682713721,-0.47120039173657441,0.044373631911355682,-0.063014507453328539,0.20969202075426777,0.97573481452821365,-5.4828403416537927,-14.748951804252053,-3.1078529543551285,,0.2799914030491243,0.925,True,5
0.48260787839812336,-0.7892367094143935,-0.37973023611611745,0.87524093191936958,0.4505802114132676,0.17587149904315924,0.032294686884610596,-0.41723241676014972,0.90822583293116543,-7.6576984589936536,12.789308760474203,-6.2046054095633956,,0.0915467420379216,0.3636363636363636,False,2
0.79272207966327779,-0.5444973257876824,-0.27407000314589636,0.58625734087433679,0.80417037351481191,0.098042545009811119,0.16701507322778042,-0.23839604143339221,0.95669916522572995,-13.59980777294605,7.2648438970472569,-7.6703299070673605,,0.07572013002185946,0.2769230769230769,False,5
0.79107996362423705,-0.55491190466358831,-0.25742041336091803,0.58936459335265534,0.80411428674743779,0.077779109990536457,0.16383487801605784,-0.21324397274316886,0.96316412974849486,-3.5011264906966422,-2.6055226217418861,-3.5511621182906792,,0.0818202897560017,0.3254593175853018,False,5
0.55004572501496463,0.81721932005829157,-0.17205314096588181,-0.80736676252614292,0.57303312199133882,0.14068387209952019,0.21356172681643268,0.061527424977184969,0.9749901357525933,-9.831406159549223,13.039754790669956,-6.8904763642352878,,0.08152958838362584,0.2,False,3
-0.86467695850954629,-0.42818077265411447,-0.26266896153144031,0.43316658363325661,-0.90034715523005471,0.041733809946370604,-0.25436286727070206,-0.077693152841626131,0.96398304225507736,-2.3144425010328602,-16.89444779127173,-2.011598866359054,,0.1087046591150896,0.24,False,1
-0.48004960766321197,0.86687897309606066,-0.13443667723622282,-0.87491430716898622,-0.48427561824443011,0.0014424579675562862,-0.063853968501649316,0.11831302370362667,0.99092113668479997,-20.497198234202354,16.751949944613592,-10.958341517625428,,0.115194391230687,0.4210526315789473,False,1
-0.79911874408679895,0.59386558105917409,-0.093450010606671574,-0.57561263614082037,-0.80068619272322339,-0.16604732427053565,-0.17343392391384355,-0.078900522277349866,0.98167987736339402,3.0834051918973988,14.385336599967898,-2.9847661941158279,,0.5011592588269471,0.4888888888888889,False,2
-0.96748471240698342,-0.068058787899190717,-0.24360076487661447,0.065229695387897579,-0.99767636639361534,0.019671166189031863,-0.24437352168019502,0.0031415488739450319,0.96967608641870384,-13.928119705292566,12.474819967306678,-8.1976504373417285,0.186201957071989,0.1213866784849172,0.6111111111111112,True,5
0.84209293899070048,-0.45378247101652519,-0.29148061873843784,0.50711707350689106,0.85018438733715762,0.14148774252899057,0.18360761383943902,-0.26696062729601144,0.94605510812738025,-8.1758354422648498,4.3778237900737631,-5.6232963575244463,,0.07006154695262065,0.2080536912751678,False,5
0.61380820583230633,-0.73766411450112646,-0.28123147162114631,0.7823912037681986,0.61595692198168461,0.091984099326998484,0.10537310244590682,-0.27649362459217613,0.95522132767270573,-1.8095874569484982,-4.4928664142087875,-2.8722698096503061,,0.06651165049133735,0.2797619047619048,False,5
0.60795894550095386,0.78365521911202729,-0.12755554924756893,-0.76543150299719442,0.62117935386782275,0.1680798160036184,0.21095149870248497,-0.0045505919213548185,0.9774859371409601,-10.059357370781518,-4.6749338132900498,-5.4379475546475486,,0.1118080451723753,0.3940886699507389,False,3
0.61948135400155724,0.7776535849023799,-0.10722758009427552,-0.74670593970391652,0.62587787503289871,0.22518242639067954,0.24222529111405333,-0.059428843441381246,0.96839822434364864,8.8652914264012175,6.3684483350515331,-0.64751463444415103,,0.4226913194174958,0.25,False,4
0.063502572472282776,-0.91155017806233052,-0.40625570293096913,0.99659198628413059,0.036446836525322365,0.074000276901826936,-0.052648230394317146,-0.4095703858701577,0.91075807043062573,-9.7505891367584674,-12.188182731937216,-4.5796033370860121,,0.4160239207272004,0.2333333333333333,False,1
-0.32691428828128177,-0.89440672827113243,-0.30522721461375751,0.93338709601692471,-0.35616732001749901,0.043970093707490707,-0.14803910668007983,-0.27052069158362407,0.95126388469156253,-25.628821752251891,3.1154213693081583,-11.155379547887042,0.7333417806684106,0.2819457374776678,0.7796610169491526,True,4
0.45572875011390046,0.87385099601720606,-0.1693981790910376,-0.87364026607467815,0.47556676625266264,0.10290255744611394,0.17048164655641862,0.10109741636521874,0.98016086465012986,-6.839158054476921,13.474085330734347,-6.0247444929645875,,0.07590556227679159,0.2432432432432433,False,5
-0.68836569062621122,-0.67549382726087037,-0.26431187128307482,0.68856299488830874,-0.72310680610323785,0.054749877055725787,-0.22810891705310868,-0.14430743674404234,0.96288196870707998,-17.42930620097291,5.3237938505892695,-8.6706364103604159,0.334590011925792,0.2602130466559009,0.8823529411764706,True,5
-0.14438134869716709,0.96351678779665706,-0.2253650944188054,-0.98888126354289696,-0.13230039337004398,0.067900313165206991,0.035607200987842258,0.23266285811908544,0.97190540778908507,-0.95189145899434124,-4.2269037607918172,-2.6503678752066011,0.406883571384311,0.3365339425670503,0.9553488372093023,True,4
-0.65674619385133048,0.72743497035795079,-0.19880342241047549,-0.74324690855987618,-0.66897531362751983,0.0074875011284131696,-0.12754791169586988,0.15267741698525217,0.98001078390226593,-5.3680355041045384,15.240658898919573,-5.7143166102566072,,0.1351870687990511,0.5185185185185185,False,4
0.96727828246416903,-0.026861386724443437,-0.25229187497105277,0.052724077572119582,0.99395336352292829,0.096316575861211839,0.24817916092480161,-0.10646678845865201,0.96284574415529511,3.979902877193616,20.669629137880918,-3.2917859107297098,0.6303470397638067,0.6566755975910853,0.8899082568807339,True,5
-0.35469731740583887,-0.85730287477860034,-0.37312409989365475,0.92379422467877692,-0.38288614103475771,0.0015599530922267152,-0.14420139900583456,-0.34413657739313341,0.92778013161788553,14.719222933182111,3.294370007122899,1.2840187034001209,,0.2999487964661547,0.2954545454545455,False,3
-0.014504907933160081,-0.94344499706276497,-0.33121163198639436,0.99726086812256165,-0.037677275116155456,0.063648910841087897,-0.072528398281540563,-0.32938117805524603,0.94140728220343239,-10.171360840972726,8.3611062825044833,-6.5686857250698036,,0.07024848748524358,0.16,False,2
-0.38023742647249281,0.90426825292312185,-0.1942123226392688,-0.92416307560111388,-0.37978565140137571,0.04105445999062135,-0.036634808653307517,0.19509429962199437,0.98010004848991716,23.370052773936884,1.2144477638446869,3.92208193705796,,0.1641587729704504,0.76,False,4
0.91437073355024567,-0.29534460354347414,-0.27694354439945651,0.34624767077909263,0.92494965148367758,0.1567823099085992,0.2098540257103465,-0.23924821290444592,0.94800927237827681,-1.3959957927111306,7.7569535138300854,-3.8412234833239332,,0.09596330640790483,0.3125,False,5
-0.45101910896926428,0.88751683097769085,-0.094316690335747411,-0.89126993963416201,-0.45344671107876749,-0.0048964187287591845,-0.04711324706586742,0.081853252489850287,0.99553020396557779,-8.8248764723758129,11.862732653981062,-6.4021477468892618,,0.2637207352647806,0.2222222222222222,False,5
-0.60977812602676795,0.78562756460128302,-0.10468985986207219,-0.78575983071268707,-0.61652114084721488,-0.049831429106720337,-0.103692456127014,0.051874971104625106,0.99325568808602438,-9.444376597927409,-13.137458240661745,-4.4126439987527295,,0.1435252260088258,0.4210526315789473,False,1
-0.84059228523354357,0.49859800359116974,-0.21167106750982276,-0.50992571363380346,-0.8602175429931509,-0.0012431017181396067,-0.18270297365096244,0.10689157844154676,0.97734017306021426,-12.162918362719052,-22.35868479198712,-4.3972697757801367,,0.1675230719544154,0.5714285714285714,False,1
0.10264746901351758,-0.95222463923424006,-0.28763124576502808,0.99369104788197382,0.085026325659130542,0.073134296360419113,-0.045184050995291339,-0.29332364442732967,0.95494483670813457,-15.099069144985226,10.171587932076914,-8.3991645679660341,0.1660313462397539,0.1156138866788171,0.3392857142857143,True,5
0.086158666948474794,-0.95681391107384695,-0.27763973722295116,0.99499643548796601,0.068489519109306299,0.07274117911070932,-0.050584359993006936,-0.2825178319110912,0.95792739661017778,-21.722391250781296,13.050985815529058,-10.905130514439314,,0.08336922250498946,0.3529411764705883,False,2
-0.58721567530775509,-0.72092004769384543,-0.3680380897488234,0.77733017919050096,-0.62904099547612602,-0.0080757990360287094,-0.22568904092251182,-0.29082935003797361,0.92977564281065606,-22.511666589059736,7.0495470480111084,-10.531512607535419,0.2995445714511663,0.3313514347426204,0.3333333333333333,True,5
0.70125189011620959,-0.59191273077585582,-0.39734758808115866,0.69885410305511098,0.68089266265167947,0.21906191953450854,0.14088551824613116,-0.43130557739562875,0.8911379072040102,-1.8088794371470376,12.605583403898459,-4.3997447128448925,,0.3355018655656302,0.3333333333333333,False,4
0.85105706960558447,0.47468213375775281,-0.22445207988687071,-0.45719254097367673,0.88013575785712739,0.12781247286275538,0.25821859877318709,-0.0061578918833147117,0.96606688982449085,-7.2181734232899242,11.759208178358527,-5.9136607968414916,0.1457984384976248,0.1155834956463422,0.4565217391304348,True,5
0.86532888239710393,0.44464439713318321,-0.23129480190321494,-0.43074699496886826,0.89569771393753439,0.11037495899145294,0.25624783240969895,0.004118900963029401,0.96660233966206999,-17.881985180846094,11.823961014385974,-9.5160726643965585,0.2365869000987258,0.2296325495221264,0.8478260869565217,True,5
-0.84778465279991677,0.47286776695955729,-0.24011925671966985,-0.4966421112235388,-0.86669858463063343,0.046692362958870248,-0.18603170653507148,0.15883840332217725,0.9696198047656156,9.5904659864129798,3.0280103212023644,-0.15535685626472925,0.3150492287498851,0.2764929462090492,0.8870967741935484,True,5
0.93058875313665235,0.28921414614979191,-0.22440978187774838,-0.26126522933198976,0.95412590701972944,0.14623348965227473,0.25640798052649338,-0.077452767675700099,0.96346043836874806,0.57097812775414047,-2.4678737865068552,-2.3614019965706667,0.2258440076053344,0.09963781379886047,0.3982683982683983,True,5
-0.71876495995749534,-0.58256746786236946,-0.37946288056373478,0.66336963533282145,-0.73803556895007461,-0.12346750942227207,-0.20812894862488404,-0.34046827216785769,0.91693167487623295,-11.558880482512631,-14.312379971294781,-4.9240019091903973,,0.4015208793777589,0.2941176470588235,False,3
0.96117641554662558,0.11452891426237846,-0.25104387264942662,-0.060459838273926578,0.97509951448002663,0.21336715964905953,0.26922946746749588,-0.18990540976680315,0.94416705576315862,-13.630997912012756,14.598911484624598,-8.3732483882442867,,0.1492432924919813,0.3225806451612903,False,5
-0.41083340331968743,0.87940521754758749,-0.24054599989782141,-0.91067217976384141,-0.40841277766148315,0.062250976273506418,-0.04349822664127552,0.24463333050283972,0.96863947776567094,-3.3322640114938924,2.3390132820543004,-3.9431571575052864,0.0880427028013961,0.09341409931555898,0.5877659574468085,True,5
-0.56472135570762272,0.81305587243299171,-0.14152716597872839,-0.82130647769088783,-0.57048718541862853,-0.00020242558477131384,-0.08090401788990885,0.11612286413690118,0.9899343515172665,-10.323710425036674,9.8654846821025117,-6.7715174586411173,0.6375406355308847,0.363296668896338,0.2075471698113208,True,4
0.64883004109436537,0.74997095136387004,-0.12869790162957168,-0.70972061094155214,0.65744281625734391,0.25311182855876363,0.27443802975942111,-0.072887004753817208,0.95883849127983112,2.2586567816324843,13.466289657040212,-3.2130099978677706,,0.2406531153057404,0.2941176470588235,False,2
0.47875328819133023,-0.77894951816779923,-0.40500979888410349,0.87533944217635007,0.45904983076024453,0.1518358121438626,0.067647246923910137,-0.42721294576024238,0.90161685263667901,-7.8257971267013513,26.00519642866751,-7.7457547938540667,,0.2156991735529745,0.4545454545454545,False,5
0.8216206581533807,0.52532313185071489,-0.22130318849524483,-0.50842018585934046,0.8508940572626934,0.13224302600056359,0.25777588852792116,0.0038614061672393452,0.96619701967872562,-2.3363045294725153,10.762639927443777,-4.3165874334098158,,0.07736519783303739,0.2916666666666667,False,5
-0.2938815195939869,-0.83010776260937547,-0.47387208706230666,0.94400887169040815,-0.32983105272003854,-0.0076633433561541855,-0.14993632852291777,-0.44959156922394389,0.88056034334497479,-17.623736385778709,32.035580949184279,-11.420446320023984,,0.2980441347561769,0.3529411764705883,False,4
-0.87366101437890598,-0.3527107693804904,-0.33512914692316043,0.42889866481107691,-0.88352269600585653,-0.18823809647842143,-0.22970060356407046,-0.30819272996871061,0.92317651287104185,-6.8752708500609598,-11.8106350685427,-3.81579187543525,,0.5332119971623691,0.2463768115942029,False,3
0.50403800697529344,0.85680404029413304,-0.10877740601808553,-0.84270142235411449,0.51546943889366559,0.15538844979277391,0.18920888004194175,0.013345190230901499,0.98184617207125413,-16.486955710589456,15.246626928439767,-9.4694715438623103,,0.09898946981920476,0.2272727272727273,False,1
-0.87315472446093934,0.44491122037083097,-0.19913521320871092,-0.44649875670577965,-0.8939153749806853,-0.039422869420340477,-0.19554970573164715,0.054491360427852797,0.97917873967268509,-10.563432551393818,19.466555752488699,-7.9468619610808853,,0.1055627322042605,0.3076923076923077,False,1
-0.89791871510179477,0.36397333452553354,-0.24751846966298785,-0.38721776031700644,-0.92057636057135306,0.051005592362846561,-0.20929497644478876,0.14164242341744809,0.96753968224740461,5.5520974838212469,14.505226382827628,-2.2879374168669413,0.2796112237682413,0.2676213434666778,0.8518518518518519,True,5
0.53557672580637017,-0.79345722424513287,-0.28910759946383024,0.84044901932490002,0.53424461475844165,0.090709081780267181,0.0824804018560963,-0.29156187146952983,0.95298932754509025,-16.227779460590178,2.1534566001469959,-7.9989936894156841,0.3639338663797769,0.334796433425179,0.9177330895795247,True,5
-0.87411724511472555,0.44458196738880379,-0.19561675814137977,-0.43194885999258686,-0.89570477598775478,-0.10551367979475416,-0.22212434388005955,-0.0077348914294932403,0.97498766520937397,-12.564533150876782,-19.935620890637985,-4.7987015111255866,,0.2775206543570282,0.8181818181818182,False,3
0.89925434534151549,0.36770749047383111,-0.23692366668157278,-0.35338506939499303,0.9299076016008605,0.10193549535678124,0.25779956383419184,-0.007940650752541592,0.96616578854383339,3.9269009520478364,-4.020324418012942,-1.2197167332892536,,0.06790138491494908,0.1276595744680851,False,1
0.41115786479246291,0.88194899376568014,-0.23046731355011685,-0.89253205957414306,0.44088805750666366,0.094890691747607364,0.18529903629442179,0.16668441181977961,0.96844234418196162,-23.322817482820092,10.291260710430329,-11.161667777614477,,0.1138993171618382,0.2631578947368421,False,3
-0.31712901029841001,-0.84030279962630949,-0.43968215311442554,0.93749193036175282,-0.34781871234760048,-0.011446564875586762,-0.1433110998274203,-0.41582850825916617,0.898080497720116,-8.8946709399550308,6.653772208110289,-6.0575131985057755,0.8255648969936422,0.3649521178380926,0.5525114155251142,True,5
-0.13491182700003471,0.9816114529472364,-0.13504723017644363,-0.99066299312741768,-0.13092549119966163,0.038017756403477238,0.019637540155006725,0.1389153382349983,0.99010953728348539,1.3514301622649563,-11.379952553212785,-1.4062005586790174,,0.1088542173284513,0.2,False,5
0.18113873893663199,-0.8839426646523576,-0.43108482096188444,0.98313704841869953,0.15156658477434568,0.10231869040606525,-0.025105801780023806,-0.4423493370483722,0.89649136232863458,-7.1560028895764534,15.523262602956738,-6.3816650198477927,,0.111165754101247,0.1111111111111111,False,5
0.065809864583505989,-0.93745573794225801,-0.34182715094421312,0.99647415682735618,0.043877147941435594,0.071512590945477378,-0.052041488244576634,-0.34532815594396971,0.9370379651933145,-16.972475816850164,-16.651626142443522,-6.3928758339397822,,0.09445123680945011,0.3888888888888889,False,1
-0.64008462184154535,0.74190781349150769,-0.19966089542576268,-0.76003455655586538,-0.64946664673930077,0.023249679871728088,-0.11242397307912497,0.16663094266509854,0.97958918900917147,-4.0021851334388812,-16.52936420245355,-2.4971227502429825,,0.1136392006498466,0.25,False,2
0.083368714014805084,0.99634773046695257,0.018462326962536579,-0.99321763295419574,0.08157151631097001,0.08285421724688713,0.081045611308588769,-0.025244558227133257,0.99639064686875423,-26.063390297337641,6.4377826576811845,-11.70874448707054,,0.1838588228189459,0.1333333333333333,False,2
-0.37464038950329437,-0.8783809598943968,-0.29680206846957546,0.91299413836901822,-0.40526353073759697,0.046937979908712804,-0.16151248204592128,-0.25339368569302451,0.95378475464554935,-7.6037262096327698,5.7640551936604414,-5.4956046688588982,,0.09328898754210255,0.5038759689922481,False,5
-0.94053114109176716,0.27215014828491685,-0.20331126241582673,-0.24980957533784659,-0.95966819876815224,-0.12896559363883017,-0.23020935842433549,-0.070507056821206865,0.97058353902807748,-2.2896595921720282,-13.132530322003603,-2.3717131193090233,,0.408648474314258,0.4558823529411765,False,5
-0.64624777307174097,0.73171796859398153,-0.21668555613264387,-0.75390546542911241,-0.65617035091150122,0.032665268723688079,-0.1182808733309372,0.1844702822174204,0.9756948037079507,-24.19773933377866,2.64029675101547,-10.56689982944385,0.1450782158279554,0.1656650363497099,0.4565217391304348,True,4
-0.55836458079323281,-0.72595059051103783,-0.40152800033406622,0.80357602674502249,-0.593548702013174,-0.04433404537327907,-0.20614209700175515,-0.3474128357950419,0.9147730633160156,-4.7473039042718685,15.986188110853201,-5.500582504251982,,0.4613181160306803,0.25,True,3
-0.10517979815554369,-0.91510604856288968,-0.38925329792254076,0.98703169770656063,-0.14379675846782336,0.071350683084692126,-0.12126680412406687,-0.37670069304125481,0.91836319072563777,6.8718518046034305,13.279900580895449,-1.7926504278062489,,0.212780476652858,0.1666666666666667,False,3
-0.72814767041131334,0.64900048997269921,-0.22045256653024414,-0.67145902505517185,-0.73999943477954566,0.039288855899717326,-0.1376362878986977,0.17663295428981335,0.97460610079781318,-9.1635833390181478,14.452715971228553,-6.9802604869630356,0.09727596798288163,0.1171673124670096,0.38,True,5
0.50939085401442674,0.83192529990804109,-0.22004829746982676,-0.83941406557401865,0.53667476000544057,0.085815083112470297,0.1894861059892004,0.14099821752780806,0.97170701257685232,10.423338971520495,9.3449366597243166,-0.46202001850848023,,0.2342908687146721,0.6949152542372882,True,5
-0.95219101471200818,0.17589364345158393,-0.2497873049116846,-0.19219555577861194,-0.9804469124684646,0.042245948563204586,-0.23747239806062992,0.088234222523811939,0.96737871701570521,10.296801312079118,1.0846827900403968,0.21221112158142447,,0.06963077300319931,0.3333333333333333,False,2
-0.93114357285457017,0.30444709155209199,-0.20070778554181187,-0.29996038603378061,-0.95246912803365402,-0.053163210524533898,-0.20735335430634116,0.010701803038873067,0.97820757401976077,-15.890180069611624,-12.723229829206652,-6.4172430674646259,,0.4388972731197655,0.7352941176470589,False,2
-0.96818189508666153,0.053309837375832017,-0.24450333180830644,-0.037341310308031603,-0.99688353218710113,-0.069489925878846504,-0.24744584169243936,-0.05814881334241162,0.96715524655351426,-3.2541056130536639,10.438665084297716,-4.595845855288589,,0.3170983470871235,0.2093023255813954,False,3
-0.40392864679519863,-0.8718587041445639,-0.27695495717817015,0.89937903027218469,-0.43382477826875487,0.053976121264227503,-0.16720947402843139,-0.22728497919446414,0.95936569150022644,-12.762642740194766,2.2409707749283028,-6.8382140199599979,,0.0754535916790846,0.3142857142857143,False,3
0.72001424443803219,-0.61481017183940145,-0.32185080458053117,0.67979406963437938,0.71810199319154988,0.14902868939989822,0.13949735014063136,-0.32609504745875662,0.93498797282457757,6.3028367746913538,-4.0886666659666711,-0.58072720064625161,,0.09294601841416242,0.3404255319148936,False,5
-0.95447999272868123,0.066571306132808608,-0.29075110434945722,-0.019578763953533113,-0.98665642194603898,-0.16163470244564251,-0.29763167755248932,-0.14858454237373228,0.9430471983336145,1.270943533269659,9.7398553484031662,-3.2306271631523873,0.9701576314994884,0.3499983280543202,0.5,True,2
0.039353780500204903,-0.93140208191820173,-0.36185831724416823,0.99492168229060451,0.002950150918596189,0.100608860035239,-0.092639765049219017,-0.36398002473761787,0.92678822582272147,8.821154882377737,-5.047647132362405,0.27368621533350557,,0.2848240853426749,0.2307692307692308,False,4
-0.53881612096892006,-0.78456850928399513,-0.30680521837787472,0.81645802619593366,-0.57606865536779983,0.039258066215424756,-0.20754151209877469,-0.2293407040684759,0.95096233480255632,-28.514712824352873,2.3914454313835685,-12.07996777451568,0.2373795152988089,0.1477904388510972,0.5333333333333333,True,3
