axis_00,axis_01,axis_02,axis_10,axis_11,axis_12,axis_20,axis_21,axis_22,location_x,location_y,location_z,dbh,dbh_approximation,score,reconstructed,number_clusters
0.86575047474300793,0.46735749084737555,-0.17903377120281369,-0.42534235125459668,0.87560708258354025,0.22890199029006358,0.26374229791875925,-0.1220213615658597,0.95684418146851158,-4.6413096901210462,-14.165197468886731,-1.8902423923452092,,0.09010972448955375,0.3478260869565217,False,5
-0.96710273881088038,-0.084433752352025881,-0.23996506839173795,0.060598745496924497,-0.99262018187325018,0.10503792925469674,-0.24706291633649452,0.087040886953617724,0.96508227595870522,-8.5392780068296972,4.3860225095142642,-5.6821100804155087,,0.1998579793178091,0.7134146341463414,True,5
-0.85995603455892644,0.48059828419492884,-0.17175828321970044,-0.48327586286760194,-0.8749981182270351,-0.028683330851276084,-0.16407333419926268,0.05834022907085358,0.98472146248403647,4.1357607881870404,-10.444754588107941,-0.41925541198273636,,0.2837831366041214,0.2173913043478261,False,3
0.21096115068063956,0.97551575012274894,-0.062164412375166567,-0.96012225375153493,0.21872889579865024,0.17413479834247697,0.1834683917043273,0.022949758280914667,0.98275768012276266,-12.07437694060402,10.263354319856337,-7.4513976628255518,,0.3996573904599782,0.3333333333333333,False,3
0.50396846034171117,0.84245038336902311,-0.19050759182297688,-0.82325486997682928,0.53524850229840104,0.18910436231549846,0.26127994572917007,0.06153366841578084,0.9632997444259277,-15.690286997069375,9.1968730494890512,-8.074262213034892,,0.1357560681353623,0.24,False,2
-0.85535561235885071,-0.44905679770608364,-0.25829202240907717,0.4472869009009251,-0.89171872522543183,0.069080701826016777,-0.26134499170380115,-0.056442072218216663,0.96359383964150169,9.7662325324419346,4.1426482591003726,-1.5804357926552919,0.6576352343573859,0.595533926317342,0.8852459016393442,True,5
0.70644175367252882,0.68744670628863402,-0.16839558985018108,-0.65910772455009237,0.72567667979167005,0.19740912806893429,0.25790900741633938,-0.028467216573559412,0.96574974060264307,-12.809117216029222,12.406480041053882,-7.9643396705267868,,0.16256670220723,0.3,False,1
0.94045175733490116,-0.18976459733392279,-0.28202817186300827,0.28902980715545945,0.88309398077232582,0.36960356018221097,0.17891971020928407,-0.42910886581656821,0.88535491108156428,-15.373849707456545,0.48738153833936276,-6.6220797568791294,,0.3027439816828425,0.1290322580645161,False,2
0.55302366331778374,-0.76789491526271647,-0.32326804191606046,0.83248492680612929,0.52496305655683251,0.17715144902343019,0.033670082434882981,-0.36708471551424338,0.92957793497084207,6.1211404213975094,9.0363244593204364,-3.1980634755696209,0.2872318194044871,0.1907005130199907,0.3076923076923077,True,5
-0.59918557951912921,0.78608651999003543,-0.15180455983362584,-0.79965305753879223,-0.59688131339675488,0.065480419108506493,-0.039136030268615965,0.16062590328997545,0.98623916487183438,-16.266855856485346,7.6091299914914563,-7.914203130722667,,0.3579553999148794,0.2727272727272727,False,1
-0.90110535557650029,-0.2903855251947734,-0.32200215047217345,0.33852806636048988,-0.9351931258309123,-0.10398348755852928,-0.27093889797807996,-0.20270684289377758,0.94101118452782528,-10.943867365274436,9.5522461471295657,-7.0537983987065012,,0.4658896798498958,0.3478260869565217,False,2
-0.51319730298857302,0.84690118411642135,-0.13923689362901587,-0.85826040238071355,-0.50559974267098695,0.088079406879967778,0.0041964163937788235,0.16470362641191244,0.98633417538693002,0.27673767974446772,12.481714113655077,-5.053911597538427,,0.1401551680750573,0.3157894736842105,False,5
-0.93905411387877658,0.275879848572336,-0.20510407201967004,-0.27905273579463513,-0.96017541991396427,-0.013882854121935934,-0.20076588817046226,0.044198101144126055,0.97864170461021027,1.9883006791575724,-10.493846985544259,-0.93053779468672793,,0.2492658624466056,0.1666666666666667,False,4
-0.91647266116209336,-0.30114357168016898,-0.26342059634390769,0.29977025781553995,-0.95288230385165829,0.046401589795597692,-0.26498236520884505,-0.036439871597813242,0.9635644669072535,-0.93981543898730946,-9.6376687544446416,-1.7336658743501832,,0.09741102488930765,0.3333333333333333,False,5
0.81995499659695692,-0.51490717822387999,-0.25008878697216036,0.558441647472255,0.8155268158308101,0.15185170077853616,0.12576458135802265,-0.26417155500617773,0.95624090040191234,-7.2061426954163688,11.174324071720998,-6.5412136477318024,,0.08331119402386655,0.391304347826087,False,2
-0.67170831954215204,-0.68425530340146656,-0.2839059936401937,0.71168544264677192,-0.70243848058362879,0.009165790747758043,-0.20569823573022455,-0.19589502485344135,0.95880830985924559,-3.7629861014681492,-16.792983514276195,-1.2891451389685185,,0.5221889335465574,0.8080808080808081,True,4
-0.1505086239377332,0.96945122048142196,-0.19367881976987464,-0.98412423728918641,-0.12828354494461516,0.12264916500498539,0.094056577124341678,0.20906377783711,0.97336822276881874,-12.13127330161648,8.6682236284897343,-7.1915508251593394,,0.07404070149927933,0.4,False,2
0.93265461943479033,0.32822886069431345,-0.14973702232332914,-0.28149989532479786,0.92167161804165643,0.26698171740514454,0.22563946857558451,-0.20685077593227816,0.95199768209651658,-5.3509652521007336,-12.196861094776848,-2.3508842350194952,,0.2026919747873741,0.125,False,4
0.075669362050296229,0.99340176740793573,-0.086180485944866908,-0.98495900551870019,0.087930026958415605,0.14874161423995566,0.15533803492550274,0.073629062671505596,0.98511362595164687,26.272102289542634,2.6603477588807261,2.3694835300910499,,0.2513450686845061,0.3529411764705883,False,5
-0.25974692800419047,-0.93239704676459412,-0.25133101793660562,0.94659859652232126,-0.29731908868374041,0.12470948867765605,-0.19100426815743743,-0.2055166822643226,0.95983345579152868,-19.3121173569997,-3.7713203159999722,-6.8182689968183752,,0.0667962044985681,0.103448275862069,False,2
-0.74507995257701043,0.64479103178132458,-0.1705883630328158,-0.6604408889093828,-0.74895480971964601,0.053707776479705774,-0.093132682364598152,0.15268011767150519,0.98387757629869343,16.055876966383671,1.7890324068972305,0.21953599501049639,0.2337192740894627,0.1886991310475144,0.2,True,5
0.55312852553500713,-0.78196189570596453,-0.28737506486019948,0.83069383516186401,0.54385747521931294,0.11902436251519682,0.063218561068277057,-0.30455646489938343,0.95039400946367902,10.989499658798593,1.624247185944045,-0.90468630460240307,,0.1264066814398787,0.4313725490196079,True,6
0.029011665469851261,-0.93152420694396587,-0.36252030997460294,0.99219016590615638,-0.017179108317702856,0.12354575232084526,-0.12131363462439192,-0.3632733545346058,0.92375076288975011,-5.5725516276473517,6.7821096703594685,-5.486923317652165,0.3702731437067458,0.1676303709481498,0.2040816326530612,True,10
0.96150872083964833,-0.12898620995255411,-0.24261808957985559,0.17958652257221908,0.96328239762913292,0.19958883568047286,0.20796552757541578,-0.23547734510976773,0.94936861085688651,-4.3808098939529074,4.2343499199553873,-4.771537583488759,,0.07155375428652358,0.1625,False,5
0.82170136584103848,-0.50261693355721304,-0.26866909661610872,0.55813451931697711,0.80505096739511151,0.20094476415921253,0.11529407496388826,-0.31507008426338867,0.94203934009174073,-4.8988587215937631,14.852043984657628,-6.6604229650092046,0.3883742505993389,0.3212580452756861,0.7692307692307693,True,5
-0.76388901846543589,0.61157143642097012,-0.20604355273073577,-0.63749164445550688,-0.76476215179398277,0.093505371144388894,-0.10038909660578457,0.20277876944450535,0.97406509019944143,-0.15205966889254086,5.7396512987860087,-4.1140962069867566,,0.07910679190677342,0.2,False,1
0.79812662853103855,-0.48912718288309676,-0.35177902693953111,0.59146100088448672,0.74729831108898181,0.30285164466496872,0.11475090092194819,-0.44977753746535754,0.88573833468423413,-14.661515662320287,8.9731469771902113,-7.8159883669988242,,0.2328672212743352,0.4705882352941176,False,1
-0.62350717148643597,0.7765242688728573,-0.090823273209341832,-0.78058575263687968,-0.62482866569946049,0.016583766175037581,-0.043871287709621093,0.081235450215449229,0.99572893487283642,-21.922045904364303,1.7152693620344688,-8.2463251287795352,,0.1721573421497235,0.5869565217391305,False,2
0.63692657029814659,-0.70026487229619017,-0.32241844344925347,0.7694791178543412,0.60306164867029444,0.21028203701022624,0.04718507427506799,-0.38202847607353302,0.92294518376477241,-1.9479170871651599,10.074651894912094,-5.1402619903349711,0.4524055858587523,0.1977001767026751,0.3823529411764706,True,5
-0.94739955385466024,0.23670113661713651,-0.21542204455474151,-0.25324578867931979,-0.96598503844875516,0.052340003910441954,-0.19570553357577453,0.10414162192568109,0.97511736048052633,-9.8170009982918494,11.304232334395563,-7.1015280693362541,,0.1559412642585606,0.5675675675675675,False,3
-0.83147368151860479,0.55119104394514895,-0.069569749292023114,-0.5402403411650375,-0.83138324340820535,-0.13016249981441216,-0.12958352796471395,-0.070642307824065317,0.98904892377753917,1.4960130793486568,-8.7471678596457458,-1.31139567561111,,0.7734990786336968,0.6842105263157895,False,1
0.91553842729335444,0.34456142452053107,-0.20752545116586057,-0.30545124223627679,0.93125780323358864,0.19864149247543017,0.26170389138399724,-0.11847501276190417,0.95784901972364089,10.675222064463604,-6.8377921963689312,0.47311373014658853,,0.07448918052416914,0.2,False,1
0.94881277828930033,-0.1659405308436146,-0.26873416600476935,0.24710977751542249,0.91992717060732698,0.30441872254294122,0.19670045656077653,-0.35524321387147884,0.91384418222530972,-14.004877310658566,7.0043131747770992,-7.3383577195525023,,0.211799837313601,0.2727272727272727,False,1
-0.39496318349777026,-0.87026464388687741,-0.29435273615469126,0.89352053715385804,-0.43838291630446108,0.097167218631988919,-0.21360040581793732,-0.22463274091913338,0.95074444428646043,-1.6350422919072971,-5.82464234102462,-2.4926718189899164,,0.2652828748168266,0.1823899371069182,False,1
0.029056966246128579,-0.963966583543024,-0.26443168971392383,0.99185247854558878,-0.0050209416687908241,0.12729277649470305,-0.12403367895673811,-0.26597596875873603,0.95596675178967827,5.5442602317739063,4.8634239992396306,-2.6824878053583396,0.2056115942259078,0.134234480526241,0.5806451612903226,True,6
-0.96555160863769829,-0.16528125028975182,-0.20097810666788904,0.1766439705688474,-0.98346755458936741,-0.039855698860781552,-0.19106804735178812,-0.073984304907632553,0.9787846156885126,-5.4547227135750171,-4.4866130287648485,-3.5494143459070653,,0.337339351033512,0.3662239089184061,True,2
-0.73618951377281949,-0.52700178699839817,-0.42461054663236419,0.62490572630994501,-0.77021624448960735,-0.12751380297585807,-0.25984193856262,-0.35921588665428023,0.89635155700160407,-17.484234548424901,-5.7147298626939174,-6.1712749920321119,,0.4663731849810781,0.2272727272727273,False,2
0.25169449655338794,0.9447525694479656,-0.20998205381937399,-0.94957927889197369,0.28298192169124797,0.13498305484366077,0.18694671300596583,0.16542011521394323,0.9683424559415279,3.8861658330731812,-11.765776680752898,-0.27258711471133928,,0.06988213818968594,0.2352941176470588,False,5
-0.96581860846506151,-0.058452473557811302,-0.25254251894995045,0.050487181058018173,-0.99800487176712949,0.037912009678868694,-0.25425471498367064,0.023865964553084797,0.9668427771072835,-4.9558612970865408,12.869196859686694,-6.335797503155689,0.4133185340614807,0.1573298100910424,0.5,True,5
-0.1918650401217897,-0.92282328980950168,-0.33404338365582703,0.9653141095598492,-0.23886071701094908,0.10542403783621844,-0.1770775995538148,-0.30222960419883643,0.93664336333637432,8.4732216749503344,-10.290362991154428,0.49236352816487222,,0.3909058805590374,0.2727272727272727,True,5
-0.97271443297852123,0.035105516609124858,-0.22933432926380792,-0.05798872834767313,-0.99389936775361098,0.093815532635021209,-0.22464180212038448,0.10455452875212749,0.96881598420831538,-0.91519717132473599,-5.2306754366096948,-2.4355391597007245,,0.06657339289574889,0.2991452991452991,False,5
-0.54409165912870905,0.81249833993387055,-0.20931009070580833,-0.83876898954361856,-0.53289953294883396,0.1117348198320126,-0.020756893952282932,0.23635679678744109,0.97144460262324495,-9.7883737297226521,-0.47786783298476332,-5.2567331251031231,,0.08154779507165462,0.4618556701030928,False,5
0.30819699509166665,0.95116810573283517,-0.017141961762880131,-0.92608306900684212,0.30409462983441626,0.22337548075995345,0.21768041141852473,-0.05296877138920808,0.97458172963696699,-2.7678017805499904,8.5392834875154833,-5.1148033422681323,,0.4965291421124547,0.5294117647058824,False,3
-0.80486374210936174,0.56755390103782732,-0.17342700497459901,-0.58167637970314134,-0.81239099302330964,0.040907991273687411,-0.11767304675737023,0.13380375133510064,0.98399675314275947,7.7918076288927987,6.954156496183268,-2.478793845017536,,0.4492655581491154,0.303030303030303,False,1
0.91504039594906783,0.3603606302157018,-0.18122165977585408,-0.30688141034387245,0.91352393768557161,0.26701650746873967,0.26177256114178388,-0.18871733218226128,0.94649928408175843,14.32027080721544,-3.8793541952401558,0.78709031429653464,,0.9102135477746756,0.5,False,1
-0.21805854393157231,0.97228549522429653,-0.084329041230686047,-0.97461921882873681,-0.21246329236780537,0.070545926075820331,0.050673954928593702,0.097571846209225294,0.99393756600664718,-1.9805559806020474,16.17803948421653,-6.2296957704407507,0.3823894028629319,0.3597854727325489,0.6774193548387096,True,5
0.95175455757811944,-0.19173636140358721,-0.23958386808170248,0.23813919741840939,0.95390899499188342,0.18261257329792552,0.19352773646739474,-0.23085665896674384,0.95354717671886513,8.6066208032447893,-14.988562480945724,1.3083524383467957,,0.1234496670319718,0.3125,False,5
-0.050684190436533938,0.9982972137595465,0.028875350036316833,-0.98741061707129796,-0.05442732843018934,0.14851915437017205,0.14983786615763006,-0.020984254093938642,0.98848787293797891,3.4500706799670238,-8.201828110242749,-0.95415067716463697,,0.4732331588255244,0.2115384615384615,False,5
0.25396658452747922,0.96721173424401252,-0.0015604756120070062,-0.94392937259662946,0.24820442191615577,0.21769681782377831,0.21094623365393206,-0.053814738519811667,0.97601519477171261,12.355299677830777,-11.589797849395543,1.5951516236028627,,0.4338355819001666,0.2142857142857143,False,4
-0.48800344863463274,0.86690608503931543,-0.10161925921060402,-0.86859111042481163,-0.49380033086890879,-0.041360804208190105,-0.086035556671049368,0.068081370106386707,0.99396318343927581,-6.3454377295156084,4.7027420133754072,-5.2990625058030174,,0.5638288650592951,0.4757709251101321,True,2
-0.3716874548501708,-0.82937807505913996,-0.41710963129397899,0.90527130941206491,-0.42337721746156609,0.035150932987167621,-0.20574812821109445,-0.36453222127227447,0.90817617640628168,-1.9113120367908634,-11.747297719100814,-1.6558462984030784,,0.4327622555508408,0.1851851851851852,False,2
-0.80481209597613135,-0.5028882727762829,-0.31524732397689564,0.53119604860224823,-0.84723648925360928,-0.0045923007934276922,-0.26477962179870412,-0.17115407205587108,0.94899843809082729,-3.1522446681017486,-10.651916660174541,-2.0263682896742643,,0.1582549759075607,0.2,False,1
0.8640973013058183,-0.40417105263985409,-0.29996935524148782,0.48022792374263612,0.84049750075541874,0.25088860572319971,0.15072158151319404,-0.36084582778783347,0.92036584760315521,16.9316972621431,-2.3122739307748761,1.1283372380241408,,0.2059191080734574,0.5,False,5
0.67086169658591654,0.71764631535348,-0.18689127885870055,-0.69948862879784146,0.69605707007016171,0.16192656788760418,0.24629300078642685,0.022097992327734656,0.96894346403631937,-13.391180640518188,1.0816206091389353,-6.284539976448249,,0.8321078783550624,0.939156626506024,True,5
0.72497646242162195,0.67025203947285383,-0.15865475888579553,-0.64134880625452939,0.740900216291695,0.19934537419967613,0.25115898879100496,-0.042767663969390607,0.96700056322014649,21.978038194283005,-2.374047576448,2.347477625967044,0.2797290219941821,0.2067190287936692,0.2307692307692308,True,4
-0.67812112908196864,-0.68674969422815102,-0.26177584260228631,0.68797236289312758,-0.71844503129631221,0.10261951520489497,-0.25854547411982093,-0.11050608346684668,0.95965756566025973,7.9946407651286249,-6.7341244942375287,-0.1789207927726704,,0.1206940610335984,0.4333333333333333,True,5
0.90967485343615506,0.35127492971869584,-0.2215797481202566,-0.32030586443047415,0.93299174296409959,0.16410533438087682,0.26437816520536983,-0.0783092032390698,0.96123454705431055,12.146594643240668,-1.053166116739978,-0.15202910071261802,,0.2143994767580097,0.7628865979381443,True,5
-0.24213469128539228,-0.89015344292066645,-0.38600212348199625,0.95427983058034116,-0.290362290177618,0.070991164171061716,-0.17527348979147309,-0.351164617379501,0.91976226019391871,8.7778812828105632,-7.5660014798589454,0.1554950771751821,,0.177502065099986,0.2592592592592592,True,5
0.94400837958394213,0.24395796149952131,-0.22210964025970967,-0.21146671542016479,0.96416190725628936,0.16022997492766783,0.25323903242728329,-0.10428964290336826,0.96176590854447586,8.0895541026078082,-13.478835826907625,0.89703932008623699,,0.08205285673871035,0.375,False,5
-0.40935503053425631,-0.86970210323911046,-0.27576568060178269,0.88891150493817228,-0.44827944455351737,0.094243705250496079,-0.2055840348004932,-0.20655215131355184,0.95659365115125661,0.70121565742563763,7.8787116282220824,-4.2693354176036538,,0.3343099109288638,0.3943661971830986,True,2
0.41222901745975021,0.8851427733570798,-0.21584602831163047,-0.88554945621854231,0.44496238345930378,0.1334565018920332,0.21417142142501633,0.13612769034972841,0.96726410776211236,9.3317555093505753,-5.8500317351618349,0.037875528377374561,,0.5958508776535628,0.9150943396226415,True,5
-0.50544763619134869,0.83982065253897331,-0.19805039418691331,-0.86264172072434897,-0.49696051631354843,0.094231135465438209,-0.019285972475157509,0.21847543750816703,0.97565185105718066,-7.6499497159330669,8.7450720794074819,-6.2635360006840264,,0.09000499226933892,0.3137254901960784,False,5
0.34776618852567714,-0.84732244167697746,-0.40137682786739176,0.93682692331141137,0.29686512280945632,0.18500382325293369,-0.037603109940528498,-0.4403586932148531,0.89703412835460694,22.069305090667566,-0.31307099374441677,1.8953630824698562,,0.2231985199481953,0.125,False,5
0.93535257285205387,0.26031838543941849,-0.23947839706591226,-0.22221435050348004,0.95920822318883736,0.17475802412830962,0.27520237442536905,-0.11024483103133952,0.9550443604050608,4.1000783476151135,9.7252629537482456,-3.7807026514003139,,0.1081912668084123,0.4347826086956522,False,5
0.39183275277593166,-0.88010530845629797,-0.26810770201372436,0.91964451925124313,0.36616170139234017,0.14205480155424624,-0.026852412613862314,-0.30222550266400616,0.9528581707034387,-25.378452206140309,-1.11475939973836,-8.6568261637510897,,0.3000652857522956,0.8333333333333334,True,1
-0.0007082210055893946,0.9898380740440289,-0.14219734735857789,-0.99111279203481673,0.018220633150743855,0.13177041394993566,0.1330222984614183,0.14102693253557924,0.98102827299300999,7.3685883375082,-11.287642857023698,0.41018749614038141,,0.103609378578729,0.6153846153846154,True,5
-0.88899444160057817,-0.38367144668891284,-0.24997020582244059,0.37516447216641391,-0.92324995986521585,0.0828319408982639,-0.26256523308955548,-0.020142805279161582,0.96470397831050414,-2.3972779674267786,18.313894484611108,-6.745506538777625,,0.3311358382584724,0.6896551724137931,False,3
0.5725648559121862,0.81158182610505525,-0.1162085423290368,-0.78139200882377191,0.58309851978194238,0.22231204370086682,0.24818544340997517,-0.036483636936162106,0.96802527338665212,16.766998838660502,0.93978272742980229,0.56167464340376116,,0.1300791217620097,0.2222222222222222,False,3
-0.91018352978991823,0.34610163508836522,-0.22755131352801847,-0.37777338858207965,-0.91892981604240365,0.11338103927680709,-0.16986232359878808,0.18916038532799634,0.9671427710758046,-4.4564082670125122,2.8691022106912047,-4.5573564896436407,0.3063632911078608,0.2430970612983393,0.6880616174582799,True,5
0.66518197887563768,-0.67831408720353581,-0.31212647129060755,0.74399080402157636,0.63755365951729248,0.20000753677658833,0.063329444261106718,-0.36526063343500936,0.92874864799483658,6.4787067820555189,-15.438544570316376,0.82675194812676156,,0.138807138397538,0.5263157894736842,True,3
0.44925082200393207,0.88150043534063616,-0.14536396191306139,-0.86539499387750329,0.46978980490231348,0.1743245357991911,0.2219576615045056,0.047481803926522848,0.97389951986605683,6.0973686030689427,2.9234045259709367,-2.2363016961448738,,0.0816658474459089,0.3333333333333333,False,5
-0.59775027255099611,0.77103394464202735,-0.21954787148812252,-0.80068471054194168,-0.58784102937869109,0.11552886428667161,-0.039982570822512623,0.24484603404743177,0.96873722631148385,0.97806266269807329,-5.62045174477357,-1.9446807973842892,,0.1234156083787044,0.5621301775147929,False,5
0.96337104080276847,-0.11552124127021794,-0.24201462880987101,0.19454338846850022,0.9222023049115986,0.33420918422289086,0.18457818870545264,-0.36904979559826911,0.91089688803019375,6.337789224883867,4.4766838359635797,-2.4397065980690442,0.8532397728661141,0.4491733012318924,0.2941176470588235,True,3
-0.84051505227267009,-0.46812436996210177,-0.27275267395692937,0.47387945339373022,-0.87924042011587289,0.048729326752191771,-0.26262656102216558,-0.08829415542405751,0.96084932823186298,20.107089842990234,8.7283783790478395,-0.16739036392405107,0.2914930596664878,0.2426403656019974,0.3076923076923077,True,5
-0.92427633280197552,0.33388585457740377,-0.1850229627242215,-0.3368837966300719,-0.94141121130024585,-0.015944867710713656,-0.1795064572382849,0.04759377429160902,0.98260483637036877,-15.046083055098908,-0.66788859245341414,-6.3088539418101677,,0.07981362437233341,0.2307692307692308,False,4
0.20103896145591374,0.96663207513563543,-0.15876324289866847,-0.96818034687190158,0.22072889690868316,0.11792188092325734,0.14903070793541418,0.13000455910640135,0.98024928600015726,3.9081255813955944,-9.3101386537252608,-0.68184220486372482,,0.1397152347103081,0.2352941176470588,False,5
-0.8910056168853876,0.42019877244407622,-0.17187781216661366,-0.42553484369254463,-0.90491972861475389,-0.0063546492713360964,-0.15820583896383775,0.067477969740439542,0.98509777997793524,1.5555522364892054,6.0270139213007177,-3.7892066183164008,0.5329948700083408,0.2877913883983116,0.4130434782608696,True,5
-0.96510011944593244,-0.089746022601814524,-0.24602319173728504,0.072003403240831237,-0.99417423373917801,0.080206626227861871,-0.25178814381774328,0.059692917471608681,0.96593969078640873,4.5265062380309571,0.64137735425965881,-2.1713307285130878,,0.1254004753978674,0.4225352112676056,True,5
0.91983733596797002,-0.27470648001143894,-0.28006360920168283,0.36045119140067244,0.87358866521711542,0.32698284759603868,0.15483608745116142,-0.40172029304467988,0.90257774855073469,5.3260593457042082,-11.330236569450671,-0.038938914696636955,,0.2257026155335703,0.5555555555555556,False,4
0.96852794296576339,-0.058435072068793115,-0.24194827142763706,0.11608338472263632,0.96590795070314162,0.23140112048085054,0.22017781787873847,-0.25220462549440231,0.94229218154104677,-12.24910046616894,5.318153269078242,-6.6609420191650042,,0.0851792569294787,0.3783783783783784,False,4
-0.69427927127988465,0.71272978393540198,-0.099962735869257913,-0.71719650483255293,-0.69674073599050401,0.013472945757325105,-0.060045540442579454,0.081046911741320685,0.99489996038302908,19.759460910980241,-5.4791709903379138,2.3165687985642247,0.7679438653852613,0.3646768220769437,0.3513513513513514,True,5
0.14977223752948474,0.96643247780919717,-0.2087499525772088,-0.97483297849554562,0.17960227570569046,0.13207454939858623,0.16513310056713065,0.18371523724751965,0.9690096855553989,-2.7934704410111033,-3.4250829183415554,-3.1315032880503919,,0.3117445888740941,0.9309188464118041,True,5
0.26871229145452635,-0.85079131588473877,-0.45160584721233565,0.96121583271443145,0.20662076578410929,0.1826799991402708,-0.062111410870779718,-0.48317905165880493,0.8733156226002935,-4.0865675016363019,-2.9403695915784627,-3.5958159737797839,,0.2585890586148084,0.1923847695390782,False,1
0.27168007800418736,-0.86579063383359234,-0.4202338796214149,0.96088410683392722,0.21963048683239528,0.16871331449453292,-0.053774235927670375,-0.44963210252359903,0.89159368769109371,1.5669064411553899,-11.622168117785501,-0.85245984566229693,,0.1260136418458594,0.3076923076923077,False,3
0.83638999094951916,0.52311657859994487,-0.16370958503811078,-0.47857881568081395,0.84253495812098333,0.24717840020038553,0.26723416739072192,-0.12838960058338061,0.95504031864682415,-1.4816623030989557,-2.8598788818993945,-2.9872534233946073,0.4522164179700967,0.4332119005585178,0.7317497103128621,True,5
-0.83040886467428454,-0.48395379493112267,-0.27606130087741471,0.49168985117104241,-0.86958560332527168,0.045408906007758112,-0.2620347452643712,-0.098028581858496611,0.96006676299778648,-7.4304320067660967,-15.256573405149533,-2.3388290593435186,,0.1038840803679073,0.36,False,3
-0.74117194160090238,0.64782495054532596,-0.17603120869463698,-0.66530268535700054,-0.743847593808315,0.063742403801110709,-0.089646471432580324,0.16435811703875863,0.98231864459713958,2.7805295582530816,4.8943943370880199,-3.2902630823019812,,0.0863358168998858,0.4705882352941176,False,2
0.91150624846677719,-0.32694659441727514,-0.2495241138747244,0.37360019528084998,0.91189443198229614,0.16991597631121935,0.17198620029563813,-0.24810173179288761,0.9533447842146292,-1.1916995317232739,8.1717610298784553,-4.6548521044507147,,0.09473099298819465,0.2083333333333333,False,3
-0.57408834325259994,-0.76978204023420771,-0.27903079520788621,0.78230215476359877,-0.61627255203482267,0.090617218345725017,-0.24171452747759098,-0.16626410358627347,0.95599703716326312,-16.835644897429002,4.2057618483449675,-7.508617891718993,,0.09484554676262441,0.2857142857142857,False,3
0.78574196820999298,-0.56662736341146869,-0.24807859727685727,0.60878133146019275,0.77941912041147121,0.14795649766929134,0.10952100190849402,-0.26728124844510853,0.95737447447202362,-12.941527390531007,4.8010533709784342,-6.7755474737301933,,0.06346482320229836,0.2790697674418605,False,2
0.72676022632168935,0.67143105004306225,-0.1449134861733675,-0.63753681951269048,0.7378843092997075,0.22152550610468619,0.25566849082843823,-0.06860824387320355,0.96432698379239845,-10.875291531200968,4.6090839782572282,-6.28360156016356,,0.09814519046016182,0.25,False,4
0.6336551615804793,0.74312130014538813,-0.21506247806775766,-0.72214094211829549,0.66788834022112731,0.18010448276810981,0.27747719891716771,0.041181285396350437,0.95984920993569989,-16.844179653739484,14.998865532106516,-9.2826561227472855,,0.2803154827094804,0.825,True,2
-0.45645125736883924,0.87787743597631673,-0.14485667761637289,-0.8897336711480347,-0.4494164516055717,0.079992796248770745,0.0051228968217243015,0.16539667599412367,0.98621381834683752,-0.07841685696158418,-8.7216752287481327,-1.6922979896985244,,0.115716140443618,0.2121212121212121,False,5
0.13294018943569913,-0.93860465224284573,-0.31835234068699481,0.9825415739645722,0.082626633666303545,0.16668801648647719,-0.130149765516585,-0.33495394638227871,0.9332024926771878,19.893962606095073,4.4379300990799226,0.58714707095313001,,0.1517303447240398,0.1666666666666667,False,5
0.34078082718366265,0.93833198461020695,-0.058322504074246551,-0.91976046700950154,0.34559810755570136,0.18601782543719508,0.19470262235132754,-0.009748574838900903,0.98081387334097592,-18.817142909417903,0.2268839224096233,-7.3744322723599653,,0.2600740743411243,0.2,False,4
0.30208420138288222,0.94461095050612642,-0.12827816438809639,-0.9334632477747089,0.32040957603717779,0.16119574633832254,0.19336881943260467,0.071048263649360677,0.97855027663562211,-9.6366205250346848,2.0985868696203185,-5.5723006968470079,,0.6231144250587404,0.5674418604651162,False,5
-0.78473484400042426,0.61053256395925404,-0.10696360575901141,-0.61016497874983278,-0.7912653932178364,-0.039972192872530843,-0.10904092497244187,0.033897873696772413,0.99345911382401253,-6.2662246339101957,-16.577952093164178,-1.9033810117906791,,0.2036454991686804,0.1818181818181818,False,1
0.94946196035854824,-0.1989261590253445,-0.2427969709191761,0.24525551762602982,0.95291290561625286,0.17834440104466326,0.19588700034992632,-0.22887852141565163,0.95354229351848596,2.9515600839712479,6.678787948079572,-3.5398300471423889,,0.1568001847813048,0.3863636363636364,True,5
-0.95939396632932916,-0.089215955666255009,-0.26758873411531386,0.13185123726686052,-0.98048399400202313,-0.14582999944126712,-0.24935610801036615,-0.17519032724553812,0.95243366206656377,-16.840389053654761,5.1190049277706784,-7.6920949184773519,,0.3888563046384605,0.2285714285714286,False,1
0.62712643298615667,-0.72470323811508119,-0.28551296593250414,0.77728824432117571,0.60595234140358134,0.16924758547058058,0.050352976974193095,-0.3280655065882927,0.9433120380323804,-3.2347156432692685,-15.405776524922691,-1.3860402166299834,,0.3148841380056493,0.4210526315789473,False,3
0.4227562579665497,0.89668542918961469,-0.13127218833079921,-0.85651321575791783,0.44266825300463325,0.26538637684300348,0.29607812749703544,0.00024261257734306541,0.95516369463929418,-15.313051011764912,4.9173159027551687,-7.3340628172679407,,0.2907975513460324,0.3103448275862069,False,2
0.13266386722973894,-0.94415954576022187,-0.30160081313136533,0.98673184325150887,0.097073197300318576,0.13014247530830264,-0.093597905132160514,-0.31486433033251637,0.94451039466970721,23.407082072435582,7.0550252711379953,0.95474179205853493,,0.1686491290976985,0.5416666666666666,False,3
-0.1054769576729537,-0.85033547390616571,-0.51556201684844372,0.98065673873908155,-0.17491013018967916,0.08785674204441335,-0.16488472387000289,-0.49632250419843604,0.85233620107355923,-1.9580328063638699,5.1980108024373806,-4.3992441108753146,0.6960364014432803,0.3412154601546757,0.2,True,2
-0.66419396452320845,0.73280072277815766,-0.14781568992077149,-0.74556671566620425,-0.6637749320317573,0.059439987356545231,-0.054558683833586447,0.14968613931171681,0.98722713177682719,18.675699932553478,-4.8809589174496901,1.9877505167880316,,0.2133935697397693,0.1333333333333333,False,4
0.20626005727080726,0.96947008754001718,-0.13260670473167482,-0.9622344512873513,0.22556591848897706,0.15239710355499791,0.17765598647490585,0.096165304457347944,0.97938275698944832,-11.794815272959971,2.9094112827086969,-6.2083256831112292,,0.1020651122497245,0.3928571428571428,False,4
-0.95789394870755029,0.22656652795309773,-0.17637117519803427,-0.20018930698580203,-0.96735318332939946,-0.15540933070771989,-0.20582377024532855,-0.11355803412244941,0.97197795679132726,-7.0627777683701787,-11.324774153872561,-2.9055047336703788,,0.5882031517370271,0.35,False,3
0.79666746896883578,0.59107835550455856,-0.12628270483648246,-0.54806597281400982,0.79454124523045566,0.2613960578720953,0.2548423695742611,-0.13903448234760216,0.95693509674800414,5.5736620737772178,11.830067701322488,-3.8545030581741933,,0.5084654487949567,0.1666666666666667,False,4
-0.82820657711229129,0.5518170911632132,-0.097835389957374785,-0.55083648262945806,-0.8336905839706189,-0.039232379524240996,-0.10321354093503488,0.021398787323059804,0.99442901047221754,-2.4507593721696099,0.71447586461539236,-3.7502460608425743,,0.5283674891688072,0.2974537037037037,False,4
-0.96871988975221068,0.0099898968614967713,-0.24795559513582544,-0.020715866758771118,-0.99895719568736108,0.040686288216989996,-0.24729057414891001,0.044550231706914821,0.96791665384575487,12.192684187337452,1.8275304807975457,-0.69224391550076658,,0.135791908655352,0.35,False,2
0.38344144690365373,0.91251889970256062,-0.14241458661970219,-0.90172131317057258,0.40323351555132847,0.15588908015013314,0.19967806632269552,0.068643933612115404,0.97745418317580746,10.211750705039998,-8.1072028287266473,0.56080232573206734,,0.1103405843303032,0.1428571428571428,False,3
-0.96231161518912234,-0.14427007420901722,-0.23052657321841527,0.13003193883146233,-0.98860134131800748,0.075888621202164164,-0.23884733650562559,0.043052684375766551,0.97010227100662316,12.563263766660675,2.5203439638106149,-0.70042754125732465,,0.09794487199721998,0.1363636363636364,False,3
0.042561197385719625,-0.902211193591826,-0.42918935988058715,0.99108975313962488,-0.016141344904277335,0.13221406205967765,-0.12621270022756409,-0.43099236552669407,0.89348527417018653,13.208926583644592,7.3876845463422844,-1.3597328157152464,0.2223249411149355,0.3522341221708286,0.3076923076923077,True,5
-0.25319481044514641,0.95724216726321698,-0.13992791421609302,-0.96589246918450766,-0.2420253564762439,0.092062287584016522,0.054259800371006382,0.15846501202400165,0.98587256480131957,4.882054846885441,6.0820780755049437,-3.0089462685791206,,0.1312230519632879,0.2380952380952381,True,4
0.93311501784059547,0.30796366721361662,-0.18561988890387465,-0.25206026952229504,0.92836315685621473,0.27314367926113842,0.25644099517958097,-0.20808706992099391,0.94389500863337661,-9.2407141018237695,5.0798217305108331,-5.9493559345557774,,0.5067567134726362,0.8095238095238095,True,3
-0.2858502943952862,0.93828058853226737,-0.19472839129842029,-0.95655648128865411,-0.2672225988902161,0.11658379281455682,0.057352482934891535,0.21959421628517722,0.97390403678971482,-20.24017334945674,1.0791247477726946,-7.8085228638448214,,0.06643481670938942,0.2916666666666667,False,1
0.97996155120418837,0.039657356303163985,-0.19519900679184934,0.035248552798073617,0.92998695030528211,0.36589863594651717,0.19604310160554478,-0.36544707736267984,0.90995359000333276,-8.6678650376672906,5.8341427913628561,-5.9241391755533135,,0.5075415278031636,0.1219512195121951,True,4
-0.96720725425159471,0.13781408946967111,-0.21334808193826735,-0.13330963662255901,-0.99044098172311779,-0.035428837222087534,-0.21619127666641272,-0.0058256730935915303,0.9763336486193408,17.001650481542445,-4.1130013695596919,1.4285828646487195,,0.315052347502199,0.225,False,1
-0.71811588547213456,-0.54611198202363997,-0.4313598012364892,0.64593637455076924,-0.75372409627683024,-0.12110403264913769,-0.2589899130560499,-0.36559771577772004,0.89401484056660541,-13.375966744568071,5.5200583254004352,-6.9536788957101789,,0.280057973443572,0.25,False,1
-0.97279123047522564,0.057444225979035139,-0.2244490650730504,-0.055930139201344341,-0.99834869837179663,-0.01310328158355864,-0.22483113983479938,-0.00019328996178602682,0.97439772228776067,-12.292790464216012,-0.17385847112121255,-5.8767291452013968,,0.1333790107588692,0.2824427480916031,False,4
0.72141092360726056,-0.62079779982918959,-0.30688168897370927,0.69029891172032665,0.680008056891233,0.24713651094231762,0.055260218764058441,-0.39012707454142059,0.91910128600274599,16.136406560154544,-0.88363482795619042,0.67265041020694361,1.089639183690781,0.7652213118021631,0.5918367346938775,True,2
-0.50510865450493136,0.86105909099854139,-0.058672727505920841,-0.8630185258051446,-0.50454983983918589,0.025069567913448179,-0.0080169359067606555,0.063298506514908648,0.99796243807652862,19.95321686054108,-6.9639904240718185,2.6334311145810472,,0.3713535162369278,0.1428571428571428,False,1
-0.87340304495672993,0.44139558717083738,-0.20575970617791839,-0.46335967948591633,-0.88322773087695239,0.072156654832784273,-0.14988304936523114,0.15836259355056226,0.97593870733613097,-9.0977408225724385,-10.054645685478944,-3.5174176573693825,,0.08490551316724118,0.1176470588235294,False,1
0.35350661492444035,0.93491378794738333,-0.031133299062905628,-0.91244929381879369,0.35196251007330315,0.20870715778929644,0.20608095354556635,-0.045371804116397713,0.97748250111036528,12.646260756780302,-8.6436406440412945,1.1941501044534699,,0.5985879245525301,0.4347826086956522,False,1
0.91425703630900967,0.37057486697869418,-0.16373252432913096,-0.30911741121301539,0.89930909537561032,0.30933731921587682,0.26187878425796518,-0.23220124663408853,0.93675081180490349,2.9441841369449007,-4.9844648566933039,-1.611192112795202,,0.7312231459986445,0.3641618497109826,False,1
0.82174999698483731,-0.4348457394836811,-0.36828810095943998,0.55163200042783767,0.76912828326015847,0.32271321632877614,0.14293032764043412,-0.46834908641116435,0.87190598959889387,5.6132912411190512,-7.8124156313926942,-0.54000083619418171,,0.4904631382365922,0.21875,False,3
0.49035622411789248,0.86979020754182945,-0.054916011628521,-0.84071276074127899,0.48868755882911874,0.23320918457988071,0.22967983671976888,-0.068186983435088888,0.97087471276905901,7.3202228656798152,14.509937016710373,-3.9499728071380011,,0.2482355096287928,0.25,False,1
0.81981416343303226,0.5499568826076956,-0.1595373458066266,-0.50749670523397694,0.8268461238344178,0.24243057083762531,0.26523919697370474,-0.1177833382632037,0.95696146924331327,4.2239109126198038,-14.577890669306242,0.22944967965057819,,0.16523172385094,0.125,False,2
-0.97164366518580636,-0.026364941077739838,-0.23497548337275337,0.010168572531638402,-0.99750392964401446,0.069874963165767606,-0.23623121732099805,0.065504200069277124,0.96948646805219663,29.119323120439706,-14.254655040788526,5.8756090549713251,,0.07005820647596603,0.3333333333333333,False,1
0.39785334413729212,-0.8075814655373682,-0.43534456822072576,0.91533392363309785,0.31719914019633144,0.24808972914078159,-0.062261744315523782,-0.49718898014660873,0.86540545018827097,25.057812461249412,-8.7631633874839743,4.1341536996465349,,0.3419610257260614,0.2916666666666667,False,3
-0.29699914538353028,-0.8668332959022772,-0.40048913188331114,0.9370502855109607,-0.34524700273929604,0.052357134407451697,-0.18365257979478572,-0.35972843120154974,0.91480445217543205,3.2480472480502822,10.462349569128797,-4.1192899503608471,,0.1914596231600842,0.1818181818181818,False,3
0.49502541473932177,0.86887473274855465,-0.0025568639564070017,-0.83687554747034532,0.47758164084758192,0.26749783993808623,0.23364322547074509,-0.1302784522338985,0.96355506748455644,21.956050015419802,-9.5922732453566404,3.5069520990651339,,0.3140256013548084,0.1764705882352941,False,2
0.71939842512457053,-0.59197665663709753,-0.36335869870563176,0.69050641501243315,0.66619611053417205,0.28175101266156499,0.075278129326940182,-0.45359274719279191,0.88802411168792672,-6.1111028350091656,7.8661023993749097,-5.7480009331390436,1.010519931028144,0.4983368771845515,0.5166666666666667,True,3
-0.926669296141299,-0.27395876434690791,-0.2573530862968329,0.27153338053300274,-0.96134590128236119,0.045647358564588875,-0.2599108286418812,-0.027579947881023498,0.9652386790994083,20.511589492306477,-4.4614152806993026,2.3253860316442179,,0.1343368184367337,0.25,False,1
-0.93588938837999047,-0.23726999835309148,-0.26041121442682158,0.23856143818072434,-0.97074864590287679,0.027120226600751723,-0.25922864990365646,-0.036742541545947249,0.96511682852899883,3.8923323913813599,7.1037594086684841,-3.4436339763448558,,0.1572744778264767,0.2068965517241379,False,2
-0.50975954278462488,-0.73751018283523562,-0.44297171326660012,0.81278232289183094,-0.5816299909574818,0.033037088451596225,-0.28201082272595357,-0.34319860698018045,0.89592667782151336,2.9629614744083437,-13.327750153420951,-0.27137066286833389,,0.2950549262051707,0.2,False,2
-0.92718623505320386,0.33553183095007744,-0.16656553048921074,-0.32873735833604584,-0.9419951509607295,-0.067652677705388783,-0.17960354885720281,-0.0079703190500620413,0.98370678520183918,9.6404222443268068,20.294809859643316,-4.5467929664773683,,0.3591253903283323,0.2307692307692308,False,3
0.18700274531360106,0.97425721965860834,-0.12590807435687024,-0.96785330141722059,0.20466645768237041,0.14619038284216038,0.16819619550085985,0.094522542511451424,0.98121125593635949,11.866473393965798,-10.438450656793687,1.3187803577598614,,0.1626966889543417,0.3870967741935484,True,3
