axis_00,axis_01,axis_02,axis_10,axis_11,axis_12,axis_20,axis_21,axis_22,location_x,location_y,location_z,dbh,dbh_approximation,score,reconstructed,number_clusters
0.21159549358258051,0.97655820465733489,-0.039514807502863486,-0.96264355826575065,0.21522861083457495,0.16429858431427435,0.16895184765192633,0.0032738348558445929,0.98561886912758434,-14.072560059540738,-8.1688297317147196,-3.2189074908426067,,0.1673265061111453,0.1944444444444444,False,3
0.93736518399117619,-0.2228807417238079,-0.26771381512696574,0.29354781323403867,0.91917578298487435,0.26257486802749869,0.18755317429119669,-0.32471534448311729,0.92702953128285392,-1.8278578259680387,-5.0261038224851147,-0.73842432958165083,,0.08168646168447566,0.3269230769230769,False,5
-0.76147767259438515,-0.59176520505490493,-0.26451029512396118,0.59703441186321926,-0.7992195741398026,0.069267476949377071,-0.25239188812514973,-0.10517611134720398,0.96189205236892494,-18.173311761852933,17.980389067259082,-8.358587148191436,,0.1481567164728248,0.1904761904761905,False,4
-0.80113879362775076,0.57933624404989315,-0.15015375344903481,-0.5839256661310358,-0.81164822260847602,-0.016061729979238104,-0.13117716942401597,0.074810955525661471,0.98853218013134947,-5.7064194426351706,-6.169789458645365,-1.5275412674958815,0.2677480289385628,0.1452508829270942,0.2413793103448276,True,5
-0.46389693252832609,-0.84550795777122389,-0.26441620475368743,0.85313630133879181,-0.50679139537920159,0.12377775610976027,-0.238658935153862,-0.16816294156304462,0.95643250559361914,2.1360532820147755,-7.2253638795294792,0.56016083956198071,,0.1513295233660871,0.3064516129032258,False,4
-0.97184909901405481,0.11501110987501645,-0.2056253227374692,-0.078785318330756193,-0.98115683088343508,-0.17642036964675137,-0.2220409925241123,-0.15525372078018584,0.96259756898862792,2.6052597959499457,-4.2246863283018072,0.08548055837640485,,0.1061484541236326,0.4102564102564102,False,4
-0.76273799341986082,-0.59573375635709658,-0.25165858803249297,0.5957151625027528,-0.79867249834519749,0.08512159274449102,-0.25170259942671064,-0.084991363818354274,0.96406549026408628,3.4808014664468749,-9.0074720137347128,1.1304148337571329,0.2387102219390894,0.1803053597940882,0.6565656565656566,True,4
0.86482721464432499,-0.37439731701413537,-0.33451537755857497,0.47768680756675763,0.81869990116246938,0.31866249498998522,0.15456132338725065,-0.43538158074174427,0.88687861427796422,-8.2173826872841875,-12.920866944780778,-0.98613886297554265,0.5163993832960259,0.1947695945733236,0.1739130434782609,True,5
-0.77072568293825372,-0.58549437987939379,-0.25135284519775619,0.58326120836455375,-0.80710471343525281,0.091587905138830084,-0.25649226981818252,-0.076015213478903193,0.96355249096417872,-1.3924297806035451,-7.0874509419365364,-0.31149768329001848,,0.09044372537360838,0.3260869565217391,False,5
-0.36357592263273936,0.90904399853540174,-0.2035965550016019,-0.93104278095815418,-0.34727378951726456,0.11207254409543975,0.031175126422487168,0.23030398138348923,0.97261924083962836,-12.444211446636432,-0.25938633580391057,-4.1616956170280242,,0.08510890051758274,0.1886792452830189,False,1
-0.32177693441440913,-0.87579181874244394,-0.35978923650196609,0.93093550993915919,-0.36195193231564682,0.048475509561914598,-0.17268086406195382,-0.31934227549256933,0.93177348656744119,2.4596584469145544,-13.261469429629692,1.5718236510548804,0.7148432877337846,0.2532902220604791,0.4375,True,5
0.69839621967064947,0.69720551245397644,-0.16170093924753229,-0.66920767088040334,0.71624389814824074,0.19787817363276283,0.25377906451197174,-0.029985859487439176,0.96679730794320484,4.7830660144512089,20.960722006144486,-3.3643249378081608,0.7457719409423419,0.6011520568480216,0.8529411764705882,True,5
0.91640272928621658,-0.31459344331483158,-0.247461114480825,0.36079300652963586,0.91694849024983693,0.17039328821245092,0.17330448406224314,-0.24543111386265409,0.95379721332789458,-9.9038159017270928,1.4365539179809648,-3.9096437103885857,,0.07174506518408008,0.2538071065989848,False,5
-0.1973509399764983,-0.90240590509803731,-0.38303549304807682,0.96555142728668575,-0.24651850149216978,0.083301078544623167,-0.16959672094422976,-0.35340092086219266,0.91996996765042172,-4.4248311870945631,30.755489105205548,-6.8178393515905329,,0.3794232527775382,0.4166666666666667,False,3
0.18735806695035259,-0.92734889887595606,-0.32391507297774474,0.97912854056325582,0.1498668921336842,0.1372851619682823,-0.078767098480863745,-0.34287597523848345,0.9360725451593821,-1.1901659639251143,1.8173988903066343,-1.8603414938190455,0.3259668404895317,0.2300594186398877,0.727710843373494,True,5
-0.14493934393249847,-0.88519204523011097,-0.44207197337283216,0.97668183518756202,-0.19951544891014378,0.079285424012482592,-0.15838301485661971,-0.42027208889898565,0.89346862949821038,-16.921069568018453,1.3751923845900933,-5.4418421357777831,,0.3789443387257786,0.1714285714285714,False,1
-0.085020763393136897,-0.95767468643807085,-0.27501029934857069,0.98614906871944008,-0.12032932584455784,0.11415282565742441,-0.14241307543841727,-0.26149579020996966,0.95464049130897144,-11.683647751538496,-10.256724878703634,-2.2336650986151496,0.9791640417730727,0.7698607708103701,1.0,True,5
0.78130858059111419,-0.55376415272834245,-0.28792736071404945,0.60646720642291263,0.78258663550227403,0.14055491975316275,0.14749382844134734,-0.28443526695241361,0.94728145209616677,-11.14013973542308,-6.0717255147025746,-2.883078702271991,,0.1406705452078604,0.26,False,5
0.024671206607227901,-0.96538417669879772,-0.25966270996068952,0.99212175383330159,-0.0082683140001206645,0.1250042421453362,-0.12282409020740967,-0.26070102869605472,0.95757465322633839,0.11425766753599076,-2.0674961568067056,-0.81157488087660345,0.1813041350084161,0.1688501160984228,0.7655038759689923,True,5
0.2409393632544668,0.95857888545040915,-0.15190373136688656,-0.95407593993534578,0.26263978207328498,0.14408138571301621,0.17800933703325147,0.1102128179530333,0.97783731299630494,-23.985673555982054,19.195844839177553,-9.8786200041229293,,0.09810696758525637,0.5789473684210527,False,2
0.63758749523597946,0.76924927194238857,-0.041686251148487785,-0.72049654571000266,0.61458521750799044,0.32120046394830959,0.2727029767689807,-0.17475859932135207,0.94609329266440501,9.646314633864451,10.2550487665043,-0.63000266530108218,,0.4387965083455753,0.3125,False,4
0.50158412209590275,-0.81268748518297484,-0.29656773237871997,0.86510562926042422,0.47024950458724396,0.1745212126286606,-0.0023703761746139279,-0.34409948396128853,0.93893020318571463,-23.889925810151031,17.53586011548413,-9.5742665129493023,0.2538078254662798,0.3221218049420899,0.8333333333333334,True,5
0.9517641871361876,-0.19372366692891718,-0.23794132250747571,0.23629126226046307,0.95746154829873253,0.16563158789539767,0.19573290848590011,-0.21386566905655446,0.95705282201905806,-7.2458669014212997,-6.6337553633592021,-1.8560000352029995,,0.08492493083468106,0.3448275862068966,False,5
-0.61023300230192479,0.79020467893780733,-0.056499984835184064,-0.79144386948234402,-0.6112414280543319,-0.00071978393649657635,-0.035103908050149929,0.044277330711074675,0.99840234055450239,1.4615425885083724,31.851912421139254,-5.5277703275410284,,0.4653574555458851,0.3333333333333333,False,4
0.28097580024503421,-0.84939268517176092,-0.44674899670102131,0.95810949942719881,0.22134737347081651,0.1817457767457975,-0.055486816308246652,-0.47910062266112463,0.87600445580013919,2.0186665218707085,7.6762085597358283,-2.2144248085375358,,0.2011249818828857,0.3823529411764706,False,5
0.040249917293259829,-0.95220373979363171,-0.30280023461171046,0.99050982245532859,-0.0018334473217251328,0.1374297278263743,-0.13141626907426113,-0.30545814180332403,0.94309336114122944,5.2252627091470618,-14.971852767968311,2.5241489136029909,,0.1361149620537948,0.5,False,5
-0.95600063904017918,0.20132865997292299,-0.21337654235711304,-0.21347760556833867,-0.97631116893061232,0.035267737978930597,-0.20122149506347103,0.079267093392206889,0.97633326166303136,-15.035767062583364,-6.0641685709400353,-3.7875621933534451,,0.07004043091803014,0.3571428571428572,False,1
0.6493695680148921,-0.69570156898821278,-0.30711315674111178,0.76014008854886383,0.60574908527634874,0.23506401568039048,0.022499109250742944,-0.38609244047793101,0.9221856740856027,-23.11764241967246,26.616516404779667,-10.744247087285917,,0.2891672435134947,0.48,False,4
-0.46474359228183054,-0.81669540787630812,-0.34208479093162225,0.85681159978757238,-0.51225201963666667,0.058921565216971311,-0.22335459677929512,-0.26571879709931706,0.93781994272123037,-8.5904378850661285,-4.1215952807605944,-2.541165492992798,,0.162798573225,0.3657142857142857,False,5
-0.24566657572941178,0.96006498847348987,-0.13387737477551598,-0.96875863159304199,-0.23832144259495389,0.068626552539359134,0.033980101285348868,0.1465541125552566,0.9886188571991632,-12.525529848212731,-1.6525770486616418,-3.9234099440067753,0.2276947038714692,0.1260183427450785,0.2857142857142857,True,3
0.35533718232798539,0.92034299750864701,-0.16341436225744183,-0.91319637827057198,0.37911794288977124,0.1494722719856024,0.19951907570134234,0.096116347807364971,0.97516859368801223,-10.257742339120025,-11.416130173726899,-1.7386551721280297,,0.08598292591672985,0.3478260869565217,False,4
-0.64173814302876953,0.74084668311211821,-0.1982885470816699,-0.76469885735555598,-0.63779938595183816,0.091910830909993246,-0.058376479348223945,0.21061371133245663,0.97582480561711249,-2.5816695345857701,-10.040288963322162,-0.12346564840681597,,0.07612913336104236,0.3111111111111111,False,5
-0.79009692106666507,0.5970494524730896,-0.13884814230863876,-0.60141278656820574,-0.79883668097929916,-0.012752147828614863,-0.11853065204090492,0.073429615439281559,0.99023157700772046,-4.9359574072370371,-16.148864769752098,0.25760860783013467,,0.2061745907578472,0.2727272727272727,False,5
-0.96742656322429033,-0.074980904379950586,-0.24179269787651445,0.086771395151256855,-0.99548506980234985,-0.0384733776021218,-0.23781625207614202,-0.058200857201382641,0.96956489750273123,-10.020598850402795,18.267099879154809,-6.771866908503636,0.6305528011127756,0.4737219948764657,0.5833333333333334,True,5
-0.47184563126807127,-0.82019108584470712,-0.32349386849539474,0.85287993324264721,-0.51761269061177517,0.068358774050270882,-0.22351178878361766,-0.24364664007229658,0.94375780529552622,-6.4488800026068978,-13.200632610640449,-0.5185215814559857,,0.1165371913878868,0.2,True,5
0.33620858090769484,0.91792538332833673,-0.21065797104681416,-0.9205395418811404,0.36754225047581685,0.13236179943031673,0.19892396023931741,0.14941781940818924,0.9685574703062324,3.8506343260113258,9.1134477654379502,-1.9637577263801118,0.4076445649464596,0.3481773865598697,0.9175627240143369,True,5
-0.084689169653806781,0.99447663903405636,-0.061999669022309994,-0.99082307860859098,-0.077472865820295805,0.11075911681745937,0.1053440621959392,0.070810800568258503,0.99191151776907005,-16.682317464483791,-10.640145264808499,-3.4062412534894899,,0.2271011192415185,0.2,False,1
0.91660761065363139,-0.3160773370095406,-0.24479706926513534,0.3628999940863572,0.91471490159652902,0.17776457208728336,0.1677321745639879,-0.25177721466846503,0.95313910411325942,-1.7323291787327784,-12.52777253957159,0.48882676363767069,,0.07224316804633515,0.3333333333333333,False,5
-0.33053489386737273,-0.88360709560623252,-0.33164014312263607,0.92388821568901314,-0.37471754944954944,0.077571406107504418,-0.19281402658275565,-0.28075836359553452,0.9402114083673424,6.1256528492726288,-7.1860422307518679,1.4945943491457487,0.4322067549416698,0.2706877513890097,0.2658227848101266,True,6
0.2813014784413711,0.93972318605114757,-0.19439601802654943,-0.94132927921143783,0.30958128518392813,0.13438234989440076,0.18646357908710365,0.14518870982878504,0.97167462260382176,2.6531524351599893,21.397952428840792,-3.9123146559499098,,0.08994365843542546,0.4761904761904762,False,1
0.93999380739699845,-0.19579944215591868,-0.27941764530309371,0.28445645814818715,0.90195240803372734,0.32490979834401568,0.18840426076148903,-0.38489535213300685,0.90352609394157801,-1.6935402141115579,31.042873897480504,-6.2929484599416456,,0.1519927314652268,0.6666666666666666,False,1
-0.97394724800340271,0.030843772352226212,-0.22466735368914265,-0.038622428331358732,-0.99879408384706903,0.030309835068552421,-0.2234615540454048,0.038197379218708548,0.97396401067207516,-5.7193033426186766,-9.0569046145661236,-1.0219196246785383,,0.08736945120851501,0.2307692307692308,True,5
-0.19466899479701627,0.97955714218002643,0.050712795908124719,-0.9778077714896023,-0.19788344434021229,0.068804828831933562,0.07743348422521662,-0.036193199087037164,0.99634035743845561,-3.2176514200367263,20.926523587230804,-5.3548352989056829,,0.4141221497779244,0.2142857142857143,False,1
-0.33313666619209326,0.93945818902689426,-0.080238847877605268,-0.94106295959216035,-0.32601046729156047,0.090098175897083049,0.058484764871385625,0.1055248136063075,0.99269534399597747,-22.880615462653516,10.910069641118428,-8.3515611911238672,0.3924770477623404,0.3913731742070015,0.8113207547169812,True,4
0.52744078395178007,-0.80869236589822169,-0.26042825645898871,0.84939468436512644,0.50853590583624186,0.14113788523135828,0.018299988978106183,-0.29564825352646695,0.95512157372250339,-4.5198176725352557,29.048672941740801,-6.7284031095541232,,0.1987511915142569,0.4,False,1
0.75875055377668765,0.63358058636648107,-0.15123900860253017,-0.59664280131623693,0.76916157080109104,0.22892759912319827,0.26137131591106855,-0.083463276848590201,0.96162306369835593,13.767106459890373,30.009072862016588,-2.3124876784373756,,0.3787703096347637,0.35,False,5
-0.97133917005480008,0.079391306344122892,-0.22404739943642704,-0.094489164197346626,-0.99386549190355156,0.057473314264952183,-0.21811009735117523,0.076996132891754346,0.97288210023269317,2.8395762306029395,9.4003270588741223,-2.2410700156989205,,0.07054316212552984,0.3703703703703703,False,5
0.74585822682454761,-0.61084452255089339,-0.26563974617461683,0.65909111621440131,0.73449882047898396,0.16158707634658645,0.096407499736267388,-0.29560184705876591,0.95043418604869712,5.1069751739615823,3.8327701271280827,-0.67652663878228669,0.2087313243536348,0.1156273717993076,0.4736842105263158,True,5
0.4809043533610608,0.8600675143603056,-0.17033752863202326,-0.84959931348210949,0.50511383452249115,0.15179268989221156,0.21659180374406498,0.071720882008456222,0.97362421171354463,-12.283349335751918,-4.6015427333234395,-3.3850523396091541,0.2978817164021006,0.1003187725489064,0.3181818181818182,True,3
-0.63173757911710327,-0.65677589951061932,-0.41176819808392068,0.73575028807405529,-0.67527517052935759,-0.051719992899181777,-0.24408839532064289,-0.3356320334660623,0.90981975873314025,-12.627732655098646,-6.8337596685184998,-3.0562139474660066,,0.5471039181927551,0.1142857142857143,False,1
0.86863761623121583,0.47168535295832836,-0.15159689796538783,-0.41018611364783941,0.85627356900607277,0.31391547778356477,0.27787774980849522,-0.2104958499025083,0.93727021361781693,3.0860663167686897,-6.2514695717473403,0.63640837506764791,0.7140231659355355,0.498932293275386,0.9347826086956522,True,5
0.96904900976312947,0.095326374265445046,-0.22772109925631087,-0.060646427905668161,0.98609615759782876,0.15471386089513947,0.23930321238834404,-0.13611484246841807,0.96135670913580085,3.5908984375342552,-7.3889065580867292,0.89358606183515343,,0.07449778183297509,0.2363636363636364,False,4
0.78676073426893789,-0.52696209120009374,-0.32143195461967772,0.60380011581767568,0.76517139951170521,0.22346845304843341,0.12819113522846942,-0.3698968556331923,0.92018658381956109,-11.020146435057203,-16.626268684961648,-1.1574622140302329,,0.1796062604090865,0.1538461538461539,False,3
-0.89222634124654576,-0.37953051025824908,-0.24472177624583663,0.36853369037305356,-0.92513662977490252,0.091132515101660011,-0.26098864926625154,-0.0088773887967772275,0.9653010498918615,-10.256080755841534,-9.8569690523585827,-1.9991637310024351,0.1690436892690313,0.1232049383414409,0.74,True,5
0.95744567197172337,-0.099225638573435831,-0.27102040121051718,0.19867331073531289,0.90773416875061375,0.36952346946317488,0.20934827638193163,-0.40764316691479824,0.88881963729633517,-3.8814825692593593,-15.132540580462168,0.34757170201579451,0.8507299362121409,0.5844359921976331,0.7428571428571429,True,3
0.36405152124631435,-0.84316491365336588,-0.39565062651556221,0.93086148059043194,0.31523129702456615,0.18473259953023605,-0.031038586166790338,-0.4355481118775768,0.89963017313151772,-10.385198947120223,28.680171567554559,-8.1273474528958243,,0.1194931588365118,0.2142857142857143,False,1
0.95367994402655754,0.21826797079865756,-0.2070112491748686,-0.175121423215538,0.96234450854566045,0.207907513098917,0.24459568984850805,-0.16202512087774645,0.95599205473271842,10.687871613594757,0.94919488482331471,1.1868102091022661,,0.1175510652340174,0.4615384615384616,False,5
-0.93160089014897252,0.32544176765284805,-0.16188711295415881,-0.31232138146402938,-0.94453753973320187,-0.1015095597229668,-0.18594390593413679,-0.044005589437479883,0.98157443525400423,-2.8400617071602237,-2.5405011368881221,-1.4015249284960676,0.6751546763252597,0.5648671243589706,0.2962085308056872,True,4
0.53458551754339745,0.84078096320395945,-0.085473366300154674,-0.82104520092561983,0.54066286249821038,0.18321694013450296,0.20025759029276924,-0.027767625556821302,0.97934971103333135,-18.390568391378125,-7.1393072499688852,-4.3283677450204561,,0.1559887985290311,0.2777777777777778,False,3
0.94668473958107513,-0.20685526218304912,-0.246979562619043,0.25774180600859919,0.94624564594394267,0.19541836906379914,0.19328001779733295,-0.2486565463431672,0.94911156176760925,-22.193741275908778,14.938338621932173,-8.8247462320586045,0.6348575491688049,0.4150620803233632,0.8902439024390244,True,5
0.76620362655701679,-0.53204502088253935,-0.36036106671638857,0.6312801959672053,0.72799816205553347,0.2674023003329834,0.12007213178120132,-0.43237341708049348,0.89366431693989823,6.2463314693362051,20.854014811010771,-2.9911915850579787,,0.2744849307743099,0.6428571428571429,False,5
0.40710012587425887,-0.85375754664534764,-0.32460366458079504,0.91300306933505404,0.37010939569877688,0.17159379534312441,-0.026360631592103181,-0.36621999776309977,0.93015484213138533,-1.2167718894226742,-15.085789486309453,0.96563402942855348,0.408232328140572,0.193961988727445,0.2121212121212121,True,4
-0.93657871287416239,-0.19725595284179065,-0.28967292531310984,0.22612264121830994,-0.97161833833063704,-0.069471978149947378,-0.2677477651063267,-0.1305675828377344,0.95460108977126068,6.4882516540073567,15.101692253387466,-2.2032011963496299,,0.3938574801369979,0.5,False,5
0.75415895103212327,-0.60645014501644601,-0.25191764167612429,0.65249383828080498,0.73531523596731496,0.183202878688942,0.074135467785069631,-0.30253879976602049,0.95024954988277988,12.966408555143445,6.5838073732341424,0.77105897675269586,0.1625744543602636,0.1446524797912269,0.5185185185185185,True,5
-0.42112281753529651,0.90203201391766585,-0.094835744415138923,-0.9065018895318101,-0.41510545156061041,0.077082996568111364,0.03016449612360908,0.11843019020630602,0.99250410237001385,-7.532044737560196,-14.33904147583379,-0.6312183709384942,,0.2005753364374452,0.2105263157894737,False,4
-0.89194878668618194,-0.37199288050422114,-0.25699933615326648,0.37188650455673727,-0.92688000066542198,0.050930266983770428,-0.25715324158489455,-0.050147394953662924,0.96506862404791804,-9.5244146443622721,10.464765157310623,-5.3939334381855213,0.6210363128260591,0.5467401119137676,0.7084309133489461,True,6
-0.4021018708791731,-0.84951518664496184,-0.34152310770289623,0.899935462879632,-0.43539239189606377,0.023444140646352668,-0.16861271626745811,-0.29792182319964355,0.93958093806457632,14.204562482501094,8.3161409498444723,0.81734505358391507,,0.3480241385026824,0.4,False,6
0.91248030158551285,-0.32506152972579927,-0.24842443742662532,0.37309069975663428,0.91031512244640433,0.17924761532721378,0.16787801813673187,-0.25624476528840789,0.95192205105710825,-5.4858604811261813,17.800593030673294,-5.6767396213764796,0.202309083747354,0.1839689547655923,0.5652173913043478,True,5
0.97095785026373094,0.048455485932518437,-0.23429237907853212,-0.0013651552827996629,0.98038213291617926,0.19710152158158847,0.23924671233329198,-0.19105742419955066,0.95197587747586587,-9.0157748538837534,12.17689918120452,-5.6344856832996228,0.4996031148988642,0.3828879518968475,0.8771929824561403,True,5
-0.65649747319921381,-0.68109605225997805,-0.32422096674786738,0.71345836382297323,-0.70020436556468502,0.026287060223683476,-0.24492494926833031,-0.21406077183835226,0.94561607176796414,7.2490505084755261,20.687650837896499,-2.7631168174463334,0.2785914642023511,0.2661766521217546,0.2777777777777778,True,5
-0.085287532313097228,0.97870924888924848,-0.1866929108739436,-0.99163446183755566,-0.065159222059595318,0.11142427866820655,0.096887207246799181,0.19463422597074803,0.97607908857463177,-3.0501303228797125,-6.2944994880614136,-0.86687490194260985,,0.08298635056502224,0.4375,False,5
-0.97357686202421556,0.03639842617852479,-0.22544012132450766,-0.047671181122641661,-0.99785964266070692,0.044761501755621519,-0.22332835068896781,0.054325759274700278,0.97322821560915151,6.114901544094784,-13.790847726320063,2.5357910633793375,0.1860019443704593,0.1147703514629459,0.1785714285714286,True,5
-0.82691154794370392,-0.46711548579388756,-0.31308212150949949,0.49830170242329325,-0.86669837533582461,-0.023007380387394166,-0.26060066239247398,-0.17503442267674968,0.94944733694861749,-12.019343196789174,-16.821488689157558,-1.3425403724277536,,0.1676554469290308,0.6,False,1
0.36047614294295582,-0.84193444001453854,-0.40150136872291503,0.93176933108938276,0.30510680163859139,0.19676319075251869,-0.043160908357130295,-0.44503509784203954,0.89447241303380198,-6.0704716436543746,-13.970418781475134,-0.2908719047288052,,0.2187073579397471,0.2592592592592592,False,5
-0.96835821104962783,-0.044947954192291542,-0.24548331207373839,0.068675382821563685,-0.993664476891847,-0.088964032943451787,-0.23992929559992557,-0.10300771222185051,0.9653099731877548,-1.3903292173446677,24.315156038664153,-5.3107883778803364,,0.3333354970503766,0.1666666666666667,False,1
0.89183526608717711,0.42901284774742576,-0.14344976343953486,-0.36937249776299008,0.87370219749708866,0.31655714805558932,0.26113945710969094,-0.22933043094278338,0.93766397893064746,5.3627510039837238,-3.2816967451145507,0.59725583710538488,,0.1536689371688778,0.4117647058823529,False,3
-0.74938641598849176,-0.60333302812160261,-0.27278060178381663,0.61051245148091438,-0.78907665783632674,0.068063019655438706,-0.256309473329972,-0.11553045155053356,0.95966565461406528,-15.295186051724162,21.458033750570277,-8.2867340514246681,,0.723191279515994,0.28125,False,1
-0.93696152470701055,-0.23357926968015494,-0.25989195061486453,0.23876370257046936,-0.97100471219468454,0.011905596606531732,-0.25513720926896205,-0.050897678448064074,0.96556430690816375,-1.6999613898579158,8.3940603814898278,-3.2006828661165323,0.8016549021295091,0.3928895703505991,0.8465909090909091,True,5
-0.69013003286704422,0.71159156680696856,-0.13174968608742529,-0.71907405514120104,-0.69479212873505258,0.014014316629836654,-0.081566175328502855,0.10440948183482361,0.99118394818785416,1.565073995031997,-15.04152099038784,1.6287029061628127,,0.538429252319957,0.1538461538461539,True,5
0.95223860767443314,-0.13585992277340275,-0.27346611387567066,0.2038127884549234,0.94966581918204918,0.2378974130576339,0.22738069688626811,-0.28227099259628291,0.93199844711363278,5.7357074718423506,-8.5943238821599568,1.6266467467979533,0.462659162846825,0.3775402545009299,0.9090909090909091,True,5
-0.20306760849174121,0.9713966419856479,-0.12309390854324175,-0.97730712253595442,-0.19333447146424046,0.086559634842896901,0.060285442869218685,0.13787801159956511,0.98861282577934029,-20.780966954040405,-1.7173945978460616,-5.8229929374160827,,0.225276356124744,0.6,False,2
-0.90117169097331418,0.36911405753999499,-0.22725403387984047,-0.40100931035172299,-0.90897794255938447,0.11380084776373203,-0.16456341148485568,0.1936850858142409,0.96716336320892393,-0.36823219722606876,1.2468679807891023,-1.5628408890692187,0.186019597817991,0.1664505562520197,0.8220338983050848,True,5
-0.48015765021159529,-0.80964465104816097,-0.3375265470631621,0.84534103626015444,-0.52983295222753257,0.068378177428656442,-0.23419471248917417,-0.25249273605979006,0.93882919366578821,11.54986992681809,3.8598803669756419,0.90446459171833338,0.3576714686627086,0.1795519985503705,0.3396226415094339,True,6
0.91880533863001657,-0.2815802782228829,-0.27660313921013868,0.35910817731742323,0.88719174180533955,0.28971042483170079,0.16382327883648801,-0.36551793415416745,0.91627428924036214,-6.3130365333871152,-11.130205423954516,-0.83724290188705441,0.5363358597694058,0.206982738756266,0.2692307692307692,True,5
-0.33883486840124433,0.91716469701901637,-0.20976141327118913,-0.93998781746801041,-0.32048554328521411,0.1170979058604656,0.040172564857583817,0.23685002657208273,0.9707153186931613,8.0957928750397308,-4.9875576024519939,1.5970334761303935,0.7280707519167321,0.6789009999333175,0.9978902953586498,True,5
-0.33850586655542231,0.91668455675985727,-0.2123751438034775,-0.94046175251758801,-0.32221994617493488,0.10819426204087559,0.030748501737649273,0.23635509236106422,0.97118010685757128,-4.5814402533084886,-8.26180366351144,-0.87874543858562926,,0.08688699448173165,0.3773584905660378,False,5
-0.56573556451865392,-0.78275430832181148,-0.25930477018828663,0.79061367630067281,-0.60424344194804569,0.099095296099818958,-0.23425047680867656,-0.14894816436068842,0.96069826607967113,-14.839388637630488,-3.1107945723844899,-4.2841720437893098,,0.07982374823097725,0.4,False,3
-0.32942495947760436,0.94219063930475011,-0.061286175273745275,-0.94372250058993734,-0.32654608090133608,0.05249284644837536,0.029445508205046919,0.075129596395052289,0.99673893562560423,-15.323778252594735,18.928522949217733,-7.9256081089738446,0.3912420085983113,0.322369228701834,0.3548387096774194,True,4
-0.043367947877966558,-0.93135800980852734,-0.36151276417624911,0.9896417720050662,-0.089614882935501142,0.11215318033443306,-0.13685168687131846,-0.35290427926274109,0.92559720477026008,21.663387309045341,6.820706428078493,2.994557872600403,0.2907803187638792,0.2006340491211075,0.5384615384615384,True,5
0.17384301584686648,0.98415365106520913,0.034931317414094609,-0.96812193815333902,0.16430054206628497,0.1890641286520168,0.1803289181121196,-0.066685253030509317,0.98134324184801347,10.97089588674535,-11.834959398727204,3.4219661307298237,,0.4210376544432892,0.4285714285714285,False,2
0.75247722660521599,0.64477944859245806,-0.13430370848687356,-0.61603966292480183,0.76117148404539259,0.20276366927935982,0.23296599997428263,-0.069838632209825502,0.96997392145719175,-18.010145174996861,-9.7858145099266025,-3.8459429609991749,,0.1776505371706293,0.25,False,3
0.53610651045490298,-0.78847576587055102,-0.30148926362760398,0.8439294362323605,0.50878771791708521,0.17005341736423379,0.019311035922422462,-0.34560240845742396,0.93818231658885498,-2.4921987304678468,-11.374194186818407,0.10771921935634206,,0.09130668502830264,0.4210526315789473,False,4
-0.34733431287340866,0.9177638019981168,-0.19253176060774557,-0.937137223338117,-0.33234697871890667,0.10639224769943617,0.033655604806343803,0.21738235779008303,0.97550613057363345,-3.671164506013993,-8.3237172386675624,-0.68233996259118279,,0.07700753175481895,0.3066666666666666,False,5
0.96578633825342586,0.12012503387466904,-0.22984065149500851,-0.089488126245577768,0.98618476302513236,0.13939687384629362,0.24341040262095598,-0.1140595871186354,0.96319353531999541,2.4030379979791543,-2.491362828553362,-0.23194493701017799,0.7611886521687882,0.5160973572703142,0.9946714031971581,True,5
0.95794922443475805,0.18777626054736191,-0.21696395871133892,-0.14025559156814121,0.96607689723187806,0.21684971217112237,0.25032309609526066,-0.17730060521520252,0.95178928495313853,-7.142524042438521,-11.816428780215871,-0.96310523608151988,0.3842783710508115,0.1429058358557072,0.1842105263157895,True,3
0.8156519944780618,-0.5006927103851283,-0.2898596792780147,0.5651080624656678,0.79684798841688831,0.21374321297355109,0.12395443372569749,-0.3381421197117449,0.93289613850449038,-10.487137130365301,-2.2069684234764595,-3.3544784669398697,,0.07320617191548705,0.2873563218390804,True,4
0.2197731016683831,0.96222297656138922,-0.16070696052255851,-0.96141711641178651,0.24156998544572023,0.13160953765666078,0.16545969918232079,0.12558218627295489,0.97818822444220865,-1.6223270336951991,14.466702644260661,-4.2385947545034259,0.2827261829694426,0.2491830747445005,0.7891891891891892,True,5
0.9609733562219207,-0.14157416671606438,-0.23766986336140314,0.19492234407090112,0.95615410689163871,0.21857402328766395,0.19630458072465171,-0.2563709796230903,0.94643458960121196,-2.3483566502410289,-15.865516323963027,0.8309053400720332,,0.1121640158064908,0.3333333333333333,True,5
-0.94846388570828999,-0.21437507786544613,-0.23336577190606808,0.2203276782062869,-0.97542574494024437,0.0005747381966497711,-0.22775419145069084,-0.05087182027362265,0.9723888554373139,-16.686721947657642,-4.407120349638407,-4.3907816789491729,,0.2051599053311535,0.2380952380952381,False,2
-0.77871801995483592,-0.56944151951549049,-0.2633146430594181,0.5713197436885612,-0.81707097917962124,0.077387114263881743,-0.259214189174235,-0.090174113992563198,0.96160107804452855,9.1472676348528825,-11.321299708012717,2.8839314432957157,0.5336080070331513,0.5766022792272377,0.2833333333333333,True,5
-0.59143012756339319,0.79568558011099244,-0.13074732048413659,-0.80514878923520816,-0.59159987104476108,0.041773433817437408,-0.044111579017607538,0.12997711407495827,0.99053526863676999,-1.7052280237170983,16.167764671982678,-4.4924987046691305,,0.1663372346639066,0.36,False,3
-0.9729347775473195,-0.045820051315085299,-0.22649159263961857,0.06393021379915019,-0.99526033503454747,-0.073278873289064045,-0.22206045663859858,-0.085775220223574644,0.97125267834536977,18.197294588313536,5.3974913762008772,2.2879226870784342,,0.2662053454330575,0.2307692307692308,False,3
0.89030032673118964,0.41429290217617831,-0.18901513015835039,-0.37296568819573617,0.90155148517793027,0.21932057587501999,0.2612698292015731,-0.124765022261487,0.95716861919364715,-5.5431723662413912,-0.82724474709513296,-2.4405089958339623,0.176065426699676,0.1034908611957823,0.5452054794520548,True,5
0.92851218360800447,-0.25069159956542753,-0.27389568598067482,0.31013868034435382,0.92922792398879006,0.20087176066771378,0.20415465668399504,-0.27145752372482118,0.9405486106350005,-3.0821410033164858,21.769913989741614,-5.4350940673646111,,0.2356110243100327,0.2173913043478261,False,2
0.96973638888537028,0.097830536473014498,-0.22369738980364748,-0.053128581192861082,0.97881101438088147,0.19775326037035174,0.23830377657938279,-0.17988380766503903,0.9543862560870896,-2.1307432753745128,-9.3578575301082463,-0.15554059268195883,,0.07231153446296926,0.2727272727272727,False,5
0.80632611796589637,0.55238123264977956,-0.21145487769818994,-0.51979878390751133,0.83236939229331619,0.192276933149887,0.28221873739055392,-0.04512392480230587,0.9582882737861903,-0.76377565343072273,19.202893504708722,-4.6140560699990036,,0.1486584968487789,0.2380952380952381,False,3
0.95733976700614998,-0.1626181089283498,-0.2388638129922121,0.21722014462361511,0.95013346397278986,0.22374496510259939,0.19056751894881477,-0.26608598476363798,0.94492447816429159,-26.692370282578629,13.499299282260639,-9.6000294615486563,0.2542451109799467,0.2950928511566105,0.4444444444444444,True,5
0.39914013298602946,0.91674377810724095,0.016370691541797211,-0.89735657951253522,0.38690880730511668,0.21225631683249213,0.18825069308094966,-0.099410362293847698,0.97707689381294272,30.278722949973496,-11.490783070809346,8.0941209031044856,0.9402302336247379,0.5201293371565846,0.2727272727272727,True,4
0.97210888054715994,0.11338891250920564,-0.20529802454316781,-0.015142255053183236,0.90387736115925832,0.42752359946051999,0.2340406726901369,-0.41249081262951104,0.88038417354186527,-20.201952460718541,-20.154897188950812,-2.7399419837284795,,0.2519055164741131,0.4666666666666667,False,1
0.90371267322953464,-0.35677664818588906,-0.23667240556003025,0.39427931061357729,0.90898272714241468,0.13525615320132958,0.16687489165962441,-0.2155477326857827,0.96212886115509899,-6.9151707882403555,-1.040568050775303,-2.6588025229556176,,0.06775811691790375,0.4025157232704403,False,5
-0.46986436838681539,0.86853722786810594,-0.15770402381564266,-0.88273862231038125,-0.46230553433665017,0.083941155598871595,-1.4244092412935005e-06,0.17865239077294726,0.98391225384638881,-0.10801927277666676,-6.5757200738343728,-0.028193953128384748,,0.07233093362363194,0.2835820895522388,False,5
-0.23782941335784469,0.96613380981476837,-0.10011309442157817,-0.96761321436179504,-0.22668285090286924,0.11108353837982106,0.084627640486410055,0.12328968585955573,0.98875569066698887,-14.32661880766665,-11.145758222262526,-2.7543312631675154,,0.1174865962193037,0.28125,False,3
0.53505207508863406,0.84068490773762872,-0.083475522433357013,-0.7964858093564321,0.53491445325883213,0.28191644717652453,0.28165516582725114,-0.084352911016631366,0.95580068736418289,-19.923511570993817,-9.7833609307572154,-4.3251505063707105,,0.4961027452279713,0.1282051282051282,False,2
-0.95551722064594857,-0.17180605515955075,-0.23972801350605136,0.15684828555590727,-0.9843540090086037,0.08028574136709532,-0.24977080767619075,0.039113480530438741,0.96751469201949614,-4.2512159857204184,-13.656835129033492,0.014363112259996138,,0.07691410830325489,0.3684210526315789,True,5
0.96688893965131695,0.11962307572564621,-0.22542426252266676,-0.081722714807280425,0.98195317341009658,0.17055604097881943,0.24175850815323904,-0.14648646689635586,0.95921558512763072,-15.664523745153803,12.858810917670423,-7.0702085882813019,,0.1059153573060787,0.1891891891891892,False,3
-0.94123066985322001,-0.2117818154365447,-0.26312219362505157,0.21342629319707376,-0.97669627116322077,0.022662993359566175,-0.26179007525079029,-0.034826090022573961,0.96449629338526965,-10.633282076818229,-4.3802994904617165,-3.0004066640892071,0.1175335305924411,0.1509587276463287,0.2222222222222222,True,4
-0.28887367160365446,-0.86832268777230048,-0.40319686476225569,0.93874655457601641,-0.33956856259734297,0.058720503806019578,-0.18790132550326091,-0.36153686007855845,0.91322734884510282,6.5970777500763926,22.045722031089152,-3.0319176203450251,,0.2586829399489493,0.1578947368421053,False,4
0.92030905900218685,-0.30526231994638348,-0.24463473167042496,0.34954651393275965,0.92247230744658915,0.16389654234186826,0.17563732665912485,-0.23634669029863004,0.95566300099403179,-8.755699271172082,0.55234037383962264,-3.4405708088922964,0.3152488313556058,0.2673835633325035,0.8855480116391853,True,5
0.61063567903081939,-0.75058787111348924,-0.25247161272485574,0.79088110515774812,0.59427754821164192,0.14608652640136865,0.040387436153198675,-0.28888067333914647,0.95651283920922447,-7.2038603407785162,-0.060301546235924181,-2.9621679992437175,0.4529852029448151,0.4142962584856978,0.9555674518201285,True,5
0.66636725631776406,-0.70354214954013261,-0.24694761292222997,0.74275589847939461,0.65536037852760165,0.13717306415702776,0.065332648665158435,-0.27482943451641162,0.95927077873861377,-0.26978058195296761,-4.9902698891564352,-0.38836286676601167,0.1801545004604305,0.136720755561194,0.7105263157894737,True,5
0.066893880571339256,0.99469156921750668,0.078191373371506195,-0.9877260669438247,0.054931429320602181,0.14621817517832381,0.1411468222164094,-0.087012758836911758,0.98615736795797404,-18.409021150915379,-2.7183434542528246,-5.1214941954224136,,0.3947931813109491,0.4615384615384616,False,1
-0.89752536544557571,-0.36440994955795042,-0.24830144390429196,0.35443610137005377,-0.93116967532660655,0.085428834697293038,-0.26234189224632243,-0.011332449660714783,0.96490844496112937,-0.78108568628171571,17.244746627500518,-4.3709389741167701,0.3128772003868048,0.2758227712971276,0.8504672897196262,True,5
0.96497797803357732,0.14167790762866139,-0.22078240962584403,-0.098089938283412545,0.97543896776960715,0.19722369067665188,0.24330200557699022,-0.16865998531521292,0.9551743000288937,-3.2626213462177178,-14.453760431307909,0.38044841776475996,,0.07734368345244992,0.2758620689655172,True,4
0.82681442922853132,0.52370936419812497,-0.20519844412346919,-0.4987131170436927,0.85127468203851342,0.16314607751579757,0.26012136880322045,-0.032556375280766575,0.96502691979059108,-6.0687412634728863,12.111319049815691,-4.8946542111064728,0.3790273297362652,0.369401466326829,0.6997518610421837,True,5
-0.17960257550862166,-0.9173558523503651,-0.35524801903628384,0.97257847974352474,-0.2198250818719471,0.075947574811602622,-0.14776337709473902,-0.3318661982464105,0.93168171112833942,6.9049467809079061,-15.94565088041454,3.1129747210942873,,0.152165422419692,0.2307692307692308,False,4
-0.41303914157526772,-0.84156171588205386,-0.34809847153990703,0.88668751679768243,-0.45882420254671025,0.057145417248760808,-0.2078073990066896,-0.2850512752454003,0.93571462284130491,-36.169801799722393,23.494834423389744,-13.016827918755631,,0.2590561790273854,0.2352941176470588,False,2
0.62906898421775126,-0.71552861085329678,-0.3037943714843967,0.776187535236181,0.59953497538296496,0.19516844887566004,0.042486741922987417,-0.35857582230666396,0.93253324681636451,-14.312188931328917,-2.0855439417459567,-4.2675437272768324,,0.1270025467120693,0.1875,False,3
0.63268237236172931,-0.73527716745780547,-0.24306481176418898,0.77259116009383721,0.62080576353653816,0.13305300937849773,0.05306519619857368,-0.27197001852234026,0.96084150304686822,-4.2132819935736121,-12.26936360676849,-0.17801886523492552,,0.07038449371851378,0.2068965517241379,False,5
0.45253449946726049,0.8744249735609575,-0.17490995513359198,-0.86477810954586998,0.47819699099518648,0.1532529251055943,0.2176495992235854,0.081906064586627025,0.97258421154249886,-19.308967090558053,-8.7029147777892337,-4.3231619811266819,,0.1710821537413252,0.25,False,1
-0.8687045603680017,-0.39457322405500878,-0.29944007356176178,0.4235268876159064,-0.90517004586392424,-0.035946676300943642,-0.25686058915727161,-0.15804796401579324,0.95343771627109553,20.653380293720474,22.472979940968045,0.4051225398356465,,0.2861880365808437,0.5454545454545454,False,4
-0.7177223090148408,0.67570311452136611,-0.16822600324721043,-0.68916215506911149,-0.72386710578650493,0.032740451749567745,-0.099650444870570065,0.13943354756439974,0.98520458517543608,7.7558770798192223,19.774807651262485,-2.4416055240420307,,0.153035346799818,0.4210526315789473,False,5
-0.20314135678091597,-0.86114038779144542,-0.46601590281835648,0.96415631966959348,-0.25889229377280065,0.058115156940699617,-0.17069323479972168,-0.43750658593838004,0.88286567882897682,-17.546657432057877,-12.930323568285603,-3.2574517291703562,,0.3372853269762799,0.2,False,1
0.91452683271813406,0.34284987209072537,-0.21469661722046871,-0.31167814195020443,0.93552086284319269,0.16630529461083693,0.25787091357694325,-0.085174411606434824,0.96241774273882319,-19.226565211665811,0.20827549220672825,-5.8128334254951035,,0.1075038586956554,0.1818181818181818,False,1
0.70307359037676731,0.70809755787014583,-0.065462776087311797,-0.66642878750530132,0.68821198915835546,0.28676981912836247,0.24811327594253371,-0.15799400785167569,0.95576027108476802,-5.296689859071904,-17.335170339904963,0.34940910250853513,,0.2299197109130055,0.2580645161290323,False,5
0.95577482920416834,-0.11818097659620311,-0.2693097336349195,0.22099250685745789,0.89280374173704891,0.39250960581007666,0.19405356933743842,-0.43466623461121656,0.87943645405242765,11.187966044005178,14.627801401115013,-0.85201380861891507,,0.4411535754225662,0.1333333333333333,False,3
